2913.9 6911.0 -8.8 156 0 13.2 16.8 10.0 2.5 2 0 4 4 4
1969.0 6564.9 -12.3 261 0 19.8 31.6 17.5 0.0 0 0 5 1 1
-466.0 6041.5 -14.7 212 0 12.2 10.7 7.5 2.5 2 0 3 0 0
970.8 6344.3 -16.7 326 0 8.2 54.0 14.0 3.5 2 1 4 3 3
-20.5 6036.6 -15.5 243 0 10.1 26.6 10.0 2.5 2 0 4 2 2
1503.7 6511.6 -11.6 175 0 26.1 102.9 14.0 0.0 0 1 4 2 2
1559.9 6530.2 -11.8 285 0 19.8 13.3 14.0 3.5 2 0 4 3 3
1597.0 6516.3 -11.8 285 0 29.3 14.0 14.0 3.5 2 0 4 2 2
1693.1 6518.1 -13.7 262 0 7.1 49.9 14.0 3.5 2 1 4 1 1
1343.5 6627.3 -15.6 298 0 40.8 11.6 17.5 3.5 2 0 5 2 2
696.3 6323.4 -15.9 214 0 10.6 25.0 14.0 3.5 2 1 4 0 0
39.5 5991.0 -8.7 64 0 7.6 9.0 5.0 2.5 2 0 2 0 0
122.1 6082.4 -8.6 335 0 7.9 9.1 5.0 2.5 2 0 2 4 4
117.1 6061.2 -9.2 334 0 7.2 7.2 7.5 2.5 2 0 3 1 1
93.3 6075.6 -9.0 242 0 6.7 9.8 5.0 2.5 2 0 2 2 2
24.9 6017.5 -8.4 246 0 10.9 11.3 5.0 2.5 2 0 2 2 2
-4.3 6028.0 -13.0 244 0 7.6 9.0 7.5 2.5 2 0 3 3 3
72.6 6074.7 -10.8 243 0 8.7 16.8 10.0 2.5 2 0 4 4 4
9.5 6002.5 -8.3 246 0 10.9 11.3 7.5 2.5 2 0 3 0 0
98.3 6003.4 -10.1 65 0 7.5 9.0 7.5 2.5 2 0 3 5 5
103.2 6080.6 -8.9 247 0 6.8 11.3 10.0 2.5 2 0 4 3 3
14.4 5974.3 -8.3 66 0 11.0 11.3 7.5 2.5 2 0 3 3 3
88.5 6008.7 -9.7 64 0 7.6 8.9 5.0 2.5 2 0 2 2 2
76.2 6000.6 -9.5 64 0 7.6 9.0 5.0 2.5 2 0 2 0 0
40.7 5980.1 -8.9 64 0 7.6 9.0 7.5 2.5 2 1 3 3 3
-4.7 5996.2 -8.6 246 0 10.9 11.3 5.0 0.0 0 1 2 2 2
72.8 5985.3 -9.7 64 0 7.6 9.0 7.5 2.5 4 1 3 4 4
15.2 6053.8 -15.1 244 0 8.9 18.1 7.5 2.5 2 1 3 1 1
53.4 6001.5 -8.9 64 0 7.6 9.0 7.5 2.5 2 1 3 0 0
73.3 6010.4 -9.3 64 0 7.6 9.0 5.0 2.5 2 1 2 4 4
32.5 6051.7 -13.4 246 0 10.9 11.3 7.5 2.5 4 1 3 2 2
62.5 5993.1 -9.3 64 0 7.6 9.0 5.0 2.5 2 1 2 1 1
66.0 6048.6 -9.0 248 0 9.5 18.1 7.5 2.5 2 1 3 3 3
2.1 6046.7 -15.1 244 0 9.5 17.5 10.0 2.5 4 1 4 4 4
2847.2 6907.4 -9.0 253 0 20.6 8.4 14.0 3.5 2 0 4 3 3
2864.0 6884.2 -9.1 70 0 15.3 16.9 14.0 3.5 2 1 4 3 3
2837.0 6912.7 -8.9 78 0 15.7 18.6 14.0 0.0 0 1 4 1 1
351.9 6171.6 -8.8 250 0 9.3 26.6 14.0 3.5 2 1 4 1 1
247.8 6116.6 -12.6 64 0 11.5 21.6 14.0 0.0 0 1 4 5 5
219.5 6132.0 -13.4 154 0 6.9 6.9 14.0 3.5 2 1 4 5 5
320.7 6136.1 -11.4 71 0 12.3 22.6 14.0 3.5 2 1 4 5 5
340.6 6133.6 -10.2 70 0 13.3 21.6 14.0 3.5 2 1 4 3 3
15.6 6682.1 -13.2 239 0 20.9 18.7 10.0 0.0 0 0 4 3 3
-1275.0 6908.5 -3.9 336 0 51.0 48.5 7.5 0.0 0 0 3 1 1
848.3 6852.9 -12.8 274 0 39.9 8.2 10.5 3.5 2 0 3 2 2
-4156.9 5064.5 -14.8 340 0 18.8 74.0 7.5 0.0 0 1 3 0 0
1409.6 6664.7 -12.6 77 0 11.4 15.0 14.0 3.5 2 1 4 3 3
452.0 6666.9 -10.8 156 0 7.5 15.3 14.0 3.5 2 1 4 5 5
466.5 6655.6 -10.8 66 0 13.1 12.6 14.0 3.5 2 0 4 1 1
461.4 6647.4 -10.9 156 0 10.6 17.5 14.0 3.5 2 1 4 4 4
369.1 6621.1 -11.8 167 0 12.7 24.2 14.0 3.5 2 1 4 4 4
2848.4 6869.6 -8.0 338 0 8.5 12.0 14.0 3.5 2 1 4 5 5
2564.6 6782.9 -9.0 244 0 14.0 17.7 14.0 3.5 2 1 4 5 5
478.6 6677.9 -10.6 336 0 9.3 13.5 14.0 3.5 2 1 4 2 2
719.6 6897.2 -13.0 250 0 18.9 12.1 10.5 3.5 2 0 3 2 2
1610.4 6614.8 -11.6 86 0 38.6 19.6 14.0 0.0 0 0 4 5 5
2571.7 6802.8 -8.8 155 0 13.9 38.7 14.0 3.5 2 1 4 5 5
2627.8 6776.9 -8.4 70 0 14.3 18.6 14.0 0.0 0 1 4 4 4
2577.7 6796.1 -8.7 243 0 9.3 14.8 14.0 3.5 4 1 4 2 2
1545.2 6856.7 -6.8 4 0 64.0 18.1 14.0 3.5 2 0 4 3 3
2469.5 6744.8 -8.1 347 0 18.1 15.9 14.0 3.5 2 0 4 1 1
2521.5 6775.8 -9.1 244 0 22.2 27.8 14.0 0.0 0 1 4 0 0
2372.8 6717.1 -8.6 249 0 20.1 17.3 17.5 3.5 2 0 5 1 1
2505.5 6768.1 -9.1 244 0 13.4 44.2 14.0 3.5 2 1 4 1 1
2538.0 6794.7 -9.1 244 0 23.7 39.9 14.0 0.0 0 1 4 2 2
2540.2 6876.3 -5.6 18 0 12.4 9.9 14.0 3.5 2 0 4 0 0
2390.6 6848.7 -7.1 77 0 21.6 11.4 14.0 3.5 2 0 4 5 5
1723.1 6610.0 -11.7 264 0 12.6 47.0 17.5 3.5 2 1 5 3 3
2437.1 6825.3 -6.7 165 0 19.8 11.9 14.0 0.0 0 0 4 4 4
1662.8 6616.5 -11.6 86 0 13.0 14.3 14.0 3.5 2 1 4 3 3
1692.5 6590.7 -12.0 177 0 19.4 10.9 17.5 3.5 2 0 5 2 2
1721.8 6640.5 -8.7 177 0 11.9 9.1 17.5 3.5 2 0 5 5 5
1638.6 6550.6 -12.2 90 0 32.2 16.3 14.0 3.5 2 0 4 4 4
1934.1 6579.9 -9.3 82 0 55.0 6.1 14.0 3.5 4 0 4 3 3
1716.6 6655.8 -9.0 87 0 12.6 9.6 17.5 3.5 2 0 5 1 1
2133.7 6630.7 -6.2 183 0 14.3 21.7 17.5 3.5 2 1 5 2 2
1639.5 6606.3 -11.9 267 0 13.3 17.4 14.0 3.5 2 1 4 0 0
1744.4 6556.4 -11.8 80 0 30.8 7.2 17.5 3.5 2 0 5 1 1
2707.8 6880.6 -6.5 347 0 17.7 14.9 14.0 3.5 4 0 4 0 0
-932.4 5324.0 -12.2 40 0 19.1 12.9 2.5 2.5 2 0 1 4 4
523.0 6650.1 -9.6 338 0 27.4 9.3 14.0 3.5 2 0 4 0 0
-69.7 6240.0 -14.4 70 0 32.9 101.6 12.5 0.0 0 1 5 1 1
164.4 6537.9 -11.6 151 0 12.6 10.8 14.0 3.5 2 0 4 0 0
-67.0 6320.2 -9.1 68 0 24.0 33.0 7.5 0.0 0 1 3 2 2
34.3 6438.4 -9.2 59 0 21.4 30.8 14.0 0.0 0 1 4 2 2
413.6 6637.6 -11.7 68 0 23.7 11.4 14.0 3.5 2 0 4 1 1
31.0 6405.0 -9.7 328 0 26.2 42.1 14.0 0.0 0 1 4 5 5
-347.4 6164.2 -10.1 63 0 15.0 16.0 7.5 2.5 2 1 3 3 3
-152.1 6299.9 -10.1 154 0 15.4 25.8 15.0 0.0 0 1 6 5 5
-433.1 6099.1 -9.9 144 0 43.9 19.8 12.5 0.0 0 0 5 0 0
306.2 6578.7 -11.5 336 0 18.1 13.0 5.0 2.5 2 0 2 1 1
564.4 6716.2 -12.3 67 0 12.8 18.0 14.0 3.5 2 1 4 0 0
777.6 6830.1 -12.7 158 0 15.6 46.3 10.5 3.5 2 1 3 1 1
487.2 6647.9 -10.6 66 0 8.5 26.2 14.0 0.0 0 1 4 0 0
632.2 6803.1 -12.5 335 0 22.5 9.4 10.5 3.5 2 0 3 3 3
525.4 6681.7 -10.3 339 0 27.1 13.8 14.0 3.5 2 0 4 1 1
357.4 6652.7 -11.5 156 0 13.7 17.3 14.0 3.5 2 1 4 2 2
-381.4 6054.0 -12.1 59 0 8.0 17.5 10.0 2.5 2 1 4 3 3
-450.4 6108.6 -9.7 313 0 8.5 9.7 7.5 2.5 4 1 3 2 2
-461.9 6081.4 -11.3 31 0 21.7 8.5 10.0 2.5 2 0 4 3 3
-150.9 5863.8 -11.0 154 0 9.8 21.8 7.5 2.5 2 1 3 2 2
-477.4 6075.2 -11.5 28 0 27.6 9.2 10.0 0.0 0 0 4 3 3
-414.6 6062.8 -12.6 240 0 6.8 11.1 7.5 2.5 2 1 3 5 5
-3858.0 6696.4 -11.8 347 0 13.2 12.4 3.5 2.5 4 0 1 0 0
-319.7 6237.9 -9.4 337 0 21.3 13.7 10.0 0.0 0 0 4 2 2
-2869.9 3425.5 -4.7 2 0 7.0 7.7 7.5 2.5 2 1 3 0 0
-2881.3 3429.8 -6.9 93 0 11.0 11.9 7.5 0.0 0 1 3 1 1
-2888.6 3423.9 -5.8 1 0 11.7 11.8 5.0 2.5 2 1 2 0 0
-2769.9 3587.5 -14.6 87 0 8.1 18.2 7.5 2.5 2 1 3 2 2
161.7 6494.3 -10.5 250 0 21.3 37.5 14.0 0.0 0 1 4 3 3
149.8 6461.6 -10.2 65 0 15.7 20.4 14.0 3.5 2 1 4 0 0
439.4 6695.8 -10.9 239 0 7.7 8.5 14.0 3.5 2 1 4 4 4
-1240.4 6912.5 -0.8 198 0 7.5 9.2 5.0 2.5 2 1 2 3 3
-1265.1 6912.0 -0.8 152 0 30.9 13.9 10.0 2.5 2 0 4 1 1
-2833.2 4260.6 -10.7 22 0 37.3 29.8 15.0 0.0 0 0 6 1 1
-1211.6 6879.7 -4.3 340 0 10.2 18.3 2.5 2.5 2 1 1 2 2
-1297.8 6820.5 -7.6 77 0 29.0 26.0 12.5 2.5 2 0 5 3 3
-1219.9 6809.0 -8.7 52 0 14.6 12.4 7.5 2.5 2 0 3 0 0
-1710.0 4742.9 -9.2 67 0 16.1 10.6 2.5 2.5 2 0 1 0 0
-1760.8 4773.5 -9.7 189 0 11.4 16.9 2.5 2.5 2 1 1 5 5
-1796.9 4687.2 -8.6 195 0 10.9 14.1 7.5 2.5 2 1 3 1 1
-1703.4 4733.0 -9.0 64 0 12.3 9.0 7.5 2.5 2 0 3 3 3
-1661.8 4692.3 -8.5 323 0 11.2 19.1 7.5 2.5 2 1 3 3 3
-1689.3 4692.4 -9.1 315 0 8.0 11.1 5.0 2.5 2 1 2 1 1
-1685.5 4730.3 -8.3 170 0 9.0 10.8 7.5 2.5 2 1 3 5 5
-1674.7 4714.2 -8.0 161 0 9.6 8.2 5.0 2.5 2 0 2 0 0
-1745.3 4711.9 -9.5 243 0 10.7 17.1 7.5 2.5 2 1 3 1 1
-1644.0 4691.5 -8.1 329 0 11.4 10.7 2.5 2.5 2 0 1 3 3
-1580.5 4671.1 -8.0 59 0 11.6 27.6 10.0 2.5 2 1 4 5 5
-1602.3 4718.5 -7.6 247 0 10.0 16.0 5.0 2.5 2 1 2 0 0
-1602.6 4662.6 -8.1 147 0 8.6 12.5 7.5 2.5 2 1 3 4 4
-1688.0 4650.7 -9.5 47 0 10.4 20.3 5.0 2.5 2 1 2 5 5
-1787.4 4791.4 -9.1 91 0 13.1 8.5 2.5 2.5 2 0 1 1 1
-1752.0 4826.2 -9.3 263 0 10.1 13.9 5.0 2.5 2 1 2 3 3
-1747.4 4795.0 -9.6 104 0 13.0 11.0 7.5 2.5 2 0 3 3 3
-1699.3 4827.2 -8.5 353 0 15.8 11.0 7.5 2.5 2 0 3 5 5
-1727.4 4831.0 -9.1 265 0 9.6 15.3 2.5 2.5 2 1 1 2 2
-1668.9 4772.0 -7.9 4 0 17.8 9.3 5.0 0.0 0 0 2 2 2
-1642.6 4736.4 -7.3 338 0 7.6 12.5 7.5 2.5 2 1 3 1 1
-1683.3 4831.3 -8.0 352 0 15.4 9.3 10.0 2.5 2 0 4 5 5
-1797.4 4770.2 -8.8 270 0 8.6 13.7 5.0 0.0 0 1 2 5 5
-1655.0 4717.3 -7.7 64 0 10.4 7.0 2.5 2.5 4 0 1 0 0
-1697.6 4643.0 -9.6 47 0 9.5 19.8 7.5 2.5 2 1 3 5 5
-1713.1 4670.1 -9.6 53 0 10.3 11.5 7.5 2.5 4 1 3 4 4
-1745.7 4849.1 -8.9 270 0 7.8 15.1 5.0 2.5 2 1 2 4 4
-1658.4 4725.3 -7.7 65 0 9.3 14.8 7.5 2.5 2 1 3 0 0
-1729.1 4667.2 -9.4 58 0 9.0 17.8 7.5 2.5 4 1 3 2 2
-1682.8 4736.1 -8.3 79 0 8.0 8.8 2.5 2.5 2 1 1 3 3
-1716.0 4867.6 -8.3 264 0 11.2 18.5 5.0 2.5 2 1 2 5 5
-1716.6 4689.7 -9.6 327 0 9.3 16.7 7.5 2.5 2 1 3 2 2
-1772.9 4829.8 -9.0 273 0 10.2 17.5 7.5 2.5 2 1 3 1 1
-1818.6 4593.8 -9.5 79 0 21.7 12.9 7.5 2.5 2 0 3 2 2
-1685.3 4754.1 -8.3 63 0 8.9 7.4 5.0 2.5 2 0 2 0 0
-1704.7 4616.9 -9.3 54 0 6.9 18.1 5.0 2.5 2 1 2 5 5
-1772.8 4659.8 -8.7 225 0 13.4 16.5 7.5 2.5 2 1 3 1 1
-319.2 6304.0 -8.1 216 0 8.4 18.3 5.0 2.5 2 1 2 0 0
-249.2 6268.8 -9.8 45 0 9.8 26.1 10.0 2.5 2 1 4 1 1
-1884.9 4667.6 -8.2 180 0 6.5 11.2 2.5 2.5 2 1 1 5 5
-1882.8 4722.7 -8.0 176 0 12.1 19.0 5.0 2.5 4 1 2 3 3
-1836.8 4713.5 -7.9 349 0 11.0 13.5 7.5 2.5 2 1 3 2 2
-1812.5 4761.1 -8.5 270 0 9.7 11.1 10.0 2.5 2 1 4 0 0
-1852.7 4687.7 -8.0 354 0 9.8 8.9 10.0 2.5 2 0 4 1 1
-1825.4 4709.9 -8.0 333 0 8.4 9.8 7.5 2.5 2 1 3 2 2
-1912.1 4707.8 -7.7 254 0 7.2 20.3 7.5 2.5 2 1 3 4 4
-1881.3 4587.2 -8.0 70 0 9.2 6.5 7.5 2.5 2 0 3 0 0
-1864.4 4558.5 -9.1 84 0 6.7 8.3 7.5 2.5 2 1 3 3 3
-1845.7 4571.8 -9.9 80 0 14.7 8.6 10.0 2.5 2 0 4 1 1
-1927.5 4635.5 -7.0 173 0 9.9 15.2 7.5 2.5 2 1 3 0 0
-1852.9 4584.5 -9.6 73 0 10.6 6.7 5.0 2.5 2 0 2 0 0
-1892.6 4600.4 -7.7 181 0 8.2 11.9 7.5 2.5 2 1 3 4 4
1243.8 6468.7 -13.9 256 0 13.9 40.1 10.0 2.5 2 1 4 5 5
1234.2 6415.0 -12.0 75 0 18.8 16.1 7.5 2.5 4 0 3 3 3
1177.8 6403.1 -15.1 69 0 16.5 7.1 10.0 2.5 2 0 4 5 5
1138.4 6396.8 -15.8 73 0 27.9 8.4 5.0 2.5 2 0 2 4 4
2019.6 6571.4 -9.9 262 0 33.2 12.2 17.5 3.5 2 0 5 1 1
397.6 6137.4 -9.0 70 0 15.3 10.4 14.0 3.5 2 0 4 2 2
380.0 6184.5 -11.1 253 0 12.3 9.1 14.0 0.0 0 0 4 0 0
379.1 6150.5 -8.0 76 0 18.8 11.6 14.0 3.5 2 0 4 1 1
649.8 6285.4 -12.8 170 0 13.7 37.0 14.0 3.5 2 1 4 1 1
440.4 6164.2 -12.6 71 0 20.5 42.5 14.0 3.5 2 1 4 3 3
540.4 6240.7 -9.5 289 0 15.5 28.3 7.5 2.5 2 1 3 0 0
1425.3 6683.9 -12.0 346 0 20.1 9.3 14.0 3.5 4 0 4 5 5
914.9 6916.0 -13.6 332 0 15.8 28.0 14.0 3.5 2 1 4 4 4
889.1 6881.9 -13.4 301 0 26.6 13.4 10.5 3.5 2 0 3 2 2
2082.2 6544.8 -10.8 352 0 25.7 12.0 17.5 3.5 2 0 5 5 5
921.5 6862.4 -12.0 304 0 32.2 16.5 10.5 3.5 2 0 3 0 0
1033.7 6731.3 -14.7 242 0 33.4 16.7 14.0 3.5 2 0 4 0 0
997.1 6746.5 -12.3 73 0 11.2 16.3 10.5 3.5 2 1 3 2 2
982.5 6723.5 -15.4 73 0 9.2 17.7 10.5 3.5 2 1 3 5 5
1051.1 6796.3 -11.5 269 0 17.4 11.5 10.5 3.5 2 0 3 1 1
1002.5 6789.0 -10.3 108 0 9.5 11.7 10.5 3.5 2 1 3 5 5
973.9 6801.9 -10.3 124 0 24.3 12.8 10.5 3.5 2 0 3 4 4
1032.4 6781.9 -11.2 89 0 20.3 14.2 10.5 3.5 2 0 3 0 0
974.6 6774.9 -14.8 303 0 17.8 29.5 10.5 3.5 2 1 3 1 1
1750.3 6619.3 -9.6 271 0 10.7 23.5 17.5 3.5 2 1 5 3 3
1687.0 6564.9 -12.2 180 0 9.6 28.6 17.5 3.5 2 1 5 1 1
1586.3 6830.5 -6.5 275 0 17.7 12.0 14.0 3.5 2 0 4 2 2
1655.1 6733.7 -9.7 218 0 7.8 16.0 14.0 3.5 2 1 4 4 4
1608.5 6756.4 -9.0 122 0 16.1 10.7 14.0 3.5 2 0 4 5 5
1679.1 6671.9 -10.2 177 0 12.1 21.9 17.5 3.5 2 1 5 2 2
1621.4 6748.4 -9.2 122 0 14.2 10.7 14.0 3.5 2 0 4 3 3
1632.8 6741.3 -9.3 122 0 12.8 10.6 14.0 3.5 2 0 4 5 5
1848.3 6635.9 -9.5 354 0 19.1 9.6 17.5 3.5 4 0 5 1 1
2364.3 6795.5 -4.7 3 0 12.7 14.7 14.0 3.5 2 1 4 0 0
1747.8 6701.1 -9.0 172 0 9.0 16.7 17.5 3.5 2 1 5 5 5
1758.0 6656.6 -8.2 265 0 15.4 13.9 17.5 3.5 2 0 5 3 3
1959.4 6740.4 -5.7 355 0 17.9 18.1 17.5 3.5 2 1 5 2 2
2418.9 6829.5 -6.0 344 0 8.0 11.2 14.0 3.5 2 1 4 5 5
2610.2 6857.9 -6.3 163 0 12.9 26.6 14.0 3.5 2 1 4 1 1
2642.6 6847.0 -6.5 344 0 13.3 14.2 14.0 3.5 4 1 4 2 2
755.4 6898.0 -13.4 244 0 7.3 26.9 10.5 3.5 2 1 3 0 0
717.3 6874.8 -12.2 158 0 8.1 17.7 10.5 3.5 2 1 3 3 3
706.2 6865.4 -12.2 338 0 8.5 16.3 10.5 3.5 2 1 3 5 5
523.9 6746.9 -12.4 158 0 7.5 20.9 14.0 3.5 2 1 4 3 3
-1680.1 5140.7 -9.9 15 0 8.7 7.6 7.5 2.5 2 0 3 4 4
-1275.4 4760.9 -10.9 41 0 15.6 59.7 10.0 2.5 2 1 4 2 2
-1321.7 4813.5 -11.2 179 0 15.1 27.8 10.0 2.5 2 1 4 4 4
-1284.9 4892.2 -11.2 243 0 17.6 39.3 12.5 2.5 2 1 5 5 5
1547.2 6588.3 -11.5 267 0 14.7 14.6 14.0 3.5 2 0 4 3 3
1426.2 6717.6 -15.0 161 0 8.7 86.2 14.0 0.0 0 1 4 1 1
2041.4 6602.9 -8.2 91 0 20.2 10.4 17.5 3.5 2 0 5 4 4
1364.3 6679.8 -16.0 112 0 13.2 18.3 14.0 3.5 2 1 4 1 1
2081.7 6603.5 -7.6 91 0 8.2 14.3 17.5 3.5 2 1 5 4 4
1440.1 6671.9 -11.2 346 0 10.2 11.5 14.0 3.5 4 1 4 2 2
2051.5 6680.0 -7.0 272 0 6.6 10.3 14.0 3.5 2 1 4 2 2
1381.9 6663.6 -13.1 102 0 14.3 6.8 14.0 3.5 2 0 4 5 5
2060.1 6643.7 -7.4 270 0 7.1 9.8 17.5 3.5 4 1 5 3 3
2042.7 6661.9 -7.4 273 0 6.5 14.7 17.5 0.0 0 1 5 2 2
917.9 6801.1 -13.4 130 0 11.1 18.6 10.5 3.5 2 1 3 4 4
1091.1 6749.6 -14.4 68 0 7.4 24.1 14.0 3.5 2 1 4 4 4
876.1 6618.5 -14.7 72 0 10.5 9.4 14.0 3.5 2 0 4 1 1
875.1 6655.7 -12.0 252 0 7.2 8.5 14.0 3.5 2 1 4 0 0
907.0 6630.9 -13.8 72 0 7.8 9.0 14.0 3.5 4 1 4 4 4
964.8 6653.3 -15.2 69 0 10.5 11.7 14.0 3.5 2 1 4 1 1
969.8 6697.5 -15.6 243 0 8.0 11.2 14.0 3.5 2 1 4 3 3
925.0 6631.5 -14.3 71 0 12.8 10.8 14.0 3.5 4 0 4 2 2
980.1 6704.2 -16.3 242 0 6.9 10.0 14.0 3.5 2 1 4 2 2
888.6 6646.6 -12.5 252 0 6.7 6.5 14.0 3.5 2 0 4 4 4
883.9 6660.6 -12.1 252 0 7.7 9.4 14.0 3.5 2 1 4 2 2
863.5 6650.9 -11.9 252 0 8.4 9.4 14.0 3.5 2 1 4 3 3
984.5 6649.8 -16.6 62 0 12.2 10.1 14.0 3.5 2 0 4 0 0
868.5 6638.1 -12.9 252 0 8.9 6.9 14.0 3.5 2 0 4 5 5
894.5 6663.1 -12.2 252 0 7.8 9.7 14.0 3.5 2 1 4 4 4
961.8 6693.3 -15.1 242 0 8.3 9.5 14.0 3.5 4 1 4 3 3
899.6 6652.1 -12.7 252 0 8.5 9.0 14.0 0.0 0 1 4 5 5
946.2 6683.9 -14.4 247 0 11.1 11.2 14.0 3.5 2 1 4 1 1
878.5 6644.8 -12.5 252 0 8.3 8.9 14.0 3.5 2 1 4 0 0
971.8 6683.2 -16.1 245 0 16.7 23.4 14.0 3.5 2 1 4 4 4
917.0 6666.4 -13.3 252 0 10.0 12.7 14.0 3.5 2 1 4 2 2
895.9 6628.1 -13.9 72 0 6.8 9.8 14.0 3.5 2 1 4 4 4
998.6 6673.8 -16.6 59 0 8.4 18.5 14.0 3.5 4 1 4 1 1
835.2 6642.6 -12.2 252 0 15.0 12.5 14.0 3.5 2 0 4 2 2
880.4 6675.3 -11.3 72 0 11.8 9.3 10.5 3.5 2 0 3 5 5
906.8 6668.2 -12.9 252 0 8.3 17.6 14.0 0.0 0 1 4 0 0
926.9 6673.4 -14.4 251 0 10.4 31.3 14.0 3.5 4 1 4 5 5
2257.5 6657.2 -6.7 187 0 11.0 14.9 17.5 3.5 2 1 5 4 4
2421.1 6811.0 -6.4 342 0 10.0 12.8 14.0 3.5 2 1 4 3 3
2338.9 6706.1 -7.2 247 0 8.5 11.6 17.5 3.5 2 1 5 1 1
2369.7 6683.9 -8.8 69 0 7.6 10.5 17.5 3.5 2 1 5 4 4
2446.5 6720.7 -8.5 159 0 23.0 7.2 14.0 3.5 2 0 4 5 5
2433.2 6722.9 -8.4 343 0 12.5 13.5 17.5 3.5 2 1 5 3 3
2348.4 6679.7 -8.5 158 0 12.4 10.3 17.5 0.0 0 0 5 4 4
2305.0 6748.9 -4.0 336 0 15.7 13.0 14.0 0.0 0 0 4 1 1
2354.8 6713.9 -7.5 245 0 7.8 11.4 17.5 3.5 4 1 5 4 4
2407.6 6747.8 -7.6 259 0 11.4 8.6 17.5 3.5 2 0 5 2 2
2641.4 6903.8 -5.4 258 0 14.2 16.3 14.0 3.5 2 1 4 2 2
2336.4 6673.6 -8.2 164 0 8.4 8.4 17.5 3.5 2 1 5 3 3
2501.8 6787.3 -8.0 58 0 13.8 13.3 14.0 3.5 2 0 4 5 5
2357.5 6849.6 -4.7 344 0 14.4 12.5 14.0 3.5 2 0 4 2 2
2442.9 6710.1 -8.9 340 0 10.3 13.3 17.5 3.5 2 1 5 0 0
2722.8 6876.2 -6.9 256 0 16.7 9.0 14.0 3.5 2 0 4 0 0
2653.7 6911.4 -5.5 258 0 9.1 9.8 14.0 3.5 2 1 4 4 4
2364.8 6812.0 -4.4 359 0 13.9 11.6 14.0 3.5 2 0 4 5 5
2501.7 6709.3 -9.2 163 0 18.7 9.8 14.0 0.0 0 0 4 0 0
2375.8 6777.8 -6.3 154 0 7.5 13.0 14.0 0.0 0 1 4 0 0
2381.9 6796.0 -6.3 160 0 8.0 12.8 14.0 3.5 2 1 4 1 1
2413.2 6773.8 -6.9 89 0 13.3 12.0 14.0 3.5 2 0 4 1 1
2376.8 6819.3 -5.5 181 0 9.5 11.6 14.0 3.5 2 1 4 0 0
2283.6 6708.9 -4.7 64 0 18.3 11.0 14.0 3.5 4 0 4 1 1
811.6 6890.9 -14.2 331 0 10.0 27.0 10.5 3.5 2 1 3 0 0
498.8 6805.1 -12.2 157 0 27.1 13.2 14.0 3.5 2 0 4 3 3
563.2 6763.1 -12.4 338 0 7.5 21.6 14.0 0.0 0 1 4 1 1
518.3 6757.5 -12.4 160 0 13.1 8.9 14.0 3.5 2 0 4 0 0
527.4 6763.9 -12.5 158 0 14.1 11.2 14.0 3.5 2 0 4 0 0
746.4 6850.9 -12.5 68 0 26.0 17.5 10.5 3.5 2 0 3 4 4
779.3 6887.3 -13.5 241 0 6.3 17.7 10.5 3.5 2 1 3 5 5
958.0 6911.0 -9.0 253 0 7.6 17.8 14.0 3.5 2 1 4 3 3
944.5 6898.5 -10.5 264 0 8.8 14.2 14.0 3.5 2 1 4 5 5
1431.1 6843.8 -15.0 345 0 15.8 8.2 14.0 3.5 2 0 4 3 3
1495.6 6837.6 -9.0 268 0 12.3 33.4 14.0 3.5 4 1 4 4 4
1452.6 6827.9 -11.3 180 0 20.8 16.5 14.0 0.0 0 0 4 4 4
1518.8 6897.8 -5.6 270 0 10.7 25.3 14.0 3.5 2 1 4 5 5
1494.4 6858.6 -7.2 182 0 29.4 14.9 14.0 3.5 2 0 4 4 4
1526.0 6912.3 -4.3 357 0 13.2 41.2 14.0 3.5 4 1 4 2 2
1872.0 6667.5 -7.0 274 0 8.4 15.7 14.0 3.5 2 1 4 0 0
1798.3 6589.2 -9.6 352 0 11.0 10.1 17.5 3.5 2 0 5 2 2
1735.8 6703.0 -8.3 351 0 9.4 11.0 17.5 3.5 4 1 5 1 1
1806.2 6655.9 -9.5 174 0 7.2 9.5 17.5 3.5 2 1 5 4 4
1805.6 6696.7 -8.6 173 0 13.4 12.2 17.5 3.5 2 0 5 5 5
1843.6 6657.5 -8.7 355 0 10.8 9.5 17.5 3.5 2 0 5 0 0
1629.1 6862.6 -7.5 179 0 13.1 8.6 14.0 3.5 2 0 4 0 0
1850.7 6614.2 -9.5 351 0 14.4 11.0 17.5 3.5 2 0 5 1 1
1784.5 6565.6 -10.6 84 0 7.4 6.1 17.5 3.5 2 0 5 5 5
1809.9 6629.1 -9.2 171 0 13.5 9.5 17.5 3.5 4 0 5 3 3
1619.6 6839.8 -7.4 189 0 9.7 12.9 14.0 3.5 2 1 4 0 0
1849.7 6596.3 -9.4 263 0 10.8 7.3 17.5 3.5 2 0 5 3 3
1760.7 6667.3 -8.6 85 0 13.0 10.7 17.5 3.5 2 0 5 5 5
1735.8 6721.2 -8.6 336 0 8.6 14.9 17.5 3.5 2 1 5 0 0
1779.8 6582.7 -10.1 354 0 8.5 12.5 17.5 3.5 2 1 5 2 2
1837.3 6604.7 -9.4 81 0 7.4 14.4 17.5 3.5 2 1 5 4 4
1799.1 6723.6 -7.7 179 0 8.3 6.8 17.5 3.5 2 0 5 5 5
1739.2 6684.4 -8.0 359 0 10.5 13.3 17.5 3.5 2 1 5 3 3
1791.7 6677.1 -9.3 355 0 10.8 15.4 17.5 3.5 2 1 5 2 2
1789.5 6706.7 -9.4 355 0 9.8 15.1 17.5 0.0 0 1 5 5 5
1804.6 6680.4 -9.4 176 0 10.9 11.9 17.5 3.5 2 1 5 0 0
1797.7 6606.3 -8.9 353 0 13.1 9.8 17.5 3.5 2 0 5 4 4
1739.6 6671.2 -7.9 353 0 9.1 12.3 17.5 3.5 2 1 5 2 2
1633.6 6899.9 -7.5 272 0 7.0 18.4 14.0 3.5 2 1 4 4 4
1823.6 6663.7 -9.5 261 0 9.2 11.9 17.5 3.5 2 1 5 0 0
1829.2 6699.7 -7.6 352 0 10.2 9.7 17.5 3.5 2 0 5 5 5
1774.6 6571.4 -10.5 84 0 12.6 6.6 17.5 3.5 2 0 5 0 0
1824.9 6602.7 -9.2 81 0 17.7 14.4 17.5 3.5 2 0 5 2 2
1825.1 6674.9 -8.5 84 0 10.7 14.9 17.5 3.5 2 1 5 0 0
1632.6 6799.8 -7.9 15 0 30.8 16.1 14.0 3.5 2 0 4 1 1
1834.1 6636.2 -9.5 354 0 11.4 11.8 17.5 0.0 0 1 5 4 4
1625.7 6869.3 -7.2 93 0 6.7 12.5 14.0 0.0 0 1 4 0 0
1837.0 6594.8 -9.2 264 0 8.8 12.6 17.5 3.5 2 1 5 0 0
1787.1 6727.6 -9.0 1 0 6.7 11.3 17.5 3.5 2 1 5 5 5
1794.1 6623.7 -8.4 356 0 12.6 8.6 17.5 3.5 2 0 5 1 1
1741.6 6643.7 -8.1 350 0 9.8 7.6 17.5 3.5 2 0 5 4 4
1750.1 6687.7 -8.7 176 0 11.6 11.5 17.5 3.5 2 0 5 3 3
1747.1 6724.6 -9.2 147 0 9.7 9.5 17.5 0.0 0 0 5 1 1
1838.8 6681.3 -7.6 355 0 9.5 6.0 17.5 3.5 2 0 5 1 1
567.9 6493.5 -16.4 69 0 19.8 19.2 10.0 2.5 2 0 4 4 4
-4840.0 5080.4 -10.0 174 0 7.6 33.4 14.0 3.5 4 1 4 5 5
142.4 6288.5 -13.7 56 0 8.2 16.5 14.0 3.5 2 1 4 1 1
134.7 6357.5 -5.1 320 0 15.5 8.4 14.0 3.5 2 0 4 4 4
166.5 6313.0 -15.9 50 0 11.8 13.0 14.0 3.5 2 1 4 5 5
148.6 6331.0 -7.5 230 0 7.6 12.3 14.0 3.5 2 1 4 1 1
156.5 6336.0 -7.9 230 0 10.9 11.1 14.0 3.5 2 1 4 4 4
172.4 6368.0 -5.2 83 0 10.5 11.3 14.0 3.5 2 1 4 5 5
-2225.7 4510.8 -2.0 270 0 8.8 10.4 2.5 2.5 2 1 1 4 4
-2040.7 4505.6 -3.9 76 0 10.9 12.9 7.5 2.5 2 1 3 3 3
-2419.7 4577.9 -8.1 172 0 6.6 8.7 5.0 2.5 2 1 2 5 5
-1865.7 4486.1 -14.6 232 0 31.4 13.5 12.5 2.5 4 0 5 0 0
-2318.4 4550.4 -3.3 88 0 8.3 9.2 5.0 2.5 2 1 2 5 5
-1442.3 4644.0 -9.6 72 0 28.4 17.8 10.0 2.5 2 0 4 4 4
-2235.7 4432.7 -4.7 15 0 14.4 14.0 5.0 2.5 2 0 2 2 2
-2409.0 4398.4 -11.5 59 0 11.4 11.5 5.0 2.5 2 1 2 5 5
-2103.1 4488.2 -3.0 74 0 11.9 19.3 2.5 2.5 2 1 1 3 3
-2354.8 4289.2 -8.1 38 0 9.7 7.1 5.0 2.5 2 0 2 5 5
-2392.7 4512.7 -9.7 151 0 8.5 6.5 5.0 2.5 2 0 2 5 5
-2164.4 4428.0 -6.1 164 0 19.6 7.7 7.5 2.5 2 0 3 3 3
-2179.7 4754.9 -5.7 307 0 18.8 12.4 10.0 2.5 2 0 4 0 0
-2395.9 4580.8 -8.4 239 0 8.1 15.1 10.0 2.5 2 1 4 1 1
-1587.4 4713.6 -7.4 56 0 10.0 12.5 7.5 0.0 0 1 3 1 1
-2323.4 4668.1 -3.0 345 0 7.1 8.8 5.0 0.0 0 1 2 4 4
-1942.0 4694.5 -7.5 6 0 11.9 20.8 10.0 2.5 2 1 4 3 3
-2251.0 4361.9 -6.7 61 0 6.1 14.2 7.5 2.5 2 1 3 4 4
-2018.2 4721.0 -8.0 239 0 11.2 12.1 7.5 2.5 2 1 3 2 2
-2227.0 4530.5 -1.0 265 0 8.5 10.4 7.5 2.5 2 1 3 5 5
-2403.8 4422.1 -11.6 313 0 7.0 7.8 2.5 2.5 2 1 1 1 1
-2340.0 4391.1 -8.0 153 0 7.6 8.6 7.5 2.5 4 1 3 4 4
-2398.7 4600.5 -8.0 263 0 13.4 10.4 7.5 2.5 2 0 3 4 4
-2353.3 4262.0 -8.1 68 0 7.0 19.5 7.5 2.5 2 1 3 3 3
-1574.9 4735.2 -6.8 58 0 6.6 19.8 7.5 2.5 2 1 3 2 2
-1887.8 4466.9 -15.1 298 0 8.7 11.1 7.5 2.5 2 1 3 2 2
-2406.0 4216.2 -13.1 232 0 10.5 8.0 7.5 2.5 2 0 3 4 4
-2060.3 4505.2 -3.5 66 0 14.5 18.7 12.5 0.0 0 1 5 2 2
-2258.0 4334.9 -7.5 42 0 12.7 8.8 10.0 0.0 0 0 4 2 2
-2373.0 4254.9 -8.3 56 0 6.8 6.8 7.5 2.5 2 0 3 3 3
-2070.9 4573.9 -2.0 259 0 9.0 16.9 2.5 2.5 2 1 1 5 5
-2255.5 4721.2 -3.7 270 0 8.0 11.3 7.5 2.5 2 1 3 3 3
-2330.6 4379.7 -7.4 132 0 8.8 10.4 5.0 2.5 2 1 2 5 5
-2083.7 4631.2 -2.9 234 0 14.6 13.9 7.5 0.0 0 0 3 2 2
-2240.3 4373.8 -6.4 61 0 17.2 12.5 5.0 0.0 0 0 2 4 4
-2067.5 4462.2 -4.8 70 0 11.8 8.5 7.5 2.5 2 0 3 1 1
-2308.1 4719.5 -0.8 353 0 9.3 11.0 5.0 0.0 0 1 2 4 4
-2372.0 4367.8 -10.0 51 0 25.5 9.9 10.0 2.5 2 0 4 4 4
-2343.3 4352.6 -7.6 247 0 7.1 6.1 5.0 2.5 2 0 2 1 1
-1631.4 4598.9 -10.9 180 0 13.7 17.1 7.5 2.5 2 1 3 3 3
-2420.7 4362.9 -11.3 144 0 10.6 11.0 5.0 0.0 0 1 2 4 4
-2129.9 4409.2 -15.0 235 0 17.3 13.6 10.0 0.0 0 0 4 5 5
-2385.7 4751.0 -2.9 331 0 19.2 15.5 10.0 2.5 2 0 4 2 2
-2306.3 4691.6 -2.4 355 0 7.4 21.6 7.5 2.5 2 1 3 2 2
-2365.7 4385.2 -9.6 59 0 6.2 8.2 2.5 2.5 2 1 1 3 3
-2292.0 4713.7 -2.3 159 0 12.5 13.3 7.5 2.5 2 1 3 3 3
-2323.6 4408.8 -7.6 270 0 8.8 6.8 7.5 2.5 2 0 3 3 3
-2294.4 4551.0 -1.9 348 0 11.9 9.9 2.5 2.5 2 0 1 0 0
-2355.0 4338.9 -7.9 228 0 9.6 6.7 5.0 2.5 2 0 2 5 5
-1977.1 4684.4 -7.1 348 0 9.7 9.8 7.5 0.0 0 1 3 0 0
-2392.3 4561.7 -8.6 154 0 8.2 10.4 10.0 2.5 2 1 4 2 2
-2002.4 4596.0 -1.0 0 0 8.9 11.8 5.0 2.5 2 1 2 4 4
-2405.5 4332.6 -10.7 61 0 11.5 6.3 2.5 2.5 2 0 1 0 0
-2352.3 4480.8 -8.0 330 0 8.9 10.1 5.0 2.5 2 1 2 4 4
-2381.3 4530.4 -9.0 40 0 8.6 8.4 5.0 2.5 2 0 2 1 1
-2413.0 4431.2 -11.3 239 0 10.2 7.8 10.0 2.5 2 0 4 2 2
-2170.3 4529.8 -1.9 180 0 10.1 20.9 7.5 2.5 2 1 3 0 0
-1956.4 4649.5 -5.0 349 0 10.6 16.5 7.5 2.5 2 1 3 2 2
-1993.9 4638.1 -2.5 0 0 8.9 11.2 10.0 2.5 2 1 4 1 1
-2308.8 4585.0 -2.3 2 0 10.7 12.8 5.0 2.5 2 1 2 1 1
-2115.4 4650.3 -5.6 301 0 10.7 12.7 7.5 2.5 4 1 3 2 2
-2201.4 4407.3 -5.8 59 0 9.3 13.5 7.5 2.5 2 1 3 0 0
-1939.4 4562.2 -5.3 0 0 12.5 14.7 7.5 2.5 4 1 3 5 5
-2174.1 4415.1 -6.4 320 0 9.2 20.5 2.5 2.5 2 1 1 2 2
-2354.5 4591.8 -5.2 255 0 8.9 9.2 7.5 2.5 2 1 3 4 4
-2209.5 4683.5 -5.8 175 0 22.6 9.5 5.0 2.5 2 0 2 4 4
-1923.2 4736.9 -8.2 180 0 9.5 11.5 2.5 2.5 4 1 1 4 4
-2206.0 4435.6 -4.8 352 0 12.3 12.2 7.5 2.5 4 0 3 4 4
-2074.5 4720.2 -7.8 32 0 9.4 19.3 5.0 2.5 2 1 2 4 4
-2325.3 4299.0 -7.3 59 0 6.8 9.7 7.5 2.5 2 1 3 1 1
-2181.5 4470.5 -3.9 0 0 13.1 8.2 7.5 2.5 2 0 3 0 0
-2192.5 4623.0 -3.2 178 0 11.9 7.7 7.5 2.5 2 0 3 0 0
-2339.2 4361.4 -7.5 246 0 7.4 9.2 2.5 2.5 2 1 1 3 3
-1424.9 4682.3 -9.4 346 0 11.1 40.8 12.5 2.5 2 1 5 2 2
-2404.0 4452.7 -11.1 201 0 6.7 11.5 7.5 2.5 4 1 3 1 1
-2196.5 4513.2 -3.3 288 0 13.3 18.8 10.0 2.5 2 1 4 1 1
-1790.6 4513.1 -10.3 336 0 16.9 44.2 7.5 2.5 2 1 3 2 2
-2048.7 4461.4 -5.4 77 0 11.5 15.8 7.5 2.5 2 1 3 2 2
-1517.5 4740.0 -7.5 66 0 19.0 11.9 7.5 2.5 2 0 3 4 4
-2321.2 4519.3 -4.0 160 0 17.4 13.2 2.5 0.0 0 0 1 1 1
-2282.6 4313.7 -8.1 51 0 13.6 20.3 10.0 2.5 2 1 4 1 1
-1473.3 4682.2 -8.4 160 0 8.0 8.5 5.0 2.5 2 1 2 2 2
-2202.6 4529.8 -1.1 270 0 7.4 11.9 2.5 2.5 2 1 1 2 2
-2401.0 4550.0 -9.0 152 0 8.8 13.0 5.0 2.5 2 1 2 0 0
-2193.7 4486.2 -3.5 352 0 6.6 8.3 7.5 2.5 2 1 3 4 4
-2163.4 4679.5 -6.2 352 0 14.1 11.0 7.5 2.5 4 0 3 3 3
-2287.3 4335.5 -6.8 57 0 6.3 16.5 7.5 2.5 2 1 3 4 4
-2190.6 4574.0 -2.1 90 0 16.5 11.0 10.0 2.5 2 0 4 1 1
-2326.5 4272.6 -7.9 61 0 6.1 6.1 5.0 2.5 2 0 2 5 5
-2346.3 4376.2 -8.5 73 0 6.7 12.7 7.5 2.5 2 1 3 0 0
-2374.5 4536.9 -8.2 54 0 8.2 9.5 7.5 2.5 2 1 3 5 5
-2298.9 4450.3 -5.7 197 0 11.3 10.8 5.0 2.5 2 0 2 2 2
-2162.3 4481.3 -3.8 180 0 8.0 10.9 10.0 2.5 2 1 4 3 3
-2052.4 4479.6 -4.6 53 0 13.8 11.9 5.0 2.5 2 0 2 1 1
-2406.5 4520.8 -9.7 156 0 11.0 6.9 7.5 2.5 2 0 3 3 3
-2272.2 4340.0 -7.0 65 0 7.7 16.4 10.0 2.5 4 1 4 5 5
-2371.0 4246.9 -8.3 65 0 9.1 6.5 7.5 2.5 2 0 3 5 5
-1478.8 4731.6 -7.6 353 0 7.2 9.5 5.0 2.5 2 1 2 4 4
-2103.6 4581.8 -2.0 304 0 9.6 14.6 5.0 2.5 2 1 2 0 0
-2233.6 4615.3 -2.3 174 0 19.7 12.1 7.5 2.5 2 0 3 4 4
-2098.2 4652.8 -4.5 209 0 8.5 15.8 7.5 2.5 4 1 3 5 5
-2324.3 4369.1 -7.0 157 0 6.1 9.2 5.0 2.5 2 1 2 2 2
-2388.2 4320.2 -9.2 252 0 10.8 19.4 7.5 2.5 2 1 3 0 0
-2310.8 4698.7 -2.2 3 0 11.9 17.0 10.0 0.0 0 1 4 5 5
-2384.3 4351.7 -10.8 54 0 7.6 24.6 5.0 0.0 0 1 2 4 4
-2223.5 4752.1 -5.5 250 0 6.9 7.9 5.0 0.0 0 1 2 3 3
-2343.7 4414.7 -8.7 247 0 6.7 11.2 2.5 2.5 2 1 1 0 0
-1427.3 4693.3 -9.5 170 0 11.5 26.8 12.5 2.5 2 1 5 0 0
-1612.6 4549.7 -10.6 144 0 9.5 30.5 12.5 2.5 2 1 5 2 2
-2149.8 4455.1 -4.5 162 0 7.5 6.3 5.0 2.5 2 0 2 2 2
-2415.9 4337.7 -11.0 135 0 6.7 11.0 2.5 2.5 2 1 1 3 3
-1945.6 4606.8 -4.7 7 0 9.3 15.8 10.0 2.5 2 1 4 3 3
-2198.1 4372.7 -9.8 241 0 8.5 13.7 2.5 2.5 2 1 1 0 0
-2412.9 4535.0 -9.1 137 0 10.9 7.1 5.0 2.5 2 0 2 1 1
-2383.1 4727.6 -2.9 145 0 9.9 8.3 7.5 2.5 2 0 3 5 5
-2382.9 4341.4 -9.3 149 0 7.6 10.0 7.5 2.5 2 1 3 5 5
-1514.7 4630.2 -8.7 331 0 19.8 6.7 10.0 0.0 0 0 4 4 4
-1987.4 4722.7 -8.0 249 0 17.6 25.9 7.5 2.5 2 1 3 0 0
-2295.3 4475.7 -4.7 180 0 18.1 15.3 10.0 2.5 2 0 4 5 5
-2407.4 4504.9 -9.9 143 0 8.9 7.6 7.5 2.5 2 0 3 5 5
-2039.1 4603.7 0.5 177 0 6.5 13.9 7.5 2.5 2 1 3 3 3
-2414.8 4263.5 -9.4 162 0 8.5 25.0 7.5 2.5 2 1 3 0 0
-2281.4 4679.9 -2.2 90 0 8.5 14.5 7.5 2.5 2 1 3 2 2
-2082.7 4456.2 -4.5 71 0 12.5 6.3 7.5 2.5 2 0 3 4 4
-2421.0 4595.0 -8.2 246 0 11.6 7.4 7.5 2.5 2 0 3 0 0
-2056.5 4627.9 -1.2 237 0 12.5 9.2 2.5 2.5 2 0 1 2 2
-1967.5 4590.9 -2.8 1 0 12.5 8.8 2.5 2.5 4 0 1 4 4
-2371.6 4418.9 -10.7 60 0 6.8 12.6 7.5 2.5 2 1 3 4 4
-2026.0 4650.4 -3.5 232 0 11.1 8.6 5.0 2.5 4 0 2 1 1
-2272.3 4617.9 -1.1 3 0 11.0 9.3 10.0 0.0 0 0 4 2 2
-2276.9 4601.7 -0.3 6 0 8.7 6.3 5.0 2.5 2 0 2 4 4
-2126.8 4636.6 -4.8 310 0 13.6 6.2 7.5 2.5 2 0 3 5 5
-2410.3 4599.1 -8.0 251 0 6.9 9.4 5.0 2.5 2 1 2 1 1
-1953.5 4535.0 -5.4 0 0 11.6 16.8 7.5 2.5 2 1 3 1 1
-2194.9 4390.0 -6.5 67 0 6.1 13.1 7.5 2.5 2 1 3 0 0
-2002.7 4685.4 -7.1 268 0 11.3 11.3 5.0 2.5 2 0 2 5 5
-2269.9 4584.3 -0.3 7 0 6.9 11.4 5.0 2.5 2 1 2 5 5
-2393.2 4449.6 -11.1 207 0 7.0 11.1 2.5 2.5 2 1 1 3 3
-2083.2 4461.4 -4.3 57 0 10.2 9.2 2.5 2.5 2 0 1 3 3
-2395.1 4481.6 -10.3 150 0 11.3 14.6 7.5 2.5 2 1 3 4 4
-1893.1 4753.5 -8.2 0 0 10.7 9.1 2.5 2.5 2 0 1 4 4
-2219.3 4472.8 -4.3 17 0 13.6 9.9 7.5 2.5 2 0 3 4 4
-2084.2 4696.8 -7.8 186 0 13.4 25.2 10.0 2.5 4 1 4 0 0
-1880.1 4516.2 -9.3 2 0 17.2 13.1 5.0 2.5 2 0 2 1 1
-2177.1 4443.9 -4.8 0 0 6.2 12.4 5.0 2.5 2 1 2 3 3
-2083.4 4498.2 -3.3 69 0 10.6 7.6 7.5 0.0 0 0 3 2 2
-1942.6 4671.0 -6.6 0 0 10.1 16.5 2.5 2.5 4 1 1 3 3
-2349.7 4452.8 -8.4 14 0 7.6 6.4 7.5 2.5 2 0 3 1 1
-2395.1 4470.8 -10.8 205 0 13.1 9.1 7.5 2.5 2 0 3 1 1
-2365.3 4406.9 -9.8 236 0 10.4 7.9 2.5 2.5 2 0 1 2 2
-2309.9 4361.3 -6.4 158 0 7.0 15.5 5.0 2.5 2 1 2 0 0
-2047.5 4450.3 -5.7 67 0 10.8 7.1 7.5 2.5 2 0 3 3 3
-1534.0 4749.9 -7.2 59 0 12.2 11.0 7.5 2.5 2 0 3 4 4
-2358.1 4427.2 -9.8 61 0 7.9 7.9 5.0 2.5 2 1 2 5 5
-2278.6 4493.0 -3.3 172 0 6.0 9.8 5.0 2.5 4 1 2 0 0
-1472.1 4664.7 -8.9 172 0 16.6 15.2 10.0 2.5 2 0 4 4 4
-2403.6 4434.2 -11.4 114 0 8.5 7.6 5.0 2.5 2 0 2 3 3
-2198.3 4550.2 -1.7 94 0 20.8 8.6 7.5 2.5 4 0 3 2 2
-2205.4 4476.0 -3.9 0 0 11.6 10.6 7.5 2.5 2 0 3 0 0
-2032.5 4475.5 -5.3 77 0 12.7 15.1 2.5 2.5 4 1 1 3 3
-1963.9 4635.7 -4.1 332 0 16.6 7.6 5.0 2.5 2 0 2 4 4
-2255.3 4489.4 -3.4 270 0 15.0 10.1 7.5 2.5 2 0 3 3 3
-2151.6 4553.6 -2.4 165 0 11.1 8.2 7.5 2.5 2 0 3 5 5
-2160.0 4732.6 -6.2 288 0 6.8 7.1 10.0 2.5 4 1 4 1 1
-2022.2 4526.0 -3.9 68 0 10.8 15.2 10.0 2.5 2 1 4 1 1
-1502.8 4644.5 -8.2 246 0 7.4 19.6 7.5 2.5 4 1 3 3 3
-2322.8 4679.1 -3.0 349 0 7.6 11.6 5.0 2.5 4 1 2 4 4
-2277.2 4420.3 -5.7 186 0 17.9 11.3 7.5 2.5 2 0 3 1 1
-2425.1 4201.9 -15.5 254 0 9.5 13.7 5.0 2.5 2 1 2 3 3
-2265.6 4605.2 -0.6 0 0 9.5 10.6 7.5 2.5 2 1 3 3 3
-2398.9 4405.5 -11.6 60 0 8.3 9.6 2.5 2.5 2 1 1 5 5
-1616.1 4743.1 -6.6 153 0 7.7 11.4 10.0 2.5 2 1 4 4 4
-2293.3 4374.0 -6.0 164 0 7.4 10.3 7.5 2.5 2 1 3 1 1
-1940.2 4756.3 -8.3 0 0 9.8 10.9 5.0 2.5 2 1 2 4 4
-2087.9 4542.6 -2.6 174 0 16.2 8.0 5.0 2.5 4 0 2 4 4
-2171.3 4615.9 -3.1 0 0 10.1 6.8 2.5 2.5 2 0 1 5 5
-2089.7 4673.3 -5.6 191 0 10.6 10.7 7.5 2.5 2 1 3 4 4
-2330.6 4366.9 -7.2 225 0 6.7 10.5 7.5 2.5 2 1 3 1 1
-1418.6 4668.9 -9.7 349 0 9.1 26.2 5.0 2.5 2 1 2 1 1
-2348.9 4466.7 -7.9 350 0 6.6 7.1 7.5 2.5 2 1 3 0 0
-2354.4 4411.2 -9.2 245 0 7.1 12.4 5.0 2.5 2 1 2 2 2
-2066.7 4651.4 -3.1 256 0 12.4 20.7 12.5 2.5 2 1 5 3 3
-2360.4 4278.6 -8.2 59 0 6.2 11.0 7.5 2.5 2 1 3 2 2
-2166.1 4453.0 -4.8 173 0 10.6 15.4 10.0 2.5 2 1 4 5 5
-1947.4 4629.2 -5.0 340 0 6.9 12.1 7.5 2.5 2 1 3 4 4
-2236.2 4410.2 -5.0 17 0 8.5 15.8 7.5 2.5 2 1 3 0 0
-2406.3 4539.6 -9.2 157 0 9.7 6.7 5.0 2.5 2 0 2 0 0
-2302.8 4752.4 1.3 92 0 8.0 15.0 5.0 2.5 2 1 2 5 5
-2362.5 4322.7 -8.1 237 0 12.0 7.1 7.5 2.5 2 0 3 3 3
-2345.3 4370.3 -7.8 234 0 6.7 11.7 7.5 2.5 2 1 3 3 3
-1516.6 4617.8 -9.6 329 0 18.2 9.9 5.0 2.5 2 0 2 2 2
-2219.2 4580.5 -1.7 149 0 6.9 18.7 2.5 2.5 2 1 1 2 2
-2364.1 4307.1 -8.1 238 0 12.8 7.3 5.0 2.5 2 0 2 1 1
-2176.7 4382.0 -10.9 247 0 6.7 10.7 5.0 2.5 2 1 2 2 2
-2416.1 4515.3 -9.5 146 0 10.0 10.1 7.5 2.5 2 1 3 2 2
-2146.6 4426.2 -5.5 62 0 9.1 8.8 2.5 2.5 2 0 1 4 4
-2014.2 4572.0 -2.6 344 0 7.7 18.2 7.5 2.5 2 1 3 5 5
-2371.7 4311.1 -8.2 217 0 7.3 6.3 5.0 0.0 0 0 2 0 0
-2301.6 4733.7 -0.6 141 0 9.3 14.5 7.5 2.5 2 1 3 2 2
-2420.9 4601.2 -8.5 226 0 6.3 7.3 10.0 2.5 2 1 4 1 1
-1965.2 4672.1 -6.4 350 0 9.3 14.1 5.0 2.5 2 1 2 2 2
-1980.0 4593.2 -2.0 0 0 9.2 11.8 7.5 2.5 2 1 3 4 4
-2257.7 4652.2 -3.3 180 0 12.2 17.1 7.5 2.5 2 1 3 3 3
-2375.3 4517.9 -8.5 64 0 6.6 7.3 7.5 2.5 2 1 3 4 4
-1840.7 4509.8 -11.3 253 0 16.3 44.5 12.5 2.5 2 1 5 1 1
-2352.1 4497.7 -7.6 326 0 15.1 7.8 7.5 2.5 2 0 3 3 3
-2138.9 4634.3 -4.5 307 0 12.6 17.6 5.0 2.5 2 1 2 0 0
-2395.4 4610.3 -8.0 272 0 7.3 8.9 7.5 2.5 2 1 3 1 1
-1997.4 4649.2 -3.9 0 0 12.2 13.9 7.5 2.5 2 1 3 1 1
-2395.2 4430.0 -11.4 117 0 9.7 11.0 7.5 2.5 2 1 3 5 5
-2299.7 4634.4 -0.4 5 0 9.9 6.5 7.5 2.5 2 0 3 2 2
-2111.5 4673.5 -7.0 24 0 19.7 11.4 2.5 0.0 0 0 1 1 1
-2423.2 4422.9 -11.0 229 0 9.8 7.1 5.0 2.5 2 0 2 5 5
-2353.7 4372.6 -8.7 58 0 9.9 6.2 2.5 0.0 0 0 1 0 0
-1908.1 4539.3 -7.8 259 0 18.6 10.6 7.5 2.5 2 0 3 0 0
-2191.8 4440.5 -4.8 0 0 10.7 15.0 10.0 2.5 2 1 4 5 5
-2092.0 4477.6 -3.6 73 0 8.3 7.1 7.5 2.5 2 0 3 0 0
-1927.9 4655.4 -7.1 164 0 8.9 7.7 2.5 2.5 2 0 1 1 1
-2079.0 4744.3 -7.1 18 0 14.1 10.5 5.0 2.5 2 0 2 4 4
-2328.2 4312.9 -7.3 58 0 7.8 6.7 7.5 2.5 2 0 3 1 1
-2252.0 4643.5 -2.8 197 0 11.8 10.2 7.5 2.5 2 0 3 2 2
-1837.4 4533.5 -10.3 227 0 23.0 15.5 7.5 2.5 2 0 3 0 0
-1955.2 4640.0 -4.9 358 0 8.6 8.1 10.0 2.5 2 0 4 2 2
-2270.8 4324.4 -7.6 54 0 9.5 10.3 7.5 2.5 2 1 3 5 5
-1527.1 4724.3 -7.5 67 0 10.8 10.5 7.5 2.5 2 0 3 0 0
-2291.1 4501.8 -3.3 164 0 12.9 17.7 7.5 2.5 2 1 3 2 2
-1443.7 4690.0 -8.9 343 0 9.1 13.2 5.0 2.5 2 1 2 3 3
-2346.2 4308.3 -7.7 56 0 7.8 8.5 7.5 2.5 2 1 3 3 3
2090.9 6776.1 -5.4 180 0 8.9 15.3 17.5 3.5 2 1 5 0 0
2125.4 6792.9 -6.3 268 0 7.4 12.0 17.5 3.5 2 1 5 2 2
2127.2 6736.9 -4.6 79 0 6.7 20.9 17.5 0.0 0 1 5 1 1
2149.1 6781.0 -5.4 0 0 14.9 7.0 17.5 0.0 0 0 5 5 5
2085.9 6777.7 -5.4 86 0 6.7 16.5 17.5 3.5 2 1 5 4 4
-2034.3 4663.6 -4.9 242 0 13.7 12.1 7.5 2.5 4 0 3 1 1
-2003.7 4765.0 -7.4 170 0 13.5 15.6 5.0 2.5 2 1 2 1 1
-1982.7 4775.8 -7.6 260 0 9.4 11.9 2.5 2.5 2 1 1 4 4
-1947.5 4773.2 -8.3 351 0 10.1 19.4 5.0 2.5 2 1 2 4 4
530.7 6629.4 -9.3 338 0 8.5 6.0 14.0 3.5 2 0 4 2 2
-1742.7 4924.0 -8.3 347 0 16.2 11.2 2.5 2.5 2 0 1 4 4
-1830.9 4840.6 -7.3 3 0 10.0 16.0 5.0 2.5 2 1 2 3 3
-1804.8 4829.4 -8.0 359 0 13.9 18.2 7.5 2.5 2 1 3 4 4
-1839.8 4823.5 -7.5 7 0 12.2 13.7 7.5 2.5 2 1 3 5 5
-1826.9 4824.1 -7.7 355 0 14.1 8.5 5.0 0.0 0 0 2 1 1
-1848.8 4797.0 -7.8 91 0 12.2 15.7 5.0 2.5 2 1 2 5 5
-1822.7 4798.5 -8.2 1 0 15.6 9.6 7.5 2.5 2 0 3 5 5
-1868.0 4769.5 -8.0 84 0 9.2 7.7 2.5 2.5 2 0 1 5 5
-1867.9 4824.4 -7.6 96 0 8.6 17.2 5.0 0.0 0 1 2 0 0
-1768.9 4861.4 -8.0 3 0 10.7 17.5 7.5 2.5 2 1 3 3 3
-1795.3 4870.3 -7.4 80 0 13.5 12.2 5.0 2.5 2 0 2 4 4
-1756.9 4872.2 -8.1 83 0 15.8 20.8 10.0 0.0 0 1 4 5 5
-1808.0 4890.7 -6.9 80 0 13.9 13.2 5.0 2.5 2 0 2 4 4
-1650.7 4794.7 -6.9 178 0 13.8 18.4 5.0 2.5 2 1 2 0 0
-1665.5 4818.4 -7.3 175 0 11.1 8.4 7.5 2.5 2 0 3 2 2
-1650.9 4839.5 -6.7 179 0 12.4 11.4 2.5 2.5 4 0 1 1 1
-1640.8 4771.8 -6.6 165 0 11.2 15.0 10.0 2.5 2 1 4 0 0
-1632.1 4804.3 -6.0 165 0 12.7 11.2 7.5 2.5 2 0 3 2 2
-1483.5 4755.4 -7.6 350 0 13.8 24.3 10.0 2.5 2 1 4 1 1
-1506.0 4792.2 -7.0 337 0 12.5 21.0 10.0 2.5 2 1 4 5 5
-1672.4 4894.8 -7.3 92 0 10.3 15.2 7.5 2.5 2 1 3 4 4
-1701.2 4905.6 -7.5 180 0 7.5 15.3 7.5 2.5 2 1 3 2 2
-1701.9 4914.3 -7.6 181 0 7.9 14.7 10.0 2.5 2 1 4 0 0
-1702.1 4874.7 -7.5 87 0 8.7 10.1 2.5 2.5 2 1 1 3 3
-1727.0 4933.8 -8.2 180 0 13.1 8.9 5.0 2.5 2 0 2 5 5
-1701.6 4925.0 -7.8 176 0 7.8 12.4 5.0 2.5 2 1 2 0 0
-1704.1 4934.8 -8.0 176 0 9.1 13.6 2.5 2.5 2 1 1 0 0
-1652.6 4905.1 -7.3 91 0 11.7 9.4 7.5 2.5 4 0 3 3 3
-1766.8 4788.6 -9.5 94 0 12.2 17.0 2.5 2.5 2 1 1 5 5
-1864.3 4856.1 -7.1 20 0 12.4 6.5 2.5 2.5 2 0 1 2 2
-1842.6 4879.3 -6.7 2 0 10.5 19.2 2.5 2.5 2 1 1 5 5
-1927.5 4788.0 -8.7 170 0 11.2 6.9 10.0 2.5 2 0 4 5 5
-1915.0 4797.6 -8.6 185 0 9.8 11.3 7.5 0.0 0 1 3 2 2
-1939.9 4829.4 -8.3 156 0 7.5 18.4 5.0 2.5 4 1 2 0 0
-1942.9 4848.8 -8.0 163 0 8.3 14.1 7.5 2.5 2 1 3 0 0
-1844.8 4912.8 -6.1 359 0 8.7 12.7 7.5 2.5 2 1 3 2 2
-1934.0 4909.4 -7.0 159 0 14.1 12.6 5.0 2.5 2 0 2 5 5
-1957.4 4920.6 -7.0 160 0 11.8 11.1 7.5 2.5 2 0 3 3 3
-1785.8 4947.8 -7.0 345 0 12.0 14.1 2.5 2.5 2 1 1 1 1
-1758.2 4960.1 -8.4 349 0 13.3 10.9 7.5 2.5 2 0 3 3 3
-1785.3 4965.4 -7.3 344 0 12.6 13.5 7.5 0.0 0 1 3 4 4
-1761.0 4981.6 -8.5 354 0 10.0 19.8 10.0 2.5 2 1 4 5 5
-1785.0 4980.3 -7.4 3 0 10.6 12.2 10.0 2.5 4 1 4 0 0
-2009.1 4947.9 -7.2 147 0 10.5 10.2 2.5 2.5 2 0 1 2 2
-2077.9 5003.3 -7.2 158 0 13.8 16.6 5.0 2.5 2 1 2 3 3
-2025.3 5025.7 -6.9 159 0 13.7 20.5 7.5 2.5 2 1 3 4 4
-1994.0 5028.9 -6.6 159 0 14.2 11.6 10.0 2.5 2 0 4 4 4
-1907.4 5037.9 -5.8 253 0 11.4 16.4 7.5 2.5 2 1 3 0 0
-1878.6 5033.5 -5.5 347 0 11.2 13.9 5.0 2.5 2 1 2 1 1
-1849.7 5021.5 -5.2 336 0 9.7 12.6 10.0 2.5 2 1 4 1 1
-1824.5 5071.4 -5.2 356 0 14.8 6.7 5.0 2.5 2 0 2 4 4
-1844.2 5099.8 -5.2 346 0 9.7 15.2 7.5 2.5 2 1 3 3 3
-1876.0 5124.8 -5.5 255 0 12.9 13.2 7.5 0.0 0 1 3 4 4
-1895.4 5088.7 -5.6 250 0 13.3 9.4 5.0 2.5 2 0 2 5 5
-1916.1 5076.9 -5.9 335 0 9.5 9.6 5.0 2.5 2 1 2 0 0
-2093.9 5048.8 -7.5 171 0 9.8 9.4 7.5 2.5 4 0 3 0 0
-2038.5 5045.8 -7.0 167 0 8.9 10.6 7.5 2.5 2 1 3 1 1
-2027.1 5047.5 -6.9 168 0 12.3 8.4 7.5 0.0 0 0 3 4 4
-1986.0 5099.0 -6.3 341 0 6.4 15.0 2.5 2.5 2 1 1 2 2
-2029.8 5121.9 -5.6 169 0 10.1 10.5 2.5 2.5 2 1 1 2 2
-2076.4 5104.3 -6.7 167 0 7.4 16.1 7.5 2.5 2 1 3 3 3
-2095.1 5092.8 -7.2 169 0 9.7 6.9 5.0 2.5 2 0 2 3 3
-2076.3 5119.3 -6.3 166 0 14.3 6.6 7.5 2.5 2 0 3 5 5
-2105.6 5148.7 -7.0 165 0 10.7 18.7 5.0 2.5 4 1 2 1 1
-2071.1 5149.2 -5.7 161 0 9.9 10.6 7.5 2.5 2 1 3 0 0
-2048.8 5136.3 -5.3 166 0 11.1 14.4 10.0 2.5 2 1 4 2 2
-2146.1 5232.5 -8.8 168 0 8.2 21.3 7.5 2.5 2 1 3 5 5
-1932.1 5265.8 -7.1 254 0 11.1 8.2 7.5 0.0 0 0 3 2 2
-1924.8 5275.4 -6.9 255 0 6.2 9.4 10.0 2.5 2 1 4 2 2
-1892.2 5188.9 -6.3 180 0 12.3 16.9 5.0 2.5 2 1 2 5 5
-1898.1 5164.2 -5.8 175 0 12.0 11.7 10.0 2.5 2 0 4 2 2
-1874.0 5147.1 -5.5 85 0 16.2 12.5 2.5 2.5 2 0 1 1 1
-1873.0 5136.9 -5.4 86 0 12.4 9.1 7.5 2.5 4 0 3 4 4
-1852.3 5139.2 -5.2 88 0 12.2 8.0 2.5 2.5 2 0 1 2 2
-1852.9 5176.7 -5.7 83 0 8.8 7.0 10.0 2.5 2 0 4 0 0
-1814.6 5145.3 -6.1 139 0 9.8 14.7 7.5 2.5 4 1 3 5 5
-1792.6 5135.6 -6.5 159 0 6.0 14.1 7.5 2.5 2 1 3 2 2
-1717.2 5205.7 -9.5 358 0 14.1 17.6 12.5 2.5 2 1 5 3 3
-1722.2 5175.7 -8.8 336 0 8.9 12.3 7.5 2.5 2 1 3 0 0
-1720.7 5148.1 -8.4 0 0 10.4 10.6 10.0 2.5 2 1 4 4 4
-1956.0 5085.0 -6.2 341 0 13.1 11.0 7.5 2.5 2 0 3 2 2
-1943.6 5089.1 -5.9 339 0 14.8 10.4 5.0 0.0 0 0 2 1 1
-1963.6 5103.0 -5.6 344 0 11.1 9.2 7.5 2.5 2 0 3 1 1
-1923.6 5097.8 -6.0 342 0 11.9 11.0 7.5 2.5 2 0 3 2 2
-1940.3 5111.9 -6.0 340 0 10.1 7.8 7.5 2.5 2 0 3 3 3
-1948.3 5126.7 -5.8 1 0 17.1 7.3 7.5 2.5 2 0 3 5 5
-1896.5 5110.0 -5.8 338 0 12.2 13.9 7.5 2.5 2 1 3 1 1
-1908.7 5146.3 -5.9 358 0 8.4 13.8 7.5 2.5 2 1 3 0 0
-1924.5 5146.0 -6.1 350 0 8.2 9.7 7.5 2.5 2 1 3 5 5
-1932.7 5174.0 -6.2 261 0 10.2 16.6 10.0 0.0 0 1 4 3 3
-1953.1 5190.1 -6.3 265 0 12.7 28.2 7.5 2.5 2 1 3 4 4
-1934.2 5185.5 -6.4 353 0 11.8 9.7 5.0 2.5 2 0 2 5 5
-1949.4 5222.4 -6.7 358 0 20.6 15.6 7.5 2.5 2 0 3 4 4
-1998.5 5144.5 -4.9 348 0 9.0 23.4 7.5 2.5 2 1 3 5 5
-2013.3 5233.7 -6.2 255 0 22.4 22.7 7.5 0.0 0 1 3 5 5
-1916.7 5298.0 -5.7 79 0 8.3 13.1 7.5 2.5 2 1 3 1 1
-1010.7 5787.8 -11.9 323 0 10.7 12.4 5.0 2.5 2 1 2 3 3
-2406.6 5479.5 -9.6 90 0 8.8 9.3 7.5 2.5 2 1 3 1 1
-2289.6 5491.4 -8.7 1 0 14.0 31.6 10.0 2.5 2 1 4 4 4
-2098.3 5007.7 -7.0 334 0 9.4 14.8 5.0 2.5 2 1 2 1 1
-4030.8 5762.9 -5.6 178 0 15.1 13.9 10.5 3.5 2 0 3 3 3
-4035.7 5811.6 -6.1 143 0 11.7 21.6 10.5 0.0 0 1 3 2 2
-4042.2 5780.5 -5.7 168 0 14.7 14.2 10.5 3.5 2 0 3 4 4
-4042.1 5798.1 -5.9 168 0 10.6 17.3 10.5 3.5 4 1 3 2 2
-3992.9 5818.6 -6.3 328 0 12.8 20.2 10.5 3.5 2 1 3 3 3
-4326.9 5002.6 -14.0 77 0 10.0 15.9 17.5 3.5 2 1 5 4 4
-4342.5 5164.0 -9.9 301 0 14.9 16.4 17.5 3.5 4 1 5 1 1
-4355.7 5072.0 -11.5 275 0 10.1 18.9 17.5 3.5 2 1 5 1 1
-4362.5 5037.6 -11.7 114 0 11.8 12.4 17.5 3.5 4 1 5 5 5
-4322.2 5052.9 -12.3 349 0 11.0 7.5 17.5 3.5 2 0 5 1 1
-4417.3 5067.7 -8.7 207 0 25.4 8.3 17.5 3.5 2 0 5 4 4
-4408.2 5051.3 -9.1 97 0 6.4 15.0 17.5 3.5 2 1 5 4 4
-4409.7 5028.8 -10.8 99 0 9.3 10.8 17.5 3.5 4 1 5 5 5
-4346.1 5093.6 -11.3 268 0 16.4 13.7 17.5 3.5 2 0 5 1 1
-4419.9 5159.3 -8.9 195 0 9.3 20.6 17.5 3.5 4 1 5 1 1
-4358.5 5215.7 -8.6 130 0 12.7 10.0 14.0 3.5 2 0 4 2 2
-4367.0 5203.9 -8.6 140 0 9.4 15.3 14.0 3.5 2 1 4 5 5
-4374.4 5207.5 -8.4 115 0 8.0 6.2 14.0 3.5 2 0 4 5 5
-4375.3 5214.8 -8.3 127 0 13.6 22.8 14.0 3.5 2 1 4 4 4
-4291.6 5214.9 -9.8 347 0 25.3 14.1 14.0 3.5 2 0 4 1 1
-4341.4 5191.1 -9.4 144 0 17.8 28.1 14.0 3.5 2 1 4 3 3
-1523.1 4928.8 -6.3 174 0 6.8 19.1 7.5 2.5 2 1 3 1 1
-1519.2 4950.1 -6.6 178 0 20.6 12.6 7.5 0.0 0 0 3 5 5
-1533.3 4939.0 -6.7 168 0 6.5 11.3 5.0 2.5 2 1 2 4 4
-1463.3 4913.8 -5.0 89 0 7.4 7.8 5.0 2.5 2 1 2 1 1
-1493.5 4972.9 -6.5 276 0 8.7 14.1 7.5 2.5 2 1 3 2 2
-6000.5 4983.7 -7.3 71 0 7.5 7.1 10.0 2.5 2 0 4 0 0
-6008.4 4979.8 -7.9 70 0 8.4 6.1 7.5 0.0 0 0 3 4 4
-5990.0 4981.5 -7.3 77 0 10.8 13.1 2.5 0.0 0 1 1 4 4
-5952.2 4986.8 -5.8 87 0 11.7 14.4 2.5 0.0 0 1 1 5 5
-5960.0 5060.9 0.5 254 0 17.8 14.2 10.0 2.5 2 0 4 0 0
-5952.7 5021.3 -2.3 78 0 15.0 8.8 7.5 2.5 2 0 3 1 1
-5917.2 5009.3 -1.9 79 0 8.7 12.4 2.5 0.0 0 1 1 2 2
-5928.5 5004.3 -3.2 82 0 10.9 6.2 7.5 2.5 2 0 3 1 1
-5923.6 4995.6 -4.3 83 0 14.7 7.6 7.5 2.5 2 0 3 5 5
-5934.1 5069.8 4.8 167 0 12.3 8.7 7.5 2.5 4 0 3 0 0
-5920.0 5074.4 6.2 177 0 10.8 14.7 7.5 2.5 2 1 3 2 2
-5987.5 5174.8 3.3 193 0 14.4 11.2 5.0 2.5 2 0 2 3 3
-5940.4 5132.3 5.9 177 0 11.7 12.5 2.5 2.5 2 1 1 3 3
-5940.3 5115.6 5.6 182 0 12.5 13.7 7.5 2.5 4 1 3 2 2
-5931.5 5183.1 6.3 224 0 14.5 12.1 10.0 2.5 2 0 4 3 3
-5899.3 5009.3 -1.6 73 0 13.6 10.1 7.5 0.0 0 0 3 5 5
-5875.0 5007.2 -1.8 81 0 12.6 7.8 7.5 2.5 2 0 3 5 5
-5792.9 5022.8 -1.7 355 0 11.2 10.8 2.5 2.5 2 0 1 5 5
-5868.4 5071.4 6.5 44 0 9.0 30.7 12.5 2.5 2 1 5 2 2
-5866.1 5053.6 4.4 81 0 9.5 12.6 7.5 2.5 4 1 3 1 1
-5855.0 5049.8 2.9 351 0 11.1 19.7 7.5 2.5 2 1 3 1 1
-5893.7 5098.6 7.7 173 0 10.7 23.8 7.5 2.5 2 1 3 0 0
-5709.1 5043.0 -5.7 165 0 16.3 9.7 7.5 2.5 2 0 3 1 1
-5688.6 5029.9 -7.2 92 0 13.3 22.3 10.0 2.5 2 1 4 1 1
-5661.8 5036.4 -8.8 66 0 11.0 12.9 5.0 2.5 2 1 2 0 0
-5657.0 5072.1 -9.0 332 0 12.4 13.0 7.5 2.5 2 1 3 4 4
-5589.3 5102.8 -10.7 338 0 13.7 10.1 7.5 2.5 2 0 3 4 4
-5671.2 5167.2 -5.5 75 0 7.8 13.3 10.0 2.5 2 1 4 2 2
-5626.2 5222.4 -3.6 346 0 12.8 19.9 7.5 0.0 0 1 3 4 4
-5611.0 5198.6 -5.3 347 0 12.8 19.0 7.5 2.5 2 1 3 4 4
-5691.1 5146.3 -5.5 345 0 13.2 19.4 12.5 2.5 2 1 5 4 4
-5695.0 5163.4 -5.2 351 0 11.1 19.9 5.0 2.5 4 1 2 1 1
-5723.3 5207.9 -1.1 346 0 11.5 13.8 7.5 2.5 2 1 3 4 4
-5718.4 5226.6 -1.7 248 0 14.7 13.7 7.5 2.5 2 0 3 1 1
-5803.0 5110.3 5.2 356 0 27.4 13.0 10.0 2.5 2 0 4 1 1
-5790.3 5184.9 6.3 87 0 10.2 15.6 5.0 2.5 2 1 2 5 5
-5792.9 5236.9 6.8 252 0 16.1 12.9 10.0 2.5 2 0 4 0 0
-5801.7 5264.9 8.9 314 0 10.4 10.4 2.5 2.5 2 1 1 2 2
-5804.7 5249.1 8.3 248 0 13.2 9.4 7.5 2.5 2 0 3 0 0
-5815.2 5175.2 8.6 83 0 20.9 16.1 10.0 2.5 2 0 4 5 5
-5830.9 5136.2 7.8 358 0 21.5 19.0 10.0 2.5 2 0 4 3 3
-5841.7 5162.0 8.4 357 0 22.6 29.0 7.5 0.0 0 1 3 1 1
-5830.7 5183.9 8.7 350 0 10.5 12.4 10.0 0.0 0 1 4 4 4
-5844.7 5208.5 8.8 255 0 13.8 19.0 5.0 2.5 2 1 2 4 4
-5831.9 5262.2 7.8 257 0 13.0 13.0 7.5 2.5 2 1 3 3 3
-5842.3 5239.7 8.1 257 0 15.9 10.8 2.5 2.5 2 0 1 5 5
-5866.1 5244.3 7.0 263 0 8.3 15.8 5.0 2.5 2 1 2 5 5
-5850.4 5272.2 6.4 261 0 16.8 17.9 10.0 2.5 2 1 4 2 2
-5884.6 5275.8 5.3 346 0 11.7 8.0 7.5 2.5 2 0 3 1 1
-5888.7 5362.8 4.5 354 0 6.6 6.8 10.0 2.5 2 1 4 3 3
-5880.9 5335.7 4.8 301 0 9.4 15.5 2.5 2.5 2 1 1 3 3
-5885.4 5307.6 5.0 21 0 10.1 7.1 7.5 0.0 0 0 3 3 3
-5945.8 5306.5 2.6 180 0 14.5 10.0 7.5 0.0 0 0 3 1 1
-5922.2 5208.5 5.8 199 0 13.1 9.0 7.5 2.5 2 0 3 1 1
-5892.1 5270.9 4.8 336 0 6.0 17.9 7.5 2.5 2 1 3 1 1
-5903.7 5217.3 6.1 157 0 12.0 13.5 7.5 2.5 2 1 3 1 1
-5902.8 5296.7 4.9 3 0 12.2 13.3 5.0 2.5 2 1 2 0 0
-5937.6 5249.4 1.7 101 0 12.6 9.5 5.0 2.5 2 0 2 3 3
-621.5 6261.9 -7.2 45 0 14.4 15.2 5.0 2.5 2 1 2 0 0
-594.7 6291.3 -7.0 23 0 18.5 11.6 7.5 2.5 2 0 3 2 2
