-5685.1 5238.3 -14.6 80 0 106.2 57.2 14.0 0.0 0 0 4 3 3
-5369.3 5851.4 -8.1 347 0 30.8 12.6 10.0 2.5 2 0 4 5 5
-5301.0 5745.0 -7.9 348 0 22.2 12.6 5.0 2.5 2 0 2 2 2
-5264.5 5839.6 -7.0 350 0 19.2 38.7 10.0 2.5 2 1 4 4 4
-5195.3 5787.5 -7.7 77 0 13.0 34.7 10.0 2.5 2 1 4 2 2
-5245.8 5846.6 -7.0 183 0 10.3 22.2 7.5 2.5 2 1 3 5 5
-5258.6 5879.7 -7.9 172 0 10.8 30.0 10.0 2.5 2 1 4 3 3
-5188.0 5886.4 -7.6 352 0 11.3 35.3 12.5 2.5 2 1 5 2 2
-1671.8 6860.3 -10.4 351 0 31.2 13.0 10.0 0.0 0 0 4 2 2
-1670.2 6907.3 -9.3 338 0 8.7 24.7 10.0 2.5 2 1 4 3 3
-1595.1 6906.9 -10.3 344 0 15.4 17.7 12.5 2.5 2 1 5 0 0
-1611.6 6715.4 -8.5 169 0 12.7 17.5 7.5 2.5 2 1 3 2 2
-1620.2 6732.4 -9.0 164 0 12.3 23.3 7.5 2.5 2 1 3 2 2
-1651.5 6822.8 -11.2 248 0 8.6 32.6 7.5 2.5 2 1 3 5 5
-1639.0 6752.4 -10.0 164 0 16.6 9.5 5.0 2.5 2 0 2 2 2
-1585.3 6754.9 -9.3 257 0 15.3 18.9 7.5 2.5 2 1 3 4 4
-1557.9 6759.3 -9.4 343 0 12.6 18.5 7.5 2.5 2 1 3 5 5
-6097.5 5529.2 -7.4 343 0 15.9 31.8 14.0 3.5 2 1 4 4 4
-6865.5 5440.7 -10.2 166 0 55.4 24.9 14.0 3.5 2 0 4 3 3
-6617.7 5431.1 -9.8 261 0 8.7 19.9 14.0 3.5 2 1 4 0 0
-285.6 6006.0 -11.9 342 0 11.1 41.0 7.5 2.5 2 1 3 2 2
-6795.7 5488.5 -9.1 348 0 19.8 24.6 14.0 3.5 2 1 4 5 5
-6805.3 5551.4 -8.9 166 0 7.5 33.2 14.0 3.5 2 1 4 4 4
-5930.1 6200.0 -6.5 269 0 15.5 12.5 14.0 3.5 2 0 4 5 5
-4776.4 6316.5 -5.8 20 0 19.3 12.5 2.5 0.0 0 0 1 5 5
2202.4 6909.3 -13.9 350 0 6.3 14.8 14.0 3.5 2 0 4 0 0
2208.9 6818.1 -12.6 69 0 6.8 6.2 14.0 3.5 2 0 4 1 1
2326.5 6828.9 -13.1 75 0 11.6 12.4 14.0 3.5 2 1 4 3 3
2393.1 6876.5 -11.9 177 0 15.0 10.6 14.0 3.5 2 0 4 1 1
2201.2 6872.2 -13.3 256 0 7.6 14.2 14.0 3.5 2 0 4 5 5
2382.0 6885.6 -11.7 258 0 14.5 9.1 14.0 3.5 2 0 4 1 1
2264.1 6856.4 -12.8 344 0 7.7 6.3 14.0 3.5 2 0 4 2 2
2232.5 6906.7 -13.2 356 0 11.5 9.7 14.0 3.5 2 0 4 3 3
2453.7 6896.8 -11.9 170 0 7.7 8.2 14.0 0.0 0 1 4 0 0
2252.5 6859.1 -12.5 352 0 6.7 8.1 14.0 3.5 2 0 4 1 1
2294.4 6857.0 -12.9 76 0 9.7 11.1 14.0 3.5 2 1 4 4 4
2318.3 6854.8 -13.0 267 0 11.5 8.5 14.0 3.5 2 0 4 5 5
2308.5 6909.5 -11.8 270 0 13.4 8.7 14.0 3.5 2 0 4 5 5
2170.5 6830.3 -13.6 161 0 13.1 14.2 10.5 3.5 2 1 3 3 3
2496.7 6904.9 -12.4 344 0 23.8 8.9 14.0 0.0 0 0 4 2 2
2144.6 6856.6 -14.5 359 0 7.8 7.9 14.0 3.5 2 1 4 1 1
2235.7 6879.2 -12.7 267 0 11.4 10.1 14.0 3.5 2 0 4 5 5
2443.7 6906.1 -11.3 169 0 6.8 16.1 14.0 3.5 2 1 4 0 0
2159.1 6760.6 -16.2 259 0 9.2 14.1 5.0 2.5 2 0 2 1 1
2328.1 6856.9 -12.8 172 0 10.6 10.2 14.0 3.5 2 0 4 3 3
2249.7 6906.7 -12.9 359 0 10.2 13.8 14.0 3.5 2 1 4 5 5
2333.1 6831.2 -13.0 93 0 6.0 6.5 14.0 3.5 2 1 4 0 0
2160.6 6909.0 -14.5 170 0 7.7 9.2 14.0 3.5 4 1 4 2 2
2495.0 6852.1 -17.4 254 0 10.4 6.8 7.5 2.5 2 0 3 5 5
2199.5 6825.5 -13.1 353 0 9.6 13.0 10.5 3.5 4 1 3 5 5
2354.8 6810.3 -17.0 256 0 6.7 7.3 7.5 2.5 2 0 3 4 4
2435.8 6889.4 -12.1 343 0 7.1 9.5 14.0 3.5 2 1 4 3 3
2350.5 6837.6 -13.0 83 0 6.6 14.8 14.0 3.5 2 1 4 4 4
2256.5 6870.8 -12.4 342 0 6.3 12.0 14.0 3.5 2 1 4 1 1
2211.0 6766.6 -16.2 249 0 7.9 6.7 2.5 2.5 2 0 1 2 2
2359.7 6907.8 -11.2 261 0 8.3 10.6 14.0 3.5 2 1 4 5 5
2272.2 6840.1 -13.1 352 0 13.8 11.9 14.0 3.5 2 0 4 2 2
2408.5 6900.2 -11.6 262 0 9.5 12.6 14.0 3.5 2 1 4 2 2
2203.7 6834.9 -12.8 173 0 6.8 16.6 14.0 3.5 2 1 4 3 3
2153.3 6800.1 -14.2 90 0 7.7 9.5 14.0 3.5 2 1 4 4 4
2263.1 6782.6 -16.5 264 0 8.1 6.7 5.0 2.5 2 0 2 3 3
2348.7 6910.3 -11.3 266 0 6.3 12.5 14.0 3.5 2 1 4 2 2
2142.3 6871.9 -14.5 267 0 10.7 8.2 14.0 3.5 4 0 4 2 2
2372.2 6899.0 -11.1 173 0 6.9 14.6 14.0 3.5 4 1 4 1 1
2212.4 6864.0 -12.9 166 0 10.4 7.9 14.0 3.5 2 0 4 0 0
2246.3 6892.3 -12.6 259 0 10.4 9.6 14.0 3.5 2 0 4 4 4
2296.2 6821.5 -13.2 90 0 11.8 9.5 14.0 3.5 2 0 4 4 4
2241.3 6779.4 -15.9 261 0 6.4 8.3 5.0 2.5 2 0 2 5 5
2311.6 6824.0 -13.2 77 0 6.1 18.3 14.0 3.5 2 1 4 2 2
2469.2 6913.8 -12.3 257 0 9.5 24.3 14.0 3.5 2 1 4 4 4
2458.9 6865.1 -13.3 78 0 12.6 10.6 14.0 3.5 2 0 4 0 0
2173.7 6908.3 -14.3 173 0 9.9 11.2 14.0 3.5 2 1 4 3 3
2425.1 6865.3 -12.6 83 0 11.5 13.7 14.0 3.5 4 1 4 3 3
2332.4 6850.1 -13.0 261 0 7.2 10.0 14.0 3.5 4 1 4 4 4
2209.6 6875.6 -13.2 160 0 10.9 6.4 14.0 0.0 0 0 4 2 2
2138.5 6883.0 -14.7 265 0 6.7 9.5 14.0 3.5 2 1 4 2 2
2359.1 6867.2 -12.5 341 0 12.8 15.5 14.0 3.5 2 1 4 0 0
2325.4 6910.4 -11.6 266 0 12.9 8.9 14.0 3.5 2 0 4 0 0
2254.6 6876.8 -12.4 343 0 6.2 11.9 14.0 3.5 2 1 4 3 3
2331.3 6790.9 -18.0 73 0 8.2 7.8 7.5 2.5 2 0 3 5 5
2150.1 6832.1 -14.5 5 0 13.1 9.3 14.0 0.0 0 0 4 1 1
2154.9 6879.6 -14.3 175 0 9.1 7.0 14.0 3.5 4 0 4 3 3
2146.3 6887.5 -14.7 82 0 8.7 9.2 14.0 3.5 2 1 4 5 5
2234.7 6830.0 -12.7 82 0 11.8 10.9 14.0 3.5 2 0 4 1 1
2191.1 6892.4 -13.8 107 0 10.3 8.1 14.0 3.5 2 0 4 4 4
2146.0 6908.9 -14.9 268 0 11.8 11.4 14.0 3.5 4 0 4 2 2
2327.7 6900.8 -11.7 266 0 13.2 6.4 14.0 3.5 2 0 4 4 4
2164.3 6869.7 -14.0 177 0 7.3 6.2 10.5 3.5 2 0 3 4 4
2238.7 6816.0 -13.0 74 0 8.6 8.3 14.0 3.5 2 0 4 5 5
2340.2 6910.6 -11.4 268 0 8.0 8.3 14.0 3.5 2 1 4 1 1
2372.5 6846.2 -12.9 168 0 11.8 16.4 14.0 3.5 2 1 4 2 2
2170.3 6881.5 -14.0 173 0 8.0 6.3 10.5 3.5 2 0 3 3 3
2220.8 6894.6 -13.1 254 0 10.5 11.5 14.0 3.5 2 1 4 2 2
2154.0 6870.1 -14.2 177 0 7.0 9.8 14.0 3.5 2 1 4 0 0
2275.2 6871.4 -12.7 356 0 6.2 6.2 14.0 3.5 2 1 4 2 2
2225.1 6854.6 -12.5 174 0 7.6 6.1 14.0 0.0 0 0 4 0 0
2199.2 6772.2 -15.7 255 0 6.4 12.6 7.5 2.5 2 1 3 3 3
2780.2 6908.4 -21.2 347 0 10.2 8.3 7.5 2.5 2 0 3 0 0
2440.2 6875.4 -12.7 351 0 11.2 7.7 14.0 3.5 4 0 4 1 1
2193.6 6842.5 -13.2 335 0 7.2 11.3 10.5 3.5 2 1 3 2 2
2270.8 6907.4 -12.3 90 0 10.6 6.5 14.0 3.5 2 0 4 4 4
2325.6 6882.2 -12.0 162 0 8.0 12.2 14.0 3.5 2 1 4 0 0
2508.4 6912.3 -12.5 178 0 34.0 9.9 14.0 3.5 2 0 4 0 0
2341.0 6885.0 -11.8 176 0 8.9 11.6 14.0 3.5 4 1 4 3 3
2211.6 6792.9 -15.0 257 0 7.7 17.1 7.5 2.5 2 1 3 2 2
2167.3 6854.4 -13.8 170 0 15.3 15.3 10.5 3.5 2 0 3 0 0
2214.7 6848.3 -12.7 169 0 7.2 10.0 14.0 3.5 2 1 4 3 3
2449.3 6882.8 -12.6 170 0 10.7 11.3 14.0 3.5 2 1 4 2 2
2364.4 6889.7 -11.6 1 0 9.6 8.5 14.0 0.0 0 0 4 5 5
2479.8 6912.4 -12.5 254 0 10.6 23.8 14.0 3.5 2 1 4 0 0
2150.1 6816.1 -14.4 11 0 6.0 9.1 14.0 3.5 2 1 4 0 0
2429.2 6905.7 -11.5 263 0 11.8 8.2 14.0 3.5 2 0 4 2 2
2144.2 6771.5 -15.8 251 0 7.2 11.5 5.0 2.5 2 1 2 1 1
2266.8 6870.7 -12.6 347 0 8.4 6.6 14.0 3.5 2 0 4 2 2
2402.2 6834.4 -13.4 263 0 7.4 10.8 5.0 2.5 2 0 2 2 2
2187.9 6767.1 -16.2 258 0 8.4 14.0 7.5 2.5 2 1 3 4 4
2477.7 6846.2 -18.0 261 0 8.9 8.1 7.5 2.5 2 0 3 5 5
2173.4 6888.4 -14.3 78 0 12.4 11.5 14.0 3.5 2 0 4 4 4
2497.0 6908.1 -12.4 168 0 30.0 9.2 14.0 3.5 2 0 4 1 1
2255.5 6831.5 -13.1 90 0 11.8 7.7 14.0 3.5 2 0 4 0 0
2308.5 6852.3 -13.1 270 0 8.2 11.3 14.0 3.5 2 1 4 5 5
2429.6 6854.0 -13.0 74 0 10.8 9.0 14.0 3.5 2 0 4 2 2
2201.7 6873.0 -13.5 80 0 9.1 11.9 14.0 0.0 0 1 4 1 1
2271.9 6908.2 -12.3 281 0 8.6 12.7 14.0 3.5 2 1 4 5 5
2304.0 6859.9 -12.8 94 0 16.2 9.5 14.0 3.5 2 0 4 1 1
2415.6 6851.3 -12.8 81 0 8.0 13.2 14.0 3.5 2 1 4 3 3
2156.3 6813.7 -14.0 169 0 8.4 9.0 10.5 3.5 2 1 3 4 4
2174.8 6801.9 -13.7 90 0 17.7 9.5 10.5 3.5 2 0 3 0 0
2225.5 6787.1 -15.0 257 0 16.8 9.2 5.0 2.5 2 0 2 2 2
2172.4 6822.1 -13.5 173 0 9.6 14.3 10.5 3.5 2 1 3 1 1
2182.5 6879.8 -13.7 257 0 6.5 7.9 10.5 3.5 2 1 3 0 0
2233.3 6856.6 -12.4 175 0 6.5 8.5 14.0 0.0 0 1 4 3 3
2285.6 6904.8 -12.1 180 0 19.6 7.1 14.0 3.5 2 0 4 2 2
2168.9 6880.8 -14.2 354 0 9.4 6.5 10.5 3.5 2 0 3 1 1
2397.6 6897.8 -11.3 263 0 9.5 10.0 14.0 3.5 2 1 4 5 5
2280.6 6837.0 -13.2 154 0 8.5 9.2 14.0 0.0 0 1 4 5 5
2275.6 6801.2 -14.5 265 0 10.8 11.4 7.5 2.5 2 1 3 3 3
2246.9 6844.4 -12.6 81 0 8.6 6.9 14.0 3.5 2 0 4 3 3
2302.1 6883.6 -12.2 90 0 10.6 12.3 14.0 3.5 2 1 4 3 3
2188.2 6781.1 -15.2 257 0 10.3 7.1 10.0 2.5 2 0 4 0 0
2544.5 6904.2 -13.1 260 0 10.3 13.3 14.0 0.0 0 1 4 2 2
2428.0 6836.5 -16.3 257 0 10.1 10.3 7.5 2.5 4 1 3 2 2
2210.6 6822.4 -12.5 155 0 7.0 10.3 14.0 3.5 2 0 4 4 4
2279.1 6855.3 -13.2 0 0 14.2 14.1 14.0 3.5 2 0 4 2 2
2450.9 6897.7 -11.9 351 0 8.7 6.2 14.0 3.5 2 0 4 1 1
2381.8 6895.7 -11.3 267 0 13.6 8.9 14.0 3.5 2 0 4 4 4
-4811.1 6772.3 8.2 1 0 81.0 11.4 12.5 2.5 2 0 5 3 3
-4902.2 6655.6 3.8 309 0 8.4 30.9 2.5 0.0 0 1 1 5 5
-4902.4 6706.5 5.8 195 0 8.6 6.9 7.5 2.5 2 0 3 2 2
-4908.5 6795.4 3.8 287 0 14.0 34.4 2.5 0.0 0 1 1 4 4
-4935.6 6858.8 10.4 349 0 18.6 44.6 10.0 0.0 0 1 4 1 1
-4971.1 6704.5 -2.9 303 0 21.8 27.0 12.5 0.0 0 1 5 5 5
-4836.3 6883.8 8.4 14 0 10.7 39.7 12.5 0.0 0 1 5 1 1
-4966.4 6621.9 -0.2 70 0 9.4 20.4 10.0 0.0 0 1 4 2 2
-4973.8 6665.3 -1.5 21 0 15.9 17.7 12.5 2.5 2 1 5 1 1
-4835.5 6850.2 10.5 180 0 20.8 11.6 5.0 2.5 2 0 2 3 3
-5011.3 6813.4 3.9 175 0 17.2 36.9 12.5 0.0 0 1 5 4 4
-4830.6 6827.3 10.8 89 0 8.5 9.1 2.5 2.5 4 1 1 1 1
-4904.2 6676.3 2.6 285 0 14.0 45.1 7.5 2.5 4 1 3 2 2
-4953.5 6712.2 2.0 40 0 6.3 17.1 7.5 2.5 2 1 3 2 2
-5005.1 6766.3 -3.3 117 0 7.3 41.2 10.0 0.0 0 1 4 0 0
-5079.3 6898.8 5.2 172 0 15.2 9.1 2.5 2.5 2 0 1 2 2
-4942.5 6908.9 11.2 284 0 14.0 40.4 7.5 2.5 2 1 3 4 4
-4928.2 6732.3 4.6 209 0 6.6 9.4 5.0 2.5 2 1 2 5 5
-5014.1 6653.3 -3.0 119 0 8.5 25.5 5.0 2.5 2 1 2 3 3
-5022.1 6908.9 8.5 12 0 10.6 19.0 15.0 0.0 0 1 6 4 4
-4901.6 6682.1 5.2 110 0 16.3 53.1 10.0 2.5 2 1 4 1 1
-4934.5 6687.4 3.4 212 0 8.1 15.1 7.5 2.5 4 1 3 3 3
-2215.3 5898.9 1.5 354 0 15.8 23.0 14.0 3.5 2 1 4 3 3
-1620.8 5791.1 -10.9 173 0 8.5 17.3 14.0 3.5 4 1 4 0 0
-881.9 6193.9 -11.2 250 0 16.9 47.5 7.5 2.5 2 1 3 1 1
-5475.5 5791.5 -7.6 257 0 12.3 15.9 10.5 3.5 2 1 3 4 4
-5428.5 5824.7 -7.9 257 0 28.2 41.8 10.5 0.0 0 1 3 3 3
-5403.8 5871.3 -8.8 167 0 28.0 7.8 10.0 2.5 2 0 4 5 5
-3827.0 5841.1 -11.8 76 0 11.7 13.2 14.0 3.5 2 1 4 2 2
-6502.4 5101.1 -14.3 168 0 14.4 12.3 14.0 3.5 2 0 4 4 4
-6487.4 5104.3 -14.7 169 0 14.6 11.9 14.0 3.5 2 0 4 5 5
-6495.5 5083.7 -14.8 169 0 11.1 15.2 14.0 3.5 2 1 4 5 5
-6442.5 5123.2 -14.6 350 0 17.1 30.9 14.0 3.5 2 1 4 2 2
-6463.4 5098.2 -15.0 79 0 18.1 10.5 14.0 3.5 2 0 4 3 3
-6440.3 5103.6 -15.4 349 0 14.0 13.0 14.0 3.5 2 0 4 2 2
-6567.1 5072.4 -14.6 171 0 9.3 15.5 10.5 3.5 2 1 3 3 3
-6533.7 5178.0 -11.9 350 0 7.5 15.7 10.5 3.5 4 1 3 3 3
-6526.0 5110.9 -13.2 350 0 9.6 18.4 10.5 0.0 0 1 3 3 3
-6541.4 5205.4 -11.8 348 0 11.8 13.4 10.5 3.5 2 1 3 3 3
-6555.7 5202.0 -11.5 348 0 11.6 9.0 10.5 0.0 0 0 3 3 3
-6573.7 5169.5 -12.3 170 0 15.9 10.5 10.5 3.5 4 0 3 0 0
-6539.4 5190.8 -11.8 346 0 13.8 14.0 10.5 3.5 2 1 3 4 4
-6553.8 5187.2 -11.7 348 0 15.3 8.2 10.5 3.5 2 0 3 0 0
-6549.2 5167.3 -11.9 347 0 6.2 8.7 10.5 3.5 2 1 3 3 3
-6535.4 5159.6 -12.0 346 0 12.5 11.0 10.5 3.5 2 0 3 0 0
-6547.4 5155.7 -12.3 349 0 15.0 8.1 10.5 3.5 4 0 3 1 1
-6528.2 5140.0 -12.6 348 0 11.5 23.4 10.5 3.5 2 1 3 4 4
-6525.1 5124.4 -13.0 351 0 13.8 21.2 10.5 3.5 2 1 3 2 2
-6569.5 5149.2 -12.6 169 0 17.6 13.1 10.5 3.5 2 0 3 1 1
-6578.1 5129.2 -13.3 166 0 10.9 22.0 10.5 3.5 2 1 3 4 4
-6574.0 5114.3 -13.9 167 0 12.3 26.2 10.5 0.0 0 1 3 4 4
-6569.2 5103.4 -14.0 167 0 7.9 15.2 10.5 3.5 2 1 3 2 2
-6518.9 5094.1 -13.7 349 0 8.9 17.2 10.5 3.5 2 1 3 1 1
-6520.6 5077.3 -14.0 79 0 8.5 9.9 10.5 0.0 0 1 3 4 4
-6532.5 5073.1 -13.8 79 0 10.9 12.4 10.5 3.5 4 1 3 4 4
-6544.4 5070.2 -13.9 79 0 10.3 7.6 10.5 3.5 2 0 3 4 4
-6569.2 5084.3 -14.4 166 0 11.6 20.3 10.5 3.5 2 1 3 2 2
-6344.4 5178.4 -14.0 350 0 9.9 12.5 14.0 3.5 2 1 4 0 0
-6234.1 5139.7 -17.0 354 0 7.8 9.1 14.0 3.5 2 1 4 3 3
-6233.7 5152.2 -16.8 352 0 13.2 11.8 14.0 3.5 2 0 4 1 1
-6292.7 5206.7 -15.1 344 0 10.9 21.4 14.0 3.5 2 1 4 3 3
-6288.4 5194.0 -15.5 351 0 7.3 18.7 14.0 3.5 2 1 4 5 5
-6335.8 5188.8 -14.8 172 0 12.3 20.6 14.0 3.5 2 1 4 0 0
-6337.3 5202.2 -14.6 170 0 10.6 15.5 14.0 3.5 2 1 4 3 3
-6332.6 5175.4 -14.7 166 0 9.4 14.1 14.0 3.5 4 1 4 4 4
-6328.3 5156.6 -14.7 171 0 15.1 11.7 14.0 3.5 2 0 4 3 3
-6281.7 5146.0 -15.6 354 0 10.2 18.2 14.0 3.5 2 1 4 0 0
-6285.3 5175.3 -15.7 349 0 14.7 25.2 14.0 3.5 4 1 4 0 0
-6283.0 5158.4 -15.6 351 0 8.5 25.3 14.0 3.5 2 1 4 0 0
-6286.4 5129.4 -15.5 352 0 12.9 19.9 14.0 0.0 0 1 4 2 2
-6310.1 5141.1 -15.1 174 0 12.0 8.6 14.0 3.5 2 0 4 5 5
-6326.6 5139.3 -14.8 170 0 10.5 14.0 14.0 3.5 2 1 4 0 0
-6316.1 5125.1 -15.4 169 0 10.6 6.7 14.0 3.5 2 0 4 2 2
-6325.0 5125.1 -15.5 173 0 13.7 7.1 14.0 3.5 2 0 4 4 4
-6319.4 5113.3 -15.9 170 0 8.6 12.7 14.0 0.0 0 1 4 0 0
-6425.7 5121.2 -14.7 169 0 8.2 25.6 10.5 3.5 2 1 3 2 2
-6380.5 5199.2 -13.5 167 0 12.1 11.8 14.0 3.5 2 0 4 4 4
-6354.7 5201.2 -13.7 347 0 10.8 10.7 14.0 3.5 2 0 4 3 3
-6346.3 5190.2 -13.9 350 0 10.7 12.1 14.0 3.5 2 1 4 5 5
-6373.7 5160.8 -13.7 175 0 13.9 11.2 14.0 0.0 0 0 4 2 2
-6340.4 5160.2 -14.1 349 0 9.2 14.4 14.0 3.5 2 1 4 0 0
-6380.4 5183.4 -13.6 170 0 8.9 16.9 14.0 3.5 2 1 4 0 0
-6379.2 5174.2 -13.5 170 0 9.0 13.2 14.0 3.5 4 1 4 5 5
-6369.6 5135.2 -15.0 172 0 11.9 11.3 14.0 3.5 2 0 4 4 4
-6337.1 5140.9 -14.8 355 0 9.7 14.3 14.0 3.5 2 1 4 5 5
-6335.6 5121.4 -16.2 350 0 26.5 11.9 14.0 3.5 4 0 4 4 4
-6362.1 5112.6 -16.2 172 0 7.3 9.8 14.0 3.5 2 1 4 5 5
-6366.4 5122.0 -15.7 171 0 10.7 11.9 14.0 3.5 2 1 4 5 5
-6397.5 5216.7 -13.2 349 0 25.3 13.1 10.5 3.5 2 0 3 0 0
-6391.2 5199.4 -13.3 349 0 8.2 14.2 10.5 3.5 2 1 3 5 5
-6384.3 5170.8 -13.3 352 0 12.7 12.9 10.5 3.5 2 1 3 1 1
-6439.7 5204.9 -13.0 171 0 11.5 15.7 10.5 3.5 2 1 3 4 4
-6438.7 5178.4 -12.9 168 0 8.7 12.9 10.5 3.5 2 1 3 1 1
-6409.0 5183.6 -13.1 351 0 8.5 9.7 10.5 3.5 2 1 3 4 4
-6418.1 5171.8 -13.1 171 0 11.1 11.4 10.5 0.0 0 1 3 5 5
-6404.3 5162.9 -13.2 348 0 8.1 9.4 10.5 0.0 0 1 3 3 3
-6435.5 5166.2 -13.0 170 0 7.0 15.2 10.5 3.5 2 1 3 1 1
-6433.8 5158.7 -13.0 171 0 7.3 17.0 10.5 3.5 2 1 3 1 1
-6412.6 5148.3 -13.6 163 0 6.4 8.7 10.5 3.5 2 1 3 5 5
-6431.8 5146.2 -13.6 168 0 9.0 17.5 10.5 3.5 2 1 3 5 5
-6430.7 5134.1 -14.1 169 0 8.0 13.3 10.5 3.5 2 1 3 1 1
-6388.1 5156.3 -13.6 349 0 11.5 11.6 10.5 0.0 0 1 3 2 2
-6378.7 5144.1 -14.2 350 0 10.4 17.4 10.5 3.5 2 1 3 5 5
-6384.5 5131.3 -14.8 350 0 11.4 10.4 10.5 3.5 2 0 3 2 2
-6379.5 5120.5 -15.4 351 0 8.2 12.0 10.5 3.5 2 1 3 5 5
-6372.8 5111.7 -16.1 350 0 9.5 13.2 10.5 3.5 2 1 3 0 0
-6373.9 5101.8 -16.6 351 0 7.6 10.8 10.5 0.0 0 1 3 3 3
-6420.7 5099.6 -16.4 171 0 18.4 34.3 10.5 0.0 0 1 3 4 4
-6512.1 5141.7 -13.4 169 0 13.6 18.8 14.0 3.5 2 1 4 5 5
-6479.5 5207.7 -12.4 351 0 13.1 13.3 14.0 3.5 2 1 4 1 1
-6519.5 5190.6 -12.2 169 0 10.1 18.9 14.0 3.5 2 1 4 0 0
-6459.6 5210.8 -12.6 347 0 10.6 8.9 14.0 0.0 0 0 4 0 0
-6462.7 5187.9 -12.6 349 0 14.8 23.2 14.0 0.0 0 1 4 0 0
-6466.3 5199.2 -12.5 348 0 6.5 11.7 14.0 3.5 2 1 4 1 1
-6456.7 5172.2 -12.6 349 0 10.1 14.4 14.0 3.5 2 1 4 4 4
-6471.5 5167.4 -12.5 350 0 7.5 10.1 14.0 3.5 2 1 4 0 0
-6515.5 5166.3 -12.3 166 0 21.7 25.0 14.0 3.5 2 1 4 4 4
-6470.3 5158.8 -12.6 350 0 7.6 9.7 14.0 3.5 2 1 4 0 0
-6452.1 5162.7 -12.7 348 0 9.0 15.4 14.0 3.5 2 1 4 1 1
-6449.0 5148.4 -13.3 348 0 9.5 13.9 14.0 3.5 2 1 4 1 1
-6443.9 5137.0 -13.8 350 0 8.4 16.2 14.0 3.5 2 1 4 0 0
-6465.4 5146.4 -13.3 348 0 12.1 11.4 14.0 3.5 2 0 4 3 3
-6486.3 5140.0 -13.7 169 0 26.4 7.4 14.0 3.5 2 0 4 0 0
-6494.4 5119.9 -13.9 167 0 6.6 9.5 14.0 3.5 4 1 4 4 4
-6504.9 5118.5 -13.7 171 0 8.4 8.6 14.0 3.5 2 1 4 3 3
-6117.7 5156.6 -15.5 169 0 16.5 20.4 14.0 3.5 2 1 4 3 3
-6162.0 5174.7 -13.5 173 0 8.7 7.8 14.0 3.5 2 0 4 0 0
-6164.8 5192.8 -13.1 171 0 6.8 8.1 14.0 3.5 2 1 4 0 0
-6178.1 5190.9 -13.1 175 0 6.8 11.5 14.0 3.5 2 1 4 2 2
-6180.2 5200.0 -13.0 173 0 10.2 9.3 14.0 3.5 2 0 4 3 3
-6167.0 5201.6 -13.0 172 0 9.0 9.4 14.0 3.5 2 1 4 3 3
-6140.3 5208.3 -13.2 350 0 9.6 15.6 14.0 0.0 0 1 4 1 1
-6136.0 5198.1 -13.4 351 0 9.8 19.7 14.0 3.5 2 1 4 1 1
-6134.2 5166.8 -14.2 349 0 16.0 12.5 14.0 0.0 0 0 4 4 4
-6130.4 5150.3 -15.5 348 0 14.0 12.0 14.0 3.5 2 0 4 2 2
-6178.1 5161.8 -13.6 169 0 9.3 16.0 14.0 3.5 2 1 4 4 4
-6189.6 5176.1 -14.1 351 0 7.3 16.8 14.0 3.5 2 1 4 5 5
-6219.9 5202.7 -13.2 168 0 10.6 19.6 14.0 3.5 4 1 4 3 3
-6229.5 5199.5 -13.3 171 0 12.3 8.3 14.0 3.5 2 0 4 5 5
-6218.8 5184.6 -13.6 168 0 14.2 17.5 14.0 3.5 2 1 4 4 4
-6226.0 5169.6 -14.6 169 0 7.5 15.3 14.0 0.0 0 1 4 0 0
-6223.4 5161.9 -15.0 168 0 6.3 15.6 14.0 3.5 2 1 4 3 3
-6187.8 5156.0 -14.9 350 0 12.9 12.3 14.0 3.5 2 0 4 1 1
-6210.5 5152.4 -15.5 169 0 15.1 9.8 14.0 3.5 2 0 4 5 5
-6222.7 5148.7 -16.1 168 0 12.9 9.0 14.0 3.5 2 0 4 0 0
-6220.1 5133.4 -16.9 173 0 9.3 34.0 14.0 3.5 2 1 4 1 1
-6271.9 5156.4 -16.3 87 0 6.4 13.3 14.0 3.5 2 1 4 1 1
-6266.8 5141.0 -16.7 172 0 9.0 19.9 14.0 3.5 2 1 4 5 5
-6274.9 5210.0 -13.7 171 0 8.4 13.1 14.0 3.5 2 1 4 5 5
-6241.6 5213.0 -13.4 351 0 16.3 9.4 14.0 3.5 2 0 4 1 1
-6238.9 5188.8 -14.4 353 0 11.7 10.7 14.0 3.5 2 0 4 1 1
-6237.3 5177.3 -15.1 354 0 9.7 11.8 14.0 3.5 2 1 4 4 4
-6269.2 5180.3 -15.5 176 0 7.7 10.6 14.0 3.5 2 1 4 5 5
-6257.3 5166.9 -16.0 175 0 9.2 7.0 14.0 0.0 0 0 4 5 5
-6265.8 5153.6 -16.6 170 0 9.0 12.3 14.0 3.5 4 1 4 4 4
-5959.7 5200.1 -16.1 351 0 11.0 14.6 10.5 3.5 2 1 3 1 1
-5974.6 5211.9 -15.6 348 0 11.8 16.2 10.5 3.5 2 1 3 3 3
-6025.4 5191.5 -15.4 172 0 11.5 10.7 10.5 3.5 2 0 3 3 3
-5982.7 5176.0 -16.2 83 0 8.5 11.7 10.5 3.5 2 1 3 2 2
-5992.7 5176.3 -16.0 82 0 6.2 12.6 10.5 3.5 2 1 3 2 2
-6015.5 5182.2 -15.9 169 0 6.9 15.4 10.5 3.5 2 1 3 5 5
-6033.1 5184.8 -15.4 350 0 12.3 11.2 14.0 3.5 2 0 4 0 0
-6035.0 5169.9 -15.7 350 0 13.8 15.8 14.0 3.5 2 1 4 4 4
-6064.0 5163.6 -15.6 168 0 13.4 12.4 14.0 3.5 4 0 4 3 3
-6085.3 5172.4 -15.1 351 0 15.7 11.4 14.0 3.5 2 0 4 2 2
-6116.6 5192.2 -13.9 167 0 15.6 10.4 14.0 3.5 2 0 4 5 5
-6125.2 5190.5 -13.8 168 0 17.2 7.5 14.0 3.5 4 0 4 2 2
-6120.8 5173.9 -14.5 170 0 13.8 16.7 14.0 3.5 2 1 4 3 3
-5959.9 5216.2 -15.6 348 0 12.2 14.1 10.5 3.5 2 1 3 3 3
-6028.5 5210.3 -15.2 172 0 17.1 29.8 10.5 3.5 2 1 3 5 5
-5911.1 5205.1 -15.9 77 0 7.8 39.9 14.0 0.0 0 1 4 0 0
-5895.5 5195.8 -16.3 78 0 10.8 60.7 14.0 3.5 2 1 4 3 3
-5925.0 5185.1 -16.6 75 0 20.0 8.2 14.0 3.5 2 0 4 3 3
-657.4 6755.3 -9.5 154 0 17.8 28.6 7.5 2.5 2 1 3 3 3
-663.3 6667.6 -9.3 336 0 15.8 15.5 5.0 0.0 0 0 2 1 1
-728.7 6650.7 -8.8 356 0 36.2 9.5 10.0 2.5 2 0 4 0 0
-678.6 6510.2 -9.6 261 0 12.0 17.7 5.0 2.5 2 1 2 2 2
-663.8 6631.6 -9.8 253 0 16.3 12.9 5.0 2.5 2 0 2 3 3
-1602.8 5706.7 -10.9 81 0 7.4 31.1 14.0 0.0 0 1 4 0 0
-1636.7 5776.0 -11.7 59 0 16.7 29.6 14.0 3.5 4 1 4 4 4
-1657.7 5773.9 -12.0 356 0 10.2 19.0 14.0 3.5 2 1 4 3 3
-1675.6 5753.3 -12.1 87 0 10.0 12.1 14.0 3.5 2 1 4 0 0
-1628.6 5734.4 -11.6 355 0 12.9 17.0 14.0 3.5 2 1 4 4 4
-1718.6 5727.6 -12.4 351 0 14.7 13.5 14.0 3.5 2 0 4 2 2
-1735.5 5729.6 -12.4 349 0 11.1 10.3 14.0 3.5 2 0 4 0 0
-1731.3 5714.5 -12.5 346 0 8.5 13.8 14.0 3.5 2 1 4 5 5
-1728.7 5769.3 -12.1 352 0 11.9 7.9 14.0 3.5 2 0 4 5 5
-1726.3 5781.6 -12.0 352 0 6.3 15.5 14.0 3.5 2 1 4 5 5
-1736.1 5809.1 -11.8 357 0 9.7 33.5 14.0 0.0 0 1 4 4 4
-1492.4 5699.2 -10.9 81 0 6.2 16.7 7.5 0.0 0 1 3 3 3
-1520.5 5720.5 -10.4 260 0 12.3 12.5 5.0 2.5 4 1 2 0 0
-1480.1 5685.5 -12.7 171 0 8.0 27.6 5.0 2.5 2 1 2 2 2
-1426.2 5675.0 -13.1 81 0 14.2 16.1 5.0 2.5 2 1 2 1 1
-1412.2 5675.5 -11.3 81 0 9.0 9.8 10.0 2.5 2 1 4 3 3
-1315.4 5778.1 -10.6 80 0 9.2 25.2 7.5 2.5 2 1 3 5 5
-1206.6 5777.2 -10.6 78 0 11.3 22.9 5.0 2.5 4 1 2 3 3
-1189.4 5809.2 -10.8 255 0 9.9 34.2 12.5 0.0 0 1 5 2 2
-1702.4 6900.6 -9.4 276 0 24.4 21.6 10.0 2.5 2 0 4 0 0
-1701.7 6844.2 -11.0 340 0 22.1 34.0 10.0 0.0 0 1 4 1 1
-1758.1 6872.5 -10.1 185 0 22.2 16.6 10.0 2.5 2 0 4 2 2
-1074.5 5755.3 -12.4 75 0 9.8 14.1 7.5 2.5 2 1 3 4 4
-1123.7 5773.4 -11.6 259 0 7.1 17.3 7.5 2.5 2 1 3 4 4
-1136.9 5769.1 -11.9 258 0 7.0 18.8 5.0 2.5 2 1 2 1 1
-1137.2 5819.6 -10.5 255 0 6.4 12.3 7.5 2.5 4 1 3 2 2
-1068.7 5796.8 -10.9 77 0 6.4 11.0 7.5 2.5 2 1 3 5 5
-1018.3 5800.1 -13.0 253 0 6.1 12.0 7.5 2.5 4 1 3 4 4
-1006.1 5804.2 -12.8 253 0 7.5 12.0 5.0 2.5 2 1 2 3 3
-935.4 6496.1 -9.3 309 0 9.7 9.1 5.0 2.5 2 0 2 4 4
-922.4 6479.5 -9.3 40 0 8.4 13.5 2.5 0.0 0 1 1 0 0
-788.6 6585.7 -7.1 159 0 10.2 16.3 7.5 2.5 2 1 3 1 1
-780.0 6566.7 -7.5 254 0 13.2 15.8 5.0 0.0 0 1 2 5 5
-762.8 6506.4 -8.9 162 0 8.6 9.8 7.5 2.5 2 1 3 1 1
-803.3 6504.2 -10.1 349 0 8.5 14.0 2.5 2.5 4 1 1 2 2
-791.3 6885.7 -9.6 242 0 11.9 23.6 7.5 2.5 2 1 3 5 5
-805.7 6853.2 -9.7 152 0 13.8 16.3 10.0 0.0 0 1 4 5 5
-919.6 6909.2 -8.8 61 0 30.6 7.5 7.5 2.5 2 0 3 4 4
-936.3 6891.4 -9.0 236 0 8.0 11.2 7.5 2.5 2 1 3 2 2
-918.2 6861.2 -9.3 60 0 9.8 7.1 7.5 2.5 2 0 3 3 3
-898.7 6871.1 -9.3 61 0 32.7 8.2 7.5 2.5 4 0 3 5 5
-868.7 6738.1 -9.8 63 0 14.2 37.6 7.5 2.5 2 1 3 1 1
-932.9 6753.8 -9.9 149 0 11.4 56.8 7.5 2.5 2 1 3 2 2
-965.9 6787.6 -9.9 153 0 31.9 21.4 7.5 0.0 0 0 3 5 5
-991.5 6835.7 -9.9 150 0 69.7 15.1 12.5 2.5 2 0 5 2 2
-818.5 6844.0 -9.7 151 0 10.2 14.8 2.5 2.5 2 1 1 3 3
-808.7 6826.4 -9.9 150 0 24.0 16.6 7.5 2.5 2 0 3 0 0
-777.7 6843.6 -10.4 150 0 25.2 15.8 12.5 2.5 2 0 5 5 5
-755.2 6800.9 -10.6 74 0 7.1 7.9 5.0 0.0 0 1 2 3 3
-710.2 6873.0 -10.7 329 0 15.2 20.0 10.0 0.0 0 1 4 3 3
-770.6 6889.5 -9.7 241 0 17.6 16.2 7.5 0.0 0 0 3 3 3
-692.2 6849.3 -10.9 330 0 24.9 27.5 15.0 2.5 2 1 6 4 4
-741.8 6891.4 -10.0 242 0 7.4 7.2 5.0 2.5 4 0 2 5 5
-726.9 6881.5 -10.3 328 0 9.3 11.4 2.5 2.5 2 1 1 1 1
-735.8 6872.6 -10.3 331 0 10.2 33.3 7.5 0.0 0 1 3 4 4
-723.2 6814.9 -10.9 59 0 13.7 15.0 7.5 2.5 2 1 3 5 5
-667.8 6897.1 -11.1 125 0 8.1 15.7 10.0 0.0 0 1 4 4 4
-624.7 6897.7 -10.9 317 0 14.1 13.2 7.5 2.5 2 0 3 5 5
-635.3 6907.5 -11.0 317 0 8.5 13.8 5.0 2.5 2 1 2 4 4
-641.3 6878.0 -10.7 134 0 6.3 10.6 5.0 2.5 2 1 2 2 2
-644.8 6885.8 -10.8 138 0 7.4 8.3 7.5 2.5 2 1 3 1 1
-2650.4 5871.8 -7.0 172 0 28.2 33.7 14.0 0.0 0 1 4 5 5
-2636.5 5911.4 -6.5 270 0 21.7 17.6 14.0 3.5 2 0 4 2 2
-2837.2 5803.6 -11.1 81 0 14.2 34.4 14.0 3.5 2 1 4 4 4
-2827.9 5758.0 -15.0 194 0 11.9 146.2 10.5 0.0 0 1 3 4 4
-2807.3 5968.6 -5.6 105 0 23.1 79.6 10.5 0.0 0 1 3 2 2
-2623.7 5814.7 -8.6 265 0 44.9 19.3 17.5 3.5 4 0 5 4 4
-4924.6 5385.7 -13.7 168 0 17.2 23.2 10.0 2.5 2 1 4 4 4
-2427.8 6631.1 -9.9 269 0 7.3 10.5 10.5 3.5 4 1 3 3 3
-2429.4 6588.9 -11.2 81 0 14.5 9.7 10.5 3.5 2 0 3 0 0
-2378.7 6563.2 -9.7 273 0 6.6 6.3 14.0 3.5 2 0 4 0 0
-2383.4 6551.7 -9.9 183 0 7.9 10.6 14.0 3.5 2 1 4 0 0
-2384.7 6573.3 -9.2 89 0 6.5 10.8 14.0 3.5 2 1 4 5 5
-2383.1 6628.4 -8.0 268 0 8.7 14.6 14.0 0.0 0 1 4 1 1
-2385.3 6599.4 -8.6 178 0 6.8 12.1 14.0 3.5 2 1 4 1 1
-2368.0 6588.7 -8.9 88 0 11.9 6.8 14.0 3.5 4 0 4 0 0
-2358.1 6573.0 -9.4 88 0 9.4 13.4 14.0 3.5 2 1 4 5 5
-2361.5 6568.1 -9.6 261 0 6.9 12.8 14.0 0.0 0 1 4 0 0
-2336.5 6523.6 -11.0 356 0 14.4 14.1 14.0 3.5 2 0 4 3 3
-2363.9 6512.9 -11.7 177 0 6.0 13.3 14.0 3.5 2 1 4 5 5
-2368.3 6473.5 -14.0 161 0 6.3 12.1 14.0 3.5 2 1 4 3 3
-2358.3 6458.5 -13.8 161 0 19.3 8.7 14.0 3.5 2 0 4 2 2
-2353.0 6440.8 -13.7 161 0 8.5 7.0 14.0 3.5 2 0 4 1 1
-2377.1 6519.8 -11.6 180 0 12.7 6.8 14.0 3.5 2 0 4 5 5
-2369.9 6491.8 -13.0 90 0 8.5 7.2 14.0 3.5 2 0 4 1 1
-2386.9 6525.4 -11.4 270 0 15.9 6.0 14.0 3.5 2 0 4 0 0
-2389.4 6513.9 -12.3 270 0 15.8 7.7 14.0 3.5 2 0 4 1 1
-2389.3 6487.3 -13.5 83 0 7.7 8.0 14.0 3.5 2 1 4 5 5
-2375.6 6466.4 -14.9 348 0 8.5 6.5 14.0 3.5 2 0 4 3 3
-2380.2 6440.4 -15.2 166 0 14.3 11.1 14.0 3.5 2 0 4 3 3
-2409.3 6488.9 -14.1 87 0 15.2 15.4 14.0 3.5 2 1 4 0 0
-2399.3 6473.1 -15.2 353 0 10.1 10.2 14.0 3.5 2 1 4 0 0
-2386.6 6437.9 -15.9 346 0 18.9 18.7 14.0 3.5 4 0 4 4 4
-2497.4 6426.8 -14.3 2 0 8.8 15.8 14.0 0.0 0 1 4 2 2
-2518.0 6450.4 -14.7 272 0 13.6 8.9 14.0 3.5 4 0 4 0 0
-2534.7 6453.4 -14.5 272 0 8.6 14.0 14.0 3.5 2 1 4 0 0
-2545.2 6450.8 -14.3 272 0 7.9 11.2 14.0 3.5 4 1 4 5 5
-2554.7 6452.6 -14.2 272 0 7.5 13.3 14.0 0.0 0 1 4 0 0
-2570.3 6443.5 -13.8 272 0 11.8 7.7 14.0 3.5 2 0 4 3 3
-2566.3 6419.3 -13.4 92 0 9.4 7.5 14.0 3.5 2 0 4 2 2
-2583.5 6446.8 -13.7 272 0 7.3 14.1 14.0 3.5 2 1 4 4 4
-2614.0 6448.7 -13.6 272 0 13.1 12.2 14.0 3.5 2 0 4 5 5
-2699.9 6513.2 -14.0 69 0 13.7 6.3 14.0 3.5 2 0 4 0 0
-2717.3 6543.2 -14.2 159 0 10.1 11.4 14.0 3.5 2 1 4 1 1
-2702.3 6567.9 -14.1 250 0 11.0 9.4 14.0 3.5 2 0 4 2 2
-2697.8 6529.1 -14.3 67 0 9.4 6.3 14.0 3.5 2 0 4 0 0
-2686.5 6517.5 -14.3 71 0 12.1 7.3 14.0 3.5 2 0 4 5 5
-2652.9 6588.4 -14.5 244 0 12.3 8.2 14.0 3.5 2 0 4 3 3
-2651.2 6569.4 -14.8 154 0 9.2 11.9 14.0 3.5 2 1 4 3 3
-2647.1 6559.8 -15.0 154 0 8.7 12.7 14.0 3.5 2 1 4 1 1
-2641.6 6548.6 -15.3 154 0 11.5 14.1 14.0 3.5 2 1 4 5 5
-2637.4 6538.9 -15.5 154 0 6.1 13.3 14.0 3.5 4 1 4 4 4
-2653.7 6545.2 -15.0 340 0 11.1 8.6 14.0 3.5 2 0 4 4 4
-2663.2 6569.6 -14.6 339 0 13.6 9.4 14.0 3.5 4 0 4 1 1
-2660.7 6555.7 -14.8 339 0 10.6 6.5 14.0 3.5 2 0 4 1 1
-2660.2 6510.7 -14.6 96 0 6.7 11.7 14.0 3.5 2 1 4 2 2
-2672.6 6504.4 -14.2 69 0 6.3 8.6 14.0 3.5 2 1 4 3 3
-2684.9 6501.8 -14.0 69 0 9.6 8.3 14.0 3.5 2 0 4 3 3
-2696.3 6498.1 -13.8 69 0 10.4 6.6 14.0 3.5 2 0 4 5 5
-2650.2 6517.4 -14.9 86 0 8.8 8.5 14.0 0.0 0 0 4 2 2
-2643.6 6506.3 -14.7 250 0 12.7 6.0 14.0 3.5 2 0 4 1 1
-2661.7 6502.6 -14.3 249 0 6.8 6.8 14.0 3.5 4 1 4 1 1
-2675.3 6499.6 -14.1 250 0 17.4 6.9 14.0 3.5 4 0 4 5 5
-2693.0 6493.7 -13.7 250 0 11.6 8.5 14.0 3.5 2 0 4 1 1
-2693.7 6476.5 -13.7 160 0 6.1 18.4 14.0 3.5 4 1 4 3 3
-2647.6 6454.3 -13.7 172 0 11.9 7.8 14.0 3.5 4 0 4 4 4
-2651.7 6433.0 -13.2 172 0 8.1 12.9 14.0 3.5 2 1 4 1 1
-2681.8 6459.0 -13.7 155 0 7.8 24.0 14.0 3.5 2 1 4 0 0
-2671.4 6434.8 -13.0 220 0 7.6 18.3 14.0 3.5 2 1 4 4 4
-2807.4 6751.2 -14.4 73 0 10.9 7.1 7.5 2.5 2 0 3 0 0
-2810.0 6772.4 -14.6 253 0 8.9 8.4 5.0 2.5 2 0 2 5 5
-2836.5 6742.6 -14.2 163 0 10.4 15.9 7.5 2.5 2 1 3 5 5
-2842.0 6772.6 -14.6 73 0 13.7 9.0 2.5 2.5 4 0 1 0 0
-2826.5 6776.0 -14.7 80 0 11.9 11.6 7.5 2.5 2 0 3 1 1
-2861.4 6758.2 -14.2 264 0 11.3 11.3 7.5 2.5 2 0 3 0 0
-2903.3 6738.2 -13.6 250 0 7.4 16.2 7.5 2.5 2 1 3 1 1
-2912.4 6739.7 -13.7 250 0 7.1 16.9 10.0 2.5 4 1 4 0 0
-2929.5 6736.0 -14.3 248 0 16.6 6.3 10.0 2.5 2 0 4 2 2
-2926.8 6714.0 -13.7 161 0 8.7 7.1 7.5 2.5 4 0 3 3 3
-2727.8 6539.6 -13.8 341 0 6.3 8.6 5.0 2.5 4 1 2 4 4
-2717.9 6502.6 -13.4 358 0 10.3 9.4 14.0 3.5 2 0 4 4 4
-2694.5 6460.8 -12.6 333 0 7.2 9.7 14.0 0.0 0 1 4 0 0
-2710.2 6444.7 -11.5 157 0 7.4 10.3 14.0 3.5 2 1 4 2 2
-2690.8 6433.1 -12.1 65 0 17.6 11.0 14.0 3.5 2 0 4 1 1
-2741.1 6501.9 -12.7 256 0 11.8 8.3 14.0 3.5 2 0 4 5 5
-2741.6 6483.8 -11.3 244 0 7.4 8.9 14.0 3.5 2 1 4 5 5
-2741.5 6425.6 -8.4 163 0 16.1 7.3 14.0 3.5 2 0 4 5 5
-2805.8 6474.0 -8.6 180 0 8.5 6.6 14.0 3.5 2 0 4 5 5
-2748.8 6439.4 -8.8 163 0 7.1 12.5 14.0 3.5 2 1 4 4 4
-2733.3 6427.0 -8.9 163 0 13.4 7.1 14.0 3.5 2 0 4 3 3
-2774.3 6617.5 -11.6 68 0 20.7 19.4 12.5 0.0 0 0 5 1 1
-2815.6 6609.8 -11.0 160 0 13.9 8.8 5.0 2.5 2 0 2 1 1
-2803.9 6673.7 -11.8 336 0 6.8 14.3 5.0 2.5 2 1 2 4 4
-2825.2 6625.8 -10.3 70 0 9.2 15.3 5.0 2.5 2 1 2 3 3
-2846.9 6629.2 -9.9 161 0 6.4 10.5 5.0 2.5 2 1 2 4 4
-2842.2 6593.5 -10.4 178 0 14.6 6.8 2.5 2.5 2 0 1 2 2
-2814.2 6567.8 -11.3 358 0 8.7 10.1 5.0 0.0 0 1 2 2 2
-2890.2 6670.9 -11.7 337 0 6.5 7.3 7.5 2.5 2 1 3 4 4
-2954.1 6643.6 -11.3 170 0 6.7 10.6 7.5 2.5 2 1 3 4 4
-2907.9 6524.4 -8.1 87 0 8.8 21.3 7.5 2.5 2 1 3 1 1
-2855.1 6596.5 -9.7 355 0 9.9 27.3 12.5 2.5 2 1 5 0 0
-2856.1 6575.8 -9.7 2 0 12.1 9.2 7.5 2.5 2 0 3 3 3
-2897.5 6578.8 -8.8 170 0 8.3 17.1 7.5 2.5 2 1 3 3 3
-2897.1 6564.1 -8.9 170 0 11.9 17.5 2.5 2.5 2 1 1 5 5
-2884.3 6531.8 -9.0 77 0 8.8 14.0 7.5 2.5 2 1 3 3 3
-2907.3 6600.7 -9.2 169 0 13.2 10.6 2.5 0.0 0 0 1 0 0
-2913.5 6597.7 -9.3 352 0 9.5 11.5 5.0 2.5 2 1 2 4 4
-2923.4 6618.7 -10.0 348 0 11.4 11.9 2.5 0.0 0 1 1 0 0
-2742.3 6582.1 -13.0 342 0 6.5 14.3 10.0 2.5 2 1 4 1 1
-2759.8 6568.3 -12.8 71 0 7.8 9.1 7.5 2.5 2 1 3 4 4
-2784.9 6600.7 -11.8 245 0 11.5 10.1 2.5 2.5 2 0 1 2 2
-2775.8 6560.1 -12.7 85 0 9.7 9.4 5.0 2.5 2 0 2 0 0
-2778.8 6518.4 -12.3 84 0 7.9 9.2 7.5 2.5 2 1 3 0 0
-2769.8 6519.1 -12.4 83 0 8.3 8.4 7.5 2.5 4 1 3 3 3
-2738.8 6538.5 -13.6 340 0 13.0 6.6 7.5 2.5 2 0 3 1 1
-2753.7 6539.1 -13.5 250 0 11.7 9.3 5.0 2.5 2 0 2 0 0
-2753.6 6550.2 -13.5 262 0 8.1 7.4 7.5 2.5 2 0 3 4 4
-2752.2 6510.9 -13.0 78 0 13.0 6.8 5.0 2.5 2 0 2 4 4
-2811.5 6541.8 -11.9 176 0 6.1 9.3 7.5 2.5 2 1 3 2 2
-2753.6 6436.3 -7.5 356 0 7.5 13.5 14.0 3.5 2 1 4 0 0
-2762.4 6473.5 -9.8 90 0 11.0 6.7 14.0 3.5 4 0 4 1 1
-2763.6 6455.8 -8.1 0 0 10.8 6.4 14.0 3.5 2 0 4 2 2
-2774.8 6486.3 -9.6 270 0 6.1 11.3 14.0 0.0 0 1 4 2 2
-2773.8 6455.6 -7.9 0 0 10.7 8.7 14.0 3.5 2 0 4 3 3
-2783.4 6434.5 -6.9 180 0 6.9 9.1 14.0 0.0 0 1 4 5 5
-2811.0 6520.4 -11.7 180 0 9.9 10.6 5.0 2.5 2 1 2 2 2
-2792.5 6498.4 -10.1 270 0 10.7 13.5 14.0 3.5 2 1 4 0 0
-2792.6 6483.6 -9.2 270 0 9.9 12.2 14.0 3.5 2 1 4 1 1
-2810.3 6498.1 -9.8 270 0 6.8 8.2 14.0 3.5 2 1 4 2 2
-2817.4 6483.1 -9.1 208 0 9.4 14.3 14.0 3.5 2 1 4 0 0
-2822.5 6432.5 -6.3 270 0 13.8 7.2 14.0 3.5 2 0 4 4 4
-2841.3 6493.8 -9.5 360 0 14.9 7.1 7.5 2.5 2 0 3 4 4
-2835.3 6465.2 -8.0 11 0 9.1 12.8 7.5 2.5 2 1 3 1 1
-2847.0 6473.1 -8.3 359 0 22.0 7.8 10.0 2.5 2 0 4 4 4
-2863.9 6526.0 -9.7 262 0 8.1 7.7 5.0 2.5 2 0 2 4 4
-2874.0 6524.8 -9.4 262 0 8.7 8.3 2.5 2.5 2 0 1 4 4
-2892.4 6506.4 -8.3 264 0 8.4 15.9 2.5 2.5 2 1 1 2 2
-2902.8 6484.2 -8.3 174 0 6.5 28.7 5.0 0.0 0 1 2 3 3
-2860.5 6484.6 -8.6 0 0 15.1 7.7 7.5 2.5 4 0 3 4 4
-2864.8 6460.8 -7.5 88 0 7.3 15.1 5.0 2.5 2 1 2 0 0
-2864.3 6444.3 -6.4 86 0 7.2 15.2 5.0 0.0 0 1 2 4 4
-2942.4 6563.5 -8.5 168 0 17.3 8.7 5.0 2.5 2 0 2 5 5
-2935.6 6538.8 -7.5 162 0 11.7 8.4 7.5 2.5 2 0 3 0 0
-2946.9 6536.2 -7.5 162 0 10.0 9.8 2.5 2.5 2 0 1 4 4
-2934.5 6521.0 -7.1 72 0 9.6 7.4 7.5 0.0 0 0 3 3 3
-2932.0 6510.4 -7.2 252 0 8.1 7.0 2.5 2.5 2 0 1 2 2
-2933.7 6494.1 -6.8 162 0 7.4 7.3 7.5 2.5 2 0 3 5 5
-2916.2 6475.9 -6.9 171 0 9.2 7.1 5.0 2.5 2 0 2 0 0
-2925.2 6462.7 -6.2 164 0 7.8 8.8 5.0 0.0 0 1 2 0 0
-2921.9 6450.4 -5.8 164 0 6.8 11.0 7.5 2.5 2 1 3 2 2
-2919.2 6442.2 -5.7 164 0 6.7 11.3 5.0 2.5 2 1 2 3 3
-2912.0 6433.7 -5.7 166 0 7.9 22.8 10.0 2.5 2 1 4 2 2
-2938.9 6470.0 -6.3 338 0 8.9 7.9 7.5 2.5 2 0 3 1 1
-2936.7 6459.5 -5.8 338 0 7.7 7.6 7.5 0.0 0 0 3 2 2
-2933.4 6441.6 -5.4 338 0 7.3 13.6 5.0 2.5 2 1 2 0 0
-2935.1 6427.3 -5.3 68 0 13.6 7.3 7.5 2.5 2 0 3 1 1
-3979.5 6354.9 -3.1 109 0 45.8 12.6 14.0 3.5 2 0 4 1 1
-4007.8 6351.0 -1.3 274 0 16.4 8.9 14.0 0.0 0 0 4 4 4
-3961.6 6302.3 -5.4 269 0 12.7 8.3 14.0 3.5 2 0 4 5 5
-3960.8 6317.8 -4.9 269 0 9.2 12.5 14.0 3.5 2 1 4 2 2
-3945.1 6306.0 -5.4 272 0 13.3 12.6 14.0 3.5 2 0 4 5 5
-3944.5 6326.4 -4.8 274 0 11.7 18.7 14.0 3.5 2 1 4 0 0
-3919.8 6299.6 -5.6 1 0 20.9 13.6 14.0 3.5 2 0 4 1 1
-3923.7 6321.9 -4.7 278 0 19.0 10.0 14.0 0.0 0 0 4 3 3
-3946.4 6401.3 -2.6 359 0 22.7 7.1 14.0 3.5 2 0 4 0 0
-3844.2 6384.2 -3.5 249 0 9.1 21.7 14.0 0.0 0 1 4 4 4
-3856.9 6313.4 -4.0 81 0 12.4 11.3 14.0 3.5 2 0 4 4 4
-3777.2 6345.5 -1.4 57 0 11.5 17.4 14.0 3.5 4 1 4 5 5
-3733.6 6396.8 -4.2 58 0 19.1 12.6 14.0 3.5 2 0 4 0 0
-3826.5 6351.0 -2.4 241 0 9.6 12.1 14.0 3.5 2 1 4 2 2
-3646.6 6324.4 -8.0 41 0 10.6 19.5 14.0 3.5 2 1 4 0 0
-3748.1 6349.5 -2.6 59 0 7.5 17.8 14.0 3.5 2 1 4 3 3
-3551.8 6337.0 -12.4 146 0 23.2 11.6 10.0 2.5 2 0 4 4 4
-3520.3 6378.6 -13.5 236 0 15.6 27.9 12.5 2.5 2 1 5 5 5
-3602.5 6386.7 -11.7 139 0 16.1 26.3 10.0 2.5 4 1 4 4 4
-3760.3 6369.4 -2.1 58 0 11.8 24.4 14.0 3.5 2 1 4 0 0
-3817.0 6294.7 -4.4 76 0 13.2 14.3 14.0 3.5 2 1 4 4 4
-3735.0 6330.7 -4.3 53 0 8.5 19.1 14.0 3.5 2 1 4 3 3
-3710.2 6365.8 -5.3 228 0 11.5 18.4 14.0 3.5 2 1 4 1 1
-3487.9 6409.7 -13.9 221 0 13.1 11.0 2.5 0.0 0 0 1 2 2
-3484.8 6302.4 -11.2 62 0 20.4 18.0 10.0 2.5 2 0 4 5 5
-3624.0 6260.1 -10.6 34 0 11.8 19.2 5.0 2.5 2 1 2 0 0
-3752.2 6292.1 -6.8 239 0 12.8 14.1 14.0 3.5 2 1 4 0 0
-3708.6 6275.9 -8.7 54 0 13.3 8.1 14.0 0.0 0 0 4 0 0
-3641.5 6345.4 -8.4 37 0 6.3 14.3 14.0 3.5 2 1 4 3 3
-3698.2 6321.6 -7.6 233 0 9.4 11.3 14.0 3.5 2 1 4 4 4
-3816.7 6363.4 -2.1 243 0 9.5 25.1 14.0 3.5 2 1 4 1 1
-3491.2 6388.3 -13.7 231 0 11.8 14.9 5.0 2.5 2 1 2 5 5
-3506.4 6389.4 -13.7 235 0 7.5 27.7 10.0 2.5 2 1 4 2 2
-3517.4 6294.2 -11.0 152 0 21.8 8.9 10.0 2.5 2 0 4 3 3
-3532.2 6325.5 -12.5 235 0 11.5 16.7 5.0 2.5 2 1 2 3 3
-3506.7 6343.9 -12.9 240 0 11.2 22.3 7.5 2.5 2 1 3 2 2
-3469.2 6394.4 -13.5 231 0 10.1 24.5 10.0 2.5 2 1 4 1 1
-3402.6 6397.8 -14.2 49 0 17.9 12.6 7.5 2.5 2 0 3 0 0
-3450.9 6396.9 -13.5 234 0 12.2 10.9 10.0 2.5 2 0 4 0 0
-3419.3 6351.7 -13.0 85 0 11.4 25.6 7.5 2.5 2 1 3 0 0
-3455.1 6339.7 -13.1 82 0 22.0 23.0 12.5 2.5 2 1 5 1 1
-3601.2 6262.0 -10.5 225 0 9.2 16.9 7.5 2.5 2 1 3 4 4
-3611.7 6256.1 -10.6 227 0 10.9 19.0 5.0 0.0 0 1 2 4 4
-3596.1 6272.8 -10.6 224 0 10.2 20.2 7.5 2.5 2 1 3 3 3
-3568.5 6357.0 -12.1 51 0 15.8 14.8 7.5 2.5 2 0 3 5 5
-3585.2 6334.8 -11.5 47 0 17.6 13.8 5.0 2.5 2 0 2 5 5
-3609.2 6366.6 -10.8 40 0 16.9 15.0 14.0 3.5 2 0 4 5 5
-3623.4 6346.5 -9.6 30 0 11.4 10.9 14.0 3.5 2 0 4 0 0
-3895.1 6394.4 -3.5 240 0 8.5 13.7 14.0 3.5 2 1 4 4 4
-3864.9 6383.6 -4.2 64 0 15.9 14.9 14.0 3.5 2 0 4 3 3
-3853.0 6401.1 -4.5 60 0 12.2 12.5 14.0 3.5 2 1 4 0 0
-3865.8 6235.3 -8.0 82 0 15.5 15.5 14.0 3.5 2 0 4 3 3
-3898.0 6317.9 -4.9 180 0 14.2 21.8 14.0 3.5 2 1 4 3 3
-3713.7 6256.2 -9.6 55 0 15.0 10.5 14.0 3.5 2 0 4 5 5
-3809.1 6262.2 -7.1 245 0 15.3 12.9 14.0 0.0 0 0 4 1 1
-3673.5 6394.7 -7.1 215 0 12.5 13.4 14.0 3.5 4 1 4 3 3
-3726.2 6345.2 -4.0 56 0 10.0 12.7 14.0 3.5 2 1 4 5 5
-649.7 6471.3 -10.4 357 0 20.4 15.5 7.5 0.0 0 0 3 3 3
-1135.5 6835.1 -9.2 182 0 12.1 12.5 5.0 0.0 0 1 2 4 4
-1157.0 6614.3 -7.5 71 0 10.2 6.6 7.5 2.5 2 0 3 1 1
-1195.2 6662.3 -6.6 345 0 10.3 16.5 2.5 2.5 2 1 1 0 0
-1262.5 6487.7 -7.4 339 0 11.9 20.7 5.0 2.5 2 1 2 3 3
-1256.8 6617.1 -5.8 87 0 16.3 7.1 7.5 2.5 2 0 3 0 0
-1276.4 6653.5 -5.0 327 0 11.7 19.0 5.0 2.5 2 1 2 4 4
-1010.2 6305.3 -10.5 166 0 7.3 29.6 7.5 0.0 0 1 3 2 2
-960.5 6282.3 -10.7 74 0 12.1 18.1 10.0 0.0 0 1 4 2 2
-947.7 6284.8 -10.8 76 0 12.4 22.7 7.5 2.5 2 1 3 1 1
-1045.0 6419.6 -9.9 263 0 9.3 24.1 10.0 2.5 4 1 4 2 2
-1048.4 6266.4 -10.2 74 0 14.3 28.9 10.0 2.5 2 1 4 3 3
-1037.2 6314.2 -10.3 344 0 19.1 18.2 10.0 2.5 4 0 4 0 0
-1073.7 6328.1 -10.0 254 0 12.7 7.9 10.0 2.5 2 0 4 1 1
-1071.1 6318.4 -10.0 249 0 10.3 25.5 10.0 2.5 4 1 4 1 1
-1087.7 6283.6 -9.9 161 0 11.5 14.9 10.0 2.5 2 1 4 0 0
-1103.6 6340.5 -9.6 53 0 14.4 14.0 5.0 0.0 0 0 2 4 4
-1117.0 6329.3 -9.4 55 0 6.9 13.5 5.0 2.5 2 1 2 0 0
-1144.6 6302.2 -9.1 53 0 9.0 19.5 10.0 2.5 2 1 4 1 1
-743.0 6336.9 -11.5 264 0 7.2 14.2 2.5 2.5 2 1 1 3 3
-824.6 6405.2 -12.0 271 0 10.5 19.1 7.5 2.5 2 1 3 5 5
-864.7 6364.0 -11.2 262 0 9.7 14.1 5.0 2.5 2 1 2 4 4
-4025.8 6150.7 -2.7 85 0 18.5 16.8 14.0 3.5 2 0 4 4 4
-4065.1 6173.5 -0.4 178 0 17.8 18.7 14.0 3.5 2 1 4 0 0
-4033.2 6091.0 -6.1 182 0 11.9 21.1 10.5 3.5 2 1 3 0 0
-4119.0 6118.0 -1.4 261 0 9.7 16.4 14.0 3.5 4 1 4 5 5
-4022.7 6132.5 -3.4 84 0 17.3 11.2 14.0 3.5 2 0 4 1 1
-4130.3 6140.5 -0.0 265 0 13.8 12.6 14.0 3.5 2 0 4 0 0
-4071.4 6118.9 -2.5 273 0 21.2 6.4 14.0 3.5 4 0 4 0 0
-3975.5 6193.5 -5.0 352 0 10.1 28.7 14.0 3.5 2 1 4 0 0
-4168.6 6100.1 -0.7 166 0 21.6 14.3 14.0 3.5 2 0 4 1 1
-3921.7 5931.5 -9.4 88 0 17.7 22.6 7.5 2.5 2 1 3 3 3
-4027.4 6073.1 -6.9 187 0 14.3 10.7 10.5 3.5 2 0 3 1 1
-4129.5 6073.5 -2.3 86 0 18.1 12.2 14.0 3.5 2 0 4 2 2
-4101.5 6075.3 -3.2 89 0 20.6 16.4 14.0 3.5 2 0 4 0 0
-3994.1 6106.3 -6.2 89 0 20.4 15.9 14.0 3.5 2 0 4 2 2
-4161.3 6080.5 -1.6 275 0 9.4 9.2 14.0 3.5 2 0 4 2 2
-4218.0 6066.4 1.1 96 0 21.2 19.9 14.0 3.5 2 0 4 4 4
-2013.1 6909.5 -6.0 348 0 19.4 12.0 5.0 2.5 2 0 2 5 5
-1034.8 6809.7 -9.7 235 0 12.2 12.6 7.5 2.5 2 1 3 1 1
-1660.3 6659.7 -10.2 265 0 16.4 12.7 5.0 2.5 2 0 2 2 2
-1658.4 6672.0 -10.3 83 0 13.9 15.1 5.0 2.5 2 1 2 1 1
-2021.9 6751.2 -8.5 262 0 13.0 19.1 5.0 2.5 2 1 2 4 4
-2023.6 6719.8 -8.5 169 0 17.1 12.8 5.0 2.5 4 0 2 3 3
-1895.8 6698.6 -6.0 349 1 12.1 12.4 14.0 3.5 2 1 4 3 3
-1169.2 6266.7 -9.2 229 0 14.8 11.0 2.5 2.5 2 0 1 5 5
-1143.0 6287.2 -9.2 236 0 11.4 12.7 5.0 2.5 4 1 2 0 0
-510.1 6481.1 -10.0 331 0 9.0 22.4 10.0 2.5 2 1 4 5 5
-523.5 6471.2 -9.9 273 0 10.0 10.8 5.0 2.5 2 1 2 0 0
-504.5 6482.5 -10.0 251 0 8.1 29.9 7.5 0.0 0 1 3 0 0
-465.0 6515.7 -10.5 163 0 11.0 14.4 7.5 2.5 2 1 3 2 2
-438.3 6492.7 -10.2 174 0 11.1 9.1 7.5 2.5 2 0 3 4 4
-420.3 6497.5 -10.2 169 0 7.4 21.2 5.0 2.5 2 1 2 1 1
-441.9 6527.7 -10.6 168 0 10.6 22.1 5.0 2.5 2 1 2 3 3
-436.2 6507.4 -10.5 164 0 9.4 22.5 10.0 2.5 2 1 4 5 5
-442.1 6560.0 -10.9 259 0 10.4 10.0 2.5 2.5 2 0 1 5 5
-470.0 6525.2 -10.6 164 0 10.4 16.2 5.0 2.5 2 1 2 2 2
-473.0 6540.2 -10.8 157 0 15.4 12.8 10.0 2.5 2 0 4 1 1
-448.2 6574.2 -11.2 170 0 16.4 9.4 5.0 2.5 2 0 2 3 3
-455.5 6593.5 -11.4 170 0 11.9 17.5 5.0 2.5 2 1 2 5 5
-437.1 6577.8 -11.3 160 0 9.0 17.8 7.5 0.0 0 1 3 2 2
-417.3 6610.0 -11.6 331 0 21.8 24.8 7.5 2.5 2 1 3 2 2
-419.5 6630.4 -11.7 329 0 8.8 23.4 7.5 2.5 2 1 3 4 4
-462.7 6631.7 -11.7 158 0 14.8 8.5 5.0 2.5 2 0 2 2 2
-461.3 6605.8 -11.5 165 0 8.4 9.8 7.5 2.5 2 1 3 5 5
-429.6 6641.2 -11.7 333 0 10.1 16.5 10.0 2.5 2 1 4 1 1
-457.4 6640.5 -11.8 157 0 20.5 12.9 7.5 0.0 0 0 3 4 4
-434.7 6652.9 -11.7 339 0 15.4 12.9 7.5 2.5 2 0 3 2 2
-452.1 6685.8 -11.6 336 0 17.2 7.4 7.5 2.5 2 0 3 2 2
-491.1 6708.6 -11.0 169 0 10.0 8.3 7.5 2.5 2 0 3 5 5
-480.9 6805.2 -10.9 221 0 15.3 12.2 10.0 2.5 2 0 4 4 4
-510.7 6789.7 -10.5 154 0 12.9 14.8 7.5 2.5 2 1 3 4 4
-525.0 6812.2 -9.8 227 0 10.0 9.4 7.5 2.5 2 0 3 0 0
-480.2 6828.8 -10.8 128 0 7.9 14.8 7.5 2.5 2 1 3 0 0
-451.9 6814.6 -11.0 221 0 15.1 11.5 5.0 2.5 2 0 2 2 2
-437.4 6799.1 -10.8 137 0 12.7 9.0 7.5 2.5 4 0 3 3 3
-492.9 6853.2 -11.0 217 0 8.7 12.9 7.5 2.5 2 1 3 5 5
-485.8 6884.6 -10.4 218 0 14.0 8.2 7.5 2.5 2 0 3 4 4
-455.2 6846.7 -10.4 39 0 6.9 14.6 7.5 2.5 2 1 3 3 3
-461.0 6881.3 -10.3 308 0 13.1 7.3 5.0 2.5 2 0 2 2 2
-496.7 6881.3 -10.6 29 0 8.2 7.1 7.5 2.5 2 0 3 0 0
-504.9 6889.0 -10.7 38 0 7.1 12.9 10.0 2.5 2 1 4 1 1
-518.5 6873.5 -10.9 39 0 9.2 15.7 7.5 0.0 0 1 3 1 1
-529.4 6850.9 -10.7 127 0 8.9 14.0 10.0 2.5 2 1 4 4 4
-530.1 6904.9 -11.1 311 0 7.6 13.9 7.5 0.0 0 1 3 1 1
-503.8 6906.7 -10.8 128 0 11.2 7.3 7.5 2.5 2 0 3 2 2
-452.7 6909.7 -10.5 308 0 11.0 7.9 3.5 3.5 2 0 1 5 5
-448.0 6896.9 -10.4 170 0 8.6 12.5 7.5 2.5 2 1 3 4 4
-429.8 6881.7 -10.2 125 0 7.6 15.0 5.0 2.5 2 1 2 1 1
-2732.5 6579.1 -13.5 156 0 18.6 13.5 7.5 2.5 2 0 3 0 0
-2739.4 6595.6 -13.0 158 0 14.1 15.8 7.5 2.5 2 1 3 2 2
-2701.6 6583.4 -13.7 65 0 17.4 17.7 10.0 2.5 2 1 4 5 5
-2722.1 6602.4 -13.2 157 0 11.5 18.4 10.0 2.5 2 1 4 1 1
-2686.7 6591.3 -13.8 66 0 12.8 14.0 5.0 2.5 2 1 2 0 0
-2675.1 6597.0 -13.8 63 0 10.8 13.0 7.5 2.5 2 1 3 1 1
-2687.6 6608.3 -13.5 67 0 18.0 12.6 2.5 2.5 4 0 1 5 5
-2672.2 6616.0 -13.6 67 0 12.7 13.9 7.5 2.5 2 1 3 3 3
-2639.3 6617.6 -14.0 341 0 17.3 23.4 10.0 2.5 2 1 4 5 5
-2644.4 6632.6 -13.7 341 0 12.2 21.4 7.5 2.5 2 1 3 3 3
-2680.3 6657.7 -13.6 255 0 15.2 24.3 10.0 2.5 2 1 4 0 0
-2760.5 6632.5 -12.2 158 0 22.9 28.6 10.0 0.0 0 1 4 0 0
-2749.0 6712.0 -14.0 249 0 29.3 22.7 15.0 0.0 0 0 6 3 3
-2782.5 6697.7 -13.1 246 0 14.0 12.9 7.5 2.5 2 0 3 0 0
-2760.9 6659.3 -12.1 66 0 26.3 19.0 7.5 2.5 2 0 3 2 2
-2813.2 6705.7 -13.9 156 0 18.0 20.8 10.0 2.5 2 1 4 2 2
-3533.8 6292.7 -11.0 324 0 11.6 21.4 2.5 2.5 2 1 1 4 4
-3645.2 6426.3 -8.0 301 0 7.3 15.0 14.0 3.5 2 1 4 3 3
-3638.0 6355.8 -8.8 29 0 10.0 14.7 14.0 3.5 4 1 4 2 2
-3645.4 6383.4 -8.3 299 0 7.1 10.9 14.0 3.5 2 1 4 0 0
-3615.3 6309.3 -10.8 214 0 11.3 22.4 12.5 2.5 2 1 5 0 0
-3602.8 6286.6 -10.3 34 0 10.1 22.9 7.5 2.5 2 1 3 2 2
-3608.5 6277.4 -9.9 34 0 10.1 22.9 5.0 2.5 2 1 2 4 4
-3615.4 6268.3 -10.4 34 0 10.1 22.9 7.5 2.5 2 1 3 3 3
-3637.4 6243.0 -10.9 37 0 11.7 19.3 7.5 2.5 2 1 3 3 3
-3627.2 6237.7 -11.1 218 0 6.4 18.4 7.5 2.5 2 1 3 0 0
-3620.1 6245.2 -10.9 220 0 10.7 17.7 7.5 2.5 2 1 3 3 3
-3588.9 6226.2 -10.2 42 0 14.4 15.0 2.5 2.5 2 1 1 3 3
-3568.5 6245.0 -9.8 44 0 13.8 16.6 5.0 2.5 2 1 2 3 3
-3583.6 6290.0 -10.9 224 0 7.8 19.5 7.5 2.5 4 1 3 0 0
-3577.3 6299.3 -11.2 228 0 9.8 23.2 5.0 2.5 2 1 2 1 1
-3546.3 6260.2 -10.3 55 0 12.2 20.1 5.0 2.5 2 1 2 1 1
-3572.4 6316.9 -11.8 215 0 20.8 12.5 12.5 0.0 0 0 5 3 3
-3670.1 6252.2 -10.7 34 0 7.5 11.3 5.0 2.5 2 1 2 1 1
-3968.2 6367.9 -2.7 109 0 30.0 10.2 14.0 3.5 2 0 4 5 5
-3947.4 6345.2 -3.3 111 0 10.7 12.7 14.0 3.5 4 1 4 3 3
-4025.3 6374.9 -0.2 89 0 8.4 15.7 14.0 3.5 2 1 4 4 4
-4046.6 6377.4 0.5 96 0 7.2 16.3 14.0 3.5 2 1 4 0 0
-4039.0 6397.2 0.5 187 0 8.3 11.0 14.0 3.5 2 1 4 5 5
-4050.0 6402.8 1.0 188 0 7.7 10.6 14.0 3.5 2 1 4 2 2
-4062.5 6412.9 2.1 8 0 10.9 13.7 14.0 3.5 2 1 4 0 0
-4117.7 6390.3 3.2 91 0 9.5 16.5 14.0 3.5 2 1 4 4 4
-4096.7 6386.9 2.3 95 0 11.5 8.0 14.0 3.5 2 0 4 2 2
-4095.3 6395.8 2.6 94 0 11.8 16.6 14.0 3.5 2 1 4 0 0
-4086.4 6384.6 2.0 102 0 7.8 17.6 14.0 3.5 2 1 4 4 4
-3908.5 6370.5 -3.3 360 0 18.2 8.7 14.0 3.5 2 0 4 2 2
-3907.5 6352.3 -3.6 13 0 13.1 9.0 14.0 3.5 2 0 4 2 2
-3931.4 6335.1 -3.7 96 0 7.6 25.2 14.0 3.5 2 1 4 4 4
-3920.5 6373.6 -3.1 0 0 14.4 11.9 14.0 3.5 2 0 4 1 1
-3942.7 6363.1 -3.0 104 0 11.0 18.7 14.0 3.5 2 1 4 0 0
-3896.8 6414.1 -4.3 183 0 6.3 15.4 14.0 3.5 2 1 4 2 2
-3915.6 6418.3 -3.3 360 0 12.5 13.9 14.0 3.5 2 1 4 5 5
-3934.8 6429.8 -2.7 269 0 7.6 16.9 14.0 3.5 2 1 4 4 4
-3944.3 6430.8 -2.4 270 0 8.6 15.5 14.0 3.5 2 1 4 3 3
-4037.0 6363.3 -0.3 275 0 11.3 11.0 14.0 3.5 2 0 4 3 3
-4029.5 6346.1 -0.3 272 0 9.6 12.4 14.0 3.5 2 1 4 5 5
-4060.6 6386.6 1.2 10 0 12.6 10.1 14.0 0.0 0 0 4 5 5
-4054.7 6358.4 0.4 9 0 12.6 12.2 10.5 3.5 2 0 3 0 0
-509.7 6413.1 -10.6 264 0 18.7 11.2 5.0 2.5 2 0 2 0 0
-4012.4 6776.6 -3.7 99 0 13.2 15.3 5.0 2.5 2 1 2 4 4
-3944.2 6739.9 -5.7 97 0 15.9 10.9 2.5 2.5 2 0 1 3 3
-4006.5 6840.4 -5.4 13 0 8.7 12.6 10.0 2.5 2 1 4 5 5
-4102.9 6811.3 -3.1 279 0 17.6 13.4 7.5 2.5 4 0 3 5 5
-2952.6 6426.7 -5.3 63 0 9.7 7.0 7.5 2.5 2 0 3 2 2
-2957.5 6432.9 -5.5 69 0 20.5 9.2 10.0 2.5 2 0 4 4 4
-2956.0 6453.3 -6.0 339 0 11.0 19.5 5.0 2.5 4 1 2 3 3
-2988.3 6435.2 -5.6 178 0 9.8 12.1 7.5 2.5 2 1 3 3 3
-2996.8 6436.6 -5.9 176 0 11.7 7.1 5.0 2.5 2 0 2 4 4
-1620.5 6604.6 -8.5 2 0 6.2 18.4 5.0 2.5 4 1 2 5 5
-2954.2 6408.7 -4.8 276 0 7.4 15.2 5.0 2.5 2 1 2 4 4
-2976.3 6284.8 -1.2 176 0 9.2 14.9 10.0 2.5 2 1 4 4 4
-3028.7 6366.3 -3.7 249 0 8.8 10.7 2.5 2.5 4 1 1 2 2
-3044.3 6391.6 -4.9 66 0 9.1 9.1 7.5 2.5 4 1 3 1 1
-3105.2 6375.4 -5.7 79 0 8.3 20.0 5.0 2.5 2 1 2 3 3
-3065.9 6376.9 -4.8 60 0 11.4 14.9 7.5 2.5 2 1 3 3 3
-3013.5 6401.4 -4.9 344 0 8.6 20.8 5.0 2.5 2 1 2 5 5
-4504.1 5795.9 -11.1 162 0 14.0 22.5 7.0 0.0 0 1 2 1 1
-2941.9 6327.5 -2.5 264 0 14.2 17.5 10.0 2.5 2 1 4 1 1
-2939.2 6283.5 -1.4 84 0 15.1 13.4 2.5 2.5 2 0 1 0 0
-2912.3 6277.9 -2.3 75 0 11.7 27.9 10.0 2.5 2 1 4 2 2
-2897.7 6278.8 -2.8 77 0 15.4 12.9 2.5 2.5 2 0 1 5 5
-2894.2 6297.3 -2.9 345 0 8.2 15.6 2.5 2.5 2 1 1 2 2
-2906.0 6332.2 -3.2 356 0 8.4 16.2 10.0 2.5 2 1 4 0 0
-2907.3 6342.2 -3.5 353 0 8.8 21.1 12.5 2.5 2 1 5 1 1
-2914.2 6368.4 -3.9 354 0 18.0 19.7 7.5 2.5 2 1 3 4 4
-2951.5 6375.1 -3.7 164 0 10.3 16.3 2.5 2.5 2 1 1 2 2
-2912.7 6383.6 -4.2 351 0 10.9 6.0 5.0 2.5 2 0 2 2 2
-2899.8 6394.1 -4.8 175 0 8.2 16.7 14.0 3.5 2 1 4 4 4
-2887.7 6424.3 -5.4 264 0 14.2 7.9 14.0 3.5 2 0 4 3 3
-2886.2 6416.5 -5.2 262 0 10.2 12.3 14.0 3.5 4 1 4 0 0
-2873.1 6426.0 -5.6 265 0 10.7 11.9 14.0 3.5 2 1 4 4 4
-2878.1 6396.0 -5.1 176 0 8.4 17.3 14.0 3.5 2 1 4 2 2
-2872.6 6413.1 -5.3 266 0 10.8 6.9 14.0 3.5 2 0 4 2 2
-2899.3 6377.2 -4.5 177 0 8.7 20.0 14.0 3.5 2 1 4 2 2
-2879.5 6379.2 -4.7 178 0 6.5 13.9 14.0 3.5 4 1 4 5 5
-2894.0 6345.2 -3.8 172 0 6.6 11.2 14.0 3.5 2 1 4 2 2
-2892.4 6336.5 -3.7 172 0 7.3 6.1 14.0 3.5 2 0 4 5 5
-2882.6 6330.5 -3.7 265 0 7.8 18.4 14.0 3.5 2 1 4 4 4
-2867.4 6330.9 -4.0 263 0 16.9 16.6 14.0 3.5 2 0 4 0 0
-2851.2 6334.1 -4.4 264 0 11.1 17.5 14.0 3.5 2 1 4 0 0
-2838.7 6335.5 -4.8 264 0 14.1 14.7 14.0 3.5 2 1 4 2 2
-2823.7 6322.6 -5.1 83 0 12.1 12.4 14.0 3.5 4 1 4 4 4
-2849.8 6350.0 -4.9 165 0 12.6 21.3 14.0 3.5 2 1 4 5 5
-2800.6 6336.5 -5.6 346 0 12.4 16.0 14.0 3.5 2 1 4 2 2
-2802.9 6346.7 -5.6 349 0 8.5 9.1 14.0 3.5 2 1 4 2 2
-2803.4 6359.5 -5.6 352 0 13.6 14.4 14.0 3.5 2 1 4 1 1
-2807.6 6372.7 -5.6 353 0 10.3 12.4 14.0 3.5 2 1 4 3 3
-2830.0 6391.9 -5.4 358 0 14.2 21.5 14.0 3.5 2 1 4 3 3
-2855.5 6424.9 -5.8 264 0 18.5 12.7 14.0 3.5 2 0 4 0 0
-2833.7 6417.3 -5.8 269 0 10.9 7.3 14.0 3.5 2 0 4 3 3
-2815.7 6404.4 -5.8 357 0 11.6 11.4 14.0 3.5 2 0 4 0 0
-2821.5 6422.2 -6.1 267 0 12.1 11.3 14.0 3.5 2 0 4 3 3
-2809.8 6383.0 -5.9 87 0 9.9 21.9 14.0 3.5 2 1 4 0 0
-2799.3 6419.6 -6.4 273 0 19.4 14.5 14.0 3.5 2 0 4 2 2
-2794.2 6387.6 -6.2 80 0 7.5 12.5 14.0 3.5 2 1 4 3 3
-2788.4 6395.3 -6.5 178 0 10.2 8.4 14.0 3.5 2 0 4 5 5
-2763.2 6415.5 -7.0 356 0 15.7 18.3 14.0 0.0 0 1 4 4 4
-2797.4 6380.6 -6.4 175 0 12.8 17.2 14.0 3.5 2 1 4 1 1
-2798.9 6365.1 -6.2 172 0 13.7 14.3 14.0 3.5 2 1 4 3 3
-2797.6 6351.1 -6.2 172 0 12.4 16.7 14.0 3.5 2 1 4 0 0
-2783.1 6366.8 -6.4 171 0 14.7 8.6 14.0 3.5 2 0 4 4 4
-2776.4 6382.8 -6.8 172 0 11.7 11.2 14.0 3.5 2 0 4 0 0
-2763.6 6369.5 -6.7 353 0 13.1 9.2 14.0 3.5 2 0 4 2 2
-2750.4 6421.7 -7.4 348 0 8.9 12.7 14.0 3.5 2 1 4 4 4
-2745.7 6411.8 -7.4 347 0 13.1 12.2 14.0 3.5 2 0 4 4 4
-2741.1 6400.7 -7.5 351 0 9.8 9.8 14.0 3.5 2 0 4 2 2
-2749.8 6386.3 -7.2 350 0 18.7 13.6 14.0 3.5 2 0 4 0 0
-2735.3 6371.1 -7.5 351 0 14.0 11.2 14.0 3.5 2 0 4 3 3
-2746.2 6360.0 -7.1 347 0 8.6 11.3 14.0 0.0 0 1 4 1 1
-2729.8 6361.8 -7.8 173 0 20.5 8.7 14.0 0.0 0 0 4 2 2
-2738.8 6411.4 -8.1 162 0 7.9 12.1 14.0 3.5 2 1 4 2 2
-2736.5 6401.2 -7.8 171 0 13.1 7.1 14.0 3.5 2 0 4 2 2
-2703.0 6405.0 -9.5 354 0 14.7 21.2 14.0 3.5 2 1 4 3 3
-2707.2 6417.6 -9.7 353 0 10.9 18.5 14.0 3.5 2 1 4 1 1
-2700.4 6389.7 -8.9 352 0 10.5 20.3 14.0 3.5 2 1 4 1 1
-2697.4 6380.4 -8.6 355 0 7.5 9.1 14.0 3.5 2 1 4 5 5
-2719.4 6370.8 -8.2 171 0 10.4 9.2 14.0 3.5 2 0 4 1 1
-2710.1 6379.4 -8.2 359 0 6.1 6.6 14.0 3.5 2 1 4 1 1
-2683.9 6423.1 -11.7 258 0 12.8 13.9 14.0 3.5 2 1 4 4 4
-2672.4 6422.3 -12.2 261 0 8.5 9.2 14.0 3.5 2 1 4 5 5
-2679.7 6393.6 -11.4 168 0 8.0 14.4 14.0 3.5 2 1 4 0 0
-2696.3 6342.3 -8.9 202 0 17.0 13.2 14.0 0.0 0 0 4 1 1
-2705.9 6318.9 -8.8 184 0 9.1 15.4 14.0 3.5 2 1 4 0 0
-2706.8 6294.8 -8.7 88 0 8.6 16.7 14.0 3.5 2 1 4 5 5
-2687.9 6304.8 -9.2 93 0 12.5 7.8 14.0 3.5 4 0 4 0 0
-2671.6 6299.5 -9.5 92 0 16.3 17.2 14.0 3.5 2 1 4 1 1
-2615.9 6388.2 -12.0 272 0 12.6 11.1 14.0 3.5 2 0 4 5 5
-1657.5 6399.9 -8.5 5 0 10.7 16.6 7.5 2.5 2 1 3 4 4
-1723.9 6386.7 -7.3 183 0 10.1 17.7 7.5 2.5 2 1 3 3 3
-1613.3 6407.0 -7.7 92 0 18.2 14.6 7.5 2.5 2 0 3 4 4
-1732.4 6381.4 -6.6 4 0 7.0 17.8 14.0 3.5 2 1 4 2 2
-1782.8 6415.3 -5.4 268 0 14.2 12.6 14.0 3.5 2 0 4 0 0
-1859.5 6395.0 -3.5 159 0 14.7 12.1 14.0 3.5 2 0 4 4 4
-1937.1 6362.2 -1.8 65 0 13.4 7.6 14.0 0.0 0 0 4 5 5
-1850.1 6381.7 -3.7 259 0 12.6 11.7 14.0 0.0 0 0 4 1 1
-1834.7 6403.4 -4.2 179 0 10.4 13.9 14.0 3.5 2 1 4 0 0
-2220.1 6385.8 -8.2 168 0 11.1 17.2 14.0 3.5 2 1 4 5 5
-2278.0 6355.6 -9.9 149 0 11.0 21.6 14.0 3.5 2 1 4 2 2
-2216.1 6370.9 -7.4 169 0 11.6 24.7 14.0 3.5 2 1 4 2 2
-2247.8 6356.2 -8.8 348 0 9.6 11.9 14.0 3.5 2 1 4 0 0
-2229.7 6342.5 -7.9 347 0 12.3 19.9 14.0 3.5 2 1 4 5 5
-2298.6 6370.4 -10.9 123 0 12.1 20.4 14.0 3.5 2 1 4 2 2
-2474.3 6367.8 -13.4 89 0 8.7 14.7 14.0 3.5 2 1 4 4 4
-2467.8 6322.1 -12.4 271 0 6.8 15.0 14.0 3.5 2 1 4 5 5
-2826.5 6295.5 -5.3 259 0 8.3 21.8 14.0 3.5 2 1 4 0 0
-2652.2 6287.1 -9.7 259 0 9.5 13.6 14.0 3.5 2 1 4 4 4
-2865.2 6302.2 -3.8 260 0 15.7 11.4 14.0 3.5 2 0 4 1 1
-2867.3 6281.7 -3.8 175 0 10.9 15.8 14.0 3.5 2 1 4 2 2
-2799.7 6318.2 -5.5 260 0 9.6 15.9 14.0 3.5 4 1 4 0 0
-2626.7 6293.9 -9.3 264 0 9.9 11.4 14.0 3.5 2 1 4 0 0
-2663.6 6287.7 -9.8 264 0 12.0 9.9 14.0 3.5 2 0 4 4 4
-2495.2 6365.8 -13.2 90 0 27.1 16.4 14.0 3.5 2 0 4 3 3
-2438.8 6359.5 -13.3 271 0 25.9 15.2 14.0 3.5 2 0 4 0 0
-2515.9 6358.2 -12.3 270 0 15.3 14.5 14.0 3.5 2 0 4 4 4
-2497.2 6357.1 -12.5 270 0 18.1 13.9 14.0 3.5 2 0 4 0 0
-2459.6 6358.8 -13.3 270 0 13.2 15.0 14.0 3.5 2 1 4 1 1
-2390.2 6336.3 -11.3 180 0 13.9 17.1 14.0 3.5 2 1 4 1 1
-2385.8 6320.6 -10.5 178 0 14.1 13.5 14.0 3.5 2 0 4 2 2
-2384.5 6397.1 -14.1 346 0 17.8 14.8 14.0 3.5 2 0 4 4 4
-2639.6 6291.3 -9.6 263 0 11.7 25.6 14.0 0.0 0 1 4 2 2
-2615.6 6296.2 -9.2 263 0 9.4 13.3 14.0 3.5 4 1 4 5 5
-2493.4 6289.0 -11.5 82 0 10.1 13.8 14.0 0.0 0 1 4 3 3
-2448.0 6368.3 -13.9 89 0 13.8 14.9 14.0 0.0 0 1 4 0 0
-2118.4 6340.8 -3.7 81 0 10.4 20.3 14.0 3.5 4 1 4 5 5
-3665.5 6360.4 -7.4 204 0 9.2 8.0 14.0 3.5 2 0 4 3 3
-3690.4 6381.1 -6.0 241 0 15.2 12.9 14.0 3.5 4 0 4 2 2
-3729.6 6257.0 -8.8 52 0 6.3 11.7 14.0 3.5 2 1 4 1 1
-3788.2 6285.9 -6.3 245 0 19.2 23.8 14.0 3.5 2 1 4 0 0
-1989.0 6337.3 -2.2 258 0 11.0 14.8 14.0 3.5 2 1 4 2 2
-1974.1 6342.3 -2.1 259 0 11.3 14.2 14.0 3.5 2 1 4 4 4
-2234.2 6374.7 -9.0 348 0 12.3 17.2 14.0 3.5 4 1 4 2 2
-3728.3 6220.8 -10.9 50 0 15.5 12.1 14.0 3.5 2 0 4 2 2
-1859.1 6234.1 -6.3 160 0 9.4 9.8 14.0 3.5 2 1 4 3 3
-1884.3 6204.3 -7.3 154 0 7.3 21.2 7.0 3.5 2 1 2 5 5
-1874.6 6238.7 -6.3 342 0 12.5 12.6 14.0 3.5 2 1 4 2 2
-1896.4 6227.2 -6.1 147 0 9.9 9.2 14.0 3.5 4 0 4 3 3
-1892.3 6186.7 -7.3 336 0 17.7 9.0 10.5 3.5 2 0 3 2 2
-3700.3 6264.3 -9.7 49 0 10.2 10.7 14.0 3.5 2 1 4 4 4
-3651.1 6297.7 -9.2 220 0 7.2 11.3 7.5 2.5 2 1 3 0 0
-3873.4 6296.0 -4.7 89 0 6.8 6.3 14.0 0.0 0 0 4 1 1
-3541.8 6364.0 -12.7 231 0 7.5 17.1 7.5 0.0 0 1 3 2 2
-2976.0 6410.8 -5.0 346 0 10.8 7.8 5.0 2.5 2 0 2 0 0
-3056.7 6410.7 -6.0 57 0 11.8 10.4 7.5 2.5 2 0 3 2 2
-3168.9 6407.1 -9.4 251 0 11.2 11.3 7.5 2.5 2 1 3 1 1
-3175.3 6417.4 -10.3 251 0 9.7 8.9 10.0 2.5 2 0 4 4 4
-3091.1 6415.7 -6.4 247 0 10.8 7.6 5.0 2.5 2 0 2 0 0
-3094.1 6421.4 -6.8 246 0 11.6 6.4 2.5 2.5 2 0 1 0 0
-3774.1 6414.2 -2.3 237 0 7.7 13.7 14.0 3.5 2 1 4 4 4
-3764.1 6401.4 -2.5 239 0 10.2 11.3 14.0 0.0 0 1 4 1 1
-3782.0 6426.2 -2.7 239 0 8.8 10.9 14.0 3.5 4 1 4 2 2
-3692.4 6399.7 -5.1 65 0 10.7 11.4 14.0 3.5 2 1 4 4 4
-3725.0 6373.2 -4.6 57 0 6.3 21.7 14.0 3.5 4 1 4 5 5
-3740.7 6358.3 -2.8 57 0 6.4 13.3 14.0 3.5 2 1 4 5 5
-3797.3 6328.0 -2.4 63 0 9.4 12.6 14.0 3.5 2 1 4 4 4
-3744.3 6323.9 -4.2 58 0 6.6 18.9 14.0 3.5 2 1 4 4 4
-3792.1 6297.1 -4.2 68 0 8.7 6.8 14.0 3.5 2 0 4 5 5
-3790.5 6312.9 -3.3 59 0 8.1 15.0 14.0 3.5 2 1 4 2 2
-3788.4 6337.0 -1.8 61 0 7.3 9.3 14.0 3.5 2 1 4 1 1
-3793.1 6371.9 -1.5 240 0 13.9 12.0 14.0 3.5 2 0 4 3 3
-3842.7 6346.0 -3.1 255 0 7.4 12.9 14.0 3.5 2 1 4 4 4
-3802.8 6361.2 -1.6 242 0 8.1 6.6 14.0 3.5 2 0 4 0 0
-3869.8 6365.8 -3.6 223 0 10.9 13.9 14.0 3.5 2 1 4 5 5
-3627.3 6370.3 -9.4 26 0 10.0 11.1 14.0 3.5 2 1 4 5 5
-3620.0 6341.3 -10.7 218 0 20.3 20.0 17.5 0.0 0 0 7 1 1
-3685.3 6270.9 -10.1 48 0 10.0 41.3 14.0 3.5 2 1 4 3 3
-3789.4 6255.5 -7.4 252 0 11.2 13.0 14.0 3.5 2 1 4 5 5
-2522.0 6323.8 -11.6 183 0 14.9 13.5 14.0 3.5 2 0 4 0 0
-2536.9 6346.3 -12.0 355 0 33.8 28.0 14.0 0.0 0 0 4 0 0
-2583.5 6326.8 -11.2 88 0 19.2 21.6 14.0 3.5 2 1 4 1 1
-2583.8 6373.6 -11.9 275 0 21.5 14.3 14.0 3.5 2 0 4 4 4
-2534.4 6386.3 -13.0 4 0 22.4 32.6 14.0 0.0 0 1 4 4 4
-2625.5 6333.2 -10.9 87 0 18.8 15.5 14.0 3.5 2 0 4 4 4
-2611.0 6309.8 -10.5 78 0 8.9 21.5 14.0 3.5 2 1 4 5 5
-2638.6 6303.2 -9.2 82 0 13.5 18.2 14.0 3.5 4 1 4 4 4
-2566.7 6268.5 -9.7 86 0 18.9 17.5 14.0 3.5 2 0 4 5 5
-2432.0 6305.5 -11.9 359 0 16.7 16.6 14.0 3.5 2 0 4 3 3
-2444.1 6341.4 -13.0 276 0 13.3 15.7 14.0 3.5 2 1 4 4 4
-2211.7 6346.5 -6.5 176 0 24.4 26.0 14.0 0.0 0 1 4 5 5
-2164.6 6386.4 -6.3 343 0 15.3 13.2 14.0 3.5 2 0 4 0 0
-2148.1 6394.3 -5.4 167 0 13.2 28.0 14.0 3.5 2 1 4 4 4
-2079.1 6411.4 -4.6 359 0 14.4 17.9 14.0 3.5 2 1 4 0 0
-2059.7 6387.6 -3.4 169 0 12.1 15.1 14.0 3.5 2 1 4 4 4
-2052.3 6353.3 -2.7 178 0 7.6 21.8 14.0 3.5 2 1 4 3 3
-2014.9 6344.9 -2.0 73 0 19.8 15.1 14.0 3.5 2 0 4 5 5
-2040.0 6396.6 -3.0 167 0 13.1 21.0 14.0 3.5 2 1 4 4 4
-1996.7 6389.8 -2.1 1 0 16.3 15.9 14.0 3.5 2 0 4 4 4
-1975.4 6355.5 -1.8 83 0 13.3 20.6 14.0 3.5 2 1 4 3 3
-1942.4 6354.9 -2.5 250 0 16.0 21.1 14.0 0.0 0 1 4 2 2
-1855.7 6349.3 -3.6 76 0 11.1 14.6 14.0 0.0 0 1 4 2 2
-1821.5 6344.3 -4.5 81 0 13.8 16.2 14.0 3.5 2 1 4 1 1
-1753.7 6390.2 -6.0 5 0 20.1 13.7 14.0 3.5 2 0 4 4 4
-1749.6 6411.2 -6.1 359 0 20.7 19.0 14.0 3.5 2 0 4 2 2
-2093.1 6375.5 -3.9 351 0 14.5 16.1 14.0 3.5 2 1 4 1 1
-2327.5 6380.1 -12.5 336 0 16.7 18.6 14.0 3.5 2 1 4 2 2
-1791.3 6630.4 -8.2 344 0 201.6 68.4 10.0 0.0 0 0 4 1 1
-1729.3 6541.1 -8.7 82 0 58.9 98.4 12.5 0.0 0 1 5 2 2
-1801.1 6847.3 -11.6 50 0 113.9 151.3 10.0 0.0 0 1 4 1 1
-1456.3 6606.3 -8.3 74 0 217.1 127.4 12.5 0.0 0 0 5 3 3
-2982.9 6484.5 -7.8 255 0 14.6 17.7 10.0 2.5 2 1 4 2 2
-2976.9 6504.5 -7.9 250 0 20.0 15.4 7.5 2.5 2 0 3 5 5
-3003.5 6507.1 -8.7 244 0 10.4 22.5 5.0 2.5 2 1 2 0 0
-3028.2 6487.3 -9.0 160 0 9.7 9.6 5.0 2.5 2 0 2 5 5
-3011.6 6468.4 -7.8 162 0 10.9 14.8 7.5 2.5 2 1 3 1 1
-3049.6 6507.5 -10.6 68 0 7.3 14.6 7.5 2.5 2 1 3 3 3
-2970.5 6570.3 -10.2 344 0 9.3 23.7 12.5 2.5 2 1 5 5 5
-2967.7 6581.0 -10.7 351 0 6.7 16.7 7.5 2.5 2 1 3 3 3
-2985.0 6606.2 -11.7 242 0 9.6 18.5 5.0 2.5 2 1 2 2 2
-3002.0 6595.5 -12.2 246 0 12.9 12.6 10.0 2.5 2 0 4 0 0
-3034.5 6577.4 -12.3 250 0 16.2 19.8 10.0 2.5 2 1 4 2 2
-3040.8 6542.2 -10.6 251 0 17.5 9.4 7.5 2.5 2 0 3 4 4
-3048.0 6558.8 -11.7 251 0 9.3 17.2 7.5 2.5 2 1 3 4 4
-3063.1 6512.9 -11.0 73 0 7.6 9.1 7.5 2.5 2 1 3 0 0
-3080.7 6552.4 -12.4 222 0 10.0 18.2 12.5 2.5 2 1 5 2 2
-3065.6 6482.5 -10.5 69 0 10.1 23.5 2.5 0.0 0 1 1 5 5
-3078.8 6490.7 -11.3 68 0 6.2 27.2 5.0 2.5 2 1 2 3 3
-3107.0 6534.8 -12.6 241 0 8.0 19.8 7.5 2.5 4 1 3 4 4
-3121.8 6503.5 -12.0 63 0 10.5 10.8 7.5 2.5 2 1 3 1 1
-3132.9 6522.4 -12.6 241 0 7.0 9.8 2.5 2.5 2 1 1 3 3
-3031.4 6462.3 -8.0 327 0 11.1 19.1 5.0 0.0 0 1 2 3 3
-3033.2 6439.7 -7.0 355 0 16.3 10.2 7.5 2.5 2 0 3 1 1
-3057.2 6448.6 -7.4 248 0 11.7 20.8 12.5 0.0 0 1 5 4 4
-3071.1 6464.1 -8.5 264 0 9.9 28.2 15.0 0.0 0 1 6 1 1
-3092.3 6442.1 -7.8 241 0 25.6 16.5 10.0 2.5 2 0 4 4 4
-3097.0 6456.3 -8.6 246 0 11.6 12.5 10.0 2.5 4 1 4 1 1
-3128.6 6435.0 -8.2 244 0 18.5 12.6 5.0 2.5 2 0 2 3 3
-3113.3 6431.7 -7.6 249 0 7.8 13.4 5.0 2.5 2 1 2 5 5
-3126.0 6472.8 -11.3 332 0 7.8 33.0 10.0 2.5 2 1 4 4 4
-3153.7 6440.5 -10.6 64 0 13.7 7.6 5.0 2.5 2 0 2 5 5
-3169.8 6482.4 -12.5 307 0 13.8 25.5 7.5 2.5 4 1 3 1 1
-3145.6 6498.2 -12.7 334 0 8.5 14.9 5.0 2.5 2 1 2 4 4
-3188.7 6487.1 -12.6 216 0 13.1 11.5 7.5 2.5 2 0 3 2 2
-3185.7 6446.6 -12.0 62 0 13.0 10.2 10.0 2.5 2 0 4 2 2
-3198.0 6424.0 -11.6 61 0 14.3 8.9 5.0 2.5 4 0 2 2 2
-3193.6 6457.8 -12.3 27 0 11.5 17.5 7.5 2.5 2 1 3 2 2
-3203.3 6479.8 -12.5 221 0 8.6 15.5 5.0 2.5 2 1 2 0 0
-3207.9 6437.3 -11.9 29 0 10.8 15.2 7.5 2.5 2 1 3 0 0
-3241.8 6462.1 -12.2 215 0 14.8 14.2 7.5 2.5 2 0 3 3 3
-3230.2 6471.7 -12.4 209 0 12.0 10.1 2.5 2.5 2 0 1 3 3
-3219.4 6497.5 -12.8 209 0 7.6 18.0 10.0 2.5 2 1 4 4 4
-3254.6 6473.7 -12.4 226 0 11.4 12.6 5.0 2.5 2 1 2 1 1
-3243.0 6482.6 -12.6 216 0 15.2 10.9 7.5 2.5 2 0 3 4 4
-3184.6 6624.2 -15.8 328 0 9.7 14.6 7.5 2.5 4 1 3 3 3
-3205.4 6527.0 -13.4 133 0 12.9 7.3 2.5 2.5 2 0 1 5 5
-3208.4 6559.1 -14.4 135 0 17.8 18.4 15.0 0.0 0 1 6 1 1
-3208.4 6591.2 -15.3 131 0 8.4 10.3 5.0 2.5 2 1 2 1 1
-3227.8 6584.1 -15.1 136 0 10.5 16.4 10.0 2.5 2 1 4 3 3
-3253.5 6609.8 -15.4 134 0 6.3 8.5 5.0 2.5 2 1 2 0 0
-3249.9 6627.4 -15.7 225 0 10.4 14.6 5.0 0.0 0 1 2 1 1
-3228.2 6550.4 -13.8 50 0 6.0 8.0 5.0 2.5 2 1 2 0 0
-711.4 6561.9 -9.4 182 0 13.5 16.7 10.0 2.5 4 1 4 3 3
-945.0 6537.3 -8.8 32 0 12.4 8.7 7.5 2.5 2 0 3 2 2
-1152.7 6456.2 -9.1 146 0 20.0 16.3 10.0 2.5 2 0 4 4 4
-1148.8 6560.9 -8.3 343 0 26.3 21.6 10.0 2.5 2 0 4 5 5
-1349.4 6744.4 -6.7 168 0 17.7 18.9 12.5 2.5 2 1 5 3 3
-1429.8 6777.6 -9.3 283 0 9.3 15.7 2.5 2.5 2 1 1 5 5
-1541.1 6759.8 -9.3 348 0 10.7 10.7 10.0 2.5 2 1 4 0 0
-2025.2 6887.8 -7.1 255 0 16.4 14.8 5.0 2.5 2 0 2 1 1
-2051.2 6910.4 -6.5 253 0 11.7 17.8 5.0 0.0 0 1 2 0 0
-2066.3 6845.6 -9.1 257 0 10.9 12.2 7.5 2.5 2 1 3 3 3
-2216.8 6850.9 -13.3 68 0 11.0 18.8 7.5 2.5 2 1 3 0 0
-2202.7 6845.1 -13.0 72 0 12.4 10.2 7.5 2.5 2 0 3 5 5
-2256.4 6672.3 -10.6 76 0 14.4 13.0 14.0 3.5 2 0 4 1 1
-2256.5 6659.6 -10.0 261 0 13.6 11.2 14.0 3.5 2 0 4 0 0
-2268.5 6602.8 -9.3 358 0 14.4 15.3 10.5 3.5 2 1 3 1 1
-2250.8 6549.4 -11.2 319 0 6.7 11.5 10.5 3.5 2 1 3 4 4
-2370.6 6783.7 -13.0 97 0 10.6 18.8 5.0 2.5 2 1 2 4 4
-2570.0 6744.6 -13.8 262 0 13.6 20.5 7.5 2.5 2 1 3 3 3
-2851.8 6261.9 -4.3 180 0 8.0 19.1 14.0 3.5 2 1 4 3 3
-2842.3 6291.1 -4.3 261 0 13.9 9.7 16.0 3.5 4 0 4 2 2
-2738.6 6338.5 -7.4 255 0 15.5 9.8 14.0 3.5 2 0 4 1 1
-2760.3 6330.1 -6.7 259 0 10.5 12.0 14.0 3.5 4 1 4 3 3
-2704.4 6327.5 -8.8 174 0 9.4 13.7 14.0 3.5 2 1 4 5 5
-2706.7 6296.5 -8.6 92 0 8.0 14.2 14.0 3.5 2 1 4 4 4
-2787.1 6319.5 -5.8 251 0 8.8 8.8 14.0 3.5 2 0 4 1 1
-2704.4 6278.4 -8.9 270 0 6.5 7.0 14.0 3.5 2 1 4 5 5
-2719.7 6284.6 -8.5 186 0 6.2 10.6 14.0 3.5 2 1 4 2 2
-2730.7 6269.6 -7.9 5 0 15.0 14.7 14.0 3.5 2 0 4 0 0
-2728.4 6291.9 -7.8 15 0 10.4 13.8 14.0 3.5 2 1 4 2 2
-2591.5 6303.0 -9.9 263 0 7.7 14.1 14.0 3.5 2 1 4 2 2
-2620.7 6306.7 -9.7 90 0 7.6 12.9 14.0 3.5 2 1 4 4 4
-2511.7 6310.9 -11.4 213 0 7.4 12.4 14.0 3.5 4 1 4 4 4
-2514.9 6288.8 -11.1 171 0 8.8 11.3 14.0 3.5 2 1 4 4 4
-2458.6 6338.3 -12.9 267 0 9.8 23.5 14.0 3.5 2 1 4 0 0
-2458.1 6288.8 -11.7 103 0 13.4 11.3 14.0 3.5 2 0 4 5 5
-2399.5 6325.4 -11.5 2 0 13.1 16.8 14.0 3.5 2 1 4 0 0
-2424.3 6282.0 -10.5 88 0 11.0 16.2 14.0 0.0 0 1 4 0 0
-2389.7 6359.4 -12.7 174 0 9.4 16.3 14.0 3.5 2 1 4 5 5
-2349.7 6344.8 -11.2 351 0 11.4 12.4 14.0 3.5 2 1 4 2 2
-2334.7 6310.8 -9.6 166 0 7.9 6.5 14.0 0.0 0 0 4 3 3
-2336.4 6318.9 -9.8 170 0 8.6 7.1 14.0 0.0 0 0 4 3 3
-2277.8 6331.0 -8.9 158 0 9.8 6.9 14.0 3.5 2 0 4 5 5
-2157.7 6343.0 -4.6 2 0 13.3 18.6 14.0 3.5 4 1 4 3 3
-2152.6 6367.0 -4.5 171 0 9.4 15.9 14.0 0.0 0 1 4 5 5
-2093.2 6391.3 -4.3 353 0 12.4 11.7 14.0 3.5 2 0 4 3 3
-2074.9 6392.3 -4.0 357 0 10.2 13.5 14.0 3.5 2 1 4 2 2
-2041.8 6375.2 -2.6 172 0 8.4 12.4 14.0 3.5 2 1 4 3 3
-2021.1 6361.4 -2.1 86 0 13.0 17.1 14.0 3.5 2 1 4 5 5
-1960.9 6359.6 -1.7 77 0 8.0 25.4 14.0 3.5 4 1 4 1 1
-1991.7 6751.6 -7.7 266 0 11.3 9.5 7.5 2.5 2 0 3 5 5
-1972.3 6735.3 -6.9 354 0 13.7 9.6 7.5 2.5 2 0 3 1 1
-2004.0 6739.0 -7.9 267 0 10.7 12.1 7.5 2.5 2 1 3 5 5
-1980.6 6718.6 -7.3 354 0 17.4 10.7 5.0 2.5 2 0 2 4 4
-2019.4 6697.9 -8.2 176 0 19.9 11.0 2.5 2.5 2 0 1 4 4
-2010.8 6720.3 -8.0 175 0 7.6 15.1 7.5 2.5 2 1 3 0 0
-1997.9 6699.0 -7.5 86 0 6.3 13.3 7.5 2.5 2 1 3 1 1
-1971.4 6687.8 -6.5 82 0 9.1 18.5 7.5 2.5 4 1 3 0 0
-2031.2 6700.1 -9.2 353 0 19.6 14.5 14.0 3.5 2 0 4 4 4
-2033.4 6717.6 -9.5 353 0 15.6 14.5 14.0 3.5 2 0 4 4 4
-2035.3 6731.8 -9.5 353 0 13.0 14.5 14.0 3.5 2 1 4 2 2
-2039.1 6744.9 -9.2 353 0 13.9 10.1 14.0 3.5 2 0 4 5 5
-2043.1 6759.0 -9.6 353 0 15.2 11.7 14.0 3.5 2 0 4 5 5
-2011.4 6665.7 -7.7 274 0 9.8 8.8 14.0 3.5 2 0 4 3 3
-2003.3 6761.1 -8.9 87 0 10.6 12.7 14.0 3.5 2 1 4 3 3
-1962.4 6766.0 -8.1 80 0 13.1 9.7 14.0 3.5 4 0 4 2 2
-1968.2 6778.0 -8.9 83 0 13.2 12.2 14.0 3.5 2 0 4 3 3
-1941.7 6768.2 -8.1 82 0 10.8 16.5 14.0 3.5 2 1 4 1 1
-2002.5 6652.0 -7.4 95 0 7.3 8.2 14.0 3.5 4 1 4 4 4
-1982.5 6762.3 -8.5 83 0 8.7 13.0 14.0 3.5 2 1 4 5 5
-1540.9 6855.4 -12.1 173 0 13.7 12.3 7.5 2.5 2 0 3 4 4
-1484.3 6907.3 -13.0 166 0 16.3 16.7 10.0 2.5 2 1 4 2 2
-1478.2 6855.5 -11.9 8 0 8.5 16.3 7.5 2.5 2 1 3 0 0
-1437.1 6833.4 -11.1 167 0 19.6 18.2 7.5 0.0 0 0 3 1 1
-1395.5 6851.1 -11.4 11 0 23.4 10.1 7.5 2.5 2 0 3 2 2
-1162.6 6447.6 -9.0 333 0 17.0 12.1 7.5 2.5 2 0 3 3 3
-1192.8 6423.6 -9.0 155 0 21.6 15.4 7.5 2.5 2 0 3 2 2
-1137.8 6437.8 -9.3 132 0 12.4 20.2 5.0 2.5 2 1 2 0 0
-1115.5 6495.3 -9.2 234 0 9.9 26.1 12.5 2.5 2 1 5 4 4
-1069.4 6440.2 -9.6 335 0 6.8 7.6 7.5 2.5 4 1 3 4 4
-1062.6 6447.9 -9.6 335 0 10.1 6.4 2.5 2.5 2 0 1 4 4
-1059.7 6464.7 -9.5 336 0 9.2 12.4 7.5 2.5 2 1 3 4 4
-1077.4 6512.4 -9.1 328 0 15.7 7.7 7.5 2.5 2 0 3 4 4
-1085.0 6488.3 -9.2 330 0 6.6 6.3 5.0 2.5 2 0 2 3 3
-1046.0 6493.0 -9.2 150 0 6.9 9.8 2.5 2.5 2 1 1 2 2
-1069.0 6518.3 -9.0 150 0 12.6 11.9 7.5 2.5 2 0 3 2 2
-1058.3 6527.5 -8.9 149 0 10.2 6.8 2.5 2.5 2 0 1 3 3
-1040.8 6550.4 -8.9 243 0 10.0 7.8 2.5 2.5 2 0 1 2 2
-1017.5 6497.9 -9.2 145 0 11.0 11.5 5.0 2.5 2 1 2 1 1
-986.2 6475.7 -9.4 60 0 13.1 7.7 2.5 2.5 2 0 1 1 1
-981.5 6428.1 -9.8 58 0 6.3 6.6 7.5 2.5 2 1 3 0 0
-936.5 6458.8 -9.6 40 0 15.6 7.4 7.5 2.5 2 0 3 5 5
-943.4 6488.8 -9.4 304 0 20.0 11.1 7.5 2.5 2 0 3 5 5
-974.8 6549.9 -8.8 61 0 9.4 17.6 7.5 2.5 2 1 3 1 1
-996.7 6536.2 -9.0 326 0 8.6 11.3 7.5 2.5 2 1 3 3 3
-972.8 6597.0 -8.9 237 0 13.0 7.0 2.5 2.5 2 0 1 4 4
-858.7 6422.3 -12.0 94 0 7.5 10.4 10.0 2.5 2 1 4 2 2
-865.0 6458.6 -11.6 271 0 10.2 9.2 5.0 2.5 2 0 2 4 4
-893.9 6497.4 -10.5 179 0 7.4 12.8 10.0 2.5 2 1 4 4 4
-888.8 6464.7 -10.7 92 0 12.3 14.1 7.5 2.5 2 1 3 2 2
-799.0 6435.0 -12.4 1 0 11.3 12.5 7.5 2.5 2 1 3 0 0
-861.6 6471.6 -11.5 84 0 10.5 23.1 10.0 0.0 0 1 4 2 2
-832.3 6475.7 -11.4 79 0 9.5 10.6 7.5 2.5 2 1 3 2 2
-835.0 6492.1 -10.6 74 0 8.4 10.8 7.5 2.5 2 1 3 1 1
-800.8 6462.7 -11.8 346 0 9.1 10.3 7.5 2.5 4 1 3 0 0
-723.0 6441.9 -11.4 358 0 10.4 7.6 7.5 2.5 2 0 3 2 2
-720.8 6497.6 -9.4 352 0 13.6 19.5 10.0 2.5 2 1 4 2 2
-778.4 6476.7 -10.7 174 0 10.3 11.2 5.0 2.5 2 1 2 3 3
-723.8 6563.8 -8.2 358 0 9.8 12.9 2.5 2.5 2 1 1 3 3
-757.2 6601.0 -8.2 71 0 10.4 11.4 7.5 2.5 2 1 3 1 1
-761.6 6631.1 -8.5 160 0 13.0 6.5 10.0 2.5 2 0 4 1 1
-746.4 6662.0 -8.3 340 0 7.2 9.7 2.5 2.5 2 1 1 2 2
-778.4 6695.2 -8.6 155 0 10.3 12.9 10.0 0.0 0 1 4 2 2
-1513.5 6766.0 -9.4 335 0 13.4 17.5 10.0 0.0 0 1 4 4 4
-1532.8 6794.6 -10.2 176 0 8.0 15.3 2.5 2.5 2 1 1 0 0
-1547.1 6810.9 -10.8 355 0 17.3 10.8 7.5 2.5 2 0 3 1 1
-1562.3 6822.2 -11.2 351 0 15.6 7.8 7.5 2.5 2 0 3 5 5
-1495.2 6896.3 -13.0 254 0 15.3 19.0 10.0 2.5 2 1 4 2 2
-1480.2 6872.1 -12.3 345 0 12.3 12.0 7.5 2.5 2 0 3 1 1
-1497.3 6827.3 -11.5 82 0 10.3 20.9 7.5 2.5 2 1 3 0 0
-1460.8 6870.8 -12.0 258 0 17.4 14.8 10.0 2.5 2 0 4 1 1
-1419.9 6891.3 -12.2 255 0 9.3 11.8 10.0 2.5 4 1 4 4 4
-549.3 6357.6 -11.5 97 0 12.1 24.3 7.5 0.0 0 1 3 4 4
-567.5 6362.3 -11.4 98 0 6.3 20.4 7.5 2.5 2 1 3 1 1
-575.6 6356.8 -11.5 93 0 7.3 6.3 7.5 2.5 2 0 3 0 0
-606.8 6411.1 -11.0 2 0 7.8 8.5 10.0 2.5 2 1 4 4 4
-586.5 6404.3 -11.2 270 0 15.3 13.8 7.5 2.5 2 0 3 0 0
-586.7 6356.1 -11.5 94 0 6.4 11.4 2.5 0.0 0 1 1 4 4
-633.7 6353.4 -11.5 269 0 8.9 18.6 7.5 2.5 2 1 3 4 4
-624.0 6350.7 -11.5 265 0 7.2 18.1 7.5 2.5 4 1 3 1 1
-613.7 6349.9 -11.5 264 0 7.9 12.1 7.5 2.5 2 1 3 0 0
-618.2 6368.8 -11.4 358 0 18.3 7.6 2.5 2.5 2 0 1 3 3
-635.1 6359.5 -11.4 93 0 10.9 18.0 2.5 2.5 2 1 1 0 0
-646.8 6386.4 -11.3 269 0 10.3 13.9 5.0 2.5 2 1 2 2 2
-671.7 6383.1 -11.3 270 0 9.4 12.2 5.0 2.5 2 1 2 1 1
-647.2 6344.2 -11.5 2 0 15.5 10.0 7.5 2.5 2 0 3 2 2
-652.5 6361.5 -11.4 357 0 11.8 11.6 7.5 2.5 2 0 3 4 4
-676.8 6335.1 -11.5 82 0 10.8 13.5 7.5 2.5 2 1 3 3 3
-682.7 6382.4 -11.3 268 0 9.0 9.9 5.0 2.5 2 1 2 5 5
-689.0 6305.9 -11.2 184 0 13.5 9.4 7.5 2.5 2 0 3 3 3
-689.0 6333.9 -11.5 90 0 7.6 13.0 10.0 2.5 2 1 4 4 4
-661.9 6390.2 -11.1 88 0 11.3 6.9 5.0 2.5 2 0 2 1 1
-704.0 6409.6 -11.1 266 0 8.0 14.0 7.5 2.5 2 1 3 3 3
-701.9 6372.4 -11.3 355 0 8.1 10.2 7.5 2.5 4 1 3 2 2
-727.2 6338.5 -11.5 264 0 10.2 17.3 2.5 2.5 2 1 1 0 0
-717.6 6350.8 -11.4 84 0 6.9 8.8 7.5 2.5 2 1 3 5 5
-735.3 6350.0 -11.4 83 0 17.0 16.5 7.5 2.5 2 0 3 5 5
-758.1 6348.0 -11.4 87 0 16.2 11.6 7.5 2.5 2 0 3 0 0
-734.0 6301.2 -11.2 85 0 10.9 10.7 7.5 0.0 0 0 3 3 3
-756.8 6286.0 -11.1 267 0 10.8 12.4 7.5 2.5 2 1 3 3 3
-728.5 6284.7 -11.1 272 0 8.5 11.0 7.5 2.5 2 1 3 3 3
-742.0 6274.2 -11.1 273 0 12.1 7.3 2.5 2.5 2 0 1 2 2
-773.2 6337.8 -11.5 264 0 12.3 11.9 7.5 2.5 2 0 3 0 0
-779.6 6259.2 -11.0 183 0 11.4 12.2 7.5 2.5 2 1 3 1 1
-794.8 6245.4 -10.9 355 0 24.3 31.8 10.0 0.0 0 1 4 2 2
-797.3 6305.2 -11.3 358 0 29.9 22.0 7.5 0.0 0 0 3 5 5
-822.5 6304.0 -11.1 358 0 28.4 14.0 12.5 2.5 2 0 5 5 5
-858.5 6224.5 -11.1 90 0 12.3 21.6 7.5 2.5 2 1 3 0 0
-820.4 6267.6 -10.9 350 0 8.5 16.6 7.5 2.5 2 1 3 2 2
-859.3 6263.8 -11.0 172 0 12.0 9.7 2.5 2.5 2 0 1 0 0
-838.0 6297.3 -10.8 2 0 9.0 6.8 5.0 2.5 2 0 2 5 5
-841.2 6308.8 -10.9 359 0 7.5 13.6 7.5 2.5 2 1 3 1 1
-4064.6 6400.3 1.8 7 0 8.3 12.6 14.0 3.5 2 1 4 5 5
-4002.3 6332.6 -1.9 280 0 18.2 15.4 14.0 3.5 2 0 4 0 0
-4003.6 6341.4 -1.2 273 0 16.8 7.2 14.0 3.5 2 0 4 2 2
-4012.1 6421.2 0.1 268 0 13.2 8.3 14.0 3.5 2 0 4 1 1
-3975.9 6384.9 -2.0 89 0 12.3 26.4 14.0 3.5 2 1 4 4 4
-3991.4 6383.7 -1.2 95 0 9.6 11.8 14.0 3.5 2 1 4 2 2
-3987.4 6340.5 -2.3 275 0 7.9 14.7 14.0 3.5 2 1 4 2 2
-3977.2 6336.9 -3.1 279 0 8.4 12.1 14.0 3.5 2 1 4 3 3
-3981.3 6322.1 -4.3 276 0 22.7 18.6 14.0 3.5 2 0 4 5 5
-4040.3 6426.6 1.6 270 0 8.2 9.0 14.0 3.5 2 1 4 5 5
-4029.8 6427.4 1.1 249 0 10.9 7.6 14.0 3.5 2 0 4 4 4
-3983.4 6424.2 -1.6 167 0 8.5 11.0 14.0 3.5 2 1 4 5 5
-3871.2 6260.8 -7.1 261 0 22.4 7.9 14.0 3.5 2 0 4 0 0
-3851.2 6275.4 -6.0 257 0 14.3 6.2 14.0 3.5 2 0 4 5 5
-3841.8 6254.2 -7.4 259 0 9.4 9.7 14.0 3.5 2 1 4 5 5
-3830.7 6278.2 -6.1 256 0 12.8 12.4 14.0 3.5 2 0 4 2 2
-3827.7 6265.1 -7.0 255 0 14.2 14.0 14.0 3.5 2 0 4 0 0
-3810.9 6285.0 -5.7 255 0 6.9 14.1 14.0 3.5 2 1 4 3 3
-3856.6 6302.1 -4.3 81 0 14.9 9.1 14.0 3.5 4 0 4 0 0
-3862.7 6347.2 -3.8 256 0 13.2 13.6 14.0 3.5 4 1 4 5 5
-3906.0 6305.1 -5.2 191 0 9.6 13.7 14.0 3.5 2 1 4 4 4
-3887.2 6277.7 -6.2 263 0 8.9 11.5 14.0 3.5 2 1 4 2 2
-3874.8 6277.1 -6.1 261 0 7.7 9.1 14.0 3.5 2 1 4 1 1
-3832.6 6290.0 -4.7 75 0 10.1 14.2 14.0 3.5 2 1 4 4 4
-3832.6 6315.9 -3.3 73 0 8.5 9.1 14.0 3.5 2 1 4 5 5
-3848.3 6355.5 -3.1 250 0 8.6 9.1 14.0 3.5 2 1 4 5 5
-3824.4 6374.6 -2.6 240 0 10.7 12.0 14.0 3.5 2 1 4 0 0
-3831.4 6386.4 -3.1 239 0 11.1 11.8 14.0 3.5 2 1 4 5 5
-3824.4 6398.7 -3.2 238 0 10.5 7.3 14.0 3.5 2 0 4 5 5
-3809.8 6400.2 -2.8 240 0 13.9 11.3 14.0 3.5 2 0 4 0 0
-3804.7 6388.4 -2.3 242 0 14.6 18.1 14.0 3.5 2 1 4 1 1
-3820.5 6390.0 -2.8 241 0 6.9 13.9 14.0 3.5 2 1 4 1 1
-3810.1 6372.9 -2.1 240 0 7.7 12.2 14.0 3.5 2 1 4 4 4
-3770.2 6317.0 -3.3 56 0 20.8 11.0 14.0 3.5 2 0 4 3 3
-3836.1 6407.3 -4.1 58 0 13.4 10.0 14.0 3.5 4 0 4 1 1
-3919.0 6274.1 -6.6 358 0 18.6 31.0 14.0 3.5 2 1 4 5 5
-3843.9 6287.7 -4.9 74 0 8.6 10.2 14.0 3.5 2 1 4 1 1
-2990.9 6343.9 -2.5 169 0 9.5 18.5 2.5 2.5 2 1 1 2 2
-2966.2 6352.1 -2.6 259 0 11.4 9.1 5.0 2.5 2 0 2 3 3
-2997.4 6324.4 -1.6 346 0 9.1 23.9 7.5 2.5 2 1 3 1 1
-1582.6 6906.4 -10.7 83 0 17.7 24.8 7.5 2.5 2 1 3 3 3
-1860.6 6414.2 -3.6 167 0 9.1 21.6 14.0 3.5 2 1 4 1 1
-1802.9 6385.1 -4.8 87 0 9.7 15.1 14.0 3.5 2 1 4 5 5
-1713.9 6414.8 -7.3 178 0 7.2 14.2 7.5 2.5 2 1 3 3 3
-2295.3 5979.5 1.3 87 0 11.3 10.3 14.0 3.5 2 0 4 2 2
-2247.6 5979.3 0.5 86 0 36.6 61.9 14.0 0.0 0 1 4 1 1
-2326.1 6033.4 1.0 182 0 8.1 7.2 14.0 3.5 2 0 4 1 1
-2324.3 6004.6 1.2 91 0 8.4 21.2 14.0 0.0 0 1 4 5 5
-2315.1 6024.7 1.0 95 0 6.1 12.9 14.0 3.5 2 1 4 0 0
-2305.1 5933.5 2.1 270 0 8.0 9.8 14.0 3.5 2 1 4 4 4
-2321.9 5927.6 2.1 270 0 9.3 7.0 14.0 3.5 2 0 4 5 5
-2305.2 5943.8 2.0 270 0 8.3 9.5 14.0 3.5 2 1 4 5 5
-2248.9 5810.7 2.1 89 0 13.0 22.4 14.0 3.5 2 1 4 1 1
-2215.2 5835.7 2.1 356 0 14.2 16.1 14.0 3.5 2 1 4 0 0
-2223.8 5867.9 1.9 269 0 22.1 20.2 14.0 3.5 2 0 4 3 3
-2259.4 5861.2 2.2 268 0 7.4 17.0 14.0 3.5 2 1 4 0 0
-2270.5 5861.9 2.3 268 0 11.6 13.6 14.0 3.5 2 1 4 3 3
-2283.9 5862.8 1.9 269 0 7.9 17.1 14.0 3.5 2 1 4 4 4
-2294.2 5864.4 0.1 360 0 13.8 27.3 14.0 3.5 2 1 4 4 4
-2275.2 5878.2 2.4 359 0 8.3 9.5 14.0 3.5 2 1 4 1 1
-2275.6 5898.1 2.2 352 0 15.0 13.7 14.0 3.5 2 0 4 5 5
-2280.6 5911.4 2.1 357 0 12.2 14.1 14.0 3.5 2 1 4 1 1
-2267.3 5917.4 1.8 89 0 9.0 9.8 14.0 3.5 4 1 4 0 0
-2239.7 5873.4 2.0 90 0 8.5 6.1 14.0 3.5 2 0 4 3 3
-2224.4 5876.7 1.7 90 0 18.1 9.6 14.0 3.5 2 0 4 5 5
-2190.3 5926.1 0.6 86 0 22.3 9.7 14.0 3.5 2 0 4 2 2
-2197.2 5861.8 1.6 177 0 7.1 18.9 14.0 3.5 2 1 4 4 4
-2186.7 5879.7 1.3 178 0 21.8 9.5 14.0 3.5 2 0 4 3 3
-2186.4 5923.1 0.8 267 0 19.3 12.7 14.0 3.5 2 0 4 5 5
-2198.5 5878.3 1.4 176 0 22.6 10.6 14.0 3.5 2 0 4 4 4
-2295.4 5942.4 1.9 263 0 6.8 11.6 14.0 3.5 4 1 4 1 1
-2350.2 5891.1 1.1 182 0 14.5 19.1 14.0 3.5 2 1 4 5 5
-2336.0 5935.3 1.6 271 0 10.8 19.0 14.0 3.5 2 1 4 2 2
-2341.4 5958.5 1.7 270 0 8.8 14.5 14.0 3.5 2 1 4 3 3
-2321.9 5961.5 1.8 267 0 19.3 11.2 14.0 3.5 2 0 4 4 4
-2279.5 5969.6 1.4 266 0 11.9 14.8 14.0 3.5 2 1 4 5 5
-2265.1 5957.4 1.3 268 0 13.9 24.9 14.0 0.0 0 1 4 1 1
-2339.6 6030.8 1.2 175 0 6.8 7.9 14.0 3.5 2 1 4 2 2
-2344.2 6020.5 1.3 177 0 11.2 6.6 14.0 3.5 2 0 4 1 1
-2346.8 6030.4 1.3 178 0 7.3 6.2 14.0 3.5 2 0 4 2 2
-2360.7 6034.4 1.3 177 0 19.9 9.0 14.0 3.5 4 0 4 5 5
-2362.4 5967.2 1.3 92 0 14.1 19.8 14.0 3.5 2 1 4 3 3
-2345.6 5971.6 1.7 91 0 8.2 25.5 14.0 3.5 2 1 4 3 3
-2347.1 6040.7 1.1 178 0 9.6 6.2 14.0 3.5 2 0 4 5 5
-2338.6 5999.8 1.4 90 0 10.9 14.4 14.0 3.5 2 1 4 3 3
-2326.5 5974.3 1.7 92 0 7.0 9.5 14.0 3.5 2 1 4 4 4
-2305.1 6020.5 0.9 92 0 6.8 10.8 14.0 3.5 2 1 4 2 2
-2307.5 6007.5 1.1 91 0 11.3 11.0 14.0 0.0 0 0 4 4 4
-2308.3 5992.5 1.3 86 0 11.8 7.5 14.0 3.5 4 0 4 3 3
-2307.6 5985.1 1.4 89 0 8.5 6.1 14.0 3.5 2 0 4 2 2
-2307.5 5974.4 1.5 87 0 10.8 9.9 14.0 3.5 4 0 4 0 0
-2301.0 5917.2 2.2 0 0 9.3 6.9 14.0 3.5 2 0 4 1 1
-2291.9 5922.7 2.1 0 0 6.8 6.6 14.0 3.5 2 0 4 0 0
-2346.1 5858.7 0.1 183 0 8.2 17.9 14.0 3.5 2 1 4 2 2
-2352.0 5788.4 -2.7 183 0 13.7 10.4 14.0 3.5 4 0 4 3 3
-2322.3 5823.0 -0.7 180 0 19.9 12.4 14.0 3.5 2 0 4 3 3
-2335.3 5801.9 -1.7 181 0 12.2 12.7 14.0 3.5 2 1 4 2 2
-2350.7 5802.7 -2.1 181 0 10.2 14.2 14.0 3.5 2 1 4 1 1
-2254.6 5901.7 1.8 177 0 6.5 8.5 14.0 3.5 2 1 4 5 5
-2176.0 5864.4 1.4 179 0 8.9 9.6 14.0 3.5 2 1 4 3 3
-2212.1 5804.9 2.0 356 0 11.3 23.5 14.0 3.5 2 1 4 0 0
-2214.9 5820.8 2.0 353 0 11.9 22.0 14.0 3.5 2 1 4 1 1
-2192.8 5904.7 1.1 176 0 9.2 16.4 14.0 3.5 4 1 4 3 3
-2171.6 5929.4 -0.2 181 0 13.0 8.8 14.0 3.5 2 0 4 2 2
-2148.4 5983.2 -2.4 264 0 11.8 13.9 14.0 3.5 2 1 4 5 5
-2201.1 5976.3 -0.2 178 0 10.5 10.2 14.0 3.5 2 0 4 0 0
-2197.6 5994.8 -0.3 262 0 10.8 12.0 14.0 3.5 2 1 4 2 2
-2195.0 5960.6 -0.0 177 0 7.9 9.9 14.0 3.5 2 1 4 5 5
-2254.8 5916.0 1.4 179 0 7.1 27.1 14.0 0.0 0 1 4 3 3
-2377.5 6041.7 1.3 181 0 13.0 8.8 14.0 3.5 2 0 4 5 5
-2335.2 6164.0 -1.1 358 0 10.8 10.7 14.0 3.5 2 0 4 1 1
-2258.9 6181.8 -1.7 1 0 14.8 12.8 14.0 0.0 0 0 4 3 3
-2304.1 6221.9 -5.6 179 0 8.7 13.1 14.0 0.0 0 1 4 3 3
-2305.2 6247.0 -7.7 171 0 12.5 20.6 14.0 0.0 0 1 4 4 4
-2289.5 6234.2 -5.6 177 0 6.5 7.1 14.0 3.5 2 1 4 3 3
-2292.1 6242.8 -6.3 171 0 6.3 14.9 14.0 3.5 2 1 4 5 5
-2275.1 6236.9 -5.7 352 0 8.1 6.0 14.0 3.5 2 0 4 1 1
-2259.9 6237.2 -5.3 357 0 8.2 13.0 14.0 3.5 2 1 4 0 0
-2302.1 6209.7 -4.0 177 0 10.1 11.2 14.0 3.5 2 1 4 2 2
-2264.3 6208.1 -3.5 1 0 9.3 6.0 14.0 3.5 2 0 4 2 2
-2196.9 6224.9 -2.0 267 0 6.9 16.8 14.0 3.5 4 1 4 4 4
-2199.9 6239.1 -2.5 269 0 11.1 12.2 14.0 3.5 2 1 4 1 1
-2210.3 6228.5 -1.8 266 0 7.5 20.4 14.0 3.5 2 1 4 3 3
-2219.4 6194.3 -1.1 179 0 13.0 6.5 14.0 3.5 2 0 4 0 0
-2181.3 6227.3 -2.7 267 0 10.4 24.4 14.0 3.5 2 1 4 4 4
-2168.2 6158.7 -1.2 358 0 12.7 8.8 14.0 3.5 2 0 4 2 2
-2166.2 6172.7 -1.4 350 0 7.2 11.8 14.0 3.5 2 1 4 2 2
-2138.3 6198.9 -2.7 269 0 13.5 7.9 14.0 3.5 2 0 4 5 5
-2146.1 6226.9 -2.7 268 0 10.2 25.8 14.0 3.5 2 1 4 2 2
-2093.8 6169.4 -3.6 92 0 7.3 9.9 14.0 0.0 0 1 4 3 3
-2090.9 6161.6 -3.9 178 0 9.8 7.3 14.0 0.0 0 0 4 3 3
-2096.6 6136.0 -4.2 179 0 38.1 7.4 14.0 3.5 2 0 4 3 3
-2095.9 6107.6 -4.4 179 0 13.6 7.7 14.0 3.5 2 0 4 3 3
-2065.6 6101.4 -5.2 83 0 8.2 28.2 14.0 3.5 2 1 4 3 3
-2082.3 6143.4 -4.4 176 0 11.7 6.6 14.0 3.5 2 0 4 2 2
-2075.4 6148.2 -4.8 171 0 34.8 7.6 14.0 3.5 2 0 4 0 0
-2074.4 6098.7 -4.9 84 0 6.2 13.0 14.0 3.5 2 1 4 2 2
-2087.3 6110.6 -4.6 175 0 20.2 6.6 14.0 3.5 2 0 4 3 3
-2072.7 6230.5 -3.1 267 0 13.4 19.3 14.0 3.5 2 1 4 5 5
-2059.4 6216.1 -3.4 357 0 7.9 7.1 14.0 3.5 4 0 4 1 1
-2097.6 6184.1 -3.1 89 0 10.2 13.5 14.0 3.5 2 1 4 2 2
-2111.8 6168.0 -3.1 91 0 11.5 28.5 14.0 0.0 0 1 4 5 5
-2116.3 6232.1 -2.7 267 0 10.4 29.0 14.0 3.5 2 1 4 0 0
-2130.6 6227.1 -2.7 269 0 11.1 22.7 14.0 3.5 2 1 4 2 2
-2132.7 6171.0 -2.6 92 0 9.4 11.4 14.0 3.5 2 1 4 3 3
-2158.5 6140.4 -1.6 357 0 9.7 7.8 14.0 3.5 2 0 4 3 3
-2189.4 6183.3 -0.9 276 0 11.9 8.6 14.0 3.5 2 0 4 1 1
-2153.2 6178.5 -2.0 358 0 14.5 8.8 14.0 0.0 0 0 4 4 4
-2166.7 6205.5 -2.4 268 0 8.5 15.0 14.0 3.5 2 1 4 1 1
-2246.9 6169.1 -0.4 172 0 13.2 13.4 14.0 3.5 2 1 4 4 4
-2241.7 6191.4 -1.9 176 0 11.1 18.2 14.0 3.5 2 1 4 1 1
-2246.3 6206.1 -3.0 176 0 14.1 11.6 14.0 3.5 2 0 4 5 5
-2219.3 6225.6 -2.1 266 0 8.3 17.7 14.0 3.5 2 1 4 0 0
-2229.4 6238.2 -3.0 268 0 7.2 17.8 14.0 3.5 2 1 4 4 4
-2242.3 6236.7 -3.8 270 0 11.8 17.8 14.0 3.5 2 1 4 4 4
-2307.3 6181.0 -2.2 176 0 7.7 16.6 14.0 3.5 2 1 4 2 2
-2310.5 6179.4 -1.8 2 0 7.7 10.3 14.0 3.5 2 1 4 1 1
-2258.4 6153.4 -0.2 5 0 14.6 12.5 14.0 3.5 4 0 4 4 4
-2336.1 6138.7 -0.8 270 0 8.8 13.0 14.0 3.5 2 1 4 4 4
-2331.4 6124.0 -0.6 271 0 9.8 15.8 14.0 3.5 2 1 4 0 0
-2346.2 6090.8 -0.3 174 0 12.6 17.9 14.0 0.0 0 1 4 5 5
-2345.9 6077.0 0.4 178 0 7.9 14.9 14.0 0.0 0 1 4 0 0
-2312.8 6080.7 0.1 1 0 16.0 8.4 14.0 3.5 2 0 4 3 3
-2277.9 6125.8 -0.1 1 0 8.1 7.8 14.0 3.5 2 0 4 0 0
-2277.3 6115.1 0.0 2 0 11.1 9.8 14.0 3.5 2 0 4 5 5
-2291.1 6110.7 -0.1 2 0 24.3 9.7 14.0 3.5 2 0 4 2 2
-2292.7 6085.4 0.1 2 0 19.3 9.7 14.0 0.0 0 0 4 2 2
-2276.5 6092.6 0.2 2 0 27.5 11.6 14.0 3.5 2 0 4 4 4
-2265.6 6123.1 0.0 3 0 28.6 8.4 14.0 3.5 4 0 4 0 0
-2156.1 6115.1 -1.8 357 0 6.7 16.6 14.0 3.5 2 1 4 5 5
-2114.2 6118.5 -3.4 358 0 8.0 8.7 14.0 3.5 2 1 4 0 0
-2138.4 6133.6 -2.3 1 0 11.5 13.3 14.0 3.5 2 1 4 4 4
-2142.2 6143.3 -2.1 1 0 6.3 8.0 14.0 3.5 2 1 4 1 1
-2140.4 6093.3 -2.6 1 0 8.7 11.1 14.0 3.5 2 1 4 2 2
-2126.9 6100.1 -3.1 1 0 19.7 9.5 14.0 3.5 2 0 4 4 4
-2217.0 6161.1 0.1 183 0 9.3 9.2 14.0 3.5 2 0 4 1 1
-2234.5 6119.2 0.4 182 0 9.5 9.9 14.0 3.5 4 1 4 1 1
-2223.5 6117.3 0.2 182 0 10.2 8.9 14.0 3.5 2 0 4 4 4
-2231.6 6134.4 0.4 182 0 7.2 8.0 14.0 3.5 2 1 4 3 3
-2203.7 6152.7 -0.5 186 0 11.1 13.9 14.0 3.5 2 1 4 5 5
-2251.2 6098.7 0.4 180 0 13.6 11.3 14.0 3.5 2 0 4 1 1
-2235.0 6105.0 0.3 181 0 9.1 15.1 14.0 3.5 2 1 4 2 2
-2250.4 6083.4 0.4 178 0 12.0 12.3 14.0 3.5 2 1 4 1 1
-2179.2 6090.1 -1.6 120 0 7.4 20.8 14.0 3.5 2 1 4 2 2
-2164.6 5906.6 0.6 268 0 8.5 12.5 14.0 3.5 2 1 4 2 2
-2164.7 5914.2 0.4 268 0 8.2 6.7 14.0 0.0 0 0 4 3 3
-2161.2 5980.4 -1.6 267 0 6.8 16.2 14.0 3.5 2 1 4 1 1
-2168.0 5949.2 -0.9 90 0 7.5 14.5 14.0 3.5 2 1 4 4 4
-2152.9 5951.1 -1.7 88 0 16.6 10.8 14.0 3.5 2 0 4 5 5
-2135.0 5942.9 -1.7 359 0 13.2 16.2 14.0 3.5 2 1 4 1 1
-2114.3 5977.9 -3.5 0 0 8.5 14.4 14.0 3.5 2 1 4 0 0
-2122.0 6038.0 -3.4 20 0 6.7 12.9 14.0 3.5 4 1 4 0 0
-2166.3 6020.8 -1.7 89 0 8.9 6.2 14.0 3.5 4 0 4 0 0
-2197.6 6046.1 -0.8 178 0 7.5 13.7 14.0 3.5 4 1 4 4 4
-2214.8 6042.3 -0.3 180 0 7.7 14.5 14.0 0.0 0 1 4 0 0
-2161.4 5996.6 -1.9 265 0 8.5 14.1 14.0 3.5 4 1 4 4 4
-2163.5 6052.2 -1.8 88 0 7.1 6.9 14.0 3.5 2 0 4 3 3
-2167.1 6027.7 -1.7 90 0 11.6 9.0 14.0 3.5 2 0 4 3 3
-2181.2 6053.7 -1.3 177 0 12.2 8.7 14.0 3.5 2 0 4 0 0
-2175.1 6038.2 -1.4 89 0 14.2 7.1 14.0 3.5 2 0 4 1 1
-2196.4 6036.9 -0.7 177 0 6.5 10.4 14.0 3.5 2 1 4 2 2
-2135.5 6049.8 -2.8 354 0 11.3 14.8 14.0 3.5 2 1 4 2 2
-2138.4 6022.5 -2.9 85 0 10.7 20.6 14.0 3.5 2 1 4 0 0
-2286.2 6046.6 0.5 267 0 26.3 33.7 14.0 0.0 0 1 4 1 1
-2320.3 6163.3 -1.0 1 0 17.3 10.6 14.0 3.5 2 0 4 5 5
-2324.6 6184.3 -2.4 0 0 10.4 10.2 14.0 3.5 2 0 4 5 5
-2338.2 6186.2 -3.1 1 0 11.0 12.0 14.0 3.5 2 1 4 1 1
-2355.4 6192.9 -3.0 270 0 9.0 13.0 14.0 3.5 2 1 4 0 0
-2374.1 6210.5 -4.3 270 0 10.2 7.6 14.0 3.5 2 0 4 2 2
-2371.3 6200.7 -3.7 272 0 18.8 10.1 14.0 0.0 0 0 4 5 5
-2379.7 6184.5 -2.9 179 0 9.7 16.3 14.0 3.5 2 1 4 0 0
-228.3 6909.6 -9.3 219 0 10.4 10.8 7.5 2.5 4 1 3 3 3
-240.8 6884.4 -9.2 129 0 17.8 9.5 5.0 2.5 2 0 2 5 5
-227.6 6870.1 -8.9 131 0 7.9 15.9 10.0 2.5 4 1 4 3 3
-212.5 6856.6 -8.7 96 0 20.6 7.7 7.5 2.5 2 0 3 1 1
-191.0 6842.7 -8.4 274 0 19.8 7.3 7.5 2.5 2 0 3 5 5
-236.1 6711.2 -8.1 270 0 7.1 11.0 2.5 2.5 4 1 1 2 2
-457.1 6758.3 -11.2 162 0 12.7 6.8 7.5 2.5 2 0 3 0 0
-435.2 6777.5 -11.0 216 0 9.1 15.3 2.5 2.5 2 1 1 0 0
-324.8 6727.6 -9.6 271 0 9.9 7.3 5.0 2.5 2 0 2 0 0
-359.6 6749.7 -10.4 290 0 8.0 13.4 7.5 0.0 0 1 3 4 4
-480.9 6867.7 -10.5 220 0 8.2 13.1 7.5 2.5 2 1 3 5 5
-458.7 6701.9 -11.5 338 0 13.0 9.1 2.5 2.5 2 0 1 5 5
-402.1 6834.6 -9.6 308 0 12.2 9.3 7.5 2.5 2 0 3 5 5
-430.6 6850.0 -9.7 220 0 8.3 14.2 7.5 2.5 2 1 3 3 3
-441.5 6834.5 -10.3 218 0 9.8 14.9 2.5 2.5 2 1 1 0 0
-373.8 6809.8 -9.6 306 0 16.9 10.8 10.0 2.5 2 0 4 0 0
-366.3 6765.0 -10.0 126 0 14.7 8.8 10.0 2.5 2 0 4 5 5
-456.6 6717.7 -11.4 344 0 8.0 7.8 5.0 2.5 2 0 2 4 4
-451.2 6735.4 -11.3 163 0 15.2 8.6 7.5 2.5 4 0 3 4 4
-210.5 6772.8 -8.1 0 0 32.9 9.6 7.5 2.5 2 0 3 1 1
-237.0 6779.3 -8.1 183 0 18.1 12.4 7.5 2.5 2 0 3 0 0
-199.9 6745.3 -7.9 3 0 37.3 9.0 15.0 0.0 0 0 6 5 5
-395.9 6460.8 -9.8 177 0 8.5 6.5 2.5 2.5 2 0 1 4 4
-285.4 6470.1 -9.8 282 0 9.5 10.2 10.0 2.5 2 1 4 3 3
-300.6 6477.0 -10.0 323 0 10.1 14.2 2.5 2.5 2 1 1 1 1
-312.0 6494.2 -10.2 317 0 9.8 6.5 7.5 0.0 0 0 3 4 4
-319.9 6447.0 -9.7 88 0 7.4 8.9 5.0 2.5 2 1 2 2 2
-312.2 6528.3 -10.6 352 0 9.7 6.8 2.5 2.5 2 0 1 2 2
-324.2 6653.9 -10.1 90 0 13.6 6.7 10.0 2.5 2 0 4 3 3
-321.8 6683.0 -10.0 274 0 12.2 6.6 2.5 2.5 2 0 1 4 4
-349.6 6537.0 -10.7 322 0 6.8 9.6 2.5 0.0 0 1 1 5 5
-319.3 6575.3 -10.8 0 0 9.7 12.5 2.5 2.5 2 1 1 0 0
-323.6 6641.7 -10.2 273 0 15.5 7.9 7.5 2.5 2 0 3 2 2
-292.9 6612.8 -8.9 92 0 13.1 7.7 7.5 2.5 2 0 3 2 2
-247.5 6663.7 -8.0 186 0 10.4 10.7 7.5 2.5 2 1 3 3 3
-226.3 6540.2 -8.9 266 0 11.7 21.7 7.5 2.5 2 1 3 1 1
-192.1 6679.2 -8.8 0 0 31.4 9.6 7.5 2.5 2 0 3 0 0
-213.9 6634.5 -8.9 0 0 43.1 10.7 10.0 2.5 4 0 4 2 2
-194.4 6634.5 -9.3 1 0 39.0 8.7 12.5 2.5 2 0 5 5 5
-221.3 6568.2 -8.6 92 0 11.1 26.4 7.5 2.5 2 1 3 4 4
-200.6 6566.7 -9.1 90 0 11.2 39.1 10.0 0.0 0 1 4 3 3
-293.9 6560.1 -9.6 272 0 9.0 12.6 7.5 2.5 4 1 3 3 3
-249.3 6504.6 -9.0 88 0 8.4 9.6 2.5 2.5 2 1 1 2 2
-202.2 6507.1 -9.3 13 0 6.1 9.8 2.5 2.5 2 1 1 3 3
-212.9 6509.0 -9.2 359 0 13.2 16.5 5.0 2.5 2 1 2 0 0
-198.0 6549.1 -9.1 269 0 10.8 31.2 7.5 2.5 2 1 3 1 1
-249.7 6557.4 -8.7 270 0 8.7 13.6 7.5 2.5 2 1 3 3 3
-275.1 6428.4 -10.0 85 0 10.4 11.0 7.5 2.5 2 1 3 4 4
-300.0 6414.4 -10.3 92 0 19.9 14.5 5.0 2.5 2 0 2 2 2
-316.9 6424.0 -10.1 89 0 8.7 18.2 7.5 0.0 0 1 3 3 3
-270.5 6816.5 -8.7 41 0 12.5 18.0 7.5 2.5 2 1 3 2 2
-232.7 6827.8 -8.4 269 0 10.6 22.8 2.5 2.5 2 1 1 5 5
-193.9 6805.3 -8.2 2 0 10.8 26.2 7.5 0.0 0 1 3 4 4
-185.1 6752.5 -7.9 0 0 22.2 10.5 5.0 2.5 2 0 2 4 4
-184.4 6728.7 -8.0 0 0 21.9 10.5 2.5 2.5 2 0 1 1 1
-68.6 6727.8 -8.7 288 0 7.1 37.7 7.5 2.5 2 1 3 3 3
-89.6 6677.4 -9.1 196 0 28.2 8.0 5.0 0.0 0 0 2 0 0
-248.7 6431.0 -10.3 87 0 14.0 13.3 2.5 2.5 2 0 1 3 3
-208.0 6455.8 -10.3 9 0 11.0 15.8 7.5 2.5 2 1 3 5 5
-292.4 6601.5 -9.1 269 0 11.5 9.0 5.0 0.0 0 0 2 3 3
-265.1 6591.8 -8.3 181 0 26.5 9.3 7.5 2.5 2 0 3 2 2
-276.5 6579.9 -8.4 89 0 6.3 9.8 7.5 2.5 2 1 3 4 4
-299.1 6700.4 -8.8 157 0 10.3 12.9 10.0 2.5 2 1 4 5 5
-298.7 6678.0 -8.8 180 0 7.1 14.9 7.5 2.5 2 1 3 0 0
-325.2 6695.2 -9.8 90 0 6.3 6.5 5.0 2.5 2 1 2 3 3
-385.3 6694.2 -11.3 278 0 7.9 17.3 7.5 2.5 2 1 3 1 1
-439.5 6709.6 -11.3 77 0 8.8 9.6 7.5 2.5 2 1 3 4 4
-343.1 6701.0 -10.4 117 0 14.1 6.8 5.0 2.5 2 0 2 0 0
-422.8 6671.0 -11.4 154 0 14.0 9.2 10.0 2.5 2 0 4 3 3
-345.2 6643.2 -11.2 272 0 17.9 7.9 7.5 2.5 2 0 3 1 1
-353.3 6652.2 -11.2 91 0 7.8 17.8 2.5 2.5 2 1 1 3 3
-415.2 6654.6 -11.6 150 0 13.9 7.5 5.0 2.5 2 0 2 2 2
-391.7 6645.8 -11.6 70 0 9.2 8.0 2.5 2.5 2 0 1 3 3
-396.2 6633.6 -11.8 235 0 6.7 13.4 7.5 2.5 2 1 3 4 4
-374.9 6646.7 -11.7 271 0 7.2 18.1 7.5 2.5 2 1 3 0 0
-386.2 6609.8 -11.6 147 0 10.0 10.1 10.0 2.5 2 1 4 5 5
-366.5 6612.0 -11.5 147 0 7.1 14.3 7.5 2.5 2 1 3 2 2
-500.3 6733.6 -10.8 171 0 16.2 11.5 5.0 2.5 2 0 2 2 2
-527.7 6780.9 -9.7 309 0 8.0 9.3 5.0 2.5 4 1 2 1 1
-536.4 6653.1 -10.8 354 0 12.5 9.1 7.5 0.0 0 0 3 5 5
-542.5 6621.6 -11.3 243 0 14.4 17.5 7.5 2.5 2 1 3 0 0
-502.6 6550.3 -10.9 336 0 13.3 11.5 7.5 2.5 4 0 3 0 0
-492.3 6551.6 -10.9 335 0 11.3 8.7 5.0 2.5 2 0 2 4 4
-518.4 6598.2 -11.4 335 0 9.8 12.7 7.5 2.5 2 1 3 1 1
-512.4 6583.4 -11.2 338 0 10.2 24.0 2.5 0.0 0 1 1 1 1
-506.0 6568.9 -11.1 336 0 10.7 14.0 2.5 2.5 4 1 1 3 3
-532.2 6529.3 -10.7 154 0 9.6 16.7 5.0 2.5 2 1 2 4 4
-535.2 6489.3 -10.2 90 0 11.3 10.3 2.5 0.0 0 0 1 1 1
-503.7 6598.1 -11.5 156 0 16.5 12.3 2.5 2.5 2 0 1 0 0
-464.6 6601.4 -11.5 336 0 11.6 16.4 5.0 2.5 2 1 2 1 1
-486.4 6575.0 -11.2 156 0 13.0 18.7 2.5 2.5 2 1 1 3 3
-461.3 6572.8 -11.1 336 0 8.6 11.6 5.0 2.5 2 1 2 4 4
-458.3 6564.9 -11.0 336 0 6.6 19.2 7.5 2.5 2 1 3 3 3
-351.6 6468.5 -9.9 356 0 14.3 12.3 5.0 2.5 2 0 2 4 4
-325.3 6504.5 -10.3 315 0 8.0 7.0 7.5 2.5 2 0 3 5 5
-231.7 6471.8 -9.9 275 0 10.7 8.2 2.5 2.5 2 0 1 4 4
-262.9 6465.0 -9.7 270 0 13.2 12.6 10.0 2.5 2 0 4 1 1
-245.5 6467.0 -10.0 269 0 7.1 18.7 5.0 2.5 2 1 2 0 0
-261.6 6439.0 -9.9 88 0 7.3 9.4 7.5 2.5 2 1 3 3 3
-331.1 6416.0 -10.2 89 0 10.5 21.7 5.0 0.0 0 1 2 2 2
-336.1 6446.7 -9.7 90 0 10.5 10.8 10.0 0.0 0 1 4 3 3
-344.0 6425.9 -10.0 90 0 10.7 6.1 7.5 2.5 2 0 3 2 2
-344.9 6432.4 -9.9 90 0 12.2 6.1 7.5 2.5 4 0 3 5 5
-397.9 6404.8 -10.5 87 0 10.3 19.1 5.0 2.5 2 1 2 2 2
-386.1 6441.7 -9.7 89 0 10.5 7.9 7.5 0.0 0 0 3 1 1
-359.2 6415.0 -10.3 86 0 8.1 11.0 7.5 2.5 2 1 3 0 0
-362.9 6427.3 -10.0 85 0 7.4 11.6 5.0 2.5 2 1 2 2 2
-430.7 6465.0 -9.8 169 0 6.7 12.3 2.5 2.5 2 1 1 5 5
-425.0 6446.9 -9.7 176 0 8.9 11.5 10.0 2.5 2 1 4 4 4
-384.9 6592.9 -11.3 327 0 7.5 9.1 10.0 2.5 2 1 4 4 4
-400.6 6608.6 -11.5 235 0 6.5 6.5 7.5 2.5 2 1 3 3 3
-404.4 6581.7 -11.2 349 0 9.8 10.3 7.5 0.0 0 1 3 0 0
-451.4 6474.4 -10.0 167 0 6.5 13.8 7.5 2.5 4 1 3 2 2
-448.2 6457.9 -9.8 167 0 8.5 13.6 5.0 2.5 4 1 2 5 5
-437.7 6438.3 -9.8 169 0 6.2 6.1 7.5 2.5 4 0 3 1 1
-446.3 6447.7 -9.7 167 0 8.2 14.0 5.0 2.5 2 1 2 4 4
-438.8 6428.7 -10.1 171 0 9.7 10.1 5.0 2.5 2 1 2 3 3
-487.3 6437.7 -9.8 89 0 12.0 8.6 2.5 0.0 0 0 1 4 4
-504.7 6525.0 -10.6 333 0 15.7 8.8 10.0 2.5 2 0 4 3 3
-487.9 6531.4 -10.7 340 0 17.3 11.6 5.0 2.5 2 0 2 2 2
-490.6 6505.9 -10.4 67 0 9.0 8.4 10.0 2.5 2 0 4 5 5
-504.5 6493.6 -10.2 69 0 13.3 9.7 7.5 2.5 2 0 3 1 1
-467.0 6477.9 -10.0 343 0 10.9 20.7 7.5 0.0 0 1 3 2 2
-463.5 6460.8 -9.8 346 0 7.2 9.6 10.0 2.5 2 1 4 3 3
-470.7 6489.0 -10.1 343 0 10.9 20.5 2.5 2.5 2 1 1 5 5
-5730.5 5912.4 -11.5 198 0 45.5 31.9 14.0 0.0 0 0 4 3 3
-2672.1 5853.2 -7.8 169 0 11.4 19.0 14.0 0.0 0 1 4 4 4
-1430.8 6297.8 -8.6 161 0 14.8 28.1 10.0 2.5 2 1 4 4 4
-4586.6 5855.4 -10.6 167 0 18.1 7.2 14.0 3.5 2 0 4 5 5
-3262.6 5647.5 -13.6 268 0 17.2 28.0 7.5 2.5 2 1 3 5 5
-2292.2 6907.2 -16.2 257 0 13.0 10.2 7.5 2.5 2 0 3 0 0
-2238.3 6888.8 -14.0 235 0 8.5 10.8 5.0 2.5 2 1 2 0 0
-2140.1 6726.4 -12.1 1 0 25.7 38.2 7.5 0.0 0 1 3 3 3
-2194.9 6735.2 -12.2 187 0 11.3 16.1 7.5 0.0 0 1 3 5 5
-2172.9 6751.4 -11.9 8 0 11.5 9.0 2.5 2.5 2 0 1 0 0
-2087.1 6686.4 -11.0 85 0 11.2 18.1 14.0 3.5 2 1 4 3 3
-2128.2 6689.7 -11.9 179 0 16.0 20.0 14.0 0.0 0 1 4 1 1
-2116.8 6623.3 -10.9 177 0 9.8 15.7 14.0 3.5 2 1 4 0 0
-2102.6 6598.7 -10.2 103 0 11.8 12.2 14.0 3.5 2 1 4 1 1
-2065.2 6602.8 -9.7 89 0 10.5 20.5 14.0 3.5 4 1 4 4 4
-2040.2 6640.3 -8.7 269 0 13.1 17.6 14.0 3.5 2 1 4 5 5
-2031.4 6640.8 -8.2 179 0 12.8 18.4 14.0 3.5 2 1 4 0 0
-1985.4 6635.5 -6.8 282 0 9.8 18.4 14.0 3.5 2 1 4 1 1
-1929.2 6603.7 -5.2 358 0 7.2 22.4 14.0 3.5 2 1 4 1 1
-1963.3 6623.7 -5.9 280 0 7.3 8.0 14.0 0.0 0 1 4 3 3
-1949.4 6627.4 -5.5 276 0 8.8 14.0 14.0 0.0 0 1 4 0 0
-1946.6 6560.8 -5.2 250 0 15.7 15.1 14.0 3.5 2 0 4 0 0
-1973.6 6555.4 -5.4 159 0 11.6 11.5 14.0 3.5 2 0 4 3 3
-1960.4 6488.8 -3.0 260 0 11.3 17.2 14.0 3.5 2 1 4 3 3
-1892.0 6466.9 -2.3 2 0 7.7 14.8 14.0 3.5 2 1 4 1 1
-1890.4 6475.7 -2.8 10 0 6.9 18.7 14.0 3.5 2 1 4 5 5
-1784.2 6487.0 -4.8 353 0 10.2 13.8 14.0 3.5 2 1 4 4 4
-1828.7 6507.8 -4.8 255 0 13.8 13.0 14.0 3.5 2 0 4 3 3
-1799.8 6509.0 -5.1 256 0 13.7 10.4 14.0 0.0 0 0 4 1 1
-1758.9 6494.9 -6.2 175 0 17.3 27.7 12.5 2.5 2 1 5 5 5
-1337.9 6182.9 -9.6 67 0 14.4 16.6 7.5 2.5 2 1 3 4 4
-5709.9 6331.7 -11.5 269 0 10.4 14.8 14.0 3.5 4 1 4 3 3
-5679.5 6317.2 -12.4 270 0 12.6 13.3 14.0 3.5 2 1 4 3 3
-5627.2 5952.5 -9.7 261 1 11.3 11.4 14.0 3.5 2 1 4 0 0
-5615.3 5953.9 -9.5 265 1 11.8 10.9 14.0 3.5 2 0 4 2 2
-5600.6 5960.9 -10.1 82 0 15.1 11.6 14.0 3.5 2 0 4 0 0
-5613.6 6008.6 -10.8 350 0 43.7 41.4 14.0 0.0 0 0 4 3 3
-5619.0 5917.7 -9.7 201 0 14.1 40.7 14.0 0.0 0 1 4 2 2
-5632.4 5930.0 -10.0 357 0 18.1 15.6 14.0 3.5 2 0 4 5 5
-5622.6 5927.9 -9.5 82 1 15.0 12.9 14.0 0.0 0 0 4 5 5
-5606.0 5930.2 -9.5 81 1 16.0 13.4 14.0 3.5 2 0 4 2 2
-5622.3 5909.1 -9.1 353 0 6.0 23.6 14.0 0.0 0 1 4 4 4
-5593.8 5938.1 -9.7 80 0 9.4 7.4 14.0 3.5 2 0 4 2 2
-6881.8 4977.5 -16.0 347 0 7.0 66.0 14.0 3.5 2 1 4 4 4
-4252.6 5478.6 -15.3 78 0 31.0 10.6 10.5 3.5 4 0 3 2 2
-4244.6 5511.0 -14.9 258 0 53.4 10.5 14.0 3.5 2 0 4 4 4
-2115.1 5546.7 -8.7 344 0 9.1 21.6 14.0 3.5 2 1 4 5 5
-2129.0 5573.7 -7.1 253 0 30.7 19.4 14.0 3.5 2 0 4 1 1
-2967.2 6355.5 -3.8 80 0 15.6 27.8 12.5 2.5 4 1 5 1 1
-2331.4 6044.5 0.9 181 0 12.7 6.4 14.0 3.5 2 0 4 2 2
