-6859.8 -5739.9 -0.7 276 0 8.4 7.1 7.5 2.5 2 0 3 4 4
-6897.1 -5862.4 -0.3 213 0 9.4 12.1 5.0 2.5 2 0 2 1 1
-6888.4 -5893.3 -0.2 116 0 16.2 6.8 7.5 2.5 2 0 3 1 1
-6870.5 -5892.1 -0.4 124 0 6.7 10.3 5.0 2.5 2 0 2 5 5
-6912.5 -6001.5 3.1 26 0 11.5 9.1 2.5 2.5 2 0 1 1 1
-6907.0 -5907.6 0.2 208 0 11.3 19.2 7.5 2.5 2 1 3 5 5
-6661.0 1296.4 -10.2 110 0 11.0 13.1 5.0 2.5 2 0 2 1 1
-6582.8 1263.7 -10.5 120 0 11.1 23.6 7.5 2.5 2 0 3 2 2
-6557.8 1300.9 -11.9 120 0 8.6 13.3 5.0 2.5 2 1 2 5 5
-6577.0 1312.4 -11.7 200 0 10.8 13.2 7.5 2.5 2 1 3 3 3
-6606.9 1279.7 -10.1 120 0 9.4 15.3 7.5 2.5 2 1 3 4 4
-6585.9 1366.6 -13.6 300 0 13.1 20.2 15.0 0.0 0 1 6 0 0
-6569.8 1355.8 -13.6 257 0 12.5 14.1 5.0 2.5 2 1 2 5 5
-6546.7 1350.4 -13.6 268 0 12.2 12.3 5.0 2.5 2 1 2 0 0
-6517.3 1342.6 -12.7 289 0 7.6 7.1 7.5 2.5 2 0 3 3 3
-6502.5 1335.8 -12.9 227 0 9.9 15.4 10.0 2.5 2 1 4 1 1
-6465.6 1322.6 -13.3 5 0 16.8 15.8 10.0 2.5 2 0 4 5 5
-6438.0 1317.4 -13.4 28 0 13.2 13.5 5.0 0.0 0 1 2 1 1
-6414.3 1321.4 -12.5 220 0 10.0 17.2 7.5 2.5 4 1 3 4 4
-6388.5 1308.8 -12.1 95 0 11.0 16.4 7.5 2.5 2 1 3 0 0
-6343.1 1302.6 -11.9 95 0 10.9 13.0 7.5 2.5 2 1 3 1 1
-6303.8 1290.9 -11.2 95 0 6.4 7.3 5.0 2.5 2 1 2 2 2
-6248.5 1303.4 -12.0 88 0 8.4 11.9 5.0 2.5 2 1 2 4 4
-6166.0 1278.6 -13.1 124 0 7.4 22.7 7.5 2.5 2 1 3 2 2
-6135.1 1280.6 -13.5 130 0 14.0 10.3 10.0 2.5 4 0 4 5 5
-6077.4 1270.7 -14.3 42 0 9.1 14.3 7.5 2.5 4 1 3 5 5
-6038.7 1287.0 -13.4 125 0 13.5 15.2 5.0 2.5 2 1 2 5 5
-6080.6 1389.8 -15.2 61 0 10.2 14.1 7.5 2.5 2 1 3 2 2
-6054.3 1389.1 -14.8 94 0 12.5 14.6 7.5 2.5 2 1 3 3 3
-6059.6 1428.3 -14.1 183 0 12.5 13.2 7.5 2.5 2 1 3 3 3
-6020.4 1391.5 -14.0 90 0 12.6 21.4 10.0 2.5 4 1 4 2 2
-5837.3 1270.5 -9.4 117 0 6.7 10.9 5.0 2.5 2 1 2 3 3
-5820.6 1116.0 -8.1 162 0 7.6 6.6 7.5 0.0 0 0 3 2 2
-5815.7 1124.5 -8.4 127 0 12.6 12.5 7.5 2.5 4 0 3 1 1
-5783.0 1139.6 -8.9 32 0 12.7 13.2 7.5 2.5 2 1 3 3 3
-5759.3 1151.1 -9.1 71 0 8.4 14.5 10.0 2.5 2 1 4 2 2
-5789.7 1281.8 -10.0 274 0 11.8 16.9 7.5 0.0 0 1 3 5 5
-5777.0 1216.5 -9.4 131 0 10.6 14.8 7.5 2.5 2 1 3 4 4
-5753.1 1245.8 -9.4 270 0 10.0 15.1 7.5 2.5 2 1 3 4 4
-5742.9 1291.2 -9.7 235 0 14.0 11.2 7.5 2.5 2 0 3 3 3
-5679.2 1189.6 -9.3 344 0 13.4 13.8 5.0 2.5 2 1 2 4 4
-5610.3 1214.7 -9.3 88 0 7.9 10.1 7.5 2.5 2 1 3 0 0
-5529.1 1264.2 -10.5 194 0 9.7 6.2 7.5 0.0 0 0 3 0 0
-5454.1 1382.5 -11.5 299 0 12.5 7.2 5.0 2.5 2 0 2 4 4
-5464.7 1339.9 -12.2 29 0 11.7 13.4 10.0 2.5 2 1 4 5 5
-5530.9 1401.5 -12.7 292 0 7.0 14.8 7.5 2.5 2 1 3 2 2
-5642.9 1320.6 -10.6 126 0 12.8 11.4 5.0 0.0 0 0 2 4 4
-5663.3 1366.5 -10.9 185 0 10.9 9.1 5.0 0.0 0 0 2 5 5
-5703.0 1432.3 -9.4 297 0 14.9 11.1 5.0 2.5 2 0 2 4 4
-5911.1 1601.4 -8.7 209 0 9.2 7.8 5.0 2.5 2 0 2 4 4
-5878.1 1621.9 -8.0 315 0 11.8 7.8 7.5 2.5 2 0 3 2 2
-5848.7 1586.8 -8.0 90 0 8.1 6.7 10.0 2.5 4 0 4 2 2
-5818.2 1421.6 -10.1 222 0 12.8 10.5 5.0 2.5 2 0 2 5 5
-5757.4 1452.2 -9.1 224 0 9.1 15.2 7.5 2.5 2 1 3 0 0
-5800.9 1387.2 -11.0 34 0 8.8 12.5 7.5 2.5 2 1 3 3 3
-5871.3 1468.6 -10.0 17 0 9.7 14.8 7.5 2.5 2 1 3 0 0
-5886.7 1451.1 -10.4 31 0 12.2 7.9 10.0 2.5 2 0 4 2 2
-5863.6 1398.9 -10.6 111 0 16.1 13.0 7.5 2.5 2 0 3 2 2
-5910.7 1415.6 -11.2 110 0 12.5 11.3 2.5 2.5 2 0 1 5 5
-5953.9 1403.4 -12.4 221 0 16.7 13.3 7.5 2.5 2 0 3 2 2
-5924.5 1347.0 -12.0 7 0 14.6 16.9 10.0 2.5 2 1 4 2 2
-5925.5 1260.0 -8.7 96 0 12.1 8.6 7.5 2.5 2 0 3 2 2
-5949.4 1263.4 -9.4 110 0 18.1 16.3 5.0 2.5 2 0 2 5 5
-5853.0 1199.3 -7.7 343 0 9.0 18.1 7.5 2.5 2 1 3 5 5
-5888.9 1244.3 -7.6 274 0 12.4 13.4 10.0 2.5 2 1 4 5 5
-5874.5 1251.9 -7.9 266 0 13.5 12.4 7.5 2.5 2 0 3 2 2
-5920.3 1219.3 -7.3 234 0 16.0 15.8 10.0 0.0 0 0 4 1 1
-5982.5 1266.7 -10.8 68 0 12.0 14.5 7.5 2.5 2 1 3 1 1
-6094.0 1243.6 -10.6 278 0 12.5 8.8 5.0 2.5 4 0 2 4 4
-6061.5 1249.3 -11.4 281 0 15.3 17.7 12.5 2.5 2 1 5 1 1
-6041.5 1227.3 -9.7 272 0 16.2 21.9 10.0 2.5 2 1 4 0 0
-6107.7 1109.2 -6.1 123 0 17.9 22.2 10.0 2.5 2 1 4 4 4
-6096.8 1135.5 -5.9 111 0 17.0 22.3 12.5 2.5 2 1 5 3 3
-6060.5 1137.1 -5.9 106 0 16.8 13.2 10.0 2.5 2 0 4 5 5
-5994.3 1097.5 -5.6 70 0 13.7 16.9 5.0 2.5 2 1 2 2 2
-6023.8 1099.5 -6.0 65 0 15.9 19.5 10.0 2.5 2 1 4 5 5
-5997.4 1220.6 -8.9 294 0 10.3 20.1 5.0 2.5 2 1 2 1 1
-5985.1 1202.8 -7.8 286 0 11.6 13.2 2.5 2.5 2 1 1 5 5
-5969.2 1136.8 -6.3 54 0 11.2 19.3 7.5 2.5 2 1 3 0 0
-5964.9 1091.3 -5.4 69 0 19.5 14.3 12.5 2.5 2 0 5 5 5
-5956.6 1051.5 -6.3 241 0 15.2 21.5 10.0 2.5 2 1 4 3 3
-5905.9 956.8 -8.2 214 0 6.4 9.3 7.5 2.5 2 1 3 2 2
-5890.7 925.6 -9.5 110 0 15.6 15.5 5.0 2.5 2 0 2 2 2
-5871.2 900.4 -10.5 177 0 7.0 12.3 5.0 2.5 2 1 2 3 3
-5846.8 871.0 -11.4 91 0 12.0 18.4 5.0 2.5 2 1 2 3 3
-5863.0 963.4 -7.5 302 0 6.5 15.4 5.0 2.5 2 1 2 3 3
-5918.0 1060.2 -5.1 302 0 7.7 13.8 5.0 2.5 2 1 2 5 5
-5892.2 1029.7 -5.3 122 0 8.4 18.4 10.0 2.5 2 1 4 0 0
-5842.6 1050.7 -7.1 302 0 8.4 18.4 5.0 2.5 2 1 2 4 4
-5804.4 990.3 -8.0 302 0 13.1 8.8 10.0 0.0 0 0 4 5 5
-5791.0 904.0 -10.4 32 0 20.7 19.4 10.0 2.5 2 0 4 4 4
-5706.8 999.9 -9.9 352 0 14.1 10.7 5.0 0.0 0 0 2 1 1
-5752.8 951.6 -8.8 124 0 17.8 14.9 7.5 2.5 2 0 3 2 2
-5728.0 942.3 -8.9 32 0 10.2 11.5 7.5 2.5 2 1 3 5 5
-5813.5 1080.6 -8.1 167 0 10.7 14.5 10.0 2.5 2 1 4 5 5
-5810.7 1044.5 -8.1 165 0 19.3 20.1 7.5 0.0 0 1 3 1 1
-5761.7 1079.5 -8.8 60 0 15.3 17.9 7.5 2.5 2 1 3 5 5
-5715.4 1139.9 -9.1 262 0 11.0 11.7 10.0 2.5 2 1 4 4 4
-5691.2 1137.9 -9.2 237 0 14.0 13.6 7.5 2.5 2 0 3 5 5
-5614.6 1083.9 -10.0 181 0 22.5 15.9 7.5 2.5 4 0 3 3 3
-5584.1 1087.6 -10.2 281 0 11.0 17.7 7.5 2.5 2 1 3 5 5
-5597.4 1176.5 -9.3 266 0 9.1 14.3 7.5 2.5 2 1 3 2 2
-5527.3 1172.3 -9.1 339 0 7.6 8.2 5.0 2.5 2 1 2 4 4
-5523.8 1160.0 -9.3 316 0 14.0 13.8 7.5 0.0 0 0 3 2 2
-5499.6 1142.2 -9.4 316 0 13.5 24.8 12.5 2.5 2 1 5 1 1
-5476.5 1127.7 -9.1 314 0 22.3 25.0 10.0 2.5 2 1 4 5 5
-5463.1 1091.0 -9.0 311 0 17.7 16.1 10.0 2.5 2 0 4 4 4
-5494.8 1053.9 -9.7 122 0 16.0 10.2 5.0 2.5 2 0 2 1 1
-5468.5 1015.2 -10.5 114 0 17.7 15.2 12.5 2.5 2 0 5 2 2
-5418.4 1061.9 -8.6 299 0 17.5 19.0 10.0 2.5 4 1 4 0 0
-5383.9 1038.9 -8.6 308 0 15.3 14.1 5.0 0.0 0 0 2 3 3
-5390.2 899.4 -7.0 206 0 19.3 12.7 5.0 0.0 0 0 2 1 1
-5364.7 960.2 -7.7 285 0 15.8 16.0 10.0 2.5 2 1 4 5 5
-5293.0 894.8 -5.4 76 0 14.3 20.4 10.0 2.5 2 1 4 2 2
-5246.8 891.0 -4.5 308 0 12.8 11.8 7.5 2.5 2 0 3 5 5
-5238.8 872.7 -4.3 291 0 14.3 13.6 2.5 2.5 2 0 1 4 4
-5210.8 819.2 -4.3 138 0 10.6 15.8 5.0 0.0 0 1 2 1 1
-5171.2 825.5 -4.2 305 0 18.8 12.8 5.0 2.5 2 0 2 5 5
-5144.0 811.7 -4.5 300 0 17.1 13.5 5.0 2.5 4 0 2 2 2
-5109.9 831.0 -4.9 293 0 7.5 9.3 7.5 2.5 2 1 3 5 5
-5105.6 796.0 -5.2 51 0 18.8 20.0 12.5 2.5 2 1 5 0 0
-5101.0 821.2 -5.3 217 0 9.6 18.5 5.0 0.0 0 1 2 1 1
-5096.3 1014.6 -8.3 287 0 13.3 21.6 7.5 2.5 2 1 3 2 2
-5066.7 983.3 -7.7 337 0 18.8 11.2 7.5 2.5 4 0 3 1 1
-5332.7 1220.0 -9.4 303 0 11.9 9.9 5.0 2.5 2 0 2 5 5
-5305.4 1196.3 -9.4 306 0 14.3 10.9 7.5 2.5 2 0 3 2 2
-5283.2 1095.6 -8.9 28 0 9.6 9.0 7.5 2.5 4 0 3 3 3
-5289.9 1147.2 -9.2 33 0 11.6 7.7 2.5 2.5 2 0 1 2 2
-5225.3 1154.9 -10.2 38 0 17.3 14.9 10.0 2.5 2 0 4 2 2
-5424.7 1222.6 -9.7 46 0 10.8 7.6 7.5 2.5 2 0 3 2 2
-5498.0 1319.8 -11.8 199 0 19.9 14.9 10.0 2.5 2 0 4 4 4
-5527.1 1210.7 -9.6 117 0 20.4 12.4 7.5 2.5 2 0 3 2 2
-5493.7 1180.5 -9.1 113 0 14.8 17.9 7.5 2.5 2 1 3 3 3
-5458.8 1143.6 -8.5 119 0 10.8 19.4 5.0 2.5 2 1 2 0 0
-5428.6 1122.9 -8.2 113 0 11.5 12.3 5.0 2.5 2 1 2 3 3
-5380.1 1171.4 -8.6 216 0 19.1 13.8 7.5 2.5 2 0 3 0 0
-5387.4 1134.0 -8.3 31 0 10.3 7.4 5.0 2.5 2 0 2 5 5
-5393.7 1080.2 -8.0 125 0 10.6 12.4 7.5 2.5 2 1 3 4 4
-5368.4 1052.4 -7.9 111 0 10.1 11.6 5.0 2.5 2 1 2 4 4
-5318.8 1014.2 -7.8 111 0 7.4 11.6 7.5 2.5 2 1 3 4 4
-5310.8 959.1 -6.4 276 0 13.9 14.9 10.0 2.5 2 1 4 0 0
-5273.5 954.7 -6.1 152 0 11.5 9.3 7.5 2.5 2 0 3 3 3
-5275.0 974.7 -7.0 114 0 13.2 15.9 7.5 2.5 4 1 3 1 1
-5234.7 938.4 -5.8 175 0 15.2 15.5 5.0 2.5 2 1 2 4 4
-5188.7 886.2 -5.1 130 0 16.3 19.0 5.0 2.5 2 1 2 0 0
-5164.0 860.0 -4.7 141 0 11.2 13.0 10.0 2.5 2 1 4 5 5
-5072.1 844.2 -5.8 97 0 9.1 15.2 5.0 2.5 4 1 2 3 3
-5056.3 876.3 -6.2 261 0 12.5 17.5 5.0 0.0 0 1 2 4 4
-5003.8 845.9 -6.6 95 0 10.7 14.5 7.5 2.5 2 1 3 2 2
-4941.8 835.8 -6.6 110 0 17.2 12.8 2.5 2.5 4 0 1 3 3
-4912.4 909.8 -7.3 266 0 6.8 11.7 7.5 2.5 2 1 3 0 0
-4898.8 834.5 -6.7 110 0 9.9 9.2 5.0 2.5 2 0 2 1 1
-4883.7 823.2 -6.6 109 0 18.3 15.6 7.5 2.5 2 0 3 1 1
-4847.0 825.9 -6.7 120 0 16.7 13.1 2.5 2.5 2 0 1 1 1
-4747.1 810.8 -6.2 74 0 12.1 14.6 7.5 2.5 2 1 3 2 2
-4869.0 354.4 -6.9 38 0 20.9 19.1 12.5 2.5 2 0 5 3 3
-4888.5 408.5 -5.7 310 0 9.2 10.4 10.0 2.5 2 1 4 4 4
-4909.6 561.2 -2.7 94 0 17.6 17.3 10.0 2.5 2 0 4 3 3
-5037.6 329.5 -7.2 36 0 13.5 12.8 7.5 2.5 2 0 3 1 1
-5013.0 329.0 -8.2 232 0 14.1 16.1 5.0 0.0 0 1 2 2 2
-4965.0 354.2 -8.0 35 0 14.5 12.2 5.0 0.0 0 0 2 5 5
-4968.0 395.3 -6.7 180 0 6.8 12.0 7.5 2.5 4 1 3 1 1
-4917.3 404.6 -6.1 228 0 13.9 12.7 2.5 2.5 2 0 1 0 0
-6212.7 81.3 -15.3 213 0 9.5 9.8 5.0 2.5 2 1 2 3 3
-6182.9 98.8 -13.8 287 0 19.7 21.0 10.0 2.5 2 1 4 2 2
-6150.9 97.8 -11.9 281 0 12.0 11.0 5.0 2.5 2 0 2 5 5
-6155.7 132.7 -13.5 96 0 14.2 16.9 7.5 2.5 4 1 3 1 1
-6132.2 151.0 -14.0 222 0 19.7 31.9 10.0 0.0 0 1 4 2 2
-5986.8 336.1 -15.3 354 0 15.5 15.0 5.0 2.5 4 0 2 5 5
-6031.8 305.0 -15.3 199 0 18.6 22.4 12.5 2.5 4 1 5 0 0
-6085.0 252.8 -16.0 195 0 23.2 11.5 7.5 2.5 2 0 3 0 0
-6069.1 155.6 -14.1 272 0 15.3 23.1 12.5 2.5 2 1 5 3 3
-6047.0 107.0 -12.6 103 0 16.6 21.6 10.0 2.5 2 1 4 2 2
-6000.2 108.2 -10.2 114 0 10.9 23.7 10.0 2.5 2 1 4 1 1
-5970.3 194.1 -10.0 19 0 14.7 19.2 5.0 2.5 2 1 2 1 1
-5902.0 285.6 -11.0 310 0 13.2 21.6 10.0 2.5 2 1 4 4 4
-5967.4 261.5 -12.1 128 0 13.8 19.9 10.0 2.5 4 1 4 1 1
-5846.5 120.7 -11.1 22 0 15.2 12.7 5.0 2.5 4 0 2 3 3
-5890.6 128.1 -10.9 100 0 14.0 23.7 7.5 2.5 2 1 3 0 0
-5890.2 192.3 -10.7 193 0 14.7 16.9 2.5 2.5 2 1 1 1 1
-5821.1 228.8 -11.0 304 0 15.0 16.2 2.5 2.5 2 1 1 4 4
-5751.0 79.2 -9.8 180 0 16.2 10.3 7.5 2.5 2 0 3 3 3
-5760.1 119.3 -10.5 5 0 14.3 20.0 10.0 2.5 2 1 4 5 5
-5774.5 190.4 -10.3 98 0 13.3 15.1 5.0 2.5 2 1 2 3 3
-5675.0 241.0 -11.0 120 0 10.6 15.5 7.5 2.5 2 1 3 3 3
-5731.8 165.0 -8.8 183 0 15.6 14.7 7.5 2.5 4 0 3 3 3
-5722.9 227.9 -9.1 212 0 10.9 18.5 7.5 2.5 2 1 3 3 3
-5645.2 157.2 -11.3 201 0 18.8 8.8 5.0 2.5 2 0 2 3 3
-5613.6 230.1 -12.7 331 0 19.5 11.1 7.5 2.5 4 0 3 0 0
-5632.8 185.9 -12.2 199 0 12.3 17.7 2.5 2.5 4 1 1 0 0
-5680.9 349.2 -10.1 197 0 9.2 14.3 7.5 2.5 2 1 3 4 4
-5702.2 301.3 -9.5 199 0 17.6 12.1 5.0 2.5 2 0 2 1 1
-5689.3 291.4 -10.2 205 0 9.3 15.7 7.5 2.5 2 1 3 5 5
-5730.6 288.2 -10.5 8 0 9.3 16.4 10.0 2.5 2 1 4 2 2
-5734.9 321.2 -11.6 285 0 11.1 16.3 7.5 2.5 2 1 3 0 0
-5847.6 509.8 -13.0 198 0 11.0 16.2 7.5 2.5 4 1 3 2 2
-5813.4 538.0 -13.7 15 0 13.7 13.1 7.5 2.5 2 0 3 4 4
-5764.6 594.0 -14.7 38 0 13.1 13.1 10.0 0.0 0 1 4 1 1
-5683.5 586.6 -11.9 165 0 10.3 14.6 7.5 2.5 2 1 3 0 0
-5648.6 514.0 -8.4 1 0 16.8 13.2 5.0 2.5 2 0 2 5 5
-5688.8 553.7 -10.7 205 0 17.6 15.4 10.0 2.5 2 0 4 0 0
-5791.7 457.8 -11.1 105 0 12.2 13.7 5.0 2.5 2 1 2 5 5
-5759.9 402.5 -12.6 201 0 13.1 17.2 5.0 2.5 2 1 2 5 5
-5744.8 445.7 -10.8 270 0 7.6 15.7 2.5 2.5 2 1 1 1 1
-5695.6 410.7 -10.9 13 0 16.4 12.8 10.0 0.0 0 0 4 1 1
-5614.2 348.8 -8.1 101 0 7.6 9.8 5.0 2.5 2 1 2 5 5
-5580.3 441.4 -5.8 242 0 15.2 13.5 5.0 2.5 4 0 2 2 2
-5534.4 372.9 -8.7 8 0 13.4 17.2 2.5 2.5 2 1 1 2 2
-5662.9 403.9 -9.3 190 0 14.1 13.1 7.5 2.5 2 0 3 1 1
-5625.2 505.2 -7.2 174 0 14.5 16.5 5.0 2.5 2 1 2 0 0
-5648.9 477.5 -7.0 219 0 10.3 18.0 7.5 2.5 2 1 3 3 3
-5580.0 536.5 -8.1 256 0 11.5 13.3 7.5 2.5 4 1 3 4 4
-5456.0 546.8 -12.3 279 0 15.5 13.9 7.5 2.5 2 0 3 4 4
-5441.0 473.7 -9.6 195 0 19.5 12.8 10.0 2.5 4 0 4 2 2
-5410.0 394.2 -10.6 17 0 17.8 9.8 2.5 2.5 4 0 1 1 1
-5380.3 317.6 -12.5 110 0 13.3 12.0 5.0 2.5 2 0 2 0 0
-5347.4 370.7 -11.7 205 0 18.9 15.3 7.5 2.5 2 0 3 0 0
-5295.9 364.2 -10.4 306 0 11.7 8.6 10.0 2.5 2 0 4 2 2
-5339.3 469.2 -9.8 95 0 11.0 9.1 2.5 2.5 2 0 1 2 2
-5319.3 558.5 -9.9 173 0 14.2 18.1 12.5 2.5 2 1 5 3 3
-5244.0 560.9 -7.7 313 0 11.0 13.2 2.5 2.5 2 1 1 5 5
-5235.6 520.0 -7.1 347 0 7.5 14.0 5.0 2.5 2 1 2 4 4
-5094.5 566.0 -4.1 271 0 12.9 23.2 12.5 2.5 2 1 5 4 4
-5172.3 568.0 -5.7 302 0 13.5 14.2 7.5 2.5 2 1 3 4 4
-5168.1 505.7 -5.6 192 0 14.6 23.1 10.0 2.5 2 1 4 2 2
-5132.1 553.6 -4.8 273 0 17.3 12.9 5.0 2.5 4 0 2 3 3
-5218.7 602.0 -7.3 109 0 15.4 24.4 7.5 2.5 2 1 3 5 5
-5236.9 700.4 -5.6 115 0 18.3 15.9 15.0 0.0 0 0 6 1 1
-5127.8 593.0 -4.9 90 0 17.9 10.5 7.5 2.5 4 0 3 2 2
-5151.0 688.3 -5.5 194 0 10.6 20.1 10.0 2.5 2 1 4 3 3
-5053.7 625.5 -4.2 7 0 6.3 6.5 7.5 2.5 2 1 3 2 2
-5083.3 687.6 -5.1 11 0 11.0 12.6 2.5 2.5 2 1 1 1 1
-5060.8 732.2 -5.0 283 0 12.2 16.0 7.5 2.5 2 1 3 1 1
-5022.3 693.2 -4.3 132 0 8.9 8.9 10.0 2.5 2 1 4 3 3
-4996.3 796.8 -5.8 287 0 15.3 20.9 7.5 2.5 2 1 3 0 0
-4950.3 787.6 -6.6 272 0 14.1 8.0 7.5 0.0 0 0 3 1 1
-4788.8 728.1 -5.3 4 0 26.5 15.9 7.5 2.5 2 0 3 1 1
-4866.7 624.5 -3.7 194 0 16.5 16.7 12.5 2.5 2 1 5 5 5
-4809.1 588.1 -3.5 345 0 11.3 14.0 7.5 2.5 2 1 3 1 1
-4819.8 549.1 -3.1 112 0 15.8 11.1 10.0 2.5 2 0 4 1 1
-4869.1 552.1 -2.9 121 0 17.1 27.3 7.5 2.5 2 1 3 5 5
-4710.1 548.8 -4.2 90 0 18.5 16.0 7.5 2.5 2 0 3 0 0
-4786.2 566.4 -3.7 183 0 16.2 18.2 7.5 2.5 2 1 3 4 4
-4715.5 503.1 -3.9 272 0 8.7 17.2 5.0 2.5 2 1 2 4 4
-4720.5 412.3 -3.7 267 0 15.3 19.0 10.0 2.5 2 1 4 1 1
-4769.9 396.2 -5.3 271 0 18.2 17.7 10.0 2.5 2 0 4 0 0
-4790.6 360.3 -5.8 218 0 16.4 10.5 5.0 2.5 2 0 2 2 2
-4739.5 326.5 -5.0 315 0 12.5 14.0 5.0 2.5 2 1 2 5 5
-4805.4 256.4 -7.3 145 0 9.5 11.8 7.5 0.0 0 1 3 5 5
-4770.7 286.8 -5.8 93 0 10.0 14.0 7.5 0.0 0 1 3 0 0
-4657.9 -4.2 -10.1 130 0 7.9 6.7 7.5 2.5 2 0 3 3 3
-4580.8 30.6 -9.1 95 0 11.3 12.9 5.0 2.5 2 1 2 5 5
-4600.4 95.2 -7.3 109 0 8.7 9.1 7.5 2.5 2 1 3 2 2
-4582.5 151.2 -8.3 200 0 11.0 12.5 7.5 2.5 2 1 3 4 4
-4548.2 92.9 -7.8 27 0 19.8 12.9 7.5 2.5 2 0 3 4 4
-4519.0 139.3 -8.0 11 0 15.0 16.1 7.5 0.0 0 1 3 0 0
-4525.6 272.3 -6.1 3 0 8.4 8.5 5.0 2.5 2 1 2 4 4
-4556.8 308.0 -5.3 206 0 10.4 11.3 7.5 2.5 2 1 3 0 0
-4622.6 362.0 -3.3 94 0 17.8 13.8 2.5 2.5 2 0 1 5 5
-4580.9 501.8 -1.4 279 0 25.4 37.4 12.5 0.0 0 1 5 0 0
-4475.2 463.8 -4.0 29 0 18.6 11.7 7.5 2.5 4 0 3 5 5
-4468.0 433.1 -4.3 208 0 10.8 13.6 2.5 2.5 2 1 1 0 0
-4440.3 399.0 -4.6 116 0 12.4 11.8 7.5 2.5 2 0 3 0 0
-4488.0 354.4 -4.1 200 0 13.2 9.7 7.5 2.5 2 0 3 5 5
-4389.7 397.0 -5.3 99 0 13.5 10.6 7.5 2.5 4 0 3 0 0
-4265.4 301.2 -4.7 97 0 14.6 12.9 7.5 2.5 2 0 3 3 3
-4340.4 457.3 -5.1 275 0 18.3 16.9 12.5 2.5 2 0 5 3 3
-4263.8 429.9 -5.1 103 0 11.6 17.9 10.0 2.5 2 1 4 3 3
-4202.0 313.7 -3.2 345 0 11.3 9.3 5.0 2.5 2 0 2 0 0
-4131.5 370.7 -2.6 104 0 11.5 12.9 2.5 2.5 2 1 1 4 4
-4047.3 -180.1 -7.5 185 0 10.7 9.3 10.0 2.5 2 0 4 2 2
-3989.8 -238.7 -4.8 114 0 20.7 16.4 10.0 2.5 2 0 4 3 3
-4201.8 -332.5 -7.6 277 0 9.9 6.8 7.5 2.5 2 0 3 5 5
-4207.4 -377.2 -8.3 29 0 12.1 8.9 7.5 2.5 4 0 3 1 1
-4096.6 -387.7 -9.4 322 0 18.6 13.3 5.0 2.5 2 0 2 1 1
-4100.6 -460.3 -10.7 94 0 12.8 15.7 10.0 2.5 2 1 4 5 5
-3987.8 -442.1 -8.9 4 0 16.1 13.8 5.0 2.5 2 0 2 5 5
-4024.3 -362.5 -6.7 44 0 8.2 12.1 7.5 0.0 0 1 3 5 5
-3952.3 -321.3 -4.2 108 0 11.6 10.1 7.5 2.5 2 0 3 0 0
-3828.5 -415.1 -7.7 3 0 12.3 12.5 5.0 2.5 2 1 2 2 2
-3832.9 -355.2 -6.2 0 0 10.5 12.5 7.5 2.5 2 1 3 3 3
-3832.0 -323.1 -5.2 5 0 13.9 18.6 5.0 2.5 2 1 2 5 5
-3853.7 -257.6 -3.4 184 0 12.2 13.3 5.0 2.5 4 1 2 0 0
-3844.6 -219.4 -3.1 271 0 10.0 9.5 5.0 2.5 4 0 2 5 5
-3875.1 -192.3 -1.8 278 0 12.5 8.7 7.5 0.0 0 0 3 4 4
-3969.9 -182.0 -5.0 161 0 7.0 10.7 7.5 2.5 2 1 3 2 2
-3901.5 -168.1 -3.5 358 0 7.8 15.3 7.5 0.0 0 1 3 4 4
-3948.9 -125.3 -5.5 277 0 16.3 10.7 7.5 2.5 4 0 3 4 4
-4032.4 -31.0 -8.3 319 0 14.4 14.5 10.0 2.5 2 1 4 5 5
-4003.0 -53.8 -7.5 301 0 18.5 21.8 7.5 2.5 2 1 3 1 1
-3835.6 27.9 -1.2 0 0 13.6 15.6 2.5 2.5 2 1 1 3 3
-3828.0 -116.7 -3.4 7 0 14.1 14.2 5.0 2.5 4 1 2 0 0
-3797.5 -57.8 -1.5 189 0 14.9 9.2 5.0 2.5 2 0 2 4 4
-3553.6 129.7 -2.5 32 0 10.5 9.7 7.5 2.5 2 0 3 5 5
-3573.0 169.6 -3.0 31 0 16.5 10.6 7.5 2.5 2 0 3 4 4
-3534.7 157.0 -2.9 27 0 27.1 18.0 10.0 2.5 2 0 4 0 0
-3506.9 210.3 -0.9 28 0 13.2 8.2 7.5 2.5 2 0 3 2 2
-3512.9 293.9 -0.3 295 0 11.2 24.4 15.0 0.0 0 1 6 0 0
-3590.3 212.7 -3.0 120 0 7.3 24.6 2.5 2.5 2 1 1 0 0
-3568.6 269.8 -2.1 282 0 9.8 21.8 7.5 2.5 2 1 3 3 3
-3588.1 277.4 -2.7 288 0 9.7 22.9 5.0 2.5 2 1 2 1 1
-3625.9 265.2 -3.9 301 0 9.9 29.1 7.5 2.5 2 1 3 4 4
-3653.7 168.3 -2.5 203 0 21.2 15.7 7.5 2.5 4 0 3 1 1
-3629.8 172.0 -2.6 204 0 6.0 9.2 7.5 2.5 4 1 3 2 2
-3600.8 113.7 0.5 116 0 12.4 15.4 2.5 2.5 2 1 1 4 4
-3578.5 105.1 0.1 119 0 10.5 13.9 7.5 2.5 2 1 3 1 1
-3666.9 -8.0 -0.6 22 0 12.4 19.0 10.0 2.5 2 1 4 2 2
-3679.5 28.7 0.1 16 0 14.2 47.4 7.5 2.5 2 1 3 5 5
-3703.3 100.7 1.1 24 0 8.4 46.1 7.5 2.5 2 1 3 3 3
-3726.1 135.2 0.2 297 0 9.5 14.5 5.0 0.0 0 1 2 2 2
-3701.4 115.9 0.4 22 0 13.5 15.5 10.0 2.5 2 1 4 1 1
-3852.8 96.1 0.9 216 0 9.7 11.3 5.0 0.0 0 1 2 0 0
-3817.7 114.9 0.9 358 0 12.9 9.0 5.0 2.5 2 0 2 4 4
-3829.5 296.2 -6.3 359 0 11.2 13.1 5.0 0.0 0 1 2 3 3
-3953.4 469.8 -2.5 5 0 9.7 13.0 7.5 2.5 2 1 3 1 1
-3853.6 418.9 -3.8 98 0 10.1 9.9 10.0 2.5 2 0 4 5 5
-3843.1 388.7 -5.2 283 0 12.5 9.8 7.5 2.5 2 0 3 3 3
-6912.0 2752.9 -12.0 241 0 9.5 13.5 5.0 2.5 4 1 2 2 2
-6910.6 2720.6 -12.5 217 0 13.6 18.1 7.5 2.5 2 1 3 1 1
-6873.9 2684.3 -12.4 143 0 15.8 16.4 10.0 2.5 2 1 4 0 0
-6846.3 2653.6 -12.3 132 0 22.3 24.1 7.5 2.5 2 1 3 0 0
-6742.3 2658.3 -13.4 247 0 23.3 29.2 10.0 0.0 0 1 4 5 5
-6757.9 2649.5 -12.8 312 0 12.8 20.4 7.5 2.5 2 1 3 0 0
-6795.2 2618.7 -12.1 150 0 12.7 16.3 5.0 2.5 4 1 2 0 0
-6874.0 2641.4 -13.5 342 0 12.0 22.6 7.5 2.5 2 1 3 4 4
-6893.5 2616.2 -13.8 171 0 14.9 13.9 2.5 2.5 2 0 1 5 5
-6825.2 2581.1 -13.2 326 0 15.8 16.7 10.0 2.5 2 1 4 3 3
-6802.6 2537.0 -13.2 338 0 14.1 19.4 7.5 2.5 2 1 3 1 1
-6814.6 2484.3 -13.5 140 0 20.4 13.4 7.5 2.5 4 0 3 0 0
-6763.7 2439.8 -12.7 329 0 14.4 14.4 5.0 2.5 2 1 2 4 4
-6746.6 2431.0 -12.7 317 0 10.7 20.2 2.5 2.5 2 1 1 0 0
-6730.4 2416.2 -12.7 314 0 13.4 28.9 10.0 2.5 2 1 4 5 5
-6781.1 2573.7 -12.6 154 0 15.9 14.1 5.0 2.5 2 0 2 5 5
-6741.6 2559.6 -12.8 336 0 19.6 21.8 12.5 2.5 2 1 5 0 0
-6729.5 2454.6 -13.4 140 0 13.8 15.4 2.5 2.5 2 1 1 2 2
-6704.8 2425.2 -13.4 133 0 21.9 18.2 7.5 2.5 2 0 3 5 5
-6667.1 2397.7 -13.4 119 0 27.2 13.4 5.0 2.5 4 0 2 1 1
-6623.6 2334.4 -12.3 353 0 16.2 16.9 12.5 2.5 2 1 5 3 3
-6707.5 2384.1 -12.9 343 0 14.5 11.3 7.5 2.5 2 0 3 2 2
-6701.6 2358.0 -13.0 329 0 17.2 12.0 10.0 2.5 2 0 4 2 2
-6679.4 2339.1 -12.8 334 0 13.8 11.4 7.5 2.5 2 0 3 3 3
-6678.1 2270.2 -13.1 0 0 10.6 8.2 7.5 2.5 2 0 3 0 0
-6666.0 2224.8 -13.2 27 0 13.3 23.8 10.0 2.5 2 1 4 0 0
-6649.0 2284.8 -12.3 163 0 12.0 17.2 7.5 2.5 4 1 3 1 1
-6641.1 2254.9 -12.4 180 0 11.2 11.7 10.0 2.5 2 1 4 0 0
-6620.2 2200.5 -13.2 17 0 10.6 8.0 5.0 2.5 2 0 2 2 2
-6704.0 1209.6 -14.1 130 0 16.4 20.3 10.0 2.5 2 1 4 2 2
-6679.0 1191.2 -14.0 125 0 12.2 21.6 12.5 2.5 2 1 5 5 5
-6356.3 842.2 -16.2 340 0 8.5 12.9 5.0 2.5 2 1 2 2 2
-6381.2 849.6 -16.4 168 0 14.1 21.2 10.0 2.5 2 1 4 3 3
-6373.3 889.9 -16.1 180 0 18.6 16.0 12.5 2.5 2 0 5 5 5
-6313.3 939.7 -14.6 323 0 12.7 11.6 10.0 2.5 2 0 4 0 0
-6351.4 956.8 -14.2 334 0 14.8 13.8 5.0 2.5 4 0 2 0 0
-6364.5 983.6 -13.3 314 0 12.4 15.3 2.5 0.0 0 1 1 0 0
-6462.6 957.4 -15.3 142 0 14.7 12.4 7.5 2.5 2 0 3 0 0
-6454.3 930.6 -15.9 131 0 9.4 19.7 5.0 2.5 2 1 2 1 1
-6501.9 1002.0 -14.3 121 0 18.3 13.0 10.0 2.5 2 0 4 5 5
-6433.5 1015.9 -13.9 320 0 11.4 17.9 5.0 2.5 2 1 2 5 5
-6447.7 1047.4 -13.5 328 0 10.8 19.3 5.0 2.5 2 1 2 1 1
-6474.5 1073.4 -13.3 334 0 22.3 15.5 10.0 2.5 2 0 4 2 2
-6618.6 1092.9 -14.2 313 0 12.2 11.3 7.5 2.5 2 0 3 2 2
-6639.8 1136.2 -13.4 134 0 18.0 12.1 7.5 2.5 2 0 3 3 3
-6602.9 1108.2 -13.3 83 0 15.0 13.8 5.0 2.5 2 0 2 4 4
-6568.9 1120.5 -12.4 55 0 12.0 12.8 7.5 2.5 2 1 3 2 2
-6581.9 1093.3 -13.2 234 0 15.5 12.1 5.0 2.5 2 0 2 5 5
-6598.7 1002.7 -15.5 146 0 20.0 19.0 7.5 0.0 0 0 3 0 0
-6577.0 1053.2 -14.1 228 0 23.2 15.2 10.0 2.5 2 0 4 2 2
-6536.5 983.4 -15.1 62 0 17.6 12.8 5.0 2.5 2 0 2 2 2
-6843.9 1244.9 -13.8 195 0 23.1 11.9 7.5 2.5 2 0 3 1 1
-6898.2 1358.5 -9.2 110 0 10.8 9.1 5.0 2.5 4 0 2 0 0
-6870.0 1352.6 -10.0 113 0 17.7 20.1 7.5 0.0 0 1 3 3 3
-6858.3 1453.6 -16.3 15 0 13.0 12.9 7.5 2.5 2 0 3 3 3
-6761.1 1210.3 -15.8 285 0 18.7 16.6 12.5 2.5 2 0 5 3 3
-6760.7 1322.0 -11.2 138 0 14.0 10.8 2.5 0.0 0 0 1 2 2
-6800.4 1310.1 -11.5 299 0 16.4 10.3 7.5 2.5 2 0 3 3 3
-6764.9 1294.2 -11.9 298 0 17.0 15.6 10.0 2.5 4 0 4 5 5
-6731.5 1291.8 -11.6 291 0 19.7 18.7 10.0 2.5 2 0 4 3 3
-6706.1 1282.6 -11.7 301 0 14.8 22.4 10.0 2.5 2 1 4 3 3
-6685.8 1272.9 -10.7 315 0 10.9 9.7 7.5 0.0 0 0 3 5 5
-6663.6 1269.6 -10.3 299 0 15.9 12.5 7.5 2.5 2 0 3 1 1
-6635.7 1242.3 -10.8 261 0 7.5 13.0 7.5 2.5 2 1 3 0 0
-6621.1 1261.6 -10.2 299 0 15.9 15.1 7.5 2.5 4 0 3 1 1
-6565.1 1215.7 -11.2 254 0 8.6 14.4 7.5 2.5 2 1 3 5 5
-6528.7 1251.3 -11.3 99 0 7.3 9.3 10.0 2.5 2 1 4 5 5
-6520.4 1223.2 -11.4 331 0 12.2 16.8 5.0 2.5 2 1 2 0 0
-6560.9 1162.4 -11.7 28 0 12.5 15.8 7.5 2.5 2 1 3 1 1
-6541.2 1148.4 -11.7 111 0 13.2 8.6 7.5 2.5 2 0 3 0 0
-6503.4 1124.7 -12.2 116 0 16.7 10.3 5.0 2.5 2 0 2 3 3
-6458.6 1113.8 -12.7 34 0 8.4 16.2 7.5 2.5 2 1 3 4 4
-6444.2 1150.7 -12.7 341 0 7.9 8.7 10.0 2.5 2 1 4 3 3
-6450.1 1200.9 -12.6 292 0 20.0 20.0 12.5 2.5 2 0 5 4 4
-6473.7 1220.6 -12.4 314 0 14.9 16.7 7.5 2.5 2 1 3 5 5
-6470.6 1247.4 -12.6 47 0 22.8 13.8 7.5 2.5 2 0 3 3 3
-6439.5 1224.6 -11.7 124 0 6.4 7.8 10.0 2.5 2 1 4 1 1
-6446.5 1248.3 -12.2 208 0 16.2 10.4 7.5 2.5 2 0 3 4 4
-6401.5 1216.1 -10.5 114 0 10.7 13.5 5.0 2.5 2 1 2 3 3
-6382.5 1220.8 -10.2 91 0 11.6 9.5 5.0 2.5 2 0 2 2 2
-6366.5 1266.5 -10.5 280 0 7.1 11.9 7.5 2.5 2 1 3 4 4
-6329.2 1204.0 -8.6 106 0 11.3 18.2 10.0 0.0 0 1 4 0 0
-6251.5 1166.7 -5.4 106 0 13.6 7.8 7.5 2.5 4 0 3 5 5
-6261.6 1243.3 -8.2 301 0 16.8 16.1 12.5 2.5 2 0 5 5 5
-6247.1 1211.0 -7.2 69 0 14.8 13.3 2.5 2.5 2 0 1 1 1
-6234.7 1195.9 -6.2 90 0 12.9 10.0 7.5 2.5 2 0 3 3 3
-6213.6 1268.9 -10.7 284 0 34.5 13.1 10.0 2.5 2 0 4 3 3
-6215.3 1151.3 -6.2 107 0 9.8 12.2 2.5 2.5 2 1 1 0 0
-6193.9 1159.3 -6.6 109 0 14.3 7.0 2.5 2.5 4 0 1 3 3
-6168.6 1142.1 -6.7 104 0 18.8 15.8 10.0 2.5 2 0 4 3 3
-6129.6 1143.3 -6.3 150 0 9.5 15.5 2.5 2.5 2 1 1 0 0
-6691.3 2152.9 -13.3 14 0 10.4 17.5 7.5 2.5 2 1 3 0 0
-6670.4 2113.3 -13.9 183 0 18.3 12.9 7.5 2.5 2 0 3 2 2
-6706.3 2129.4 -13.4 355 0 13.2 18.9 5.0 2.5 2 1 2 5 5
-6720.3 2061.0 -15.4 5 0 17.1 14.4 7.5 2.5 4 0 3 2 2
-6554.6 2064.6 -13.7 325 0 13.3 11.1 2.5 2.5 2 0 1 0 0
-6597.3 2019.7 -14.9 120 0 13.2 11.0 7.5 2.5 4 0 3 5 5
-6136.8 1656.4 -10.2 256 0 14.5 15.3 7.5 2.5 2 1 3 5 5
-6130.1 1471.6 -13.4 176 0 14.9 17.1 7.5 2.5 2 1 3 4 4
-6080.1 1481.6 -13.0 318 0 18.6 12.2 5.0 2.5 2 0 2 5 5
-6105.2 1549.2 -9.6 346 0 16.6 19.1 10.0 2.5 2 1 4 4 4
-6288.9 1404.8 -15.0 21 0 15.7 19.1 7.5 2.5 2 1 3 5 5
-6428.3 1445.0 -15.7 118 0 13.7 14.9 7.5 2.5 2 1 3 4 4
-6362.3 1565.3 -16.0 40 0 14.0 15.7 7.5 2.5 2 1 3 1 1
-6326.9 1537.1 -15.4 206 0 18.9 16.3 12.5 2.5 2 0 5 5 5
-6232.5 1661.6 -14.4 98 0 12.3 12.2 7.5 2.5 2 0 3 2 2
-6252.9 1635.9 -13.8 226 0 12.9 14.0 7.5 2.5 2 1 3 4 4
-6226.0 1599.0 -12.5 295 0 16.6 14.4 7.5 2.5 2 0 3 4 4
-6169.9 1580.6 -11.2 356 0 19.1 12.4 2.5 2.5 2 0 1 5 5
-6169.7 1428.1 -14.4 158 0 15.2 18.8 7.5 2.5 2 1 3 5 5
-6194.1 1448.2 -13.9 7 0 15.4 18.9 7.5 2.5 2 1 3 4 4
-6225.2 1521.8 -12.8 52 0 16.4 13.8 2.5 2.5 2 0 1 0 0
-6267.2 1573.6 -13.5 188 0 22.9 17.2 10.0 2.5 2 0 4 3 3
-6281.1 1494.9 -14.6 105 0 18.2 19.4 10.0 2.5 2 1 4 5 5
-6344.7 1483.6 -15.6 226 0 22.1 17.1 7.5 0.0 0 0 3 5 5
-6287.5 1323.9 -12.3 264 0 9.7 9.8 2.5 2.5 4 1 1 1 1
-6291.8 1142.3 -6.4 314 0 11.0 9.3 7.5 2.5 2 0 3 3 3
-6275.2 1144.3 -6.1 293 0 16.3 21.7 7.5 2.5 4 1 3 2 2
-6310.3 1157.8 -7.3 342 0 11.5 21.4 10.0 0.0 0 1 4 5 5
-6413.9 1119.0 -11.2 191 0 17.3 16.1 10.0 2.5 2 0 4 5 5
-6390.1 1051.8 -11.2 147 0 19.2 24.1 12.5 2.5 2 1 5 5 5
-6356.1 1118.1 -9.1 267 0 10.0 13.2 5.0 2.5 2 1 2 3 3
-6295.2 1056.0 -8.5 19 0 12.2 21.7 7.5 2.5 2 1 3 1 1
-6272.2 1079.8 -7.2 11 0 9.0 28.7 10.0 2.5 4 1 4 4 4
-6277.4 1104.0 -6.7 292 0 27.9 9.6 7.5 2.5 2 0 3 4 4
-6247.9 1068.1 -9.7 23 0 75.1 21.3 10.0 0.0 0 0 4 0 0
-6264.6 1013.0 -11.4 336 0 16.0 13.8 7.5 2.5 2 0 3 0 0
-6237.1 875.0 -14.1 327 0 9.0 11.9 7.5 2.5 2 1 3 5 5
-6164.8 765.3 -12.3 267 0 10.0 19.5 5.0 2.5 2 1 2 1 1
-6201.1 833.9 -13.3 291 0 12.4 14.6 5.0 2.5 2 1 2 4 4
-6140.2 801.9 -12.9 130 0 10.7 18.4 2.5 2.5 2 1 1 3 3
-6141.8 842.6 -11.8 157 0 9.8 15.0 2.5 2.5 2 1 1 3 3
-6166.7 872.0 -12.3 249 0 21.4 11.9 10.0 2.5 2 0 4 1 1
-6123.0 776.0 -13.6 193 0 12.1 14.7 7.5 2.5 4 1 3 0 0
-6049.4 863.0 -10.7 322 0 18.9 15.7 10.0 2.5 2 0 4 3 3
-6095.4 908.0 -10.5 265 0 10.9 16.4 7.5 2.5 2 1 3 2 2
-6058.6 1073.2 -6.9 280 0 15.0 19.2 10.0 2.5 4 1 4 1 1
-6046.9 1002.6 -8.6 337 0 16.0 15.3 5.0 2.5 2 0 2 2 2
-6126.7 986.1 -10.3 90 0 23.5 18.3 7.5 2.5 2 0 3 2 2
-5789.8 39.1 -12.5 282 0 13.8 15.7 5.0 2.5 2 1 2 0 0
-5222.7 383.2 -8.2 77 0 17.4 15.4 7.5 0.0 0 0 3 4 4
-5257.3 309.8 -10.9 47 0 12.1 16.2 2.5 0.0 0 1 1 1 1
-5185.7 222.0 -10.2 83 0 9.4 14.4 7.5 2.5 2 1 3 4 4
-5209.7 144.4 -10.8 123 0 16.4 21.5 5.0 2.5 4 1 2 5 5
-5241.8 205.5 -11.5 209 0 14.8 21.0 10.0 2.5 2 1 4 3 3
-5335.1 641.1 -8.7 182 0 14.9 16.2 5.0 2.5 2 1 2 3 3
-5281.0 607.8 -8.4 93 0 15.6 20.5 7.5 2.5 2 1 3 1 1
-4960.4 577.1 -3.0 111 0 13.9 14.6 10.0 0.0 0 1 4 0 0
-4222.7 480.9 -4.5 69 0 11.3 18.2 10.0 2.5 2 1 4 3 3
-4445.2 662.3 -4.9 8 0 14.7 12.0 5.0 2.5 2 0 2 3 3
-4465.1 550.0 -3.3 15 0 9.1 8.8 7.5 2.5 2 0 3 4 4
-4349.9 162.1 -8.2 86 0 17.6 20.6 10.0 2.5 4 1 4 3 3
-4204.1 66.4 -9.4 304 0 17.0 10.4 7.5 0.0 0 0 3 0 0
-4192.3 89.5 -8.5 96 0 14.2 13.7 7.5 2.5 2 0 3 3 3
-4154.6 103.1 -8.2 276 0 15.0 14.2 2.5 2.5 2 0 1 3 3
-4372.1 78.5 -9.8 126 0 12.0 15.1 7.5 2.5 2 1 3 2 2
-4467.2 167.8 -8.1 259 0 10.5 13.5 7.5 2.5 2 1 3 0 0
-4517.1 338.7 -4.1 359 0 8.4 12.0 2.5 2.5 2 1 1 3 3
-4508.7 379.3 -3.2 25 0 7.0 9.9 7.5 2.5 2 1 3 5 5
-4525.7 570.7 -3.2 277 0 15.4 18.9 10.0 2.5 2 1 4 5 5
-4569.5 537.2 -2.6 84 0 13.1 15.2 5.0 0.0 0 1 2 0 0
-4670.2 591.7 -4.1 290 0 8.2 6.7 5.0 2.5 2 0 2 0 0
-4737.9 756.4 -4.6 194 0 13.3 18.0 7.5 2.5 4 1 3 3 3
-4695.3 754.0 -3.7 264 0 8.9 7.7 2.5 0.0 0 0 1 3 3
-4663.0 764.8 -4.4 276 0 10.1 14.5 5.0 2.5 4 1 2 0 0
-4675.9 791.7 -5.0 106 0 7.2 8.3 7.5 2.5 2 1 3 4 4
-4678.0 806.0 -5.4 103 0 8.9 10.0 5.0 2.5 2 1 2 4 4
-4564.8 909.9 -8.6 59 0 9.9 12.0 7.5 2.5 2 1 3 0 0
-4637.6 792.8 -6.1 94 0 20.0 22.1 7.5 2.5 2 1 3 0 0
-4607.0 782.6 -5.7 71 0 10.7 7.7 7.5 2.5 2 0 3 4 4
-4597.2 796.7 -6.3 121 0 19.0 11.0 5.0 2.5 2 0 2 4 4
-4551.9 711.4 -4.5 91 0 17.0 12.4 5.0 2.5 2 0 2 5 5
-4494.4 751.4 -5.2 258 0 7.8 8.4 2.5 0.0 0 1 1 2 2
-4466.5 825.4 -6.8 287 0 21.0 12.2 7.5 2.5 2 0 3 4 4
-4393.4 786.1 -5.9 279 0 9.9 8.8 10.0 0.0 0 0 4 4 4
-4404.3 688.8 -5.5 196 0 17.0 19.6 7.5 2.5 2 1 3 1 1
-4347.7 718.6 -5.8 290 0 13.6 19.4 7.5 2.5 2 1 3 5 5
-4327.1 787.3 -5.7 276 0 16.8 22.9 7.5 2.5 2 1 3 5 5
-4282.6 756.3 -5.6 97 0 15.1 20.2 7.5 2.5 2 1 3 3 3
-4276.7 716.8 -5.6 279 0 13.1 17.5 5.0 2.5 2 1 2 2 2
-4261.3 724.1 -5.5 265 0 9.3 16.1 5.0 0.0 0 1 2 2 2
-4185.0 743.7 -4.0 81 0 14.4 14.2 5.0 2.5 2 0 2 0 0
-4223.2 707.9 -4.9 269 0 12.8 9.3 7.5 2.5 2 0 3 1 1
-4201.1 610.5 -2.5 177 0 8.7 16.8 7.5 2.5 2 1 3 3 3
-4183.6 631.1 -2.5 347 0 6.7 6.5 7.5 2.5 2 0 3 2 2
-4214.4 656.8 -3.6 192 0 12.9 23.0 10.0 2.5 2 1 4 4 4
-4175.4 672.6 -3.3 62 0 8.5 8.1 5.0 2.5 2 0 2 4 4
-4139.9 701.7 -2.8 270 0 17.5 10.8 7.5 2.5 2 0 3 4 4
-4099.1 699.0 -3.8 267 0 13.2 16.6 7.5 2.5 2 1 3 3 3
-3856.2 524.9 1.0 24 0 11.7 11.8 5.0 2.5 2 1 2 5 5
-3829.3 552.1 0.7 359 0 19.5 30.2 12.5 2.5 2 1 5 5 5
-3890.0 553.0 1.7 195 0 18.4 20.9 10.0 2.5 2 1 4 2 2
-3890.2 614.4 0.2 343 0 16.1 20.0 7.5 2.5 2 1 3 5 5
-3944.1 636.1 -0.3 182 0 25.0 19.1 7.5 2.5 2 0 3 3 3
-3971.0 676.0 -2.5 334 0 12.1 18.7 7.5 2.5 2 1 3 0 0
-4034.3 688.1 -3.5 289 0 16.2 19.8 7.5 0.0 0 1 3 0 0
-4100.4 456.5 -3.6 98 0 14.8 22.1 7.5 2.5 2 1 3 5 5
-4174.0 426.8 -3.1 180 0 12.4 15.6 10.0 2.5 2 1 4 1 1
-4155.7 549.6 -2.6 108 0 20.1 16.6 7.5 2.5 2 0 3 0 0
-4108.9 531.4 -3.4 0 0 17.1 17.6 7.5 2.5 2 1 3 2 2
-855.1 -1987.0 12.0 28 0 13.3 8.2 2.5 0.0 0 0 1 2 2
-893.1 -2022.0 9.8 271 0 9.7 17.0 7.5 2.5 2 1 3 5 5
-883.2 -2085.7 9.8 3 0 13.6 9.7 5.0 2.5 2 0 2 2 2
-887.4 -2118.8 9.8 88 0 10.1 15.4 7.5 2.5 2 1 3 4 4
-881.1 -2189.3 9.2 97 0 13.0 14.6 7.5 2.5 2 1 3 4 4
-905.1 -2155.1 9.2 352 0 12.8 15.0 7.5 2.5 2 1 3 2 2
-904.2 -2184.5 9.2 344 0 18.2 14.8 10.0 2.5 2 0 4 5 5
-874.3 -2201.9 8.3 272 0 14.7 16.1 5.0 2.5 2 1 2 0 0
-898.7 -2211.6 8.5 353 0 14.7 14.8 5.0 2.5 2 1 2 0 0
-955.4 -2134.7 8.1 77 0 24.6 20.6 10.0 2.5 2 0 4 1 1
-1012.3 -2174.4 6.3 58 0 18.8 21.7 10.0 2.5 2 1 4 3 3
-995.9 -2139.3 6.8 87 0 21.8 30.0 10.0 0.0 0 1 4 1 1
-1055.7 -2196.4 4.1 50 0 20.8 33.1 10.0 0.0 0 1 4 5 5
-914.9 -1780.4 12.8 17 0 8.0 32.1 10.0 2.5 2 1 4 5 5
-940.1 -1639.4 8.1 29 0 8.4 8.2 5.0 2.5 2 0 2 5 5
-984.2 -1695.0 10.5 4 0 10.1 24.7 5.0 2.5 2 1 2 3 3
-1271.8 -1570.2 11.0 213 0 24.7 18.9 12.5 2.5 2 0 5 0 0
-1533.9 -1456.4 4.4 50 0 10.0 31.2 12.5 2.5 2 1 5 2 2
-1520.5 -1370.6 4.2 200 0 18.8 41.5 10.0 2.5 2 1 4 4 4
-1404.9 -1635.8 7.9 359 0 35.0 27.3 12.5 0.0 0 0 5 1 1
-1190.7 -1443.7 9.4 225 0 21.2 12.1 7.5 2.5 2 0 3 1 1
-1228.3 -1493.7 9.5 206 0 24.6 24.6 10.0 0.0 0 1 4 0 0
-1075.5 -1056.9 5.2 324 0 11.2 10.9 7.5 2.5 4 0 3 3 3
-956.4 -1411.0 7.4 205 0 28.2 14.3 10.0 2.5 2 0 4 1 1
-936.2 -1388.6 7.3 209 0 25.8 10.1 7.5 2.5 2 0 3 3 3
-1129.0 -1573.4 12.1 206 0 29.2 15.7 7.5 2.5 2 0 3 1 1
-1028.2 -1515.3 9.4 90 0 11.1 21.6 5.0 2.5 2 1 2 5 5
-1046.5 -1538.8 11.0 29 0 18.6 10.8 10.0 2.5 2 0 4 2 2
-1081.3 -1480.3 11.0 195 0 16.1 16.7 12.5 2.5 2 1 5 0 0
-1059.0 -1446.9 9.3 234 0 21.0 22.4 12.5 2.5 4 1 5 3 3
-1043.7 -1421.0 8.9 196 0 17.8 14.0 10.0 2.5 2 0 4 0 0
-1024.8 -1383.7 8.9 216 0 21.6 12.4 10.0 2.5 2 0 4 5 5
-941.4 -1349.2 8.1 46 0 14.0 12.4 7.5 2.5 2 0 3 5 5
-1063.8 -1408.8 9.5 31 0 24.0 13.6 7.5 2.5 2 0 3 4 4
-1050.8 -1367.1 9.6 27 0 24.5 9.4 5.0 2.5 4 0 2 0 0
-1084.6 -1433.4 10.5 36 0 16.8 10.2 7.5 2.5 2 0 3 3 3
-1120.9 -1501.4 12.3 33 0 15.2 16.0 5.0 2.5 2 1 2 3 3
-1082.0 -1597.9 11.4 13 0 17.9 11.1 5.0 2.5 2 0 2 5 5
-1062.7 -1612.9 10.5 214 0 18.6 12.7 5.0 2.5 2 0 2 4 4
-1041.0 -1579.7 11.1 233 0 15.7 10.8 7.5 0.0 0 0 3 4 4
-977.1 -1452.1 7.4 217 0 19.4 13.0 10.0 2.5 2 0 4 1 1
-1397.4 -1673.6 7.2 312 0 11.5 16.6 10.0 0.0 0 1 4 3 3
-1353.7 -1634.5 10.8 43 0 28.5 17.3 7.5 2.5 2 0 3 0 0
-1321.6 -1668.6 12.3 130 0 12.7 19.5 5.0 2.5 2 1 2 4 4
-1272.1 -1694.3 9.5 90 0 13.5 17.1 7.5 0.0 0 1 3 5 5
-1299.9 -1618.1 12.6 202 0 26.3 12.7 12.5 2.5 2 0 5 0 0
-1325.2 -1601.0 10.0 34 0 29.5 32.7 10.0 0.0 0 1 4 4 4
-1401.8 -1457.1 8.5 302 0 45.5 17.0 12.5 0.0 0 0 5 3 3
-1382.9 -1501.4 9.9 38 0 38.4 12.8 10.0 2.5 2 0 4 4 4
-1403.9 -1497.3 9.4 34 0 23.3 15.9 12.5 0.0 0 0 5 3 3
-1426.1 -1465.7 8.1 299 0 16.8 35.2 10.0 2.5 2 1 4 4 4
-1459.5 -1459.4 6.0 308 0 19.1 22.5 12.5 2.5 2 1 5 1 1
-6000.2 946.3 -9.1 337 0 10.9 22.9 10.0 2.5 2 1 4 5 5
