6669.5 921.1 2.4 311 0 9.4 33.8 10.0 0.0 0 0 4 5 5
6877.7 861.0 4.0 117 0 6.8 12.4 2.5 2.5 2 0 1 0 0
6910.9 912.2 4.4 178 0 6.7 6.3 7.5 2.5 2 0 3 0 0
6866.2 877.1 4.0 112 0 10.7 8.9 2.5 2.5 2 0 1 3 3
6898.6 896.2 4.8 0 0 7.7 6.1 2.5 0.0 0 0 1 3 3
6912.5 514.1 2.9 359 0 15.7 20.8 10.0 0.0 0 1 4 3 3
-2189.8 -2308.8 -3.1 354 0 9.2 28.0 10.0 2.5 2 1 4 4 4
-2267.0 -2321.7 -2.8 84 0 28.0 8.9 5.0 2.5 2 0 2 3 3
-2237.2 -2206.0 -0.9 262 0 62.8 7.4 7.5 2.5 2 0 3 0 0
-2195.2 -2217.9 -1.3 358 0 34.3 7.3 10.0 2.5 2 0 4 5 5
-1569.9 -5604.9 -5.5 2 0 11.4 45.0 7.5 2.5 2 1 3 0 0
-1574.3 -5650.5 -4.3 5 0 19.7 13.0 7.5 2.5 2 0 3 5 5
-1577.2 -5666.1 -3.9 3 0 9.6 9.7 10.0 0.0 0 1 4 1 1
-1602.0 -5634.3 -5.0 154 0 6.5 20.6 7.5 2.5 2 1 3 0 0
-683.3 -5886.5 -5.7 83 0 6.8 11.0 5.0 2.5 2 1 2 3 3
-773.4 -5714.9 -6.0 2 0 10.0 13.3 5.0 2.5 2 0 2 3 3
-764.4 -5721.8 -5.7 285 0 11.1 20.8 2.5 2.5 2 0 1 5 5
-785.5 -5781.4 -4.5 99 0 6.7 9.9 7.5 2.5 2 0 3 2 2
-734.1 -5775.4 -4.9 109 0 10.1 11.2 5.0 2.5 2 0 2 4 4
-686.0 -5806.9 -5.3 124 0 7.4 8.7 10.0 2.5 2 0 4 0 0
-764.9 -5809.3 -5.2 270 0 8.5 23.6 2.5 2.5 2 1 1 4 4
-734.1 -5860.9 -5.9 92 0 10.9 15.1 7.5 2.5 2 1 3 0 0
-770.9 -5913.7 -6.9 18 0 9.6 10.5 5.0 2.5 2 1 2 1 1
-780.0 -5893.8 -6.9 188 0 12.5 11.3 7.5 2.5 4 0 3 1 1
-723.9 -5728.4 -5.8 289 0 7.5 8.4 5.0 2.5 2 1 2 5 5
-669.8 -5635.0 -8.1 285 0 8.5 11.3 7.5 2.5 2 1 3 4 4
-885.7 -5797.7 -4.9 273 0 11.8 11.9 10.0 2.5 4 1 4 3 3
-797.8 -5257.6 -5.6 209 0 7.9 10.4 7.5 2.5 4 1 3 2 2
-755.6 -5589.4 -8.2 104 0 8.3 11.9 7.5 2.5 2 1 3 0 0
-794.0 -5621.4 -7.0 275 0 14.2 9.5 7.5 2.5 2 0 3 0 0
-899.6 -5623.6 -6.5 195 0 10.1 8.4 7.5 2.5 2 0 3 5 5
-913.0 -5729.7 -5.2 192 0 8.8 20.4 7.5 2.5 4 1 3 2 2
-894.8 -5764.8 -5.0 102 0 9.8 26.3 15.0 0.0 0 1 6 4 4
-758.3 -5250.7 -6.5 305 0 20.9 16.8 10.0 0.0 0 0 4 4 4
-789.1 -5285.6 -5.0 125 0 7.2 7.7 7.5 2.5 2 1 3 5 5
-826.6 -5539.2 -6.2 285 0 8.2 10.3 7.5 2.5 2 1 3 0 0
-764.2 -5623.3 -8.1 275 0 10.7 10.4 7.5 2.5 2 0 3 1 1
-760.8 -5610.9 -8.3 105 0 10.1 14.0 5.0 2.5 2 1 2 2 2
-777.4 -5309.0 -4.8 297 0 42.6 9.2 7.5 2.5 2 0 3 0 0
-809.7 -5726.4 -5.8 92 0 8.8 15.8 7.5 2.5 2 1 3 1 1
-770.6 -5296.2 -5.3 115 0 7.1 7.6 7.5 0.0 0 1 3 4 4
-866.3 -5568.7 -6.4 198 0 9.6 8.6 5.0 2.5 2 0 2 1 1
-771.9 -5649.4 -7.4 275 0 10.0 12.4 10.0 2.5 2 1 4 5 5
-721.0 -5558.8 -7.3 208 0 6.9 7.8 7.5 2.5 2 1 3 3 3
-895.9 -5711.5 -5.6 190 0 6.6 18.4 5.0 2.5 4 1 2 0 0
-696.2 -5607.8 -8.8 117 0 10.5 10.6 5.0 0.0 0 1 2 2 2
-1423.9 -2369.7 -0.6 360 0 11.2 10.2 7.5 2.5 2 0 3 1 1
-1478.4 -2354.1 0.2 160 0 8.1 11.7 10.0 2.5 4 1 4 4 4
-1426.3 -2473.8 -0.5 84 0 12.0 10.3 5.0 2.5 2 0 2 1 1
-1410.2 -2472.7 -0.3 82 0 10.0 8.6 7.5 2.5 2 0 3 4 4
-1420.1 -2355.3 0.1 354 0 6.7 8.3 7.5 2.5 2 1 3 3 3
-1424.4 -2340.1 0.8 352 0 8.2 7.7 10.0 2.5 2 0 4 5 5
6123.9 -1639.5 3.5 123 0 9.2 6.7 10.0 2.5 2 0 4 4 4
6154.2 -1602.3 4.4 39 0 7.3 8.9 7.5 2.5 2 1 3 2 2
6238.5 -1604.5 -0.3 306 0 10.2 7.7 7.5 2.5 2 0 3 3 3
-1846.6 -5633.2 -2.0 2 0 10.9 7.2 7.5 0.0 0 0 3 5 5
-1915.1 -5567.8 -1.0 211 0 8.6 14.2 7.5 2.5 2 1 3 1 1
-1959.4 -5634.2 -1.1 213 0 44.0 8.2 10.0 0.0 0 0 4 5 5
-1924.2 -5662.9 -2.4 115 0 7.2 14.8 7.5 2.5 2 1 3 5 5
-1928.0 -5610.8 -1.1 207 0 8.4 29.8 10.0 0.0 0 1 4 0 0
-1872.0 -5550.4 -1.8 294 0 12.7 7.0 10.0 2.5 2 0 4 4 4
-1896.3 -5566.2 -1.5 211 0 7.3 11.3 7.5 2.5 2 1 3 5 5
-1846.6 -5680.9 -3.0 12 0 7.0 9.9 5.0 2.5 2 1 2 2 2
-1852.9 -5586.7 -1.4 359 0 17.0 7.6 5.0 2.5 4 0 2 0 0
-1927.0 -5587.0 -0.4 210 0 28.3 10.0 12.5 2.5 2 0 5 0 0
-1883.7 -5591.9 -1.0 297 0 10.2 31.1 7.5 2.5 2 1 3 3 3
-1846.3 -5650.3 -2.4 5 0 10.7 10.6 7.5 2.5 4 0 3 1 1
-1874.3 -5677.6 -2.9 105 0 8.9 6.9 7.5 2.5 2 0 3 0 0
-1896.8 -5577.6 -1.0 209 0 10.8 23.2 10.0 2.5 2 1 4 2 2
-1944.9 -5660.1 -2.1 103 0 31.1 7.6 5.0 2.5 2 0 2 4 4
-1909.3 -5559.8 -1.4 216 0 7.1 12.2 10.0 2.5 2 1 4 4 4
-1877.4 -5534.0 -1.8 303 0 7.2 6.1 5.0 2.5 2 0 2 4 4
-1896.0 -5541.6 -2.2 215 0 6.1 7.2 10.0 0.0 0 1 4 3 3
-1852.1 -5614.1 -1.5 360 0 6.3 12.4 7.5 2.5 2 1 3 2 2
3566.7 706.4 2.0 355 0 8.0 9.6 2.5 2.5 2 1 1 0 0
3582.7 646.5 -0.9 81 0 9.5 13.3 5.0 0.0 0 1 2 5 5
3569.1 655.6 0.0 84 0 7.9 6.3 7.5 2.5 2 0 3 2 2
3556.0 654.5 0.6 85 0 6.7 6.3 7.5 2.5 2 0 3 3 3
3557.7 640.2 0.0 82 0 10.2 7.8 7.5 2.5 2 0 3 3 3
3544.6 639.3 0.7 82 0 8.5 8.7 5.0 2.5 2 1 2 1 1
3531.5 669.2 2.0 89 0 13.2 10.3 5.0 2.5 2 0 2 2 2
3528.0 698.2 3.4 357 0 10.8 7.6 7.5 2.5 2 0 3 4 4
3539.4 755.0 4.3 267 0 8.0 7.3 2.5 2.5 2 0 1 3 3
3528.1 738.7 4.1 267 0 6.3 10.1 7.5 2.5 2 1 3 3 3
3524.2 749.6 4.4 271 0 7.5 7.6 5.0 0.0 0 1 2 1 1
3507.3 757.3 4.8 272 0 8.8 8.1 7.5 2.5 2 0 3 5 5
3492.4 732.1 3.7 267 0 13.0 11.5 7.5 2.5 2 0 3 4 4
3463.4 753.4 3.0 270 0 10.3 9.6 2.5 2.5 2 0 1 5 5
3433.3 744.6 2.8 165 0 7.7 9.7 5.0 2.5 2 1 2 3 3
3449.9 743.4 2.7 264 0 10.3 7.0 7.5 2.5 2 0 3 0 0
3440.4 723.3 2.8 175 0 15.5 8.5 7.5 2.5 2 0 3 4 4
3440.5 710.0 2.8 177 0 7.4 20.5 2.5 2.5 2 1 1 2 2
3441.9 700.5 2.9 176 0 8.1 14.8 5.0 0.0 0 1 2 1 1
3493.0 688.1 3.2 174 0 10.6 8.5 7.5 2.5 2 0 3 5 5
3499.0 669.0 3.0 80 0 6.4 12.5 10.0 2.5 2 1 4 0 0
3500.1 656.7 2.7 86 0 10.3 8.5 5.0 0.0 0 0 2 0 0
3499.0 631.4 2.6 83 0 12.5 10.0 2.5 2.5 4 0 1 2 2
3475.7 631.0 2.9 86 0 7.7 9.8 7.5 2.5 2 1 3 1 1
3438.2 663.2 3.4 351 0 8.9 6.7 7.5 2.5 4 0 3 3 3
3444.8 641.3 3.3 353 0 7.4 11.6 10.0 2.5 2 1 4 5 5
3438.4 629.5 3.4 85 0 7.8 6.4 5.0 2.5 2 0 2 5 5
3399.9 620.0 3.8 81 0 11.6 6.9 7.5 2.5 2 0 3 1 1
3435.5 676.5 3.4 355 0 7.8 8.8 7.5 2.5 2 1 3 5 5
3407.1 686.5 3.7 350 0 9.5 6.7 7.5 2.5 2 0 3 3 3
3378.7 698.6 4.0 172 0 10.1 6.2 5.0 2.5 2 0 2 2 2
3407.3 705.8 3.6 351 0 6.9 7.8 10.0 2.5 2 1 4 2 2
3427.9 710.8 3.3 347 0 7.5 9.7 7.5 2.5 2 1 3 0 0
3424.5 723.4 3.2 352 0 8.8 10.5 5.0 2.5 2 1 2 0 0
3367.4 740.3 3.8 253 0 16.8 13.9 5.0 2.5 4 0 2 0 0
3340.1 727.8 4.3 166 0 6.6 8.8 2.5 2.5 2 1 1 2 2
3349.8 687.8 4.3 169 0 8.4 9.8 2.5 2.5 2 1 1 3 3
3354.9 678.0 4.2 169 0 6.7 10.3 5.0 2.5 2 1 2 2 2
3379.8 637.5 4.0 169 0 8.7 8.5 7.5 2.5 2 0 3 2 2
3366.0 620.7 4.1 173 0 13.5 9.3 7.5 2.5 2 0 3 0 0
3440.7 795.5 3.3 181 0 6.6 9.6 7.5 2.5 2 1 3 1 1
3448.7 770.0 3.0 89 0 6.8 10.5 2.5 2.5 2 1 1 0 0
3438.8 770.6 2.7 88 0 7.3 9.8 10.0 2.5 4 1 4 1 1
3428.9 766.0 2.7 84 0 6.8 10.0 2.5 2.5 2 1 1 3 3
3342.1 912.1 2.8 167 0 7.1 8.4 10.0 2.5 2 1 4 3 3
3364.2 913.7 3.4 354 0 7.2 8.4 7.5 2.5 2 1 3 4 4
3400.5 925.7 4.7 4 0 7.7 9.2 5.0 2.5 2 1 2 4 4
3400.1 935.1 4.7 360 0 7.0 8.3 7.5 2.5 2 1 3 4 4
3365.8 969.2 3.1 310 0 7.8 11.2 10.0 2.5 2 1 4 3 3
3334.5 992.5 3.3 332 0 8.2 6.1 7.5 2.5 2 0 3 0 0
3305.9 976.7 2.9 173 0 9.2 11.4 7.5 0.0 0 1 3 0 0
3306.6 949.0 2.4 183 0 7.5 6.8 5.0 2.5 4 0 2 0 0
3308.8 914.5 1.8 175 0 8.0 9.4 2.5 2.5 2 1 1 2 2
3309.0 904.5 2.1 174 0 7.3 9.8 7.5 0.0 0 1 3 4 4
3311.7 891.2 2.6 174 0 11.9 10.8 5.0 2.5 4 0 2 0 0
3311.9 876.9 3.2 176 0 12.3 8.8 5.0 2.5 2 0 2 4 4
3370.3 880.8 5.1 2 0 7.5 7.7 2.5 2.5 2 1 1 4 4
3401.7 883.5 4.7 358 0 9.8 8.0 2.5 2.5 4 0 1 2 2
3401.0 865.6 4.1 0 0 10.5 11.1 7.5 2.5 2 1 3 3 3
3376.4 817.7 3.7 358 0 10.4 6.2 5.0 0.0 0 0 2 0 0
3405.7 822.4 2.8 358 0 8.6 9.5 7.5 2.5 4 1 3 2 2
3403.8 806.6 2.9 1 0 7.7 8.6 7.5 2.5 2 1 3 3 3
3394.7 761.9 3.3 82 0 7.8 12.7 10.0 0.0 0 1 4 3 3
3318.8 838.3 5.0 172 0 9.0 13.3 5.0 2.5 2 1 2 0 0
3324.6 806.7 5.0 173 0 9.1 8.3 2.5 2.5 2 0 1 5 5
3331.6 778.1 4.0 182 0 22.2 23.0 12.5 0.0 0 1 5 4 4
-1572.7 -5537.2 -4.3 5 0 38.8 12.5 7.5 2.5 2 0 3 1 1
-1583.7 -5502.0 -3.7 274 0 28.4 11.7 10.0 2.5 4 0 4 4 4
-1590.4 -5550.0 -4.5 3 0 11.1 27.8 7.5 2.5 2 1 3 4 4
2658.6 -1214.6 0.4 264 0 24.7 30.2 12.5 0.0 0 1 5 1 1
-5578.6 -2005.7 -0.5 285 0 8.7 31.1 10.0 2.5 2 1 4 5 5
-5571.8 -2016.8 -1.5 194 0 13.7 12.8 5.0 2.5 2 0 2 3 3
-5542.8 -2027.0 -2.5 16 0 17.0 12.5 7.0 2.5 2 0 2 1 1
5207.6 -2034.9 -0.6 228 0 19.9 9.9 10.0 2.5 2 0 4 1 1
-5541.3 -1983.0 -2.4 108 0 8.2 19.1 7.5 2.5 2 1 3 2 2
-5528.1 -1989.1 -2.9 115 0 9.3 32.0 10.0 2.5 2 1 4 2 2
-5537.8 -1992.9 -2.7 287 0 11.4 13.7 7.0 2.5 2 1 2 2 2
-5567.1 -2039.4 -1.3 14 0 8.7 8.7 5.0 2.5 2 1 2 3 3
-5548.1 -2043.4 -2.4 17 0 10.8 15.0 5.0 2.5 2 1 2 1 1
-5560.7 -2052.5 -1.8 19 0 8.8 15.8 5.0 2.5 2 1 2 0 0
-5587.0 -1970.1 -0.0 14 0 26.6 8.3 5.0 2.5 4 0 2 1 1
-5620.6 -2028.2 1.2 193 0 13.2 7.8 14.0 2.5 2 0 4 3 3
-5606.6 -2003.1 0.9 13 0 38.3 7.9 7.5 2.5 2 0 3 2 2
-5598.0 -2060.8 -0.2 108 0 8.7 16.2 7.0 2.5 2 1 2 3 3
-5561.0 -2132.5 -1.7 194 0 16.6 8.2 5.0 2.5 2 0 2 2 2
-5549.2 -2135.0 -1.8 192 0 16.5 8.5 5.0 2.5 2 0 2 3 3
-5543.5 -2111.3 -2.1 192 0 17.1 8.5 5.0 2.5 2 0 2 0 0
-5531.8 -2114.1 -2.2 193 0 16.8 8.5 2.5 0.0 0 0 1 2 2
-5535.3 -2091.3 -2.3 194 0 7.4 7.1 2.5 0.0 0 0 1 2 2
-5528.8 -2066.3 -2.7 198 0 7.1 7.8 2.5 2.5 2 1 1 1 1
-5538.8 -2046.3 -2.9 200 0 16.5 13.1 5.0 2.5 2 0 2 5 5
-5505.9 -2089.1 -2.7 19 0 16.2 8.3 7.5 2.5 4 0 3 5 5
-5493.6 -2093.4 -2.7 20 0 16.7 8.9 2.5 2.5 2 0 1 3 3
-5499.2 -2069.1 -3.0 19 0 17.2 8.8 5.0 2.5 2 0 2 4 4
-5503.1 -2006.3 -3.5 207 0 13.5 11.3 5.0 2.5 2 0 2 4 4
3942.0 1475.6 6.3 82 0 6.8 8.1 5.0 2.5 2 1 2 1 1
4250.5 1395.4 2.6 89 0 9.3 23.8 7.0 2.5 2 1 2 3 3
4054.3 1366.4 4.2 94 0 21.0 26.1 7.5 2.5 4 1 3 0 0
-2508.8 -5058.2 -4.1 7 0 8.0 6.8 2.5 2.5 2 0 1 1 1
-2554.5 -5106.5 -6.8 98 0 22.8 13.6 12.5 2.5 2 0 5 2 2
-2536.3 -5051.6 -6.4 278 0 11.7 37.7 10.0 2.5 2 1 4 0 0
-2522.6 -5053.2 -5.8 278 0 11.4 41.9 10.0 2.5 2 1 4 3 3
-2534.2 -5034.9 -7.6 278 0 35.9 14.6 12.5 2.5 2 0 5 2 2
-1894.1 -5352.8 -2.0 277 0 9.6 20.3 7.5 2.5 2 1 3 4 4
-1910.3 -5351.3 -1.9 270 0 10.6 7.4 7.5 2.5 2 0 3 3 3
-1914.8 -5365.5 -1.3 281 0 9.8 16.2 7.5 2.5 2 1 3 2 2
-1878.9 -5420.4 -1.0 6 0 23.2 11.2 7.5 2.5 2 0 3 3 3
-1943.3 -5418.5 -1.9 185 0 10.4 25.9 7.5 2.5 2 1 3 2 2
-1945.0 -5444.3 -2.4 98 0 24.8 17.3 7.5 2.5 2 0 3 3 3
-1741.5 -5450.0 -2.2 3 0 11.9 6.2 5.0 2.5 4 0 2 5 5
-1770.2 -5391.8 -1.6 273 0 10.2 35.2 5.0 2.5 2 1 2 4 4
-1778.0 -5467.7 -2.0 180 0 76.8 10.9 7.5 2.5 2 0 3 1 1
-2226.6 -4794.0 -2.8 268 0 9.9 36.7 10.0 2.5 2 1 4 2 2
-1467.5 -5523.5 -5.6 4 0 16.4 10.6 7.5 2.5 2 0 3 2 2
-1196.7 -5172.7 -10.8 101 0 13.2 15.5 5.0 2.5 2 1 2 4 4
-1541.1 -5365.6 -1.8 173 0 10.2 13.9 5.0 2.5 2 1 2 5 5
-1538.9 -5394.5 -3.6 185 0 9.3 14.5 7.5 0.0 0 1 3 1 1
-1546.9 -5459.0 -3.5 184 0 11.4 11.1 10.0 0.0 0 0 4 3 3
-1545.0 -5445.1 -3.7 186 0 13.5 15.1 7.5 2.5 2 1 3 2 2
-1992.7 -5616.1 -1.2 123 0 16.8 17.9 10.0 2.5 2 1 4 1 1
-1945.9 -5577.6 -0.7 37 0 14.0 11.1 2.5 2.5 4 0 1 3 3
-2023.5 -5613.4 -2.5 304 0 11.8 21.0 10.0 2.5 2 1 4 2 2
-2013.8 -5665.0 -1.6 34 0 17.7 13.9 5.0 2.5 2 0 2 2 2
-2029.8 -5698.2 -3.0 34 0 16.0 16.1 12.5 0.0 0 1 5 5 5
-2040.9 -5713.6 -4.2 34 0 16.0 13.0 5.0 2.5 4 0 2 5 5
-2199.1 -5905.2 -5.3 47 0 9.0 8.7 7.5 2.5 2 0 3 5 5
-2208.6 -5895.7 -5.8 39 0 9.7 8.7 5.0 2.5 4 0 2 3 3
-2202.0 -5878.3 -5.5 34 0 11.3 8.7 7.5 2.5 2 0 3 4 4
-2137.9 -5837.9 -4.1 34 0 11.2 15.7 2.5 2.5 2 1 1 1 1
-2078.7 -5839.2 -5.4 123 0 14.0 11.5 2.5 2.5 2 0 1 2 2
-2159.5 -5752.4 -3.8 215 0 12.9 8.0 5.0 2.5 2 0 2 3 3
-2144.0 -5724.9 -4.5 217 0 8.4 12.2 5.0 2.5 2 1 2 2 2
-2121.9 -5791.2 -2.2 37 0 22.5 15.4 7.5 0.0 0 0 3 3 3
-2253.4 -5891.4 -7.2 135 0 10.5 9.4 5.0 2.5 2 0 2 2 2
-2244.4 -5899.3 -7.1 139 0 8.4 10.3 2.5 0.0 0 1 1 0 0
-2243.3 -5879.0 -6.7 213 0 8.7 10.7 7.5 2.5 2 1 3 4 4
-2220.6 -5918.6 -6.4 59 0 11.2 8.8 7.5 0.0 0 0 3 1 1
5026.9 -4409.2 -2.0 181 0 8.1 7.0 10.0 2.5 2 0 4 4 4
5013.5 -4389.3 -1.6 183 0 9.5 10.6 5.0 0.0 0 1 2 4 4
5009.8 -4429.0 -1.4 193 0 7.4 9.2 7.5 2.5 2 1 3 1 1
5003.9 -4461.1 -1.5 200 0 11.0 8.8 7.5 2.5 2 0 3 5 5
4989.6 -4483.2 -0.9 193 0 8.1 9.3 7.5 2.5 2 1 3 4 4
4983.1 -4496.6 -0.7 198 0 7.4 8.3 2.5 2.5 2 1 1 0 0
4978.7 -4512.1 -0.9 199 0 7.7 8.6 7.5 2.5 4 1 3 5 5
5084.0 -4335.1 -3.8 77 0 9.2 7.5 7.5 2.5 2 0 3 3 3
-202.6 -5325.9 -4.1 13 0 11.1 25.5 10.0 2.5 2 1 4 5 5
-157.4 -5425.6 -3.4 11 0 11.1 9.6 5.0 2.5 2 0 2 1 1
-201.8 -5412.3 -3.7 197 0 9.0 14.4 7.5 2.5 2 1 3 3 3
-216.3 -5452.3 -3.7 191 0 9.6 11.4 7.5 2.5 2 1 3 2 2
-242.2 -5525.0 -3.7 214 0 15.4 16.9 7.5 2.5 2 1 3 5 5
-230.1 -5502.0 -3.7 203 0 7.7 12.4 7.5 2.5 2 1 3 0 0
-211.8 -5513.0 -3.2 194 0 8.8 12.7 5.0 2.5 2 1 2 3 3
-173.1 -5539.5 -2.6 66 0 19.3 31.2 7.5 0.0 0 1 3 5 5
-206.4 -5380.0 -4.0 347 0 14.8 18.7 7.5 2.5 2 1 3 3 3
5510.7 -1257.2 3.8 181 0 10.3 13.7 7.5 2.5 4 1 3 1 1
5472.9 -1318.1 2.3 282 0 8.5 12.7 2.5 2.5 2 1 1 5 5
5482.7 -1256.2 3.6 100 0 10.2 7.2 7.5 2.5 2 0 3 2 2
5529.5 -1215.8 4.6 2 0 7.5 8.8 10.0 2.5 2 1 4 1 1
5510.8 -1180.3 4.6 177 0 9.7 9.9 2.5 2.5 2 1 1 2 2
5494.1 -1350.0 2.0 16 0 8.8 10.5 7.5 2.5 2 1 3 5 5
-2249.2 -5052.4 -1.2 276 0 6.6 9.5 7.5 2.5 2 1 3 1 1
-2240.6 -5053.8 -1.2 276 0 8.0 8.6 5.0 2.5 2 1 2 5 5
-2271.2 -5059.0 -1.3 183 0 9.9 8.3 5.0 0.0 0 0 2 3 3
-2277.1 -5047.1 -0.9 3 0 11.1 7.9 7.5 0.0 0 0 3 3 3
-2271.8 -5070.0 -1.7 183 0 12.1 8.1 5.0 2.5 2 0 2 0 0
3143.2 -5015.5 -5.3 21 0 10.6 26.8 12.5 2.5 2 1 5 3 3
3044.8 -4763.8 -3.9 207 0 9.4 6.1 7.5 2.5 2 0 3 4 4
3027.8 -4825.5 -1.6 194 0 9.0 7.8 5.0 2.5 2 0 2 3 3
3022.2 -4806.0 -2.3 200 0 7.1 6.7 5.0 2.5 2 0 2 4 4
2985.7 -4808.8 -1.2 297 0 8.7 6.1 10.0 2.5 2 0 4 3 3
3005.0 -4815.9 -1.6 290 0 10.9 6.9 7.5 2.5 2 0 3 4 4
3000.5 -4845.3 -0.6 112 0 9.5 7.3 7.5 2.5 2 0 3 4 4
2989.8 -4830.7 -0.9 199 0 7.9 8.3 2.5 2.5 2 1 1 5 5
2972.6 -4828.2 -0.6 195 0 7.0 7.5 5.0 2.5 2 1 2 3 3
2987.9 -4862.4 0.2 111 0 10.6 9.8 7.5 0.0 0 0 3 4 4
3026.2 -4881.3 0.3 112 0 9.8 8.4 10.0 2.5 2 0 4 0 0
3076.3 -4885.4 -1.0 112 0 18.9 10.9 5.0 2.5 2 0 2 2 2
3073.0 -4942.3 -0.5 24 0 8.1 11.5 7.5 2.5 2 1 3 5 5
2984.3 -5002.4 0.1 108 0 9.1 42.2 7.5 2.5 2 1 3 4 4
3026.7 -5026.0 -0.9 110 0 6.9 12.6 5.0 2.5 2 1 2 4 4
3041.9 -4996.4 -0.7 19 0 13.5 6.5 5.0 2.5 4 0 2 5 5
3039.7 -4976.7 -0.3 19 0 8.5 32.1 7.5 2.5 2 1 3 0 0
2995.5 -5021.2 -0.8 112 0 23.4 10.2 2.5 2.5 4 0 1 0 0
-2208.9 -5141.4 -3.9 7 0 11.0 9.0 10.0 2.5 2 0 4 1 1
-2229.2 -5132.9 -3.8 279 0 10.1 8.2 7.5 2.5 2 0 3 5 5
-2218.2 -5056.1 -1.4 209 0 8.3 11.8 10.0 2.5 2 1 4 5 5
-2276.2 -5014.0 -2.1 351 0 6.7 13.3 7.5 0.0 0 1 3 2 2
-2217.6 -5044.2 -0.8 187 0 9.5 10.6 2.5 2.5 2 1 1 1 1
-2209.6 -5011.9 -1.1 278 0 7.4 7.4 5.0 2.5 2 0 2 5 5
-2241.2 -5038.2 -0.9 185 0 6.9 7.1 5.0 2.5 2 1 2 4 4
-2739.9 -4668.8 -5.5 185 0 6.3 8.9 7.5 2.5 2 1 3 0 0
-2742.7 -4677.8 -5.7 186 0 7.1 12.3 7.5 2.5 2 1 3 4 4
-2722.1 -4693.3 -6.0 91 0 7.7 7.3 5.0 2.5 2 0 2 5 5
-2708.5 -4691.0 -6.3 1 0 6.8 7.0 2.5 0.0 0 1 1 5 5
-2715.1 -4680.7 -6.2 1 0 6.6 9.2 7.5 2.5 2 1 3 5 5
-2716.1 -4671.2 -6.0 359 0 6.9 7.5 5.0 2.5 2 1 2 3 3
-2731.3 -4655.8 -5.3 179 0 8.3 6.2 10.0 2.5 2 0 4 2 2
-2706.7 -4659.7 -6.0 0 0 7.9 6.6 5.0 2.5 2 0 2 3 3
-2708.0 -4645.8 -5.5 0 0 7.7 11.8 7.5 2.5 2 1 3 0 0
-2707.8 -4625.6 -4.8 1 0 6.9 8.4 7.5 2.5 2 1 3 0 0
-2709.6 -4636.2 -5.1 0 0 6.1 6.6 7.5 2.5 2 1 3 0 0
-2744.3 -4579.8 -3.1 269 0 11.4 8.0 7.5 2.5 2 0 3 2 2
-2708.1 -4611.8 -4.3 1 0 7.3 7.3 2.5 2.5 2 1 1 1 1
-2709.5 -4602.9 -4.0 0 0 7.7 8.3 7.5 2.5 2 1 3 4 4
-2708.6 -4582.5 -3.3 358 0 6.6 6.2 7.5 2.5 4 0 3 5 5
-2707.7 -4591.9 -3.7 360 0 7.8 7.4 10.0 2.5 2 0 4 4 4
-2733.6 -4701.7 -5.3 269 0 8.0 7.7 7.5 2.5 2 0 3 4 4
-2743.1 -4715.9 -4.9 181 0 8.2 7.4 7.5 2.5 2 0 3 4 4
-2739.3 -4726.5 -4.9 180 0 7.6 8.9 7.5 2.5 2 1 3 5 5
-2744.0 -4736.5 -4.5 178 0 7.8 7.4 2.5 0.0 0 0 1 4 4
-2712.3 -4702.5 -6.0 279 0 7.0 8.8 5.0 0.0 0 1 2 1 1
-2728.9 -4752.1 -5.0 109 0 7.4 8.1 7.5 2.5 2 1 3 3 3
-2712.5 -4746.2 -5.6 17 0 7.6 7.2 2.5 0.0 0 0 1 2 2
4755.3 -1932.2 0.8 63 0 10.8 10.9 7.5 2.5 2 1 3 3 3
4791.6 -1891.6 1.4 54 0 9.2 8.0 7.5 2.5 2 0 3 3 3
4754.5 -1818.7 1.3 239 0 8.4 14.6 7.5 2.5 4 1 3 5 5
4752.6 -1859.0 1.1 242 0 9.8 6.5 7.5 2.5 2 0 3 4 4
4745.3 -1839.6 1.2 240 0 12.6 7.5 10.0 2.5 2 0 4 5 5
-417.4 -5521.2 -4.6 118 0 15.7 23.3 7.5 2.5 2 1 3 4 4
3008.0 -4649.8 -0.1 308 0 6.4 6.5 7.5 2.5 2 1 3 1 1
3021.4 -4637.5 -0.4 319 0 6.1 6.9 5.0 2.5 2 1 2 2 2
2962.9 -4643.4 1.4 214 0 12.1 8.0 7.5 2.5 2 0 3 0 0
2980.8 -4655.0 0.9 211 0 7.1 8.4 10.0 2.5 2 1 4 3 3
2987.0 -4633.5 1.2 213 0 8.0 6.8 10.0 2.5 2 0 4 0 0
2970.8 -4714.2 -0.1 145 0 6.7 6.9 5.0 2.5 2 1 2 2 2
3021.9 -4690.4 -2.2 305 0 8.2 6.6 7.5 2.5 2 0 3 3 3
3010.1 -4710.7 -2.0 118 0 7.9 9.0 10.0 2.5 4 1 4 0 0
