-3834.4 -1624.7 -15.1 38 0 9.9 39.5 10.0 2.5 2 0 4 4 4
-6665.4 -2208.6 -18.2 138 0 7.1 14.3 2.5 2.5 2 0 1 4 4
-6708.4 -2168.4 -19.0 139 0 19.1 20.3 10.0 2.5 2 0 4 0 0
-6570.9 -2185.0 -17.1 208 0 11.1 15.3 7.5 2.5 2 0 3 1 1
-6587.1 -2183.0 -17.5 208 0 7.2 12.7 5.0 2.5 2 0 2 1 1
-6577.8 -2159.7 -17.7 200 0 18.2 15.9 10.0 2.5 2 0 4 1 1
-6518.4 -2181.0 -17.5 350 0 19.3 34.3 7.5 2.5 2 1 3 0 0
548.0 284.3 -3.7 149 0 10.0 10.3 7.5 2.5 2 1 3 1 1
537.0 334.8 -4.4 149 0 8.2 18.2 7.5 2.5 2 1 3 0 0
632.8 330.8 -4.5 234 0 7.6 19.4 7.5 2.5 2 1 3 3 3
648.1 284.3 -4.5 50 0 6.9 12.2 2.5 2.5 2 1 1 0 0
604.7 286.2 -4.2 221 0 7.7 19.0 7.5 2.5 2 1 3 2 2
601.7 255.0 -4.5 133 0 8.0 6.0 7.5 2.5 2 0 3 5 5
608.1 238.2 -4.9 127 0 7.4 8.6 7.5 2.5 2 1 3 1 1
491.7 291.7 -4.8 355 0 6.8 10.3 5.0 2.5 2 1 2 2 2
451.6 287.9 -5.2 176 0 8.0 11.1 5.0 2.5 2 1 2 2 2
481.7 259.5 -5.0 354 0 8.9 19.0 7.5 2.5 2 1 3 3 3
482.9 239.9 -4.9 7 0 18.5 7.4 10.0 0.0 0 0 4 4 4
448.2 231.1 -5.3 170 0 8.7 13.9 5.0 2.5 2 1 2 3 3
466.3 217.1 -5.4 5 0 6.8 21.8 2.5 2.5 2 1 1 5 5
524.3 158.1 -3.6 83 0 6.8 11.8 5.0 2.5 2 1 2 0 0
533.0 230.7 -3.7 262 0 6.2 13.3 7.5 2.5 2 1 3 5 5
602.7 115.3 -3.8 276 0 8.6 17.6 10.0 2.5 2 1 4 0 0
603.8 125.2 -4.2 14 0 7.3 18.0 7.5 2.5 4 1 3 1 1
581.2 122.5 -3.8 279 0 7.1 20.2 7.5 2.5 2 1 3 2 2
580.1 44.7 -3.9 106 0 29.7 9.5 10.0 2.5 2 0 4 3 3
552.1 60.5 -4.0 15 0 9.2 28.1 7.5 2.5 2 1 3 4 4
463.0 103.8 -7.4 183 0 28.4 8.8 10.0 2.5 2 0 4 3 3
2072.0 4391.7 3.3 245 0 15.6 9.8 10.0 2.5 2 0 4 1 1
2046.7 4344.7 2.4 51 0 10.5 8.0 5.0 2.5 2 0 2 3 3
2026.1 4327.2 2.1 53 0 10.7 7.8 7.5 2.5 2 0 3 4 4
2085.1 4339.1 1.4 238 0 9.4 12.5 7.5 2.5 2 1 3 4 4
2064.1 4315.2 1.0 238 0 10.6 10.5 7.5 2.5 2 0 3 2 2
2046.9 4299.7 0.8 230 0 6.5 8.8 7.5 2.5 4 1 3 2 2
1940.0 4434.2 6.5 251 0 10.9 7.2 10.0 2.5 2 0 4 1 1
1889.8 4432.0 5.1 268 0 9.8 8.3 5.0 2.5 2 0 2 2 2
1831.2 4329.5 2.1 255 0 8.7 10.4 7.5 0.0 0 1 3 5 5
1940.0 4266.7 1.3 88 0 9.1 10.3 7.5 2.5 2 1 3 5 5
1950.6 4248.3 0.2 262 0 8.6 14.7 7.5 2.5 2 1 3 0 0
1892.4 4248.4 0.9 275 0 9.7 16.6 7.5 2.5 2 1 3 2 2
1863.9 4246.6 1.5 267 0 10.9 17.1 5.0 2.5 2 1 2 0 0
1805.2 4380.0 2.1 2 0 12.1 7.6 5.0 2.5 2 0 2 3 3
1742.5 4537.8 5.0 357 0 8.6 11.8 7.5 2.5 4 1 3 0 0
1657.5 4383.5 2.8 265 0 8.8 6.5 5.0 2.5 4 0 2 1 1
1637.0 4352.3 1.4 90 0 7.0 7.4 5.0 0.0 0 1 2 4 4
1608.4 4356.2 0.4 92 0 10.9 6.8 10.0 2.5 2 0 4 1 1
1579.4 4343.6 -0.8 88 0 8.2 13.6 5.0 2.5 2 1 2 1 1
1513.3 4371.9 -3.2 191 0 15.3 9.3 7.5 2.5 2 0 3 5 5
1605.0 4466.9 1.7 92 0 8.8 13.0 7.5 2.5 2 1 3 1 1
1580.8 4462.2 0.6 106 0 8.2 7.7 5.0 2.5 2 0 2 5 5
1551.1 4459.3 -1.5 90 0 12.6 9.2 5.0 2.5 2 0 2 1 1
1515.8 4477.9 -2.9 199 0 11.8 8.4 7.5 2.5 2 0 3 2 2
1604.6 4718.8 -0.9 88 0 10.3 12.4 10.0 2.5 2 1 4 5 5
1693.3 4711.7 3.8 96 0 8.0 13.5 5.0 2.5 2 1 2 3 3
1752.5 4716.5 4.5 72 0 13.0 9.6 7.5 2.5 4 0 3 4 4
1740.7 4694.8 3.5 272 0 12.4 8.9 5.0 2.5 2 0 2 0 0
1705.3 4687.1 2.9 273 0 18.5 11.0 7.5 2.5 2 0 3 5 5
1638.4 4679.6 1.2 272 0 15.0 8.9 7.5 2.5 2 0 3 0 0
1669.6 4690.2 2.6 270 0 14.1 8.9 7.5 2.5 2 0 3 3 3
1711.4 4614.3 2.6 4 0 8.3 11.3 10.0 2.5 2 1 4 1 1
1659.8 4594.6 1.7 97 0 7.4 10.7 7.5 2.5 2 1 3 5 5
1525.5 4667.2 -0.7 14 0 7.2 6.8 2.5 2.5 2 0 1 1 1
1548.8 4641.4 -1.1 192 0 13.3 7.8 7.5 2.5 2 0 3 4 4
1529.9 4553.1 -1.9 180 0 9.9 13.1 7.5 2.5 2 1 3 0 0
1365.8 4692.9 -2.7 85 0 13.1 8.3 10.0 2.5 4 0 4 1 1
1354.2 4670.4 -2.8 273 0 11.2 9.2 7.5 2.5 2 0 3 2 2
1323.3 4671.7 -2.1 265 0 9.3 14.7 10.0 2.5 2 1 4 4 4
1302.4 4666.9 -1.0 274 0 8.5 10.4 7.5 2.5 2 1 3 2 2
1272.1 4899.9 3.1 168 0 7.0 12.9 7.5 0.0 0 1 3 5 5
1256.5 4876.7 3.6 353 0 11.8 10.4 7.5 2.5 2 0 3 5 5
1224.6 4873.8 4.6 178 0 7.5 10.6 7.5 2.5 2 1 3 5 5
1006.8 4869.3 3.3 84 0 21.2 10.6 5.0 2.5 4 0 2 2 2
976.4 4762.2 3.9 177 0 8.4 8.0 5.0 2.5 2 0 2 3 3
996.2 4791.9 4.0 273 0 9.4 32.7 7.5 2.5 2 1 3 3 3
1008.6 4788.3 4.4 269 0 9.1 29.7 7.5 2.5 2 1 3 2 2
1027.1 4790.7 5.0 271 0 9.0 30.1 7.5 2.5 4 1 3 3 3
1043.0 4788.8 5.4 272 0 10.1 28.9 15.0 0.0 0 1 6 2 2
1102.6 4814.0 5.6 269 0 8.5 15.4 5.0 2.5 2 1 2 1 1
1165.7 4843.7 5.2 267 0 9.0 18.0 2.5 2.5 4 1 1 3 3
1215.9 4756.6 2.8 101 0 9.3 7.2 10.0 2.5 2 0 4 2 2
1250.1 4733.1 1.5 262 0 12.1 9.6 2.5 2.5 2 0 1 5 5
1208.7 4667.9 2.8 332 0 6.7 8.8 5.0 2.5 2 1 2 4 4
1176.1 4731.2 3.6 253 0 13.2 8.6 7.5 2.5 2 0 3 4 4
1139.4 4725.2 4.1 245 0 12.1 10.4 2.5 2.5 2 0 1 3 3
1121.0 4542.8 3.2 47 0 9.6 19.2 5.0 2.5 2 1 2 4 4
1080.0 4654.3 4.5 225 0 7.1 13.1 10.0 0.0 0 1 4 0 0
1023.9 4597.1 2.8 233 0 9.9 7.0 5.0 2.5 2 0 2 0 0
999.1 4563.3 1.1 235 0 9.8 8.5 7.5 2.5 2 0 3 4 4
993.9 4510.0 -0.7 36 0 10.1 13.0 2.5 2.5 2 1 1 5 5
1041.6 4737.6 5.7 355 0 16.0 8.8 2.5 2.5 2 0 1 2 2
1042.5 4714.2 5.6 358 0 15.2 9.5 5.0 0.0 0 0 2 4 4
1026.0 4722.7 5.3 357 0 32.4 9.7 10.0 2.5 2 0 4 5 5
1064.1 4683.9 5.1 358 0 8.4 14.4 7.5 2.5 4 1 3 4 4
1047.4 4683.8 5.3 358 0 8.0 14.3 5.0 2.5 2 1 2 4 4
1000.9 4739.1 4.6 269 0 16.0 34.3 10.0 2.5 2 1 4 2 2
979.1 4737.5 3.8 267 0 9.4 30.8 7.5 2.5 2 1 3 2 2
975.7 4659.9 4.8 89 0 8.2 11.7 7.5 2.5 2 1 3 5 5
962.3 4730.9 3.2 268 0 9.8 25.4 5.0 2.5 2 1 2 0 0
926.1 4780.7 1.2 263 0 10.4 14.6 5.0 2.5 2 1 2 3 3
904.2 4780.8 0.5 269 0 10.0 15.1 7.5 0.0 0 1 3 0 0
903.4 4736.1 1.2 93 0 9.0 16.0 10.0 2.5 2 1 4 2 2
946.9 4736.2 2.7 269 0 9.7 31.9 12.5 2.5 2 1 5 2 2
949.1 4658.9 3.7 86 0 10.0 32.0 7.5 2.5 2 1 3 5 5
917.7 4680.0 3.1 199 0 31.5 8.6 10.0 2.5 2 0 4 2 2
901.1 4603.2 1.5 267 0 9.1 26.6 7.5 2.5 2 1 3 2 2
897.4 4624.4 2.9 89 0 10.5 22.5 5.0 2.5 4 1 2 2 2
884.2 4612.9 1.6 266 0 10.7 31.1 10.0 0.0 0 1 4 5 5
876.4 4750.3 0.5 269 0 9.0 14.2 5.0 2.5 2 1 2 5 5
832.5 4773.3 -1.3 176 0 13.3 10.8 5.0 2.5 4 0 2 5 5
833.2 4743.3 -0.6 177 0 13.3 8.4 2.5 2.5 2 0 1 2 2
879.8 4696.4 1.5 357 0 12.7 9.1 10.0 0.0 0 0 4 1 1
833.6 4708.2 0.2 177 0 15.0 10.4 2.5 2.5 2 0 1 1 1
803.8 4877.0 -4.1 359 0 19.2 10.6 10.0 2.5 2 0 4 4 4
805.1 4849.9 -3.7 356 0 21.5 11.2 2.5 2.5 2 0 1 1 1
765.2 4886.8 -4.8 269 0 10.1 18.9 10.0 2.5 2 1 4 0 0
771.7 4850.9 -4.4 357 0 19.1 10.9 7.5 2.5 2 0 3 4 4
734.5 4884.9 -5.3 269 0 10.4 17.2 7.5 2.5 2 1 3 3 3
720.8 4816.0 -3.9 176 0 14.2 8.3 7.5 2.5 2 0 3 5 5
744.5 4815.5 -3.1 176 0 13.2 10.0 7.5 2.5 4 0 3 2 2
777.4 4816.9 -2.7 357 0 15.1 10.0 5.0 2.5 2 0 2 5 5
806.3 4817.1 -2.1 1 0 14.5 10.4 7.5 2.5 2 0 3 1 1
808.3 4782.1 -1.1 358 0 13.0 10.6 7.5 2.5 4 0 3 5 5
812.9 4751.8 -0.4 351 0 10.3 13.2 2.5 2.5 2 1 1 0 0
778.3 4781.1 -1.0 354 0 13.2 9.2 7.5 2.5 2 0 3 5 5
728.8 4748.4 -0.5 174 0 8.8 9.1 7.5 2.5 2 1 3 3 3
761.4 4689.5 1.9 87 0 6.7 10.1 5.0 2.5 2 1 2 2 2
739.7 4683.5 1.9 86 0 12.3 19.0 5.0 2.5 2 1 2 2 2
522.6 1206.4 -0.8 183 0 9.8 10.6 5.0 2.5 2 1 2 3 3
308.4 1434.4 -0.2 164 0 9.5 7.7 5.0 2.5 2 0 2 3 3
294.1 1292.2 -0.7 177 0 9.8 11.4 5.0 2.5 2 1 2 3 3
292.2 1242.7 0.3 190 0 12.6 12.6 5.0 2.5 2 1 2 5 5
414.3 1188.4 -0.5 103 0 9.8 8.2 5.0 0.0 0 0 2 0 0
359.0 1196.6 0.3 269 0 8.8 13.3 5.0 2.5 2 1 2 4 4
323.5 1171.1 0.9 70 0 10.0 6.9 7.5 2.5 2 0 3 5 5
283.6 1181.5 1.0 173 0 9.5 9.6 7.5 0.0 0 1 3 4 4
415.0 1142.1 -0.2 270 0 6.2 8.9 2.5 2.5 4 1 1 1 1
392.7 1131.5 -0.4 263 0 14.1 11.6 5.0 2.5 2 0 2 2 2
337.8 1101.5 -1.0 167 0 6.4 9.0 2.5 2.5 2 1 1 5 5
388.8 1077.7 -1.8 344 0 12.0 7.2 5.0 2.5 2 0 2 5 5
329.5 1028.5 -2.9 247 0 14.9 9.9 7.5 2.5 2 0 3 1 1
358.3 1035.4 -2.7 152 0 12.0 9.2 7.5 2.5 2 0 3 5 5
395.0 951.9 -3.2 147 0 8.1 12.5 7.5 2.5 2 1 3 4 4
430.1 870.3 -3.7 154 0 9.5 6.5 10.0 2.5 4 0 4 5 5
606.4 743.3 -1.9 325 0 8.3 6.5 2.5 2.5 2 0 1 3 3
558.9 803.2 -3.5 121 0 12.0 8.6 10.0 2.5 2 0 4 5 5
547.4 781.9 -3.1 218 0 11.0 15.3 7.5 2.5 2 1 3 2 2
569.6 749.5 -2.9 142 0 6.7 7.3 5.0 2.5 2 1 2 4 4
378.9 808.9 -1.4 67 0 11.8 8.3 7.5 2.5 2 0 3 2 2
434.4 809.2 -1.9 240 0 8.0 6.5 5.0 2.5 2 0 2 1 1
350.2 777.8 -0.8 246 0 7.1 8.1 7.5 2.5 2 1 3 5 5
484.0 736.9 -1.2 329 0 9.3 9.7 7.5 2.5 2 1 3 4 4
454.2 700.3 -2.0 24 0 9.4 17.2 7.5 0.0 0 1 3 1 1
298.5 818.9 -0.8 149 0 10.8 9.9 7.5 2.5 2 0 3 2 2
265.3 893.3 -2.4 151 0 9.8 9.1 7.5 2.5 4 0 3 0 0
264.2 869.1 -1.0 164 0 8.9 9.7 5.0 2.5 4 1 2 3 3
261.9 801.2 -1.0 333 0 8.6 7.1 2.5 2.5 2 0 1 1 1
270.8 767.6 -1.2 62 0 9.0 8.3 7.5 0.0 0 0 3 5 5
296.3 750.2 -1.2 244 0 12.6 7.5 5.0 2.5 4 0 2 2 2
283.5 746.0 -1.4 248 0 8.2 7.0 5.0 2.5 2 0 2 5 5
2236.2 4491.3 2.6 70 0 14.3 7.8 7.5 2.5 2 0 3 4 4
2233.7 4452.1 2.7 253 0 9.6 9.2 7.5 2.5 4 0 3 1 1
2628.2 4503.8 4.3 330 0 10.2 12.8 2.5 2.5 4 1 1 5 5
2606.2 4527.2 3.7 323 0 15.8 12.3 7.5 2.5 2 0 3 2 2
2547.3 4587.0 2.1 311 0 10.6 7.4 10.0 2.5 2 0 4 5 5
2375.2 4726.6 2.2 326 0 7.6 6.2 7.5 2.5 2 0 3 0 0
2312.1 4795.0 2.6 315 0 18.8 10.0 10.0 0.0 0 0 4 1 1
2163.7 4920.4 5.2 310 0 11.5 12.8 5.0 2.5 2 1 2 2 2
2122.0 4944.7 6.8 54 0 9.5 8.7 2.5 2.5 2 0 1 1 1
2056.4 4992.4 3.8 56 0 23.3 17.4 12.5 0.0 0 0 5 5 5
1920.7 5186.2 2.2 296 0 7.2 21.8 7.5 2.5 4 1 3 2 2
1971.5 5090.7 3.0 313 0 10.8 14.5 2.5 2.5 2 1 1 3 3
2019.6 5022.7 3.5 42 0 9.2 12.8 7.5 0.0 0 1 3 2 2
1991.7 5007.0 3.0 51 0 8.7 6.1 10.0 2.5 2 0 4 2 2
1969.3 4999.9 2.6 45 0 11.9 8.3 7.5 2.5 2 0 3 2 2
1895.2 5079.2 2.0 139 0 13.6 12.7 5.0 2.5 2 0 2 4 4
1844.6 5030.0 2.0 249 0 8.7 14.6 2.5 2.5 2 1 1 2 2
1647.3 5021.1 0.8 237 0 7.7 8.8 2.5 2.5 2 1 1 3 3
1689.7 5034.1 1.2 236 0 9.6 8.5 5.0 2.5 2 0 2 0 0
1795.1 5062.6 1.8 153 0 11.6 7.9 5.0 2.5 2 0 2 3 3
1812.6 4989.1 1.7 154 0 8.5 10.1 7.5 2.5 2 1 3 0 0
1745.4 5013.0 2.0 333 0 10.6 14.2 2.5 2.5 4 1 1 5 5
1736.3 4943.9 2.1 156 0 10.3 10.0 5.0 2.5 2 0 2 4 4
1865.7 4905.2 5.8 22 0 9.5 14.1 5.0 2.5 2 1 2 4 4
1817.0 4887.1 4.5 68 0 9.3 15.2 7.5 2.5 2 1 3 4 4
2038.8 4672.9 7.2 358 0 9.5 14.2 5.0 2.5 2 1 2 0 0
1920.0 4791.4 9.5 274 0 16.2 28.8 7.5 2.5 4 1 3 3 3
1982.0 4776.1 8.7 2 0 23.1 12.3 12.5 2.5 2 0 5 1 1
1978.0 4727.9 8.8 82 0 19.5 14.4 7.5 2.5 2 0 3 4 4
1988.7 4675.2 8.3 181 0 14.2 14.4 5.0 2.5 2 1 2 0 0
1968.2 4679.7 9.9 1 0 12.1 13.2 7.5 2.5 2 1 3 5 5
1963.0 4595.4 11.6 3 0 17.9 20.6 7.5 2.5 4 1 3 3 3
1903.3 4612.8 12.5 270 0 13.2 16.3 10.0 2.5 2 1 4 4 4
1875.5 4639.7 10.9 357 0 15.1 13.0 7.5 0.0 0 0 3 2 2
1863.2 4602.6 11.8 184 0 15.1 14.6 5.0 0.0 0 0 2 3 3
1835.8 4527.0 8.4 105 0 9.1 10.8 5.0 0.0 0 1 2 0 0
1874.0 4550.2 10.1 0 0 14.5 13.2 2.5 2.5 2 0 1 1 1
2270.3 4479.5 1.4 219 0 11.5 7.5 7.5 2.5 2 0 3 1 1
2208.7 4463.0 3.6 59 0 8.5 11.4 10.0 2.5 2 1 4 1 1
2184.4 4387.1 2.9 135 0 8.8 9.0 2.5 2.5 2 1 1 2 2
2145.7 4384.6 2.6 229 0 10.2 8.6 7.5 0.0 0 0 3 3 3
2918.3 4090.6 9.2 54 0 6.9 8.3 2.5 2.5 2 1 1 4 4
2888.0 4107.8 8.1 233 0 6.7 21.6 5.0 2.5 2 1 2 3 3
2859.4 4081.8 7.9 232 0 7.4 12.7 5.0 2.5 2 1 2 1 1
866.6 5118.2 0.0 281 0 7.2 6.3 5.0 2.5 2 0 2 2 2
811.8 5125.9 -1.6 263 0 8.5 15.2 7.5 2.5 2 1 3 5 5
810.0 5089.5 -1.8 178 0 9.8 11.5 5.0 2.5 2 1 2 1 1
797.7 5056.1 -2.5 181 0 10.4 17.3 5.0 2.5 2 1 2 0 0
802.4 5029.5 -2.2 179 0 16.2 15.0 5.0 2.5 2 0 2 3 3
803.7 4972.6 -1.7 90 0 7.0 14.8 2.5 2.5 4 1 1 2 2
780.5 4982.6 -2.7 180 0 22.5 10.3 7.5 0.0 0 0 3 5 5
771.0 4951.4 -3.2 178 0 9.8 20.9 5.0 2.5 2 1 2 1 1
817.1 4973.6 -1.3 92 0 9.7 20.1 7.5 2.5 2 1 3 2 2
854.7 5059.7 -1.2 354 0 8.6 17.7 2.5 2.5 2 1 1 5 5
881.0 5068.1 -0.1 0 0 31.9 9.4 10.0 2.5 2 0 4 0 0
882.6 4964.9 -0.3 357 0 13.0 38.6 7.5 2.5 2 1 3 0 0
924.4 5010.5 1.1 173 0 17.9 9.5 5.0 2.5 2 0 2 3 3
932.4 5098.4 0.1 89 0 27.5 14.9 12.5 2.5 2 0 5 2 2
931.0 5073.9 0.8 83 0 21.6 10.7 2.5 2.5 2 0 1 1 1
957.2 5074.3 1.5 179 0 23.1 10.6 7.5 2.5 2 0 3 1 1
989.7 5023.4 2.3 359 0 6.8 17.2 5.0 2.5 2 1 2 4 4
976.7 4917.0 2.3 87 0 6.0 13.1 5.0 2.5 2 1 2 1 1
4892.6 3082.9 9.1 140 0 7.5 10.0 7.5 2.5 2 1 3 3 3
4802.5 3141.0 9.5 49 0 9.9 14.8 10.0 0.0 0 1 4 0 0
4759.7 3187.1 9.7 321 0 8.0 10.2 10.0 2.5 2 1 4 1 1
4743.7 3257.0 9.4 167 0 10.3 11.7 7.5 2.5 2 1 3 4 4
4730.4 3351.4 11.2 55 0 8.1 7.7 5.0 2.5 2 0 2 3 3
4748.4 3328.8 10.0 239 0 10.6 9.2 5.0 2.5 2 0 2 5 5
4863.3 3419.3 10.6 71 0 9.6 18.7 5.0 2.5 2 1 2 3 3
5049.5 3473.3 8.8 78 0 8.8 13.0 7.5 2.5 2 1 3 3 3
5072.2 3513.9 9.1 249 0 6.3 9.3 7.5 0.0 0 1 3 3 3
5096.9 3444.9 8.9 253 0 8.8 6.0 10.0 2.5 2 0 4 3 3
1552.0 4319.2 -2.4 272 0 13.6 10.7 2.5 2.5 2 0 1 3 3
1519.5 4325.4 -2.9 245 0 10.6 12.6 7.5 2.5 4 1 3 0 0
1588.6 4228.9 -2.2 183 0 10.6 14.3 7.5 2.5 2 1 3 0 0
1632.7 4225.8 -1.5 84 0 8.4 9.7 7.5 2.5 2 1 3 4 4
1717.5 4238.6 -0.2 4 0 7.9 10.0 7.5 2.5 2 1 3 1 1
4439.2 3061.5 11.2 238 0 12.9 8.1 10.0 0.0 0 0 4 5 5
4521.9 3142.4 12.1 234 0 9.7 8.5 10.0 0.0 0 0 4 2 2
4539.5 3151.7 12.3 233 0 6.5 15.0 5.0 2.5 2 1 2 0 0
4595.2 3157.5 12.7 325 0 8.2 6.0 5.0 2.5 2 0 2 2 2
4630.8 3140.2 12.2 141 0 13.4 7.1 7.5 0.0 0 0 3 4 4
4646.7 3126.0 11.8 136 0 9.4 11.2 7.5 2.5 2 1 3 1 1
4684.1 3125.1 11.3 328 0 7.9 7.6 5.0 2.5 2 0 2 0 0
4681.8 3088.0 10.9 143 0 10.0 9.4 7.5 2.5 2 0 3 5 5
4702.0 3065.2 10.5 139 0 9.8 11.4 7.5 0.0 0 1 3 0 0
4296.9 3096.7 10.4 134 0 6.0 6.0 5.0 2.5 2 1 2 5 5
4313.3 2996.7 7.4 52 0 7.6 9.3 5.0 0.0 0 1 2 5 5
4358.8 3211.0 8.6 224 0 12.4 12.1 7.5 2.5 2 0 3 1 1
4422.2 3137.4 10.2 231 0 13.6 9.3 10.0 0.0 0 0 4 1 1
4363.8 3039.7 10.1 61 0 7.9 12.5 5.0 2.5 2 1 2 5 5
4381.9 3005.3 8.7 233 0 6.8 6.7 5.0 2.5 2 0 2 2 2
4314.3 2936.1 4.5 199 0 10.7 15.5 10.0 2.5 2 1 4 2 2
4217.6 2568.3 5.1 208 0 15.0 7.8 7.5 2.5 2 0 3 1 1
4265.4 2582.5 7.7 281 0 10.5 10.7 7.5 2.5 2 1 3 0 0
4190.1 2471.0 5.6 199 0 7.2 10.5 2.5 2.5 2 1 1 3 3
4183.7 2448.6 5.4 195 0 10.1 16.2 5.0 2.5 2 1 2 4 4
4177.4 2414.7 5.6 191 0 21.2 9.3 7.5 0.0 0 0 3 4 4
4163.3 2353.4 4.4 218 0 11.4 9.0 10.0 2.5 2 0 4 2 2
4157.1 2325.4 3.8 178 0 6.7 8.0 5.0 2.5 2 1 2 1 1
4130.5 2197.9 3.4 178 0 14.8 8.5 5.0 2.5 2 0 2 0 0
4222.3 2048.0 2.1 152 0 9.4 7.6 5.0 2.5 2 0 2 0 0
4242.1 2027.6 2.0 119 0 8.8 10.2 5.0 2.5 2 1 2 2 2
4262.9 2010.4 2.1 143 0 14.7 11.1 7.5 2.5 2 0 3 2 2
4311.8 1975.7 2.9 332 0 9.7 9.2 10.0 2.5 2 0 4 3 3
4364.5 1894.7 2.3 151 0 13.7 13.1 7.5 2.5 2 0 3 5 5
3537.9 969.4 4.4 247 0 17.8 11.2 2.5 2.5 2 0 1 4 4
3508.9 951.3 4.8 198 0 7.0 10.6 10.0 2.5 2 1 4 4 4
3586.3 925.5 2.7 126 0 9.3 19.5 2.5 2.5 2 1 1 4 4
3688.3 886.1 0.9 315 0 8.0 12.0 7.5 2.5 4 1 3 2 2
3711.1 865.1 1.2 315 0 11.4 9.3 7.5 2.5 2 0 3 3 3
3719.0 841.6 1.0 135 0 8.7 11.6 7.5 2.5 4 1 3 5 5
3752.0 837.8 1.1 328 0 10.0 11.5 5.0 2.5 2 1 2 1 1
3859.2 758.0 -0.4 307 0 8.0 9.2 2.5 0.0 0 1 1 2 2
3869.7 733.0 -0.6 315 0 10.2 7.7 7.5 2.5 2 0 3 3 3
3925.7 706.0 2.2 311 0 11.8 8.7 5.0 2.5 2 0 2 2 2
4087.3 503.2 1.5 178 0 9.3 7.7 10.0 2.5 2 0 4 1 1
4114.2 513.4 2.0 84 0 8.1 12.5 5.0 2.5 2 1 2 1 1
4111.3 558.7 2.2 264 0 9.6 12.9 7.5 2.5 2 1 3 3 3
4151.0 514.2 2.2 84 0 9.1 15.8 7.5 2.5 2 1 3 0 0
4146.4 562.7 2.2 264 0 7.5 14.4 7.5 2.5 2 1 3 1 1
4182.3 560.9 2.2 354 0 12.0 10.2 7.5 2.5 2 0 3 1 1
4172.0 382.1 -0.3 84 0 9.7 27.5 7.5 2.5 2 1 3 5 5
4187.6 386.5 0.0 94 0 9.2 29.9 10.0 2.5 2 1 4 1 1
4186.0 440.9 0.8 341 0 21.4 14.3 7.5 2.5 4 0 3 1 1
4225.6 451.4 1.6 184 0 25.0 9.8 5.0 2.5 2 0 2 5 5
4255.2 501.3 1.1 354 0 19.3 7.1 5.0 2.5 2 0 2 0 0
4253.1 524.0 0.9 357 0 19.1 8.8 10.0 2.5 2 0 4 4 4
4207.0 669.9 0.7 206 0 9.7 13.5 2.5 2.5 2 1 1 4 4
4231.2 854.8 -1.8 21 0 6.4 13.2 7.5 2.5 2 1 3 1 1
4248.2 946.3 -1.4 18 0 11.0 15.2 7.5 2.5 2 1 3 0 0
4243.6 910.9 -1.9 0 0 11.2 8.5 7.5 2.5 2 0 3 2 2
4232.7 756.8 -0.4 206 0 7.8 11.3 2.5 0.0 0 1 1 5 5
4259.2 836.2 -2.2 181 0 9.1 9.4 7.5 2.5 2 1 3 5 5
4275.0 894.7 -2.2 209 0 10.7 9.7 5.0 2.5 4 0 2 0 0
4276.9 918.9 -1.8 198 0 10.2 16.9 2.5 2.5 2 1 1 3 3
4459.7 877.7 -3.1 291 0 10.7 7.3 7.5 2.5 4 0 3 5 5
4481.6 902.4 -2.3 108 0 7.8 6.6 7.5 2.5 2 0 3 2 2
4419.5 1050.9 -0.0 0 0 9.8 8.2 10.0 2.5 2 0 4 4 4
4314.3 947.6 -1.6 111 0 8.3 15.1 5.0 2.5 2 1 2 4 4
4351.4 1075.7 0.9 271 0 9.7 8.5 7.5 2.5 2 0 3 0 0
2816.1 6872.7 3.4 323 0 14.7 11.8 5.0 2.5 2 0 2 4 4
2841.8 6818.1 4.5 342 0 10.1 10.2 7.5 2.5 2 1 3 0 0
2878.2 6809.9 5.4 140 0 9.6 9.2 10.0 2.5 2 0 4 5 5
2891.1 6784.4 4.6 146 0 15.1 10.0 10.0 2.5 2 0 4 0 0
2911.3 6754.8 3.8 158 0 7.1 9.5 5.0 2.5 2 1 2 5 5
2899.5 6658.9 2.9 159 0 12.5 8.8 10.0 2.5 4 0 4 0 0
2943.9 6629.3 4.1 20 0 7.4 6.9 7.5 2.5 2 0 3 0 0
2948.8 6600.7 4.8 9 0 7.6 13.1 5.0 2.5 2 1 2 5 5
2954.3 6689.0 2.5 141 0 14.0 8.4 5.0 2.5 2 0 2 0 0
2986.8 6614.3 4.0 270 0 7.3 8.9 7.5 2.5 2 1 3 3 3
3048.5 6620.3 4.2 256 0 13.9 8.4 10.0 0.0 0 0 4 3 3
3077.2 6625.2 4.7 276 0 8.9 9.0 7.5 2.5 4 1 3 3 3
3130.6 6650.4 5.1 86 0 9.4 7.7 10.0 0.0 0 0 4 0 0
3219.9 6656.6 2.0 87 0 11.8 15.4 5.0 0.0 0 1 2 4 4
3271.4 6667.7 0.7 104 0 11.2 8.1 5.0 0.0 0 0 2 2 2
3241.4 6636.6 1.1 263 0 12.1 10.1 2.5 2.5 2 0 1 3 3
3273.0 6638.4 1.2 260 0 8.8 10.5 10.0 2.5 2 1 4 5 5
4525.3 763.0 -4.1 11 0 9.1 9.3 5.0 2.5 2 1 2 1 1
4476.1 726.1 -3.2 190 0 14.1 10.6 2.5 2.5 2 0 1 1 1
4249.7 994.4 -0.6 268 0 8.8 10.0 2.5 2.5 2 1 1 5 5
2055.7 -274.0 -4.0 270 0 6.8 17.1 5.0 2.5 2 1 2 5 5
2121.7 -383.5 -4.1 359 0 10.8 22.2 7.5 2.5 2 1 3 5 5
2129.0 -415.7 -3.9 0 0 14.0 6.9 7.5 2.5 2 0 3 0 0
2039.7 -386.2 -4.6 184 0 9.0 20.8 10.0 0.0 0 1 4 2 2
1987.2 -402.6 -5.4 288 0 10.7 30.7 12.5 2.5 2 1 5 3 3
1814.1 -404.1 -8.6 274 0 10.3 7.9 10.0 2.5 2 0 4 5 5
1821.2 -369.0 -8.4 89 0 7.2 8.2 7.5 2.5 2 1 3 0 0
1862.9 -372.9 -6.8 92 0 10.9 10.3 5.0 2.5 2 0 2 5 5
1846.2 -376.0 -7.5 91 0 11.0 16.0 5.0 2.5 2 1 2 4 4
1910.6 -555.1 -5.7 271 0 10.0 9.0 5.0 0.0 0 0 2 2 2
1946.5 -466.7 -6.6 176 0 9.0 9.7 2.5 2.5 4 1 1 4 4
1932.3 -478.6 -6.7 339 0 7.7 7.7 7.5 2.5 2 1 3 4 4
1962.5 -510.2 -5.4 177 0 9.3 6.2 5.0 2.5 4 0 2 5 5
1975.2 -546.6 -4.8 263 0 8.3 12.4 10.0 0.0 0 1 4 1 1
2021.2 -521.6 -4.8 88 0 8.8 11.4 5.0 2.5 2 1 2 3 3
2031.7 -538.3 -4.0 265 0 10.6 15.1 10.0 2.5 2 1 4 0 0
2051.5 -510.1 -4.6 87 0 10.7 7.7 7.5 2.5 2 0 3 4 4
2107.1 -495.1 -4.4 77 0 14.5 7.9 7.5 2.5 2 0 3 5 5
2131.8 -532.0 -3.1 280 0 10.1 11.9 7.5 2.5 2 1 3 4 4
2133.5 -497.6 -4.1 79 0 8.8 13.0 5.0 2.5 2 1 2 0 0
2166.1 -506.0 -3.0 88 0 9.8 6.9 2.5 2.5 2 0 1 2 2
2177.0 -523.7 -3.3 265 0 7.2 11.7 7.5 2.5 2 1 3 0 0
2196.3 -495.6 -3.1 80 0 13.4 8.2 7.5 2.5 2 0 3 0 0
2212.8 -404.7 -0.9 345 0 10.2 10.0 7.5 2.5 2 0 3 3 3
2216.9 -438.9 -2.3 359 0 8.5 11.6 5.0 2.5 4 1 2 1 1
2248.4 -507.7 -3.8 91 0 7.0 9.2 10.0 2.5 2 1 4 4 4
2238.4 -477.2 -3.2 190 0 7.8 7.3 7.5 0.0 0 0 3 1 1
2238.6 -489.3 -3.5 182 0 7.8 14.0 7.5 2.5 2 1 3 2 2
2240.7 -521.9 -4.0 259 0 8.1 13.5 7.5 0.0 0 1 3 4 4
2320.3 -521.4 -4.0 266 0 11.9 10.1 5.0 2.5 4 0 2 1 1
2225.8 -378.1 0.6 179 0 11.9 8.4 5.0 2.5 4 0 2 2 2
2274.7 -323.5 0.1 96 0 13.9 8.0 2.5 2.5 2 0 1 5 5
2311.4 -275.4 -1.1 354 0 9.4 12.1 5.0 2.5 2 1 2 3 3
2257.0 -196.0 -3.3 75 0 12.7 6.4 7.5 2.5 2 0 3 2 2
2268.7 -219.6 -2.7 293 0 8.8 15.4 5.0 2.5 2 1 2 1 1
2219.9 -295.1 -0.7 169 0 13.1 8.1 5.0 2.5 4 0 2 0 0
2225.8 -316.9 -0.3 179 0 10.0 11.6 7.5 2.5 2 1 3 4 4
2239.3 -357.1 0.7 86 0 8.0 12.1 5.0 2.5 2 1 2 3 3
1782.0 -284.7 -8.3 277 0 11.1 7.4 2.5 2.5 4 0 1 1 1
1796.2 -273.4 -8.0 264 0 10.6 7.6 7.5 2.5 2 0 3 5 5
1824.6 -299.5 -8.2 251 0 7.9 6.2 5.0 2.5 2 0 2 3 3
1821.6 -270.5 -7.9 269 0 7.2 13.8 7.5 2.5 2 1 3 2 2
1855.9 -285.3 -7.4 261 0 10.9 7.5 7.5 2.5 2 0 3 1 1
1879.2 -269.8 -6.9 262 0 7.6 7.8 7.5 2.5 2 1 3 0 0
1910.4 -235.4 -5.5 85 0 8.1 11.6 5.0 2.5 4 1 2 0 0
1951.4 -209.5 -4.8 352 0 11.1 9.2 7.5 2.5 2 0 3 5 5
1983.7 -281.1 -5.1 270 0 7.2 9.2 5.0 2.5 2 1 2 0 0
1985.6 -361.6 -4.2 179 0 10.0 15.0 7.5 2.5 2 1 3 0 0
2039.8 -359.1 -4.6 174 0 11.8 6.5 2.5 2.5 2 0 1 4 4
2065.7 -354.2 -4.7 190 0 16.8 9.7 7.5 2.5 2 0 3 5 5
2103.0 -348.5 -3.5 276 0 6.7 10.3 10.0 2.5 2 1 4 3 3
2147.7 -351.2 -1.8 346 0 11.9 9.8 10.0 2.5 2 0 4 1 1
2164.7 -352.8 -1.0 350 0 11.7 7.7 7.5 2.5 2 0 3 0 0
2199.8 -336.1 0.5 355 0 12.3 6.5 7.5 2.5 2 0 3 4 4
2212.0 -347.9 0.5 6 0 19.0 8.1 5.0 2.5 2 0 2 0 0
2119.9 -259.6 -1.8 197 0 11.3 7.4 5.0 2.5 4 0 2 5 5
2115.8 -237.5 -1.9 178 0 12.7 11.0 5.0 0.0 0 0 2 5 5
2146.1 -280.9 -1.3 354 0 8.2 10.5 2.5 2.5 2 1 1 0 0
2155.8 -248.9 -0.9 359 0 8.2 9.1 7.5 2.5 2 1 3 2 2
2314.7 -64.7 -2.1 177 0 7.2 7.9 10.0 2.5 2 1 4 5 5
2307.7 -81.4 -2.3 163 0 7.8 6.5 10.0 2.5 2 0 4 1 1
2366.2 -179.8 -1.5 84 0 10.5 7.6 7.5 2.5 2 0 3 3 3
2374.4 -41.6 -1.7 293 0 10.5 9.5 7.5 2.5 2 0 3 2 2
2436.0 -74.9 -0.3 352 0 7.5 8.7 5.0 2.5 2 1 2 2 2
2395.2 -89.5 -0.5 178 0 10.7 14.4 5.0 2.5 2 1 2 3 3
2401.9 -119.2 -0.2 172 0 10.2 14.3 7.5 2.5 2 1 3 0 0
2408.3 -184.7 -0.1 90 0 13.1 10.6 7.5 2.5 2 0 3 0 0
2464.2 -127.0 -0.1 168 0 6.7 10.2 5.0 2.5 2 1 2 1 1
2465.5 -152.8 -0.4 170 0 9.6 6.4 2.5 2.5 2 0 1 0 0
2783.1 -536.1 -1.4 294 0 8.0 14.2 2.5 2.5 2 1 1 2 2
2762.2 -531.9 -1.2 305 0 7.2 6.1 7.5 2.5 2 0 3 2 2
2723.5 -559.0 -1.2 125 0 7.2 6.1 5.0 0.0 0 0 2 5 5
2682.1 -500.3 -0.5 306 0 7.7 7.4 10.0 2.5 2 0 4 2 2
2662.8 -532.9 -0.6 118 0 6.2 7.7 5.0 2.5 2 1 2 3 3
2456.8 -367.6 -0.3 175 0 13.6 10.6 7.5 2.5 2 0 3 5 5
2461.9 -419.7 0.4 183 0 15.0 7.6 7.5 2.5 2 0 3 0 0
2500.7 -420.3 0.3 359 0 12.9 9.0 5.0 2.5 2 0 2 0 0
2474.8 -452.9 0.7 177 0 20.0 8.1 7.5 2.5 2 0 3 0 0
2497.1 -502.4 0.0 12 0 8.9 8.6 7.5 2.5 2 0 3 0 0
2398.9 -525.7 -3.4 262 0 7.0 11.9 7.5 2.5 2 1 3 1 1
2416.0 -554.4 -3.4 89 0 8.7 8.0 5.0 2.5 2 0 2 5 5
2376.8 -535.7 -3.9 260 0 9.9 8.4 7.5 2.5 2 0 3 5 5
2382.2 -459.6 -0.5 88 0 8.8 31.9 10.0 2.5 2 1 4 1 1
2394.4 -398.1 1.1 257 0 10.6 19.8 5.0 2.5 2 1 2 2 2
2405.3 -443.9 -0.3 2 0 32.1 9.7 10.0 2.5 2 0 4 2 2
4484.4 3304.0 11.7 223 0 8.4 6.4 5.0 2.5 2 0 2 3 3
4518.1 3343.2 12.2 234 0 9.1 10.7 5.0 2.5 2 1 2 4 4
4570.2 3328.3 12.0 213 0 7.7 7.5 10.0 2.5 2 0 4 2 2
4632.3 3277.8 11.5 324 0 9.5 6.1 7.5 2.5 2 0 3 5 5
4488.4 3152.9 11.1 50 0 11.0 7.3 5.0 2.5 2 0 2 0 0
5729.6 -1909.6 1.5 48 0 7.7 9.7 7.5 2.5 2 1 3 2 2
5661.4 -1866.2 0.3 225 0 8.5 9.7 5.0 2.5 2 1 2 2 2
5652.5 -1986.2 0.1 42 0 7.5 14.0 5.0 2.5 4 1 2 1 1
5640.2 -2003.1 -0.1 134 0 7.6 12.2 7.5 2.5 2 1 3 0 0
5576.3 -1987.3 -2.1 70 0 10.6 9.7 7.5 2.5 2 0 3 3 3
5524.9 -1972.6 -3.7 214 0 8.0 10.5 7.5 2.5 2 1 3 3 3
4166.7 1001.0 -1.6 2 0 10.8 7.9 7.5 2.5 2 0 3 3 3
4344.7 890.6 -2.0 295 0 7.9 6.3 7.5 2.5 2 0 3 2 2
5774.1 -1872.2 2.1 43 0 9.7 12.4 5.0 0.0 0 1 2 3 3
5762.2 -1882.1 1.9 41 0 9.2 13.3 7.5 2.5 2 1 3 5 5
5744.0 -1863.5 1.7 314 0 13.2 7.4 5.0 2.5 2 0 2 3 3
5754.6 -1892.0 1.8 40 0 7.8 15.3 7.5 0.0 0 1 3 3 3
