4110.9 -3598.6 5.8 45 0 9.8 8.3 7.5 2.5 2 0 3 3 3
1336.5 -1981.0 4.5 2 0 10.0 10.9 5.0 0.0 0 1 2 3 3
1332.7 -2051.4 6.3 182 0 9.9 9.1 7.5 2.5 2 0 3 4 4
1392.4 -2111.8 5.3 287 0 10.9 13.0 5.0 2.5 2 1 2 4 4
1409.8 -1998.4 4.1 196 0 10.5 8.0 7.5 2.5 2 0 3 4 4
-2174.8 -1574.3 -5.7 289 0 18.2 24.3 10.0 2.5 2 0 4 0 0
-1163.4 -1646.2 -4.9 56 0 9.6 12.0 10.0 2.5 2 1 4 1 1
-899.9 -1440.6 -6.7 7 0 13.9 14.5 5.0 2.5 2 0 2 3 3
-2319.2 -1718.4 -1.0 169 0 22.2 29.9 7.5 0.0 0 1 3 2 2
-2208.4 -1903.1 -0.5 18 0 12.7 11.2 7.5 2.5 2 0 3 3 3
-2268.1 -1879.7 -0.3 146 0 13.1 18.6 5.0 2.5 2 1 2 1 1
-2241.6 -1822.7 0.2 236 0 11.8 21.5 10.0 2.5 4 1 4 1 1
-2176.7 -1855.6 -2.5 7 0 19.6 16.2 10.0 2.5 2 0 4 2 2
-2195.6 -1802.5 -1.6 7 0 15.3 8.7 10.0 2.5 2 0 4 0 0
-2189.2 -1759.1 -2.8 277 0 17.0 19.1 10.0 2.5 2 1 4 3 3
-2240.8 -1693.0 -0.8 277 0 16.0 18.9 10.0 0.0 0 1 4 4 4
-2246.2 -1597.1 -4.2 109 0 9.1 14.2 5.0 2.5 2 1 2 5 5
-2183.5 -1653.9 -2.9 99 0 16.7 17.0 10.0 2.5 2 1 4 0 0
-851.5 -1542.1 -2.3 270 0 15.6 8.6 5.0 2.5 2 0 2 4 4
-819.9 -1584.9 -1.4 83 0 10.7 12.5 5.0 2.5 2 1 2 3 3
-771.8 -1613.3 -0.9 101 0 10.1 10.5 7.5 2.5 2 1 3 2 2
-704.0 -1628.8 -2.3 112 0 13.3 7.1 7.5 2.5 4 0 3 0 0
-648.5 -1624.1 0.2 294 0 13.2 9.9 7.5 2.5 2 0 3 3 3
-608.1 -1654.2 -0.9 95 0 10.9 11.8 7.5 2.5 2 1 3 4 4
-612.2 -1667.4 -0.7 90 0 12.5 9.3 5.0 2.5 2 0 2 3 3
-586.2 -1672.0 -0.6 89 0 15.3 10.6 7.5 2.5 4 0 3 5 5
-540.4 -1674.4 -0.4 86 0 11.4 10.7 5.0 2.5 2 0 2 1 1
-472.9 -1612.5 -1.8 146 0 10.5 11.0 7.5 2.5 2 1 3 1 1
-457.3 -1726.8 1.0 95 0 6.7 12.8 10.0 2.5 4 1 4 3 3
-447.8 -1677.8 0.6 323 0 13.0 9.3 7.5 2.5 4 0 3 4 4
-520.1 -1741.9 -0.6 183 0 11.8 9.7 7.5 2.5 2 0 3 1 1
-535.6 -1890.9 -2.7 212 0 9.6 12.8 7.5 2.5 2 1 3 3 3
-496.6 -1911.5 -3.1 25 0 11.7 10.7 7.5 2.5 2 0 3 3 3
-455.6 -1865.3 -3.2 275 0 9.4 13.0 7.5 2.5 4 1 3 5 5
-443.2 -1790.8 -1.5 166 0 13.8 10.9 10.0 2.5 2 0 4 4 4
-390.2 -1899.7 -4.0 86 0 10.4 9.5 5.0 2.5 2 0 2 1 1
-403.8 -1873.2 -3.7 276 0 11.2 12.1 7.5 0.0 0 1 3 4 4
-321.1 -1753.2 -0.1 143 0 10.7 14.4 7.5 2.5 2 1 3 4 4
-260.5 -1780.4 -0.4 96 0 8.6 13.4 7.5 2.5 2 1 3 5 5
-210.0 -1779.6 -1.0 358 0 8.0 8.2 7.5 2.5 2 1 3 4 4
-219.2 -1835.0 -3.4 167 0 7.9 16.6 5.0 2.5 2 1 2 1 1
-251.2 -2094.1 -5.1 97 0 17.9 13.9 5.0 2.5 2 0 2 1 1
-211.1 -2116.5 -2.9 110 0 11.2 7.9 7.5 2.5 2 0 3 0 0
-166.6 -2096.0 -1.8 315 0 9.2 15.4 7.5 0.0 0 1 3 2 2
-123.4 -2078.5 -1.4 274 0 8.5 8.0 5.0 2.5 2 0 2 3 3
-92.1 -2072.7 -1.6 249 0 11.4 13.8 10.0 2.5 2 1 4 2 2
31.5 -2031.4 -0.2 82 0 10.1 19.3 7.5 2.5 2 1 3 5 5
136.5 -2034.7 0.1 182 0 10.2 7.9 5.0 2.5 4 0 2 4 4
140.9 -2058.4 -1.0 106 0 8.3 8.7 5.0 0.0 0 1 2 0 0
182.9 -2048.5 -1.1 293 0 12.1 13.3 10.0 2.5 2 1 4 0 0
141.3 -2090.9 -2.5 270 0 11.7 14.8 5.0 2.5 2 1 2 5 5
88.6 -2084.2 -2.1 265 0 12.4 13.9 7.5 2.5 2 1 3 3 3
-15.5 -2127.0 -3.7 90 0 11.7 11.8 7.5 2.5 2 1 3 3 3
-37.4 -2053.2 -2.3 265 0 14.1 16.5 5.0 2.5 2 1 2 2 2
19.3 -2059.9 -2.0 257 0 13.4 16.3 5.0 2.5 2 1 2 2 2
-207.3 -2004.5 -4.4 92 0 9.7 19.3 7.5 2.5 2 1 3 1 1
-179.8 -2012.9 -3.5 151 0 10.7 12.8 10.0 2.5 4 1 4 2 2
-58.7 -1960.5 -1.8 268 0 9.4 11.7 5.0 2.5 2 1 2 2 2
-32.8 -2013.9 -1.0 108 0 12.4 11.8 7.5 2.5 4 0 3 4 4
24.7 -1939.1 -1.4 166 0 7.1 9.8 5.0 2.5 2 1 2 5 5
49.8 -1887.8 -1.6 275 0 7.4 11.5 7.5 2.5 2 1 3 0 0
148.9 -1946.0 1.3 38 0 13.8 20.3 10.0 2.5 2 1 4 2 2
148.1 -1853.3 -0.2 138 0 8.8 12.9 7.5 2.5 2 1 3 1 1
210.9 -1840.1 0.7 53 0 9.4 10.7 10.0 2.5 2 1 4 2 2
251.2 -1912.6 3.2 87 0 6.5 7.1 7.5 2.5 2 1 3 4 4
302.4 -1896.2 3.5 350 0 16.5 17.1 7.5 2.5 2 1 3 3 3
273.9 -1839.1 1.8 341 0 10.0 12.7 2.5 0.0 0 1 1 4 4
294.8 -1808.6 1.5 277 0 15.4 14.3 5.0 2.5 2 0 2 1 1
328.3 -1796.8 1.6 255 0 9.1 13.5 5.0 2.5 2 1 2 3 3
384.4 -1792.8 2.5 293 0 6.1 13.7 5.0 2.5 2 1 2 0 0
422.0 -1672.9 1.0 168 0 14.2 6.2 10.0 2.5 2 0 4 1 1
501.3 -1721.5 3.6 306 0 16.2 11.9 10.0 2.5 2 0 4 1 1
498.6 -1784.8 1.6 144 0 8.6 11.2 7.5 2.5 2 1 3 5 5
561.8 -1896.1 0.3 97 0 19.0 13.1 7.5 2.5 2 0 3 2 2
538.3 -1827.3 0.3 0 0 8.9 11.7 5.0 2.5 4 1 2 1 1
575.6 -1745.7 1.4 310 0 11.5 8.7 7.5 2.5 2 0 3 5 5
623.4 -1802.0 0.3 335 0 14.9 11.0 2.5 2.5 2 0 1 0 0
668.0 -1843.2 0.3 331 0 12.8 11.1 7.5 2.5 2 0 3 0 0
655.9 -1849.6 0.3 325 0 7.2 9.5 10.0 2.5 2 1 4 5 5
598.7 -1867.7 0.3 233 0 8.4 14.3 7.5 2.5 2 1 3 0 0
1318.0 -2213.2 2.2 37 0 11.2 12.4 5.0 2.5 2 1 2 1 1
1131.3 -2178.4 0.8 270 0 11.4 11.8 5.0 2.5 4 1 2 4 4
1170.6 -2209.9 0.5 97 0 21.5 14.7 7.5 2.5 2 0 3 1 1
1097.5 -2208.0 -0.2 90 0 7.9 7.4 7.5 2.5 4 0 3 2 2
1067.9 -2203.8 -0.9 90 0 9.1 13.0 5.0 2.5 4 1 2 0 0
1046.1 -2171.5 -1.5 187 0 6.9 25.0 5.0 2.5 2 1 2 2 2
960.4 -2100.6 -0.5 51 0 11.4 9.0 7.5 2.5 2 0 3 5 5
979.3 -2182.5 -0.8 270 0 11.7 8.9 7.5 2.5 2 0 3 0 0
981.3 -2208.6 -0.8 90 0 7.3 11.8 10.0 2.5 2 1 4 2 2
946.6 -2170.7 0.5 270 0 9.7 17.1 5.0 2.5 2 1 2 3 3
932.1 -2220.1 0.8 90 0 9.4 8.3 5.0 2.5 2 0 2 3 3
898.0 -2142.6 0.2 272 0 15.9 16.1 10.0 2.5 2 1 4 0 0
847.9 -2155.3 -1.5 169 0 16.9 15.0 5.0 2.5 2 0 2 2 2
873.8 -1941.8 -1.4 39 0 18.8 17.6 12.5 2.5 2 0 5 1 1
1022.6 -2015.7 -2.4 164 0 14.5 11.6 5.0 0.0 0 0 2 5 5
1082.1 -2054.4 -1.0 75 0 13.3 16.5 7.5 2.5 2 1 3 4 4
1080.3 -2016.7 -0.7 12 0 12.4 11.5 7.5 2.5 2 0 3 1 1
1241.8 -2031.2 4.8 185 0 12.5 13.1 7.5 2.5 2 1 3 1 1
1174.8 -2118.0 2.4 140 0 8.8 11.5 5.0 2.5 2 1 2 4 4
1228.2 -2129.1 4.8 16 0 11.0 9.9 7.5 2.5 2 0 3 4 4
1297.4 -2071.1 6.5 4 0 16.3 9.2 5.0 2.5 2 0 2 2 2
1171.1 -1903.2 1.8 83 0 14.8 17.8 10.0 2.5 2 1 4 4 4
1285.0 -1939.5 2.1 356 0 23.1 12.3 7.5 2.5 2 0 3 3 3
1254.5 -1860.4 3.3 316 0 12.9 14.6 5.0 0.0 0 1 2 4 4
1107.8 -1836.7 2.0 13 0 11.7 12.7 5.0 2.5 2 1 2 5 5
1092.5 -1791.0 1.7 262 0 7.4 8.9 7.5 0.0 0 1 3 1 1
1143.7 -1804.2 3.0 332 0 19.4 10.8 10.0 2.5 2 0 4 5 5
1239.0 -1757.9 6.4 75 0 8.6 9.5 10.0 2.5 2 1 4 5 5
1372.4 -1859.7 5.5 146 0 13.2 7.3 5.0 2.5 2 0 2 5 5
1407.4 -1705.9 9.0 3 0 8.1 6.0 2.5 2.5 2 0 1 0 0
1976.7 -1596.0 9.2 183 0 6.3 7.3 5.0 2.5 2 1 2 3 3
1969.6 -1629.8 9.1 178 0 11.3 10.6 7.5 2.5 2 0 3 4 4
1861.9 -1583.6 8.1 85 0 11.6 14.5 7.5 2.5 2 1 3 5 5
1966.1 -1424.8 9.5 336 0 11.6 15.0 2.5 2.5 2 1 1 4 4
2061.2 -1561.9 11.0 102 0 8.8 13.9 5.0 0.0 0 1 2 0 0
2215.1 -1521.0 10.6 91 0 7.6 8.0 7.5 2.5 2 1 3 2 2
2321.9 -1510.6 13.4 166 0 18.6 14.9 12.5 2.5 2 0 5 1 1
2323.4 -1453.6 13.1 262 0 17.7 13.3 5.0 0.0 0 0 2 0 0
2386.9 -1475.7 15.3 87 0 10.1 14.8 7.5 2.5 2 1 3 2 2
2496.5 -1461.9 15.8 85 0 14.6 11.1 7.5 2.5 2 0 3 1 1
2556.0 -1550.4 15.1 95 0 10.3 11.1 7.5 2.5 2 1 3 5 5
2566.0 -1505.2 15.9 332 0 9.7 20.8 7.5 2.5 4 1 3 4 4
2651.8 -1608.4 13.1 89 0 17.2 8.3 5.0 2.5 2 0 2 2 2
2721.7 -1672.3 12.6 71 0 12.9 16.9 7.5 2.5 2 1 3 0 0
2710.2 -1618.0 14.4 185 0 15.4 6.7 7.5 2.5 4 0 3 3 3
2705.5 -1573.9 14.6 187 0 13.8 17.7 2.5 2.5 2 1 1 5 5
2715.5 -1494.2 16.4 76 0 10.0 16.2 7.5 2.5 2 1 3 0 0
2709.6 -1445.6 16.3 163 0 15.1 9.2 5.0 2.5 2 0 2 0 0
2699.7 -1415.1 16.2 165 0 7.0 12.3 7.5 2.5 2 1 3 3 3
2786.2 -1554.2 16.9 71 0 9.0 13.5 5.0 2.5 2 1 2 5 5
2887.0 -1527.8 13.6 150 0 11.0 8.8 5.0 2.5 2 0 2 2 2
2908.4 -1588.6 13.6 71 0 8.4 10.2 5.0 2.5 2 1 2 5 5
2956.6 -1608.4 13.6 87 0 6.8 10.7 7.5 2.5 2 1 3 5 5
2945.0 -1495.2 12.9 277 0 9.2 13.6 5.0 2.5 2 1 2 2 2
2902.9 -1438.4 15.2 208 0 8.3 9.8 5.0 2.5 2 1 2 0 0
3020.5 -1421.2 11.8 200 0 12.7 7.8 5.0 2.5 2 0 2 0 0
3117.3 -1435.4 13.4 315 0 16.7 20.4 7.5 2.5 2 1 3 2 2
3114.8 -1509.1 13.4 157 0 11.2 11.8 5.0 0.0 0 1 2 5 5
3144.4 -1518.4 13.7 323 0 13.9 18.4 5.0 2.5 2 1 2 3 3
3144.4 -1483.5 13.6 347 0 13.3 29.6 10.0 2.5 2 1 4 1 1
3229.3 -1662.2 16.4 132 0 8.3 9.8 5.0 2.5 4 1 2 3 3
3227.0 -1604.6 16.6 177 0 16.3 12.9 7.5 0.0 0 0 3 4 4
3279.5 -1606.6 14.3 351 0 10.8 8.2 2.5 2.5 4 0 1 5 5
3721.5 -1443.8 6.5 100 0 8.8 10.8 5.0 2.5 2 1 2 0 0
3498.3 -1576.9 7.3 253 0 6.5 7.1 2.5 2.5 2 1 1 2 2
3371.2 -1574.6 10.5 134 0 11.0 9.6 7.5 2.5 2 0 3 3 3
3423.9 -1522.1 9.0 346 0 14.0 17.1 10.0 2.5 2 1 4 4 4
3374.6 -1511.4 10.6 274 0 10.2 13.9 7.5 2.5 2 1 3 4 4
3226.7 -1455.7 14.8 357 0 12.1 10.7 5.0 2.5 2 0 2 0 0
3168.9 -1411.0 14.6 190 0 9.2 11.9 7.5 2.5 2 1 3 1 1
3211.5 -1411.1 13.8 275 0 17.7 19.3 7.5 2.5 2 1 3 1 1
3447.7 -1438.5 8.7 51 0 7.0 8.0 2.5 2.5 2 1 1 4 4
3412.2 -1421.8 9.7 247 0 16.7 6.1 10.0 2.5 4 0 4 3 3
3478.0 -1409.5 8.1 353 0 9.2 13.7 2.5 2.5 2 1 1 4 4
3539.3 -1425.6 6.8 258 0 8.6 17.2 10.0 2.5 2 1 4 5 5
3560.5 -1509.1 6.5 91 0 11.4 19.8 7.5 2.5 2 1 3 0 0
3855.3 -1488.9 2.5 179 0 21.9 15.8 7.5 2.5 2 0 3 0 0
3922.0 -1476.3 5.1 269 0 12.7 15.6 5.0 2.5 2 1 2 1 1
4040.0 -1585.7 7.1 75 0 12.2 16.2 7.5 2.5 2 1 3 4 4
4082.4 -1427.9 9.2 67 0 18.8 13.1 5.0 2.5 2 0 2 2 2
4159.8 -1422.7 7.6 45 0 13.4 22.7 12.5 2.5 2 1 5 2 2
4127.0 -1563.5 6.5 67 0 12.4 13.5 5.0 2.5 2 1 2 3 3
4282.5 -1535.3 9.6 135 0 6.7 14.2 7.5 2.5 2 1 3 3 3
4413.7 -1587.6 10.4 185 0 14.8 10.8 2.5 2.5 2 0 1 5 5
4503.4 -1516.6 9.9 259 0 16.4 15.6 10.0 2.5 2 0 4 1 1
4438.6 -1494.8 8.3 49 0 20.6 18.0 10.0 0.0 0 0 4 0 0
4505.1 -1482.8 9.6 82 0 14.9 8.4 5.0 2.5 4 0 2 2 2
4612.1 -1478.9 8.8 240 0 10.6 10.8 5.0 2.5 2 1 2 5 5
-1312.0 -1113.2 -4.5 266 0 6.9 11.9 2.5 2.5 2 1 1 2 2
-1258.6 -1073.8 -4.2 73 0 11.8 6.8 7.5 2.5 2 0 3 2 2
-1228.8 -958.6 -1.8 70 0 6.8 8.5 7.5 2.5 4 1 3 5 5
-1262.0 -962.7 -0.7 17 0 8.2 12.2 7.5 2.5 2 1 3 2 2
-1737.0 -685.6 -2.6 79 0 9.7 13.5 10.0 2.5 2 1 4 1 1
-1524.6 -788.7 -3.2 88 0 14.5 10.6 5.0 2.5 2 0 2 4 4
-1364.5 -1112.7 -3.4 303 0 10.1 6.4 7.5 2.5 4 0 3 2 2
-1409.9 -1090.9 -2.8 287 0 10.3 7.6 7.5 2.5 2 0 3 0 0
-1492.4 -1054.0 -2.5 298 0 12.8 6.9 7.5 2.5 2 0 3 5 5
-1307.9 -865.4 -1.0 354 0 8.3 11.5 5.0 2.5 2 1 2 2 2
-1317.2 -793.8 -2.6 281 0 9.7 11.9 10.0 0.0 0 1 4 3 3
-1338.8 -591.8 -0.8 91 0 10.5 20.6 5.0 2.5 2 1 2 0 0
-1314.9 -441.6 -2.6 187 0 6.8 10.0 5.0 2.5 4 1 2 4 4
-1396.6 -503.8 -1.6 133 0 17.3 11.9 5.0 2.5 2 0 2 2 2
-1412.8 -614.3 -2.9 16 0 9.0 12.7 10.0 2.5 2 1 4 1 1
-1464.2 -513.1 -3.5 176 0 10.7 17.6 5.0 2.5 2 1 2 1 1
-1434.9 -461.5 -2.7 231 0 10.2 10.2 7.5 2.5 2 1 3 2 2
-1416.0 -420.4 -2.7 229 0 12.4 20.9 7.5 2.5 4 1 3 3 3
-1421.3 -363.0 -5.2 57 0 12.6 22.5 12.5 2.5 2 1 5 5 5
-1489.2 -387.2 -5.5 232 0 15.5 13.0 5.0 0.0 0 0 2 1 1
-1487.0 -608.8 -5.3 81 0 10.4 13.9 7.5 2.5 2 1 3 0 0
-1428.4 -685.3 -4.5 183 0 9.0 12.5 10.0 2.5 2 1 4 5 5
-1423.6 -751.5 -3.7 352 0 11.6 20.8 2.5 2.5 2 1 1 3 3
-1596.1 -956.3 -3.8 4 0 11.3 17.4 10.0 2.5 2 1 4 4 4
-1365.0 -854.7 -1.8 283 0 8.1 7.7 7.5 2.5 4 0 3 5 5
-1354.9 -939.7 -0.3 101 0 10.6 9.5 7.5 2.5 2 0 3 4 4
-1491.0 -908.1 -0.4 193 0 7.1 13.3 10.0 2.5 2 1 4 5 5
-1467.5 -997.0 -1.2 291 0 13.6 8.6 7.5 0.0 0 0 3 5 5
-1583.8 -749.6 -4.2 290 0 12.2 7.8 7.5 2.5 2 0 3 1 1
-1567.2 -828.8 -2.5 277 0 7.3 9.5 2.5 2.5 2 1 1 3 3
-1569.4 -1029.0 -2.8 289 0 12.1 14.5 10.0 2.5 2 1 4 1 1
-1617.6 -1006.1 -4.7 289 0 8.3 9.4 2.5 2.5 2 1 1 4 4
-1654.7 -990.4 -6.5 295 0 7.7 6.1 7.5 0.0 0 0 3 1 1
-1951.4 -878.6 -3.8 188 0 6.4 9.6 5.0 2.5 2 1 2 3 3
-1859.3 -864.3 -2.0 83 0 18.4 13.1 5.0 0.0 0 0 2 2 2
-1895.4 -896.8 -3.4 284 0 14.1 11.6 5.0 2.5 2 0 2 4 4
-1909.3 -877.6 -3.3 290 0 9.8 13.0 7.5 2.5 2 1 3 2 2
-1914.1 -818.0 -3.2 296 0 13.7 9.8 7.5 2.5 2 0 3 3 3
-1909.1 -756.5 -2.9 17 0 8.2 12.1 5.0 2.5 2 1 2 4 4
-1992.3 -618.5 -6.2 190 0 8.6 9.6 5.0 2.5 2 1 2 1 1
-1965.3 -664.1 -6.5 3 0 8.6 14.6 5.0 2.5 2 1 2 1 1
-2068.9 -727.8 -5.8 109 0 9.1 12.6 7.5 0.0 0 1 3 5 5
-2079.8 -589.5 -5.0 89 0 9.4 7.2 7.5 0.0 0 0 3 1 1
-2155.9 -637.5 -3.8 126 0 15.5 15.0 5.0 2.5 2 0 2 4 4
-2224.2 -602.8 -5.5 166 0 8.5 10.7 10.0 2.5 2 1 4 4 4
-740.9 -431.9 -5.1 51 0 9.0 18.9 5.0 2.5 2 1 2 5 5
-796.2 -487.2 -4.6 78 0 14.5 13.5 7.5 2.5 2 0 3 1 1
-832.7 -488.0 -5.1 96 0 15.8 15.3 7.5 2.5 2 0 3 1 1
-869.3 -525.0 -5.2 177 0 9.9 13.2 7.5 2.5 2 1 3 2 2
-786.3 -617.7 -3.4 334 0 12.6 12.3 2.5 2.5 2 0 1 5 5
-815.0 -614.9 -3.6 242 0 13.7 15.9 5.0 2.5 2 1 2 5 5
-783.2 -681.3 -1.4 179 0 15.0 13.8 5.0 2.5 2 0 2 4 4
-731.0 -786.5 0.3 349 0 8.1 12.7 2.5 0.0 0 1 1 1 1
-743.3 -848.0 -0.4 92 0 11.3 9.0 5.0 2.5 2 0 2 3 3
-790.6 -917.1 0.4 46 0 15.8 14.7 7.5 2.5 2 0 3 1 1
-841.6 -950.3 0.4 5 0 11.9 10.5 7.5 2.5 2 0 3 5 5
-872.8 -1001.4 1.8 197 0 11.6 8.3 7.5 2.5 2 0 3 4 4
-863.9 -1089.0 0.4 347 0 10.3 12.2 7.5 2.5 4 1 3 1 1
-889.9 -1145.7 -1.0 148 0 9.1 14.0 7.5 2.5 2 1 3 2 2
-855.9 -1183.6 -2.2 56 0 19.1 13.6 12.5 2.5 2 0 5 0 0
-921.8 -1210.2 -2.2 160 0 9.9 13.4 5.0 2.5 2 1 2 4 4
-930.9 -1267.5 -2.5 181 0 11.8 15.9 7.5 2.5 2 1 3 4 4
-952.0 -1344.4 -5.5 191 0 7.6 8.2 7.5 2.5 2 1 3 5 5
-984.3 -1351.8 -7.2 11 0 11.2 10.0 7.5 2.5 2 0 3 0 0
-1090.4 -1332.1 -6.3 104 0 9.2 20.2 7.5 2.5 4 1 3 1 1
-1162.9 -1284.3 -4.4 276 0 13.9 12.9 5.0 2.5 2 0 2 2 2
-1270.5 -1243.3 -5.4 297 0 8.5 9.6 2.5 0.0 0 1 1 1 1
-1307.7 -1249.0 -6.2 282 0 12.7 11.8 7.5 0.0 0 0 3 5 5
-1346.3 -1278.2 -6.7 204 0 12.4 8.2 10.0 2.5 2 0 4 0 0
2166.4 -1596.5 10.9 61 0 6.3 7.0 10.0 2.5 2 1 4 2 2
2349.6 -1694.2 11.3 60 0 7.9 6.1 10.0 2.5 2 0 4 3 3
2344.6 -1565.4 11.5 338 0 8.0 11.6 10.0 2.5 2 1 4 3 3
3290.1 -1992.9 12.6 61 0 10.1 7.7 5.0 2.5 2 0 2 2 2
3383.3 -1937.6 12.3 292 0 9.4 12.9 2.5 2.5 2 1 1 3 3
3446.7 -1832.5 9.5 284 0 6.6 7.1 7.5 2.5 2 1 3 5 5
3321.7 -1867.3 12.8 149 0 8.2 7.2 2.5 2.5 2 0 1 5 5
3320.3 -1824.9 12.5 155 0 7.3 6.6 7.5 2.5 4 0 3 5 5
3313.4 -1783.8 14.5 310 0 10.2 7.6 7.5 2.5 2 0 3 2 2
3292.6 -1743.5 16.3 246 0 9.8 7.7 5.0 2.5 2 0 2 1 1
3185.5 -1689.0 15.5 166 0 6.2 10.1 5.0 2.5 2 1 2 1 1
3196.8 -1849.0 13.1 260 0 8.9 12.0 5.0 2.5 2 1 2 0 0
3407.0 -1711.1 10.9 327 0 8.5 6.2 10.0 0.0 0 0 4 1 1
3067.3 -2061.6 10.6 51 0 10.4 8.7 2.5 2.5 2 0 1 1 1
3339.2 -2146.1 10.1 299 0 11.6 6.6 7.5 2.5 2 0 3 0 0
3189.6 -1877.7 13.4 67 0 8.9 7.3 5.0 2.5 2 0 2 4 4
3178.8 -1971.7 14.3 115 0 8.5 10.4 7.5 0.0 0 1 3 4 4
3047.1 -1928.8 9.5 188 0 8.8 17.8 5.0 2.5 2 1 2 2 2
3291.5 -2142.5 9.8 282 0 11.2 8.2 5.0 2.5 2 0 2 4 4
4350.1 -1352.8 6.5 171 0 10.9 9.7 7.5 2.5 2 0 3 4 4
4342.0 -1307.8 5.2 116 0 10.0 15.7 5.0 0.0 0 1 2 4 4
4192.3 -1311.2 9.4 340 0 7.5 6.4 10.0 2.5 2 0 4 1 1
4205.1 -1339.9 8.6 77 0 14.5 15.0 7.5 2.5 2 1 3 4 4
4300.8 -1747.9 10.8 70 0 9.0 8.8 5.0 2.5 4 0 2 1 1
4135.9 -1837.3 12.8 231 0 16.2 10.1 7.5 2.5 2 0 3 1 1
4128.8 -1809.0 11.0 79 0 14.4 12.5 7.5 2.5 2 0 3 5 5
4080.1 -1819.2 10.5 74 0 15.4 9.1 5.0 2.5 2 0 2 0 0
4005.0 -1904.6 15.0 82 0 10.2 9.7 5.0 2.5 2 0 2 2 2
4066.9 -1861.3 12.5 273 0 14.3 10.6 10.0 2.5 2 0 4 0 0
3980.7 -1836.3 13.3 68 0 13.9 10.1 7.5 2.5 2 0 3 5 5
3920.4 -1840.1 11.9 245 0 15.8 12.7 7.5 2.5 2 0 3 3 3
4686.8 -1426.8 5.7 53 0 8.0 11.8 2.5 2.5 2 1 1 1 1
4737.5 -1477.7 8.0 157 0 13.4 6.6 7.5 0.0 0 0 3 4 4
4808.6 -1497.7 7.8 49 0 12.6 9.8 5.0 2.5 2 0 2 4 4
4839.5 -1566.0 8.7 236 0 10.8 6.6 5.0 2.5 2 0 2 3 3
4713.7 -1605.9 10.2 57 0 7.2 6.8 5.0 2.5 2 0 2 5 5
4687.9 -1627.5 11.0 62 0 13.8 6.9 5.0 2.5 2 0 2 5 5
4503.3 -1689.9 11.0 66 0 11.9 7.3 7.5 2.5 2 0 3 2 2
4459.0 -1705.6 12.1 84 0 10.6 19.1 10.0 2.5 2 1 4 1 1
4494.8 -1772.3 14.0 65 0 16.1 12.8 7.5 2.5 2 0 3 3 3
4559.1 -1874.5 15.7 246 0 11.3 10.2 7.5 2.5 2 0 3 3 3
4527.6 -1931.7 15.4 252 0 10.2 8.3 2.5 2.5 2 0 1 3 3
4484.3 -1939.0 15.8 248 0 10.0 9.5 10.0 2.5 2 0 4 1 1
4449.3 -1919.6 16.6 73 0 6.1 12.5 2.5 2.5 2 1 1 1 1
4266.5 -1860.2 11.0 243 0 10.1 13.8 7.5 2.5 4 1 3 1 1
4279.0 -1974.7 14.4 93 0 11.6 11.0 7.5 2.5 2 0 3 1 1
4186.8 -1986.1 15.7 261 0 10.5 8.7 5.0 2.5 2 0 2 0 0
4142.6 -2046.5 15.0 244 0 7.9 11.4 2.5 2.5 2 1 1 3 3
4091.3 -2017.0 15.1 323 0 13.2 7.2 5.0 2.5 2 0 2 0 0
4063.8 -2053.0 14.7 70 0 7.1 9.0 2.5 0.0 0 1 1 2 2
4021.3 -2042.2 14.7 256 0 9.0 10.7 7.5 2.5 2 1 3 3 3
3930.1 -1951.4 13.7 263 0 11.3 11.6 5.0 2.5 2 1 2 1 1
3948.8 -2051.7 13.1 276 0 10.1 9.5 10.0 2.5 2 0 4 5 5
3868.1 -1940.9 12.0 335 0 12.1 14.3 5.0 2.5 2 1 2 5 5
3841.8 -1885.0 9.5 176 0 9.3 10.4 7.5 2.5 2 1 3 1 1
3695.6 -2000.5 10.5 338 0 8.4 10.8 7.5 2.5 2 1 3 1 1
3637.7 -1980.4 10.6 155 0 8.8 15.8 7.5 2.5 2 1 3 0 0
3700.2 -1920.9 8.4 78 0 12.1 11.2 7.5 2.5 2 0 3 1 1
3700.9 -2088.8 11.3 304 0 9.0 10.3 7.5 2.5 2 1 3 3 3
3940.5 -2182.0 11.2 162 0 6.2 7.9 2.5 2.5 2 1 1 4 4
3965.0 -2216.7 10.9 91 0 8.9 10.5 7.5 2.5 4 1 3 3 3
3933.5 -2221.0 11.3 98 0 7.2 10.5 10.0 2.5 2 1 4 5 5
3771.1 -2292.2 9.6 99 0 7.5 10.8 7.5 2.5 2 1 3 2 2
3720.4 -2267.9 8.9 274 0 10.5 11.0 5.0 0.0 0 1 2 3 3
3577.0 -2084.9 9.4 287 0 10.9 9.1 7.5 2.5 2 0 3 1 1
3559.3 -2101.9 8.7 203 0 6.7 8.0 7.5 2.5 2 1 3 3 3
3398.2 -2041.7 11.8 158 0 11.8 11.7 7.5 2.5 2 0 3 3 3
2488.4 -1214.6 15.3 331 0 12.8 9.4 5.0 2.5 2 0 2 0 0
2472.1 -1260.5 16.2 174 0 9.7 8.8 7.5 2.5 2 0 3 4 4
2466.7 -1303.1 16.2 142 0 7.1 12.1 7.5 2.5 2 1 3 5 5
2503.3 -1543.4 16.0 80 0 9.0 15.3 5.0 2.5 2 1 2 3 3
2543.5 -1629.0 15.1 207 0 6.7 13.2 10.0 2.5 2 1 4 5 5
2561.4 -1754.4 10.8 270 0 13.4 9.5 5.0 2.5 2 0 2 2 2
2618.3 -1805.8 8.9 352 0 7.5 26.2 7.5 2.5 2 1 3 3 3
2776.6 -1699.1 11.0 267 0 10.1 9.9 10.0 2.5 4 0 4 4 4
2866.3 -1777.6 8.1 83 0 14.7 8.0 7.5 2.5 2 0 3 5 5
2909.3 -1685.8 10.8 252 0 8.4 6.8 5.0 2.5 2 0 2 4 4
2906.7 -1751.1 9.1 40 0 8.6 7.1 5.0 2.5 2 0 2 4 4
2967.2 -1719.9 10.8 95 0 13.5 11.3 7.5 2.5 2 0 3 4 4
2779.3 -1749.8 9.2 139 0 11.2 7.6 10.0 0.0 0 0 4 4 4
2798.0 -1798.2 9.7 149 0 17.6 12.7 7.5 2.5 4 0 3 5 5
3037.9 -1616.7 13.3 1 0 7.6 7.4 5.0 2.5 2 0 2 5 5
3035.3 -1667.5 13.1 159 0 7.4 10.6 7.5 2.5 2 1 3 0 0
3051.2 -1794.3 10.4 94 0 11.7 16.6 10.0 0.0 0 1 4 4 4
3092.1 -1661.5 14.3 247 0 6.0 8.2 5.0 0.0 0 1 2 0 0
3119.3 -1717.3 13.9 342 0 8.3 7.2 5.0 0.0 0 0 2 3 3
3160.2 -1790.2 13.4 235 0 7.7 8.0 2.5 2.5 2 1 1 3 3
3205.5 -1798.4 14.2 60 0 9.1 7.5 10.0 2.5 2 0 4 0 0
3253.3 -1789.6 14.9 10 0 13.2 8.5 5.0 2.5 2 0 2 1 1
1915.2 -1161.3 8.1 271 0 10.0 13.0 5.0 2.5 2 1 2 4 4
1943.9 -1255.8 11.1 98 0 9.0 7.5 2.5 2.5 2 0 1 4 4
1945.6 -1378.0 10.5 186 0 9.1 11.1 2.5 2.5 2 1 1 3 3
2014.6 -1296.5 12.4 72 0 18.3 13.3 5.0 2.5 2 0 2 5 5
2154.2 -1368.3 13.5 261 0 9.7 7.0 7.5 2.5 2 0 3 0 0
2139.6 -1285.6 14.3 92 0 13.1 8.1 5.0 2.5 2 0 2 4 4
2135.1 -1236.4 13.9 202 0 10.5 9.1 7.5 2.5 2 0 3 3 3
2225.7 -1164.8 11.4 67 0 9.2 12.2 10.0 0.0 0 1 4 4 4
2316.8 -1372.9 11.4 72 0 8.6 10.1 5.0 2.5 2 1 2 5 5
2573.3 -1354.1 14.8 328 0 9.5 11.1 10.0 2.5 2 1 4 0 0
2537.2 -1369.5 14.9 174 0 6.6 13.4 7.5 2.5 2 1 3 1 1
2534.8 -1297.6 15.3 72 0 6.3 6.9 5.0 2.5 2 1 2 2 2
2544.1 -1233.0 13.4 299 0 8.6 9.5 5.0 0.0 0 1 2 3 3
2539.4 -1154.4 11.8 290 0 8.0 6.7 5.0 0.0 0 0 2 3 3
2037.7 -2240.0 0.5 215 0 10.6 21.4 7.5 2.5 2 1 3 2 2
1830.2 -2313.1 3.2 351 0 7.3 8.2 7.5 2.5 2 1 3 2 2
1839.7 -2283.9 3.2 353 0 13.3 15.2 5.0 0.0 0 1 2 3 3
1838.6 -2230.3 4.6 0 0 7.4 13.5 2.5 2.5 2 1 1 1 1
1794.0 -2030.5 1.5 286 0 14.0 8.5 7.5 2.5 2 0 3 3 3
1829.7 -2048.4 3.0 31 0 7.2 9.8 5.0 2.5 4 1 2 2 2
1807.8 -2083.1 2.0 268 0 8.6 9.2 10.0 0.0 0 1 4 4 4
1750.9 -2183.3 2.5 102 0 11.3 11.6 5.0 2.5 2 1 2 0 0
1784.6 -2213.5 4.1 104 0 10.3 15.2 10.0 2.5 2 1 4 5 5
1972.7 -1941.7 6.2 149 0 8.8 8.6 7.5 2.5 2 0 3 4 4
2440.2 -2014.3 7.5 190 0 11.0 12.4 5.0 2.5 2 1 2 1 1
2466.1 -2097.1 4.7 80 0 10.2 7.9 5.0 2.5 2 0 2 3 3
2435.5 -2173.4 3.1 229 0 8.2 8.4 2.5 2.5 2 1 1 5 5
2314.9 -2161.2 5.1 154 0 7.7 6.9 7.5 2.5 2 0 3 3 3
2254.1 -2278.2 5.1 142 0 11.6 6.2 7.5 2.5 2 0 3 0 0
2171.6 -2221.0 3.7 182 0 7.1 11.4 5.0 2.5 4 1 2 5 5
2250.1 -2140.2 4.0 158 0 6.2 9.8 10.0 2.5 2 1 4 4 4
2258.0 -2095.5 4.2 217 0 8.5 6.3 7.5 0.0 0 0 3 0 0
2316.2 -2058.4 5.4 266 0 14.4 8.7 7.5 2.5 2 0 3 1 1
2375.7 -2081.8 5.7 15 0 9.5 9.2 7.5 0.0 0 0 3 4 4
2366.0 -2013.6 7.2 175 0 11.3 18.7 5.0 2.5 4 1 2 5 5
2397.8 -1947.0 8.6 219 0 15.0 7.5 10.0 2.5 4 0 4 4 4
1820.3 -1474.6 6.3 92 0 10.4 9.0 5.0 2.5 2 0 2 1 1
1731.1 -1379.6 10.7 77 0 6.7 8.4 5.0 2.5 2 1 2 3 3
1844.5 -1110.2 7.9 104 0 10.2 6.1 10.0 2.5 2 0 4 3 3
-5401.8 3816.8 -19.4 201 0 9.8 12.1 7.5 2.5 2 1 3 2 2
-5421.9 3829.4 -18.9 37 0 7.1 12.6 7.5 2.5 2 1 3 3 3
-5465.0 3910.2 -19.1 209 0 10.0 8.0 5.0 2.5 2 0 2 0 0
-5451.9 3868.4 -18.9 130 0 8.0 9.5 5.0 2.5 4 1 2 1 1
-5488.6 3911.8 -18.6 29 0 14.9 9.6 5.0 2.5 2 0 2 3 3
-5526.5 3915.4 -18.0 93 0 6.9 8.9 5.0 2.5 2 1 2 4 4
-5568.5 3945.8 -19.0 4 0 8.3 7.6 7.5 2.5 4 0 3 5 5
-5573.6 3883.0 -18.0 194 0 10.0 9.0 2.5 2.5 4 0 1 1 1
-5587.6 3843.9 -18.0 211 0 7.1 7.4 7.5 2.5 2 1 3 3 3
-5514.5 3857.4 -17.9 23 0 13.0 9.0 5.0 2.5 2 0 2 0 0
-5504.0 3851.8 -17.9 219 0 11.6 6.5 7.5 2.5 2 0 3 2 2
-5477.7 3823.5 -17.9 316 0 7.9 12.1 7.5 2.5 2 1 3 2 2
-5518.8 3753.6 -18.6 108 0 8.6 11.5 10.0 2.5 4 1 4 5 5
-5529.4 3788.9 -18.3 220 0 6.6 11.0 10.0 2.5 2 1 4 5 5
-5535.3 3812.7 -18.0 19 0 8.5 11.2 7.5 2.5 4 1 3 5 5
-5603.8 3731.0 -19.4 275 0 8.0 6.2 7.5 2.5 2 0 3 1 1
-5591.9 3671.7 -19.9 337 0 11.4 9.2 7.5 2.5 2 0 3 5 5
-5539.3 3221.5 -14.1 127 0 7.7 7.1 7.5 2.5 2 0 3 5 5
-5500.1 3174.1 -15.2 131 0 6.6 10.6 10.0 2.5 2 1 4 0 0
-5450.3 3205.1 -18.2 213 0 9.2 9.0 10.0 2.5 2 0 4 0 0
-5453.6 3246.6 -18.4 134 0 6.4 10.8 7.5 2.5 2 1 3 0 0
-5478.0 3274.9 -18.2 148 0 17.6 8.2 7.5 2.5 2 0 3 5 5
-5503.2 3311.9 -17.7 146 0 7.1 9.3 5.0 2.5 2 1 2 3 3
-5787.1 3422.3 -17.4 319 0 8.2 8.4 5.0 2.5 4 1 2 5 5
-5771.6 3394.2 -17.3 133 0 9.2 7.0 2.5 2.5 2 0 1 2 2
-5705.3 3422.7 -17.6 328 0 11.5 11.5 7.5 2.5 2 0 3 0 0
-5624.0 3158.3 -13.6 63 0 7.0 6.2 7.5 2.5 2 0 3 4 4
-5659.7 3223.8 -14.3 58 0 6.9 8.8 5.0 2.5 2 1 2 5 5
-5700.2 3205.1 -13.7 179 0 8.9 7.7 7.5 2.5 2 0 3 3 3
-5676.4 3159.2 -13.7 17 0 7.7 9.0 10.0 2.5 2 1 4 5 5
-5657.6 3143.3 -13.7 214 0 12.1 8.2 7.5 2.5 2 0 3 4 4
-5650.3 3096.3 -13.6 287 0 10.1 9.3 7.5 2.5 2 0 3 4 4
-5681.3 3126.4 -13.7 317 0 11.2 14.3 5.0 2.5 2 1 2 1 1
-5718.4 3126.1 -13.7 245 0 9.8 9.2 7.5 2.5 2 0 3 3 3
-5765.3 3087.9 -13.7 269 0 6.9 6.8 5.0 2.5 2 0 2 4 4
-5846.2 3384.0 -18.2 165 0 10.4 12.7 2.5 2.5 2 1 1 3 3
-5843.1 3265.9 -16.9 190 0 7.8 11.4 7.5 2.5 2 1 3 0 0
-5767.7 3169.0 -14.2 71 0 8.5 11.1 7.5 2.5 2 1 3 1 1
-5753.0 3245.5 -15.0 353 0 13.2 9.0 10.0 2.5 2 0 4 2 2
-5602.7 3382.9 -15.6 238 0 10.5 10.4 5.0 2.5 2 0 2 4 4
-5570.0 3389.8 -17.1 338 0 13.9 7.3 7.5 2.5 2 0 3 5 5
-5541.6 3320.9 -16.5 322 0 12.6 11.4 7.5 2.5 2 0 3 1 1
-5525.9 3294.4 -16.4 319 0 8.6 10.7 7.5 2.5 2 1 3 1 1
-5506.0 3262.0 -16.2 311 0 9.8 8.8 5.0 2.5 2 0 2 1 1
-5720.7 3296.5 -15.4 221 0 17.0 10.8 7.5 2.5 2 0 3 1 1
-5363.8 3795.5 -19.7 110 0 25.8 10.5 7.5 2.5 2 0 3 5 5
-5321.8 3695.7 -17.7 29 0 9.3 9.3 5.0 2.5 2 1 2 0 0
-5383.3 3700.8 -17.2 162 0 9.2 8.6 7.5 2.5 2 0 3 3 3
-5395.6 3757.6 -18.8 198 0 10.5 14.4 7.5 2.5 2 1 3 2 2
-5412.9 3739.2 -17.8 34 0 11.1 15.5 7.5 2.5 2 1 3 2 2
-5448.9 3800.8 -18.0 306 0 7.7 15.0 10.0 2.5 2 1 4 5 5
-5636.1 4012.2 -19.0 194 0 10.6 6.1 7.5 2.5 2 0 3 3 3
-5313.2 3921.0 -19.3 12 0 10.7 12.5 7.5 2.5 2 1 3 2 2
-5403.1 3938.6 -19.7 256 0 6.9 6.6 7.5 2.5 2 0 3 5 5
-5458.5 3936.6 -19.7 192 0 13.3 16.3 7.5 2.5 4 1 3 1 1
-5465.7 3965.3 -20.2 26 0 6.9 13.7 2.5 2.5 2 1 1 0 0
-5447.1 3996.5 -22.0 0 0 8.4 16.0 7.5 2.5 2 1 3 1 1
-5235.8 3707.3 -16.9 239 0 7.1 7.1 7.5 2.5 2 1 3 1 1
-5243.1 3733.2 -17.7 99 0 8.2 13.3 5.0 2.5 2 1 2 0 0
-5659.9 3879.4 -20.6 305 0 12.4 14.7 5.0 2.5 4 1 2 4 4
-155.6 1303.2 -2.3 207 0 17.2 10.3 7.5 2.5 2 0 3 2 2
-947.6 1738.3 -7.8 0 0 11.7 6.3 2.5 2.5 2 0 1 0 0
-926.9 1814.3 -7.3 203 0 15.1 6.5 7.5 2.5 2 0 3 3 3
-972.1 1826.0 -7.1 192 0 13.3 10.5 7.5 2.5 2 0 3 3 3
-979.1 1767.9 -6.6 154 0 10.7 8.0 7.5 2.5 2 0 3 3 3
-890.0 1814.2 -6.9 30 0 9.1 12.6 5.0 0.0 0 1 2 4 4
-879.9 1869.8 -5.9 308 0 7.6 10.4 5.0 2.5 2 1 2 0 0
-904.0 1843.1 -6.5 208 0 10.5 9.7 7.5 2.5 2 0 3 4 4
-837.3 1822.5 -6.0 129 0 8.6 10.3 2.5 2.5 2 1 1 3 3
-961.8 1670.8 -6.1 350 0 11.2 13.4 5.0 0.0 0 1 2 1 1
-978.4 1709.7 -6.6 162 0 7.5 12.1 7.5 2.5 2 1 3 1 1
-914.4 1884.4 -6.2 134 0 9.2 13.5 5.0 2.5 2 1 2 4 4
-951.5 1880.5 -8.2 352 0 8.2 18.6 7.5 0.0 0 1 3 5 5
-1002.5 1952.1 -9.4 133 0 9.8 13.1 5.0 2.5 2 1 2 3 3
-1050.5 2005.6 -9.2 127 0 13.7 9.9 2.5 2.5 4 0 1 3 3
-973.3 1957.8 -8.8 310 0 11.0 23.2 15.0 0.0 0 1 6 3 3
-767.1 1744.2 -2.1 143 0 11.3 17.9 7.5 2.5 2 1 3 3 3
-720.4 1742.1 -1.0 320 0 12.9 14.7 7.5 2.5 2 1 3 0 0
-683.1 1707.2 -1.7 319 0 15.5 17.4 10.0 2.5 2 1 4 4 4
-671.2 1689.0 -1.7 295 0 14.7 8.7 5.0 2.5 2 0 2 4 4
-628.0 1645.9 -1.6 304 0 8.3 16.2 7.5 2.5 2 1 3 0 0
-685.8 1524.8 -2.5 289 0 15.9 12.8 7.5 2.5 2 0 3 1 1
-787.4 1455.1 -2.0 179 0 8.2 9.6 5.0 2.5 2 1 2 4 4
-785.9 1412.4 -1.2 189 0 10.9 8.8 7.5 2.5 2 0 3 2 2
-715.8 1406.8 -1.2 88 0 11.3 8.6 5.0 2.5 2 0 2 4 4
-590.7 1616.8 -0.8 307 0 11.4 22.9 10.0 2.5 2 1 4 5 5
-514.0 1488.4 -2.3 323 0 11.0 9.5 7.5 2.5 2 0 3 4 4
-475.3 1479.9 -1.8 313 0 9.6 9.3 5.0 0.0 0 0 2 1 1
-524.5 1430.1 -3.2 47 0 7.6 8.2 10.0 2.5 2 1 4 0 0
-411.0 1503.7 -3.8 221 0 23.7 13.6 7.5 2.5 2 0 3 1 1
-451.0 1437.6 -2.9 133 0 13.0 6.5 5.0 2.5 2 0 2 1 1
-416.5 1419.9 -3.4 112 0 13.5 10.3 10.0 2.5 2 0 4 0 0
-343.0 1414.0 -2.7 295 0 12.4 13.3 7.5 2.5 2 1 3 5 5
-203.9 1355.4 -1.1 297 0 14.4 13.4 7.5 2.5 2 0 3 2 2
-107.6 1307.1 -2.7 283 0 12.0 14.1 10.0 2.5 2 1 4 0 0
-335.3 1467.2 -3.1 300 0 12.4 9.3 5.0 2.5 2 0 2 1 1
-270.1 1456.4 -0.9 211 0 7.1 6.3 7.5 0.0 0 0 3 0 0
-195.3 1420.1 -0.7 304 0 12.6 9.0 2.5 2.5 2 0 1 5 5
-231.7 1552.9 -1.7 189 0 7.6 13.0 7.5 2.5 2 1 3 4 4
-358.4 1581.2 -5.5 115 0 10.1 8.8 7.5 2.5 2 0 3 4 4
-291.0 1597.7 -2.3 109 0 10.8 13.7 5.0 2.5 2 1 2 2 2
-174.6 1570.1 -2.0 274 0 9.0 9.8 5.0 2.5 2 1 2 2 2
27.3 1284.5 -0.3 122 0 12.4 6.8 5.0 0.0 0 0 2 0 0
168.6 1135.6 2.6 101 0 9.1 16.6 5.0 2.5 2 1 2 0 0
-348.5 1652.8 -5.5 189 0 9.0 15.5 10.0 2.5 2 1 4 0 0
-500.7 1619.4 -3.7 232 0 9.9 11.1 5.0 2.5 2 1 2 3 3
-488.8 1578.5 -3.7 164 0 14.6 12.3 7.5 2.5 2 0 3 1 1
-651.8 1867.9 -2.6 28 0 11.7 10.2 7.5 0.0 0 0 3 1 1
-679.1 1910.2 -3.0 115 0 9.9 10.1 5.0 2.5 2 1 2 5 5
-729.9 1881.5 -1.9 19 0 10.2 15.9 5.0 2.5 2 1 2 2 2
-733.5 1801.8 -2.0 123 0 9.9 14.5 7.5 2.5 2 1 3 4 4
-779.3 1837.1 -3.5 123 0 17.5 13.1 7.5 2.5 4 0 3 5 5
-710.5 1781.5 -1.9 134 0 9.8 9.5 7.5 2.5 2 0 3 5 5
-718.2 1793.9 -2.0 135 0 9.7 11.6 7.5 0.0 0 1 3 5 5
-627.5 1785.2 -2.3 329 0 11.0 16.4 2.5 2.5 2 1 1 4 4
-676.4 1742.5 -1.4 153 0 8.9 6.8 5.0 2.5 2 0 2 4 4
-667.3 1735.6 -1.4 141 0 8.6 8.0 5.0 2.5 2 0 2 4 4
-562.7 1683.0 -1.8 62 0 8.4 6.6 10.0 2.5 2 0 4 1 1
-579.5 2095.9 -8.2 117 0 15.2 6.7 7.5 2.5 2 0 3 3 3
-603.7 2144.5 -8.0 199 0 7.6 11.9 5.0 2.5 4 1 2 5 5
-670.5 2156.8 -6.9 14 0 16.2 13.4 7.5 2.5 2 0 3 4 4
-683.0 2097.0 -5.7 348 0 8.3 14.8 10.0 2.5 2 1 4 2 2
-673.0 2031.4 -4.4 5 0 7.0 8.7 7.5 2.5 2 1 3 0 0
-643.0 2202.3 -7.6 7 0 9.3 20.2 5.0 2.5 2 1 2 0 0
-687.9 1979.2 -4.1 215 0 11.4 8.6 5.0 2.5 2 0 2 2 2
-750.2 2016.1 -4.2 81 0 7.5 8.9 5.0 2.5 2 1 2 2 2
-812.8 2087.1 -6.2 180 0 9.5 13.9 10.0 2.5 2 1 4 2 2
-767.3 2243.1 -7.5 115 0 7.4 9.4 7.5 0.0 0 1 3 3 3
251.3 -4289.8 -0.3 56 0 6.6 11.7 7.5 2.5 4 1 3 0 0
303.8 -4328.3 0.2 300 0 9.7 9.2 5.0 2.5 2 0 2 3 3
483.4 -4326.7 6.2 77 0 15.1 10.6 7.5 2.5 2 0 3 4 4
520.9 -4349.7 5.4 274 0 9.4 8.7 10.0 2.5 2 0 4 0 0
611.4 -4347.6 5.0 271 0 9.7 12.2 7.5 2.5 2 1 3 2 2
763.2 -4329.0 5.0 114 0 8.4 11.1 7.5 2.5 2 1 3 3 3
798.2 -4374.2 5.3 302 0 12.0 8.3 7.5 2.5 2 0 3 1 1
849.4 -4423.0 8.2 204 0 8.1 12.2 5.0 0.0 0 1 2 0 0
900.1 -4398.8 9.7 140 0 15.2 7.7 7.5 2.5 2 0 3 5 5
937.7 -4433.8 11.2 75 0 9.7 13.8 7.5 2.5 2 1 3 2 2
940.1 -4483.5 13.3 290 0 13.7 8.4 7.5 2.5 2 0 3 2 2
982.6 -4478.0 12.7 96 0 10.7 8.0 7.5 2.5 2 0 3 4 4
1095.8 -4474.6 12.4 79 0 10.5 9.9 7.5 2.5 2 0 3 3 3
1161.4 -4466.9 12.1 58 0 11.6 9.5 7.5 2.5 2 0 3 4 4
1210.5 -4444.1 11.8 96 0 9.3 16.0 7.5 2.5 2 1 3 1 1
1268.0 -4406.5 12.2 351 0 6.5 11.1 10.0 0.0 0 1 4 5 5
1372.6 -4436.0 12.7 220 0 8.4 7.8 7.5 2.5 2 0 3 1 1
1446.0 -4448.0 11.4 55 0 17.5 13.6 5.0 2.5 2 0 2 4 4
1136.4 -4031.2 9.7 342 0 14.4 11.2 7.5 2.5 2 0 3 0 0
1144.7 -4077.4 9.8 331 0 8.3 7.5 2.5 2.5 2 0 1 0 0
1173.6 -4145.0 9.4 319 0 12.8 17.0 5.0 2.5 2 1 2 4 4
1225.5 -4187.3 8.5 315 0 13.5 16.8 7.5 2.5 2 1 3 5 5
1372.0 -4198.9 7.4 281 0 8.9 15.0 7.5 2.5 4 1 3 5 5
1372.1 -4085.0 7.3 233 0 7.6 12.2 7.5 2.5 4 1 3 4 4
1362.8 -4156.7 8.4 112 0 12.7 9.5 5.0 2.5 4 0 2 0 0
1262.1 -4176.0 9.9 6 0 11.6 7.6 5.0 2.5 4 0 2 3 3
1248.0 -4137.3 10.8 38 0 12.3 16.0 5.0 2.5 2 1 2 5 5
1206.7 -4115.8 10.5 142 0 9.0 12.1 5.0 0.0 0 1 2 5 5
1271.2 -3959.8 9.3 186 0 7.7 9.0 5.0 2.5 2 1 2 4 4
1035.4 -3899.1 10.9 13 0 8.5 8.1 7.5 2.5 2 0 3 5 5
988.2 -3877.9 10.5 103 0 11.3 12.0 7.5 2.5 2 1 3 2 2
1086.0 -3775.7 12.2 103 0 7.7 14.7 7.5 2.5 2 1 3 3 3
1051.1 -3737.8 10.8 186 0 8.5 10.2 5.0 2.5 2 1 2 4 4
1059.3 -3795.8 11.4 313 0 11.3 14.0 7.5 2.5 2 1 3 2 2
953.6 -3775.0 12.0 141 0 14.5 10.3 10.0 2.5 2 0 4 2 2
932.7 -3712.3 9.1 103 0 12.2 20.3 5.0 2.5 2 1 2 4 4
920.2 -3197.8 7.2 86 0 11.3 11.6 2.5 2.5 2 1 1 4 4
984.7 -3237.5 8.0 6 0 7.6 10.9 7.5 2.5 2 1 3 4 4
1078.4 -3210.1 5.6 93 0 12.9 11.4 5.0 2.5 4 0 2 2 2
1028.9 -3265.9 7.6 11 0 11.7 9.9 5.0 2.5 2 0 2 1 1
1003.8 -3305.2 8.3 187 0 14.1 11.1 2.5 0.0 0 0 1 4 4
1065.5 -3438.9 8.4 95 0 9.9 8.7 7.5 2.5 2 0 3 4 4
1071.6 -3379.1 9.0 287 0 11.2 6.9 10.0 0.0 0 0 4 3 3
979.6 -3517.6 9.0 87 0 9.9 11.1 5.0 2.5 2 1 2 4 4
1317.8 -3974.3 8.4 189 0 6.6 6.9 2.5 2.5 2 1 1 5 5
1331.0 -3896.4 7.1 184 0 9.3 6.0 10.0 2.5 2 0 4 5 5
1191.3 -3808.2 6.8 192 0 11.4 12.4 7.5 0.0 0 1 3 3 3
1166.5 -3779.3 8.2 274 0 7.8 12.3 7.5 2.5 2 1 3 3 3
1469.7 -4497.1 12.4 139 0 8.6 12.9 5.0 2.5 2 1 2 1 1
1401.4 -4480.1 13.0 240 0 11.1 8.3 5.0 2.5 2 0 2 4 4
-500.2 -3370.4 4.6 52 0 11.0 11.0 7.5 2.5 2 1 3 1 1
-432.7 -3326.7 4.0 52 0 8.5 17.0 10.0 2.5 2 1 4 5 5
-460.9 -3335.5 4.2 142 0 7.9 10.4 7.5 2.5 2 1 3 2 2
-471.1 -3304.5 3.6 142 0 7.9 20.0 5.0 2.5 2 1 2 1 1
-322.3 -3507.0 2.2 7 0 8.5 7.8 5.0 2.5 2 0 2 0 0
-255.3 -3659.2 1.5 7 0 9.7 12.0 7.5 0.0 0 1 3 0 0
-367.8 -3282.2 3.6 347 0 8.0 7.9 7.5 0.0 0 0 3 0 0
-324.5 -3262.3 5.2 185 0 10.4 18.2 7.5 2.5 2 1 3 3 3
-335.5 -3284.4 4.9 175 0 10.9 14.4 10.0 2.5 2 1 4 5 5
-355.3 -3351.6 4.8 18 0 7.1 11.8 5.0 0.0 0 1 2 0 0
-395.7 -3392.5 4.7 180 0 9.5 10.6 7.5 2.5 2 1 3 5 5
-352.3 -3410.0 4.7 110 0 12.1 11.9 7.5 2.5 2 0 3 1 1
-140.4 -3410.0 6.4 185 0 11.3 6.1 7.5 2.5 2 0 3 4 4
-211.0 -3542.2 5.7 98 0 8.5 8.4 10.0 2.5 2 0 4 3 3
-186.0 -3596.9 2.6 194 0 7.0 8.1 2.5 2.5 2 1 1 3 3
-160.7 -3572.3 3.4 36 0 7.2 8.8 7.5 2.5 2 1 3 0 0
-168.3 -3458.8 6.8 190 0 10.2 13.0 7.5 2.5 2 1 3 2 2
-184.2 -3380.1 7.9 268 0 7.3 8.1 5.0 2.5 2 1 2 2 2
-166.1 -3393.5 7.9 355 0 14.5 10.4 7.5 2.5 4 0 3 4 4
-173.7 -3262.7 6.6 310 0 13.0 11.4 7.5 2.5 2 0 3 5 5
-198.5 -3348.8 8.1 79 0 12.9 8.3 7.5 2.5 2 0 3 1 1
-158.5 -3345.1 8.3 66 0 12.1 9.4 5.0 2.5 2 0 2 0 0
-82.2 -3337.1 7.7 283 0 9.3 8.3 10.0 2.5 2 0 4 5 5
-52.2 -3368.4 7.8 258 0 11.0 8.8 2.5 2.5 2 0 1 1 1
-25.6 -3368.8 8.3 278 0 9.4 10.6 5.0 2.5 2 1 2 5 5
-4.4 -3373.0 8.0 280 0 15.7 9.9 7.5 0.0 0 0 3 2 2
29.0 -3339.5 6.7 85 0 9.2 13.8 10.0 2.5 2 1 4 2 2
106.2 -3276.0 5.2 3 0 9.3 8.0 5.0 2.5 2 0 2 0 0
132.6 -3361.5 9.0 146 0 7.4 7.6 7.5 2.5 2 1 3 2 2
196.6 -3274.2 5.1 1 0 9.2 14.5 5.0 2.5 2 1 2 2 2
236.6 -3352.8 10.4 184 0 10.6 10.2 7.5 0.0 0 0 3 4 4
253.4 -3298.2 8.4 289 0 13.9 11.8 5.0 2.5 2 0 2 4 4
291.2 -3265.0 6.9 25 0 9.1 7.2 7.5 0.0 0 0 3 2 2
285.9 -3243.1 5.0 12 0 16.5 13.0 5.0 2.5 2 0 2 0 0
308.1 -3188.1 4.5 17 0 7.9 13.9 5.0 2.5 2 1 2 0 0
284.0 -3143.6 4.7 198 0 11.0 10.6 7.5 2.5 2 0 3 5 5
400.3 -3130.5 7.1 288 0 9.5 11.2 7.5 0.0 0 1 3 2 2
338.7 -3147.9 6.1 189 0 15.1 12.8 7.5 2.5 2 0 3 2 2
336.9 -3198.3 5.2 188 0 9.5 9.8 5.0 2.5 2 1 2 3 3
363.5 -3240.2 5.2 114 0 10.7 14.1 7.5 2.5 2 1 3 5 5
313.7 -3304.9 6.4 196 0 13.6 13.5 5.0 2.5 2 0 2 4 4
312.1 -3505.7 9.1 281 0 7.8 14.4 7.5 2.5 2 1 3 4 4
474.7 -3578.1 8.3 281 0 15.2 10.7 5.0 2.5 2 0 2 0 0
384.3 -3587.9 9.0 130 0 9.8 10.1 5.0 2.5 2 1 2 1 1
396.5 -3600.5 9.3 118 0 12.5 8.0 7.5 2.5 2 0 3 1 1
388.3 -3649.9 8.4 298 0 8.7 9.4 10.0 2.5 2 1 4 2 2
434.4 -3658.0 10.1 293 0 11.4 11.6 7.5 2.5 2 1 3 2 2
426.0 -3773.2 8.2 266 0 19.7 10.7 5.0 2.5 2 0 2 5 5
462.0 -3853.1 5.5 271 0 6.5 8.5 5.0 2.5 2 1 2 3 3
478.2 -3804.8 8.2 72 0 8.6 9.5 10.0 2.5 2 1 4 3 3
500.9 -3759.5 10.3 344 0 12.3 11.7 5.0 2.5 2 0 2 0 0
512.8 -3831.8 6.7 273 0 10.4 16.7 7.5 2.5 2 1 3 5 5
567.1 -3675.1 10.2 273 0 9.8 12.7 7.5 2.5 2 1 3 1 1
555.3 -3844.5 7.1 271 0 9.4 16.2 7.5 2.5 2 1 3 3 3
608.9 -3856.6 5.3 275 0 7.4 12.2 7.5 2.5 2 1 3 1 1
722.2 -3797.2 5.9 14 0 15.1 12.0 7.5 2.5 2 0 3 5 5
652.5 -3636.4 8.4 183 0 14.2 9.7 7.5 2.5 2 0 3 3 3
883.5 -3747.7 10.7 297 0 14.5 9.5 10.0 2.5 2 0 4 4 4
906.4 -3758.9 11.4 336 0 9.5 12.7 7.5 2.5 2 1 3 2 2
740.7 -3675.0 7.4 110 0 7.1 17.6 2.5 2.5 2 1 1 3 3
849.4 -3699.1 9.1 108 0 10.5 11.9 7.5 2.5 2 1 3 3 3
898.7 -3691.8 9.0 25 0 9.9 18.1 7.5 2.5 2 1 3 5 5
-607.2 -3090.6 6.0 333 0 8.8 16.9 2.5 2.5 4 1 1 0 0
-592.2 -3106.0 5.8 336 0 9.2 18.1 7.5 2.5 2 1 3 4 4
-615.5 -3053.9 7.2 357 0 14.9 10.7 7.5 2.5 2 0 3 2 2
-714.3 -3052.4 7.0 179 0 6.9 7.3 7.5 2.5 2 1 3 4 4
-705.2 -3122.6 5.0 149 0 10.0 14.4 2.5 2.5 4 1 1 5 5
-557.5 -3049.3 7.0 262 0 7.4 9.7 2.5 2.5 2 1 1 5 5
-573.4 -3056.0 7.2 186 0 8.0 11.1 5.0 2.5 2 1 2 2 2
-567.2 -3153.1 5.1 341 0 8.3 9.2 7.5 2.5 2 1 3 4 4
-542.6 -3217.0 3.7 357 0 9.7 6.1 2.5 2.5 2 0 1 4 4
-532.3 -3236.2 3.7 79 0 11.5 9.9 5.0 2.5 4 0 2 0 0
-649.9 -3252.1 2.1 65 0 7.3 8.9 7.5 2.5 4 1 3 1 1
-762.6 -3247.5 0.0 3 0 6.1 7.8 2.5 2.5 2 1 1 4 4
-850.3 -3155.3 3.4 104 0 10.3 11.5 7.5 2.5 4 1 3 5 5
-901.7 -3198.8 -0.5 4 0 12.7 8.4 5.0 2.5 2 0 2 2 2
-828.1 -3402.7 0.9 93 0 6.8 12.2 7.5 2.5 2 1 3 2 2
-796.7 -3288.5 -0.8 110 0 38.9 17.5 7.5 0.0 0 0 3 0 0
-695.8 -3355.3 3.2 115 0 8.7 10.8 7.5 2.5 2 1 3 1 1
-626.8 -3373.3 3.9 151 0 13.4 8.3 7.5 0.0 0 0 3 2 2
-681.4 -3447.1 3.1 92 0 9.3 13.8 5.0 2.5 2 1 2 0 0
-640.5 -3483.1 2.2 271 0 12.3 8.3 7.5 2.5 2 0 3 2 2
-611.4 -3507.1 2.7 101 0 11.9 6.8 7.5 2.5 2 0 3 3 3
-480.7 -3413.9 5.5 341 0 16.7 14.4 5.0 2.5 2 0 2 5 5
-540.8 -3493.3 5.5 31 0 7.6 15.7 7.5 2.5 2 1 3 4 4
-554.6 -3425.1 5.5 259 0 8.1 25.3 7.5 2.5 2 1 3 1 1
-526.3 -3433.7 5.8 252 0 11.2 20.6 10.0 2.5 2 1 4 4 4
-615.3 -3302.1 3.1 238 0 7.7 13.7 5.0 0.0 0 1 2 4 4
-594.4 -3340.9 3.5 63 0 8.4 15.0 7.5 2.5 2 1 3 3 3
-1062.2 -3276.8 -2.0 280 0 9.6 8.2 2.5 2.5 2 0 1 1 1
-1095.3 -3179.1 -1.5 10 0 10.8 19.6 5.0 2.5 2 1 2 4 4
-1040.0 -3141.6 -0.7 100 0 9.1 8.1 7.5 2.5 2 0 3 0 0
-1041.7 -3168.8 -1.5 275 0 15.8 11.7 7.5 2.5 2 0 3 2 2
-923.3 -3133.2 1.9 194 0 14.3 12.1 7.5 2.5 2 0 3 5 5
