-6556.6 919.7 -21.4 186 0 8.3 8.3 7.5 2.5 2 0 3 4 4
-6703.5 818.3 -19.9 192 0 8.6 9.3 2.5 2.5 2 0 1 5 5
-6405.0 933.7 -23.2 107 0 7.0 6.1 7.5 2.5 2 0 3 5 5
-6564.9 1088.7 -23.5 23 0 8.1 7.9 7.5 2.5 2 0 3 0 0
-6747.4 928.9 -22.0 103 0 8.1 9.1 5.0 2.5 2 0 2 0 0
-6342.6 906.3 -23.3 99 0 8.1 8.6 7.5 2.5 2 0 3 1 1
-6721.6 1011.8 -22.5 269 0 8.4 8.5 10.0 2.5 2 0 4 3 3
-6737.8 1029.2 -23.0 65 0 9.6 8.1 7.5 2.5 2 0 3 3 3
-6579.7 942.9 -21.6 20 0 8.6 7.6 7.5 2.5 2 0 3 5 5
-6273.9 856.1 -22.9 105 0 7.2 8.4 10.0 2.5 2 0 4 4 4
-6546.2 958.1 -22.3 188 0 7.0 8.2 5.0 2.5 2 0 2 0 0
-6734.7 759.3 -19.6 92 0 9.0 6.3 5.0 2.5 2 0 2 5 5
-6263.0 879.7 -23.7 100 0 7.0 8.1 7.5 2.5 2 0 3 1 1
-6546.0 937.3 -21.8 202 0 7.0 6.7 7.5 2.5 2 0 3 0 0
-6625.4 1065.6 -22.5 183 0 6.9 7.7 5.0 2.5 2 0 2 2 2
-6640.7 1103.5 -22.6 2 0 9.4 8.3 5.0 2.5 2 0 2 1 1
-6604.8 1062.4 -22.9 186 0 7.3 8.9 10.0 2.5 2 0 4 2 2
-6605.4 944.0 -21.5 115 0 7.3 8.2 7.5 2.5 2 1 3 1 1
-6662.4 1019.9 -21.9 263 0 7.9 7.4 7.5 2.5 2 0 3 4 4
-6815.7 727.2 -20.0 189 0 7.7 6.9 2.5 2.5 2 0 1 3 3
-6686.7 1032.6 -22.4 90 0 7.2 7.6 7.5 2.5 2 0 3 0 0
-6774.0 1021.7 -23.4 88 0 9.0 10.4 5.0 2.5 2 0 2 1 1
-6690.2 1061.6 -22.7 180 0 7.8 8.3 7.5 2.5 2 1 3 3 3
-6636.4 1011.1 -21.5 273 0 8.6 10.3 7.5 2.5 4 1 3 5 5
-6691.3 1126.3 -23.2 268 0 7.1 8.2 7.5 2.5 2 1 3 3 3
-6435.4 775.1 -19.3 285 0 6.1 11.9 7.5 2.5 2 1 3 2 2
-6661.8 856.9 -20.1 355 0 6.4 8.7 7.5 2.5 4 1 3 5 5
-6649.5 903.5 -20.4 106 0 7.3 10.1 5.0 2.5 2 1 2 4 4
-6784.9 910.5 -22.1 287 0 11.2 6.1 10.0 2.5 4 0 4 4 4
-6772.3 998.8 -23.0 264 0 7.7 8.3 7.5 2.5 4 1 3 2 2
-6819.7 813.3 -19.7 269 0 7.7 8.1 7.5 2.5 2 1 3 5 5
-6544.2 1037.9 -23.5 188 0 7.5 8.4 7.5 0.0 0 1 3 3 3
-6337.6 858.3 -22.2 178 0 7.8 7.5 10.0 2.5 2 0 4 2 2
-6359.9 912.9 -23.2 109 0 7.2 7.8 7.5 2.5 2 1 3 3 3
4546.0 2529.5 -0.8 270 0 9.2 17.0 7.5 2.5 2 1 3 5 5
4557.1 2695.3 3.6 41 0 7.2 18.5 7.5 2.5 2 1 3 4 4
3937.5 2414.4 0.4 259 0 7.2 8.8 7.5 2.5 2 1 3 3 3
4082.0 2870.7 1.9 0 0 7.9 8.7 7.5 2.5 2 1 3 3 3
3891.4 1903.9 2.2 208 0 11.1 10.2 2.5 2.5 2 0 1 4 4
3906.6 1739.7 2.2 85 0 7.4 8.0 5.0 2.5 2 1 2 2 2
4962.6 2658.0 -1.5 269 0 6.8 6.9 7.5 2.5 2 1 3 1 1
3998.2 2876.4 0.7 0 0 8.8 13.1 7.5 2.5 2 1 3 3 3
3931.9 1801.2 2.8 0 0 8.1 8.6 10.0 2.5 2 1 4 0 0
623.9 -1159.3 -4.4 157 0 6.8 10.1 7.5 2.5 2 1 3 0 0
1214.8 -1414.3 -0.2 358 0 10.9 7.1 7.5 2.5 4 0 3 2 2
-6276.9 837.3 -22.2 270 0 9.1 9.8 7.5 2.5 2 1 3 3 3
-6300.5 869.7 -22.8 1 0 8.1 17.9 7.5 2.5 2 1 3 3 3
1853.7 -1386.1 0.6 358 0 7.7 7.8 7.5 0.0 0 1 3 1 1
1828.6 -1294.0 1.2 360 0 8.0 9.3 2.5 2.5 4 1 1 5 5
1733.6 -1298.6 3.4 72 0 6.9 10.7 2.5 2.5 2 1 1 1 1
1694.1 -1350.2 5.5 319 0 7.3 7.5 5.0 2.5 2 1 2 0 0
1957.9 -1356.6 -2.3 176 0 8.4 8.4 7.5 2.5 2 1 3 0 0
1894.5 -1471.2 1.9 181 0 9.8 12.8 2.5 2.5 2 1 1 5 5
1892.3 -1487.5 2.4 180 0 9.4 9.8 10.0 2.5 4 1 4 0 0
2103.9 -1495.1 -4.1 77 0 11.0 13.6 10.0 2.5 2 1 4 0 0
2017.3 -1355.5 -4.2 93 0 7.8 6.5 7.5 2.5 2 0 3 3 3
2046.2 -1313.1 -4.7 242 0 9.5 10.4 5.0 2.5 2 1 2 5 5
2388.6 -1489.5 -3.6 75 0 9.5 15.7 7.5 2.5 2 1 3 0 0
2260.9 -1512.4 -4.3 88 0 7.5 10.1 7.5 2.5 2 1 3 1 1
2393.0 4474.7 -5.4 212 0 7.5 9.7 7.5 2.5 4 1 3 3 3
2391.0 4457.1 -5.7 122 0 8.7 8.4 5.0 2.5 4 0 2 4 4
2417.0 4436.7 -5.0 126 0 8.5 20.5 2.5 2.5 2 1 1 5 5
2136.8 -1467.5 -4.8 356 0 10.2 7.0 5.0 2.5 4 0 2 2 2
2226.1 -1468.3 -5.4 270 0 11.7 8.9 5.0 2.5 2 0 2 1 1
2415.5 -1435.2 -4.9 347 0 11.9 10.2 2.5 2.5 2 0 1 2 2
2701.3 -1340.6 -4.2 137 0 8.5 8.0 7.5 2.5 2 0 3 4 4
2614.0 -1283.4 -6.2 323 0 9.8 7.3 7.5 2.5 2 0 3 4 4
2097.3 -1185.3 -5.0 268 0 7.6 11.8 5.0 2.5 2 1 2 0 0
2116.4 -1185.6 -5.4 272 0 9.7 7.5 7.5 2.5 4 0 3 0 0
2080.4 -1107.4 -3.9 359 0 9.5 8.0 7.5 2.5 2 0 3 5 5
2181.2 -1081.4 -6.7 265 0 6.5 10.4 10.0 0.0 0 1 4 4 4
2140.9 -1098.4 -5.7 267 0 11.7 9.4 7.5 2.5 2 0 3 3 3
1290.2 -1080.6 -4.4 29 0 6.9 10.6 5.0 2.5 2 1 2 3 3
1420.9 -1237.8 1.8 180 0 8.7 7.6 10.0 0.0 0 0 4 1 1
1378.2 -1401.2 5.7 181 0 6.9 7.0 5.0 2.5 2 1 2 2 2
1309.4 -1396.3 2.7 10 0 6.1 6.7 5.0 2.5 4 1 2 5 5
1171.4 -875.6 -7.3 132 0 8.8 8.8 7.5 2.5 4 0 3 3 3
1339.9 -766.9 -5.9 44 0 6.2 8.5 5.0 2.5 2 1 2 3 3
1199.4 -1262.2 -1.6 359 0 9.0 7.2 7.5 2.5 4 0 3 4 4
1320.0 -768.3 -6.1 181 0 16.0 8.8 7.5 2.5 2 0 3 2 2
1036.2 -1201.0 -4.5 359 0 6.9 6.1 7.5 0.0 0 0 3 4 4
1082.9 -964.1 -7.5 128 0 7.6 6.7 5.0 0.0 0 0 2 2 2
1155.1 -988.3 -7.9 222 0 6.9 6.0 2.5 2.5 2 0 1 4 4
1201.3 -1276.3 -1.7 359 0 9.4 8.4 5.0 2.5 2 0 2 4 4
1204.7 -1250.1 -1.5 20 0 10.0 6.7 7.5 2.5 2 0 3 0 0
1116.4 -1198.4 -3.4 85 0 8.4 10.9 10.0 2.5 2 1 4 0 0
5617.1 -1246.3 2.8 2 0 8.0 10.7 7.5 2.5 2 1 3 3 3
5616.0 -1111.3 2.6 213 0 7.9 8.4 7.5 0.0 0 1 3 0 0
5567.1 -1235.2 3.1 273 0 9.0 8.5 7.5 2.5 2 0 3 3 3
5480.0 -1502.0 6.4 103 0 9.0 11.1 7.5 0.0 0 1 3 3 3
5310.6 -1501.6 2.7 7 0 7.5 6.9 5.0 2.5 2 0 2 2 2
5275.5 -1491.0 2.3 254 0 9.9 12.3 7.5 2.5 2 1 3 3 3
1682.8 -1122.1 4.5 91 0 8.0 7.4 5.0 2.5 4 0 2 3 3
1747.7 -1164.0 4.1 91 0 7.8 6.9 2.5 2.5 2 0 1 3 3
1700.4 -1281.3 2.6 97 0 9.2 9.2 7.5 2.5 4 1 3 0 0
1484.8 -893.6 -1.3 266 0 6.4 9.6 5.0 2.5 2 1 2 0 0
1509.0 -901.1 -0.8 268 0 7.5 7.8 7.5 2.5 2 1 3 1 1
1545.1 -933.1 0.3 155 0 11.4 9.5 5.0 2.5 2 0 2 4 4
1690.1 -1084.5 3.9 285 0 12.5 7.1 5.0 2.5 2 0 2 5 5
1741.7 -1101.5 3.2 249 0 15.8 12.0 5.0 2.5 2 0 2 2 2
1797.8 -1093.4 3.3 258 0 6.3 12.5 2.5 0.0 0 1 1 5 5
1465.7 -1257.9 1.1 359 0 15.4 14.5 10.0 2.5 2 0 4 1 1
1446.4 -1296.5 2.2 4 0 12.7 10.6 10.0 2.5 2 0 4 3 3
1449.3 -1346.9 3.1 102 0 8.7 11.3 7.5 2.5 2 1 3 3 3
1969.6 -1287.5 -3.2 168 0 7.9 10.6 10.0 2.5 2 1 4 1 1
1958.1 -1135.7 -0.5 180 0 12.9 7.9 5.0 2.5 2 0 2 2 2
1895.3 -1243.8 0.0 86 0 14.1 10.4 7.5 2.5 2 0 3 5 5
1883.4 -1179.9 2.0 353 0 20.5 13.3 7.5 2.5 2 0 3 3 3
1834.6 -1142.7 3.8 330 0 11.1 7.5 7.5 2.5 2 0 3 3 3
1863.7 -1165.3 3.0 354 0 19.9 9.5 10.0 2.5 2 0 4 0 0
1853.4 -1184.1 3.4 355 0 7.8 6.6 2.5 2.5 4 0 1 4 4
2113.8 -1258.8 -5.0 79 0 9.4 11.6 7.5 2.5 2 1 3 5 5
1808.2 -1192.0 3.9 178 0 8.4 11.7 7.5 2.5 2 1 3 3 3
1816.8 -1226.3 3.1 179 0 8.5 8.9 7.5 2.5 2 1 3 5 5
1738.1 -715.3 -5.8 180 0 7.5 7.1 5.0 2.5 2 0 2 4 4
1740.8 -743.8 -5.1 180 0 13.6 9.7 5.0 2.5 2 0 2 5 5
1744.0 -795.6 -3.4 182 0 9.2 9.9 10.0 2.5 2 1 4 4 4
1739.0 -831.7 -2.3 180 0 11.4 10.7 7.5 2.5 2 0 3 4 4
1747.4 -863.5 -2.4 180 0 12.2 7.6 2.5 2.5 2 0 1 3 3
1749.1 -915.3 -2.6 111 0 6.3 14.3 5.0 2.5 2 1 2 3 3
1778.0 -999.2 0.5 359 0 6.4 10.8 7.5 0.0 0 1 3 4 4
1568.4 -669.8 -5.2 236 0 9.2 6.4 10.0 2.5 2 0 4 1 1
1605.0 -926.5 2.6 325 0 10.4 9.3 5.0 2.5 2 0 2 4 4
1586.5 -634.0 -5.8 268 0 7.6 12.1 5.0 2.5 2 1 2 0 0
1620.0 -677.9 -5.6 359 0 8.4 11.3 5.0 2.5 2 1 2 3 3
6518.0 969.7 0.1 165 0 8.4 6.4 10.0 2.5 2 0 4 2 2
1385.0 -760.7 -4.3 88 0 9.4 9.8 7.5 2.5 2 1 3 3 3
1522.1 -724.9 -3.3 179 0 7.2 7.3 5.0 2.5 2 1 2 4 4
1534.4 -767.4 -1.5 204 0 9.5 9.8 2.5 0.0 0 1 1 3 3
1888.3 -1104.0 1.8 80 0 10.2 31.3 7.5 2.5 2 1 3 4 4
1909.6 -1099.9 0.9 80 0 9.1 27.5 7.5 2.5 2 1 3 5 5
1877.6 -1042.2 1.3 157 0 10.2 22.1 5.0 2.5 2 1 2 2 2
1898.5 -1031.5 1.0 152 0 6.4 7.4 2.5 2.5 2 1 1 2 2
2044.1 -853.8 -4.0 48 0 13.4 9.0 5.0 2.5 2 0 2 2 2
2023.1 -886.7 -2.9 49 0 9.3 9.3 7.5 2.5 2 1 3 0 0
1983.8 -844.3 -2.3 212 0 9.7 10.5 7.5 2.5 2 1 3 0 0
1919.0 -937.8 -0.5 320 0 8.3 13.0 10.0 2.5 2 1 4 4 4
1879.8 -957.4 -1.0 223 0 12.2 6.5 5.0 2.5 2 0 2 0 0
1859.4 -996.2 -0.2 215 0 7.3 8.6 7.5 2.5 2 1 3 1 1
1792.9 -760.3 -4.4 271 0 10.6 11.9 10.0 2.5 4 1 4 2 2
1823.2 -690.4 -6.6 360 0 10.5 13.1 7.5 2.5 2 1 3 2 2
1796.3 -834.9 -4.2 0 0 10.0 10.1 7.5 2.5 4 1 3 5 5
1814.9 -889.3 -4.6 78 0 11.6 12.6 10.0 0.0 0 1 4 4 4
6846.7 6.3 0.1 6 0 7.1 9.5 5.0 0.0 0 1 2 0 0
6791.2 -139.7 0.5 64 0 18.5 10.1 5.0 0.0 0 0 2 5 5
6752.7 -48.6 0.9 94 0 9.5 10.0 5.0 2.5 2 1 2 2 2
6711.9 17.5 0.5 209 0 8.9 7.3 2.5 2.5 2 0 1 3 3
6684.1 -47.8 1.7 180 0 9.8 7.8 2.5 2.5 2 0 1 0 0
6697.0 -74.6 1.8 358 0 14.4 6.7 5.0 2.5 2 0 2 3 3
6606.3 -154.9 0.9 79 0 7.2 9.8 5.0 2.5 2 1 2 2 2
709.4 -747.5 -11.3 86 0 7.2 6.3 7.5 2.5 2 0 3 2 2
4491.6 -1468.7 3.7 208 0 7.2 12.2 7.5 2.5 2 1 3 3 3
4198.0 -1217.2 16.5 39 0 6.8 6.8 5.0 2.5 2 1 2 2 2
3682.3 -1489.0 -3.1 91 0 6.2 7.7 7.5 2.5 2 1 3 0 0
6863.6 90.8 -0.8 115 0 6.0 9.6 7.5 2.5 2 1 3 5 5
6878.5 137.5 -1.3 246 0 9.7 13.1 5.0 2.5 4 1 2 1 1
6905.2 -70.6 0.2 319 0 9.4 9.0 10.0 2.5 2 0 4 1 1
6865.3 -186.5 0.3 37 0 8.6 8.1 7.5 0.0 0 0 3 1 1
5121.8 -1467.2 2.0 327 0 7.0 10.6 7.5 0.0 0 1 3 5 5
4787.8 -1235.8 2.6 33 0 8.2 7.6 7.5 2.5 2 0 3 2 2
5104.4 -628.0 -3.9 86 0 6.2 6.3 10.0 2.5 4 1 4 4 4
5110.9 -562.6 -3.5 323 0 6.4 6.3 10.0 2.5 2 0 4 0 0
3290.5 2407.4 -4.8 89 0 6.3 10.6 5.0 2.5 2 1 2 5 5
1669.7 2288.3 -7.7 115 0 7.4 9.5 10.0 2.5 2 1 4 0 0
3665.7 2477.4 0.3 0 0 6.8 7.1 2.5 2.5 2 1 1 2 2
3453.1 2531.5 -2.5 270 0 7.1 11.5 5.0 0.0 0 1 2 0 0
3349.8 2508.8 -3.0 267 0 6.1 8.9 5.0 2.5 2 1 2 2 2
2815.6 2319.6 -6.4 89 0 6.2 8.4 7.5 2.5 2 1 3 1 1
4881.1 -198.1 -3.6 119 0 11.4 8.9 7.5 2.5 2 0 3 0 0
4934.1 -318.5 -0.9 89 0 7.5 7.3 7.5 2.5 2 0 3 4 4
5024.2 65.3 -7.4 181 0 6.7 7.1 7.5 2.5 2 1 3 2 2
4150.6 2061.9 -2.2 3 0 6.3 6.0 7.5 2.5 2 0 3 0 0
3724.7 1465.2 -0.3 181 0 19.1 7.6 7.5 2.5 2 0 3 3 3
4150.5 2389.7 0.7 181 0 6.2 6.5 5.0 2.5 2 1 2 5 5
3933.8 2331.7 -0.0 179 0 6.6 6.5 10.0 2.5 2 0 4 3 3
3941.8 2198.1 3.1 271 0 6.1 13.6 2.5 2.5 2 1 1 4 4
3835.2 2086.4 1.3 6 0 15.0 6.2 2.5 2.5 2 0 1 4 4
3870.6 2202.8 3.4 19 0 6.0 7.4 2.5 2.5 2 1 1 3 3
3778.1 2364.3 -0.1 280 0 6.2 11.0 2.5 2.5 2 1 1 2 2
3875.3 2394.3 0.9 270 0 7.1 6.4 5.0 2.5 2 0 2 0 0
3889.8 2359.3 0.2 81 0 10.7 15.7 7.5 2.5 2 1 3 5 5
4030.0 2039.7 1.5 358 0 6.1 7.9 7.5 2.5 2 1 3 3 3
3583.0 1992.5 -0.6 146 0 8.2 6.3 2.5 2.5 2 0 1 4 4
3584.3 2011.8 -1.0 234 0 7.0 10.2 7.5 2.5 2 1 3 0 0
3624.7 2077.4 -0.9 210 0 8.3 6.1 7.5 2.5 2 0 3 2 2
3699.5 2322.3 -0.3 89 0 7.0 6.6 7.5 2.5 2 0 3 3 3
3434.6 1719.3 7.2 329 0 7.2 6.9 7.5 0.0 0 0 3 4 4
3474.0 1718.2 6.9 150 0 7.9 9.9 2.5 2.5 2 1 1 3 3
3520.4 1919.3 -0.6 58 0 6.3 7.1 5.0 2.5 2 1 2 2 2
3524.2 1934.5 -1.0 333 0 6.4 6.4 5.0 2.5 2 1 2 4 4
3380.4 1592.1 5.7 261 0 7.1 7.5 7.5 2.5 4 1 3 0 0
3355.3 1650.3 7.5 141 0 6.9 8.4 10.0 2.5 2 1 4 3 3
3395.0 1700.2 7.3 262 0 7.4 7.3 7.5 2.5 2 0 3 0 0
5092.5 2445.6 -0.3 99 0 11.6 20.0 5.0 2.5 2 1 2 5 5
4853.0 2699.8 -0.1 101 0 8.7 7.2 5.0 0.0 0 0 2 5 5
4715.8 2574.8 -0.1 221 0 6.6 6.1 7.5 2.5 2 0 3 1 1
4688.2 2522.0 0.4 212 0 6.7 7.3 5.0 2.5 2 1 2 2 2
4547.1 2487.1 -1.3 136 0 7.3 9.7 5.0 2.5 4 1 2 3 3
4582.0 2829.6 2.6 32 0 9.5 6.6 2.5 2.5 2 0 1 4 4
3986.7 2262.7 1.1 84 0 6.8 7.8 10.0 2.5 2 1 4 5 5
4934.6 132.7 -5.1 67 0 7.5 9.6 7.5 2.5 2 1 3 2 2
4995.5 243.0 -8.4 80 0 10.9 10.6 7.5 2.5 2 0 3 1 1
4900.3 2325.5 -3.1 57 0 7.6 7.0 10.0 2.5 2 0 4 4 4
5047.1 2469.3 -0.7 234 0 13.9 21.4 7.5 2.5 2 1 3 2 2
3056.9 2482.6 -1.6 0 0 9.3 6.9 7.5 2.5 2 0 3 2 2
3032.2 2484.1 -1.5 179 0 6.1 6.6 10.0 0.0 0 1 4 3 3
3876.1 2389.1 0.8 265 0 7.1 8.1 7.5 2.5 2 1 3 1 1
4137.4 1595.8 -8.2 87 0 7.9 6.4 7.5 0.0 0 0 3 3 3
4106.6 2902.0 1.1 43 0 6.0 7.1 7.5 2.5 2 1 3 5 5
6692.0 -134.7 0.9 71 0 7.1 7.5 7.5 2.5 2 1 3 0 0
6713.1 -121.7 1.1 342 0 9.6 9.2 10.0 0.0 0 0 4 4 4
5846.6 814.9 -5.1 38 0 7.7 7.1 7.5 2.5 2 0 3 1 1
5856.7 907.0 -3.6 126 0 9.1 6.8 5.0 2.5 2 0 2 2 2
6840.5 -1303.1 -3.3 39 0 9.2 9.7 7.5 2.5 2 1 3 2 2
6685.5 -1106.0 -5.0 324 0 6.5 8.0 7.5 0.0 0 1 3 0 0
6495.1 -1213.8 -2.8 136 0 8.5 7.4 10.0 2.5 2 0 4 2 2
5231.8 -1387.1 4.4 131 0 11.6 16.8 7.5 2.5 2 1 3 4 4
-1187.8 -3509.6 0.9 358 0 9.7 11.5 5.0 2.5 2 1 2 3 3
-6803.1 943.8 -22.8 270 0 8.5 8.0 7.5 2.5 2 0 3 1 1
6742.7 -3842.1 7.1 33 0 8.2 14.9 7.5 2.5 2 1 3 4 4
3732.1 -2774.9 6.5 159 0 10.4 10.7 10.0 2.5 2 1 4 5 5
3856.2 -2857.1 5.1 300 0 7.1 12.4 7.5 2.5 2 1 3 0 0
3866.3 -2656.1 7.2 17 0 7.5 11.1 5.0 0.0 0 1 2 5 5
3719.0 -2463.4 7.0 327 0 10.8 14.0 2.5 2.5 2 1 1 4 4
3797.4 -2557.6 6.7 336 0 8.8 13.8 7.5 2.5 2 1 3 0 0
3815.2 -2589.8 6.9 319 0 13.7 8.2 7.5 2.5 2 0 3 4 4
3810.5 -2535.8 7.9 149 0 9.9 9.8 7.5 2.5 2 0 3 2 2
3839.2 -2576.3 8.8 151 0 9.8 7.9 5.0 2.5 4 0 2 2 2
3903.3 -2599.1 8.3 273 0 10.6 9.3 2.5 2.5 4 0 1 0 0
3947.2 -2604.2 8.0 66 0 7.1 9.6 7.5 2.5 2 1 3 4 4
4112.3 -2169.6 8.8 287 0 7.1 9.6 7.5 2.5 2 1 3 4 4
4152.2 -2169.0 8.7 272 0 15.6 12.9 2.5 2.5 2 0 1 3 3
4024.2 -2178.1 9.0 188 0 16.8 11.9 2.5 2.5 4 0 1 3 3
4045.1 -2220.1 10.1 88 0 13.8 12.2 2.5 2.5 2 0 1 1 1
4084.9 -2218.0 10.1 86 0 18.3 10.6 7.5 2.5 2 0 3 2 2
3899.3 -2329.6 9.7 324 0 10.0 8.0 7.5 2.5 4 0 3 0 0
3940.0 -2337.5 10.9 130 0 13.6 11.6 5.0 2.5 2 0 2 5 5
3940.8 -2393.9 11.5 320 0 10.9 9.6 2.5 2.5 2 0 1 2 2
3972.0 -2378.6 11.5 174 0 7.6 13.3 7.5 2.5 2 1 3 4 4
3951.9 -2418.4 11.9 307 0 7.3 7.4 7.5 2.5 4 1 3 2 2
3983.2 -2462.7 12.1 9 0 6.8 11.6 5.0 2.5 2 1 2 3 3
4010.4 -2492.1 10.7 322 0 18.9 10.5 2.5 2.5 2 0 1 5 5
3994.9 -2607.5 8.2 246 0 14.9 9.5 7.5 2.5 4 0 3 4 4
4050.5 -2559.1 10.2 222 0 8.3 11.0 2.5 2.5 2 1 1 2 2
4099.2 -2604.8 8.4 321 0 8.9 8.0 7.5 2.5 4 0 3 1 1
4103.8 -2578.4 8.9 122 0 8.0 6.2 5.0 2.5 2 0 2 3 3
4129.6 -2611.0 6.9 139 0 12.4 9.0 5.0 2.5 2 0 2 3 3
4118.0 -2651.9 5.6 315 0 13.8 11.7 7.5 2.5 2 0 3 2 2
4582.7 -2056.0 6.0 260 0 10.1 7.5 2.5 2.5 2 0 1 4 4
4493.9 -1999.5 5.8 201 0 7.2 11.4 7.5 0.0 0 1 3 4 4
4565.6 -1645.1 4.6 90 0 6.2 9.2 5.0 2.5 2 1 2 3 3
4550.2 -1713.4 4.7 38 0 6.7 10.8 7.5 2.5 2 1 3 5 5
4606.0 -1576.2 4.3 45 0 7.3 7.5 7.5 2.5 2 1 3 4 4
4476.0 -1533.9 5.1 2 0 8.4 10.3 5.0 2.5 2 1 2 1 1
4430.0 -1648.4 2.4 355 0 7.6 6.8 5.0 2.5 2 0 2 0 0
4458.0 -2082.9 7.2 315 0 10.0 10.0 10.0 2.5 2 0 4 5 5
4570.5 -1863.3 6.8 73 0 6.1 11.8 10.0 2.5 2 1 4 5 5
4467.3 -1749.3 4.0 340 0 9.0 7.8 5.0 2.5 2 0 2 4 4
4555.2 -1917.1 7.2 25 0 17.5 13.7 7.5 2.5 2 0 3 1 1
4529.9 -2064.6 5.9 311 0 15.8 7.4 5.0 2.5 2 0 2 4 4
4554.3 -2123.7 6.0 12 0 7.9 8.1 7.5 2.5 2 1 3 3 3
4627.0 -2068.0 5.7 295 0 14.6 14.6 10.0 2.5 2 1 4 1 1
4665.7 -2183.5 4.4 109 0 18.0 14.2 7.5 0.0 0 0 3 5 5
4840.7 -2130.5 3.0 26 0 11.9 9.5 7.5 2.5 2 0 3 5 5
4832.8 -2223.2 5.8 117 0 14.6 15.8 10.0 2.5 2 1 4 3 3
4776.9 -2231.9 5.1 305 0 22.6 8.3 7.5 2.5 2 0 3 2 2
4651.7 -2386.7 8.4 200 0 6.1 7.8 7.5 2.5 2 1 3 5 5
4694.5 -2412.9 8.6 90 0 9.4 10.1 7.5 2.5 2 1 3 4 4
4725.7 -2379.9 7.9 20 0 12.2 7.5 7.5 2.5 2 0 3 4 4
4791.7 -2407.6 8.2 65 0 8.4 10.1 2.5 0.0 0 1 1 3 3
4807.9 -2437.8 10.0 236 0 10.4 13.2 7.5 2.5 2 1 3 4 4
4852.5 -2381.9 8.1 199 0 14.3 7.2 5.0 2.5 2 0 2 5 5
4970.9 -2427.5 9.0 177 0 8.1 11.5 7.5 2.5 2 1 3 5 5
5037.7 -2438.5 9.0 309 0 8.9 16.8 2.5 2.5 2 1 1 0 0
5044.6 -2359.7 7.8 357 0 12.9 12.1 10.0 2.5 2 0 4 4 4
5064.3 -1784.2 4.7 221 0 8.2 8.6 10.0 0.0 0 1 4 1 1
5178.8 -1597.4 2.1 336 0 7.4 8.0 5.0 2.5 2 1 2 2 2
5232.9 -1650.3 3.2 221 0 11.7 7.8 5.0 2.5 2 0 2 3 3
5252.8 -1614.2 3.6 207 0 12.8 10.5 7.5 2.5 2 0 3 1 1
5352.6 -1682.9 5.1 109 0 7.2 9.6 7.5 2.5 2 1 3 1 1
5320.8 -1644.8 4.9 204 0 7.8 7.1 5.0 2.5 2 0 2 1 1
5408.9 -1788.6 5.1 250 0 8.7 14.6 2.5 2.5 2 1 1 5 5
5551.3 -1748.0 5.7 178 0 14.6 8.2 5.0 2.5 4 0 2 5 5
5579.0 -1725.9 5.3 2 0 7.4 9.1 7.5 2.5 2 1 3 2 2
5551.8 -1685.0 6.8 153 0 10.5 11.6 10.0 2.5 2 1 4 3 3
5564.4 -1653.5 7.6 87 0 6.2 9.0 7.5 2.5 2 1 3 3 3
5551.3 -1553.4 6.0 180 0 14.8 7.3 10.0 2.5 2 0 4 2 2
5618.1 -1564.2 5.4 2 0 8.0 10.3 7.5 2.5 2 1 3 0 0
5620.3 -1609.4 4.8 353 0 9.9 9.2 7.5 2.5 2 0 3 5 5
5742.5 -1763.8 4.6 112 0 14.6 15.3 7.5 2.5 2 1 3 1 1
5751.0 -1710.1 4.6 190 0 9.7 14.0 10.0 2.5 2 1 4 3 3
5616.2 -2066.5 5.3 72 0 8.6 9.4 7.5 2.5 2 1 3 2 2
5678.4 -2099.8 3.8 145 0 11.4 8.7 7.5 2.5 2 0 3 2 2
5679.2 -2059.1 4.5 177 0 9.2 13.2 7.5 2.5 2 1 3 5 5
5883.2 -2121.1 3.0 96 0 11.8 9.8 7.5 2.5 2 0 3 1 1
5907.7 -2054.8 3.4 246 0 10.0 12.4 5.0 2.5 2 1 2 2 2
5949.9 -2057.6 2.6 251 0 9.7 12.0 7.5 2.5 2 1 3 5 5
5922.5 -1761.9 1.9 18 0 12.3 12.1 7.5 2.5 2 0 3 4 4
5963.1 -1820.1 3.1 116 0 7.9 9.5 5.0 2.5 2 1 2 1 1
5881.3 -1802.4 4.1 90 0 11.5 10.4 5.0 2.5 2 0 2 3 3
5783.1 -1782.3 6.0 90 0 9.4 11.8 7.5 2.5 2 1 3 1 1
5823.9 -1785.1 5.7 92 0 9.4 11.6 10.0 2.5 2 1 4 0 0
5613.1 -1656.2 4.5 92 0 9.7 10.4 7.5 2.5 2 1 3 1 1
5653.9 -1703.2 4.3 171 0 11.0 11.6 7.5 2.5 2 1 3 1 1
5684.6 -1747.9 4.3 168 0 9.2 12.6 10.0 2.5 2 1 4 0 0
5759.6 -2250.6 3.5 318 0 9.4 9.6 5.0 0.0 0 1 2 1 1
5736.1 -2108.9 3.2 78 0 10.8 15.6 7.5 2.5 2 1 3 2 2
5765.6 -2107.5 3.2 68 0 7.9 9.4 7.5 2.5 2 1 3 3 3
5803.3 -2108.1 3.1 77 0 7.8 7.9 7.5 2.5 2 1 3 3 3
5851.6 -2105.8 3.1 257 0 12.7 7.2 7.5 2.5 2 0 3 4 4
5872.5 -2061.8 3.7 202 0 13.2 7.0 7.5 2.5 2 0 3 3 3
5736.2 -2051.5 4.2 238 0 11.1 9.1 7.5 2.5 4 0 3 3 3
5789.0 -2037.5 4.2 342 0 10.9 11.4 5.0 2.5 2 1 2 5 5
5695.1 -1985.8 6.0 209 0 11.8 15.1 10.0 2.5 2 1 4 0 0
5611.6 -1810.2 5.5 301 0 11.4 7.8 5.0 2.5 4 0 2 1 1
5558.2 -1965.4 7.1 105 0 19.2 10.5 5.0 2.5 4 0 2 1 1
5606.4 -1867.6 6.4 28 0 12.1 19.6 2.5 2.5 2 1 1 2 2
5543.8 -1883.0 6.0 292 0 13.0 14.3 10.0 2.5 2 1 4 1 1
5470.4 -2011.0 8.3 209 0 9.8 14.0 7.5 2.5 4 1 3 0 0
5488.0 -1978.3 7.6 219 0 9.4 11.1 5.0 2.5 4 1 2 2 2
5493.1 -1947.3 7.1 224 0 11.0 19.2 5.0 2.5 4 1 2 2 2
5451.2 -1844.6 5.9 320 0 10.9 9.6 7.5 2.5 2 0 3 5 5
5416.3 -1869.0 6.3 145 0 12.8 12.7 2.5 2.5 2 0 1 4 4
5380.7 -1821.5 5.7 163 0 11.3 8.9 7.5 0.0 0 0 3 1 1
5211.8 -1867.8 7.1 326 0 8.3 6.8 10.0 2.5 2 0 4 5 5
5194.0 -1927.7 6.6 58 0 6.6 10.4 5.0 2.5 2 1 2 0 0
5165.1 -1896.4 6.4 130 0 8.1 6.9 7.5 2.5 2 0 3 5 5
5134.8 -1820.4 6.2 129 0 11.2 8.0 10.0 2.5 2 0 4 3 3
5176.8 -1844.0 6.6 300 0 15.9 14.5 5.0 2.5 2 0 2 0 0
4949.7 -2156.5 6.3 180 0 7.7 7.6 7.5 2.5 2 0 3 0 0
4926.8 -2108.9 4.4 0 0 14.2 10.6 5.0 2.5 2 0 2 0 0
4947.7 -2102.0 5.0 178 0 11.6 14.7 7.5 2.5 2 1 3 2 2
5052.4 -2095.0 3.3 328 0 9.3 11.1 7.5 2.5 4 1 3 4 4
5045.8 -2209.8 5.4 78 0 13.8 20.8 7.5 2.5 2 1 3 2 2
1721.3 -5167.2 -0.2 126 0 13.1 10.4 2.5 2.5 4 0 1 0 0
1634.5 -5184.5 2.7 225 0 10.4 9.6 10.0 2.5 2 0 4 3 3
1678.1 -5276.7 1.1 210 0 10.5 9.9 7.5 2.5 2 0 3 2 2
1702.5 -5267.2 0.5 296 0 10.5 15.7 7.5 2.5 2 1 3 5 5
1671.2 -5320.0 1.6 141 0 9.0 10.6 7.5 2.5 2 1 3 5 5
1594.7 -5278.7 3.9 219 0 14.0 10.3 7.5 2.5 2 0 3 0 0
1577.8 -5319.2 4.8 200 0 10.8 9.4 5.0 2.5 2 0 2 3 3
1530.6 -5357.6 3.9 23 0 8.9 11.5 7.5 2.5 2 1 3 5 5
1513.1 -5385.7 3.5 24 0 7.6 9.3 5.0 2.5 2 1 2 1 1
1593.4 -5406.6 5.2 285 0 9.3 9.5 5.0 2.5 2 1 2 1 1
1600.5 -5453.5 4.5 84 0 9.2 8.6 10.0 2.5 2 0 4 0 0
1523.8 -5548.8 4.5 175 0 10.7 8.0 2.5 2.5 2 0 1 4 4
1531.7 -5596.7 3.9 182 0 8.3 15.1 7.5 2.5 2 1 3 5 5
1402.0 -5530.6 2.4 183 0 10.4 12.4 5.0 0.0 0 1 2 4 4
1426.9 -5642.3 2.0 170 0 9.0 12.7 10.0 2.5 2 1 4 0 0
1512.2 -5713.4 2.8 97 0 13.2 7.2 5.0 2.5 2 0 2 4 4
1535.2 -5732.1 2.6 336 0 7.4 12.9 7.5 2.5 2 1 3 5 5
1563.0 -5850.5 2.1 345 0 7.0 14.3 2.5 2.5 2 1 1 4 4
1563.9 -5871.3 2.0 344 0 10.8 7.4 5.0 2.5 2 0 2 4 4
1580.6 -5984.5 3.9 347 0 13.3 8.4 5.0 2.5 2 0 2 2 2
1585.4 -6010.3 4.4 2 0 9.5 6.4 7.5 2.5 2 0 3 3 3
1586.9 -6072.7 5.7 349 0 9.6 11.2 7.5 2.5 2 1 3 0 0
1628.9 -6152.1 6.2 171 0 9.3 9.8 10.0 2.5 2 1 4 1 1
1643.3 -6362.7 7.4 311 0 10.6 8.3 10.0 0.0 0 0 4 4 4
1558.1 -6328.6 5.3 268 0 7.9 8.6 5.0 2.5 2 1 2 0 0
1559.9 -6400.6 6.0 175 0 9.5 10.7 7.5 2.5 2 1 3 2 2
1655.7 -6390.1 7.5 347 0 9.1 9.7 7.5 2.5 2 1 3 2 2
1665.5 -6444.0 7.2 341 0 8.1 10.2 2.5 2.5 2 1 1 4 4
1667.8 -6537.2 5.8 180 0 6.5 6.2 2.5 2.5 2 0 1 5 5
1670.5 -6501.6 6.3 317 0 9.6 6.8 7.5 2.5 2 0 3 3 3
1698.3 -6746.6 5.5 48 0 6.8 10.2 5.0 2.5 2 1 2 5 5
1698.6 -6583.6 5.7 334 0 7.5 16.7 5.0 2.5 2 1 2 5 5
1690.9 -6621.9 5.5 51 0 10.8 29.0 5.0 2.5 2 1 2 1 1
1740.5 -6659.2 6.4 329 0 11.6 8.3 5.0 2.5 2 0 2 3 3
4461.3 -2299.4 7.5 122 0 9.6 7.4 7.5 0.0 0 0 3 1 1
4478.4 -2246.1 9.3 264 0 13.2 9.9 2.5 2.5 2 0 1 1 1
4491.2 -2305.3 8.8 122 0 12.5 9.6 5.0 2.5 2 0 2 0 0
4525.7 -2315.5 8.9 320 0 8.7 11.2 7.5 2.5 2 1 3 1 1
4553.8 -2341.9 8.8 354 0 9.6 8.7 2.5 2.5 2 0 1 1 1
4995.5 -3268.4 2.9 77 0 16.2 10.4 5.0 0.0 0 0 2 2 2
5032.8 -3185.9 4.1 277 0 8.5 9.9 7.5 2.5 2 1 3 3 3
5200.9 -3150.4 4.8 136 0 8.5 16.5 7.5 2.5 2 1 3 3 3
5151.1 -3087.8 5.8 136 0 13.1 11.9 2.5 2.5 2 0 1 2 2
5187.9 -3103.7 5.8 316 0 6.9 7.7 10.0 2.5 2 1 4 4 4
5097.0 -2971.1 8.9 7 0 10.6 10.2 2.5 2.5 4 0 1 0 0
4953.1 -2931.8 15.0 226 0 7.3 12.1 7.5 2.5 2 1 3 3 3
4981.6 -2908.5 14.2 77 0 6.9 14.7 7.5 2.5 2 1 3 4 4
5045.0 -2809.6 11.1 316 0 10.6 9.4 5.0 2.5 2 0 2 2 2
4997.8 -2790.7 10.9 206 0 11.1 7.5 5.0 2.5 2 0 2 5 5
4981.3 -2814.7 11.3 226 0 15.8 8.8 7.5 2.5 2 0 3 0 0
5058.7 -2710.2 12.7 136 0 9.4 13.4 5.0 2.5 2 1 2 2 2
5100.3 -2714.9 13.2 97 0 10.3 7.4 2.5 0.0 0 0 1 4 4
5131.5 -2662.7 14.0 316 0 6.7 9.3 10.0 2.5 2 1 4 3 3
5136.0 -2600.2 12.6 7 0 9.8 10.2 5.0 2.5 4 1 2 3 3
5559.3 -2405.4 7.2 296 0 16.2 11.2 7.5 2.5 2 0 3 5 5
5530.6 -2390.6 8.6 296 0 14.5 8.3 5.0 2.5 2 0 2 1 1
5513.2 -2381.0 9.2 296 0 9.6 19.7 7.5 2.5 2 1 3 2 2
5505.9 -2231.9 9.1 7 0 7.3 10.2 7.5 2.5 2 1 3 1 1
5466.3 -2205.2 10.6 206 0 7.1 9.7 2.5 2.5 2 1 1 2 2
5385.7 -2213.6 10.2 277 0 6.3 6.8 10.0 2.5 2 1 4 3 3
5383.6 -2285.0 11.0 296 0 8.4 11.9 7.5 2.5 2 1 3 5 5
5476.3 -2358.9 9.6 296 0 35.4 12.8 10.0 2.5 2 0 4 2 2
5461.5 -2385.3 9.8 116 0 34.7 10.7 7.5 2.5 2 0 3 2 2
5401.5 -2426.9 10.3 136 0 12.8 14.3 2.5 2.5 2 1 1 0 0
5003.9 -2516.5 10.0 2 0 8.0 15.9 2.5 2.5 2 1 1 5 5
3328.4 -6672.3 10.8 139 0 8.6 7.5 7.5 2.5 2 0 3 4 4
2968.1 -6803.5 14.5 242 0 8.0 8.7 7.5 2.5 4 1 3 0 0
2898.4 -6864.3 12.5 74 0 9.5 7.4 7.5 2.5 2 0 3 5 5
3374.0 -6876.9 8.7 137 0 6.5 6.3 7.5 2.5 2 0 3 5 5
3411.9 -6883.4 8.3 104 0 7.0 6.6 7.5 2.5 2 0 3 0 0
3432.1 -6884.6 8.1 126 0 9.9 10.7 10.0 2.5 2 1 4 5 5
3260.4 -6877.0 9.9 105 0 10.3 7.1 5.0 2.5 2 0 2 5 5
3226.5 -6833.7 10.0 292 0 14.0 10.6 2.5 2.5 4 0 1 1 1
3191.8 -6763.7 11.5 156 0 6.5 9.8 7.5 0.0 0 1 3 2 2
3213.3 -6785.1 10.2 133 0 10.8 8.8 5.0 2.5 2 0 2 4 4
3211.6 -6583.3 16.3 326 0 11.7 16.2 10.0 2.5 2 1 4 3 3
3227.5 -6610.9 14.9 312 0 13.1 7.1 10.0 0.0 0 0 4 2 2
3250.4 -6636.1 13.7 326 0 10.0 11.2 7.5 2.5 2 1 3 5 5
3273.7 -6690.2 11.7 62 0 8.2 7.0 10.0 2.5 4 0 4 5 5
3314.9 -6796.3 11.4 209 0 7.9 12.5 7.5 2.5 2 1 3 2 2
3322.1 -6718.5 10.3 338 0 11.1 6.7 2.5 2.5 2 0 1 5 5
3343.1 -6696.6 10.5 128 0 11.5 10.9 2.5 2.5 2 0 1 0 0
3386.0 -6696.4 11.1 300 0 11.2 8.9 2.5 2.5 2 0 1 4 4
3440.8 -6741.0 9.8 105 0 10.3 9.2 7.5 2.5 2 0 3 1 1
2797.0 -6785.1 9.4 65 0 14.3 9.8 10.0 2.5 4 0 4 3 3
2776.7 -6588.2 6.1 235 0 8.9 11.5 10.0 2.5 4 1 4 3 3
2782.8 -6639.6 7.0 148 0 10.1 9.2 7.5 2.5 2 0 3 0 0
2823.0 -6713.3 9.5 314 0 14.9 9.0 10.0 2.5 2 0 4 3 3
2864.6 -6710.4 11.1 130 0 7.3 12.4 7.5 2.5 2 1 3 2 2
2884.8 -6697.0 11.4 58 0 6.2 10.7 7.5 2.5 2 1 3 2 2
2982.9 -6765.0 14.6 43 0 13.1 11.3 7.5 0.0 0 0 3 0 0
2903.8 -6726.6 12.5 223 0 11.0 8.1 5.0 2.5 2 0 2 1 1
2928.5 -6704.5 12.2 220 0 10.1 9.6 7.5 2.5 2 0 3 2 2
2924.1 -6639.0 10.5 327 0 9.8 24.8 2.5 2.5 2 1 1 1 1
2983.2 -6603.3 10.4 57 0 10.0 7.0 7.5 2.5 2 0 3 1 1
3123.1 -6714.3 15.3 337 0 13.1 13.3 7.5 2.5 2 1 3 3 3
3129.2 -6738.2 14.9 328 0 6.6 9.8 5.0 2.5 2 1 2 5 5
3064.2 -6662.4 14.0 309 0 6.1 10.7 10.0 2.5 2 1 4 2 2
3043.3 -6543.8 11.7 146 0 7.5 7.8 5.0 2.5 2 1 2 5 5
3037.1 -6597.8 11.4 145 0 6.6 6.1 5.0 2.5 4 0 2 3 3
3092.4 -6504.7 12.7 11 0 6.6 6.3 2.5 2.5 2 0 1 0 0
3093.5 -6555.1 12.3 53 0 11.4 7.0 7.5 2.5 2 0 3 2 2
3108.7 -6528.3 13.0 240 0 8.5 9.5 5.0 0.0 0 1 2 0 0
3118.1 -6395.5 12.1 192 0 6.8 8.7 5.0 2.5 2 1 2 3 3
3105.6 -6437.7 13.2 180 0 11.5 6.7 5.0 2.5 2 0 2 3 3
3086.3 -6353.9 10.2 349 0 9.0 7.8 7.5 2.5 2 0 3 5 5
3076.9 -6388.1 10.9 5 0 7.9 14.7 7.5 2.5 2 1 3 3 3
3076.8 -6424.9 12.3 8 0 8.1 6.5 7.5 2.5 2 0 3 2 2
2984.8 -6524.2 10.4 38 0 8.1 9.0 7.5 2.5 2 1 3 5 5
2948.4 -6492.1 9.3 229 0 6.9 13.2 7.5 2.5 2 1 3 3 3
2983.8 -6482.2 10.4 229 0 8.9 12.1 7.5 0.0 0 1 3 0 0
2827.5 -6361.5 6.7 312 0 9.2 10.3 7.5 0.0 0 1 3 1 1
2761.1 -6366.3 6.8 231 0 12.1 8.4 7.5 2.5 2 0 3 5 5
2791.8 -6332.8 6.3 312 0 12.3 9.3 7.5 2.5 2 0 3 2 2
2846.4 -6375.6 6.4 312 0 8.4 7.5 7.5 2.5 4 0 3 4 4
2604.0 -6415.0 6.9 334 0 8.8 6.6 7.5 2.5 2 0 3 0 0
2532.2 -6396.8 6.9 345 0 7.5 9.9 7.5 2.5 2 1 3 2 2
2577.1 -6446.5 5.1 301 0 7.6 10.0 7.5 2.5 2 1 3 3 3
2596.4 -6468.7 4.4 305 0 10.5 7.3 5.0 2.5 2 0 2 4 4
2634.4 -6511.9 3.6 319 0 9.6 6.0 5.0 2.5 2 0 2 5 5
2714.3 -6625.9 5.0 115 0 11.2 7.0 5.0 2.5 2 0 2 4 4
2471.1 -6689.0 1.2 344 0 7.1 7.8 2.5 2.5 2 1 1 5 5
2487.0 -6722.5 1.2 300 0 8.3 6.3 7.5 2.5 2 0 3 2 2
2530.9 -6705.8 2.0 123 0 7.2 8.4 7.5 2.5 2 1 3 3 3
2533.6 -6745.9 2.9 316 0 8.0 8.4 5.0 2.5 2 1 2 5 5
2607.8 -6743.9 5.3 119 0 7.9 8.3 2.5 2.5 2 1 1 0 0
2666.5 -6789.2 8.1 121 0 10.7 10.5 5.0 2.5 2 0 2 0 0
2674.2 -6821.6 9.0 292 0 7.8 7.3 2.5 2.5 2 0 1 5 5
2763.7 -6827.4 8.8 238 0 6.6 8.3 2.5 2.5 2 1 1 5 5
6913.7 -3748.6 10.0 106 0 9.0 6.4 7.5 2.5 2 0 3 1 1
