1351.3 -6687.1 -5.3 316 0 8.4 8.7 7.5 2.5 2 0 3 1 1
1326.6 -6718.6 -3.9 49 0 7.2 8.1 2.5 2.5 2 0 1 0 0
1307.9 -6703.6 -4.2 139 0 9.4 7.6 7.5 2.5 2 0 3 0 0
1326.5 -6686.3 -4.8 316 0 8.9 8.7 7.5 2.5 2 0 3 5 5
1340.8 -6674.3 -4.9 321 0 6.6 8.9 10.5 2.5 2 0 3 5 5
1330.3 -6663.1 -4.6 317 0 7.6 10.3 10.5 2.5 2 0 3 0 0
1315.5 -6676.8 -4.4 313 0 8.1 7.4 10.5 2.5 2 0 3 1 1
1298.5 -6693.8 -4.2 138 0 9.0 7.3 7.5 2.5 2 0 3 0 0
1274.1 -6690.4 -3.7 140 0 7.8 9.5 5.0 2.5 2 0 2 0 0
1286.5 -6674.5 -3.9 229 0 7.4 7.4 10.5 2.5 2 0 3 2 2
1304.0 -6663.5 -4.0 319 0 8.5 6.9 10.5 2.5 2 0 3 0 0
1318.8 -6650.7 -4.2 320 0 10.6 7.3 10.5 2.5 2 0 3 4 4
1280.4 -6643.9 -3.3 115 0 8.1 8.8 10.5 2.5 2 0 3 1 1
1310.5 -6614.8 -3.6 327 0 7.2 9.5 10.5 2.5 2 0 3 2 2
1320.6 -6602.4 -3.8 144 0 9.4 8.3 10.5 2.5 4 0 3 5 5
1281.1 -6583.5 -2.6 320 0 8.6 11.0 5.0 0.0 0 0 2 3 3
1296.8 -6598.3 -3.1 327 0 8.1 10.0 10.5 2.5 2 0 3 1 1
1285.9 -6610.5 -3.0 313 0 9.0 6.2 10.5 2.5 2 0 3 4 4
1265.2 -6632.5 -2.9 133 0 6.7 9.7 7.5 2.5 2 0 3 1 1
1271.6 -6596.4 -2.5 319 0 9.5 6.2 5.0 2.5 2 0 2 5 5
1244.1 -6594.3 -1.9 137 0 8.1 6.6 5.0 2.5 2 0 2 4 4
1256.6 -6576.9 -2.0 302 0 8.7 6.3 7.5 2.5 2 0 3 4 4
1262.8 -6567.3 -2.0 315 0 9.0 7.7 7.5 2.5 2 0 3 3 3
1271.0 -6557.4 -2.1 307 0 9.3 6.8 5.0 2.5 2 0 2 1 1
1261.6 -6530.6 -1.6 118 0 8.3 9.0 7.5 2.5 2 0 3 3 3
1279.5 -6536.9 -1.9 29 0 8.6 7.6 7.5 2.5 2 0 3 3 3
1275.7 -6513.2 -1.6 32 0 9.0 7.2 10.0 2.5 2 0 4 1 1
1283.5 -6485.8 -3.5 23 0 8.5 7.7 7.5 2.5 2 0 3 0 0
1297.8 -6490.1 -4.2 19 0 7.0 8.9 5.0 2.5 2 0 2 0 0
1302.3 -6481.9 -5.3 27 0 7.9 9.1 10.0 2.5 2 1 4 5 5
1319.6 -6503.2 -5.2 204 0 6.3 8.6 7.5 2.5 2 1 3 3 3
1306.0 -6497.2 -4.6 206 0 6.7 8.5 5.0 0.0 0 1 2 2 2
1299.1 -6513.0 -2.8 201 0 8.3 8.8 7.5 2.5 4 1 3 3 3
1286.7 -6543.7 -2.3 218 0 8.9 7.8 7.5 2.5 2 0 3 3 3
1312.3 -6518.6 -3.5 203 0 10.7 7.9 7.5 2.5 2 0 3 3 3
1295.0 -6528.1 -2.3 202 0 8.8 6.3 5.0 2.5 2 0 2 5 5
1308.0 -6533.4 -2.6 205 0 8.9 7.2 7.5 2.5 4 0 3 0 0
1296.1 -6557.9 -2.6 129 0 7.2 9.4 5.0 2.5 2 1 2 5 5
