6853.1 -6007.5 7.9 30 0 7.1 11.5 7.5 2.5 2 0 3 4 4
6740.8 -5857.9 6.3 274 0 6.4 11.5 2.5 2.5 2 0 1 4 4
6755.9 -6012.6 10.1 291 0 9.6 13.1 7.5 2.5 2 0 3 3 3
6779.7 -6008.2 9.1 278 0 8.6 9.0 7.5 2.5 2 0 3 5 5
6777.0 -5902.3 7.2 201 0 8.4 10.1 7.5 2.5 2 0 3 5 5
6778.1 -5884.5 7.0 198 0 9.0 15.2 10.0 2.5 2 0 4 5 5
6819.6 -6055.3 9.4 105 0 8.7 8.9 5.0 2.5 2 0 2 4 4
6836.3 -6055.1 9.2 116 0 7.5 7.9 5.0 2.5 2 0 2 3 3
6828.1 -5851.3 5.9 9 0 9.2 11.3 7.5 0.0 0 0 3 4 4
6826.4 -5872.4 6.0 18 0 7.5 13.6 7.5 2.5 2 0 3 5 5
6815.5 -5960.9 7.3 199 0 11.2 7.8 7.5 2.5 2 0 3 5 5
6829.5 -5940.7 6.6 211 0 7.9 16.0 10.0 2.5 2 0 4 4 4
6907.1 -5852.5 3.9 24 0 9.1 8.6 10.0 0.0 0 0 4 2 2
6878.9 -5863.9 4.4 110 0 12.4 11.4 7.5 2.5 2 0 3 2 2
6895.7 -6026.8 7.4 112 0 9.9 15.6 5.0 2.5 2 0 2 3 3
6866.9 -5976.7 6.9 26 0 15.0 12.9 7.5 2.5 2 0 3 4 4
6888.4 -5949.1 5.8 0 0 8.7 12.5 5.0 2.5 2 0 2 1 1
6854.0 -5886.7 5.3 289 0 6.2 9.7 5.0 0.0 0 1 2 0 0
6859.2 -5867.9 5.1 289 0 9.6 9.1 7.5 2.5 4 0 3 3 3
6894.3 -5891.2 4.5 304 0 6.9 6.4 7.5 2.5 2 0 3 2 2
4650.7 3838.4 -11.6 149 0 16.2 11.1 5.0 2.5 2 0 2 2 2
4589.3 3858.7 -13.4 140 0 14.8 14.5 10.0 2.5 2 0 4 3 3
4584.9 3878.2 -13.1 131 0 9.9 11.0 10.0 2.5 2 0 4 2 2
4581.2 3935.2 -12.6 254 0 9.9 9.7 7.5 2.5 2 0 3 1 1
4535.7 3981.1 -11.1 158 0 14.2 13.4 2.5 2.5 2 0 1 2 2
4572.1 4076.1 -13.8 270 0 14.1 15.2 10.0 2.5 2 1 4 0 0
4548.8 4114.3 -14.3 276 0 11.1 16.7 5.0 2.5 2 1 2 0 0
4521.5 4040.6 -10.7 187 0 15.6 11.4 7.5 2.5 2 0 3 4 4
4513.4 4017.9 -10.1 161 0 13.6 8.7 7.5 2.5 2 0 3 1 1
4480.9 4059.6 -12.4 6 0 10.1 15.2 7.5 2.5 2 1 3 2 2
4418.5 4045.8 -12.9 183 0 13.2 12.6 7.5 2.5 4 0 3 2 2
4490.2 4020.6 -10.4 352 0 11.6 11.1 10.0 2.5 2 0 4 3 3
4503.6 4193.5 -16.3 183 0 11.4 12.5 5.0 2.5 2 1 2 4 4
4498.6 4142.4 -14.3 148 0 9.9 10.7 7.5 0.0 0 1 3 0 0
4441.5 4214.8 -15.5 346 0 19.1 13.8 7.5 2.5 2 0 3 5 5
4447.4 4173.3 -16.3 21 0 16.8 16.7 10.0 2.5 2 0 4 3 3
4401.1 4101.0 -16.1 180 0 14.0 13.6 7.5 0.0 0 0 3 3 3
4391.7 4050.5 -14.4 356 0 20.5 14.1 12.5 2.5 2 0 5 2 2
4397.7 4026.6 -13.0 347 0 10.4 15.2 7.5 2.5 2 1 3 0 0
4399.7 4012.8 -12.8 357 0 7.2 16.5 7.5 2.5 2 1 3 3 3
4417.9 3948.2 -11.0 350 0 16.9 6.2 5.0 2.5 2 0 2 2 2
4401.5 3970.6 -11.7 347 0 7.2 6.0 7.5 2.5 2 0 3 4 4
4373.5 3970.6 -12.8 353 0 11.7 29.6 10.0 2.5 2 1 4 1 1
4400.1 3943.0 -11.5 3 0 16.5 18.5 10.0 2.5 4 1 4 0 0
4170.8 3917.7 -15.2 91 0 18.1 12.0 5.0 2.5 2 0 2 4 4
4204.7 4018.9 -16.0 274 0 18.4 12.8 2.5 2.5 2 0 1 2 2
4215.2 3932.3 -14.7 141 0 16.7 20.9 10.0 2.5 4 1 4 1 1
4227.4 3906.2 -14.5 142 0 14.4 12.3 7.5 2.5 2 0 3 3 3
4199.0 3887.0 -14.7 327 0 11.7 9.8 5.0 2.5 4 0 2 4 4
4231.9 3856.7 -14.4 335 0 8.6 9.5 5.0 0.0 0 1 2 3 3
4197.2 3844.6 -14.3 107 0 8.6 10.6 10.0 2.5 2 1 4 3 3
4117.9 3783.3 -12.0 84 0 13.7 16.7 5.0 2.5 2 1 2 1 1
4169.8 3817.2 -13.7 6 0 14.4 17.0 2.5 2.5 2 1 1 1 1
3858.9 3919.2 -16.8 167 0 29.9 14.1 12.5 2.5 2 0 5 5 5
3959.7 3910.6 -14.2 68 0 9.4 12.3 2.5 2.5 2 1 1 5 5
3992.9 3918.1 -14.7 74 0 20.6 18.8 15.0 0.0 0 0 6 5 5
4033.8 3953.6 -15.3 285 0 17.9 15.5 10.0 2.5 2 0 4 3 3
4109.4 3920.6 -14.9 89 0 16.9 24.6 10.0 2.5 2 1 4 3 3
4088.8 3895.5 -12.5 301 0 14.2 15.5 10.0 2.5 2 1 4 1 1
4120.2 3892.0 -13.9 255 0 16.0 10.4 7.5 0.0 0 0 3 2 2
4077.1 3792.8 -11.5 87 0 20.1 11.0 2.5 2.5 4 0 1 0 0
4078.4 3756.7 -12.3 86 0 14.3 15.1 2.5 2.5 2 1 1 3 3
3882.5 3738.6 -11.0 93 0 10.4 14.7 5.0 2.5 2 1 2 5 5
3746.6 3824.5 -12.9 270 0 13.8 15.7 10.0 2.5 2 1 4 1 1
3822.3 3747.8 -11.5 90 0 13.6 16.8 5.0 0.0 0 1 2 4 4
3856.5 3748.0 -11.3 87 0 9.8 13.1 7.5 0.0 0 1 3 4 4
3702.8 3629.8 -16.0 106 0 20.4 27.1 10.0 2.5 2 1 4 5 5
3586.1 3809.5 -13.3 122 0 11.3 10.4 2.5 2.5 2 0 1 5 5
3625.0 3763.5 -12.0 38 0 9.8 15.0 5.0 0.0 0 1 2 2 2
3728.2 3744.3 -12.1 321 0 23.5 15.1 7.5 0.0 0 0 3 2 2
3760.3 3700.4 -10.2 335 0 10.1 9.8 7.5 2.5 2 0 3 5 5
3763.7 3675.5 -10.9 321 0 15.8 15.9 15.0 0.0 0 1 6 5 5
3346.4 3989.4 -14.5 116 0 15.2 9.9 7.5 2.5 4 0 3 4 4
3239.3 4066.9 -12.6 133 0 15.1 14.7 10.0 2.5 2 0 4 2 2
3273.6 4025.8 -12.8 147 0 13.0 13.3 7.5 2.5 2 1 3 3 3
3131.3 4002.0 -9.9 203 0 13.5 12.9 7.5 2.5 2 0 3 1 1
3163.4 4121.5 -13.2 110 0 15.3 15.1 5.0 2.5 4 0 2 0 0
3207.0 4085.1 -12.5 105 0 18.8 14.9 7.5 2.5 2 0 3 1 1
3254.1 4036.3 -12.5 134 0 14.4 15.6 7.5 2.5 2 1 3 1 1
3238.8 4004.5 -12.2 286 0 10.8 12.6 5.0 2.5 2 1 2 2 2
3222.7 4028.4 -12.3 312 0 11.9 14.7 2.5 2.5 4 1 1 0 0
3142.6 4065.0 -10.2 202 0 12.9 15.8 5.0 2.5 4 1 2 5 5
3146.8 4109.9 -11.7 292 0 13.8 17.5 7.5 2.5 2 1 3 3 3
3126.4 4121.6 -12.1 296 0 15.1 20.9 10.0 2.5 2 1 4 4 4
3082.0 4107.4 -11.8 126 0 15.6 14.3 2.5 2.5 2 0 1 3 3
3019.3 3997.1 -12.4 317 0 14.8 20.3 12.5 2.5 2 1 5 2 2
3070.7 3950.6 -12.9 315 0 13.5 20.5 12.5 2.5 4 1 5 5 5
3138.3 3932.9 -11.0 140 0 8.5 12.1 10.0 2.5 2 1 4 4 4
3222.1 3851.3 -12.8 277 0 21.9 15.4 10.0 2.5 2 0 4 3 3
3265.6 3834.9 -11.7 303 0 11.9 19.3 5.0 2.5 2 1 2 1 1
3189.0 3908.1 -11.2 128 0 17.0 14.9 7.5 2.5 2 0 3 2 2
3200.3 3939.0 -11.5 37 0 11.3 15.4 2.5 2.5 2 1 1 0 0
3299.9 3955.3 -12.1 204 0 10.8 20.6 5.0 2.5 2 1 2 1 1
3258.1 3914.1 -11.5 292 0 17.4 13.0 7.5 2.5 2 0 3 0 0
3290.7 3880.2 -11.7 131 0 17.1 17.0 10.0 2.5 2 0 4 4 4
3320.7 3859.6 -11.8 106 0 15.6 14.5 10.0 2.5 2 0 4 0 0
3391.1 3972.8 -13.7 117 0 20.2 17.7 7.5 2.5 2 0 3 1 1
3439.0 3976.2 -13.9 107 0 12.6 18.7 7.5 2.5 2 1 3 0 0
3486.6 3963.6 -14.3 98 0 22.3 16.8 7.5 2.5 2 0 3 2 2
3540.8 3962.1 -15.6 97 0 16.7 14.1 7.5 2.5 4 0 3 2 2
3493.4 3782.7 -9.2 295 0 11.5 9.5 7.5 2.5 2 0 3 1 1
3505.8 3720.1 -9.6 105 0 22.8 17.0 5.0 2.5 2 0 2 5 5
3486.7 3610.6 -15.0 98 0 12.5 21.2 10.0 2.5 2 1 4 3 3
3533.1 3596.8 -15.9 72 0 9.9 16.4 10.0 2.5 2 1 4 5 5
3519.5 3665.0 -12.2 268 0 16.4 23.0 10.0 0.0 0 1 4 0 0
3472.0 3666.2 -12.3 260 0 13.4 13.5 5.0 2.5 2 1 2 1 1
3430.7 3668.8 -12.9 181 0 16.8 12.6 7.5 2.5 2 0 3 0 0
3423.7 3739.3 -11.0 308 0 11.7 17.3 7.5 2.5 2 1 3 1 1
3400.8 3781.4 -10.2 310 0 18.4 16.2 7.5 2.5 4 0 3 0 0
3383.1 3832.8 -9.7 191 0 14.6 12.7 7.5 2.5 2 0 3 3 3
3387.8 3913.0 -11.8 24 0 21.4 14.0 10.0 2.5 2 0 4 1 1
3411.7 3813.3 -9.3 109 0 12.1 16.9 2.5 2.5 2 1 1 2 2
3459.8 3834.7 -9.7 304 0 13.7 23.2 10.0 2.5 2 1 4 3 3
3540.9 3823.3 -13.9 93 0 11.3 57.4 10.0 2.5 2 1 4 2 2
3514.8 3789.8 -10.1 308 0 8.8 7.5 2.5 2.5 4 0 1 3 3
3558.3 3765.1 -10.3 319 0 13.3 13.0 10.0 2.5 2 0 4 2 2
3565.3 3700.6 -10.6 249 0 6.8 15.0 10.0 2.5 2 1 4 3 3
3607.2 3704.5 -11.3 265 0 11.1 10.4 5.0 2.5 2 0 2 5 5
3640.6 3803.8 -13.9 97 0 12.7 15.9 7.5 2.5 2 1 3 0 0
3701.1 3826.1 -12.5 43 0 14.3 17.3 5.0 2.5 2 1 2 2 2
3736.1 3878.1 -12.8 111 0 19.5 18.2 12.5 2.5 2 0 5 0 0
3784.9 3813.0 -12.3 271 0 14.1 16.9 2.5 2.5 2 1 1 1 1
3825.3 3854.7 -13.7 263 0 14.8 14.9 5.0 2.5 2 1 2 0 0
3868.1 3858.4 -14.0 249 0 20.4 18.6 12.5 2.5 2 0 5 2 2
3904.2 3871.9 -13.3 270 0 13.8 21.0 10.0 2.5 2 1 4 3 3
3957.5 3883.8 -11.4 247 0 11.2 12.2 10.0 0.0 0 1 4 0 0
3978.5 3867.4 -10.2 233 0 14.6 16.6 7.5 2.5 2 1 3 4 4
3959.6 3786.7 -9.5 102 0 21.3 12.2 5.0 2.5 2 0 2 3 3
4023.0 3755.7 -10.7 91 0 15.5 17.7 12.5 2.5 2 1 5 1 1
3962.0 3727.9 -9.0 98 0 19.9 12.1 5.0 2.5 2 0 2 1 1
3963.9 3687.5 -8.5 275 0 15.0 13.3 10.0 2.5 2 0 4 2 2
3923.5 3719.6 -10.4 89 0 13.2 20.6 7.5 2.5 2 1 3 3 3
3854.5 3688.3 -9.2 282 0 10.0 15.9 10.0 2.5 2 1 4 0 0
3882.4 3630.9 -9.1 125 0 15.4 11.5 7.5 2.5 2 0 3 0 0
3897.0 3702.9 -9.4 257 0 17.5 23.1 10.0 2.5 2 1 4 5 5
3929.0 3611.8 -9.6 82 0 18.4 20.0 10.0 2.5 2 1 4 1 1
3973.4 3642.6 -9.6 269 0 15.6 19.0 10.0 2.5 2 1 4 3 3
3972.8 3581.4 -10.9 83 0 16.9 22.0 10.0 2.5 2 1 4 3 3
4017.7 3549.5 -12.2 246 0 22.2 18.8 7.5 2.5 2 0 3 1 1
4102.7 3557.0 -14.7 194 0 15.1 18.2 10.0 2.5 2 1 4 5 5
4170.0 3541.2 -15.1 296 0 31.8 10.4 7.5 2.5 2 0 3 0 0
4241.5 3527.4 -15.5 243 0 17.8 16.2 10.0 2.5 2 0 4 1 1
4281.3 3551.0 -14.7 239 0 15.6 13.1 7.5 2.5 2 0 3 3 3
4338.7 3581.0 -14.2 257 0 17.1 17.8 10.0 2.5 2 1 4 5 5
4445.9 3527.6 -18.2 127 0 24.8 18.4 10.0 2.5 2 0 4 0 0
4406.4 3627.2 -13.9 237 0 12.6 13.7 5.0 2.5 2 1 2 4 4
4387.1 3687.2 -12.2 57 0 7.0 38.4 7.5 2.5 2 1 3 5 5
4353.2 3699.1 -11.9 159 0 24.8 7.3 5.0 2.5 2 0 2 1 1
4330.9 3687.1 -12.0 162 0 35.1 19.1 7.5 0.0 0 0 3 3 3
4315.7 3679.1 -11.9 155 0 28.3 9.7 10.0 2.5 2 0 4 3 3
4298.6 3746.0 -11.4 143 0 16.1 32.6 10.0 2.5 2 1 4 5 5
4342.6 3776.6 -10.6 132 0 10.0 14.9 7.5 2.5 2 1 3 2 2
4325.9 3847.1 -11.0 240 0 20.7 21.0 7.5 2.5 2 1 3 2 2
4349.4 3880.1 -10.6 232 0 20.1 12.0 5.0 2.5 2 0 2 1 1
4401.6 3899.7 -10.8 238 0 11.4 10.1 10.0 2.5 2 0 4 5 5
4444.2 3836.3 -11.5 322 0 9.7 8.4 7.5 2.5 4 0 3 5 5
4444.1 3869.0 -11.5 343 0 78.9 6.4 7.5 2.5 2 0 3 0 0
4455.8 3817.4 -11.7 321 0 11.7 19.6 10.0 2.5 2 1 4 5 5
4463.6 3792.3 -11.9 317 0 11.7 13.0 2.5 2.5 2 1 1 4 4
4423.8 3754.7 -11.5 48 0 8.7 34.2 10.0 2.5 2 1 4 4 4
4416.4 3707.2 -12.2 59 0 16.2 39.5 7.5 2.5 4 1 3 0 0
4486.3 3709.1 -13.1 54 0 17.6 24.5 10.0 2.5 2 1 4 2 2
4484.6 3767.5 -12.2 315 0 15.0 12.7 7.5 2.5 2 0 3 3 3
4525.8 3744.4 -13.7 303 0 18.3 25.8 7.5 2.5 4 1 3 5 5
4543.0 3721.2 -15.0 314 0 18.3 22.1 12.5 2.5 2 1 5 2 2
4596.6 3809.2 -13.9 317 0 13.3 8.8 5.0 2.5 2 0 2 1 1
4597.1 3781.2 -14.3 309 0 14.4 11.6 2.5 2.5 2 0 1 2 2
4602.2 3737.9 -15.7 113 0 14.1 10.7 5.0 2.5 2 0 2 0 0
4595.1 3719.2 -16.5 126 0 16.8 13.1 2.5 2.5 2 0 1 5 5
4596.5 3665.3 -18.2 316 0 20.0 9.4 7.5 2.5 2 0 3 1 1
4639.2 3607.3 -16.9 358 0 18.6 15.3 15.0 0.0 0 0 6 0 0
4643.4 3557.7 -15.3 340 0 27.5 12.8 10.0 2.5 2 0 4 1 1
4619.8 3515.2 -15.3 169 0 19.5 14.9 10.0 2.5 2 0 4 5 5
4654.0 3457.4 -14.1 348 0 21.4 21.6 12.5 2.5 2 1 5 3 3
4609.4 3317.7 -14.4 66 0 15.8 15.5 5.0 2.5 2 0 2 2 2
4649.3 3401.0 -12.2 344 0 12.9 25.6 10.0 2.5 2 1 4 0 0
4677.9 3335.1 -13.5 324 0 15.6 17.3 10.0 2.5 4 1 4 1 1
4695.0 3311.8 -14.2 328 0 12.4 19.1 7.5 2.5 4 1 3 2 2
4705.0 3286.7 -15.0 346 0 15.8 19.0 7.5 2.5 2 1 3 4 4
4686.8 3255.0 -15.9 138 0 12.9 14.8 5.0 2.5 2 1 2 0 0
4734.9 3226.4 -16.8 329 0 19.3 16.3 12.5 2.5 2 0 5 3 3
4657.5 3150.6 -18.4 152 0 18.6 12.4 5.0 2.5 2 0 2 1 1
4768.7 3184.1 -14.4 313 0 17.5 16.7 12.5 2.5 2 0 5 0 0
4704.6 3082.5 -15.8 104 0 21.2 17.4 12.5 2.5 4 0 5 0 0
4785.3 2970.7 -16.2 116 0 16.3 16.1 10.0 2.5 2 0 4 4 4
4767.3 3062.9 -12.8 219 0 10.1 13.4 7.5 2.5 2 1 3 5 5
4785.0 3086.5 -11.6 107 0 14.1 20.9 15.0 0.0 0 1 6 3 3
4823.9 3025.6 -13.1 358 0 23.6 15.3 15.0 0.0 0 0 6 5 5
4864.9 3067.6 -10.3 99 0 18.7 15.2 7.5 2.5 2 0 3 4 4
4916.8 3024.9 -13.5 87 0 26.0 16.9 10.0 2.5 2 0 4 1 1
4911.0 3171.8 -11.7 285 0 13.7 7.4 2.5 2.5 2 0 1 2 2
4915.2 3220.5 -14.9 357 0 17.6 9.7 7.5 2.5 2 0 3 0 0
4975.3 3167.6 -13.3 138 0 12.4 13.2 2.5 2.5 2 1 1 1 1
4958.6 3163.3 -12.3 313 0 22.9 13.5 12.5 0.0 0 0 5 1 1
4959.5 3084.5 -12.4 43 0 14.0 18.2 12.5 2.5 4 1 5 3 3
5001.0 3129.5 -13.4 301 0 13.1 19.3 10.0 2.5 2 1 4 0 0
5152.7 3048.3 -19.3 308 0 15.7 12.9 5.0 2.5 2 0 2 5 5
5226.8 3017.3 -18.5 299 0 17.7 17.4 10.0 2.5 2 0 4 4 4
5258.0 2953.6 -16.9 315 0 11.8 10.4 7.5 2.5 4 0 3 2 2
5278.6 2963.3 -16.8 319 0 11.6 15.0 7.5 2.5 2 1 3 5 5
5321.3 2902.3 -13.4 14 0 10.8 6.9 5.0 2.5 2 0 2 0 0
5326.1 2946.5 -13.6 311 0 16.7 26.8 12.5 2.5 4 1 5 0 0
5287.4 2973.5 -17.0 110 0 22.0 25.6 7.5 2.5 2 1 3 2 2
5313.0 2965.8 -15.0 105 0 23.6 11.2 10.0 2.5 2 0 4 5 5
5333.0 2960.3 -13.0 108 0 11.0 11.5 10.0 0.0 0 1 4 1 1
5330.8 2980.7 -14.0 115 0 17.0 11.0 7.5 2.5 2 0 3 5 5
5370.2 2954.2 -13.3 104 0 17.7 12.5 10.0 2.5 2 0 4 4 4
5377.3 2927.2 -12.0 268 0 10.5 16.6 7.5 2.5 2 1 3 0 0
5465.8 2954.1 -15.6 2 0 14.5 16.4 7.5 2.5 4 1 3 1 1
5435.0 2904.3 -13.5 306 0 19.2 12.0 7.5 2.5 2 0 3 3 3
5455.8 2845.0 -12.4 84 0 13.1 19.5 7.5 2.5 2 1 3 1 1
5491.8 2885.0 -13.3 329 0 11.8 24.9 12.5 0.0 0 1 5 2 2
5487.5 2858.3 -12.5 334 0 22.9 10.5 5.0 2.5 2 0 2 4 4
5574.2 2828.0 -11.8 134 0 10.4 10.4 2.5 2.5 2 0 1 5 5
5606.7 2784.1 -11.4 136 0 9.3 9.4 10.0 0.0 0 1 4 2 2
5616.7 2798.9 -11.6 125 0 19.1 16.3 7.5 2.5 2 0 3 3 3
5655.4 2784.0 -11.1 171 0 15.5 16.5 7.5 2.5 2 1 3 5 5
5685.7 2764.2 -10.9 120 0 18.9 14.7 7.5 2.5 2 0 3 1 1
5717.2 2740.4 -11.0 53 0 19.8 17.3 10.0 2.5 2 0 4 0 0
5709.7 2815.6 -11.7 99 0 15.5 15.2 5.0 2.5 2 0 2 5 5
5696.2 2860.1 -12.7 281 0 13.5 14.2 7.5 2.5 2 1 3 3 3
5797.9 2883.8 -13.5 283 0 8.4 8.4 7.5 2.5 2 0 3 2 2
5815.6 2803.8 -11.4 26 0 12.4 13.2 5.0 2.5 2 1 2 5 5
5770.3 2790.6 -11.3 64 0 20.1 17.3 10.0 2.5 2 0 4 1 1
5757.6 2876.9 -13.5 277 0 18.3 11.8 7.5 2.5 2 0 3 2 2
5912.4 2915.6 -14.2 54 0 7.3 15.7 10.0 2.5 2 1 4 0 0
5862.7 2961.5 -13.8 140 0 13.5 12.6 2.5 2.5 2 0 1 3 3
5842.3 2980.8 -13.4 132 0 14.8 10.7 5.0 2.5 2 0 2 5 5
5804.0 3029.4 -14.3 170 0 13.6 17.8 7.5 2.5 2 1 3 3 3
5808.6 3057.3 -14.4 151 0 12.1 12.0 2.5 2.5 4 0 1 4 4
5807.1 3084.7 -14.5 164 0 10.2 18.7 5.0 2.5 2 1 2 2 2
5861.5 3158.2 -15.0 321 0 11.3 15.8 5.0 2.5 2 1 2 4 4
5824.3 3115.4 -14.4 190 0 11.7 21.9 10.0 2.5 2 1 4 5 5
5887.2 3081.0 -12.9 341 0 13.9 13.1 5.0 2.5 2 0 2 3 3
5919.0 2997.5 -11.9 100 0 13.4 20.6 15.0 0.0 0 1 6 1 1
5870.4 2879.3 -14.3 34 0 13.1 25.2 10.0 2.5 4 1 4 4 4
5898.0 2837.8 -14.1 136 0 21.9 12.5 7.5 2.5 2 0 3 1 1
5930.9 2813.9 -13.0 144 0 11.6 17.8 7.5 2.5 2 1 3 4 4
5956.0 2842.7 -13.1 52 0 17.7 32.8 7.5 0.0 0 1 3 2 2
6027.0 2811.2 -11.1 83 0 15.3 18.9 10.0 2.5 4 1 4 2 2
6026.9 2906.8 -11.1 283 0 15.7 10.2 10.0 2.5 2 0 4 5 5
6016.8 2958.2 -11.2 247 0 20.0 13.3 10.0 0.0 0 0 4 3 3
6026.6 2939.6 -11.0 244 0 13.5 20.6 7.5 0.0 0 1 3 2 2
6086.7 2972.2 -8.8 176 0 11.8 17.4 2.5 2.5 2 1 1 4 4
6151.7 2921.2 -9.3 0 0 12.7 13.8 7.5 2.5 2 1 3 4 4
6198.3 2981.1 -10.7 3 0 11.9 12.3 7.5 2.5 2 1 3 1 1
6151.3 3011.9 -9.7 262 0 15.4 11.6 2.5 2.5 2 0 1 0 0
6102.4 3040.6 -10.5 52 0 14.1 10.6 7.5 0.0 0 0 3 4 4
6141.4 3045.4 -10.8 90 0 14.7 15.1 2.5 2.5 2 1 1 1 1
6186.5 3068.0 -12.3 71 0 13.4 18.2 5.0 2.5 2 1 2 3 3
6212.0 3075.9 -12.2 78 0 14.1 7.5 5.0 2.5 2 0 2 2 2
6271.3 3038.7 -11.7 88 0 14.4 14.2 7.5 2.5 4 0 3 2 2
6258.7 3084.0 -10.6 106 0 9.5 10.0 2.5 2.5 2 1 1 4 4
6234.5 3080.6 -11.2 97 0 10.0 10.9 5.0 2.5 2 1 2 2 2
6244.4 3060.2 -11.9 265 0 13.3 18.4 2.5 2.5 2 1 1 3 3
6335.9 3042.5 -11.3 136 0 11.5 13.1 5.0 2.5 2 1 2 0 0
6286.4 3099.1 -10.1 65 0 9.1 12.8 5.0 2.5 2 1 2 5 5
6277.8 3151.2 -11.3 179 0 10.7 14.7 7.5 2.5 2 1 3 4 4
6313.0 3105.8 -10.8 99 0 12.8 18.6 5.0 2.5 2 1 2 3 3
6337.7 3102.9 -10.5 103 0 14.5 17.5 7.5 0.0 0 1 3 5 5
6356.6 3095.2 -10.1 92 0 8.4 21.4 7.5 2.5 4 1 3 1 1
6384.7 3087.4 -9.6 92 0 14.1 17.3 2.5 0.0 0 1 1 0 0
6533.7 3131.9 -8.5 43 0 10.9 16.0 10.0 0.0 0 1 4 4 4
6516.4 3122.4 -8.5 35 0 11.9 13.3 5.0 2.5 2 1 2 2 2
6476.9 3094.4 -8.8 63 0 8.7 14.2 7.5 2.5 2 1 3 4 4
6379.2 3054.0 -10.5 283 0 10.3 9.1 5.0 2.5 2 0 2 1 1
6401.0 3052.9 -9.9 248 0 11.7 11.8 7.5 2.5 2 1 3 2 2
6438.5 3044.0 -9.2 314 0 10.2 13.5 7.5 2.5 2 1 3 5 5
6482.8 3018.0 -9.0 62 0 15.3 14.0 7.5 2.5 2 0 3 0 0
6481.8 3063.9 -8.9 269 0 12.3 16.2 2.5 2.5 2 1 1 5 5
6508.2 3084.5 -8.7 237 0 9.8 15.9 2.5 2.5 2 1 1 4 4
6532.1 3100.3 -8.4 216 0 14.5 14.1 5.0 2.5 2 0 2 3 3
6560.0 3105.7 -8.3 204 0 11.4 9.7 5.0 2.5 2 0 2 1 1
6571.3 3141.6 -9.5 240 0 15.5 15.8 7.5 2.5 2 1 3 4 4
6594.0 3144.1 -10.1 243 0 17.9 11.6 2.5 2.5 2 0 1 5 5
6602.1 3276.8 -11.8 144 0 16.3 17.9 7.5 2.5 2 1 3 3 3
6613.5 3191.9 -10.9 349 0 17.9 19.4 10.0 2.5 2 1 4 4 4
6629.3 3199.5 -11.0 157 0 15.7 13.7 5.0 2.5 2 0 2 1 1
6644.7 3167.5 -10.4 155 0 11.2 10.4 7.5 2.5 2 0 3 4 4
6663.4 3123.4 -10.0 177 0 15.9 15.3 5.0 2.5 2 0 2 2 2
6668.1 2985.8 -8.4 343 0 6.9 8.0 5.0 2.5 2 1 2 2 2
6664.9 2922.0 -8.3 46 0 8.5 12.3 7.5 0.0 0 1 3 3 3
6726.0 2912.1 -7.4 105 0 12.7 11.2 5.0 2.5 2 0 2 5 5
6757.3 2894.5 -7.9 270 0 15.6 10.3 7.5 2.5 2 0 3 2 2
6842.0 2764.9 -7.6 308 0 25.3 11.5 7.5 2.5 2 0 3 0 0
6816.7 2743.0 -8.2 16 0 12.4 13.8 2.5 2.5 2 1 1 0 0
6763.3 2768.8 -8.7 180 0 16.8 13.5 2.5 2.5 2 0 1 4 4
6744.6 2802.3 -8.8 175 0 12.9 13.8 5.0 2.5 2 1 2 5 5
6781.1 2850.8 -8.6 357 0 16.1 22.3 10.0 2.5 2 1 4 0 0
6579.8 2468.5 -9.6 171 0 8.5 9.2 7.5 2.5 2 1 3 0 0
6647.5 2460.9 -9.6 355 0 8.9 8.8 7.5 2.5 4 0 3 1 1
6641.6 2508.9 -10.7 260 0 8.8 11.2 5.0 2.5 2 1 2 1 1
6679.2 2577.8 -12.6 247 0 9.2 6.3 7.5 2.5 2 0 3 0 0
6684.2 2517.2 -11.2 89 0 12.0 7.4 5.0 2.5 2 0 2 1 1
6670.8 2785.0 -10.4 348 0 14.9 14.5 7.5 2.5 2 0 3 0 0
6622.6 2756.6 -12.0 174 0 9.8 13.3 5.0 2.5 2 1 2 3 3
6664.6 2865.5 -8.9 250 0 7.2 12.2 5.0 2.5 2 1 2 1 1
6684.7 3044.9 -9.1 124 0 7.7 16.8 2.5 0.0 0 1 1 0 0
6692.7 3028.3 -8.8 148 0 17.3 13.8 2.5 2.5 2 0 1 0 0
6697.4 3005.0 -8.5 149 0 15.7 17.8 7.5 2.5 2 1 3 4 4
6779.0 2938.7 -7.4 95 0 18.0 19.8 7.5 2.5 2 1 3 5 5
6841.3 2945.0 -7.9 78 0 14.7 14.6 5.0 2.5 2 0 2 3 3
6815.6 2892.8 -8.2 175 0 14.3 25.3 7.5 2.5 2 1 3 5 5
6826.2 2830.3 -8.9 159 0 11.1 16.4 10.0 2.5 2 1 4 3 3
6878.0 2816.0 -8.5 336 0 15.0 16.0 5.0 2.5 2 1 2 4 4
6906.2 2785.8 -8.4 316 0 13.1 19.1 10.0 2.5 2 1 4 4 4
6856.9 2685.2 -11.2 274 0 16.2 13.4 7.5 2.5 2 0 3 5 5
6914.7 2676.6 -10.0 347 0 17.2 16.2 7.5 2.5 2 0 3 4 4
6603.3 1397.8 -10.1 14 0 13.8 24.2 10.0 2.5 2 1 4 2 2
6850.8 1398.2 -8.9 101 0 17.1 24.4 10.0 2.5 4 1 4 0 0
6350.2 1517.0 -13.2 181 0 18.9 21.1 10.0 2.5 2 1 4 2 2
6416.3 1505.4 -10.3 98 0 14.5 16.1 5.0 2.5 2 1 2 1 1
6463.7 1513.0 -8.9 94 0 10.7 10.4 5.0 0.0 0 0 2 4 4
6494.4 1498.1 -9.2 104 0 17.4 13.3 2.5 2.5 2 0 1 5 5
6512.7 1463.2 -9.5 243 0 9.3 21.7 7.5 2.5 4 1 3 0 0
6526.2 1485.6 -9.8 100 0 15.8 14.1 7.5 2.5 2 0 3 0 0
6552.6 1478.6 -10.3 95 0 14.7 21.7 12.5 2.5 2 1 5 1 1
6621.2 1358.9 -10.4 343 0 19.9 18.3 10.0 2.5 2 0 4 5 5
6650.9 1344.5 -8.6 324 0 17.4 17.6 10.0 2.5 2 1 4 3 3
6727.1 1286.0 -9.8 292 0 16.9 15.7 15.0 0.0 0 0 6 0 0
6770.2 1344.3 -7.6 129 0 14.9 16.4 2.5 2.5 2 1 1 3 3
6709.4 1355.5 -7.7 229 0 19.7 8.1 10.0 2.5 2 0 4 5 5
6695.4 1370.1 -8.3 97 0 15.8 20.6 7.5 2.5 2 1 3 0 0
6651.7 1452.4 -10.0 191 0 11.9 11.2 5.0 2.5 2 0 2 2 2
6648.9 1426.8 -9.5 169 0 15.0 14.5 10.0 0.0 0 0 4 4 4
6737.0 1421.5 -8.8 90 0 13.8 15.4 5.0 2.5 2 1 2 5 5
6720.4 1481.9 -10.8 276 0 16.1 14.7 5.0 2.5 2 0 2 3 3
6758.5 1484.6 -11.2 357 0 11.0 14.1 10.0 0.0 0 1 4 2 2
6763.7 1406.1 -8.5 111 0 9.2 13.6 5.0 2.5 2 1 2 5 5
6782.9 1417.3 -8.7 141 0 15.4 12.9 7.5 2.5 2 0 3 0 0
6819.7 1394.4 -8.3 114 0 20.1 10.4 5.0 2.5 2 0 2 4 4
6786.0 1387.2 -7.8 269 0 23.0 15.7 7.5 2.5 2 0 3 2 2
6813.4 1376.7 -7.7 281 0 18.6 12.8 7.5 2.5 2 0 3 4 4
6830.3 1341.2 -7.1 17 0 11.2 20.6 5.0 2.5 2 1 2 0 0
6901.4 1293.2 -8.1 31 0 16.5 14.2 5.0 2.5 2 0 2 5 5
4046.0 3624.8 -12.2 265 0 21.5 20.6 10.0 2.5 2 0 4 0 0
3995.4 3704.8 -10.1 269 0 14.7 9.4 5.0 2.5 2 0 2 2 2
4027.4 3701.8 -12.6 243 0 16.4 12.8 5.0 2.5 2 0 2 0 0
4239.8 3801.5 -13.7 317 0 13.3 17.3 2.5 2.5 2 1 1 1 1
4234.4 3756.1 -13.2 332 0 12.7 13.0 7.5 2.5 2 1 3 4 4
4128.8 3699.6 -13.1 157 0 8.8 11.2 7.5 2.5 2 1 3 0 0
4168.5 3753.8 -12.6 231 0 27.0 21.4 7.5 2.5 2 0 3 0 0
4184.6 3708.7 -12.4 134 0 12.3 21.9 7.5 2.5 4 1 3 5 5
4193.2 3633.8 -14.0 179 0 24.3 17.6 10.0 0.0 0 0 4 1 1
4186.5 3660.2 -13.1 160 0 15.9 22.9 5.0 2.5 2 1 2 4 4
4220.5 3570.3 -16.0 62 0 13.7 16.8 5.0 2.5 2 1 2 3 3
4222.7 3618.9 -14.5 163 0 10.8 13.5 5.0 2.5 2 1 2 1 1
4442.5 3644.1 -14.2 247 0 12.8 15.9 7.5 2.5 2 1 3 1 1
4571.0 3832.8 -13.2 323 0 20.5 11.2 5.0 2.5 2 0 2 4 4
4548.5 3866.5 -12.7 328 0 11.6 17.8 10.0 2.5 2 1 4 5 5
4522.6 3849.5 -12.4 326 0 17.1 12.1 5.0 2.5 2 0 2 1 1
4484.9 3904.3 -11.8 238 0 23.4 11.9 15.0 0.0 0 0 6 4 4
4483.2 3952.0 -10.9 83 0 11.4 7.4 2.5 2.5 2 0 1 5 5
4520.4 3939.9 -11.6 245 0 12.1 10.2 5.0 2.5 2 0 2 1 1
4617.9 3986.8 -13.0 82 0 8.9 16.2 10.0 2.5 2 1 4 4 4
4657.0 3956.7 -13.2 281 0 13.5 16.6 5.0 2.5 2 1 2 5 5
4704.1 3988.3 -12.0 158 0 10.7 24.1 7.5 2.5 2 1 3 4 4
4681.1 3985.7 -13.0 91 0 17.6 18.0 10.0 2.5 2 1 4 3 3
4686.7 3964.0 -12.1 277 0 10.3 13.3 5.0 2.5 2 1 2 5 5
4716.2 3954.8 -11.0 286 0 11.2 22.3 5.0 2.5 4 1 2 0 0
4763.0 3941.5 -10.7 312 0 11.3 11.6 5.0 2.5 2 1 2 5 5
4778.8 3927.4 -10.6 312 0 7.7 10.8 5.0 2.5 2 1 2 4 4
4788.3 3917.9 -11.1 298 0 15.7 15.0 7.5 2.5 2 0 3 2 2
4812.3 3911.8 -11.1 305 0 15.5 12.3 10.0 2.5 2 0 4 5 5
4826.5 3918.9 -10.8 140 0 12.0 7.2 7.5 2.5 2 0 3 3 3
4812.0 3952.7 -11.8 165 0 14.1 17.8 7.5 2.5 2 1 3 5 5
4922.0 3958.5 -12.4 37 0 13.5 17.9 7.5 2.5 2 1 3 5 5
4909.2 3942.7 -11.7 46 0 15.5 19.3 7.5 2.5 2 1 3 3 3
4862.9 3892.2 -10.8 143 0 20.9 12.3 10.0 2.5 2 0 4 0 0
4894.2 3883.3 -10.8 135 0 10.1 15.2 7.5 2.5 4 1 3 1 1
4892.5 3846.5 -10.8 313 0 13.3 10.9 10.0 2.5 2 0 4 1 1
4911.0 3867.5 -10.8 138 0 23.5 14.4 7.5 2.5 2 0 3 4 4
4950.8 3832.8 -11.8 146 0 13.9 13.8 7.5 2.5 4 0 3 3 3
4974.2 3802.2 -12.5 133 0 15.5 16.4 10.0 2.5 2 1 4 4 4
4986.6 3757.7 -12.8 320 0 10.4 12.1 7.5 2.5 4 1 3 2 2
5008.7 3728.4 -11.9 307 0 11.6 11.7 5.0 2.5 2 1 2 5 5
4967.2 3621.6 -10.8 15 0 15.5 18.3 7.5 2.5 2 1 3 1 1
4987.8 3627.5 -10.8 30 0 9.8 11.9 7.5 2.5 2 1 3 4 4
5016.4 3588.0 -10.1 126 0 12.8 12.9 5.0 2.5 2 1 2 4 4
5056.8 3710.5 -12.8 232 0 9.3 13.9 2.5 0.0 0 1 1 3 3
5068.0 3684.7 -13.7 233 0 12.1 19.6 7.5 2.5 2 1 3 2 2
5033.1 3662.9 -13.2 206 0 15.5 23.9 10.0 2.5 2 1 4 2 2
5108.5 3603.2 -11.8 47 0 8.9 20.4 7.5 2.5 2 1 3 4 4
5086.4 3580.8 -10.3 55 0 10.8 15.7 2.5 2.5 4 1 1 2 2
5108.0 3525.4 -7.4 341 0 10.9 16.7 7.5 2.5 4 1 3 2 2
5057.0 3515.1 -6.6 164 0 17.2 10.7 5.0 2.5 2 0 2 3 3
5104.4 3387.3 -5.9 69 0 15.8 13.5 7.5 2.5 2 0 3 5 5
5078.6 3382.4 -5.6 90 0 16.7 16.0 10.0 2.5 2 0 4 3 3
5061.7 3418.3 -6.1 313 0 16.0 16.0 12.5 2.5 2 0 5 5 5
5011.3 3390.7 -7.8 123 0 16.1 17.7 10.0 2.5 2 1 4 2 2
4944.9 3412.4 -11.1 177 0 12.7 18.5 7.5 2.5 2 1 3 4 4
4931.5 3357.4 -10.4 157 0 8.6 18.6 5.0 2.5 2 1 2 1 1
5002.8 3361.8 -7.3 266 0 15.6 17.5 10.0 2.5 2 1 4 4 4
5023.5 3361.6 -6.3 260 0 18.3 19.2 7.5 0.0 0 1 3 4 4
5079.1 3360.3 -7.2 287 0 14.1 16.4 7.5 2.5 2 1 3 1 1
5114.9 3339.3 -8.9 304 0 16.7 16.0 12.5 2.5 4 0 5 3 3
5093.6 3964.0 -13.6 4 0 21.7 19.4 5.0 2.5 2 0 2 4 4
5102.8 3934.6 -13.8 0 0 18.2 8.4 5.0 2.5 2 0 2 5 5
5171.5 3895.0 -12.2 18 0 11.4 9.4 5.0 2.5 2 0 2 2 2
5123.7 3945.0 -14.0 160 0 13.7 15.0 2.5 2.5 2 1 1 2 2
5124.9 3923.3 -13.5 165 0 15.1 16.4 5.0 2.5 2 1 2 3 3
5126.7 3888.1 -12.7 180 0 14.2 14.8 5.0 2.5 2 1 2 3 3
5129.4 3834.1 -11.4 184 0 13.4 18.4 5.0 2.5 2 1 2 3 3
5148.1 3802.3 -10.4 166 0 21.6 8.0 7.5 2.5 2 0 3 0 0
5218.7 3723.6 -9.5 264 0 15.2 16.2 7.5 2.5 2 1 3 5 5
5223.3 3656.4 -10.8 87 0 19.4 10.9 2.5 0.0 0 0 1 0 0
5255.2 3717.7 -9.0 267 0 11.7 25.7 10.0 2.5 2 1 4 2 2
5277.7 3741.8 -7.6 210 0 10.5 11.3 2.5 2.5 2 1 1 4 4
5354.0 3717.7 -8.6 332 0 14.7 12.1 7.5 2.5 2 0 3 0 0
5333.0 3792.7 -10.4 76 0 11.4 9.0 7.5 2.5 2 0 3 4 4
5298.7 3790.8 -10.3 155 0 10.5 11.6 10.0 2.5 2 1 4 1 1
5292.4 3869.0 -12.9 213 0 17.6 21.5 7.5 2.5 2 1 3 2 2
5362.9 3847.7 -12.4 6 0 12.8 13.7 5.0 2.5 2 1 2 0 0
5367.1 3791.0 -10.8 69 0 18.2 11.4 7.5 2.5 2 0 3 2 2
5399.3 3810.9 -11.3 274 0 9.6 18.8 7.5 2.5 2 1 3 1 1
5447.6 3765.9 -9.1 49 0 8.8 12.3 5.0 2.5 2 1 2 1 1
5469.6 3796.6 -10.7 258 0 14.5 11.5 7.5 2.5 2 0 3 2 2
5519.7 3852.3 -14.1 290 0 13.5 10.0 10.0 2.5 2 0 4 0 0
5479.4 3872.5 -14.2 265 0 13.3 14.3 5.0 2.5 2 1 2 5 5
5483.6 3835.1 -13.0 247 0 14.5 18.0 12.5 2.5 2 1 5 2 2
5522.6 3771.3 -12.7 126 0 10.5 15.6 5.0 2.5 2 1 2 4 4
5494.8 3744.4 -11.4 117 0 13.5 20.2 10.0 2.5 2 1 4 4 4
5574.7 3749.4 -11.9 31 0 15.9 10.3 5.0 2.5 2 0 2 4 4
5560.5 3837.5 -13.4 273 0 11.5 12.0 2.5 2.5 2 1 1 4 4
5617.0 3791.3 -11.5 6 0 10.7 10.9 10.0 2.5 2 1 4 4 4
5604.1 3844.2 -12.7 252 0 20.1 15.7 7.5 2.5 2 0 3 1 1
5675.6 3822.7 -10.7 284 0 11.8 13.2 7.5 2.5 4 1 3 0 0
5710.6 3889.6 -10.3 98 0 13.0 12.6 5.0 2.5 2 0 2 0 0
5817.6 3946.0 -8.1 53 0 13.2 12.0 7.5 2.5 2 0 3 3 3
3703.8 3923.1 -11.7 304 0 17.4 16.0 12.5 0.0 0 0 5 2 2
3795.4 3615.2 -9.6 122 0 14.5 13.7 5.0 0.0 0 0 2 1 1
3834.2 3571.5 -11.3 119 0 15.5 17.3 12.5 0.0 0 1 5 1 1
3883.4 3581.1 -10.5 296 0 13.1 11.7 7.5 2.5 2 0 3 2 2
4861.3 3285.5 -14.9 307 0 17.0 17.5 7.5 2.5 2 1 3 2 2
4785.4 3219.0 -14.8 129 0 12.5 25.5 10.0 2.5 2 1 4 4 4
4974.0 3322.1 -8.0 93 0 14.7 15.9 10.0 2.5 4 1 4 1 1
4965.8 3260.1 -10.7 8 0 13.0 11.0 2.5 2.5 2 0 1 1 1
4940.6 3582.0 -10.6 356 0 23.5 16.2 12.5 2.5 2 0 5 2 2
4678.4 3737.7 -15.1 300 0 13.7 13.5 5.0 2.5 4 0 2 2 2
4657.8 3660.0 -17.4 139 0 10.3 12.3 10.0 2.5 2 1 4 0 0
4677.2 3614.1 -15.0 247 0 23.0 9.8 5.0 2.5 2 0 2 4 4
4689.7 3568.7 -12.0 179 0 15.1 23.2 10.0 2.5 2 1 4 3 3
4756.6 3512.5 -11.0 8 0 13.4 16.0 7.5 2.5 2 1 3 4 4
4787.4 3536.0 -10.6 197 0 27.6 9.3 10.0 2.5 2 0 4 1 1
4796.0 3521.7 -10.2 183 0 16.8 15.0 7.5 2.5 2 0 3 5 5
4793.5 3417.7 -10.3 128 0 12.6 15.9 7.5 2.5 2 1 3 0 0
4808.0 3363.4 -12.8 146 0 13.7 16.6 5.0 2.5 2 1 2 5 5
4769.3 3325.8 -14.1 327 0 20.2 16.3 7.5 2.5 2 0 3 2 2
4740.5 3380.5 -11.6 329 0 12.1 14.4 5.0 2.5 2 1 2 3 3
4738.1 3461.5 -11.2 10 0 9.7 12.7 2.5 2.5 2 1 1 1 1
4529.4 3468.6 -17.3 114 0 11.9 9.4 7.5 2.5 2 0 3 3 3
4546.2 3582.6 -16.5 254 0 15.9 13.3 10.0 2.5 2 0 4 5 5
4546.8 3548.5 -16.3 87 0 21.5 15.7 10.0 2.5 2 0 4 5 5
4680.0 3800.0 -12.0 142 0 13.6 10.3 5.0 2.5 2 0 2 4 4
4697.7 3749.8 -14.1 137 0 10.1 23.1 5.0 2.5 2 1 2 0 0
4726.2 3757.5 -13.6 127 0 10.3 13.6 5.0 0.0 0 1 2 4 4
4736.0 3715.3 -14.9 148 0 10.7 12.4 5.0 2.5 2 1 2 5 5
4778.5 3709.7 -13.4 152 0 12.7 12.0 7.5 2.5 2 0 3 2 2
4800.4 3627.8 -12.1 112 0 12.5 12.9 7.5 2.5 2 1 3 0 0
4858.7 3594.8 -11.8 159 0 10.1 20.0 2.5 2.5 2 1 1 5 5
4893.1 3341.8 -14.1 10 0 12.1 18.8 5.0 0.0 0 1 2 4 4
4831.0 3343.4 -14.1 125 0 12.9 19.2 2.5 2.5 2 1 1 3 3
4908.6 3417.1 -12.9 13 0 11.1 17.8 5.0 0.0 0 1 2 0 0
4908.6 3457.3 -11.7 24 0 11.8 14.5 7.5 2.5 2 1 3 0 0
4941.0 3553.1 -10.0 355 0 8.2 12.7 7.5 2.5 4 1 3 2 2
4915.3 3508.0 -10.3 0 0 9.4 11.7 10.0 2.5 2 1 4 2 2
4971.9 3534.0 -9.8 176 0 15.4 25.5 15.0 0.0 0 1 6 3 3
5143.2 3625.6 -12.9 58 0 21.1 15.5 7.5 2.5 4 0 3 3 3
5193.6 3651.9 -11.5 156 0 18.7 9.6 7.5 2.5 2 0 3 0 0
5180.0 3683.6 -11.0 161 0 11.1 13.4 5.0 2.5 2 1 2 1 1
5109.9 4022.1 -14.2 180 0 22.2 10.3 7.5 2.5 2 0 3 5 5
5076.0 4207.9 -11.1 161 0 10.3 16.3 7.5 2.5 2 1 3 5 5
5089.9 4183.3 -12.0 148 0 16.9 23.1 7.5 2.5 2 1 3 4 4
5062.3 4435.8 -11.0 74 0 10.4 12.5 7.5 2.5 2 1 3 0 0
4932.9 4532.2 -8.1 177 0 12.8 16.7 7.5 2.5 2 1 3 5 5
4950.9 4495.3 -8.5 138 0 13.8 10.9 5.0 2.5 2 0 2 5 5
4995.3 4472.2 -9.4 46 0 10.3 14.8 5.0 2.5 2 1 2 3 3
4882.0 4527.1 -9.5 318 0 20.4 14.3 7.5 2.5 2 0 3 0 0
4856.5 4557.4 -9.7 275 0 13.9 14.2 5.0 2.5 2 1 2 2 2
4779.8 4538.3 -12.2 303 0 20.6 16.2 12.5 2.5 4 0 5 4 4
4705.9 4503.1 -12.1 166 0 15.8 13.6 5.0 0.0 0 0 2 0 0
4510.9 4565.9 -13.5 221 0 16.2 13.3 5.0 2.5 2 0 2 2 2
4596.1 4277.1 -16.3 3 0 17.7 12.6 7.5 2.5 2 0 3 4 4
4625.9 4386.4 -14.8 266 0 22.1 20.3 12.5 2.5 2 0 5 4 4
4579.0 4341.3 -15.8 186 0 16.8 13.3 5.0 2.5 4 0 2 1 1
4619.4 4329.7 -15.8 3 0 20.1 16.5 7.5 2.5 2 0 3 2 2
4573.9 4479.4 -14.0 248 0 12.7 10.4 2.5 2.5 2 0 1 4 4
4569.8 4432.9 -14.7 61 0 16.5 12.4 7.5 2.5 2 0 3 5 5
4603.7 4507.3 -13.0 254 0 20.5 13.1 10.0 0.0 0 0 4 1 1
4685.2 4499.3 -11.7 344 0 10.9 9.9 7.5 2.5 2 0 3 1 1
4650.4 4482.2 -12.2 86 0 10.4 10.3 2.5 2.5 4 0 1 0 0
4682.9 4413.2 -14.2 349 0 10.1 10.1 5.0 2.5 2 0 2 5 5
4727.4 4437.1 -14.1 178 0 12.9 18.1 5.0 2.5 2 1 2 5 5
4714.6 4406.1 -14.1 175 0 9.3 6.5 5.0 2.5 2 0 2 3 3
4748.6 4343.9 -11.4 182 0 10.6 9.4 10.0 0.0 0 0 4 3 3
4813.7 4392.7 -9.5 163 0 15.1 14.9 5.0 2.5 2 0 2 4 4
4866.3 4318.8 -10.7 91 0 17.2 15.1 12.5 2.5 2 0 5 4 4
4884.1 4464.5 -9.0 333 0 10.1 14.6 7.5 2.5 2 1 3 4 4
4930.4 4405.2 -9.4 358 0 14.6 10.4 7.5 2.5 2 0 3 0 0
4922.3 4455.9 -8.1 325 0 13.5 9.1 7.5 2.5 4 0 3 1 1
4928.4 4325.5 -12.4 353 0 14.5 19.9 12.5 2.5 2 1 5 3 3
4996.3 4369.6 -12.8 326 0 7.2 10.0 5.0 2.5 2 1 2 2 2
4957.7 4380.6 -11.5 353 0 17.5 12.7 5.0 2.5 4 0 2 3 3
5001.1 4345.0 -13.7 329 0 10.1 17.1 7.5 0.0 0 1 3 1 1
5025.7 4368.2 -13.1 149 0 12.6 12.0 7.5 2.5 2 0 3 1 1
5047.9 4284.1 -11.7 163 0 10.5 12.0 2.5 2.5 2 1 1 2 2
5011.4 4263.8 -12.5 151 0 9.7 11.8 7.5 2.5 2 1 3 0 0
5058.4 4212.0 -11.0 324 0 14.3 25.7 5.0 2.5 2 1 2 3 3
5033.7 4153.4 -11.5 63 0 12.9 20.6 10.0 0.0 0 1 4 4 4
5029.8 4120.3 -12.1 244 0 15.0 12.2 7.5 0.0 0 0 3 5 5
5089.1 4106.0 -12.1 352 0 7.5 21.6 10.0 2.5 2 1 4 0 0
5044.1 4039.4 -12.3 201 0 12.7 18.9 7.5 2.5 2 1 3 4 4
5064.5 3854.2 -12.9 90 0 7.9 11.2 5.0 2.5 2 1 2 3 3
5067.4 3835.1 -12.8 119 0 11.7 11.3 7.5 2.5 4 0 3 2 2
5115.7 3817.0 -11.5 351 0 16.8 9.8 7.5 2.5 2 0 3 0 0
5093.6 3763.5 -10.6 216 0 11.6 12.6 7.5 2.5 2 1 3 3 3
5125.8 3723.5 -11.6 294 0 12.1 15.6 10.0 2.5 4 1 4 4 4
5152.2 3684.6 -12.1 335 0 12.7 15.6 10.0 2.5 2 1 4 3 3
5160.5 3594.3 -11.7 228 0 17.5 18.1 7.5 2.5 2 1 3 5 5
5296.2 3666.7 -9.1 86 0 15.0 20.2 10.0 2.5 4 1 4 1 1
5455.2 3589.5 -12.1 277 0 12.7 13.3 7.5 2.5 2 1 3 1 1
5417.8 3594.0 -12.0 296 0 14.7 11.3 5.0 2.5 2 0 2 3 3
5358.6 3618.1 -11.1 278 0 14.7 11.1 7.5 2.5 2 0 3 4 4
5231.0 3624.7 -11.6 255 0 12.9 10.4 2.5 2.5 2 0 1 1 1
5253.5 3556.0 -11.2 316 0 14.6 10.1 7.5 2.5 2 0 3 3 3
5245.1 3460.5 -9.2 224 0 19.5 18.2 15.0 0.0 0 0 6 3 3
5275.0 3432.5 -9.7 49 0 9.2 10.1 10.0 2.5 2 1 4 5 5
5292.5 3473.8 -10.5 62 0 19.4 9.4 7.5 2.5 2 0 3 4 4
5327.1 3492.7 -11.5 322 0 12.8 11.0 7.5 2.5 2 0 3 1 1
5329.2 3530.2 -12.0 133 0 14.0 18.8 7.5 2.5 2 1 3 4 4
5377.5 3390.7 -14.0 49 0 17.9 12.2 5.0 2.5 2 0 2 4 4
5430.8 3178.0 -16.4 344 0 31.1 14.0 7.5 2.5 2 0 3 5 5
5484.6 3272.7 -14.1 320 0 19.5 13.4 7.5 2.5 2 0 3 4 4
5541.0 3392.1 -16.8 96 0 15.3 20.5 7.5 2.5 2 1 3 1 1
5571.4 3600.8 -12.5 248 0 9.4 14.6 10.0 0.0 0 1 4 1 1
5803.1 3589.1 -11.6 91 0 10.1 14.5 5.0 2.5 2 1 2 0 0
5730.9 3542.0 -14.7 252 0 11.3 6.1 7.5 2.5 4 0 3 2 2
5693.8 3488.2 -15.2 58 0 13.5 20.2 7.5 2.5 2 1 3 3 3
5619.0 3401.5 -15.4 282 0 14.4 21.3 10.0 0.0 0 1 4 2 2
5628.2 3324.4 -11.6 204 0 22.2 8.7 5.0 2.5 2 0 2 5 5
5638.7 3265.5 -13.7 0 0 10.0 13.5 5.0 2.5 2 1 2 4 4
5576.1 3258.7 -12.9 244 0 13.2 16.7 10.0 2.5 2 1 4 0 0
5451.7 3206.9 -15.6 160 0 9.2 17.5 7.5 2.5 2 1 3 0 0
5487.0 3181.6 -15.3 310 0 6.5 10.3 7.5 2.5 2 1 3 5 5
5466.4 3125.6 -16.6 187 0 13.3 11.1 5.0 2.5 2 0 2 3 3
5469.3 3102.8 -17.0 187 0 12.6 14.5 5.0 2.5 2 1 2 3 3
5465.7 3048.5 -17.8 187 0 16.9 9.9 7.5 2.5 2 0 3 2 2
5489.0 2980.8 -16.6 187 0 22.8 16.1 10.0 2.5 2 0 4 2 2
5503.3 2913.6 -14.7 97 0 19.9 18.6 7.5 2.5 2 0 3 1 1
5573.9 2926.0 -15.0 69 0 12.5 14.7 7.5 2.5 2 1 3 2 2
5540.3 2916.0 -15.0 97 0 14.6 24.2 7.5 2.5 4 1 3 2 2
5653.5 2918.3 -15.2 105 0 14.3 14.9 10.0 2.5 2 1 4 4 4
5601.7 2924.6 -14.9 157 0 7.7 18.8 7.5 2.5 2 1 3 5 5
5631.9 2886.1 -13.4 285 0 12.6 8.9 5.0 2.5 2 0 2 0 0
5656.9 2897.1 -14.0 281 0 12.3 10.4 7.5 2.5 2 0 3 2 2
5692.0 2927.0 -15.9 103 0 19.0 12.3 2.5 2.5 2 0 1 1 1
5726.3 2921.7 -15.8 116 0 22.6 14.1 10.0 2.5 2 0 4 2 2
5545.9 3641.3 -13.2 234 0 12.6 15.6 5.0 0.0 0 1 2 4 4
5607.7 3643.0 -12.2 92 0 16.1 22.7 10.0 2.5 2 1 4 3 3
5622.0 3561.0 -14.6 3 0 28.6 13.2 15.0 0.0 0 0 6 4 4
5675.0 3379.8 -13.4 285 0 10.6 13.0 10.0 2.5 2 1 4 1 1
5698.3 3386.3 -13.9 6 0 17.3 14.8 12.5 2.5 2 0 5 3 3
5698.0 3325.3 -15.5 102 0 12.6 16.1 7.5 2.5 2 1 3 0 0
5797.3 3348.1 -14.5 334 0 12.8 22.9 7.5 2.5 2 1 3 1 1
5786.8 3176.0 -16.3 253 0 10.1 10.8 2.5 0.0 0 1 1 1 1
5864.2 3015.1 -12.2 171 0 6.1 9.2 7.5 2.5 2 1 3 5 5
5963.3 3316.5 -14.3 269 0 13.8 17.7 5.0 2.5 2 1 2 2 2
5965.3 3259.6 -14.5 191 0 15.0 11.1 2.5 2.5 2 0 1 1 1
5966.8 3216.1 -14.7 183 0 11.0 10.9 7.5 2.5 2 0 3 5 5
5944.7 3062.2 -11.6 262 0 20.5 13.4 10.0 2.5 2 0 4 0 0
5967.5 3009.3 -10.5 101 0 11.1 15.5 7.5 2.5 2 1 3 0 0
5982.1 3073.2 -11.4 253 0 8.0 13.9 5.0 2.5 2 1 2 5 5
6068.9 3101.4 -12.3 272 0 8.8 16.3 7.5 2.5 2 1 3 0 0
6023.1 3033.3 -10.6 68 0 23.7 20.3 7.5 2.5 2 0 3 1 1
6112.8 2828.3 -10.0 86 0 8.5 18.4 7.5 2.5 2 1 3 4 4
6227.4 2903.7 -10.9 283 0 10.8 13.7 2.5 0.0 0 1 1 1 1
6232.4 2859.2 -11.2 84 0 15.3 20.9 7.5 2.5 2 1 3 2 2
6254.0 2851.2 -12.2 105 0 14.9 11.8 5.0 2.5 2 0 2 0 0
6320.2 2904.0 -13.2 68 0 17.7 14.6 10.0 2.5 2 0 4 2 2
6387.2 2833.5 -14.0 119 0 9.1 14.0 5.0 2.5 2 1 2 5 5
6360.7 2831.0 -13.7 79 0 15.1 9.3 10.0 2.5 2 0 4 0 0
6518.3 2885.8 -12.3 0 0 12.7 13.5 2.5 2.5 2 1 1 2 2
6483.2 2862.7 -13.5 86 0 12.7 22.6 7.5 2.5 2 1 3 3 3
6586.9 2513.5 -10.7 270 0 11.7 12.1 7.5 2.5 2 1 3 3 3
6712.5 2736.5 -10.8 266 0 14.4 15.0 7.5 2.5 2 1 3 0 0
6745.8 2674.2 -13.8 90 0 12.0 7.4 5.0 2.5 2 0 2 2 2
6818.8 2713.4 -9.9 0 0 7.7 14.7 5.0 2.5 2 1 2 1 1
6800.6 2655.0 -12.6 180 0 10.0 14.1 10.0 0.0 0 1 4 5 5
6804.5 2567.2 -11.9 178 0 13.0 20.5 10.0 2.5 2 1 4 4 4
6855.2 2560.4 -11.4 88 0 20.0 16.6 10.0 2.5 2 0 4 1 1
6878.0 2430.7 -8.8 356 0 18.8 16.5 7.5 2.5 2 0 3 1 1
6836.6 2462.7 -10.2 189 0 16.9 22.0 12.5 2.5 2 1 5 4 4
5734.7 3124.4 -17.2 94 0 13.5 17.8 5.0 2.5 2 1 2 4 4
5726.6 3167.9 -17.5 183 0 19.9 20.0 7.5 2.5 4 1 3 2 2
5731.0 3238.0 -17.8 177 0 23.5 14.7 10.0 2.5 2 0 4 4 4
5604.4 2668.0 -14.7 285 0 42.6 20.2 7.5 2.5 2 0 3 3 3
4487.1 3823.2 -12.0 139 0 13.5 12.1 5.0 2.5 2 0 2 4 4
4267.2 3863.3 -14.4 61 0 29.1 20.9 7.5 0.0 0 0 3 5 5
4342.6 3910.9 -11.9 56 0 13.8 13.5 10.0 0.0 0 0 4 1 1
4314.2 3931.8 -13.8 75 0 24.2 15.9 17.5 0.0 0 0 7 5 5
4261.4 4011.4 -14.4 191 0 11.1 9.0 10.0 2.5 4 0 4 5 5
4307.1 4014.3 -14.5 186 0 9.6 10.9 10.0 2.5 2 1 4 5 5
4268.9 4088.8 -14.5 169 0 10.5 22.4 2.5 2.5 4 1 1 0 0
4363.8 4132.6 -15.3 353 0 14.6 13.6 7.5 2.5 2 0 3 3 3
4677.2 4059.5 -14.4 325 0 19.5 20.0 10.0 2.5 2 1 4 4 4
4615.9 4092.5 -16.1 225 0 21.7 13.3 7.5 2.5 2 0 3 5 5
4834.6 3877.5 -10.9 299 0 20.8 9.8 7.5 2.5 2 0 3 4 4
4742.7 3024.3 -15.0 212 0 17.7 20.1 10.0 0.0 0 1 4 0 0
4860.6 3177.2 -13.7 296 0 18.9 16.8 12.5 2.5 2 0 5 2 2
5283.0 3406.3 -10.6 228 0 15.0 15.0 7.5 2.5 2 0 3 1 1
5211.0 3439.1 -8.1 282 0 19.2 21.5 10.0 0.0 0 1 4 0 0
5153.2 3422.1 -6.8 264 0 16.5 20.0 7.5 2.5 2 1 3 2 2
5210.5 3367.1 -9.9 270 0 18.8 13.0 2.5 2.5 2 0 1 1 1
5265.4 3349.7 -11.8 61 0 20.8 13.2 7.5 2.5 2 0 3 5 5
5188.4 3289.4 -13.1 18 0 12.9 13.6 5.0 2.5 2 1 2 4 4
5190.4 3331.2 -10.5 9 0 13.4 15.4 7.5 2.5 2 1 3 2 2
5175.3 2921.8 -16.6 230 0 18.4 15.5 10.0 2.5 2 0 4 0 0
5198.1 2883.1 -17.9 169 0 24.9 20.9 7.5 2.5 2 0 3 3 3
5247.4 2845.6 -17.2 146 0 13.1 17.8 5.0 2.5 2 1 2 5 5
5339.6 2858.9 -13.7 344 0 13.2 21.4 12.5 0.0 0 1 5 0 0
5344.1 2780.5 -14.3 44 0 17.9 17.8 10.0 2.5 4 0 4 0 0
5275.3 2803.0 -16.2 157 0 23.2 15.3 7.5 2.5 2 0 3 3 3
5288.0 2769.0 -15.9 150 0 21.1 20.9 12.5 2.5 4 0 5 5 5
5386.3 2687.3 -15.3 150 0 17.9 15.5 10.0 0.0 0 0 4 2 2
5436.0 2672.9 -15.2 317 0 18.9 19.2 7.5 2.5 4 1 3 5 5
5495.8 2590.4 -15.3 273 0 21.7 16.7 10.0 2.5 2 0 4 5 5
5603.5 2555.0 -15.0 285 0 34.6 16.3 7.5 2.5 2 0 3 2 2
5689.7 2537.3 -14.8 291 0 27.2 19.6 12.5 0.0 0 0 5 0 0
5703.0 2600.5 -14.8 18 0 15.3 18.6 7.5 2.5 2 1 3 0 0
5744.2 2597.7 -14.4 88 0 15.6 14.8 7.5 2.5 2 0 3 2 2
5707.5 2684.1 -12.9 316 0 27.9 13.4 12.5 2.5 2 0 5 5 5
5632.2 2747.1 -11.4 316 0 17.1 8.5 2.5 2.5 2 0 1 3 3
5674.5 2713.6 -12.2 321 0 15.1 14.0 2.5 0.0 0 0 1 1 1
5618.7 2596.8 -14.5 117 0 15.2 15.1 5.0 2.5 2 0 2 3 3
5534.2 2642.2 -14.6 226 0 15.4 16.2 10.0 2.5 2 1 4 4 4
5468.5 2721.1 -13.4 60 0 15.5 17.7 5.0 2.5 2 1 2 5 5
5426.4 2762.8 -13.2 158 0 25.5 10.8 7.5 2.5 2 0 3 0 0
4302.2 4434.4 -15.7 106 0 20.7 19.8 7.5 2.5 2 0 3 2 2
4364.7 4373.4 -15.6 0 0 17.7 14.1 5.0 2.5 2 0 2 3 3
4369.3 4169.3 -15.4 1 0 15.9 17.3 10.0 2.5 2 1 4 4 4
4375.9 4207.6 -15.2 6 0 18.7 18.5 7.5 2.5 2 0 3 4 4
4372.5 4267.5 -15.6 356 0 16.3 23.3 7.5 2.5 2 1 3 0 0
4374.1 4323.1 -15.7 358 0 21.6 19.7 10.0 2.5 2 0 4 1 1
4409.7 4295.2 -16.7 174 0 20.2 18.3 7.5 2.5 2 0 3 1 1
4413.0 4342.5 -16.6 165 0 12.0 23.6 10.0 2.5 2 1 4 4 4
4540.2 4230.2 -16.7 90 0 11.7 13.6 7.5 2.5 2 1 3 3 3
4536.0 4282.1 -16.5 250 0 16.3 12.4 5.0 0.0 0 0 2 4 4
4681.5 4229.5 -14.6 218 0 15.7 20.7 10.0 2.5 2 1 4 5 5
4735.7 4263.2 -12.9 304 0 10.6 15.6 5.0 2.5 2 1 2 0 0
4780.1 4177.4 -16.5 339 0 17.9 17.3 12.5 2.5 2 0 5 0 0
4767.4 4129.9 -17.7 71 0 20.5 15.0 7.5 0.0 0 0 3 1 1
4714.5 4187.0 -15.6 136 0 14.6 16.0 7.5 2.5 2 1 3 4 4
4844.6 4092.3 -15.7 319 0 24.4 14.0 10.0 0.0 0 0 4 2 2
4813.5 4136.8 -17.7 318 0 15.1 14.6 10.0 2.5 2 0 4 2 2
4836.5 4162.8 -16.6 144 0 13.6 15.2 10.0 2.5 4 1 4 3 3
4927.4 4141.6 -13.3 105 0 15.5 12.7 5.0 2.5 2 0 2 3 3
4877.8 4135.7 -15.3 56 0 12.7 22.6 10.0 2.5 2 1 4 5 5
4885.9 4095.7 -15.0 284 0 12.4 16.3 10.0 2.5 2 1 4 1 1
4963.0 4098.6 -14.0 264 0 16.2 27.3 7.5 2.5 2 1 3 0 0
4961.1 4136.0 -12.8 90 0 12.9 18.6 5.0 2.5 2 1 2 2 2
3914.5 4543.3 -14.8 343 0 9.9 11.9 10.0 2.5 2 1 4 5 5
3916.6 4578.6 -14.5 52 0 18.6 21.0 7.5 2.5 2 1 3 2 2
3924.6 4418.1 -15.7 338 0 24.1 16.1 10.0 2.5 2 0 4 2 2
3889.5 4466.5 -16.3 333 0 17.4 23.1 12.5 2.5 2 1 5 5 5
4035.1 4455.2 -14.3 297 0 22.3 21.4 10.0 2.5 2 0 4 2 2
4077.8 4448.4 -14.6 275 0 14.1 14.5 5.0 2.5 2 1 2 1 1
4153.7 4435.7 -17.0 270 0 18.2 13.0 5.0 2.5 2 0 2 4 4
4163.3 4518.4 -15.4 266 0 22.6 17.2 10.0 2.5 2 0 4 2 2
4115.8 4541.4 -14.4 265 0 15.9 14.0 7.5 2.5 2 0 3 0 0
4649.0 4769.3 -9.3 75 0 10.0 10.2 10.0 2.5 2 1 4 5 5
4721.1 4817.4 -12.2 129 0 10.5 11.6 5.0 2.5 2 1 2 2 2
4755.6 4789.0 -12.3 147 0 11.6 13.2 7.5 2.5 2 1 3 3 3
4802.0 4658.3 -10.5 358 0 13.8 10.9 7.5 2.5 4 0 3 0 0
4814.8 4592.6 -9.3 240 0 13.6 17.7 5.0 0.0 0 1 2 4 4
4749.7 4682.0 -10.1 316 0 16.3 13.2 5.0 2.5 2 0 2 2 2
4669.4 4752.2 -11.2 206 0 13.3 12.0 5.0 2.5 2 0 2 1 1
4669.7 4613.1 -9.8 187 0 16.4 12.6 5.0 2.5 2 0 2 1 1
3989.6 4703.3 -14.7 201 0 15.0 16.5 5.0 2.5 2 1 2 2 2
4061.1 4555.2 -14.0 220 0 22.7 11.6 7.5 2.5 2 0 3 3 3
4011.4 4483.9 -14.1 116 0 41.8 23.6 7.5 0.0 0 0 3 5 5
4192.0 5200.2 -15.0 131 0 20.7 14.5 10.0 2.5 2 0 4 1 1
4238.0 5185.3 -14.9 43 0 7.7 15.6 10.0 2.5 2 1 4 0 0
4209.7 5130.2 -13.7 197 0 7.6 17.5 7.5 2.5 2 1 3 5 5
4246.0 5114.2 -14.0 297 0 12.9 14.9 5.0 2.5 2 1 2 3 3
4260.7 5077.5 -14.2 38 0 7.9 13.8 5.0 2.5 2 1 2 4 4
4307.4 5122.8 -14.2 39 0 9.1 13.6 7.5 2.5 4 1 3 5 5
4310.0 5012.4 -11.8 224 0 17.7 29.4 10.0 2.5 2 1 4 4 4
4356.5 4967.1 -10.8 46 0 21.2 10.2 10.0 0.0 0 0 4 5 5
4298.0 4929.8 -12.7 208 0 13.1 13.0 2.5 2.5 2 0 1 5 5
4314.3 4859.7 -9.8 134 0 13.1 11.6 5.0 0.0 0 0 2 1 1
4344.4 4755.0 -7.1 282 0 8.4 12.1 7.5 2.5 2 1 3 3 3
4386.6 4847.3 -7.3 174 0 14.4 8.5 7.5 2.5 2 0 3 1 1
4463.3 5004.5 -11.1 119 0 14.1 11.1 7.5 2.5 4 0 3 4 4
4397.3 5070.7 -11.7 241 0 15.5 21.9 10.0 2.5 2 1 4 1 1
4441.9 5021.9 -11.3 136 0 24.8 13.7 10.0 2.5 2 0 4 3 3
4432.4 4991.4 -10.2 282 0 15.9 7.4 7.5 2.5 2 0 3 2 2
4436.0 4905.2 -8.9 266 0 11.6 11.8 10.0 2.5 2 1 4 4 4
4493.5 4931.0 -11.6 303 0 14.4 14.5 7.5 2.5 2 1 3 2 2
4479.8 4959.7 -12.0 310 0 20.9 12.8 15.0 0.0 0 0 6 3 3
4474.8 4989.7 -11.6 139 0 9.0 13.0 5.0 2.5 2 1 2 4 4
4560.1 4934.9 -13.1 125 0 13.3 15.9 5.0 2.5 2 1 2 1 1
4619.8 4890.3 -12.7 133 0 14.6 13.4 10.0 2.5 2 0 4 1 1
4590.6 4910.6 -12.7 138 0 20.0 18.6 10.0 2.5 2 0 4 5 5
4573.4 4876.1 -9.7 306 0 10.5 11.8 5.0 0.0 0 1 2 1 1
4563.8 4899.7 -11.1 313 0 16.5 21.2 12.5 2.5 2 1 5 4 4
4484.0 4725.2 -9.2 124 0 14.6 17.2 7.5 2.5 2 1 3 4 4
4472.4 4803.5 -7.1 118 0 17.4 8.5 5.0 2.5 2 0 2 5 5
4613.4 4732.0 -9.3 59 0 14.6 17.2 12.5 2.5 2 1 5 1 1
4548.9 4714.7 -9.8 124 0 13.1 18.8 5.0 0.0 0 1 2 1 1
4310.5 4628.2 -11.7 282 0 13.8 9.8 7.5 2.5 2 0 3 2 2
4354.3 4578.0 -12.3 111 0 12.3 11.9 7.5 2.5 2 0 3 5 5
4404.5 4566.2 -12.3 85 0 10.9 12.0 7.5 2.5 2 1 3 5 5
4393.3 4689.5 -8.9 267 0 12.0 11.5 10.0 0.0 0 0 4 4 4
4449.6 4482.9 -15.1 319 0 15.7 18.2 7.5 2.5 2 1 3 1 1
4486.5 4368.1 -15.9 164 0 10.5 13.9 5.0 2.5 2 1 2 3 3
4445.4 4390.0 -16.0 342 0 14.3 15.2 5.0 2.5 2 1 2 1 1
4472.2 4449.9 -15.0 170 0 20.4 20.2 5.0 0.0 0 0 2 5 5
4501.5 4476.4 -14.6 0 0 11.5 13.8 7.5 2.5 2 1 3 4 4
4483.1 4521.5 -14.2 225 0 16.2 16.7 7.5 0.0 0 1 3 1 1
4568.0 4661.9 -11.7 39 0 20.1 15.5 7.5 2.5 2 0 3 2 2
4517.4 4614.9 -12.5 42 0 16.8 19.0 10.0 2.5 2 1 4 0 0
4455.4 4551.4 -14.1 44 0 14.3 11.0 2.5 2.5 2 0 1 4 4
4374.0 4703.9 -8.3 294 0 11.3 11.3 7.5 2.5 2 0 3 4 4
4434.7 4672.7 -10.0 280 0 11.9 12.5 5.0 2.5 2 1 2 5 5
4368.7 4496.7 -15.8 291 0 17.8 21.1 10.0 2.5 2 1 4 0 0
4321.1 4504.7 -16.2 311 0 16.5 13.0 5.0 2.5 2 0 2 1 1
4317.0 4540.6 -14.6 104 0 10.0 9.8 7.5 2.5 2 0 3 2 2
4251.9 4579.3 -13.6 168 0 15.7 17.1 12.5 2.5 2 1 5 1 1
4292.4 4546.7 -14.6 94 0 10.8 17.5 2.5 2.5 4 1 1 5 5
4328.1 4697.4 -10.5 294 0 16.4 12.8 2.5 2.5 4 0 1 0 0
4243.1 4671.9 -11.8 253 0 17.6 12.3 5.0 2.5 2 0 2 2 2
4163.5 4722.7 -10.0 198 0 12.1 20.3 5.0 2.5 2 1 2 3 3
4197.6 4700.8 -11.4 315 0 7.9 10.4 5.0 0.0 0 1 2 3 3
4175.4 4640.5 -12.9 230 0 10.6 15.7 10.0 2.5 2 1 4 2 2
4192.1 4572.5 -14.5 18 0 10.5 17.0 5.0 2.5 2 1 2 3 3
4132.5 4582.8 -13.8 85 0 20.4 15.1 10.0 2.5 2 0 4 5 5
4058.5 4614.3 -13.4 139 0 12.2 21.4 10.0 2.5 4 1 4 5 5
4102.5 4615.2 -13.2 343 0 21.4 12.9 10.0 2.5 2 0 4 5 5
4059.4 4663.4 -12.9 172 0 19.5 15.1 5.0 2.5 2 0 2 2 2
4034.3 4774.5 -16.6 7 0 24.4 14.2 12.5 2.5 2 0 5 1 1
4065.5 4713.4 -13.0 179 0 15.3 12.3 7.5 0.0 0 0 3 1 1
4091.9 4879.3 -15.4 212 0 6.8 6.6 5.0 2.5 2 0 2 0 0
4083.9 4847.8 -15.2 187 0 10.7 15.4 7.5 2.5 2 1 3 1 1
4154.6 4820.8 -11.7 89 0 17.0 7.1 5.0 2.5 2 0 2 1 1
4159.9 4856.2 -13.6 180 0 18.6 15.3 12.5 2.5 2 0 5 0 0
4218.8 4796.7 -11.7 90 0 13.8 9.7 5.0 0.0 0 0 2 4 4
4238.0 4876.4 -15.0 14 0 15.0 13.3 7.5 2.5 2 0 3 4 4
4193.9 4910.5 -14.2 263 0 13.9 10.5 2.5 2.5 2 0 1 2 2
3945.7 4707.3 -17.5 22 0 16.0 19.0 12.5 2.5 2 1 5 4 4
3954.2 4728.8 -17.5 3 0 11.9 10.0 7.5 2.5 2 0 3 4 4
3955.5 4772.1 -19.2 4 0 14.6 18.2 5.0 0.0 0 1 2 4 4
3870.9 4886.5 -16.7 294 0 17.4 17.4 10.0 2.5 2 1 4 1 1
3839.2 4891.9 -15.9 275 0 15.8 14.2 7.5 2.5 2 0 3 4 4
3846.8 5072.6 -13.0 100 0 19.7 13.1 7.5 0.0 0 0 3 1 1
3437.8 5106.2 -16.1 359 0 11.8 12.0 7.5 2.5 2 1 3 1 1
3429.1 5087.3 -16.3 5 0 12.4 20.3 10.0 2.5 2 1 4 5 5
3436.7 5049.2 -15.7 347 0 18.7 17.8 7.5 2.5 2 0 3 0 0
3454.5 5019.1 -15.3 352 0 10.2 10.0 7.5 2.5 2 0 3 2 2
3452.3 5004.8 -16.2 337 0 11.2 20.4 5.0 2.5 2 1 2 0 0
3472.3 4973.0 -16.4 338 0 14.6 23.1 12.5 2.5 4 1 5 5 5
3484.1 5064.4 -15.2 211 0 10.6 9.2 7.5 2.5 2 0 3 3 3
3471.8 5031.8 -14.8 169 0 15.0 17.3 10.0 2.5 2 1 4 1 1
3584.2 5308.1 -16.2 284 0 19.9 19.2 10.0 2.5 2 0 4 4 4
3625.5 5382.2 -16.8 246 0 14.9 12.3 5.0 2.5 2 0 2 4 4
3635.3 5337.0 -15.7 359 0 15.5 11.5 2.5 2.5 2 0 1 3 3
3626.1 5281.9 -14.3 15 0 16.3 12.7 7.5 2.5 4 0 3 5 5
3630.8 5238.1 -14.6 82 0 13.5 16.1 10.0 2.5 2 1 4 5 5
3596.6 5224.7 -15.0 78 0 11.7 8.2 7.5 0.0 0 0 3 2 2
3530.6 5353.5 -18.8 349 0 12.3 14.6 7.5 2.5 2 1 3 1 1
3515.8 5327.9 -18.9 158 0 12.4 14.5 5.0 2.5 2 1 2 3 3
3566.7 5235.8 -15.3 91 0 18.5 12.1 5.0 2.5 2 0 2 3 3
3533.7 5236.9 -15.6 94 0 11.8 12.0 7.5 2.5 2 1 3 3 3
3512.8 5279.3 -17.2 230 0 19.2 16.5 10.0 2.5 2 0 4 1 1
3485.7 5252.7 -17.0 203 0 14.6 12.1 7.5 2.5 2 0 3 1 1
3495.5 5227.7 -16.5 10 0 12.3 16.3 5.0 2.5 2 1 2 1 1
3479.1 5090.8 -15.7 153 0 7.6 11.2 10.0 2.5 2 1 4 1 1
3479.5 5137.3 -15.8 261 0 21.1 9.8 5.0 2.5 2 0 2 0 0
3548.6 5217.7 -15.8 283 0 19.0 13.0 5.0 2.5 2 0 2 3 3
3542.7 5106.9 -15.6 244 0 16.7 11.8 7.5 2.5 2 0 3 0 0
3542.5 5163.1 -15.8 167 0 15.5 13.5 5.0 2.5 2 0 2 2 2
3661.7 4910.4 -13.7 280 0 19.4 15.7 7.5 2.5 2 0 3 3 3
3613.6 4910.6 -14.1 176 0 19.3 18.1 10.0 2.5 2 0 4 1 1
3599.8 4832.4 -16.4 270 0 14.4 13.3 7.5 2.5 2 0 3 5 5
3569.3 4834.9 -17.1 281 0 14.7 15.6 10.0 2.5 2 1 4 5 5
3543.6 4841.6 -17.8 286 0 24.4 12.7 10.0 0.0 0 0 4 1 1
3509.4 4829.2 -18.9 215 0 19.8 27.4 12.5 2.5 2 1 5 1 1
3533.9 4939.3 -14.5 145 0 8.5 10.3 7.5 2.5 2 1 3 0 0
3532.3 4903.6 -15.4 132 0 10.5 24.3 7.5 2.5 4 1 3 1 1
3530.1 4992.4 -14.1 142 0 10.8 18.7 7.5 2.5 2 1 3 3 3
3693.8 5162.9 -14.6 359 0 16.8 19.7 7.5 2.5 2 1 3 4 4
3607.9 5187.0 -15.5 272 0 10.0 19.2 10.0 2.5 2 1 4 3 3
3622.7 5110.1 -15.0 359 0 12.4 14.4 2.5 2.5 2 1 1 5 5
3611.6 5037.9 -12.8 47 0 9.2 8.3 7.5 2.5 2 0 3 2 2
3661.0 5073.5 -13.8 74 0 11.0 12.9 7.5 2.5 2 1 3 3 3
3703.0 5098.1 -13.8 283 0 16.2 13.7 5.0 2.5 2 0 2 1 1
3713.8 5059.1 -13.0 94 0 12.9 12.1 10.0 0.0 0 0 4 3 3
3772.5 5093.9 -12.5 280 0 19.6 17.6 5.0 2.5 2 0 2 3 3
3810.1 5002.8 -13.4 201 0 14.5 15.4 5.0 2.5 2 1 2 0 0
3779.7 4943.5 -12.3 78 0 14.1 12.7 2.5 2.5 2 0 1 4 4
3808.5 4950.0 -13.3 126 0 17.1 16.1 7.5 2.5 2 0 3 5 5
3884.3 4926.2 -15.7 114 0 21.2 16.8 10.0 2.5 2 0 4 3 3
3885.3 5007.1 -14.7 296 0 18.0 12.4 5.0 2.5 2 0 2 5 5
3856.9 5147.7 -14.7 6 0 10.4 15.2 7.5 2.5 2 1 3 2 2
3941.1 5280.5 -13.4 85 0 6.8 6.5 7.5 2.5 2 0 3 3 3
3951.4 5155.6 -13.9 101 0 11.0 9.9 10.0 2.5 2 0 4 4 4
4011.0 5192.2 -14.4 270 0 11.4 10.6 5.0 2.5 2 0 2 5 5
4118.2 4968.6 -16.2 152 0 12.7 18.4 7.5 0.0 0 1 3 4 4
4169.8 4984.4 -15.6 76 0 10.6 9.7 10.0 2.5 2 0 4 4 4
4170.4 5033.3 -14.5 17 0 9.2 13.3 7.5 0.0 0 1 3 4 4
4109.3 5063.3 -13.4 285 0 9.1 10.0 7.5 2.5 2 1 3 4 4
4111.5 5146.4 -13.9 42 0 12.5 18.1 7.5 2.5 2 1 3 5 5
4084.9 5141.3 -13.7 9 0 9.4 13.1 7.5 2.5 2 1 3 5 5
4051.1 5170.3 -14.4 280 0 13.4 9.5 5.0 2.5 2 0 2 0 0
4011.3 5113.1 -13.7 209 0 16.4 13.8 5.0 2.5 2 0 2 4 4
4055.0 5022.9 -14.4 125 0 18.4 12.4 2.5 2.5 2 0 1 0 0
3983.9 4899.7 -17.6 210 0 17.7 15.7 15.0 0.0 0 0 6 3 3
4078.0 4804.1 -14.2 188 0 17.3 17.8 12.5 2.5 2 1 5 3 3
4053.1 4827.4 -17.3 16 0 30.6 22.6 12.5 0.0 0 0 5 0 0
3994.5 4841.3 -17.9 181 0 19.5 17.3 10.0 2.5 2 0 4 1 1
3979.2 5000.4 -15.9 27 0 13.1 12.2 2.5 2.5 4 0 1 4 4
3932.7 4972.5 -16.1 293 0 17.0 18.9 7.5 2.5 2 1 3 4 4
3581.1 3940.7 -11.9 118 0 10.5 9.3 7.5 2.5 2 0 3 3 3
3629.5 3910.1 -12.7 130 0 9.0 19.5 5.0 2.5 2 1 2 5 5
3621.7 3920.6 -12.2 120 0 10.5 13.3 7.5 2.5 2 1 3 0 0
