4987.8 1060.4 -0.6 90 0 7.2 6.8 7.5 2.5 2 0 3 4 4
5143.6 1191.0 -0.0 163 0 6.6 8.1 7.5 2.5 2 0 3 3 3
4974.8 1519.5 -6.1 328 0 8.6 36.8 10.0 2.5 2 0 4 0 0
4971.0 1192.2 -2.4 83 0 8.0 6.1 5.0 2.5 2 0 2 0 0
4894.9 1039.9 -0.8 267 0 6.2 7.7 7.5 2.5 2 0 3 3 3
4950.3 1227.7 -2.2 254 0 7.9 7.3 2.5 0.0 0 0 1 4 4
5053.6 1093.1 -1.6 169 0 7.6 7.4 7.5 2.5 2 0 3 4 4
5016.2 1370.2 -1.6 180 0 7.8 7.1 7.5 2.5 2 0 3 0 0
5082.9 1078.0 -1.7 87 0 9.4 7.3 2.5 2.5 2 0 1 5 5
5013.3 976.1 1.6 349 0 9.3 8.1 7.5 2.5 2 0 3 4 4
4970.3 1113.3 -2.1 271 0 7.4 8.2 7.5 2.5 2 1 3 4 4
4912.2 1059.9 -0.7 261 0 8.0 6.4 10.0 2.5 2 0 4 1 1
5017.5 933.2 1.9 355 0 8.8 8.3 5.0 2.5 2 0 2 5 5
5036.3 1048.4 -0.5 176 0 7.2 8.5 7.5 2.5 2 1 3 1 1
5118.5 1084.0 -1.5 90 0 7.5 6.3 7.5 2.5 2 0 3 2 2
4772.0 1385.3 -5.7 180 0 8.0 8.2 10.0 0.0 0 1 4 3 3
5035.9 1438.5 -2.2 273 0 7.7 6.4 7.5 2.5 2 0 3 0 0
5007.1 1211.4 -1.0 348 0 7.2 7.0 5.0 2.5 2 0 2 4 4
5115.5 1050.7 -1.8 96 0 8.2 6.8 10.0 2.5 2 0 4 2 2
4817.6 1111.0 -3.3 163 0 8.8 7.6 5.0 2.5 2 0 2 1 1
4992.2 1533.2 -4.8 63 0 9.1 19.7 2.5 2.5 2 1 1 4 4
5071.1 1135.0 -1.2 87 0 7.6 8.9 5.0 2.5 2 1 2 3 3
5049.7 1395.7 -2.1 355 0 7.5 6.4 7.5 2.5 2 0 3 1 1
5025.3 1211.2 -0.5 170 0 9.4 9.3 2.5 2.5 2 0 1 5 5
4889.8 1166.6 -3.9 2 0 9.3 7.7 10.0 2.5 4 0 4 5 5
4923.7 1185.3 -3.9 88 0 8.7 8.5 2.5 2.5 2 0 1 0 0
5089.6 1181.4 -0.5 260 0 7.5 6.7 7.5 0.0 0 0 3 4 4
4935.7 927.2 1.6 77 0 7.1 7.0 7.5 2.5 2 0 3 2 2
5073.5 996.5 -0.1 83 0 6.2 8.0 7.5 2.5 2 1 3 0 0
5012.8 1393.3 -2.0 172 0 7.5 8.2 7.5 2.5 2 1 3 4 4
5061.3 1265.0 0.7 158 0 10.0 6.6 7.5 2.5 4 0 3 4 4
5101.7 993.0 -0.4 77 0 7.7 7.3 10.0 2.5 2 0 4 4 4
4894.9 1100.1 -1.7 356 0 8.0 8.1 5.0 2.5 2 1 2 4 4
5043.1 1177.7 -0.9 180 0 7.8 7.4 7.5 0.0 0 0 3 4 4
4922.7 1138.3 -3.0 177 0 6.5 8.7 7.5 2.5 2 1 3 0 0
4916.3 1289.5 -2.5 264 0 7.8 7.9 5.0 2.5 2 1 2 3 3
4949.5 1306.3 -1.5 268 0 8.6 7.5 7.5 2.5 4 0 3 3 3
4934.3 1321.1 -2.7 91 0 8.1 7.8 7.5 2.5 2 0 3 0 0
4991.7 1301.1 -0.1 2 0 7.0 8.2 5.0 2.5 4 1 2 5 5
5103.1 1033.5 -1.3 270 0 6.2 6.8 5.0 0.0 0 1 2 3 3
4794.6 1419.2 -6.3 255 0 8.5 7.4 10.0 2.5 2 0 4 2 2
4955.4 1255.6 -1.2 76 0 8.3 9.1 5.0 2.5 2 1 2 2 2
5184.8 1090.5 -1.5 184 0 6.8 7.7 7.5 2.5 2 1 3 5 5
5198.7 1117.9 -1.5 180 0 13.5 7.7 7.5 2.5 2 0 3 0 0
5167.5 1060.4 -1.6 183 0 8.0 7.9 5.0 2.5 2 0 2 2 2
5043.1 1130.4 -1.9 92 0 7.9 7.5 5.0 2.5 2 0 2 0 0
4952.0 1519.8 -6.1 328 0 6.9 17.7 7.5 2.5 4 1 3 2 2
4967.3 911.0 1.9 75 0 8.2 6.8 5.0 2.5 2 0 2 1 1
4990.5 1167.3 -2.7 269 0 8.8 8.5 7.5 2.5 2 0 3 5 5
4980.6 967.8 1.6 258 0 9.0 6.8 10.0 2.5 2 0 4 5 5
5018.0 1176.5 -1.6 8 0 6.9 7.8 7.5 2.5 2 1 3 5 5
5035.5 1085.0 -1.3 182 0 7.1 8.5 2.5 2.5 2 1 1 0 0
5055.4 950.5 1.8 264 0 7.5 6.8 7.5 2.5 2 0 3 4 4
4963.2 1169.0 -3.3 272 0 8.3 6.9 10.0 2.5 2 0 4 5 5
4931.3 1100.7 -1.7 180 0 7.3 7.5 7.5 2.5 2 1 3 2 2
5027.5 1012.1 0.3 174 0 6.9 7.3 10.0 2.5 4 1 4 1 1
5022.3 1054.7 -0.3 358 0 8.2 9.2 7.5 2.5 2 1 3 0 0
5139.7 1053.5 -1.6 84 0 7.0 7.7 10.0 2.5 2 1 4 2 2
4822.8 1325.3 -4.7 175 0 6.1 7.9 7.5 2.5 2 1 3 4 4
4928.3 1001.2 0.3 357 0 8.1 6.4 7.5 2.5 2 0 3 2 2
4976.3 1390.6 -2.5 88 0 9.0 6.8 7.5 2.5 2 0 3 5 5
4871.8 1253.5 -4.2 347 0 7.7 7.1 5.0 2.5 4 0 2 1 1
4984.7 1019.7 1.0 270 0 7.7 7.0 7.5 2.5 2 0 3 5 5
4894.5 1069.4 -1.3 88 0 8.8 9.1 7.5 2.5 2 1 3 3 3
4913.9 1217.0 -3.3 178 0 6.2 8.9 7.5 2.5 2 1 3 5 5
4921.2 1011.3 -0.1 0 0 7.1 8.1 5.0 2.5 2 1 2 3 3
5117.9 995.4 -0.8 81 0 6.8 8.1 5.0 2.5 4 1 2 5 5
4888.6 1309.7 -4.3 81 0 7.4 6.8 5.0 2.5 2 0 2 1 1
4983.8 1340.9 -1.1 85 0 7.1 7.8 7.5 2.5 2 1 3 1 1
5189.2 1156.0 -0.8 91 0 7.2 9.1 2.5 2.5 2 1 1 0 0
4868.0 1050.3 -1.6 357 0 6.2 7.6 7.5 2.5 2 1 3 5 5
-2458.3 116.1 0.8 87 0 7.5 8.1 5.0 2.5 4 1 2 3 3
-2688.9 -31.1 5.0 169 0 7.2 6.4 7.5 0.0 0 0 3 0 0
-2642.4 78.1 4.1 261 0 7.3 7.4 2.5 2.5 2 1 1 2 2
-2773.7 -54.7 4.7 258 0 6.6 8.1 7.5 2.5 2 1 3 1 1
-2645.9 116.4 2.9 180 0 6.4 8.3 10.0 2.5 2 1 4 0 0
-2400.9 125.6 0.4 81 0 6.5 8.1 10.0 2.5 2 1 4 1 1
-2602.8 -35.2 4.3 359 0 7.6 11.4 5.0 2.5 2 1 2 0 0
-2543.1 -30.7 2.3 192 0 12.2 7.9 7.5 2.5 2 0 3 2 2
-2526.2 39.7 2.1 93 0 6.3 12.9 7.5 0.0 0 1 3 2 2
-2605.6 62.6 4.2 87 0 12.7 8.3 5.0 2.5 4 0 2 4 4
-2717.7 105.0 3.2 354 0 6.3 7.6 2.5 2.5 2 1 1 3 3
-2689.7 20.8 5.2 165 0 7.0 7.4 7.5 0.0 0 1 3 4 4
-2653.7 27.8 4.9 88 0 22.8 11.0 2.5 2.5 4 0 1 3 3
-2544.0 59.0 2.4 183 0 14.5 10.9 5.0 2.5 2 0 2 2 2
-2557.1 -20.3 2.9 181 0 10.0 6.2 5.0 0.0 0 0 2 0 0
-2545.0 127.9 1.8 181 0 8.2 7.4 7.5 2.5 4 0 3 5 5
-2558.2 -36.5 2.9 179 0 11.6 6.2 7.5 2.5 2 0 3 1 1
-2595.7 -53.7 4.1 353 0 6.7 13.5 10.0 0.0 0 1 4 2 2
-2539.4 44.4 2.3 184 0 14.1 6.2 7.5 2.5 2 0 3 2 2
-2502.8 98.1 2.0 93 0 7.5 9.9 5.0 2.5 2 1 2 0 0
-2501.9 37.8 1.6 12 0 12.4 7.7 5.0 2.5 2 0 2 5 5
-2622.3 25.2 3.3 87 0 102.9 67.8 10.0 0.0 0 0 4 2 2
-2821.9 92.1 2.9 172 0 36.5 25.0 10.0 0.0 0 0 4 2 2
-2815.8 93.8 3.2 174 0 15.4 8.3 5.0 2.5 2 0 2 0 0
5083.4 1584.4 -3.4 341 0 10.0 8.4 7.5 2.5 2 0 3 2 2
5035.4 1605.8 -3.7 192 0 13.8 16.8 2.5 2.5 2 1 1 3 3
4855.8 1484.3 -7.6 177 0 24.1 20.6 7.5 2.5 2 0 3 3 3
5001.5 1498.1 -4.3 353 0 8.0 7.5 7.5 2.5 2 0 3 5 5
6891.8 1132.8 -9.6 165 0 15.6 11.5 5.0 2.5 2 0 2 3 3
