-4878.8 -1851.4 -10.6 145 0 6.6 12.1 5.0 0.0 0 1 2 0 0
-4899.4 -1883.7 -11.4 235 0 9.3 6.0 7.5 2.5 2 0 3 0 0
-4808.2 -1827.3 -10.5 150 0 7.9 8.8 5.0 2.5 2 1 2 0 0
-4848.5 -1837.4 -10.4 51 0 8.2 7.5 7.5 2.5 2 0 3 0 0
-4780.8 -1890.6 -10.7 144 0 7.9 9.2 2.5 2.5 2 1 1 3 3
-4806.9 -1876.7 -11.5 333 0 12.4 19.9 7.5 2.5 2 1 3 0 0
-4934.2 -1770.2 -10.9 340 0 8.3 8.3 7.5 2.5 2 0 3 5 5
-4845.4 -1760.7 -11.4 66 0 10.1 7.3 7.5 2.5 2 0 3 5 5
-4835.5 -1791.9 -11.1 167 0 11.1 17.1 5.0 2.5 2 1 2 2 2
-4814.0 -1752.7 -11.8 70 0 11.5 7.9 5.0 2.5 2 0 2 1 1
-4848.4 -1781.1 -11.2 162 0 7.3 10.8 7.5 2.5 2 1 3 4 4
-4894.6 -1823.2 -10.3 152 0 8.2 8.4 10.0 0.0 0 1 4 0 0
6244.5 1446.3 -8.8 258 0 9.9 16.8 10.0 2.5 2 1 4 4 4
5624.7 3911.5 -13.3 151 0 7.2 8.1 5.0 0.0 0 1 2 4 4
5703.4 3944.0 -12.3 334 0 11.0 10.8 7.5 2.5 4 0 3 4 4
5690.2 3933.5 -12.3 64 0 7.9 7.5 7.5 2.5 2 0 3 2 2
6415.0 1799.7 -11.5 342 0 68.6 33.8 12.5 0.0 0 0 5 5 5
5661.9 3922.2 -12.8 64 0 7.9 7.6 5.0 2.5 2 0 2 0 0
5652.8 3897.6 -12.9 51 0 14.4 14.0 10.0 2.5 4 0 4 3 3
2266.7 1073.6 -9.7 173 0 8.0 7.6 5.0 2.5 2 0 2 2 2
2265.3 1083.9 -9.8 173 0 8.0 7.6 7.5 0.0 0 0 3 5 5
2270.6 1043.9 -9.3 173 0 8.1 7.6 7.5 2.5 2 0 3 3 3
2288.7 980.5 -10.0 171 0 20.1 8.6 7.5 2.5 2 0 3 5 5
2265.0 1021.5 -9.2 349 0 8.5 7.8 5.0 2.5 2 0 2 0 0
2246.9 1124.0 -10.4 349 0 8.5 7.8 5.0 2.5 2 0 2 2 2
2248.7 1113.6 -10.2 349 0 8.5 7.8 7.5 2.5 4 0 3 4 4
2259.9 1115.1 -10.2 173 0 8.0 7.6 10.0 2.5 2 0 4 2 2
2254.2 1081.1 -9.9 349 0 8.5 7.8 7.5 2.5 2 0 3 2 2
2269.4 1053.7 -9.4 173 0 8.0 7.7 5.0 2.5 4 0 2 0 0
2258.1 1125.4 -10.3 173 0 8.0 7.7 5.0 0.0 0 0 2 4 4
2273.9 1012.4 -8.9 173 0 8.0 7.4 10.0 2.5 2 0 4 4 4
2271.3 1033.9 -9.2 173 0 8.0 7.6 5.0 2.5 2 0 2 1 1
2266.6 1011.4 -9.0 349 0 8.5 7.8 7.5 2.5 2 0 3 1 1
2274.1 1129.1 -10.3 264 0 9.2 8.3 7.5 2.5 2 0 3 5 5
2270.8 1114.9 -10.1 175 0 8.3 9.3 5.0 2.5 2 1 2 3 3
2272.1 1105.0 -10.0 175 0 8.3 9.3 5.0 2.5 2 1 2 1 1
2277.2 1065.4 -9.4 175 0 8.3 9.3 7.5 2.5 2 1 3 0 0
2278.8 1055.9 -9.3 175 0 8.3 9.3 10.0 2.5 2 1 4 2 2
2275.5 1084.8 -9.7 175 0 8.3 9.3 5.0 2.5 2 1 2 4 4
2276.1 1075.6 -9.6 175 0 8.3 9.3 7.5 2.5 4 1 3 2 2
2284.1 1014.5 -8.8 175 0 8.3 9.3 5.0 2.5 2 1 2 0 0
2282.5 1025.2 -9.0 175 0 8.3 9.3 7.5 2.5 2 1 3 2 2
2280.2 1045.1 -9.2 175 0 8.3 9.3 7.5 2.5 2 1 3 4 4
2035.5 1505.0 -8.8 49 0 11.3 15.5 2.5 2.5 2 1 1 1 1
1878.5 1368.8 -8.8 37 0 8.8 6.5 7.5 2.5 2 0 3 3 3
1948.8 1180.9 -6.7 313 0 11.6 12.5 7.5 2.5 2 1 3 4 4
2023.2 1181.6 -8.2 127 0 6.9 7.2 10.0 2.5 4 1 4 4 4
1870.1 1319.3 -9.2 30 0 13.1 9.9 7.5 2.5 2 0 3 4 4
1856.8 1283.8 -9.4 135 0 7.5 9.2 7.5 0.0 0 1 3 5 5
2028.9 1579.0 -8.4 324 0 15.5 15.2 7.5 2.5 2 0 3 5 5
2040.0 1129.6 -5.6 319 0 7.5 6.3 5.0 2.5 4 0 2 4 4
1996.8 1531.5 -8.1 233 0 7.3 7.0 2.5 2.5 2 0 1 0 0
1879.5 1399.3 -8.8 314 0 8.6 12.5 7.5 2.5 2 1 3 4 4
2678.7 819.1 -10.1 313 0 7.1 11.9 10.0 2.5 2 1 4 5 5
1922.7 1508.2 -8.2 309 0 7.5 11.1 7.5 2.5 2 1 3 5 5
1914.6 1238.5 -9.0 136 0 7.8 9.4 5.0 2.5 2 1 2 2 2
1964.9 1613.9 -8.4 326 0 7.4 9.5 7.5 2.5 2 1 3 0 0
1958.1 1579.5 -8.0 127 0 9.6 7.5 5.0 2.5 2 0 2 1 1
1855.6 1376.0 -8.7 134 0 9.8 11.5 2.5 2.5 2 1 1 2 2
1851.8 1358.1 -8.7 214 0 12.0 12.8 7.5 2.5 2 1 3 5 5
1782.3 1682.2 -8.1 22 0 11.1 7.3 10.0 2.5 2 0 4 2 2
1761.9 1733.9 -7.8 115 0 7.9 8.3 10.0 0.0 0 1 4 2 2
1780.1 1714.3 -8.0 115 0 8.3 8.5 7.5 2.5 2 1 3 2 2
1769.8 1716.9 -7.8 115 0 7.0 8.0 2.5 2.5 2 1 1 0 0
1780.2 1660.2 -8.3 21 0 13.3 9.3 2.5 2.5 2 0 1 1 1
1760.6 1719.7 -7.7 117 0 6.9 8.6 5.0 0.0 0 1 2 1 1
256.1 1156.1 -8.6 159 0 21.7 13.8 2.5 2.5 2 0 1 4 4
1802.7 1260.8 -9.2 42 0 10.2 10.9 5.0 2.5 2 1 2 5 5
1961.6 903.9 -3.4 35 0 11.8 10.6 7.5 2.5 2 0 3 3 3
-4210.1 -1625.4 -8.5 331 0 9.7 30.7 7.5 2.5 2 1 3 0 0
-4240.8 -1621.3 -8.8 242 0 30.0 11.4 7.5 2.5 2 0 3 1 1
-4227.7 -1691.6 -11.4 64 0 6.4 7.0 5.0 2.5 2 1 2 5 5
-4221.0 -1683.8 -11.1 62 0 10.4 29.6 12.5 2.5 2 1 5 5 5
5304.3 1586.4 8.3 46 0 11.0 12.8 5.0 0.0 0 1 2 0 0
6045.8 2067.9 -10.3 139 0 8.1 8.7 7.5 2.5 2 1 3 0 0
6044.2 2036.2 -11.3 46 0 7.9 46.0 12.5 2.5 2 1 5 5 5
5947.9 2127.9 -8.7 312 0 7.2 7.0 10.0 2.5 2 0 4 4 4
5999.6 2090.2 -10.1 319 0 37.2 7.6 10.0 2.5 4 0 4 1 1
5982.1 2091.7 -9.8 314 0 11.0 34.7 7.5 0.0 0 1 3 3 3
1741.1 1471.7 -8.4 0 0 14.5 7.9 5.0 2.5 2 0 2 3 3
1811.9 1482.3 -8.4 23 0 9.0 8.4 5.0 2.5 4 0 2 3 3
1792.9 1485.1 -8.4 114 0 8.7 11.9 2.5 2.5 2 1 1 2 2
1765.0 1561.0 -8.4 202 0 10.3 7.3 10.0 0.0 0 0 4 1 1
1645.7 1472.8 -9.3 178 0 8.0 24.7 2.5 2.5 2 1 1 2 2
1732.1 1487.3 -8.9 356 0 9.5 30.1 12.5 2.5 2 1 5 2 2
1672.6 1481.5 -9.3 178 0 8.3 26.8 2.5 2.5 2 1 1 5 5
1555.5 1586.7 -8.1 334 0 6.5 10.0 10.0 2.5 2 1 4 2 2
1821.9 1699.7 -8.5 206 0 13.1 11.6 7.5 2.5 2 0 3 4 4
1821.2 1672.4 -8.4 197 0 14.5 9.4 7.5 2.5 2 0 3 4 4
-4290.3 -1799.9 -9.6 165 0 9.6 12.2 7.5 2.5 4 1 3 0 0
-4276.4 -1795.6 -9.4 165 0 8.7 9.2 5.0 2.5 2 1 2 0 0
-4273.5 -1819.7 -8.8 164 0 6.8 13.1 2.5 2.5 2 1 1 1 1
628.9 449.2 -6.8 40 0 7.9 17.5 5.0 2.5 2 1 2 1 1
609.7 495.1 -7.1 308 0 6.1 6.3 5.0 2.5 2 1 2 4 4
600.6 497.6 -7.0 311 0 7.6 8.4 5.0 2.5 2 1 2 0 0
598.0 517.4 -7.3 309 0 8.1 9.7 7.5 2.5 2 1 3 5 5
543.6 554.0 -7.3 304 0 13.5 8.0 5.0 2.5 2 0 2 0 0
578.0 401.4 -5.8 231 0 8.1 9.5 5.0 2.5 2 1 2 2 2
586.5 462.2 -6.6 36 0 10.1 11.1 5.0 2.5 2 1 2 3 3
551.3 493.8 -6.6 224 0 10.0 8.0 10.0 2.5 2 0 4 5 5
546.9 436.9 -6.2 132 0 7.4 9.3 5.0 0.0 0 1 2 3 3
566.1 388.5 -5.5 237 0 11.8 8.0 5.0 2.5 2 0 2 3 3
739.4 494.0 -7.8 235 0 13.5 9.3 7.5 2.5 2 0 3 4 4
659.4 687.4 -8.9 131 0 13.5 13.2 7.5 0.0 0 0 3 3 3
659.0 738.8 -9.1 294 0 13.0 36.5 10.0 2.5 2 1 4 3 3
806.8 487.2 -8.0 141 0 9.7 8.0 7.5 2.5 2 0 3 2 2
803.3 540.4 -8.0 47 0 11.3 15.6 2.5 2.5 2 1 1 1 1
749.7 507.5 -7.9 231 0 11.0 17.5 5.0 2.5 2 1 2 4 4
669.8 439.0 -7.2 220 0 8.4 9.7 7.5 2.5 2 1 3 0 0
679.8 446.8 -7.7 220 0 6.4 11.6 10.0 2.5 2 1 4 2 2
692.2 457.0 -7.7 220 0 10.3 14.6 7.5 2.5 2 1 3 3 3
1913.9 1539.0 -7.8 208 0 7.6 9.1 10.0 2.5 2 1 4 0 0
681.8 545.3 -8.8 28 0 9.5 25.6 7.5 2.5 2 1 3 2 2
653.7 491.8 -7.9 121 0 13.3 7.4 5.0 2.5 2 0 2 5 5
634.4 504.1 -8.0 125 0 23.3 8.7 5.0 2.5 2 0 2 5 5
620.4 514.1 -8.0 125 0 8.1 8.7 5.0 2.5 2 1 2 4 4
610.5 542.8 -8.5 122 0 6.3 12.4 10.0 2.5 2 1 4 3 3
629.9 533.0 -9.0 124 0 7.8 28.1 5.0 2.5 2 1 2 4 4
583.6 557.2 -8.1 130 0 15.2 23.5 7.5 2.5 2 1 3 5 5
1980.8 1576.8 -8.2 121 0 8.9 7.2 7.5 2.5 2 0 3 2 2
1996.2 1616.9 -8.3 219 0 6.8 9.8 7.5 2.5 4 1 3 0 0
1987.1 1595.3 -8.3 214 0 9.4 11.6 5.0 2.5 2 1 2 1 1
1961.7 1626.2 -8.5 127 0 6.8 6.1 10.0 2.5 4 0 4 3 3
1907.1 1668.7 -8.7 29 0 9.2 6.4 7.5 2.5 2 0 3 4 4
1874.1 1659.3 -8.5 300 0 8.1 11.7 5.0 2.5 4 1 2 0 0
1833.6 1639.2 -8.5 202 0 7.0 8.6 5.0 2.5 2 1 2 0 0
734.7 672.4 -7.1 24 0 6.8 24.4 2.5 2.5 2 1 1 1 1
887.2 898.7 -8.5 304 0 11.3 6.6 7.5 2.5 2 0 3 2 2
4228.8 2911.8 -2.1 150 0 7.7 10.3 7.5 2.5 4 1 3 1 1
4240.2 2876.0 -1.2 151 0 8.0 11.1 7.5 2.5 2 1 3 1 1
4279.6 2950.0 -5.0 241 0 7.7 9.7 10.0 2.5 2 1 4 2 2
4291.5 2958.2 -5.8 241 0 7.4 9.3 5.0 2.5 2 1 2 2 2
4298.9 2978.9 -6.8 329 0 7.5 11.0 7.5 2.5 4 1 3 2 2
4278.9 3002.3 -7.0 319 0 10.6 7.6 7.5 2.5 2 0 3 0 0
4223.5 2930.7 -2.5 59 0 6.9 7.7 10.0 0.0 0 1 4 0 0
4242.6 2939.5 -3.3 59 0 8.4 9.9 7.5 2.5 2 1 3 3 3
-678.6 795.4 -10.8 162 0 11.1 30.7 7.5 2.5 2 1 3 5 5
