-6348.3 748.2 5.3 90 0 8.9 31.6 7.5 0.0 0 1 3 4 4
-6823.0 701.4 -2.5 90 0 8.0 25.9 7.5 2.5 2 1 3 4 4
-6819.4 807.6 -2.9 270 0 10.9 17.6 5.0 2.5 2 1 2 1 1
-6766.5 738.3 -2.2 269 0 7.3 14.4 7.5 2.5 2 1 3 0 0
-6552.9 896.1 4.0 184 0 7.9 9.3 10.0 2.5 2 1 4 5 5
-6760.6 809.6 -2.5 270 0 12.0 36.7 10.0 2.5 2 1 4 4 4
-6789.8 808.5 -2.9 269 0 30.4 15.7 10.0 2.5 2 0 4 3 3
-6552.4 836.0 2.4 95 0 7.6 27.7 5.0 2.5 2 1 2 1 1
-6701.6 960.3 0.2 188 0 43.3 17.0 7.5 2.5 2 0 3 4 4
-6532.0 884.9 3.8 4 0 42.8 9.9 10.0 2.5 2 0 4 2 2
-6837.0 723.9 -2.5 270 0 9.7 8.8 7.5 0.0 0 0 3 2 2
-6806.2 672.5 -2.7 251 0 7.8 33.0 7.5 2.5 2 1 3 3 3
-6446.2 708.5 5.4 90 0 7.2 19.1 10.0 2.5 2 1 4 4 4
-6431.8 354.1 -3.3 180 0 8.2 12.6 5.0 2.5 2 1 2 5 5
-6523.0 508.4 -3.9 51 0 11.5 26.4 10.0 2.5 2 1 4 0 0
-6384.2 346.6 -4.0 55 0 6.5 8.3 10.0 2.5 2 1 4 2 2
-6066.8 17.8 -3.6 262 0 10.0 7.7 7.5 2.5 2 0 3 2 2
-6437.4 315.3 -3.1 195 0 7.9 6.6 7.5 2.5 2 0 3 3 3
-6438.8 388.2 -3.6 188 0 14.0 9.4 5.0 2.5 2 0 2 1 1
-6079.8 205.9 -2.7 352 0 7.2 7.8 7.5 2.5 4 1 3 0 0
-6367.3 371.0 -4.6 286 0 12.0 7.4 7.5 2.5 2 0 3 2 2
-6385.7 400.4 -4.2 294 0 9.2 10.4 10.0 2.5 4 1 4 5 5
-6079.9 271.8 -3.8 349 0 6.7 8.9 7.5 2.5 4 1 3 4 4
-6040.7 21.1 -3.3 244 0 12.2 12.4 7.5 2.5 2 1 3 3 3
-6422.8 416.1 -4.1 298 0 7.1 11.7 7.5 2.5 2 1 3 3 3
-6187.2 297.8 -3.4 299 0 7.8 14.1 7.5 2.5 4 1 3 2 2
-6347.6 280.4 -3.9 272 0 11.6 8.7 10.0 2.5 2 0 4 3 3
-6319.1 356.7 -3.7 302 0 8.1 8.1 5.0 2.5 2 1 2 0 0
-6610.2 343.2 -6.3 289 0 9.5 18.6 7.5 2.5 2 1 3 1 1
-6689.8 423.6 -6.5 171 0 9.1 17.9 5.0 2.5 2 1 2 3 3
-6137.2 778.7 2.7 358 0 22.2 21.8 10.0 2.5 2 0 4 4 4
-6617.7 392.0 -5.9 95 0 9.7 17.0 5.0 2.5 2 1 2 2 2
-6600.4 466.4 -5.7 326 0 16.4 9.6 7.5 2.5 4 0 3 3 3
-6742.9 399.6 -7.2 284 0 12.2 15.5 10.0 2.5 2 1 4 2 2
-6611.9 489.0 -5.3 324 0 8.2 7.8 7.5 2.5 2 0 3 5 5
-6155.1 905.9 -0.0 268 0 22.9 20.2 7.5 2.5 2 0 3 4 4
-6576.0 389.1 -6.5 0 0 17.5 9.7 5.0 2.5 4 0 2 4 4
-6698.0 605.9 -3.8 340 0 7.5 15.0 5.0 2.5 2 1 2 1 1
-6641.1 522.4 -5.3 327 0 13.7 10.5 5.0 2.5 2 0 2 3 3
-6623.7 904.0 -0.2 0 0 96.5 13.6 12.5 2.5 2 0 5 0 0
-6629.8 473.0 -5.8 307 0 13.7 8.6 10.0 2.5 2 0 4 3 3
-6584.5 436.0 -6.1 326 0 9.8 11.4 7.5 2.5 4 1 3 5 5
-6147.0 863.4 0.6 354 0 10.1 15.0 7.5 2.5 2 1 3 3 3
-6145.2 822.6 1.2 358 0 9.7 13.6 7.5 2.5 2 1 3 2 2
-6451.1 799.7 6.6 88 0 19.5 9.9 7.5 2.5 2 0 3 4 4
-1360.8 -1160.3 0.2 109 0 9.0 7.4 14.0 3.5 2 0 4 5 5
-1297.9 -1150.5 -0.4 22 0 7.9 7.8 14.0 3.5 2 0 4 0 0
-1349.8 -1164.8 0.2 114 0 13.5 8.5 14.0 0.0 0 0 4 3 3
-1339.7 -1198.6 0.2 142 0 7.9 12.4 14.0 3.5 2 1 4 1 1
-1292.0 -1125.6 -0.5 343 0 13.4 26.6 14.0 0.0 0 1 4 4 4
-1330.4 -1099.9 -1.1 292 0 9.6 40.8 14.0 0.0 0 1 4 0 0
-1365.2 -1178.7 0.3 110 0 16.3 17.6 14.0 3.5 2 1 4 3 3
-622.4 -223.2 -1.1 222 0 7.5 6.5 5.0 0.0 0 0 2 1 1
-680.0 -1993.0 3.6 198 0 8.4 28.2 7.5 2.5 2 1 3 3 3
-686.5 -1977.3 4.5 109 0 8.8 23.1 10.0 2.5 2 1 4 2 2
-693.5 -1949.9 4.9 285 0 8.8 19.0 7.5 2.5 2 1 3 3 3
-705.3 -1954.6 5.0 286 0 11.4 11.6 7.5 0.0 0 1 3 4 4
5805.6 898.5 -2.1 228 0 6.2 10.9 7.5 2.5 2 1 3 0 0
5758.8 830.2 -2.6 202 0 7.1 7.0 5.0 2.5 2 0 2 5 5
5747.2 866.7 -2.3 51 0 7.1 6.1 2.5 2.5 4 0 1 2 2
5743.9 875.5 -2.2 68 0 8.5 6.2 7.5 2.5 2 0 3 2 2
5065.9 6397.3 -13.2 2 0 8.1 8.0 2.5 2.5 2 0 1 1 1
5060.0 6415.7 -13.5 2 0 7.5 7.7 7.5 2.5 2 1 3 5 5
5074.0 6444.0 -13.2 5 0 7.5 8.9 7.5 2.5 2 1 3 0 0
5073.2 6419.1 -13.6 357 0 7.7 8.5 10.0 2.5 2 1 4 0 0
5070.2 6329.7 -10.8 358 0 8.4 8.1 5.0 2.5 2 0 2 4 4
4981.8 6508.9 -11.9 281 0 7.0 10.2 5.0 2.5 2 1 2 1 1
5110.9 6316.1 -11.2 181 0 7.9 7.4 7.5 2.5 2 0 3 1 1
5309.4 6701.3 -11.0 196 0 6.2 8.5 2.5 2.5 2 1 1 3 3
5053.9 6682.5 -10.0 187 0 8.3 10.2 2.5 2.5 2 1 1 4 4
5124.8 6583.4 -9.0 187 0 7.0 6.7 7.5 2.5 2 0 3 1 1
4699.9 6759.9 -12.7 201 0 9.1 7.0 7.5 2.5 2 0 3 0 0
5131.8 6514.7 -11.3 283 0 8.9 6.0 5.0 2.5 2 0 2 1 1
5093.9 6418.9 -13.3 180 0 8.1 8.8 5.0 2.5 2 1 2 3 3
5330.5 6610.6 -10.9 101 0 9.3 7.5 7.5 2.5 2 0 3 4 4
4553.9 6761.5 -11.4 89 0 8.0 9.9 2.5 2.5 2 1 1 3 3
5145.8 6434.1 -12.9 278 0 8.4 8.0 5.0 0.0 0 0 2 4 4
5076.4 6498.2 -10.9 10 0 8.1 7.2 7.5 2.5 2 0 3 5 5
5098.2 6754.4 -10.3 11 0 8.4 8.7 7.5 2.5 2 1 3 4 4
5106.1 6345.5 -12.0 91 0 8.4 7.0 2.5 2.5 2 0 1 1 1
5301.9 6689.3 -10.5 193 0 7.4 9.0 5.0 2.5 2 1 2 0 0
5149.6 6563.0 -9.4 95 0 7.2 8.1 7.5 2.5 2 1 3 3 3
4698.7 6709.2 -12.6 112 0 8.1 8.0 2.5 2.5 2 0 1 2 2
5149.7 6883.3 -12.6 184 0 8.0 9.1 5.0 0.0 0 1 2 3 3
5112.3 6639.8 -8.9 5 0 34.3 11.1 7.5 2.5 2 0 3 2 2
4740.2 6742.5 -12.1 11 0 8.1 9.2 7.5 2.5 2 1 3 5 5
5127.2 6401.2 -12.7 5 0 9.6 6.9 10.0 2.5 2 0 4 2 2
5029.6 6658.0 -11.6 279 0 9.6 12.6 5.0 0.0 0 1 2 1 1
5217.0 6405.3 -11.7 175 0 7.8 8.9 2.5 2.5 4 1 1 0 0
5221.1 6434.7 -12.0 176 0 7.3 7.3 5.0 2.5 2 0 2 2 2
5212.5 6527.5 -12.1 182 0 6.5 7.7 7.5 2.5 2 1 3 5 5
5153.3 6706.3 -7.7 185 0 6.0 11.3 5.0 2.5 2 1 2 4 4
5024.0 6773.2 -12.5 272 0 7.7 8.2 10.0 2.5 2 1 4 4 4
5104.4 6400.5 -12.9 173 0 7.8 8.6 5.0 2.5 2 1 2 3 3
4960.3 6696.7 -12.4 274 0 7.1 8.8 7.5 0.0 0 1 3 0 0
5007.3 6375.3 -12.4 89 0 6.9 8.2 7.5 2.5 2 1 3 2 2
5146.4 6774.7 -10.2 93 0 10.8 8.0 7.5 2.5 2 0 3 5 5
5316.1 6658.3 -10.1 191 0 7.7 8.7 5.0 2.5 2 1 2 1 1
5122.7 6553.4 -9.4 86 0 9.1 7.4 10.0 2.5 2 0 4 4 4
5125.9 6621.6 -8.7 185 0 7.6 7.3 7.5 2.5 2 0 3 3 3
5063.8 6771.8 -11.0 279 0 10.6 6.9 7.5 2.5 4 0 3 4 4
4999.3 6508.8 -12.0 271 0 6.3 8.5 7.5 2.5 4 1 3 3 3
5360.6 6571.8 -11.4 87 0 7.7 7.0 5.0 2.5 4 0 2 2 2
5307.4 6883.5 -8.6 252 0 6.0 7.6 7.5 0.0 0 1 3 5 5
5213.8 6507.7 -13.0 179 0 7.0 9.0 2.5 2.5 4 1 1 1 1
5080.8 6524.3 -9.9 15 0 9.8 6.7 5.0 2.5 2 0 2 2 2
5232.2 6884.0 -11.7 275 0 9.4 7.0 7.5 2.5 2 0 3 3 3
5094.7 6564.5 -9.4 6 0 7.9 9.2 10.0 2.5 2 1 4 5 5
4990.1 6661.7 -12.5 105 0 7.9 8.1 7.5 2.5 2 1 3 3 3
5400.3 6656.8 -11.9 5 0 17.6 11.7 5.0 0.0 0 0 2 4 4
6721.6 6363.9 -13.0 184 0 7.3 7.4 5.0 0.0 0 1 2 4 4
5342.2 6661.9 -11.1 192 0 10.5 7.5 2.5 2.5 2 0 1 5 5
5168.6 6797.8 -10.4 265 0 8.2 7.0 7.5 0.0 0 0 3 5 5
5390.1 6526.3 -11.6 3 0 9.4 7.4 2.5 2.5 4 0 1 0 0
6464.5 6472.4 -14.9 354 0 19.4 9.6 7.5 2.5 2 0 3 0 0
5388.9 6589.9 -11.1 92 0 10.2 11.8 7.5 2.5 2 1 3 3 3
5113.6 6291.1 -10.4 175 0 6.2 7.8 7.5 2.5 2 1 3 5 5
5083.7 6625.5 -10.8 13 0 7.5 31.9 12.5 2.5 2 1 5 0 0
6615.1 6566.4 -12.8 272 0 6.2 6.4 7.5 2.5 2 1 3 3 3
-3857.3 -3015.4 -1.7 312 0 8.9 6.4 5.0 2.5 2 0 2 1 1
-3814.3 -3035.6 -4.2 138 0 9.9 9.7 2.5 2.5 2 0 1 0 0
-3914.8 -2979.4 -1.5 231 0 8.2 6.2 10.0 0.0 0 0 4 1 1
-3207.4 209.2 -0.5 61 0 14.7 10.8 5.0 2.5 4 0 2 4 4
-3806.6 -3077.9 -5.3 46 0 7.8 8.2 7.5 2.5 4 1 3 5 5
-3875.6 -2912.0 -2.6 320 0 6.9 9.0 5.0 2.5 2 1 2 0 0
-3849.9 -3021.0 -2.1 311 0 8.1 7.3 7.5 2.5 2 0 3 1 1
-3899.4 -2884.1 -3.1 325 0 7.7 8.2 7.5 2.5 4 1 3 1 1
-3887.0 -2957.8 -2.1 140 0 6.7 12.6 7.5 2.5 2 1 3 3 3
1978.2 3143.7 -2.6 50 0 10.1 7.5 5.0 2.5 2 0 2 0 0
1894.4 3219.0 -1.7 257 0 8.7 7.9 5.0 2.5 2 0 2 0 0
1731.2 3164.2 -2.9 230 0 9.0 7.1 7.5 2.5 2 0 3 3 3
1583.8 3421.8 -2.1 64 0 8.6 8.2 5.0 2.5 2 0 2 3 3
2055.3 3466.8 -2.1 265 0 9.6 6.8 10.0 2.5 2 0 4 1 1
1902.8 3028.3 -1.5 318 0 7.9 9.1 7.5 2.5 4 1 3 5 5
2014.9 3461.8 -2.5 64 0 8.9 6.6 7.5 2.5 2 0 3 4 4
1864.9 3034.9 -0.8 52 0 9.8 7.5 10.0 2.5 2 0 4 3 3
2036.6 3293.8 -3.4 348 0 15.7 8.0 7.5 0.0 0 0 3 1 1
1983.8 3440.7 -4.1 57 0 9.0 7.0 5.0 0.0 0 0 2 5 5
1513.9 3482.0 -3.1 148 0 7.7 9.0 5.0 0.0 0 1 2 4 4
1976.4 3185.3 -2.3 222 0 10.1 7.5 2.5 2.5 2 0 1 3 3
1727.5 3376.1 -2.1 52 0 10.2 7.9 7.5 2.5 2 0 3 3 3
1980.9 3089.7 -2.8 46 0 10.0 8.1 10.0 2.5 2 0 4 0 0
1975.2 3278.3 -3.6 158 0 8.6 9.2 2.5 2.5 2 1 1 2 2
1805.5 3236.8 -1.8 239 0 10.0 6.9 7.5 0.0 0 0 3 0 0
1943.2 3335.8 -4.2 334 0 7.3 9.5 5.0 2.5 2 1 2 3 3
1797.2 2763.7 -0.9 140 0 11.9 10.2 7.5 2.5 2 0 3 2 2
1650.9 3331.8 -0.3 64 0 9.6 7.3 10.0 2.5 2 0 4 5 5
2035.9 3432.8 -3.5 257 0 9.3 7.0 5.0 0.0 0 0 2 5 5
1708.1 2857.5 -1.1 232 0 8.6 8.0 5.0 2.5 2 0 2 2 2
2048.5 3287.9 -3.3 353 0 38.1 9.5 10.0 2.5 2 0 4 4 4
1906.2 3510.2 -3.8 266 0 9.1 9.6 7.5 2.5 2 1 3 2 2
1706.7 3297.2 -0.9 58 0 10.7 8.9 5.0 2.5 2 0 2 4 4
2059.0 3407.7 -4.2 78 0 10.2 7.0 5.0 2.5 2 0 2 2 2
1670.1 2892.3 0.3 142 0 7.6 6.6 7.5 0.0 0 0 3 4 4
1863.2 3344.9 -1.6 48 0 7.1 7.5 7.5 0.0 0 1 3 5 5
1580.7 3328.3 0.5 140 0 8.3 9.8 5.0 2.5 2 1 2 1 1
2060.2 3524.1 -1.6 184 0 8.6 9.4 7.5 2.5 2 1 3 1 1
1883.0 3502.6 -3.9 224 0 8.0 8.5 5.0 2.5 2 1 2 2 2
1786.6 3339.3 -1.4 324 0 11.0 9.2 7.5 2.5 2 0 3 4 4
1978.7 3396.7 -3.8 238 0 9.2 7.3 7.5 2.5 2 0 3 5 5
1715.2 2845.0 -1.4 137 0 8.2 7.2 7.5 2.5 2 0 3 1 1
1645.5 2921.9 0.7 142 0 8.6 9.9 2.5 2.5 2 1 1 4 4
2036.9 3345.3 -4.0 182 0 8.0 9.4 5.0 2.5 2 1 2 5 5
1737.5 2880.6 -2.0 228 0 8.3 9.1 7.5 2.5 2 1 3 2 2
5313.5 6739.4 -11.8 182 0 8.6 10.4 5.0 2.5 2 1 2 4 4
6446.2 6372.3 -14.3 359 0 6.1 10.5 5.0 2.5 2 1 2 4 4
6580.4 6213.8 -9.9 359 0 8.1 6.7 7.5 2.5 2 0 3 2 2
4068.9 6079.4 -11.5 98 0 10.0 9.4 5.0 2.5 2 0 2 3 3
3979.5 6362.2 -10.7 172 0 8.6 8.8 5.0 2.5 2 1 2 3 3
3982.0 6772.6 -11.7 179 0 10.6 6.7 2.5 0.0 0 0 1 1 1
3978.3 6811.8 -11.2 269 0 8.5 7.4 7.5 2.5 2 0 3 2 2
3966.1 6826.0 -10.7 262 0 7.2 10.0 7.5 0.0 0 1 3 5 5
4035.7 6817.9 -12.2 260 0 9.1 13.9 7.5 2.5 4 1 3 5 5
4057.0 6855.2 -12.0 257 0 9.6 11.7 10.0 2.5 2 1 4 1 1
4087.3 6849.1 -12.2 359 0 9.5 8.8 10.0 2.5 2 0 4 1 1
4093.5 6761.2 -13.2 89 0 8.4 12.4 7.5 0.0 0 1 3 4 4
4066.5 6764.9 -12.7 89 0 9.5 9.5 5.0 0.0 0 0 2 5 5
4048.5 6762.7 -12.4 87 0 9.1 9.6 10.0 2.5 2 1 4 3 3
4018.7 6754.2 -12.1 85 0 14.0 11.3 7.5 2.5 2 0 3 0 0
4001.8 6724.4 -11.8 85 0 8.7 11.4 7.5 2.5 2 1 3 2 2
3973.0 6709.1 -11.5 179 0 12.1 9.8 7.5 2.5 2 0 3 3 3
3983.3 6672.3 -11.8 83 0 9.5 12.5 2.5 2.5 2 1 1 1 1
3984.9 6594.7 -12.6 73 0 9.3 10.3 7.5 2.5 4 1 3 1 1
3969.2 6428.2 -11.5 183 0 7.5 11.4 7.5 2.5 2 1 3 3 3
4067.3 6483.1 -11.4 273 0 9.8 9.3 7.5 2.5 2 0 3 0 0
4195.4 6470.3 -9.7 287 0 9.1 10.1 5.0 2.5 2 1 2 0 0
4211.3 6474.6 -9.5 269 0 9.9 10.2 7.5 2.5 2 1 3 2 2
4189.0 6509.5 -10.4 87 0 10.0 10.1 7.5 2.5 2 1 3 5 5
4219.9 6751.9 -12.1 188 0 11.0 9.7 7.5 2.5 2 0 3 1 1
4247.0 6753.9 -11.7 79 0 9.6 12.0 5.0 2.5 2 1 2 1 1
4234.9 6607.3 -10.4 183 0 8.3 10.1 5.0 2.5 2 1 2 5 5
4268.8 6590.6 -11.1 359 0 9.5 9.3 10.0 0.0 0 0 4 0 0
5264.1 6371.5 -12.2 90 0 10.0 11.5 5.0 2.5 2 1 2 4 4
5421.0 6588.1 -11.1 16 0 7.5 10.3 5.0 2.5 2 1 2 3 3
5301.6 6598.5 -10.7 96 0 8.5 9.5 7.5 2.5 2 1 3 2 2
5260.6 6562.6 -11.6 287 0 7.6 7.2 7.5 2.5 2 0 3 0 0
5218.5 6472.9 -12.8 85 0 10.6 8.6 5.0 0.0 0 0 2 0 0
5189.2 6519.1 -11.9 356 0 6.2 9.8 5.0 2.5 2 1 2 4 4
5224.3 6645.9 -8.5 192 0 8.0 8.6 7.5 2.5 2 1 3 3 3
5143.4 6733.9 -9.6 190 0 7.8 10.2 5.0 2.5 2 1 2 4 4
5194.2 6684.2 -7.7 100 0 10.6 8.5 10.0 2.5 2 0 4 1 1
4055.4 6246.1 -9.8 0 0 6.7 7.5 7.5 2.5 2 1 3 0 0
-2287.5 -2049.7 -1.7 142 0 7.5 8.8 2.5 2.5 2 1 1 2 2
-1660.1 -1486.6 0.1 234 0 13.9 9.8 14.0 3.5 2 0 4 5 5
-1949.3 -1744.3 -1.2 53 0 7.5 10.7 5.0 2.5 2 1 2 4 4
-1976.5 -1673.3 -1.1 146 0 10.0 8.9 5.0 2.5 2 0 2 1 1
-2186.1 -1682.9 -2.0 138 0 8.0 7.2 7.5 2.5 2 0 3 2 2
-2328.4 -1933.9 -1.8 150 0 6.1 10.8 10.0 2.5 2 1 4 5 5
-2040.1 -1558.2 -1.1 234 0 9.0 11.0 7.5 2.5 2 1 3 0 0
-2100.2 -1645.7 -0.9 134 0 7.1 7.9 2.5 2.5 2 1 1 1 1
-1991.2 -1636.1 -0.8 239 0 8.9 8.3 10.0 2.5 2 0 4 2 2
-2295.6 -2028.8 -1.5 146 0 9.8 7.2 2.5 2.5 2 0 1 2 2
-1605.6 -1450.6 -0.4 324 0 7.0 9.6 14.0 3.5 2 1 4 3 3
-2363.7 -2078.6 -2.5 71 0 8.5 25.5 2.5 2.5 2 1 1 4 4
-2360.5 -2014.5 -1.4 246 0 7.4 7.3 7.5 2.5 4 0 3 5 5
-2242.1 -1909.5 -3.5 238 0 7.2 8.0 2.5 2.5 2 1 1 2 2
-2171.7 -1785.8 -2.1 233 0 9.4 6.8 5.0 2.5 2 0 2 2 2
-2140.1 -1859.5 -2.3 62 0 8.2 7.1 7.5 2.5 2 0 3 4 4
-1866.8 -1772.9 -2.6 343 0 8.0 8.2 10.0 2.5 2 1 4 3 3
-2312.6 -1969.4 -1.7 235 0 10.4 8.3 5.0 2.5 2 0 2 2 2
-2300.0 -1762.4 -2.7 148 0 7.8 7.4 7.5 2.5 2 0 3 4 4
-2064.0 -1745.8 -1.7 57 0 6.4 6.4 7.5 2.5 2 1 3 4 4
-1692.0 -1526.3 1.1 48 0 9.1 8.6 14.0 3.5 2 0 4 5 5
-1945.0 -1656.7 -0.9 52 0 7.9 9.4 7.5 2.5 4 1 3 5 5
-1995.7 -1893.7 -4.5 253 0 8.4 7.1 10.0 2.5 4 0 4 1 1
-2111.3 -1841.5 -1.7 329 0 7.2 8.7 7.5 2.5 4 1 3 0 0
-1548.8 -1525.5 0.4 144 0 7.3 7.3 10.0 2.5 2 1 4 4 4
-2176.3 -1957.5 -3.9 330 0 7.9 8.8 7.5 2.5 2 1 3 1 1
-2134.3 -1796.8 -1.7 320 0 6.9 8.7 5.0 2.5 2 1 2 0 0
-2334.0 -1863.4 -1.7 242 0 10.7 8.1 5.0 2.5 2 0 2 5 5
-1894.0 -1827.1 -3.4 67 0 11.8 6.3 5.0 2.5 2 0 2 1 1
-2259.4 -1886.3 -3.0 145 0 6.9 6.7 7.5 2.5 2 0 3 2 2
-1948.7 -1563.0 -0.2 51 0 8.8 9.9 7.5 2.5 4 1 3 1 1
-2025.7 -1665.0 -1.1 146 0 7.5 8.2 5.0 2.5 2 1 2 2 2
-2352.4 -1833.2 -1.2 65 0 8.2 9.4 7.5 2.5 2 1 3 4 4
-2187.0 -1629.4 -2.3 239 0 9.2 7.4 7.5 2.5 2 0 3 0 0
-1677.6 -1511.8 0.7 48 0 7.9 9.1 14.0 3.5 2 1 4 1 1
-2260.0 -1996.5 -2.2 329 0 6.0 6.8 7.5 2.5 2 1 3 4 4
-2087.3 -1812.6 -2.1 149 0 7.5 9.4 5.0 2.5 2 1 2 4 4
-2046.2 -1819.6 -2.4 329 0 6.9 8.5 10.0 0.0 0 1 4 5 5
-1954.8 -1710.3 -1.2 147 0 7.2 9.3 7.5 2.5 4 1 3 3 3
-2258.5 -1847.9 -2.5 149 0 9.5 7.3 7.5 2.5 2 0 3 2 2
3962.0 6809.0 -10.6 177 0 12.6 7.9 10.0 2.5 2 0 4 4 4
3997.3 6447.1 -11.5 257 0 7.8 7.0 5.0 0.0 0 0 2 4 4
6500.9 6531.7 -11.8 98 0 16.4 18.8 7.5 2.5 2 1 3 4 4
5309.7 6778.3 -11.7 182 0 20.4 13.4 7.5 2.5 2 0 3 2 2
5263.1 6605.2 -9.5 94 0 6.0 10.9 7.5 2.5 2 1 3 5 5
5019.1 6639.8 -12.1 193 0 13.0 34.3 7.5 2.5 2 1 3 4 4
94.0 6264.6 -9.4 360 0 7.4 9.5 7.5 2.5 2 1 3 5 5
93.8 6194.9 -10.4 1 0 9.8 7.5 10.0 2.5 2 0 4 3 3
50.2 6209.8 -10.5 359 0 7.8 9.0 5.0 2.5 4 1 2 1 1
-15.8 6109.4 -10.0 89 0 6.9 6.4 7.5 2.5 2 0 3 1 1
-119.3 6121.1 -9.1 88 0 9.0 7.7 7.5 2.5 2 0 3 0 0
-123.5 6161.1 -9.1 89 0 9.0 7.9 5.0 2.5 2 0 2 1 1
-24.7 6139.6 -10.0 85 0 10.1 8.6 2.5 2.5 2 0 1 1 1
-29.7 6248.2 -10.5 267 0 10.1 7.8 7.5 2.5 2 0 3 0 0
-68.6 6343.5 -13.0 0 0 7.1 10.9 7.5 2.5 2 1 3 4 4
-94.5 6368.0 -12.3 270 0 9.5 7.7 10.0 2.5 2 0 4 1 1
-160.2 6124.7 -9.7 91 0 6.6 6.5 7.5 2.5 2 0 3 1 1
-258.7 6219.2 -9.6 271 0 9.0 8.8 5.0 2.5 2 0 2 1 1
-180.5 6284.8 -9.7 175 0 8.0 9.4 2.5 2.5 2 1 1 3 3
-212.6 6316.4 -9.8 179 0 9.9 8.4 7.5 2.5 2 0 3 0 0
-190.1 6341.6 -10.1 270 0 7.0 7.4 7.5 2.5 2 1 3 2 2
-232.6 6356.4 -10.4 181 0 7.5 8.5 2.5 2.5 2 1 1 0 0
-316.0 6184.7 -10.1 183 0 7.8 8.8 5.0 0.0 0 1 2 0 0
-190.3 6180.7 -9.3 89 0 9.9 7.8 7.5 2.5 2 0 3 1 1
-253.0 6037.7 -11.1 182 0 7.3 8.4 7.5 2.5 2 1 3 4 4
-330.4 6391.8 -9.9 268 0 9.2 7.5 5.0 2.5 2 0 2 3 3
-372.0 6334.4 -10.6 348 0 8.7 10.0 7.5 2.5 2 1 3 3 3
-431.5 6372.2 -9.6 274 0 10.8 7.1 5.0 2.5 2 0 2 5 5
-432.4 6323.6 -9.5 181 0 7.1 6.8 5.0 2.5 2 0 2 3 3
226.6 6258.3 -8.6 300 0 7.1 6.1 2.5 2.5 2 0 1 2 2
236.3 6205.3 -9.5 103 0 10.1 7.7 7.5 2.5 2 0 3 2 2
175.8 6070.5 -10.3 177 0 8.0 8.6 7.5 2.5 2 1 3 4 4
242.7 6108.5 -10.3 274 0 8.7 7.8 7.5 2.5 4 0 3 0 0
230.4 6038.1 -9.1 87 0 10.1 7.2 2.5 2.5 2 0 1 1 1
161.8 6022.9 -10.3 86 0 8.8 7.9 7.5 2.5 2 0 3 4 4
-16.2 6340.5 -10.7 186 0 8.4 9.9 5.0 2.5 2 1 2 3 3
57.1 6355.3 -8.4 292 0 11.1 7.1 5.0 2.5 2 0 2 3 3
161.0 6129.1 -10.4 269 0 9.3 8.1 5.0 2.5 4 0 2 3 3
119.3 6152.1 -10.4 358 0 9.8 7.8 7.5 2.5 2 0 3 5 5
-363.2 6521.0 -7.1 265 0 7.1 7.4 7.5 2.5 2 1 3 3 3
-361.8 6498.7 -7.5 91 0 6.9 8.0 2.5 2.5 2 1 1 2 2
-366.0 6439.5 -9.3 92 0 8.3 7.3 7.5 2.5 2 0 3 2 2
-398.1 6435.0 -10.1 103 0 9.0 7.8 5.0 2.5 2 0 2 4 4
-401.8 6541.3 -8.2 181 0 7.3 10.2 7.5 2.5 2 1 3 2 2
-431.2 6548.6 -9.3 270 0 6.1 8.7 5.0 2.5 2 1 2 4 4
-438.2 6512.1 -9.3 184 0 7.8 9.6 5.0 2.5 2 1 2 0 0
-416.6 6458.3 -9.8 105 0 8.4 7.4 10.0 2.5 2 0 4 4 4
-1016.7 6381.9 -10.4 358 0 9.9 8.4 7.5 2.5 2 0 3 1 1
-942.6 6366.4 -9.7 1 0 7.0 8.1 7.5 2.5 2 1 3 1 1
-869.9 6501.7 -11.0 179 0 8.3 6.5 5.0 2.5 2 0 2 5 5
-815.6 6410.8 -10.2 359 0 8.4 11.4 7.5 2.5 2 1 3 2 2
-756.3 6464.9 -12.0 177 0 10.1 8.5 5.0 0.0 0 0 2 5 5
-715.3 6461.6 -12.2 357 0 7.3 7.6 10.0 2.5 2 1 4 1 1
-532.3 6385.6 -10.6 90 0 9.9 7.7 5.0 2.5 2 0 2 3 3
301.6 6230.3 -9.5 270 0 8.3 8.0 7.5 2.5 2 0 3 4 4
-215.5 6670.8 -9.9 92 0 10.3 8.9 7.5 2.5 2 0 3 3 3
-241.9 6684.5 -9.5 254 0 9.2 9.2 10.0 2.5 2 0 4 3 3
-218.8 6723.9 -10.1 267 0 9.3 8.7 10.0 2.5 2 0 4 5 5
-227.2 6788.3 -11.0 265 0 10.2 8.7 5.0 2.5 2 0 2 2 2
-96.4 6443.6 -10.0 87 0 8.6 8.0 5.0 0.0 0 0 2 5 5
-162.8 6475.6 -10.7 352 0 8.6 9.7 5.0 2.5 2 1 2 0 0
-184.5 6648.7 -10.1 91 0 9.9 9.5 5.0 2.5 2 0 2 4 4
-182.1 6610.1 -9.9 357 0 8.4 9.6 5.0 0.0 0 1 2 3 3
-181.4 6586.5 -10.1 349 0 9.2 9.9 5.0 2.5 2 1 2 5 5
-174.7 6549.6 -10.2 357 0 9.3 9.8 7.5 2.5 2 1 3 2 2
-232.3 6612.7 -9.3 356 0 9.3 9.8 10.0 2.5 2 1 4 1 1
-283.0 6747.3 -10.3 169 0 8.4 8.6 5.0 2.5 2 1 2 0 0
-301.5 6713.9 -9.8 255 0 9.5 8.7 7.5 2.5 2 0 3 2 2
-280.9 6596.9 -8.8 174 0 8.9 6.1 7.5 2.5 4 0 3 3 3
-323.6 6592.7 -8.3 178 0 7.4 7.2 7.5 0.0 0 0 3 5 5
-357.8 6680.3 -9.9 152 0 10.2 8.4 5.0 2.5 2 0 2 2 2
-201.4 6515.5 -10.6 1 0 7.5 9.9 7.5 2.5 2 1 3 5 5
-200.8 6410.1 -11.0 78 0 9.5 9.4 7.5 2.5 4 0 3 3 3
-342.2 6584.4 -7.9 257 0 9.9 8.3 2.5 2.5 2 0 1 1 1
-308.1 6551.3 -8.0 174 0 10.1 6.8 7.5 2.5 4 0 3 4 4
-244.4 6522.7 -10.4 350 0 8.6 25.7 5.0 2.5 2 1 2 4 4
-278.5 6513.6 -9.7 82 0 14.4 10.0 7.5 2.5 2 0 3 1 1
-286.4 6465.8 -10.5 95 0 7.0 6.3 10.0 2.5 2 0 4 3 3
-290.5 6435.4 -11.2 96 0 8.7 8.6 7.5 2.5 2 0 3 2 2
-308.0 6447.4 -10.4 92 0 9.6 7.4 7.5 2.5 2 0 3 1 1
-326.6 6445.6 -9.8 90 0 7.8 10.9 7.5 2.5 2 1 3 5 5
-369.0 6555.8 -7.4 183 0 7.2 10.1 7.5 2.5 2 1 3 0 0
-439.2 6664.8 -11.9 342 0 7.9 8.9 5.0 0.0 0 1 2 1 1
-2.7 6723.5 -8.4 357 0 8.3 8.8 7.5 2.5 2 1 3 3 3
-21.0 6702.3 -8.5 87 0 9.0 9.0 2.5 2.5 2 0 1 2 2
-68.2 6720.4 -9.1 180 0 8.1 9.5 7.5 2.5 2 1 3 4 4
-51.6 6668.7 -8.7 359 0 6.9 10.7 5.0 2.5 2 1 2 1 1
-81.4 6672.1 -9.1 73 0 7.7 9.1 7.5 2.5 4 1 3 0 0
-103.6 6708.7 -9.5 253 0 8.8 7.7 7.5 2.5 4 0 3 4 4
-134.0 6694.7 -9.9 340 0 8.7 9.1 5.0 2.5 4 1 2 2 2
-183.1 6762.3 -10.8 265 0 10.0 8.2 5.0 2.5 4 0 2 2 2
-180.2 6711.2 -10.5 263 0 9.5 9.2 5.0 2.5 2 0 2 0 0
172.8 6653.0 -8.2 264 0 9.7 8.3 5.0 0.0 0 0 2 2 2
168.9 6614.1 -8.0 170 0 7.8 10.3 10.0 2.5 2 1 4 2 2
164.1 6621.9 -7.9 179 0 6.3 6.4 5.0 2.5 2 1 2 4 4
318.5 6528.6 -8.7 0 0 8.6 10.1 5.0 2.5 2 1 2 0 0
213.6 6515.2 -10.6 177 0 7.4 9.6 2.5 2.5 2 1 1 4 4
208.2 6522.8 -10.2 180 0 6.5 6.7 7.5 2.5 2 1 3 2 2
237.3 6516.0 -10.6 178 0 7.5 10.2 10.0 2.5 2 1 4 0 0
312.0 6439.5 -8.1 2 0 7.8 10.4 7.5 2.5 2 1 3 5 5
269.4 6469.5 -8.9 199 0 7.6 10.8 5.0 2.5 2 1 2 2 2
218.3 6482.5 -10.6 177 0 8.1 9.8 7.5 2.5 2 1 3 5 5
318.0 6335.3 -8.9 77 0 9.9 7.1 2.5 0.0 0 0 1 3 3
260.6 6409.2 -9.1 85 0 8.6 7.7 10.0 2.5 2 0 4 3 3
170.7 6400.3 -9.9 171 0 7.4 9.2 5.0 2.5 2 1 2 0 0
175.8 6364.5 -8.6 86 0 9.4 7.8 2.5 0.0 0 0 1 5 5
209.9 6317.0 -7.7 188 0 7.6 11.3 7.5 2.5 4 1 3 5 5
222.0 6285.5 -8.0 119 0 10.0 7.1 5.0 2.5 2 0 2 2 2
254.7 6260.4 -8.4 97 0 10.0 8.0 2.5 2.5 2 0 1 2 2
279.9 6254.2 -8.7 89 0 6.7 10.8 10.0 2.5 2 1 4 5 5
334.3 6294.4 -9.4 81 0 10.7 8.1 7.5 2.5 2 0 3 0 0
299.1 6772.6 -10.2 269 0 6.9 7.5 5.0 2.5 2 1 2 4 4
304.5 6740.3 -10.6 273 0 7.0 6.5 7.5 2.5 2 0 3 0 0
323.9 6717.3 -10.9 359 0 7.7 9.4 7.5 2.5 2 1 3 5 5
252.7 6743.4 -9.6 356 0 7.0 10.3 7.5 0.0 0 1 3 3 3
199.7 6773.3 -8.1 257 0 9.4 9.6 10.0 2.5 2 1 4 4 4
160.2 6771.8 -7.3 254 0 9.0 8.5 7.5 2.5 2 0 3 5 5
193.4 6801.6 -8.1 163 0 8.1 9.3 5.0 0.0 0 1 2 3 3
181.6 6853.4 -9.9 252 0 9.6 8.3 7.5 2.5 2 0 3 3 3
127.8 6399.9 -9.6 180 0 7.8 11.5 7.5 2.5 2 1 3 1 1
50.9 6514.1 -10.4 272 0 8.8 8.8 10.0 2.5 2 0 4 3 3
99.2 6535.0 -10.4 174 0 7.1 7.0 2.5 2.5 2 0 1 5 5
97.5 6558.9 -9.9 174 0 9.1 8.2 7.5 2.5 2 0 3 5 5
54.1 6616.8 -8.9 178 0 7.3 9.2 5.0 2.5 2 1 2 4 4
74.4 6657.8 -8.0 166 0 9.7 7.4 7.5 2.5 4 0 3 0 0
60.9 6814.0 -10.0 262 0 6.3 7.0 7.5 2.5 2 1 3 0 0
116.0 6732.8 -7.4 179 0 8.0 9.4 5.0 2.5 2 1 2 2 2
14.5 6678.3 -7.9 87 0 6.3 7.0 2.5 2.5 2 1 1 0 0
-92.4 6793.0 -10.7 89 0 7.5 6.7 7.5 0.0 0 0 3 4 4
-37.7 6817.9 -10.3 270 0 10.3 7.9 7.5 0.0 0 0 3 5 5
534.9 6855.9 -7.4 352 0 8.0 8.7 7.5 2.5 2 1 3 1 1
435.7 6876.0 -8.3 268 0 9.3 8.3 5.0 2.5 2 0 2 5 5
435.1 6841.8 -9.2 351 0 8.1 9.4 5.0 2.5 2 1 2 5 5
400.1 6862.8 -9.2 270 0 9.1 10.7 5.0 2.5 2 1 2 1 1
361.2 6769.5 -11.0 5 0 7.3 9.8 5.0 2.5 2 1 2 1 1
496.9 6680.0 -9.7 355 0 8.4 8.4 5.0 2.5 2 1 2 0 0
438.9 6682.8 -9.9 257 0 9.7 11.6 7.5 2.5 2 1 3 3 3
424.0 6686.0 -9.9 262 0 6.9 8.6 5.0 2.5 2 1 2 0 0
393.6 6687.5 -10.0 271 0 9.6 7.7 7.5 2.5 2 0 3 0 0
348.3 6667.2 -10.3 272 0 9.8 7.3 7.5 2.5 2 0 3 3 3
475.5 6467.7 -9.0 353 0 8.3 10.3 10.0 2.5 2 1 4 5 5
434.8 6486.8 -8.1 356 0 7.9 10.2 7.5 2.5 2 1 3 5 5
422.3 6524.2 -7.2 89 0 6.5 11.1 7.5 2.5 2 1 3 0 0
370.5 6472.2 -7.9 359 0 8.9 10.3 5.0 2.5 2 1 2 2 2
351.2 6441.9 -8.0 69 0 9.9 7.3 10.0 2.5 2 0 4 0 0
437.1 6416.5 -10.4 357 0 7.6 10.3 5.0 2.5 2 1 2 4 4
413.7 6353.3 -9.6 352 0 7.9 9.3 7.5 2.5 2 1 3 2 2
454.0 6319.7 -7.6 73 0 6.1 9.0 7.5 2.5 2 1 3 1 1
357.2 6293.0 -9.3 80 0 7.2 9.2 7.5 2.5 2 1 3 5 5
308.4 6664.4 -10.9 2 0 7.9 7.8 2.5 2.5 2 0 1 4 4
266.4 6699.5 -10.3 272 0 8.6 7.9 7.5 2.5 2 0 3 5 5
164.3 6664.5 -8.3 179 0 7.6 9.6 7.5 2.5 2 1 3 0 0
873.3 6580.5 -9.2 345 0 8.4 10.0 7.5 2.5 2 1 3 2 2
829.1 6600.0 -9.8 252 0 8.4 8.9 2.5 2.5 4 1 1 5 5
730.4 6637.4 -7.8 0 0 8.1 9.1 2.5 2.5 2 1 1 2 2
719.0 6529.1 -7.3 82 0 8.9 8.1 2.5 2.5 2 0 1 5 5
620.6 6571.8 -9.4 3 0 8.5 10.1 2.5 2.5 2 1 1 1 1
601.4 6599.8 -9.6 359 0 8.1 9.0 7.5 2.5 4 1 3 4 4
561.1 6645.4 -9.9 271 0 8.2 7.8 5.0 2.5 2 0 2 5 5
680.9 6487.7 -9.2 74 0 6.9 6.6 7.5 2.5 2 0 3 2 2
666.6 6455.9 -10.5 82 0 8.5 8.3 7.5 2.5 2 0 3 4 4
627.0 6500.2 -9.3 359 0 7.3 9.6 5.0 2.5 2 1 2 0 0
631.9 6432.5 -11.3 74 0 7.9 8.5 7.5 2.5 2 1 3 5 5
535.6 6481.9 -8.9 142 0 8.3 9.7 5.0 2.5 2 1 2 3 3
1062.4 6615.5 -7.2 272 0 8.1 6.8 7.5 2.5 2 0 3 3 3
1038.5 6517.6 -10.2 81 0 6.6 6.9 2.5 2.5 2 1 1 5 5
1042.3 6552.0 -9.1 343 0 8.3 8.9 5.0 2.5 2 1 2 5 5
983.8 6569.3 -6.7 73 0 7.7 7.2 10.0 2.5 2 0 4 0 0
944.4 6576.3 -8.1 246 0 8.4 7.7 2.5 2.5 2 0 1 0 0
963.5 6543.0 -7.1 65 0 7.2 7.8 7.5 2.5 2 1 3 1 1
905.0 6530.7 -7.5 157 0 7.7 9.1 7.5 2.5 2 1 3 4 4
914.9 6512.1 -7.2 173 0 6.1 7.0 2.5 0.0 0 1 1 1 1
911.1 6501.9 -7.6 158 0 8.7 7.1 7.5 2.5 2 0 3 5 5
1086.8 6751.3 -7.2 357 0 8.1 8.5 10.0 2.5 2 1 4 2 2
1073.1 6699.0 -7.5 163 0 7.8 6.6 7.5 2.5 2 0 3 0 0
1093.5 6651.4 -7.0 343 0 8.0 8.4 5.0 2.5 2 1 2 1 1
794.3 6482.2 -8.8 347 0 7.1 7.8 7.5 2.5 2 1 3 3 3
748.5 6494.8 -8.0 87 0 10.2 8.0 5.0 2.5 2 0 2 0 0
759.6 6549.8 -7.9 97 0 7.5 9.8 7.5 2.5 2 1 3 2 2
-500.8 -1515.7 6.3 93 0 15.1 11.8 7.5 2.5 2 0 3 4 4
-512.0 -1541.2 5.8 13 0 16.5 18.8 7.5 2.5 2 1 3 1 1
-485.4 -1982.5 0.9 280 0 10.6 36.8 12.5 2.5 2 1 5 5 5
-638.6 -1914.1 5.0 276 0 12.0 13.2 7.5 2.5 2 1 3 4 4
-628.6 -1965.9 3.5 288 0 13.2 10.7 5.0 2.5 2 0 2 3 3
-598.9 -1965.3 2.1 288 0 35.0 15.2 10.0 2.5 2 0 4 1 1
-4006.4 -2862.1 -3.9 321 0 9.0 32.7 7.5 0.0 0 1 3 5 5
-1494.0 -1323.3 -0.2 319 0 11.4 7.7 14.0 3.5 2 0 4 5 5
-1474.8 -1314.4 -0.4 32 0 6.8 14.6 14.0 3.5 2 1 4 0 0
-616.5 -260.3 -1.2 321 0 10.0 9.2 2.5 2.5 2 0 1 2 2
3740.8 6727.5 -11.9 86 0 6.7 7.1 7.5 2.5 2 1 3 2 2
3549.4 6741.0 -11.2 351 0 7.9 9.4 7.5 2.5 2 1 3 4 4
3520.2 6776.5 -11.2 179 0 8.3 9.9 5.0 2.5 2 1 2 2 2
3544.6 6789.1 -12.2 171 0 7.3 10.3 5.0 2.5 2 1 2 0 0
3619.7 6797.3 -13.1 275 0 9.2 8.0 7.5 2.5 2 0 3 2 2
3646.0 6800.0 -11.9 263 0 9.6 8.6 10.0 2.5 2 0 4 3 3
3665.3 6781.5 -10.5 83 0 9.6 7.5 7.5 2.5 2 0 3 4 4
3688.1 6806.3 -9.8 264 0 9.2 8.1 7.5 2.5 2 0 3 5 5
3712.6 6800.9 -10.9 358 0 7.8 8.6 7.5 2.5 2 1 3 0 0
3729.8 6803.9 -11.1 359 0 7.8 9.5 7.5 2.5 2 1 3 4 4
-1612.9 -1404.2 -0.4 51 0 8.0 9.0 14.0 3.5 2 1 4 3 3
-1604.9 -1396.9 -0.4 42 0 8.3 7.6 14.0 3.5 2 0 4 0 0
-1487.2 -1269.1 -0.7 204 0 11.0 12.3 14.0 3.5 2 1 4 0 0
-1457.7 -1290.8 -0.7 26 0 14.8 16.3 14.0 3.5 2 1 4 0 0
-1457.8 -1246.1 -0.5 208 0 7.9 8.3 14.0 3.5 4 1 4 1 1
-1447.4 -1256.2 -0.3 118 0 11.3 7.8 14.0 3.5 2 0 4 5 5
-1473.1 -1215.4 -0.7 211 0 12.5 7.5 14.0 3.5 2 0 4 0 0
-1447.9 -1234.5 -0.3 202 0 9.6 14.2 14.0 3.5 2 1 4 1 1
-1428.7 -1212.2 -0.1 294 0 9.3 16.4 14.0 3.5 2 1 4 2 2
-1446.9 -1177.7 -0.6 212 0 7.7 13.7 14.0 3.5 2 1 4 4 4
-1419.7 -1184.0 -0.1 25 0 15.6 8.4 14.0 3.5 2 0 4 5 5
-1419.3 -1161.4 -1.0 23 0 6.7 16.4 14.0 3.5 2 1 4 0 0
-1410.3 -1167.6 -0.5 22 0 17.0 8.6 14.0 3.5 2 0 4 1 1
-1429.4 -1140.7 -1.3 197 0 10.6 14.7 14.0 3.5 2 1 4 0 0
-1411.2 -1151.8 -1.1 107 0 11.7 15.5 14.0 3.5 2 1 4 1 1
-1407.9 -1067.1 -2.6 301 0 7.9 9.0 14.0 3.5 2 1 4 5 5
-1426.3 -1082.3 -2.5 212 0 6.1 9.1 14.0 3.5 2 1 4 2 2
-1390.3 -1091.3 -1.9 300 0 8.7 25.4 14.0 0.0 0 1 4 3 3
-1674.7 -1442.4 0.2 142 0 7.1 7.4 14.0 3.5 2 1 4 0 0
-1668.1 -1439.0 0.2 144 0 8.0 9.0 14.0 3.5 2 1 4 5 5
-1661.5 -1432.7 0.1 145 0 7.6 9.8 14.0 3.5 2 1 4 1 1
-1709.2 -1380.0 0.3 151 0 7.8 12.0 14.0 3.5 2 1 4 2 2
-1645.2 -1337.9 0.3 325 0 7.7 9.2 14.0 3.5 2 1 4 5 5
-1724.4 -1481.6 1.5 146 0 7.6 12.5 14.0 3.5 2 1 4 5 5
-1686.0 -1459.0 0.5 331 0 7.6 16.2 14.0 3.5 4 1 4 1 1
-1591.9 -1378.1 -0.4 324 0 15.1 9.8 14.0 3.5 2 0 4 5 5
-1623.7 -1408.6 -0.3 328 0 8.7 8.1 14.0 3.5 2 0 4 5 5
-3126.4 -2349.5 -0.8 338 0 7.3 14.9 7.5 2.5 2 1 3 1 1
-3202.0 -2339.5 -2.7 160 0 9.0 8.2 5.0 2.5 2 0 2 2 2
-3178.7 -2326.4 -2.1 330 0 11.9 10.4 7.5 2.5 2 0 3 0 0
-3219.3 -2365.6 -3.5 158 0 7.0 11.0 7.5 2.5 4 1 3 3 3
-3261.2 -2415.9 -3.4 69 0 6.9 10.5 5.0 2.5 2 1 2 5 5
-3343.5 -2437.5 -4.2 250 0 8.1 6.9 7.5 2.5 2 0 3 2 2
-3257.5 -2517.6 -2.9 60 0 10.1 7.1 2.5 2.5 4 0 1 1 1
-3318.7 -2437.7 -3.7 76 0 9.8 8.8 10.0 2.5 2 0 4 2 2
-3321.2 -2484.7 -3.5 246 0 12.8 8.1 7.5 2.5 2 0 3 1 1
-3241.7 -2455.8 -2.9 247 0 13.1 9.3 7.5 2.5 2 0 3 4 4
-1686.0 -1342.1 0.4 158 0 15.9 19.6 14.0 3.5 2 1 4 2 2
-1437.0 -1303.2 0.1 115 0 9.6 32.2 14.0 3.5 2 1 4 3 3
-1385.0 -1206.6 0.9 297 0 9.2 8.8 14.0 3.5 2 0 4 1 1
-1391.6 -1242.7 0.8 24 0 8.9 17.2 14.0 3.5 2 1 4 1 1
-1392.6 -1260.3 0.8 25 0 9.0 21.0 14.0 3.5 2 1 4 2 2
-1357.7 -1341.4 1.2 118 0 6.6 22.3 14.0 3.5 2 1 4 1 1
-1318.6 -1370.7 0.5 116 0 11.2 15.7 14.0 3.5 2 1 4 1 1
-1300.4 -1378.2 0.3 121 0 6.4 7.4 14.0 3.5 2 1 4 2 2
-1294.6 -1363.1 0.3 27 0 11.4 9.1 14.0 3.5 2 0 4 2 2
-1313.2 -1346.1 0.5 111 0 10.2 12.7 14.0 3.5 2 1 4 5 5
-1342.3 -1347.7 0.9 118 0 7.6 12.2 14.0 3.5 2 1 4 3 3
-1350.5 -1345.8 1.1 115 0 7.4 16.2 14.0 3.5 2 1 4 2 2
-1419.5 -1319.1 0.6 124 0 10.7 20.6 14.0 3.5 2 1 4 0 0
-1919.8 -2054.1 -3.2 336 0 7.4 10.4 7.5 2.5 2 1 3 3 3
-1698.4 -1761.9 0.5 335 0 6.7 7.8 10.0 2.5 2 1 4 2 2
-1362.1 -1021.9 -1.1 204 0 8.4 11.9 14.0 3.5 2 1 4 4 4
-824.9 -1614.8 6.3 292 0 6.6 7.1 2.5 2.5 2 1 1 2 2
-804.6 -1598.9 5.9 114 0 7.6 7.0 5.0 0.0 0 0 2 2 2
-781.0 -1601.4 5.8 110 0 8.5 8.1 7.5 2.5 2 0 3 5 5
-745.3 -1635.9 6.8 283 0 6.6 11.5 5.0 0.0 0 1 2 4 4
-743.7 -1618.2 5.9 111 0 6.9 17.4 5.0 2.5 4 1 2 3 3
-768.7 -1373.0 3.7 87 0 7.3 9.9 10.0 2.5 2 1 4 5 5
-724.3 -1406.9 3.1 294 0 9.8 13.1 5.0 2.5 2 1 2 5 5
-739.4 -1503.2 3.9 4 0 8.4 8.8 7.5 2.5 2 1 3 1 1
-872.6 -1567.7 6.3 114 0 7.9 12.8 5.0 2.5 2 1 2 0 0
-951.2 -1537.0 6.1 115 0 8.7 8.4 5.0 2.5 2 0 2 4 4
-934.5 -1541.8 6.4 118 0 6.8 11.1 7.5 2.5 2 1 3 3 3
-972.2 -1510.3 5.4 205 0 14.7 7.9 7.5 2.5 2 0 3 1 1
-924.7 -1380.9 4.1 209 0 10.0 13.7 10.0 2.5 2 1 4 4 4
-1375.2 -1459.7 1.6 268 0 12.6 27.4 14.0 0.0 0 1 4 4 4
-1387.1 -1357.8 1.1 302 0 6.9 11.4 14.0 3.5 2 1 4 1 1
-1389.0 -1386.4 1.2 118 0 7.9 22.6 14.0 3.5 2 1 4 5 5
-1303.4 -1443.2 1.1 16 0 10.3 6.4 14.0 3.5 2 0 4 3 3
-1347.5 -1433.3 1.2 196 0 8.6 16.6 14.0 3.5 2 1 4 2 2
-1323.1 -1436.0 1.2 290 0 6.9 16.4 14.0 3.5 4 1 4 5 5
-1343.0 -1464.7 1.4 197 0 9.0 14.6 14.0 3.5 2 1 4 5 5
-1317.1 -1503.4 1.6 58 0 9.0 20.4 14.0 3.5 2 1 4 2 2
-1336.3 -1503.2 1.6 149 0 19.9 7.8 14.0 3.5 2 0 4 1 1
-1319.6 -1573.3 2.6 36 0 14.8 10.4 14.0 3.5 2 0 4 2 2
-1335.6 -1545.2 2.3 209 0 7.9 13.3 14.0 3.5 2 1 4 5 5
-1294.6 -1535.2 2.2 23 0 10.4 15.2 14.0 3.5 2 1 4 4 4
-1236.5 -1586.8 3.2 87 0 6.4 9.0 10.5 3.5 2 1 3 4 4
-1255.2 -1576.5 3.0 106 0 7.3 8.8 10.5 3.5 2 1 3 5 5
-1262.9 -1424.9 1.2 199 0 10.8 20.7 10.5 3.5 2 1 3 2 2
-1224.7 -1440.7 1.7 293 0 9.0 14.3 10.5 3.5 2 1 3 0 0
-1197.0 -1449.9 2.0 305 0 6.9 16.9 10.5 3.5 4 1 3 4 4
-1184.7 -1451.7 2.1 293 0 6.4 12.9 10.5 3.5 2 1 3 1 1
-1177.0 -1459.1 2.2 296 0 8.1 19.6 10.5 3.5 2 1 3 2 2
-1158.7 -1481.5 2.5 303 0 8.0 14.8 10.5 0.0 0 1 3 1 1
-1137.7 -1509.4 3.0 284 0 8.0 9.7 10.5 3.5 2 1 3 3 3
-1122.2 -1485.6 2.8 302 0 6.4 7.8 10.5 3.5 4 1 3 2 2
-1133.5 -1478.6 2.6 293 0 8.6 14.9 10.5 3.5 2 1 3 0 0
-1101.1 -1491.7 3.0 295 0 6.8 12.3 10.5 3.5 2 1 3 0 0
-1112.2 -1562.1 3.4 32 0 11.6 6.4 10.5 3.5 2 0 3 4 4
-1101.9 -1566.2 3.3 22 0 14.9 6.3 10.5 3.5 2 0 3 5 5
-1089.7 -1503.6 3.1 298 0 10.2 24.0 10.5 3.5 2 1 3 5 5
-1070.8 -1508.6 3.2 292 0 14.5 31.8 10.5 3.5 2 1 3 1 1
-952.3 -1562.8 5.7 299 0 7.0 13.9 7.5 0.0 0 1 3 3 3
-2941.6 -2271.7 -3.0 332 0 8.3 9.1 7.5 2.5 2 1 3 1 1
-3175.5 -2361.1 -1.8 158 0 8.0 9.0 2.5 2.5 2 1 1 3 3
-2614.4 -2065.3 -2.2 252 0 7.8 7.3 7.5 2.5 2 0 3 4 4
-2611.3 -2027.9 -2.7 254 0 7.2 8.6 7.5 2.5 2 1 3 2 2
-2623.7 -2044.7 -2.3 260 0 6.9 7.7 2.5 2.5 4 1 1 2 2
-2674.0 -2169.2 -1.4 249 0 6.8 8.9 7.5 2.5 2 1 3 4 4
-2675.8 -2203.4 -1.3 64 0 6.5 6.5 7.5 2.5 2 1 3 3 3
-2681.3 -2188.9 -1.4 61 0 10.3 9.2 5.0 2.5 2 0 2 5 5
-2745.2 -2240.6 -0.9 331 0 8.6 10.3 5.0 2.5 2 1 2 4 4
-2783.8 -2232.8 -0.6 243 0 8.7 12.0 5.0 2.5 2 1 2 0 0
-2805.9 -2266.2 -0.2 69 0 8.6 7.2 7.5 2.5 2 0 3 2 2
-2829.9 -2254.3 -0.0 240 0 11.2 20.7 5.0 2.5 2 1 2 5 5
-2830.7 -2339.2 0.3 161 0 6.1 8.9 5.0 2.5 4 1 2 0 0
-2811.0 -2385.3 0.2 164 0 6.2 7.4 5.0 2.5 2 1 2 5 5
-2780.3 -2372.1 0.1 342 0 6.8 8.4 7.5 2.5 2 1 3 2 2
-2855.0 -2427.1 -0.9 158 0 7.6 6.0 5.0 2.5 2 0 2 0 0
-2869.2 -2446.6 -1.8 335 0 9.2 8.9 7.5 2.5 2 0 3 1 1
-2946.4 -2522.9 -1.8 342 0 7.8 8.5 2.5 2.5 2 1 1 3 3
-3105.5 -2574.5 -2.7 342 0 9.4 8.4 5.0 2.5 2 0 2 3 3
-3569.8 -2783.5 -2.9 74 0 7.4 8.0 7.5 2.5 2 1 3 2 2
-3580.4 -2761.2 -2.6 320 0 6.7 8.2 10.0 2.5 2 1 4 2 2
-3668.7 -2694.4 -1.6 340 0 8.9 10.1 5.0 2.5 2 1 2 5 5
-3646.8 -2839.8 -2.1 141 0 6.8 10.4 2.5 2.5 4 1 1 0 0
-3626.7 -2815.0 -0.9 51 0 6.9 9.6 7.5 0.0 0 1 3 1 1
-3681.8 -2819.0 -2.5 237 0 9.1 10.2 5.0 2.5 2 1 2 2 2
-3721.1 -2665.6 -2.1 69 0 8.7 8.6 7.5 2.5 2 0 3 2 2
-3688.4 -2675.9 -1.9 340 0 9.8 8.3 2.5 2.5 2 0 1 1 1
-3670.7 -2636.9 -2.0 156 0 7.3 6.5 7.5 2.5 2 0 3 3 3
-3654.9 -2581.2 -1.6 257 0 11.0 8.3 2.5 2.5 2 0 1 4 4
-3759.5 -2490.4 0.4 154 0 7.5 6.7 10.0 2.5 4 0 4 1 1
-3816.9 -2525.0 -0.9 153 0 10.3 7.6 10.0 2.5 2 0 4 0 0
-3782.2 -2643.2 -1.8 162 0 11.5 10.4 10.0 2.5 2 0 4 3 3
-3762.1 -2607.8 -0.6 353 0 7.8 7.7 10.0 2.5 2 0 4 4 4
-3773.2 -2545.0 0.7 256 0 6.6 6.1 7.5 2.5 2 0 3 3 3
-3820.2 -2601.4 -0.8 157 0 11.5 7.8 7.5 0.0 0 0 3 4 4
-2438.8 -1809.5 -1.7 254 0 6.8 6.8 7.5 2.5 2 1 3 4 4
-2416.0 -1823.2 -1.0 327 0 6.2 6.4 2.5 2.5 2 1 1 5 5
-2684.5 -1960.0 -1.2 253 0 9.7 12.0 7.5 2.5 2 1 3 3 3
-2598.0 -1891.1 -3.2 159 0 6.9 8.9 5.0 2.5 2 1 2 5 5
-2448.3 -1980.9 -1.4 152 0 6.4 7.6 10.0 2.5 2 1 4 3 3
-2448.1 -1995.5 -1.6 143 0 11.3 7.3 7.5 2.5 2 0 3 3 3
-2456.5 -2015.5 -2.0 333 0 14.5 6.2 5.0 2.5 4 0 2 1 1
-2534.9 -2005.8 -2.6 156 0 8.4 8.8 7.5 2.5 2 1 3 2 2
-2524.0 -2049.7 -2.4 149 0 12.7 8.6 5.0 0.0 0 0 2 5 5
-1203.6 -1639.9 4.0 277 0 15.1 12.5 14.0 3.5 2 0 4 2 2
-1162.9 -1674.2 3.8 109 0 7.5 7.2 14.0 3.5 2 0 4 4 4
-1132.5 -1636.5 3.5 121 0 10.7 9.7 10.5 0.0 0 0 3 2 2
-1209.9 -1787.5 1.4 294 0 9.4 9.1 14.0 3.5 2 0 4 3 3
-1198.2 -1805.2 1.3 293 0 6.3 12.5 14.0 3.5 2 1 4 5 5
-1152.3 -1831.9 2.0 26 0 9.0 12.5 14.0 3.5 2 1 4 3 3
-1195.8 -1887.7 1.7 203 0 8.5 6.1 5.0 2.5 2 0 2 2 2
-1144.6 -1926.9 1.0 314 0 10.4 8.1 2.5 2.5 4 0 1 0 0
-1189.8 -1991.8 0.4 176 0 8.0 11.0 5.0 2.5 2 1 2 1 1
-1227.8 -2001.6 -0.2 19 0 6.0 7.4 2.5 2.5 2 1 1 4 4
-1211.5 -2012.0 -0.1 26 0 8.7 13.0 7.5 2.5 2 1 3 0 0
-1684.2 -2022.7 0.6 219 0 6.1 6.2 2.5 2.5 2 1 1 3 3
-1728.7 -2132.6 -2.1 36 0 8.2 6.5 7.5 2.5 2 0 3 3 3
-1742.1 -1738.9 0.1 243 0 8.1 8.2 5.0 2.5 2 1 2 2 2
-1758.4 -1581.0 2.6 326 0 7.0 8.3 14.0 3.5 4 1 4 4 4
-1930.8 -2042.3 -3.1 329 0 6.1 7.2 7.5 2.5 2 1 3 3 3
-2040.2 -1917.4 -4.8 248 0 7.5 8.2 7.5 2.5 2 1 3 4 4
-2226.0 -2023.2 -3.0 231 0 8.5 7.9 5.0 2.5 2 0 2 0 0
-2242.2 -2058.9 -2.6 45 0 9.0 6.3 5.0 2.5 2 0 2 1 1
-1467.5 -1547.5 1.4 232 0 8.1 6.1 10.5 3.5 4 0 3 4 4
-1306.9 -1760.9 -0.3 136 0 7.3 9.0 14.0 3.5 2 1 4 1 1
-1305.1 -1721.3 0.1 323 0 8.8 11.5 14.0 3.5 2 1 4 2 2
-1259.5 -1699.3 1.8 41 0 8.1 7.1 14.0 3.5 2 0 4 4 4
-1319.1 -1659.4 1.4 141 0 7.2 7.5 14.0 3.5 2 1 4 5 5
-1305.1 -1595.4 3.0 207 0 10.6 7.8 14.0 3.5 2 0 4 4 4
-1310.4 -1627.8 2.1 244 0 7.9 11.2 14.0 3.5 2 1 4 1 1
-1343.9 -1602.2 2.0 41 0 9.8 11.7 14.0 3.5 2 1 4 4 4
-208.1 -1635.5 5.0 255 0 13.4 10.4 2.5 2.5 2 0 1 1 1
-352.2 -1671.1 8.1 13 0 12.9 11.5 2.5 2.5 2 0 1 1 1
-334.7 -1638.3 7.8 26 0 11.0 9.8 5.0 2.5 2 0 2 5 5
-364.7 -1510.2 4.9 126 0 6.5 8.2 7.5 2.5 2 1 3 2 2
-378.4 -1478.7 5.1 211 0 7.9 6.7 5.0 2.5 2 0 2 0 0
-411.4 -1454.5 5.9 176 0 11.6 7.0 2.5 0.0 0 0 1 0 0
-472.4 -1553.0 6.4 14 0 32.6 8.6 10.0 2.5 2 0 4 2 2
-852.5 -1437.2 6.2 195 0 7.1 6.7 7.5 2.5 4 0 3 1 1
-872.6 -1452.6 6.1 207 0 7.6 11.6 7.5 2.5 2 1 3 2 2
-817.9 -1435.7 5.9 281 0 12.5 8.0 7.5 2.5 2 0 3 3 3
-523.9 -1693.0 6.0 271 0 9.4 14.1 5.0 2.5 2 1 2 3 3
-429.1 -1696.4 6.5 291 0 7.6 7.1 7.5 2.5 2 0 3 1 1
-335.5 -1735.0 7.8 15 0 9.6 10.1 2.5 2.5 2 1 1 3 3
-277.9 -1990.0 2.0 102 0 10.5 13.2 2.5 2.5 2 1 1 0 0
-340.4 -1866.4 5.7 272 0 11.0 9.6 5.0 0.0 0 0 2 5 5
-390.4 -1853.2 6.2 298 0 10.7 17.6 7.5 2.5 2 1 3 1 1
-439.4 -1796.8 5.7 268 0 9.9 7.8 5.0 2.5 2 0 2 1 1
-456.4 -1844.7 5.2 293 0 11.4 10.9 10.0 2.5 2 0 4 1 1
-505.9 -1837.9 4.1 290 0 7.1 10.9 7.5 2.5 2 1 3 2 2
-514.2 -1806.2 4.0 93 0 8.3 8.7 7.5 2.5 2 1 3 2 2
-554.5 -1795.2 4.1 96 0 9.6 10.8 7.5 2.5 2 1 3 0 0
-565.6 -1831.8 3.6 279 0 7.6 6.7 2.5 2.5 2 0 1 1 1
-606.3 -1815.0 5.1 287 0 12.7 11.8 2.5 2.5 2 0 1 1 1
-617.7 -1782.8 6.1 95 0 8.0 10.2 10.0 2.5 2 1 4 1 1
-635.0 -1820.5 5.9 283 0 10.9 11.9 10.0 2.5 2 1 4 3 3
-699.7 -1824.7 5.9 180 0 6.5 7.6 10.0 0.0 0 1 4 0 0
-757.9 -1916.7 5.7 96 0 8.0 7.7 7.5 2.5 2 0 3 5 5
-746.8 -1749.6 5.3 284 0 13.5 8.7 7.5 2.5 4 0 3 1 1
-724.2 -1791.8 5.6 278 0 13.7 7.8 7.5 2.5 4 0 3 1 1
-807.6 -1905.0 4.5 112 0 7.3 16.8 2.5 0.0 0 1 1 5 5
-827.8 -2093.0 3.2 284 0 7.4 9.0 7.5 2.5 4 1 3 4 4
-766.2 -2098.5 2.7 2 0 8.6 12.9 7.5 2.5 2 1 3 2 2
-719.7 -2101.6 2.1 106 0 14.0 14.7 5.0 2.5 2 1 2 0 0
-749.7 -1934.7 5.7 271 0 11.3 10.9 7.5 2.5 2 0 3 3 3
-748.2 -1969.2 5.3 2 0 10.2 11.0 2.5 2.5 2 1 1 1 1
-770.4 -1989.2 5.0 97 0 8.4 14.2 7.5 2.5 2 1 3 2 2
-973.8 -1736.8 4.4 286 0 12.4 14.2 7.5 2.5 2 1 3 0 0
-896.0 -1755.1 5.7 273 0 6.3 8.4 10.0 2.5 2 1 4 3 3
-860.0 -1766.3 6.3 293 0 9.7 15.9 10.0 2.5 2 1 4 4 4
-828.8 -1784.6 5.6 292 0 7.2 9.6 10.0 0.0 0 1 4 5 5
-860.5 -1903.5 3.9 100 0 9.5 8.5 2.5 2.5 2 0 1 3 3
-880.4 -1928.8 3.6 274 0 8.0 11.5 5.0 2.5 2 1 2 5 5
-967.1 -1856.3 4.1 117 0 11.8 14.7 7.5 2.5 2 1 3 1 1
-973.6 -2046.5 2.2 290 0 10.3 7.7 7.5 2.5 2 0 3 3 3
-1014.3 -2030.3 1.7 303 0 10.0 8.8 7.5 2.5 2 0 3 5 5
-987.2 -2003.3 2.6 104 0 9.7 12.8 7.5 2.5 2 1 3 3 3
-818.6 -1757.9 6.5 120 0 8.1 12.5 10.0 2.5 4 1 4 3 3
-1014.6 -1643.5 4.2 32 0 6.5 12.0 10.0 2.5 2 1 4 5 5
-1107.3 -1672.2 3.3 292 0 14.6 11.6 14.0 3.5 2 0 4 1 1
-1066.3 -1660.4 3.6 23 0 10.9 7.6 10.5 3.5 2 0 3 0 0
-1040.4 -1702.5 3.9 288 0 8.3 8.5 14.0 3.5 2 1 4 3 3
-1086.4 -1806.1 3.3 109 0 7.0 10.6 14.0 0.0 0 1 4 1 1
-1125.9 -1749.4 3.1 290 0 18.3 9.8 14.0 3.5 2 0 4 2 2
-88.3 -1768.7 2.6 273 0 9.7 11.4 7.5 2.5 4 1 3 1 1
-23.0 -1786.8 0.4 10 0 12.6 10.2 2.5 2.5 2 0 1 3 3
-6.2 -1734.2 -0.2 112 0 10.6 11.6 7.5 2.5 4 1 3 2 2
-65.1 -1725.8 1.6 102 0 11.7 8.3 7.5 2.5 2 0 3 2 2
-95.6 -1725.8 2.7 92 0 11.6 10.5 10.0 2.5 2 0 4 5 5
-122.6 -1716.2 3.4 88 0 10.6 7.7 7.5 2.5 2 0 3 5 5
-169.1 -1708.3 4.1 95 0 9.3 8.7 2.5 2.5 2 0 1 3 3
-165.2 -1609.5 3.1 252 0 14.3 12.8 2.5 2.5 2 0 1 4 4
-185.3 -1626.2 4.2 270 0 9.4 18.5 5.0 2.5 2 1 2 3 3
-453.1 -1649.9 6.3 12 0 11.9 9.8 2.5 2.5 2 0 1 4 4
-483.8 -1651.0 6.3 80 0 9.9 11.2 7.5 2.5 2 1 3 0 0
-189.0 -1755.7 4.4 179 0 7.3 9.9 5.0 2.5 2 1 2 2 2
-165.5 -1901.5 3.2 267 0 7.9 7.7 7.5 2.5 2 0 3 3 3
-93.1 -1909.2 -0.4 269 0 8.8 7.0 10.0 2.5 2 0 4 5 5
152.0 -1805.7 0.3 356 0 8.2 12.0 7.5 2.5 2 1 3 5 5
102.2 -1821.4 -0.0 88 0 9.0 7.9 10.0 2.5 2 0 4 4 4
34.1 -1610.8 0.6 88 0 8.8 10.9 5.0 2.5 2 1 2 0 0
100.6 -1610.0 0.8 350 0 6.1 9.5 7.5 2.5 2 1 3 1 1
163.2 -1671.0 0.1 184 0 8.4 10.4 7.5 2.5 4 1 3 4 4
213.7 -1575.9 1.1 207 0 8.6 8.7 7.5 2.5 4 1 3 1 1
239.7 -1542.0 1.2 230 0 12.8 8.9 2.5 2.5 2 0 1 1 1
166.0 -1592.0 1.0 43 0 7.2 8.2 2.5 2.5 2 1 1 2 2
138.1 -1547.8 1.2 273 0 10.9 8.9 7.5 2.5 2 0 3 2 2
88.8 -1481.9 0.4 100 0 10.7 9.9 10.0 2.5 2 0 4 2 2
-29.3 -1580.1 0.6 124 0 8.6 8.8 5.0 2.5 2 1 2 4 4
-41.8 -1478.9 0.4 75 0 11.2 7.3 7.5 2.5 2 0 3 0 0
10.0 -1359.4 0.9 343 0 7.4 10.3 7.5 2.5 2 1 3 4 4
-85.4 -1396.2 -0.4 163 0 8.2 9.5 2.5 2.5 2 1 1 4 4
-123.9 -1527.0 0.5 154 0 9.7 9.9 2.5 2.5 2 1 1 3 3
-211.2 -1580.5 4.2 199 0 7.7 13.7 7.5 2.5 2 1 3 0 0
-108.9 -1576.9 0.6 108 0 18.7 11.6 10.0 2.5 2 0 4 5 5
-120.8 -1604.9 1.6 295 0 13.1 7.3 10.0 2.5 2 0 4 1 1
-56.7 -1621.5 0.3 288 0 11.8 8.5 7.5 2.5 2 0 3 1 1
11.1 -1644.8 -0.6 273 0 9.0 7.4 2.5 2.5 2 0 1 3 3
96.1 -1743.1 -0.6 39 0 11.4 11.0 5.0 2.5 2 0 2 1 1
40.1 -1751.7 -0.7 101 0 10.6 9.6 7.5 2.5 2 0 3 0 0
-142.6 -1756.0 4.1 267 0 11.5 9.0 2.5 2.5 2 0 1 1 1
-158.4 -1862.2 4.1 90 0 8.7 9.2 7.5 2.5 2 1 3 2 2
-126.6 -2017.2 -0.1 99 0 9.5 6.4 7.5 2.5 2 0 3 3 3
-174.2 -2040.0 -0.0 276 0 8.5 12.0 7.5 0.0 0 1 3 0 0
-280.6 -2039.3 0.5 18 0 8.1 10.5 7.5 2.5 2 1 3 2 2
-420.9 -2514.5 -1.7 343 0 6.6 10.4 5.0 2.5 2 1 2 3 3
-393.9 -2432.9 -2.3 266 0 11.3 12.6 7.5 2.5 4 1 3 5 5
-466.5 -2432.7 -0.4 176 0 8.7 14.8 5.0 0.0 0 1 2 1 1
-494.0 -2502.0 -0.8 76 0 9.1 17.5 5.0 2.5 2 1 2 3 3
-517.6 -2389.7 -1.7 354 0 12.2 14.9 5.0 2.5 2 1 2 1 1
-617.4 -2255.3 -2.2 264 0 6.5 8.5 7.5 2.5 2 1 3 2 2
-619.2 -2340.1 -2.6 80 0 14.8 8.8 5.0 2.5 2 0 2 2 2
-702.1 -2251.4 -2.2 269 0 11.8 13.3 7.5 2.5 2 1 3 3 3
-758.4 -2266.4 -2.3 177 0 12.7 15.9 5.0 2.5 2 1 2 5 5
-739.0 -2207.9 -1.9 338 0 10.2 7.5 7.5 2.5 2 0 3 3 3
-1827.2 -2084.4 -3.7 322 0 7.3 8.7 5.0 2.5 2 1 2 0 0
-2389.4 -2088.2 -2.8 77 0 16.9 8.6 7.5 2.5 4 0 3 2 2
-2439.9 -2096.3 -2.8 160 0 8.5 37.2 7.5 2.5 2 1 3 3 3
-2448.7 -2087.7 -2.6 71 0 6.7 20.9 7.5 2.5 2 1 3 1 1
-3317.3 -2657.7 -2.0 131 0 7.0 7.0 5.0 2.5 2 1 2 1 1
-3258.3 -2699.7 -2.9 227 0 10.5 8.6 7.5 2.5 2 0 3 3 3
-801.7 -2344.6 -2.7 10 0 9.2 9.0 5.0 2.5 2 0 2 5 5
-881.0 -2078.1 2.9 285 0 6.6 6.1 10.0 2.5 2 0 4 4 4
-899.5 -2018.7 3.2 275 0 6.8 14.4 7.5 2.5 2 1 3 0 0
-1085.1 -1959.1 1.0 184 0 7.0 7.4 5.0 2.5 2 1 2 3 3
-1116.7 -1915.7 1.7 178 0 7.7 10.1 7.5 0.0 0 1 3 0 0
-1141.9 -2325.8 -0.0 249 0 8.9 10.6 5.0 2.5 2 1 2 2 2
-1178.4 -2304.7 1.3 92 0 8.1 8.3 5.0 2.5 2 1 2 5 5
-1106.2 -2281.4 -0.8 64 0 6.2 6.4 7.5 2.5 2 1 3 5 5
-1030.4 -2212.5 -0.7 177 0 10.7 9.2 10.0 2.5 2 0 4 0 0
-785.9 -2168.1 -0.1 257 0 7.7 12.1 7.5 2.5 2 1 3 5 5
-924.8 -2134.3 0.7 292 0 10.3 8.9 5.0 2.5 2 0 2 3 3
-935.6 -2226.6 -1.8 359 0 15.4 9.2 10.0 2.5 2 0 4 0 0
-972.9 -2155.0 -0.4 124 0 10.3 7.3 10.0 2.5 2 0 4 1 1
-1026.2 -2111.5 0.9 115 0 12.0 7.0 7.5 0.0 0 0 3 2 2
-1034.9 -2059.7 0.7 303 0 10.1 7.2 5.0 2.5 2 0 2 1 1
-1065.2 -2029.1 0.1 307 0 8.1 7.3 7.5 2.5 2 0 3 4 4
-1110.7 -2082.6 0.3 36 0 9.0 11.4 7.5 2.5 2 1 3 4 4
-2710.7 -2135.1 -2.0 324 0 6.1 8.4 7.5 2.5 2 1 3 3 3
-2783.9 -2175.9 -1.2 326 0 6.1 6.6 7.5 2.5 2 1 3 5 5
-2537.2 -2061.6 -2.3 321 0 6.9 6.4 2.5 2.5 2 0 1 3 3
57.8 -1421.1 0.7 81 0 7.5 9.4 5.0 2.5 2 1 2 0 0
-415.3 -1961.0 2.3 90 0 8.1 11.0 7.5 0.0 0 1 3 3 3
-4541.8 -3056.2 -4.1 249 0 9.4 21.5 5.0 2.5 2 1 2 5 5
-4533.8 -3089.0 -4.4 157 0 20.4 10.0 2.5 2.5 4 0 1 5 5
-4525.5 -3110.0 -4.6 160 0 20.1 9.3 2.5 2.5 2 0 1 3 3
-4511.4 -3103.7 -4.4 161 0 21.0 8.5 7.5 2.5 2 0 3 3 3
-4476.0 -3104.8 -4.5 73 0 20.6 9.0 7.5 2.5 2 0 3 0 0
-4448.8 -3106.5 -4.6 70 0 20.3 8.2 7.5 2.5 4 0 3 2 2
-4452.6 -3095.8 -4.3 70 0 20.2 8.9 5.0 2.5 2 0 2 3 3
-4465.6 -3064.1 -3.7 244 0 21.4 9.6 7.5 2.5 2 0 3 2 2
-4451.1 -3053.2 -3.8 247 0 9.7 23.6 5.0 2.5 2 1 2 5 5
-4432.9 -3096.0 -4.5 66 0 10.3 20.7 2.5 2.5 2 1 1 5 5
-4410.1 -3086.5 -4.7 65 0 11.4 25.3 12.5 2.5 2 1 5 0 0
-4411.8 -2993.8 -3.2 248 0 8.1 19.2 5.0 0.0 0 1 2 4 4
-4424.0 -2999.7 -3.1 249 0 15.3 18.6 7.5 2.5 2 1 3 3 3
-4409.5 -3015.7 -3.2 251 0 8.4 16.8 10.0 2.5 2 1 4 4 4
-4414.0 -3037.4 -3.8 252 0 8.2 16.5 7.5 2.5 2 1 3 2 2
-4402.9 -3033.6 -3.9 251 0 9.8 16.9 5.0 2.5 2 1 2 3 3
-4380.5 -3064.5 -4.7 61 0 8.9 16.8 2.5 2.5 2 1 1 5 5
-4357.8 -3003.5 -4.2 54 0 16.7 7.8 7.5 2.5 2 0 3 2 2
-4367.2 -3015.2 -3.9 56 0 8.0 12.7 5.0 2.5 2 1 2 4 4
-4385.5 -3006.0 -3.8 237 0 8.4 17.6 2.5 2.5 2 1 1 2 2
-4364.9 -3022.8 -4.1 327 0 11.0 20.4 2.5 2.5 2 1 1 0 0
-4353.1 -3039.5 -4.8 326 0 16.4 9.6 7.5 2.5 2 0 3 1 1
-4339.6 -3039.8 -4.8 54 0 9.4 16.6 7.5 2.5 2 1 3 3 3
-4331.8 -3033.4 -4.8 59 0 8.0 15.4 7.5 2.5 2 1 3 4 4
-4333.0 -3012.1 -4.7 54 0 15.5 10.0 7.5 0.0 0 0 3 3 3
-4304.8 -2938.9 -5.2 330 0 11.0 7.8 5.0 2.5 4 0 2 5 5
-4300.4 -2985.5 -5.3 327 0 8.5 17.2 2.5 2.5 2 1 1 0 0
-4347.4 -2985.3 -4.4 54 0 17.2 8.5 5.0 2.5 4 0 2 1 1
-4368.4 -2988.2 -4.1 238 0 16.3 8.9 7.5 2.5 4 0 3 0 0
-4382.0 -2972.4 -3.8 236 0 8.5 15.9 2.5 2.5 2 1 1 2 2
-4351.7 -2938.9 -4.5 239 0 11.3 8.8 5.0 2.5 2 0 2 5 5
-4106.4 -2846.3 -5.5 238 0 6.7 11.5 7.5 0.0 0 1 3 4 4
-4065.9 -2710.5 -6.3 226 0 6.9 6.4 10.0 2.5 4 0 4 2 2
-4051.0 -2706.3 -6.4 313 0 6.8 6.9 7.5 2.5 2 1 3 1 1
-3938.7 -3210.9 -2.9 141 0 8.7 12.1 2.5 2.5 2 1 1 4 4
-4077.8 -3126.2 -5.5 320 0 9.2 6.3 7.5 2.5 2 0 3 4 4
-4060.1 -3139.6 -6.5 328 0 10.2 8.0 5.0 2.5 2 0 2 5 5
-3975.0 -3206.5 -3.0 313 0 7.9 13.0 7.5 2.5 2 1 3 3 3
-3940.0 -3241.3 -2.4 332 0 6.3 8.3 7.5 2.5 2 1 3 3 3
-3968.1 -3183.6 -3.0 140 0 7.4 8.8 5.0 2.5 2 1 2 0 0
-4052.6 -3101.3 -5.1 227 0 8.2 6.9 5.0 2.5 2 0 2 3 3
-4093.3 -3020.0 -4.1 142 0 6.2 9.6 7.5 2.5 2 1 3 2 2
-4108.7 -2973.4 -3.9 147 0 10.0 13.0 5.0 2.5 2 1 2 0 0
-4125.6 -2944.3 -3.9 142 0 15.4 10.9 7.5 2.5 2 0 3 0 0
-4071.9 -2969.7 -4.1 150 0 27.3 10.2 10.0 2.5 2 0 4 3 3
-4090.3 -2921.9 -3.9 145 0 44.1 7.2 10.0 2.5 2 0 4 3 3
-4106.3 -2934.9 -4.0 143 0 40.3 8.5 10.0 2.5 2 0 4 2 2
-4023.7 -2899.2 -3.2 325 0 10.1 38.7 15.0 0.0 0 1 6 0 0
-4013.3 -2946.0 -2.2 322 0 13.6 8.4 5.0 2.5 2 0 2 4 4
-3978.2 -2953.1 -1.9 317 0 7.5 15.6 5.0 2.5 2 1 2 5 5
-3971.1 -2939.3 -1.6 319 0 8.5 9.3 7.5 2.5 2 1 3 2 2
-3964.1 -2911.9 -2.4 312 0 8.2 13.8 5.0 2.5 2 1 2 2 2
-3941.2 -2989.4 -1.8 52 0 10.2 10.6 5.0 2.5 4 1 2 3 3
-3951.8 -2911.9 -2.5 128 0 8.2 10.1 5.0 2.5 2 1 2 2 2
-3958.6 -2819.3 -5.6 313 0 6.3 8.2 5.0 2.5 2 1 2 5 5
-3985.7 -2898.4 -2.8 316 0 10.6 35.3 10.0 2.5 2 1 4 2 2
-4084.5 -2840.3 -5.1 237 0 7.6 10.1 2.5 2.5 2 1 1 0 0
-4050.9 -2834.1 -4.6 330 0 6.5 6.6 7.5 2.5 2 1 3 4 4
-4680.7 -3027.1 -7.2 79 0 7.9 7.9 7.5 2.5 2 0 3 2 2
-4662.1 -2994.3 -7.3 346 0 7.5 8.3 10.0 2.5 2 1 4 1 1
-4608.7 -2970.1 -6.6 340 0 10.0 9.0 7.5 0.0 0 0 3 2 2
-4591.1 -2972.7 -5.8 331 0 8.2 7.3 7.5 2.5 2 0 3 2 2
-4591.8 -2992.6 -5.6 76 0 9.9 10.0 7.5 2.5 2 1 3 3 3
-4604.4 -3104.0 -4.2 95 0 7.3 6.3 5.0 2.5 2 0 2 0 0
-4643.5 -3030.2 -6.6 266 0 9.2 6.5 2.5 2.5 4 0 1 3 3
-4599.2 -3066.0 -4.8 355 0 6.7 9.4 5.0 2.5 2 1 2 2 2
-4600.8 -3077.9 -4.6 1 0 6.7 8.1 2.5 2.5 2 1 1 2 2
-4597.1 -3035.7 -4.9 263 0 7.2 7.1 5.0 2.5 2 0 2 5 5
-4569.1 -3028.8 -4.0 346 0 6.6 7.2 7.5 2.5 2 1 3 0 0
-4506.5 -3028.4 -3.6 63 0 7.2 6.0 5.0 2.5 2 0 2 4 4
-4117.9 -3071.4 -3.8 342 0 11.2 11.6 7.5 2.5 2 1 3 0 0
-4163.5 -3096.7 -3.6 66 0 10.1 7.0 2.5 2.5 2 0 1 2 2
-4309.0 -3142.8 -7.7 76 0 8.6 8.5 2.5 2.5 2 0 1 5 5
-4298.6 -3096.3 -7.0 318 0 7.9 26.4 5.0 2.5 2 1 2 0 0
-4333.7 -3073.1 -5.9 325 0 6.1 15.8 7.5 2.5 2 1 3 4 4
-4340.8 -3156.4 -8.4 52 0 8.9 6.7 10.0 2.5 2 0 4 5 5
-4596.1 -3146.7 -4.6 1 0 9.2 6.4 5.0 2.5 2 0 2 3 3
-4602.8 -3158.7 -4.9 12 0 9.8 9.9 2.5 2.5 2 1 1 1 1
-3594.9 -2558.7 -3.7 68 0 10.2 6.4 7.5 2.5 4 0 3 1 1
-3962.5 -3010.0 -4.7 46 0 11.8 7.1 7.5 2.5 2 0 3 0 0
-3977.1 -2997.6 -4.5 53 0 6.8 18.5 2.5 2.5 2 1 1 4 4
-1263.8 -1386.5 0.8 104 0 7.7 15.9 14.0 3.5 2 1 4 0 0
-4157.2 -2938.3 -4.0 323 0 6.4 7.2 10.0 2.5 2 1 4 1 1
-4151.1 -3016.0 -3.3 242 0 6.1 12.0 7.5 2.5 2 1 3 5 5
-3982.6 -3357.3 -4.9 166 0 7.0 10.3 10.0 2.5 2 1 4 1 1
-3943.7 -3328.3 -2.4 350 0 6.6 8.8 7.5 2.5 2 1 3 5 5
-3894.4 -3320.6 -2.3 257 0 8.3 7.4 7.5 2.5 2 0 3 3 3
-3954.3 -3087.2 -4.0 133 0 7.2 7.5 7.5 2.5 2 1 3 3 3
-3965.1 -3081.7 -3.9 129 0 9.9 8.8 7.5 0.0 0 0 3 2 2
-3944.6 -3126.6 -3.6 230 0 7.5 14.9 2.5 2.5 2 1 1 2 2
-4550.6 -4569.6 -2.8 58 0 9.0 15.8 2.5 2.5 2 1 1 3 3
-4554.6 -4543.5 -2.2 57 0 7.9 8.8 7.5 2.5 2 1 3 5 5
-4582.1 -4503.8 -0.8 337 0 10.2 10.8 7.5 2.5 2 1 3 4 4
-4508.8 -4432.7 -3.8 330 0 13.2 11.0 7.5 2.5 2 0 3 1 1
-4748.3 -4289.2 -4.8 52 0 12.7 7.9 10.0 2.5 2 0 4 5 5
-4650.8 -6309.6 -2.0 68 0 12.3 6.3 7.5 2.5 2 0 3 4 4
-4644.7 -6262.2 -0.8 185 0 10.7 12.5 7.5 0.0 0 1 3 4 4
-4745.7 -5967.6 -6.1 260 0 13.8 10.2 7.5 2.5 2 0 3 3 3
-4772.1 -5958.4 -5.5 253 0 7.3 6.7 7.5 2.5 2 0 3 0 0
-4781.2 -5917.4 -4.5 260 0 11.7 8.9 7.5 0.0 0 0 3 0 0
-4798.8 -5946.3 -4.8 254 0 8.9 10.6 7.5 2.5 2 1 3 2 2
-4810.0 -5849.0 -2.6 281 0 8.8 7.2 10.0 2.5 2 0 4 2 2
-4965.6 -5938.5 -4.5 273 0 8.1 10.5 7.5 0.0 0 1 3 0 0
-5008.2 -5933.4 -4.2 292 0 7.1 8.2 10.0 2.5 2 1 4 1 1
-4974.3 -5787.2 -6.9 280 0 13.8 9.1 5.0 2.5 4 0 2 4 4
-4998.1 -5732.4 -8.3 94 0 9.2 13.2 2.5 0.0 0 1 1 5 5
-4932.4 -5704.0 -5.4 292 0 11.4 10.8 5.0 2.5 2 0 2 5 5
-4856.2 -5764.4 -2.3 93 0 10.9 9.3 2.5 2.5 2 0 1 0 0
-4877.0 -5759.8 -3.6 105 0 7.9 21.5 5.0 2.5 4 1 2 3 3
-4725.8 -5792.2 -3.9 102 0 6.9 9.5 7.5 2.5 2 1 3 4 4
-4707.3 -5759.0 -3.8 4 0 8.9 15.5 7.5 2.5 2 1 3 5 5
-4734.8 -5732.3 -3.7 274 0 14.0 10.2 7.5 2.5 2 0 3 0 0
-4781.6 -5726.2 -3.2 146 0 8.5 8.7 7.5 2.5 4 1 3 2 2
-4790.7 -5679.2 -2.7 150 0 8.5 8.0 2.5 2.5 2 0 1 5 5
-4820.2 -5691.7 -3.3 329 0 13.8 15.3 5.0 2.5 2 1 2 5 5
-4822.0 -5628.2 -2.5 357 0 8.1 8.6 5.0 2.5 4 1 2 2 2
-4791.3 -5633.8 -2.3 175 0 7.0 16.6 7.5 2.5 2 1 3 3 3
-4724.3 -5649.1 -3.0 20 0 7.4 7.0 7.5 0.0 0 0 3 3 3
-4757.7 -5598.6 -2.2 274 0 8.4 11.1 2.5 2.5 2 1 1 0 0
-4719.9 -5523.4 -1.4 161 0 7.8 7.6 10.0 2.5 2 0 4 1 1
-4699.4 -5507.3 -1.3 348 0 9.4 15.5 7.5 2.5 2 1 3 5 5
-4710.2 -5449.5 -0.5 165 0 7.9 6.3 10.0 2.5 2 0 4 2 2
-4689.7 -5257.2 2.0 343 0 8.8 9.0 7.5 2.5 2 1 3 5 5
-4781.3 -5225.8 0.9 169 0 6.0 7.6 7.5 2.5 2 1 3 5 5
-4783.8 -5383.1 -0.5 275 0 9.4 6.8 7.5 2.5 2 0 3 5 5
-4826.2 -5417.6 -3.6 355 0 9.1 12.2 7.5 2.5 2 1 3 0 0
-4898.5 -5314.6 -5.8 162 0 7.1 9.9 7.5 0.0 0 1 3 3 3
-4912.8 -5249.0 -2.4 179 0 8.0 10.2 2.5 2.5 4 1 1 0 0
-4819.3 -5271.3 -2.3 360 0 10.4 10.3 7.5 2.5 2 0 3 1 1
-4873.7 -5168.1 -4.8 182 0 15.4 10.5 5.0 2.5 2 0 2 4 4
-4829.8 -5079.3 -3.9 6 0 7.5 6.6 7.5 2.5 2 0 3 2 2
-4823.7 -5059.4 -3.9 0 0 17.4 15.9 12.5 2.5 4 0 5 2 2
-4820.2 -5169.7 -1.7 4 0 9.3 10.6 5.0 0.0 0 1 2 4 4
-4798.5 -5135.2 0.7 168 0 6.4 6.0 10.0 2.5 2 0 4 4 4
-4695.5 -5100.8 -3.7 301 0 7.1 11.0 5.0 2.5 2 1 2 4 4
-4754.4 -4760.3 3.1 341 0 8.7 22.1 7.5 2.5 2 1 3 1 1
-4801.6 -4761.9 -0.0 250 0 22.9 11.5 12.5 2.5 4 0 5 5 5
-4799.9 -4776.1 0.8 254 0 12.7 11.0 7.5 2.5 2 0 3 0 0
-4821.1 -4764.7 -1.1 259 0 9.6 26.5 10.0 2.5 2 1 4 2 2
-4812.1 -4794.4 -0.2 259 0 10.8 9.6 10.0 2.5 2 0 4 4 4
-4810.5 -4860.0 -0.5 57 0 13.3 7.7 5.0 2.5 2 0 2 3 3
-4795.7 -4823.8 0.1 343 0 26.1 14.2 10.0 2.5 2 0 4 1 1
-4792.3 -4860.3 1.4 71 0 14.3 20.1 10.0 2.5 2 1 4 3 3
-4744.3 -4873.8 1.3 257 0 6.9 6.1 7.5 2.5 2 0 3 2 2
-4671.6 -4869.8 1.0 173 0 13.9 8.7 5.0 2.5 2 0 2 5 5
-4652.7 -4962.9 -2.6 169 0 9.2 8.5 5.0 2.5 2 0 2 5 5
-4654.9 -5151.0 -2.1 189 0 10.6 14.7 7.5 2.5 2 1 3 1 1
-4672.3 -5366.5 -0.2 186 0 14.7 7.6 5.0 2.5 2 0 2 2 2
-4667.9 -5402.5 -0.4 177 0 11.7 8.6 5.0 2.5 2 0 2 4 4
-4672.0 -5423.5 -0.4 182 0 15.7 8.4 7.5 2.5 2 0 3 5 5
-4636.6 -5492.9 -0.9 184 0 8.0 9.9 7.5 2.5 4 1 3 0 0
-4515.9 -5440.2 1.3 358 0 10.7 6.6 7.5 2.5 2 0 3 4 4
-4530.0 -5591.4 1.5 8 0 7.6 6.3 7.5 2.5 2 0 3 3 3
-4612.7 -5608.0 0.8 3 0 8.0 6.7 7.5 2.5 2 0 3 1 1
-4600.6 -5734.5 -2.3 83 0 14.5 10.3 2.5 0.0 0 0 1 5 5
-4548.4 -5789.8 -0.4 279 0 6.3 10.0 5.0 2.5 2 1 2 2 2
-4491.1 -5668.1 1.1 184 0 8.1 9.9 7.5 2.5 2 1 3 2 2
-4461.6 -5371.5 2.0 358 0 7.1 10.2 10.0 0.0 0 1 4 0 0
-4489.7 -5325.9 1.3 194 0 8.1 10.1 5.0 2.5 2 1 2 3 3
-4494.6 -5232.6 0.6 175 0 6.6 12.3 7.5 2.5 2 1 3 1 1
-4458.4 -5209.4 1.2 357 0 7.5 9.2 10.0 2.5 2 1 4 0 0
-4473.7 -6302.4 -1.0 103 0 9.8 16.1 2.5 2.5 2 1 1 3 3
-4550.0 -6295.1 -0.1 24 0 7.8 11.2 5.0 2.5 4 1 2 5 5
-4607.5 -6306.1 -0.3 118 0 6.6 13.7 7.5 2.5 2 1 3 1 1
-4597.1 -6236.4 0.8 256 0 6.2 8.1 5.0 2.5 2 1 2 2 2
-4632.4 -6234.3 -0.2 262 0 9.1 8.7 7.5 0.0 0 0 3 2 2
-4574.0 -6170.9 -0.6 2 0 8.6 8.8 5.0 0.0 0 1 2 3 3
-1788.2 -5358.9 -3.7 47 0 6.9 7.0 7.5 0.0 0 1 3 4 4
-1758.0 -5404.5 -3.2 56 0 6.7 7.5 7.5 2.5 2 1 3 5 5
-1737.1 -5380.2 -3.3 237 0 8.2 6.3 2.5 2.5 2 0 1 2 2
-2316.9 -5537.6 -5.8 95 0 8.5 7.1 2.5 0.0 0 0 1 0 0
-2168.7 -5574.4 -4.9 265 0 11.2 34.0 7.5 2.5 4 1 3 1 1
-2194.5 -5585.4 -4.8 249 0 9.2 35.0 10.0 0.0 0 1 4 1 1
-2208.4 -5568.1 -4.5 264 0 23.9 11.6 7.5 2.5 2 0 3 0 0
-2091.8 -5557.7 -4.5 256 0 13.8 7.3 10.0 2.5 2 0 4 5 5
-2039.2 -5508.2 -3.3 333 0 6.4 8.3 7.5 2.5 2 1 3 2 2
-1973.5 -5540.1 -0.7 338 0 8.7 13.2 7.5 2.5 4 1 3 1 1
-1953.9 -5489.3 -2.5 66 0 8.9 7.4 7.5 2.5 2 0 3 0 0
-1853.5 -5458.1 -2.3 244 0 8.0 6.4 5.0 0.0 0 0 2 4 4
-1873.4 -5402.8 -4.0 227 0 6.8 6.8 7.5 2.5 2 0 3 2 2
-2479.4 -5549.2 -3.4 263 0 8.4 8.9 10.0 2.5 4 1 4 5 5
-2527.9 -5561.9 -3.4 265 0 8.3 11.5 5.0 2.5 2 1 2 5 5
-2557.1 -5524.1 -4.2 73 0 9.0 6.5 2.5 2.5 4 0 1 4 4
-2541.6 -5521.6 -3.8 74 0 7.5 6.1 7.5 2.5 2 0 3 3 3
-2829.1 -5958.2 -3.8 42 0 8.4 6.8 5.0 2.5 2 0 2 4 4
-2909.3 -5756.0 -2.9 48 0 9.7 8.8 5.0 2.5 2 0 2 3 3
-2917.6 -5834.2 -2.2 143 0 8.7 8.1 7.5 2.5 4 0 3 5 5
-2892.2 -5811.6 -1.9 234 0 10.0 7.3 5.0 2.5 2 0 2 4 4
-2697.2 -5842.2 -1.6 67 0 6.8 9.0 7.5 2.5 2 1 3 2 2
-2845.1 -5779.4 -2.6 318 0 8.4 7.4 7.5 2.5 4 0 3 4 4
-2877.0 -5738.5 -3.6 44 0 10.4 9.3 5.0 2.5 2 0 2 3 3
-2803.0 -5722.3 -2.8 236 0 11.1 7.2 2.5 2.5 2 0 1 3 3
-2678.7 -5580.3 -4.8 49 0 8.2 6.3 2.5 2.5 2 0 1 4 4
-2686.3 -5771.2 -1.1 46 0 7.0 6.9 7.5 2.5 2 0 3 0 0
-2731.4 -5665.9 -2.4 229 0 12.7 7.8 5.0 2.5 4 0 2 2 2
-2702.8 -5638.1 -2.1 235 0 9.5 9.7 5.0 2.5 2 1 2 2 2
-2644.5 -5741.4 -1.4 54 0 6.8 8.9 10.0 2.5 2 1 4 2 2
-2629.7 -5522.5 -6.2 65 0 6.4 6.9 7.5 2.5 2 1 3 2 2
-2346.3 -5612.3 -4.2 177 0 18.1 7.4 5.0 2.5 2 0 2 3 3
-2352.7 -5640.6 -2.9 170 0 13.6 9.2 10.0 2.5 2 0 4 1 1
-2316.3 -5711.1 -1.9 259 0 6.0 7.3 7.5 2.5 2 1 3 3 3
-2479.9 -5670.7 -3.8 90 0 7.6 10.8 2.5 2.5 2 1 1 5 5
-2572.4 -5558.9 -3.9 251 0 9.1 10.7 5.0 0.0 0 1 2 3 3
-2579.5 -5520.4 -4.9 72 0 6.3 8.5 7.5 2.5 2 1 3 1 1
-3164.9 -5619.5 -3.3 238 0 6.8 6.3 5.0 2.5 2 0 2 4 4
-3155.8 -5704.3 -3.7 294 0 8.7 7.1 5.0 2.5 4 0 2 5 5
-3095.0 -5732.5 -4.3 290 0 7.6 12.2 7.5 2.5 2 1 3 1 1
-3107.1 -5729.6 -4.0 287 0 7.1 9.0 10.0 2.5 2 1 4 5 5
-3125.2 -5690.3 -3.3 135 0 7.4 13.3 2.5 2.5 2 1 1 3 3
-3099.8 -5696.4 -3.7 129 0 6.6 10.4 5.0 2.5 2 1 2 2 2
-3066.1 -5690.9 -4.4 46 0 10.9 21.3 5.0 2.5 2 1 2 3 3
-3075.2 -5665.0 -4.3 49 0 7.8 14.1 5.0 2.5 2 1 2 0 0
-6093.1 77.6 -5.2 92 0 13.4 9.0 7.5 2.5 4 0 3 5 5
1659.9 -3960.5 1.1 188 0 8.0 10.2 5.0 2.5 2 1 2 4 4
1671.4 -4117.1 2.6 16 0 9.7 13.0 5.0 2.5 2 1 2 0 0
1637.3 -4170.9 2.0 184 0 10.6 11.3 7.5 2.5 2 1 3 5 5
1726.7 -4271.7 2.2 184 0 7.9 8.1 5.0 2.5 2 1 2 3 3
1748.1 -4247.0 2.2 275 0 11.5 8.2 5.0 2.5 2 0 2 4 4
1806.4 -4302.0 4.3 48 0 7.0 8.7 5.0 2.5 2 1 2 2 2
1625.6 -4255.7 1.8 194 0 9.5 6.4 5.0 2.5 4 0 2 0 0
1662.5 -4266.8 2.4 16 0 12.8 9.5 7.5 2.5 2 0 3 1 1
1772.1 -4434.3 2.4 120 0 7.1 11.8 5.0 2.5 2 1 2 5 5
1915.1 -4410.8 6.2 48 0 7.9 7.6 7.5 2.5 2 0 3 4 4
1932.0 -4413.7 5.8 222 0 12.2 7.4 7.5 2.5 2 0 3 2 2
1870.4 -4473.4 2.3 210 0 14.2 10.5 5.0 2.5 4 0 2 2 2
1961.9 -4515.1 1.5 109 0 6.5 11.7 5.0 2.5 2 1 2 2 2
2014.3 -4543.9 1.3 92 0 6.2 7.2 2.5 2.5 4 1 1 2 2
1975.3 -4391.4 5.1 217 0 9.8 10.4 7.5 2.5 2 1 3 3 3
2058.2 -4395.8 2.9 311 0 17.2 16.1 7.5 2.5 2 0 3 5 5
2093.8 -4445.1 1.8 39 0 14.0 8.8 7.5 2.5 2 0 3 3 3
2111.7 -4373.9 2.4 141 0 11.5 8.3 7.5 2.5 2 0 3 0 0
2085.0 -4335.5 3.1 230 0 6.6 13.5 5.0 2.5 2 1 2 1 1
2093.7 -4384.2 2.2 294 0 7.6 10.9 10.0 2.5 2 1 4 4 4
2037.5 -4387.6 3.3 229 0 8.3 7.5 10.0 2.5 2 0 4 4 4
1921.5 -4241.8 3.8 72 0 7.3 11.5 7.5 2.5 2 1 3 1 1
