6484.7 -4928.5 -4.5 261 0 8.2 8.7 7.5 2.5 2 0 3 5 5
6738.0 -4757.5 -4.8 217 0 7.1 9.1 2.5 2.5 2 0 1 4 4
6711.2 -4785.8 -4.5 220 0 6.2 9.5 7.5 2.5 2 0 3 4 4
6705.0 -4794.0 -4.5 222 0 8.6 10.8 7.5 2.5 2 0 3 4 4
6616.6 -4803.2 -4.4 353 0 16.0 6.9 7.5 2.5 2 0 3 2 2
6612.2 -4821.6 -3.9 172 0 7.1 6.4 10.0 2.5 2 0 4 3 3
6530.9 -4919.5 -4.0 260 0 8.5 12.4 7.5 2.5 2 0 3 4 4
6538.3 -4934.3 -4.0 267 0 9.0 8.3 7.5 2.5 2 0 3 5 5
6547.4 -4948.9 -4.2 348 0 10.6 13.3 10.0 2.5 2 0 4 4 4
6525.6 -4967.5 -4.5 83 0 10.9 6.4 5.0 2.5 2 0 2 3 3
6524.1 -4957.6 -4.4 79 0 10.3 8.4 5.0 2.5 2 0 2 4 4
6520.3 -4937.4 -4.2 261 0 9.4 6.4 7.5 2.5 2 0 3 3 3
6506.2 -4923.6 -4.2 260 0 8.2 11.2 7.5 2.5 2 0 3 1 1
6494.4 -4926.1 -4.4 254 0 7.0 10.6 5.0 2.5 2 0 2 5 5
6695.3 -4804.3 -4.3 228 0 8.9 14.7 5.0 2.5 2 0 2 3 3
6687.9 -4813.3 -4.1 225 0 7.7 9.6 7.5 2.5 2 0 3 3 3
6671.6 -4831.9 -3.7 227 0 6.8 10.1 10.0 2.5 2 0 4 2 2
6691.6 -4851.5 -3.3 317 0 9.1 7.0 7.5 2.5 2 0 3 1 1
6683.9 -4864.1 -3.2 52 0 7.3 9.0 7.5 2.5 2 0 3 5 5
6669.9 -4877.1 -2.9 82 0 7.9 9.0 10.0 2.5 2 0 4 2 2
6656.1 -4880.0 -2.8 82 0 7.0 9.0 7.5 2.5 2 0 3 4 4
6626.1 -4846.1 -3.3 262 0 7.7 9.6 7.5 2.5 2 1 3 3 3
6622.8 -4887.7 -2.7 82 0 8.9 11.1 7.5 2.5 2 1 3 5 5
6610.0 -4881.6 -2.8 82 0 8.1 9.5 5.0 0.0 0 1 2 1 1
6604.6 -4848.5 -3.3 262 0 8.5 8.9 7.5 2.5 4 1 3 2 2
6593.3 -4848.8 -3.2 262 0 6.6 9.4 7.5 2.5 2 1 3 3 3
6591.2 -4892.6 -2.7 82 0 7.5 10.4 5.0 2.5 2 1 2 0 0
6579.4 -4894.6 -3.0 82 0 10.4 8.4 7.5 2.5 4 0 3 5 5
6564.3 -4880.4 -3.0 172 0 8.4 9.6 5.0 2.5 2 1 2 2 2
6563.0 -4868.6 -2.9 172 0 8.5 9.7 7.5 2.5 2 1 3 1 1
6564.1 -4852.5 -3.1 262 0 10.1 9.0 10.0 2.5 4 0 4 2 2
6592.7 -4824.0 -3.8 352 0 7.2 10.7 7.5 2.5 4 1 3 2 2
6588.0 -4801.0 -3.9 350 0 7.8 9.5 7.5 2.5 2 1 3 2 2
6586.4 -4788.7 -3.8 353 0 8.3 8.6 7.5 2.5 2 1 3 4 4
6582.4 -4778.6 -3.6 348 0 7.9 7.7 7.5 2.5 2 0 3 0 0
6584.4 -4767.0 -3.6 353 0 8.7 10.6 7.5 2.5 4 1 3 1 1
6578.7 -4756.6 -3.3 352 0 7.3 7.4 10.0 2.5 2 1 4 1 1
6574.4 -4730.3 -3.1 344 0 9.6 7.8 5.0 2.5 2 0 2 1 1
6558.7 -4728.7 -2.7 262 0 7.5 8.2 7.5 0.0 0 1 3 3 3
6543.8 -4760.8 -2.6 173 0 7.7 8.6 7.5 2.5 2 1 3 5 5
6546.9 -4773.7 -2.8 171 0 7.0 9.2 7.5 2.5 2 1 3 1 1
6552.0 -4806.2 -3.1 172 0 8.2 8.1 7.5 2.5 2 0 3 5 5
6554.2 -4818.3 -3.3 169 0 7.9 9.9 5.0 2.5 2 1 2 1 1
6563.4 -4843.9 -3.5 79 0 10.6 9.0 5.0 2.5 2 0 2 0 0
6266.0 -4958.8 -6.6 311 0 10.5 6.7 7.5 2.5 4 0 3 3 3
6223.3 -4961.5 -7.6 303 0 9.2 6.9 10.0 2.5 2 0 4 3 3
6217.9 -4939.2 -7.0 123 0 9.9 8.0 7.5 2.5 2 0 3 2 2
6188.5 -4911.7 -6.6 132 0 8.9 7.3 5.0 2.5 4 0 2 4 4
6179.4 -4922.8 -7.0 305 0 8.1 6.9 5.0 0.0 0 0 2 3 3
6167.2 -4907.6 -6.8 309 0 9.4 7.2 10.0 2.5 2 0 4 3 3
6177.7 -4900.3 -6.5 127 0 8.9 9.4 5.0 2.5 2 1 2 0 0
6162.6 -4890.6 -6.3 131 0 8.3 12.5 7.5 2.5 2 1 3 1 1
6157.3 -4900.1 -6.6 315 0 8.7 8.6 7.5 2.5 2 0 3 3 3
6413.3 -4968.5 -5.1 209 0 7.5 7.3 7.5 2.5 2 0 3 3 3
6406.7 -4978.2 -5.2 218 0 8.1 8.0 10.0 2.5 2 0 4 4 4
6387.1 -5007.9 -5.6 214 0 7.6 7.1 5.0 2.5 2 0 2 5 5
6395.8 -4957.3 -4.5 28 0 6.0 7.4 7.5 2.5 4 1 3 0 0
6391.5 -4968.4 -4.7 34 0 8.1 7.2 5.0 2.5 2 0 2 4 4
6337.3 -4940.4 -4.2 224 0 6.3 8.5 7.5 2.5 2 1 3 3 3
6355.2 -4942.1 -3.9 223 0 8.3 7.7 7.5 2.5 2 0 3 3 3
6376.8 -4960.9 -4.3 43 0 8.2 8.3 10.0 2.5 2 1 4 0 0
6384.4 -4978.2 -4.8 36 0 6.4 6.9 7.5 2.5 2 1 3 2 2
6379.0 -4987.6 -5.0 31 0 8.1 7.0 2.5 2.5 2 0 1 2 2
6366.9 -5000.7 -5.1 120 0 7.7 8.2 7.5 2.5 2 1 3 3 3
6360.9 -4975.2 -4.5 125 0 7.5 9.0 10.0 2.5 2 1 4 3 3
6343.4 -4958.8 -4.7 219 0 8.8 8.5 7.5 2.5 2 0 3 4 4
6352.5 -4986.1 -4.9 124 0 7.3 8.6 7.5 2.5 2 1 3 5 5
6285.0 -4876.6 -4.6 214 0 10.6 8.0 10.0 2.5 2 0 4 5 5
6272.0 -4896.4 -4.7 214 0 6.3 8.1 7.5 2.5 2 1 3 4 4
6292.2 -4909.2 -4.5 214 0 7.2 7.7 7.5 0.0 0 1 3 4 4
6285.5 -4925.2 -4.9 124 0 8.4 9.6 5.0 2.5 4 1 2 1 1
6265.0 -4905.1 -5.0 214 0 12.5 9.6 7.5 2.5 2 0 3 3 3
6262.2 -4932.5 -5.7 124 0 8.0 11.5 2.5 2.5 2 1 1 1 1
6273.3 -4945.1 -5.8 124 0 8.7 7.8 7.5 2.5 2 0 3 2 2
6252.6 -4921.0 -5.8 214 0 11.1 6.8 10.0 2.5 2 0 4 3 3
