-6700.5 -4615.2 -5.1 23 0 8.6 7.6 7.5 2.5 2 0 3 4 4
-6697.4 -3988.8 -5.4 30 0 13.2 11.9 5.0 0.0 0 0 2 3 3
-6644.0 -4554.2 -5.3 32 0 7.3 11.4 5.0 2.5 2 0 2 4 4
-6403.2 -4498.8 -5.5 43 0 7.1 7.6 7.5 2.5 2 0 3 5 5
-6545.6 -4023.5 -3.1 118 0 6.3 9.4 2.5 0.0 0 1 1 1 1
-6556.0 -4527.6 -4.5 11 0 8.6 7.9 5.0 2.5 2 0 2 1 1
-6678.0 -4705.2 -9.6 28 0 13.4 9.6 7.5 2.5 2 0 3 1 1
-6728.1 -4640.2 -4.9 35 0 7.3 7.2 7.5 2.5 2 0 3 0 0
-6443.8 -4552.7 -6.3 35 0 13.4 7.7 5.0 2.5 2 0 2 4 4
-6722.9 -4890.5 -10.6 128 0 13.2 33.4 7.5 2.5 2 0 3 3 3
-6691.2 -4665.6 -8.8 217 0 11.9 11.6 7.5 2.5 2 0 3 4 4
-6612.8 -4565.6 -6.3 289 0 9.0 13.1 5.0 2.5 2 1 2 5 5
-6467.6 -4628.4 -9.8 126 0 6.4 10.4 10.0 2.5 2 0 4 1 1
-6356.4 -4354.9 -0.3 107 0 8.9 10.9 5.0 2.5 2 1 2 3 3
-6725.8 -4788.4 -10.7 128 0 8.4 8.3 7.5 2.5 2 0 3 4 4
-6401.3 -4135.3 -0.1 211 0 13.7 12.9 10.0 2.5 2 0 4 1 1
-6419.4 -4574.0 -8.1 31 0 12.5 9.4 5.0 2.5 2 0 2 1 1
-6625.3 -4160.7 -1.8 118 0 8.8 10.5 2.5 2.5 2 1 1 3 3
-6741.0 -4732.5 -9.3 131 0 10.8 7.1 5.0 2.5 2 0 2 5 5
-6700.9 -3927.8 -4.9 291 0 7.1 11.6 7.5 2.5 4 1 3 2 2
-6630.6 -4256.3 -2.9 117 0 9.9 8.3 2.5 2.5 2 0 1 3 3
-6704.0 -4738.7 -10.3 45 0 14.7 8.9 10.0 2.5 4 0 4 2 2
-6621.9 -4711.2 -9.5 39 0 11.4 7.6 2.5 2.5 2 0 1 5 5
-6720.4 -4413.8 -1.1 110 0 6.7 6.8 7.5 0.0 0 1 3 0 0
-6491.4 -4455.9 -2.5 203 0 10.1 8.4 7.5 2.5 2 0 3 3 3
-6561.1 -4578.8 -5.8 35 0 12.2 7.2 7.5 2.5 2 0 3 2 2
-6564.8 -4672.4 -7.8 123 0 7.5 12.6 7.5 2.5 2 1 3 5 5
-6728.2 -4749.2 -10.6 304 0 21.3 8.8 7.5 2.5 4 0 3 4 4
-6662.4 -4660.9 -8.5 32 0 8.2 9.1 10.0 2.5 2 1 4 1 1
-6508.5 -4639.3 -8.0 43 0 8.7 7.1 7.5 0.0 0 0 3 0 0
-6719.9 -4702.0 -9.0 216 0 9.9 8.2 7.5 2.5 2 0 3 3 3
-6275.2 -4327.2 -3.1 116 0 10.2 13.0 7.5 2.5 2 1 3 2 2
-6495.8 -4477.2 -2.5 194 0 10.9 6.1 5.0 2.5 2 0 2 4 4
-6349.7 -4109.5 1.0 45 0 7.9 8.4 7.5 2.5 4 1 3 2 2
-6459.8 -4590.4 -7.9 49 0 11.6 6.8 7.5 2.5 2 0 3 5 5
-6560.2 -4553.0 -5.0 114 0 7.3 7.3 7.5 2.5 2 0 3 3 3
-6697.5 -4715.4 -9.7 40 0 6.5 10.5 5.0 2.5 4 1 2 5 5
-6827.6 -3549.7 -2.4 270 0 11.9 8.0 5.0 0.0 0 0 2 2 2
-6776.7 -3475.4 -2.0 117 0 13.3 21.4 10.0 0.0 0 1 4 3 3
-6837.3 -3208.6 -2.5 107 0 9.0 6.3 7.5 2.5 2 0 3 2 2
-6893.7 -3531.7 -2.1 213 0 12.6 13.4 7.5 2.5 2 1 3 1 1
-6900.2 -3084.3 -4.6 204 0 10.9 11.6 7.5 2.5 2 1 3 3 3
-6871.1 -3429.8 -1.7 191 0 9.4 10.8 5.0 2.5 2 1 2 3 3
-6873.7 -3098.0 -4.2 114 0 6.5 10.8 5.0 2.5 2 1 2 0 0
-6881.3 -3353.5 -2.4 123 0 11.0 8.9 7.5 2.5 2 0 3 1 1
-6902.9 -3598.1 -2.1 207 0 12.5 8.9 10.0 2.5 2 0 4 3 3
-6766.5 -3528.7 -2.0 106 0 11.7 17.2 2.5 2.5 2 1 1 4 4
-6720.8 -3487.1 -1.0 27 0 7.4 11.9 5.0 2.5 2 1 2 2 2
-6774.2 -3240.5 -1.7 290 0 9.8 15.3 7.5 2.5 4 1 3 4 4
-6818.5 -3189.9 -2.9 6 0 10.8 6.7 7.5 2.5 2 0 3 2 2
-6722.1 -3434.0 -0.5 286 0 9.6 10.9 7.5 2.5 2 1 3 5 5
-6846.2 -3503.0 -2.8 100 0 37.7 46.2 12.5 0.0 0 1 5 2 2
-6858.1 -3640.9 -2.0 119 0 13.6 8.9 10.0 2.5 2 0 4 0 0
-6797.1 -3586.1 -2.1 31 0 8.3 11.6 7.5 2.5 2 1 3 5 5
-6856.1 -3102.7 -4.2 99 0 8.1 9.5 2.5 2.5 2 1 1 3 3
-4888.5 6165.2 -6.4 29 0 12.8 14.1 14.0 3.5 2 1 4 2 2
-4793.0 6038.7 -6.1 225 0 6.1 9.9 10.5 3.5 2 1 3 0 0
-4930.5 6037.8 -8.7 113 0 14.6 6.6 14.0 3.5 2 0 4 4 4
-4941.6 6144.6 -8.4 208 0 8.7 12.7 14.0 3.5 2 1 4 5 5
-4831.0 6013.6 -6.1 215 0 16.6 8.5 10.5 0.0 0 0 3 5 5
-4867.6 6132.9 -5.4 297 0 8.0 11.6 14.0 3.5 2 1 4 0 0
-4885.5 6126.3 -5.7 299 0 11.4 7.8 14.0 3.5 2 0 4 4 4
-4861.5 6147.0 -5.4 294 0 12.7 6.6 14.0 3.5 2 0 4 5 5
-4789.6 6114.1 -6.2 133 0 6.5 9.3 10.5 3.5 4 1 3 3 3
-4969.9 6009.7 -10.2 287 0 8.3 13.8 10.5 3.5 2 1 3 2 2
-4842.9 6032.0 -6.0 40 0 8.9 6.2 14.0 3.5 2 0 4 1 1
-4932.7 6005.3 -9.4 119 0 13.2 7.7 14.0 3.5 4 0 4 4 4
-4887.0 6180.7 -6.1 21 0 7.4 9.0 14.0 3.5 2 1 4 2 2
-4802.8 6180.5 -5.9 293 0 6.1 7.0 10.5 3.5 2 1 3 1 1
-4798.8 6068.0 -6.1 210 0 7.8 16.6 10.5 3.5 2 1 3 5 5
-4897.9 5969.0 -9.2 25 0 7.3 15.0 10.5 3.5 2 1 3 1 1
-4854.9 6047.0 -6.1 24 0 6.1 7.0 14.0 3.5 2 1 4 4 4
-4817.5 6162.0 -5.9 119 0 22.8 6.6 10.5 3.5 2 0 3 2 2
-4906.8 6003.5 -8.6 108 0 6.3 10.3 14.0 3.5 2 1 4 5 5
-4923.1 6099.2 -7.6 207 0 8.2 9.8 14.0 3.5 2 1 4 5 5
-4904.6 5783.1 -7.7 200 0 12.2 9.3 10.5 3.5 2 0 3 5 5
-4806.5 6031.2 -6.0 211 0 11.8 10.2 10.5 3.5 2 0 3 5 5
-4800.0 6000.7 -5.9 25 0 9.3 12.3 10.5 3.5 2 1 3 1 1
-4819.3 6137.6 -5.9 130 0 8.8 13.3 10.5 3.5 2 1 3 5 5
-4798.6 6128.9 -6.1 87 0 8.4 9.7 10.5 3.5 2 1 3 0 0
-4878.1 6094.3 -6.0 304 0 11.5 6.3 14.0 0.0 0 0 4 5 5
-4977.2 6082.1 -10.1 201 0 8.2 7.7 14.0 3.5 2 0 4 5 5
-4877.1 5997.5 -7.9 36 0 8.3 7.4 14.0 3.5 4 0 4 0 0
-4832.9 6051.8 -5.6 37 0 7.9 13.1 14.0 3.5 2 1 4 2 2
-4987.3 6044.8 -10.1 116 0 8.4 11.4 14.0 3.5 4 1 4 3 3
-4840.2 6111.6 -5.6 323 0 6.6 7.0 14.0 3.5 2 1 4 0 0
-4781.7 6344.7 -5.7 212 0 10.4 7.5 10.5 3.5 2 0 3 4 4
-5102.5 6664.7 -5.0 122 0 8.4 6.0 14.0 3.5 2 0 4 2 2
-4808.8 5886.7 -5.8 117 0 7.1 25.2 14.0 3.5 2 1 4 5 5
-4885.7 6330.0 -6.2 200 0 10.5 12.7 14.0 3.5 2 1 4 1 1
-4908.2 6037.4 -7.9 111 0 6.8 8.8 14.0 0.0 0 1 4 0 0
-4906.5 6594.6 -6.2 303 0 14.2 6.2 14.0 3.5 2 0 4 2 2
-4880.6 6560.0 -6.1 39 0 9.5 19.9 14.0 0.0 0 1 4 2 2
-4880.6 6195.2 -6.1 25 0 24.3 12.6 14.0 3.5 2 0 4 5 5
-5275.6 6667.7 -4.4 127 0 12.0 8.1 14.0 3.5 2 0 4 3 3
-4917.6 6375.2 -8.3 118 0 6.8 8.0 14.0 3.5 2 1 4 1 1
-5020.9 6640.4 -6.6 148 0 7.5 6.7 14.0 0.0 0 0 4 1 1
-4894.8 6290.8 -6.5 200 0 6.3 14.4 14.0 3.5 2 1 4 1 1
-4870.4 6110.9 -5.6 298 0 7.7 13.2 14.0 3.5 2 1 4 4 4
-4842.6 6328.1 -5.7 22 0 10.0 7.3 14.0 3.5 2 0 4 2 2
-5318.2 6689.5 -6.7 194 0 10.3 8.2 14.0 0.0 0 0 4 4 4
-4893.2 6392.1 -7.2 289 0 10.1 8.6 14.0 3.5 2 0 4 4 4
-4816.6 6334.6 -5.4 19 0 15.0 11.0 14.0 3.5 2 0 4 2 2
-4904.9 6373.6 -7.5 190 0 9.8 10.9 14.0 3.5 2 1 4 1 1
-5004.6 6589.5 -6.7 105 0 9.1 10.3 14.0 3.5 2 1 4 2 2
-4859.6 5993.8 -7.5 220 0 17.9 11.9 10.5 3.5 4 0 3 3 3
-4841.2 6048.7 -5.6 40 0 6.2 8.5 14.0 3.5 2 1 4 2 2
-5257.0 6695.4 -3.9 285 0 15.3 9.7 14.0 3.5 2 0 4 5 5
-5038.8 6577.4 -8.7 304 0 7.2 14.7 14.0 3.5 2 1 4 2 2
-4939.3 6104.1 -8.6 207 0 19.3 11.6 14.0 3.5 2 0 4 0 0
-5089.7 6602.5 -8.0 302 0 12.2 9.1 14.0 3.5 2 0 4 3 3
-4924.2 6061.0 -8.0 112 0 8.6 7.4 14.0 3.5 4 0 4 0 0
-5131.2 6698.2 -4.8 203 0 9.7 9.1 14.0 3.5 2 0 4 1 1
-4895.1 6517.0 -5.7 122 0 7.5 7.6 14.0 3.5 2 1 4 1 1
-4933.7 5984.8 -9.9 298 0 21.2 11.5 10.5 3.5 2 0 3 5 5
-4932.9 6419.0 -8.4 180 0 6.0 6.8 14.0 3.5 4 1 4 5 5
-4807.6 6374.4 -5.5 21 0 6.2 7.7 14.0 3.5 2 1 4 5 5
-5215.3 6648.6 -4.4 106 0 10.3 6.5 14.0 3.5 2 0 4 3 3
-4898.1 6048.2 -7.3 122 0 6.1 8.5 14.0 3.5 2 1 4 4 4
-4873.3 6211.2 -5.6 25 0 10.8 12.6 14.0 3.5 2 1 4 2 2
-4933.9 6201.5 -8.3 178 0 7.6 9.2 14.0 3.5 2 1 4 0 0
-4951.6 6509.4 -8.5 299 0 16.4 8.2 14.0 3.5 2 0 4 3 3
-4849.5 6211.3 -5.3 123 0 7.3 8.3 10.5 3.5 4 1 3 0 0
-4835.2 6234.7 -5.5 195 0 11.3 7.8 10.5 0.0 0 0 3 2 2
-4978.1 6564.5 -6.7 107 0 9.6 8.9 14.0 3.5 2 0 4 4 4
-4902.7 5963.5 -9.2 27 0 6.8 6.2 10.5 3.5 2 0 3 0 0
-4822.8 6041.1 -5.8 207 0 6.4 14.3 10.5 3.5 2 1 3 3 3
-4907.9 6259.6 -7.2 204 0 7.5 7.0 14.0 3.5 2 0 4 2 2
-6851.5 -4927.3 -9.2 130 0 8.5 35.9 2.5 2.5 2 1 1 5 5
-5300.2 6822.6 -7.9 108 0 6.5 11.0 10.5 3.5 4 1 3 5 5
-4381.0 5388.2 -5.4 130 0 11.5 14.5 5.0 2.5 2 1 2 5 5
-4340.5 5377.9 -6.4 29 0 13.4 20.8 10.0 2.5 2 1 4 2 2
-4490.4 5212.2 -3.5 219 0 18.8 17.0 7.5 2.5 2 0 3 4 4
-4583.1 5328.5 -2.9 194 0 9.7 11.7 5.0 2.5 2 1 2 3 3
-4599.6 5363.5 -2.5 219 0 7.9 17.0 7.5 2.5 2 1 3 5 5
-4453.4 5418.9 -3.2 123 0 10.8 11.1 5.0 2.5 2 1 2 2 2
-4470.7 5392.1 -2.5 293 0 16.6 14.4 5.0 2.5 2 0 2 0 0
-4463.4 5324.6 -2.7 8 0 19.7 12.1 7.5 2.5 2 0 3 5 5
-6685.1 4105.8 -5.7 133 0 6.4 17.2 12.5 2.5 2 1 5 1 1
-6381.9 4207.4 -3.4 25 0 11.3 9.1 7.5 2.5 2 0 3 3 3
-6449.6 4068.6 -3.7 25 0 9.8 7.5 10.5 3.5 4 0 3 0 0
-6488.4 4182.0 -3.5 194 0 13.5 10.6 10.5 3.5 2 0 3 4 4
-6491.4 4165.5 -3.6 202 0 11.5 7.4 10.5 0.0 0 0 3 4 4
-6498.6 4125.4 -4.0 107 0 10.2 13.2 10.5 3.5 2 1 3 2 2
-6498.3 4077.9 -4.3 201 0 12.3 10.2 10.5 3.5 2 0 3 4 4
-6522.2 4080.6 -4.7 21 0 12.0 13.5 10.5 3.5 2 1 3 1 1
-6537.7 4044.4 -4.1 2 0 11.8 9.7 10.5 3.5 2 0 3 5 5
-6561.0 3998.6 -3.6 5 0 12.4 16.0 10.5 3.5 2 1 3 0 0
