-2435.7 5895.0 -0.9 194 0 6.9 8.9 7.5 2.5 2 0 3 3 3
-2356.3 5917.8 0.1 284 0 9.0 10.7 2.5 2.5 2 0 1 2 2
-2375.1 5870.9 -0.7 21 0 6.7 6.8 7.5 2.5 2 0 3 4 4
-3599.1 2581.8 -2.1 180 0 7.3 9.2 7.5 2.5 2 0 3 2 2
-3469.5 2643.3 -2.1 90 0 9.2 7.3 5.0 2.5 2 0 2 5 5
-3557.3 2665.2 -1.8 90 0 9.2 7.3 7.5 2.5 2 0 3 3 3
-3578.1 2667.8 -1.7 90 0 9.2 7.3 10.0 2.5 2 0 4 5 5
-3550.1 2554.7 -2.1 90 0 9.2 7.3 7.5 2.5 2 0 3 2 2
-3543.8 2628.7 -2.0 270 0 9.2 7.3 2.5 2.5 2 0 1 3 3
-3545.5 2606.7 -2.1 90 0 9.2 7.3 7.5 2.5 2 0 3 2 2
-3458.4 2588.5 -2.1 90 0 9.2 7.3 7.5 2.5 2 0 3 1 1
-3415.6 2548.4 -2.1 0 0 7.3 9.2 7.5 2.5 2 1 3 3 3
-3596.9 2564.2 -2.2 90 0 9.2 7.3 5.0 2.5 2 0 2 3 3
-3445.1 2557.6 -2.1 270 0 9.2 7.3 5.0 2.5 2 0 2 0 0
-3572.9 2559.5 -2.2 90 0 9.2 7.3 7.5 2.5 2 0 3 1 1
-3436.3 2583.5 -2.1 90 0 9.2 7.3 10.0 0.0 0 0 4 3 3
-3515.4 2568.6 -2.1 0 0 7.3 9.2 7.5 2.5 2 1 3 4 4
-3500.8 2616.5 -2.1 180 0 7.3 9.2 5.0 2.5 2 1 2 2 2
-3489.2 2667.7 -1.9 180 0 7.3 9.2 10.0 2.5 2 1 4 4 4
-3496.2 2561.9 -2.1 180 0 7.3 9.2 7.5 2.5 2 1 3 2 2
-3481.5 2592.8 -2.1 90 0 9.2 7.3 7.5 2.5 2 0 3 5 5
-3588.7 2613.0 -2.0 92 0 9.6 9.8 5.0 0.0 0 1 2 2 2
-3406.6 2598.1 -2.1 0 0 7.3 9.2 7.5 2.5 4 1 3 0 0
-3509.1 2658.4 -1.9 0 0 7.3 9.2 7.5 2.5 2 1 3 5 5
-3472.1 2539.5 -2.1 90 0 9.2 7.3 7.5 2.5 2 0 3 3 3
-3518.7 2553.4 -2.1 0 0 7.3 9.2 5.0 2.5 2 1 2 2 2
-3535.1 2659.2 -1.9 90 0 9.2 7.3 7.5 2.5 4 0 3 0 0
-3447.5 2533.7 -2.1 90 0 9.2 7.3 5.0 2.5 2 0 2 4 4
-3468.0 2561.9 -2.1 270 0 9.2 7.3 7.5 2.5 2 0 3 5 5
-3689.6 2579.5 -1.2 278 0 10.4 8.2 10.0 2.5 4 0 4 5 5
-3565.0 2633.8 -2.0 271 0 8.9 9.6 7.5 2.5 4 1 3 0 0
-3672.4 2575.3 -1.2 291 0 15.6 16.7 10.0 2.5 2 1 4 4 4
-3454.2 2611.2 -2.1 270 0 9.2 7.3 7.5 2.5 2 0 3 5 5
-3567.8 2610.2 -2.0 90 0 9.2 7.3 7.5 2.5 2 0 3 3 3
-3409.5 2582.3 -2.1 0 0 7.3 9.2 7.5 2.5 2 1 3 2 2
-3433.1 2606.4 -2.1 270 0 9.2 7.3 7.5 2.5 4 0 3 1 1
-3401.6 2628.2 -2.2 90 0 9.2 7.3 10.0 2.5 2 0 4 4 4
-3494.2 2651.6 -2.0 180 0 7.3 9.2 5.0 2.5 2 1 2 2 2
-3477.4 2616.3 -2.1 270 0 9.2 7.3 7.5 0.0 0 0 3 1 1
-3518.0 2621.5 -2.1 0 0 7.3 9.2 7.5 2.5 2 1 3 5 5
-3607.2 2679.6 -1.7 184 0 12.5 10.5 7.5 2.5 2 0 3 1 1
-3696.2 2406.6 -0.7 27 0 6.8 6.6 7.5 2.5 2 0 3 4 4
-3943.5 2732.6 1.1 33 0 9.8 9.8 5.0 2.5 2 1 2 2 2
-3895.0 2496.9 -0.2 198 0 8.9 9.8 5.0 2.5 2 1 2 5 5
-3750.2 2542.1 -0.3 192 0 31.2 11.4 10.0 2.5 2 0 4 5 5
-3819.6 2395.5 -1.2 203 0 11.8 7.6 7.5 2.5 4 0 3 5 5
-3916.5 2499.6 0.1 200 0 8.5 6.9 10.0 2.5 2 0 4 5 5
-3892.8 2399.4 -0.5 19 0 11.0 7.4 7.5 2.5 2 0 3 1 1
-4063.6 2745.0 1.3 215 0 7.0 9.3 5.0 2.5 4 1 2 5 5
-3837.1 2551.6 0.3 0 0 11.8 6.4 5.0 0.0 0 0 2 0 0
-3915.3 2419.4 -0.3 214 0 9.6 8.5 5.0 0.0 0 0 2 5 5
-3900.7 2602.6 0.7 115 0 9.7 8.6 5.0 2.5 2 0 2 5 5
-3870.3 2458.1 -0.5 36 0 10.8 10.9 5.0 2.5 2 1 2 0 0
-3739.2 2485.9 0.3 214 0 10.8 33.9 10.0 2.5 2 1 4 2 2
-3935.0 2755.5 1.1 27 0 10.3 7.9 10.0 2.5 4 0 4 3 3
-2715.2 4158.2 -3.6 182 0 6.8 8.5 10.5 3.5 2 1 3 0 0
-2700.5 4200.9 -3.6 2 0 7.7 7.0 10.5 3.5 2 0 3 4 4
-2569.0 4248.4 -1.9 101 0 8.0 11.7 10.5 3.5 2 1 3 2 2
-2469.9 4264.1 -0.5 20 0 9.8 7.8 10.5 3.5 2 0 3 5 5
-2428.5 4312.3 -0.4 296 0 11.4 12.4 10.5 3.5 2 1 3 1 1
-2696.6 4271.9 -3.4 191 0 9.1 11.0 10.5 3.5 2 1 3 0 0
-2491.6 4267.5 -0.8 102 0 6.9 8.2 10.5 0.0 0 1 3 2 2
-2614.1 4325.3 -2.8 272 0 9.1 9.4 10.5 3.5 2 1 3 2 2
-2385.8 4253.6 -0.9 9 0 10.8 7.7 10.5 0.0 0 0 3 5 5
-2618.0 4251.6 -2.8 94 0 14.1 11.3 10.5 3.5 2 0 3 3 3
-2673.0 4333.3 -3.6 201 0 8.5 9.7 10.5 0.0 0 1 3 1 1
-2619.5 4987.1 -1.3 118 0 9.3 12.7 14.0 3.5 2 1 4 1 1
-2534.5 4346.3 -1.7 181 0 6.2 12.6 10.5 3.5 4 1 3 1 1
-2599.8 4325.4 -2.5 285 0 8.2 7.7 10.5 3.5 2 0 3 4 4
-2631.7 4382.7 -3.3 13 0 8.4 12.9 10.5 3.5 2 1 3 2 2
-2589.9 4947.4 -1.0 12 0 8.6 9.9 14.0 3.5 2 1 4 4 4
-2663.8 4243.6 -3.6 15 0 8.2 11.2 10.5 3.5 4 1 3 4 4
-2467.1 4343.8 -0.7 286 0 7.3 7.5 10.5 3.5 2 1 3 2 2
-2643.4 5013.9 -1.0 119 0 13.8 9.9 14.0 3.5 2 0 4 1 1
-2634.1 4353.4 -3.2 304 0 8.9 8.6 10.5 3.5 2 0 3 2 2
-2680.6 4564.9 -1.6 6 0 8.8 6.2 5.0 2.5 4 0 2 3 3
-2572.5 4980.2 -1.6 19 0 11.9 7.4 14.0 3.5 4 0 4 2 2
-2716.9 5082.4 -0.2 210 0 8.6 7.1 14.0 3.5 4 0 4 5 5
-2723.7 4242.1 -3.1 196 0 6.8 7.3 10.5 3.5 2 1 3 2 2
-2700.2 4411.6 -3.4 200 0 6.3 9.6 10.5 3.5 2 1 3 0 0
-2694.8 4306.9 -3.3 180 0 6.5 6.1 10.5 3.5 2 0 3 3 3
-2675.3 5019.8 -0.5 125 0 6.8 11.0 14.0 3.5 2 1 4 0 0
-2523.5 4277.8 -1.2 196 0 10.0 8.5 10.5 3.5 4 0 3 1 1
-2632.7 4259.6 -3.0 98 0 6.5 6.8 10.5 3.5 2 1 3 1 1
-2670.9 5066.5 -0.5 300 0 10.1 11.0 14.0 3.5 2 1 4 5 5
-2723.9 4641.6 -2.2 123 0 12.9 10.5 10.0 2.5 2 0 4 5 5
-3154.0 1508.7 0.2 284 0 9.9 12.9 5.0 2.5 2 1 2 5 5
-4637.1 4971.8 -4.6 203 0 6.9 8.3 10.0 2.5 2 1 4 3 3
-4633.8 4985.4 -4.9 210 0 10.2 9.9 5.0 2.5 2 0 2 4 4
-4609.1 4995.2 -5.7 114 0 7.1 12.8 10.0 0.0 0 1 4 2 2
-4583.0 5225.2 -6.7 295 0 8.5 10.7 5.0 2.5 2 1 2 0 0
-4552.3 5182.8 -7.0 293 0 10.2 8.3 7.5 2.5 2 0 3 3 3
-4579.0 5252.3 -6.8 26 0 9.1 9.2 2.5 2.5 2 1 1 0 0
-4621.7 5248.5 -6.3 115 0 9.7 11.6 2.5 2.5 2 1 1 2 2
-4596.1 5191.9 -6.6 61 0 12.3 13.4 7.5 2.5 2 1 3 4 4
-4853.7 5322.3 -5.0 192 0 7.2 8.3 5.0 2.5 2 1 2 0 0
-4809.9 5320.0 -4.7 25 0 6.9 12.4 7.5 2.5 2 1 3 3 3
-4820.0 5310.2 -4.7 21 0 9.1 7.1 5.0 2.5 2 0 2 2 2
-4834.0 5350.1 -5.1 296 0 7.3 10.4 7.5 2.5 2 1 3 5 5
-4717.1 5424.9 -4.9 310 0 6.1 6.4 7.5 2.5 2 1 3 5 5
-4707.4 5419.8 -4.8 284 0 6.1 9.1 5.0 0.0 0 1 2 5 5
-4749.9 5467.6 -5.3 300 0 6.9 6.6 7.5 2.5 2 0 3 2 2
-4731.8 5438.9 -5.0 290 0 8.8 8.5 2.5 2.5 2 0 1 4 4
-4724.1 5378.8 -4.6 194 0 8.8 8.1 5.0 2.5 2 0 2 3 3
-4743.5 5363.5 -4.6 207 0 6.3 8.9 7.5 2.5 2 1 3 5 5
-4757.9 5364.6 -4.7 199 0 8.2 9.9 7.5 2.5 2 1 3 2 2
-4739.7 5263.9 -4.7 280 0 8.5 8.3 2.5 2.5 2 0 1 0 0
-4729.0 5241.7 -4.9 288 0 7.2 9.1 5.0 0.0 0 1 2 5 5
-4672.0 5213.7 -5.6 287 0 7.7 7.5 5.0 0.0 0 0 2 1 1
-4663.5 5185.5 -5.9 288 0 10.1 6.8 2.5 2.5 4 0 1 3 3
-4689.6 5176.7 -5.6 198 0 9.0 10.0 5.0 2.5 2 1 2 0 0
-4690.0 5136.0 -5.7 199 0 7.9 9.3 7.5 2.5 2 1 3 4 4
-4584.0 5116.5 -6.7 208 0 10.0 10.1 5.0 2.5 2 1 2 4 4
-4504.1 5017.3 -5.1 15 0 6.7 7.6 7.5 2.5 4 1 3 2 2
-4540.1 5065.5 -6.4 195 0 8.2 9.4 10.0 2.5 2 1 4 4 4
-4561.0 5026.7 -5.7 200 0 9.4 13.1 5.0 2.5 2 1 2 1 1
-4549.0 5012.3 -5.6 202 0 13.4 7.5 7.5 0.0 0 0 3 5 5
-4528.8 4991.7 -5.5 11 0 9.3 8.1 7.5 2.5 2 0 3 0 0
-4489.0 4982.8 -5.0 11 0 10.5 14.2 7.5 2.5 2 1 3 5 5
-4418.1 4962.9 -3.7 201 0 16.5 10.2 7.5 2.5 2 0 3 3 3
-4453.3 4972.1 -4.2 199 0 8.2 32.0 7.5 0.0 0 1 3 5 5
-4394.9 4880.5 -4.2 56 0 8.7 10.6 5.0 2.5 2 1 2 2 2
-4392.0 4856.1 -4.6 13 0 7.9 8.7 10.0 2.5 2 1 4 5 5
-4343.3 4901.1 -3.1 4 0 7.4 9.0 5.0 0.0 0 1 2 3 3
-4279.6 4877.9 -3.1 102 0 7.2 9.4 5.0 2.5 2 1 2 0 0
-4271.2 4858.0 -3.4 280 0 8.0 9.0 7.5 2.5 2 1 3 1 1
-4292.5 4823.7 -3.3 102 0 12.6 8.4 7.5 0.0 0 0 3 0 0
-4302.4 4747.9 -4.4 290 0 8.7 9.8 2.5 2.5 4 1 1 0 0
-4278.9 4794.0 -3.7 276 0 8.3 9.6 5.0 2.5 2 1 2 2 2
-4317.3 4774.5 -4.2 99 0 8.4 9.0 2.5 2.5 2 1 1 3 3
-4332.6 4767.4 -4.7 277 0 11.3 12.5 5.0 2.5 2 1 2 0 0
-3836.7 4524.9 -2.7 281 0 8.1 9.2 5.0 2.5 2 1 2 0 0
