6424.9 2570.1 -2.9 14 0 14.9 7.5 7.5 2.5 2 0 3 4 4
6401.6 2699.5 -2.9 87 0 13.1 7.7 2.5 2.5 2 0 1 3 3
6496.1 2633.0 -2.6 204 0 6.9 10.8 5.0 0.0 0 1 2 4 4
6415.6 2759.9 -4.0 214 0 7.9 10.8 7.5 2.5 2 1 3 5 5
6429.7 2716.1 -3.4 28 0 9.2 11.5 5.0 2.5 2 1 2 5 5
6413.7 2659.2 -2.5 268 0 13.1 11.6 7.5 2.5 2 0 3 0 0
6490.8 2621.0 -2.9 204 0 19.3 10.8 10.0 2.5 2 0 4 4 4
6445.3 2575.3 -2.9 23 0 14.1 9.2 7.5 2.5 2 0 3 1 1
2072.7 6338.8 -1.2 288 0 8.1 10.1 7.5 2.5 2 0 3 2 2
1961.1 6357.4 -1.8 288 0 8.7 7.6 7.5 2.5 2 0 3 3 3
1872.8 6308.5 -1.6 297 0 8.8 10.6 7.5 2.5 2 1 3 1 1
1955.9 6180.1 -0.5 20 0 8.1 11.7 7.5 2.5 4 1 3 1 1
1947.2 6374.9 -2.4 11 0 6.5 7.6 5.0 2.5 2 1 2 1 1
1917.0 6379.8 -2.6 14 0 8.4 7.7 7.5 2.5 2 0 3 5 5
2032.2 6035.9 -0.5 108 0 10.1 23.0 7.5 2.5 2 0 3 5 5
2007.8 6365.5 -1.8 104 0 9.3 12.4 10.0 2.5 2 0 4 2 2
2042.0 6200.7 0.5 288 0 9.5 27.8 7.5 2.5 2 1 3 3 3
2035.5 6230.2 -0.2 285 0 22.6 10.4 5.0 2.5 2 0 2 3 3
2046.8 6173.8 0.5 285 0 9.4 55.9 7.5 2.5 2 1 3 2 2
1984.9 6441.7 -1.3 25 0 14.2 13.4 7.5 2.5 2 0 3 0 0
1956.9 6089.4 0.6 196 0 15.0 15.8 5.0 2.5 4 1 2 5 5
2065.2 6027.9 -0.8 108 0 13.9 80.8 15.0 0.0 0 1 6 1 1
2008.1 6043.2 -0.2 108 0 7.1 7.4 2.5 2.5 2 1 1 3 3
2056.9 6211.2 0.3 285 0 10.3 29.8 15.0 0.0 0 1 6 2 2
1934.2 6243.3 -1.6 295 0 10.4 7.9 7.5 0.0 0 0 3 2 2
2064.5 6265.9 -0.3 117 0 8.8 8.6 7.5 2.5 2 0 3 5 5
2020.7 6241.2 -0.2 115 0 11.8 12.8 5.0 2.5 2 1 2 1 1
1976.8 6156.5 -0.5 200 0 6.8 22.8 10.0 2.5 2 1 4 2 2
1912.8 6268.5 -1.8 292 0 8.0 10.8 7.5 2.5 2 1 3 5 5
2016.5 6449.6 -1.8 191 0 9.5 11.1 10.0 2.5 2 0 4 4 4
1894.8 6066.2 -0.2 293 0 8.0 8.0 5.0 2.5 2 0 2 1 1
1908.4 6245.2 -2.0 200 0 6.9 8.4 7.5 2.5 2 1 3 3 3
1912.7 6061.7 0.2 289 0 7.2 13.8 7.5 2.5 2 1 3 1 1
1958.5 6349.1 -1.6 292 0 8.4 25.8 7.0 2.5 2 1 2 0 0
4379.6 -107.6 -1.9 23 0 6.3 6.1 7.5 2.5 2 0 3 1 1
4318.6 -97.2 -3.0 130 0 7.3 8.7 7.5 2.5 2 1 3 1 1
4390.4 -77.9 -1.9 26 0 8.8 7.6 5.0 2.5 2 0 2 0 0
4270.2 -144.4 -3.5 284 0 8.8 7.9 7.5 2.5 2 0 3 1 1
4250.5 -22.8 -4.4 270 0 9.3 8.4 5.0 2.5 2 0 2 2 2
4205.4 -41.5 -4.4 193 0 8.7 8.6 5.0 2.5 4 0 2 3 3
4392.2 -55.0 -2.0 23 0 8.1 11.1 5.0 0.0 0 1 2 3 3
4385.8 -92.0 -1.9 24 0 7.9 7.9 5.0 0.0 0 1 2 4 4
4271.1 -116.0 -3.4 286 0 6.1 6.0 5.0 2.5 2 0 2 3 3
4326.1 -78.5 -2.6 210 0 6.7 9.3 7.5 2.5 2 1 3 3 3
4307.1 -214.8 -2.7 102 0 7.9 8.4 10.0 2.5 4 1 4 5 5
4398.5 -31.5 -2.4 291 0 8.9 8.0 5.0 2.5 2 0 2 0 0
4330.9 -127.5 -2.8 116 0 8.1 10.4 7.5 2.5 2 1 3 1 1
4223.4 -114.2 -3.7 198 0 7.1 7.0 7.5 2.5 2 0 3 1 1
4310.9 -117.1 -3.0 114 0 8.3 8.9 7.5 2.5 2 1 3 2 2
4246.9 -105.3 -3.7 288 0 7.8 8.6 10.0 2.5 2 1 4 1 1
4264.3 -23.8 -4.2 269 0 6.2 13.7 7.5 2.5 2 1 3 0 0
4295.9 -32.4 -3.5 27 0 8.6 9.4 2.5 2.5 2 1 1 2 2
4407.3 -57.7 -1.8 27 0 8.6 8.9 7.5 2.5 2 1 3 2 2
4344.1 -115.0 -2.7 38 0 7.7 10.3 7.5 2.5 2 1 3 5 5
1813.5 5764.7 -1.8 112 0 22.9 8.7 10.0 2.5 4 0 4 4 4
1832.4 5755.6 -2.2 111 0 14.3 8.4 5.0 2.5 2 0 2 1 1
1858.9 5753.2 -2.7 21 0 7.9 6.0 10.0 2.5 2 0 4 5 5
1782.8 5771.6 -0.7 114 0 16.1 8.2 7.5 2.5 4 0 3 0 0
1957.1 5850.1 -1.0 104 0 16.1 12.0 7.5 2.5 2 0 3 5 5
1920.4 5854.7 -1.6 103 0 14.2 31.0 15.0 0.0 0 1 6 3 3
1975.1 5936.8 0.4 284 0 12.9 49.9 10.0 2.5 2 1 4 0 0
1987.7 5833.4 -3.0 289 0 15.3 67.0 10.0 2.5 4 1 4 0 0
1946.4 5830.0 -2.4 291 0 26.3 14.8 15.0 0.0 0 0 6 0 0
1955.0 5843.9 -1.7 286 0 28.4 10.4 7.5 2.5 4 0 3 2 2
1899.0 5832.8 -3.0 190 0 19.2 10.4 10.0 2.5 2 0 4 4 4
1936.3 5847.6 -1.7 289 0 8.4 6.1 5.0 2.5 2 0 2 2 2
1864.8 5764.6 -3.0 18 0 9.6 9.6 2.5 2.5 4 1 1 0 0
1968.0 6272.3 -0.9 114 0 8.7 23.7 7.5 2.5 2 1 3 3 3
1961.4 6313.2 -1.1 61 0 7.3 12.4 7.5 2.5 2 1 3 2 2
1989.3 6363.5 -1.9 105 0 6.7 9.7 5.0 2.5 2 1 2 5 5
1929.5 6352.2 -2.1 16 0 9.2 14.4 5.0 2.5 2 1 2 5 5
1942.7 6268.0 -1.3 298 0 10.6 11.9 7.5 2.5 2 1 3 0 0
2031.8 6219.8 -0.2 285 0 24.3 9.8 7.5 2.5 2 0 3 3 3
2010.5 6149.2 1.0 199 0 8.0 13.2 5.0 2.5 2 1 2 5 5
2106.8 6086.0 -0.7 291 0 11.7 7.0 10.0 0.0 0 0 4 1 1
2120.7 6006.4 -1.4 106 0 14.1 17.0 5.0 2.5 2 1 2 1 1
2110.8 6146.8 -0.2 16 0 8.5 16.1 7.5 0.0 0 1 3 0 0
2083.8 6019.5 -1.0 109 0 12.1 62.1 10.0 2.5 2 1 4 4 4
1969.2 5958.4 0.7 111 0 13.7 20.2 10.0 2.5 2 1 4 5 5
1952.9 5974.4 1.0 105 0 8.0 7.7 7.5 2.5 2 0 3 4 4
1845.9 6351.7 -2.1 107 0 10.3 11.1 2.5 0.0 0 1 1 0 0
1873.8 6329.9 -2.1 99 0 9.6 9.6 5.0 2.5 2 0 2 4 4
1639.2 6356.1 -1.9 102 0 7.4 30.0 10.0 0.0 0 1 4 5 5
2115.8 6204.6 0.6 284 0 15.3 37.0 10.0 2.5 2 1 4 4 4
4340.1 3428.9 -2.1 182 0 14.0 20.7 7.5 2.5 2 1 3 4 4
3974.0 3254.3 -4.5 8 0 11.4 9.2 14.0 3.5 2 0 4 2 2
3926.7 3136.3 -0.4 296 0 10.4 13.2 14.0 3.5 2 1 4 3 3
4384.2 3045.0 -2.9 184 0 13.2 11.3 2.5 2.5 2 0 1 0 0
4104.1 3073.5 -1.1 14 0 7.2 9.7 14.0 3.5 2 1 4 1 1
4084.6 3144.8 -1.3 289 0 16.3 13.6 14.0 3.5 2 0 4 4 4
4437.9 3180.0 -2.3 8 0 17.4 10.6 10.0 2.5 2 0 4 0 0
4113.8 3105.5 -1.0 96 0 7.5 13.3 14.0 3.5 2 1 4 2 2
4292.2 3489.0 -2.4 285 0 8.9 15.2 14.0 3.5 2 1 4 2 2
4382.7 3345.6 -2.5 20 0 11.2 14.4 5.0 2.5 2 1 2 4 4
4135.2 2894.3 -0.5 103 0 13.8 7.9 7.5 2.5 2 0 3 5 5
4307.3 3409.8 -3.1 3 0 14.0 7.5 14.0 3.5 4 0 4 3 3
4059.9 3159.1 -1.4 295 0 6.2 9.0 14.0 3.5 2 1 4 5 5
4071.0 2995.7 -1.3 286 0 13.3 14.8 7.5 2.5 2 1 3 5 5
4014.8 3177.3 -1.4 189 0 8.5 10.6 14.0 3.5 2 1 4 1 1
4134.3 3086.3 -0.9 20 0 12.2 14.0 14.0 3.5 2 1 4 3 3
4226.7 3093.6 -1.4 204 0 17.4 12.8 5.0 0.0 0 0 2 1 1
4108.3 3156.1 -0.5 277 0 12.3 9.5 14.0 3.5 2 0 4 1 1
3765.6 3016.3 0.8 114 0 9.4 11.9 14.0 3.5 2 1 4 0 0
4135.5 3137.3 0.5 275 0 9.0 8.8 14.0 3.5 2 0 4 1 1
3944.0 3282.1 -5.0 182 0 9.5 9.7 14.0 3.5 2 1 4 1 1
4201.0 3259.3 -1.5 99 0 10.1 7.6 7.5 2.5 4 0 3 2 2
3950.0 2967.7 -0.4 303 0 9.0 13.0 10.0 2.5 2 1 4 3 3
4023.0 3219.2 -2.9 273 0 8.1 7.4 14.0 3.5 2 0 4 3 3
3902.8 2986.8 -0.0 32 0 13.1 11.5 5.0 2.5 2 0 2 2 2
4246.4 3109.9 -1.7 197 0 18.3 10.6 7.5 2.5 2 0 3 4 4
3914.0 3110.2 -0.8 114 0 6.6 9.3 14.0 3.5 2 1 4 0 0
3976.7 3235.8 -3.9 3 0 10.2 6.2 14.0 3.5 2 0 4 3 3
3851.1 3086.6 -1.4 111 0 14.6 14.9 14.0 3.5 2 1 4 4 4
4365.4 2977.4 -2.1 5 0 9.4 21.9 5.0 2.5 2 1 2 2 2
3917.2 2960.0 -0.5 213 0 9.0 9.8 5.0 2.5 2 1 2 5 5
3835.4 3033.2 -0.5 200 0 10.1 13.5 7.5 2.5 2 1 3 0 0
4334.4 3179.7 -2.3 282 0 10.3 14.2 7.5 2.5 2 1 3 2 2
4243.7 3139.2 -1.4 204 0 14.6 14.0 5.0 2.5 2 0 2 4 4
3937.5 3062.4 -0.3 110 0 6.8 9.4 14.0 3.5 2 1 4 3 3
4257.5 3160.9 -1.7 196 0 12.8 14.9 7.5 2.5 2 1 3 3 3
4052.2 3033.2 -1.3 104 0 13.1 9.3 14.0 3.5 2 0 4 5 5
3989.0 3018.4 -1.2 286 0 12.5 18.8 5.0 2.5 2 1 2 1 1
3795.7 3028.3 0.7 22 0 9.5 12.1 14.0 3.5 2 1 4 2 2
3796.3 3005.2 1.2 29 0 17.8 12.4 14.0 3.5 2 0 4 1 1
4023.1 3124.6 -1.3 189 0 11.2 11.8 14.0 3.5 2 1 4 2 2
4019.9 2897.5 0.0 108 0 11.0 11.2 2.5 2.5 2 1 1 3 3
4073.7 2909.6 -0.4 4 0 13.3 11.7 7.5 2.5 2 0 3 5 5
4119.4 2960.9 -1.2 201 0 14.8 9.6 7.5 2.5 2 0 3 2 2
4419.5 3219.0 -1.9 200 0 7.1 10.0 7.5 2.5 4 1 3 2 2
3887.8 3074.2 -0.9 126 0 10.2 11.8 14.0 3.5 2 1 4 0 0
3790.2 2906.1 -0.9 34 0 9.4 12.2 7.5 2.5 2 1 3 5 5
4301.1 3301.9 -3.2 23 0 10.7 8.6 14.0 0.0 0 0 4 4 4
4365.4 3164.7 -2.5 13 0 9.6 14.7 7.5 2.5 2 1 3 0 0
4075.8 3202.7 -1.4 305 0 7.3 19.2 14.0 3.5 2 1 4 5 5
4135.5 2930.6 -0.8 182 0 16.0 10.5 2.5 2.5 4 0 1 5 5
4312.4 3363.4 -3.4 8 0 19.6 13.6 14.0 3.5 2 0 4 0 0
4054.3 3131.9 -1.4 280 0 8.8 11.1 14.0 3.5 2 1 4 5 5
4088.3 2989.3 -1.3 277 0 11.7 13.5 10.0 2.5 2 1 4 5 5
4416.0 3243.7 -2.3 182 0 17.6 12.4 7.5 2.5 2 0 3 1 1
4145.6 3185.0 1.9 286 0 12.1 19.2 14.0 3.5 2 1 4 2 2
4206.9 3169.3 0.6 15 0 9.0 17.1 14.0 3.5 2 1 4 4 4
3781.9 2948.6 -0.6 206 0 10.6 8.7 5.0 2.5 2 0 2 3 3
4047.5 3202.3 -1.8 292 0 8.1 9.5 14.0 3.5 2 1 4 2 2
3943.7 3012.4 -0.9 26 0 15.7 12.1 7.5 2.5 2 0 3 5 5
4084.8 3170.5 -1.2 283 0 11.6 9.5 14.0 3.5 2 0 4 5 5
4447.6 3226.2 -2.1 15 0 9.3 10.5 7.5 2.5 4 1 3 2 2
4268.2 2950.2 -0.7 104 0 11.0 16.8 5.0 2.5 2 1 2 5 5
3882.1 3102.6 -1.2 106 0 13.1 15.3 14.0 3.5 2 1 4 0 0
4193.6 3090.8 -0.5 20 0 11.2 19.0 14.0 3.5 2 1 4 4 4
4221.0 3060.9 -1.6 203 0 16.0 11.5 5.0 2.5 2 0 2 1 1
3952.1 3212.9 -2.8 103 0 8.5 8.2 14.0 3.5 2 0 4 3 3
4336.7 2898.3 -0.7 24 0 15.8 7.4 10.0 0.0 0 0 4 3 3
4132.1 3107.0 -0.2 113 0 11.4 11.0 14.0 3.5 4 0 4 0 0
4263.8 3139.2 -1.8 188 0 6.7 7.6 7.5 0.0 0 1 3 3 3
4224.6 3010.7 -0.9 218 0 11.1 9.9 10.0 2.5 2 0 4 2 2
3913.3 3043.9 -0.5 283 0 6.9 8.5 7.5 2.5 2 1 3 2 2
4252.5 3184.8 -1.3 198 0 10.7 13.4 5.0 2.5 2 1 2 0 0
4215.8 3136.6 -0.2 11 0 12.3 15.5 14.0 3.5 2 1 4 1 1
3762.9 3060.6 -0.9 284 0 8.8 9.7 14.0 3.5 2 1 4 2 2
4153.9 3025.6 -1.1 189 0 14.1 16.1 5.0 2.5 2 1 2 1 1
4036.4 3089.0 -1.3 92 0 9.8 10.3 14.0 3.5 4 1 4 1 1
3981.7 3148.6 -1.1 214 0 11.0 12.2 14.0 3.5 2 1 4 3 3
4366.1 2919.0 -1.3 198 0 9.4 8.7 7.5 2.5 2 0 3 5 5
4088.2 3006.0 -1.3 101 0 13.8 8.1 14.0 3.5 2 0 4 2 2
3791.8 3051.0 -0.1 27 0 7.4 9.2 14.0 3.5 2 1 4 5 5
3992.1 3187.3 -1.9 185 0 9.5 14.6 14.0 0.0 0 1 4 3 3
4023.8 3033.1 -1.2 105 0 12.8 12.2 14.0 3.5 2 0 4 0 0
4060.1 3086.6 -1.3 95 0 8.3 14.5 14.0 3.5 2 1 4 2 2
4143.8 2989.0 -1.3 186 0 14.1 7.5 7.5 2.5 4 0 3 0 0
3829.9 3163.6 -0.7 199 0 16.5 16.6 14.0 3.5 4 1 4 3 3
4010.4 3135.2 -1.1 206 0 9.7 9.6 14.0 3.5 2 0 4 3 3
4401.2 3090.1 -3.1 190 0 14.4 14.5 5.0 2.5 4 1 2 5 5
3989.0 3171.8 -1.6 193 0 9.6 10.4 14.0 3.5 2 1 4 3 3
3994.0 3211.4 -2.8 278 0 9.0 8.4 14.0 3.5 2 0 4 2 2
4310.8 3276.6 -2.8 186 0 11.8 14.0 5.0 2.5 4 1 2 5 5
4339.6 3613.9 -4.2 9 0 7.1 9.0 14.0 3.5 2 1 4 3 3
4292.5 2976.9 -1.2 0 0 10.4 8.8 7.5 2.5 2 0 3 0 0
4264.1 3688.9 -5.0 100 0 8.3 21.2 14.0 3.5 2 1 4 1 1
4437.3 3485.8 -2.4 356 0 18.5 11.8 5.0 2.5 2 0 2 5 5
3669.8 2955.4 -0.2 26 0 7.0 9.4 14.0 3.5 2 1 4 2 2
4318.0 3506.3 -2.5 90 0 11.1 15.6 14.0 3.5 4 1 4 4 4
4350.5 3616.4 -4.2 358 0 18.1 9.6 14.0 3.5 2 0 4 0 0
4166.7 2955.4 -0.8 187 0 9.1 9.7 5.0 2.5 2 1 2 2 2
4073.7 2887.4 -0.2 2 0 12.7 17.7 2.5 2.5 2 1 1 3 3
4355.7 3692.0 -4.2 3 0 29.7 6.3 14.0 3.5 4 0 4 4 4
4423.7 2967.5 -2.0 279 0 6.7 11.7 7.5 2.5 2 1 3 5 5
4105.4 3199.5 0.4 300 0 10.3 13.0 14.0 3.5 2 1 4 4 4
4432.4 3154.0 -2.8 5 0 29.8 15.6 10.0 2.5 2 0 4 5 5
4332.8 3593.1 -3.7 11 0 8.7 6.0 14.0 3.5 2 0 4 2 2
3577.3 2918.8 -1.7 199 0 12.6 9.3 14.0 3.5 2 0 4 3 3
4335.5 3634.7 -4.7 5 0 9.6 8.5 14.0 3.5 2 0 4 5 5
4174.9 3563.5 -5.4 184 0 13.4 11.8 14.0 3.5 2 0 4 0 0
4304.7 3507.0 -2.6 95 0 15.6 13.3 14.0 3.5 2 0 4 0 0
4384.1 2946.4 -1.7 185 0 10.6 6.7 7.5 2.5 2 0 3 5 5
4405.1 3576.9 -3.7 278 0 11.2 34.5 7.5 2.5 2 1 3 5 5
4366.0 3525.9 -2.9 197 0 13.0 22.4 7.5 2.5 2 1 3 1 1
4166.7 3831.5 -4.1 191 0 12.1 15.8 14.0 3.5 2 1 4 5 5
4142.0 3040.2 -0.9 21 0 16.2 14.3 14.0 3.5 2 0 4 3 3
4174.9 3854.8 -3.8 176 0 11.1 11.8 14.0 3.5 2 1 4 5 5
4446.5 3692.5 -4.6 286 0 13.1 26.6 12.5 2.5 2 1 5 1 1
4210.8 2931.8 -0.1 98 0 7.5 12.5 5.0 2.5 2 1 2 0 0
4089.2 2890.6 -0.5 183 0 10.1 28.8 7.5 2.5 2 1 3 3 3
4193.3 2894.5 -0.2 103 0 20.4 14.2 7.5 2.5 2 0 3 1 1
4443.0 3328.6 -2.1 218 0 7.8 12.1 5.0 2.5 2 1 2 5 5
3633.2 2886.4 -1.2 19 0 14.0 9.3 14.0 3.5 4 0 4 2 2
4331.7 3664.2 -4.7 4 0 7.7 10.4 14.0 3.5 2 1 4 2 2
3712.9 3039.2 -1.9 198 0 16.6 9.7 14.0 3.5 2 0 4 4 4
4265.0 2881.1 0.7 109 0 11.7 11.7 7.5 2.5 2 1 3 0 0
4348.2 3588.0 -3.6 4 0 19.3 10.0 14.0 3.5 4 0 4 0 0
3706.4 2966.6 0.3 90 0 10.3 12.6 14.0 3.5 2 1 4 1 1
4407.1 2942.6 -1.7 179 0 8.5 9.9 10.0 2.5 2 1 4 1 1
4423.8 3576.6 -3.9 267 0 10.5 42.0 10.0 2.5 4 1 4 4 4
4402.4 3438.9 -1.7 93 0 7.0 14.3 10.0 2.5 4 1 4 5 5
4179.4 3797.1 -3.2 192 0 11.6 10.6 14.0 3.5 2 0 4 5 5
4197.4 3749.8 -3.6 90 0 14.8 14.9 14.0 3.5 2 1 4 1 1
3815.9 3115.4 -1.8 196 0 16.2 17.9 14.0 3.5 2 1 4 4 4
4294.0 3642.2 -5.1 180 0 13.4 9.6 14.0 3.5 2 0 4 5 5
4332.2 3537.8 -2.8 358 0 11.1 20.7 14.0 3.5 2 1 4 3 3
4326.1 3044.3 -2.7 358 0 17.6 8.5 10.0 2.5 2 0 4 2 2
4348.2 3662.5 -4.6 0 0 11.5 14.8 14.0 3.5 2 1 4 3 3
4350.8 3398.9 -2.2 178 0 23.7 8.5 10.0 0.0 0 0 4 3 3
4427.9 3449.1 -1.9 90 0 11.1 20.1 5.0 2.5 2 1 2 5 5
4044.7 3016.1 -1.3 124 0 6.5 12.3 14.0 3.5 4 1 4 1 1
3988.3 3047.6 -1.0 121 0 7.3 14.8 14.0 3.5 2 1 4 2 2
4198.6 2936.1 -0.3 100 0 8.2 9.4 7.5 2.5 4 1 3 1 1
4353.3 2922.5 -1.2 18 0 16.7 14.7 10.0 2.5 2 0 4 5 5
4307.0 3709.0 -4.4 275 0 8.2 9.2 14.0 0.0 0 1 4 4 4
4262.1 2914.2 0.1 117 0 13.2 10.4 10.0 2.5 4 0 4 2 2
3714.6 2915.6 -1.0 22 0 8.4 11.9 5.0 0.0 0 1 2 2 2
4389.5 3149.9 -2.9 185 0 12.7 8.9 2.5 2.5 2 0 1 1 1
4331.4 3565.1 -3.0 0 0 8.5 12.9 14.0 3.5 2 1 4 0 0
4383.8 2978.2 -2.1 184 0 10.1 10.9 7.5 2.5 2 1 3 3 3
4301.8 3727.2 -4.3 303 0 12.3 18.5 14.0 3.5 2 1 4 2 2
4382.5 3489.9 -2.7 187 0 46.4 12.7 10.0 2.5 2 0 4 1 1
308.7 6742.6 -3.2 280 0 9.1 8.2 7.5 2.5 2 0 3 3 3
366.6 6826.9 -5.7 280 0 9.1 8.2 2.5 2.5 2 0 1 3 3
378.8 6854.3 -4.8 280 0 9.1 8.2 5.0 2.5 2 0 2 4 4
286.0 6746.8 -2.8 280 0 9.1 8.2 7.5 2.5 2 0 3 1 1
403.9 6849.4 -4.8 280 0 9.1 8.2 10.0 2.5 2 0 4 0 0
237.2 6745.3 -5.2 190 0 8.2 9.1 5.0 2.5 2 1 2 0 0
330.6 6753.9 -4.1 100 0 9.1 8.2 5.0 0.0 0 0 2 4 4
198.7 6774.8 -8.5 351 0 12.3 9.2 5.0 2.5 2 0 2 5 5
262.2 6768.6 -4.4 100 0 9.1 8.2 5.0 2.5 2 0 2 4 4
190.3 6801.3 -8.4 351 0 12.6 8.1 5.0 2.5 2 0 2 5 5
236.8 6803.1 -6.3 280 0 9.1 8.2 5.0 2.5 2 0 2 1 1
341.5 6733.1 -3.7 280 0 9.1 8.2 7.5 0.0 0 0 3 0 0
475.8 6857.2 -4.3 10 0 8.2 9.1 7.5 0.0 0 1 3 3 3
306.2 6763.4 -3.8 100 0 9.1 8.2 5.0 2.5 2 0 2 1 1
355.8 6701.9 -3.5 100 0 9.1 8.2 7.5 2.5 2 0 3 2 2
290.8 6758.9 -3.4 100 0 9.1 8.2 5.0 2.5 2 0 2 5 5
319.5 6674.5 -2.0 280 0 9.1 8.2 7.5 2.5 2 0 3 1 1
402.2 6765.8 -5.7 280 0 9.1 8.2 7.5 2.5 2 0 3 0 0
429.8 6695.1 -4.9 190 0 8.2 9.1 2.5 2.5 2 1 1 3 3
343.6 6782.7 -4.9 280 0 9.1 8.2 5.0 2.5 2 0 2 4 4
276.1 6682.7 -1.3 274 0 7.1 8.1 7.5 2.5 2 1 3 3 3
255.3 6675.4 -2.6 190 0 8.2 9.1 5.0 2.5 2 1 2 4 4
432.4 6849.9 -5.0 280 0 10.4 16.5 7.5 2.5 2 1 3 2 2
483.6 6857.1 -4.5 190 0 8.2 9.1 7.5 2.5 2 1 3 1 1
202.7 6744.7 -8.8 351 0 12.3 9.2 7.5 2.5 2 0 3 0 0
319.1 6785.8 -4.4 280 0 9.1 8.2 7.5 2.5 2 0 3 2 2
278.6 6814.6 -4.4 100 0 9.1 8.2 10.0 2.5 2 0 4 1 1
1059.1 3848.2 -4.8 193 0 6.0 11.0 2.5 2.5 2 1 1 4 4
1423.4 3763.3 -2.9 94 0 10.8 11.1 7.5 2.5 2 1 3 0 0
1490.7 3020.8 -2.1 205 0 9.3 7.8 5.0 2.5 2 0 2 0 0
1438.5 3136.8 -3.6 94 0 6.2 7.5 5.0 2.5 2 1 2 5 5
1483.7 2908.4 -1.9 0 0 9.1 11.1 2.5 0.0 0 1 1 4 4
1407.7 3840.7 -2.8 105 0 9.4 18.2 10.0 2.5 2 1 4 3 3
1480.5 3793.2 -1.9 280 0 14.3 14.4 5.0 2.5 2 1 2 3 3
1439.5 3809.8 -2.4 287 0 11.3 12.6 7.5 2.5 2 1 3 5 5
4416.9 4243.9 -2.9 27 0 9.4 12.8 10.5 3.5 2 1 3 3 3
4264.8 4674.6 1.4 197 0 13.4 27.6 10.0 2.5 2 1 4 0 0
4305.0 4132.4 -1.8 35 0 10.5 8.1 10.5 3.5 4 0 3 1 1
4166.7 3972.3 -2.4 294 0 6.5 14.1 14.0 3.5 2 1 4 5 5
4404.9 3880.6 -0.9 20 0 7.1 17.4 10.5 3.5 2 1 3 1 1
4055.9 4160.0 -1.3 294 0 9.0 10.7 14.0 3.5 2 1 4 1 1
4426.7 4053.6 -0.2 10 0 9.3 13.1 10.5 3.5 2 1 3 2 2
4111.9 4297.5 0.5 203 0 14.8 12.2 10.5 3.5 2 0 3 2 2
4304.9 4193.0 -2.5 25 0 11.1 10.3 10.5 3.5 2 0 3 5 5
4401.4 4297.7 -3.3 21 0 15.0 13.1 10.5 3.5 2 0 3 3 3
4014.5 4254.7 -0.1 13 0 10.7 8.8 14.0 3.5 4 0 4 3 3
4338.8 4642.2 1.4 27 0 17.0 9.8 7.5 2.5 2 0 3 1 1
4293.2 4088.2 -1.9 118 0 7.1 14.7 10.5 3.5 2 1 3 3 3
4241.4 3898.4 -0.8 183 0 10.6 16.4 10.5 3.5 4 1 3 1 1
4162.3 4010.2 -2.9 8 0 11.2 7.0 14.0 3.5 2 0 4 4 4
4250.1 4275.4 -2.2 270 0 13.2 16.3 10.5 3.5 4 1 3 1 1
4410.5 4217.2 -2.2 35 0 12.1 10.5 10.5 3.5 2 0 3 2 2
4166.5 4332.7 -0.4 291 0 16.3 20.1 10.5 3.5 2 1 3 5 5
4272.6 4445.1 -0.8 191 0 9.7 10.8 10.5 3.5 2 1 3 5 5
4231.7 4615.5 1.0 11 0 23.3 10.1 5.0 2.5 2 0 2 1 1
4359.4 4113.7 -1.7 26 0 11.6 13.6 10.5 0.0 0 1 3 3 3
4149.0 4050.2 -3.0 3 0 8.8 10.8 14.0 3.5 2 1 4 1 1
4211.1 4577.5 0.6 20 0 17.2 9.8 10.0 2.5 2 0 4 3 3
4295.6 4292.8 -3.7 197 0 8.8 15.9 10.5 0.0 0 1 3 1 1
4195.7 4026.1 -1.4 118 0 6.4 7.1 10.5 3.5 2 1 3 0 0
4340.7 3875.0 -0.7 116 0 11.4 11.7 10.5 3.5 2 1 3 2 2
4138.9 4192.5 0.9 195 0 15.6 10.3 10.5 0.0 0 0 3 2 2
4342.7 3909.5 -0.7 190 0 11.8 10.7 10.5 3.5 2 0 3 1 1
4420.5 4025.7 -0.5 114 0 12.5 14.5 10.5 3.5 2 1 3 4 4
4174.9 4307.0 -0.2 275 0 11.9 14.1 10.5 3.5 2 1 3 3 3
4123.4 4701.4 -1.0 194 0 19.7 13.6 7.5 2.5 2 0 3 1 1
4420.9 4667.0 2.0 115 0 8.4 17.5 7.5 2.5 2 1 3 2 2
4128.6 4247.8 1.0 106 0 11.7 20.5 10.5 3.5 2 1 3 4 4
4400.0 4515.7 1.1 20 0 12.4 11.2 10.5 0.0 0 0 3 5 5
4342.9 4327.5 -3.7 187 0 9.1 15.3 10.5 3.5 2 1 3 5 5
4021.6 4152.2 -2.4 204 0 7.7 7.3 14.0 0.0 0 0 4 3 3
3996.4 4381.8 -6.4 270 0 12.6 12.6 10.0 2.5 2 1 4 0 0
4252.8 3920.9 -0.2 202 0 9.1 12.6 10.5 3.5 2 1 3 0 0
4318.5 4024.9 -1.1 275 0 11.0 13.5 10.5 3.5 2 1 3 3 3
4219.1 3886.7 -2.2 357 0 13.0 13.9 14.0 3.5 2 1 4 1 1
4065.9 4327.5 -0.7 194 0 13.3 11.2 7.5 2.5 2 0 3 2 2
4287.8 3911.3 -0.4 276 0 8.5 11.3 10.5 3.5 2 1 3 5 5
4128.1 4105.4 -1.7 20 0 8.0 12.8 14.0 3.5 2 1 4 3 3
4168.2 4097.6 -0.7 198 0 8.4 6.5 10.5 0.0 0 0 3 5 5
4374.3 4208.9 -2.2 125 0 12.9 16.1 10.5 3.5 2 1 3 1 1
4438.3 4342.1 -2.5 300 0 8.1 12.9 10.5 3.5 4 1 3 5 5
4177.4 4071.9 -1.5 191 0 6.8 18.5 10.5 3.5 4 1 3 3 3
4327.6 4539.5 1.3 190 0 12.2 11.4 10.5 3.5 2 0 3 5 5
4356.2 4510.7 1.2 207 0 12.4 9.2 10.5 3.5 2 0 3 3 3
4009.5 4326.0 -2.9 275 0 8.1 8.0 14.0 3.5 2 0 4 5 5
3969.5 4329.1 -4.5 298 0 9.8 11.5 14.0 3.5 2 1 4 4 4
4269.4 4291.7 -2.8 190 0 9.5 9.7 10.5 3.5 2 1 3 2 2
4303.8 4407.3 -1.6 204 0 15.0 16.0 10.5 3.5 2 1 3 0 0
4246.0 4121.7 -1.1 39 0 9.3 8.0 10.5 3.5 2 0 3 0 0
4064.2 4394.6 -3.4 6 0 10.9 13.0 7.5 0.0 0 1 3 4 4
4417.8 4440.7 -0.2 24 0 6.5 13.0 10.5 3.5 2 1 3 0 0
4413.2 3971.2 -1.0 208 0 15.7 10.0 10.5 3.5 2 0 3 0 0
4352.9 4005.6 -1.1 3 0 12.6 9.7 10.5 3.5 2 0 3 2 2
4199.9 4311.2 -1.0 279 0 12.7 17.4 10.5 3.5 2 1 3 1 1
4193.2 4672.8 0.0 8 0 11.3 13.4 7.5 0.0 0 1 3 3 3
4450.7 4277.7 -2.5 27 0 8.7 14.4 10.5 3.5 2 1 3 2 2
4217.1 4114.1 -1.0 206 0 7.8 10.1 10.5 0.0 0 1 3 4 4
4009.3 4315.0 -2.4 285 0 7.5 11.1 14.0 3.5 2 1 4 5 5
4212.0 4152.0 -0.5 191 0 13.1 9.2 10.5 3.5 2 0 3 4 4
4424.2 4470.2 0.6 285 0 8.8 11.7 10.5 0.0 0 1 3 5 5
4331.3 4472.4 0.6 295 0 9.5 19.9 10.5 3.5 2 1 3 5 5
4384.2 4389.9 -2.1 306 0 10.1 6.6 10.5 3.5 2 0 3 0 0
4073.4 4505.6 -1.3 111 0 11.3 23.6 7.5 2.5 4 1 3 0 0
4137.0 4075.9 -2.8 7 0 15.5 13.7 14.0 3.5 2 0 4 2 2
4228.9 3917.5 -0.7 180 0 7.6 7.0 10.5 3.5 2 0 3 4 4
4209.4 3911.7 -1.7 0 0 11.0 8.9 14.0 3.5 4 0 4 4 4
4397.7 4331.2 -3.2 291 0 9.2 13.1 10.5 3.5 2 1 3 3 3
4357.8 3940.7 -0.9 213 0 9.6 9.8 10.5 3.5 4 1 3 2 2
4073.9 4153.8 -2.0 287 0 10.0 8.3 14.0 3.5 2 0 4 3 3
4446.3 4027.1 -0.5 18 0 8.8 8.6 10.5 3.5 4 0 3 5 5
4223.5 4212.8 -1.1 194 0 7.2 10.8 10.5 3.5 2 1 3 2 2
4436.2 4318.2 -2.6 26 0 7.0 13.8 10.5 0.0 0 1 3 1 1
4136.6 4325.6 0.1 289 0 10.5 12.6 10.5 3.5 2 1 3 4 4
4392.9 4269.6 -3.4 20 0 14.5 11.9 10.5 3.5 2 0 3 0 0
4247.1 4036.8 -1.3 6 0 13.1 9.6 10.5 3.5 2 0 3 4 4
4340.6 4176.5 -2.9 25 0 9.2 14.2 10.5 3.5 2 1 3 1 1
4222.3 3950.2 -0.6 182 0 9.4 10.2 10.5 3.5 2 1 3 2 2
4027.8 4364.6 -4.1 91 0 8.3 7.5 10.0 2.5 2 0 4 1 1
4196.9 3941.9 -1.6 0 0 13.6 6.6 14.0 3.5 2 0 4 4 4
3946.1 4287.4 -3.7 195 0 12.4 13.0 14.0 3.5 2 1 4 3 3
4274.0 4262.0 -2.9 197 0 15.0 13.8 10.5 0.0 0 0 3 2 2
4351.5 4412.1 -1.0 15 0 16.9 11.5 10.5 3.5 2 0 3 3 3
4274.7 4081.7 -1.8 45 0 9.8 11.3 10.5 3.5 2 1 3 1 1
4420.5 4372.5 -2.8 304 0 11.2 17.4 10.5 3.5 2 1 3 0 0
4334.9 4362.1 -2.5 218 0 14.1 7.6 10.5 3.5 2 0 3 2 2
4201.8 4079.4 -1.5 187 0 7.3 11.8 10.5 3.5 2 1 3 5 5
4155.9 4213.9 0.4 194 0 11.1 8.2 10.5 3.5 2 0 3 4 4
4401.6 4061.4 -0.1 133 0 8.7 13.5 10.5 3.5 2 1 3 3 3
4393.6 4437.5 -0.4 25 0 11.7 9.0 10.5 3.5 4 0 3 1 1
4210.2 4536.3 0.4 32 0 17.4 10.1 7.5 2.5 2 0 3 2 2
4343.2 4682.1 1.5 294 0 14.7 8.8 2.5 2.5 4 0 1 0 0
4214.8 3998.2 -1.4 191 0 11.5 9.2 10.5 3.5 4 0 3 2 2
4446.6 4450.8 0.1 9 0 8.7 12.5 10.5 3.5 2 1 3 0 0
4269.2 3874.9 -1.0 113 0 8.9 10.3 10.5 3.5 2 1 3 1 1
6479.6 427.3 -1.4 218 0 9.2 7.8 7.5 2.5 2 0 3 3 3
6787.1 872.3 -3.8 290 0 10.3 9.3 2.5 2.5 2 0 1 2 2
6582.0 -17.2 -2.2 97 0 10.6 7.7 10.0 2.5 2 0 4 5 5
6404.6 76.3 -2.8 91 0 17.8 11.5 7.5 2.5 2 0 3 2 2
6703.7 592.5 -2.5 298 0 13.3 10.7 7.5 2.5 2 0 3 3 3
6832.7 751.8 -2.8 140 0 16.2 11.0 2.5 0.0 0 0 1 2 2
6623.8 268.5 -2.7 188 0 9.0 9.7 5.0 0.0 0 1 2 2 2
6774.4 810.2 -3.5 30 0 9.2 9.6 7.5 2.5 2 1 3 4 4
6642.0 458.5 -1.1 185 0 9.8 10.1 2.5 0.0 0 1 1 2 2
6557.4 193.4 -1.0 191 0 12.6 8.9 7.5 2.5 2 0 3 4 4
6720.5 961.6 -3.7 277 0 11.5 8.8 7.5 2.5 4 0 3 2 2
6495.3 149.1 -1.9 101 0 6.9 8.2 7.5 2.5 2 1 3 3 3
6503.1 105.6 -2.2 272 0 8.3 6.7 10.0 2.5 2 0 4 1 1
6444.1 606.7 -0.7 8 0 6.8 8.4 5.0 2.5 2 1 2 2 2
6324.5 733.5 -0.3 183 0 8.5 8.3 7.5 2.5 2 0 3 5 5
6438.3 463.8 -2.6 279 0 10.9 7.0 7.5 2.5 2 0 3 3 3
6562.9 941.1 -2.1 287 0 13.7 13.1 5.0 2.5 2 0 2 1 1
6725.6 649.5 -3.0 12 0 16.9 17.0 10.0 2.5 2 1 4 4 4
6520.9 267.8 -2.3 31 0 7.8 7.7 5.0 2.5 2 0 2 5 5
6750.9 280.6 -1.9 4 0 11.3 9.0 10.0 2.5 2 0 4 5 5
6685.4 775.0 -2.3 225 0 6.5 8.7 10.0 2.5 4 1 4 3 3
6434.9 157.6 -2.8 95 0 7.9 8.9 7.5 2.5 2 1 3 0 0
6783.0 300.9 -1.7 271 0 9.6 13.9 5.0 2.5 2 1 2 1 1
6514.8 12.9 -3.3 99 0 12.9 9.2 5.0 2.5 2 0 2 1 1
6322.2 504.3 -1.6 12 0 13.3 17.0 10.0 0.0 0 1 4 0 0
6755.4 688.5 -3.8 33 0 12.8 10.5 7.5 2.5 4 0 3 1 1
6860.3 254.2 -1.8 279 0 9.5 11.5 5.0 2.5 2 1 2 1 1
6909.8 286.7 -1.4 273 0 15.8 8.9 7.5 2.5 2 0 3 0 0
6576.9 675.3 -1.8 100 0 12.9 7.8 5.0 0.0 0 0 2 3 3
6679.0 957.9 -3.2 205 0 9.7 10.6 2.5 2.5 2 1 1 2 2
6760.7 772.8 -3.7 34 0 12.2 9.5 10.0 2.5 2 0 4 1 1
6399.0 473.6 -2.5 288 0 11.5 19.6 5.0 2.5 2 1 2 5 5
6715.2 612.5 -2.8 296 0 13.1 14.6 10.0 2.5 4 1 4 3 3
6841.4 -77.0 -2.1 17 0 17.4 7.4 2.5 2.5 2 0 1 3 3
6497.3 289.4 -2.3 202 0 9.6 8.1 10.0 2.5 2 0 4 0 0
6373.7 796.5 -1.4 168 0 10.2 8.5 2.5 2.5 2 0 1 3 3
6607.3 295.2 -2.0 211 0 7.9 7.7 10.0 2.5 2 0 4 0 0
6615.5 -30.8 -1.7 92 0 11.8 27.0 10.0 2.5 2 1 4 3 3
6768.3 840.7 -3.5 284 0 10.8 13.3 7.5 2.5 2 1 3 2 2
6327.6 915.3 -3.6 192 0 15.1 13.0 7.5 2.5 2 0 3 5 5
6616.2 667.1 -2.0 105 0 10.0 10.3 7.5 2.5 2 1 3 4 4
6564.7 39.1 -2.6 94 0 10.5 6.3 10.0 0.0 0 0 4 3 3
6850.0 309.7 -0.9 92 0 15.3 21.7 5.0 2.5 4 1 2 3 3
6773.9 255.4 -1.3 211 0 11.0 8.2 5.0 2.5 2 0 2 3 3
6761.0 -22.9 -1.7 112 0 8.1 9.7 10.0 2.5 2 1 4 0 0
6911.7 840.9 -2.8 19 0 7.1 9.3 7.5 2.5 2 1 3 5 5
6696.6 396.9 -2.3 282 0 9.6 11.4 5.0 2.5 2 1 2 1 1
6817.3 932.1 -5.1 7 0 8.3 7.1 5.0 0.0 0 0 2 0 0
6594.1 298.9 -1.7 199 0 7.5 6.9 5.0 0.0 0 0 2 2 2
6455.8 372.3 -1.0 86 0 7.0 10.1 5.0 2.5 2 1 2 0 0
6335.3 523.1 -1.2 11 0 13.8 17.9 7.5 2.5 2 1 3 1 1
6527.4 364.8 0.7 99 0 8.4 7.4 7.5 2.5 2 0 3 2 2
6857.3 387.3 -1.0 274 0 16.5 9.3 5.0 0.0 0 0 2 1 1
6500.8 190.3 -2.0 26 0 7.3 6.1 2.5 2.5 4 0 1 1 1
6778.8 178.8 -1.8 223 0 13.0 9.0 7.5 2.5 2 0 3 5 5
6770.4 225.5 -1.4 192 0 10.4 9.4 5.0 2.5 4 0 2 4 4
6352.6 301.6 -1.6 207 0 18.1 13.7 10.0 0.0 0 0 4 2 2
6674.6 48.2 -1.2 283 0 7.5 6.9 5.0 2.5 2 0 2 4 4
6379.7 496.4 -1.9 283 0 6.5 8.3 10.0 2.5 2 1 4 5 5
6753.8 958.2 -4.6 302 0 13.4 10.8 7.5 2.5 2 0 3 4 4
6474.6 176.3 -2.6 120 0 7.1 11.1 7.5 2.5 2 1 3 1 1
6645.3 115.2 -1.6 117 0 14.3 22.9 10.0 2.5 2 1 4 4 4
6858.2 855.4 -3.6 115 0 9.2 8.9 5.0 2.5 2 0 2 0 0
6490.2 227.7 -2.6 33 0 12.2 9.2 5.0 2.5 2 0 2 4 4
6357.3 951.1 -4.1 2 0 10.5 14.9 2.5 2.5 2 1 1 4 4
6753.6 808.2 -3.8 11 0 8.6 13.4 7.5 2.5 2 1 3 1 1
6791.5 98.7 -2.8 12 0 10.2 10.3 2.5 2.5 2 1 1 3 3
6457.3 252.1 -3.4 286 0 6.4 9.3 7.5 2.5 2 1 3 0 0
6579.6 151.6 -1.0 112 0 7.1 9.8 5.0 2.5 4 1 2 1 1
6428.4 764.7 -1.0 19 0 6.8 13.9 10.0 2.5 2 1 4 3 3
6838.3 41.0 -2.0 12 0 11.9 15.2 7.5 0.0 0 1 3 5 5
6512.9 251.7 -2.4 15 0 11.4 10.2 7.5 2.5 2 0 3 0 0
6403.4 578.9 -0.8 118 0 7.5 12.2 7.5 0.0 0 1 3 2 2
6690.4 549.9 -2.1 25 0 6.3 10.6 5.0 2.5 4 1 2 0 0
6771.1 741.9 -3.6 28 0 12.6 12.4 2.5 2.5 4 0 1 2 2
6493.0 195.9 -2.3 45 0 10.9 6.2 7.5 2.5 2 0 3 5 5
6477.1 26.1 -3.8 100 0 13.6 15.7 5.0 2.5 2 1 2 5 5
6537.4 340.1 0.1 28 0 11.6 7.5 10.0 2.5 2 0 4 0 0
6486.4 467.5 -2.2 283 0 9.0 16.2 5.0 2.5 2 1 2 3 3
6721.3 143.6 -2.0 358 0 16.7 15.1 10.0 2.5 2 0 4 2 2
6447.0 175.8 -3.0 125 0 13.7 6.1 5.0 2.5 2 0 2 4 4
6488.5 131.8 -2.0 274 0 9.7 7.6 10.0 2.5 2 0 4 0 0
6695.2 712.3 -3.1 109 0 10.7 7.7 2.5 2.5 2 0 1 2 2
6457.2 128.2 -2.8 282 0 7.2 8.5 7.5 2.5 2 1 3 1 1
6636.1 -36.5 -1.3 104 0 9.7 12.5 2.5 2.5 2 1 1 0 0
6761.5 320.2 -2.1 303 0 8.1 7.6 5.0 2.5 2 0 2 0 0
6411.3 347.7 -1.0 285 0 6.1 6.9 7.5 2.5 2 1 3 3 3
6714.1 106.6 -2.6 6 0 9.6 16.3 2.5 2.5 2 1 1 5 5
6363.7 152.3 -1.7 113 0 6.7 11.2 7.5 2.5 2 1 3 5 5
6319.2 348.0 -1.9 189 0 13.0 16.9 5.0 2.5 2 1 2 3 3
6653.3 595.5 -1.5 186 0 12.2 8.2 7.5 2.5 2 0 3 3 3
6551.5 788.9 -0.2 97 0 9.5 16.8 7.5 2.5 2 1 3 5 5
6377.5 -2.3 -6.4 109 0 12.5 12.4 10.0 2.5 2 0 4 2 2
6423.2 490.6 -2.2 275 0 8.1 14.5 7.5 2.5 4 1 3 4 4
6527.2 490.2 -1.9 295 0 12.1 13.2 5.0 2.5 4 1 2 5 5
6739.4 91.2 -2.9 183 0 12.7 8.1 7.5 2.5 2 0 3 0 0
6810.8 117.3 -2.8 302 0 9.9 9.6 5.0 2.5 2 0 2 2 2
6297.4 107.7 -2.7 95 0 12.5 25.2 10.0 2.5 2 1 4 0 0
6374.7 579.8 -0.9 203 0 6.8 11.4 7.5 0.0 0 1 3 5 5
6509.3 846.5 -0.3 201 0 10.2 8.5 7.5 2.5 2 0 3 4 4
6400.0 144.1 -2.3 28 0 12.2 9.5 2.5 2.5 2 0 1 3 3
6810.2 -5.4 -1.6 98 0 11.7 8.4 5.0 2.5 2 0 2 2 2
6510.7 184.8 -1.9 37 0 10.4 10.5 5.0 0.0 0 1 2 5 5
6395.3 823.5 -1.9 272 0 12.3 12.8 7.5 2.5 2 1 3 5 5
6616.5 224.6 -1.8 199 0 7.9 8.3 5.0 2.5 2 1 2 4 4
6662.0 477.0 -1.4 8 0 10.0 15.1 7.5 2.5 2 1 3 1 1
6539.6 225.2 -1.3 202 0 11.6 21.3 10.0 2.5 2 1 4 1 1
6447.9 42.7 -4.0 97 0 14.6 15.3 7.5 2.5 2 1 3 0 0
6484.3 368.1 -0.3 109 0 8.3 11.6 7.5 2.5 2 1 3 5 5
6427.3 324.0 -2.0 280 0 8.9 15.9 5.0 2.5 2 1 2 2 2
6404.4 166.3 -2.6 122 0 10.8 9.7 7.5 2.5 2 0 3 2 2
6486.7 108.7 -2.3 275 0 7.0 11.7 7.5 2.5 2 1 3 0 0
6678.9 576.0 -1.8 12 0 7.0 11.0 5.0 2.5 2 1 2 5 5
6751.6 844.0 -3.8 297 0 15.3 14.9 5.0 2.5 2 0 2 0 0
6327.7 125.6 -2.2 289 0 10.7 9.3 2.5 2.5 2 0 1 4 4
6698.6 138.5 -1.9 1 0 6.2 9.9 2.5 2.5 2 1 1 4 4
6856.1 240.7 -2.0 274 0 9.4 13.7 2.5 2.5 2 1 1 3 3
6326.3 461.2 -2.4 16 0 13.9 15.5 7.5 2.5 2 1 3 0 0
6826.4 214.1 -1.9 19 0 9.0 6.2 5.0 0.0 0 0 2 3 3
6322.3 31.0 -5.2 110 0 15.4 8.7 7.5 2.5 2 0 3 2 2
6432.7 408.3 -1.6 195 0 7.5 10.0 10.0 2.5 2 1 4 1 1
6820.9 130.4 -2.9 311 0 9.3 9.4 5.0 2.5 2 1 2 1 1
6541.7 3.6 -3.1 95 0 12.1 10.7 7.5 2.5 2 0 3 3 3
6597.0 934.4 -2.4 279 0 8.9 9.6 5.0 2.5 2 1 2 0 0
6370.0 623.9 -0.8 4 0 6.8 11.6 7.5 2.5 2 1 3 0 0
6384.3 769.0 -0.6 179 0 7.9 17.5 7.5 2.5 2 1 3 1 1
6833.4 -12.0 -1.4 35 0 18.0 10.7 7.5 2.5 2 0 3 1 1
6713.6 -35.8 -1.4 95 0 8.4 8.0 5.0 2.5 2 0 2 3 3
6539.6 136.5 -1.4 100 0 7.6 8.7 7.5 2.5 2 1 3 3 3
6431.0 361.0 -0.8 118 0 7.5 8.3 7.5 2.5 2 1 3 2 2
6383.8 247.4 -2.3 183 0 14.0 11.6 7.5 2.5 2 0 3 5 5
6709.6 927.7 -3.7 101 0 6.7 7.1 7.5 2.5 2 1 3 5 5
6533.4 190.8 -1.0 190 0 11.0 6.4 5.0 2.5 2 0 2 1 1
6452.4 781.9 -1.4 31 0 7.4 7.7 7.5 2.5 2 1 3 0 0
6355.3 753.7 -0.2 14 0 7.3 10.8 2.5 2.5 2 1 1 2 2
6419.9 578.0 -0.6 107 0 9.2 10.5 5.0 2.5 2 1 2 3 3
6320.1 710.6 -0.5 92 0 11.0 7.5 7.5 2.5 2 0 3 3 3
6580.1 371.9 0.4 92 0 8.1 10.7 7.5 2.5 2 1 3 5 5
6289.7 414.2 -2.2 104 0 9.0 13.1 5.0 2.5 2 1 2 2 2
6734.8 236.9 -1.7 8 0 17.0 14.1 7.5 2.5 2 0 3 5 5
6390.1 359.1 -1.4 299 0 11.0 19.9 7.5 2.5 4 1 3 4 4
6303.6 69.4 -4.4 284 0 10.8 12.3 7.5 2.5 2 1 3 1 1
6390.7 216.9 -2.4 112 0 8.8 9.2 7.5 2.5 2 1 3 2 2
6547.7 239.0 -1.4 0 0 7.5 8.3 7.5 2.5 2 1 3 5 5
6655.6 94.9 -1.5 92 0 6.4 6.2 5.0 2.5 2 0 2 0 0
6722.6 173.3 -1.3 10 0 8.6 12.3 7.5 2.5 2 1 3 2 2
6781.8 703.1 -3.8 33 0 11.2 11.5 5.0 2.5 2 1 2 4 4
6288.6 549.9 -0.7 274 0 12.7 12.5 7.5 2.5 2 0 3 1 1
6720.8 -20.9 -1.8 100 0 7.8 14.6 7.5 2.5 2 1 3 3 3
6413.3 224.4 -2.9 120 0 8.4 7.0 2.5 2.5 2 0 1 3 3
6329.5 238.0 -1.9 216 0 8.4 8.2 7.5 2.5 2 0 3 3 3
6380.2 692.5 0.1 101 0 12.0 10.6 7.5 2.5 2 0 3 3 3
6824.2 951.3 -5.4 180 0 15.9 20.2 10.0 2.5 2 1 4 2 2
6482.8 72.1 -2.7 92 0 10.1 6.2 2.5 2.5 4 0 1 4 4
6696.4 -44.1 -1.0 99 0 14.2 12.6 5.0 2.5 2 0 2 4 4
6392.7 563.3 -0.8 119 0 10.0 7.9 5.0 2.5 2 0 2 3 3
6483.3 199.2 -2.6 40 0 17.3 6.9 2.5 2.5 2 0 1 0 0
6812.0 189.6 -2.0 22 0 10.2 9.2 7.5 2.5 2 0 3 3 3
6646.6 868.4 -1.6 214 0 7.3 7.9 7.5 2.5 2 1 3 2 2
6438.3 137.3 -2.7 279 0 11.1 12.0 5.0 2.5 2 1 2 4 4
6864.4 768.0 -2.4 34 0 13.4 12.7 10.0 2.5 2 0 4 1 1
6555.0 529.4 -2.1 199 0 12.0 17.6 7.5 2.5 2 1 3 3 3
6912.0 911.9 -4.2 300 0 16.1 10.9 7.5 2.5 2 0 3 5 5
6666.3 -11.2 -0.4 5 0 13.2 10.1 7.5 2.5 2 0 3 3 3
6868.5 829.4 -3.1 117 0 8.8 19.5 7.5 2.5 2 1 3 0 0
6506.2 210.4 -2.1 21 0 8.9 9.2 10.0 2.5 2 1 4 0 0
6800.4 195.0 -1.8 8 0 8.1 8.4 2.5 2.5 2 1 1 4 4
6356.0 414.8 -2.0 107 0 12.4 19.1 5.0 2.5 2 1 2 2 2
6790.1 791.1 -3.4 30 0 16.0 12.2 7.5 2.5 2 0 3 3 3
6527.4 40.7 -2.8 97 0 14.6 15.4 5.0 2.5 2 1 2 5 5
6790.6 910.8 -4.6 88 0 13.2 9.2 2.5 2.5 2 0 1 1 1
6528.7 225.5 -1.6 30 0 8.7 6.1 5.0 0.0 0 0 2 5 5
6338.4 90.9 -2.2 107 0 13.7 11.9 5.0 2.5 2 0 2 5 5
6719.8 424.3 -2.1 97 0 9.7 14.4 10.0 2.5 2 1 4 5 5
6412.8 265.6 -2.8 302 0 9.3 7.3 7.5 2.5 2 0 3 1 1
6381.9 679.4 0.1 100 0 14.9 7.9 10.0 2.5 2 0 4 3 3
6734.2 261.7 -1.9 23 0 9.6 11.9 10.0 2.5 2 1 4 4 4
6427.9 660.2 -1.0 106 0 7.9 35.1 7.5 0.0 0 1 3 5 5
2227.4 6507.0 -2.0 286 0 7.5 10.6 7.5 2.5 2 1 3 5 5
2118.4 6214.4 0.4 114 0 10.6 30.4 7.5 0.0 0 1 3 4 4
2218.7 6316.3 -1.1 17 0 12.6 11.2 7.5 2.5 2 0 3 0 0
2099.2 6506.1 -1.2 196 0 14.3 9.4 5.0 2.5 2 0 2 2 2
2113.2 6349.6 -0.7 111 0 8.1 19.9 7.5 2.5 2 1 3 3 3
2205.5 6437.8 -1.9 21 0 11.9 7.5 7.5 2.5 2 0 3 3 3
2044.1 6517.3 -1.9 293 0 10.5 13.8 5.0 2.5 2 1 2 0 0
2070.4 6246.5 0.3 202 0 11.9 9.6 7.5 2.5 2 0 3 3 3
2198.1 6388.0 -1.6 15 0 10.6 6.3 5.0 0.0 0 0 2 2 2
2171.2 6183.2 0.5 295 0 9.9 8.7 7.5 2.5 2 0 3 1 1
2168.3 6247.6 -0.6 21 0 8.1 13.0 10.0 2.5 2 1 4 1 1
2218.4 6198.5 -0.9 115 0 9.8 12.4 2.5 2.5 4 1 1 5 5
2091.1 6362.4 -1.0 113 0 7.8 12.6 7.5 0.0 0 1 3 2 2
2228.4 6227.4 -1.2 286 0 9.8 7.0 5.0 2.5 2 0 2 1 1
2140.9 6287.3 -0.8 290 0 10.9 13.4 5.0 2.5 2 1 2 4 4
2227.2 6315.1 -1.3 18 0 8.7 7.4 10.0 2.5 2 0 4 3 3
2108.5 6381.1 -0.5 21 0 10.1 8.4 7.5 2.5 2 0 3 2 2
2021.8 6410.0 -1.7 291 0 8.1 10.0 7.5 2.5 2 1 3 4 4
2094.3 6294.6 -0.7 292 0 9.0 15.5 5.0 2.5 2 1 2 0 0
2130.6 6420.7 -0.7 201 0 11.4 11.2 5.0 2.5 2 0 2 4 4
2188.3 6115.7 0.1 111 0 12.2 11.4 2.5 2.5 2 0 1 0 0
2143.5 6550.8 -1.3 105 0 10.0 10.9 7.5 2.5 4 1 3 0 0
2145.6 6068.1 -0.9 26 0 6.5 9.4 5.0 2.5 2 1 2 4 4
2177.3 6049.6 -0.8 202 0 10.1 16.1 10.0 2.5 2 1 4 0 0
2228.5 6046.4 -0.4 19 0 8.9 7.3 7.5 2.5 2 0 3 4 4
2211.5 6092.8 -0.1 291 0 8.4 12.0 10.0 2.5 2 1 4 3 3
2147.9 6223.1 0.4 112 0 7.2 7.9 7.5 2.5 2 1 3 3 3
2054.8 6532.5 -1.6 111 0 6.7 10.5 5.0 0.0 0 1 2 0 0
2008.3 6636.3 -1.9 292 0 10.8 8.3 7.5 2.5 2 0 3 3 3
2023.2 6585.3 -1.6 200 0 6.7 6.9 7.5 2.5 2 1 3 5 5
1930.1 6486.1 -0.5 296 0 8.3 12.9 10.0 0.0 0 1 4 5 5
2008.6 6531.7 -2.0 293 0 9.8 10.3 5.0 0.0 0 1 2 4 4
2274.6 6333.9 -2.2 110 0 9.4 12.0 7.5 2.5 2 1 3 2 2
2293.3 6341.1 -2.4 110 0 13.0 15.3 7.5 2.5 2 1 3 2 2
2344.9 6340.9 -1.9 99 0 6.2 8.1 5.0 2.5 2 1 2 2 2
2246.7 6206.4 -1.4 287 0 6.6 6.3 7.5 2.5 2 0 3 4 4
2284.1 6169.2 -2.0 200 0 15.0 8.3 7.5 2.5 4 0 3 0 0
2492.3 6397.8 -2.1 19 0 9.2 9.1 7.5 2.5 4 0 3 4 4
2295.8 6276.2 -1.8 27 0 8.5 12.6 7.5 2.5 4 1 3 0 0
2346.9 6562.0 -2.0 5 0 12.2 9.7 5.0 2.5 4 0 2 0 0
2328.7 6228.9 -2.4 111 0 8.0 15.7 5.0 2.5 4 1 2 5 5
2246.6 6561.5 -1.5 269 0 13.5 13.3 5.0 2.5 2 0 2 5 5
2456.4 6354.8 -1.9 110 0 9.3 8.6 5.0 0.0 0 0 2 3 3
2244.7 6155.9 -0.8 297 0 14.3 8.1 5.0 2.5 2 0 2 1 1
2432.7 6355.6 -1.8 58 0 8.4 15.7 7.5 2.5 2 1 3 1 1
2272.8 6135.1 -1.3 204 0 11.0 7.4 7.5 2.5 2 0 3 3 3
2261.7 6378.3 -2.2 294 0 7.4 12.6 10.0 2.5 2 1 4 0 0
2381.2 6036.1 -2.4 292 0 9.7 15.5 7.5 2.5 2 1 3 0 0
2672.0 6414.3 -1.4 98 0 7.5 8.3 10.0 2.5 2 1 4 3 3
2472.0 6133.2 -1.1 113 0 7.8 7.9 7.5 2.5 2 1 3 5 5
2265.2 5991.6 -0.8 108 0 10.1 13.2 2.5 0.0 0 1 1 2 2
2403.6 6043.2 -2.6 107 0 7.3 9.2 7.5 2.5 2 1 3 2 2
2345.5 6029.3 -1.6 289 0 10.7 8.3 7.5 2.5 2 0 3 4 4
2619.6 6440.7 -2.1 96 0 8.1 6.4 7.5 2.5 4 0 3 5 5
2299.7 6006.0 -0.7 304 0 7.2 9.9 7.5 2.5 2 1 3 3 3
2362.0 5998.1 -1.7 24 0 8.4 7.9 5.0 2.5 2 0 2 5 5
2606.0 6486.4 -2.3 285 0 8.2 19.2 7.5 2.5 4 1 3 3 3
2553.8 6343.6 -2.6 23 0 11.4 8.0 10.0 2.5 2 0 4 4 4
2706.0 6477.7 -2.5 284 0 8.5 31.2 10.0 2.5 2 1 4 2 2
1860.0 6582.4 -1.3 200 0 8.8 8.5 10.0 2.5 2 0 4 2 2
2524.4 6389.0 -2.2 202 0 7.7 13.6 7.5 2.5 2 1 3 1 1
2394.9 6182.3 -2.3 231 0 6.1 15.3 7.5 2.5 4 1 3 1 1
2239.5 6065.6 -0.3 293 0 6.6 11.5 5.0 2.5 2 1 2 1 1
2523.7 6573.9 -2.8 91 0 6.4 17.3 10.0 2.5 2 1 4 0 0
2442.6 6549.2 -1.3 94 0 16.1 15.5 5.0 2.5 2 0 2 5 5
2321.1 6495.5 -2.1 90 0 12.4 13.3 5.0 2.5 2 1 2 4 4
2537.1 6512.6 -1.9 189 0 8.1 14.1 5.0 2.5 2 1 2 2 2
2583.1 6526.0 -3.1 192 0 15.3 11.4 2.5 2.5 2 0 1 5 5
2263.3 6228.8 -2.1 113 0 7.5 9.7 7.5 2.5 2 1 3 0 0
2066.8 6402.3 -1.1 110 0 9.6 15.3 7.5 2.5 2 1 3 3 3
2478.9 6299.6 -2.2 197 0 11.3 10.1 7.5 2.5 2 0 3 4 4
2452.7 6257.9 -2.2 196 0 9.7 6.0 7.5 2.5 2 0 3 0 0
2162.9 6562.7 -1.3 271 0 10.4 8.8 10.0 2.5 2 0 4 0 0
2077.8 6191.0 1.0 281 0 12.8 20.1 7.5 2.5 2 1 3 3 3
1953.9 6193.7 -1.0 31 0 9.9 10.7 7.5 2.5 2 1 3 0 0
2847.8 6359.6 -2.2 300 0 9.1 9.6 5.0 2.5 2 1 2 0 0
2502.6 5964.4 -1.8 197 0 13.6 8.9 7.5 2.5 2 0 3 1 1
3106.7 6232.5 -1.1 217 0 6.9 9.6 7.5 2.5 2 1 3 5 5
2585.1 5941.0 -0.7 24 0 11.7 6.5 7.5 2.5 2 0 3 3 3
3081.1 6613.0 -2.5 20 0 9.6 8.2 5.0 2.5 2 0 2 3 3
2960.8 6597.5 -3.1 211 0 11.4 9.2 10.0 2.5 2 0 4 5 5
2716.3 6414.0 -2.0 4 0 9.8 9.0 2.5 2.5 2 0 1 3 3
3070.3 6244.4 -0.6 123 0 7.0 13.8 5.0 2.5 2 1 2 5 5
3113.9 6245.9 -1.1 205 0 14.5 13.8 7.5 0.0 0 0 3 5 5
2591.0 5967.6 -0.5 290 0 11.1 11.7 10.0 2.5 2 1 4 4 4
2364.7 5944.6 -1.6 108 0 9.0 10.6 7.5 0.0 0 1 3 5 5
2540.4 5893.3 -1.9 110 0 14.8 9.5 7.5 2.5 2 0 3 3 3
2999.3 6237.0 -1.9 294 0 6.6 8.2 7.5 2.5 2 1 3 2 2
2271.3 5962.3 -0.7 115 0 8.7 8.3 5.0 2.5 2 0 2 4 4
2500.5 5901.0 -1.7 106 0 10.8 17.6 5.0 2.5 2 1 2 4 4
3179.3 6157.6 -2.6 27 0 8.9 9.1 7.5 0.0 0 1 3 2 2
3125.9 6265.8 -1.5 201 0 14.2 9.1 5.0 2.5 2 0 2 5 5
3018.7 5977.2 -2.3 196 0 9.3 24.6 7.5 0.0 0 1 3 5 5
2313.5 5989.1 -0.8 117 0 7.6 7.7 5.0 2.5 2 1 2 5 5
2485.4 5895.3 -1.7 106 0 7.7 10.2 5.0 2.5 2 1 2 5 5
2453.6 5937.4 -1.8 200 0 8.7 9.5 5.0 2.5 2 1 2 3 3
3104.2 6273.4 -1.5 24 0 14.5 13.0 7.5 0.0 0 0 3 2 2
2307.9 5950.3 -0.9 109 0 8.0 11.3 5.0 2.5 2 1 2 0 0
2991.1 6682.9 -3.5 191 0 6.1 13.8 7.5 2.5 2 1 3 1 1
2557.1 5881.7 -1.9 111 0 11.7 19.2 10.0 2.5 2 1 4 1 1
5346.6 -1378.0 -4.1 118 0 9.7 10.5 7.5 2.5 2 1 3 0 0
5353.8 -1290.0 -3.7 196 0 7.6 9.8 7.5 2.5 2 1 3 1 1
5414.4 -1299.8 -3.8 24 0 8.5 9.0 10.0 2.5 2 1 4 0 0
5336.0 -1242.4 -5.1 120 0 8.5 8.9 7.5 2.5 2 1 3 0 0
5391.5 -1285.6 -3.7 289 0 9.3 9.2 10.0 2.5 2 0 4 5 5
5360.6 -1218.9 -4.9 282 0 7.2 7.6 7.5 0.0 0 1 3 1 1
5335.5 -1202.0 -6.1 282 0 7.5 9.5 5.0 2.5 2 1 2 0 0
4625.3 -1534.8 -5.5 25 0 14.9 10.1 5.0 2.5 2 0 2 1 1
3590.7 1867.0 -1.4 201 0 6.3 8.2 7.5 2.5 2 1 3 3 3
4163.7 1853.7 1.1 286 0 19.5 6.1 7.5 2.5 2 0 3 5 5
3841.4 1887.5 0.8 208 0 14.4 12.6 10.0 2.5 2 0 4 1 1
4055.9 1652.2 1.9 130 0 12.9 11.7 5.0 0.0 0 0 2 5 5
4433.8 1802.9 0.9 192 0 9.8 13.8 2.5 2.5 2 1 1 1 1
4033.4 1546.3 -0.1 129 0 7.5 13.3 7.5 2.5 2 1 3 3 3
4343.2 1192.8 -0.6 188 0 6.3 12.4 7.5 2.5 2 1 3 5 5
4443.5 1625.7 2.3 16 0 9.8 8.5 7.5 2.5 2 0 3 4 4
4195.4 1648.2 -0.4 202 0 9.2 13.9 5.0 2.5 4 1 2 1 1
4431.4 1265.3 -0.6 39 0 6.8 12.1 2.5 2.5 4 1 1 0 0
3683.0 1643.8 -5.7 32 0 10.5 12.4 7.5 2.5 2 1 3 2 2
3704.1 1735.6 -1.1 36 0 9.6 10.1 7.5 2.5 2 1 3 3 3
4339.3 1764.0 0.2 298 0 10.0 10.7 7.5 2.5 2 1 3 1 1
3635.7 1702.9 -3.2 29 0 7.0 7.4 2.5 2.5 4 1 1 3 3
4166.5 1629.9 -0.0 214 0 9.9 8.4 5.0 2.5 2 0 2 3 3
3608.6 1826.9 -1.9 313 0 9.6 9.9 2.5 2.5 2 1 1 0 0
4189.8 1377.1 -0.3 139 0 11.6 12.2 5.0 2.5 2 1 2 0 0
3534.0 1736.1 -2.7 123 0 9.7 9.5 2.5 2.5 2 0 1 1 1
3830.5 1851.6 0.3 204 0 11.5 11.5 7.5 2.5 2 1 3 1 1
4292.7 1634.7 -0.5 287 0 8.0 13.7 7.5 2.5 4 1 3 5 5
3696.7 1722.4 -1.6 37 0 6.3 11.7 5.0 2.5 2 1 2 5 5
4285.3 1847.0 -0.5 289 0 11.1 8.7 7.5 2.5 4 0 3 3 3
3985.6 1730.6 0.4 310 0 10.0 15.2 2.5 2.5 2 1 1 3 3
4302.9 1693.5 -0.3 285 0 13.9 8.0 7.5 2.5 4 0 3 3 3
3895.5 1882.0 -0.1 294 0 10.2 10.3 5.0 2.5 2 1 2 0 0
4070.3 1937.2 -0.1 289 0 9.3 10.4 5.0 2.5 2 1 2 3 3
3569.1 1889.1 -1.5 285 0 9.1 7.7 7.5 2.5 2 0 3 4 4
4435.1 1468.0 -0.2 45 0 11.6 8.3 2.5 2.5 2 0 1 1 1
4401.9 1737.0 0.6 14 0 6.3 15.0 7.5 0.0 0 1 3 1 1
4302.9 1834.9 -0.8 272 0 15.2 14.7 7.5 2.5 2 0 3 2 2
3466.8 1807.0 -2.7 193 0 10.9 10.8 7.5 0.0 0 0 3 4 4
3833.1 1735.2 -1.1 296 0 14.9 9.5 7.5 2.5 2 0 3 3 3
4023.0 1856.6 0.4 286 0 10.4 7.8 5.0 2.5 2 0 2 0 0
3498.9 1713.4 -4.1 112 0 6.3 9.4 7.5 2.5 2 1 3 2 2
4039.2 1913.5 0.4 112 0 12.6 13.3 7.5 2.5 2 1 3 0 0
3549.3 1847.9 -2.5 218 0 9.8 9.6 5.0 2.5 2 0 2 0 0
3996.8 1673.4 -1.1 122 0 8.9 6.2 5.0 2.5 2 0 2 5 5
4344.0 1165.8 -1.9 197 0 9.1 6.1 10.0 2.5 2 0 4 5 5
4059.9 1773.1 1.5 217 0 6.5 13.8 10.0 2.5 2 1 4 3 3
4309.2 1410.6 0.5 30 0 8.7 9.4 5.0 2.5 2 1 2 3 3
4016.0 1859.3 0.4 295 0 7.1 8.0 7.5 2.5 2 1 3 3 3
3622.9 1793.3 -1.7 291 0 8.2 9.0 7.5 2.5 2 1 3 5 5
4346.3 1737.4 0.6 293 0 10.8 8.5 7.5 2.5 2 0 3 4 4
3981.9 1538.0 -2.6 124 0 12.7 13.2 10.0 2.5 2 1 4 4 4
4325.8 1514.0 -0.8 29 0 12.3 12.1 2.5 2.5 2 0 1 5 5
4388.0 1511.8 1.4 106 0 10.4 14.4 5.0 2.5 2 1 2 4 4
4068.0 1828.6 0.2 31 0 12.0 15.0 7.5 2.5 2 1 3 2 2
3507.4 1762.2 -2.5 112 0 9.5 9.8 10.0 2.5 2 1 4 0 0
3458.3 1826.4 -3.1 184 0 8.4 9.4 7.5 2.5 2 1 3 3 3
4259.8 1567.0 -1.3 204 0 6.6 10.2 2.5 2.5 2 1 1 3 3
3747.3 1817.2 0.5 35 0 7.6 9.3 7.5 2.5 2 1 3 3 3
4057.0 1511.0 -0.6 126 0 8.0 15.8 2.5 0.0 0 1 1 4 4
4239.6 1199.3 -3.1 17 0 6.7 15.9 7.5 2.5 2 1 3 4 4
3853.6 1923.5 0.9 211 0 12.4 10.2 5.0 2.5 2 0 2 5 5
4082.5 1818.1 1.2 225 0 13.3 13.3 2.5 2.5 2 1 1 4 4
4204.2 1511.9 -1.1 216 0 8.1 10.9 10.0 2.5 2 1 4 5 5
3477.8 1801.8 -2.5 214 0 6.0 10.1 7.5 2.5 2 1 3 3 3
4028.1 1666.9 0.4 117 0 13.1 10.3 10.0 0.0 0 0 4 1 1
3508.0 1692.5 -4.5 123 0 7.6 8.2 5.0 2.5 2 1 2 5 5
4039.8 1521.8 -0.8 104 0 7.2 8.0 5.0 2.5 2 1 2 0 0
4326.6 1739.4 0.7 348 0 14.6 11.4 5.0 2.5 2 0 2 4 4
3657.0 1772.4 -1.2 45 0 7.1 9.1 7.5 2.5 2 1 3 0 0
4311.1 1375.3 0.1 43 0 10.3 10.4 7.5 2.5 2 1 3 3 3
3442.5 1759.9 -3.9 203 0 7.6 7.6 5.0 2.5 2 1 2 4 4
3652.1 1639.9 -5.8 38 0 9.2 6.7 7.5 2.5 2 0 3 2 2
4027.2 1786.7 0.6 24 0 7.2 10.2 5.0 2.5 2 1 2 4 4
3460.2 1780.4 -3.0 196 0 7.2 8.5 2.5 2.5 2 1 1 0 0
4096.1 1570.2 0.7 293 0 7.6 10.9 5.0 2.5 4 1 2 2 2
3526.1 1759.6 -2.3 118 0 11.3 6.7 7.5 2.5 2 0 3 5 5
4192.1 1628.1 -0.5 212 0 12.4 12.4 10.0 2.5 2 0 4 3 3
3903.6 1729.3 -0.0 115 0 38.8 6.9 10.0 2.5 2 0 4 3 3
3598.6 1891.1 -1.0 292 0 9.5 10.8 7.5 2.5 2 1 3 0 0
4053.2 1460.2 -2.8 213 0 10.8 7.6 7.5 2.5 2 0 3 3 3
4217.8 1598.5 -1.0 207 0 14.2 13.1 7.5 2.5 2 0 3 4 4
3477.2 1767.9 -3.0 197 0 6.9 8.0 7.5 2.5 2 1 3 5 5
4200.8 1293.6 -1.1 207 0 6.0 10.5 10.0 2.5 2 1 4 2 2
3543.8 1759.0 -2.0 108 0 13.2 7.2 7.5 2.5 2 0 3 3 3
4223.9 1864.5 0.1 300 0 9.4 7.9 7.5 2.5 2 0 3 5 5
4319.9 1863.5 -0.8 109 0 14.8 9.9 5.0 2.5 2 0 2 3 3
3568.3 1692.6 -3.5 191 0 9.1 8.9 7.5 2.5 2 0 3 0 0
4280.3 1793.2 -0.0 295 0 8.4 8.1 7.5 2.5 2 0 3 1 1
3943.4 1909.2 0.6 291 0 13.1 9.3 5.0 2.5 2 0 2 2 2
4447.3 1385.8 -1.8 29 0 7.1 13.4 5.0 2.5 2 1 2 5 5
4255.7 1429.2 -1.0 28 0 8.1 8.6 5.0 2.5 2 1 2 1 1
3460.6 1860.8 -2.2 202 0 13.4 10.8 10.0 2.5 2 0 4 3 3
3491.3 1697.2 -4.7 110 0 8.7 6.6 7.5 2.5 2 0 3 2 2
3721.4 1859.0 0.6 304 0 8.4 8.8 7.5 2.5 2 1 3 3 3
3975.3 1756.9 0.9 44 0 6.3 16.2 5.0 0.0 0 1 2 1 1
3517.9 1743.1 -2.9 118 0 8.6 7.6 5.0 2.5 2 0 2 4 4
3960.8 1637.7 -3.1 289 0 11.1 8.9 7.5 2.5 2 0 3 1 1
4072.0 1612.1 1.3 287 0 16.5 7.3 5.0 0.0 0 0 2 4 4
4349.6 1710.1 0.1 299 0 16.8 11.1 5.0 2.5 2 0 2 5 5
3685.4 1858.1 -0.1 295 0 7.1 11.9 7.5 2.5 4 1 3 2 2
4353.3 1500.7 0.4 38 0 9.8 12.5 5.0 2.5 2 1 2 4 4
3517.3 1782.8 -2.3 205 0 6.4 9.7 10.0 2.5 2 1 4 5 5
3504.2 1746.7 -3.0 117 0 6.5 7.1 5.0 2.5 4 1 2 5 5
3952.4 1642.2 -3.6 286 0 10.4 31.0 12.5 2.5 2 1 5 3 3
3542.2 1622.8 -6.0 120 0 9.4 11.4 7.5 2.5 2 1 3 1 1
3621.1 1874.5 -0.8 298 0 11.3 6.8 5.0 2.5 4 0 2 2 2
4378.2 1455.5 0.3 30 0 13.2 12.9 7.5 0.0 0 0 3 5 5
3432.0 1778.0 -3.6 192 0 8.1 8.4 7.5 2.5 2 1 3 5 5
4347.7 1552.1 -0.9 24 0 10.1 11.5 5.0 2.5 2 1 2 3 3
4181.0 1331.5 -0.9 122 0 8.9 10.3 10.0 2.5 2 1 4 3 3
4434.1 1289.4 -1.0 14 0 6.6 15.0 5.0 2.5 2 1 2 5 5
4071.3 1788.2 1.5 205 0 10.6 12.3 7.5 2.5 2 1 3 5 5
3633.4 1687.2 -3.8 19 0 6.9 9.3 7.5 2.5 2 1 3 5 5
3590.5 1683.1 -3.8 125 0 9.3 6.8 5.0 2.5 2 0 2 2 2
3452.6 1749.6 -4.1 197 0 10.5 8.0 2.5 2.5 2 0 1 3 3
3442.2 1710.5 -5.2 124 0 8.4 7.7 7.5 2.5 2 0 3 1 1
4136.9 1382.4 -1.8 104 0 12.1 10.4 5.0 2.5 2 0 2 4 4
3507.1 1904.1 -0.5 22 0 9.0 15.8 7.5 2.5 2 1 3 1 1
4358.1 1524.5 0.1 30 0 8.0 10.8 7.5 2.5 4 1 3 2 2
4271.2 1544.2 -1.4 18 0 6.7 11.7 5.0 2.5 2 1 2 5 5
4093.0 1402.4 -2.6 133 0 9.5 6.8 7.5 2.5 2 0 3 5 5
4155.9 1258.8 -2.7 205 0 9.8 9.7 2.5 2.5 4 0 1 0 0
3491.6 1817.8 -3.3 184 0 7.6 8.8 7.5 2.5 2 1 3 5 5
4220.2 1912.0 -0.4 208 0 11.2 12.6 7.5 2.5 2 1 3 3 3
4347.0 1407.2 0.1 24 0 12.5 11.5 7.5 2.5 2 0 3 1 1
3644.3 1699.0 -3.3 25 0 7.1 9.7 7.5 2.5 2 1 3 1 1
3484.3 1726.6 -4.0 107 0 9.8 6.7 5.0 2.5 2 0 2 1 1
4207.1 1364.2 -0.4 205 0 11.1 9.7 7.5 2.5 2 0 3 1 1
4162.2 1866.2 0.6 275 0 14.2 10.5 7.5 2.5 2 0 3 4 4
3570.5 1802.5 -2.6 299 0 7.3 9.6 5.0 2.5 2 1 2 3 3
3458.9 1767.0 -3.4 195 0 6.2 6.7 7.5 2.5 2 1 3 0 0
4286.2 1249.1 -0.4 203 0 12.7 8.9 5.0 2.5 2 0 2 3 3
4194.2 1582.2 -0.6 204 0 11.7 12.8 5.0 2.5 2 1 2 3 3
3642.1 1729.4 -1.7 29 0 7.0 14.7 10.0 2.5 2 1 4 2 2
4218.7 1282.9 -1.0 201 0 9.3 8.1 7.5 2.5 2 0 3 1 1
3620.0 1855.7 -1.2 305 0 7.2 8.1 7.5 2.5 2 1 3 1 1
4214.1 1840.0 0.5 305 0 12.2 11.7 2.5 2.5 2 0 1 4 4
3602.8 1797.0 -2.1 294 0 10.2 8.1 7.5 2.5 2 0 3 0 0
4245.8 1802.2 0.5 300 0 12.9 9.1 5.0 0.0 0 0 2 0 0
3719.3 1716.2 -2.3 30 0 9.3 9.4 10.0 2.5 2 1 4 2 2
3532.0 1641.3 -5.5 123 0 7.6 10.1 5.0 2.5 2 1 2 2 2
4273.3 1405.5 -0.0 13 0 7.1 10.8 7.5 2.5 2 1 3 2 2
4282.6 1756.5 0.4 20 0 7.8 10.6 2.5 2.5 2 1 1 5 5
3688.6 1875.0 0.4 214 0 9.3 12.7 5.0 2.5 2 1 2 1 1
4374.9 1272.6 -0.3 107 0 12.2 9.9 5.0 2.5 2 0 2 1 1
4013.9 1706.1 0.0 208 0 16.8 10.0 7.5 2.5 2 0 3 4 4
4364.0 1669.4 1.1 281 0 9.5 10.6 7.5 2.5 2 1 3 0 0
4360.2 1328.0 -0.5 297 0 14.4 16.8 10.0 2.5 2 1 4 0 0
3728.8 1745.9 -0.9 35 0 6.1 12.2 10.0 0.0 0 1 4 2 2
4077.0 1418.3 -1.8 109 0 9.3 8.2 5.0 2.5 2 0 2 3 3
3615.0 1637.5 -5.7 112 0 9.5 7.6 7.5 2.5 2 0 3 0 0
3685.6 1768.9 -0.7 301 0 6.8 10.5 5.0 2.5 4 1 2 4 4
3542.3 1832.4 -3.0 319 0 6.2 8.3 7.5 2.5 2 1 3 1 1
3950.9 1682.2 -1.3 131 0 12.5 16.3 5.0 2.5 2 1 2 0 0
3741.5 1767.8 -0.6 300 0 9.4 10.4 2.5 2.5 2 1 1 4 4
3945.7 1870.2 0.0 294 0 10.2 11.6 7.5 2.5 2 1 3 1 1
3625.2 1647.2 -5.4 117 0 9.2 10.8 5.0 2.5 2 1 2 3 3
3715.5 1838.4 0.2 294 0 11.3 6.1 5.0 2.5 2 0 2 2 2
3855.3 1691.8 -1.3 205 0 6.8 8.4 5.0 2.5 2 1 2 2 2
3513.0 1707.8 -4.0 110 0 8.7 6.1 7.5 0.0 0 0 3 2 2
4015.7 1402.4 -2.9 223 0 13.5 9.5 2.5 2.5 2 0 1 0 0
3889.0 1793.8 -0.3 218 0 9.7 12.5 5.0 2.5 2 1 2 4 4
3883.7 1720.5 -0.3 130 0 38.3 6.5 2.5 2.5 2 0 1 2 2
4450.1 1648.8 1.8 33 0 10.2 9.8 5.0 0.0 0 0 2 1 1
4284.3 1487.1 -1.3 39 0 9.7 7.5 7.5 2.5 2 0 3 5 5
3570.4 1844.5 -2.2 223 0 10.8 8.7 2.5 2.5 2 0 1 4 4
4208.2 1244.7 -1.8 101 0 9.5 9.9 10.0 2.5 2 1 4 4 4
4419.4 1540.8 1.6 13 0 11.7 10.8 7.5 2.5 2 0 3 5 5
3607.6 1759.2 -1.9 14 0 8.3 12.1 7.5 2.5 2 1 3 0 0
4106.5 1643.7 1.2 117 0 9.2 12.1 2.5 2.5 4 1 1 5 5
6464.9 6848.7 -9.8 288 0 41.2 60.9 12.5 0.0 0 1 5 0 0
6665.8 6266.3 -8.1 280 0 32.5 63.0 12.5 0.0 0 1 5 3 3
6055.2 6634.9 -4.2 22 0 19.7 15.5 10.0 2.5 2 0 4 3 3
5221.4 6847.8 -3.6 293 0 58.9 94.6 10.0 0.0 0 1 4 0 0
1244.2 4896.2 -2.2 284 0 19.6 34.5 10.0 0.0 0 1 4 0 0
6480.0 -1809.5 -7.8 5 0 41.9 26.0 15.0 0.0 0 0 6 4 4
6480.1 -2359.6 -6.3 265 0 56.1 103.6 10.0 0.0 0 1 4 4 4
5090.1 4149.0 -2.5 185 0 53.0 25.8 7.5 2.5 2 0 3 0 0
1853.4 6469.6 -0.6 29 0 13.1 13.4 5.0 2.5 2 1 2 4 4
6408.7 29.7 -6.4 295 0 10.7 38.1 2.5 0.0 0 1 1 0 0
5765.1 3859.0 -2.8 15 0 12.8 7.8 2.5 0.0 0 0 1 4 4
5776.4 3789.9 -3.0 107 0 11.2 16.7 10.0 2.5 2 1 4 0 0
5804.4 3782.8 -2.7 15 0 7.9 11.7 5.0 2.5 4 1 2 1 1
5735.9 3790.2 -3.0 109 0 17.1 12.6 7.5 2.5 2 0 3 5 5
5743.9 3845.5 -3.1 289 0 9.1 13.3 5.0 2.5 2 1 2 0 0
5806.1 3829.4 -3.1 23 0 14.0 9.1 7.5 2.5 2 0 3 1 1
5824.6 3851.2 -3.1 9 0 12.7 10.7 7.5 2.5 2 0 3 2 2
5794.3 3856.1 -2.9 16 0 9.8 15.5 2.5 2.5 2 1 1 1 1
5778.5 3878.3 -2.4 18 0 12.6 9.6 10.0 2.5 2 0 4 5 5
5734.4 3872.8 -2.6 292 0 12.3 11.8 5.0 2.5 2 0 2 2 2
5698.7 3878.7 -2.6 291 0 11.9 12.1 7.5 2.5 2 1 3 5 5
5836.5 4028.5 -2.6 9 0 53.7 27.3 7.5 0.0 0 0 3 3 3
5738.5 3930.9 -1.6 198 0 15.7 14.8 5.0 2.5 2 0 2 4 4
5727.0 3934.7 -1.8 111 0 9.6 14.4 2.5 2.5 2 1 1 3 3
5710.7 3946.1 -1.8 115 0 10.0 11.4 2.5 2.5 2 1 1 5 5
5813.7 3775.4 -2.5 97 0 7.9 11.4 2.5 2.5 2 1 1 0 0
5813.9 3916.9 -1.7 20 0 10.8 9.3 7.5 2.5 2 0 3 1 1
5817.3 3891.8 -2.4 12 0 19.2 8.2 7.5 2.5 4 0 3 5 5
5768.5 3905.6 -1.9 202 0 8.9 9.9 2.5 2.5 2 1 1 2 2
5778.0 3916.3 -1.6 199 0 10.2 10.6 7.5 2.5 2 1 3 2 2
5780.6 3974.9 -2.4 287 0 10.3 8.7 5.0 2.5 2 0 2 1 1
5749.9 4001.7 -3.4 19 0 10.0 10.1 7.5 2.5 2 1 3 0 0
5791.0 3944.0 -1.7 289 0 9.1 9.7 7.5 2.5 2 1 3 1 1
5685.9 3776.9 -3.4 116 0 9.3 13.2 10.0 2.5 2 1 4 3 3
5651.9 3852.6 -3.6 116 0 9.2 14.2 5.0 2.5 2 1 2 3 3
5631.6 3929.8 -2.1 294 0 11.2 14.3 2.5 2.5 4 1 1 0 0
5598.9 3929.2 -1.5 107 0 12.0 11.8 7.5 0.0 0 0 3 1 1
5651.6 3961.9 -1.6 12 0 14.4 13.3 5.0 2.5 2 0 2 3 3
5580.5 3966.9 -1.4 289 0 9.2 10.3 10.0 2.5 2 1 4 2 2
5582.6 3998.9 -1.9 15 0 12.0 12.1 10.0 0.0 0 1 4 2 2
5554.0 4017.4 -2.0 287 0 11.5 11.7 7.5 2.5 2 1 3 4 4
5540.0 3950.4 -1.3 193 0 18.0 11.1 5.0 2.5 2 0 2 1 1
5560.7 3862.6 -3.5 104 0 12.3 12.9 10.0 2.5 4 1 4 0 0
5510.4 4017.7 -1.9 197 0 12.2 10.1 7.5 2.5 2 0 3 2 2
5860.0 3798.6 -2.8 15 0 14.7 10.2 2.5 2.5 2 0 1 2 2
5844.4 3831.7 -3.1 192 0 13.8 11.0 7.5 2.5 2 0 3 5 5
5873.4 3847.3 -3.2 17 0 12.6 8.5 2.5 2.5 2 0 1 3 3
5855.5 3895.4 -2.5 200 0 13.6 10.1 2.5 2.5 2 0 1 2 2
5753.1 6852.4 -4.6 299 0 8.9 41.5 12.5 2.5 4 1 5 5 5
5760.3 6856.3 -4.6 26 0 8.0 8.5 5.0 2.5 2 1 2 5 5
5890.2 6739.1 -3.8 40 0 7.4 9.8 7.5 2.5 2 1 3 1 1
5895.4 6621.7 -6.2 3 0 12.1 8.7 10.0 2.5 2 0 4 1 1
5906.9 6641.7 -5.5 112 0 8.1 10.0 10.0 2.5 2 1 4 4 4
5927.7 6676.8 -4.6 292 0 7.9 12.9 7.5 2.5 2 1 3 3 3
5931.2 6642.0 -5.2 112 0 11.1 13.7 7.5 2.5 2 1 3 1 1
6012.0 6600.9 -5.0 291 0 11.1 11.1 5.0 2.5 2 1 2 1 1
6092.4 6518.8 -4.1 21 0 12.7 6.1 7.5 2.5 2 0 3 3 3
6078.9 6562.9 -4.6 301 0 7.2 16.6 2.5 2.5 2 1 1 3 3
6108.3 6544.4 -4.3 32 0 14.3 7.9 7.5 2.5 2 0 3 3 3
6039.9 6536.8 -4.8 107 0 6.9 18.1 7.5 2.5 2 1 3 3 3
4226.6 3518.0 -3.7 105 0 9.6 9.9 14.0 3.5 2 1 4 4 4
4242.1 3549.6 -4.0 280 0 26.6 10.3 14.0 3.5 2 0 4 5 5
4565.5 3833.2 -2.6 110 0 8.4 10.4 5.0 2.5 2 1 2 2 2
4582.0 3868.8 -3.0 304 0 9.0 12.7 5.0 2.5 2 1 2 0 0
4497.3 3815.5 -0.9 192 0 9.0 10.0 2.5 2.5 2 1 1 3 3
4408.4 3815.1 -1.5 193 0 10.9 15.0 5.0 0.0 0 1 2 1 1
4377.0 3746.9 -3.1 182 0 15.4 14.8 2.5 2.5 2 0 1 0 0
4399.5 3662.6 -4.7 107 0 17.2 14.9 10.0 2.5 2 0 4 5 5
1462.2 5366.9 -0.8 116 0 9.8 13.5 7.5 2.5 2 1 3 4 4
1262.5 5353.5 -3.4 113 0 10.1 9.4 7.5 2.5 2 0 3 0 0
1237.5 5406.2 -1.6 205 0 6.8 6.2 7.5 0.0 0 0 3 0 0
1349.2 5341.4 -2.9 283 0 7.0 6.9 7.5 0.0 0 0 3 2 2
1364.7 5338.4 -2.7 13 0 8.4 6.7 5.0 2.5 2 0 2 2 2
1381.5 5347.8 -2.6 13 0 9.0 13.9 7.5 2.5 2 1 3 3 3
1319.4 5288.3 -2.8 197 0 10.9 10.9 7.5 2.5 2 0 3 1 1
1150.8 5351.4 -4.0 293 0 8.2 7.8 7.5 2.5 4 0 3 3 3
5092.8 287.1 -1.7 189 0 8.3 9.0 5.0 2.5 2 1 2 0 0
5124.8 277.7 -0.9 194 0 7.6 9.6 7.5 2.5 2 1 3 3 3
5137.5 303.2 -0.6 284 0 8.6 10.3 7.5 2.5 2 1 3 0 0
5158.7 68.5 -0.2 21 0 9.0 9.9 7.5 2.5 2 1 3 5 5
5155.3 211.7 -0.6 95 0 12.4 15.2 5.0 2.5 2 1 2 5 5
5159.8 135.3 -0.4 36 0 9.3 9.9 7.5 2.5 4 1 3 1 1
5183.6 154.2 -0.7 12 0 9.9 11.2 5.0 2.5 2 1 2 4 4
5181.6 182.4 -0.5 280 0 9.7 12.4 10.0 2.5 2 1 4 0 0
5146.1 161.0 -0.4 206 0 14.7 10.5 7.5 0.0 0 0 3 5 5
5097.0 211.4 -1.9 97 0 15.5 15.5 10.0 2.5 2 1 4 5 5
5113.2 241.7 -1.4 194 0 10.6 8.1 5.0 2.5 2 0 2 5 5
5128.1 211.4 -1.2 92 0 8.0 15.3 5.0 2.5 2 1 2 4 4
5116.9 179.9 -1.9 4 0 14.2 23.7 7.5 0.0 0 1 3 2 2
5127.4 125.4 -0.2 207 0 15.2 13.5 5.0 2.5 2 0 2 3 3
5112.4 21.8 -0.1 196 0 9.5 8.2 5.0 2.5 2 0 2 3 3
5113.5 58.2 0.3 190 0 17.2 11.7 2.5 0.0 0 0 1 5 5
5113.6 103.0 0.1 203 0 9.7 6.3 5.0 2.5 2 0 2 5 5
5055.7 74.1 0.2 12 0 9.5 10.3 5.0 2.5 2 1 2 4 4
5079.7 61.6 0.1 8 0 16.9 13.9 5.0 2.5 2 0 2 2 2
5062.7 -63.8 -1.7 279 0 9.2 15.6 7.5 2.5 2 1 3 5 5
5070.4 -22.1 -1.2 2 0 7.1 10.2 7.5 2.5 2 1 3 5 5
5019.2 -5.4 -1.3 179 0 11.3 12.3 5.0 2.5 2 1 2 2 2
5028.6 -51.6 -1.8 81 0 8.7 10.0 2.5 2.5 2 1 1 2 2
6710.1 -6142.9 -6.4 295 0 7.5 18.9 5.0 2.5 2 1 2 0 0
6792.8 -6201.3 -7.5 293 0 11.7 23.1 7.5 2.5 2 1 3 2 2
6856.3 -6313.5 -4.8 182 0 15.2 15.0 5.0 2.5 4 0 2 4 4
4470.7 4538.6 0.9 30 0 11.3 7.1 2.5 2.5 2 0 1 4 4
4576.9 4609.1 1.2 196 0 8.6 7.9 2.5 2.5 2 0 1 1 1
4574.8 4703.4 0.7 103 0 9.7 14.5 2.5 2.5 2 1 1 5 5
4626.6 4606.0 1.2 27 0 11.8 9.2 7.5 2.5 2 0 3 3 3
4644.7 4642.4 1.1 298 0 13.4 8.9 5.0 2.5 2 0 2 3 3
4622.4 4673.7 0.9 117 0 28.0 11.0 7.5 2.5 2 0 3 5 5
4649.9 4657.5 0.9 111 0 8.0 18.3 7.5 2.5 2 1 3 1 1
1185.4 5036.0 -4.9 19 0 14.3 14.5 5.0 2.5 2 1 2 4 4
