3197.8 -6226.0 -3.3 216 0 9.7 8.2 7.5 2.5 2 0 3 5 5
3210.1 -6137.1 -3.4 304 0 8.0 12.5 2.5 2.5 2 0 1 5 5
3394.2 -6074.5 -3.6 19 0 8.9 19.7 7.5 2.5 2 0 3 0 0
3155.5 -6312.0 -2.0 284 0 10.6 7.6 7.5 2.5 2 0 3 1 1
3424.8 -6020.3 -5.3 117 0 7.4 6.6 5.0 2.5 2 0 2 3 3
3265.8 -5839.5 -1.9 212 0 13.9 7.0 7.5 2.5 2 0 3 1 1
3381.8 -6012.2 -3.8 108 0 13.5 11.2 10.0 2.5 2 0 4 0 0
3220.5 -5871.2 -1.5 230 0 7.4 9.2 5.0 2.5 2 0 2 3 3
3081.7 -6064.3 -3.6 113 0 13.5 7.5 7.5 2.5 2 0 3 3 3
3181.6 -6152.8 -3.2 212 0 9.3 8.1 7.5 2.5 2 0 3 1 1
3290.0 -6136.9 -3.7 126 0 8.2 8.3 7.5 2.5 2 1 3 5 5
3198.8 -6129.0 -3.3 297 0 8.4 15.5 7.5 2.5 4 1 3 2 2
3191.3 -6026.7 -3.6 117 0 10.7 7.1 7.5 2.5 2 0 3 0 0
3336.8 -6172.2 -4.3 140 0 9.2 7.4 7.5 2.5 2 0 3 0 0
3078.8 -6262.0 -3.0 118 0 11.0 7.7 10.0 0.0 0 0 4 2 2
3100.9 -6323.6 -2.3 295 0 9.8 7.4 5.0 2.5 2 0 2 4 4
3152.7 -6232.2 -2.7 216 0 8.7 10.1 7.5 2.5 2 1 3 4 4
3235.6 -6197.0 -3.8 126 0 8.2 7.5 5.0 0.0 0 0 2 0 0
3194.2 -6016.5 -3.5 127 0 8.1 8.9 10.0 2.5 2 0 4 2 2
3164.1 -6564.8 -5.4 115 0 20.9 7.7 2.5 2.5 2 0 1 2 2
3148.9 -6010.7 -3.8 126 0 11.9 10.2 10.0 2.5 2 0 4 3 3
3308.4 -6097.6 -3.7 16 0 7.9 9.1 7.5 2.5 2 1 3 5 5
3267.0 -5961.9 -2.5 29 0 10.8 7.6 10.0 2.5 2 0 4 4 4
3237.0 -6392.7 -2.4 119 0 17.7 15.9 15.0 0.0 0 0 6 4 4
3219.1 -6249.7 -3.4 122 0 11.0 16.8 7.5 0.0 0 1 3 3 3
3316.3 -6154.3 -4.0 137 0 6.6 9.1 7.5 2.5 2 1 3 1 1
3280.3 -5777.8 -3.5 308 0 15.8 8.0 2.5 2.5 2 0 1 4 4
3144.1 -6064.3 -3.3 294 0 6.5 8.0 7.5 2.5 2 1 3 3 3
3123.6 -6078.8 -3.2 19 0 7.4 6.1 7.5 2.5 2 0 3 2 2
3177.0 -6239.6 -2.7 302 0 16.1 12.4 7.5 2.5 4 0 3 1 1
3097.4 -6122.4 -3.2 96 0 8.5 7.0 5.0 2.5 2 0 2 0 0
3281.1 -6122.3 -3.7 113 0 7.4 7.6 7.5 2.5 2 1 3 2 2
3086.8 -6557.0 -5.3 311 0 10.6 15.2 7.5 0.0 0 1 3 1 1
3295.4 -6109.6 -3.8 12 0 10.8 10.6 7.5 2.5 2 0 3 5 5
3181.9 -5905.5 -2.4 38 0 9.7 10.6 7.5 2.5 2 0 3 3 3
3090.3 -6608.4 -4.8 135 0 12.0 7.5 5.0 2.5 2 0 2 5 5
3142.3 -6222.9 -2.8 15 0 6.0 8.8 7.5 2.5 4 1 3 2 2
3177.5 -6378.1 -2.2 308 0 9.0 20.6 5.0 2.5 2 1 2 5 5
3211.0 -5950.5 -2.7 131 0 7.5 13.7 5.0 2.5 2 0 2 1 1
3119.8 -6142.0 -2.9 297 0 9.9 9.1 5.0 2.5 2 0 2 0 0
3173.8 -6023.5 -3.7 123 0 8.4 8.0 2.5 2.5 2 0 1 5 5
3289.7 -6079.7 -3.6 200 0 8.5 10.0 7.5 2.5 2 1 3 2 2
3302.8 -6257.0 -4.6 298 0 12.5 9.1 7.5 2.5 2 0 3 2 2
3273.4 -6009.3 -3.1 206 0 9.6 7.2 7.5 2.5 2 0 3 4 4
3374.5 -5997.6 -3.3 114 0 9.3 11.1 7.5 2.5 2 0 3 5 5
3223.0 -5895.9 -1.8 214 0 9.0 12.5 5.0 2.5 2 0 2 1 1
3197.0 -6440.2 -3.1 113 0 29.3 10.5 10.0 2.5 2 0 4 1 1
3099.3 -6525.9 -5.6 98 0 6.2 10.2 5.0 2.5 2 1 2 4 4
3417.4 -5911.6 -4.8 17 0 9.8 12.4 5.0 2.5 2 0 2 5 5
3056.4 -6080.2 -3.9 289 0 9.3 12.0 5.0 2.5 2 0 2 3 3
3193.8 -6213.7 -3.4 189 0 8.5 8.2 7.5 0.0 0 0 3 3 3
3104.4 -5877.1 -3.8 151 0 9.8 15.0 7.5 2.5 2 0 3 4 4
3173.5 -6428.0 -2.9 118 0 13.9 7.3 10.0 2.5 2 0 4 2 2
3210.4 -6213.2 -3.5 211 0 6.9 6.5 7.5 2.5 2 0 3 0 0
3210.0 -6096.8 -3.4 198 0 11.6 9.1 5.0 2.5 2 0 2 3 3
3093.4 -6305.8 -2.4 118 0 8.2 16.9 7.5 0.0 0 1 3 5 5
3398.3 -6109.9 -5.7 210 0 10.5 8.1 7.5 2.5 2 0 3 0 0
3166.6 -5996.1 -3.6 135 0 7.3 11.8 2.5 2.5 2 0 1 1 1
3061.4 -6264.7 -3.1 14 0 9.0 8.6 5.0 2.5 2 0 2 1 1
3153.5 -6386.1 -2.4 303 0 9.9 6.9 7.5 2.5 2 0 3 3 3
3400.6 -6015.3 -4.4 106 0 8.1 15.9 7.5 2.5 2 0 3 2 2
3217.1 -6450.1 -3.2 121 0 9.5 24.3 2.5 2.5 4 1 1 1 1
3080.0 -6461.5 -4.6 225 0 11.8 9.4 10.0 2.5 2 0 4 0 0
3225.0 -6141.3 -3.6 201 0 7.9 11.1 5.0 2.5 2 1 2 2 2
3122.5 -6424.2 -3.5 282 0 8.6 6.9 2.5 2.5 2 0 1 3 3
3214.4 -6319.5 -1.8 299 0 21.2 27.7 10.0 2.5 2 1 4 1 1
3242.1 -5903.5 -1.9 206 0 9.6 9.9 7.5 2.5 2 0 3 3 3
3078.1 -6374.7 -2.9 202 0 7.1 11.3 7.5 2.5 2 1 3 2 2
3064.0 -6369.8 -3.1 11 0 7.6 11.7 2.5 2.5 2 1 1 2 2
3235.8 -5755.5 -4.0 325 0 10.2 9.8 5.0 2.5 2 0 2 2 2
3236.8 -5849.8 -1.7 217 0 9.1 12.4 7.5 2.5 2 0 3 4 4
3103.3 -5933.2 -3.4 152 0 12.1 10.9 7.5 2.5 2 0 3 5 5
3080.7 -6363.7 -2.8 203 0 13.2 12.3 2.5 2.5 2 0 1 4 4
3220.2 -6201.0 -3.6 290 0 6.7 7.5 2.5 2.5 2 1 1 0 0
3283.9 -6162.2 -4.0 26 0 10.2 9.3 5.0 2.5 2 0 2 2 2
3155.1 -6161.0 -2.8 277 0 7.8 8.7 10.0 2.5 2 0 4 5 5
3209.6 -5989.9 -3.4 299 0 16.6 8.7 10.0 2.5 2 0 4 2 2
3131.0 -6296.5 -2.1 293 0 7.9 11.1 7.5 2.5 2 1 3 5 5
3311.1 -6129.8 -3.9 195 0 11.3 13.3 7.5 2.5 2 1 3 1 1
3201.8 -6429.5 -2.7 118 0 32.9 10.5 10.0 2.5 2 0 4 0 0
3126.3 -6052.2 -3.5 27 0 13.2 8.8 7.5 2.5 2 0 3 5 5
3270.7 -5922.9 -2.2 24 0 10.7 6.0 10.0 2.5 2 0 4 0 0
3159.5 -6408.3 -2.5 117 0 17.4 6.6 5.0 2.5 4 0 2 3 3
3174.3 -6227.3 -3.1 127 0 7.4 9.5 7.5 2.5 2 1 3 2 2
3090.3 -6180.5 -3.6 298 0 6.3 6.1 5.0 2.5 2 0 2 1 1
3292.0 -5981.5 -2.8 36 0 9.2 9.4 2.5 2.5 2 0 1 3 3
3118.5 -6356.2 -2.4 277 0 7.0 6.7 7.5 2.5 2 0 3 5 5
3172.8 -6416.7 -2.5 116 0 7.0 9.2 10.0 2.5 2 1 4 4 4
3266.1 -6043.7 -3.4 12 0 8.0 6.4 5.0 2.5 2 0 2 5 5
3058.6 -6505.2 -5.7 298 0 8.8 16.2 5.0 2.5 2 1 2 2 2
3257.7 -5853.2 -1.6 217 0 9.7 7.4 5.0 2.5 2 0 2 5 5
3374.2 -6161.5 -6.6 203 0 9.1 18.0 2.5 2.5 2 0 1 0 0
3074.4 -6280.1 -2.8 201 0 15.5 10.5 7.5 2.5 2 0 3 5 5
3387.7 -5998.4 -3.6 97 0 8.6 11.8 7.5 2.5 2 0 3 2 2
3298.0 -5807.1 -2.6 299 0 11.6 11.7 7.5 2.5 2 0 3 2 2
3158.6 -6586.3 -5.6 301 0 7.1 13.1 7.5 2.5 2 1 3 4 4
3346.0 -5992.3 -3.2 105 0 8.8 13.1 5.0 2.5 2 0 2 1 1
3325.5 -5996.8 -3.1 96 0 6.7 10.4 5.0 2.5 2 0 2 1 1
3158.8 -6104.4 -3.1 105 0 9.2 13.3 5.0 2.5 2 1 2 1 1
3280.7 -5930.1 -2.3 12 0 15.2 6.0 5.0 2.5 2 0 2 3 3
3282.2 -6064.3 -3.5 204 0 8.2 13.7 2.5 2.5 2 1 1 1 1
3303.7 -5920.1 -2.4 30 0 10.1 17.9 5.0 2.5 2 1 2 3 3
3212.6 -6163.3 -3.5 216 0 8.0 10.1 10.0 2.5 2 1 4 5 5
3092.8 -6417.0 -3.5 297 0 7.6 6.0 5.0 2.5 2 0 2 4 4
3097.8 -6245.8 -2.9 189 0 10.8 14.5 7.5 2.5 2 1 3 2 2
3192.9 -5838.2 -2.5 58 0 11.6 11.0 7.5 0.0 0 0 3 3 3
3351.2 -6035.4 -3.3 199 0 7.9 8.2 2.5 2.5 4 1 1 5 5
3115.0 -6320.1 -2.1 115 0 12.4 12.6 5.0 2.5 2 1 2 4 4
3252.8 -6030.7 -3.3 181 0 7.3 8.7 7.5 2.5 2 1 3 3 3
3145.7 -6270.0 -2.3 202 0 6.5 15.9 7.5 0.0 0 1 3 4 4
3370.0 -6009.2 -3.3 100 0 10.9 10.3 7.5 2.5 2 0 3 5 5
3185.5 -5955.6 -3.1 320 0 9.2 7.4 2.5 2.5 2 0 1 1 1
3118.2 -6125.2 -2.8 118 0 9.2 6.1 7.5 2.5 2 0 3 1 1
3114.1 -6538.7 -5.6 119 0 12.1 13.8 7.5 2.5 2 1 3 5 5
3320.4 -5866.6 -2.1 40 0 10.5 8.1 7.5 2.5 2 0 3 4 4
3143.5 -6097.6 -3.1 100 0 6.4 10.6 5.0 2.5 2 1 2 0 0
3160.8 -6074.8 -3.2 270 0 8.7 9.7 7.5 0.0 0 1 3 4 4
3077.1 -6172.7 -3.6 209 0 7.9 8.0 7.5 2.5 2 1 3 3 3
3125.5 -6213.5 -3.0 292 0 8.5 6.0 7.5 2.5 4 0 3 4 4
3173.8 -5845.2 -2.8 52 0 8.9 9.4 5.0 2.5 4 1 2 5 5
3147.2 -6250.9 -2.5 204 0 21.0 15.3 7.5 2.5 2 0 3 2 2
3242.3 -6076.8 -3.6 290 0 10.6 11.2 2.5 2.5 2 1 1 0 0
3195.7 -6383.3 -1.9 304 0 17.6 6.9 5.0 2.5 4 0 2 4 4
3212.5 -5883.1 -1.8 215 0 9.0 7.4 2.5 2.5 2 0 1 0 0
3320.8 -6097.4 -3.7 190 0 9.8 9.0 10.0 2.5 2 0 4 0 0
3243.6 -5822.7 -2.6 213 0 14.4 10.2 5.0 2.5 2 0 2 4 4
3112.0 -6446.1 -4.1 286 0 9.6 7.4 7.5 2.5 4 0 3 4 4
3226.9 -5960.3 -2.7 140 0 9.2 7.4 7.5 2.5 2 0 3 1 1
3224.0 -6310.3 -1.9 285 0 7.0 7.5 2.5 2.5 2 1 1 4 4
3222.1 -6039.1 -3.4 39 0 8.4 8.0 5.0 2.5 4 0 2 4 4
3069.9 -6183.9 -3.8 209 0 6.0 10.1 5.0 2.5 2 1 2 1 1
3384.5 -6141.3 -6.0 206 0 22.0 10.2 7.5 2.5 2 0 3 1 1
3161.0 -5956.3 -3.3 315 0 10.7 6.3 7.5 2.5 4 0 3 2 2
3181.3 -5935.7 -2.7 140 0 7.5 10.2 7.5 2.5 2 1 3 4 4
3189.8 -6166.0 -3.3 131 0 6.8 9.8 10.0 2.5 4 1 4 3 3
3113.3 -6630.2 -5.3 134 0 19.9 10.9 5.0 2.5 2 0 2 0 0
3179.3 -6081.8 -3.2 278 0 10.8 9.0 2.5 2.5 4 0 1 5 5
3176.7 -6100.6 -3.1 98 0 10.8 9.9 5.0 2.5 2 0 2 1 1
3220.8 -6097.1 -3.4 206 0 6.5 7.0 5.0 2.5 2 1 2 5 5
3258.4 -6237.6 -3.9 212 0 9.2 11.3 7.5 2.5 2 1 3 4 4
3250.4 -5956.1 -2.4 122 0 9.4 11.8 5.0 2.5 2 1 2 3 3
3335.7 -6191.8 -4.6 302 0 10.0 12.1 10.0 2.5 2 1 4 0 0
3055.7 -6174.9 -4.1 23 0 6.6 9.6 7.5 2.5 2 1 3 4 4
3128.3 -6038.9 -3.6 28 0 9.0 6.0 7.5 2.5 2 0 3 3 3
3064.2 -6014.5 -3.9 124 0 16.5 8.1 10.0 2.5 2 0 4 0 0
3114.8 -6393.2 -2.8 112 0 16.6 9.2 5.0 0.0 0 0 2 3 3
3326.9 -6033.5 -3.3 29 0 14.5 7.6 7.5 2.5 2 0 3 1 1
3254.1 -6247.8 -3.6 213 0 9.2 6.8 2.5 2.5 2 0 1 4 4
3271.6 -5995.9 -2.9 42 0 6.4 9.2 7.5 2.5 2 1 3 3 3
3087.3 -5822.9 -4.2 69 0 9.5 7.2 10.0 2.5 2 0 4 3 3
3214.0 -6185.7 -3.5 90 0 10.0 13.3 2.5 2.5 2 1 1 4 4
3255.4 -5831.0 -2.2 221 0 13.9 9.7 7.5 0.0 0 0 3 0 0
3074.7 -6344.3 -2.7 15 0 7.1 7.2 7.5 2.5 2 1 3 4 4
3246.2 -6219.8 -3.9 301 0 7.3 12.6 5.0 2.5 2 1 2 3 3
3250.1 -6428.0 -4.1 206 0 7.2 19.6 2.5 2.5 2 1 1 5 5
3368.1 -6137.9 -4.0 24 0 11.3 26.6 7.5 2.5 2 1 3 2 2
3125.5 -6509.8 -5.2 106 0 11.1 16.9 5.0 0.0 0 1 2 5 5
3262.6 -6074.6 -3.6 114 0 8.2 7.9 5.0 0.0 0 0 2 0 0
3189.4 -6259.6 -2.5 290 0 13.1 6.1 5.0 2.5 2 0 2 3 3
3133.0 -6332.6 -2.0 122 0 10.5 15.4 7.5 2.5 2 1 3 2 2
3130.5 -6084.9 -3.1 212 0 8.9 10.5 5.0 2.5 2 1 2 0 0
3065.0 -6065.2 -3.8 302 0 9.1 9.8 2.5 2.5 2 1 1 5 5
3174.2 -6064.5 -3.5 113 0 9.0 7.3 7.5 2.5 2 0 3 1 1
3215.2 -6018.5 -3.5 314 0 11.1 12.4 5.0 2.5 2 1 2 4 4
3079.8 -6530.8 -5.6 311 0 10.8 14.9 7.5 2.5 2 1 3 0 0
3071.4 -6121.9 -3.6 305 0 7.9 10.1 5.0 2.5 2 1 2 0 0
3373.2 -6039.1 -3.5 282 0 20.3 7.4 7.5 0.0 0 0 3 3 3
3406.9 -5996.0 -4.3 108 0 9.7 10.6 7.5 2.5 2 1 3 2 2
3230.7 -6472.7 -4.6 202 0 32.8 8.0 10.0 2.5 2 0 4 5 5
3359.3 -6002.2 -3.2 106 0 9.6 15.5 2.5 2.5 2 1 1 0 0
3086.9 -6445.2 -4.2 200 0 8.8 6.7 7.5 2.5 2 0 3 4 4
3271.0 -6193.0 -4.1 35 0 7.9 13.0 7.5 2.5 4 1 3 0 0
3305.5 -6250.9 -4.7 120 0 11.5 7.4 7.5 2.5 2 0 3 0 0
3292.0 -5930.1 -2.4 21 0 10.3 8.9 5.0 2.5 2 0 2 3 3
3056.1 -6032.4 -4.1 31 0 8.1 12.4 7.5 2.5 2 1 3 0 0
3105.7 -6275.5 -2.6 50 0 7.4 9.2 5.0 2.5 2 1 2 2 2
3150.1 -6109.3 -2.9 296 0 8.6 11.3 2.5 0.0 0 1 1 3 3
3069.3 -6354.2 -2.8 24 0 6.9 6.0 7.5 0.0 0 0 3 1 1
3296.7 -5959.1 -2.7 20 0 8.0 9.2 10.0 2.5 2 1 4 1 1
3157.6 -5928.0 -2.9 45 0 7.9 9.2 7.5 2.5 2 1 3 5 5
3266.7 -6058.9 -3.5 18 0 11.8 7.4 10.0 2.5 2 0 4 5 5
3133.2 -6371.7 -2.4 283 0 7.5 8.8 5.0 2.5 2 1 2 5 5
3103.4 -6568.6 -5.2 313 0 8.3 11.9 7.5 2.5 2 1 3 3 3
3316.4 -5950.0 -2.8 187 0 6.1 7.9 2.5 2.5 2 1 1 2 2
3385.4 -5884.9 -2.8 304 0 8.0 10.5 7.5 2.5 2 1 3 3 3
3324.2 -5942.4 -2.8 198 0 9.8 7.1 7.5 2.5 2 0 3 3 3
3295.7 -6333.2 -5.3 205 0 24.0 9.0 2.5 2.5 2 0 1 3 3
3047.4 -6137.9 -3.9 124 0 9.3 11.2 7.5 2.5 2 1 3 3 3
3306.6 -6311.3 -5.6 209 0 9.4 10.1 5.0 2.5 2 1 2 0 0
3127.0 -6148.8 -2.8 304 0 7.4 6.8 2.5 2.5 2 0 1 5 5
3311.3 -5910.1 -2.4 27 0 8.0 14.0 10.0 2.5 2 1 4 5 5
3198.2 -6202.4 -3.4 203 0 8.1 7.5 7.5 2.5 2 0 3 4 4
3344.4 -6020.0 -3.2 183 0 7.9 6.6 7.5 2.5 2 0 3 1 1
3329.2 -6011.2 -3.2 289 0 10.7 6.2 7.5 2.5 2 0 3 5 5
3316.7 -5940.9 -2.7 195 0 8.3 7.0 7.5 2.5 4 0 3 2 2
3086.4 -5887.7 -4.2 58 0 7.0 8.2 7.5 2.5 2 1 3 0 0
3201.3 -6193.2 -3.4 209 0 8.1 10.3 10.0 2.5 2 1 4 1 1
3075.6 -6087.8 -3.6 284 0 13.7 8.6 2.5 2.5 2 0 1 4 4
3168.0 -6187.6 -3.1 117 0 8.0 17.2 5.0 2.5 2 1 2 3 3
3294.2 -5970.4 -2.8 14 0 7.0 6.4 2.5 2.5 2 0 1 4 4
3387.4 -6024.2 -4.0 287 0 15.1 8.3 5.0 0.0 0 0 2 1 1
3306.7 -5981.2 -3.0 195 0 13.3 7.8 7.5 2.5 2 0 3 5 5
3373.4 -6020.0 -3.4 287 0 6.5 7.4 5.0 0.0 0 1 2 1 1
3277.4 -6077.3 -3.6 201 0 6.0 7.7 7.5 2.5 2 1 3 0 0
3210.7 -6052.2 -3.5 124 0 8.0 11.7 10.0 2.5 2 1 4 0 0
3225.1 -5835.4 -2.3 209 0 9.9 13.4 7.5 2.5 2 1 3 2 2
3307.4 -6000.3 -3.0 102 0 10.1 10.0 5.0 2.5 4 0 2 3 3
3106.6 -6281.4 -2.4 298 0 8.1 10.8 7.5 2.5 2 1 3 5 5
3326.5 -6070.6 -3.5 180 0 7.1 6.3 5.0 2.5 2 0 2 5 5
3115.2 -6049.2 -3.5 356 0 9.7 11.1 7.5 2.5 2 0 3 4 4
3349.8 -5838.4 -2.2 21 0 8.6 6.3 7.5 0.0 0 0 3 3 3
3427.2 -5729.3 -0.8 31 0 10.3 7.9 2.5 2.5 2 0 1 4 4
3233.6 -5593.3 -3.0 122 0 6.2 7.6 5.0 2.5 2 1 2 3 3
3407.2 -5756.2 -1.8 118 0 10.6 15.8 10.0 2.5 2 1 4 1 1
3078.8 -6212.4 -3.5 120 0 11.1 10.2 5.0 2.5 2 0 2 1 1
