5432.3 -2025.3 -4.7 112 0 8.6 8.7 7.5 2.5 2 0 3 4 4
5139.9 -2179.4 -5.4 2 0 10.4 11.2 5.0 2.5 2 1 2 5 5
5120.1 -2168.8 -5.3 185 0 8.3 9.2 5.0 0.0 0 1 2 2 2
5530.8 -1874.2 -2.4 99 0 8.1 9.7 5.0 2.5 2 1 2 4 4
5534.9 -2250.6 -5.4 120 0 10.6 9.3 7.5 2.5 2 0 3 2 2
5610.1 -2029.7 -4.0 96 0 8.0 9.8 10.0 2.5 2 1 4 0 0
4992.5 -1937.8 -4.2 115 0 11.4 16.9 7.5 2.5 2 1 3 4 4
5209.0 -2119.8 -4.2 100 0 11.3 10.3 2.5 2.5 2 0 1 5 5
5035.6 -1614.0 -3.4 111 0 11.1 15.5 7.5 2.5 2 1 3 5 5
5042.8 -2295.3 -4.5 107 0 14.1 8.4 7.5 2.5 2 0 3 3 3
4425.8 -1319.5 -4.7 270 0 12.0 8.5 5.0 2.5 2 0 2 1 1
4830.3 -1287.4 -3.5 221 0 8.2 10.8 5.0 2.5 2 1 2 0 0
4399.5 -1335.2 -5.0 188 0 11.6 10.9 7.5 2.5 2 0 3 0 0
4634.0 -1182.2 -3.4 31 0 8.1 7.5 10.0 0.0 0 0 4 4 4
4463.1 -1347.5 -4.0 114 0 9.6 7.9 7.5 2.5 2 0 3 1 1
4800.2 -1259.0 -2.9 17 0 8.0 8.0 5.0 2.5 2 0 2 1 1
4672.8 -1205.1 -3.4 185 0 10.0 9.1 10.0 2.5 2 0 4 1 1
3795.1 3358.4 -5.2 307 0 16.8 7.4 7.5 2.5 2 0 3 4 4
3816.0 3498.5 -3.1 101 0 6.3 6.7 7.5 2.5 2 0 3 4 4
3889.0 3663.7 -5.2 117 0 10.5 7.9 2.5 2.5 2 0 1 2 2
3989.0 3759.1 -3.0 45 0 6.6 8.3 2.5 2.5 2 1 1 2 2
3978.8 3225.8 2.9 205 0 8.3 15.5 10.0 2.5 4 1 4 2 2
3896.1 3284.5 -0.5 207 0 13.4 9.2 2.5 2.5 2 0 1 3 3
3833.9 3652.6 -6.9 213 0 7.3 7.0 2.5 2.5 2 0 1 0 0
3822.5 3602.0 -3.6 200 0 6.1 10.9 7.5 2.5 2 0 3 2 2
3915.1 3593.4 -2.8 297 0 9.2 8.7 5.0 2.5 2 0 2 3 3
3806.3 3608.8 -5.1 202 0 10.5 7.2 7.5 2.5 2 0 3 3 3
3902.7 3473.3 1.0 102 0 7.2 8.7 10.0 2.5 2 1 4 4 4
3778.5 3512.8 -4.7 93 0 6.1 6.8 5.0 2.5 2 1 2 1 1
3903.9 3562.0 -2.4 107 0 9.2 7.2 7.5 0.0 0 0 3 5 5
3818.8 3234.5 -3.6 186 0 6.9 11.2 7.5 2.5 2 1 3 1 1
3954.2 3848.2 -3.8 297 0 9.2 8.4 7.5 2.5 2 0 3 2 2
3913.0 3243.7 -0.6 14 0 14.4 28.4 10.0 2.5 2 1 4 5 5
3982.3 3594.5 -2.1 4 0 8.8 8.8 5.0 2.5 4 0 2 0 0
3943.4 3499.2 0.4 297 0 10.2 11.7 10.0 0.0 0 1 4 5 5
3899.6 3600.3 -1.4 303 0 7.6 8.3 7.5 2.5 4 1 3 5 5
3801.3 3595.6 -4.3 207 0 8.3 7.2 10.0 2.5 2 0 4 0 0
3769.6 3565.7 -5.4 9 0 6.7 11.0 2.5 2.5 2 1 1 0 0
3817.2 3324.9 -4.0 100 0 8.6 11.8 2.5 2.5 2 1 1 3 3
3847.1 3225.4 -1.5 92 0 7.6 7.0 7.5 2.5 2 0 3 3 3
3744.2 3380.4 -7.7 151 0 12.1 7.1 7.5 2.5 2 0 3 3 3
3903.9 3642.8 -2.6 309 0 8.3 6.9 5.0 2.5 2 0 2 4 4
3784.7 3566.1 -3.1 204 0 6.7 10.2 5.0 2.5 2 1 2 3 3
3887.8 3416.4 0.4 121 0 10.3 7.5 7.5 2.5 2 0 3 0 0
3951.5 3701.9 -3.8 325 0 7.2 10.2 5.0 2.5 2 1 2 5 5
3846.7 3647.9 -5.8 225 0 7.9 8.7 10.0 2.5 2 1 4 0 0
3837.5 3622.2 -4.4 195 0 6.8 8.2 2.5 2.5 2 1 1 5 5
3820.0 3578.0 -2.5 203 0 9.6 6.0 10.0 2.5 2 0 4 1 1
3756.9 3538.6 -7.0 30 0 9.0 9.5 7.5 2.5 2 1 3 0 0
3729.8 736.6 -2.6 205 0 11.3 7.5 10.0 2.5 4 0 4 3 3
3679.0 854.3 -2.7 306 0 13.7 21.8 10.0 2.5 2 1 4 3 3
3865.7 988.1 0.2 6 0 7.7 7.6 10.0 2.5 2 0 4 5 5
3741.3 1015.8 -0.5 202 0 8.3 8.6 7.5 2.5 2 1 3 2 2
3793.5 752.1 -0.7 117 0 9.8 7.7 7.5 0.0 0 0 3 4 4
3650.4 634.2 -3.2 180 0 11.6 12.8 7.5 2.5 2 1 3 0 0
3945.1 1213.2 -1.6 206 0 7.6 9.3 7.5 2.5 2 1 3 4 4
3720.9 776.6 -2.1 18 0 22.3 9.3 5.0 0.0 0 0 2 0 0
3715.8 1135.1 -4.3 180 0 6.4 12.0 7.5 2.5 2 1 3 1 1
3503.2 598.4 -4.2 3 0 13.2 8.8 10.0 2.5 2 0 4 1 1
3616.2 473.0 -4.2 188 0 12.8 12.1 2.5 2.5 4 0 1 5 5
3717.1 1184.5 -5.1 191 0 9.0 6.1 7.5 2.5 2 0 3 4 4
3925.0 1277.3 -1.5 4 0 19.6 10.8 5.0 2.5 2 0 2 3 3
3767.1 609.7 -0.5 357 0 6.0 9.2 10.0 0.0 0 1 4 2 2
3975.9 819.7 -2.5 277 0 6.4 17.8 7.5 2.5 2 1 3 0 0
3508.5 423.8 -2.3 110 0 9.8 8.0 10.0 2.5 2 0 4 0 0
3783.5 1173.2 0.1 289 0 8.5 9.5 2.5 2.5 2 1 1 5 5
3792.9 424.7 -3.7 297 0 12.5 11.8 5.0 2.5 2 0 2 2 2
3904.6 1363.9 -1.6 274 0 6.4 16.8 7.5 2.5 2 1 3 4 4
3806.6 1177.2 -0.3 5 0 6.4 9.2 2.5 2.5 2 1 1 4 4
3921.0 1305.4 -1.5 8 0 9.2 8.5 7.5 2.5 2 0 3 5 5
3977.0 951.0 -1.3 6 0 9.0 7.6 7.5 2.5 2 0 3 0 0
3552.2 410.4 -3.1 93 0 9.8 8.1 5.0 2.5 2 0 2 1 1
3679.8 720.5 -2.3 37 0 7.6 9.4 10.0 0.0 0 1 4 2 2
3940.4 661.7 -0.9 227 0 7.0 10.5 5.0 2.5 2 1 2 0 0
3692.0 969.9 -2.0 205 0 8.1 12.3 7.5 2.5 2 1 3 1 1
3612.3 674.6 -2.6 182 0 7.5 9.6 2.5 2.5 2 1 1 4 4
3903.2 985.9 -0.1 204 0 8.0 7.0 2.5 2.5 2 0 1 1 1
3893.1 877.8 -1.2 178 0 7.8 12.0 5.0 0.0 0 1 2 5 5
3741.9 956.8 -1.7 123 0 8.1 9.6 7.5 2.5 2 1 3 3 3
3928.7 977.6 -0.4 273 0 8.8 8.8 7.5 2.5 2 0 3 0 0
3895.8 1297.6 -1.3 98 0 10.9 21.2 5.0 2.5 2 1 2 2 2
3963.7 1357.1 0.0 190 0 9.2 7.3 5.0 2.5 2 0 2 1 1
3896.1 944.2 -0.1 200 0 7.8 7.2 5.0 2.5 2 0 2 4 4
3934.9 755.9 -0.2 207 0 8.1 8.9 7.5 2.5 2 1 3 1 1
3721.0 776.1 -2.1 20 0 9.6 30.9 10.0 2.5 2 1 4 4 4
3873.8 627.4 0.2 203 0 6.6 16.1 7.5 2.5 2 1 3 3 3
3967.4 1098.2 0.4 9 0 10.6 13.3 5.0 2.5 2 1 2 5 5
3987.5 1264.3 -2.1 108 0 7.9 11.1 7.5 2.5 2 1 3 4 4
3929.1 1330.9 -1.6 12 0 8.2 11.8 7.5 2.5 2 1 3 2 2
3581.4 826.2 -6.0 208 0 8.2 6.8 2.5 2.5 2 0 1 3 3
3997.6 766.7 -1.4 22 0 8.4 11.6 5.0 0.0 0 1 2 5 5
3748.9 433.7 -2.7 282 0 11.4 13.5 7.5 2.5 2 1 3 1 1
3848.5 818.3 -1.8 105 0 10.7 7.6 10.0 2.5 2 0 4 5 5
3982.1 1235.8 -2.1 270 0 8.8 6.8 5.0 0.0 0 0 2 5 5
3786.6 812.7 -2.0 281 0 13.0 9.9 2.5 2.5 4 0 1 0 0
3937.1 1291.8 -1.5 37 0 6.6 11.5 5.0 2.5 2 1 2 4 4
3599.0 538.1 -4.6 125 0 12.6 6.3 7.5 2.5 2 0 3 5 5
3647.8 734.7 -2.1 183 0 8.0 8.8 5.0 2.5 2 1 2 2 2
3861.7 924.2 -0.9 13 0 6.9 14.7 7.5 2.5 4 1 3 0 0
3743.3 982.0 -1.1 111 0 7.7 7.9 10.0 2.5 2 1 4 0 0
3773.0 956.0 -1.4 109 0 8.8 9.9 5.0 2.5 2 1 2 3 3
3704.4 602.1 -3.3 101 0 10.2 10.4 7.5 0.0 0 1 3 1 1
3786.6 1098.3 1.6 21 0 8.0 6.8 7.5 2.5 2 0 3 0 0
3967.1 735.3 0.2 109 0 8.8 7.2 7.5 2.5 2 0 3 2 2
3805.7 975.8 -0.7 104 0 13.5 7.6 7.5 2.5 2 0 3 4 4
3930.5 1251.6 -1.4 16 0 10.3 7.4 5.0 2.5 2 0 2 4 4
3818.3 543.8 -2.4 10 0 10.0 11.7 7.5 2.5 2 1 3 4 4
3683.5 1041.4 -4.0 186 0 7.6 8.0 10.0 2.5 2 1 4 3 3
3534.4 420.1 -2.8 94 0 6.4 8.4 7.5 2.5 4 1 3 2 2
3843.8 1059.3 0.8 191 0 8.2 16.3 5.0 2.5 2 1 2 0 0
3833.7 1320.8 -1.9 173 0 7.9 6.4 7.5 2.5 4 0 3 5 5
3569.6 808.7 -6.2 196 0 12.0 10.0 5.0 2.5 4 0 2 2 2
3962.8 900.6 -0.7 115 0 8.4 7.6 7.5 0.0 0 0 3 3 3
3844.7 705.5 0.6 14 0 10.9 13.2 2.5 2.5 4 1 1 3 3
3702.1 663.5 -2.9 26 0 6.8 10.2 5.0 2.5 2 1 2 1 1
3538.6 702.4 -3.6 225 0 8.5 11.9 7.5 2.5 2 1 3 2 2
3774.4 1077.1 1.1 24 0 9.9 7.0 10.0 2.5 2 0 4 4 4
3595.5 492.8 -4.1 9 0 6.5 7.7 7.5 2.5 2 1 3 3 3
5479.7 -1128.8 -4.0 94 0 11.2 8.9 7.5 2.5 4 0 3 3 3
3988.7 2599.4 1.1 114 0 7.2 25.4 7.5 0.0 0 1 3 1 1
4188.7 2918.3 1.6 195 0 8.5 9.1 7.5 2.5 2 1 3 5 5
4178.8 2742.1 0.7 100 0 8.9 7.3 7.5 2.5 2 0 3 4 4
4236.5 2566.9 3.8 178 0 6.8 12.4 5.0 2.5 2 1 2 5 5
4237.6 2862.6 1.5 100 0 15.8 17.7 10.0 2.5 2 1 4 3 3
4033.3 2868.6 1.0 180 0 11.6 10.0 5.0 2.5 2 0 2 0 0
4288.1 2480.5 1.2 182 0 8.8 14.4 7.5 2.5 2 1 3 4 4
4209.1 2871.3 1.6 99 0 9.7 8.8 10.0 2.5 4 0 4 2 2
4119.8 2484.7 1.7 17 0 8.9 14.1 2.5 2.5 2 1 1 1 1
4047.5 2672.9 0.9 284 0 14.8 14.1 2.5 2.5 2 0 1 5 5
4124.5 2393.6 2.3 310 0 13.6 9.8 7.5 2.5 2 0 3 0 0
4025.0 2549.4 2.7 176 0 9.4 12.4 7.5 2.5 2 1 3 0 0
4443.5 2994.0 -0.9 7 0 7.2 6.4 7.5 2.5 2 0 3 2 2
4058.7 2864.0 0.5 5 0 14.4 12.8 5.0 2.5 2 0 2 1 1
4227.2 3031.6 1.9 114 0 12.7 16.4 10.0 2.5 2 1 4 3 3
4307.0 2573.5 1.8 15 0 8.2 10.7 7.5 2.5 4 1 3 5 5
4239.4 3128.2 1.8 287 0 19.2 8.1 2.5 2.5 4 0 1 5 5
4422.5 2423.8 1.9 281 0 11.0 10.7 7.5 2.5 2 0 3 1 1
4046.8 2823.9 1.2 97 0 12.9 7.8 10.0 2.5 2 0 4 5 5
4119.0 2576.8 1.4 96 0 7.2 10.6 5.0 2.5 2 1 2 3 3
4241.2 2936.1 1.0 106 0 7.1 8.4 5.0 0.0 0 1 2 2 2
3974.7 2377.2 1.4 229 0 11.7 9.6 7.5 2.5 4 0 3 2 2
4304.4 3112.8 1.8 95 0 9.6 6.3 7.5 2.5 2 0 3 0 0
4003.4 2457.4 3.2 193 0 17.8 28.2 12.5 0.0 0 1 5 0 0
4431.1 2840.0 0.4 216 0 8.0 7.4 7.5 2.5 2 0 3 0 0
4211.8 2779.4 1.0 8 0 10.6 12.1 5.0 2.5 2 1 2 2 2
4009.9 2722.0 2.0 190 0 11.5 9.3 2.5 2.5 2 0 1 3 3
4075.5 2394.2 2.7 110 0 11.9 8.3 10.0 0.0 0 0 4 2 2
4293.0 2671.4 1.8 102 0 7.7 9.5 5.0 2.5 4 1 2 2 2
4480.6 2381.2 1.3 92 0 9.6 10.4 5.0 2.5 2 1 2 0 0
4062.0 2637.0 0.7 28 0 13.8 14.5 7.5 2.5 2 1 3 1 1
4020.9 2421.3 3.2 107 0 18.3 19.0 10.0 2.5 4 1 4 0 0
4374.3 2826.1 0.9 109 0 8.8 7.6 7.5 2.5 2 0 3 1 1
4079.5 3118.0 1.6 107 0 13.4 10.2 10.0 2.5 4 0 4 3 3
5643.9 -2845.9 -6.2 297 0 7.4 8.9 2.5 2.5 4 1 1 3 3
5701.8 -2894.7 -7.0 295 0 9.5 6.3 5.0 2.5 2 0 2 4 4
5652.6 -2938.3 -7.5 97 0 9.6 6.8 7.5 2.5 2 0 3 4 4
5621.7 -2916.0 -7.0 113 0 6.2 9.6 5.0 2.5 2 1 2 4 4
5661.1 -2882.9 -6.4 283 0 8.0 8.6 7.5 2.5 4 1 3 3 3
5638.9 -2938.9 -7.4 85 0 10.0 7.4 7.5 2.5 2 0 3 0 0
5674.9 -2957.5 -7.7 107 0 7.1 6.6 7.5 0.0 0 0 3 0 0
5635.8 -2875.6 -6.5 199 0 10.0 6.1 7.5 2.5 2 0 3 0 0
5714.5 -2900.9 -7.2 297 0 8.9 6.2 10.0 2.5 2 0 4 2 2
5748.1 -2976.3 -8.3 102 0 7.5 9.5 7.5 0.0 0 1 3 4 4
2449.7 -1067.9 -2.5 137 0 7.3 7.5 5.0 2.5 2 1 2 0 0
2313.2 -1037.2 -3.1 215 0 8.1 7.2 7.5 2.5 2 0 3 4 4
2301.0 -1150.8 -4.5 113 0 6.7 7.5 5.0 2.5 2 1 2 4 4
2369.7 -1012.2 -2.4 294 0 10.2 8.8 5.0 0.0 0 0 2 2 2
2309.4 -1056.0 -3.3 123 0 10.4 6.8 10.0 2.5 2 0 4 3 3
2447.1 -989.9 -2.7 117 0 7.6 7.6 7.5 2.5 2 0 3 0 0
2475.5 -947.7 -4.0 11 0 6.9 10.2 7.5 2.5 2 1 3 2 2
2387.3 -971.4 -2.0 127 0 8.2 7.6 5.0 2.5 2 0 2 3 3
2410.2 -910.6 -2.5 215 0 7.6 8.2 5.0 2.5 2 1 2 3 3
2357.2 -1110.4 -4.3 34 0 6.9 6.3 5.0 2.5 2 0 2 0 0
2401.4 -1031.2 -2.5 295 0 9.0 7.9 7.5 0.0 0 0 3 5 5
2360.1 -956.2 -2.0 112 0 8.5 7.8 5.0 2.5 2 0 2 4 4
2331.2 -1088.0 -3.9 118 0 7.6 6.6 5.0 2.5 2 0 2 1 1
2375.0 -999.7 -2.3 305 0 9.7 8.0 7.5 2.5 2 0 3 4 4
2288.4 -1062.5 -3.3 114 0 9.3 7.7 7.5 2.5 2 0 3 4 4
2312.1 -1002.6 -2.5 204 0 6.5 10.2 7.5 2.5 2 1 3 1 1
2425.0 -958.8 -2.3 109 0 9.0 8.5 5.0 2.5 2 0 2 5 5
2499.7 -1018.7 -3.9 41 0 7.5 8.5 7.5 2.5 2 1 3 3 3
2399.9 -943.9 -1.8 127 0 7.3 7.1 7.5 2.5 2 0 3 1 1
2318.3 -989.8 -2.4 208 0 6.9 10.0 2.5 2.5 2 1 1 1 1
2348.8 -1058.0 -3.3 31 0 8.8 6.8 7.5 2.5 2 0 3 2 2
2417.4 -971.9 -1.9 119 0 7.7 7.9 7.5 2.5 2 1 3 2 2
2358.9 -932.5 -2.2 214 0 7.7 8.5 7.5 2.5 4 1 3 2 2
2421.3 -896.4 -3.1 290 0 7.8 6.4 10.0 2.5 2 0 4 3 3
2363.1 -1031.6 -2.5 28 0 7.0 7.0 5.0 2.5 4 0 2 1 1
2451.8 -3686.0 1.0 189 0 6.6 11.3 2.5 2.5 2 1 1 0 0
2116.7 -3822.9 -1.7 287 0 8.0 7.4 2.5 2.5 2 0 1 1 1
2794.0 -3507.0 -0.9 356 0 6.4 9.4 10.0 2.5 2 1 4 3 3
2074.7 -3597.0 -1.1 111 0 8.2 6.0 7.5 2.5 2 0 3 2 2
2326.1 -3948.9 -3.9 0 0 13.0 11.7 7.5 2.5 2 0 3 3 3
2827.6 -3830.7 -1.1 36 0 8.4 10.1 7.5 2.5 4 1 3 2 2
2751.1 -3647.1 0.0 100 0 10.1 8.2 5.0 2.5 2 0 2 3 3
2896.5 -3648.1 1.1 40 0 7.3 9.2 7.5 2.5 2 1 3 0 0
2949.8 -3858.3 -6.2 190 0 7.0 13.7 5.0 2.5 2 1 2 2 2
2966.2 -3609.4 2.1 87 0 11.7 7.6 7.5 2.5 2 0 3 2 2
2538.6 -3496.8 -2.0 228 0 10.0 9.6 5.0 2.5 2 0 2 1 1
2705.7 -3868.3 -3.3 189 0 7.1 11.8 5.0 2.5 2 1 2 5 5
2520.6 -3598.6 0.3 31 0 8.1 10.3 2.5 0.0 0 1 1 5 5
2820.4 -3711.4 0.5 28 0 7.1 8.7 5.0 2.5 2 1 2 3 3
2425.1 -3657.5 0.7 21 0 7.4 11.3 5.0 2.5 2 1 2 4 4
2478.5 -3526.6 -1.5 3 0 11.9 10.0 2.5 0.0 0 0 1 4 4
2102.5 -3483.4 -0.4 117 0 9.2 7.1 7.5 2.5 2 0 3 1 1
2761.2 -3730.9 0.2 294 0 12.8 9.6 7.5 2.5 4 0 3 3 3
2865.3 -3605.0 -0.7 90 0 7.6 8.8 10.0 2.5 2 1 4 0 0
2798.9 -3548.9 -1.1 175 0 13.2 7.0 10.0 2.5 2 0 4 1 1
2866.3 -3669.3 0.9 19 0 8.4 9.3 7.5 0.0 0 1 3 2 2
2184.8 -3872.7 -0.2 93 0 11.1 10.1 5.0 0.0 0 0 2 0 0
2911.5 -3509.9 -0.5 106 0 10.4 8.2 10.0 2.5 2 0 4 3 3
2546.1 -3563.9 -0.4 283 0 7.8 6.8 7.5 2.5 2 0 3 2 2
2064.8 -3660.9 0.0 286 0 8.5 7.4 7.5 2.5 2 0 3 4 4
2553.8 -3406.9 -4.2 124 0 7.4 10.1 2.5 2.5 2 1 1 3 3
2784.5 -3428.8 -0.8 193 0 8.2 10.8 7.5 2.5 2 1 3 2 2
2839.4 -3436.9 -0.5 18 0 6.9 9.5 7.5 2.5 2 1 3 3 3
2967.6 -3119.0 1.7 277 0 9.1 8.0 5.0 2.5 2 0 2 2 2
2986.9 -3089.6 2.3 104 0 8.4 9.3 7.5 2.5 2 1 3 3 3
2589.9 -3466.4 -2.3 27 0 8.6 9.6 7.5 2.5 2 1 3 5 5
2916.7 -3085.7 1.0 99 0 11.3 6.7 5.0 2.5 2 0 2 4 4
2820.1 -3322.0 0.4 23 0 8.5 9.8 5.0 2.5 2 1 2 1 1
2998.1 -3281.8 1.2 19 0 9.3 8.1 10.0 0.0 0 0 4 2 2
2596.1 -3421.2 -3.5 215 0 11.1 8.6 5.0 2.5 2 0 2 2 2
4650.8 1105.2 -3.5 201 0 10.5 8.2 7.5 2.5 2 0 3 4 4
4681.5 834.8 -1.4 16 0 10.2 8.5 5.0 2.5 2 0 2 5 5
4644.2 901.0 -2.5 288 0 11.7 8.7 5.0 2.5 2 0 2 1 1
4128.0 1176.0 -1.9 90 0 10.8 8.2 7.5 0.0 0 0 3 3 3
4634.6 1079.9 -2.8 182 0 8.2 9.7 5.0 0.0 0 1 2 2 2
4067.3 1190.1 -3.4 120 0 9.5 7.5 5.0 2.5 2 0 2 1 1
4449.0 1063.3 -2.4 101 0 7.8 9.9 7.5 2.5 2 1 3 3 3
4182.0 1159.1 -0.7 100 0 8.3 7.4 5.0 0.0 0 0 2 2 2
4561.8 1281.6 -4.7 275 0 7.3 7.3 7.5 2.5 2 0 3 2 2
4406.8 1314.1 -2.5 13 0 7.5 9.3 10.0 2.5 2 1 4 5 5
4076.3 1025.1 -0.7 3 0 8.0 11.1 7.5 2.5 2 1 3 5 5
4065.3 873.3 -3.2 181 0 9.2 9.3 5.0 2.5 4 1 2 5 5
4708.4 1059.7 -2.7 295 0 16.5 13.1 7.5 2.5 2 0 3 3 3
4739.4 998.2 -2.6 89 0 11.4 10.6 5.0 2.5 2 0 2 4 4
4237.7 1232.0 -1.6 199 0 8.4 9.9 5.0 2.5 2 1 2 1 1
4683.9 662.7 -4.5 99 0 7.1 11.6 10.0 2.5 2 1 4 2 2
4018.7 1176.7 -2.7 26 0 17.2 16.9 10.0 2.5 2 0 4 3 3
4074.5 1080.3 0.1 127 0 10.7 8.0 7.5 2.5 2 0 3 2 2
4102.1 1198.1 -2.7 270 0 8.8 9.7 2.5 2.5 2 1 1 3 3
4397.4 1199.5 -1.4 280 0 8.6 7.0 5.0 2.5 2 0 2 2 2
4366.5 1362.4 -3.7 127 0 7.7 9.2 7.5 0.0 0 1 3 0 0
4289.2 1122.1 -2.5 110 0 14.0 8.9 10.0 2.5 2 0 4 4 4
4420.6 1358.4 -3.6 30 0 9.3 7.1 5.0 2.5 2 0 2 1 1
4312.2 1293.6 -2.3 105 0 8.2 8.0 2.5 2.5 2 0 1 4 4
4598.8 1026.4 -3.1 19 0 7.1 9.0 5.0 2.5 2 1 2 4 4
4664.2 1034.6 -2.9 114 0 8.7 7.4 5.0 2.5 2 0 2 1 1
4031.1 1216.8 -3.0 295 0 12.3 9.0 5.0 2.5 2 0 2 5 5
4506.2 1147.5 -2.6 103 0 9.3 6.7 10.0 2.5 2 0 4 4 4
4196.5 1056.6 -2.5 119 0 9.1 7.4 7.5 2.5 2 0 3 0 0
4265.7 1174.3 -1.4 109 0 8.3 9.5 7.5 2.5 2 1 3 5 5
4505.3 1236.9 -3.2 90 0 6.7 8.2 2.5 2.5 2 1 1 3 3
4396.5 1395.2 -3.5 278 0 8.0 8.2 10.0 2.5 2 1 4 5 5
4093.3 835.4 -3.3 27 0 10.3 13.6 2.5 2.5 2 1 1 1 1
4382.4 1678.5 -1.0 187 0 9.2 9.7 5.0 2.5 2 1 2 3 3
4343.1 1790.0 -1.1 187 0 7.3 7.7 7.5 2.5 4 1 3 2 2
4378.6 1756.4 -0.5 189 0 6.7 13.3 7.5 2.5 4 1 3 5 5
4170.1 1633.3 -0.0 101 0 12.7 8.1 2.5 2.5 2 0 1 0 0
4162.4 2031.1 -0.3 98 0 8.9 10.7 5.0 2.5 2 1 2 3 3
4213.7 1981.2 -0.1 292 0 14.7 11.7 2.5 0.0 0 0 1 5 5
4313.5 1805.5 -1.2 7 0 7.7 11.3 7.5 2.5 2 1 3 3 3
4270.2 1916.9 -0.3 94 0 14.3 8.6 5.0 2.5 2 0 2 1 1
4240.9 1796.0 -0.7 88 0 10.6 7.7 10.0 2.5 2 0 4 5 5
4378.1 1980.8 -1.0 279 0 7.7 12.7 7.5 2.5 2 1 3 2 2
4372.9 1955.3 -1.3 99 0 6.8 11.4 7.5 2.5 2 1 3 1 1
4401.4 1725.6 -0.5 11 0 20.0 7.3 7.5 2.5 2 0 3 2 2
4386.4 1697.6 -0.8 191 0 24.0 10.4 7.5 2.5 2 0 3 5 5
4311.3 1676.6 -0.6 188 0 8.9 10.2 2.5 2.5 2 1 1 1 1
4321.4 1653.1 -1.0 191 0 14.8 8.5 7.5 2.5 2 0 3 5 5
4334.4 1583.9 -1.7 93 0 8.9 6.3 7.5 2.5 4 0 3 3 3
4318.4 1578.5 -1.7 96 0 10.9 8.4 10.0 2.5 2 0 4 3 3
4345.7 1584.8 -1.7 98 0 10.2 20.0 5.0 2.5 2 1 2 0 0
4403.9 1607.2 -1.8 107 0 13.7 19.4 12.5 2.5 2 1 5 3 3
4412.3 1595.8 -1.9 22 0 6.3 15.1 5.0 0.0 0 1 2 4 4
4445.1 1637.7 -1.6 10 0 13.2 44.1 5.0 2.5 2 1 2 3 3
4352.0 1616.3 -1.5 101 0 8.5 38.1 5.0 2.5 2 1 2 4 4
4342.5 1608.0 -1.5 101 0 21.2 9.5 5.0 2.5 2 0 2 3 3
3777.3 2095.0 -2.3 88 0 8.0 12.1 5.0 2.5 2 1 2 4 4
3784.7 2116.3 -2.7 356 0 8.5 14.1 2.5 2.5 2 1 1 4 4
3885.0 2223.6 0.9 273 0 7.4 14.7 7.0 2.5 2 1 2 5 5
3853.9 2220.4 -0.5 270 0 15.2 10.2 10.5 0.0 0 0 3 3 3
3835.2 2213.7 -0.4 180 0 18.4 9.2 10.5 2.5 2 0 3 4 4
3859.5 2235.6 -0.2 272 0 45.4 9.1 12.5 2.5 2 0 5 0 0
3871.2 2223.5 1.1 272 0 7.6 13.5 10.5 2.5 4 1 3 2 2
4108.5 1817.2 -0.1 92 0 9.8 6.9 10.0 2.5 2 0 4 5 5
4121.4 1863.2 0.2 179 0 7.2 8.3 5.0 2.5 2 1 2 4 4
4092.3 1909.6 0.5 181 0 7.9 12.4 7.5 2.5 2 1 3 4 4
4389.8 2087.0 -0.4 280 0 37.4 33.5 12.5 0.0 0 0 5 5 5
4793.8 3676.6 0.8 84 0 13.0 8.9 5.0 2.5 2 0 2 0 0
4687.9 3648.9 0.8 120 0 8.9 24.6 7.5 2.5 2 1 3 0 0
4642.3 3674.5 1.2 297 0 6.4 13.7 5.0 2.5 2 1 2 1 1
