6557.0 6013.2 -6.0 138 0 13.0 12.4 7.5 2.5 2 0 3 2 2
6837.3 6087.5 -7.4 315 0 7.9 10.7 2.5 2.5 2 0 1 0 0
6912.1 6082.4 -6.4 345 0 9.6 24.5 7.5 0.0 0 1 3 0 0
6391.2 6280.0 -4.6 115 0 13.2 18.1 7.5 2.5 2 0 3 2 2
6302.0 6003.0 -6.9 42 0 18.1 11.9 5.0 2.5 2 0 2 1 1
6724.7 6320.1 -7.7 213 0 6.7 10.0 7.5 0.0 0 1 3 5 5
6616.4 6156.0 -9.0 140 0 12.6 17.0 5.0 2.5 2 0 2 2 2
6393.0 6110.0 -7.8 23 0 15.2 6.1 10.0 2.5 2 0 4 1 1
6777.5 6446.0 -8.7 117 0 8.9 15.8 5.0 2.5 2 1 2 5 5
6890.3 6466.2 -6.6 14 0 16.0 9.9 7.5 2.5 2 0 3 3 3
6606.4 6254.6 -9.1 30 0 10.9 19.3 2.5 2.5 2 1 1 4 4
6884.5 6049.3 -6.5 317 0 16.4 10.0 5.0 2.5 2 0 2 5 5
6526.2 6423.9 -5.6 25 0 14.1 16.8 7.5 2.5 4 1 3 3 3
6468.5 6414.7 -4.5 115 0 13.2 10.8 5.0 2.5 2 0 2 4 4
6709.5 6298.3 -7.5 212 0 8.2 9.6 7.5 2.5 2 1 3 0 0
6675.2 6144.6 -8.8 56 0 16.8 8.7 7.5 2.5 2 0 3 0 0
6685.0 6402.3 -7.4 117 0 7.1 16.8 10.0 0.0 0 1 4 0 0
6466.1 6204.1 -5.4 115 0 15.0 6.9 5.0 2.5 2 0 2 5 5
6574.1 6268.5 -8.4 301 0 14.0 22.3 7.5 2.5 2 1 3 1 1
6862.0 6347.8 -6.0 140 0 13.6 6.2 5.0 2.5 2 0 2 4 4
6604.0 6010.8 -5.2 127 0 18.9 24.9 7.5 0.0 0 1 3 0 0
6336.9 6328.9 -5.3 208 0 11.7 18.9 7.5 2.5 2 1 3 2 2
6405.2 6362.8 -9.1 22 0 17.0 14.7 10.0 0.0 0 0 4 4 4
6711.3 6385.9 -7.0 139 0 9.6 11.8 7.5 2.5 4 1 3 4 4
6913.0 6713.2 -5.8 109 0 11.0 11.6 7.5 2.5 2 1 3 1 1
6845.6 6431.8 -8.2 21 0 6.4 11.1 7.5 2.5 2 1 3 3 3
6589.3 6231.4 -8.7 120 0 12.9 12.1 5.0 2.5 2 0 2 1 1
6861.2 6376.7 -6.1 192 0 11.7 7.7 7.5 2.5 4 0 3 0 0
6602.8 6344.6 -7.8 130 0 12.5 15.1 5.0 2.5 2 1 2 2 2
6885.3 5991.9 -6.5 36 0 16.8 17.7 12.5 2.5 4 1 5 2 2
6848.8 6113.1 -7.4 141 0 21.6 16.8 7.5 2.5 2 0 3 0 0
6343.7 6278.3 -3.4 99 0 16.1 14.6 2.5 2.5 2 0 1 2 2
6487.6 6370.6 -8.3 111 0 11.1 13.4 7.5 0.0 0 1 3 1 1
6570.6 6037.2 -6.4 228 0 9.6 10.8 10.0 2.5 2 1 4 5 5
6497.8 6464.7 -6.5 278 0 12.1 16.0 7.5 2.5 2 1 3 1 1
6707.3 6152.0 -8.1 104 0 13.2 11.7 7.5 2.5 2 0 3 5 5
6376.6 6214.8 -4.9 313 0 16.4 11.4 7.5 2.5 4 0 3 0 0
6508.3 6260.9 -6.7 21 0 15.0 15.4 5.0 2.5 2 1 2 2 2
6875.1 6499.9 -6.8 275 0 9.6 13.2 5.0 0.0 0 1 2 4 4
6640.2 6048.9 -5.3 211 0 27.3 14.0 7.5 2.5 2 0 3 3 3
6834.2 6097.6 -7.7 320 0 9.9 9.0 7.5 2.5 2 0 3 4 4
6525.3 6318.7 -7.6 300 0 19.3 10.0 7.5 2.5 2 0 3 5 5
6383.6 6074.3 -7.9 10 0 18.3 13.8 7.5 2.5 2 0 3 1 1
6345.8 6199.0 -5.3 300 0 17.5 11.3 5.0 2.5 2 0 2 1 1
6626.7 6191.3 -9.2 301 0 18.0 17.5 7.5 2.5 2 0 3 1 1
6686.1 5980.1 -4.5 25 0 19.3 12.4 5.0 2.5 2 0 2 1 1
6703.8 6052.9 -5.3 287 0 6.1 15.9 7.5 2.5 4 1 3 3 3
6262.0 6454.1 -4.9 203 0 7.9 11.1 2.5 2.5 2 1 1 0 0
6741.2 6678.0 -6.1 115 0 9.8 7.1 5.0 2.5 4 0 2 1 1
6724.0 6705.3 -7.1 192 0 9.6 13.7 5.0 0.0 0 1 2 5 5
6822.4 6157.8 -8.4 294 0 20.1 8.9 5.0 0.0 0 0 2 2 2
