-1931.2 -5610.5 -1.0 21 0 7.0 12.6 2.5 2.5 2 0 1 2 2
-1995.9 -5646.6 -1.3 205 0 6.1 8.4 7.5 2.5 2 0 3 0 0
-2032.0 -5590.2 -2.6 120 0 8.6 11.1 7.5 2.5 2 1 3 2 2
-1999.8 -5691.3 -1.0 107 0 8.1 9.6 5.0 2.5 2 1 2 1 1
-2161.0 -5721.4 1.4 113 0 11.3 9.5 7.5 2.5 2 0 3 1 1
-2117.9 -5850.3 -2.6 21 0 7.9 9.9 10.0 2.5 2 1 4 2 2
-2138.0 -5869.5 -2.9 108 0 6.3 7.1 7.5 2.5 2 1 3 0 0
-2171.2 -5863.2 -2.7 118 0 8.0 8.9 2.5 2.5 2 1 1 5 5
-1062.3 -1435.2 2.2 57 0 12.7 74.1 10.0 2.5 2 1 4 2 2
-1121.1 -1353.7 1.8 148 0 7.4 10.0 7.5 2.5 2 1 3 4 4
-1132.9 -1361.3 1.7 151 0 7.3 8.5 7.5 2.5 2 1 3 4 4
-1127.0 -1323.8 1.4 247 0 10.5 10.3 5.0 2.5 2 0 2 4 4
-1148.0 -1321.5 1.1 240 0 7.9 35.9 10.0 2.5 2 1 4 4 4
-3096.0 -120.1 -5.4 106 0 8.5 8.4 10.0 0.0 0 0 4 4 4
2506.8 3353.1 0.2 183 0 6.9 8.0 7.5 2.5 2 1 3 1 1
2521.5 3265.4 1.3 20 0 7.7 11.5 5.0 2.5 2 1 2 0 0
2433.9 3269.6 1.6 12 0 6.2 9.4 10.0 2.5 2 1 4 0 0
2598.9 3249.5 1.3 106 0 7.1 11.3 7.5 2.5 2 1 3 3 3
2414.7 3304.5 1.4 289 0 8.5 7.7 7.5 2.5 2 0 3 2 2
2614.4 3303.8 1.4 15 0 8.1 9.5 5.0 0.0 0 1 2 1 1
2466.3 3349.8 0.4 93 0 7.2 11.2 7.5 2.5 4 1 3 1 1
2558.6 3374.3 0.1 193 0 9.4 7.4 7.5 2.5 2 0 3 2 2
2484.5 3325.9 0.7 16 0 7.3 10.0 7.5 2.5 2 1 3 2 2
2455.6 3298.7 1.1 185 0 9.6 9.2 7.5 2.5 4 0 3 4 4
2535.3 3349.1 0.4 12 0 7.1 9.4 5.0 2.5 2 1 2 1 1
2564.6 3259.9 1.3 9 0 6.3 10.5 7.5 2.5 2 1 3 1 1
2445.1 3332.3 1.2 4 0 8.7 12.0 10.0 2.5 4 1 4 2 2
2495.9 3273.8 1.4 205 0 9.8 7.5 7.5 2.5 4 0 3 2 2
2450.0 3274.7 1.5 185 0 8.2 8.8 7.5 2.5 2 1 3 0 0
2577.3 3255.5 1.2 188 0 8.4 8.5 7.5 2.5 2 1 3 4 4
2408.4 3265.9 1.5 98 0 8.6 9.2 7.5 2.5 2 1 3 3 3
2583.9 3282.0 1.3 192 0 11.8 7.7 7.5 2.5 4 0 3 4 4
2453.1 3387.6 0.6 7 0 6.2 10.0 10.0 2.5 2 1 4 1 1
2490.1 3352.5 0.2 10 0 8.3 7.3 5.0 2.5 2 0 2 5 5
2599.6 3368.2 0.4 194 0 11.0 8.2 7.5 0.0 0 0 3 0 0
2442.9 3368.5 1.0 18 0 8.4 6.7 7.5 2.5 2 0 3 5 5
2509.7 3329.8 0.5 283 0 7.4 8.8 7.5 2.5 2 1 3 2 2
2515.6 3255.6 1.4 101 0 6.1 7.0 7.5 2.5 2 1 3 3 3
2539.4 3269.6 1.3 193 0 11.9 7.0 5.0 2.5 2 0 2 1 1
2588.2 3307.9 1.3 190 0 8.9 7.3 7.5 2.5 4 0 3 3 3
2526.7 3295.3 0.9 3 0 7.7 8.4 10.0 2.5 2 1 4 5 5
-1311.5 -4737.4 -0.7 121 0 7.4 31.3 5.0 2.5 2 1 2 5 5
-1358.0 -4672.2 -0.7 114 0 7.0 11.5 7.5 2.5 2 1 3 4 4
-1264.4 -4723.6 -0.5 25 0 10.8 7.2 10.0 2.5 2 0 4 0 0
-1211.9 -4758.5 1.4 298 0 13.8 8.7 7.5 2.5 4 0 3 4 4
-1175.9 -4828.4 1.5 100 0 6.1 8.3 5.0 2.5 2 1 2 5 5
-1978.6 1549.3 0.9 39 0 9.1 8.4 10.0 2.5 4 0 4 2 2
-1780.6 1328.8 0.5 29 0 7.1 8.4 14.0 3.5 2 0 4 0 0
-2433.2 2077.5 -4.1 285 0 18.8 6.8 2.5 2.5 2 0 1 5 5
-2474.0 1176.5 0.8 290 0 7.8 7.0 14.0 3.5 2 0 4 4 4
-2035.7 1307.6 1.1 314 0 12.1 7.6 14.0 3.5 2 0 4 3 3
-2166.1 1255.3 2.8 127 0 11.6 7.5 14.0 3.5 2 0 4 0 0
-2132.0 1112.0 1.8 45 0 6.0 6.2 14.0 0.0 0 1 4 0 0
-1944.6 2117.2 1.2 232 0 14.1 14.2 7.5 2.5 2 1 3 2 2
-2148.3 1581.5 1.9 302 0 8.3 8.0 7.5 2.5 2 0 3 2 2
-2430.2 1128.1 1.1 19 0 11.0 17.1 14.0 3.5 2 0 4 3 3
-2493.3 1167.5 0.5 289 0 11.8 8.1 14.0 3.5 2 0 4 3 3
-2188.1 1233.4 2.8 127 0 15.0 12.6 14.0 3.5 2 0 4 0 0
-2578.1 1119.8 0.7 12 0 6.3 17.4 14.0 0.0 0 1 4 1 1
-2336.2 1336.4 1.8 305 0 10.3 8.6 14.0 3.5 2 0 4 5 5
-1871.8 1233.4 -0.4 206 0 18.2 9.4 14.0 3.5 2 0 4 5 5
-2235.7 1502.8 2.7 307 0 11.7 9.8 14.0 3.5 2 0 4 4 4
-2241.0 1343.2 3.5 224 0 7.5 11.4 14.0 3.5 2 0 4 0 0
-2280.9 1157.4 2.9 135 0 10.8 6.4 10.5 0.0 0 0 3 5 5
-2669.3 1120.5 0.8 119 0 6.0 12.0 14.0 3.5 2 1 4 5 5
-2265.4 1453.3 3.0 212 0 8.6 15.6 14.0 3.5 2 0 4 3 3
-2564.7 1114.4 0.7 199 0 11.4 7.4 14.0 3.5 2 0 4 0 0
-2582.6 1350.3 -1.9 289 0 7.4 13.8 5.0 2.5 2 1 2 2 2
-2012.2 1121.8 1.8 309 0 9.0 12.4 14.0 3.5 4 1 4 4 4
-2672.8 1197.5 -0.2 120 0 11.6 9.6 14.0 3.5 2 0 4 0 0
-1808.0 1361.5 1.1 308 0 8.6 8.0 14.0 3.5 2 0 4 2 2
-2258.2 1322.0 2.7 217 0 8.2 8.3 14.0 3.5 2 0 4 4 4
-2649.6 1252.9 -1.9 291 0 8.2 9.1 14.0 3.5 2 0 4 4 4
-1913.2 1389.6 1.2 137 0 8.5 8.0 14.0 3.5 2 0 4 1 1
-2331.9 1362.1 1.6 212 0 6.4 9.0 14.0 3.5 2 0 4 2 2
-1885.6 1587.3 1.2 207 0 9.2 12.2 14.0 3.5 2 0 4 4 4
-2268.1 1861.1 1.6 35 0 8.9 9.3 2.5 2.5 2 1 1 5 5
-2353.5 1266.3 2.2 300 0 7.1 12.6 10.5 3.5 2 1 3 1 1
-1905.4 1608.1 1.0 208 0 12.3 8.3 14.0 3.5 2 0 4 1 1
-1977.2 1097.3 1.7 210 0 14.1 10.0 14.0 3.5 2 0 4 0 0
-2292.2 1447.9 3.3 204 0 9.2 13.8 14.0 3.5 2 0 4 5 5
-2142.9 1289.2 2.7 314 0 10.4 11.9 14.0 3.5 2 0 4 5 5
-2271.9 1691.9 0.3 306 0 30.1 9.0 14.0 3.5 2 0 4 3 3
-1819.9 1517.1 1.7 305 0 9.3 9.0 14.0 3.5 2 0 4 3 3
-2554.1 1196.8 -0.5 315 0 6.8 8.3 14.0 3.5 2 0 4 4 4
-2482.4 1179.7 0.6 291 0 6.8 10.0 14.0 3.5 2 0 4 4 4
-2056.8 1650.0 0.8 130 0 10.6 8.3 7.5 2.5 2 0 3 4 4
-2351.9 1843.4 -0.1 216 0 7.6 9.8 2.5 2.5 2 1 1 0 0
-2576.4 1189.8 -0.2 197 0 8.6 18.4 14.0 3.5 2 0 4 1 1
-2185.1 1653.5 1.6 124 0 7.8 13.0 10.0 2.5 2 1 4 3 3
-2525.2 1809.7 -1.4 203 0 10.3 7.6 5.0 0.0 0 0 2 2 2
-2222.5 1465.6 2.8 307 0 13.4 7.8 14.0 3.5 2 0 4 3 3
-2286.5 1779.7 1.5 213 0 15.0 9.8 7.5 2.5 4 0 3 1 1
-2294.4 1285.5 2.8 127 0 10.2 11.7 14.0 3.5 2 0 4 1 1
-2488.1 1131.4 0.5 105 0 9.4 10.6 14.0 3.5 2 0 4 2 2
-1972.5 1626.1 0.6 39 0 7.2 12.1 5.0 2.5 2 1 2 0 0
-2001.1 1498.0 0.8 311 0 11.3 8.4 14.0 3.5 2 0 4 3 3
-2070.8 1294.7 1.7 308 0 8.3 7.2 14.0 3.5 2 0 4 4 4
-1938.0 1577.1 1.1 195 0 7.5 10.0 14.0 3.5 2 0 4 5 5
-2360.9 1403.7 2.7 19 0 8.3 8.1 14.0 3.5 2 0 4 0 0
-1891.8 1256.2 -0.7 47 0 8.6 15.6 14.0 3.5 2 0 4 4 4
-1910.6 1503.9 1.6 218 0 7.6 6.7 14.0 3.5 2 0 4 3 3
-2272.2 1331.7 2.2 44 0 8.5 12.5 14.0 3.5 2 0 4 2 2
-2341.9 1699.5 -0.2 291 0 7.5 16.4 14.0 3.5 2 0 4 0 0
-2283.8 1421.5 3.3 212 0 6.8 7.2 14.0 3.5 2 0 4 3 3
-2676.3 1111.4 0.8 221 0 6.4 12.5 10.5 3.5 2 1 3 4 4
-2178.0 1427.6 2.3 37 0 10.4 7.6 14.0 3.5 2 0 4 3 3
-2286.0 1715.0 0.6 133 0 6.1 8.8 5.0 2.5 2 1 2 5 5
-2033.8 1446.1 0.7 112 0 7.9 10.6 14.0 3.5 2 0 4 1 1
-1757.7 1097.4 1.7 38 0 8.5 12.6 14.0 3.5 2 0 4 1 1
-2203.8 1669.8 1.1 37 0 12.9 8.8 5.0 2.5 2 0 2 3 3
-2137.6 1797.6 0.1 211 0 13.9 7.5 2.5 2.5 2 0 1 4 4
-2445.2 1199.0 1.2 122 0 9.0 13.6 14.0 3.5 2 0 4 1 1
-2121.5 1393.2 1.7 38 0 7.7 14.8 14.0 3.5 2 0 4 3 3
-1915.6 1547.8 1.3 217 0 9.7 15.7 14.0 3.5 2 0 4 3 3
-2016.1 1513.6 0.7 307 0 12.2 8.3 14.0 3.5 2 0 4 5 5
-2076.5 1316.7 1.6 308 0 8.6 8.2 14.0 3.5 2 0 4 4 4
-2196.2 1639.3 1.1 317 0 8.1 8.3 7.5 2.5 2 1 3 1 1
-2064.4 1108.6 1.8 125 0 12.9 10.0 14.0 3.5 2 0 4 4 4
-2373.6 1143.4 1.9 100 0 8.6 8.1 14.0 3.5 4 0 4 4 4
-1714.4 1705.7 2.6 318 0 9.6 10.2 7.5 2.5 2 1 3 5 5
-2086.8 2101.9 -0.1 121 0 9.2 13.3 5.0 0.0 0 1 2 4 4
-2682.5 1202.5 -0.7 114 0 10.3 6.8 14.0 3.5 2 0 4 1 1
-2047.8 1624.2 0.7 126 0 11.2 8.1 10.0 2.5 2 0 4 1 1
-2073.5 1278.7 1.8 317 0 9.8 11.4 14.0 3.5 2 0 4 0 0
-2175.4 1463.4 2.4 317 0 10.4 6.8 14.0 3.5 2 0 4 2 2
-2422.6 1272.5 1.6 217 0 6.9 8.8 14.0 3.5 2 0 4 3 3
-2503.4 1737.4 -3.2 28 0 7.9 18.3 5.0 2.5 2 1 2 2 2
-2034.2 1581.7 0.6 135 0 10.0 8.1 5.0 2.5 2 0 2 5 5
-2330.3 1416.4 0.3 107 0 8.3 186.8 14.0 3.5 2 0 4 4 4
-2371.5 1289.5 2.0 111 0 11.6 10.3 14.0 3.5 2 0 4 0 0
-2212.8 1272.3 3.5 127 0 9.9 6.7 14.0 3.5 2 0 4 0 0
-2287.1 1318.1 2.3 37 0 7.0 11.9 14.0 3.5 2 0 4 5 5
-2384.2 1769.3 -0.2 216 0 7.4 11.2 5.0 2.5 2 1 2 3 3
-2416.7 1227.7 1.5 39 0 9.5 6.1 14.0 3.5 2 0 4 3 3
-2111.2 1740.6 1.2 301 0 7.9 9.3 7.5 2.5 2 1 3 2 2
-2650.0 1226.7 -1.2 95 0 6.5 10.6 14.0 3.5 2 0 4 2 2
-2008.5 1450.0 0.8 127 0 10.3 8.8 14.0 3.5 2 0 4 1 1
-2278.7 1260.7 2.9 308 0 8.4 13.0 14.0 3.5 2 1 4 2 2
-1743.8 1534.8 2.1 47 0 9.2 9.4 7.5 2.5 2 1 3 2 2
-2095.8 1210.3 1.6 134 0 6.4 7.8 14.0 3.5 2 0 4 4 4
-1851.8 1644.0 0.7 48 0 10.8 8.7 14.0 3.5 2 0 4 5 5
-2374.2 1268.5 2.0 27 0 7.2 14.4 14.0 3.5 2 0 4 0 0
-2119.8 1262.6 2.4 137 0 9.2 6.8 14.0 3.5 2 0 4 2 2
-2386.4 1457.9 2.1 25 0 9.1 12.3 14.0 3.5 2 0 4 1 1
-2231.2 1254.0 3.4 128 0 7.1 12.6 14.0 3.5 2 0 4 2 2
-2269.4 1948.1 -0.3 125 0 8.6 7.3 5.0 2.5 2 0 2 4 4
-2374.4 1924.0 -1.0 31 0 12.2 16.7 5.0 2.5 2 1 2 3 3
-2100.1 1568.7 2.0 300 0 15.3 12.6 7.5 2.5 2 0 3 4 4
-1913.9 1243.5 0.3 39 0 9.9 10.2 14.0 3.5 2 0 4 1 1
-2163.3 1183.7 2.1 307 0 7.6 6.3 14.0 3.5 2 0 4 3 3
-2285.6 1227.9 2.8 298 0 9.3 11.6 10.5 3.5 2 1 3 0 0
-2298.6 1279.8 2.7 314 0 9.6 8.8 14.0 3.5 2 0 4 1 1
-1921.5 1494.1 1.6 220 0 9.1 8.8 14.0 3.5 2 0 4 1 1
-2215.4 1648.4 0.3 34 0 9.4 56.5 14.0 3.5 2 0 4 5 5
-2133.4 1654.7 1.9 115 0 10.6 9.1 10.0 2.5 2 0 4 2 2
-2168.6 1824.0 0.3 18 0 7.8 13.3 5.0 2.5 2 1 2 1 1
-2220.2 1209.1 3.0 37 0 8.7 11.8 14.0 0.0 0 1 4 5 5
-1871.2 1472.7 1.7 305 0 7.2 7.4 14.0 3.5 2 0 4 0 0
-2106.5 1283.2 2.1 218 0 7.1 8.4 14.0 3.5 2 0 4 0 0
-2322.3 1194.8 2.5 118 0 13.7 10.4 10.5 3.5 2 0 3 5 5
-2470.4 1195.5 0.8 297 0 10.9 6.6 14.0 3.5 2 0 4 0 0
-2001.5 1431.0 0.9 217 0 10.2 8.7 14.0 3.5 2 0 4 1 1
-2482.7 1736.1 -3.2 17 0 17.5 20.9 10.0 2.5 2 1 4 4 4
-1965.2 1319.6 0.1 139 0 8.5 7.8 14.0 3.5 2 0 4 1 1
-2106.4 1204.9 1.7 47 0 7.1 9.8 14.0 3.5 2 0 4 2 2
-2162.6 1223.4 2.4 127 0 10.9 8.9 14.0 3.5 2 0 4 0 0
-2336.2 1277.6 2.4 42 0 10.0 9.8 14.0 3.5 2 0 4 2 2
-2392.0 1173.9 1.8 185 0 9.5 10.0 14.0 3.5 2 1 4 5 5
-2016.8 1380.2 0.6 307 0 9.9 12.2 14.0 3.5 2 1 4 0 0
-2128.0 1249.0 2.3 134 0 11.2 6.7 14.0 3.5 2 0 4 2 2
-2459.0 1209.0 1.1 115 0 9.7 6.8 14.0 3.5 2 0 4 3 3
-1783.8 1172.1 1.3 33 0 10.5 14.7 14.0 3.5 2 1 4 3 3
-2435.9 2014.8 -3.6 215 0 7.0 9.3 10.0 2.5 2 1 4 0 0
-2213.1 1367.5 2.9 224 0 9.5 16.2 14.0 0.0 0 1 4 2 2
-2267.3 1218.4 2.9 302 0 13.2 11.1 10.5 3.5 2 0 3 1 1
-2221.9 1634.8 0.6 27 0 13.3 7.2 14.0 3.5 2 0 4 5 5
-2275.3 1239.6 3.0 134 0 13.9 12.0 14.0 0.0 0 0 4 4 4
-1801.7 1463.1 1.8 313 0 10.0 6.1 14.0 3.5 2 0 4 1 1
-2206.4 1279.9 3.5 127 0 8.2 6.2 14.0 3.5 4 0 4 1 1
-2730.8 1114.0 -1.1 203 0 29.7 9.3 14.0 3.5 2 0 4 4 4
-2303.1 1109.1 2.6 230 0 8.6 7.7 14.0 3.5 2 0 4 4 4
-2322.9 1245.6 2.5 301 0 10.3 7.6 10.5 3.5 2 0 3 2 2
-2065.8 1359.1 1.1 134 0 6.6 11.4 14.0 3.5 2 1 4 4 4
-1830.3 1249.7 -1.0 211 0 15.9 9.6 14.0 3.5 2 0 4 3 3
-2044.2 1278.5 1.5 314 0 7.5 8.8 14.0 3.5 4 1 4 4 4
-2125.0 1223.4 2.0 127 0 9.0 10.1 14.0 3.5 2 1 4 5 5
-2024.5 1146.4 1.8 303 0 8.1 6.8 14.0 3.5 4 0 4 1 1
-1927.0 1287.0 -0.3 38 0 15.4 9.6 14.0 3.5 2 0 4 5 5
-2246.4 1841.4 1.3 223 0 9.3 10.4 5.0 2.5 4 1 2 5 5
-2637.7 1163.0 0.5 115 0 7.1 6.9 14.0 3.5 2 0 4 5 5
-2413.2 1144.3 1.5 196 0 9.0 15.2 14.0 3.5 4 1 4 0 0
-2470.2 1102.7 0.6 18 0 12.1 9.3 14.0 3.5 2 0 4 3 3
-1926.9 1653.7 0.7 306 0 10.9 8.0 7.5 2.5 2 0 3 4 4
-2078.3 1175.1 1.8 320 0 10.0 10.5 14.0 3.5 2 1 4 5 5
-2157.7 1389.3 2.1 127 0 9.3 9.2 14.0 3.5 2 0 4 4 4
-2225.5 1349.1 3.2 218 0 7.6 15.6 14.0 3.5 2 1 4 0 0
-1835.6 1358.8 1.2 118 0 10.0 14.0 14.0 3.5 2 1 4 2 2
-2017.6 1965.4 0.5 39 0 9.9 7.9 7.5 2.5 2 0 3 1 1
-2230.3 1435.5 2.8 32 0 8.5 13.2 14.0 3.5 2 0 4 0 0
-2532.0 1796.0 -1.3 207 0 7.6 7.9 5.0 2.5 2 1 2 2 2
-1750.6 1314.6 0.2 29 0 8.8 9.7 14.0 3.5 2 1 4 1 1
-2061.2 1473.2 1.2 125 0 7.2 8.5 14.0 0.0 0 1 4 5 5
-2283.9 1310.8 2.6 224 0 11.5 10.8 14.0 3.5 2 0 4 4 4
-1998.3 1316.8 0.4 218 0 9.3 14.0 14.0 3.5 2 1 4 2 2
-1900.8 1417.8 1.4 121 0 7.9 7.0 14.0 3.5 4 0 4 0 0
-2310.7 1303.3 2.4 44 0 8.4 7.1 14.0 3.5 2 0 4 3 3
-2150.5 1634.9 2.1 123 0 7.0 7.1 7.5 2.5 2 1 3 5 5
-1912.4 1586.8 1.1 217 0 10.4 8.8 14.0 3.5 2 0 4 0 0
-1726.8 1416.9 1.0 308 0 6.7 6.3 14.0 3.5 2 0 4 0 0
-2418.5 1182.0 1.5 114 0 9.6 6.7 14.0 3.5 2 0 4 3 3
-1889.4 1628.1 1.0 222 0 8.1 8.3 14.0 3.5 2 1 4 5 5
-2297.6 1428.6 2.8 189 0 14.3 7.1 14.0 3.5 2 0 4 2 2
-2092.4 1161.0 1.8 312 0 8.7 13.2 14.0 3.5 2 1 4 5 5
-2051.4 1294.6 1.4 314 0 7.9 15.0 14.0 3.5 2 1 4 5 5
-2710.4 1119.0 -0.5 309 0 11.3 7.6 14.0 3.5 2 0 4 2 2
-2374.0 1250.6 2.0 207 0 13.2 10.5 10.5 3.5 2 0 3 0 0
-2025.6 1660.4 0.7 307 0 8.4 10.7 10.0 0.0 0 1 4 0 0
-2310.6 1361.8 1.7 216 0 7.4 10.1 14.0 3.5 2 0 4 2 2
-2502.0 1436.1 -1.1 125 0 11.4 8.6 5.0 2.5 2 0 2 5 5
-1933.6 1258.7 0.1 36 0 14.2 9.5 14.0 3.5 4 0 4 3 3
-2280.3 1472.4 3.3 217 0 10.6 10.1 14.0 3.5 2 0 4 1 1
-2264.6 1273.8 3.1 127 0 9.9 9.6 14.0 3.5 4 0 4 3 3
-1991.5 1511.4 0.9 312 0 7.1 9.6 14.0 3.5 2 1 4 4 4
-2069.2 1589.1 1.1 136 0 9.8 13.5 7.5 2.5 2 1 3 5 5
-2307.2 1446.1 3.1 26 0 9.2 14.0 14.0 3.5 2 0 4 0 0
-2030.4 1554.3 0.6 138 0 10.4 10.1 10.0 2.5 2 0 4 2 2
-1854.4 1271.1 -2.0 131 0 15.6 9.4 14.0 3.5 2 0 4 3 3
-2273.1 1349.5 2.1 37 0 9.0 8.5 14.0 3.5 2 0 4 4 4
-1928.5 1105.2 1.6 121 0 11.6 14.0 14.0 3.5 2 1 4 4 4
-2182.8 1805.5 0.6 32 0 13.2 8.3 10.0 2.5 4 0 4 0 0
-2077.7 1351.6 1.4 307 0 17.0 15.6 14.0 3.5 2 0 4 1 1
-2163.4 1790.7 0.4 34 0 10.5 11.6 7.5 2.5 4 1 3 1 1
-2374.0 1199.6 1.9 285 0 10.0 9.4 14.0 3.5 2 0 4 4 4
-2237.2 1766.9 1.7 8 0 9.0 6.8 7.5 2.5 2 0 3 3 3
-2048.6 1463.0 0.8 119 0 12.7 14.3 14.0 3.5 2 1 4 4 4
-2632.7 1255.9 -2.0 207 0 7.9 14.4 14.0 3.5 2 0 4 5 5
-2087.7 1329.9 1.7 308 0 9.9 13.0 14.0 3.5 4 1 4 0 0
-2244.5 1491.5 3.2 307 0 8.6 8.5 14.0 3.5 2 0 4 0 0
-2226.0 1729.3 1.1 32 0 13.6 9.4 7.5 2.5 2 0 3 1 1
-2362.4 1369.0 1.8 304 0 18.4 10.4 14.0 3.5 2 0 4 4 4
-1820.7 1679.4 1.1 203 0 11.8 13.4 10.0 2.5 2 1 4 2 2
-2017.8 1534.0 0.7 303 0 14.6 11.4 14.0 3.5 2 0 4 2 2
-2136.7 1747.9 1.2 231 0 7.0 8.8 5.0 0.0 0 1 2 3 3
-2051.6 1157.1 1.8 309 0 13.2 9.8 14.0 3.5 2 0 4 3 3
-2165.4 1378.5 2.2 127 0 9.0 9.8 14.0 0.0 0 1 4 5 5
-2051.9 2091.4 -0.3 110 0 7.8 12.6 7.5 2.5 2 1 3 1 1
-1904.6 1102.4 1.6 124 0 11.0 8.6 14.0 3.5 4 0 4 0 0
-2686.3 1237.8 -1.6 205 0 6.9 8.4 14.0 3.5 2 0 4 2 2
-2378.8 1229.4 2.0 210 0 7.7 10.5 10.5 3.5 2 1 3 5 5
-2059.6 1264.1 1.7 314 0 14.1 8.5 14.0 3.5 2 0 4 2 2
-2243.7 1585.0 0.2 24 0 8.4 9.6 14.0 3.5 2 0 4 2 2
-2304.3 1128.2 2.5 44 0 8.6 13.7 14.0 3.5 2 1 4 5 5
-1962.6 1534.2 1.2 221 0 14.7 9.4 14.0 3.5 2 0 4 2 2
-2343.0 1299.0 2.1 33 0 10.8 9.8 14.0 3.5 2 0 4 1 1
-2529.2 1740.1 -2.5 126 0 8.0 18.3 7.5 2.5 2 1 3 4 4
-2149.2 1454.9 2.1 125 0 8.2 13.1 5.0 2.5 2 1 2 2 2
-2123.8 1847.2 -0.4 37 0 7.5 13.7 7.5 2.5 2 1 3 0 0
-2432.2 2061.7 -4.3 286 0 7.6 6.2 5.0 2.5 2 0 2 5 5
-2672.2 1150.0 0.3 22 0 8.2 15.8 14.0 3.5 2 1 4 2 2
-2062.1 1509.8 1.2 217 0 6.7 10.0 14.0 3.5 4 1 4 3 3
-1964.0 1469.8 1.3 200 0 6.6 9.6 14.0 0.0 0 1 4 0 0
-2084.8 1220.0 1.6 128 0 11.2 9.2 14.0 3.5 2 0 4 4 4
-2115.1 1646.6 1.9 125 0 11.4 8.1 5.0 2.5 2 0 2 2 2
-2390.1 1325.0 1.5 210 0 10.6 8.8 14.0 3.5 2 0 4 1 1
-1840.0 1662.9 0.7 232 0 11.8 10.5 5.0 2.5 2 0 2 1 1
-2509.3 1146.2 0.3 95 0 12.9 9.5 14.0 3.5 2 0 4 2 2
-2121.9 1293.5 2.3 218 0 9.3 10.1 14.0 3.5 2 1 4 3 3
-2380.6 1492.7 2.2 191 0 13.9 17.3 14.0 3.5 2 0 4 5 5
-2179.2 1381.0 2.3 128 0 11.7 12.6 14.0 3.5 2 1 4 1 1
-2520.9 1189.8 0.2 258 0 7.2 13.7 14.0 3.5 2 0 4 0 0
-2397.1 1204.9 1.7 35 0 6.5 7.2 14.0 3.5 2 0 4 5 5
-2233.6 1241.4 3.3 307 0 12.4 8.4 14.0 3.5 2 0 4 3 3
-2406.3 1183.8 1.5 304 0 8.9 7.5 14.0 3.5 2 0 4 4 4
-2272.0 1137.8 2.6 230 0 8.7 7.3 14.0 3.5 2 0 4 5 5
-2132.2 1351.9 2.1 37 0 6.9 13.4 14.0 3.5 2 1 4 4 4
-1947.6 1511.1 1.4 209 0 9.2 13.4 14.0 3.5 2 1 4 5 5
-2317.9 1280.4 2.6 217 0 7.4 7.2 14.0 0.0 0 0 4 5 5
-2112.6 1605.2 2.1 119 0 11.7 8.6 2.5 2.5 2 0 1 1 1
-2092.4 1386.7 1.3 128 0 9.2 8.0 14.0 3.5 4 0 4 3 3
-1808.8 1478.4 1.8 317 0 7.7 9.4 14.0 3.5 2 1 4 1 1
-2247.3 1222.1 3.2 127 0 12.1 7.3 14.0 3.5 2 0 4 4 4
-2139.5 1578.5 2.0 302 0 10.0 10.0 5.0 2.5 2 1 2 1 1
-2105.3 1252.0 2.2 47 0 7.2 6.2 14.0 3.5 2 0 4 3 3
-1858.0 1631.0 1.1 314 0 11.4 7.9 14.0 3.5 2 0 4 2 2
-2460.6 1169.5 0.9 296 0 10.8 8.6 14.0 3.5 2 0 4 4 4
-2445.3 2059.6 -2.7 205 0 12.0 7.7 10.0 0.0 0 0 4 2 2
-2255.2 1204.2 3.0 310 0 11.5 11.2 10.5 3.5 2 0 3 3 3
-2677.0 1129.4 0.5 20 0 8.2 10.6 14.0 3.5 2 1 4 4 4
-2268.5 1913.4 0.6 297 0 12.9 7.6 5.0 0.0 0 0 2 1 1
-2505.0 1655.4 -0.6 111 0 8.2 12.3 10.0 2.5 2 1 4 1 1
-2109.9 1194.2 1.7 47 0 6.6 11.3 14.0 3.5 2 1 4 5 5
-2143.2 1343.3 2.3 308 0 14.4 15.0 14.0 3.5 2 1 4 1 1
-2419.4 934.9 0.3 42 0 19.3 8.3 14.0 3.5 2 0 4 4 4
-2149.4 1215.8 2.2 127 0 8.7 12.6 14.0 3.5 2 1 4 4 4
-2195.6 1785.4 0.9 44 0 9.6 7.7 2.5 2.5 2 0 1 5 5
-2338.1 1179.3 2.3 307 0 10.7 11.2 14.0 3.5 2 1 4 1 1
-2462.4 1143.6 0.8 22 0 6.6 8.5 14.0 3.5 2 0 4 1 1
-1769.5 1164.8 1.5 40 0 7.7 11.9 14.0 3.5 2 1 4 2 2
-2354.1 1210.2 2.2 120 0 12.9 11.9 10.5 3.5 2 0 3 5 5
-2190.8 1319.3 3.1 314 0 13.7 7.9 14.0 3.5 2 0 4 5 5
-2268.3 1176.0 2.9 38 0 7.6 11.5 10.5 3.5 2 1 3 4 4
-2056.3 1401.2 1.0 314 0 11.9 8.1 14.0 3.5 2 0 4 1 1
-2282.2 1870.0 1.4 32 0 9.4 9.0 5.0 2.5 2 0 2 3 3
-1838.8 1441.5 1.7 308 0 6.7 8.1 14.0 3.5 2 1 4 1 1
-2247.7 1250.8 3.2 307 0 8.1 12.7 14.0 3.5 2 1 4 5 5
-2081.4 1880.4 -0.1 212 0 9.0 9.0 10.0 2.5 2 0 4 4 4
-2725.2 1157.8 -1.9 210 0 12.0 8.2 14.0 3.5 4 0 4 1 1
-2282.5 1128.0 2.6 238 0 7.1 6.6 14.0 3.5 2 0 4 2 2
-2026.3 1332.1 0.7 134 0 9.8 11.3 14.0 3.5 2 1 4 0 0
-2226.5 1948.0 0.0 121 0 9.2 7.4 7.5 2.5 2 0 3 4 4
-1879.0 1417.2 1.5 128 0 10.5 8.3 14.0 3.5 4 0 4 4 4
-2301.7 1325.1 2.1 38 0 10.2 11.2 14.0 3.5 2 1 4 5 5
-2151.5 1244.1 2.5 128 0 8.7 8.2 14.0 3.5 2 0 4 0 0
-2276.3 1319.8 2.5 220 0 6.1 6.9 14.0 3.5 2 1 4 1 1
-2369.0 1211.1 2.1 119 0 6.0 6.0 10.5 3.5 2 0 3 2 2
-2075.6 1377.5 1.1 128 0 7.3 7.4 14.0 3.5 2 1 4 1 1
-2029.1 1940.0 0.6 26 0 8.6 10.1 7.5 2.5 2 1 3 5 5
-1896.2 1295.4 -0.8 45 0 15.0 9.6 14.0 3.5 2 0 4 0 0
-2190.2 1253.1 3.0 127 0 6.3 10.0 14.0 0.0 0 1 4 2 2
-2113.6 1367.7 1.6 215 0 18.7 18.2 14.0 3.5 4 0 4 3 3
-2252.4 1881.5 1.2 33 0 6.8 10.4 5.0 2.5 2 1 2 3 3
-2411.7 1110.7 1.4 202 0 10.1 10.8 14.0 3.5 2 1 4 2 2
-2028.5 1266.8 1.3 317 0 14.8 7.4 14.0 3.5 2 0 4 3 3
-1920.9 1147.3 1.7 211 0 12.2 10.9 14.0 3.5 4 0 4 5 5
-1869.6 1387.7 1.3 140 0 9.2 10.4 14.0 3.5 2 1 4 5 5
-1740.5 1426.4 1.0 307 0 10.7 8.3 14.0 3.5 2 0 4 5 5
-2279.9 1358.9 2.0 38 0 7.8 7.1 14.0 3.5 2 0 4 2 2
-2023.5 1603.5 0.7 128 0 8.6 7.1 5.0 2.5 2 0 2 1 1
-1971.4 2110.4 0.5 28 0 9.3 8.7 10.0 0.0 0 0 4 1 1
-2357.8 1133.8 2.0 123 0 10.8 10.6 14.0 3.5 2 0 4 0 0
-2002.0 1357.7 0.4 224 0 9.1 13.3 14.0 3.5 2 1 4 1 1
-2133.8 1836.2 -0.3 36 0 7.9 9.0 2.5 2.5 2 1 1 1 1
-1889.8 1197.6 1.3 219 0 13.8 10.2 14.0 3.5 2 0 4 0 0
-1884.5 1510.9 1.6 229 0 7.9 6.2 14.0 3.5 2 0 4 4 4
-1876.2 1632.9 1.0 207 0 8.3 7.9 14.0 3.5 2 0 4 4 4
-2133.9 1594.9 2.3 309 0 7.5 9.7 7.5 0.0 0 1 3 2 2
-2094.3 1133.0 1.8 35 0 8.1 10.8 14.0 3.5 2 1 4 4 4
-2057.8 1308.6 1.4 317 0 8.1 6.4 14.0 3.5 2 0 4 4 4
-2653.9 1194.9 0.2 348 0 6.8 7.4 14.0 3.5 2 0 4 4 4
-2197.3 1240.4 3.0 127 0 8.2 7.7 14.0 3.5 2 0 4 1 1
-2178.8 1344.1 2.8 304 0 7.8 7.0 14.0 3.5 2 0 4 4 4
-2441.9 1326.4 1.2 318 0 8.7 21.1 2.5 2.5 4 1 1 1 1
-2699.2 1139.7 -0.1 119 0 7.4 9.6 14.0 3.5 2 1 4 1 1
-2391.1 1195.4 1.8 200 0 6.2 6.9 14.0 3.5 2 1 4 5 5
-1992.4 1475.1 1.0 220 0 7.2 8.3 14.0 3.5 2 1 4 0 0
-1802.7 1382.0 1.3 316 0 9.8 9.3 14.0 0.0 0 0 4 2 2
-2211.0 1397.4 2.8 44 0 9.0 10.2 14.0 3.5 2 1 4 0 0
-2440.7 1180.6 1.1 297 0 9.8 10.0 14.0 3.5 2 1 4 5 5
-2421.8 2007.8 -3.3 18 0 7.3 7.7 7.5 2.5 2 1 3 3 3
-2326.9 1343.3 1.8 211 0 6.5 10.7 14.0 3.5 2 1 4 1 1
-2301.5 1667.4 -0.4 297 0 11.8 24.0 14.0 3.5 4 1 4 4 4
-2274.6 1489.7 2.8 218 0 7.3 12.8 14.0 3.5 4 1 4 4 4
-2330.2 1351.0 1.6 293 0 11.2 9.1 14.0 3.5 2 0 4 3 3
-2578.8 1141.8 0.4 114 0 10.2 11.3 14.0 3.5 2 1 4 5 5
-2064.0 1579.4 1.1 140 0 6.9 10.3 10.0 2.5 2 1 4 5 5
-2291.1 1494.0 2.3 29 0 9.9 15.1 14.0 3.5 2 1 4 2 2
-2314.0 1715.8 0.3 302 0 35.8 10.0 14.0 0.0 0 0 4 1 1
-2206.5 1488.6 2.8 304 0 8.9 8.5 14.0 3.5 2 0 4 3 3
-2286.6 1389.9 2.5 217 0 7.0 13.4 14.0 3.5 2 1 4 3 3
-1945.4 1124.8 1.9 211 0 10.6 10.3 14.0 0.0 0 0 4 3 3
-2059.3 1339.3 1.3 308 0 6.7 7.4 14.0 3.5 2 1 4 1 1
-2169.7 1617.1 1.6 303 0 7.7 7.3 7.5 2.5 2 0 3 1 1
-2704.1 1126.9 -0.4 309 0 11.3 10.1 14.0 3.5 2 0 4 1 1
-2044.2 1106.2 1.8 139 0 9.0 8.0 14.0 3.5 2 0 4 1 1
-1998.7 2100.2 -0.1 34 0 6.5 12.7 5.0 2.5 2 1 2 0 0
-2679.8 1218.4 -1.1 123 0 7.7 8.7 14.0 0.0 0 1 4 3 3
-2497.3 1138.7 0.4 123 0 7.0 6.2 14.0 3.5 2 0 4 0 0
-2590.4 1238.7 -1.4 18 0 8.4 21.5 14.0 3.5 2 1 4 2 2
-1966.3 1485.8 1.3 212 0 7.5 10.4 14.0 3.5 2 1 4 3 3
-2088.8 1300.4 1.9 308 0 7.0 7.8 14.0 3.5 2 1 4 1 1
-2267.1 1508.3 2.0 188 0 7.8 10.1 14.0 3.5 2 1 4 5 5
-2277.1 1833.3 2.0 32 0 6.4 6.6 7.5 2.5 2 1 3 5 5
-2339.3 1384.0 2.1 29 0 9.1 15.4 14.0 3.5 2 1 4 1 1
-1755.9 1680.8 2.1 131 0 11.7 9.6 10.0 2.5 2 0 4 1 1
-2307.5 1415.8 2.4 205 0 8.6 10.6 14.0 3.5 2 1 4 0 0
-2009.2 1154.6 1.9 126 0 15.6 12.8 14.0 3.5 2 0 4 1 1
-2186.2 1435.7 2.4 38 0 8.2 8.4 14.0 3.5 2 1 4 3 3
-2005.0 2054.7 0.3 31 0 10.9 8.6 5.0 2.5 2 0 2 4 4
-2163.0 1474.7 2.4 130 0 7.3 12.2 10.0 2.5 2 1 4 3 3
-1782.4 1108.2 1.5 40 0 7.0 10.0 14.0 3.5 2 1 4 5 5
-2249.4 1355.2 3.2 37 0 8.6 7.6 14.0 3.5 2 0 4 2 2
-2390.1 1225.3 1.8 28 0 8.9 11.3 14.0 3.5 2 1 4 3 3
-2125.8 1820.0 -0.4 210 0 18.3 12.5 7.5 2.5 2 0 3 1 1
-2237.9 1601.4 0.1 22 0 19.6 10.2 14.0 3.5 2 0 4 3 3
-2118.8 1375.3 1.7 37 0 9.8 10.7 14.0 3.5 2 1 4 3 3
-1952.5 1547.5 1.1 219 0 12.1 10.9 14.0 3.5 2 0 4 0 0
-2500.1 1118.9 0.4 192 0 7.5 7.2 14.0 3.5 2 0 4 4 4
-2163.8 1640.8 2.0 118 0 8.3 8.1 7.5 2.5 4 0 3 5 5
-2322.1 1414.7 2.6 24 0 8.8 10.9 14.0 3.5 2 1 4 3 3
-1711.7 1654.9 2.5 43 0 17.1 12.1 7.5 2.5 2 0 3 5 5
-2128.4 1441.2 1.8 213 0 14.4 7.0 14.0 3.5 2 0 4 2 2
-2079.2 1623.3 1.2 126 0 12.0 10.7 5.0 2.5 2 0 2 3 3
-2633.6 1198.7 0.0 291 0 13.2 6.4 14.0 3.5 2 0 4 4 4
-2090.6 1242.8 1.9 128 0 7.2 9.7 14.0 3.5 2 1 4 5 5
-2384.0 1241.1 1.9 24 0 8.3 8.6 14.0 3.5 2 0 4 4 4
-2677.2 1188.3 -0.0 110 0 8.7 9.0 14.0 3.5 2 1 4 4 4
-2159.7 1450.8 2.2 314 0 16.0 11.8 14.0 3.5 2 0 4 4 4
-2307.5 1731.8 0.8 122 0 16.6 8.4 10.0 0.0 0 0 4 4 4
-2432.6 2028.9 -3.3 196 0 6.5 7.3 7.5 2.5 4 1 3 5 5
-2662.0 1161.6 0.6 30 0 6.9 9.5 14.0 3.5 2 1 4 5 5
-2078.2 1481.9 1.5 137 0 7.7 7.3 14.0 3.5 2 0 4 0 0
-1953.7 1480.7 1.4 206 0 9.4 9.4 14.0 0.0 0 1 4 4 4
-1912.7 1562.9 1.3 216 0 8.9 10.5 14.0 3.5 2 1 4 0 0
-2244.8 1694.5 0.7 127 0 10.3 6.6 7.5 2.5 2 0 3 3 3
-1765.6 1502.1 1.3 124 0 6.4 9.7 2.5 2.5 2 1 1 3 3
-2210.6 1230.0 3.0 308 0 9.0 8.0 14.0 0.0 0 0 4 0 0
-2706.5 1213.4 -2.1 207 0 7.9 6.6 14.0 3.5 2 0 4 1 1
-2440.5 1040.8 1.0 296 0 15.0 13.6 14.0 3.5 2 0 4 4 4
-2151.4 1364.3 2.1 137 0 6.9 11.3 14.0 3.5 2 1 4 4 4
-2467.2 1111.7 0.7 18 0 6.9 9.3 14.0 3.5 2 0 4 3 3
-2092.5 2014.5 1.1 35 0 9.1 9.7 5.0 2.5 2 1 2 5 5
-2132.4 1620.4 2.1 126 0 10.9 14.1 7.5 2.5 2 1 3 0 0
-2236.9 1286.0 3.2 127 0 10.5 10.0 14.0 3.5 2 0 4 4 4
-2461.9 1132.2 0.8 19 0 10.9 10.8 14.0 3.5 2 0 4 3 3
-2423.3 1953.3 -2.1 214 0 9.2 8.5 7.5 2.5 2 0 3 4 4
-2105.1 1415.0 1.5 134 0 8.9 10.9 14.0 3.5 2 1 4 5 5
-2119.5 1578.0 2.4 296 0 14.0 6.9 5.0 2.5 2 0 2 0 0
-2101.0 1234.5 1.9 128 0 7.3 6.4 14.0 3.5 2 0 4 1 1
-1913.8 1276.7 -0.8 44 0 10.3 11.0 14.0 3.5 2 1 4 2 2
-1861.1 1412.0 1.4 312 0 8.3 7.5 14.0 3.5 4 0 4 3 3
-2456.0 1186.6 1.0 294 0 8.7 7.8 14.0 3.5 2 0 4 3 3
-2292.5 1210.3 2.7 302 0 11.7 9.7 10.5 3.5 2 0 3 2 2
-2251.2 1901.0 0.8 36 0 6.4 9.5 7.5 2.5 2 1 3 2 2
-1897.8 1521.2 1.5 222 0 10.1 7.5 14.0 3.5 2 0 4 3 3
-2287.5 1270.9 2.8 314 0 7.1 8.2 14.0 3.5 2 1 4 1 1
-2260.4 1335.3 2.5 209 0 7.1 9.1 14.0 3.5 2 1 4 3 3
-2642.5 1208.4 -0.4 116 0 6.4 6.8 14.0 3.5 4 1 4 2 2
-2478.5 1167.5 0.6 291 0 9.1 13.8 14.0 3.5 2 0 4 4 4
-2178.5 1279.8 3.1 100 0 13.4 7.3 14.0 3.5 2 0 4 0 0
-2520.3 1204.5 0.1 274 0 9.7 10.8 14.0 0.0 0 1 4 5 5
-1861.0 1168.8 1.0 233 0 10.6 7.4 14.0 3.5 2 0 4 4 4
-2181.0 1871.5 0.2 305 0 7.2 7.1 5.0 2.5 2 0 2 1 1
-1879.8 1451.9 1.7 309 0 7.5 7.1 14.0 3.5 2 0 4 3 3
-2237.7 1195.7 2.9 314 0 8.7 7.4 10.5 3.5 2 0 3 5 5
-2664.3 1215.3 -0.8 20 0 6.5 11.9 14.0 3.5 2 1 4 3 3
-2337.7 1201.3 2.3 118 0 10.0 8.9 10.5 3.5 2 0 3 0 0
-2253.6 1136.5 2.5 217 0 6.0 9.4 14.0 3.5 2 1 4 5 5
-2697.5 1119.1 0.2 316 0 6.7 8.6 14.0 3.5 2 0 4 4 4
-2018.5 1444.4 0.7 217 0 6.3 9.8 14.0 3.5 4 1 4 0 0
-1837.9 1462.6 1.7 308 0 9.6 9.7 14.0 3.5 2 1 4 1 1
-2196.1 1855.2 0.5 300 0 17.9 8.3 10.0 2.5 2 0 4 4 4
-1902.8 1266.8 -0.7 53 0 6.9 10.3 14.0 3.5 2 0 4 5 5
-2704.4 1187.7 -1.7 293 0 12.1 10.5 14.0 3.5 2 0 4 4 4
-2332.3 1272.3 2.5 224 0 8.0 10.2 14.0 0.0 0 1 4 1 1
-2011.1 1362.2 0.5 307 0 10.7 7.0 14.0 3.5 2 0 4 3 3
-1882.7 1405.1 1.4 210 0 6.2 6.4 14.0 3.5 2 1 4 3 3
-2141.3 1256.8 2.6 127 0 7.8 10.4 14.0 3.5 2 1 4 2 2
-2311.3 1229.5 2.6 304 0 6.4 7.3 10.5 3.5 2 1 3 3 3
-2302.6 1249.4 2.7 122 0 9.0 6.4 14.0 3.5 2 0 4 0 0
-1825.7 1107.8 1.5 111 0 13.2 7.9 14.0 3.5 2 0 4 1 1
-2517.2 1156.2 0.1 67 0 7.6 13.6 14.0 3.5 2 1 4 3 3
-2298.0 1178.5 2.7 129 0 14.6 13.0 10.5 3.5 2 0 3 4 4
-2231.2 1618.1 0.3 22 0 16.2 10.1 14.0 3.5 2 0 4 5 5
-1886.7 1314.8 -0.4 41 0 12.2 11.3 14.0 3.5 2 0 4 1 1
-2202.3 1259.2 3.2 128 0 6.7 6.5 14.0 3.5 2 0 4 3 3
-2324.4 1155.9 2.3 305 0 12.9 13.5 14.0 3.5 2 1 4 0 0
-2353.5 1104.8 1.9 24 0 8.8 15.4 14.0 3.5 2 1 4 2 2
-2217.5 1887.5 0.7 299 0 12.1 6.7 5.0 2.5 4 0 2 2 2
-2319.4 1385.5 1.7 215 0 7.6 9.3 14.0 3.5 2 1 4 5 5
-1916.3 1176.9 1.9 232 0 11.7 9.0 14.0 3.5 2 0 4 5 5
-2337.0 1255.2 2.3 300 0 14.6 8.0 10.5 3.5 2 0 3 5 5
-2256.7 1284.0 3.1 127 0 9.2 6.2 14.0 3.5 2 0 4 1 1
-2052.0 1355.0 1.0 127 0 10.5 6.6 14.0 3.5 2 0 4 5 5
-1855.4 1443.6 1.7 310 0 7.3 6.8 14.0 0.0 0 0 4 5 5
-2285.4 1145.5 2.7 37 0 7.5 14.3 14.0 3.5 2 1 4 0 0
-2327.5 1286.4 2.3 44 0 7.3 16.3 14.0 3.5 2 1 4 0 0
-2214.6 828.5 1.6 297 0 9.3 10.8 14.0 3.5 2 1 4 0 0
-2569.7 1101.7 0.8 201 0 9.7 16.0 14.0 3.5 2 1 4 5 5
-2375.9 924.8 -0.1 52 0 7.6 9.5 14.0 3.5 2 1 4 3 3
-2052.3 1061.1 1.7 297 0 6.5 9.7 14.0 0.0 0 1 4 5 5
-1861.8 820.1 2.2 299 0 7.6 11.2 14.0 3.5 2 1 4 2 2
-2538.2 1070.8 1.2 212 0 16.2 9.3 14.0 0.0 0 0 4 0 0
-2567.6 800.8 1.6 116 0 16.3 31.2 14.0 3.5 4 1 4 4 4
-2083.5 1029.2 1.8 201 0 9.4 7.1 14.0 3.5 2 0 4 5 5
-1941.3 892.9 3.4 115 0 10.0 16.2 14.0 3.5 2 1 4 3 3
-2210.5 837.8 1.1 120 0 15.8 12.7 14.0 3.5 4 0 4 5 5
-1802.0 825.5 2.7 111 0 14.2 14.4 14.0 3.5 2 1 4 4 4
-2154.5 962.8 1.9 115 0 10.0 12.4 14.0 0.0 0 1 4 4 4
-2234.5 856.1 1.0 114 0 13.1 10.0 14.0 3.5 2 0 4 1 1
-2064.6 1008.9 2.0 309 0 8.5 8.3 14.0 3.5 2 0 4 3 3
-2081.0 986.7 2.3 121 0 15.4 11.1 14.0 3.5 2 0 4 4 4
-1963.4 925.0 3.3 121 0 13.0 11.4 14.0 3.5 2 0 4 3 3
-2603.4 1067.0 1.1 279 0 10.9 12.8 10.5 3.5 2 1 3 0 0
-2226.1 1020.9 1.5 34 0 8.6 7.5 14.0 3.5 2 0 4 1 1
-2036.2 1052.8 1.7 299 0 12.8 7.5 14.0 3.5 2 0 4 2 2
-2271.8 678.0 2.1 252 0 9.4 26.4 14.0 3.5 2 1 4 4 4
-2364.2 444.7 2.6 81 0 21.7 9.9 14.0 3.5 2 0 4 5 5
-2398.1 1058.7 1.1 31 0 9.2 13.9 14.0 3.5 2 1 4 1 1
-1984.2 825.6 2.1 289 0 18.3 12.0 14.0 3.5 2 0 4 1 1
-1744.8 827.0 2.6 118 0 9.8 16.6 14.0 3.5 2 1 4 1 1
-1894.2 873.6 3.2 115 0 12.8 16.0 14.0 3.5 2 1 4 1 1
-2034.5 1089.1 1.7 119 0 12.8 10.0 14.0 3.5 2 0 4 5 5
-2202.2 540.9 1.0 268 0 14.5 11.8 14.0 3.5 4 0 4 0 0
-2368.3 1085.9 1.7 33 0 9.9 14.4 14.0 0.0 0 1 4 3 3
-1976.6 969.9 2.6 112 0 11.1 7.9 14.0 3.5 2 0 4 2 2
-2333.9 1038.1 1.7 59 0 14.5 6.3 14.0 3.5 2 0 4 2 2
-2019.2 890.7 3.3 285 0 13.2 9.8 14.0 3.5 2 0 4 5 5
-1835.9 844.7 2.9 105 0 12.8 9.2 14.0 3.5 2 0 4 3 3
-2542.1 1008.3 1.9 199 0 8.3 6.5 14.0 3.5 4 0 4 2 2
-2055.8 924.5 3.2 113 0 10.8 8.6 14.0 3.5 4 0 4 5 5
-1815.1 1055.4 2.0 207 0 17.3 8.3 14.0 3.5 2 0 4 1 1
-2545.2 1090.8 0.9 25 0 8.9 10.6 14.0 3.5 2 1 4 0 0
-1727.7 718.3 2.4 293 0 12.6 14.6 14.0 3.5 2 1 4 1 1
-2052.6 903.0 2.9 286 0 6.0 10.0 14.0 0.0 0 1 4 1 1
-2571.8 989.9 2.4 13 0 8.6 19.1 10.5 3.5 2 1 3 0 0
-2008.5 912.5 3.6 114 0 14.1 9.4 14.0 3.5 2 0 4 4 4
-1849.9 853.6 3.0 106 0 13.7 16.3 14.0 3.5 4 1 4 2 2
-2509.7 1039.7 1.3 270 0 7.0 11.2 14.0 3.5 4 1 4 0 0
-2054.3 961.8 2.6 120 0 9.1 15.2 14.0 3.5 4 1 4 3 3
-1837.3 812.1 2.2 285 0 11.1 12.2 14.0 3.5 2 1 4 3 3
-2558.4 966.8 2.1 191 0 7.4 13.0 14.0 3.5 4 1 4 3 3
-2643.2 933.9 2.2 131 0 10.9 13.9 14.0 3.5 2 1 4 4 4
-1945.5 918.9 3.5 114 0 9.1 16.4 14.0 3.5 2 1 4 0 0
-2588.4 917.1 2.3 22 0 9.2 8.9 14.0 3.5 2 0 4 4 4
-2137.4 993.4 2.6 121 0 7.2 7.5 14.0 3.5 4 1 4 3 3
-2110.5 607.7 1.4 262 0 6.2 16.1 14.0 3.5 2 1 4 1 1
-2309.9 500.0 1.8 78 0 14.4 9.1 14.0 3.5 2 0 4 1 1
-2114.0 1039.3 1.8 217 0 12.5 10.3 14.0 3.5 2 0 4 4 4
-2576.7 930.5 2.3 22 0 7.5 14.7 14.0 3.5 2 1 4 5 5
-2288.6 875.7 1.2 30 0 15.9 9.1 14.0 3.5 2 0 4 3 3
-2026.8 1065.0 1.7 298 0 9.8 7.6 14.0 3.5 2 0 4 3 3
-2602.2 1051.2 1.2 289 0 9.2 6.6 10.5 3.5 2 0 3 3 3
-2173.4 1018.9 2.1 213 0 20.5 13.8 14.0 3.5 2 0 4 3 3
-2471.3 980.7 1.1 90 0 6.2 17.9 14.0 3.5 2 1 4 0 0
-2122.9 928.3 1.9 281 0 8.4 7.3 14.0 3.5 2 0 4 4 4
-2325.2 683.1 2.8 256 0 16.6 59.1 14.0 3.5 2 1 4 4 4
-2186.8 853.8 0.7 117 0 9.2 6.7 14.0 3.5 2 0 4 0 0
-1992.8 1021.0 2.0 199 0 6.2 10.5 14.0 3.5 2 1 4 1 1
-2250.1 589.7 1.1 258 0 12.2 7.7 14.0 3.5 2 0 4 4 4
-2534.2 889.6 1.9 203 0 7.1 7.6 14.0 0.0 0 1 4 2 2
-1913.6 842.0 2.5 299 0 7.5 6.2 14.0 0.0 0 0 4 4 4
-2123.1 872.7 1.2 217 0 9.8 12.4 14.0 3.5 2 1 4 5 5
-2063.7 1069.4 1.8 306 0 7.7 7.1 14.0 3.5 2 0 4 4 4
-1932.9 792.2 1.6 302 0 9.3 8.3 14.0 3.5 2 0 4 1 1
-2140.5 955.1 2.0 104 0 11.9 14.5 14.0 3.5 2 1 4 0 0
-1980.6 1023.5 2.1 205 0 6.3 15.7 14.0 3.5 2 1 4 1 1
-2191.6 945.3 1.1 297 0 13.9 16.9 14.0 3.5 2 1 4 1 1
-2001.9 1042.2 1.7 290 0 11.0 7.2 14.0 3.5 4 0 4 0 0
-2501.5 946.8 1.6 2 0 13.8 15.7 14.0 3.5 2 1 4 5 5
-1990.2 870.1 2.7 284 0 11.9 16.5 14.0 0.0 0 1 4 2 2
-2071.3 932.2 3.0 114 0 13.1 7.1 14.0 0.0 0 0 4 0 0
-1734.9 978.8 2.2 25 0 8.7 17.4 14.0 3.5 2 1 4 1 1
-1863.8 856.5 3.0 98 0 14.6 10.1 14.0 3.5 2 0 4 0 0
-2556.6 1055.0 1.3 19 0 24.0 8.0 10.5 3.5 2 0 3 5 5
-2183.2 805.2 0.7 207 0 12.3 8.3 14.0 3.5 4 0 4 4 4
-1821.7 831.1 2.7 109 0 11.8 12.0 14.0 3.5 2 1 4 4 4
-2243.3 843.8 1.6 297 0 11.1 8.4 14.0 0.0 0 0 4 2 2
-2040.5 951.2 2.7 122 0 7.8 15.1 14.0 3.5 2 1 4 2 2
-2588.0 1090.9 0.9 117 0 13.0 9.7 14.0 3.5 2 0 4 0 0
-2051.2 1026.2 1.7 297 0 8.3 9.3 14.0 3.5 2 1 4 0 0
-1922.5 933.5 3.4 127 0 11.8 10.0 14.0 0.0 0 0 4 0 0
-1774.3 788.1 2.5 281 0 17.3 11.9 14.0 3.5 4 0 4 3 3
-1976.6 899.0 3.4 118 0 11.7 12.0 14.0 3.5 2 1 4 1 1
-2191.3 996.2 1.5 205 0 15.9 10.9 14.0 3.5 2 0 4 1 1
-2192.6 769.9 0.0 201 0 13.5 9.3 14.0 3.5 2 0 4 5 5
-2380.2 906.3 -0.0 218 0 6.5 7.4 14.0 3.5 2 1 4 2 2
-2060.6 1044.7 1.8 300 0 6.7 8.6 14.0 3.5 2 1 4 4 4
-2251.6 868.7 1.0 29 0 12.2 14.6 14.0 3.5 2 1 4 5 5
-2095.3 1036.2 1.8 210 0 12.0 9.1 14.0 3.5 2 0 4 5 5
-1961.6 890.8 3.3 112 0 8.9 12.4 14.0 3.5 2 1 4 5 5
-2616.0 1037.9 1.3 192 0 9.0 9.7 10.5 3.5 2 1 3 4 4
-2329.4 922.1 0.4 220 0 8.9 6.5 14.0 3.5 2 0 4 4 4
-2269.7 849.8 1.7 294 0 11.3 9.0 14.0 3.5 2 0 4 4 4
-2267.9 808.3 1.7 302 0 15.1 8.8 14.0 3.5 2 0 4 1 1
-2127.5 946.0 2.1 111 0 17.3 13.8 14.0 3.5 2 0 4 3 3
-1879.5 862.6 3.1 108 0 8.2 15.1 14.0 3.5 2 1 4 5 5
-2212.6 570.5 0.9 265 0 9.5 14.1 14.0 3.5 4 1 4 4 4
-2473.7 1066.6 0.7 95 0 13.7 11.4 14.0 3.5 2 0 4 2 2
-2350.7 1079.3 1.8 265 0 10.0 8.4 14.0 3.5 2 0 4 0 0
-1888.0 840.9 2.5 296 0 8.8 9.2 14.0 3.5 2 1 4 0 0
-2143.4 1040.8 1.8 216 0 9.6 9.2 14.0 3.5 2 0 4 2 2
-2040.2 1078.3 1.7 301 0 7.2 9.8 14.0 3.5 4 1 4 2 2
-2223.7 597.8 0.9 256 0 14.0 12.2 14.0 3.5 2 0 4 2 2
-1847.9 1089.5 1.7 108 0 9.5 8.3 14.0 0.0 0 0 4 3 3
-2154.9 819.8 0.7 211 0 8.0 12.1 14.0 3.5 2 1 4 0 0
-2350.2 850.9 1.6 208 0 9.5 13.1 14.0 3.5 2 1 4 3 3
-2568.8 1030.7 1.7 22 0 21.0 12.1 10.5 3.5 2 0 3 4 4
-2093.1 934.1 2.7 128 0 12.1 18.5 14.0 3.5 2 1 4 0 0
-1990.0 1068.9 1.7 207 0 7.4 6.5 14.0 3.5 2 0 4 2 2
-1775.0 894.0 2.7 102 0 9.7 10.1 14.0 3.5 2 1 4 3 3
-1807.2 781.3 2.1 281 0 15.6 13.2 14.0 3.5 4 0 4 1 1
-2545.9 987.3 2.0 185 0 9.1 9.1 14.0 3.5 2 1 4 0 0
-1738.4 1022.3 2.1 287 0 11.3 12.6 14.0 3.5 2 1 4 5 5
-2167.5 796.4 0.4 205 0 9.1 15.0 14.0 3.5 2 1 4 2 2
-2004.1 989.7 2.2 221 0 6.3 8.2 14.0 3.5 2 1 4 2 2
-2075.7 911.6 2.5 284 0 10.2 8.1 14.0 3.5 2 0 4 4 4
-2039.5 920.0 3.5 116 0 11.5 10.2 14.0 3.5 4 0 4 3 3
-1813.2 805.5 2.1 290 0 11.0 14.8 14.0 3.5 2 1 4 4 4
-2531.3 1001.9 1.7 185 0 12.4 10.4 14.0 3.5 2 0 4 1 1
-2044.9 900.2 2.9 289 0 6.5 15.4 14.0 3.5 2 1 4 5 5
-2600.2 804.4 1.7 186 0 11.8 18.7 14.0 3.5 2 1 4 1 1
-1906.7 847.2 2.6 299 0 14.5 8.0 14.0 3.5 2 0 4 4 4
-1917.8 901.2 3.6 121 0 9.7 13.9 14.0 3.5 4 1 4 0 0
-2598.2 946.7 2.4 297 0 7.4 14.1 14.0 3.5 4 1 4 0 0
-2593.1 823.2 1.9 200 0 21.4 13.6 14.0 0.0 0 0 4 4 4
-2061.6 900.9 2.6 286 0 7.7 10.6 14.0 3.5 2 1 4 5 5
-2215.3 874.9 0.8 25 0 15.3 21.5 14.0 3.5 2 1 4 5 5
-2172.7 974.7 1.7 114 0 11.0 8.0 14.0 3.5 2 0 4 4 4
-2479.1 1002.3 1.1 76 0 10.6 19.7 14.0 3.5 2 1 4 0 0
-2611.2 912.5 2.4 115 0 13.7 12.0 14.0 3.5 2 0 4 3 3
-2105.8 942.2 2.5 119 0 18.0 13.4 14.0 3.5 2 0 4 5 5
-2626.1 1027.4 1.4 199 0 12.5 9.1 10.5 3.5 2 0 3 5 5
-2229.6 533.4 1.2 263 0 13.3 12.0 14.0 3.5 2 0 4 4 4
-2149.0 867.4 0.8 27 0 15.6 10.2 14.0 3.5 2 0 4 5 5
-2082.2 1053.1 1.8 201 0 7.2 7.1 14.0 3.5 2 0 4 2 2
-2100.1 567.0 1.3 333 0 11.7 7.4 14.0 3.5 2 0 4 3 3
-2069.9 889.4 2.3 305 0 11.6 8.9 14.0 3.5 2 0 4 4 4
-2537.5 841.4 1.8 197 0 8.9 8.6 14.0 3.5 2 0 4 2 2
-2252.6 643.4 1.9 340 0 9.3 12.4 14.0 3.5 2 1 4 2 2
-2100.9 1067.1 1.8 225 0 7.9 6.4 14.0 3.5 2 0 4 4 4
-2403.7 958.9 0.5 236 0 20.1 8.1 14.0 3.5 2 0 4 4 4
-2211.6 960.7 1.2 294 0 14.1 11.4 14.0 3.5 2 0 4 4 4
-2310.4 903.9 0.8 209 0 10.0 12.8 14.0 3.5 2 1 4 2 2
-2567.2 926.9 2.2 208 0 11.1 14.1 14.0 0.0 0 1 4 1 1
-2001.3 886.4 3.0 290 0 10.1 18.8 14.0 3.5 2 1 4 4 4
-1789.4 820.6 2.6 112 0 13.0 11.8 14.0 3.5 2 0 4 4 4
-2141.4 880.5 0.9 30 0 14.6 6.7 14.0 3.5 2 0 4 3 3
-1916.6 1014.7 2.6 296 0 12.4 6.3 14.0 3.5 2 0 4 4 4
-2557.1 840.9 1.9 206 0 18.8 16.1 14.0 3.5 2 0 4 5 5
-2136.2 842.7 0.7 219 0 15.1 8.0 14.0 3.5 2 0 4 5 5
-2573.1 900.4 2.1 212 0 14.6 11.1 14.0 3.5 2 0 4 3 3
-2307.6 941.3 0.8 57 0 6.5 9.9 14.0 3.5 2 1 4 3 3
-2531.5 957.9 1.9 195 0 8.8 9.8 14.0 3.5 2 1 4 1 1
-2570.7 1082.6 0.9 111 0 16.0 8.4 14.0 3.5 2 0 4 4 4
-1928.5 828.2 2.2 296 0 13.3 8.0 14.0 3.5 2 0 4 1 1
-1864.6 1067.2 1.9 105 0 13.2 10.0 14.0 3.5 2 0 4 5 5
-1756.7 775.4 2.7 294 0 10.4 8.4 14.0 3.5 2 0 4 2 2
-2643.3 824.2 2.0 14 0 13.7 45.0 14.0 0.0 0 1 4 1 1
-2692.4 1075.0 0.7 196 0 10.1 16.4 10.5 3.5 2 1 3 0 0
-2480.2 390.0 2.7 110 0 12.3 8.5 14.0 3.5 2 0 4 0 0
-1955.0 689.9 1.4 23 0 8.1 6.3 14.0 3.5 2 0 4 0 0
-2646.8 1102.0 0.9 300 0 10.9 18.7 10.5 0.0 0 1 3 3 3
-1819.6 118.2 1.0 129 0 10.0 9.2 14.0 3.5 2 0 4 5 5
-2666.0 504.4 1.5 298 0 12.2 12.8 14.0 3.5 2 1 4 0 0
-1968.3 502.7 1.4 290 0 7.5 11.5 14.0 3.5 2 1 4 5 5
-2347.3 369.6 1.9 79 0 21.5 10.5 14.0 3.5 2 0 4 1 1
-1964.1 712.3 1.4 32 0 10.7 15.6 14.0 3.5 4 1 4 4 4
-2673.8 947.2 1.6 124 0 12.5 9.7 14.0 3.5 2 0 4 3 3
-2581.3 580.5 2.4 274 0 17.0 9.8 14.0 3.5 2 0 4 3 3
-2082.7 607.5 1.6 354 0 18.3 7.9 14.0 3.5 2 0 4 0 0
-2300.6 226.3 3.4 268 0 15.7 6.7 14.0 3.5 2 0 4 2 2
-1937.4 737.8 0.9 108 0 10.9 15.4 14.0 3.5 2 1 4 2 2
-2674.2 1064.7 1.0 102 0 8.0 7.5 10.5 3.5 2 0 3 4 4
-1835.7 182.6 0.7 118 0 8.0 12.8 14.0 3.5 2 1 4 5 5
-2722.5 451.1 0.9 103 0 7.6 11.6 14.0 3.5 2 1 4 1 1
-1903.9 145.4 1.4 128 0 6.8 10.5 14.0 3.5 2 1 4 0 0
-2642.7 590.2 0.8 205 0 9.3 12.8 14.0 3.5 2 1 4 5 5
-2029.5 298.5 1.7 122 0 9.3 7.8 14.0 3.5 2 0 4 1 1
-1844.6 431.7 1.5 283 0 7.2 8.2 14.0 3.5 4 1 4 5 5
-2251.9 243.9 2.9 264 0 8.3 10.8 14.0 3.5 2 1 4 2 2
-2647.2 1064.7 1.1 208 0 8.4 7.0 10.5 3.5 2 0 3 2 2
-2688.4 788.9 1.0 16 0 8.7 13.4 14.0 3.5 2 1 4 0 0
-1962.4 870.8 2.8 289 0 15.6 9.9 14.0 3.5 2 0 4 2 2
-2647.6 627.2 0.1 10 0 11.1 9.2 14.0 3.5 2 0 4 2 2
-2219.1 309.7 2.3 213 0 8.8 9.9 14.0 3.5 2 1 4 4 4
-1771.4 319.2 1.3 303 0 8.4 11.1 14.0 3.5 4 1 4 4 4
-2660.1 596.5 0.2 16 0 10.8 10.7 14.0 3.5 4 0 4 2 2
-2723.5 949.5 0.2 287 0 8.6 14.3 14.0 0.0 0 1 4 0 0
-2449.8 318.5 1.3 110 0 7.5 10.1 14.0 0.0 0 1 4 0 0
-2161.2 424.0 1.1 27 0 8.7 12.8 14.0 3.5 2 1 4 5 5
-2708.9 1029.1 0.6 199 0 6.4 10.5 14.0 3.5 2 1 4 2 2
-2516.2 563.4 0.8 178 0 6.6 20.3 14.0 3.5 2 1 4 2 2
-2635.4 1068.0 1.1 231 0 9.2 6.2 10.5 0.0 0 0 3 3 3
-1827.2 327.0 1.2 297 0 8.3 13.0 14.0 3.5 2 1 4 5 5
-2530.9 867.6 1.9 204 0 10.3 9.1 14.0 3.5 4 0 4 4 4
-2650.0 479.3 1.6 297 0 13.0 7.8 14.0 3.5 2 0 4 4 4
-2360.7 395.6 2.4 80 0 16.8 7.7 14.0 3.5 2 0 4 0 0
-2564.9 610.8 2.6 290 0 8.4 7.6 14.0 3.5 2 0 4 1 1
-2009.9 395.0 1.3 110 0 9.7 13.8 14.0 3.5 2 1 4 1 1
-2553.4 1013.3 2.0 200 0 6.6 6.1 14.0 3.5 2 0 4 2 2
-2539.0 872.1 1.9 202 0 12.4 8.9 14.0 3.5 2 0 4 2 2
-1793.3 387.0 1.5 24 0 6.2 11.3 14.0 3.5 2 1 4 5 5
-1712.9 207.1 1.1 306 0 9.2 9.7 14.0 0.0 0 1 4 3 3
-2503.6 825.2 1.5 289 0 10.5 10.6 14.0 3.5 2 1 4 3 3
-2243.9 191.8 2.7 170 0 6.3 14.3 14.0 0.0 0 1 4 0 0
-2667.4 551.6 0.6 19 0 10.2 14.0 14.0 3.5 2 1 4 5 5
-1818.4 221.3 0.7 123 0 8.4 8.8 14.0 3.5 2 1 4 1 1
-2377.9 802.4 1.5 199 0 6.6 11.8 14.0 3.5 2 1 4 3 3
-2188.8 311.6 2.1 8 0 7.2 12.5 14.0 3.5 2 1 4 1 1
-2699.5 563.6 -0.1 23 0 6.5 12.6 14.0 3.5 2 1 4 5 5
-2742.9 827.2 0.2 193 0 7.7 13.1 14.0 3.5 2 1 4 3 3
-2672.5 1042.1 1.1 305 0 10.1 6.9 14.0 3.5 2 0 4 4 4
-2509.0 831.1 1.7 21 0 9.0 21.4 14.0 3.5 2 1 4 2 2
-2401.6 763.4 1.0 301 0 7.2 16.5 14.0 3.5 2 1 4 3 3
-2682.8 935.4 1.3 286 0 10.7 17.1 14.0 3.5 2 1 4 3 3
-1979.8 464.8 1.1 289 0 8.8 8.6 14.0 3.5 2 0 4 5 5
-1965.5 612.4 1.3 292 0 6.7 6.6 14.0 0.0 0 0 4 0 0
-2626.2 983.8 2.1 115 0 8.7 6.6 10.5 3.5 2 0 3 4 4
-2678.9 1027.3 1.0 24 0 6.3 11.3 14.0 3.5 4 1 4 2 2
-1991.1 907.5 3.6 111 0 13.7 7.7 14.0 3.5 2 0 4 4 4
-1834.4 308.9 1.2 298 0 7.0 7.1 14.0 3.5 2 1 4 5 5
-2686.7 469.6 1.2 291 0 14.1 9.0 14.0 3.5 4 0 4 5 5
-1958.9 563.9 1.5 301 0 8.2 7.3 14.0 3.5 2 0 4 2 2
-1905.6 191.0 1.1 125 0 9.5 9.8 14.0 3.5 2 1 4 4 4
-1762.2 863.8 2.7 110 0 23.8 9.1 14.0 3.5 2 0 4 4 4
-2066.3 322.4 1.6 120 0 10.9 11.7 14.0 3.5 2 1 4 0 0
-2711.9 1057.0 0.1 15 0 13.3 9.8 14.0 3.5 2 0 4 1 1
-2623.1 620.5 1.4 201 0 7.3 9.3 14.0 3.5 2 1 4 4 4
-2722.2 1007.0 0.1 17 0 6.3 13.0 14.0 3.5 2 1 4 5 5
-1958.7 293.5 1.5 117 0 16.7 9.3 14.0 3.5 2 0 4 2 2
-1715.3 260.6 0.8 294 0 9.1 8.8 14.0 3.5 2 0 4 2 2
-2677.2 574.9 0.1 15 0 10.1 12.8 14.0 0.0 0 1 4 0 0
-2654.0 1064.7 1.1 15 0 10.1 15.4 10.5 3.5 2 1 3 1 1
-1867.7 344.8 1.4 298 0 12.6 9.5 14.0 3.5 2 0 4 2 2
-1772.5 144.2 0.6 124 0 7.5 9.3 14.0 0.0 0 1 4 0 0
-2715.0 780.0 -0.1 201 0 40.7 8.0 14.0 3.5 2 0 4 2 2
-2493.8 854.0 1.6 17 0 12.6 17.1 14.0 3.5 2 1 4 3 3
-2690.2 983.4 0.8 13 0 6.3 13.1 14.0 3.5 2 1 4 5 5
-2235.3 409.1 1.4 90 0 6.2 22.1 14.0 0.0 0 1 4 4 4
-2721.9 619.6 -0.9 114 0 8.1 9.2 14.0 3.5 2 1 4 1 1
-1944.4 411.7 1.5 291 0 9.3 11.6 14.0 3.5 2 1 4 4 4
-1729.6 292.0 0.6 308 0 14.2 7.3 14.0 3.5 2 0 4 4 4
-2617.4 1091.4 1.0 286 0 15.0 7.9 10.5 3.5 2 0 3 3 3
-2510.3 859.1 1.8 15 0 12.7 9.4 14.0 3.5 2 0 4 1 1
-1931.2 472.1 1.3 298 0 12.2 9.1 14.0 0.0 0 0 4 4 4
-2367.1 415.6 2.8 78 0 13.9 8.0 14.0 0.0 0 0 4 0 0
-2166.7 332.8 1.7 113 0 7.6 11.7 14.0 3.5 4 1 4 2 2
-2704.4 646.4 -0.9 25 0 8.6 15.9 14.0 3.5 2 1 4 5 5
-1799.9 372.7 1.4 301 0 9.7 9.0 14.0 3.5 2 0 4 2 2
-2001.3 509.8 1.4 16 0 7.9 10.3 14.0 3.5 2 1 4 5 5
-1998.3 361.3 1.6 104 0 6.8 9.4 14.0 3.5 2 1 4 0 0
-2548.9 667.2 1.7 7 0 58.2 10.0 14.0 0.0 0 0 4 2 2
-2570.0 1006.3 2.2 21 0 8.6 19.9 10.5 3.5 2 1 3 3 3
-1906.8 270.8 1.3 116 0 8.7 10.3 14.0 0.0 0 1 4 0 0
-1999.4 441.3 1.1 286 0 7.7 11.2 14.0 3.5 2 1 4 3 3
-1798.7 260.0 0.9 302 0 7.8 10.1 14.0 3.5 2 1 4 1 1
-2702.9 888.2 1.1 204 0 6.1 9.1 14.0 3.5 2 1 4 2 2
-2672.5 997.7 1.4 291 0 7.1 6.6 14.0 3.5 2 0 4 3 3
-2587.3 638.0 2.0 109 0 36.4 10.7 14.0 0.0 0 0 4 2 2
-2654.9 1042.0 1.3 211 0 10.0 21.2 10.5 3.5 2 1 3 1 1
-2682.7 906.0 1.4 285 0 13.0 50.3 14.0 3.5 2 1 4 4 4
-1758.7 163.3 0.5 113 0 6.3 13.4 14.0 3.5 2 1 4 2 2
-2169.4 981.9 1.8 115 0 10.9 7.5 14.0 3.5 4 0 4 1 1
-2388.0 782.4 1.2 199 0 15.2 15.3 14.0 3.5 2 1 4 0 0
-2719.1 895.0 0.6 193 0 6.0 7.2 14.0 3.5 4 1 4 2 2
-2208.3 423.1 1.2 106 0 7.7 13.5 14.0 0.0 0 1 4 0 0
-2644.1 806.2 2.2 12 0 16.6 11.8 14.0 3.5 2 0 4 1 1
-2704.8 1043.2 0.6 195 0 8.1 9.8 14.0 3.5 2 1 4 0 0
-2619.8 925.6 2.5 128 0 7.4 8.0 14.0 3.5 2 1 4 3 3
-1963.9 527.2 1.6 295 0 10.0 12.3 14.0 3.5 4 1 4 4 4
-2045.0 281.7 1.7 126 0 9.2 10.5 14.0 3.5 2 1 4 0 0
-2666.0 984.4 1.7 290 0 7.8 6.9 14.0 3.5 2 0 4 3 3
-1950.2 708.9 0.9 120 0 10.9 14.8 14.0 3.5 2 1 4 4 4
-2072.8 571.8 1.6 346 0 14.6 6.8 14.0 3.5 2 0 4 1 1
-2728.5 499.7 0.5 297 0 11.1 9.7 14.0 3.5 2 0 4 1 1
-2696.7 715.7 -0.2 115 0 11.9 11.0 14.0 3.5 2 0 4 2 2
-2651.8 557.0 1.1 189 0 9.6 16.7 14.0 3.5 4 1 4 3 3
-2611.8 774.0 1.9 112 0 10.9 20.4 14.0 0.0 0 1 4 5 5
-1873.6 303.6 1.3 311 0 7.1 16.9 14.0 3.5 2 1 4 4 4
-2204.3 211.1 2.5 2 0 9.1 9.5 14.0 3.5 2 1 4 2 2
-2730.9 802.5 0.1 186 0 10.6 7.9 14.0 3.5 2 0 4 2 2
-1908.3 389.9 1.6 295 0 6.9 11.2 14.0 3.5 2 1 4 1 1
-1819.7 414.5 1.4 304 0 7.5 13.9 14.0 3.5 2 1 4 0 0
-2172.6 395.2 1.5 27 0 7.8 14.8 14.0 3.5 2 1 4 4 4
-2049.7 502.9 1.2 315 0 6.5 9.4 14.0 3.5 2 1 4 5 5
-2479.5 411.4 2.9 106 0 13.3 7.0 14.0 0.0 0 0 4 1 1
-2666.9 773.2 0.8 300 0 10.9 31.5 14.0 3.5 2 1 4 1 1
-1987.0 211.1 1.4 130 0 10.3 9.5 14.0 3.5 2 0 4 5 5
-2461.6 346.9 1.8 112 0 9.8 7.5 14.0 3.5 2 0 4 0 0
-2470.2 507.3 1.7 270 0 18.2 12.9 14.0 0.0 0 0 4 3 3
-1974.8 272.9 1.5 111 0 8.0 11.6 14.0 3.5 2 1 4 3 3
-2240.0 562.4 1.1 256 0 12.3 16.7 14.0 0.0 0 1 4 5 5
-1824.4 204.3 0.6 114 0 7.2 6.9 14.0 3.5 2 0 4 4 4
-2664.4 924.9 1.8 294 0 18.5 22.2 14.0 3.5 4 1 4 0 0
-2647.8 753.5 1.1 308 0 8.9 19.6 14.0 3.5 2 1 4 0 0
-2034.3 380.2 1.4 108 0 9.5 12.0 14.0 3.5 2 1 4 2 2
-1892.3 311.2 1.3 307 0 6.2 9.4 14.0 3.5 2 1 4 0 0
-2100.4 416.4 1.0 117 0 6.5 7.2 14.0 3.5 2 1 4 5 5
-2308.4 173.7 3.3 90 0 10.3 9.6 14.0 3.5 2 0 4 4 4
-1751.8 133.6 0.7 130 0 7.1 12.0 14.0 3.5 2 1 4 0 0
-2368.3 664.2 2.2 256 0 19.6 45.1 14.0 3.5 2 1 4 2 2
-2642.6 978.4 1.9 300 0 17.3 9.7 14.0 3.5 4 0 4 3 3
-1861.7 138.8 1.1 118 0 10.7 6.3 14.0 3.5 2 0 4 0 0
-2672.7 783.0 1.3 19 0 7.6 16.6 14.0 3.5 2 1 4 0 0
-2682.2 993.9 1.0 22 0 6.9 13.4 14.0 0.0 0 1 4 4 4
-2525.8 790.4 1.3 109 0 16.2 7.7 14.0 3.5 2 0 4 5 5
-2662.3 1049.8 1.2 32 0 8.1 9.3 10.5 0.0 0 1 3 5 5
-1901.0 420.8 1.5 282 0 7.6 10.7 14.0 3.5 2 1 4 2 2
-2224.3 180.3 2.5 0 0 13.3 10.3 14.0 3.5 2 0 4 0 0
-1797.5 156.0 0.7 122 0 8.7 9.8 14.0 3.5 2 1 4 4 4
-2404.2 736.0 1.2 195 0 18.8 8.1 14.0 0.0 0 0 4 2 2
-2421.1 524.8 2.2 180 0 16.6 27.3 14.0 3.5 2 1 4 5 5
-2721.0 1059.4 -0.1 19 0 13.3 9.2 14.0 3.5 2 0 4 1 1
-1846.2 286.5 1.1 309 0 8.0 12.4 14.0 3.5 4 1 4 2 2
-2680.8 1054.1 1.0 116 0 8.7 7.6 10.5 3.5 2 0 3 1 1
-2731.4 718.0 -0.7 110 0 6.2 9.3 14.0 3.5 2 1 4 1 1
-1926.4 311.6 1.4 114 0 7.2 10.2 14.0 3.5 2 1 4 2 2
-1963.4 675.4 1.7 21 0 8.2 10.6 14.0 3.5 2 1 4 2 2
-2685.3 711.2 0.1 109 0 12.7 11.0 14.0 3.5 2 0 4 4 4
-1947.7 181.6 1.3 120 0 13.3 10.3 14.0 3.5 2 0 4 2 2
-2669.1 1015.7 1.4 213 0 7.1 12.9 10.5 3.5 4 1 3 3 3
-2581.6 546.4 2.4 193 0 9.4 14.4 14.0 3.5 2 1 4 5 5
-2034.4 521.6 1.4 306 0 10.7 8.7 14.0 3.5 2 0 4 0 0
-1828.9 146.5 0.9 119 0 9.4 10.2 14.0 3.5 2 1 4 2 2
-2692.3 519.9 0.9 304 0 9.0 9.7 14.0 3.5 2 1 4 1 1
-1884.7 230.3 1.1 124 0 9.0 11.5 14.0 3.5 2 1 4 1 1
-2561.2 735.2 1.5 257 0 8.9 35.2 14.0 0.0 0 1 4 2 2
-2600.9 621.1 2.0 297 0 11.1 11.0 14.0 3.5 2 0 4 0 0
-1813.4 348.8 1.3 296 0 9.6 13.3 14.0 3.5 2 1 4 0 0
-2292.5 203.2 3.4 90 0 7.4 13.7 14.0 3.5 2 1 4 4 4
-2268.8 930.9 0.7 303 0 13.8 33.2 14.0 3.5 2 1 4 4 4
-2726.3 721.4 -0.7 206 0 10.0 10.2 14.0 3.5 2 1 4 4 4
-2648.2 776.8 1.8 15 0 7.6 21.4 14.0 3.5 2 1 4 0 0
-1956.9 379.8 1.6 24 0 8.6 14.1 14.0 3.5 2 1 4 1 1
-1888.9 441.2 1.4 7 0 11.9 10.0 14.0 3.5 2 0 4 4 4
-1738.8 271.7 0.1 294 0 9.1 9.1 14.0 0.0 0 1 4 2 2
-2708.2 584.8 -0.3 195 0 7.1 11.5 14.0 0.0 0 1 4 4 4
-2330.9 276.9 2.7 263 0 16.7 9.9 14.0 3.5 2 0 4 2 2
-2115.9 376.1 1.2 116 0 10.5 11.9 14.0 3.5 4 1 4 2 2
-2439.9 337.2 1.6 112 0 6.7 6.6 14.0 3.5 2 0 4 1 1
-1923.3 728.6 0.9 118 0 10.7 9.3 14.0 3.5 2 0 4 5 5
-1791.9 275.9 1.0 297 0 7.4 6.9 14.0 0.0 0 0 4 2 2
-2682.4 642.9 -0.6 190 0 7.6 11.8 14.0 3.5 4 1 4 4 4
-2469.0 535.8 1.1 180 0 9.6 11.6 14.0 3.5 2 1 4 1 1
-2481.2 307.2 1.2 105 0 9.8 8.0 14.0 3.5 2 0 4 1 1
-1972.4 690.9 1.7 19 0 10.0 18.3 14.0 3.5 2 1 4 0 0
-2644.4 498.1 1.8 215 0 7.9 8.6 14.0 3.5 2 1 4 2 2
-2053.5 345.7 1.5 120 0 10.9 9.0 14.0 3.5 2 0 4 4 4
-1852.5 159.8 1.0 127 0 10.4 7.6 14.0 3.5 2 0 4 2 2
-1722.6 333.1 1.9 196 0 9.8 12.0 14.0 3.5 2 1 4 4 4
-2594.4 777.5 1.8 106 0 13.3 13.1 14.0 3.5 2 0 4 3 3
-2025.4 367.1 1.5 122 0 6.3 8.5 14.0 3.5 2 1 4 0 0
-2085.5 500.2 1.0 296 0 9.6 12.9 14.0 3.5 4 1 4 1 1
-2202.0 188.7 2.3 0 0 15.0 10.3 14.0 3.5 2 0 4 0 0
-2546.3 1029.4 1.7 194 0 13.7 6.8 14.0 3.5 2 0 4 3 3
-2610.1 862.4 2.0 196 0 10.9 47.3 14.0 3.5 2 1 4 5 5
-1718.4 192.0 1.0 298 0 7.4 20.0 14.0 3.5 2 1 4 0 0
-2486.1 919.5 1.4 285 0 12.8 16.3 14.0 3.5 2 1 4 0 0
-2372.7 485.0 2.7 99 0 8.4 13.3 14.0 3.5 2 1 4 3 3
-2249.6 173.9 2.7 180 0 7.1 7.0 14.0 3.5 4 0 4 0 0
-2725.1 846.0 0.6 198 0 12.4 29.2 14.0 3.5 2 1 4 0 0
-921.6 5595.8 -6.4 296 0 6.8 7.9 10.0 2.5 4 1 4 3 3
-1027.4 5488.3 -3.9 230 0 7.3 6.0 5.0 2.5 2 0 2 3 3
-1041.5 5464.6 -3.7 133 0 7.9 10.4 10.0 2.5 2 1 4 1 1
-870.8 5564.0 -4.0 317 0 7.3 12.1 2.5 0.0 0 1 1 5 5
-903.6 5528.6 -4.6 58 0 8.1 6.6 7.5 2.5 2 0 3 4 4
-938.4 5564.2 -5.7 211 0 6.8 6.8 10.0 2.5 2 1 4 4 4
-915.3 5593.3 -6.4 292 0 7.9 8.1 5.0 2.5 2 1 2 5 5
-990.5 5446.0 -3.3 59 0 10.3 23.4 7.5 0.0 0 1 3 5 5
244.6 -2055.3 1.4 293 0 10.8 10.0 7.5 2.5 2 0 3 5 5
327.5 -2310.7 1.1 296 0 15.0 13.5 5.0 2.5 4 0 2 3 3
323.4 -2135.9 0.9 123 0 11.9 7.6 7.5 2.5 2 0 3 4 4
261.3 -2140.0 0.9 105 0 6.7 7.2 10.0 2.5 2 1 4 2 2
501.1 -1765.4 1.6 293 0 8.9 10.1 2.5 2.5 2 1 1 2 2
623.7 -1728.9 -0.1 120 0 8.2 10.7 7.5 2.5 2 1 3 2 2
615.6 -1826.2 0.9 23 0 9.8 8.9 7.5 2.5 2 0 3 1 1
534.0 -1897.5 1.2 33 0 15.1 11.9 5.0 2.5 2 0 2 5 5
-1800.7 -736.7 3.5 127 0 8.8 38.6 10.0 0.0 0 1 4 5 5
-1755.9 -472.0 2.1 37 0 29.8 15.3 7.5 2.5 2 0 3 4 4
-1772.3 -508.8 2.3 120 0 8.1 9.6 7.5 2.5 2 1 3 0 0
-1716.7 -780.2 4.4 38 0 8.5 7.1 7.5 2.5 2 0 3 3 3
-744.4 -1992.4 1.0 77 0 6.6 6.2 5.0 2.5 2 0 2 4 4
-2133.3 1868.2 -0.1 119 0 8.7 7.6 10.0 2.5 2 0 4 1 1
-2129.3 486.5 0.8 121 0 11.8 15.2 14.0 3.5 2 1 4 0 0
-2367.1 664.9 2.3 260 0 16.9 46.2 14.0 3.5 2 1 4 5 5
4098.9 5972.8 -1.4 306 0 14.2 15.6 7.5 2.5 4 1 3 3 3
-2433.3 1086.0 0.8 202 0 12.4 21.2 14.0 3.5 2 1 4 0 0
-2443.1 1085.1 0.8 17 0 6.2 11.3 14.0 3.5 2 1 4 3 3
-2449.3 1067.1 0.7 12 0 13.3 12.3 14.0 3.5 2 0 4 2 2
3970.5 6053.9 -0.1 330 0 8.8 23.0 2.5 2.5 2 1 1 5 5
