-3590.3 -2079.1 -0.6 271 0 10.2 35.0 7.5 2.5 2 0 3 5 5
-3734.7 -2171.7 -1.4 291 0 9.3 12.6 2.5 0.0 0 1 1 0 0
-3734.1 -1936.8 0.2 22 0 6.6 12.1 5.0 2.5 2 1 2 5 5
-3841.4 -2148.8 -1.2 44 0 8.9 12.0 4.0 0.0 0 1 1 3 3
-3873.8 -2145.9 -4.4 333 0 7.3 16.6 8.0 2.5 2 1 2 2 2
-3704.2 400.3 -2.6 28 0 14.2 9.3 5.0 2.5 2 0 2 0 0
-3779.0 418.5 -1.8 317 0 6.5 11.9 10.0 2.5 2 1 4 5 5
-3709.7 344.5 -2.3 35 0 8.7 13.1 7.5 2.5 2 1 3 0 0
-3826.9 430.4 -1.3 281 0 13.0 8.8 7.5 2.5 2 0 3 5 5
-3903.9 478.3 -1.0 293 0 14.9 10.9 10.0 0.0 0 0 4 4 4
-3823.5 480.5 -0.4 126 0 15.9 8.2 5.0 2.5 2 0 2 0 0
-3664.3 533.4 -2.1 297 0 11.7 10.4 5.0 2.5 2 0 2 3 3
-3766.3 595.9 -0.9 303 0 9.1 21.0 7.5 2.5 2 1 3 4 4
-4108.5 665.8 -2.2 110 0 15.9 13.0 10.0 2.5 2 0 4 1 1
-5700.6 80.6 -2.3 27 0 18.1 9.2 7.5 2.5 4 0 3 0 0
-5798.7 -37.8 -3.6 210 0 10.2 14.5 7.5 2.5 2 1 3 1 1
-5831.9 56.1 -2.3 22 0 9.0 17.4 7.5 2.5 2 1 3 2 2
-5975.0 74.5 -2.0 200 0 9.2 19.2 7.5 2.5 4 1 3 1 1
-6034.5 87.0 -2.4 295 0 16.1 8.4 5.0 2.5 2 0 2 0 0
-6071.7 168.9 -1.7 13 0 12.7 10.9 7.5 2.5 2 0 3 1 1
-6102.0 16.8 -4.8 106 0 18.1 8.4 10.0 2.5 4 0 4 0 0
-6131.3 63.5 -2.5 290 0 14.5 8.9 7.5 2.5 4 0 3 0 0
-5808.2 -91.1 -4.6 301 0 9.0 34.7 12.5 2.5 2 1 5 4 4
-5819.1 -141.1 -5.2 23 0 6.7 9.3 7.5 2.5 2 1 3 3 3
-6795.2 67.6 -1.0 194 0 10.9 16.5 7.5 2.5 2 1 3 1 1
-6720.3 40.6 -0.5 12 0 10.2 13.5 7.5 2.5 4 1 3 1 1
-6761.7 36.5 -0.7 105 0 12.0 9.8 10.0 2.5 2 0 4 3 3
-6561.0 3.2 -0.1 164 0 8.5 14.9 5.0 2.5 2 1 2 5 5
-6530.4 -42.0 -1.5 299 0 12.6 8.6 7.5 2.5 2 0 3 1 1
-6434.6 -58.8 -3.6 288 0 16.7 7.6 7.5 2.5 2 0 3 5 5
-6435.5 -134.2 -3.4 194 0 8.7 14.9 7.5 2.5 2 1 3 4 4
-6370.3 -103.2 -3.0 285 0 16.0 8.8 5.0 2.5 2 0 2 5 5
-6388.2 -182.1 -2.8 20 0 8.7 17.1 7.5 2.5 4 1 3 2 2
-5904.8 -288.5 -5.3 27 0 10.3 10.1 10.0 2.5 2 0 4 3 3
-5888.5 -284.0 -4.6 206 0 9.4 8.2 7.5 2.5 2 0 3 3 3
-5819.3 -181.3 -6.2 202 0 11.2 13.7 5.0 2.5 4 1 2 5 5
-5933.4 -106.7 -3.6 294 0 18.0 9.4 5.0 0.0 0 0 2 2 2
-5901.7 -140.4 -4.3 17 0 14.3 15.9 5.0 0.0 0 1 2 3 3
-5855.7 -71.7 -4.0 210 0 6.7 13.3 7.5 2.5 2 1 3 5 5
-5929.4 -214.0 -3.6 109 0 16.2 8.9 7.5 2.5 2 0 3 5 5
-5944.9 -189.3 -3.1 203 0 7.0 8.1 7.5 2.5 2 1 3 0 0
-5918.2 -199.8 -3.7 16 0 6.1 16.2 5.0 2.5 2 1 2 2 2
-5934.1 -72.4 -4.1 109 0 9.7 8.8 5.0 2.5 2 0 2 0 0
-6013.9 -57.1 -3.3 207 0 9.2 13.3 10.0 2.5 2 1 4 1 1
-6068.1 -102.6 -1.6 20 0 7.5 15.8 5.0 2.5 2 1 2 0 0
-6227.9 -52.4 -1.6 189 0 7.9 9.3 5.0 2.5 2 1 2 5 5
-6230.5 -120.6 -1.6 103 0 25.9 46.6 10.0 2.5 2 1 4 0 0
-6239.4 -137.1 -2.3 281 0 12.2 28.6 7.5 2.5 2 1 3 4 4
-6179.0 -186.5 -1.2 207 0 11.4 17.4 7.5 2.5 2 1 3 1 1
-6198.4 -149.9 -2.1 290 0 11.2 12.8 7.5 2.5 2 1 3 4 4
-6224.9 -245.5 -3.1 191 0 7.5 21.8 2.5 2.5 2 1 1 1 1
-6084.2 -191.7 -1.3 108 0 15.6 8.5 2.5 0.0 0 0 1 0 0
-5052.8 2336.6 -3.7 93 0 7.7 11.4 5.0 2.5 2 1 2 3 3
-5103.0 2380.9 -5.1 281 0 7.3 7.8 5.0 0.0 0 1 2 3 3
-5017.9 1902.0 -0.7 89 0 9.7 6.9 5.0 2.5 2 0 2 5 5
-4937.4 1302.9 -2.5 198 0 7.4 8.0 10.0 2.5 2 1 4 3 3
-5018.3 1428.4 -4.0 106 0 9.0 7.7 7.5 2.5 4 0 3 4 4
-5105.4 1996.9 -2.1 199 0 11.1 18.9 10.0 2.5 2 1 4 5 5
-5545.5 234.7 -0.6 118 0 11.7 13.4 7.5 2.5 2 1 3 2 2
-5707.4 223.6 -0.8 205 0 8.2 19.9 7.5 2.5 2 1 3 4 4
-5146.9 290.2 -4.4 211 0 8.3 15.3 5.0 2.5 4 1 2 4 4
-5163.3 191.8 -4.4 24 0 15.7 11.5 7.5 2.5 2 0 3 2 2
-4901.2 598.7 -2.4 28 0 6.9 9.8 2.5 2.5 2 1 1 5 5
-4636.5 118.4 -2.1 21 0 8.0 43.9 2.5 2.5 4 1 1 1 1
-4682.1 98.1 -1.7 100 0 6.6 31.7 3.5 2.5 4 1 1 3 3
-5540.6 -153.7 -3.3 104 0 9.6 14.5 5.0 2.5 2 1 2 1 1
-5504.0 -181.2 -4.2 281 0 9.6 11.3 5.0 2.5 2 1 2 2 2
-3451.4 568.1 -0.4 301 0 8.7 13.1 5.0 2.5 2 1 2 0 0
-4077.1 268.3 -0.6 30 0 10.2 9.2 5.0 2.5 4 0 2 4 4
-4551.2 -175.8 -2.0 203 0 10.1 13.9 5.0 2.5 4 1 2 3 3
-4598.1 -234.5 -3.9 290 0 11.9 12.0 5.0 2.5 2 1 2 1 1
-4753.9 112.3 -0.9 214 0 11.6 17.5 5.0 2.5 2 1 2 5 5
-4845.8 109.7 -2.6 110 0 15.6 17.1 5.0 2.5 2 1 2 1 1
-4585.9 -206.2 -3.3 34 0 15.2 10.5 5.0 2.5 2 0 2 3 3
-3133.5 300.7 -4.9 197 0 7.5 10.0 7.5 2.5 2 1 3 4 4
-3408.9 515.6 -1.7 118 0 13.6 10.2 7.5 2.5 2 0 3 0 0
-2857.1 359.5 -4.0 104 0 12.4 9.3 7.5 2.5 2 0 3 1 1
-4286.9 789.7 -5.1 108 0 9.0 7.8 7.5 2.5 2 0 3 3 3
-4227.9 679.4 -0.8 200 0 9.9 10.8 7.5 2.5 2 1 3 1 1
-4321.6 465.6 -3.0 14 0 7.5 12.8 2.5 2.5 2 1 1 5 5
-4334.6 593.4 -0.3 101 0 7.4 17.5 5.0 2.5 2 1 2 4 4
-4881.4 3984.9 -3.5 196 0 8.2 32.2 12.5 2.5 2 1 5 4 4
-4905.4 535.5 -2.2 202 0 49.8 28.8 7.5 0.0 0 0 3 0 0
-4961.2 420.3 -3.1 219 0 16.6 12.1 7.5 2.5 2 0 3 5 5
-4532.9 619.6 -2.1 118 0 16.5 10.7 2.5 2.5 2 0 1 3 3
-4406.7 111.9 -3.2 292 0 7.4 16.1 5.0 2.5 2 1 2 3 3
-5001.0 400.8 -4.0 29 0 12.0 17.7 5.0 2.5 2 1 2 2 2
-5931.6 -7.7 -3.6 297 0 14.9 12.2 2.5 0.0 0 0 1 5 5
-6075.9 35.4 -4.3 104 0 6.1 9.2 2.5 2.5 2 1 1 5 5
-6224.5 97.6 -0.8 199 0 8.3 13.6 5.0 0.0 0 1 2 3 3
-5368.5 -116.8 -2.5 109 0 14.5 11.1 7.5 2.5 2 0 3 3 3
-5450.6 -19.3 -2.8 199 0 8.1 15.1 10.0 2.5 2 1 4 1 1
-5145.1 -173.8 -4.0 19 0 11.7 18.8 5.0 0.0 0 1 2 0 0
-5018.4 440.2 -4.0 219 0 8.2 12.0 3.5 2.5 4 1 1 2 2
-2365.7 41.9 -2.5 182 0 9.4 12.9 7.5 2.5 4 1 3 5 5
-1952.4 -446.1 -2.1 109 0 9.5 8.4 5.0 2.5 2 0 2 3 3
-2319.1 73.5 -1.6 347 0 6.4 10.2 7.5 0.0 0 1 3 1 1
-2549.0 17.5 -2.1 289 0 6.5 12.9 7.5 2.5 2 1 3 2 2
-2637.6 -2.6 -2.5 109 0 9.2 13.8 7.5 2.5 2 1 3 0 0
-2274.6 50.6 -1.9 19 0 8.4 16.4 7.5 2.5 2 1 3 0 0
-2053.0 -111.7 -2.7 17 0 7.3 8.0 5.0 2.5 2 1 2 0 0
-1947.3 -325.5 -3.5 282 0 6.6 7.6 7.5 2.5 2 1 3 2 2
-2533.3 -46.1 -1.5 109 0 16.4 8.4 10.0 2.5 2 0 4 4 4
-2467.3 -60.3 -2.7 199 0 8.4 16.4 7.5 2.5 2 1 3 2 2
-2093.3 -210.6 -2.4 109 0 16.4 8.4 7.5 2.5 4 0 3 0 0
-2020.2 -295.8 -2.7 214 0 7.4 12.1 5.0 2.5 2 1 2 1 1
-2336.7 31.8 -1.9 199 0 8.4 16.4 7.5 2.5 4 1 3 2 2
-2315.0 -81.6 -3.9 115 0 10.9 6.4 5.0 2.5 4 0 2 1 1
-2331.6 -30.2 -3.9 9 0 10.2 10.9 7.5 0.0 0 1 3 4 4
-2211.9 -107.6 -4.0 108 0 10.4 15.1 5.0 2.5 2 1 2 0 0
-2054.1 -123.1 -2.5 19 0 12.1 8.4 2.5 2.5 2 0 1 0 0
-2169.1 -29.0 -3.3 109 0 8.2 11.8 5.0 2.5 2 1 2 1 1
-2008.1 -343.3 -2.5 94 0 8.6 6.9 10.0 2.5 2 0 4 4 4
-2096.2 -153.9 -2.3 199 0 6.7 11.0 7.5 2.5 2 1 3 0 0
-2160.9 -201.2 -3.0 109 0 6.4 8.9 5.0 2.5 2 1 2 2 2
-2482.9 -356.5 -3.2 118 0 14.9 9.8 7.5 2.5 2 0 3 1 1
-6247.0 -4165.3 -6.1 289 0 26.2 50.4 10.0 0.0 0 1 4 4 4
-6221.0 -4555.2 -3.0 200 0 10.5 8.7 7.5 2.5 2 0 3 1 1
-6107.8 -4516.8 -3.2 284 0 6.5 7.7 10.0 0.0 0 1 4 5 5
-6494.2 -4533.1 -8.0 198 0 8.4 13.8 10.0 2.5 4 1 4 0 0
-5922.5 -4376.0 -3.7 194 0 8.7 11.1 2.5 2.5 2 1 1 1 1
-5889.3 -4266.9 -5.0 188 0 16.2 12.4 7.5 2.5 2 0 3 2 2
-5957.2 -4309.8 -5.3 121 0 14.6 10.0 5.0 2.5 2 0 2 0 0
-5995.6 -4356.1 -5.1 199 0 10.7 15.9 7.5 2.5 2 1 3 4 4
-6154.0 -4355.6 -4.1 194 0 7.5 6.2 5.0 2.5 2 0 2 4 4
-6286.4 -4575.3 -4.7 19 0 6.6 12.4 7.5 2.5 2 1 3 0 0
-6161.0 -4523.4 -2.9 17 0 8.5 11.9 7.5 0.0 0 1 3 4 4
-6207.8 -4406.4 -4.8 19 0 9.6 12.0 7.5 2.5 2 1 3 3 3
-6383.3 -4313.5 -7.0 103 0 13.8 13.6 7.5 2.5 4 0 3 0 0
-6001.2 -4606.8 -2.8 8 0 11.8 13.6 5.0 2.5 4 1 2 0 0
-6079.9 -4199.4 -8.1 281 0 9.5 7.4 2.5 2.5 2 0 1 2 2
-6270.5 -4365.7 -4.7 197 0 10.9 12.3 7.5 0.0 0 1 3 0 0
-6043.8 -4585.2 -2.8 208 0 6.1 8.7 5.0 2.5 4 1 2 2 2
-6482.8 -4582.1 -8.3 202 0 8.4 14.2 5.0 2.5 2 1 2 0 0
-6139.5 -4318.7 -3.9 286 0 12.1 7.9 2.5 2.5 2 0 1 2 2
-6145.8 -4286.6 -3.6 211 0 9.6 7.4 7.5 2.5 2 0 3 2 2
-6386.7 -4574.0 -8.6 286 0 10.2 7.5 7.5 2.5 2 0 3 3 3
-5801.6 -4323.2 -5.8 23 0 8.5 10.5 7.5 2.5 4 1 3 4 4
-6156.0 -4402.9 -4.2 188 0 8.0 10.6 2.5 2.5 4 1 1 1 1
-6226.8 -4265.5 -2.8 17 0 6.2 16.6 7.5 2.5 2 1 3 2 2
-5832.6 -4185.7 -7.5 276 0 10.9 22.6 2.5 2.5 4 1 1 3 3
-6040.8 -4518.7 -3.4 288 0 7.8 6.3 10.0 2.5 2 0 4 5 5
-6183.3 -4423.1 -3.9 192 0 6.1 7.2 5.0 2.5 2 1 2 2 2
-6345.5 -4317.0 -5.4 289 0 12.7 9.3 5.0 0.0 0 0 2 1 1
-6467.9 -4476.4 -9.9 292 0 8.5 6.1 7.5 2.5 4 0 3 5 5
-6181.4 -4169.1 -7.9 275 0 9.3 12.1 10.0 0.0 0 1 4 5 5
-5813.3 -4547.5 -5.1 197 0 9.2 13.1 7.5 2.5 2 1 3 0 0
-5857.6 -4227.1 -5.6 191 0 18.2 11.9 5.0 2.5 2 0 2 2 2
-5840.4 -4309.6 -4.8 278 0 6.8 10.2 5.0 2.5 2 1 2 3 3
-6058.8 -4166.5 -9.4 181 0 6.8 25.3 7.5 2.5 2 1 3 5 5
-6219.5 -4611.4 -4.2 200 0 9.7 10.2 2.5 2.5 2 1 1 4 4
-6086.9 -4324.2 -4.2 283 0 9.3 12.6 10.0 0.0 0 1 4 0 0
-5865.3 -4339.7 -4.2 104 0 14.5 11.9 5.0 2.5 2 0 2 4 4
-6275.9 -4291.5 -3.6 166 0 6.4 16.7 5.0 2.5 4 1 2 1 1
-6193.9 -4446.6 -3.8 201 0 9.8 6.8 5.0 2.5 2 0 2 0 0
-6274.5 -4477.2 -5.5 19 0 6.2 7.1 7.5 2.5 4 1 3 4 4
-6297.2 -4132.7 -9.2 274 0 7.0 18.0 5.0 2.5 2 1 2 3 3
-6058.2 -4518.2 -3.4 280 0 13.0 13.7 7.5 2.5 2 1 3 3 3
-6283.1 -4347.3 -4.6 200 0 10.7 11.2 7.5 2.5 4 1 3 4 4
-6298.3 -4410.0 -5.7 201 0 9.4 11.7 7.5 2.5 2 1 3 0 0
-6116.5 -4597.8 -2.4 291 0 10.3 9.8 10.0 2.5 4 0 4 2 2
-6136.7 -4234.8 -6.5 193 0 15.8 13.9 5.0 2.5 2 0 2 1 1
-6296.9 -4373.2 -5.1 204 0 11.0 13.3 2.5 2.5 4 1 1 1 1
-6514.9 -4600.3 -8.2 203 0 8.4 10.7 5.0 2.5 2 1 2 5 5
-6182.1 -4318.0 -3.5 14 0 8.6 9.9 7.5 2.5 2 1 3 3 3
-6108.0 -4413.0 -4.3 105 0 10.0 8.0 5.0 2.5 2 0 2 0 0
-6019.2 -4438.2 -4.4 18 0 8.3 10.3 10.0 2.5 2 1 4 5 5
-6276.9 -4241.0 -2.8 194 0 7.0 29.4 7.5 2.5 2 1 3 0 0
-6005.0 -4570.1 -3.2 16 0 14.9 14.2 2.5 2.5 4 0 1 5 5
-6146.5 -4357.2 -4.1 198 0 10.0 7.4 7.5 0.0 0 0 3 1 1
-6193.1 -4199.6 -5.7 6 0 7.0 7.9 7.5 2.5 2 1 3 1 1
-5921.8 -4457.7 -4.4 291 0 8.2 11.2 7.5 2.5 2 1 3 5 5
-5882.8 -4209.8 -7.7 192 0 53.5 9.4 10.0 2.5 2 0 4 5 5
-5962.5 -4439.0 -5.0 17 0 13.0 9.5 2.5 2.5 2 0 1 1 1
-5799.1 -4508.8 -5.2 282 0 14.4 9.2 2.5 2.5 2 0 1 5 5
-6201.8 -4588.9 -3.1 113 0 7.8 17.2 7.5 0.0 0 1 3 1 1
-6207.5 -4462.3 -4.1 26 0 10.1 12.3 5.0 2.5 2 1 2 4 4
-6315.5 -4228.5 -3.5 98 0 8.8 11.4 7.5 2.5 2 1 3 4 4
-6038.3 -4547.3 -3.2 284 0 12.2 10.3 10.0 2.5 2 0 4 5 5
-5902.4 -4523.7 -4.8 24 0 15.7 13.2 5.0 2.5 2 0 2 4 4
-6287.8 -4508.2 -5.3 18 0 8.0 7.7 2.5 2.5 2 0 1 5 5
-6339.3 -4451.6 -6.8 279 0 9.9 7.0 5.0 2.5 2 0 2 4 4
-6227.6 -4477.2 -4.3 29 0 9.7 9.2 5.0 2.5 2 0 2 2 2
-6136.0 -4626.2 -3.3 105 0 14.8 7.3 5.0 2.5 2 0 2 3 3
-6210.3 -4262.6 -3.0 13 0 31.2 7.0 7.5 0.0 0 0 3 1 1
-6307.4 -4542.9 -5.5 16 0 8.0 9.5 5.0 2.5 2 1 2 2 2
-6042.8 -4481.4 -3.9 110 0 10.7 8.9 2.5 2.5 2 0 1 2 2
-6418.8 -4518.8 -7.6 282 0 7.4 7.3 5.0 2.5 2 0 2 2 2
-6131.4 -4177.3 -9.7 184 0 27.0 13.0 12.5 2.5 2 0 5 4 4
-5891.0 -4307.1 -4.3 194 0 15.0 9.7 7.5 2.5 2 0 3 3 3
-5813.2 -4230.7 -5.5 7 0 9.5 14.2 2.5 2.5 2 1 1 0 0
-6130.2 -4393.6 -4.3 98 0 11.2 8.1 7.5 2.5 2 0 3 5 5
-949.7 5167.0 -3.6 11 0 9.6 19.1 5.0 2.5 2 1 2 5 5
-1045.0 5063.9 -1.7 104 0 6.6 19.0 2.5 2.5 2 1 1 3 3
-1099.7 5083.6 -2.4 97 0 11.1 7.6 7.5 2.5 2 0 3 1 1
-1129.8 5081.4 -2.9 99 0 8.2 29.6 7.5 2.5 4 1 3 1 1
-1080.6 5103.7 -2.5 12 0 28.8 9.6 10.0 2.5 2 0 4 4 4
-3369.2 579.8 -0.9 292 0 8.6 12.9 7.5 2.5 2 1 3 4 4
-4880.4 3599.5 -1.1 34 0 10.9 14.4 7.5 2.5 4 1 3 0 0
-5529.6 3477.8 0.8 119 0 10.0 8.2 7.5 2.5 2 0 3 1 1
-4934.2 3713.1 -1.0 283 0 10.6 20.3 5.0 2.5 2 1 2 4 4
-4880.0 3960.1 -2.1 200 0 15.1 9.3 5.0 2.5 2 0 2 5 5
-5264.9 3792.8 -2.9 118 0 11.8 12.1 7.5 2.5 2 1 3 3 3
-5416.3 3532.8 -0.4 30 0 8.4 12.9 5.0 2.5 2 1 2 0 0
-5383.4 3581.9 -1.2 195 0 11.2 9.1 7.5 2.5 2 0 3 0 0
-5097.4 3222.1 -4.1 315 0 10.2 6.8 2.5 2.5 2 0 1 1 1
-4849.1 3850.2 -3.4 24 0 15.7 7.9 7.5 2.5 2 0 3 2 2
-4957.5 3570.5 -1.0 101 0 13.0 7.9 7.5 0.0 0 0 3 4 4
-4860.4 3879.7 -3.0 280 0 9.7 8.7 7.5 2.5 4 0 3 0 0
-5351.1 3703.0 -1.7 14 0 16.0 9.9 10.0 2.5 2 0 4 3 3
-5476.4 3839.7 -2.1 306 0 10.9 7.8 10.0 2.5 2 0 4 0 0
-4865.3 3787.6 -2.7 21 0 12.0 27.3 10.0 0.0 0 1 4 3 3
-5255.6 3948.9 -3.0 13 0 8.1 13.9 5.0 0.0 0 1 2 2 2
-5269.6 4004.9 -2.8 297 0 8.9 10.0 10.0 2.5 2 1 4 1 1
-5433.6 3570.8 -0.1 285 0 9.1 10.3 7.5 2.5 2 1 3 2 2
-5531.2 3616.6 -0.7 112 0 12.9 9.2 7.5 2.5 2 0 3 1 1
-4841.1 4036.0 -5.0 0 0 15.2 8.8 2.5 2.5 2 0 1 0 0
-5264.9 3717.5 -2.9 28 0 8.5 13.6 7.5 2.5 2 1 3 2 2
-5224.5 3789.9 -2.7 20 0 9.9 9.3 7.5 2.5 2 0 3 4 4
-4980.7 3810.1 -3.6 112 0 8.6 15.0 5.0 2.5 2 1 2 2 2
-4991.0 3932.4 -2.2 285 0 12.4 7.8 7.5 2.5 2 0 3 2 2
-4869.4 3510.6 -2.9 11 0 12.9 8.1 7.5 2.5 2 0 3 0 0
-5433.9 3587.0 -0.2 118 0 13.6 7.9 7.5 2.5 2 0 3 0 0
-5532.3 3839.5 -4.1 229 0 8.7 9.6 5.0 2.5 2 1 2 1 1
-5087.5 3962.6 -2.5 127 0 8.0 10.7 5.0 2.5 2 1 2 5 5
-5430.2 3465.7 -0.8 208 0 7.2 11.8 10.0 0.0 0 1 4 3 3
-2983.0 -6.6 -2.5 297 0 7.0 6.3 10.0 0.0 0 0 4 2 2
-2941.3 135.8 -3.1 187 0 8.4 12.9 7.5 2.5 2 1 3 3 3
-3480.7 -60.2 -3.1 281 0 6.3 9.2 10.0 2.5 2 1 4 2 2
-3002.1 -107.6 -4.2 104 0 8.0 6.9 7.5 2.5 2 0 3 3 3
-3360.1 -120.8 -2.1 202 0 7.4 12.6 7.5 0.0 0 1 3 5 5
-3267.4 -271.0 -4.0 117 0 12.2 10.5 7.5 2.5 2 0 3 1 1
-3185.7 -95.7 -2.7 6 0 14.8 7.8 5.0 2.5 2 0 2 0 0
-3256.3 -142.6 -4.1 102 0 7.6 7.2 7.5 2.5 2 0 3 4 4
-3016.0 154.1 -3.4 299 0 8.0 9.0 5.0 2.5 2 1 2 3 3
-3214.5 -156.9 -5.0 19 0 6.9 11.1 7.5 2.5 2 1 3 0 0
-3259.7 -240.7 -4.4 277 0 9.8 10.6 7.5 2.5 2 1 3 2 2
-2999.5 -58.4 -3.3 203 0 7.7 10.1 10.0 2.5 2 1 4 2 2
-3074.3 -201.0 -3.1 297 0 8.7 10.8 10.0 0.0 0 1 4 3 3
-2941.2 -36.7 -2.6 195 0 8.5 10.9 7.5 2.5 2 1 3 3 3
-2958.3 -217.9 -5.6 23 0 7.4 10.1 5.0 2.5 2 1 2 4 4
-3107.5 -189.7 -2.5 209 0 11.4 9.8 10.0 2.5 2 0 4 5 5
-3069.4 -246.9 -3.9 109 0 8.3 8.5 2.5 2.5 2 1 1 1 1
-1590.4 3082.7 1.4 270 0 8.0 8.7 5.0 2.5 2 1 2 3 3
-1294.3 2067.2 2.6 33 0 10.6 20.1 7.5 0.0 0 1 3 2 2
-1204.5 2903.3 2.3 297 0 12.9 9.0 10.0 2.5 2 0 4 4 4
-1145.9 2916.2 2.5 104 0 9.9 23.3 5.0 2.5 2 1 2 4 4
-1129.6 2867.8 1.4 22 0 7.5 15.5 5.0 2.5 2 1 2 2 2
-1331.1 2897.3 3.1 281 0 9.8 19.8 5.0 2.5 2 1 2 2 2
-950.9 2681.9 1.9 13 0 9.4 17.7 5.0 2.5 2 1 2 0 0
-1632.1 2669.4 1.8 278 0 14.5 9.6 7.5 2.5 2 0 3 5 5
-1537.7 2620.7 1.2 10 0 14.2 10.7 10.0 2.5 2 0 4 3 3
-1577.8 3070.7 1.4 18 0 9.1 6.1 7.5 2.5 2 0 3 4 4
-1713.4 2748.1 2.5 193 0 16.7 6.4 7.5 2.5 2 0 3 3 3
-1751.6 2318.6 -4.3 0 0 15.3 14.4 2.5 2.5 2 0 1 2 2
-1561.4 3044.1 1.5 188 0 7.6 10.2 7.5 2.5 2 1 3 5 5
-1408.1 3042.7 2.2 127 0 11.3 16.9 7.5 2.5 2 1 3 0 0
-1668.0 2777.3 2.7 11 0 8.2 7.3 5.0 2.5 2 0 2 4 4
-1143.4 2970.9 2.2 291 0 13.4 17.6 7.5 2.5 4 1 3 5 5
-1666.9 2466.4 -0.3 289 0 15.2 8.8 7.5 2.5 2 0 3 0 0
-940.7 2716.0 0.6 19 0 16.5 6.1 5.0 2.5 2 0 2 5 5
-1722.5 2540.1 0.4 204 0 6.6 12.0 2.5 2.5 2 1 1 1 1
-1669.3 2080.4 -0.9 226 0 7.8 16.0 5.0 2.5 2 1 2 5 5
-1337.4 3019.1 2.7 115 0 11.6 7.3 2.5 0.0 0 0 1 4 4
-1771.3 2547.2 0.4 110 0 11.2 13.0 7.5 2.5 2 1 3 0 0
-1234.0 2949.0 2.8 111 0 9.3 14.0 5.0 2.5 2 1 2 1 1
-1099.7 2977.5 2.0 207 0 11.6 12.9 7.5 2.5 2 1 3 0 0
-1077.4 2908.7 2.2 270 0 13.4 10.6 7.5 2.5 2 0 3 2 2
-1140.3 2695.4 2.7 19 0 7.6 18.2 7.5 2.5 2 1 3 3 3
-1826.2 2796.0 3.5 307 0 12.0 16.2 7.5 2.5 2 1 3 1 1
-1097.0 3077.5 0.8 199 0 14.5 10.2 7.5 2.5 2 0 3 4 4
-954.8 2887.9 1.2 33 0 21.5 12.5 7.5 2.5 4 0 3 3 3
-1713.1 2581.9 1.3 191 0 11.9 9.8 2.5 2.5 2 0 1 0 0
-1681.2 2661.6 2.3 189 0 7.1 12.6 7.5 2.5 2 1 3 1 1
-1956.9 2150.7 -0.5 183 0 8.4 36.1 10.0 2.5 4 1 4 3 3
-1567.3 2350.5 -0.1 124 0 10.4 7.7 10.0 2.5 2 0 4 3 3
-1490.7 2777.9 2.2 42 0 21.6 11.6 2.5 2.5 2 0 1 5 5
-1375.3 3079.5 2.2 283 0 17.7 13.0 7.5 2.5 2 0 3 0 0
-1391.5 2292.7 1.5 122 0 9.1 8.5 7.5 2.5 2 0 3 2 2
-1553.4 2660.0 1.1 0 0 9.6 14.4 2.5 0.0 0 1 1 3 3
-1235.8 2921.2 2.9 295 0 15.9 6.9 5.0 0.0 0 0 2 3 3
-939.9 3026.2 -0.2 300 0 6.7 15.2 7.5 2.5 2 1 3 5 5
-1185.6 2707.1 2.5 300 0 13.3 9.4 2.5 0.0 0 0 1 4 4
-1079.8 2628.6 3.7 95 0 10.6 10.0 7.5 2.5 2 0 3 3 3
-1906.9 2084.8 0.0 276 0 14.4 8.8 7.5 2.5 4 0 3 0 0
-1007.5 2834.5 1.6 127 0 9.6 13.5 7.5 2.5 2 1 3 0 0
-1595.8 3059.3 1.3 12 0 6.3 6.9 10.0 2.5 2 1 4 1 1
-954.1 2796.4 0.9 56 0 8.6 18.7 5.0 2.5 2 1 2 5 5
-1947.5 3017.6 2.3 121 0 11.2 8.3 7.5 2.5 2 0 3 0 0
-1885.0 3065.3 1.2 207 0 20.2 17.2 7.5 2.5 2 0 3 3 3
-1880.5 2097.8 0.1 280 0 16.5 10.6 5.0 2.5 2 0 2 3 3
-1704.7 2408.8 -1.9 120 0 13.3 9.5 10.0 2.5 2 0 4 1 1
-1314.5 2968.0 3.1 300 0 17.6 6.7 10.0 2.5 2 0 4 3 3
-1228.5 3041.3 1.6 220 0 6.5 16.4 7.5 2.5 2 1 3 2 2
-1774.8 2357.7 -4.4 285 0 14.9 12.4 10.0 2.5 4 0 4 0 0
-1037.1 2881.4 2.2 304 0 13.8 7.7 5.0 2.5 2 0 2 2 2
-1180.3 3003.8 1.9 293 0 12.5 13.8 5.0 2.5 2 1 2 2 2
-1672.1 2807.7 2.8 7 0 9.2 20.7 7.5 2.5 2 1 3 4 4
-1748.0 2217.3 -3.1 9 0 9.5 17.5 10.0 0.0 0 1 4 3 3
-1897.4 2100.5 0.1 278 0 16.9 10.6 7.5 2.5 4 0 3 1 1
-1893.8 2168.4 -1.8 291 0 15.9 7.3 5.0 2.5 2 0 2 5 5
-1753.6 2460.0 -2.0 21 0 10.6 10.8 10.0 0.0 0 1 4 5 5
-1649.6 2102.7 -2.3 90 0 16.3 8.7 5.0 0.0 0 0 2 3 3
-1849.5 2881.3 3.7 293 0 12.5 9.5 5.0 0.0 0 0 2 0 0
-1667.1 2377.5 -1.9 95 0 11.0 8.2 2.5 2.5 2 0 1 2 2
-1459.4 2357.2 0.1 20 0 6.1 14.2 10.0 2.5 2 1 4 3 3
-1669.8 2882.2 1.7 118 0 14.2 11.0 5.0 2.5 2 0 2 0 0
-1635.2 2910.2 1.3 6 0 10.8 18.3 7.5 2.5 2 1 3 4 4
-1809.9 2079.0 0.5 217 0 6.8 11.3 5.0 2.5 2 1 2 1 1
-1489.6 2894.7 1.7 197 0 17.1 10.0 10.0 2.5 2 0 4 3 3
-1277.6 2972.3 2.7 121 0 11.2 13.2 2.5 2.5 2 1 1 1 1
-1726.5 2244.8 -2.7 183 0 9.5 9.1 7.5 2.5 2 0 3 5 5
-1718.5 2333.0 -2.5 203 0 8.0 12.5 7.5 2.5 2 1 3 1 1
-1063.3 2815.4 0.5 12 0 6.5 13.7 10.0 0.0 0 1 4 2 2
-1007.5 3002.7 0.7 104 0 11.9 14.0 5.0 2.5 2 1 2 4 4
-1889.7 2718.4 2.9 27 0 12.1 15.0 7.5 2.5 2 1 3 0 0
-1512.1 2304.7 0.6 17 0 7.0 13.0 7.5 2.5 2 1 3 4 4
-1611.3 2413.2 -0.3 110 0 11.2 10.0 5.0 2.5 2 0 2 3 3
-1449.5 2887.4 2.2 278 0 14.5 14.5 5.0 2.5 2 0 2 0 0
-1251.7 2984.1 2.4 119 0 14.4 10.7 2.5 2.5 2 0 1 2 2
-1406.1 2579.7 2.3 210 0 10.6 13.3 5.0 2.5 2 1 2 3 3
-1043.8 2737.8 1.7 196 0 7.5 24.9 7.5 2.5 2 1 3 3 3
-1656.8 2229.4 -1.1 222 0 8.6 11.6 7.5 2.5 2 1 3 1 1
-1485.9 3076.7 1.7 104 0 9.9 23.0 2.5 2.5 2 1 1 0 0
-1609.9 2239.8 -0.9 21 0 10.6 13.3 5.0 0.0 0 1 2 1 1
-1910.6 2859.5 3.6 99 0 11.7 7.4 2.5 2.5 4 0 1 0 0
-1934.0 3055.4 1.9 30 0 8.1 17.6 7.5 2.5 2 1 3 5 5
-1913.4 3003.9 2.2 217 0 6.5 19.2 5.0 2.5 4 1 2 3 3
-1596.0 2865.8 2.1 135 0 12.2 6.8 10.0 0.0 0 0 4 2 2
-1511.5 3064.0 1.6 282 0 9.7 7.1 5.0 2.5 2 0 2 2 2
-1875.1 2156.2 -1.8 25 0 7.3 13.7 10.0 2.5 2 1 4 5 5
-984.9 2995.0 0.5 90 0 8.6 9.2 5.0 2.5 2 1 2 1 1
-1323.0 2822.2 2.8 9 0 6.5 18.4 7.5 2.5 2 1 3 0 0
-1903.2 2172.3 -1.7 296 0 11.8 31.6 10.0 2.5 2 1 4 1 1
-1549.7 2211.9 -1.0 191 0 8.3 19.5 7.5 2.5 2 1 3 0 0
-1348.1 2675.0 1.6 283 0 16.7 7.5 5.0 2.5 2 0 2 2 2
-1390.8 2431.6 0.9 286 0 20.9 11.1 5.0 2.5 2 0 2 3 3
-1454.3 2555.5 2.5 22 0 7.5 15.5 10.0 0.0 0 1 4 0 0
-1472.0 2635.3 2.4 214 0 17.1 13.8 2.5 2.5 2 0 1 2 2
-1547.0 2986.9 1.2 207 0 6.9 15.7 5.0 2.5 2 1 2 5 5
-1559.0 3066.0 1.5 190 0 7.1 13.6 5.0 2.5 2 1 2 3 3
-1475.1 3038.8 1.9 278 0 31.0 43.0 10.0 0.0 0 1 4 3 3
-1181.8 2930.4 2.8 125 0 11.7 12.7 7.5 2.5 2 1 3 4 4
-1893.9 2782.0 3.5 32 0 12.7 9.0 7.5 0.0 0 0 3 1 1
-1376.2 2548.6 3.0 111 0 18.5 18.7 7.5 2.5 2 1 3 5 5
-1383.9 2770.8 2.3 188 0 13.6 14.5 5.0 2.5 4 1 2 2 2
-1221.4 2632.5 3.7 205 0 7.4 15.9 2.5 2.5 4 1 1 1 1
-1175.1 2596.7 4.0 24 0 9.3 18.9 7.5 2.5 2 1 3 0 0
-1582.0 2401.2 -0.2 25 0 9.6 11.6 7.5 2.5 2 1 3 0 0
-1916.8 2180.0 -1.8 291 0 13.4 33.2 10.0 2.5 4 1 4 3 3
-1268.9 2747.7 1.3 297 0 8.6 10.8 5.0 2.5 2 1 2 2 2
-1627.6 2283.9 -0.2 203 0 12.5 12.5 7.5 2.5 2 1 3 2 2
-1683.3 2636.3 2.2 200 0 13.3 11.2 7.5 2.5 2 0 3 1 1
-1657.2 2608.6 1.9 11 0 15.1 9.8 5.0 2.5 2 0 2 1 1
-1580.7 2900.3 1.2 219 0 10.5 18.4 5.0 2.5 4 1 2 2 2
-1903.9 2116.0 -0.3 108 0 11.1 9.6 7.5 2.5 2 0 3 3 3
-1555.4 2783.4 1.9 205 0 8.7 15.9 5.0 2.5 2 1 2 3 3
-1946.4 2176.4 -1.6 213 0 32.8 12.5 10.0 2.5 2 0 4 3 3
-1804.4 725.3 3.5 112 0 6.4 18.9 7.5 0.0 0 1 3 4 4
-1464.8 1140.9 1.7 300 0 9.5 17.1 7.5 0.0 0 1 3 5 5
-1652.5 812.7 3.1 117 0 8.9 14.5 5.0 2.5 2 1 2 1 1
-1784.6 209.7 -1.8 115 0 9.6 10.1 10.0 2.5 2 1 4 5 5
-1761.1 478.1 1.2 141 0 17.6 6.2 7.5 2.5 2 0 3 3 3
-1393.4 1083.9 2.2 117 0 8.9 11.8 10.0 2.5 4 1 4 2 2
-1887.7 558.6 0.1 109 0 10.1 7.1 10.0 2.5 2 0 4 5 5
-1735.2 635.4 3.8 291 0 8.9 10.7 7.5 2.5 4 1 3 4 4
-1527.5 603.9 3.8 121 0 13.9 7.8 5.0 2.5 4 0 2 3 3
-1699.0 828.7 3.1 100 0 9.7 10.4 7.5 2.5 2 1 3 0 0
-1568.0 1060.1 1.7 19 0 18.2 10.1 7.5 2.5 2 0 3 4 4
-1679.6 228.3 -0.4 311 0 7.4 7.2 10.0 2.5 2 0 4 4 4
-1828.3 659.7 2.9 282 0 15.5 8.3 7.5 2.5 2 0 3 1 1
-1809.6 531.6 1.0 40 0 15.2 6.2 5.0 2.5 2 0 2 0 0
-1876.1 788.5 3.0 214 0 7.3 14.4 5.0 0.0 0 1 2 5 5
-1859.5 668.8 2.7 233 0 9.1 13.1 7.5 2.5 2 1 3 5 5
-1417.9 1117.6 2.0 293 0 10.4 14.8 7.5 2.5 2 1 3 4 4
-1668.0 1095.0 -0.9 285 0 6.7 19.5 5.0 2.5 2 1 2 4 4
-1351.2 557.3 6.5 34 0 8.4 17.3 10.0 2.5 2 1 4 1 1
-1725.0 346.8 1.1 292 0 7.3 10.7 10.0 2.5 2 1 4 2 2
-1270.9 897.0 4.2 279 0 11.8 8.2 7.5 2.5 2 0 3 5 5
-1549.7 348.5 -0.5 212 0 6.2 7.5 5.0 2.5 2 1 2 5 5
-1847.5 741.3 3.3 90 0 11.9 12.0 7.5 2.5 2 1 3 5 5
-1628.6 549.8 2.2 119 0 10.0 11.1 5.0 2.5 2 1 2 5 5
-1868.1 921.4 0.8 24 0 8.3 8.7 2.5 2.5 2 1 1 5 5
-1712.4 943.8 2.7 31 0 6.9 20.4 7.5 2.5 2 1 3 2 2
-1634.6 1063.3 0.6 291 0 20.0 7.3 7.5 2.5 2 0 3 0 0
-1702.6 202.0 -0.6 109 0 19.4 8.6 2.5 2.5 2 0 1 1 1
-1912.3 1071.1 -0.8 10 0 8.2 19.0 5.0 2.5 2 1 2 3 3
-1861.1 542.6 0.4 124 0 8.6 24.0 5.0 2.5 2 1 2 1 1
-1332.9 932.9 3.3 119 0 16.4 7.7 7.5 2.5 2 0 3 3 3
-1799.7 1102.8 -0.1 215 0 10.8 18.4 2.5 2.5 2 1 1 2 2
-1743.9 235.0 -1.3 18 0 8.6 20.9 5.0 2.5 2 1 2 0 0
-1704.7 582.1 3.0 32 0 14.8 7.5 7.5 2.5 2 0 3 5 5
-1489.8 215.2 0.7 294 0 17.5 11.4 7.5 2.5 2 0 3 3 3
-1299.4 756.6 2.5 45 0 6.8 13.5 7.5 2.5 2 1 3 2 2
-1745.0 544.5 2.4 25 0 16.4 9.6 5.0 2.5 2 0 2 4 4
-1819.4 606.5 2.0 20 0 13.1 9.3 7.5 2.5 2 0 3 5 5
-1345.4 1073.9 2.9 306 0 14.8 10.4 5.0 2.5 2 0 2 0 0
-1304.4 1005.3 4.0 289 0 9.3 15.3 7.5 2.5 2 1 3 3 3
-1423.6 552.4 6.1 212 0 9.0 14.7 7.5 2.5 2 1 3 1 1
-1914.0 923.8 0.2 273 0 6.1 14.8 7.5 2.5 2 1 3 5 5
-1781.4 289.6 -0.7 266 0 7.5 10.4 5.0 2.5 2 1 2 3 3
-2588.3 3528.1 -0.4 200 0 9.6 6.8 10.0 2.5 2 0 4 5 5
-2204.1 3254.1 -1.1 301 0 54.7 26.1 7.5 2.5 2 0 3 4 4
-2430.1 3501.6 -1.4 101 0 23.0 45.6 12.5 0.0 0 1 5 0 0
-2481.0 3537.4 -1.7 116 0 9.4 17.6 5.0 2.5 2 1 2 0 0
-1972.1 3265.0 0.7 109 0 9.1 16.9 5.0 2.5 4 1 2 1 1
-2177.2 3317.0 -1.6 17 0 10.1 15.0 7.5 2.5 4 1 3 5 5
-1979.3 3104.0 1.5 114 0 10.0 12.5 7.5 2.5 4 1 3 1 1
-2147.0 3805.2 -3.3 120 0 11.2 11.6 2.5 2.5 2 1 1 3 3
-2544.1 3132.7 1.8 193 0 7.0 10.2 7.5 2.5 2 1 3 5 5
-2604.2 3383.4 1.4 190 0 11.3 21.4 7.5 2.5 2 1 3 4 4
-2224.8 3431.5 -1.5 292 0 10.1 14.3 7.5 2.5 2 1 3 1 1
-2434.7 3716.3 -1.5 189 0 17.7 11.0 5.0 2.5 2 0 2 4 4
-2282.5 3093.8 1.7 190 0 10.5 10.7 7.5 2.5 2 1 3 3 3
-2331.2 3332.2 -0.7 109 0 10.8 13.1 5.0 2.5 2 1 2 1 1
-2635.0 3469.2 0.3 91 0 12.3 10.1 5.0 2.5 4 0 2 2 2
-2065.7 3531.4 0.4 280 0 10.6 16.1 7.5 2.5 2 1 3 1 1
-2157.9 3439.6 -1.0 281 0 9.5 17.6 7.5 2.5 2 1 3 1 1
-2423.3 3569.5 -2.1 286 0 12.8 9.2 7.5 2.5 2 0 3 5 5
-2048.7 3163.7 1.3 288 0 14.6 17.9 7.5 2.5 2 1 3 4 4
-2273.1 3267.8 -0.8 287 0 12.9 11.1 2.5 2.5 2 0 1 0 0
-2666.9 3240.4 2.6 18 0 7.7 13.5 7.5 2.5 2 1 3 2 2
-2225.5 3573.8 -1.2 303 0 15.3 8.6 7.5 2.5 2 0 3 2 2
-2221.4 3914.9 -2.0 112 0 13.9 10.0 7.5 2.5 2 0 3 0 0
-2056.8 3697.0 -2.0 115 0 8.9 12.2 5.0 0.0 0 1 2 2 2
-2547.1 3080.3 1.8 124 0 16.5 9.4 5.0 2.5 2 0 2 2 2
-2158.2 3289.0 -1.1 102 0 15.0 8.3 7.5 2.5 2 0 3 4 4
-2127.4 3568.2 -0.4 294 0 10.7 15.0 2.5 2.5 2 1 1 0 0
-2653.9 3402.7 1.1 102 0 15.8 8.7 5.0 0.0 0 0 2 5 5
-2382.7 3450.7 -0.3 200 0 14.8 11.2 7.5 2.5 2 0 3 3 3
-2108.2 3279.5 -0.3 113 0 8.9 14.7 5.0 2.5 2 1 2 5 5
-2347.2 3571.0 -1.5 288 0 13.2 11.5 7.5 0.0 0 0 3 3 3
-2463.5 3340.1 0.9 115 0 15.2 12.7 5.0 2.5 2 0 2 3 3
-2392.6 3266.2 0.7 21 0 9.3 13.2 5.0 2.5 2 1 2 3 3
-2022.2 3822.3 -1.7 194 0 6.9 14.8 2.5 2.5 4 1 1 2 2
-2572.7 3060.1 2.4 297 0 15.2 11.9 10.0 2.5 2 0 4 2 2
-2534.5 3379.8 1.2 15 0 15.1 10.3 7.5 2.5 2 0 3 4 4
-2195.1 3457.6 -1.4 16 0 9.8 10.4 7.5 2.5 2 1 3 3 3
-2463.5 3858.8 -4.3 117 0 14.8 10.0 7.5 2.5 2 0 3 4 4
-2268.8 3590.6 -0.8 305 0 7.2 14.2 7.5 2.5 2 1 3 2 2
-2597.6 3740.0 -4.0 107 0 20.2 12.3 10.0 2.5 2 0 4 0 0
-1989.8 3356.5 -1.0 206 0 16.2 11.1 2.5 2.5 2 0 1 1 1
-2221.1 3346.3 -1.7 115 0 11.0 16.3 5.0 2.5 2 1 2 3 3
-2018.5 3911.4 -2.9 115 0 15.2 9.3 5.0 2.5 2 0 2 3 3
-2454.1 3163.9 1.6 294 0 10.2 10.5 2.5 2.5 2 1 1 2 2
-2317.5 3362.7 -0.9 113 0 9.8 14.8 7.5 2.5 4 1 3 1 1
-2316.0 3508.3 -0.6 286 0 8.8 15.3 2.5 2.5 2 1 1 4 4
-2016.6 3157.6 1.2 290 0 9.6 16.8 7.5 2.5 2 1 3 4 4
-2264.0 3225.3 -0.3 101 0 9.2 12.2 2.5 2.5 2 1 1 1 1
-2130.5 3114.1 1.8 107 0 10.9 18.8 5.0 0.0 0 1 2 4 4
-2776.6 3222.4 4.9 197 0 8.1 13.8 7.5 2.5 4 1 3 3 3
-2101.9 3635.4 -0.7 179 0 15.4 7.6 7.5 2.5 4 0 3 3 3
-2015.0 3326.3 -0.7 206 0 11.2 13.7 5.0 2.5 2 1 2 2 2
-2154.3 3161.6 1.0 210 0 12.0 11.5 5.0 0.0 0 0 2 5 5
-2202.1 3582.9 -1.2 292 0 19.6 11.7 5.0 2.5 2 0 2 5 5
-2509.0 3085.1 2.0 20 0 8.2 12.8 5.0 2.5 2 1 2 5 5
-2666.5 3436.3 0.7 276 0 9.1 11.3 5.0 2.5 2 1 2 3 3
-2092.6 3569.0 0.1 290 0 14.8 12.1 7.5 2.5 2 0 3 5 5
-2306.1 3692.3 -0.3 193 0 9.1 7.8 2.5 2.5 2 0 1 2 2
-2424.4 3384.3 0.3 111 0 10.0 20.0 7.5 2.5 2 1 3 5 5
-1995.1 3479.3 -1.3 286 0 16.3 8.3 7.5 0.0 0 0 3 4 4
-2150.9 3274.3 -0.9 101 0 7.7 10.4 10.0 2.5 2 1 4 0 0
-2384.7 3508.8 -0.9 80 0 9.8 12.6 10.0 2.5 4 1 4 0 0
-2146.3 3941.4 -1.5 291 0 13.4 13.5 2.5 2.5 2 1 1 0 0
-2525.6 3419.1 0.7 119 0 12.1 18.2 7.5 2.5 2 1 3 0 0
-2200.2 3485.7 -1.4 20 0 9.0 9.4 5.0 2.5 2 1 2 5 5
-2777.8 3508.7 -2.3 110 0 14.9 12.7 7.5 2.5 2 0 3 0 0
-2297.3 3633.7 -1.3 120 0 11.8 15.8 5.0 2.5 2 1 2 4 4
-2518.1 3679.8 -1.4 96 0 9.1 6.9 7.5 2.5 2 0 3 3 3
-1946.3 3328.2 0.2 293 0 10.2 14.8 10.0 2.5 2 1 4 0 0
-2221.8 3322.9 -1.8 118 0 13.0 12.6 5.0 0.0 0 0 2 3 3
-2267.8 3340.0 -1.4 109 0 13.9 7.2 7.5 2.5 4 0 3 5 5
-2614.4 3406.1 1.1 24 0 9.1 14.4 7.5 2.5 2 1 3 4 4
-2281.9 3397.7 -1.2 105 0 17.0 10.8 10.0 2.5 2 0 4 4 4
-2390.0 3765.5 -2.3 7 0 8.1 9.7 2.5 2.5 4 1 1 0 0
-2031.4 3124.0 1.5 81 0 9.3 11.1 7.5 2.5 4 1 3 5 5
-2105.7 3139.8 1.6 110 0 7.5 13.7 7.5 2.5 2 1 3 3 3
-2282.5 3068.5 1.9 103 0 16.8 12.5 7.5 0.0 0 0 3 4 4
-2168.3 3190.2 0.4 204 0 15.8 11.9 2.5 2.5 2 0 1 4 4
-2190.7 3406.3 -1.5 13 0 12.6 9.3 5.0 2.5 2 0 2 0 0
-2488.3 3104.5 2.5 83 0 9.1 7.1 5.0 2.5 2 0 2 5 5
-2667.5 3458.9 -0.1 109 0 17.3 12.4 10.0 2.5 2 0 4 2 2
-2253.3 3289.5 -1.5 117 0 17.0 9.3 7.5 2.5 2 0 3 3 3
-2384.1 3555.6 -1.7 283 0 7.8 9.9 5.0 2.5 4 1 2 1 1
-2035.2 3219.6 0.8 294 0 14.9 9.2 7.5 2.5 2 0 3 1 1
-2338.3 3268.5 -0.4 193 0 11.9 17.4 10.0 2.5 2 1 4 3 3
-2029.9 3073.2 2.2 18 0 7.7 11.3 7.5 2.5 2 1 3 4 4
-4879.9 4224.8 0.5 284 0 15.4 10.1 5.0 2.5 2 0 2 3 3
-4886.3 4165.5 -0.7 101 0 13.9 11.4 5.0 2.5 2 0 2 0 0
-4941.3 4270.3 0.4 201 0 11.4 8.6 7.5 2.5 4 0 3 1 1
-4992.5 4133.2 -0.2 16 0 9.1 12.1 5.0 2.5 2 1 2 3 3
-5122.2 4333.8 -1.2 284 0 9.2 7.9 10.0 2.5 2 0 4 0 0
-5155.4 4301.9 -1.0 93 0 7.8 12.6 2.5 2.5 2 1 1 2 2
-5230.5 4281.5 -0.7 302 0 12.2 8.5 7.5 0.0 0 0 3 3 3
-2106.2 988.6 -2.0 24 0 11.8 11.4 7.5 2.5 4 0 3 3 3
-2222.0 1034.5 -1.6 115 0 14.0 15.8 5.0 2.5 2 1 2 5 5
-2204.3 994.6 -2.0 205 0 7.3 13.7 7.5 2.5 2 1 3 5 5
-2183.2 978.0 -2.0 115 0 8.6 8.8 7.5 2.5 2 1 3 5 5
-2173.8 960.5 -1.9 115 0 7.5 8.3 10.0 2.5 2 1 4 3 3
-2151.6 951.0 -1.9 115 0 8.1 18.9 7.5 2.5 2 1 3 0 0
-2110.7 1038.2 -1.6 295 0 7.8 16.2 10.0 2.5 2 1 4 2 2
-2109.7 974.8 -2.0 25 0 16.1 14.0 2.5 2.5 2 0 1 1 1
-1511.7 1999.6 -0.7 295 0 17.5 10.3 7.5 2.5 2 0 3 4 4
-1837.7 2077.4 0.6 295 0 10.8 9.5 7.5 2.5 2 0 3 2 2
-1812.4 2001.9 2.1 114 0 6.9 28.9 7.5 0.0 0 1 3 2 2
-1860.3 1981.3 2.4 101 0 14.4 9.0 7.5 2.5 2 0 3 5 5
-1786.4 1983.8 1.5 295 0 12.4 8.4 7.5 2.5 2 0 3 2 2
-1750.2 1939.2 0.3 22 0 9.5 15.7 5.0 2.5 2 1 2 2 2
-1970.4 3178.5 0.7 299 0 8.8 13.2 7.5 2.5 2 1 3 3 3
-1906.6 3193.1 0.0 299 0 12.9 10.7 7.5 2.5 2 0 3 5 5
-1847.3 3174.5 -0.3 29 0 12.8 25.3 7.5 0.0 0 1 3 1 1
-1885.8 3188.5 -0.1 298 0 14.8 10.9 7.5 2.5 2 0 3 0 0
-1886.4 3098.1 0.9 200 0 10.6 17.6 7.5 2.5 2 1 3 3 3
-1866.7 3219.4 -0.3 110 0 10.3 17.0 10.0 0.0 0 1 4 0 0
-1835.6 3272.4 0.2 6 0 10.4 16.7 7.5 2.5 2 1 3 0 0
-1932.7 3233.2 0.2 106 0 11.4 18.6 5.0 2.5 2 1 2 0 0
-1901.2 3246.6 0.2 111 0 24.6 15.1 5.0 0.0 0 0 2 1 1
-1754.4 3151.9 -0.1 111 0 8.9 9.1 7.5 2.5 2 1 3 2 2
-1709.2 3232.7 -0.7 35 0 12.5 13.1 5.0 0.0 0 1 2 4 4
-1706.4 3099.8 0.7 105 0 11.8 12.2 7.5 2.5 2 1 3 5 5
-1723.2 3098.7 0.4 99 0 14.7 9.5 2.5 2.5 2 0 1 4 4
-1731.9 3173.0 -0.4 123 0 17.7 12.3 7.5 2.5 2 0 3 2 2
-1794.2 3222.0 -0.6 272 0 8.2 17.8 5.0 2.5 2 1 2 2 2
-1824.3 3183.3 -0.6 122 0 14.0 9.4 7.5 2.5 2 0 3 1 1
-1841.5 3158.2 -0.1 212 0 8.3 13.7 7.5 2.5 4 1 3 4 4
-1805.5 3112.7 -0.0 109 0 17.7 14.0 7.5 2.5 4 0 3 3 3
-2223.1 2930.8 0.5 9 0 10.9 9.1 5.0 2.5 4 0 2 1 1
-2283.9 2957.6 1.9 197 0 8.1 10.7 5.0 2.5 4 1 2 4 4
-2351.9 2945.8 1.4 200 0 6.1 8.1 5.0 2.5 2 1 2 3 3
-2347.2 2922.6 1.1 109 0 6.3 14.1 5.0 0.0 0 1 2 1 1
-2296.9 1109.2 -0.8 189 0 45.6 27.5 5.0 0.0 0 0 2 4 4
-3409.7 633.3 -1.5 196 0 9.3 12.7 2.5 2.5 2 1 1 5 5
-3578.9 702.3 -1.4 112 0 9.1 10.8 5.0 2.5 2 1 2 3 3
-3524.3 689.8 -0.2 114 0 10.1 13.5 2.5 2.5 2 1 1 0 0
-3513.1 782.3 -0.2 111 0 9.4 8.7 7.5 2.5 2 0 3 4 4
-3565.3 810.9 -1.4 294 0 17.2 20.2 12.5 2.5 2 1 5 3 3
-3681.6 760.8 -1.7 201 0 9.9 8.9 7.5 2.5 2 0 3 1 1
-3652.8 829.2 -1.5 202 0 7.0 7.1 7.5 2.5 2 1 3 5 5
-3629.0 781.7 -1.7 178 0 11.9 28.0 10.0 0.0 0 1 4 3 3
-1885.7 1998.4 1.7 197 0 11.5 15.5 7.5 2.5 2 1 3 5 5
-2130.3 2680.4 -3.6 32 0 7.3 8.0 10.0 2.5 2 1 4 1 1
-2149.4 2689.4 -3.8 155 0 6.2 14.2 7.5 2.5 2 1 3 3 3
-2136.7 2973.1 1.9 25 0 7.8 6.7 7.5 2.5 2 0 3 2 2
-3171.3 1629.8 -3.2 199 0 6.4 10.2 2.5 0.0 0 1 1 4 4
-3159.5 1610.2 -3.2 22 0 7.9 13.8 7.5 2.5 2 1 3 1 1
-2189.7 3001.9 1.4 289 0 8.6 7.9 7.5 2.5 2 0 3 3 3
-3031.7 984.9 -1.2 123 0 7.2 8.5 7.5 2.5 4 1 3 1 1
-2988.3 523.1 -4.7 27 0 7.5 11.0 7.5 2.5 2 1 3 0 0
-3030.0 592.8 -3.7 232 0 9.0 6.7 2.5 2.5 2 0 1 5 5
-3079.3 542.0 -3.7 293 0 11.7 8.4 7.5 2.5 4 0 3 1 1
-3083.9 431.8 -5.3 20 0 7.2 12.6 10.0 2.5 2 1 4 4 4
-3911.4 306.4 -2.5 198 0 9.3 11.4 7.5 0.0 0 1 3 0 0
-3928.5 426.3 -1.9 111 0 8.2 6.9 7.5 2.5 2 0 3 5 5
-3918.5 350.0 -1.6 75 0 10.1 8.2 5.0 2.5 2 0 2 4 4
-3884.6 418.6 -1.7 108 0 14.8 10.5 7.5 2.5 2 0 3 3 3
-3281.0 1069.3 -1.5 105 0 8.9 6.1 10.0 2.5 2 0 4 5 5
-3183.5 1106.0 -3.5 109 0 11.7 9.2 5.0 2.5 2 0 2 2 2
-3096.1 934.6 -1.8 284 0 6.1 10.7 10.0 2.5 2 1 4 4 4
-3162.6 1041.8 -2.2 305 0 12.3 8.2 5.0 2.5 2 0 2 1 1
-3006.1 743.4 -1.7 235 0 9.5 15.4 7.5 0.0 0 1 3 2 2
-3120.1 649.0 -0.6 25 0 7.4 12.2 7.5 0.0 0 1 3 1 1
-3169.5 692.7 -0.1 112 0 7.1 9.3 7.5 2.5 2 1 3 0 0
-3211.2 736.6 0.2 208 0 9.1 9.7 10.0 2.5 2 1 4 0 0
-3182.6 763.9 -0.3 292 0 7.6 12.0 5.0 0.0 0 1 2 0 0
-3156.3 737.9 -0.2 24 0 8.0 10.1 7.5 2.5 2 1 3 3 3
-3147.1 828.3 -1.5 101 0 11.6 7.4 7.5 2.5 2 0 3 0 0
-3875.2 806.6 -2.3 16 0 8.9 16.7 7.5 2.5 2 1 3 5 5
-3792.1 1127.5 -2.0 203 0 9.1 13.8 7.5 2.5 2 1 3 4 4
-3917.5 548.7 -0.4 98 0 25.2 44.5 15.0 0.0 0 1 6 1 1
-3592.1 397.1 -1.9 123 0 9.3 10.0 2.5 2.5 2 1 1 0 0
-3573.7 435.5 -1.8 299 0 12.9 8.4 7.5 2.5 2 0 3 4 4
-3435.5 415.6 -4.6 115 0 11.1 6.1 5.0 2.5 2 0 2 5 5
-3290.3 424.5 -3.5 295 0 8.3 7.0 7.5 2.5 4 0 3 4 4
-3192.5 617.0 -1.1 200 0 7.5 12.2 7.5 2.5 2 1 3 0 0
-3202.0 643.3 -1.2 198 0 7.1 11.1 5.0 2.5 2 1 2 4 4
-3266.0 619.4 -1.0 293 0 10.9 14.2 7.5 2.5 2 1 3 3 3
-3212.2 514.3 -1.4 111 0 9.1 6.4 10.0 2.5 2 0 4 0 0
-3233.3 552.4 -1.5 109 0 8.7 10.3 2.5 2.5 2 1 1 5 5
-3247.6 417.4 -2.9 116 0 9.1 12.0 5.0 2.5 2 1 2 5 5
-3243.9 470.8 -1.4 26 0 7.6 9.9 7.5 0.0 0 1 3 1 1
-3271.8 495.1 -1.3 110 0 6.8 9.8 10.0 2.5 2 1 4 3 3
-3273.5 546.7 -1.0 124 0 7.2 11.6 7.5 0.0 0 1 3 5 5
-3433.1 507.2 -1.6 111 0 11.3 10.4 7.5 2.5 2 0 3 5 5
-3460.8 539.5 -0.4 236 0 11.2 7.3 7.5 2.5 2 0 3 2 2
-3354.0 522.5 -0.9 21 0 7.4 14.5 7.5 2.5 2 1 3 1 1
-3318.2 537.8 -1.1 110 0 12.2 12.6 5.0 2.5 2 1 2 1 1
-3381.1 553.1 -0.9 206 0 9.3 12.7 5.0 2.5 2 1 2 5 5
-3218.7 950.2 -1.3 107 0 13.3 9.0 5.0 2.5 2 0 2 1 1
-3373.6 1048.9 0.1 285 0 9.6 10.4 7.5 2.5 2 1 3 2 2
-3467.1 1091.4 1.7 288 0 8.5 13.7 5.0 2.5 2 1 2 1 1
-3565.1 1056.5 2.2 196 0 7.4 14.1 7.5 0.0 0 1 3 4 4
-3606.2 986.5 1.8 107 0 6.3 6.1 7.5 2.5 2 0 3 1 1
-3551.6 948.3 0.4 288 0 6.9 8.7 7.5 0.0 0 1 3 5 5
-3472.1 932.0 -0.1 207 0 7.9 10.6 5.0 2.5 2 1 2 3 3
-3427.5 882.9 0.1 27 0 10.5 7.8 7.5 2.5 2 0 3 2 2
-3501.0 932.9 -0.6 290 0 6.3 15.6 7.5 0.0 0 1 3 5 5
-3592.9 960.6 0.7 290 0 6.9 29.4 10.0 2.5 2 1 4 0 0
-3827.5 826.2 -0.9 196 0 7.8 10.0 5.0 2.5 2 1 2 2 2
-3807.2 798.4 -1.3 14 0 7.8 12.4 7.5 2.5 2 1 3 0 0
-3701.9 907.1 0.1 299 0 12.5 8.1 10.0 2.5 2 0 4 1 1
-3760.3 669.5 -1.6 8 0 6.6 11.2 7.5 2.5 2 1 3 5 5
-3723.1 714.9 -1.8 22 0 7.8 9.9 5.0 2.5 2 1 2 0 0
-3867.8 628.5 0.1 28 0 15.1 10.4 5.0 2.5 2 0 2 5 5
-3844.1 522.7 0.3 287 0 6.9 12.6 7.5 2.5 2 1 3 4 4
-3737.6 440.9 -2.2 19 0 6.2 9.9 10.0 2.5 2 1 4 0 0
-3708.1 546.7 -1.5 296 0 10.4 8.2 7.5 0.0 0 0 3 0 0
-3558.2 641.9 -1.3 20 0 6.5 11.2 7.5 2.5 2 1 3 3 3
-3511.3 567.0 0.1 193 0 8.6 13.0 5.0 2.5 2 1 2 4 4
-3182.0 682.9 -0.3 37 0 6.8 8.0 7.5 2.5 2 1 3 0 0
-3202.2 683.5 -0.5 23 0 7.9 11.5 7.5 2.5 2 1 3 0 0
-3309.8 771.6 -2.0 294 0 9.3 13.1 7.5 2.5 2 1 3 1 1
-3265.0 733.1 -0.6 288 0 8.9 12.8 5.0 0.0 0 1 2 2 2
-3271.7 692.7 -0.3 209 0 11.5 7.6 2.5 2.5 2 0 1 2 2
-3298.3 650.8 -0.9 20 0 8.1 11.1 7.5 2.5 2 1 3 1 1
-3355.9 623.6 -1.1 18 0 8.6 11.6 7.5 2.5 2 1 3 0 0
-3382.5 724.7 -1.9 213 0 7.2 9.9 5.0 2.5 4 1 2 0 0
-3519.9 -4099.9 -6.1 264 0 12.5 8.0 7.5 2.5 2 0 3 3 3
-3605.6 -4219.4 -2.6 111 0 11.0 8.5 2.5 2.5 4 0 1 2 2
-3623.1 -4146.2 -6.0 270 0 12.6 28.0 10.0 2.5 2 1 4 1 1
-3569.5 -4140.6 -5.0 276 0 8.3 8.9 7.5 2.5 2 1 3 3 3
-3508.9 -4268.4 -1.1 116 0 8.4 6.6 5.0 2.5 2 0 2 0 0
-3503.8 -4188.2 -1.9 3 0 7.7 10.1 7.5 2.5 2 1 3 3 3
-3508.7 -4210.8 -1.3 6 0 7.2 11.3 5.0 2.5 2 1 2 0 0
-3470.8 -4165.7 -2.6 92 0 12.9 8.3 7.5 2.5 4 0 3 3 3
-3334.0 -4052.3 -6.2 271 0 9.8 10.0 5.0 2.5 2 1 2 0 0
-3394.3 -4086.0 -5.4 183 0 8.3 11.5 5.0 2.5 4 1 2 3 3
-3437.8 -4293.8 -1.7 108 0 12.0 7.5 7.5 2.5 4 0 3 5 5
-3441.2 -4311.1 -1.4 108 0 9.1 7.2 5.0 2.5 2 0 2 0 0
-3557.5 -4438.6 -4.6 96 0 8.6 7.3 5.0 2.5 2 0 2 1 1
-3533.1 -4424.4 -4.3 91 0 9.8 7.7 2.5 2.5 2 0 1 5 5
-3537.8 -4365.9 -3.0 197 0 7.4 6.7 7.5 0.0 0 0 3 3 3
-3532.4 -4347.6 -2.6 200 0 10.8 10.0 7.5 2.5 2 0 3 3 3
-3499.3 -4336.6 -2.0 292 0 9.1 7.9 7.5 0.0 0 0 3 2 2
-3480.3 -4338.9 -1.9 294 0 8.7 8.7 7.5 2.5 2 1 3 5 5
-3436.5 -4404.7 -2.7 105 0 11.5 7.9 5.0 2.5 2 0 2 3 3
-3458.6 -4344.7 -1.8 281 0 11.8 8.6 7.5 2.5 2 0 3 1 1
-3409.6 -4343.1 -1.8 105 0 7.1 8.6 7.5 2.5 2 1 3 1 1
-3404.0 -4276.7 -2.3 20 0 8.7 11.7 5.0 2.5 2 1 2 2 2
-3371.5 -4229.8 -3.4 28 0 13.5 12.4 5.0 2.5 2 0 2 0 0
-3175.9 -4251.8 -0.3 203 0 9.0 7.8 10.0 2.5 2 0 4 1 1
-3239.2 -4358.2 -2.3 110 0 11.6 8.0 10.0 2.5 2 0 4 5 5
-3370.3 -4384.9 -2.4 296 0 13.3 12.1 5.0 2.5 2 0 2 4 4
-3332.8 -4382.3 -2.5 283 0 14.7 8.0 7.5 2.5 2 0 3 5 5
-3347.7 -4353.4 -2.2 93 0 15.6 10.7 5.0 2.5 2 0 2 4 4
-3306.2 -4280.8 -1.9 25 0 8.1 14.1 2.5 2.5 2 1 1 0 0
-3267.5 -4254.7 -1.4 290 0 6.8 10.7 5.0 2.5 2 1 2 0 0
-3209.1 -4264.7 -0.8 13 0 8.0 13.8 7.5 2.5 2 1 3 2 2
-3256.5 -4302.3 -1.1 123 0 8.1 11.8 10.0 2.5 2 1 4 2 2
-3268.8 -4326.4 -2.1 298 0 12.4 8.2 7.5 2.5 2 0 3 3 3
-3243.9 -4925.5 -4.4 201 0 7.4 12.3 2.5 2.5 2 1 1 4 4
-3352.2 -5034.5 -4.9 200 0 11.1 12.0 7.5 2.5 2 1 3 4 4
-3348.0 -5003.0 -4.5 205 0 8.4 14.2 7.5 2.5 2 1 3 4 4
-3361.9 -4983.1 -3.8 21 0 9.1 11.7 7.5 2.5 2 1 3 0 0
-3350.6 -4949.7 -3.5 116 0 10.8 13.0 7.5 2.5 2 1 3 1 1
-3309.0 -4949.6 -4.0 110 0 9.3 11.1 2.5 0.0 0 1 1 4 4
-3313.2 -4791.3 -6.5 107 0 12.7 8.4 7.5 2.5 2 0 3 5 5
-3211.2 -4847.1 -3.4 24 0 7.8 12.8 7.5 2.5 2 1 3 2 2
-3232.0 -4787.2 -3.6 198 0 16.9 9.1 2.5 2.5 2 0 1 0 0
-3129.2 -4762.8 -2.5 293 0 11.6 8.4 10.0 0.0 0 0 4 1 1
-3152.4 -4733.7 -2.8 107 0 10.3 9.1 5.0 2.5 2 0 2 4 4
-3139.9 -4584.8 -1.1 293 0 9.9 7.3 5.0 2.5 2 0 2 0 0
-3163.7 -4649.0 -2.8 112 0 8.0 6.9 5.0 2.5 2 0 2 4 4
-3187.3 -4618.2 -2.2 202 0 7.8 8.8 7.5 2.5 2 1 3 0 0
-3207.4 -4634.9 -2.5 22 0 7.3 12.5 7.5 2.5 2 1 3 4 4
-3233.0 -4663.5 -3.6 114 0 12.5 6.4 5.0 2.5 2 0 2 4 4
-3265.5 -4646.2 -4.6 200 0 9.4 12.4 2.5 2.5 2 1 1 1 1
-3307.9 -4583.9 -5.8 281 0 10.7 25.2 12.5 0.0 0 1 5 1 1
-3305.6 -4552.3 -4.9 101 0 6.5 8.2 5.0 2.5 2 1 2 2 2
-3266.2 -4549.9 -3.4 113 0 11.2 11.3 2.5 2.5 2 1 1 0 0
-3234.8 -4518.9 -2.2 293 0 6.2 7.9 5.0 2.5 4 1 2 1 1
-3193.5 -4496.5 -0.9 20 0 7.8 9.5 7.5 2.5 2 1 3 0 0
-3191.8 -4442.5 -0.9 195 0 8.9 11.1 10.0 2.5 2 1 4 2 2
-3144.3 -4420.6 0.2 30 0 10.4 9.0 7.5 2.5 2 0 3 1 1
-3161.5 -4320.2 -0.5 288 0 9.4 11.2 10.0 2.5 2 1 4 1 1
-3093.3 -4326.2 0.6 294 0 8.5 15.6 7.5 2.5 2 1 3 0 0
-3029.8 -4779.5 -4.7 195 0 7.8 10.8 7.5 2.5 2 1 3 5 5
-3025.2 -4558.0 -0.5 203 0 7.3 11.5 7.5 2.5 2 1 3 5 5
-3053.0 -4635.0 -2.7 120 0 10.2 7.6 10.0 2.5 2 0 4 1 1
-2982.3 -4571.0 -0.6 50 0 6.1 13.5 7.5 2.5 2 1 3 2 2
-2975.9 -4531.0 0.8 198 0 7.5 10.5 7.5 2.5 2 1 3 2 2
-2938.2 -4538.5 0.6 11 0 6.7 9.6 7.5 2.5 2 1 3 3 3
-2912.6 -4538.3 0.4 20 0 8.2 14.6 7.5 2.5 2 1 3 1 1
-2999.2 -4401.5 0.3 20 0 7.6 11.3 5.0 2.5 2 1 2 0 0
-2997.9 -4346.8 -0.1 290 0 7.5 12.6 7.5 2.5 2 1 3 2 2
-2894.7 -4426.5 -0.3 13 0 6.5 9.2 5.0 2.5 2 1 2 5 5
-2974.9 -4457.0 0.4 107 0 8.3 12.4 5.0 2.5 2 1 2 4 4
-2947.7 -4403.7 -0.0 289 0 15.4 11.2 5.0 2.5 2 0 2 5 5
-2929.6 -4488.4 0.2 101 0 9.3 14.6 5.0 2.5 2 1 2 2 2
-2888.6 -4608.9 -1.4 112 0 7.5 11.6 7.5 2.5 2 1 3 3 3
-2890.9 -4560.3 0.2 197 0 10.1 9.4 10.0 2.5 2 0 4 5 5
-2982.9 -4319.6 -0.3 106 0 14.1 8.5 7.5 2.5 2 0 3 3 3
-2950.5 -4383.9 -0.3 109 0 9.0 12.9 7.5 2.5 2 1 3 3 3
-2891.0 -4386.3 -0.7 108 0 9.0 12.1 10.0 2.5 2 1 4 4 4
-2865.8 -4483.4 -0.4 199 0 11.6 7.4 5.0 0.0 0 0 2 3 3
-2676.4 -4527.1 -1.2 21 0 6.2 6.2 7.5 2.5 2 1 3 1 1
-2697.7 -4468.3 -2.7 188 0 7.9 7.3 7.5 2.5 2 0 3 2 2
-2688.1 -4439.2 -3.5 274 0 9.4 10.3 7.5 2.5 4 1 3 1 1
-2761.2 -4407.9 -3.4 292 0 6.0 15.7 5.0 2.5 2 1 2 1 1
-2829.2 -4333.5 -3.4 242 0 7.1 16.1 5.0 2.5 4 1 2 5 5
-2723.9 -4264.2 -4.8 197 0 8.1 7.4 10.0 2.5 2 0 4 5 5
-2746.4 -4278.1 -5.5 15 0 6.4 9.4 7.5 2.5 4 1 3 2 2
-2733.2 -4284.6 -4.7 198 0 9.2 11.7 5.0 2.5 4 1 2 3 3
-3235.2 -4068.7 -5.2 188 0 7.2 12.4 7.5 0.0 0 1 3 0 0
-3184.3 -4159.6 -0.4 11 0 6.8 11.7 7.5 2.5 2 1 3 4 4
-3093.7 -4216.0 0.5 11 0 7.5 10.6 5.0 2.5 2 1 2 4 4
-3097.0 -4109.3 -2.8 106 0 9.5 6.9 5.0 2.5 2 0 2 2 2
-3084.3 -4073.2 -6.1 284 0 6.3 7.7 7.5 2.5 2 1 3 1 1
-3115.7 -4063.4 -6.3 198 0 10.0 15.7 7.5 2.5 2 1 3 1 1
-3073.6 -4056.9 -7.8 110 0 7.9 6.2 2.5 2.5 2 0 1 5 5
-3058.1 -4063.5 -7.5 106 0 9.8 6.2 7.5 2.5 2 0 3 3 3
-2882.3 -4142.5 -3.8 288 0 9.3 10.4 2.5 2.5 4 1 1 3 3
-2877.1 -4197.9 -5.8 93 0 8.8 7.0 10.0 2.5 2 0 4 3 3
-2845.7 -4175.2 -6.7 287 0 14.6 8.3 7.5 2.5 2 0 3 3 3
-2588.3 -4201.5 -7.6 107 0 8.0 6.4 7.5 2.5 2 0 3 4 4
-2692.1 -4216.6 -4.3 204 0 9.7 7.7 7.5 2.5 2 0 3 5 5
-2695.2 -4183.7 -5.4 287 0 9.5 10.1 5.0 2.5 2 1 2 2 2
-2626.0 -4190.8 -6.4 109 0 6.6 6.5 10.0 2.5 2 0 4 2 2
-2704.4 -4320.2 -3.5 108 0 12.1 8.8 7.5 2.5 2 0 3 4 4
-2658.9 -4256.0 -3.9 21 0 8.4 7.7 7.5 2.5 2 0 3 0 0
-2647.3 -4292.8 -3.5 16 0 6.8 8.1 5.0 0.0 0 1 2 4 4
-2686.5 -4324.8 -2.9 108 0 11.4 7.5 7.5 2.5 2 0 3 3 3
-2625.9 -4335.4 -4.7 109 0 8.1 10.6 5.0 2.5 2 1 2 3 3
-2534.2 -4309.1 -6.7 198 0 9.1 7.2 5.0 0.0 0 0 2 1 1
-6198.7 -4243.3 -3.1 13 0 9.6 8.0 5.0 2.5 2 0 2 4 4
-6394.0 -4761.7 -8.1 114 0 9.2 7.0 7.5 2.5 2 0 3 2 2
-6375.6 -4612.3 -8.0 109 0 8.8 7.1 10.0 2.5 2 0 4 2 2
-6514.3 -4679.1 -10.0 120 0 8.4 6.8 5.0 2.5 2 0 2 5 5
-6503.9 -4653.8 -9.7 202 0 6.6 8.5 7.5 2.5 2 1 3 0 0
-6452.6 -4587.5 -8.9 198 0 6.8 9.1 7.5 2.5 2 1 3 3 3
-6190.4 -4230.5 -4.3 14 0 14.2 7.9 5.0 2.5 2 0 2 1 1
-6343.1 -4142.9 -10.8 186 0 15.5 27.9 10.0 0.0 0 1 4 0 0
-3861.2 -5232.5 -5.7 201 0 8.9 6.4 5.0 2.5 2 0 2 4 4
-3851.5 -5207.7 -5.5 199 0 6.6 7.9 7.5 2.5 2 1 3 2 2
-3835.6 -5229.6 -6.0 200 0 8.3 6.9 7.5 2.5 2 0 3 4 4
-3845.8 -5256.4 -6.5 196 0 7.1 10.8 7.5 2.5 2 1 3 3 3
-3879.5 -5271.2 -7.0 203 0 7.4 9.7 5.0 2.5 2 1 2 2 2
-3830.4 -5311.6 -8.1 98 0 9.7 12.0 5.0 2.5 2 1 2 4 4
-3806.3 -5313.2 -8.2 105 0 9.5 8.2 5.0 2.5 2 0 2 5 5
-3809.7 -5266.8 -6.9 21 0 7.5 8.1 7.5 2.5 2 1 3 4 4
-3867.1 -5049.1 -4.4 123 0 9.0 13.8 7.5 2.5 2 1 3 2 2
-3847.4 -4979.0 -5.0 285 0 12.3 8.1 5.0 0.0 0 0 2 3 3
-3859.4 -4912.2 -3.9 6 0 13.3 8.9 7.5 2.5 2 0 3 0 0
-3875.0 -4822.6 -3.2 193 0 9.3 14.1 7.5 2.5 2 1 3 0 0
-3837.1 -4756.6 -1.6 111 0 8.5 14.2 2.5 2.5 2 1 1 1 1
-3817.4 -4723.5 -2.1 196 0 8.6 7.6 10.0 2.5 2 0 4 2 2
-3837.9 -4625.5 -3.3 290 0 11.3 11.1 7.5 2.5 2 0 3 3 3
-3824.9 -4683.5 -2.6 195 0 9.2 7.6 2.5 2.5 4 0 1 1 1
-3790.8 -4618.5 -3.1 288 0 11.3 14.1 2.5 2.5 2 1 1 2 2
-3761.0 -4635.1 -3.5 277 0 7.6 17.2 7.5 2.5 2 1 3 1 1
-3744.2 -4700.2 -3.5 7 0 7.5 30.9 12.5 2.5 2 1 5 0 0
-3532.4 -5143.4 -4.3 292 0 8.7 7.7 5.0 2.5 2 0 2 1 1
-3334.7 -5292.8 -8.0 281 0 6.6 17.6 10.0 2.5 2 1 4 5 5
-3366.1 -5294.8 -7.8 281 0 9.6 8.9 7.5 2.5 2 0 3 2 2
-3457.8 -5314.2 -6.8 99 0 7.7 9.8 7.5 2.5 2 1 3 2 2
-3537.8 -5295.9 -6.5 132 0 7.9 8.5 2.5 2.5 2 1 1 1 1
-3559.8 -5265.0 -6.3 188 0 6.1 7.4 10.0 2.5 2 1 4 2 2
-3564.6 -5231.2 -5.8 282 0 11.0 9.2 5.0 2.5 2 0 2 0 0
-3584.4 -5163.9 -4.3 191 0 14.7 8.1 7.5 2.5 2 0 3 0 0
-3742.4 -5100.6 -5.2 24 0 7.6 10.4 2.5 2.5 2 1 1 2 2
-3728.7 -5046.7 -5.0 108 0 13.0 8.9 2.5 2.5 2 0 1 5 5
-3646.4 -4971.9 -4.9 294 0 13.6 9.6 7.5 2.5 2 0 3 0 0
-3678.5 -4933.8 -3.6 14 0 8.7 12.2 2.5 2.5 2 1 1 5 5
-3767.9 -4938.1 -2.8 104 0 12.5 8.5 7.5 2.5 2 0 3 2 2
-3714.6 -4939.1 -3.4 107 0 13.0 7.3 5.0 2.5 2 0 2 1 1
-3754.6 -4837.2 -3.2 9 0 9.5 11.5 7.5 2.5 2 1 3 3 3
-3712.9 -4750.4 -2.7 18 0 15.6 9.7 10.0 2.5 2 0 4 4 4
-3664.4 -4828.9 -1.7 286 0 8.1 15.4 5.0 2.5 2 1 2 2 2
-3463.7 -4975.7 -4.0 18 0 8.0 10.1 2.5 2.5 4 1 1 1 1
-3513.8 -4941.7 -3.8 201 0 9.0 12.6 7.5 0.0 0 1 3 4 4
-3725.6 -4631.9 -4.6 286 0 6.8 7.3 5.0 2.5 2 1 2 0 0
-3703.9 -4652.7 -5.2 18 0 19.3 11.7 5.0 2.5 2 0 2 3 3
-3609.7 -4746.9 -2.7 198 0 8.2 15.4 10.0 2.5 2 1 4 2 2
-3570.8 -4682.8 -3.3 126 0 8.6 16.6 7.5 2.5 2 1 3 4 4
-3541.2 -4826.6 -2.4 194 0 13.0 8.3 10.0 2.5 4 0 4 1 1
-3541.9 -4860.0 -1.8 105 0 8.6 12.5 7.5 2.5 2 1 3 4 4
-3511.3 -4868.7 -2.2 107 0 9.9 11.5 2.5 2.5 2 1 1 1 1
-3484.9 -4871.6 -2.7 105 0 8.0 13.2 7.5 2.5 2 1 3 0 0
-3445.4 -4848.4 -3.7 288 0 11.9 10.4 2.5 2.5 2 0 1 4 4
-3454.7 -4908.0 -2.6 111 0 8.3 13.4 2.5 2.5 2 1 1 2 2
-3427.6 -4954.0 -3.2 290 0 10.3 10.5 7.5 2.5 2 1 3 5 5
-3389.4 -4825.9 -5.1 285 0 12.3 9.8 10.0 2.5 4 0 4 4 4
-3361.2 -4876.1 -4.3 16 0 10.9 10.5 10.0 2.5 4 0 4 5 5
-3629.5 -4589.7 -4.4 13 0 10.6 7.6 10.0 2.5 2 0 4 0 0
-3646.9 -4602.4 -4.6 196 0 7.5 6.7 7.5 2.5 2 0 3 4 4
-3646.7 -4628.0 -5.1 105 0 11.1 12.7 10.0 2.5 2 1 4 5 5
-3712.2 -4624.3 -5.1 100 0 15.7 13.7 10.0 2.5 2 0 4 3 3
-3848.3 -4422.6 -5.1 319 0 7.6 12.5 7.5 2.5 2 1 3 5 5
-3866.1 -4390.1 -5.3 215 0 6.9 8.6 7.5 2.5 2 1 3 3 3
-3901.1 -4429.0 -5.3 274 0 10.3 8.7 7.5 0.0 0 0 3 2 2
-3923.6 -4425.7 -5.6 192 0 8.7 12.5 5.0 2.5 2 1 2 2 2
-3955.5 -4476.7 -5.4 196 0 7.6 6.7 7.5 2.5 2 0 3 1 1
-3965.1 -4495.9 -5.4 197 0 12.8 12.2 2.5 2.5 2 0 1 1 1
-3987.9 -4536.9 -4.7 184 0 9.0 13.6 7.5 2.5 2 1 3 0 0
-4007.6 -4571.0 -3.8 196 0 7.6 7.7 7.5 2.5 2 1 3 3 3
-3929.9 -4548.9 -4.6 94 0 12.7 8.9 7.5 2.5 2 0 3 3 3
-3880.7 -4578.7 -4.1 113 0 16.0 8.7 7.5 2.5 2 0 3 0 0
-3827.3 -4597.5 -3.6 102 0 12.9 9.4 5.0 2.5 2 0 2 2 2
-3807.9 -4510.6 -4.4 20 0 9.7 10.8 10.0 2.5 2 1 4 3 3
-3814.1 -4438.8 -4.7 284 0 7.5 10.0 7.5 2.5 2 1 3 0 0
-3768.5 -4463.9 -4.2 315 0 13.0 6.7 5.0 2.5 2 0 2 0 0
-3641.0 -4375.4 -3.2 191 0 6.1 6.8 5.0 2.5 4 1 2 3 3
-3583.1 -4407.6 -4.3 279 0 10.2 7.9 2.5 2.5 2 0 1 1 1
-3623.8 -4403.0 -3.6 188 0 11.2 10.8 7.5 2.5 2 0 3 4 4
-3726.4 -4484.9 -3.8 107 0 7.5 33.4 7.5 2.5 2 1 3 2 2
-3694.2 -4494.2 -3.5 104 0 7.6 31.1 7.5 2.5 2 1 3 4 4
-3686.0 -4455.2 -3.2 23 0 8.2 37.5 7.5 2.5 4 1 3 3 3
-3713.7 -4413.3 -3.0 297 0 7.6 12.7 10.0 2.5 2 1 4 1 1
-3798.3 -4413.2 -4.3 120 0 11.2 14.5 2.5 2.5 2 1 1 4 4
-3784.3 -4382.1 -4.6 25 0 10.9 8.1 7.5 2.5 2 0 3 0 0
-3772.6 -4331.0 -5.9 213 0 14.3 8.2 7.5 2.5 2 0 3 2 2
-3807.8 -4311.1 -7.4 47 0 15.6 6.1 7.5 2.5 2 0 3 0 0
-3803.8 -4263.7 -8.6 281 0 6.9 8.5 7.5 0.0 0 1 3 5 5
-3744.5 -4258.0 -7.5 52 0 13.2 7.7 7.5 0.0 0 0 3 4 4
-3731.0 -4323.5 -5.6 21 0 8.3 13.4 5.0 2.5 2 1 2 0 0
-3700.1 -4219.6 -7.1 55 0 7.1 7.8 7.5 2.5 2 1 3 3 3
-3713.3 -4247.4 -6.8 222 0 13.8 15.0 7.5 2.5 2 1 3 2 2
-3664.5 -4271.9 -4.2 102 0 10.4 7.4 7.5 2.5 4 0 3 1 1
-3586.5 -4253.2 -2.6 287 0 11.7 9.3 5.0 2.5 2 0 2 3 3
-3962.2 -5034.4 -2.6 293 0 7.5 7.2 7.5 2.5 2 0 3 0 0
-3993.5 -5295.9 -6.7 37 0 6.7 10.4 7.5 2.5 2 1 3 4 4
-4198.1 -5242.4 -4.1 206 0 8.1 6.3 7.5 2.5 4 0 3 4 4
-4204.2 -5261.0 -4.4 204 0 10.9 7.6 5.0 2.5 2 0 2 0 0
-4178.1 -5261.5 -3.9 195 0 7.1 9.0 10.0 2.5 2 1 4 2 2
-4150.0 -5228.2 -4.8 287 0 7.7 9.8 7.5 0.0 0 1 3 5 5
-4170.9 -5220.1 -4.8 293 0 7.1 10.9 10.0 2.5 2 1 4 0 0
-4169.1 -5163.3 -4.0 201 0 16.2 9.6 5.0 2.5 2 0 2 0 0
-4113.9 -5319.2 -5.2 192 0 10.7 9.9 5.0 2.5 2 0 2 3 3
-4152.1 -5349.4 -4.7 182 0 7.9 9.9 2.5 2.5 2 1 1 0 0
-4141.2 -5404.2 -6.4 92 0 11.4 8.5 7.5 2.5 2 0 3 3 3
-4114.0 -5393.2 -8.0 93 0 7.6 6.8 7.5 2.5 2 0 3 5 5
-4041.5 -5415.7 -10.2 273 0 6.3 7.7 7.5 2.5 4 1 3 2 2
-4068.9 -5309.2 -5.9 286 0 10.5 8.4 7.5 2.5 2 0 3 2 2
-4081.8 -5285.8 -3.8 113 0 10.0 7.5 7.5 2.5 2 0 3 2 2
-4045.4 -5252.6 -3.0 203 0 8.8 8.9 5.0 2.5 2 1 2 2 2
-4093.6 -5110.8 -3.6 18 0 8.2 12.4 2.5 2.5 2 1 1 3 3
-4145.0 -5010.0 -3.1 197 0 11.2 10.0 2.5 2.5 2 0 1 0 0
-4111.8 -5050.1 -3.2 290 0 11.5 10.3 7.5 2.5 2 0 3 4 4
-4089.5 -5033.9 -2.8 215 0 8.0 9.0 2.5 2.5 2 1 1 2 2
-4082.9 -4962.7 -2.0 11 0 9.5 13.9 2.5 2.5 2 1 1 3 3
-3989.1 -4994.8 -2.2 38 0 9.1 8.8 5.0 2.5 2 0 2 4 4
-4014.9 -5109.1 -2.9 110 0 8.4 10.8 2.5 2.5 2 1 1 0 0
-3990.2 -5188.4 -2.6 198 0 9.4 12.6 7.5 2.5 2 1 3 3 3
-3959.6 -5125.6 -2.3 201 0 6.4 11.9 2.5 0.0 0 1 1 2 2
-3894.9 -5060.8 -3.6 298 0 10.1 6.2 7.5 2.5 2 0 3 5 5
-3894.7 -5125.9 -3.5 114 0 7.4 10.9 7.5 2.5 2 1 3 3 3
-3910.7 -4975.3 -3.9 32 0 12.0 10.0 7.5 2.5 2 0 3 3 3
-3888.7 -4911.4 -4.4 13 0 11.3 9.6 5.0 2.5 4 0 2 5 5
-3951.9 -4878.1 -3.9 193 0 6.9 10.9 7.5 2.5 2 1 3 0 0
-4015.2 -4945.6 -2.1 108 0 10.6 9.7 2.5 2.5 2 0 1 2 2
-4054.1 -4890.4 -1.7 290 0 7.8 10.0 2.5 2.5 2 1 1 4 4
-3955.1 -4639.3 -3.2 286 0 7.9 13.5 5.0 0.0 0 1 2 0 0
-3975.7 -4646.7 -3.7 297 0 13.9 10.9 5.0 2.5 2 0 2 0 0
-4000.8 -4660.8 -4.1 114 0 9.2 7.2 7.5 2.5 2 0 3 1 1
-4039.7 -4660.8 -3.7 203 0 10.9 9.0 5.0 2.5 2 0 2 0 0
-4031.9 -4631.0 -3.7 209 0 7.3 10.5 10.0 2.5 2 1 4 0 0
-4014.8 -4611.9 -4.0 199 0 9.4 13.6 7.5 2.5 2 1 3 1 1
-4572.9 -5476.4 -10.4 270 0 6.8 8.7 7.5 2.5 2 1 3 0 0
-4628.1 -5227.4 -5.6 103 0 12.3 10.9 2.5 2.5 2 0 1 2 2
-4549.8 -5304.6 -6.8 188 0 12.0 11.0 10.0 2.5 2 0 4 5 5
-4513.2 -5279.2 -5.9 272 0 9.1 6.2 10.0 2.5 2 0 4 5 5
-4488.9 -5295.9 -5.9 281 0 9.5 7.9 10.0 0.0 0 0 4 3 3
-4413.8 -5333.6 -6.2 104 0 13.1 8.0 7.5 2.5 2 0 3 1 1
-4330.9 -5346.5 -8.1 194 0 7.7 11.4 7.5 2.5 2 1 3 1 1
-4353.2 -5197.1 -6.1 201 0 7.2 6.3 7.5 2.5 4 0 3 0 0
-4233.4 -5218.7 -4.5 14 0 10.4 13.1 7.5 2.5 2 1 3 1 1
-4244.8 -5251.6 -5.7 15 0 9.0 13.2 5.0 2.5 2 1 2 5 5
-4277.9 -5314.7 -8.0 122 0 10.2 9.1 2.5 2.5 2 0 1 2 2
-4315.2 -5260.2 -7.2 112 0 8.0 11.2 5.0 2.5 2 1 2 4 4
-4298.6 -5204.8 -5.6 14 0 8.8 16.8 5.0 2.5 2 1 2 0 0
-4360.9 -5208.2 -6.0 199 0 9.1 10.9 7.5 2.5 2 1 3 5 5
-4369.4 -5230.3 -6.1 195 0 8.6 13.6 5.0 2.5 2 1 2 0 0
-4376.9 -5298.0 -6.4 109 0 10.8 15.2 7.5 2.5 2 1 3 2 2
-4425.2 -5282.4 -5.7 102 0 14.9 9.8 7.5 2.5 2 0 3 0 0
-4590.3 -5168.1 -5.3 194 0 9.1 11.7 2.5 2.5 2 1 1 0 0
-4514.7 -5197.0 -4.5 105 0 10.8 10.0 10.0 0.0 0 0 4 0 0
-4481.2 -5241.7 -4.9 279 0 14.7 8.5 2.5 2.5 2 0 1 2 2
-4439.5 -5228.5 -5.1 282 0 11.7 8.7 5.0 2.5 2 0 2 0 0
-4387.3 -5215.8 -5.6 16 0 10.6 15.0 2.5 2.5 2 1 1 2 2
-4439.2 -5111.8 -4.9 280 0 12.0 10.6 7.5 2.5 2 0 3 2 2
-4467.3 -5110.6 -4.4 284 0 11.3 10.0 7.5 2.5 2 0 3 5 5
-4521.2 -5114.4 -3.5 195 0 9.9 10.8 10.0 2.5 4 1 4 4 4
-4353.9 -5095.7 -6.0 24 0 8.4 8.2 7.5 2.5 2 0 3 3 3
-4338.1 -5020.9 -5.5 287 0 10.4 9.8 7.5 2.5 2 0 3 2 2
-4370.7 -5028.4 -5.9 284 0 11.4 7.6 7.5 2.5 2 0 3 5 5
-4414.7 -5017.6 -6.0 187 0 7.5 9.4 10.0 2.5 4 1 4 1 1
-4504.3 -4868.3 -5.8 114 0 7.3 8.7 10.0 2.5 2 1 4 1 1
-4497.8 -4824.4 -5.5 196 0 17.7 9.6 7.5 2.5 4 0 3 4 4
-4494.4 -4787.4 -5.2 197 0 11.9 11.1 2.5 2.5 2 0 1 3 3
-4395.4 -4886.4 -5.0 188 0 11.0 11.1 7.5 2.5 2 1 3 0 0
-4489.7 -4905.7 -6.1 284 0 12.9 10.5 5.0 2.5 2 0 2 1 1
-4429.9 -4915.3 -6.0 282 0 15.2 8.8 2.5 2.5 2 0 1 2 2
-4399.9 -4950.2 -5.8 197 0 9.2 13.3 7.5 2.5 2 1 3 1 1
-4355.4 -4924.9 -5.4 10 0 8.1 14.8 2.5 2.5 2 1 1 4 4
-4299.3 -4888.7 -4.7 321 0 7.8 16.5 7.5 2.5 4 1 3 3 3
-4332.9 -4807.6 -3.2 186 0 9.2 18.2 7.5 2.5 2 1 3 5 5
-4292.9 -4812.6 -3.3 287 0 14.4 8.2 10.0 2.5 2 0 4 3 3
-4223.8 -4812.1 -3.7 289 0 10.9 8.5 7.5 2.5 2 0 3 5 5
-4261.1 -5059.0 -4.5 104 0 13.6 9.0 2.5 2.5 2 0 1 0 0
-4207.9 -5052.7 -3.5 9 0 11.4 12.4 2.5 2.5 2 1 1 4 4
-4197.1 -5031.1 -3.8 18 0 11.0 15.6 5.0 2.5 2 1 2 4 4
-4182.8 -4963.8 -3.9 16 0 14.6 11.1 5.0 2.5 2 0 2 1 1
-4145.2 -4880.0 -3.8 16 0 9.9 8.1 7.5 2.5 2 0 3 4 4
-4153.0 -4831.8 -3.8 282 0 12.1 7.7 2.5 2.5 2 0 1 3 3
-4086.5 -4611.1 -2.6 24 0 6.5 6.3 5.0 2.5 2 0 2 5 5
-4252.7 -4663.9 -1.9 202 0 6.7 8.2 5.0 2.5 2 1 2 3 3
-4079.4 -4699.0 -3.2 17 0 11.8 8.3 7.5 2.5 2 0 3 2 2
-4082.4 -4721.0 -3.3 24 0 7.5 10.0 7.5 2.5 2 1 3 2 2
-4116.3 -4762.1 -3.5 12 0 9.3 12.7 10.0 2.5 2 1 4 5 5
-4162.2 -4746.4 -3.2 200 0 8.4 10.7 5.0 2.5 2 1 2 3 3
-4196.7 -4760.2 -3.1 13 0 8.9 12.9 7.5 2.5 2 1 3 1 1
-4232.4 -4712.5 -2.5 197 0 7.7 10.1 5.0 2.5 2 1 2 0 0
-4412.5 -4597.4 -5.4 196 0 8.5 11.2 7.5 2.5 2 1 3 2 2
-4423.3 -4635.7 -5.2 194 0 9.3 10.9 7.5 2.5 4 1 3 2 2
-4304.3 -4417.2 -4.8 8 0 9.7 14.8 7.5 2.5 4 1 3 5 5
-4339.8 -4545.1 -4.6 106 0 9.5 8.3 2.5 2.5 2 0 1 0 0
-4314.7 -4583.6 -4.5 287 0 13.9 11.4 2.5 2.5 2 0 1 2 2
-4292.0 -4585.2 -4.4 281 0 13.5 8.8 7.5 2.5 2 0 3 4 4
-4263.5 -4631.6 -3.0 186 0 9.0 13.5 5.0 2.5 2 1 2 1 1
-4245.2 -4583.7 -4.4 281 0 13.2 8.8 2.5 2.5 2 0 1 5 5
-4228.0 -4583.1 -4.3 275 0 11.5 7.3 10.0 2.5 2 0 4 5 5
-4178.1 -4631.3 -2.5 109 0 11.8 9.1 7.5 2.5 2 0 3 5 5
-4131.9 -4583.7 -3.2 274 0 7.8 6.9 5.0 2.5 2 0 2 1 1
-4114.7 -4575.8 -3.2 185 0 11.3 13.4 7.5 0.0 0 1 3 5 5
-4050.3 -4610.5 -2.9 11 0 9.7 14.5 7.5 2.5 2 1 3 0 0
-4038.4 -4574.5 -3.1 289 0 11.9 14.2 7.5 2.5 2 1 3 0 0
-4261.0 -4565.3 -4.7 99 0 7.5 16.4 2.5 2.5 2 1 1 3 3
-4160.2 -4589.6 -3.4 186 0 9.7 11.8 7.5 2.5 2 1 3 0 0
-4203.6 -4558.4 -4.3 98 0 10.9 9.6 2.5 2.5 2 0 1 1 1
-4146.6 -4393.5 -4.5 273 0 7.1 6.8 7.5 2.5 2 0 3 0 0
-4133.5 -4396.6 -4.6 275 0 6.8 14.7 7.5 2.5 2 1 3 5 5
-4136.3 -4502.4 -3.7 189 0 10.4 11.5 10.0 2.5 2 1 4 1 1
-4033.3 -4556.2 -3.5 93 0 14.7 9.3 10.0 2.5 2 0 4 3 3
-5923.1 -4156.7 -10.3 100 0 7.9 10.1 5.0 2.5 2 1 2 3 3
-5895.9 -4158.3 -10.2 93 0 27.5 7.9 7.5 2.5 2 0 3 1 1
-5713.3 -4149.6 -10.3 270 0 13.0 9.2 2.5 2.5 2 0 1 3 3
-4853.1 -4300.2 -6.7 204 0 6.4 7.2 7.5 2.5 2 1 3 0 0
-4825.4 -4305.7 -7.6 277 0 25.0 6.1 7.5 0.0 0 0 3 2 2
-4800.3 -4330.3 -7.1 100 0 15.2 10.8 7.5 2.5 2 0 3 1 1
-4781.3 -4337.2 -6.8 101 0 7.3 9.4 7.5 2.5 2 1 3 4 4
-4768.6 -4335.0 -7.2 97 0 7.9 12.6 5.0 2.5 2 1 2 4 4
-4749.5 -4337.6 -7.1 99 0 13.7 10.4 7.5 2.5 4 0 3 4 4
-4672.5 -4308.4 -8.5 279 0 24.4 28.2 12.5 0.0 0 1 5 2 2
-4650.6 -4344.8 -8.8 98 0 14.2 7.6 5.0 2.5 2 0 2 2 2
-4608.9 -4307.8 -9.5 275 0 11.0 6.9 5.0 2.5 2 0 2 5 5
-4512.5 -4358.8 -8.6 90 0 8.8 8.6 7.5 2.5 2 0 3 3 3
-4436.0 -4363.0 -7.5 93 0 11.4 8.4 7.5 2.5 2 0 3 5 5
-4385.7 -4365.1 -6.8 90 0 9.5 9.5 5.0 2.5 2 0 2 1 1
-4367.5 -4342.7 -7.4 270 0 7.1 6.2 7.5 2.5 2 0 3 4 4
-4340.7 -4368.5 -6.5 91 0 12.5 9.8 7.5 2.5 2 0 3 0 0
-4314.9 -4365.7 -6.4 88 0 8.4 6.6 7.5 2.5 4 0 3 1 1
-4309.6 -4320.3 -8.6 271 0 8.0 8.5 7.5 2.5 2 1 3 1 1
-4181.5 -4372.9 -6.4 92 0 7.5 8.6 5.0 2.5 2 1 2 2 2
-4138.7 -4313.0 -9.0 278 0 8.0 6.9 7.5 0.0 0 0 3 3 3
-4141.5 -4377.9 -5.8 92 0 11.1 7.9 5.0 2.5 2 0 2 3 3
-4115.4 -4353.9 -7.5 95 0 11.2 9.4 7.5 2.5 2 0 3 4 4
-4115.6 -4377.8 -6.1 92 0 8.2 8.6 5.0 2.5 2 1 2 4 4
-4074.0 -4378.9 -6.6 90 0 13.5 9.1 7.5 2.5 2 0 3 1 1
-4091.1 -4337.1 -8.1 281 0 11.2 8.1 10.0 2.5 2 0 4 3 3
-4022.6 -4382.3 -6.8 91 0 9.1 7.9 5.0 2.5 2 0 2 1 1
-3991.5 -4384.2 -7.1 91 0 9.7 9.0 10.0 2.5 2 0 4 0 0
-3975.5 -4347.0 -8.6 272 0 10.3 9.6 7.5 0.0 0 0 3 2 2
-3956.6 -4367.3 -7.9 94 0 8.8 6.1 5.0 2.5 2 0 2 3 3
-3958.8 -4385.8 -7.1 91 0 10.4 9.1 7.5 2.5 2 0 3 1 1
-3943.2 -4346.3 -8.5 274 0 12.6 10.0 7.5 2.5 2 0 3 5 5
-3889.7 -4382.2 -6.6 90 0 9.4 11.0 7.5 2.5 2 1 3 2 2
-3849.2 -4345.6 -6.9 33 0 8.4 9.4 2.5 2.5 2 1 1 4 4
-5264.9 -5452.5 -9.4 184 0 6.4 10.1 7.5 2.5 4 1 3 5 5
-5119.6 -5126.2 -6.4 189 0 9.6 14.6 5.0 2.5 2 1 2 0 0
-5079.7 -5170.8 -6.3 100 0 9.1 7.5 7.5 2.5 2 0 3 1 1
-5047.1 -5249.1 -5.5 103 0 12.3 9.1 5.0 2.5 2 0 2 3 3
-5065.6 -5334.3 -6.5 11 0 8.8 12.2 5.0 2.5 2 1 2 0 0
-4965.9 -5385.1 -6.1 104 0 12.1 8.2 5.0 2.5 2 0 2 5 5
-4975.5 -5125.5 -5.4 286 0 13.5 9.2 7.5 2.5 2 0 3 0 0
-4940.1 -5179.1 -4.1 286 0 10.6 10.3 7.5 2.5 2 0 3 1 1
-4913.7 -5187.3 -3.5 275 0 11.3 10.1 10.0 2.5 2 0 4 0 0
-4848.7 -5198.9 -3.2 13 0 12.0 11.2 7.5 0.0 0 0 3 3 3
-4880.0 -5256.7 -3.2 17 0 10.8 14.5 5.0 2.5 2 1 2 1 1
-4934.5 -5234.3 -3.4 191 0 9.3 8.5 5.0 2.5 2 0 2 2 2
-4907.2 -5325.9 -4.0 111 0 12.0 10.0 5.0 2.5 2 0 2 0 0
-4854.9 -5297.4 -3.6 110 0 7.5 9.9 5.0 2.5 2 1 2 3 3
-4842.6 -5322.9 -4.0 198 0 7.9 12.2 5.0 2.5 2 1 2 5 5
-4857.4 -5358.0 -4.7 184 0 8.6 15.5 5.0 2.5 2 1 2 4 4
-4830.5 -5398.0 -5.7 13 0 9.3 11.3 5.0 0.0 0 1 2 3 3
-4786.1 -5408.9 -5.8 187 0 9.6 15.0 10.0 2.5 2 1 4 2 2
-4774.7 -5448.1 -6.5 285 0 10.9 6.8 7.5 2.5 2 0 3 2 2
-4775.1 -5484.8 -7.1 107 0 9.3 7.8 5.0 2.5 2 0 2 0 0
-4726.1 -5477.8 -7.8 102 0 10.6 8.0 2.5 2.5 2 0 1 4 4
-4734.2 -5395.5 -4.8 100 0 12.6 9.1 7.5 2.5 2 0 3 0 0
-4720.2 -5348.1 -4.8 284 0 11.3 8.1 5.0 2.5 2 0 2 2 2
-4695.9 -5231.4 -5.2 290 0 10.3 8.6 2.5 2.5 2 0 1 3 3
-4850.3 -5236.9 -3.5 197 0 11.4 12.6 7.5 2.5 2 1 3 1 1
-4835.1 -5196.1 -3.5 193 0 8.4 11.6 7.5 2.5 2 1 3 1 1
-5011.2 -4836.1 -6.2 199 0 11.7 11.5 7.5 0.0 0 0 3 3 3
-5021.5 -4867.7 -6.7 200 0 10.5 12.8 5.0 2.5 4 1 2 4 4
-5032.7 -4907.9 -6.2 198 0 11.0 14.3 2.5 2.5 2 1 1 3 3
-5051.2 -4952.8 -5.6 202 0 9.4 12.7 2.5 2.5 2 1 1 4 4
-5078.7 -5017.9 -5.1 198 0 11.6 9.0 2.5 2.5 2 0 1 2 2
-4862.5 -4979.2 -5.2 198 0 7.9 7.5 5.0 2.5 4 0 2 0 0
-4848.5 -5010.8 -4.8 15 0 8.7 11.3 2.5 2.5 2 1 1 3 3
-4861.3 -5034.9 -4.6 90 0 8.3 6.8 10.0 2.5 2 0 4 2 2
-4993.2 -5054.0 -6.6 196 0 16.6 26.4 10.0 2.5 2 1 4 2 2
-4931.1 -5146.0 -4.5 111 0 9.3 11.8 7.5 2.5 2 1 3 0 0
-4897.4 -5147.0 -3.8 108 0 9.5 12.1 5.0 2.5 2 1 2 0 0
-4837.2 -5139.4 -3.7 22 0 10.2 12.1 7.5 2.5 2 1 3 5 5
-4854.0 -5172.7 -3.4 103 0 8.0 11.9 7.5 0.0 0 1 3 3 3
-4657.0 -5221.4 -5.2 103 0 10.2 8.7 5.0 2.5 2 0 2 5 5
-4698.6 -5205.4 -4.8 108 0 9.6 11.2 10.0 2.5 4 1 4 3 3
-4797.5 -5179.2 -4.0 92 0 12.3 8.6 5.0 2.5 4 0 2 1 1
-4805.8 -5089.4 -4.4 198 0 9.1 12.4 7.5 2.5 2 1 3 2 2
-4816.9 -5001.1 -5.0 108 0 14.1 9.4 7.5 2.5 2 0 3 1 1
-4734.6 -5013.6 -5.3 14 0 10.8 11.0 2.5 2.5 4 1 1 3 3
-4705.6 -5027.7 -5.3 284 0 11.9 8.8 10.0 2.5 2 0 4 1 1
-4681.2 -5044.3 -5.6 288 0 12.6 11.7 2.5 2.5 2 0 1 4 4
-4693.3 -4823.2 -5.8 15 0 6.8 13.8 7.5 2.5 2 1 3 2 2
-4668.0 -4774.3 -4.8 20 0 9.1 8.7 5.0 2.5 2 0 2 4 4
-4922.2 -4626.2 -2.2 292 0 7.8 15.4 7.5 2.5 2 1 3 4 4
-4947.5 -4660.2 -2.3 205 0 12.7 8.3 2.5 2.5 2 0 1 3 3
-4955.9 -4694.7 -3.3 202 0 13.5 13.5 7.5 2.5 2 1 3 4 4
-4934.0 -4787.7 -5.5 283 0 12.2 10.6 5.0 0.0 0 0 2 3 3
-4835.1 -4943.5 -5.8 109 0 13.7 10.3 5.0 2.5 2 0 2 0 0
-4779.9 -4956.9 -5.4 108 0 11.0 9.2 5.0 2.5 2 0 2 5 5
-4534.2 -4858.4 -5.8 15 0 8.8 11.3 2.5 2.5 2 1 1 0 0
-4611.1 -4854.6 -6.0 109 0 11.3 8.0 7.5 2.5 2 0 3 5 5
-4632.0 -4824.1 -5.9 288 0 12.2 8.3 7.5 2.5 2 0 3 1 1
-4635.8 -4796.0 -5.4 115 0 7.4 14.8 5.0 2.5 2 1 2 0 0
-4614.6 -4717.6 -4.9 209 0 12.7 7.5 7.5 2.5 2 0 3 1 1
-4559.5 -4751.4 -4.9 291 0 12.4 9.6 7.5 2.5 2 0 3 0 0
-4476.2 -4720.4 -5.1 21 0 10.0 11.3 7.5 2.5 2 1 3 0 0
-4539.7 -4665.8 -5.9 203 0 8.6 15.0 5.0 2.5 2 1 2 0 0
-4516.6 -4607.5 -6.5 304 0 8.4 10.9 7.5 2.5 4 1 3 4 4
-4667.8 -4729.3 -4.6 111 0 8.1 12.7 2.5 2.5 2 1 1 2 2
-4674.0 -4681.3 -4.9 203 0 6.6 8.0 7.5 2.5 2 1 3 1 1
-4599.8 -4664.4 -5.6 189 0 9.6 11.6 7.5 2.5 2 1 3 0 0
-4687.6 -4542.3 -6.2 285 0 12.5 9.3 7.5 2.5 2 0 3 4 4
-4827.0 -4506.6 -3.3 289 0 7.7 14.3 5.0 2.5 4 1 2 0 0
-4927.6 -4600.1 -2.2 112 0 8.8 24.8 7.5 2.5 4 1 3 2 2
-4911.5 -4569.9 -2.5 199 0 9.1 14.9 7.5 2.5 2 1 3 1 1
-4895.0 -4588.0 -2.5 108 0 7.9 32.2 7.5 2.5 2 1 3 4 4
-4879.9 -4583.5 -2.6 113 0 8.9 32.5 10.0 2.5 2 1 4 5 5
-4903.6 -4528.0 -3.2 201 0 9.8 37.6 7.5 2.5 2 1 3 5 5
-4862.4 -4505.8 -2.6 288 0 7.8 12.0 5.0 2.5 2 1 2 3 3
-4888.1 -4480.0 -3.4 109 0 8.5 14.6 5.0 2.5 2 1 2 3 3
-4796.4 -4496.4 -4.3 101 0 12.4 9.9 7.5 2.5 2 0 3 3 3
-4773.4 -4374.5 -4.1 281 0 11.9 13.8 7.5 0.0 0 1 3 0 0
-4701.9 -4368.0 -6.8 279 0 9.5 8.0 7.5 2.5 2 0 3 1 1
-4673.2 -4398.7 -8.1 3 0 19.1 13.0 7.5 2.5 2 0 3 5 5
-4413.3 -4554.2 -5.9 18 0 9.8 11.6 10.0 2.5 2 1 4 5 5
-4460.1 -4553.0 -6.3 196 0 8.0 8.9 2.5 2.5 2 1 1 2 2
-4483.4 -4594.4 -6.2 102 0 11.1 6.7 7.5 2.5 2 0 3 3 3
-4575.3 -4551.5 -7.0 113 0 13.0 8.6 7.5 2.5 2 0 3 1 1
-4625.6 -4521.3 -7.0 198 0 13.2 15.9 7.5 2.5 2 1 3 1 1
-4525.9 -4401.1 -8.4 285 0 13.8 7.4 10.0 2.5 2 0 4 1 1
-4467.3 -4398.6 -7.7 275 0 11.5 9.5 7.5 2.5 2 0 3 2 2
-4445.2 -4453.3 -7.0 188 0 8.8 13.0 7.5 2.5 4 1 3 5 5
-4392.5 -4450.2 -5.2 22 0 7.6 8.3 10.0 2.5 2 1 4 2 2
-5533.2 -5406.0 -4.7 190 0 10.8 7.3 10.0 0.0 0 0 4 5 5
-5530.0 -5388.2 -2.8 198 0 7.7 7.5 7.5 0.0 0 0 3 4 4
-5509.4 -5319.9 -5.1 201 0 7.3 8.1 7.5 2.5 2 1 3 2 2
-5474.6 -5379.3 -5.8 17 0 8.0 10.4 7.5 2.5 2 1 3 5 5
-5396.9 -5109.6 -3.0 201 0 7.7 11.9 5.0 2.5 2 1 2 0 0
-5362.3 -5001.8 -3.3 197 0 8.5 11.0 5.0 2.5 4 1 2 0 0
-5276.9 -5049.2 -5.3 294 0 12.6 10.7 5.0 2.5 2 0 2 1 1
-5239.6 -5083.0 -5.7 280 0 11.4 7.6 2.5 0.0 0 0 1 4 4
-5216.6 -5109.7 -5.7 14 0 6.6 8.3 2.5 2.5 4 1 1 5 5
-5243.8 -4877.6 -7.5 20 0 13.5 17.4 5.0 0.0 0 1 2 4 4
-5273.2 -4901.0 -6.7 112 0 9.9 10.1 5.0 0.0 0 1 2 3 3
-5342.2 -4970.5 -4.2 113 0 10.8 7.4 7.5 2.5 2 0 3 5 5
-5329.1 -4899.3 -5.7 195 0 8.3 14.3 5.0 2.5 2 1 2 2 2
-5264.1 -4999.6 -5.7 203 0 7.4 16.5 7.5 2.5 2 1 3 5 5
-5248.2 -5039.1 -5.8 112 0 15.5 10.4 7.5 2.5 2 0 3 1 1
-5196.0 -5026.3 -5.7 25 0 12.3 9.1 5.0 2.5 2 0 2 1 1
-5124.5 -5084.7 -5.4 18 0 14.0 9.5 7.5 2.5 2 0 3 2 2
-5113.0 -4885.2 -6.7 107 0 11.9 15.5 7.5 2.5 2 1 3 5 5
-5041.2 -4838.9 -6.0 11 0 8.9 12.4 2.5 2.5 2 1 1 0 0
-5155.4 -4660.4 -5.7 293 0 13.0 11.1 10.0 2.5 2 0 4 1 1
-5077.1 -4720.7 -4.2 14 0 8.7 10.6 10.0 2.5 2 1 4 1 1
-5001.6 -4733.2 -3.8 17 0 10.4 12.9 5.0 2.5 2 1 2 2 2
-4927.8 -4559.0 -3.1 14 0 8.4 9.7 7.5 2.5 4 1 3 3 3
-5025.8 -4689.7 -3.2 112 0 11.5 19.6 7.5 2.5 2 1 3 1 1
-5094.4 -4663.6 -4.7 109 0 11.0 9.0 7.5 2.5 2 0 3 0 0
-5122.8 -4643.7 -5.5 110 0 9.3 15.3 10.0 2.5 2 1 4 5 5
-5163.5 -4556.3 -5.7 188 0 16.0 23.5 7.5 2.5 2 1 3 3 3
-5073.9 -4556.5 -5.3 105 0 15.1 10.1 10.0 2.5 2 0 4 3 3
-4991.1 -4580.7 -3.1 102 0 13.6 11.2 2.5 2.5 2 0 1 2 2
-5104.3 -4407.2 -4.0 295 0 16.3 7.3 7.5 0.0 0 0 3 0 0
-5084.0 -4411.9 -3.8 200 0 8.4 8.6 10.0 2.5 2 1 4 1 1
-4898.7 -4417.9 -4.7 13 0 11.6 15.3 5.0 2.5 2 1 2 2 2
-6142.1 -4893.3 -3.8 285 0 10.1 7.8 7.5 2.5 2 0 3 0 0
-6145.2 -4940.6 -6.3 289 0 9.5 13.1 2.5 2.5 2 1 1 1 1
-6175.3 -4923.0 -6.0 195 0 6.3 6.6 7.5 2.5 2 1 3 5 5
-6219.3 -4914.0 -6.5 196 0 7.7 11.4 7.5 2.5 2 1 3 0 0
-6076.3 -4828.3 -5.6 97 0 12.2 7.0 2.5 2.5 2 0 1 4 4
-6048.3 -4818.2 -6.0 277 0 10.7 8.6 2.5 2.5 2 0 1 2 2
-6001.3 -4883.9 -5.6 9 0 9.0 14.6 5.0 2.5 2 1 2 3 3
-5983.2 -4846.8 -4.7 12 0 10.6 11.4 7.5 2.5 2 1 3 4 4
-6396.0 -4717.1 -9.8 16 0 8.3 10.4 7.5 2.5 2 1 3 0 0
-6319.1 -4696.7 -7.4 119 0 8.4 6.4 10.0 2.5 2 0 4 3 3
-6465.1 -4718.4 -11.3 117 0 7.2 6.8 7.5 2.5 2 0 3 1 1
-6410.6 -4647.7 -9.5 22 0 6.3 6.8 7.5 2.5 2 1 3 3 3
-6399.1 -4630.4 -9.0 17 0 7.3 7.3 7.5 0.0 0 1 3 0 0
-6270.1 -4655.5 -6.2 21 0 7.7 8.1 2.5 2.5 2 1 1 0 0
-6286.0 -4676.8 -6.9 17 0 10.2 9.2 7.5 2.5 2 0 3 0 0
-6305.0 -4667.5 -7.2 16 0 7.8 10.7 5.0 0.0 0 1 2 4 4
-6296.7 -4646.0 -6.3 18 0 6.3 10.5 7.5 2.5 2 1 3 5 5
-6296.8 -4607.7 -5.2 291 0 6.9 9.7 2.5 2.5 2 1 1 2 2
-6224.5 -4454.3 -4.6 23 0 8.9 9.3 5.0 2.5 2 1 2 1 1
-6162.2 -4312.7 -3.8 196 0 14.8 17.4 10.0 2.5 2 1 4 4 4
-5952.7 -4179.5 -8.2 274 0 14.7 7.8 7.5 2.5 2 0 3 4 4
-6499.2 -4571.6 -7.7 199 0 8.5 9.5 5.0 2.5 2 1 2 1 1
-6432.1 -4488.1 -9.0 289 0 9.1 10.1 2.5 2.5 2 1 1 1 1
-6319.1 -4238.8 -3.7 191 0 16.1 21.1 10.0 2.5 2 1 4 0 0
-6289.1 -4258.8 -3.2 106 0 6.5 7.5 7.5 2.5 4 1 3 0 0
-5907.7 -4366.9 -3.7 104 0 10.2 12.7 7.5 2.5 2 1 3 2 2
-5909.7 -4501.9 -4.6 24 0 6.2 12.2 2.5 2.5 2 1 1 5 5
-5971.9 -4550.3 -4.1 198 0 9.3 14.7 7.5 2.5 2 1 3 2 2
-5543.3 -4280.7 -5.4 99 0 12.2 8.5 2.5 2.5 2 0 1 3 3
-5358.5 -4345.4 -2.9 103 0 7.0 6.2 5.0 2.5 2 0 2 3 3
-5327.4 -4343.8 -2.9 281 0 14.6 8.7 7.5 2.5 2 0 3 5 5
-5301.3 -4360.8 -3.0 13 0 8.0 14.2 2.5 2.5 2 1 1 2 2
-5394.9 -4351.7 -3.4 5 0 6.4 10.9 5.0 2.5 2 1 2 4 4
-5424.8 -4383.6 -4.6 191 0 8.5 12.6 2.5 2.5 2 1 1 2 2
-5392.4 -4422.1 -3.1 105 0 11.3 6.5 7.5 0.0 0 0 3 5 5
-5401.8 -4545.3 -3.0 101 0 11.2 8.4 7.5 2.5 2 0 3 3 3
-5229.3 -4599.7 -5.7 117 0 11.1 15.5 10.0 2.5 2 1 4 2 2
-5226.2 -4507.5 -5.4 92 0 14.8 10.0 5.0 2.5 2 0 2 2 2
-5088.0 -4299.0 -3.2 289 0 8.2 43.0 10.0 2.5 2 1 4 3 3
-5184.6 -4279.6 -4.1 288 0 8.0 14.0 2.5 2.5 2 1 1 0 0
-5237.2 -4255.5 -6.1 287 0 13.9 10.8 7.5 2.5 2 0 3 2 2
-5274.7 -4247.2 -5.6 292 0 8.5 11.3 7.5 2.5 2 1 3 2 2
-5304.5 -4249.9 -6.3 288 0 6.5 14.7 7.5 0.0 0 1 3 5 5
-5370.2 -4301.5 -3.4 287 0 12.4 8.9 7.5 2.5 2 0 3 2 2
-5404.1 -4290.5 -4.2 193 0 8.3 15.6 7.5 2.5 4 1 3 4 4
-5454.5 -4190.0 -9.2 285 0 6.2 11.6 7.5 2.5 2 1 3 5 5
-5557.8 -4222.6 -7.0 285 0 22.0 14.9 10.0 0.0 0 0 4 4 4
-5523.7 -4183.7 -9.0 280 0 12.1 22.4 7.5 0.0 0 1 3 3 3
-5497.2 -4182.0 -9.3 282 0 10.7 15.3 2.5 2.5 2 1 1 0 0
-5500.2 -4225.2 -7.9 14 0 11.3 7.3 7.5 2.5 2 0 3 2 2
-5530.8 -4216.4 -7.6 286 0 7.5 11.3 10.0 2.5 2 1 4 5 5
-5576.4 -4504.7 -5.7 112 0 14.0 14.2 5.0 2.5 4 1 2 4 4
-5705.9 -4438.2 -4.9 103 0 11.4 8.0 10.0 2.5 2 0 4 5 5
-5934.5 -4787.7 -2.5 199 0 13.2 7.4 7.5 2.5 2 0 3 5 5
-5957.7 -4672.5 -2.7 116 0 7.5 16.0 5.0 2.5 2 1 2 0 0
-5906.9 -4658.0 -3.2 293 0 10.8 13.9 2.5 2.5 2 1 1 1 1
-5887.6 -4703.2 -3.2 104 0 11.4 12.8 7.5 2.5 2 1 3 3 3
-5836.3 -4657.8 -4.0 208 0 7.9 10.5 7.5 2.5 2 1 3 1 1
-5245.9 -4693.7 -6.8 20 0 11.1 15.9 5.0 2.5 2 1 2 5 5
-5514.2 -4597.4 -6.9 21 0 7.8 10.4 7.5 2.5 2 1 3 1 1
-5511.0 -4620.5 -7.0 199 0 8.1 14.0 7.5 2.5 2 1 3 2 2
-5488.3 -4636.3 -7.2 105 0 9.1 11.1 2.5 2.5 2 1 1 3 3
-5520.5 -4725.5 -6.4 188 0 12.3 12.7 10.0 2.5 2 1 4 0 0
-5521.2 -4773.9 -5.8 109 0 10.8 12.9 5.0 2.5 2 1 2 1 1
-5342.0 -4855.9 -6.2 20 0 13.8 10.0 7.5 2.5 2 0 3 4 4
-5397.8 -4912.5 -4.0 107 0 11.6 10.6 7.5 2.5 2 0 3 5 5
-5351.6 -4906.1 -5.0 8 0 9.9 11.1 7.5 0.0 0 1 3 5 5
-5826.1 -5077.9 -4.9 14 0 8.5 10.8 5.0 2.5 2 1 2 3 3
-6128.9 -4709.8 -5.7 31 0 9.0 9.4 7.5 2.5 2 1 3 2 2
-5991.5 -4646.5 -2.4 353 0 11.9 9.0 7.5 2.5 2 0 3 1 1
-6024.2 -4546.7 -3.2 287 0 6.7 11.4 7.5 2.5 2 1 3 5 5
-6232.0 -4637.5 -5.2 202 0 9.5 10.5 7.5 0.0 0 1 3 0 0
-5786.9 -4768.3 -5.6 19 0 8.7 13.4 5.0 2.5 2 1 2 1 1
-5824.5 -4770.3 -4.5 20 0 11.2 7.1 2.5 2.5 2 0 1 3 3
-5859.4 -4843.7 -4.0 99 0 7.0 20.0 7.5 0.0 0 1 3 5 5
-5985.2 -4998.6 -6.4 190 0 9.6 13.3 10.0 2.5 2 1 4 0 0
-6008.7 -5096.1 -9.2 191 0 8.9 13.0 7.5 2.5 2 1 3 2 2
-5963.7 -5128.4 -8.9 113 0 9.0 13.7 5.0 2.5 2 1 2 5 5
-5914.3 -5102.7 -6.4 291 0 13.7 10.1 10.0 2.5 2 0 4 5 5
-5906.3 -5188.4 -6.0 113 0 8.8 7.1 5.0 2.5 4 0 2 4 4
-5697.1 -4955.6 -5.9 291 0 12.0 6.5 5.0 2.5 2 0 2 3 3
-5674.6 -4962.6 -5.6 198 0 9.1 17.1 2.5 0.0 0 1 1 4 4
-5491.4 -5021.1 -3.9 292 0 7.1 13.5 5.0 2.5 2 1 2 1 1
-5454.4 -5067.4 -3.1 312 0 6.4 11.4 2.5 2.5 2 1 1 2 2
-5491.5 -5094.7 -2.9 108 0 10.6 7.9 10.0 2.5 2 0 4 5 5
-5621.5 -5096.7 -4.2 108 0 8.4 15.2 5.0 2.5 2 1 2 2 2
-5767.8 -5128.8 -5.8 292 0 6.4 13.4 7.5 2.5 2 1 3 2 2
-5837.0 -5217.2 -6.2 292 0 9.0 6.8 7.5 2.5 4 0 3 3 3
-5788.4 -5253.8 -6.2 112 0 11.4 9.9 7.5 2.5 2 0 3 4 4
-5749.0 -5233.5 -5.6 286 0 13.5 9.8 7.5 2.5 2 0 3 3 3
-5695.0 -5209.3 -4.6 288 0 11.2 8.3 7.5 2.5 4 0 3 2 2
-5691.8 -5308.9 -6.3 198 0 7.4 11.1 2.5 2.5 2 1 1 2 2
-5559.3 -5399.9 -4.3 21 0 9.8 11.0 2.5 2.5 2 1 1 1 1
-5575.8 -5339.9 -5.5 200 0 7.6 7.4 7.5 0.0 0 0 3 0 0
-2666.6 941.7 -1.5 105 0 11.4 8.9 10.0 2.5 2 0 4 4 4
-2661.7 993.5 -2.9 286 0 15.5 7.4 7.5 2.5 2 0 3 4 4
-2612.1 899.6 -1.4 294 0 10.3 13.2 10.0 2.5 2 1 4 5 5
-2608.9 938.6 -1.6 104 0 9.8 17.6 7.5 2.5 2 1 3 2 2
-2705.2 901.8 -2.0 26 0 8.8 13.1 10.0 2.5 2 1 4 4 4
-2721.0 854.3 -2.6 202 0 15.8 17.0 10.0 2.5 2 1 4 0 0
-2640.2 828.7 -2.2 209 0 8.4 13.6 7.5 0.0 0 1 3 3 3
-2670.8 864.1 -2.6 292 0 8.6 12.5 2.5 2.5 4 1 1 3 3
-2663.0 802.8 -1.6 208 0 8.9 12.3 7.5 2.5 2 1 3 4 4
