3564.4 5042.7 -6.3 36 0 9.8 35.9 10.0 2.5 2 0 4 2 2
3527.5 5016.4 -5.5 124 0 8.0 31.4 10.0 2.5 2 0 4 2 2
612.3 -4456.8 -4.5 299 0 48.1 86.6 12.5 0.0 0 1 5 3 3
5884.6 -6555.0 -7.4 189 0 57.2 33.6 10.0 0.0 0 0 4 4 4
-6071.1 -5477.8 -5.3 225 0 9.1 6.4 7.5 2.5 2 0 3 1 1
-6017.6 -5440.0 -5.7 224 0 10.6 10.0 5.0 2.5 2 0 2 5 5
-6039.8 -5449.7 -5.7 221 0 8.5 12.1 7.5 2.5 2 1 3 5 5
-6084.1 -5440.2 -7.3 44 0 14.6 7.3 10.0 2.5 2 0 4 2 2
-6181.5 -5431.3 -8.5 229 0 8.5 14.8 2.5 0.0 0 1 1 4 4
-6207.4 -5544.6 -5.3 144 0 7.6 7.5 7.5 2.5 2 0 3 4 4
-6183.2 -5659.8 -6.0 47 0 15.0 9.1 5.0 2.5 4 0 2 0 0
-6080.6 -5496.4 -5.8 214 0 7.4 12.6 7.5 2.5 2 1 3 5 5
-6021.3 -5511.6 -6.8 42 0 7.5 12.7 7.5 0.0 0 1 3 1 1
-6140.4 -5546.6 -5.2 226 0 8.5 8.9 7.5 2.5 2 1 3 2 2
-6107.0 -5623.8 -6.6 131 0 13.8 8.9 7.5 2.5 2 0 3 0 0
-6062.4 -5649.2 -7.7 48 0 16.0 7.9 7.5 2.5 2 0 3 1 1
4859.8 -6796.8 -3.1 212 0 7.3 12.1 7.5 2.5 2 1 3 2 2
4774.4 -6793.8 -2.2 217 0 9.3 13.0 5.0 2.5 2 1 2 0 0
2438.9 -5846.8 -2.3 122 0 11.7 10.2 7.5 2.5 4 0 3 1 1
2481.2 -5886.8 -1.0 123 0 9.8 12.6 5.0 2.5 2 1 2 2 2
2766.9 -5294.9 -0.7 219 0 8.1 14.4 10.0 2.5 4 1 4 5 5
3002.2 -5395.6 0.6 225 0 8.5 21.0 7.5 2.5 2 1 3 1 1
3092.5 -5337.4 0.9 126 0 11.1 7.7 7.5 2.5 2 0 3 4 4
2997.3 -5277.0 1.1 223 0 14.8 24.7 10.0 2.5 2 1 4 3 3
3048.4 -5262.4 0.1 47 0 7.5 19.4 7.5 2.5 4 1 3 3 3
3071.6 -5314.4 1.3 123 0 10.7 7.4 10.0 2.5 2 0 4 4 4
3117.6 -5303.2 0.9 32 0 10.8 21.1 5.0 2.5 2 1 2 1 1
3092.9 -5241.4 -0.3 36 0 9.3 6.8 5.0 2.5 2 0 2 4 4
3089.5 -5200.4 -0.7 307 0 29.2 9.0 10.0 0.0 0 0 4 3 3
3000.7 -5203.9 0.3 232 0 6.0 10.7 7.5 2.5 2 1 3 3 3
2996.6 -5222.3 0.3 137 0 19.6 9.7 7.5 2.5 2 0 3 1 1
3665.4 -3714.1 0.7 304 0 9.5 10.6 7.5 2.5 4 1 3 3 3
6129.8 -6858.6 -6.6 23 0 9.0 9.9 7.5 2.5 2 1 3 5 5
6738.6 -6739.4 -6.4 211 0 9.2 10.6 5.0 0.0 0 1 2 4 4
5348.2 5843.6 -4.0 312 0 16.7 14.7 10.0 2.5 2 0 4 5 5
5285.6 5837.0 -5.5 214 0 13.9 7.2 5.0 2.5 2 0 2 5 5
5288.4 5790.8 -6.2 217 0 8.9 25.2 5.0 2.5 2 1 2 1 1
4447.5 5101.8 -6.4 220 0 7.5 9.8 5.0 2.5 2 1 2 4 4
4240.0 4933.6 -3.7 304 0 8.3 13.6 5.0 2.5 2 1 2 1 1
4316.2 4991.3 -4.1 303 0 12.4 7.7 7.5 2.5 2 0 3 3 3
4367.0 4967.1 -5.3 36 0 9.2 12.2 7.5 2.5 2 1 3 2 2
4331.1 4909.7 -4.5 217 0 9.7 9.6 10.0 2.5 2 0 4 1 1
4307.2 4888.7 -3.9 128 0 10.8 9.4 7.5 2.5 2 0 3 1 1
4514.3 4736.2 -6.9 219 0 7.0 13.8 2.5 2.5 2 1 1 2 2
4442.0 4793.8 -4.7 305 0 10.6 11.8 7.5 2.5 2 1 3 3 3
4481.7 4749.7 -5.7 44 0 13.7 11.1 10.0 2.5 2 0 4 4 4
4328.1 4656.9 -6.3 228 0 11.3 17.8 5.0 2.5 2 1 2 0 0
4389.1 4644.3 -5.7 42 0 13.8 9.8 7.5 2.5 2 0 3 2 2
4426.5 4590.3 -6.9 303 0 18.0 9.1 10.0 2.5 2 0 4 0 0
4403.4 4548.3 -6.1 130 0 11.3 8.2 7.5 2.5 2 0 3 3 3
4324.4 4482.5 -3.3 123 0 11.4 8.7 7.5 0.0 0 0 3 1 1
4291.2 4530.5 -2.2 215 0 8.2 6.8 7.5 2.5 2 0 3 1 1
4189.8 4402.6 -5.7 35 0 11.4 8.5 5.0 2.5 4 0 2 3 3
4033.6 4526.9 -3.0 123 0 10.2 9.7 7.5 2.5 2 0 3 4 4
3703.1 4975.2 -4.7 108 0 7.0 7.9 2.5 2.5 2 1 1 4 4
3730.6 4987.3 -4.9 42 0 7.7 14.6 7.5 2.5 2 1 3 5 5
3656.3 4885.9 -4.5 310 0 10.8 8.3 10.0 2.5 2 0 4 3 3
3379.7 5314.7 -5.0 37 0 7.7 9.6 5.0 2.5 2 1 2 3 3
3376.0 5155.4 -3.0 137 0 6.0 7.9 7.5 2.5 2 1 3 5 5
3463.0 5099.7 -4.3 32 0 6.4 8.3 7.5 2.5 2 1 3 3 3
3505.0 5157.5 -6.2 43 0 7.6 7.4 10.0 2.5 2 0 4 3 3
3427.1 5111.8 -3.6 125 0 7.5 6.7 5.0 2.5 2 0 2 5 5
3478.0 5138.6 -5.2 306 0 7.0 6.5 7.5 2.5 2 0 3 3 3
3334.9 5516.5 -6.5 312 0 9.8 9.8 5.0 2.5 2 1 2 3 3
3418.5 5560.2 -6.8 31 0 6.7 6.2 5.0 2.5 2 0 2 1 1
3204.0 5402.3 -5.8 221 0 7.8 6.9 7.5 2.5 2 0 3 0 0
3042.2 5465.5 -3.9 308 0 13.6 8.8 5.0 2.5 2 0 2 4 4
3158.8 5400.7 -5.0 320 0 6.4 6.5 10.0 2.5 2 1 4 0 0
3169.3 5406.1 -5.4 131 0 10.0 10.3 5.0 2.5 2 1 2 1 1
3257.3 5526.4 -6.9 309 0 6.8 8.8 5.0 2.5 2 1 2 2 2
3239.7 5475.2 -6.6 39 0 10.9 7.6 7.5 2.5 2 0 3 0 0
3221.7 5489.5 -6.9 33 0 8.6 7.8 5.0 2.5 2 0 2 2 2
3227.7 5465.0 -6.7 36 0 7.2 12.8 7.5 2.5 2 1 3 1 1
3233.9 5357.8 -4.9 136 0 8.1 10.2 7.5 2.5 2 1 3 4 4
3230.8 5375.3 -5.6 127 0 11.4 8.0 7.5 2.5 4 0 3 2 2
3230.2 5390.4 -6.0 133 0 8.0 8.5 5.0 2.5 2 1 2 1 1
3310.7 5423.6 -6.7 44 0 6.5 7.3 5.0 2.5 4 1 2 3 3
3302.7 5434.3 -6.5 315 0 8.3 11.5 7.5 0.0 0 1 3 4 4
3292.3 5363.9 -5.5 219 0 9.1 10.7 2.5 2.5 2 1 1 5 5
3312.4 5268.1 -3.7 316 0 6.2 7.2 7.5 2.5 2 1 3 3 3
3306.4 5206.1 -3.5 127 0 6.5 9.9 10.0 2.5 2 1 4 4 4
3248.9 5170.5 -3.9 316 0 8.6 6.1 7.5 2.5 2 0 3 4 4
3267.8 5215.7 -3.4 123 0 7.5 10.5 2.5 2.5 2 1 1 0 0
3092.5 5235.9 -2.8 45 0 6.5 7.5 5.0 2.5 2 1 2 4 4
2987.9 5182.2 -3.5 44 0 10.0 9.6 7.5 2.5 4 0 3 0 0
3051.8 5007.8 -4.8 213 0 6.8 7.8 7.5 2.5 2 1 3 2 2
3057.9 4954.2 -4.7 38 0 6.9 6.2 7.5 2.5 4 0 3 4 4
3081.8 5100.4 -4.6 310 0 11.1 8.2 5.0 2.5 2 0 2 2 2
3070.1 5223.5 -2.9 314 0 9.6 9.3 5.0 2.5 2 0 2 4 4
3078.3 5298.6 -2.9 306 0 14.2 8.7 5.0 2.5 4 0 2 0 0
3070.1 5322.0 -3.1 314 0 6.9 13.8 5.0 2.5 2 1 2 5 5
2868.5 5184.6 -5.7 216 0 10.0 8.3 2.5 2.5 4 0 1 3 3
2865.4 5119.3 -6.4 125 0 8.3 9.5 5.0 2.5 2 1 2 4 4
2890.3 5106.4 -5.6 128 0 7.5 9.1 7.5 2.5 2 1 3 1 1
2884.6 5085.7 -5.8 133 0 9.6 9.3 5.0 2.5 2 0 2 3 3
2915.1 5082.1 -4.8 132 0 9.1 10.1 10.0 2.5 2 1 4 0 0
2874.9 5048.3 -6.0 220 0 6.2 6.1 7.5 2.5 4 0 3 5 5
2891.4 5038.3 -5.8 44 0 8.0 10.9 7.5 2.5 2 1 3 5 5
2885.1 4940.7 -5.8 35 0 7.2 6.0 7.5 0.0 0 0 3 1 1
3676.8 6501.7 -4.8 45 0 10.2 17.9 5.0 0.0 0 1 2 2 2
3801.7 6592.5 -7.0 311 0 18.1 8.3 7.5 2.5 2 0 3 0 0
3823.8 6571.3 -6.4 311 0 34.2 7.8 10.0 2.5 2 0 4 3 3
3938.6 6360.3 -4.3 216 0 6.5 6.3 2.5 2.5 2 0 1 2 2
3849.7 6038.6 -6.9 225 0 7.1 7.7 7.5 2.5 2 1 3 2 2
3939.0 6074.9 -6.3 45 0 6.0 7.4 7.5 2.5 2 1 3 0 0
3817.6 6072.3 -6.9 43 0 6.0 6.4 7.5 2.5 2 1 3 3 3
3794.6 6217.1 -8.0 50 0 10.5 6.4 2.5 2.5 2 0 1 0 0
3841.5 6312.4 -6.9 214 0 8.6 7.9 7.5 2.5 2 0 3 1 1
3969.0 6245.5 -6.7 44 0 8.3 7.0 2.5 0.0 0 0 1 1 1
4019.4 6409.2 -3.4 300 0 10.0 7.8 10.0 2.5 2 0 4 5 5
4030.8 6376.7 -4.3 311 0 15.2 15.4 7.5 0.0 0 1 3 4 4
4067.6 6375.3 -4.1 304 0 9.0 6.9 7.5 2.5 2 0 3 5 5
4064.5 6290.5 -5.8 40 0 8.4 8.9 5.0 2.5 2 1 2 2 2
4087.8 6360.1 -4.4 311 0 8.0 6.6 7.5 2.5 2 0 3 5 5
4121.6 6358.5 -4.4 130 0 9.8 34.5 7.5 2.5 2 1 3 4 4
4138.4 6350.3 -4.4 131 0 7.9 19.3 7.5 2.5 2 1 3 5 5
4254.8 6298.0 -4.9 134 0 7.1 10.5 10.0 2.5 2 1 4 3 3
4197.3 6183.1 -6.7 124 0 6.8 8.4 10.0 2.5 2 1 4 1 1
4274.3 6117.7 -6.5 132 0 9.0 6.0 7.5 2.5 2 0 3 4 4
4294.8 6095.0 -6.5 129 0 8.7 6.3 5.0 0.0 0 0 2 1 1
4369.9 6144.1 -4.0 135 0 7.4 6.4 7.5 2.5 2 0 3 1 1
4680.9 5960.9 -7.0 311 0 8.6 7.7 5.0 2.5 2 0 2 1 1
4983.7 5570.0 -4.8 137 0 12.9 10.5 10.0 2.5 2 0 4 0 0
4886.4 5623.0 -6.7 302 0 9.1 7.2 7.5 2.5 2 0 3 4 4
5097.4 5577.6 -2.8 207 0 7.5 8.5 7.5 2.5 2 1 3 2 2
5037.7 5535.9 -2.7 37 0 7.8 7.3 5.0 2.5 2 0 2 4 4
6001.7 6828.6 -7.0 222 0 11.8 9.2 7.5 2.5 2 0 3 2 2
5651.8 6652.4 -8.5 32 0 11.8 6.4 2.5 2.5 2 0 1 4 4
5165.9 5976.0 -5.6 35 0 8.8 9.9 5.0 2.5 2 1 2 4 4
5299.1 5714.3 -5.7 219 0 13.6 14.2 7.5 2.5 2 1 3 1 1
5301.9 5690.9 -6.2 212 0 7.4 15.2 7.5 2.5 2 1 3 2 2
5344.5 5631.6 -7.1 29 0 6.8 17.4 7.5 2.5 2 1 3 5 5
5440.2 5726.5 -8.2 128 0 9.8 12.2 2.5 2.5 2 1 1 2 2
5364.0 5727.8 -6.3 26 0 11.6 7.2 10.0 2.5 2 0 4 2 2
5337.6 5662.7 -6.7 27 0 14.2 6.4 7.5 2.5 2 0 3 4 4
5329.1 5623.3 -7.0 126 0 7.0 6.3 7.5 2.5 2 0 3 2 2
5304.5 5659.2 -6.6 124 0 9.0 13.6 7.5 2.5 2 1 3 4 4
5315.8 5648.1 -6.8 117 0 7.1 10.1 2.5 0.0 0 1 1 5 5
5250.1 5765.4 -4.6 128 0 13.0 8.5 7.5 2.5 2 0 3 0 0
5296.5 5815.9 -5.8 218 0 9.3 10.5 2.5 2.5 2 1 1 1 1
5301.9 5877.9 -5.1 30 0 15.5 9.4 5.0 2.5 2 0 2 3 3
5309.2 5890.6 -5.6 31 0 8.2 30.8 12.5 2.5 2 1 5 0 0
5287.9 5922.4 -5.4 206 0 8.9 7.0 7.5 2.5 4 0 3 2 2
5323.7 5914.7 -4.8 30 0 9.0 29.4 15.0 0.0 0 1 6 5 5
5396.9 5987.3 -5.1 218 0 7.0 8.9 5.0 2.5 2 1 2 1 1
5383.1 6115.2 -6.5 225 0 10.5 8.3 5.0 2.5 2 0 2 5 5
5489.3 6042.6 -5.6 126 0 6.5 9.8 10.0 2.5 2 1 4 1 1
5442.5 6039.8 -7.0 216 0 11.0 9.2 5.0 2.5 2 0 2 1 1
5460.8 6054.0 -6.1 218 0 7.8 12.6 7.5 2.5 2 1 3 1 1
5472.0 6131.0 -4.3 38 0 6.3 9.0 5.0 2.5 2 1 2 5 5
5462.4 6124.0 -4.3 44 0 13.6 9.3 5.0 2.5 2 0 2 2 2
5585.2 6281.8 -5.7 41 0 16.9 9.0 10.0 0.0 0 0 4 1 1
5637.6 6341.3 -3.8 32 0 8.6 7.0 7.5 2.5 2 0 3 5 5
5630.7 6347.8 -4.2 31 0 17.1 8.8 10.0 0.0 0 0 4 3 3
5678.4 6401.6 -5.1 37 0 8.7 13.1 5.0 0.0 0 1 2 3 3
5750.2 6471.6 -5.0 215 0 9.5 8.4 10.0 2.5 2 0 4 1 1
5762.6 6460.0 -5.3 220 0 9.0 17.7 5.0 2.5 2 1 2 4 4
5749.2 6444.6 -5.2 221 0 8.1 15.1 7.5 2.5 2 1 3 5 5
5786.4 6507.3 -4.8 215 0 8.5 11.5 5.0 2.5 2 1 2 2 2
5807.0 6531.3 -4.7 212 0 8.0 15.3 10.0 2.5 2 1 4 5 5
5820.0 6562.7 -4.4 225 0 10.6 7.0 5.0 2.5 2 0 2 3 3
5847.5 6643.4 -5.9 33 0 6.4 9.4 7.5 2.5 2 1 3 3 3
5887.6 6663.3 -6.8 204 0 13.8 7.6 7.5 2.5 2 0 3 3 3
5992.2 6800.8 -8.1 210 0 7.1 9.2 10.0 0.0 0 1 4 0 0
6906.7 2717.2 -3.3 41 0 7.9 10.0 5.0 2.5 2 1 2 5 5
6826.2 2834.4 -4.0 118 0 6.2 8.0 5.0 0.0 0 1 2 0 0
6859.0 2761.5 -4.4 297 0 8.2 10.2 5.0 2.5 2 1 2 3 3
6886.4 2752.9 -3.6 307 0 8.1 11.1 7.5 2.5 2 1 3 4 4
6870.6 3437.9 -7.2 115 0 8.5 8.7 7.5 2.5 2 1 3 5 5
6811.9 3694.4 -6.1 195 0 10.0 12.6 5.0 0.0 0 1 2 2 2
6823.8 3663.4 -5.2 111 0 6.4 12.6 5.0 2.5 4 1 2 5 5
6815.6 3666.6 -5.4 108 0 7.9 11.9 10.0 0.0 0 1 4 2 2
6788.3 3599.8 -6.7 33 0 9.1 8.4 5.0 2.5 2 0 2 3 3
-4330.1 -4367.2 -6.7 50 0 8.4 30.6 12.5 2.5 2 1 5 3 3
-4314.3 -4324.4 -7.2 326 0 7.8 20.8 10.0 0.0 0 1 4 2 2
-4347.3 -4326.4 -7.2 237 0 10.6 16.2 7.5 2.5 2 1 3 4 4
