-5350.3 1781.4 -3.0 209 0 30.4 11.9 10.0 2.5 2 0 4 3 3
-5465.3 2391.1 -0.6 111 0 14.1 9.1 2.5 2.5 2 0 1 0 0
-5441.2 2180.6 -5.4 48 0 21.7 13.3 5.0 2.5 2 0 2 1 1
-4873.0 2931.6 -1.6 126 0 9.3 14.1 7.5 2.5 2 1 3 4 4
-4756.6 3158.3 -3.4 116 0 15.5 25.9 10.0 2.5 2 0 4 1 1
-5014.0 3074.4 -1.2 132 0 9.9 15.7 5.0 2.5 2 1 2 1 1
-5380.5 2469.3 -2.9 35 0 16.5 12.6 7.5 2.5 2 0 3 5 5
-4803.5 3162.6 -3.5 206 0 28.2 17.0 7.5 2.5 2 0 3 1 1
-5003.3 3103.9 -1.4 222 0 11.5 13.7 7.5 2.5 2 1 3 5 5
-5396.5 2453.2 -2.8 42 0 16.2 9.5 10.0 2.5 2 0 4 1 1
-5437.3 2349.3 -4.8 312 0 11.0 14.6 7.5 2.5 2 1 3 2 2
-4827.1 3152.5 -3.4 42 0 19.5 25.0 7.5 2.5 2 1 3 5 5
-5483.8 2374.2 -1.8 293 0 12.5 10.8 5.0 2.5 2 0 2 3 3
-5370.5 2493.8 -2.3 31 0 15.2 10.7 7.5 2.5 2 0 3 4 4
-4968.9 3039.2 -1.9 129 0 11.3 9.2 5.0 2.5 2 0 2 0 0
-4852.0 2912.8 -1.4 114 0 15.5 12.0 7.5 2.5 2 0 3 5 5
-4933.3 3060.2 -1.7 49 0 11.4 11.1 7.5 2.5 2 0 3 0 0
-5325.3 2481.4 -3.8 231 0 7.7 12.7 10.0 0.0 0 1 4 3 3
-5424.5 2386.8 -3.2 233 0 11.7 8.8 7.5 2.5 2 0 3 1 1
-5366.3 2242.7 -6.3 314 0 10.6 13.1 5.0 2.5 2 1 2 5 5
-5382.5 2419.4 -4.5 225 0 9.8 6.2 7.5 2.5 2 0 3 1 1
-5255.3 2514.1 -3.8 212 0 9.5 10.8 7.5 2.5 2 1 3 4 4
-4976.1 3113.0 -1.9 316 0 10.1 9.8 7.5 2.5 4 0 3 0 0
-5414.7 2390.3 -3.9 230 0 7.2 10.6 7.5 2.5 2 1 3 1 1
-4790.9 3000.8 -0.8 11 0 11.9 16.7 7.5 2.5 2 1 3 2 2
-5412.2 2433.8 -2.8 44 0 11.8 10.6 5.0 2.5 2 0 2 4 4
-5434.5 2370.1 -3.2 149 0 16.4 9.9 7.5 2.5 4 0 3 2 2
-5254.4 1816.4 -1.7 302 0 10.4 21.5 10.0 2.5 2 0 4 5 5
-5068.2 1929.3 -5.0 43 0 15.4 19.8 7.5 2.5 2 0 3 5 5
-5407.6 2825.0 -2.4 218 0 12.1 10.4 10.0 2.5 2 0 4 5 5
-5075.4 2307.4 -4.9 321 0 20.4 10.9 2.5 2.5 2 0 1 2 2
-5526.7 2415.7 -0.7 116 0 9.8 14.6 7.5 0.0 0 1 3 3 3
-5064.0 2315.1 -4.9 323 0 8.4 8.3 10.0 2.5 2 0 4 3 3
-5685.7 2608.0 -1.4 221 0 13.7 9.8 7.5 2.5 2 0 3 2 2
-5238.3 1940.3 -3.4 221 0 13.3 34.1 10.0 2.5 2 0 4 3 3
-5486.3 2535.7 0.3 313 0 11.6 10.8 5.0 2.5 2 0 2 2 2
-5221.6 1959.2 -3.8 225 0 13.3 23.7 10.0 2.5 2 0 4 1 1
-5642.1 2413.2 0.1 297 0 11.5 13.5 5.0 0.0 0 1 2 3 3
-5549.4 2405.8 -0.7 295 0 11.7 15.4 2.5 2.5 2 1 1 2 2
-5675.3 2415.7 -0.5 282 0 10.8 10.8 7.5 2.5 2 0 3 5 5
-5447.7 2807.3 -2.2 40 0 11.4 10.8 7.5 0.0 0 0 3 4 4
-5209.5 1973.5 -3.8 221 0 20.0 31.5 7.5 0.0 0 0 3 4 4
-5366.8 2545.3 -0.2 320 0 12.9 8.4 10.0 2.5 2 0 4 3 3
-5593.9 2409.6 0.0 280 0 9.8 14.3 5.0 2.5 2 1 2 4 4
-5511.4 2848.5 -3.7 135 0 14.1 11.6 5.0 2.5 2 0 2 0 0
-5121.3 2041.6 -3.8 137 0 11.6 24.7 10.0 2.5 2 1 4 0 0
-5072.4 1967.5 -4.6 308 0 14.8 21.0 15.0 2.5 2 0 6 4 4
-5080.9 2000.1 -3.6 134 0 15.7 14.1 7.5 2.5 4 0 3 5 5
-5190.5 1987.0 -3.5 227 0 16.4 21.4 7.5 2.5 2 0 3 2 2
-5533.6 2529.6 0.0 125 0 12.6 15.2 10.0 2.5 2 1 4 4 4
-5060.8 2109.7 -4.3 44 0 28.3 9.8 10.0 2.5 2 0 4 5 5
-5168.7 2007.9 -3.2 227 0 27.0 24.5 10.0 0.0 0 0 4 4 4
-5049.4 1962.5 -4.4 311 0 16.0 13.7 2.5 2.5 2 0 1 4 4
-5133.8 2030.6 -3.2 308 0 16.3 21.9 10.0 2.5 2 0 4 2 2
-5621.8 2534.4 -0.4 219 0 10.5 15.4 2.5 2.5 2 1 1 2 2
-5287.4 1695.1 -3.0 39 0 20.0 38.8 12.5 0.0 0 0 5 5 5
-5409.1 2698.5 -0.2 117 0 10.9 12.7 5.0 2.5 4 1 2 0 0
-5314.2 1679.3 -2.6 43 0 16.2 26.1 10.0 0.0 0 1 4 3 3
-5420.8 2662.6 0.6 315 0 12.9 17.0 7.5 2.5 2 1 3 0 0
-5235.7 2059.9 -6.1 221 0 10.6 37.4 12.5 2.5 2 1 5 2 2
-5633.1 2482.3 0.2 34 0 16.0 9.5 7.5 2.5 2 0 3 2 2
-5450.1 2524.9 -0.6 304 0 8.9 13.6 10.0 2.5 2 1 4 5 5
-5089.2 2142.3 -4.4 220 0 16.6 10.8 5.0 2.5 2 0 2 2 2
-5336.0 1700.0 -2.0 49 0 10.4 12.8 7.5 2.5 4 1 3 2 2
-5328.8 2662.9 -1.9 218 0 17.5 11.5 5.0 2.5 2 0 2 2 2
-5455.8 2721.2 0.1 131 0 9.4 11.0 7.5 2.5 2 1 3 5 5
-5057.8 2156.1 -4.0 315 0 17.9 22.0 7.5 2.5 2 1 3 5 5
-5409.0 2787.9 -1.6 133 0 12.9 13.3 7.5 2.5 4 1 3 5 5
-5057.0 2297.7 -4.4 321 0 9.8 12.7 7.5 2.5 2 1 3 2 2
-2153.3 5818.0 -2.9 138 0 8.6 17.2 2.5 0.0 0 1 1 1 1
-5308.5 1943.7 -3.8 317 0 11.0 7.9 7.5 2.5 4 0 3 1 1
-5325.3 1957.7 -4.2 310 0 8.3 39.0 10.0 0.0 0 1 4 4 4
-4894.5 1690.8 -2.3 298 0 10.2 7.8 7.5 2.5 2 0 3 1 1
-4884.1 1811.4 -1.3 303 0 14.0 12.2 5.0 0.0 0 0 2 0 0
-4922.5 1720.1 -1.6 301 0 7.9 10.1 7.5 2.5 2 1 3 4 4
-4900.8 1666.9 -2.4 117 0 6.5 7.6 10.0 2.5 2 1 4 3 3
-4529.0 1771.4 -3.7 216 0 12.3 6.2 2.5 2.5 4 0 1 5 5
-4523.0 1732.7 -3.8 116 0 8.8 25.5 5.0 2.5 4 1 2 2 2
-4504.9 1744.4 -4.0 28 0 15.6 6.7 7.5 2.5 2 0 3 5 5
-4916.6 1651.5 -3.0 293 0 11.1 12.9 5.0 2.5 2 1 2 1 1
-4975.1 1669.5 -1.2 297 0 9.8 15.7 5.0 2.5 4 1 2 5 5
-5009.8 1693.4 -1.8 293 0 13.8 15.0 5.0 2.5 2 1 2 0 0
-5076.1 1721.0 -2.6 294 0 10.6 24.8 10.0 2.5 2 1 4 5 5
-3250.6 5702.0 -2.0 301 0 9.6 9.7 7.5 2.5 2 1 3 3 3
-3224.9 5654.6 -1.6 119 0 11.2 9.0 7.5 2.5 2 0 3 2 2
-5147.1 1245.1 -0.3 214 0 12.3 13.0 10.0 2.5 2 1 4 2 2
-5339.4 1332.2 -2.7 209 0 9.3 9.3 5.0 2.5 2 0 2 3 3
-5443.2 1348.8 -2.1 130 0 9.9 15.0 10.0 0.0 0 1 4 3 3
-4458.4 1398.9 -2.8 301 0 28.3 10.2 7.5 2.5 2 0 3 3 3
-4490.5 1226.3 0.3 23 0 6.3 17.0 7.5 0.0 0 1 3 5 5
-3897.0 1004.4 1.6 33 0 8.9 13.3 5.0 2.5 2 1 2 0 0
-3925.0 1020.0 1.0 118 0 10.4 13.5 10.0 2.5 2 1 4 4 4
-3932.3 1009.8 1.0 123 0 14.6 9.1 5.0 0.0 0 0 2 5 5
-3946.8 1010.4 1.0 212 0 8.1 12.8 7.5 2.5 2 1 3 4 4
-3967.4 1102.1 2.4 205 0 11.5 10.3 7.5 2.5 2 0 3 1 1
-4002.8 1048.7 1.0 48 0 13.3 19.2 10.0 2.5 2 1 4 2 2
-3942.4 1123.3 1.0 298 0 9.1 9.2 7.5 2.5 2 1 3 5 5
-3981.8 1084.2 1.3 263 0 8.6 14.2 7.5 2.5 2 1 3 5 5
-3896.4 1102.1 1.1 302 0 20.6 9.8 5.0 2.5 2 0 2 1 1
-6038.5 189.8 -4.9 126 0 7.7 14.8 5.0 2.5 4 1 2 5 5
-5657.6 629.7 -1.4 122 0 9.6 12.5 7.5 2.5 2 1 3 4 4
-4192.2 2748.3 -1.7 46 0 18.9 12.3 2.5 2.5 2 0 1 5 5
-4288.8 2853.0 -1.4 39 0 16.0 10.2 2.5 2.5 2 0 1 3 3
-4577.4 2736.7 -1.4 134 0 11.8 12.6 5.0 2.5 2 1 2 5 5
-4542.5 2709.1 -2.3 124 0 12.0 12.4 7.5 2.5 2 1 3 2 2
-4525.0 2693.8 -2.0 135 0 12.9 8.5 7.5 2.5 2 0 3 4 4
-4498.1 2744.9 -3.0 128 0 11.5 23.3 7.5 2.5 2 1 3 2 2
-4530.3 2731.1 -2.8 129 0 10.2 10.1 5.0 0.0 0 0 2 1 1
-4476.2 2733.1 -3.2 124 0 9.5 11.7 7.5 2.5 2 1 3 5 5
-4440.2 2698.0 -3.6 37 0 8.5 10.3 10.0 2.5 2 1 4 4 4
-4443.8 2814.7 -0.8 225 0 13.5 11.6 5.0 0.0 0 0 2 1 1
-4392.2 2846.6 -0.9 315 0 9.5 11.6 2.5 2.5 4 1 1 2 2
-4379.9 2823.5 -1.4 305 0 13.3 11.8 5.0 2.5 2 0 2 0 0
-4342.4 2761.9 -3.0 293 0 8.2 24.5 5.0 2.5 2 1 2 3 3
-4329.9 2744.7 -3.1 301 0 16.8 8.1 7.5 2.5 2 0 3 1 1
-4341.2 2687.8 -4.1 28 0 29.4 14.7 7.5 2.5 2 0 3 5 5
-4389.8 2682.3 -3.8 122 0 8.3 16.9 5.0 2.5 2 1 2 2 2
-4374.9 2659.4 -4.2 26 0 10.1 22.3 7.5 2.5 4 1 3 5 5
-4488.6 2700.7 -3.6 126 0 19.7 10.3 10.0 2.5 2 0 4 4 4
-4468.4 2677.8 -3.8 125 0 14.3 11.7 5.0 2.5 2 0 2 1 1
-4492.1 2673.6 -3.2 124 0 43.9 13.0 12.5 0.0 0 0 5 5 5
-4423.7 2614.5 -4.0 308 0 14.8 12.9 7.5 2.5 2 0 3 2 2
-4512.1 2578.5 -5.2 31 0 10.9 12.0 7.5 2.5 2 1 3 5 5
-4683.7 2499.6 -3.6 297 0 18.5 15.4 10.0 2.5 2 0 4 0 0
-4659.2 2349.0 -2.8 125 0 8.6 15.2 7.5 2.5 2 1 3 1 1
-4764.5 2390.5 -3.1 40 0 14.1 13.5 7.5 2.5 2 0 3 2 2
-4811.2 2376.0 -3.2 219 0 17.0 10.6 5.0 2.5 2 0 2 1 1
-4986.3 2739.0 -5.5 157 0 14.1 11.1 7.5 2.5 2 0 3 5 5
-5005.6 2725.6 -5.6 149 0 13.3 10.5 10.0 2.5 2 0 4 2 2
-5036.9 2762.1 -4.4 135 0 9.5 10.8 7.5 2.5 2 1 3 3 3
-5018.8 2826.2 -2.7 226 0 9.4 9.3 7.5 2.5 4 0 3 2 2
-4985.3 2793.0 -3.9 318 0 8.3 10.9 5.0 2.5 2 1 2 2 2
-4969.1 2678.8 -6.3 135 0 8.7 10.2 7.5 2.5 4 1 3 2 2
-4899.3 2699.5 -7.9 321 0 11.7 12.2 5.0 2.5 4 1 2 4 4
-4885.6 2685.7 -8.4 316 0 8.9 14.8 7.5 0.0 0 1 3 2 2
-4763.5 2757.0 -5.9 40 0 10.0 10.4 5.0 2.5 2 1 2 3 3
-4824.6 2803.5 -4.0 141 0 9.8 8.9 2.5 2.5 2 0 1 0 0
-4802.8 2812.6 -4.1 308 0 10.0 9.8 5.0 2.5 2 0 2 3 3
-4828.1 2731.9 -7.3 131 0 8.9 9.0 7.5 2.5 2 1 3 0 0
-4908.3 2803.5 -2.9 61 0 10.9 10.4 10.0 2.5 2 0 4 5 5
-4917.5 2758.2 -6.1 335 0 15.9 9.5 7.5 2.5 2 0 3 4 4
-4956.9 2852.4 -1.4 135 0 10.0 8.9 5.0 2.5 2 0 2 4 4
-4923.2 2942.1 -1.7 314 0 10.2 9.7 7.5 2.5 2 0 3 4 4
-4895.1 3270.4 -4.7 217 0 7.1 8.8 2.5 2.5 2 1 1 0 0
-4873.4 3248.0 -4.8 38 0 9.2 10.9 10.0 2.5 4 1 4 3 3
-4874.0 3296.7 -4.1 304 0 11.6 11.3 2.5 2.5 2 0 1 1 1
-4819.0 3335.3 -2.9 124 0 9.5 7.6 10.0 2.5 2 0 4 4 4
-4711.7 3306.0 -3.5 214 0 7.9 11.8 7.5 2.5 2 1 3 0 0
-4707.2 3178.7 -2.8 310 0 9.1 9.3 5.0 2.5 2 1 2 5 5
-4767.4 3218.2 -3.6 193 0 10.1 7.5 7.5 2.5 2 0 3 3 3
-4746.8 3311.2 -3.2 13 0 8.5 10.2 5.0 2.5 2 1 2 4 4
-4757.4 3296.7 -3.0 13 0 13.3 7.2 10.0 2.5 2 0 4 2 2
-4683.2 3242.9 -3.0 34 0 10.0 11.8 7.5 2.5 2 1 3 3 3
-5112.2 1319.2 -0.3 290 0 10.0 8.5 7.5 2.5 2 0 3 0 0
-5126.8 1304.3 0.0 201 0 11.9 10.7 7.5 0.0 0 0 3 1 1
-5235.0 1331.6 -2.1 113 0 9.8 11.4 7.5 2.5 2 1 3 1 1
-5318.3 1295.0 -2.9 206 0 6.1 7.9 7.5 2.5 4 1 3 1 1
-5367.4 1268.4 -2.6 40 0 9.6 6.9 5.0 2.5 4 0 2 2 2
-5286.2 1328.3 -3.1 36 0 11.0 12.8 2.5 2.5 2 1 1 3 3
-5340.4 1483.1 -1.5 293 0 11.4 10.7 7.5 0.0 0 0 3 4 4
-5365.6 1429.7 -0.9 123 0 11.2 11.3 5.0 2.5 4 1 2 3 3
-5605.1 2231.3 -3.1 296 0 11.1 10.0 7.5 2.5 2 0 3 1 1
-5628.1 2362.0 -0.2 103 0 9.3 11.2 7.5 2.5 4 1 3 2 2
-5447.4 2402.4 -0.7 32 0 9.0 8.7 2.5 2.5 4 0 1 5 5
-5425.9 2409.8 -1.8 41 0 9.4 7.4 7.5 2.5 2 0 3 1 1
-5293.9 2535.1 -2.0 323 0 10.2 9.3 10.0 2.5 2 0 4 0 0
-5305.3 2515.9 -2.2 58 0 10.2 14.9 5.0 2.5 2 1 2 3 3
-5271.7 2542.2 -2.7 144 0 12.0 12.2 5.0 0.0 0 1 2 2 2
-5245.7 2573.9 -2.7 322 0 11.9 15.4 7.5 2.5 4 1 3 5 5
-5342.5 2792.0 -2.0 34 0 9.1 8.9 7.5 2.5 2 0 3 1 1
-5289.9 2700.7 -2.3 208 0 9.3 8.0 10.0 0.0 0 0 4 2 2
-5264.9 2735.2 -2.5 236 0 10.0 8.7 7.5 2.5 2 0 3 5 5
-5203.8 2730.6 -1.4 136 0 8.5 11.5 5.0 2.5 2 1 2 0 0
-5190.3 2810.7 -2.1 218 0 11.7 9.0 2.5 2.5 2 0 1 0 0
-5173.5 2767.3 -1.1 299 0 12.1 13.1 10.0 0.0 0 1 4 3 3
-5088.6 2783.2 -2.6 27 0 12.5 9.6 5.0 2.5 2 0 2 2 2
-5103.3 2761.4 -2.4 39 0 9.1 9.4 5.0 2.5 4 1 2 1 1
-5105.1 2681.3 -2.5 138 0 11.8 10.3 5.0 2.5 2 0 2 1 1
-5109.8 2734.8 -2.8 311 0 11.2 12.9 7.5 2.5 4 1 3 4 4
-5129.1 2711.2 -2.6 137 0 9.1 11.9 5.0 2.5 2 1 2 1 1
-5094.6 3140.7 -0.7 118 0 6.3 7.4 7.5 2.5 2 1 3 3 3
-5134.7 3149.2 -1.6 307 0 7.7 9.6 7.5 2.5 4 1 3 0 0
-5209.5 3072.6 -1.8 218 0 8.2 8.6 7.5 2.5 2 1 3 1 1
-5243.8 3032.9 -4.2 219 0 11.4 7.9 10.0 2.5 4 0 4 4 4
-5241.7 2993.3 -4.5 130 0 9.6 7.0 2.5 2.5 4 0 1 3 3
-5224.9 2935.6 -4.7 103 0 6.6 10.8 5.0 2.5 2 1 2 5 5
-5208.7 2825.4 -2.5 39 0 9.3 8.3 5.0 2.5 2 0 2 3 3
-5151.3 2879.2 -3.8 203 0 8.4 9.6 7.5 2.5 2 1 3 3 3
-5139.5 2858.3 -3.6 125 0 7.2 9.2 5.0 2.5 2 1 2 3 3
-5208.2 2976.0 -3.3 120 0 8.1 9.0 10.0 2.5 2 1 4 3 3
-5162.4 2970.2 -2.1 38 0 9.8 9.0 7.5 2.5 4 0 3 3 3
-5133.4 2904.0 -2.8 212 0 8.6 8.7 7.5 2.5 2 1 3 0 0
-5121.6 3054.9 -0.4 33 0 9.5 9.1 10.0 2.5 2 0 4 0 0
-5157.1 3040.7 -0.9 39 0 8.0 8.3 7.5 0.0 0 1 3 4 4
-5163.5 3027.9 -0.9 44 0 9.8 10.6 5.0 0.0 0 1 2 1 1
-5155.0 2992.0 -1.4 35 0 10.0 8.2 5.0 0.0 0 0 2 5 5
-5096.7 3004.4 -0.2 35 0 10.1 8.6 2.5 2.5 2 0 1 2 2
-5037.9 2847.0 -2.3 34 0 10.5 11.4 7.5 2.5 2 1 3 0 0
-5079.2 2857.7 -2.7 306 0 9.8 11.0 10.0 2.5 2 1 4 2 2
-5104.0 2961.0 -1.0 213 0 9.8 8.1 2.5 2.5 2 0 1 4 4
-5107.1 2987.8 -0.6 32 0 8.3 9.4 7.5 0.0 0 1 3 1 1
-5062.5 2982.2 -0.7 214 0 10.7 8.5 5.0 2.5 2 0 2 0 0
-5042.7 2958.7 -1.4 38 0 11.3 10.0 7.5 2.5 2 0 3 5 5
-4318.7 1555.0 -3.0 118 0 11.2 13.0 5.0 2.5 2 1 2 0 0
-4333.2 1385.0 -3.3 31 0 12.9 13.7 5.0 0.0 0 1 2 5 5
-4501.1 1452.8 -2.4 129 0 6.5 6.7 7.5 2.5 2 1 3 5 5
-4555.9 1486.2 -3.3 128 0 12.7 14.2 5.0 2.5 2 1 2 1 1
-4464.3 1183.4 2.2 112 0 10.8 10.7 5.0 2.5 2 0 2 1 1
-4164.7 595.1 0.3 24 0 7.9 8.6 7.5 0.0 0 1 3 5 5
-4259.9 809.3 1.4 218 0 10.3 7.1 7.5 0.0 0 0 3 2 2
-4168.4 724.7 1.8 39 0 10.8 10.6 5.0 2.5 2 0 2 2 2
-4218.6 751.8 2.2 213 0 8.8 8.0 7.5 2.5 2 0 3 1 1
-4186.8 1007.8 3.8 223 0 10.3 10.4 5.0 2.5 2 1 2 0 0
-4166.9 1024.0 3.5 225 0 8.3 9.1 7.5 2.5 2 1 3 3 3
-4077.1 1053.8 1.9 219 0 12.2 9.8 7.5 2.5 2 0 3 4 4
-4059.4 992.3 2.3 23 0 9.6 8.9 7.5 2.5 2 0 3 4 4
-4046.7 719.2 1.8 306 0 8.0 7.9 2.5 2.5 2 0 1 2 2
-4056.7 650.5 0.1 121 0 12.0 15.9 5.0 2.5 2 1 2 1 1
-4080.6 720.0 2.0 120 0 8.8 12.5 7.5 2.5 2 1 3 0 0
-4098.7 740.5 2.5 127 0 8.8 8.0 5.0 2.5 2 0 2 0 0
-4091.3 813.8 3.7 35 0 9.2 7.6 7.5 2.5 2 0 3 2 2
-4237.2 877.3 2.6 119 0 7.7 11.9 2.5 2.5 2 1 1 2 2
-4129.7 813.9 4.3 304 0 9.5 8.2 7.5 2.5 2 0 3 3 3
-4166.4 844.3 4.2 305 0 8.6 6.5 7.5 2.5 2 0 3 5 5
-4199.5 822.1 3.2 124 0 7.4 8.3 7.5 2.5 4 1 3 4 4
-4239.1 822.5 2.0 218 0 7.8 8.6 7.5 2.5 2 1 3 4 4
-4223.1 832.6 2.5 220 0 9.1 9.2 10.0 2.5 2 1 4 4 4
-4203.8 855.8 3.0 310 0 12.3 8.5 5.0 2.5 4 0 2 2 2
-4126.7 983.0 3.3 37 0 6.9 7.7 2.5 2.5 2 1 1 3 3
-4148.0 985.0 3.5 121 0 8.5 10.2 2.5 2.5 2 1 1 5 5
-4172.3 1067.0 3.3 300 0 9.5 9.1 10.0 2.5 2 0 4 1 1
-4234.3 930.8 3.2 300 0 8.8 9.8 7.5 2.5 2 1 3 2 2
-4260.4 1133.2 2.4 304 0 7.8 7.5 7.5 2.5 2 0 3 3 3
-4223.5 995.4 4.4 127 0 9.2 7.9 7.5 2.5 4 0 3 2 2
-4291.4 1089.6 2.0 210 0 10.7 8.1 5.0 2.5 2 0 2 1 1
-4261.5 1048.6 3.3 305 0 10.7 14.7 7.5 2.5 2 1 3 1 1
-4294.3 960.5 2.0 118 0 6.3 8.9 5.0 2.5 2 1 2 3 3
-4316.8 892.7 -0.1 305 0 9.7 8.4 7.5 2.5 2 0 3 0 0
-4398.2 974.6 -0.6 206 0 9.2 6.6 5.0 2.5 2 0 2 1 1
-4370.3 1011.3 0.9 304 0 8.9 12.1 5.0 2.5 2 1 2 1 1
-4416.2 1099.4 2.5 30 0 12.6 9.9 2.5 0.0 0 0 1 5 5
-4452.8 1067.1 0.7 204 0 15.1 28.8 10.0 0.0 0 1 4 1 1
-5150.7 1114.7 0.5 46 0 7.7 8.0 7.5 2.5 2 1 3 1 1
-5079.5 1216.9 0.6 216 0 8.9 12.8 10.0 2.5 2 1 4 5 5
-5115.2 1184.6 0.6 299 0 9.0 8.7 10.0 2.5 2 0 4 0 0
-5191.7 1211.4 -0.8 211 0 8.4 8.5 5.0 2.5 2 1 2 4 4
-5199.8 1184.9 -0.2 200 0 8.3 10.3 7.5 2.5 2 1 3 4 4
-5363.1 1177.4 -1.0 212 0 10.2 6.6 2.5 2.5 2 0 1 1 1
-5331.3 1088.5 0.2 35 0 11.2 10.7 7.5 2.5 2 0 3 0 0
-5308.6 1128.0 -0.2 297 0 10.2 12.9 2.5 2.5 2 1 1 2 2
-5353.1 1108.0 0.4 124 0 9.5 8.9 7.5 2.5 4 0 3 5 5
-5391.7 1137.7 -0.1 204 0 8.3 9.3 7.5 2.5 2 1 3 5 5
-5405.3 1115.6 0.2 127 0 9.6 7.6 7.5 2.5 2 0 3 0 0
-6080.2 1240.5 -4.3 318 0 28.3 20.8 7.5 2.5 2 0 3 3 3
-5161.9 851.3 -4.1 38 0 9.9 8.2 7.5 2.5 2 0 3 5 5
-5390.4 698.9 -3.9 206 0 8.7 10.2 7.5 2.5 2 1 3 2 2
-5771.1 1307.0 0.8 20 0 8.4 7.2 5.0 2.5 2 0 2 4 4
-5508.5 1540.9 -2.4 307 0 6.1 8.0 10.0 0.0 0 1 4 4 4
-5438.0 1559.4 -4.4 121 0 9.9 30.3 12.5 0.0 0 1 5 0 0
-5401.5 1639.9 -3.4 214 0 9.2 6.5 5.0 2.5 2 0 2 4 4
-5352.9 1618.8 -3.8 36 0 10.3 33.2 10.0 2.5 2 1 4 0 0
-5345.9 1638.9 -2.9 36 0 14.8 27.7 7.5 2.5 2 1 3 5 5
-5326.7 1645.9 -2.9 32 0 6.8 7.1 5.0 0.0 0 1 2 0 0
-5327.4 1659.9 -2.5 39 0 8.9 12.2 10.0 2.5 2 1 4 5 5
-5295.3 1668.7 -3.1 38 0 14.0 16.4 5.0 2.5 2 1 2 0 0
-5261.7 1729.1 -2.5 45 0 10.5 37.6 7.5 2.5 2 1 3 0 0
-5242.8 1751.0 -2.1 43 0 7.5 37.8 7.5 2.5 4 1 3 5 5
-5236.5 1788.6 -1.9 315 0 16.4 18.1 15.0 0.0 0 1 6 0 0
-5287.5 1880.6 -3.0 174 0 14.4 40.8 7.5 0.0 0 1 3 3 3
-5235.7 1838.0 -1.9 123 0 9.0 20.8 7.5 2.5 2 1 3 3 3
-5173.8 1902.8 -2.8 134 0 8.6 7.0 7.5 2.5 2 0 3 3 3
-5165.8 1920.8 -3.2 121 0 8.9 7.8 10.0 0.0 0 0 4 0 0
-5113.7 1912.0 -4.1 38 0 10.0 8.4 7.5 2.5 2 0 3 4 4
-5130.3 1983.5 -3.3 306 0 8.7 13.8 5.0 2.5 2 1 2 2 2
-5089.3 2000.3 -3.8 316 0 13.1 7.5 2.5 2.5 2 0 1 3 3
-5074.2 2024.6 -3.4 131 0 8.6 8.6 10.0 2.5 2 0 4 5 5
-4990.3 2136.1 -2.8 310 0 8.6 7.5 2.5 2.5 2 0 1 1 1
-4978.9 2150.3 -2.2 131 0 12.3 11.4 5.0 2.5 2 0 2 1 1
-4940.2 2229.6 -1.6 218 0 9.2 12.7 5.0 2.5 2 1 2 5 5
-4849.9 2179.2 -2.1 306 0 8.7 8.4 7.5 2.5 2 0 3 5 5
-4824.7 2130.9 -3.2 45 0 7.4 10.5 7.5 2.5 2 1 3 5 5
-4812.7 2051.1 -3.2 132 0 9.6 8.2 5.0 2.5 2 0 2 0 0
-4775.6 1706.2 -2.8 34 0 10.3 10.3 2.5 0.0 0 1 1 2 2
-4844.6 1858.2 -1.6 214 0 10.6 12.0 7.5 2.5 2 1 3 3 3
-5092.0 1729.0 -2.2 292 0 7.9 13.9 10.0 2.5 2 1 4 5 5
-4850.1 1621.9 -4.5 302 0 12.8 12.0 5.0 2.5 2 0 2 0 0
-4849.5 1794.8 -1.5 33 0 6.7 6.3 7.5 2.5 2 0 3 5 5
-4876.5 1758.7 -1.7 120 0 8.1 9.6 7.5 2.5 2 1 3 4 4
-5696.7 2331.3 -1.8 33 0 10.7 9.7 7.5 2.5 2 0 3 2 2
-5721.4 2263.6 -3.5 31 0 10.7 10.3 7.5 2.5 2 0 3 4 4
-6077.8 1253.8 -3.6 316 0 20.3 10.2 5.0 2.5 4 0 2 4 4
-5964.6 1072.7 -2.9 230 0 9.2 6.1 7.5 2.5 4 0 3 5 5
-5918.4 1070.0 -2.5 312 0 6.5 10.5 7.5 2.5 2 1 3 1 1
-5762.4 1214.2 -0.1 37 0 15.2 9.4 7.5 2.5 2 0 3 3 3
-5793.0 1173.8 0.1 42 0 14.2 11.8 7.5 2.5 2 0 3 0 0
-5900.1 1112.9 -1.7 131 0 7.1 9.7 2.5 0.0 0 1 1 4 4
-5876.4 1111.2 -1.9 43 0 11.2 8.4 5.0 0.0 0 0 2 5 5
-5645.3 1549.6 -2.2 35 0 7.6 9.7 7.5 2.5 2 1 3 4 4
-5676.7 1503.2 -1.9 216 0 13.3 9.4 2.5 0.0 0 0 1 0 0
-5701.4 1505.0 -1.6 212 0 12.1 11.1 7.5 2.5 2 0 3 2 2
-5655.1 1463.6 -1.1 34 0 9.6 10.6 7.5 2.5 2 1 3 0 0
-5686.4 1446.5 -0.3 122 0 8.3 8.8 7.5 2.5 4 1 3 0 0
-5559.1 1422.0 -0.6 226 0 11.0 10.8 7.5 2.5 2 0 3 3 3
-5509.1 1458.9 -1.5 218 0 8.9 13.1 10.0 2.5 2 1 4 1 1
-4493.4 3170.4 -2.8 29 0 8.5 7.5 7.5 2.5 2 0 3 4 4
-5570.4 1555.0 -1.6 221 0 10.8 8.8 7.5 2.5 2 0 3 1 1
-5497.5 1550.1 -2.6 43 0 8.5 18.2 5.0 2.5 2 1 2 2 2
-5487.3 1561.3 -2.9 42 0 9.0 9.6 5.0 2.5 2 1 2 4 4
-5382.9 1605.0 -4.6 39 0 12.3 8.1 7.5 2.5 2 0 3 1 1
-5412.3 1625.6 -3.5 217 0 9.9 7.9 10.0 2.5 2 0 4 2 2
-5422.9 1616.2 -3.6 220 0 9.5 11.7 10.0 2.5 2 1 4 5 5
-5419.7 1523.8 -3.5 123 0 8.0 8.4 5.0 2.5 2 1 2 3 3
-5478.5 1490.1 -1.5 224 0 14.6 12.6 10.0 2.5 4 0 4 2 2
-5507.6 1286.6 0.9 306 0 13.8 13.7 7.5 2.5 2 0 3 1 1
-5466.1 1283.2 -0.1 40 0 6.0 7.8 5.0 2.5 2 1 2 0 0
-4277.5 1226.5 1.8 124 0 8.1 11.5 5.0 2.5 2 1 2 4 4
-4101.9 1190.5 0.5 306 0 11.6 13.6 7.5 2.5 2 1 3 3 3
-4078.6 1126.4 1.5 33 0 14.4 8.0 10.0 0.0 0 0 4 1 1
-3950.3 461.7 0.8 130 0 8.8 12.6 7.5 2.5 4 1 3 5 5
-2738.2 6056.3 -2.2 135 0 13.5 9.5 5.0 2.5 2 0 2 3 3
-2832.5 6000.0 -2.9 40 0 9.6 9.5 7.5 2.5 2 0 3 2 2
-2847.3 6010.9 -3.1 219 0 10.2 8.9 10.0 0.0 0 0 4 1 1
-2669.9 5926.5 -2.1 301 0 9.9 20.6 5.0 0.0 0 1 2 0 0
-2693.3 5915.7 -2.2 129 0 14.8 18.8 10.0 2.5 2 1 4 0 0
-2628.8 5886.2 -0.9 309 0 14.8 15.0 10.0 2.5 2 1 4 5 5
-2752.7 6282.1 -2.3 309 0 7.4 7.5 7.5 2.5 2 1 3 0 0
-2773.1 6303.7 -1.7 310 0 7.8 7.5 7.5 2.5 2 0 3 0 0
-2805.2 6263.5 -1.9 133 0 13.2 12.9 7.5 2.5 2 0 3 4 4
-2842.9 6325.8 -0.7 223 0 7.8 7.2 5.0 2.5 2 0 2 5 5
-2826.7 6297.3 -0.7 126 0 12.0 10.0 2.5 2.5 2 0 1 3 3
-3994.6 1340.5 -4.3 300 0 7.2 7.4 10.0 2.5 2 1 4 1 1
-4014.3 1312.3 -4.4 121 0 6.8 8.0 2.5 2.5 2 1 1 0 0
-4049.3 1331.4 -4.2 121 0 6.9 7.8 5.0 2.5 2 1 2 4 4
-4047.1 1255.6 -3.1 297 0 8.8 7.6 7.5 2.5 2 0 3 0 0
-4081.9 1232.5 -1.2 122 0 7.5 7.7 7.5 2.5 2 1 3 5 5
-4749.8 1781.8 -2.7 127 0 9.0 8.8 10.0 0.0 0 0 4 5 5
-5403.2 1747.9 -4.5 220 0 9.6 12.9 7.5 2.5 2 1 3 0 0
-5445.7 1699.2 -4.6 217 0 12.1 10.1 5.0 2.5 2 0 2 2 2
-5290.9 1826.5 -2.7 40 0 14.6 15.0 5.0 0.0 0 1 2 5 5
-5375.7 1992.8 -6.0 219 0 8.4 14.0 5.0 2.5 2 1 2 1 1
-6877.0 2790.3 -2.1 302 0 8.5 10.8 7.5 2.5 2 1 3 3 3
-6840.9 2786.4 -1.5 297 0 10.3 9.9 7.5 2.5 2 0 3 2 2
-6852.0 2733.1 -3.4 43 0 11.8 7.9 2.5 2.5 4 0 1 2 2
-6659.9 2496.6 -4.3 144 0 8.1 9.4 5.0 2.5 4 1 2 3 3
-6755.5 2860.3 -1.1 211 0 6.8 6.7 10.0 2.5 2 0 4 0 0
-6628.8 2735.5 -3.2 30 0 9.2 10.6 7.5 2.5 2 1 3 0 0
-6641.5 2707.7 -4.1 26 0 13.1 10.6 7.5 2.5 2 0 3 1 1
-6658.4 2675.4 -4.9 122 0 9.0 9.2 5.0 2.5 2 1 2 0 0
-6832.8 2744.7 -3.1 125 0 10.9 8.6 5.0 2.5 2 0 2 2 2
-6810.9 2706.8 -5.4 310 0 13.1 9.6 2.5 2.5 2 0 1 2 2
-1354.5 4870.6 0.2 31 0 8.1 9.0 7.5 2.5 2 1 3 5 5
-1834.6 5259.9 -0.6 111 0 6.4 6.2 7.5 2.5 2 0 3 2 2
-1466.4 5135.3 1.1 128 0 6.5 10.7 7.5 2.5 2 1 3 3 3
-1727.0 4928.9 -4.8 102 0 8.0 13.7 7.5 0.0 0 1 3 5 5
-1477.2 4274.9 -2.5 128 0 9.8 9.6 5.0 2.5 4 0 2 0 0
-1280.3 4556.7 -2.1 128 0 6.2 11.5 2.5 2.5 4 1 1 0 0
-1298.1 4733.7 -0.1 126 0 7.7 15.7 7.5 2.5 2 1 3 0 0
-1439.7 4592.7 -3.7 218 0 6.2 7.8 7.5 2.5 2 1 3 0 0
-1436.5 4720.7 -1.8 277 0 7.4 6.4 5.0 2.5 4 0 2 1 1
-1455.3 4778.3 0.3 44 0 10.1 10.5 2.5 2.5 2 1 1 5 5
-1271.5 4888.1 0.2 28 0 8.1 10.0 5.0 2.5 2 1 2 5 5
-1314.8 4900.7 0.2 204 0 8.0 10.4 7.5 2.5 4 1 3 1 1
-1689.4 5567.6 -4.1 209 0 8.0 6.4 2.5 2.5 4 0 1 2 2
-1701.0 6789.0 -5.6 295 0 7.9 11.0 5.0 2.5 2 1 2 2 2
-1684.0 6778.9 -5.4 87 0 15.8 10.4 7.5 2.5 2 0 3 3 3
-1655.6 6643.1 -5.8 204 0 8.6 9.0 7.5 2.5 2 1 3 4 4
-1640.0 6676.9 -6.5 291 0 10.8 21.8 7.5 2.5 2 1 3 2 2
-1588.6 6615.6 -7.2 190 0 10.0 9.4 10.0 2.5 4 0 4 5 5
-597.6 6490.5 -5.1 129 0 8.2 19.2 7.5 2.5 4 1 3 0 0
-637.0 6496.5 -4.5 213 0 11.4 10.1 7.5 2.5 2 0 3 2 2
-993.5 6316.8 -2.5 38 0 9.3 8.3 7.5 2.5 2 0 3 2 2
-988.6 6408.6 -1.2 106 0 9.0 15.5 2.5 2.5 2 1 1 1 1
-962.9 6486.0 -1.9 119 0 7.8 8.5 7.5 2.5 2 1 3 0 0
-372.2 6847.9 -7.9 290 0 7.6 18.9 10.0 2.5 2 1 4 3 3
-544.9 6741.9 -6.1 123 0 8.2 9.7 7.5 2.5 2 1 3 3 3
-495.1 6667.0 -5.0 211 0 8.1 8.9 5.0 2.5 4 1 2 3 3
-491.1 6547.1 -4.5 28 0 8.9 11.2 5.0 0.0 0 1 2 2 2
-510.5 6512.8 -5.0 37 0 9.2 9.4 2.5 2.5 2 1 1 3 3
-714.3 6755.7 -3.5 33 0 8.7 10.3 5.0 2.5 2 1 2 5 5
-773.5 6754.8 -2.2 118 0 9.9 10.5 5.0 2.5 2 1 2 3 3
-820.0 6778.8 -0.9 125 0 10.6 11.5 7.5 2.5 2 1 3 3 3
-857.0 6782.6 0.1 220 0 9.8 7.0 5.0 2.5 2 0 2 5 5
-854.8 6715.7 -0.9 214 0 12.4 9.1 2.5 2.5 2 0 1 1 1
-883.6 6506.5 -2.1 297 0 7.6 8.8 7.5 2.5 2 1 3 0 0
-906.9 6523.9 -1.5 288 0 10.7 8.8 2.5 2.5 2 0 1 1 1
-784.9 6341.0 -4.2 201 0 9.4 11.4 7.5 2.5 2 1 3 5 5
-742.8 6299.1 -3.8 34 0 26.4 9.8 7.5 2.5 2 0 3 5 5
-4931.6 2318.3 -2.9 220 0 8.7 7.0 5.0 2.5 2 0 2 0 0
-4920.8 2309.0 -2.8 40 0 8.1 6.8 7.5 2.5 2 0 3 1 1
-4919.0 2322.3 -3.1 41 0 9.4 6.0 7.5 2.5 2 0 3 0 0
-4944.8 2354.1 -4.2 223 0 9.5 9.0 5.0 2.5 2 0 2 3 3
-4803.5 2485.2 -6.3 307 0 9.8 13.2 7.5 2.5 2 1 3 4 4
-4601.8 2620.1 -3.8 223 0 7.1 6.8 5.0 2.5 2 0 2 3 3
-4584.0 2603.1 -4.3 130 0 7.6 13.1 5.0 2.5 2 1 2 4 4
-4704.7 2943.3 -4.6 15 0 8.6 8.5 5.0 2.5 2 0 2 5 5
-5113.8 3109.7 -0.7 302 0 9.2 6.1 5.0 2.5 2 0 2 3 3
-5434.1 2899.6 -4.9 304 0 8.8 8.5 2.5 2.5 2 0 1 1 1
-5534.6 2885.4 -4.5 222 0 9.8 8.3 5.0 2.5 2 0 2 4 4
-5836.7 2453.2 -3.2 21 0 11.4 9.0 7.5 2.5 2 0 3 3 3
-5851.8 2497.9 -2.3 300 0 8.6 14.0 7.5 2.5 2 1 3 2 2
-6012.1 2641.9 -5.6 116 0 9.0 12.3 5.0 2.5 2 1 2 4 4
-6527.9 2391.5 -2.3 104 0 9.2 10.6 7.5 2.5 2 1 3 0 0
-6593.3 2486.5 -3.0 27 0 8.6 12.8 7.5 2.5 4 1 3 5 5
-3757.2 289.4 3.4 221 0 7.5 11.6 7.5 2.5 2 1 3 5 5
-3693.5 314.2 4.2 209 0 7.2 9.1 5.0 2.5 2 1 2 1 1
-3827.9 137.4 2.8 35 0 8.7 8.7 7.5 2.5 2 0 3 3 3
-3959.3 6569.5 -4.9 49 0 10.4 8.5 7.5 2.5 2 0 3 3 3
-3719.5 6313.5 -6.7 131 0 11.3 12.6 7.5 2.5 2 1 3 0 0
-3644.7 6335.2 -5.5 103 0 10.1 11.4 7.5 2.5 2 1 3 3 3
-3641.6 6581.3 -4.3 117 0 8.9 14.9 2.5 2.5 2 1 1 3 3
-3483.4 6628.7 -7.0 86 0 6.7 8.1 7.5 2.5 2 1 3 0 0
-3324.7 6672.4 -6.5 25 0 8.2 7.2 5.0 0.0 0 0 2 0 0
-3427.2 6733.1 -7.4 124 0 11.9 7.3 5.0 2.5 2 0 2 2 2
-3606.7 3903.6 -0.6 122 0 17.1 12.0 7.5 2.5 2 0 3 5 5
-3557.7 3978.6 -1.7 32 0 13.5 7.4 5.0 0.0 0 0 2 2 2
-5446.6 1672.9 -4.2 130 0 12.3 9.3 5.0 2.5 2 0 2 0 0
-5276.7 1675.4 -3.5 43 0 16.0 6.8 7.5 2.5 2 0 3 5 5
