-322.8 6364.1 -11.2 236 0 7.6 7.4 7.5 2.5 2 0 3 4 4
-269.4 6332.1 -11.1 124 0 7.3 7.6 2.5 2.5 2 0 1 0 0
-223.7 6374.6 -11.1 214 0 7.6 7.3 7.5 2.5 2 0 3 4 4
-209.3 6329.6 -11.1 124 0 7.3 7.6 7.5 2.5 2 0 3 5 5
-186.6 6373.7 -11.1 214 0 7.6 7.3 5.0 2.5 2 0 2 0 0
-169.4 6397.9 -11.1 304 0 7.3 7.6 7.5 2.5 2 0 3 1 1
-148.0 6379.4 -11.1 304 0 7.3 7.6 5.0 2.5 2 0 2 5 5
-294.2 6523.1 -11.3 295 0 7.3 7.6 10.0 2.5 2 1 4 1 1
-326.2 6518.0 -11.3 183 0 7.6 7.3 7.5 2.5 2 0 3 2 2
-406.5 6529.4 -12.1 184 0 7.6 7.3 2.5 2.5 2 0 1 5 5
-395.8 6500.3 -12.0 4 0 7.6 7.3 7.5 2.5 2 0 3 0 0
-380.7 6453.6 -11.6 4 0 7.6 7.3 7.5 2.5 2 0 3 1 1
-4972.1 6484.5 -7.0 267 0 11.0 30.5 10.0 2.5 2 1 4 1 1
-4995.0 6453.3 -7.1 88 0 8.3 25.9 7.5 2.5 2 1 3 1 1
-5018.2 6451.3 -7.4 86 0 8.3 22.2 5.0 2.5 2 1 2 4 4
-5065.1 6459.1 -8.0 86 0 8.6 24.6 7.5 2.5 2 1 3 0 0
-5070.2 6517.5 -8.1 356 0 14.0 32.2 10.0 2.5 2 1 4 1 1
-5199.5 6092.6 -15.0 98 0 46.5 18.0 15.0 0.0 0 0 6 0 0
-5523.3 6064.8 -12.6 182 0 10.0 29.8 10.0 2.5 2 1 4 3 3
-5593.0 6064.9 -10.5 96 0 18.3 10.7 2.5 2.5 2 0 1 3 3
-5579.7 6142.6 -9.8 6 0 10.7 18.3 5.0 2.5 2 1 2 5 5
-5349.6 6291.8 -7.2 178 0 30.3 9.3 12.5 2.5 2 0 5 4 4
-5350.5 6326.1 -6.0 176 0 23.0 9.0 5.0 2.5 2 0 2 3 3
-5349.7 6377.2 -5.6 266 0 9.5 30.9 15.0 0.0 0 1 6 2 2
-5315.1 6274.8 -7.3 87 0 9.0 42.1 12.5 2.5 4 1 5 0 0
-5271.4 6277.0 -7.3 86 0 7.9 35.8 12.5 2.5 2 1 5 1 1
-5271.5 6328.4 -5.5 356 0 21.4 7.4 7.5 2.5 2 0 3 2 2
-5272.6 6355.6 -5.1 356 0 21.4 7.4 5.0 2.5 2 0 2 5 5
-5282.6 6405.2 -4.8 355 0 27.0 11.7 10.0 2.5 4 0 4 2 2
-5297.2 6435.5 -4.4 175 0 17.2 7.4 5.0 2.5 2 0 2 5 5
-5184.5 6445.0 -5.9 357 0 13.3 8.2 7.5 2.5 2 0 3 3 3
-5207.3 6437.3 -5.4 85 0 6.7 8.6 10.0 2.5 4 1 4 0 0
-5211.2 6462.2 -5.2 273 0 10.7 13.6 7.5 2.5 4 1 3 5 5
-5264.4 6463.5 -4.0 265 0 6.8 7.6 7.5 2.5 2 1 3 1 1
-5266.6 6479.1 -3.8 265 0 6.8 7.6 7.5 2.5 2 1 3 2 2
-5255.7 6444.2 -4.0 85 0 6.8 7.6 7.5 2.5 2 1 3 5 5
-5268.9 6443.6 -4.1 84 0 6.9 6.2 7.5 2.5 4 0 3 4 4
-5530.4 6233.6 -9.0 265 0 7.3 10.2 5.0 2.5 2 1 2 5 5
-5982.9 6513.3 -5.9 85 0 6.8 8.3 5.0 2.5 2 1 2 1 1
-5873.2 6600.2 -2.1 175 0 8.3 6.8 7.5 2.5 4 0 3 3 3
-5837.8 6658.0 1.0 265 0 6.8 8.3 10.0 2.5 2 1 4 0 0
-6347.8 6187.7 -9.6 175 0 8.3 6.8 7.5 2.5 2 0 3 4 4
-6295.3 6228.2 -10.1 265 0 6.8 8.3 5.0 2.5 4 1 2 1 1
-6340.2 6286.5 -10.2 355 0 8.3 6.8 5.0 0.0 0 0 2 5 5
-6352.5 6256.3 -9.6 175 0 8.3 6.8 10.0 2.5 2 0 4 1 1
-6268.6 6295.3 -9.5 355 0 8.3 6.8 5.0 2.5 2 0 2 2 2
-6272.7 6334.3 -9.0 265 0 6.8 8.3 7.5 2.5 2 1 3 1 1
-6358.4 6328.4 -10.1 175 0 8.3 6.8 7.5 2.5 2 0 3 0 0
-6332.8 6349.3 -9.3 85 0 6.8 8.3 5.0 2.5 2 1 2 0 0
-6352.4 6401.6 -7.9 175 0 8.3 6.8 5.0 2.5 2 0 2 1 1
-6360.1 6430.4 -6.9 175 0 8.3 6.8 7.5 2.5 2 0 3 2 2
-6335.5 6461.1 -6.1 355 0 8.3 6.8 10.0 2.5 2 0 4 4 4
-6345.9 6575.9 -3.9 355 0 8.3 6.8 5.0 2.5 2 0 2 5 5
-6361.0 6603.0 -3.3 355 0 8.3 6.8 7.5 2.5 4 0 3 4 4
-6377.6 6624.4 -2.6 265 0 6.8 8.3 5.0 2.5 2 1 2 2 2
-6353.1 6678.7 -0.4 85 0 6.8 8.3 7.5 2.5 2 1 3 3 3
-6363.0 6711.8 1.1 175 0 8.3 6.8 7.5 2.5 2 0 3 0 0
-6372.7 6747.3 2.4 175 0 8.3 6.8 7.5 2.5 2 0 3 3 3
-6352.7 6755.8 2.7 265 0 6.8 8.3 10.0 2.5 2 1 4 5 5
-6326.0 6752.1 2.8 265 0 6.8 8.3 7.5 2.5 2 1 3 2 2
-6310.2 6739.0 2.5 85 0 6.8 8.3 2.5 2.5 2 1 1 5 5
-6371.9 6782.7 3.1 175 0 8.3 6.8 7.5 2.5 2 0 3 3 3
-6521.2 6231.2 -9.3 33 0 8.3 6.8 10.0 2.5 2 0 4 2 2
-6553.5 6249.5 -9.1 123 0 6.8 8.3 7.5 2.5 2 1 3 4 4
-6546.3 6282.7 -9.8 213 0 8.3 6.8 10.0 2.5 4 0 4 4 4
-6714.0 6393.4 -9.0 33 0 8.3 6.8 7.5 2.5 2 0 3 3 3
-6731.7 6397.9 -9.1 123 0 6.8 8.3 10.0 2.5 2 1 4 3 3
-6750.7 6420.1 -8.3 73 0 8.3 6.9 7.5 2.5 2 0 3 0 0
-6640.8 6403.1 -7.0 33 0 8.3 6.8 7.5 0.0 0 0 3 4 4
-6541.5 6348.6 -7.3 123 0 6.8 8.3 7.5 2.5 2 1 3 0 0
-6493.3 6378.3 -6.7 303 0 6.8 8.3 7.5 2.5 2 1 3 3 3
-6881.5 6449.8 -10.2 33 0 8.3 6.8 5.0 2.5 4 0 2 5 5
-6907.1 6387.5 -11.6 213 0 8.3 6.8 7.5 2.5 2 0 3 2 2
-6711.3 6638.9 -5.2 105 0 7.1 8.0 2.5 2.5 2 1 1 4 4
-6682.5 6616.7 -4.6 105 0 7.1 8.0 7.5 2.5 2 1 3 2 2
-6774.8 6596.6 -7.8 285 0 7.1 8.0 10.0 2.5 2 1 4 0 0
-6524.5 6514.2 -2.4 13 0 8.3 6.8 7.5 2.5 2 0 3 0 0
-6560.1 6553.8 -2.1 195 0 8.0 7.1 5.0 2.5 2 0 2 1 1
-6793.3 6532.0 -9.0 105 0 7.1 8.0 5.0 2.5 4 1 2 5 5
-6864.6 6635.1 -9.0 125 0 7.1 8.0 7.5 2.5 2 1 3 4 4
-6822.7 6638.0 -8.4 305 0 7.1 8.0 5.0 2.5 2 1 2 4 4
-6779.4 6680.3 -6.1 105 0 7.1 8.0 7.5 2.5 2 1 3 0 0
-6736.4 6657.4 -5.7 105 0 7.1 8.0 2.5 2.5 2 1 1 5 5
-6696.4 6467.5 -7.1 294 0 9.2 15.1 7.5 2.5 2 1 3 2 2
-6670.6 6446.6 -6.3 285 0 7.1 8.0 7.5 2.5 2 1 3 4 4
-6678.0 6314.6 -9.6 15 0 8.0 7.1 10.0 2.5 2 0 4 0 0
-6694.5 6334.8 -9.6 285 0 7.1 8.0 5.0 2.5 2 1 2 1 1
-6909.2 6503.9 -10.2 214 0 8.0 7.1 10.0 0.0 0 0 4 3 3
-6872.7 6492.9 -9.7 304 0 7.1 8.0 5.0 2.5 2 1 2 4 4
-6818.1 6445.0 -9.7 214 0 8.0 7.1 7.5 2.5 2 0 3 5 5
-6908.5 6855.3 -6.6 213 0 8.0 7.1 2.5 2.5 2 0 1 3 3
-6817.6 6593.8 -8.8 123 0 14.8 9.2 2.5 2.5 2 0 1 2 2
-6786.2 6573.4 -8.4 39 0 8.0 7.1 5.0 0.0 0 0 2 1 1
-6742.6 6494.0 -8.0 195 0 8.0 7.1 7.5 2.5 2 0 3 4 4
-6812.3 6541.7 -9.2 198 0 11.3 6.9 7.5 2.5 2 0 3 3 3
-6737.6 6431.2 -7.9 253 0 8.3 6.9 7.5 2.5 2 0 3 5 5
-6820.4 6722.3 -5.7 125 0 10.2 8.3 5.0 2.5 2 0 2 3 3
-6821.6 6778.5 -4.6 305 0 10.1 8.3 7.5 2.5 2 0 3 0 0
-6775.9 6741.0 -4.6 305 0 10.1 8.3 5.0 2.5 2 0 2 3 3
-6740.7 6735.7 -3.4 35 0 8.4 7.5 7.5 2.5 2 0 3 2 2
-6536.4 6601.4 -0.6 215 0 8.3 10.1 2.5 2.5 2 1 1 3 3
-6495.2 6545.5 -1.3 35 0 8.3 10.1 7.5 2.5 2 1 3 2 2
-6475.0 6608.0 0.2 305 0 10.2 8.3 5.0 0.0 0 0 2 2 2
-6758.5 6839.0 -0.1 35 0 8.3 10.2 7.5 2.5 2 1 3 5 5
-6754.0 6856.4 0.4 305 0 10.2 8.3 7.5 2.5 2 0 3 0 0
-4901.6 6466.8 -6.1 177 0 30.5 11.0 5.0 2.5 2 0 2 1 1
-4836.8 6471.1 -5.5 357 0 30.5 11.0 5.0 2.5 2 0 2 2 2
-4732.0 6619.3 -5.5 103 0 11.0 30.5 7.5 2.5 2 1 3 3 3
-4713.7 6670.4 -5.8 16 0 20.1 10.0 5.0 2.5 2 0 2 5 5
-4704.7 6703.0 -5.7 15 0 34.0 10.2 7.5 2.5 2 0 3 3 3
-4865.1 6496.1 -6.0 279 0 27.8 10.0 7.5 2.5 2 0 3 2 2
-4770.1 6343.8 -7.3 196 0 9.6 10.5 5.0 2.5 4 1 2 5 5
-4726.5 6376.8 -6.4 8 0 10.6 26.0 5.0 0.0 0 1 2 3 3
-4744.2 6408.3 -5.7 277 0 8.2 20.3 7.5 2.5 2 1 3 4 4
-4694.0 6338.3 -11.0 356 0 9.0 26.3 2.5 2.5 2 1 1 0 0
-4656.6 6308.3 -12.3 86 0 19.2 9.7 7.5 2.5 2 0 3 3 3
-4598.2 6367.9 -7.2 176 0 9.7 19.2 10.0 2.5 2 1 4 0 0
-4550.7 6400.1 -7.9 265 0 14.1 9.7 7.5 2.5 2 0 3 2 2
