3394.7 2973.0 -1.5 104 0 13.1 53.2 12.5 2.5 2 0 5 5 5
3152.6 -2780.5 -1.2 101 0 7.4 20.2 5.0 2.5 2 1 2 5 5
4464.7 2335.9 0.5 124 0 14.1 16.7 7.5 2.5 2 0 3 5 5
4932.7 2118.0 -3.2 297 0 10.6 13.2 7.5 2.5 2 0 3 2 2
4270.2 3230.5 -1.7 196 0 11.9 13.4 5.0 2.5 2 1 2 3 3
3781.1 2703.5 -2.9 28 0 13.9 16.3 7.5 2.5 2 1 3 0 0
4525.3 3048.5 -1.4 31 0 12.0 12.7 7.5 2.5 2 1 3 2 2
3835.3 2195.1 0.3 201 0 18.2 11.6 2.5 2.5 2 0 1 1 1
3599.2 4279.2 -1.4 204 0 8.7 6.8 7.5 2.5 2 0 3 1 1
4347.0 3027.8 0.1 306 0 12.2 9.5 7.5 2.5 2 0 3 5 5
3939.4 2391.4 -2.5 298 0 11.3 12.0 7.5 2.5 2 1 3 0 0
4101.4 2408.7 -1.0 306 0 9.3 9.7 7.5 2.5 2 1 3 2 2
4495.2 2327.7 0.2 306 0 18.0 13.5 5.0 2.5 2 0 2 2 2
4592.4 3074.3 1.1 208 0 13.4 8.9 7.5 2.5 2 0 3 0 0
4262.3 2527.2 1.3 106 0 22.0 11.0 7.5 2.5 2 0 3 5 5
3296.4 4411.4 -2.9 125 0 12.4 10.1 7.5 2.5 2 0 3 0 0
4784.1 3238.7 -1.5 123 0 6.9 6.3 5.0 2.5 2 0 2 0 0
4048.3 2622.1 0.7 110 0 16.3 15.6 15.0 0.0 0 0 6 3 3
4486.2 3852.6 -2.1 219 0 11.0 12.6 7.5 2.5 2 1 3 3 3
4373.4 3357.9 -1.5 120 0 8.1 7.5 5.0 0.0 0 0 2 5 5
4622.1 2751.6 -1.4 304 0 15.1 9.7 7.5 2.5 4 0 3 3 3
4295.3 3082.5 -1.5 121 0 14.5 9.9 7.5 2.5 2 0 3 1 1
3990.1 2327.0 -1.8 126 0 6.9 7.6 7.5 2.5 2 1 3 3 3
4219.5 2203.5 1.1 296 0 7.4 6.8 5.0 2.5 2 0 2 3 3
3445.0 4212.9 -2.3 120 0 11.4 11.8 7.5 2.5 4 1 3 3 3
4718.6 3435.3 -0.5 43 0 13.9 11.2 5.0 2.5 2 0 2 2 2
4739.4 3072.5 -1.2 305 0 10.6 12.9 7.5 2.5 2 1 3 4 4
4120.8 2532.3 -0.8 26 0 16.3 15.9 12.5 2.5 4 0 5 3 3
3792.6 2207.5 0.4 295 0 19.5 15.4 7.5 2.5 2 0 3 0 0
3457.9 4426.5 -2.1 296 0 9.0 8.3 2.5 2.5 2 0 1 3 3
4702.6 3304.1 -0.0 205 0 16.2 9.7 2.5 2.5 2 0 1 4 4
4413.3 3337.1 -2.3 128 0 16.0 11.8 7.5 2.5 2 0 3 5 5
4440.3 2352.8 1.2 220 0 12.9 16.0 7.5 2.5 4 1 3 5 5
4914.7 2140.8 -2.4 289 0 10.2 10.3 10.0 2.5 2 1 4 1 1
3723.5 2628.1 -4.2 199 0 13.7 19.9 10.0 2.5 2 1 4 1 1
4019.7 2306.4 -1.3 26 0 10.6 12.2 2.5 2.5 2 1 1 3 3
4493.4 3030.0 -0.8 33 0 11.2 12.6 7.5 2.5 2 1 3 0 0
3824.3 2157.5 0.4 126 0 11.9 13.8 7.5 2.5 2 1 3 0 0
4734.5 2413.9 -3.0 112 0 6.9 13.9 7.5 2.5 2 1 3 2 2
4347.5 2882.4 0.6 34 0 11.0 16.0 5.0 2.5 2 1 2 0 0
4119.5 2328.2 -1.2 36 0 17.9 13.9 5.0 2.5 2 0 2 2 2
3534.5 4264.3 -1.3 304 0 6.3 15.2 7.5 2.5 2 1 3 2 2
4564.8 3000.2 0.1 34 0 10.9 15.4 7.5 0.0 0 1 3 0 0
4312.0 2567.6 0.4 300 0 17.2 15.5 7.5 2.5 2 0 3 0 0
3302.7 4467.3 -2.2 209 0 10.9 12.9 7.5 2.5 4 1 3 2 2
4202.4 1667.7 1.5 209 0 13.8 11.4 7.5 2.5 2 0 3 1 1
4083.8 2635.1 1.3 301 0 15.3 14.0 5.0 2.5 4 0 2 3 3
4521.2 3825.9 -1.9 28 0 6.8 9.3 2.5 2.5 2 1 1 1 1
3608.8 4149.7 -2.3 277 0 10.5 11.3 7.5 2.5 2 1 3 5 5
4595.5 2760.6 -1.2 292 0 10.3 8.4 7.5 2.5 2 0 3 0 0
4386.2 2795.8 0.7 214 0 13.8 15.9 7.5 2.5 2 1 3 4 4
4185.2 2143.2 0.6 119 0 8.9 11.4 5.0 2.5 2 1 2 0 0
3424.8 4245.1 -2.5 117 0 11.0 10.5 7.5 2.5 2 0 3 2 2
4781.3 3547.6 -2.7 130 0 12.7 9.2 10.0 2.5 2 0 4 4 4
4152.7 2589.2 0.7 19 0 18.0 11.9 2.5 2.5 2 0 1 4 4
4408.6 2116.7 0.9 126 0 17.3 14.4 10.0 2.5 4 0 4 3 3
3430.0 4425.2 -1.4 303 0 10.7 8.6 5.0 2.5 2 0 2 5 5
4784.5 3458.7 -2.6 213 0 12.6 16.3 7.5 2.5 2 1 3 0 0
4542.3 3335.3 -1.6 116 0 13.2 8.7 7.5 2.5 2 0 3 3 3
4453.5 2399.9 0.9 294 0 15.4 14.5 7.5 2.5 2 0 3 5 5
4805.2 2024.2 -1.7 122 0 13.0 15.2 10.0 2.5 2 1 4 1 1
4339.7 3895.3 -3.8 119 0 11.1 6.4 7.5 2.5 2 0 3 4 4
3831.5 2848.9 0.2 114 0 11.3 8.7 2.5 2.5 2 0 1 3 3
3916.4 4097.7 -1.8 25 0 9.2 13.3 7.5 2.5 2 1 3 1 1
4506.1 3250.3 -0.8 307 0 13.2 11.3 7.5 2.5 2 0 3 0 0
3863.1 2136.3 1.4 113 0 13.4 15.9 10.0 2.5 4 1 4 0 0
4678.1 3376.8 0.6 296 0 21.3 14.1 10.0 2.5 2 0 4 2 2
4396.8 2927.8 0.5 39 0 10.2 16.4 7.5 2.5 2 1 3 1 1
3904.0 2289.1 -0.1 299 0 8.6 10.8 7.5 0.0 0 1 3 1 1
4092.1 2362.9 -0.8 212 0 9.4 14.5 7.5 2.5 2 1 3 3 3
3560.4 4270.4 -1.0 299 0 8.8 11.7 7.5 2.5 2 1 3 5 5
4618.6 2791.5 -2.3 119 0 6.0 6.5 5.0 2.5 4 1 2 4 4
4374.3 2528.1 1.3 300 0 15.0 11.8 7.5 2.5 2 0 3 5 5
3297.7 4114.0 -7.7 123 0 11.5 11.2 7.5 2.5 2 0 3 5 5
3831.4 1631.7 2.5 129 0 15.2 18.8 12.5 2.5 2 1 5 4 4
4091.1 2564.2 -0.4 103 0 16.0 18.1 7.5 2.5 2 1 3 2 2
4471.4 2979.1 -0.1 45 0 14.1 23.4 5.0 2.5 2 1 2 5 5
3545.9 4154.6 -1.8 121 0 12.2 10.3 10.0 2.5 2 0 4 2 2
4600.1 2707.5 -1.4 121 0 9.4 9.2 5.0 2.5 2 0 2 2 2
4446.5 2766.8 -0.3 309 0 13.7 15.9 2.5 2.5 2 1 1 1 1
4155.0 2186.6 -0.4 212 0 10.4 11.5 7.5 2.5 2 1 3 0 0
3467.0 4268.9 -1.9 292 0 14.6 8.6 2.5 2.5 2 0 1 0 0
4219.2 2621.0 -0.1 117 0 14.4 13.5 7.5 2.5 2 0 3 3 3
4392.1 2103.2 1.5 306 0 11.9 14.7 10.0 2.5 2 1 4 4 4
3384.3 4424.5 -2.0 294 0 10.8 8.8 5.0 2.5 2 0 2 4 4
4806.4 3407.7 -1.3 35 0 13.5 14.0 10.0 0.0 0 1 4 3 3
4495.8 2385.8 0.0 18 0 15.2 13.5 5.0 2.5 2 0 2 1 1
4367.6 3922.1 -3.3 294 0 12.3 9.0 5.0 2.5 2 0 2 0 0
3849.3 2836.3 0.5 123 0 13.7 8.7 7.5 2.5 2 0 3 2 2
4324.2 3518.3 -1.4 111 0 6.4 6.8 10.0 2.5 2 1 4 0 0
4391.2 3089.9 -0.2 119 0 13.5 9.1 7.5 2.5 2 0 3 3 3
3725.2 4322.5 -2.7 27 0 11.2 14.5 7.5 2.5 2 1 3 0 0
4653.2 3437.9 0.7 298 0 12.9 17.6 7.5 2.5 2 1 3 2 2
4488.3 2949.6 -0.5 222 0 14.1 17.2 5.0 2.5 4 1 2 5 5
3887.4 2229.2 0.9 306 0 8.0 8.8 5.0 2.5 2 1 2 5 5
4538.9 2118.5 -0.0 36 0 13.4 17.9 7.5 2.5 2 1 3 4 4
3529.4 4208.7 -1.5 203 0 11.5 13.3 5.0 2.5 2 1 2 3 3
3992.0 2765.3 -1.2 294 0 15.6 10.3 7.5 2.5 2 0 3 1 1
4450.0 2475.1 0.0 124 0 13.6 18.8 7.5 2.5 2 1 3 0 0
4924.0 2155.3 -2.8 306 0 6.6 6.4 2.5 2.5 2 0 1 0 0
4298.1 3204.3 -0.8 35 0 12.2 11.4 7.5 2.5 2 0 3 1 1
3737.3 2686.0 -4.2 202 0 10.2 16.0 5.0 0.0 0 1 2 1 1
4862.5 2085.0 -1.7 117 0 7.7 7.2 7.5 2.5 2 0 3 5 5
4686.4 2684.5 -3.2 288 0 7.1 10.7 2.5 2.5 2 1 1 2 2
4004.2 2429.2 -2.6 300 0 13.6 15.7 5.0 2.5 2 1 2 0 0
4178.6 2241.4 -0.1 202 0 16.8 12.7 10.0 2.5 2 0 4 3 3
3495.5 4153.0 -2.4 205 0 7.8 9.3 5.0 2.5 2 1 2 0 0
4521.0 2273.4 -0.1 124 0 13.5 13.8 2.5 2.5 2 1 1 2 2
4623.5 3134.9 0.6 210 0 16.7 10.5 5.0 0.0 0 0 2 3 3
4205.9 2534.5 1.2 111 0 22.0 14.2 7.5 2.5 2 0 3 3 3
3340.7 4404.1 -2.8 114 0 12.5 10.8 7.5 2.5 2 0 3 3 3
4768.0 3393.2 -0.1 211 0 12.7 14.1 10.0 2.5 2 1 4 5 5
4659.1 3208.9 -0.5 207 0 10.3 15.8 5.0 0.0 0 1 2 2 2
4022.6 2710.4 -0.2 114 0 16.9 14.5 2.5 2.5 4 0 1 0 0
4540.9 2011.4 -0.6 122 0 13.4 10.1 5.0 2.5 2 0 2 5 5
4438.1 3890.0 -2.3 28 0 9.7 11.8 7.5 2.5 2 1 3 4 4
3728.8 4087.9 -1.1 194 0 15.1 7.2 5.0 2.5 2 0 2 3 3
4701.0 3485.4 -1.3 214 0 14.8 14.5 7.5 2.5 4 0 3 1 1
4462.1 2928.7 0.1 220 0 12.3 16.9 10.0 2.5 2 1 4 2 2
3847.4 2265.1 0.2 32 0 8.1 14.8 5.0 2.5 2 1 2 3 3
4462.9 2123.1 1.7 293 0 13.2 10.7 7.5 0.0 0 0 3 2 2
3633.7 4495.7 -4.8 15 0 9.3 9.5 7.5 2.5 2 1 3 1 1
3963.2 2807.4 -0.6 109 0 13.6 13.4 7.5 2.5 2 0 3 3 3
4370.0 3337.9 -1.8 306 0 11.1 16.7 5.0 2.5 2 1 2 0 0
-2843.3 4154.4 -3.8 182 0 42.9 34.1 10.0 2.5 2 0 4 2 2
-5800.9 -4815.2 -10.1 115 0 10.1 31.9 10.0 0.0 0 1 4 3 3
-5185.8 -6048.1 -10.3 195 0 54.5 31.1 10.0 0.0 0 0 4 3 3
-6540.2 4290.3 -5.8 194 0 45.0 28.2 7.5 0.0 0 0 3 2 2
-1608.2 2650.9 -5.7 29 0 22.7 12.8 10.0 2.5 2 0 4 1 1
-4946.8 3093.2 -3.9 209 0 44.2 27.6 12.5 0.0 0 0 5 2 2
-1768.9 6286.5 -6.0 26 0 25.0 12.9 12.5 2.5 2 0 5 4 4
-2974.8 5479.3 -5.0 217 0 37.6 27.3 10.0 0.0 0 0 4 0 0
-992.5 6699.2 -6.9 283 0 20.8 34.4 12.5 0.0 0 1 5 1 1
-843.1 6638.0 -3.3 106 0 49.2 60.9 7.5 0.0 0 1 3 5 5
29.2 6592.1 -5.3 118 0 108.2 106.7 7.5 0.0 0 0 3 5 5
2516.0 -3551.1 0.4 197 0 46.1 23.6 7.5 0.0 0 0 3 0 0
899.8 -3167.9 0.3 283 0 11.6 24.0 7.5 2.5 2 1 3 0 0
1098.2 -2942.2 -1.4 185 0 56.7 31.1 10.0 0.0 0 0 4 5 5
1065.5 -1464.5 1.0 202 0 50.1 29.6 12.5 0.0 0 0 5 2 2
-1646.4 -2454.3 -4.8 216 0 95.5 152.3 12.5 0.0 0 1 5 4 4
1830.2 -3019.4 -1.7 41 0 25.6 37.5 10.0 2.5 4 1 4 3 3
3688.1 1075.3 -0.5 169 0 41.1 26.7 12.5 0.0 0 0 5 4 4
3074.8 -751.7 3.3 198 0 42.1 21.0 12.5 2.5 2 0 5 1 1
3108.1 834.4 -3.2 16 0 51.1 29.8 10.0 0.0 0 0 4 4 4
644.9 3110.9 -3.3 271 0 25.3 49.3 10.0 2.5 2 1 4 0 0
1909.3 -122.0 0.9 123 0 33.3 58.3 10.0 0.0 0 1 4 3 3
1722.9 735.1 1.8 7 0 34.7 17.4 10.0 0.0 0 0 4 4 4
814.1 2173.9 -3.1 181 0 42.4 41.9 10.0 0.0 0 0 4 3 3
325.0 4432.4 -2.4 205 0 9.4 9.7 5.0 2.5 2 1 2 4 4
113.3 4329.7 -2.2 109 0 8.1 13.9 7.5 2.5 2 1 3 5 5
19.6 4306.2 -1.6 113 0 9.8 15.0 2.5 2.5 2 1 1 3 3
162.2 4312.9 -2.3 24 0 15.7 8.4 10.0 2.5 4 0 4 4 4
205.3 4232.4 -2.1 22 0 11.5 6.7 5.0 2.5 2 0 2 1 1
181.9 4177.7 -2.7 289 0 13.1 13.0 7.5 2.5 2 0 3 3 3
274.4 4109.2 2.0 112 0 11.6 13.7 7.5 2.5 2 1 3 2 2
530.1 3367.3 -1.7 10 0 20.7 16.6 7.5 0.0 0 0 3 0 0
560.7 3697.2 -4.0 301 0 8.5 34.9 14.0 3.5 2 1 4 3 3
750.2 4593.2 -3.1 28 0 10.2 17.6 2.5 2.5 2 1 1 5 5
744.0 4624.0 -3.9 203 0 10.4 15.1 5.0 2.5 4 1 2 0 0
472.6 4692.6 -3.0 102 0 17.3 12.6 5.0 2.5 2 0 2 4 4
449.3 4768.3 -3.2 200 0 15.6 15.4 2.5 2.5 2 0 1 4 4
2585.7 4386.9 0.4 113 0 10.7 15.3 7.5 2.5 2 1 3 4 4
2659.2 4366.4 0.9 114 0 12.3 8.0 7.5 2.5 2 0 3 4 4
2740.5 4221.9 -0.6 35 0 9.0 11.7 5.0 2.5 2 1 2 5 5
4519.9 3571.6 -1.3 38 0 13.2 8.1 7.5 2.5 4 0 3 4 4
4452.0 3585.1 -1.7 308 0 11.9 14.9 2.5 2.5 4 1 1 1 1
4085.2 3692.7 -2.8 195 0 21.6 7.4 7.5 2.5 2 0 3 0 0
4110.3 3312.0 -1.9 116 0 9.8 15.0 10.0 2.5 2 1 4 3 3
4149.5 3237.2 -0.5 219 0 9.6 13.8 5.0 2.5 2 1 2 1 1
601.0 3682.0 -3.5 285 0 7.8 11.1 14.0 0.0 0 1 4 1 1
642.9 3488.0 -1.0 89 0 14.8 15.9 5.0 2.5 2 1 2 1 1
850.7 3470.5 1.8 114 0 9.3 12.0 10.5 3.5 2 1 3 1 1
817.1 3509.4 2.6 113 0 30.8 7.0 10.5 3.5 2 0 3 1 1
742.9 3650.5 0.7 287 0 14.1 15.0 10.5 3.5 2 1 3 0 0
809.1 3499.7 1.8 303 0 6.8 10.8 10.5 3.5 2 1 3 3 3
768.8 3862.8 2.0 99 0 6.6 11.3 7.5 2.5 2 1 3 0 0
784.9 3526.0 2.8 115 0 14.0 19.2 10.5 3.5 2 1 3 5 5
495.4 3578.8 -0.4 297 0 8.9 12.5 5.0 2.5 2 1 2 3 3
803.2 3628.4 0.7 287 0 15.0 15.2 10.5 3.5 2 1 3 1 1
842.9 3880.4 1.7 99 0 12.3 13.4 7.5 2.5 2 1 3 5 5
525.2 3688.9 -2.8 206 0 43.3 10.6 14.0 3.5 2 0 4 1 1
-3558.3 4121.5 -2.5 96 0 22.3 9.2 5.0 2.5 2 0 2 4 4
-3441.8 4091.2 -5.7 334 0 14.1 12.8 10.0 2.5 2 0 4 2 2
-3603.9 4252.0 -2.5 19 0 13.9 8.2 7.5 2.5 4 0 3 2 2
-3607.3 4227.8 -1.7 22 0 10.2 15.6 7.5 2.5 2 1 3 5 5
-3461.8 4111.5 -4.7 3 0 11.2 24.2 10.0 2.5 2 1 4 0 0
-3487.5 4151.6 -3.6 270 0 12.6 13.2 7.0 2.5 2 1 2 0 0
-3488.0 4132.8 -3.8 279 0 10.5 7.7 10.0 2.5 2 0 4 3 3
-3500.2 4087.7 -4.3 102 0 14.4 33.1 7.5 2.5 2 1 3 4 4
-3590.9 4121.6 -2.5 94 0 28.1 9.4 12.5 2.5 2 0 5 3 3
-3916.0 3539.7 -0.3 126 0 7.2 6.9 5.0 2.5 2 0 2 4 4
-3887.9 3544.5 -0.5 22 0 10.4 17.6 5.0 2.5 2 1 2 2 2
-4157.1 2017.9 -2.4 130 0 7.3 12.0 2.5 2.5 4 1 1 2 2
-4469.6 4096.7 1.8 23 0 9.9 19.4 14.0 3.5 2 1 4 4 4
-4427.3 3950.3 -1.5 122 0 15.5 10.7 2.5 2.5 2 0 1 3 3
-4494.7 3544.2 -1.7 39 0 10.1 11.7 7.5 2.5 2 1 3 0 0
-4406.2 3552.7 0.5 287 0 10.0 14.8 5.0 2.5 2 1 2 5 5
-4239.2 3383.4 -0.3 36 0 10.5 12.4 10.0 2.5 2 1 4 4 4
-4237.0 3321.9 -1.9 210 0 11.8 14.6 7.5 2.5 2 1 3 4 4
-4224.4 3158.5 -1.1 113 0 16.3 14.5 5.0 2.5 2 0 2 4 4
-2821.0 2905.6 -0.8 132 0 16.9 8.2 7.5 0.0 0 0 3 3 3
-2851.6 2962.1 -0.7 138 0 14.3 10.6 7.5 2.5 2 0 3 0 0
-2992.1 2992.3 -2.1 126 0 13.5 13.2 7.5 2.5 2 0 3 3 3
-3054.9 2680.7 -1.7 294 0 8.6 9.0 10.0 2.5 2 1 4 1 1
-3013.5 2537.7 1.0 40 0 12.3 15.2 7.5 0.0 0 1 3 1 1
-2991.7 2563.9 0.4 29 0 14.3 12.1 5.0 0.0 0 0 2 4 4
-3118.2 2638.5 0.4 199 0 13.3 15.2 7.5 2.5 2 1 3 4 4
-3097.1 2869.9 -2.4 123 0 13.6 13.6 2.5 2.5 2 1 1 4 4
-3105.6 2915.9 -3.5 123 0 10.8 19.1 7.5 2.5 2 1 3 0 0
536.8 1167.1 2.6 208 0 9.2 11.4 10.0 2.5 2 1 4 0 0
754.1 1062.3 1.4 117 0 6.7 14.0 7.5 0.0 0 1 3 4 4
783.1 1239.1 0.8 302 0 11.3 16.0 5.0 2.5 2 1 2 0 0
736.2 1149.8 0.7 125 0 10.1 12.2 7.5 2.5 2 1 3 2 2
902.2 1044.7 3.2 30 0 10.9 13.5 5.0 2.5 2 1 2 4 4
842.9 1011.4 2.6 34 0 7.4 8.8 7.5 2.5 2 1 3 2 2
-92.9 704.0 2.6 280 0 7.6 14.4 5.0 2.5 2 1 2 3 3
-121.9 714.5 2.7 283 0 6.5 22.4 2.5 2.5 4 1 1 2 2
-147.1 762.2 3.1 120 0 9.2 13.4 7.5 0.0 0 1 3 3 3
-277.7 803.6 1.5 302 0 31.4 6.8 5.0 2.5 2 0 2 5 5
-311.2 795.3 1.3 117 0 10.6 24.2 7.5 2.5 2 1 3 3 3
-330.7 796.6 1.2 120 0 8.1 35.3 7.5 2.5 2 1 3 4 4
-672.9 1324.3 1.1 282 0 6.6 6.8 7.5 2.5 2 1 3 4 4
-696.0 1301.7 0.1 97 0 7.7 9.2 7.5 2.5 2 1 3 3 3
-608.7 1297.5 2.5 142 0 9.1 6.6 2.5 2.5 2 0 1 0 0
-349.3 1307.2 4.0 38 0 6.2 6.1 7.5 2.5 2 0 3 1 1
-143.6 1477.1 1.5 204 0 8.7 11.7 5.0 2.5 2 1 2 2 2
-111.8 1503.8 1.2 300 0 10.6 9.4 7.5 2.5 2 0 3 3 3
230.6 1172.3 1.8 120 0 13.6 12.7 7.5 2.5 2 0 3 1 1
309.1 1115.9 3.7 200 0 14.4 13.6 7.5 2.5 2 0 3 4 4
392.1 1172.8 3.8 298 0 12.6 10.0 7.5 2.5 4 0 3 4 4
379.1 1095.9 2.4 129 0 8.2 9.6 10.0 2.5 2 1 4 5 5
424.0 1160.5 3.1 303 0 8.3 16.9 5.0 2.5 4 1 2 5 5
478.3 1176.5 3.2 287 0 9.2 14.6 2.5 2.5 2 1 1 3 3
514.0 1133.8 2.3 116 0 11.9 12.9 2.5 2.5 2 1 1 0 0
1019.4 -1209.4 3.3 36 0 10.0 15.9 7.5 2.5 2 1 3 3 3
1056.5 -1267.0 2.6 315 0 18.6 14.0 12.5 2.5 4 0 5 2 2
1064.1 -1191.5 0.1 223 0 14.0 13.1 7.5 2.5 2 0 3 5 5
1206.4 -1172.4 2.0 139 0 9.2 7.6 7.5 2.5 2 0 3 1 1
1166.3 -1209.8 -0.2 118 0 13.7 13.7 10.0 2.5 2 1 4 0 0
1151.0 -1226.7 -1.0 301 0 9.8 11.1 5.0 2.5 2 1 2 5 5
1188.5 -1249.5 -0.4 205 0 7.6 8.1 5.0 2.5 2 1 2 3 3
1189.8 -1302.5 0.2 308 0 12.9 10.2 7.5 0.0 0 0 3 2 2
1130.4 -1329.3 1.2 123 0 9.1 13.6 10.0 2.5 2 1 4 2 2
1180.1 -1356.2 2.7 125 0 10.7 11.8 7.5 2.5 2 1 3 0 0
1240.7 -1422.6 3.7 131 0 12.5 14.7 10.0 2.5 2 1 4 2 2
1189.6 -1384.6 4.0 128 0 8.6 16.3 10.0 2.5 2 1 4 2 2
833.2 3567.6 1.4 211 0 30.9 8.5 10.5 3.5 2 0 3 2 2
857.3 3591.4 0.8 287 0 8.7 12.2 10.5 3.5 4 1 3 2 2
864.9 3619.5 0.1 285 0 10.3 28.9 10.5 3.5 2 1 3 3 3
881.0 3619.4 0.1 280 0 15.0 6.6 10.5 3.5 2 0 3 5 5
878.7 3613.1 0.2 280 0 17.4 9.1 10.5 3.5 2 0 3 5 5
866.2 3654.5 -0.1 201 0 6.9 20.3 14.0 3.5 4 1 4 0 0
952.4 3619.0 0.5 107 0 34.8 8.5 14.0 0.0 0 0 4 1 1
920.4 3628.2 0.2 108 0 25.5 8.8 14.0 3.5 2 0 4 1 1
921.1 3549.3 1.2 28 0 10.5 13.9 10.5 3.5 2 1 3 2 2
935.1 3558.5 1.0 26 0 36.4 8.0 10.5 3.5 2 0 3 5 5
946.0 3592.3 0.7 293 0 10.5 16.4 10.5 3.5 2 1 3 3 3
924.9 3604.3 0.4 289 0 34.7 10.1 10.5 3.5 2 0 3 2 2
2767.0 -1249.7 3.0 232 0 7.0 32.4 7.5 2.5 2 1 3 2 2
1168.7 -1396.7 1.7 111 0 164.6 338.2 12.5 0.0 0 1 5 5 5
1613.8 -4858.8 0.6 288 0 14.8 208.4 10.0 0.0 0 1 4 3 3
919.6 3960.1 -0.5 40 0 11.8 9.7 7.5 2.5 2 0 3 4 4
853.4 3999.2 -0.6 298 0 7.4 13.4 7.5 2.5 2 1 3 5 5
2628.9 6446.8 -4.2 39 0 9.3 10.1 5.0 2.5 2 1 2 0 0
2826.6 6552.2 -5.6 307 0 8.5 17.3 7.5 2.5 2 1 3 1 1
4433.5 6387.1 -3.8 125 0 13.8 14.2 7.5 2.5 4 1 3 3 3
4894.8 6677.8 -1.8 309 0 11.4 8.7 7.5 2.5 2 0 3 1 1
4856.0 6614.4 -2.3 222 0 10.8 7.1 7.5 2.5 2 0 3 3 3
4800.3 6598.1 -2.2 225 0 6.2 8.7 5.0 2.5 2 1 2 5 5
4819.5 6537.7 -3.0 134 0 10.7 7.2 7.5 0.0 0 0 3 3 3
4908.2 6510.1 -1.1 123 0 6.6 8.7 5.0 2.5 2 1 2 4 4
4973.3 6434.2 -3.2 128 0 7.8 7.3 5.0 2.5 2 0 2 2 2
5087.5 6489.6 -4.0 301 0 7.0 10.6 7.5 2.5 2 1 3 0 0
5075.3 6472.4 -4.0 123 0 9.1 8.8 5.0 0.0 0 0 2 4 4
5191.6 6336.4 -5.1 315 0 11.0 16.2 7.5 2.5 2 1 3 1 1
5256.3 6267.0 -2.4 307 0 15.8 12.8 2.5 2.5 2 0 1 0 0
5287.1 6275.0 -3.1 123 0 12.8 13.1 10.0 2.5 2 1 4 2 2
5266.0 6511.5 -3.2 302 0 6.4 7.0 5.0 2.5 4 1 2 5 5
5291.7 6472.6 -4.0 303 0 12.2 13.6 7.5 2.5 2 1 3 4 4
5322.3 6639.1 -4.3 29 0 8.8 11.3 5.0 2.5 2 1 2 3 3
5319.9 6582.7 -4.3 28 0 12.3 10.6 5.0 2.5 2 0 2 1 1
5517.1 6634.6 -5.3 37 0 10.9 16.1 10.0 2.5 2 1 4 4 4
5519.4 6679.6 -5.8 216 0 12.0 10.7 7.5 2.5 2 0 3 4 4
5543.0 6714.5 -7.4 219 0 9.9 12.8 7.5 2.5 2 1 3 0 0
5578.3 6777.8 -7.4 212 0 8.8 10.6 2.5 2.5 2 1 1 1 1
5661.0 6820.4 -5.3 220 0 8.6 13.4 5.0 2.5 2 1 2 1 1
5710.6 6762.2 -7.6 216 0 8.3 10.4 7.5 0.0 0 1 3 1 1
5429.4 6815.5 -4.9 39 0 14.1 6.9 10.0 2.5 2 0 4 0 0
5401.5 6787.6 -5.3 123 0 9.8 6.7 5.0 2.5 2 0 2 1 1
5252.9 6729.4 -2.8 114 0 11.5 14.0 2.5 2.5 2 1 1 0 0
5196.6 6781.1 -1.8 126 0 10.4 13.4 5.0 2.5 2 1 2 3 3
4928.1 6793.7 -3.4 40 0 10.6 6.9 5.0 2.5 2 0 2 0 0
4916.8 6776.1 -2.3 30 0 7.5 13.3 5.0 2.5 2 1 2 2 2
4872.3 6843.5 -3.1 305 0 6.6 9.1 7.5 2.5 2 1 3 5 5
4864.0 6849.2 -3.1 306 0 7.2 10.0 10.0 2.5 2 1 4 1 1
4741.7 6820.5 -3.2 304 0 8.4 12.3 7.5 2.5 2 1 3 2 2
4763.7 6678.3 -1.0 133 0 6.6 6.6 7.5 2.5 2 1 3 2 2
4743.3 6611.6 -1.8 307 0 7.2 7.8 2.5 2.5 2 1 1 3 3
4736.1 6619.2 -1.6 309 0 8.9 9.5 10.0 2.5 2 1 4 4 4
4579.4 6780.3 -3.5 127 0 10.0 16.5 2.5 2.5 2 1 1 3 3
4639.9 6770.7 -4.0 31 0 10.9 14.6 5.0 2.5 2 1 2 5 5
4620.2 6736.4 -3.2 125 0 14.2 20.5 10.0 2.5 4 1 4 0 0
4568.1 6642.1 -3.9 44 0 6.5 10.2 7.5 2.5 2 1 3 5 5
4576.9 6649.0 -3.7 42 0 10.8 15.2 7.5 2.5 4 1 3 0 0
4454.4 6531.6 -4.5 131 0 10.0 11.7 5.0 2.5 2 1 2 1 1
4382.9 6489.5 -4.8 216 0 12.9 12.0 5.0 2.5 2 0 2 2 2
4307.8 6663.7 -3.0 130 0 11.8 13.7 2.5 0.0 0 1 1 3 3
4366.0 6597.1 -2.9 44 0 11.4 8.7 7.5 2.5 2 0 3 4 4
4178.2 6578.3 -4.2 221 0 8.6 13.6 5.0 2.5 2 1 2 3 3
3297.9 6243.0 -4.9 223 0 15.4 9.0 7.5 2.5 2 0 3 1 1
3285.3 6266.8 -6.6 42 0 8.0 12.3 7.5 2.5 2 1 3 3 3
2554.1 6303.5 -1.4 210 0 17.6 9.7 7.5 2.5 2 0 3 4 4
2629.7 6354.8 -1.9 313 0 8.3 7.0 7.5 2.5 4 0 3 4 4
2917.4 6434.7 -6.0 320 0 7.4 6.3 7.5 2.5 2 0 3 2 2
2941.9 6371.9 -5.2 317 0 16.1 7.4 5.0 2.5 2 0 2 2 2
2925.8 6342.4 -3.4 46 0 7.5 14.1 7.5 2.5 2 1 3 1 1
2889.3 6235.4 -2.7 25 0 8.8 6.1 7.5 2.5 4 0 3 2 2
2799.1 6353.1 -2.7 304 0 6.6 13.1 7.5 2.5 2 1 3 5 5
6152.1 6394.8 -6.0 27 0 8.7 13.1 5.0 2.5 2 1 2 5 5
5850.4 6395.1 -5.8 297 0 9.7 9.7 10.0 2.5 2 1 4 0 0
5787.6 6355.9 -5.0 116 0 14.2 9.2 5.0 2.5 2 0 2 2 2
5758.4 6403.2 -4.3 36 0 11.4 9.3 7.5 2.5 2 0 3 0 0
6153.8 6859.3 -7.3 287 0 8.2 13.5 7.5 2.5 2 1 3 3 3
6213.4 6846.3 -8.9 237 0 18.2 21.1 12.5 2.5 2 1 5 0 0
6243.5 6783.8 -9.6 130 0 8.1 28.4 5.0 2.5 2 1 2 1 1
6131.1 6822.0 -7.9 206 0 15.3 14.2 5.0 2.5 2 0 2 4 4
6132.1 6491.9 -4.4 116 0 8.0 8.6 5.0 2.5 2 1 2 1 1
6147.3 6580.4 -7.1 32 0 7.5 9.0 7.5 2.5 2 1 3 1 1
6190.1 6447.8 -5.0 22 0 9.8 10.7 7.5 2.5 2 1 3 5 5
6282.8 6512.9 -6.0 126 0 6.6 7.9 7.5 2.5 2 1 3 1 1
6801.4 6847.6 -8.0 301 0 10.4 7.9 2.5 2.5 2 0 1 5 5
6835.4 6776.3 -8.4 206 0 8.2 8.4 2.5 2.5 2 1 1 1 1
6910.1 6601.3 -9.0 23 0 9.8 8.8 7.5 2.5 2 0 3 2 2
6880.6 6727.4 -8.7 301 0 12.2 7.8 7.5 2.5 2 0 3 5 5
6537.1 6636.3 -7.9 209 0 7.2 8.7 10.0 0.0 0 1 4 3 3
6590.0 6484.8 -9.2 21 0 7.8 7.4 7.5 2.5 2 0 3 4 4
6638.6 6350.6 -9.3 25 0 7.5 9.9 5.0 0.0 0 1 2 0 0
-4516.6 3500.6 -2.9 28 0 7.3 7.4 7.5 2.5 2 1 3 5 5
-4188.3 3491.8 0.7 294 0 7.3 7.7 5.0 0.0 0 1 2 0 0
-4211.7 3444.8 -0.2 28 0 10.0 7.5 7.5 2.5 2 0 3 3 3
-4408.7 3529.4 0.7 107 0 9.5 6.0 10.0 0.0 0 0 4 1 1
-4160.5 3523.7 0.3 120 0 15.2 11.2 5.0 2.5 2 0 2 5 5
-4171.3 3630.6 -0.6 115 0 15.5 11.3 10.0 2.5 2 0 4 1 1
-92.5 1796.5 -2.9 289 0 8.2 19.0 7.5 2.5 2 1 3 4 4
-156.4 1695.1 -1.8 125 0 9.7 8.4 7.5 2.5 2 0 3 0 0
-198.2 1652.7 0.2 298 0 8.3 9.8 5.0 2.5 2 1 2 1 1
-208.9 1640.4 0.5 205 0 6.2 7.1 5.0 2.5 2 1 2 2 2
-163.0 1558.9 0.0 210 0 7.7 17.5 2.5 2.5 2 1 1 4 4
-151.7 1456.0 1.9 205 0 11.1 10.8 7.5 2.5 2 0 3 2 2
-47.5 1493.5 1.7 301 0 13.8 11.6 7.5 2.5 2 0 3 5 5
-79.6 1573.3 -0.1 114 0 14.2 8.9 2.5 2.5 2 0 1 5 5
37.2 1562.9 0.5 122 0 9.0 13.9 5.0 2.5 4 1 2 5 5
119.9 1427.3 2.7 26 0 14.8 10.0 10.0 2.5 2 0 4 2 2
189.9 1421.6 2.3 126 0 8.5 18.3 10.0 0.0 0 1 4 3 3
290.7 1433.7 1.6 113 0 15.0 14.2 7.5 0.0 0 0 3 3 3
346.4 1428.8 1.0 110 0 9.1 9.4 5.0 2.5 4 1 2 2 2
369.2 1410.4 0.5 116 0 11.4 8.8 2.5 2.5 4 0 1 3 3
364.0 1473.8 0.4 13 0 6.7 6.2 5.0 2.5 4 0 2 2 2
310.2 1481.9 1.1 209 0 11.5 11.9 2.5 2.5 2 1 1 1 1
371.1 1530.5 -0.2 285 0 9.9 19.8 5.0 2.5 2 1 2 3 3
410.0 1505.2 0.3 17 0 7.1 14.9 7.5 2.5 2 1 3 2 2
535.9 1470.8 1.5 25 0 10.6 19.9 7.5 2.5 2 1 3 5 5
545.2 1499.9 1.9 208 0 10.7 13.2 5.0 2.5 2 1 2 4 4
541.6 1552.6 2.7 298 0 10.3 9.3 5.0 2.5 2 0 2 4 4
508.0 1548.5 2.8 122 0 9.6 9.3 7.5 2.5 4 0 3 3 3
613.6 1546.6 2.4 209 0 9.4 14.2 2.5 2.5 4 1 1 4 4
637.9 1592.3 2.6 19 0 11.0 11.0 7.5 2.5 2 0 3 0 0
588.8 1688.6 2.8 194 0 8.1 8.4 5.0 2.5 2 1 2 0 0
607.4 1690.7 2.6 16 0 6.8 6.2 7.5 2.5 2 0 3 4 4
559.2 -146.9 0.3 221 0 16.2 19.3 10.0 2.5 2 1 4 5 5
575.6 -279.0 -1.1 24 0 17.4 10.6 10.0 2.5 4 0 4 2 2
528.4 -413.9 1.9 121 0 14.5 15.0 10.0 2.5 2 1 4 4 4
581.6 -491.4 5.5 118 0 19.5 12.6 7.5 2.5 4 0 3 5 5
607.3 -412.6 3.8 285 0 15.7 13.4 5.0 2.5 4 0 2 4 4
662.9 -455.0 3.9 23 0 10.2 21.6 7.5 2.5 2 1 3 4 4
744.3 -490.8 3.5 211 0 11.3 14.1 5.0 2.5 2 1 2 2 2
716.2 -436.3 3.3 27 0 12.2 11.6 7.5 2.5 2 0 3 2 2
780.1 -484.1 4.3 44 0 7.5 6.9 2.5 2.5 2 0 1 5 5
866.6 -274.2 3.5 311 0 14.8 10.4 7.5 2.5 2 0 3 0 0
821.2 -306.4 3.7 113 0 10.3 6.7 10.0 2.5 2 0 4 3 3
800.6 -290.0 3.2 108 0 18.2 8.7 10.0 2.5 2 0 4 0 0
792.0 -321.1 3.7 290 0 11.8 25.3 7.5 2.5 2 1 3 2 2
916.6 -523.5 5.5 39 0 14.0 15.1 2.5 2.5 2 1 1 2 2
938.9 -475.8 4.6 38 0 11.5 15.8 2.5 2.5 2 1 1 5 5
909.8 -432.0 4.0 197 0 14.9 9.8 10.0 0.0 0 0 4 2 2
-2103.9 1895.3 -0.7 208 0 7.2 7.3 5.0 0.0 0 1 2 2 2
-2122.4 1864.4 -0.8 215 0 8.8 11.0 5.0 2.5 2 1 2 2 2
-2080.0 1872.5 -1.2 26 0 8.7 9.1 10.0 2.5 2 1 4 5 5
-2135.1 1813.0 -1.5 116 0 9.4 9.3 7.5 2.5 2 0 3 5 5
-2250.5 1632.2 -1.8 123 0 6.7 7.2 5.0 2.5 2 1 2 5 5
-2176.3 1629.8 -1.5 32 0 11.7 9.6 7.5 2.5 2 0 3 2 2
-2148.5 1614.3 -1.8 35 0 9.2 8.3 5.0 2.5 2 0 2 1 1
-2218.5 1543.1 -2.6 27 0 9.0 8.9 2.5 2.5 2 0 1 1 1
-2196.0 1562.9 -3.0 23 0 12.3 8.5 5.0 0.0 0 0 2 4 4
-2169.6 1589.9 -2.4 23 0 12.4 11.4 5.0 2.5 2 0 2 1 1
-2227.1 1471.4 -1.2 123 0 6.9 16.3 5.0 2.5 2 1 2 0 0
-2238.4 1405.7 -3.1 184 0 6.3 8.5 5.0 2.5 2 1 2 4 4
-2082.8 1614.7 -1.7 119 0 8.9 10.6 7.5 2.5 2 1 3 3 3
-2066.9 1647.2 -1.2 26 0 9.1 9.3 7.5 2.5 2 1 3 5 5
-2066.2 1732.2 -2.9 219 0 7.7 9.5 5.0 2.5 2 1 2 2 2
-2057.7 1776.1 -2.2 35 0 9.0 8.4 7.5 2.5 2 0 3 5 5
-2077.3 2014.5 -3.6 38 0 10.7 14.3 7.5 2.5 2 1 3 1 1
-2030.9 2190.2 -2.0 124 0 11.2 9.2 5.0 2.5 2 0 2 5 5
-2008.3 2235.0 -1.8 32 0 16.0 9.1 7.5 2.5 2 0 3 0 0
-2058.8 2285.1 -1.7 29 0 7.1 8.1 5.0 2.5 2 1 2 5 5
-2087.1 2319.6 -1.6 212 0 8.5 7.7 7.5 2.5 2 0 3 3 3
1165.8 -3309.2 1.5 152 0 7.4 33.9 10.0 0.0 0 1 4 2 2
4090.2 -5427.5 -7.7 300 0 9.8 10.7 7.5 2.5 2 1 3 2 2
4064.8 -5443.4 -7.7 29 0 10.0 12.0 2.5 0.0 0 1 1 3 3
4031.8 -5507.8 -7.2 32 0 9.5 8.7 7.5 2.5 2 0 3 3 3
