-1025.5 6363.8 -1.4 193 0 28.1 9.6 10.0 2.5 2 0 4 2 2
-1014.9 6361.6 -1.4 193 0 8.3 38.0 7.5 2.5 2 0 3 1 1
-1017.6 6350.4 -1.4 196 0 12.5 9.1 7.5 2.5 2 0 3 4 4
-965.5 6351.8 -1.5 297 0 19.5 10.9 7.5 2.5 2 0 3 1 1
-968.6 6335.5 -1.5 18 0 7.4 7.6 7.5 2.5 2 0 3 4 4
-961.7 6332.0 -1.5 28 0 7.2 6.2 5.0 2.5 2 0 2 3 3
-982.7 6291.4 -1.5 104 0 7.2 40.0 10.0 2.5 2 0 4 5 5
-991.1 6294.1 -1.6 105 0 8.0 31.3 7.5 2.5 2 0 3 4 4
-999.7 6297.0 -1.6 106 0 7.7 19.5 10.0 2.5 2 0 4 2 2
-1022.6 6334.6 -1.5 196 0 9.4 33.1 7.5 2.5 2 0 3 3 3
-1036.5 6317.3 -1.6 195 0 11.8 34.8 10.0 2.5 2 0 4 5 5
-1037.7 6295.5 -1.6 209 0 6.4 8.8 10.0 2.5 2 0 4 1 1
-993.5 6415.2 -0.8 205 0 15.2 11.5 5.0 2.5 2 0 2 5 5
-1018.7 6391.6 -1.1 197 0 9.4 8.7 5.0 2.5 2 0 2 5 5
-1044.5 6340.9 -1.4 18 0 8.6 10.7 10.0 2.5 2 1 4 0 0
-1041.7 6362.8 -1.3 19 0 15.5 6.7 7.5 2.5 2 0 3 4 4
697.0 -2475.1 2.5 23 0 79.8 148.8 12.5 0.0 0 1 5 5 5
829.9 -2377.4 0.6 294 0 37.5 115.9 10.0 0.0 0 1 4 2 2
710.1 -2560.1 0.7 292 0 6.3 7.3 7.5 2.5 2 1 3 0 0
673.9 -2403.9 4.1 300 0 13.0 12.7 10.0 0.0 0 0 4 0 0
685.5 -2383.3 3.8 114 0 6.1 9.1 5.0 2.5 2 1 2 3 3
659.7 -2386.6 4.4 309 0 10.0 19.1 10.0 2.5 2 1 4 1 1
697.6 -2395.1 3.5 125 0 9.5 6.4 10.5 2.5 2 0 3 0 0
716.3 -2473.5 2.4 205 0 27.2 14.7 7.5 2.5 2 0 3 2 2
691.9 -2388.4 3.7 112 0 6.1 11.9 10.5 2.5 4 1 3 4 4
737.7 -2437.5 3.0 289 0 11.6 16.2 3.5 2.5 2 1 1 4 4
732.6 -2523.3 1.1 115 0 10.5 7.7 7.5 2.5 2 0 3 4 4
676.4 -2593.3 1.8 202 0 6.5 10.3 5.0 2.5 2 1 2 3 3
-1161.3 -4999.7 -5.6 287 0 14.9 15.5 7.5 2.5 2 1 3 2 2
-1188.8 -5043.9 -5.1 193 0 13.3 14.8 10.0 0.0 0 1 4 0 0
-1235.5 -5010.6 -5.1 190 0 10.7 14.4 7.5 2.5 2 1 3 5 5
-1126.9 -5070.2 -5.6 359 0 13.9 9.3 7.5 0.0 0 0 3 2 2
-1258.3 -4914.5 -4.8 2 0 10.0 18.2 7.5 2.5 2 1 3 3 3
-1041.7 -5176.2 -7.0 294 0 15.1 9.2 7.5 2.5 2 0 3 3 3
-1136.3 -5290.8 -5.3 122 0 12.3 10.4 7.5 2.5 2 0 3 1 1
-1146.1 -5262.0 -4.9 209 0 9.4 13.5 5.0 2.5 2 1 2 2 2
-1134.4 -5142.2 -4.9 285 0 9.1 8.2 7.5 2.5 2 0 3 4 4
-1190.8 -4958.9 -5.0 4 0 8.5 16.9 7.5 0.0 0 1 3 3 3
-1112.3 -5145.4 -4.9 288 0 11.0 14.4 5.0 2.5 2 1 2 3 3
-1248.1 -4989.4 -5.2 94 0 9.1 17.0 10.0 2.5 2 1 4 1 1
-1276.0 -4937.8 -4.8 180 0 8.2 18.6 7.5 2.5 2 1 3 5 5
-1105.0 -5023.7 -6.7 6 0 14.8 11.1 5.0 2.5 4 0 2 4 4
-1298.1 -4923.8 -4.9 182 0 9.1 12.5 5.0 0.0 0 1 2 5 5
-1117.3 -5297.4 -5.8 119 0 8.2 8.3 5.0 0.0 0 1 2 3 3
-1176.5 -5248.4 -3.8 118 0 13.5 8.5 5.0 2.5 2 0 2 0 0
-1207.3 -5007.1 -5.0 192 0 12.0 18.5 5.0 2.5 2 1 2 4 4
-1256.0 -4873.9 -4.8 4 0 14.2 24.5 7.5 2.5 2 1 3 2 2
-1063.4 -5116.6 -5.9 21 0 10.4 10.2 5.0 2.5 2 0 2 1 1
-1232.7 -4954.6 -5.0 270 0 14.7 10.0 7.5 2.5 4 0 3 5 5
-1308.4 -4869.4 -4.9 184 0 15.8 20.5 10.0 2.5 2 1 4 0 0
-1166.2 -5186.7 -4.3 17 0 14.7 20.2 10.0 2.5 4 1 4 0 0
-1191.6 -4973.5 -5.1 3 0 10.0 15.1 2.5 0.0 0 1 1 2 2
-1239.6 -5125.3 -4.9 158 0 8.2 8.8 5.0 2.5 2 1 2 1 1
-1269.4 -4999.8 -5.4 273 0 14.8 10.9 5.0 0.0 0 0 2 3 3
-1080.0 -5103.2 -5.8 295 0 10.9 15.6 5.0 2.5 2 1 2 5 5
-1206.4 -5128.4 -4.9 282 0 8.3 15.9 10.0 2.5 2 1 4 5 5
-1190.8 -5094.3 -5.3 96 0 17.2 10.8 7.5 2.5 4 0 3 1 1
-1229.7 -5154.0 -4.4 177 0 14.0 14.4 10.0 2.5 2 1 4 5 5
-1251.7 -5021.3 -5.3 4 0 7.9 14.1 7.5 2.5 2 1 3 3 3
-1085.5 -5139.7 -5.7 110 0 15.0 11.4 7.5 2.5 2 0 3 2 2
-1183.9 -5221.3 -3.5 294 0 10.7 11.3 2.5 2.5 2 1 1 2 2
-1111.9 -5096.6 -5.5 205 0 13.0 16.8 10.0 2.5 2 1 4 0 0
-1187.1 -5027.3 -5.3 189 0 7.8 14.1 5.0 2.5 4 1 2 0 0
1456.3 -967.6 2.7 18 0 7.9 12.3 7.5 2.5 2 1 3 0 0
1621.2 -234.3 -1.1 352 0 18.8 32.6 12.5 2.5 2 1 5 2 2
1571.2 -173.5 -2.7 286 0 7.7 39.7 10.0 2.5 2 1 4 3 3
-1698.2 5010.7 -6.4 103 0 13.6 33.7 14.0 3.5 4 1 4 2 2
756.7 4088.6 -0.8 189 0 7.9 23.6 10.0 2.5 2 1 4 2 2
-1676.2 5093.5 -6.8 286 0 13.0 52.0 14.0 3.5 4 1 4 0 0
-1705.3 5118.3 -7.4 292 0 9.6 36.0 14.0 3.5 2 1 4 1 1
-1733.0 5067.2 -7.2 203 0 41.9 10.2 14.0 3.5 4 0 4 0 0
-1747.2 5032.4 -6.9 205 0 24.6 10.7 14.0 3.5 2 0 4 1 1
-1690.2 5115.2 -7.2 291 0 16.3 8.8 14.0 3.5 2 0 4 3 3
-1739.4 4939.9 -6.1 286 0 23.9 25.4 10.5 0.0 0 1 3 3 3
-1565.6 5113.1 -6.1 20 0 11.7 17.5 14.0 3.5 2 1 4 4 4
-1572.3 5132.8 -6.0 14 0 11.5 8.4 14.0 3.5 2 0 4 4 4
-1553.0 5165.1 -5.9 10 0 16.8 9.4 14.0 3.5 2 0 4 4 4
-1609.5 5056.9 -6.2 32 0 48.6 29.1 14.0 3.5 2 0 4 3 3
-1618.9 5020.2 -5.8 36 0 10.4 17.6 14.0 3.5 2 1 4 0 0
-1655.7 4962.4 -5.7 15 0 25.1 14.2 14.0 0.0 0 0 4 0 0
-1864.3 4907.5 -7.8 193 0 36.4 13.9 10.5 3.5 2 0 3 0 0
-1873.0 4885.3 -7.8 194 0 10.1 27.4 10.5 3.5 2 1 3 2 2
-1852.9 4889.8 -7.0 195 0 7.7 9.0 10.5 3.5 2 1 3 4 4
-1848.6 4906.2 -6.9 194 0 26.2 9.0 10.5 3.5 2 0 3 0 0
-1841.2 4895.9 -6.4 192 0 8.2 22.6 10.5 3.5 2 1 3 4 4
-1847.3 4933.5 -7.2 203 0 10.2 8.2 10.5 3.5 2 0 3 4 4
-1838.1 4930.2 -6.8 198 0 10.7 40.5 10.5 3.5 2 1 3 2 2
-1833.8 4869.3 -6.2 107 0 24.0 10.1 10.5 3.5 2 0 3 3 3
-1783.7 4861.2 -6.0 15 0 10.5 36.2 10.5 3.5 2 1 3 0 0
-1814.9 4876.8 -6.1 102 0 11.8 21.6 10.5 3.5 4 1 3 2 2
-1786.2 4893.6 -6.0 106 0 27.5 14.9 10.5 0.0 0 0 3 3 3
-1762.3 4882.0 -6.1 107 0 16.0 10.0 10.5 3.5 2 0 3 3 3
-1726.0 4887.9 -6.2 16 0 10.8 41.1 10.5 3.5 2 1 3 0 0
-882.6 5325.8 -2.2 199 0 18.4 35.8 14.0 0.0 0 1 4 5 5
1432.8 990.3 -3.0 196 0 11.7 33.0 10.5 3.5 2 1 3 4 4
736.8 3913.0 0.2 187 0 10.4 32.2 10.0 2.5 2 1 4 1 1
736.7 3944.9 -0.1 185 0 6.5 18.1 2.5 2.5 2 1 1 4 4
733.1 3900.4 0.1 189 0 12.2 20.6 7.5 0.0 0 1 3 4 4
759.2 4118.0 -0.8 188 0 21.7 13.2 5.0 2.5 2 0 2 1 1
772.4 4141.6 -0.7 188 0 27.9 15.7 2.5 2.5 2 0 1 5 5
796.4 3995.3 -0.5 190 0 30.8 16.2 5.0 2.5 2 0 2 3 3
818.4 3968.4 0.2 8 0 14.4 38.1 2.5 0.0 0 1 1 1 1
779.2 4031.9 -0.5 188 0 18.6 14.3 2.5 2.5 2 0 1 1 1
833.2 3981.1 -0.7 8 0 12.8 21.1 2.5 2.5 2 1 1 2 2
836.0 4045.5 -0.7 7 0 44.6 14.0 2.5 2.5 4 0 1 2 2
856.0 4086.8 -0.6 277 0 14.4 33.2 12.5 2.5 2 1 5 2 2
840.7 4133.4 -1.7 276 0 13.4 46.4 2.5 2.5 2 1 1 3 3
877.7 4108.4 -2.0 275 0 9.4 18.2 2.5 2.5 2 1 1 1 1
802.9 4145.7 -0.3 276 0 14.7 21.2 7.5 2.5 2 1 3 0 0
984.5 2315.2 -4.6 29 0 21.6 31.2 10.0 0.0 0 1 4 1 1
1114.5 2277.3 -9.8 116 0 60.3 83.5 12.5 0.0 0 1 5 3 3
1042.9 2171.9 -3.0 136 0 8.9 30.6 10.0 0.0 0 1 4 2 2
1158.3 2047.7 -3.0 216 0 70.8 36.8 10.0 0.0 0 0 4 3 3
1424.7 1459.6 0.1 106 0 11.6 24.8 14.0 3.5 2 1 4 2 2
1540.9 1413.3 0.5 286 0 13.8 9.5 14.0 3.5 2 0 4 3 3
1414.7 1193.6 -1.5 190 0 17.8 34.3 14.0 0.0 0 1 4 0 0
1415.7 1214.4 -1.6 189 0 16.5 29.7 14.0 3.5 2 1 4 2 2
1412.9 1242.9 -1.3 193 0 10.8 15.5 14.0 3.5 2 1 4 2 2
-102.0 4545.4 2.3 298 0 9.7 12.4 10.0 2.5 2 1 4 1 1
-100.4 4529.6 2.8 208 0 13.9 11.4 10.0 2.5 2 0 4 5 5
-58.9 4452.8 2.6 309 0 9.0 13.7 7.5 2.5 2 1 3 5 5
-120.3 4452.3 3.8 202 0 12.2 15.0 7.5 2.5 2 1 3 3 3
-140.7 4357.1 3.4 112 0 11.4 7.3 7.5 2.5 2 0 3 4 4
-121.6 4554.3 2.0 301 0 13.4 8.1 2.5 2.5 2 0 1 4 4
-160.9 4538.9 2.6 23 0 9.6 12.3 10.0 2.5 2 1 4 1 1
-173.4 4583.5 1.7 305 0 13.9 12.8 5.0 2.5 2 0 2 3 3
-110.6 4528.9 3.1 301 0 8.9 9.6 10.0 2.5 2 1 4 0 0
-147.1 4497.8 4.2 128 0 12.5 10.8 7.5 2.5 2 0 3 1 1
-118.7 4478.6 3.8 127 0 9.9 12.3 5.0 2.5 2 1 2 2 2
-112.5 4544.5 2.4 296 0 6.2 12.2 7.5 2.5 2 1 3 0 0
1016.8 1646.1 1.8 33 0 13.6 27.6 7.5 2.5 2 1 3 3 3
972.8 1712.0 2.1 121 0 11.5 54.3 7.5 2.5 2 1 3 2 2
990.4 1719.6 1.4 209 0 26.8 37.6 10.0 2.5 2 1 4 4 4
802.5 2045.1 0.5 285 0 35.4 9.7 10.0 2.5 2 0 4 3 3
1954.0 4280.7 -5.1 129 0 15.8 24.6 7.5 2.5 2 1 3 2 2
-775.0 3791.4 -3.5 304 0 41.0 59.9 7.5 0.0 0 1 3 3 3
-820.2 2661.7 3.7 114 0 34.8 59.4 5.0 0.0 0 1 2 2 2
726.8 4953.8 -0.9 103 0 25.0 36.2 7.5 0.0 0 1 3 3 3
-1430.0 5141.9 -3.8 276 0 17.6 28.9 14.0 3.5 2 1 4 5 5
-1138.1 5467.9 -3.2 5 0 52.8 29.7 17.5 0.0 0 0 5 4 4
-80.3 3396.2 0.9 198 0 17.1 31.5 7.5 2.5 2 1 3 1 1
459.3 4041.5 -1.8 284 0 26.4 47.8 7.5 0.0 0 1 3 2 2
-1121.2 -1965.8 -1.4 103 0 9.4 17.6 7.5 2.5 4 1 3 2 2
-1219.5 -1953.3 -1.5 91 0 32.0 30.7 7.5 0.0 0 0 3 4 4
-1235.0 -1987.0 -2.3 182 0 32.5 26.4 7.5 0.0 0 0 3 5 5
-1230.8 -1993.7 -2.3 182 0 10.0 20.6 2.5 2.5 2 1 1 1 1
-963.3 -1529.1 -1.2 5 0 83.3 59.3 7.5 0.0 0 0 3 3 3
-1237.4 -1909.6 -1.5 184 0 13.3 19.9 7.5 2.5 2 1 3 2 2
-1336.9 -2026.8 -8.9 193 0 22.2 15.0 10.0 2.5 2 0 4 1 1
-1342.0 -2121.4 -6.6 267 0 7.0 14.5 5.0 2.5 2 1 2 3 3
-1287.6 -2429.6 -4.1 185 0 84.9 54.3 12.5 0.0 0 0 5 2 2
-1171.3 -2398.7 -3.5 275 0 107.8 98.7 10.0 0.0 0 0 4 2 2
-1279.8 -2431.4 -3.7 183 0 65.1 33.9 17.5 0.0 0 0 7 5 5
-1109.1 -2351.6 -3.2 277 0 21.2 35.9 12.5 0.0 0 1 5 5 5
-1037.5 -1958.8 -1.7 8 0 8.3 10.9 7.5 2.5 2 1 3 5 5
-1404.1 -942.6 -1.3 11 0 30.2 10.3 10.0 2.5 2 0 4 3 3
-1445.7 -965.0 -2.5 81 0 28.1 41.9 12.5 0.0 0 1 5 4 4
-1479.8 -987.3 -4.5 81 0 15.2 78.4 12.5 0.0 0 1 5 1 1
378.8 -905.7 5.5 197 0 48.8 25.6 7.5 0.0 0 0 3 2 2
-1585.9 873.2 -1.0 195 0 50.8 31.4 10.0 0.0 0 0 4 3 3
-1546.6 141.2 -3.9 99 0 19.6 30.8 12.5 0.0 0 1 5 2 2
-1474.7 100.3 -2.8 102 0 39.1 56.2 10.0 0.0 0 1 4 3 3
2767.5 2556.8 -6.1 99 0 32.7 43.7 12.5 0.0 0 1 5 2 2
3020.0 4601.8 -9.3 206 0 26.2 24.5 10.0 2.5 2 0 4 0 0
2842.7 4251.9 -1.5 231 0 11.8 45.6 5.0 0.0 0 1 2 4 4
3329.6 3245.4 -4.5 113 0 28.8 46.8 12.5 0.0 0 1 5 1 1
2993.6 2906.2 -3.2 316 0 22.7 30.8 10.0 0.0 0 1 4 4 4
2677.2 3020.4 -3.1 223 0 18.3 16.1 7.5 2.5 4 0 3 4 4
2358.6 3719.4 -0.3 120 0 25.4 44.4 7.5 0.0 0 1 3 1 1
3262.0 3968.7 -6.7 206 0 51.8 27.1 10.0 0.0 0 0 4 5 5
2255.3 3883.2 -1.3 31 0 37.0 14.2 15.0 0.0 0 0 6 4 4
769.5 3921.5 0.3 97 0 11.9 22.3 7.5 2.5 2 1 3 0 0
3071.2 3040.1 -3.6 212 0 24.3 20.5 7.5 2.5 4 0 3 5 5
3106.5 3101.9 -2.2 286 0 25.5 37.7 12.5 0.0 0 1 5 3 3
1867.2 3300.1 -3.8 297 0 34.1 60.2 10.0 0.0 0 1 4 5 5
1796.9 1945.3 -3.1 117 0 22.9 32.3 10.0 0.0 0 1 4 1 1
-732.6 5280.9 -1.8 87 0 23.0 41.6 14.0 0.0 0 1 4 3 3
-861.8 5217.1 -1.9 108 0 40.9 127.7 14.0 0.0 0 1 4 2 2
983.0 5931.5 -4.5 255 0 8.3 27.2 2.5 2.5 2 1 1 5 5
-342.4 6778.3 -2.8 297 0 49.6 30.2 10.0 0.0 0 0 4 0 0
-204.7 6465.6 -4.0 198 0 24.2 37.7 12.5 0.0 0 1 5 3 3
-198.4 6820.3 -2.6 24 0 16.0 10.4 5.0 2.5 4 0 2 5 5
1184.2 5259.1 -3.8 270 0 15.2 36.0 7.5 2.5 2 1 3 3 3
1426.2 3799.4 -2.4 273 0 26.2 48.8 7.5 0.0 0 1 3 1 1
1670.7 3730.9 -2.8 282 0 22.4 49.2 7.5 2.5 2 1 3 5 5
1462.9 3791.2 -1.9 278 0 19.7 37.3 10.0 0.0 0 1 4 2 2
-188.3 -2124.9 5.9 197 0 31.0 21.2 7.5 0.0 0 0 3 1 1
333.5 -1678.6 3.7 192 0 43.2 22.1 10.0 0.0 0 0 4 2 2
-141.8 -3383.6 -7.9 193 0 54.6 29.1 12.5 0.0 0 0 5 5 5
-688.9 -3358.3 -4.6 286 0 24.3 46.9 12.5 0.0 0 1 5 1 1
-1401.8 -2687.2 -7.0 93 0 18.5 32.4 10.0 0.0 0 1 4 5 5
-988.4 -2329.3 -4.5 102 0 10.1 39.6 10.0 0.0 0 1 4 3 3
-33.4 -2014.8 5.9 193 0 31.4 31.3 12.5 0.0 0 0 5 3 3
424.0 -1846.3 1.6 203 0 40.5 24.6 5.0 0.0 0 0 2 0 0
-356.1 -1686.4 6.8 270 0 11.6 26.0 7.5 2.5 2 1 3 3 3
-182.7 -1237.7 6.3 202 0 37.3 20.9 12.5 0.0 0 0 5 4 4
-151.1 -1277.5 6.2 113 0 36.3 55.3 10.0 0.0 0 1 4 3 3
-1197.6 -950.3 2.2 18 0 9.6 24.6 7.5 2.5 2 1 3 4 4
-350.8 -518.0 9.9 280 0 19.7 31.3 10.0 0.0 0 1 4 3 3
-373.0 -765.9 7.8 92 0 25.8 53.0 7.5 2.5 2 1 3 4 4
-203.5 934.5 8.7 194 0 18.6 7.7 10.0 2.5 2 0 4 4 4
-489.1 -217.2 7.6 292 0 37.0 23.9 12.5 0.0 0 0 5 5 5
-1020.8 311.6 5.3 197 0 60.4 26.8 12.5 0.0 0 0 5 3 3
507.3 5342.9 -0.4 199 0 43.6 27.8 10.0 0.0 0 0 4 4 4
2526.5 5736.7 -6.4 183 0 54.7 38.4 10.0 0.0 0 0 4 0 0
1154.9 2033.9 -2.8 218 0 24.3 26.6 10.0 2.5 2 1 4 2 2
750.7 4040.3 -0.3 188 0 10.3 16.3 10.0 2.5 2 1 4 5 5
1052.3 1605.0 0.5 113 0 15.4 26.2 7.5 2.5 2 1 3 4 4
1250.9 1355.9 -0.3 281 0 33.0 46.3 14.0 0.0 0 1 4 4 4
-299.7 24.5 6.9 289 0 12.5 17.4 2.5 2.5 2 1 1 5 5
626.5 6476.2 -5.3 283 0 24.7 30.0 10.0 0.0 0 1 4 0 0
817.4 6390.0 -8.9 185 0 38.4 24.8 10.0 0.0 0 0 4 0 0
-2071.2 2784.3 -1.9 108 0 21.7 40.3 10.0 0.0 0 1 4 1 1
858.6 1612.2 0.4 303 0 9.3 11.7 5.0 2.5 4 1 2 5 5
882.0 1672.9 1.3 290 0 7.6 10.4 5.0 2.5 2 1 2 5 5
3066.8 3801.5 -3.0 118 0 7.9 17.2 7.5 2.5 4 1 3 2 2
3061.1 3725.0 -1.4 203 0 13.7 11.5 5.0 2.5 2 0 2 1 1
3094.3 3619.4 -2.1 117 0 11.9 9.3 7.5 2.5 2 0 3 5 5
3142.9 3640.7 -1.8 25 0 13.9 17.1 5.0 0.0 0 1 2 4 4
3080.7 3687.6 -1.7 15 0 9.1 22.5 7.5 2.5 2 1 3 0 0
3100.1 3679.0 -1.8 209 0 11.5 17.4 5.0 0.0 0 1 2 4 4
3400.5 3437.7 -5.7 20 0 17.2 15.0 7.5 2.5 2 0 3 5 5
3376.8 3480.1 -4.1 210 0 16.3 10.6 2.5 2.5 4 0 1 5 5
3313.3 3669.0 -2.9 38 0 7.4 13.3 5.0 2.5 2 1 2 5 5
3261.4 3258.8 -3.7 131 0 10.2 16.2 5.0 2.5 2 1 2 3 3
2811.0 -830.4 -4.1 76 0 146.0 77.6 7.5 0.0 0 0 3 2 2
132.8 4100.8 0.0 100 0 427.0 146.0 10.0 0.0 0 0 4 3 3
16.0 4096.7 0.9 104 0 129.3 175.8 10.0 0.0 0 1 4 0 0
-216.9 4925.5 0.8 37 0 17.6 10.0 7.5 2.5 2 0 3 0 0
-245.6 5141.8 2.2 300 0 14.3 15.6 7.5 0.0 0 1 3 0 0
-203.2 4976.5 0.6 299 0 30.4 18.0 10.0 2.5 2 0 4 2 2
-373.8 -1512.5 6.6 19 0 75.9 9.6 12.5 2.5 2 0 5 1 1
-1846.4 4973.9 -8.0 205 0 10.7 39.3 7.0 3.5 2 1 2 4 4
-1365.8 -2386.9 -5.1 277 0 10.3 20.0 2.5 2.5 2 1 1 5 5
-1420.6 -2403.6 -8.9 188 0 11.1 27.1 12.5 0.0 0 1 5 4 4
-721.1 -5461.6 -5.5 301 0 31.1 12.0 7.5 0.0 0 0 3 4 4
-662.8 -5502.8 -5.0 25 0 14.6 29.2 10.0 2.5 2 1 4 4 4
-634.0 -5449.9 -5.3 8 0 6.7 8.4 10.0 2.5 2 1 4 5 5
-635.9 -5469.6 -5.3 11 0 29.0 10.3 10.0 2.5 2 0 4 4 4
-654.6 -5509.4 -5.1 30 0 16.6 8.0 10.0 2.5 2 0 4 1 1
-1092.8 6189.7 -2.9 20 0 7.6 14.9 14.0 3.5 2 1 4 3 3
-1091.6 6170.8 -3.2 22 0 12.7 14.6 14.0 3.5 2 1 4 2 2
-1121.7 6060.3 -4.2 26 0 7.3 14.0 14.0 3.5 2 1 4 3 3
-1113.3 6078.1 -4.1 18 0 21.2 18.8 14.0 3.5 2 0 4 3 3
-1105.8 6111.9 -3.9 13 0 9.1 17.1 14.0 3.5 2 1 4 5 5
-1070.0 6087.4 -3.4 283 0 7.5 13.3 14.0 0.0 0 1 4 4 4
-468.1 6792.9 -3.8 115 0 15.1 35.1 7.5 2.5 4 1 3 5 5
-488.4 6816.3 -3.4 118 0 10.4 9.7 7.5 2.5 2 0 3 4 4
-468.0 6781.5 -3.9 119 0 10.3 8.8 5.0 2.5 2 0 2 1 1
-449.7 6785.3 -3.7 114 0 16.1 9.8 7.5 2.5 2 0 3 2 2
-488.1 6767.5 -3.7 294 0 11.4 13.5 5.0 2.5 2 1 2 0 0
-554.6 6796.4 -4.1 296 0 6.3 15.0 7.5 2.5 2 1 3 3 3
-523.9 6785.5 -3.7 299 0 15.2 11.6 7.5 2.5 2 0 3 0 0
-506.5 6782.9 -3.8 297 0 15.1 14.4 2.5 2.5 2 0 1 2 2
-499.6 6856.8 -3.5 29 0 11.4 6.6 2.5 2.5 2 0 1 3 3
-538.2 6813.5 -3.5 134 0 10.3 13.3 5.0 2.5 2 1 2 0 0
-527.3 6806.7 -3.6 129 0 9.6 15.8 7.5 2.5 2 1 3 0 0
-624.2 5308.7 -0.7 113 0 7.9 18.6 10.5 3.5 2 1 3 5 5
-602.0 5412.0 0.3 296 0 11.2 21.5 10.5 3.5 2 1 3 1 1
-578.0 5397.6 1.2 287 0 6.4 16.2 10.5 3.5 2 1 3 2 2
-588.3 5382.0 0.3 303 0 6.3 14.2 10.5 3.5 2 1 3 2 2
-619.8 5379.8 -0.4 113 0 7.6 9.6 10.5 3.5 2 1 3 2 2
-625.5 5351.0 -0.7 205 0 6.9 14.9 10.5 3.5 2 1 3 3 3
-595.2 5308.1 -0.4 120 0 14.9 14.9 10.5 3.5 2 0 3 1 1
-545.7 5391.6 2.4 291 0 10.9 13.1 10.5 0.0 0 1 3 4 4
-555.5 5367.6 1.2 290 0 7.8 15.6 10.5 3.5 2 1 3 3 3
-543.8 5361.1 1.4 295 0 7.6 14.2 10.5 3.5 2 1 3 2 2
-563.0 5285.7 0.0 125 0 10.7 7.9 10.5 3.5 2 0 3 3 3
-555.1 5296.4 0.0 125 0 10.2 12.2 10.5 3.5 2 1 3 0 0
-533.1 5289.4 0.6 115 0 8.9 18.4 10.5 3.5 2 1 3 3 3
-499.4 5372.4 1.7 106 0 8.2 12.8 10.5 3.5 2 1 3 5 5
-522.5 5371.7 1.7 312 0 6.7 11.2 10.5 3.5 2 1 3 5 5
-513.4 5360.2 1.0 301 0 8.5 16.7 10.5 0.0 0 1 3 3 3
-497.0 5338.0 0.9 312 0 9.7 17.7 10.5 3.5 2 1 3 2 2
-468.7 5345.3 1.5 301 0 13.0 20.0 10.5 3.5 2 1 3 0 0
-449.2 5334.9 2.1 297 0 8.8 14.7 10.5 3.5 2 1 3 2 2
-441.5 5254.5 3.2 33 0 7.1 6.3 10.5 3.5 2 0 3 0 0
-464.3 5291.0 2.0 35 0 13.5 6.7 10.5 0.0 0 0 3 5 5
-511.7 5287.2 1.0 126 0 17.6 10.5 10.5 3.5 2 0 3 0 0
-518.4 5271.8 1.1 124 0 16.7 12.0 10.5 0.0 0 0 3 0 0
-504.2 5250.4 2.0 223 0 8.7 12.9 10.5 3.5 4 1 3 2 2
-515.2 5238.4 2.0 227 0 9.0 13.7 10.5 3.5 2 1 3 5 5
-495.7 5216.6 2.7 134 0 6.5 16.6 10.5 3.5 2 1 3 0 0
-521.2 5187.6 2.2 207 0 14.4 20.0 10.5 3.5 2 1 3 5 5
-500.7 5178.2 3.1 210 0 13.5 6.8 10.5 3.5 2 0 3 1 1
-469.7 5181.8 3.7 34 0 8.8 9.1 10.5 3.5 2 1 3 5 5
-461.5 5152.8 4.1 36 0 16.6 18.2 10.5 3.5 2 1 3 1 1
-481.0 5169.2 3.6 29 0 13.0 10.4 10.5 3.5 2 0 3 4 4
-481.2 5089.9 2.3 116 0 11.5 11.4 10.5 3.5 2 0 3 1 1
-531.3 5117.3 1.9 116 0 9.1 17.6 10.5 3.5 2 1 3 4 4
-526.8 5160.9 2.2 207 0 13.9 13.3 10.5 3.5 2 0 3 1 1
-506.5 5124.3 3.0 118 0 20.6 14.5 10.5 3.5 2 0 3 2 2
-510.8 5103.6 1.9 108 0 14.7 9.9 10.5 3.5 2 0 3 4 4
-491.6 5081.0 0.6 292 0 7.9 13.7 2.5 2.5 2 1 1 3 3
-497.0 5062.2 0.6 293 0 6.0 13.2 5.0 2.5 2 1 2 3 3
-436.3 5014.6 -0.5 26 0 8.0 15.5 5.0 2.5 2 1 2 1 1
-491.5 5028.6 -0.2 213 0 11.8 15.0 2.5 0.0 0 1 1 3 3
-457.5 4983.0 -0.6 34 0 12.7 16.1 2.5 2.5 2 1 1 5 5
-473.6 4970.8 -0.3 29 0 15.6 8.9 5.0 2.5 2 0 2 1 1
-509.3 4949.5 0.7 299 0 18.0 10.1 5.0 2.5 2 0 2 1 1
-544.5 4970.6 1.9 303 0 14.0 10.6 2.5 0.0 0 0 1 5 5
-514.0 4924.7 1.0 32 0 17.0 7.9 7.5 0.0 0 0 3 5 5
-520.9 4911.7 1.3 25 0 9.0 15.6 7.5 2.5 4 1 3 3 3
-535.4 4905.6 1.5 26 0 12.2 18.6 10.0 2.5 2 1 4 3 3
-566.6 4821.7 -0.5 210 0 39.6 10.4 12.5 2.5 2 0 5 0 0
-536.1 4864.8 0.1 209 0 18.7 21.0 10.0 0.0 0 1 4 5 5
-477.0 4825.8 -0.8 30 0 15.9 11.2 5.0 0.0 0 0 2 4 4
-512.5 4826.0 -0.9 209 0 11.3 32.9 15.0 0.0 0 1 6 1 1
-517.5 4773.3 -1.2 121 0 32.8 10.1 10.0 2.5 2 0 4 3 3
-492.4 4758.7 -1.2 28 0 7.2 12.2 7.5 2.5 2 1 3 4 4
-451.4 4789.9 -0.8 29 0 10.8 22.6 7.5 2.5 4 1 3 3 3
-466.9 4729.0 -0.9 24 0 15.2 20.2 10.0 2.5 2 1 4 3 3
-444.4 4757.3 -0.9 26 0 9.3 16.9 7.5 2.5 2 1 3 0 0
-461.1 4693.8 0.3 206 0 14.6 12.1 7.5 2.5 2 0 3 5 5
-411.2 4772.1 -0.7 293 0 8.1 11.6 7.5 2.5 2 1 3 1 1
-420.6 4743.9 -0.6 206 0 12.0 12.6 5.0 2.5 2 1 2 1 1
-459.9 5067.3 -0.7 300 0 40.7 36.8 10.0 0.0 0 0 4 2 2
829.6 -1692.9 -0.9 18 0 14.2 22.1 12.5 2.5 2 1 5 5 5
836.1 -1728.6 -1.1 16 0 10.6 13.3 5.0 0.0 0 1 2 0 0
2629.2 6126.5 -7.2 13 0 21.8 31.9 7.5 0.0 0 1 3 4 4
2524.2 6146.8 -6.7 282 0 30.3 16.8 7.5 2.5 2 0 3 0 0
2586.3 6156.5 -7.0 282 0 11.6 34.2 5.0 2.5 2 1 2 4 4
-566.9 6266.9 2.0 121 0 11.0 18.3 2.5 2.5 2 1 1 1 1
-1627.5 6071.1 -6.3 99 0 14.8 19.8 12.5 2.5 2 1 5 2 2
-1587.9 6109.8 -5.7 14 0 25.5 9.9 7.5 2.5 2 0 3 2 2
-1590.1 6133.7 -6.6 19 0 9.3 30.8 7.5 2.5 2 1 3 1 1
-1605.2 6129.7 -6.3 282 0 17.1 18.1 7.5 0.0 0 1 3 3 3
-1626.8 6105.1 -6.6 104 0 20.4 8.1 7.5 0.0 0 0 3 0 0
-1628.5 6148.2 -7.0 283 0 9.9 29.9 10.0 2.5 2 1 4 2 2
-1682.8 6114.3 -8.2 101 0 20.6 18.2 5.0 2.5 2 0 2 5 5
-1667.3 6103.2 -7.7 103 0 18.5 36.6 7.5 2.5 2 1 3 3 3
-1677.6 6082.5 -7.7 108 0 7.9 11.3 2.5 2.5 4 1 1 4 4
-1704.4 6100.5 -10.2 109 0 15.5 9.2 7.5 2.5 2 0 3 5 5
-1696.1 6078.4 -10.2 288 0 12.5 7.8 14.0 3.5 2 0 4 2 2
-1715.3 6074.0 -11.1 187 0 9.8 6.3 14.0 3.5 2 0 4 4 4
-1720.3 6062.8 -11.5 188 0 9.4 11.8 14.0 3.5 4 1 4 3 3
-1712.0 6044.4 -10.8 186 0 9.5 12.1 14.0 3.5 2 1 4 4 4
-1718.2 6030.2 -11.2 180 0 7.5 10.4 14.0 3.5 2 1 4 3 3
-1734.0 5745.5 -12.8 9 0 16.4 7.7 14.0 3.5 2 0 4 4 4
-1723.8 5814.7 -11.8 7 0 14.4 6.6 14.0 3.5 2 0 4 0 0
-1699.9 5785.7 -9.4 277 0 16.6 8.1 10.5 3.5 4 0 3 2 2
-1697.2 5774.9 -8.9 277 0 10.8 9.8 10.5 3.5 4 0 3 2 2
-1677.9 5834.0 -7.1 270 0 13.4 16.7 10.5 3.5 2 1 3 3 3
-1682.2 5886.4 -8.4 93 0 12.2 11.9 14.0 3.5 2 0 4 4 4
-1668.6 5868.8 -7.3 95 0 13.1 15.2 14.0 3.5 2 1 4 1 1
-1649.3 5895.8 -8.3 94 0 11.6 7.9 14.0 3.5 2 0 4 5 5
-1673.4 5921.4 -8.8 179 0 8.1 14.5 14.0 3.5 2 1 4 5 5
-1699.0 5933.1 -9.6 182 0 8.9 21.0 14.0 0.0 0 1 4 2 2
-1683.8 5962.9 -9.5 270 0 10.7 15.8 14.0 0.0 0 1 4 4 4
-1631.9 5934.2 -7.6 4 0 8.2 11.7 14.0 3.5 2 1 4 4 4
-1623.9 5944.0 -7.0 0 0 6.8 8.8 14.0 0.0 0 1 4 0 0
-1706.7 5916.1 -9.9 179 0 10.8 10.8 14.0 3.5 2 1 4 5 5
-1685.1 5977.0 -8.9 277 0 13.3 11.1 14.0 3.5 2 0 4 1 1
-1705.5 5979.2 -10.4 269 0 16.0 10.9 14.0 3.5 2 0 4 2 2
-1693.3 5982.3 -9.3 94 0 8.4 13.2 14.0 3.5 2 1 4 0 0
-1716.3 5998.3 -10.8 181 0 11.7 15.9 14.0 3.5 2 1 4 1 1
-1706.6 6015.6 -10.2 182 0 6.8 29.7 14.0 0.0 0 1 4 2 2
-1668.9 5989.5 -7.9 90 0 12.4 11.5 14.0 3.5 2 0 4 0 0
2649.6 6073.7 -7.4 175 0 18.2 11.7 7.5 2.5 2 0 3 1 1
2628.1 6101.7 -7.4 199 0 13.0 26.1 7.5 2.5 2 1 3 2 2
2638.1 5975.7 -5.9 198 0 9.3 7.3 2.5 0.0 0 0 1 5 5
2631.7 5965.2 -5.8 198 0 11.6 8.5 7.5 2.5 2 0 3 1 1
2616.5 6010.6 -5.9 189 0 11.2 7.0 7.5 2.5 2 0 3 4 4
2641.9 6054.2 -6.9 178 0 9.6 8.0 7.5 2.5 2 0 3 3 3
2407.0 5814.3 -3.2 205 0 14.0 9.3 10.0 2.5 2 0 4 3 3
2329.5 5707.1 -4.0 197 0 8.5 11.2 2.5 2.5 2 1 1 4 4
2311.5 5685.9 -4.4 200 0 8.9 10.5 5.0 2.5 2 1 2 1 1
2475.7 5910.4 -6.6 13 0 18.4 7.4 5.0 2.5 2 0 2 4 4
2483.2 6095.6 -7.3 11 0 7.6 25.6 7.5 2.5 2 1 3 3 3
2481.7 6010.5 -8.0 10 0 12.8 19.1 10.0 2.5 2 1 4 3 3
2442.7 6031.8 -8.0 261 0 14.4 25.4 7.5 0.0 0 1 3 1 1
2551.7 5971.8 -6.2 94 0 16.3 9.4 5.0 2.5 2 0 2 3 3
2526.9 5980.1 -6.8 93 0 14.6 8.0 5.0 2.5 2 0 2 5 5
-1379.5 5261.1 -4.1 193 0 7.8 6.1 17.5 3.5 2 0 5 4 4
-1435.1 5229.4 -4.2 191 0 16.4 11.2 17.5 3.5 2 0 5 5 5
-1344.8 5296.2 -4.2 290 0 7.0 19.7 17.5 3.5 2 1 5 5 5
-1396.5 5286.1 -4.9 215 0 12.6 16.6 17.5 0.0 0 1 5 1 1
-1440.8 5251.3 -4.4 212 0 13.0 12.9 17.5 3.5 2 0 5 4 4
-1395.6 5230.7 -4.0 113 0 9.4 14.4 17.5 3.5 2 1 5 1 1
-1401.6 5262.5 -4.6 295 0 8.1 12.2 17.5 3.5 2 1 5 3 3
-366.8 5016.6 1.3 121 0 15.5 28.7 10.0 0.0 0 1 4 2 2
-412.2 4973.6 0.3 218 0 12.6 11.5 7.5 2.5 2 0 3 1 1
-404.5 4992.1 0.5 213 0 9.9 10.3 7.5 2.5 2 1 3 1 1
-434.2 4859.0 -0.4 298 0 29.9 8.0 2.5 2.5 2 0 1 2 2
-407.0 4839.0 0.0 29 0 12.0 14.5 2.5 2.5 2 1 1 3 3
-261.3 4881.1 2.0 304 0 12.6 24.1 10.0 2.5 2 1 4 4 4
-313.3 4921.2 1.4 305 0 6.6 9.8 5.0 2.5 2 1 2 0 0
-325.4 4957.8 1.1 306 0 10.5 17.3 5.0 2.5 2 1 2 2 2
-347.4 4934.3 0.9 309 0 7.9 8.2 5.0 2.5 2 1 2 0 0
-389.5 4921.8 0.5 121 0 16.2 12.6 2.5 2.5 2 0 1 3 3
-440.1 4985.6 -0.3 220 0 21.4 14.2 7.5 2.5 2 0 3 1 1
-377.5 4956.8 0.7 298 0 9.2 18.5 5.0 2.5 2 1 2 1 1
-441.5 4964.7 -0.3 216 0 8.6 12.5 2.5 2.5 2 1 1 3 3
-454.7 4943.6 -0.5 211 0 8.1 13.1 5.0 2.5 2 1 2 4 4
-465.2 4932.9 -0.6 216 0 12.0 19.5 5.0 2.5 2 1 2 4 4
482.7 6535.4 -2.5 283 0 6.7 9.7 7.5 2.5 2 1 3 5 5
