5425.7 281.0 1.8 140 0 8.6 6.4 7.5 2.5 2 0 3 3 3
4649.5 -849.2 -4.0 231 0 7.7 9.4 7.5 2.5 2 0 3 4 4
4287.3 -1239.6 -3.8 28 0 9.0 7.5 7.5 2.5 2 0 3 2 2
3964.3 -1104.4 -2.6 134 0 8.3 7.7 7.5 2.5 2 0 3 0 0
5273.8 197.6 -0.4 323 0 7.3 10.6 7.5 2.5 2 1 3 3 3
4198.0 -1078.0 -4.6 320 0 9.2 8.9 5.0 2.5 2 0 2 0 0
4366.7 -1077.9 -4.5 52 0 8.3 6.0 5.0 2.5 2 0 2 2 2
4111.7 -946.1 -2.4 150 0 7.9 6.9 5.0 2.5 2 0 2 4 4
4176.7 -1251.9 -3.5 218 0 8.7 7.7 7.5 2.5 2 0 3 0 0
4366.8 -1045.8 -4.8 250 0 8.5 7.7 5.0 2.5 2 0 2 3 3
5755.9 499.8 -1.7 59 0 10.6 9.1 7.5 2.5 2 0 3 2 2
4217.5 -1147.1 -3.2 47 0 10.7 8.6 7.5 2.5 2 0 3 5 5
5578.3 373.2 2.2 44 0 6.3 8.7 5.0 2.5 2 1 2 5 5
4340.0 -1083.6 -4.6 227 0 7.9 8.3 5.0 2.5 2 1 2 5 5
6130.7 748.7 -2.7 150 0 6.8 8.4 7.5 2.5 2 1 3 2 2
4353.6 -1054.6 -4.8 228 0 8.5 7.9 5.0 2.5 2 0 2 4 4
4418.9 -1034.6 -4.4 326 0 9.1 8.1 5.0 2.5 2 0 2 3 3
6422.4 844.8 -0.9 141 0 10.0 7.0 5.0 2.5 2 0 2 5 5
4217.4 -1215.5 -2.4 27 0 9.1 7.9 10.0 2.5 2 0 4 2 2
4731.7 -802.0 -6.5 229 0 6.9 6.2 5.0 2.5 2 0 2 0 0
4255.9 -1118.4 -3.4 47 0 8.0 9.0 5.0 2.5 2 1 2 5 5
6249.3 823.9 -1.3 224 0 7.6 10.9 7.5 2.5 2 1 3 1 1
4680.9 -832.1 -5.0 235 0 8.2 11.3 7.5 2.5 2 1 3 3 3
6187.7 729.3 -1.0 53 0 11.1 6.9 7.5 2.5 2 0 3 0 0
5459.6 287.9 1.5 50 0 8.2 12.7 7.5 2.5 2 1 3 4 4
6276.8 761.3 -1.1 60 0 8.2 9.8 7.5 2.5 2 1 3 4 4
6066.3 583.8 -3.0 56 0 7.4 10.5 7.5 2.5 2 1 3 2 2
5829.2 475.6 -1.5 234 0 8.3 13.1 5.0 2.5 2 1 2 4 4
5024.0 -724.7 -3.8 71 0 10.2 6.7 7.5 2.5 2 0 3 1 1
5934.9 509.7 -3.3 138 0 9.7 8.5 10.0 0.0 0 0 4 5 5
5735.1 -280.8 -4.5 42 0 6.6 10.8 7.5 2.5 2 1 3 0 0
5390.7 -592.9 -4.0 59 0 8.0 11.3 7.5 2.5 2 1 3 5 5
5481.0 -472.8 -4.9 229 0 10.0 8.1 2.5 2.5 2 0 1 3 3
5854.0 -130.7 -4.0 45 0 7.3 11.9 7.5 2.5 2 1 3 5 5
5086.3 -655.4 -3.4 254 0 10.8 7.5 2.5 2.5 2 0 1 2 2
5177.7 -624.9 -5.7 240 0 7.5 9.6 7.5 2.5 2 1 3 5 5
6790.9 1109.9 -1.9 119 0 11.5 7.7 2.5 2.5 4 0 1 3 3
5057.0 -660.0 -3.4 254 0 10.1 7.3 7.5 2.5 2 0 3 0 0
4998.4 -671.4 -4.0 159 0 7.4 9.8 5.0 2.5 2 1 2 1 1
5669.4 301.2 -1.5 58 0 6.3 10.1 7.5 2.5 2 1 3 0 0
5612.2 -379.0 -4.1 140 0 6.1 11.1 10.0 2.5 2 1 4 0 0
6826.5 1199.7 -2.1 223 0 32.6 7.1 7.5 2.5 4 0 3 2 2
3587.5 -1179.4 -2.0 53 0 6.8 36.3 7.0 2.5 2 1 2 3 3
1871.4 -2152.5 1.1 250 0 6.5 9.6 5.0 2.5 2 1 2 0 0
1935.0 -2292.1 1.2 70 0 6.9 20.6 10.0 2.5 4 1 4 0 0
1996.0 -2132.6 0.6 267 0 6.0 6.2 2.5 2.5 2 1 1 1 1
1592.8 -2274.2 1.3 50 0 12.0 8.5 7.5 0.0 0 0 3 4 4
996.8 -2672.7 -0.6 67 0 6.7 6.2 7.5 2.5 2 0 3 1 1
