5819.6 84.0 -14.9 310 0 40.2 18.1 17.5 3.5 2 0 5 2 2
-338.6 -3739.8 -12.0 315 0 10.0 10.0 7.5 2.5 2 0 3 4 4
-391.6 -3745.0 -12.3 135 0 9.5 11.2 2.5 2.5 2 0 1 4 4
-364.6 -3680.7 -11.6 221 0 7.9 9.2 5.0 2.5 2 1 2 3 3
-273.9 -3654.7 -11.8 316 0 8.6 9.4 5.0 2.5 2 1 2 0 0
-230.2 -3534.4 -11.9 217 0 9.8 10.4 2.5 2.5 2 1 1 3 3
-87.6 -3811.3 -12.0 135 0 10.7 14.3 5.0 2.5 2 0 2 2 2
-109.8 -3817.3 -11.8 310 0 12.4 10.4 5.0 0.0 0 0 2 4 4
-140.7 -3821.8 -11.5 312 0 11.2 8.6 2.5 2.5 2 0 1 1 1
-144.0 -3851.0 -11.9 55 0 8.6 11.1 5.0 2.5 2 0 2 3 3
-185.5 -3836.2 -12.1 47 0 13.3 7.6 5.0 2.5 4 0 2 5 5
-207.6 -3839.5 -12.2 46 0 11.6 10.4 2.5 2.5 2 0 1 3 3
-236.7 -3846.1 -11.3 50 0 9.6 8.7 7.5 2.5 2 0 3 0 0
-232.0 -3913.8 -11.9 45 0 10.1 9.5 5.0 0.0 0 0 2 0 0
-275.5 -3919.8 -11.7 137 0 7.6 8.5 5.0 2.5 2 0 2 4 4
-297.0 -3890.1 -11.6 144 0 8.8 9.0 7.5 2.5 2 0 3 2 2
-308.7 -3912.4 -12.3 54 0 11.7 10.8 2.5 2.5 2 0 1 3 3
-318.1 -3927.2 -12.4 322 0 11.0 7.4 5.0 2.5 4 0 2 5 5
-331.7 -3819.0 -12.1 231 0 8.5 8.2 5.0 2.5 2 0 2 1 1
-338.6 -4004.8 -12.3 43 0 8.7 7.0 5.0 2.5 2 0 2 5 5
-359.8 -3990.4 -12.0 47 0 9.8 7.0 5.0 2.5 2 0 2 5 5
-451.2 -4115.9 -10.5 139 0 14.3 11.4 5.0 2.5 2 0 2 5 5
-462.8 -4137.6 -10.7 52 0 10.7 7.1 10.0 2.5 2 0 4 1 1
-526.2 -4033.6 -10.1 223 0 13.2 9.0 5.0 2.5 2 0 2 3 3
-516.2 -3999.9 -10.6 38 0 9.3 9.2 5.0 0.0 0 0 2 4 4
-3071.4 -6862.0 -13.1 132 0 6.9 12.3 5.0 2.5 2 1 2 5 5
-2832.9 -6860.8 -14.8 62 0 7.7 8.0 5.0 2.5 2 1 2 5 5
-2859.9 -6799.2 -14.0 216 0 10.9 7.4 7.5 2.5 2 0 3 4 4
-2838.8 -6744.2 -14.6 222 0 10.3 9.9 5.0 2.5 2 0 2 0 0
-2900.5 -6785.0 -13.4 32 0 10.6 11.7 2.5 2.5 2 1 1 2 2
-2822.1 -6641.1 -14.9 120 0 7.7 9.0 5.0 2.5 4 1 2 3 3
-2821.9 -6598.4 -14.8 218 0 12.4 8.1 5.0 0.0 0 0 2 3 3
-2780.2 -6599.0 -15.1 225 0 8.7 7.1 7.5 2.5 2 0 3 0 0
-2862.1 -6530.3 -15.2 311 0 8.8 10.2 5.0 2.5 2 1 2 3 3
-2657.3 -6483.3 -15.3 48 0 9.9 8.1 5.0 2.5 2 0 2 2 2
-2634.9 -6407.8 -16.0 43 0 8.2 6.1 2.5 2.5 2 0 1 1 1
-2691.8 -6458.8 -15.3 50 0 7.5 7.7 5.0 2.5 2 1 2 1 1
-2594.0 -6392.0 -16.2 213 0 13.8 9.2 5.0 0.0 0 0 2 5 5
-2540.0 -6385.4 -15.6 48 0 14.9 9.5 5.0 0.0 0 0 2 2 2
-1350.9 -5269.7 -11.1 44 0 10.1 9.9 2.5 2.5 2 0 1 1 1
-1312.2 -5230.6 -12.0 317 0 9.2 8.2 5.0 2.5 2 0 2 4 4
-1323.6 -5170.2 -13.5 308 0 7.3 10.2 2.5 2.5 2 1 1 3 3
-976.2 -5092.9 -12.3 41 0 8.0 10.4 10.0 2.5 2 1 4 2 2
-1016.2 -4897.4 -10.3 40 0 10.7 7.9 5.0 2.5 2 0 2 4 4
-1029.8 -4908.0 -10.2 47 0 8.4 7.2 7.5 2.5 2 0 3 0 0
-906.0 -4483.5 -10.9 305 0 7.7 9.3 5.0 2.5 2 1 2 4 4
-935.7 -4357.7 -11.9 222 0 10.3 8.5 5.0 2.5 2 0 2 0 0
-902.2 -4305.4 -12.4 221 0 8.7 8.2 5.0 2.5 2 0 2 0 0
-824.3 -4472.1 -10.1 37 0 15.4 10.9 2.5 2.5 2 0 1 4 4
-816.9 -4411.8 -10.3 308 0 8.8 10.7 2.5 2.5 2 1 1 0 0
-761.5 -4470.4 -12.1 296 0 16.4 9.1 5.0 2.5 4 0 2 4 4
-763.0 -4491.5 -11.6 25 0 8.4 10.3 5.0 2.5 2 1 2 3 3
-777.0 -4518.7 -11.1 117 0 7.4 7.0 2.5 2.5 2 0 1 3 3
-779.9 -4530.6 -11.1 114 0 8.2 7.8 2.5 2.5 2 0 1 0 0
-805.7 -4523.0 -10.6 118 0 10.2 7.9 2.5 0.0 0 0 1 3 3
-788.1 -4545.9 -10.7 303 0 16.2 9.4 7.5 2.5 2 0 3 5 5
-761.4 -4595.0 -9.6 283 0 7.5 19.7 7.5 2.5 2 1 3 5 5
-860.0 -4593.7 -10.2 212 0 13.6 33.9 10.0 0.0 0 1 4 4 4
-1443.5 -5860.3 -14.5 290 0 6.4 11.3 5.0 2.5 2 1 2 2 2
-993.2 -4119.6 -14.5 178 0 8.9 7.5 2.5 2.5 2 0 1 2 2
-992.3 -4136.8 -14.5 175 0 8.2 6.6 5.0 2.5 2 0 2 2 2
-955.3 -4172.3 -14.1 5 0 7.8 7.5 5.0 2.5 2 0 2 4 4
-954.7 -4235.5 -13.0 110 0 7.1 8.4 5.0 2.5 2 1 2 0 0
-883.2 -4169.3 -13.4 5 0 10.2 8.6 2.5 2.5 2 0 1 4 4
-887.1 -4108.2 -13.4 356 0 9.9 7.4 5.0 2.5 2 0 2 0 0
-926.7 -4131.5 -13.8 181 0 8.6 9.7 2.5 0.0 0 1 1 0 0
-919.4 -4169.9 -13.7 204 0 10.6 8.7 5.0 2.5 2 0 2 5 5
-917.6 -4210.1 -13.7 199 0 10.5 8.0 2.5 2.5 2 0 1 5 5
-860.1 -4122.8 -13.0 193 0 9.3 8.9 7.5 2.5 2 0 3 3 3
-859.8 -4143.0 -13.1 192 0 10.1 8.9 7.5 2.5 2 0 3 1 1
-858.4 -4164.1 -12.8 188 0 10.3 9.0 5.0 0.0 0 0 2 1 1
-859.1 -4188.5 -12.5 193 0 9.1 8.9 2.5 2.5 4 0 1 3 3
-826.5 -4148.7 -12.5 4 0 11.3 9.8 5.0 2.5 2 0 2 0 0
-497.3 -4599.2 -11.1 56 0 14.3 38.6 7.5 2.5 2 1 3 0 0
-639.9 -4263.5 -9.5 222 0 9.0 12.6 5.0 2.5 2 1 2 3 3
-642.8 -4319.7 -10.0 45 0 8.2 10.5 5.0 2.5 2 1 2 5 5
-646.7 -4245.7 -8.8 44 0 7.3 8.3 5.0 2.5 2 1 2 2 2
-606.3 -4222.5 -10.0 220 0 12.7 10.7 5.0 2.5 2 0 2 2 2
-544.9 -4185.6 -10.5 226 0 12.6 9.4 10.0 2.5 2 0 4 4 4
-565.1 -4211.8 -10.5 219 0 12.3 7.5 5.0 2.5 2 0 2 5 5
-515.3 -4131.1 -10.0 230 0 18.5 11.2 5.0 2.5 4 0 2 3 3
-489.4 -4215.4 -13.4 321 0 9.8 8.0 7.5 2.5 2 0 3 5 5
-419.1 -4028.0 -10.9 223 0 10.4 11.1 7.5 2.5 2 1 3 3 3
-542.4 -4094.3 -9.4 321 0 11.2 7.4 7.5 2.5 2 0 3 4 4
-527.7 -4120.1 -9.2 53 0 9.2 12.8 5.0 2.5 2 1 2 2 2
-557.2 -4152.7 -9.3 53 0 17.4 11.3 2.5 2.5 2 0 1 2 2
-581.5 -4049.8 -10.5 313 0 10.5 9.7 2.5 2.5 2 0 1 1 1
-625.2 -4036.6 -10.6 217 0 9.0 10.1 5.0 2.5 2 1 2 1 1
-598.5 -4031.4 -10.6 312 0 9.0 7.7 5.0 2.5 2 0 2 1 1
-725.2 -4116.7 -12.7 314 0 8.4 10.4 5.0 2.5 2 1 2 0 0
-645.5 -3976.9 -11.5 50 0 8.9 7.7 5.0 2.5 2 0 2 5 5
-691.5 -4003.1 -11.3 50 0 11.7 8.1 5.0 2.5 4 0 2 4 4
-730.0 -4049.2 -11.9 36 0 7.9 9.0 5.0 2.5 2 1 2 2 2
-801.8 -3945.1 -12.1 45 0 8.5 7.2 5.0 2.5 4 0 2 5 5
-784.7 -3808.4 -12.6 314 0 11.6 7.5 5.0 2.5 2 0 2 0 0
-811.9 -3787.4 -12.3 320 0 12.1 8.3 7.5 2.5 2 0 3 3 3
-778.6 -3782.5 -11.5 138 0 9.6 11.2 5.0 2.5 2 1 2 4 4
-742.7 -3762.3 -11.5 49 0 12.3 8.8 7.5 2.5 2 0 3 0 0
-739.1 -3705.3 -12.3 55 0 10.1 11.3 5.0 2.5 2 1 2 0 0
-676.9 -3889.8 -12.2 43 0 10.5 8.3 2.5 2.5 2 0 1 3 3
-700.8 -3838.8 -12.5 40 0 10.5 8.1 7.5 0.0 0 0 3 0 0
-672.1 -3747.5 -12.4 221 0 7.8 9.0 2.5 2.5 2 1 1 0 0
-610.2 -3759.9 -12.9 37 0 10.7 8.3 5.0 0.0 0 0 2 1 1
-454.8 -3652.9 -12.4 307 0 6.2 9.6 5.0 2.5 2 1 2 5 5
-241.7 -3558.0 -11.9 138 0 9.9 9.9 2.5 2.5 2 1 1 3 3
-363.0 -3641.4 -11.6 312 0 8.0 7.5 5.0 2.5 4 0 2 3 3
-379.5 -3512.2 -12.3 132 0 8.9 10.7 7.5 0.0 0 1 3 5 5
-367.2 -3523.8 -12.3 132 0 10.1 11.7 5.0 2.5 2 1 2 3 3
-319.6 -3526.2 -12.3 317 0 7.3 10.2 5.0 2.5 2 1 2 5 5
-262.1 -3533.7 -12.1 39 0 10.9 9.3 2.5 2.5 2 0 1 5 5
-298.4 -3502.9 -12.3 134 0 8.6 7.9 5.0 0.0 0 0 2 4 4
-3095.1 -6831.4 -13.6 222 0 12.6 16.7 8.0 2.5 2 1 2 5 5
-1488.4 -5447.8 -12.6 44 0 11.3 9.1 5.0 2.5 2 0 2 3 3
-446.6 -4171.8 -12.6 52 0 10.5 9.1 7.5 2.5 2 0 3 2 2
-1046.8 -4585.9 -13.9 3 0 8.7 8.5 5.0 2.5 2 0 2 4 4
-1081.3 -4569.7 -14.5 178 0 9.3 8.1 2.5 2.5 2 0 1 4 4
-1052.3 -4525.5 -13.5 357 0 9.3 8.5 2.5 2.5 2 0 1 2 2
-1113.1 -4608.4 -14.6 356 0 8.1 8.4 2.5 2.5 2 1 1 5 5
-1110.5 -4590.7 -14.9 357 0 9.4 7.9 5.0 2.5 2 0 2 5 5
-1050.7 -4545.6 -13.7 357 0 9.0 6.7 7.5 2.5 2 0 3 5 5
-1048.2 -4565.5 -13.9 358 0 10.2 8.5 5.0 2.5 2 0 2 5 5
-1061.3 -4492.5 -13.3 348 0 11.2 6.8 5.0 2.5 2 0 2 3 3
-899.4 -4953.5 -11.6 306 0 19.7 7.2 7.5 2.5 2 0 3 2 2
-813.9 -4074.3 -12.8 85 0 7.5 7.3 2.5 2.5 2 0 1 0 0
-641.6 -3712.0 -13.1 231 0 7.1 6.9 5.0 2.5 2 0 2 1 1
-2702.3 -6355.1 -16.6 218 0 6.9 6.5 2.5 2.5 2 0 1 1 1
-549.0 -3258.0 -12.3 318 0 8.3 9.8 2.5 2.5 2 1 1 0 0
-576.6 -3260.1 -13.3 195 0 24.4 8.1 5.0 2.5 2 0 2 1 1
-476.5 -4142.3 -10.8 317 0 13.1 10.4 5.0 2.5 2 0 2 0 0
-2989.8 -6669.1 -14.7 298 0 12.0 7.8 5.0 2.5 2 0 2 0 0
-718.6 -4352.9 -11.2 221 0 7.5 8.8 5.0 0.0 0 1 2 5 5
-590.1 -4211.1 -10.1 229 0 10.3 8.8 5.0 2.5 2 0 2 1 1
-578.5 -4175.2 -9.3 51 0 11.8 8.6 5.0 2.5 2 0 2 0 0
-770.8 -4363.9 -10.4 35 0 6.2 7.3 5.0 2.5 2 1 2 1 1
-692.1 -4536.5 -11.5 125 0 8.4 10.7 5.0 2.5 2 1 2 3 3
4638.8 510.0 -13.7 337 0 13.7 7.9 17.5 3.5 2 0 5 5 5
4621.4 583.2 -14.2 336 0 8.8 12.9 17.5 3.5 2 1 5 1 1
4704.9 595.7 -13.1 143 0 8.5 12.4 17.5 3.5 2 1 5 5 5
4695.6 568.4 -13.8 336 0 9.0 11.5 17.5 3.5 2 1 5 1 1
4728.8 513.4 -13.3 328 0 9.4 12.5 17.5 3.5 2 1 5 3 3
4680.7 644.4 -13.2 156 0 8.9 11.8 17.5 3.5 2 1 5 5 5
4640.5 597.6 -14.0 241 0 20.5 10.7 17.5 3.5 2 0 5 4 4
4731.6 501.5 -13.1 331 0 6.1 9.0 17.5 3.5 2 1 5 1 1
4736.5 491.9 -12.9 332 0 9.0 10.7 17.5 3.5 2 1 5 0 0
4647.6 496.9 -13.5 337 0 9.3 12.7 17.5 3.5 2 1 5 2 2
4739.2 628.0 -12.2 333 0 8.8 12.8 17.5 0.0 0 1 5 3 3
4665.8 553.5 -14.0 65 0 10.4 8.9 17.5 3.5 2 0 5 1 1
4692.2 526.7 -13.9 143 0 11.3 8.8 17.5 3.5 2 0 5 3 3
4690.2 539.8 -14.0 150 0 10.1 8.0 17.5 3.5 2 0 5 3 3
4626.2 645.1 -15.4 159 0 13.5 8.2 17.5 3.5 2 0 5 0 0
4681.8 578.9 -13.7 336 0 9.4 11.8 17.5 3.5 2 1 5 0 0
4757.8 481.2 -12.4 152 0 21.2 14.7 17.5 3.5 2 0 5 1 1
4629.2 535.3 -13.9 341 0 8.1 10.6 17.5 3.5 2 1 5 1 1
4622.3 482.3 -13.4 162 0 8.4 12.6 17.5 3.5 2 1 5 5 5
4671.2 461.4 -13.2 150 0 8.8 10.8 17.5 3.5 2 1 5 5 5
4658.0 447.2 -13.1 336 0 10.0 8.8 17.5 3.5 2 0 5 3 3
4638.0 438.2 -13.1 163 0 8.2 9.2 17.5 0.0 0 1 5 3 3
4665.6 435.4 -13.1 340 0 9.0 12.5 17.5 0.0 0 1 5 3 3
4645.1 565.5 -14.0 152 0 9.2 15.0 17.5 3.5 2 1 5 0 0
4625.9 472.0 -13.2 164 0 7.2 12.8 17.5 3.5 2 1 5 3 3
4624.5 569.6 -14.0 339 0 8.7 11.8 17.5 3.5 2 1 5 4 4
4563.8 536.3 -14.1 340 0 12.5 19.8 14.0 0.0 0 1 4 1 1
4744.8 516.7 -12.9 156 0 7.2 11.8 17.5 3.5 4 1 5 1 1
4635.2 766.4 -18.1 244 0 11.0 8.8 17.5 3.5 2 0 5 2 2
4617.3 601.9 -14.3 333 0 8.1 12.8 17.5 3.5 2 1 5 4 4
4783.5 534.2 -12.6 336 0 9.4 19.9 17.5 3.5 2 1 5 3 3
4741.6 264.4 -13.6 46 0 10.0 36.8 21.0 0.0 0 1 6 0 0
5123.3 -241.4 -12.3 9 0 20.5 14.8 7.5 2.5 2 0 3 2 2
5465.8 -152.2 -15.0 272 0 9.5 29.8 3.5 3.5 2 1 1 0 0
5952.7 -223.9 -17.1 280 0 12.0 45.7 2.5 2.5 2 1 1 0 0
5413.5 -24.0 -15.6 119 0 11.6 31.4 7.0 3.5 2 1 2 5 5
5198.0 -273.8 -14.5 212 0 12.4 17.6 14.0 3.5 2 1 4 5 5
4803.4 419.1 -12.3 321 0 9.2 13.3 21.0 0.0 0 1 6 3 3
4792.7 482.3 -12.1 64 0 6.9 18.7 17.5 3.5 2 1 5 3 3
4720.2 781.3 -17.0 255 0 13.4 10.0 17.5 3.5 2 0 5 3 3
4702.0 791.5 -17.3 253 0 10.3 14.8 17.5 3.5 2 1 5 5 5
4497.5 495.1 -14.5 174 0 12.0 23.6 14.0 3.5 2 1 4 4 4
4544.1 438.4 -14.7 61 0 9.2 14.3 14.0 0.0 0 1 4 4 4
4535.0 451.8 -14.7 57 0 8.5 15.2 14.0 3.5 2 1 4 5 5
4525.9 446.9 -14.9 56 0 7.3 13.6 14.0 3.5 2 1 4 4 4
4516.6 441.2 -15.0 57 0 8.0 14.5 14.0 3.5 2 1 4 2 2
4507.1 435.5 -14.9 58 0 7.8 14.9 14.0 3.5 4 1 4 0 0
4490.3 443.0 -14.6 238 0 8.0 15.8 14.0 3.5 2 1 4 3 3
4569.7 424.4 -14.3 246 0 8.7 12.0 21.0 0.0 0 1 6 3 3
4588.4 437.0 -13.9 249 0 18.7 13.5 21.0 0.0 0 0 6 3 3
4659.0 307.0 -14.1 341 0 15.2 6.2 17.5 3.5 4 0 5 4 4
4655.4 295.5 -14.6 339 0 9.1 28.1 17.5 3.5 2 1 5 4 4
4631.6 263.9 -14.7 161 0 16.8 9.6 17.5 3.5 2 0 5 5 5
5807.1 918.9 -15.7 46 0 8.8 8.5 14.0 3.5 2 0 4 4 4
5885.4 973.9 -14.6 39 0 7.1 13.7 14.0 3.5 2 1 4 5 5
5868.3 1025.2 -14.1 237 0 7.6 11.2 14.0 3.5 2 1 4 3 3
5898.6 986.0 -14.5 46 0 8.3 13.7 14.0 3.5 4 1 4 1 1
5743.3 1002.1 -14.3 232 0 8.6 11.7 14.0 3.5 2 1 4 5 5
5771.0 973.3 -14.8 315 0 10.1 7.7 14.0 3.5 2 0 4 0 0
5764.8 1014.0 -14.0 315 0 10.1 8.2 14.0 3.5 2 0 4 4 4
5785.6 995.3 -14.3 319 0 10.7 8.6 14.0 3.5 2 0 4 0 0
5809.1 1001.8 -14.2 53 0 8.1 9.3 10.5 3.5 2 1 3 3 3
5832.4 992.1 -14.4 235 0 8.1 10.2 14.0 3.5 2 1 4 4 4
5837.9 1027.4 -14.0 51 0 10.1 9.8 10.5 3.5 2 0 3 2 2
5832.6 1058.7 -13.9 325 0 14.3 9.5 10.5 3.5 4 0 3 4 4
5826.3 1012.0 -14.1 51 0 6.9 8.8 10.5 3.5 2 1 3 0 0
5992.3 255.4 -16.3 230 0 8.2 13.1 10.5 3.5 2 1 3 2 2
5768.6 53.0 -14.9 134 0 9.7 17.4 17.5 3.5 2 1 5 5 5
5748.3 72.2 -14.8 126 0 10.6 23.7 17.5 3.5 2 1 5 3 3
5724.3 90.9 -14.6 128 0 11.6 22.7 17.5 0.0 0 1 5 3 3
5696.6 135.1 -14.2 223 0 6.4 14.8 17.5 3.5 2 1 5 0 0
6103.8 445.3 -15.2 125 0 8.1 14.5 14.0 0.0 0 1 4 3 3
6128.4 340.4 -15.7 227 0 6.5 23.4 2.5 2.5 4 1 1 4 4
6042.8 204.6 -16.2 319 0 9.6 11.1 10.5 3.5 2 1 3 5 5
6023.2 222.4 -16.2 319 0 7.6 11.5 10.5 3.5 2 1 3 2 2
6008.4 230.5 -16.2 318 0 11.4 7.2 10.5 3.5 2 0 3 3 3
6062.8 177.7 -16.2 316 0 9.6 8.2 10.5 3.5 2 0 3 5 5
5961.0 202.5 -15.5 323 0 12.0 12.3 10.5 3.5 2 1 3 3 3
5969.6 194.5 -15.7 318 0 8.5 13.5 10.5 3.5 2 1 3 0 0
5987.4 175.9 -16.0 324 0 11.4 13.3 10.5 3.5 2 1 3 1 1
5998.3 136.2 -15.6 49 0 11.5 9.9 10.5 3.5 2 0 3 2 2
4742.5 445.1 -12.6 243 0 9.1 12.9 21.0 0.0 0 1 6 5 5
4746.2 428.5 -12.6 147 0 7.0 11.2 21.0 0.0 0 1 6 1 1
4858.1 477.2 -11.5 347 0 8.8 10.8 17.5 3.5 2 1 5 3 3
4840.5 487.6 -11.6 241 0 12.3 7.7 17.5 3.5 2 0 5 2 2
4827.0 479.0 -11.7 238 0 8.5 9.5 17.5 3.5 2 1 5 3 3
4844.2 438.6 -11.7 68 0 11.8 8.6 17.5 3.5 2 0 5 1 1
5055.8 676.6 -14.5 311 0 6.5 7.1 17.5 0.0 0 1 5 4 4
5108.8 704.9 -15.3 51 0 10.4 21.6 14.0 3.5 2 1 4 1 1
4947.7 457.0 -12.8 28 0 12.3 6.8 21.0 0.0 0 0 6 4 4
4959.4 430.8 -13.6 228 0 15.7 18.6 17.5 0.0 0 1 5 5 5
4912.9 472.1 -12.5 141 0 9.1 10.3 21.0 0.0 0 1 6 2 2
2789.0 -1133.7 -10.9 193 0 20.5 8.0 5.0 2.5 2 0 2 4 4
2872.4 -1187.7 -8.6 20 0 7.9 30.4 2.5 2.5 2 1 1 5 5
5612.4 -334.2 -16.7 33 0 30.1 10.5 7.5 2.5 2 0 3 5 5
5599.1 -270.5 -16.8 297 0 37.1 12.7 10.0 2.5 2 0 4 3 3
5627.1 -301.2 -16.8 25 0 30.3 8.8 10.0 2.5 2 0 4 1 1
5688.4 -210.7 -16.3 104 0 10.1 31.5 7.5 2.5 2 1 3 2 2
3213.3 -540.9 -14.1 150 0 9.4 10.3 14.0 3.5 4 1 4 5 5
3193.2 -503.8 -13.8 155 0 7.6 10.0 14.0 3.5 2 1 4 5 5
4098.9 -135.2 -13.3 145 0 20.2 16.5 14.0 0.0 0 0 4 3 3
4563.8 536.3 -14.1 340 0 12.5 19.8 14.0 0.0 0 1 4 3 3
6636.6 974.3 -12.3 90 0 40.0 10.8 14.0 3.5 4 0 4 5 5
4587.3 452.6 -13.9 71 0 30.2 20.9 14.0 0.0 0 0 4 5 5
4551.6 586.2 -14.8 338 0 10.8 6.3 14.0 3.5 2 0 4 5 5
4580.2 501.3 -13.6 336 0 14.0 18.9 14.0 3.5 2 1 4 2 2
2768.8 -917.6 -11.0 137 0 9.4 12.4 14.0 0.0 0 1 4 3 3
2750.6 -885.8 -11.9 147 0 8.5 9.3 14.0 3.5 2 1 4 1 1
2716.4 -885.7 -13.2 54 0 8.7 12.7 14.0 3.5 2 1 4 4 4
2722.7 -924.5 -12.4 144 0 8.8 8.5 14.0 0.0 0 0 4 1 1
2752.3 -930.7 -11.7 331 0 9.7 13.5 14.0 3.5 2 1 4 2 2
2775.0 -961.9 -10.5 328 0 7.9 11.8 14.0 0.0 0 1 4 5 5
2759.8 -1001.8 -10.4 140 0 9.4 12.8 14.0 0.0 0 1 4 5 5
2755.2 -983.1 -10.7 147 0 9.2 9.0 14.0 0.0 0 0 4 0 0
2763.4 -1022.4 -11.8 144 0 7.8 12.9 14.0 3.5 2 1 4 5 5
2764.5 -1038.9 -14.4 324 0 6.1 7.8 7.5 2.5 2 1 3 3 3
450.3 -2999.1 -12.2 310 0 10.0 11.4 10.0 2.5 2 1 4 1 1
-73.1 -3533.2 -12.0 42 0 7.8 7.6 7.5 2.5 2 0 3 1 1
-132.8 -3440.5 -12.7 227 0 10.2 8.9 10.0 2.5 2 0 4 1 1
-127.8 -3457.8 -12.6 228 0 9.9 8.7 7.5 2.5 2 0 3 1 1
-146.9 -3475.9 -12.4 225 0 8.3 7.3 7.5 2.5 2 0 3 4 4
-116.2 -3473.5 -12.5 210 0 9.0 6.6 2.5 2.5 2 0 1 3 3
-106.6 -3506.1 -12.3 58 0 8.5 8.0 10.0 2.5 2 0 4 0 0
-151.1 -3545.9 -11.9 140 0 8.0 9.4 2.5 2.5 2 1 1 3 3
-193.1 -3499.7 -12.1 236 0 10.5 7.8 5.0 2.5 2 0 2 3 3
-179.4 -3481.3 -12.3 231 0 8.1 8.1 7.5 2.5 4 0 3 2 2
-166.6 -3493.8 -12.2 231 0 8.3 7.0 7.5 2.5 2 0 3 1 1
-156.3 -3519.7 -12.0 124 0 6.5 8.1 7.5 2.5 4 1 3 1 1
-140.0 -3534.3 -12.0 145 0 8.2 6.1 5.0 2.5 2 0 2 4 4
-547.5 -4040.7 -10.5 50 0 12.4 19.7 2.5 2.5 2 1 1 0 0
6775.4 -2806.7 -8.1 117 0 12.9 10.1 7.5 2.5 2 0 3 0 0
4821.8 596.1 -12.3 151 0 8.5 12.7 17.5 3.5 2 1 5 2 2
4809.6 614.0 -11.9 148 0 9.2 11.3 17.5 3.5 2 1 5 2 2
4846.4 631.7 -12.4 339 0 11.9 8.4 17.5 3.5 2 0 5 2 2
4804.5 628.9 -11.7 147 0 12.9 8.1 17.5 3.5 2 0 5 5 5
4805.8 650.7 -12.4 146 0 7.5 11.3 17.5 3.5 2 1 5 1 1
4800.9 644.9 -12.0 60 0 8.0 10.3 17.5 3.5 2 1 5 1 1
4760.2 708.0 -15.3 239 0 11.8 18.0 17.5 3.5 2 1 5 4 4
4751.1 647.8 -12.5 154 0 14.0 10.6 17.5 3.5 2 0 5 0 0
4792.3 659.7 -12.7 60 0 8.2 8.4 17.5 3.5 2 1 5 0 0
4843.9 658.7 -13.2 336 0 6.6 6.5 17.5 3.5 2 0 5 2 2
4815.8 606.4 -12.0 151 0 6.7 6.3 17.5 3.5 2 0 5 3 3
4848.6 739.3 -15.9 358 0 14.2 17.7 17.5 3.5 2 1 5 0 0
4768.1 657.1 -12.7 148 0 10.3 8.2 17.5 3.5 2 0 5 4 4
4771.8 619.9 -11.7 245 0 8.2 10.8 14.0 3.5 4 1 4 1 1
4813.9 571.6 -12.2 332 0 12.3 8.5 14.0 3.5 2 0 4 0 0
4797.0 563.9 -12.1 149 0 9.0 8.8 14.0 3.5 2 0 4 4 4
4767.0 565.8 -12.6 332 0 9.5 7.2 17.5 3.5 2 0 5 1 1
4747.3 533.7 -13.1 149 0 11.7 9.8 17.5 3.5 2 0 5 3 3
4740.6 599.1 -12.6 332 0 10.3 8.5 17.5 3.5 2 0 5 2 2
4836.7 769.1 -15.7 67 0 8.3 7.1 17.5 3.5 2 0 5 2 2
4636.2 743.9 -17.7 143 0 15.2 6.7 17.5 3.5 2 0 5 2 2
4833.3 835.8 -15.9 359 0 12.6 9.4 17.5 3.5 2 0 5 0 0
4823.9 867.1 -16.0 243 0 15.5 9.3 17.5 3.5 2 0 5 4 4
4822.0 820.1 -15.8 324 0 10.8 8.9 17.5 3.5 2 0 5 2 2
4884.4 824.0 -14.9 239 0 13.0 12.0 17.5 0.0 0 0 5 1 1
4819.9 889.0 -16.2 65 0 12.9 7.5 17.5 3.5 2 0 5 5 5
4881.3 673.6 -14.3 157 0 11.5 13.3 17.5 3.5 2 1 5 4 4
4883.3 653.1 -13.7 70 0 8.4 9.2 17.5 0.0 0 1 5 4 4
4870.0 697.1 -14.7 160 0 7.7 9.6 17.5 3.5 2 1 5 5 5
4886.2 716.7 -15.1 152 0 8.3 8.9 17.5 3.5 2 1 5 0 0
4890.3 703.8 -14.8 152 0 8.8 8.1 17.5 3.5 2 0 5 5 5
4905.3 733.9 -15.0 235 0 6.2 9.3 17.5 3.5 2 1 5 0 0
4891.9 755.4 -15.3 242 0 9.5 6.8 17.5 3.5 2 0 5 3 3
4959.3 672.6 -14.0 144 0 19.2 17.4 17.5 3.5 2 0 5 3 3
4968.9 702.7 -14.1 137 0 8.5 7.8 17.5 3.5 2 0 5 0 0
4940.9 683.2 -14.2 144 0 8.1 6.6 17.5 3.5 2 0 5 0 0
4957.2 800.4 -15.3 244 0 7.9 12.7 17.5 0.0 0 1 5 4 4
4972.5 781.9 -15.0 331 0 11.2 8.2 17.5 3.5 4 0 5 4 4
4980.9 768.6 -14.8 333 0 10.4 8.8 17.5 3.5 2 0 5 0 0
5007.1 723.2 -14.1 332 0 12.8 7.5 17.5 3.5 2 0 5 4 4
5057.1 608.2 -15.1 40 0 10.8 6.2 17.5 3.5 2 0 5 0 0
5047.9 608.5 -14.9 38 0 10.1 11.3 17.5 0.0 0 1 5 4 4
5028.0 578.0 -14.7 310 0 15.2 27.7 14.0 3.5 4 1 4 0 0
4991.6 544.6 -14.4 42 0 8.4 12.2 14.0 3.5 2 1 4 1 1
4965.8 506.2 -14.0 138 0 9.7 10.6 14.0 3.5 2 1 4 5 5
4958.8 481.8 -13.3 300 0 8.2 15.5 21.0 0.0 0 1 6 0 0
4941.2 496.1 -13.2 326 0 8.0 11.2 21.0 0.0 0 1 6 1 1
4977.9 620.0 -13.6 316 0 11.6 10.1 14.0 3.5 2 0 4 2 2
4951.8 620.8 -13.3 315 0 9.8 8.7 14.0 3.5 2 0 4 1 1
4945.8 659.1 -13.8 317 0 12.1 9.0 14.0 3.5 2 0 4 5 5
4309.8 -155.9 -13.3 48 0 7.6 8.7 14.0 3.5 2 1 4 2 2
4316.1 -110.8 -13.7 233 0 10.5 10.7 14.0 3.5 2 1 4 5 5
4103.8 -92.2 -13.2 228 0 6.2 12.7 14.0 3.5 2 1 4 3 3
4086.5 -152.2 -13.3 148 0 9.1 20.7 14.0 3.5 2 1 4 4 4
4139.1 -60.5 -12.7 320 0 13.1 8.0 14.0 3.5 2 0 4 3 3
4119.8 -77.6 -13.1 228 0 7.4 7.4 14.0 3.5 2 1 4 5 5
4156.4 -209.7 -13.8 48 0 11.2 12.5 14.0 3.5 2 1 4 0 0
4180.4 -185.2 -13.6 51 0 7.8 8.1 14.0 3.5 2 1 4 1 1
4191.6 -197.0 -13.4 50 0 8.0 8.5 14.0 3.5 2 1 4 5 5
4231.2 -160.5 -13.6 46 0 11.3 8.5 14.0 3.5 2 0 4 2 2
4211.2 -85.1 -12.4 134 0 15.9 9.2 17.5 3.5 2 0 5 2 2
4213.6 -101.9 -12.7 134 0 7.7 8.0 17.5 3.5 4 1 5 1 1
4279.2 -139.5 -13.5 230 0 8.4 8.6 14.0 3.5 2 1 4 0 0
4255.6 -164.9 -13.4 226 0 7.2 7.0 14.0 3.5 2 0 4 1 1
4271.0 -62.6 -12.7 237 0 13.7 9.9 17.5 0.0 0 0 5 3 3
4324.9 -81.6 -14.1 226 0 10.4 9.9 14.0 3.5 2 0 4 3 3
4320.0 -94.6 -13.7 228 0 7.5 7.9 14.0 3.5 2 1 4 0 0
4335.5 -77.7 -14.5 226 0 8.4 6.7 14.0 0.0 0 0 4 1 1
4354.5 -99.5 -13.4 318 0 8.4 8.0 14.0 3.5 4 0 4 3 3
4312.0 -23.5 -15.0 134 0 8.6 8.1 17.5 3.5 2 0 5 2 2
4326.7 -57.4 -14.5 316 0 9.0 7.6 17.5 3.5 2 0 5 2 2
4364.0 -16.3 -17.1 312 0 9.0 8.0 17.5 3.5 4 0 5 4 4
4336.4 -43.6 -15.8 129 0 6.4 7.2 17.5 3.5 2 1 5 1 1
4393.5 -24.5 -17.5 320 0 7.2 9.8 17.5 0.0 0 1 5 0 0
4401.2 -51.9 -17.0 61 0 7.9 8.4 17.5 3.5 2 1 5 2 2
4390.0 -146.9 -12.1 323 0 8.3 8.2 14.0 3.5 2 0 4 2 2
4421.0 -148.6 -12.6 237 0 7.9 10.0 14.0 3.5 2 1 4 5 5
4446.5 -185.0 -13.2 344 0 8.1 12.1 14.0 3.5 2 1 4 3 3
4436.6 -236.2 -13.6 62 0 11.7 7.3 14.0 3.5 2 0 4 2 2
4430.8 -165.8 -12.9 246 0 7.0 8.1 14.0 3.5 2 1 4 5 5
4381.6 -252.2 -12.9 43 0 9.1 6.8 14.0 3.5 2 0 4 5 5
4187.7 -7.7 -11.5 217 0 6.5 7.1 14.0 3.5 2 1 4 1 1
4248.8 46.0 -12.5 137 0 8.8 6.8 17.5 0.0 0 0 5 1 1
4297.4 67.8 -17.4 219 0 6.3 8.6 17.5 3.5 2 1 5 4 4
4180.6 60.4 -12.7 321 0 8.4 9.4 14.0 3.5 2 1 4 3 3
4128.4 -4.7 -12.6 135 0 8.7 8.5 14.0 3.5 2 0 4 1 1
4118.1 31.9 -13.3 128 0 7.6 10.6 14.0 3.5 2 1 4 1 1
4133.7 47.8 -13.3 136 0 7.0 7.8 14.0 3.5 2 1 4 3 3
4151.5 102.6 -13.8 312 0 6.5 11.2 14.0 3.5 2 1 4 3 3
4094.4 58.8 -13.6 132 0 7.4 8.1 14.0 3.5 2 1 4 3 3
4081.2 88.3 -13.6 123 0 7.3 8.4 14.0 3.5 2 1 4 3 3
4100.5 128.7 -13.3 312 0 8.4 7.9 14.0 3.5 2 0 4 4 4
4130.4 91.7 -13.6 316 0 10.4 8.7 14.0 3.5 2 0 4 5 5
4105.7 -3.0 -13.0 313 0 11.2 7.8 14.0 3.5 2 0 4 2 2
-2204.5 -6398.5 -16.9 122 0 6.4 9.7 7.5 2.5 2 1 3 0 0
-2159.1 -6391.5 -16.5 29 0 7.3 25.8 7.5 2.5 2 1 3 3 3
-2161.5 -6412.1 -16.2 25 0 7.0 11.1 5.0 2.5 4 1 2 1 1
-2151.1 -6417.3 -16.2 34 0 11.6 6.6 10.0 2.5 2 0 4 0 0
-2131.8 -6397.8 -15.8 32 0 12.1 20.3 5.0 2.5 2 1 2 5 5
3601.6 -65.7 -13.1 314 0 8.2 7.0 14.0 3.5 4 0 4 4 4
3588.7 -18.2 -12.6 145 0 7.9 6.4 14.0 3.5 2 0 4 0 0
3597.4 -33.5 -12.7 143 0 9.3 11.1 14.0 3.5 2 1 4 0 0
3636.0 5.4 -12.3 323 0 7.3 9.4 14.0 3.5 4 1 4 2 2
3619.9 9.2 -12.7 330 0 9.2 7.8 14.0 3.5 2 0 4 2 2
3628.3 -7.2 -12.2 320 0 8.6 9.2 14.0 3.5 2 1 4 3 3
3640.7 -23.3 -12.3 327 0 10.1 11.5 14.0 3.5 2 1 4 1 1
3651.5 -37.1 -12.3 328 0 8.1 8.8 14.0 3.5 2 1 4 3 3
3596.4 -104.7 -13.5 136 0 9.5 7.9 14.0 3.5 2 0 4 0 0
3691.1 -96.5 -12.0 324 0 7.5 7.9 14.0 3.5 2 1 4 3 3
3683.3 -130.0 -12.3 45 0 6.9 7.6 14.0 0.0 0 1 4 0 0
3649.7 -161.1 -13.3 46 0 6.7 11.4 14.0 3.5 2 1 4 5 5
3666.9 -135.8 -12.7 48 0 11.8 8.9 14.0 3.5 2 0 4 5 5
3736.3 -155.3 -13.0 47 0 11.7 10.2 14.0 3.5 2 0 4 1 1
3690.0 -156.8 -12.5 221 0 12.9 11.0 14.0 3.5 2 0 4 4 4
3676.0 -195.1 -12.7 48 0 10.5 10.2 14.0 3.5 2 0 4 0 0
3713.5 -211.4 -12.1 328 0 7.7 10.0 14.0 3.5 4 1 4 5 5
3730.8 -233.0 -11.9 316 0 15.8 8.2 14.0 0.0 0 0 4 5 5
3741.0 -246.9 -11.2 317 0 6.9 7.4 14.0 0.0 0 1 4 5 5
3731.2 -73.9 -12.7 141 0 7.0 7.7 17.5 3.5 2 1 5 4 4
3799.1 -254.9 -11.1 138 0 8.5 7.1 17.5 0.0 0 0 5 2 2
3813.4 -306.5 -9.9 138 0 8.4 8.3 17.5 3.5 4 0 5 3 3
3861.5 -264.0 -11.0 41 0 7.1 10.4 17.5 3.5 2 1 5 3 3
3850.8 -256.1 -11.2 45 0 6.4 6.9 17.5 3.5 2 1 5 5 5
3860.3 -235.6 -11.6 309 0 9.0 8.1 17.5 3.5 2 0 5 5 5
3873.1 -256.8 -11.2 39 0 11.4 8.7 17.5 0.0 0 0 5 4 4
3824.7 -197.2 -12.9 226 0 6.8 7.4 17.5 3.5 2 1 5 2 2
3810.7 -179.8 -13.2 38 0 6.5 7.3 17.5 3.5 2 1 5 5 5
3794.7 -196.8 -13.3 42 0 10.8 12.2 17.5 3.5 2 1 5 5 5
3790.1 -153.2 -13.4 314 0 14.7 11.0 17.5 3.5 2 0 5 2 2
3842.9 -89.6 -13.0 223 0 6.8 9.9 17.5 3.5 2 1 5 2 2
3862.1 -193.5 -12.6 143 0 8.7 11.3 17.5 3.5 2 1 5 0 0
3884.9 -165.7 -12.6 228 0 9.7 12.1 17.5 3.5 2 1 5 2 2
3907.0 -149.0 -12.8 318 0 7.4 7.5 17.5 0.0 0 1 5 4 4
3925.2 -180.8 -12.5 319 0 9.5 8.3 17.5 3.5 2 0 5 4 4
3820.6 -57.3 -13.1 319 0 12.7 11.0 17.5 3.5 2 0 5 1 1
3812.9 -81.4 -13.2 51 0 6.8 9.3 17.5 3.5 2 1 5 5 5
3800.4 -97.9 -13.4 51 0 11.5 7.9 17.5 3.5 2 0 5 3 3
3759.0 6.4 -10.9 326 0 8.1 8.6 17.5 3.5 2 1 5 3 3
3709.6 -31.3 -12.0 144 0 10.7 8.1 17.5 3.5 2 0 5 5 5
3675.4 -15.5 -11.7 139 0 9.9 7.9 17.5 3.5 4 0 5 1 1
3659.8 0.0 -12.3 150 0 10.3 20.7 17.5 3.5 2 1 5 4 4
3667.0 47.5 -13.3 233 0 12.4 9.1 17.5 3.5 2 0 5 4 4
3546.4 20.6 -14.4 65 0 11.8 9.2 14.0 3.5 2 0 4 4 4
3521.8 12.7 -14.4 65 0 9.4 7.8 14.0 3.5 2 0 4 5 5
3486.0 31.7 -15.4 255 0 12.2 10.2 14.0 3.5 2 0 4 3 3
3462.0 -17.6 -14.6 64 0 7.6 9.3 14.0 3.5 2 1 4 5 5
3461.0 23.1 -15.5 238 0 9.5 8.5 14.0 3.5 2 0 4 2 2
3455.6 -44.1 -14.8 66 0 9.1 8.7 14.0 3.5 4 0 4 5 5
3624.3 130.7 -15.6 154 0 8.7 9.3 14.0 3.5 2 1 4 3 3
3650.0 136.5 -15.6 318 0 8.1 8.5 14.0 3.5 2 1 4 1 1
3765.4 171.7 -14.6 318 0 10.1 8.9 14.0 3.5 2 0 4 2 2
3792.0 106.6 -12.8 230 0 6.9 10.1 14.0 3.5 4 1 4 0 0
3802.1 43.8 -11.6 135 0 11.5 9.9 14.0 3.5 2 0 4 0 0
3771.8 46.1 -11.7 140 0 10.7 10.3 14.0 3.5 2 0 4 4 4
3781.1 32.0 -11.3 138 0 9.4 8.9 14.0 3.5 2 0 4 2 2
3793.9 18.8 -11.1 140 0 10.0 11.9 14.0 3.5 2 1 4 3 3
3806.2 6.3 -11.2 135 0 9.8 9.7 14.0 3.5 4 0 4 5 5
3825.3 18.7 -11.6 137 0 8.9 6.3 14.0 3.5 2 0 4 5 5
3830.5 -18.1 -12.3 131 0 8.6 8.0 14.0 3.5 2 0 4 5 5
3842.3 -2.9 -12.1 137 0 9.4 12.8 14.0 3.5 2 1 4 1 1
3842.7 -26.9 -12.8 140 0 13.0 13.1 14.0 3.5 2 1 4 4 4
3826.9 110.8 -12.8 312 0 6.1 11.2 14.0 3.5 4 1 4 4 4
3859.7 66.8 -12.0 313 0 8.5 11.9 14.0 0.0 0 1 4 2 2
3895.1 0.3 -12.2 48 0 9.9 9.2 14.0 3.5 2 0 4 1 1
3883.6 -7.5 -12.5 53 0 8.7 8.0 14.0 3.5 2 0 4 0 0
3880.5 -28.0 -12.6 49 0 9.8 10.0 14.0 3.5 2 1 4 4 4
3862.1 -47.3 -12.8 51 0 9.1 8.3 14.0 3.5 2 0 4 4 4
3953.2 -26.4 -11.6 310 0 6.8 7.0 14.0 3.5 2 1 4 2 2
3955.2 -63.1 -12.4 326 0 8.1 6.9 14.0 3.5 4 0 4 4 4
3928.4 -20.4 -11.9 226 0 7.6 8.7 14.0 3.5 2 1 4 2 2
3886.5 -47.9 -12.6 227 0 7.8 9.3 14.0 3.5 2 1 4 5 5
3904.3 -109.5 -12.6 138 0 13.8 9.0 14.0 3.5 2 0 4 1 1
3916.4 -84.8 -12.6 139 0 10.3 10.7 14.0 0.0 0 1 4 0 0
3967.7 -45.1 -11.7 319 0 9.3 8.2 14.0 0.0 0 0 4 0 0
3982.6 -88.0 -12.3 315 0 8.6 6.6 14.0 0.0 0 0 4 4 4
3988.4 -145.2 -12.9 45 0 10.0 15.8 14.0 3.5 2 1 4 4 4
3974.0 -144.1 -12.8 43 0 7.8 9.3 14.0 3.5 2 1 4 2 2
3990.6 -260.8 -11.0 318 0 8.7 9.8 17.5 3.5 2 1 5 1 1
3774.2 -385.7 -11.2 234 0 8.0 8.2 10.5 3.5 2 1 3 2 2
3714.0 -441.8 -11.8 133 0 11.3 12.6 10.5 3.5 2 1 3 5 5
3737.8 -466.2 -12.3 133 0 9.1 8.8 10.5 3.5 2 0 3 3 3
3756.8 -482.2 -12.6 135 0 9.2 8.7 10.5 3.5 2 0 3 4 4
3749.8 -456.9 -12.2 136 0 8.3 8.6 10.5 3.5 2 1 3 0 0
3765.8 -449.4 -12.1 134 0 12.8 14.0 10.5 0.0 0 1 3 5 5
3765.4 -414.0 -11.6 223 0 8.2 9.3 10.5 3.5 2 1 3 0 0
3790.2 -448.9 -11.9 140 0 10.0 9.4 10.5 3.5 2 0 3 2 2
3803.3 -468.0 -12.1 140 0 9.6 8.0 10.5 3.5 2 0 3 2 2
3809.2 -515.4 -12.8 132 0 11.0 7.9 10.5 3.5 2 0 3 5 5
3837.8 -507.5 -12.5 40 0 6.4 10.6 10.5 3.5 2 1 3 4 4
3885.7 -416.9 -11.6 140 0 6.1 6.8 17.5 3.5 4 1 5 2 2
3828.9 -416.6 -11.3 312 0 11.3 9.5 10.5 3.5 2 0 3 0 0
3811.8 -355.1 -10.5 315 0 13.6 10.7 10.5 0.0 0 0 3 0 0
3819.3 -348.2 -10.3 146 0 9.9 9.7 17.5 3.5 2 0 5 5 5
3831.8 -362.0 -10.5 145 0 12.9 8.0 17.5 3.5 4 0 5 0 0
3856.0 -342.9 -10.8 137 0 12.5 7.7 17.5 0.0 0 0 5 3 3
3865.3 -319.7 -10.9 237 0 8.5 16.5 17.5 3.5 2 1 5 2 2
3877.5 -403.3 -11.5 141 0 9.9 8.0 17.5 3.5 2 0 5 4 4
3899.3 -435.4 -12.1 161 0 8.0 9.6 17.5 3.5 2 1 5 5 5
3927.8 -420.6 -12.4 50 0 12.7 9.4 17.5 3.5 2 0 5 0 0
3931.8 -341.0 -11.8 48 0 8.0 12.5 17.5 3.5 2 1 5 3 3
3903.6 -281.4 -10.6 227 0 7.4 10.8 17.5 3.5 2 1 5 2 2
3927.5 -268.6 -10.7 322 0 8.4 11.2 17.5 3.5 2 1 5 1 1
3958.9 -316.7 -11.6 326 0 8.3 8.7 17.5 3.5 2 1 5 5 5
3966.3 -351.1 -12.4 324 0 8.2 11.3 17.5 3.5 2 1 5 4 4
3954.1 -398.0 -12.7 53 0 8.1 8.6 17.5 3.5 2 1 5 4 4
4026.6 -151.2 -13.1 226 0 7.9 9.3 14.0 3.5 2 1 4 5 5
4074.9 -179.3 -13.2 319 0 12.0 17.7 14.0 3.5 2 1 4 5 5
4072.7 -262.0 -12.1 56 0 13.5 11.9 14.0 3.5 2 0 4 5 5
3982.8 -404.8 -13.6 226 0 10.3 7.3 17.5 3.5 2 0 5 4 4
4059.5 -388.3 -12.5 55 0 29.3 10.8 17.5 3.5 2 0 5 4 4
-536.9 -4162.8 -10.4 222 0 12.3 19.2 10.0 2.5 2 1 4 1 1
-133.0 -3761.2 -10.9 137 0 8.4 7.1 7.5 2.5 2 0 3 2 2
-187.7 -3427.7 -12.8 312 0 6.5 9.7 7.5 2.5 4 1 3 2 2
-195.0 -3470.7 -12.5 43 0 10.2 17.5 7.5 0.0 0 1 3 2 2
18.8 -3378.2 -13.2 316 0 9.0 7.8 7.5 2.5 2 0 3 5 5
-63.3 -3467.1 -12.6 43 0 7.8 9.8 5.0 2.5 2 1 2 5 5
-95.6 -3432.7 -12.8 222 0 9.2 7.9 5.0 2.5 4 0 2 4 4
-107.1 -3417.9 -13.0 221 0 7.9 7.4 7.5 2.5 2 0 3 5 5
-39.9 -3375.9 -13.2 228 0 7.2 10.5 7.5 2.5 2 1 3 1 1
-3.3 -3408.9 -13.1 39 0 7.7 8.7 2.5 2.5 2 1 1 5 5
22.2 -3434.4 -12.8 42 0 6.3 8.0 7.5 2.5 2 1 3 3 3
13.7 -3450.9 -12.7 47 0 8.4 8.9 7.5 2.5 2 1 3 4 4
-16.8 -3329.4 -12.4 222 0 9.2 10.3 7.5 2.5 2 1 3 5 5
46.9 -3416.2 -13.0 54 0 8.7 7.0 7.5 2.5 2 0 3 1 1
7.7 -3331.2 -12.4 226 0 9.8 6.8 2.5 2.5 2 0 1 0 0
38.7 -3299.2 -11.9 227 0 7.8 9.0 5.0 0.0 0 1 2 2 2
61.3 -3336.8 -12.4 138 0 6.6 10.9 7.5 2.5 2 1 3 4 4
75.6 -3301.0 -11.7 319 0 9.4 7.4 5.0 2.5 2 0 2 4 4
83.1 -3322.0 -12.1 316 0 8.4 7.6 7.5 0.0 0 0 3 1 1
82.8 -3351.5 -12.5 134 0 8.2 7.9 5.0 2.5 2 0 2 2 2
163.4 -3303.8 -10.8 312 0 8.7 8.1 5.0 2.5 2 0 2 3 3
155.2 -3256.6 -10.9 124 0 8.2 7.1 2.5 2.5 4 0 1 0 0
162.2 -3269.0 -10.7 134 0 9.0 8.2 10.0 2.5 2 0 4 1 1
192.0 -3247.2 -11.4 314 0 10.9 8.2 7.5 2.5 2 0 3 5 5
203.2 -3178.0 -12.4 322 0 9.3 10.0 7.5 2.5 2 1 3 3 3
183.6 -3202.1 -12.3 134 0 10.7 8.4 7.5 2.5 2 0 3 3 3
193.6 -3216.6 -12.1 128 0 9.3 8.4 10.0 2.5 2 0 4 0 0
225.7 -3212.0 -12.1 315 0 6.5 8.3 2.5 2.5 2 1 1 0 0
242.2 -3232.6 -12.1 41 0 8.8 9.2 5.0 2.5 2 1 2 0 0
422.0 -3293.7 -9.8 130 0 10.4 8.0 5.0 2.5 2 0 2 3 3
477.0 -3131.7 -10.4 313 0 10.3 12.5 2.5 2.5 2 1 1 1 1
339.1 -3073.9 -11.8 304 0 10.4 9.0 10.0 2.5 2 0 4 3 3
338.3 -3104.6 -11.7 138 0 10.6 8.5 5.0 2.5 2 0 2 1 1
323.6 -3092.3 -12.1 133 0 10.0 10.0 10.0 2.5 2 1 4 3 3
330.3 -3052.7 -11.9 309 0 11.6 8.5 7.5 2.5 2 0 3 0 0
277.7 -3042.3 -12.9 223 0 8.8 10.9 7.5 2.5 2 1 3 2 2
266.8 -3067.3 -13.3 315 0 10.7 8.1 10.0 2.5 2 0 4 5 5
269.9 -3082.2 -13.0 306 0 9.4 9.5 10.0 2.5 2 1 4 4 4
335.4 -3143.8 -11.5 44 0 7.8 8.3 5.0 2.5 2 1 2 3 3
303.5 -3165.3 -11.7 131 0 8.3 10.2 7.5 0.0 0 1 3 4 4
267.8 -3120.4 -12.4 133 0 8.9 8.3 2.5 2.5 2 0 1 4 4
257.1 -3104.5 -12.9 125 0 10.6 8.4 5.0 0.0 0 0 2 4 4
256.9 -3187.3 -12.0 136 0 11.0 7.9 7.5 2.5 2 0 3 3 3
242.7 -3174.4 -11.9 132 0 10.7 8.1 7.5 2.5 2 0 3 2 2
228.0 -3161.2 -12.3 133 0 11.0 7.0 5.0 2.5 2 0 2 4 4
185.9 -3046.0 -14.7 137 0 6.7 11.2 5.0 0.0 0 1 2 3 3
40.2 -3031.1 -11.8 313 0 10.4 6.9 5.0 2.5 2 0 2 5 5
16.4 -2502.0 -15.8 10 0 7.3 18.1 5.0 2.5 2 1 2 3 3
6.7 -2487.3 -16.1 287 0 8.5 6.8 5.0 2.5 2 0 2 3 3
-3.4 -2483.7 -16.7 290 0 11.5 9.3 7.5 2.5 2 0 3 5 5
23.8 -2619.8 -12.1 77 0 6.2 8.9 2.5 2.5 2 1 1 3 3
8.4 -2608.1 -12.3 145 0 6.0 11.6 5.0 2.5 2 1 2 5 5
-19.0 -2604.2 -12.7 142 0 11.9 16.9 2.5 2.5 2 1 1 3 3
873.1 -2916.1 -10.7 34 0 7.4 12.7 5.0 2.5 2 1 2 1 1
830.4 -2863.1 -10.0 295 0 11.6 26.3 15.0 0.0 0 1 6 1 1
734.0 -2958.4 -9.8 223 0 7.6 10.8 7.5 2.5 2 1 3 4 4
755.5 -3018.7 -10.5 127 0 8.5 11.1 5.0 2.5 2 1 2 1 1
749.6 -3030.0 -10.5 129 0 6.3 10.3 10.0 0.0 0 1 4 3 3
760.7 -3036.4 -10.7 123 0 10.2 11.3 7.5 2.5 2 1 3 5 5
712.0 -3006.6 -9.7 310 0 11.6 6.7 5.0 2.5 2 0 2 3 3
708.2 -3083.8 -9.6 29 0 12.2 7.5 5.0 2.5 2 0 2 1 1
686.7 -3056.1 -9.7 226 0 14.1 9.9 7.5 2.5 4 0 3 5 5
659.6 -3111.4 -9.0 313 0 10.9 7.8 5.0 2.5 2 0 2 4 4
676.4 -2976.1 -9.1 310 0 10.2 6.5 7.5 0.0 0 0 3 4 4
306.1 -2878.2 -12.4 220 0 6.4 9.5 10.0 2.5 2 1 4 0 0
288.0 -2967.3 -12.1 127 0 10.4 7.3 7.5 2.5 2 0 3 5 5
209.2 -3021.6 -14.7 314 0 8.7 9.0 7.5 2.5 2 1 3 1 1
118.9 -3048.5 -14.0 226 0 7.6 9.5 7.5 2.5 2 1 3 3 3
136.5 -3122.6 -12.8 310 0 9.2 7.3 7.5 2.5 2 0 3 3 3
99.7 -3124.2 -12.0 132 0 9.0 8.1 5.0 0.0 0 0 2 0 0
3377.0 -565.1 -14.2 147 0 8.1 10.8 14.0 3.5 2 1 4 5 5
3400.9 -516.5 -14.4 234 0 8.4 8.9 14.0 3.5 2 1 4 1 1
3401.5 -558.4 -14.2 151 0 8.4 7.3 14.0 3.5 2 0 4 4 4
3425.6 -508.1 -14.4 243 0 8.0 9.7 14.0 3.5 2 1 4 2 2
3463.8 -489.4 -14.2 328 0 8.9 8.0 14.0 3.5 2 0 4 0 0
3386.2 -599.0 -13.8 228 0 13.6 16.4 14.0 3.5 2 1 4 4 4
3494.9 -548.4 -13.7 332 0 13.2 11.9 14.0 3.5 4 0 4 3 3
3503.0 -565.4 -13.5 331 0 17.0 10.8 14.0 3.5 2 0 4 0 0
3470.1 -561.5 -13.7 335 0 9.9 18.5 14.0 3.5 2 1 4 0 0
3471.4 -593.3 -13.4 60 0 6.6 15.6 14.0 0.0 0 1 4 2 2
3410.8 -629.3 -13.3 56 0 13.8 15.7 14.0 3.5 2 1 4 4 4
3437.0 -709.1 -12.0 50 0 7.0 7.6 10.5 3.5 2 1 3 2 2
3426.8 -661.9 -12.3 238 0 6.2 10.6 10.5 3.5 2 1 3 0 0
3507.3 -708.1 -12.1 144 0 7.8 6.6 10.5 3.5 2 0 3 4 4
3510.3 -696.3 -12.2 144 0 11.7 8.4 10.5 3.5 2 0 3 1 1
3526.5 -645.8 -12.5 234 0 8.7 9.0 10.5 3.5 2 1 3 0 0
3549.3 -602.7 -12.9 233 0 10.3 13.0 10.5 3.5 2 1 3 2 2
3602.9 -595.1 -13.2 149 0 12.7 11.0 10.5 3.5 2 0 3 2 2
3626.3 -632.5 -13.0 144 0 9.1 8.9 10.5 3.5 2 0 3 2 2
3625.6 -586.4 -13.2 139 0 10.3 9.6 10.5 3.5 2 0 3 2 2
3652.5 -519.1 -13.3 324 0 13.9 11.9 10.5 3.5 2 0 3 2 2
3661.2 -550.6 -13.4 327 0 9.0 8.5 10.5 3.5 2 0 3 3 3
3663.9 -580.0 -13.3 324 0 10.3 7.5 10.5 3.5 2 0 3 0 0
3663.1 -616.9 -13.1 49 0 8.3 9.2 10.5 3.5 2 1 3 1 1
3673.3 -561.5 -13.4 316 0 9.7 7.9 10.5 3.5 2 0 3 1 1
3687.2 -581.9 -13.3 323 0 9.9 8.2 10.5 3.5 2 0 3 4 4
3697.4 -515.1 -13.1 139 0 9.2 8.2 10.5 3.5 2 0 3 3 3
3642.0 -493.1 -13.0 139 0 10.1 10.3 10.5 3.5 2 1 3 0 0
3676.7 -537.0 -13.4 137 0 9.5 11.0 10.5 3.5 2 1 3 2 2
3689.0 -541.4 -13.4 138 0 9.2 7.7 10.5 0.0 0 0 3 2 2
3723.2 -548.6 -13.4 143 0 11.5 11.4 10.5 3.5 2 0 3 1 1
3710.3 -560.5 -13.4 141 0 11.0 7.8 10.5 3.5 2 0 3 1 1
3729.8 -598.8 -13.2 139 0 10.4 8.8 10.5 3.5 2 0 3 5 5
3755.8 -586.9 -13.3 61 0 8.9 7.9 10.5 3.5 2 0 3 3 3
3826.5 -564.0 -13.6 304 0 7.5 9.3 10.5 3.5 4 1 3 0 0
3840.4 -589.5 -13.8 318 0 8.2 6.7 10.5 3.5 2 0 3 0 0
3755.7 -515.0 -13.0 315 0 12.1 7.5 10.5 3.5 2 0 3 4 4
3519.0 -282.9 -11.9 227 0 10.2 8.5 14.0 3.5 2 0 4 2 2
3507.6 -297.4 -12.3 236 0 10.2 8.8 14.0 3.5 2 0 4 0 0
3518.1 -318.0 -12.6 142 0 6.8 6.7 14.0 3.5 2 0 4 0 0
3543.0 -301.5 -12.3 326 0 8.2 8.5 14.0 3.5 2 1 4 3 3
3529.5 -330.7 -12.9 150 0 9.3 7.6 14.0 0.0 0 0 4 3 3
3538.0 -339.7 -13.1 149 0 7.9 8.2 14.0 3.5 2 1 4 4 4
3562.7 -376.5 -13.7 151 0 8.7 9.3 14.0 3.5 2 1 4 2 2
3575.4 -346.6 -13.3 317 0 10.4 11.6 14.0 3.5 2 1 4 4 4
3590.6 -358.0 -13.4 314 0 8.5 7.2 14.0 3.5 2 0 4 3 3
3596.7 -372.2 -13.4 323 0 9.8 9.3 14.0 3.5 2 0 4 2 2
3582.9 -402.7 -13.5 149 0 8.9 11.3 14.0 3.5 4 1 4 3 3
3594.7 -418.0 -13.4 146 0 8.3 11.0 14.0 3.5 2 1 4 3 3
3640.3 -406.5 -12.6 326 0 12.4 9.9 14.0 3.5 2 0 4 5 5
3591.2 -320.8 -13.6 139 0 10.2 7.6 10.5 3.5 2 0 3 4 4
3608.1 -332.9 -13.2 134 0 9.7 11.9 10.5 3.5 2 1 3 1 1
3619.9 -343.4 -12.7 132 0 11.1 10.3 10.5 3.5 2 0 3 1 1
3611.4 -286.0 -13.3 140 0 9.4 10.5 10.5 3.5 2 1 3 4 4
3625.6 -286.3 -12.7 142 0 7.6 13.0 10.5 3.5 2 1 3 5 5
3651.3 -314.7 -11.7 142 0 12.0 10.7 10.5 3.5 2 0 3 3 3
3650.6 -362.3 -12.3 143 0 7.4 13.1 10.5 3.5 2 1 3 3 3
3685.6 -369.5 -11.9 136 0 6.5 9.3 10.5 3.5 2 1 3 5 5
3437.9 -315.6 -13.4 145 0 7.7 11.3 14.0 0.0 0 1 4 3 3
3490.7 -289.3 -12.0 50 0 7.2 6.1 14.0 3.5 2 0 4 1 1
3487.5 -227.0 -12.1 323 0 8.8 10.1 14.0 3.5 2 1 4 5 5
3460.7 -193.2 -12.6 321 0 9.7 12.1 14.0 3.5 2 1 4 2 2
3410.4 -171.0 -12.7 136 0 11.9 8.2 14.0 3.5 2 0 4 0 0
3543.0 -231.6 -12.7 322 0 8.9 8.1 14.0 3.5 4 0 4 4 4
3483.7 -154.9 -13.3 323 0 9.2 11.2 14.0 3.5 2 1 4 5 5
3454.0 -96.9 -14.2 331 0 9.4 8.8 14.0 3.5 4 0 4 4 4
3448.6 -79.2 -14.4 340 0 9.5 10.7 14.0 3.5 2 1 4 3 3
3482.4 -101.4 -14.3 145 0 8.9 10.5 14.0 3.5 2 1 4 3 3
3539.3 -85.9 -14.0 349 0 8.3 8.5 14.0 3.5 2 1 4 1 1
3509.8 -137.1 -13.8 137 0 8.9 8.4 14.0 3.5 2 0 4 3 3
3577.0 -125.4 -14.0 316 0 7.8 9.0 14.0 3.5 2 1 4 2 2
3619.6 -191.0 -13.9 59 0 9.6 8.4 14.0 3.5 2 0 4 4 4
3602.0 -172.6 -14.3 321 0 8.1 8.7 14.0 3.5 4 1 4 0 0
3585.4 -193.6 -14.1 54 0 7.5 7.5 14.0 3.5 2 0 4 5 5
3534.5 -195.3 -13.3 139 0 7.7 8.9 14.0 3.5 2 1 4 3 3
3550.2 -205.4 -13.5 142 0 9.5 10.7 14.0 3.5 2 1 4 5 5
3571.4 -221.7 -13.6 52 0 11.8 9.1 14.0 3.5 2 0 4 2 2
3597.9 -223.6 -14.1 238 0 9.1 11.9 10.5 3.5 2 1 3 5 5
3654.4 -234.6 -12.1 315 0 6.3 11.9 10.5 3.5 2 1 3 0 0
3650.0 -252.1 -12.2 309 0 8.3 8.1 10.5 3.5 2 0 3 1 1
3665.4 -268.9 -11.6 313 0 8.4 8.3 10.5 3.5 2 0 3 5 5
3694.3 -303.6 -10.9 316 0 9.5 8.2 10.5 3.5 2 0 3 0 0
3763.8 -338.5 -10.5 50 0 6.7 10.5 10.5 3.5 2 1 3 4 4
3265.8 -299.2 -11.5 324 0 9.2 8.5 14.0 3.5 4 0 4 5 5
3270.3 -330.3 -12.2 335 0 9.6 9.8 14.0 3.5 2 1 4 5 5
3289.4 -346.7 -13.0 343 0 9.3 11.2 14.0 3.5 2 1 4 2 2
3298.1 -378.5 -13.6 334 0 9.5 8.3 14.0 3.5 2 0 4 4 4
3335.0 -396.9 -13.9 58 0 10.2 10.8 14.0 3.5 2 1 4 5 5
3361.8 -373.1 -14.6 240 0 10.6 9.4 14.0 3.5 2 0 4 0 0
3319.0 -422.9 -13.2 66 0 8.5 11.6 14.0 3.5 2 1 4 5 5
3330.9 -446.2 -12.8 65 0 9.3 11.7 14.0 3.5 2 1 4 4 4
3379.7 -415.8 -14.4 148 0 9.4 10.4 14.0 3.5 2 1 4 0 0
3330.1 -484.9 -12.8 148 0 12.4 10.7 10.5 3.5 2 0 3 1 1
3392.3 -496.4 -14.2 57 0 10.0 9.9 10.5 3.5 2 0 3 4 4
3393.8 -449.4 -14.6 154 0 8.7 8.3 14.0 3.5 2 0 4 4 4
3410.1 -463.3 -14.7 150 0 6.0 6.9 14.0 3.5 4 1 4 4 4
3415.5 -489.8 -14.6 60 0 8.3 9.6 14.0 3.5 2 1 4 0 0
3437.6 -461.1 -14.6 56 0 9.3 7.3 14.0 3.5 2 0 4 4 4
3458.9 -523.6 -14.1 335 0 16.3 6.2 14.0 3.5 4 0 4 4 4
3482.5 -469.5 -14.2 144 0 9.8 10.6 14.0 3.5 2 1 4 1 1
3433.9 -334.3 -14.3 326 0 8.2 8.8 14.0 3.5 2 1 4 3 3
3425.9 -361.1 -15.0 146 0 8.2 9.3 14.0 3.5 2 1 4 4 4
3439.8 -387.0 -14.9 151 0 8.6 8.5 14.0 3.5 2 0 4 0 0
3503.0 -455.5 -14.1 140 0 9.1 8.1 14.0 0.0 0 0 4 0 0
3506.4 -473.5 -14.0 145 0 7.8 8.6 14.0 3.5 2 1 4 5 5
3513.0 -479.3 -13.9 143 0 7.0 7.7 14.0 3.5 2 1 4 4 4
3514.8 -550.4 -13.4 147 0 8.7 10.6 14.0 3.5 2 1 4 1 1
3493.4 -326.5 -13.4 318 0 7.8 9.2 14.0 3.5 2 1 4 0 0
3502.8 -346.1 -13.9 313 0 7.0 7.2 14.0 3.5 2 1 4 2 2
3490.4 -377.7 -14.5 326 0 7.6 7.7 14.0 3.5 2 1 4 1 1
3510.1 -400.9 -14.3 323 0 13.4 7.6 14.0 0.0 0 0 4 1 1
3516.2 -412.7 -14.2 327 0 8.9 7.5 14.0 3.5 2 0 4 5 5
3530.9 -434.5 -14.0 322 0 8.6 8.7 14.0 3.5 2 1 4 4 4
3540.8 -446.8 -13.9 323 0 10.1 8.0 14.0 3.5 2 0 4 3 3
3261.4 -461.0 -11.6 341 0 8.9 11.7 14.0 3.5 2 1 4 0 0
3257.1 -447.8 -11.9 61 0 8.3 8.8 14.0 3.5 2 1 4 4 4
3230.9 -415.8 -11.5 63 0 10.9 9.9 14.0 3.5 2 0 4 4 4
3194.8 -390.4 -12.1 150 0 9.4 11.7 14.0 3.5 2 1 4 2 2
3191.3 -356.6 -11.5 232 0 8.0 9.1 14.0 3.5 2 1 4 3 3
3210.3 -367.8 -11.6 237 0 11.2 8.5 14.0 3.5 2 0 4 4 4
3211.5 -334.9 -11.1 239 0 8.3 9.9 14.0 3.5 2 1 4 0 0
3226.6 -323.5 -11.1 237 0 9.4 9.3 14.0 3.5 2 0 4 3 3
3242.1 -355.3 -11.6 338 0 10.0 9.5 14.0 3.5 2 0 4 0 0
3266.8 -388.8 -12.5 340 0 8.9 10.7 14.0 3.5 2 1 4 2 2
3271.4 -416.8 -12.7 71 0 10.9 8.5 14.0 3.5 2 0 4 3 3
3285.9 -465.4 -12.0 332 0 9.4 11.5 14.0 3.5 2 1 4 1 1
3302.9 -457.1 -12.1 334 0 8.6 11.7 14.0 3.5 2 1 4 3 3
3297.7 -586.2 -13.5 151 0 12.8 9.4 14.0 3.5 2 0 4 0 0
3298.6 -551.7 -13.0 59 0 10.4 10.3 14.0 3.5 4 0 4 4 4
3299.2 -491.8 -12.4 330 0 10.8 12.0 14.0 3.5 2 1 4 2 2
3325.0 -510.4 -12.9 330 0 12.6 15.0 14.0 3.5 2 1 4 3 3
3332.8 -543.5 -13.5 240 0 12.0 8.5 14.0 3.5 2 0 4 2 2
3346.8 -558.0 -13.7 330 0 8.0 9.0 14.0 3.5 2 1 4 0 0
3358.3 -583.8 -14.1 335 0 12.4 8.3 14.0 3.5 2 0 4 0 0
3283.2 -849.6 -12.1 325 0 6.1 8.6 14.0 3.5 4 1 4 0 0
3301.7 -880.6 -12.2 230 0 10.0 12.1 14.0 3.5 2 1 4 4 4
3376.4 -825.6 -11.7 226 0 12.1 10.9 10.5 3.5 2 0 3 1 1
3271.2 -783.0 -11.8 233 0 8.6 8.0 14.0 3.5 4 0 4 2 2
3310.3 -744.1 -11.4 231 0 8.5 12.2 14.0 3.5 2 1 4 1 1
3320.7 -761.7 -11.4 227 0 9.3 10.6 14.0 3.5 2 1 4 1 1
3335.9 -779.2 -11.5 49 0 6.5 8.2 14.0 3.5 2 1 4 2 2
3348.7 -767.3 -11.4 53 0 6.8 7.0 14.0 3.5 2 1 4 0 0
3334.1 -749.6 -11.5 228 0 6.3 10.5 14.0 3.5 2 1 4 1 1
3324.0 -742.2 -11.5 228 0 9.7 11.4 14.0 3.5 2 1 4 2 2
3338.1 -728.8 -11.9 230 0 7.7 9.0 14.0 3.5 2 1 4 3 3
3390.6 -739.8 -12.3 326 0 11.8 9.9 14.0 3.5 2 0 4 5 5
3388.4 -771.9 -12.0 50 0 8.5 8.7 14.0 3.5 2 1 4 1 1
2924.9 -789.5 -11.3 156 0 8.9 11.9 10.5 3.5 2 1 3 0 0
2941.2 -805.5 -11.2 151 0 7.9 11.1 10.5 0.0 0 1 3 4 4
2972.9 -723.5 -11.4 231 0 8.8 9.9 10.5 3.5 2 1 3 2 2
2981.9 -750.1 -11.4 232 0 9.1 11.4 10.5 3.5 2 1 3 1 1
2991.1 -788.7 -11.4 162 0 8.7 11.3 10.5 3.5 2 1 3 0 0
3049.7 -745.0 -12.1 327 0 7.3 10.7 10.5 3.5 4 1 3 5 5
3021.4 -702.5 -11.7 236 0 8.5 10.4 10.5 3.5 2 1 3 0 0
3043.7 -671.7 -11.6 231 0 6.5 12.0 10.5 3.5 2 1 3 2 2
3079.3 -725.1 -12.4 61 0 9.3 11.4 10.5 3.5 2 1 3 3 3
3058.8 -767.5 -12.1 339 0 9.1 9.2 10.5 3.5 2 1 3 0 0
3075.3 -772.0 -12.3 340 0 7.2 8.4 10.5 3.5 2 1 3 2 2
3037.5 -813.4 -11.6 329 0 7.2 8.8 10.5 3.5 2 1 3 1 1
3017.2 -805.0 -11.4 333 0 9.9 11.8 10.5 3.5 2 1 3 3 3
2984.6 -827.4 -11.0 140 0 10.9 7.0 10.5 3.5 2 0 3 2 2
2973.6 -875.5 -10.9 151 0 8.2 11.7 10.5 0.0 0 1 3 2 2
2981.2 -887.8 -10.8 149 0 8.9 12.8 10.5 3.5 4 1 3 3 3
2999.4 -902.7 -10.8 152 0 7.1 9.5 10.5 3.5 4 1 3 0 0
3051.6 -864.2 -11.5 343 0 9.4 18.6 10.5 3.5 2 1 3 0 0
3099.8 -822.5 -12.4 153 0 8.9 9.0 14.0 3.5 2 1 4 1 1
3115.2 -802.7 -12.7 214 0 6.3 11.7 14.0 3.5 2 1 4 1 1
3104.4 -762.9 -12.7 233 0 6.1 8.7 14.0 0.0 0 1 4 4 4
3163.0 -730.1 -12.9 239 0 9.3 9.1 14.0 3.5 4 0 4 4 4
3139.7 -740.5 -13.0 237 0 9.0 8.9 14.0 3.5 2 0 4 1 1
3139.3 -766.6 -12.9 239 0 9.4 8.1 14.0 3.5 2 0 4 3 3
3198.1 -799.3 -12.5 52 0 8.9 13.2 14.0 3.5 4 1 4 4 4
3183.3 -814.0 -12.5 57 0 11.6 15.2 14.0 3.5 2 1 4 4 4
3163.7 -806.0 -12.6 57 0 14.3 9.1 14.0 3.5 2 0 4 3 3
3154.7 -828.5 -12.4 60 0 11.3 9.7 14.0 3.5 2 0 4 0 0
3130.2 -848.7 -12.4 63 0 11.0 13.1 14.0 3.5 4 1 4 2 2
3093.6 -870.6 -12.0 62 0 8.2 11.0 14.0 3.5 2 1 4 0 0
3219.3 -780.4 -12.3 60 0 9.1 8.4 14.0 3.5 2 0 4 2 2
3234.0 -767.3 -12.2 55 0 8.3 12.2 14.0 3.5 2 1 4 3 3
3245.5 -758.8 -12.1 61 0 10.8 8.9 14.0 3.5 2 0 4 4 4
3257.5 -751.8 -12.0 44 0 7.5 9.9 14.0 3.5 2 1 4 3 3
3269.1 -738.9 -11.8 56 0 8.3 7.1 14.0 3.5 2 0 4 0 0
3263.7 -713.3 -11.5 331 0 9.1 11.2 14.0 3.5 2 1 4 3 3
3284.7 -734.8 -11.6 53 0 7.6 13.3 14.0 3.5 4 1 4 0 0
3297.4 -732.5 -11.5 52 0 8.0 10.1 14.0 0.0 0 1 4 3 3
3298.5 -706.8 -11.7 318 0 9.8 8.1 14.0 3.5 2 0 4 5 5
3278.6 -675.6 -12.0 326 0 10.5 7.2 14.0 3.5 2 0 4 1 1
3225.7 -672.8 -11.0 146 0 8.0 8.7 14.0 3.5 2 1 4 0 0
3255.8 -655.2 -11.1 325 0 8.2 9.9 14.0 3.5 2 1 4 2 2
3271.7 -657.8 -12.6 53 0 11.6 10.2 14.0 0.0 0 0 4 4 4
3278.1 -602.3 -14.2 330 0 8.6 7.3 14.0 3.5 2 0 4 4 4
3246.8 -620.3 -13.2 149 0 8.4 10.8 14.0 0.0 0 1 4 5 5
3291.6 -650.0 -13.4 233 0 11.0 6.2 14.0 3.5 2 0 4 0 0
3294.4 -612.6 -14.1 327 0 12.5 10.1 14.0 3.5 2 0 4 1 1
3236.1 -579.0 -14.1 154 0 9.5 10.9 14.0 3.5 4 1 4 4 4
3260.8 -555.1 -13.5 56 0 10.7 9.2 14.0 3.5 2 0 4 5 5
3245.2 -531.5 -13.2 56 0 10.4 8.3 14.0 0.0 0 0 4 1 1
3228.4 -484.3 -12.5 329 0 9.4 11.9 14.0 3.5 2 1 4 2 2
3197.2 -464.5 -12.3 150 0 9.4 11.8 14.0 3.5 2 1 4 4 4
3179.4 -478.3 -13.4 150 0 8.2 7.7 14.0 3.5 2 0 4 3 3
3157.4 -478.3 -14.1 150 0 8.1 8.3 14.0 3.5 2 1 4 3 3
3146.5 -499.1 -13.2 165 0 10.4 8.7 14.0 3.5 2 0 4 0 0
3167.3 -445.0 -13.1 154 0 9.3 7.5 14.0 3.5 2 0 4 5 5
3141.6 -419.1 -13.3 175 0 8.0 6.5 14.0 3.5 2 0 4 4 4
3141.8 -430.4 -13.5 164 0 8.3 9.0 14.0 3.5 2 1 4 1 1
3181.4 -416.0 -12.6 145 0 7.6 8.6 14.0 3.5 2 1 4 1 1
3187.1 -428.2 -12.5 150 0 9.1 8.3 14.0 3.5 2 0 4 2 2
3171.0 -409.9 -12.7 151 0 7.0 18.1 14.0 3.5 2 1 4 4 4
3154.5 -382.3 -12.4 141 0 9.0 9.8 14.0 3.5 2 1 4 1 1
3162.6 -326.2 -11.3 239 0 9.9 8.5 14.0 3.5 2 0 4 1 1
3184.7 -312.4 -11.1 233 0 8.8 10.0 14.0 3.5 4 1 4 4 4
2810.4 -754.1 -10.8 335 0 8.3 8.7 14.0 3.5 2 1 4 3 3
2830.8 -755.4 -11.6 232 0 8.3 11.4 14.0 3.5 2 1 4 4 4
2876.5 -761.1 -11.9 325 0 10.2 9.3 14.0 3.5 2 0 4 3 3
2869.0 -734.8 -12.0 325 0 8.5 8.2 14.0 3.5 2 0 4 0 0
2909.0 -649.5 -13.1 318 0 6.8 33.3 14.0 3.5 2 1 4 0 0
2916.8 -709.2 -12.6 46 0 8.4 29.7 14.0 3.5 2 1 4 3 3
2857.2 -698.3 -13.6 148 0 23.4 23.0 14.0 3.5 2 0 4 4 4
2888.4 -710.8 -12.6 140 0 19.4 14.4 14.0 3.5 2 0 4 2 2
2909.3 -751.1 -11.6 45 0 10.8 10.0 14.0 3.5 2 0 4 5 5
2902.0 -803.8 -11.7 331 0 10.6 9.3 14.0 0.0 0 0 4 1 1
2911.4 -821.2 -11.6 332 0 8.2 12.3 14.0 3.5 2 1 4 0 0
2924.4 -840.8 -11.5 330 0 9.0 20.1 14.0 3.5 2 1 4 0 0
2945.2 -920.6 -11.2 326 0 7.7 9.4 14.0 3.5 2 1 4 3 3
2945.5 -900.6 -11.3 325 0 12.8 10.1 14.0 3.5 2 0 4 2 2
2961.0 -893.4 -11.1 326 0 11.9 9.8 14.0 3.5 2 0 4 4 4
2981.1 -930.4 -10.9 330 0 12.8 8.1 14.0 3.5 2 0 4 2 2
2953.6 -1024.2 -10.2 52 0 7.6 8.1 10.5 3.5 2 1 3 5 5
2902.0 -995.5 -10.0 235 0 12.7 9.7 10.5 3.5 2 0 3 3 3
2881.1 -1021.3 -9.6 240 0 8.0 11.5 10.5 3.5 2 1 3 2 2
2866.7 -1039.2 -9.4 146 0 7.8 10.0 10.5 3.5 2 1 3 5 5
2851.8 -1047.0 -9.2 137 0 16.1 11.0 10.5 3.5 2 0 3 1 1
2887.6 -1086.3 -9.3 138 0 12.5 11.1 10.5 0.0 0 0 3 4 4
2902.0 -1081.4 -9.4 141 0 8.4 8.5 10.5 0.0 0 1 3 4 4
2887.0 -1057.5 -9.5 142 0 12.1 9.0 10.5 3.5 2 0 3 2 2
2895.3 -1048.2 -9.6 138 0 13.8 12.0 10.5 0.0 0 0 3 0 0
2887.6 -1004.2 -9.7 241 0 8.4 6.1 10.5 3.5 2 0 3 1 1
2898.3 -1016.9 -9.7 241 0 9.1 9.0 10.5 3.5 2 0 3 5 5
2931.5 -1065.9 -9.7 45 0 8.6 10.0 10.5 3.5 2 1 3 4 4
2943.4 -1045.6 -9.9 58 0 11.2 13.1 10.5 3.5 2 1 3 4 4
2964.5 -983.9 -10.2 225 0 12.9 10.7 10.5 3.5 2 0 3 0 0
3003.9 -1001.2 -9.7 50 0 12.4 8.3 10.5 3.5 2 0 3 2 2
2988.5 -1011.8 -10.1 55 0 13.2 6.7 10.5 0.0 0 0 3 0 0
3006.5 -1012.3 -9.8 53 0 7.3 7.0 10.5 3.5 2 0 3 3 3
2976.1 -1040.2 -10.3 43 0 13.8 13.0 10.5 3.5 2 0 3 5 5
2990.1 -967.1 -10.2 224 0 7.2 17.1 10.5 3.5 2 1 3 0 0
3021.4 -989.8 -9.7 50 0 8.6 8.8 10.5 3.5 2 1 3 1 1
3022.2 -1026.9 -9.7 232 0 8.4 12.8 14.0 3.5 2 1 4 5 5
3010.1 -1038.4 -10.0 229 0 8.4 9.8 14.0 3.5 2 1 4 4 4
2997.5 -1048.1 -10.2 226 0 8.3 10.2 14.0 3.5 2 1 4 2 2
3006.1 -1085.9 -10.0 43 0 6.8 7.0 14.0 3.5 2 1 4 3 3
2904.9 -1178.0 -9.0 206 0 16.7 11.7 10.0 2.5 2 0 4 1 1
2932.7 -1134.5 -9.4 127 0 10.9 11.5 14.0 3.5 2 1 4 4 4
2963.3 -1151.7 -9.5 135 0 9.4 8.6 14.0 0.0 0 0 4 4 4
2982.1 -1176.6 -10.1 135 0 9.2 9.4 14.0 3.5 2 1 4 2 2
3009.0 -1136.1 -10.2 228 0 8.1 8.6 14.0 3.5 2 1 4 5 5
3074.9 -1103.4 -9.7 52 0 8.5 12.0 14.0 3.5 2 1 4 2 2
3062.3 -939.4 -11.1 168 0 8.2 14.5 14.0 0.0 0 1 4 5 5
3069.7 -971.9 -10.3 232 0 7.5 7.2 14.0 3.5 2 0 4 2 2
3080.7 -970.2 -10.5 226 0 8.8 11.4 14.0 0.0 0 1 4 5 5
3093.4 -917.5 -11.7 230 0 10.6 14.2 14.0 0.0 0 1 4 3 3
3118.3 -991.3 -10.3 46 0 8.0 12.1 14.0 3.5 2 1 4 2 2
3109.5 -1013.4 -9.6 50 0 13.8 7.9 14.0 3.5 2 0 4 1 1
3130.1 -1026.2 -9.4 218 0 14.0 14.9 14.0 3.5 2 1 4 5 5
3202.4 -1087.9 -10.6 139 0 9.1 9.1 14.0 3.5 2 0 4 2 2
3177.4 -1002.7 -10.1 232 0 8.3 13.0 14.0 3.5 2 1 4 2 2
3202.9 -1029.4 -9.9 322 0 14.4 7.7 14.0 3.5 2 0 4 1 1
3197.6 -943.9 -11.3 48 0 12.6 12.5 14.0 3.5 2 0 4 3 3
3167.7 -874.9 -12.1 233 0 8.2 12.3 14.0 3.5 2 1 4 4 4
3195.5 -869.2 -12.1 228 0 7.0 12.1 14.0 3.5 2 1 4 2 2
3194.4 -851.3 -12.2 233 0 8.5 11.0 14.0 3.5 2 1 4 0 0
2701.4 -663.9 -10.8 338 0 9.4 12.5 14.0 3.5 2 1 4 5 5
2667.8 -686.2 -10.6 155 0 8.8 9.8 14.0 3.5 2 1 4 1 1
2712.5 -767.8 -11.5 57 0 10.1 13.2 14.0 3.5 2 1 4 5 5
2766.9 -814.4 -11.7 134 0 7.8 10.0 14.0 3.5 2 1 4 0 0
2772.4 -836.8 -11.8 144 0 13.0 8.5 14.0 3.5 2 0 4 4 4
2792.1 -830.7 -10.1 148 0 9.0 8.6 14.0 3.5 2 0 4 3 3
2820.5 -894.5 -10.1 53 0 8.8 7.8 14.0 3.5 2 0 4 0 0
2807.9 -919.3 -10.6 29 0 8.2 9.4 14.0 3.5 2 1 4 0 0
2870.7 -896.2 -11.9 153 0 7.8 15.0 14.0 3.5 2 1 4 5 5
2864.3 -920.0 -12.0 141 0 8.1 8.3 14.0 3.5 2 1 4 1 1
2866.3 -945.4 -11.4 141 0 7.7 8.5 14.0 3.5 2 1 4 3 3
2846.0 -933.2 -11.4 247 0 8.7 12.5 14.0 0.0 0 1 4 4 4
2834.5 -946.9 -10.3 327 0 7.9 9.2 14.0 0.0 0 1 4 5 5
2799.0 -948.3 -10.4 142 0 13.8 11.7 14.0 0.0 0 0 4 5 5
2832.3 -991.2 -9.7 73 0 9.8 12.0 14.0 3.5 2 1 4 3 3
2871.8 -974.5 -10.4 329 0 8.1 8.7 14.0 3.5 4 1 4 3 3
2878.2 -961.3 -11.0 156 0 7.9 9.1 14.0 3.5 2 1 4 4 4
3080.0 -436.6 -9.3 325 0 8.8 7.6 10.5 3.5 2 0 3 0 0
3104.8 -480.7 -9.6 63 0 8.2 11.0 10.5 3.5 2 1 3 5 5
3079.9 -488.3 -9.7 58 0 7.5 7.8 10.5 3.5 2 1 3 5 5
3059.8 -440.2 -9.4 242 0 8.6 9.7 10.5 3.5 2 1 3 0 0
3036.3 -483.8 -9.9 146 0 7.5 8.5 10.5 3.5 4 1 3 4 4
3001.9 -534.6 -10.5 62 0 7.4 8.5 14.0 3.5 2 1 4 0 0
2982.2 -544.4 -10.8 55 0 9.0 8.3 14.0 3.5 2 0 4 5 5
2979.2 -473.3 -10.1 324 0 9.0 9.8 14.0 3.5 2 1 4 3 3
2950.9 -483.4 -10.5 239 0 7.9 10.7 14.0 3.5 2 1 4 5 5
2932.5 -523.4 -11.2 146 0 10.9 7.7 14.0 3.5 2 0 4 0 0
2918.2 -537.3 -11.6 148 0 9.8 9.3 14.0 3.5 2 0 4 2 2
2937.0 -544.9 -11.4 147 0 8.0 8.0 14.0 3.5 2 0 4 3 3
2957.4 -564.3 -11.5 58 0 13.0 9.0 14.0 3.5 2 0 4 4 4
2943.7 -574.3 -11.8 58 0 8.6 8.5 14.0 3.5 2 0 4 2 2
2857.8 -546.6 -11.4 148 0 12.9 7.3 14.0 3.5 2 0 4 3 3
2895.6 -541.4 -11.8 325 0 7.6 12.3 14.0 3.5 2 1 4 1 1
2874.2 -534.2 -11.3 329 0 12.0 8.1 14.0 3.5 2 0 4 5 5
2867.6 -565.8 -12.2 146 0 13.3 8.1 14.0 3.5 2 0 4 0 0
2896.7 -570.2 -12.6 324 0 10.7 11.8 14.0 3.5 2 1 4 0 0
2875.2 -584.0 -12.8 144 0 13.3 8.8 14.0 3.5 2 0 4 3 3
2893.0 -606.0 -13.0 60 0 9.8 9.2 14.0 3.5 2 0 4 2 2
2797.2 -550.9 -10.9 238 0 8.0 12.4 10.5 0.0 0 1 3 1 1
2802.8 -580.9 -11.6 143 0 7.1 10.7 10.5 3.5 2 1 3 3 3
2829.0 -560.6 -11.4 320 0 8.1 8.1 10.5 3.5 2 0 3 0 0
2835.0 -582.9 -12.2 318 0 10.4 10.4 10.5 3.5 2 0 3 1 1
2816.5 -596.8 -12.2 149 0 7.1 8.6 10.5 3.5 4 1 3 5 5
2825.5 -617.1 -12.9 147 0 8.8 8.7 10.5 3.5 2 0 3 0 0
2837.8 -632.3 -13.1 60 0 7.5 6.0 10.5 3.5 2 0 3 2 2
2853.7 -601.0 -12.9 329 0 9.8 10.8 10.5 3.5 2 1 3 5 5
2858.8 -625.9 -13.6 58 0 8.7 9.5 10.5 3.5 2 1 3 5 5
2775.6 -593.1 -10.2 328 0 11.7 7.1 14.0 3.5 2 0 4 2 2
2804.6 -658.7 -10.9 59 0 9.5 8.4 14.0 3.5 2 0 4 1 1
2789.2 -608.3 -10.5 329 0 8.4 8.4 14.0 3.5 2 0 4 0 0
2768.5 -644.6 -10.2 150 0 9.9 11.3 14.0 3.5 2 1 4 4 4
2771.4 -665.1 -10.2 150 0 10.6 7.7 14.0 3.5 2 0 4 5 5
2800.1 -685.8 -11.0 230 0 7.7 12.2 14.0 0.0 0 1 4 2 2
2809.0 -732.8 -11.2 140 0 10.0 9.3 14.0 3.5 4 0 4 5 5
2809.8 -713.6 -11.2 146 0 6.8 10.5 14.0 3.5 2 1 4 1 1
2828.6 -672.3 -11.6 317 0 9.9 12.5 14.0 3.5 4 1 4 1 1
2842.0 -693.9 -11.9 325 0 7.4 10.6 14.0 3.5 2 1 4 3 3
-3037.1 -6825.2 -13.8 131 0 8.2 20.6 7.5 2.5 2 1 3 2 2
-2520.4 -5956.1 -16.4 316 0 30.4 15.0 10.0 2.5 4 0 4 0 0
-2519.4 -6002.8 -13.6 308 0 6.4 6.9 5.0 2.5 2 1 2 2 2
-2551.6 -5964.7 -16.6 232 0 6.6 6.2 7.5 2.5 2 0 3 3 3
-2538.6 -6017.9 -13.4 313 0 11.6 7.0 7.5 2.5 2 0 3 5 5
-2592.4 -6024.7 -16.1 233 0 11.8 11.0 5.0 2.5 2 0 2 5 5
-2552.1 -6072.9 -14.4 52 0 11.3 9.3 7.5 2.5 2 0 3 4 4
-2584.3 -6085.6 -14.6 38 0 6.7 24.6 10.0 2.5 2 1 4 1 1
-2574.5 -6159.6 -15.7 138 0 28.2 8.6 5.0 2.5 2 0 2 0 0
4025.8 31.7 -12.7 317 0 7.1 11.9 14.0 3.5 2 1 4 1 1
3826.1 150.8 -13.8 140 0 8.1 8.1 14.0 3.5 2 1 4 5 5
3846.1 118.3 -13.1 140 0 7.6 9.6 14.0 3.5 2 1 4 3 3
3867.4 103.4 -12.8 133 0 8.2 10.1 14.0 3.5 2 1 4 0 0
3927.9 50.8 -12.1 132 0 14.2 8.7 14.0 3.5 2 0 4 2 2
3913.8 51.4 -12.3 135 0 8.9 8.0 14.0 3.5 2 0 4 4 4
3936.4 33.7 -11.6 139 0 7.7 7.6 14.0 0.0 0 0 4 4 4
4054.9 146.6 -13.1 221 0 11.8 9.7 14.0 3.5 2 0 4 3 3
3986.4 -36.3 -11.8 140 0 23.9 15.5 14.0 3.5 2 0 4 1 1
4024.9 53.3 -12.7 305 0 8.1 8.0 14.0 3.5 4 0 4 4 4
4041.0 46.1 -13.2 312 0 10.0 7.9 14.0 3.5 2 0 4 1 1
4010.2 -55.1 -12.1 136 0 6.6 7.3 14.0 3.5 2 1 4 5 5
4019.0 -47.3 -12.4 135 0 8.1 7.1 14.0 3.5 2 0 4 5 5
4041.6 -78.8 -12.9 141 0 10.3 7.9 14.0 3.5 2 0 4 4 4
4060.3 -49.3 -13.2 42 0 6.7 7.6 14.0 3.5 2 1 4 5 5
4042.9 -36.2 -13.3 111 0 13.5 8.2 14.0 3.5 2 0 4 5 5
4338.0 400.7 -12.7 143 0 13.2 11.9 17.5 3.5 2 0 5 4 4
4409.3 459.5 -11.3 333 0 7.1 10.8 17.5 3.5 2 1 5 4 4
4436.8 357.8 -13.3 54 0 12.4 11.1 17.5 3.5 2 0 5 1 1
4409.5 439.8 -11.7 330 0 11.2 20.3 17.5 3.5 2 1 5 0 0
4429.5 352.0 -12.4 47 0 6.3 9.5 17.5 3.5 2 1 5 4 4
6228.7 -5777.5 -0.3 85 0 12.5 26.0 10.0 2.5 2 1 4 1 1
6116.3 -5827.7 -3.8 90 0 12.9 37.4 7.5 2.5 2 1 3 5 5
6104.0 -5931.0 -2.8 261 0 9.0 30.2 7.5 2.5 4 1 3 0 0
6165.4 -5919.1 -0.2 258 0 10.6 28.3 12.5 2.5 2 1 5 1 1
6122.4 -5928.8 -2.1 260 0 9.9 29.3 10.0 2.5 2 1 4 2 2
6833.7 -3037.5 -14.4 290 0 9.3 9.7 10.0 0.0 0 1 4 4 4
6838.6 -3085.9 -14.0 27 0 9.2 8.1 5.0 2.5 2 0 2 1 1
6811.9 -3108.9 -13.7 120 0 8.4 7.5 7.5 2.5 2 0 3 4 4
6777.7 -3081.2 -13.2 300 0 10.3 9.1 5.0 2.5 4 0 2 5 5
6754.9 -3134.4 -11.6 27 0 8.6 9.3 7.5 2.5 2 1 3 2 2
6709.5 -3089.6 -12.1 120 0 6.1 7.4 2.5 2.5 2 1 1 1 1
2968.8 -453.7 -10.0 331 0 10.9 8.9 14.0 3.5 2 0 4 5 5
2837.2 -498.3 -10.1 326 0 9.3 9.9 14.0 3.5 2 1 4 0 0
2747.9 -493.1 -10.7 151 0 13.5 51.7 14.0 3.5 2 1 4 5 5
2765.0 -523.0 -10.4 151 0 10.7 21.8 14.0 0.0 0 1 4 5 5
3064.4 -0.2 -12.7 70 0 6.5 8.1 14.0 3.5 2 1 4 4 4
3021.4 -15.0 -12.3 56 0 6.5 20.7 14.0 3.5 2 1 4 4 4
3033.9 42.3 -15.4 297 0 7.3 7.9 14.0 3.5 2 1 4 2 2
3049.0 3.8 -13.8 65 0 8.7 19.3 14.0 3.5 2 1 4 5 5
2983.1 -42.8 -11.9 139 0 15.4 12.2 14.0 3.5 2 0 4 4 4
2965.6 18.1 -13.5 143 0 7.9 7.8 14.0 0.0 0 0 4 3 3
2973.2 28.8 -14.0 230 0 7.8 31.4 14.0 3.5 2 1 4 0 0
2995.2 35.5 -15.0 230 0 9.5 38.0 14.0 3.5 2 1 4 3 3
3107.7 -24.8 -12.0 79 0 8.7 19.4 14.0 3.5 2 1 4 5 5
3099.8 13.6 -14.9 345 0 10.2 19.8 14.0 3.5 2 1 4 5 5
3063.9 79.6 -18.1 167 0 20.4 9.0 14.0 3.5 2 0 4 5 5
3088.9 51.8 -16.9 346 0 8.7 17.3 14.0 3.5 2 1 4 0 0
2667.0 -476.7 -10.6 346 0 11.4 7.5 14.0 3.5 2 0 4 2 2
2658.2 -474.5 -10.5 350 0 20.4 8.7 14.0 3.5 2 0 4 3 3
2633.7 -482.1 -11.3 172 0 12.7 9.6 14.0 3.5 2 0 4 3 3
2627.1 -568.4 -11.9 251 0 10.2 21.3 14.0 3.5 2 1 4 2 2
2694.4 -534.0 -10.8 264 0 25.6 10.6 14.0 0.0 0 0 4 0 0
2729.1 -631.2 -11.0 71 0 10.1 39.4 14.0 0.0 0 1 4 5 5
2656.7 -573.3 -10.7 262 0 9.5 35.6 14.0 3.5 2 1 4 4 4
2706.0 -709.9 -11.1 161 0 7.2 13.3 14.0 3.5 2 1 4 3 3
2817.9 -774.0 -11.3 239 0 10.3 10.0 14.0 3.5 2 0 4 3 3
2779.3 -775.8 -10.2 230 0 9.6 8.6 14.0 3.5 2 0 4 2 2
2739.6 -787.0 -11.7 229 0 9.4 11.2 14.0 3.5 4 1 4 4 4
2622.4 -635.5 -11.6 149 0 6.2 36.7 14.0 0.0 0 1 4 0 0
2644.2 -655.5 -11.1 124 0 9.5 19.3 14.0 0.0 0 1 4 5 5
2961.5 -704.1 -11.6 52 0 17.4 13.6 14.0 3.5 2 0 4 1 1
3054.4 -31.8 -11.9 79 0 14.9 7.5 14.0 3.5 2 0 4 0 0
4013.6 44.1 -12.3 310 0 7.4 11.9 14.0 3.5 2 1 4 2 2
4040.4 287.4 -14.1 140 0 10.1 8.4 7.5 2.5 2 0 3 3 3
3648.0 319.1 -15.0 318 0 6.6 6.1 14.0 3.5 2 0 4 4 4
3626.6 258.0 -18.1 66 0 14.6 8.3 14.0 3.5 2 0 4 3 3
3758.0 311.3 -14.6 230 0 7.7 6.9 17.5 3.5 2 0 5 2 2
3951.7 189.9 -14.8 133 0 7.2 10.6 14.0 3.5 2 1 4 0 0
3976.7 146.7 -12.9 143 0 8.8 10.9 14.0 3.5 4 1 4 3 3
3927.2 174.2 -14.1 310 0 8.4 8.0 14.0 3.5 2 0 4 1 1
3919.4 151.7 -13.7 127 0 7.9 10.7 14.0 3.5 4 1 4 2 2
3844.6 180.4 -14.4 227 0 10.4 11.1 14.0 3.5 2 1 4 0 0
346.1 -3038.6 -11.8 132 0 8.1 12.5 2.5 2.5 2 1 1 4 4
355.6 -2965.5 -12.6 137 0 10.3 9.4 5.0 2.5 2 0 2 0 0
447.3 -3284.8 -9.9 45 0 10.1 7.6 7.5 2.5 2 0 3 5 5
469.9 -3225.9 -10.1 223 0 10.7 9.9 7.5 2.5 2 0 3 1 1
482.9 -3185.4 -9.7 127 0 9.3 11.3 2.5 2.5 2 1 1 5 5
504.5 -3149.1 -10.1 312 0 11.6 12.2 10.0 2.5 2 1 4 3 3
463.9 -3120.0 -10.5 314 0 7.5 7.1 5.0 2.5 2 0 2 0 0
6529.3 -5754.3 10.7 292 0 11.0 76.2 10.0 0.0 0 1 4 1 1
6566.1 -5789.0 11.4 22 0 39.3 10.2 7.5 2.5 2 0 3 1 1
6200.4 -5479.2 -8.6 99 0 11.0 30.4 7.5 2.5 2 1 3 1 1
6149.0 -5411.1 -5.8 275 0 30.0 9.2 12.5 2.5 2 0 5 2 2
6145.6 -5440.5 -6.4 96 0 29.8 9.1 10.0 2.5 2 0 4 2 2
6084.7 -5409.1 -4.3 186 0 10.6 36.5 12.5 0.0 0 1 5 0 0
6120.5 -5636.9 -6.5 324 0 8.6 25.2 5.0 2.5 2 1 2 5 5
6140.1 -5691.1 -4.9 345 0 10.1 29.5 10.0 2.5 2 1 4 5 5
6136.6 -5674.5 -5.5 346 0 10.6 30.5 7.5 2.5 2 1 3 0 0
6276.8 -6078.1 3.4 181 0 7.8 32.1 12.5 2.5 2 1 5 0 0
3465.8 -257.4 -11.6 226 0 9.2 12.2 14.0 0.0 0 1 4 3 3
3502.9 -382.8 -14.4 334 0 8.6 8.6 14.0 3.5 2 0 4 3 3
4070.1 73.3 -13.6 132 0 8.5 7.4 14.0 3.5 2 0 4 0 0
4009.6 139.3 -13.0 58 0 8.3 8.8 14.0 3.5 2 1 4 4 4
3965.0 289.6 -14.2 317 0 16.4 13.9 14.0 3.5 2 0 4 5 5
3678.5 255.6 -17.6 274 0 7.5 15.3 14.0 3.5 2 1 4 2 2
3686.5 -41.9 -11.7 150 0 8.6 8.3 17.5 3.5 2 0 5 2 2
3663.6 -52.2 -12.2 57 0 8.5 7.3 14.0 3.5 4 0 4 1 1
3340.5 -503.1 -13.0 148 0 9.3 8.8 10.5 3.5 2 0 3 0 0
3284.8 -588.5 -14.1 330 0 9.9 10.2 14.0 3.5 2 1 4 3 3
3231.0 -730.1 -12.2 231 0 10.4 9.3 14.0 0.0 0 0 4 1 1
3819.5 -577.6 -13.7 320 0 10.2 12.0 10.5 3.5 2 1 3 2 2
3863.4 -475.3 -11.9 48 0 13.4 9.2 10.5 3.5 2 0 3 0 0
3813.0 -403.3 -11.2 318 0 8.7 8.3 10.5 3.5 2 0 3 2 2
4031.2 -138.7 -13.1 226 0 7.5 11.8 14.0 3.5 2 1 4 4 4
4028.7 -176.9 -12.9 136 0 10.2 8.6 14.0 3.5 2 0 4 1 1
3782.6 -605.2 -13.6 233 0 9.5 8.9 10.5 3.5 4 0 3 0 0
3797.5 -595.3 -13.7 233 0 10.2 8.7 10.5 3.5 2 0 3 4 4
3791.3 -493.7 -12.6 157 0 8.8 6.3 10.5 3.5 2 0 3 4 4
3786.3 -510.1 -12.9 141 0 8.5 8.7 10.5 3.5 2 1 3 3 3
3832.2 -538.9 -13.1 47 0 12.2 15.5 10.5 3.5 2 1 3 0 0
3843.9 -523.4 -12.8 44 0 8.0 9.9 10.5 3.5 2 1 3 5 5
3851.9 -421.4 -11.2 318 0 10.2 9.3 10.5 3.5 2 0 3 3 3
3863.4 -435.2 -11.4 314 0 10.1 9.8 10.5 3.5 2 0 3 4 4
3880.6 -481.0 -11.9 50 0 6.5 7.4 10.5 3.5 2 1 3 0 0
3891.5 -454.3 -12.0 325 0 8.1 11.7 10.5 3.5 2 1 3 0 0
3916.0 -454.7 -12.5 53 0 12.1 12.2 17.5 3.5 2 1 5 0 0
3972.0 -419.7 -13.6 226 0 9.3 8.3 17.5 3.5 2 0 5 0 0
3709.5 -486.3 -12.4 317 0 6.8 7.4 10.5 3.5 2 1 3 3 3
3717.1 -466.8 -12.1 318 0 10.4 9.4 10.5 0.0 0 0 3 2 2
3398.9 -377.5 -14.9 332 0 8.5 8.9 14.0 3.5 4 1 4 5 5
-2625.1 -6054.5 -16.7 127 0 12.4 16.3 7.5 2.5 2 1 3 0 0
-1109.8 -4569.5 -14.9 359 0 10.8 8.3 7.5 2.5 2 0 3 1 1
-1073.6 -4633.0 -13.5 86 0 7.5 8.6 7.5 0.0 0 1 3 0 0
-1026.8 -4949.2 -10.3 217 0 8.4 10.8 5.0 2.5 2 1 2 3 3
-2527.1 -6057.8 -14.4 45 0 17.0 12.5 2.5 2.5 2 0 1 0 0
-2620.2 -6020.5 -16.9 234 0 11.0 12.5 7.5 2.5 2 1 3 2 2
964.1 -2458.4 -9.9 303 0 14.4 8.8 7.5 2.5 2 0 3 4 4
1379.5 -2065.3 -10.1 317 0 10.3 29.5 10.0 2.5 2 1 4 5 5
1303.7 -2035.4 -10.3 149 0 31.5 8.8 7.5 2.5 2 0 3 3 3
1329.9 -2000.2 -10.2 233 0 10.0 31.1 10.0 2.5 2 1 4 0 0
1357.1 -1983.9 -10.2 236 0 9.5 30.0 7.5 2.5 2 1 3 0 0
1383.2 -1967.3 -10.1 236 0 9.2 30.3 7.5 2.5 2 1 3 5 5
1779.6 -1515.0 -10.1 152 0 10.2 30.2 7.5 2.5 2 1 3 0 0
1838.7 -1494.5 -10.2 64 0 31.5 11.2 7.5 2.5 2 0 3 4 4
1670.4 -1737.7 -11.7 326 0 45.2 9.5 7.5 2.5 2 0 3 0 0
1642.4 -1732.0 -11.7 237 0 9.0 42.0 7.5 2.5 2 1 3 2 2
1684.6 -1837.9 -12.1 56 0 9.1 37.6 10.0 2.5 2 1 4 3 3
1703.7 -1826.4 -12.2 57 0 9.7 38.6 7.5 2.5 2 1 3 3 3
1716.4 -1817.6 -12.2 56 0 10.3 37.7 10.0 2.5 2 1 4 0 0
1754.9 -1765.6 -12.4 325 0 29.6 13.3 7.5 2.5 2 0 3 4 4
1731.2 -1732.0 -12.1 234 0 13.4 17.7 7.5 2.5 2 1 3 3 3
1659.8 -1648.8 -11.7 243 0 9.2 30.7 7.5 2.5 2 1 3 1 1
2119.4 -1402.3 -12.2 211 0 8.2 29.3 10.0 0.0 0 1 4 4 4
2179.0 -1416.3 -10.6 299 0 29.5 9.4 7.5 2.5 2 0 3 5 5
2168.5 -1435.5 -10.6 119 0 30.4 9.0 7.5 2.5 2 0 3 4 4
2206.2 -1457.7 -10.8 122 0 29.0 9.2 5.0 2.5 2 0 2 0 0
2015.5 -673.6 -12.1 317 0 12.6 7.1 7.5 2.5 2 0 3 3 3
2150.9 -1155.5 -12.1 120 0 12.9 29.8 7.5 0.0 0 1 3 3 3
2074.5 -1245.0 -12.4 137 0 7.8 37.3 10.0 2.5 2 1 4 3 3
2029.8 -1013.4 -11.4 133 0 12.4 32.8 7.5 0.0 0 1 3 3 3
2106.8 -933.4 -11.7 133 0 8.6 31.2 7.5 2.5 2 1 3 4 4
2159.6 -1001.2 -11.9 221 0 8.6 30.4 7.5 2.5 2 1 3 4 4
2227.5 -1037.5 -12.3 85 0 12.8 7.1 7.5 2.5 2 0 3 0 0
2275.5 -1077.8 -11.5 313 0 8.4 29.0 5.0 2.5 2 1 2 2 2
2300.6 -1213.7 -10.2 262 0 13.9 19.7 10.0 2.5 2 1 4 5 5
2325.6 -1543.3 -10.5 109 0 6.6 8.3 5.0 2.5 2 1 2 5 5
2344.9 -1422.1 -10.6 296 0 11.5 9.9 5.0 2.5 2 0 2 0 0
-556.8 -3185.9 -11.8 215 0 6.2 7.3 5.0 2.5 2 1 2 3 3
-703.2 -3643.7 -13.4 232 0 11.4 8.7 7.5 2.5 4 0 3 4 4
-703.9 -3755.7 -12.0 223 0 8.8 11.4 2.5 2.5 2 1 1 2 2
903.3 -2366.4 -8.8 137 0 9.1 9.9 5.0 2.5 2 1 2 4 4
928.0 -2401.4 -9.1 89 0 6.5 10.9 2.5 2.5 2 1 1 1 1
965.2 -2388.2 -9.2 305 0 6.2 7.5 5.0 2.5 2 1 2 0 0
5287.8 -228.8 -16.5 304 0 38.0 10.9 5.0 2.5 2 0 2 0 0
5266.8 -232.8 -15.0 303 0 10.4 76.5 7.0 3.5 2 1 2 0 0
5278.0 -285.4 -15.3 33 0 75.9 10.8 7.0 3.5 2 0 2 4 4
5239.5 -337.6 -15.0 35 0 10.8 41.6 3.5 3.5 2 1 1 5 5
5316.5 -212.4 -16.8 304 0 10.2 23.6 3.5 3.5 2 1 1 0 0
5213.5 -233.3 -14.3 296 0 13.8 23.4 3.5 3.5 2 1 1 4 4
-749.3 -4333.9 -10.3 36 0 9.1 24.9 7.0 2.5 2 1 2 1 1
-719.7 -4304.9 -10.5 306 0 6.7 21.1 10.5 2.5 2 1 3 4 4
-134.7 -3658.7 -11.3 223 0 7.6 8.6 2.5 2.5 2 1 1 1 1
