4556.9 4170.9 -8.1 358 0 18.8 7.3 14.0 3.5 2 0 4 1 1
4508.2 4165.3 -7.9 267 0 18.8 7.6 14.0 3.5 2 0 4 5 5
4514.8 4193.4 -7.3 264 0 43.5 10.3 14.0 3.5 2 0 4 0 0
4467.6 4155.9 -8.1 178 0 11.3 9.8 14.0 3.5 2 0 4 1 1
4483.1 4136.0 -9.0 178 0 41.2 9.4 14.0 3.5 2 0 4 1 1
4561.4 4156.0 -8.3 357 0 6.8 26.0 14.0 3.5 2 0 4 5 5
4463.1 4192.4 -7.5 268 0 6.8 7.7 14.0 3.5 2 0 4 5 5
4520.4 4120.4 -9.0 358 0 7.1 25.4 14.0 3.5 2 0 4 1 1
4538.4 4087.5 -9.0 87 0 10.8 9.7 14.0 3.5 2 0 4 1 1
1517.5 2820.1 -14.7 282 0 13.9 56.8 10.0 2.5 2 1 4 4 4
3693.1 3023.3 -7.0 80 0 8.2 31.3 5.0 2.5 2 1 2 5 5
3896.2 5719.5 -9.7 115 0 9.3 35.2 10.0 2.5 2 1 4 5 5
3938.1 5702.6 -9.7 18 0 7.6 37.0 7.5 2.5 4 1 3 4 4
3942.4 5715.1 -9.4 20 0 18.8 12.5 10.5 2.5 2 0 3 1 1
3909.4 5767.5 -9.9 296 0 26.3 9.0 10.5 2.5 2 0 3 3 3
3926.9 4325.4 -10.4 101 0 8.0 31.1 5.0 2.5 2 1 2 3 3
4331.9 5012.6 -10.7 275 0 8.2 40.5 10.5 0.0 0 1 3 2 2
4995.0 6712.8 -3.4 0 0 10.0 18.2 2.5 2.5 2 1 1 2 2
5004.2 6534.5 -3.0 2 0 21.0 13.5 15.0 0.0 0 0 6 5 5
4607.6 5418.1 -7.5 268 0 30.5 18.7 7.5 2.5 2 0 3 0 0
4746.8 6458.3 -7.0 353 0 18.3 28.3 10.0 2.5 2 1 4 4 4
4569.3 6236.4 -6.5 102 0 9.2 9.4 10.0 0.0 0 1 4 3 3
4647.6 5368.1 -8.1 357 0 21.2 18.6 10.0 2.5 2 0 4 2 2
5029.2 6315.2 -5.1 95 0 14.7 23.4 10.0 2.5 2 1 4 5 5
4656.3 5229.7 -9.9 0 0 29.5 19.9 14.0 3.5 2 0 4 2 2
4335.2 6395.2 -4.9 274 0 17.6 21.2 10.0 2.5 2 1 4 3 3
4511.8 6165.9 -8.7 266 0 6.1 14.6 10.0 2.5 2 1 4 3 3
4590.8 5602.0 -6.4 0 0 41.2 22.2 10.0 0.0 0 0 4 5 5
4393.5 6340.5 -4.5 4 0 15.4 13.0 5.0 2.5 2 0 2 0 0
4879.0 6570.3 -3.7 357 0 11.9 10.3 5.0 2.5 2 0 2 3 3
4821.7 6660.4 -3.1 87 0 13.5 21.6 10.0 2.5 2 1 4 3 3
4780.8 6451.5 -4.9 170 0 26.1 26.2 7.5 0.0 0 1 3 3 3
4673.0 5401.0 -8.2 176 0 23.3 15.3 7.5 2.5 2 0 3 1 1
4756.1 6415.0 -7.0 0 0 18.9 24.6 10.0 2.5 2 1 4 0 0
4657.9 5168.6 -10.3 338 0 19.0 25.7 14.0 3.5 2 1 4 2 2
4169.3 5493.9 -8.4 88 0 19.3 20.6 7.5 2.5 2 1 3 3 3
4291.1 5678.0 -5.6 351 0 17.9 16.6 7.5 2.5 2 0 3 0 0
4649.0 6573.7 -6.0 85 0 10.0 13.3 7.5 2.5 2 1 3 4 4
4922.4 6488.7 -3.4 180 0 22.4 24.6 10.0 0.0 0 1 4 3 3
4400.0 6313.1 -4.7 176 0 14.8 15.3 7.5 2.5 2 1 3 0 0
4566.3 5667.5 -6.8 275 0 29.4 23.7 10.0 0.0 0 0 4 4 4
4967.0 6242.2 -6.0 274 0 16.4 26.1 10.0 2.5 4 1 4 2 2
4862.1 6662.8 -3.3 24 0 16.0 14.7 5.0 2.5 2 0 2 0 0
4625.3 6772.7 -9.0 2 0 29.1 11.7 10.0 2.5 2 0 4 5 5
4861.9 5808.2 -4.0 189 0 22.7 28.5 10.0 0.0 0 1 4 5 5
4113.6 5590.2 -8.1 281 0 19.1 23.3 7.5 2.5 2 1 3 5 5
4285.5 5746.4 -4.8 358 0 20.0 18.5 7.5 2.5 2 0 3 4 4
4904.2 6198.8 -6.0 0 0 18.3 14.0 7.5 2.5 2 0 3 3 3
4842.9 5938.3 -6.2 275 0 27.0 38.9 12.5 0.0 0 1 5 0 0
4984.8 6344.8 -3.9 273 0 17.1 13.0 7.5 2.5 2 0 3 2 2
4283.8 5475.7 -6.5 0 0 23.0 16.4 10.0 2.5 2 0 4 1 1
4284.8 5630.2 -6.2 355 0 14.2 19.9 10.0 2.5 2 1 4 3 3
4923.6 6330.8 -4.2 172 0 17.3 13.0 5.0 2.5 2 0 2 5 5
4593.3 5863.9 -5.8 358 0 13.7 15.8 7.5 2.5 2 1 3 3 3
4766.4 6814.6 -5.5 176 0 16.7 18.2 15.0 0.0 0 1 6 2 2
4708.6 6074.3 -7.4 86 0 11.8 9.8 7.5 2.5 4 0 3 0 0
4332.4 5714.0 -5.5 267 0 18.2 20.1 7.5 2.5 2 1 3 1 1
4572.4 6814.2 -9.6 273 0 6.8 54.8 5.0 2.5 2 1 2 2 2
4860.8 6079.4 -5.3 6 0 32.0 30.8 10.0 0.0 0 0 4 4 4
4800.5 5927.1 -6.9 273 0 25.8 29.4 12.5 0.0 0 1 5 4 4
2371.7 6850.9 -14.3 312 0 19.1 27.1 7.5 2.5 2 1 3 1 1
4881.6 6381.4 -4.5 263 0 20.6 16.6 7.5 2.5 2 0 3 2 2
4061.3 5570.2 -8.3 120 0 16.3 19.8 7.5 0.0 0 1 3 5 5
4245.1 5649.8 -6.1 173 0 19.0 29.3 10.0 0.0 0 1 4 4 4
4258.6 5518.6 -6.4 277 0 24.8 30.2 7.5 0.0 0 1 3 3 3
4023.6 5711.6 -8.6 182 0 30.6 27.0 12.5 0.0 0 0 5 4 4
4283.8 5594.4 -6.6 0 0 16.5 15.2 5.0 2.5 2 0 2 0 0
4992.8 6777.8 -3.3 2 0 12.1 10.8 7.5 2.5 2 0 3 1 1
4992.3 6818.5 -2.7 356 0 15.7 20.1 7.5 2.5 2 1 3 5 5
4912.9 6219.1 -6.0 3 0 10.6 11.9 7.5 2.5 2 1 3 1 1
4604.0 5835.4 -5.8 1 0 10.7 8.2 10.0 2.5 2 0 4 2 2
4615.6 6667.6 -8.0 93 0 13.5 34.0 7.5 2.5 2 1 3 5 5
4547.9 5812.5 -6.8 175 0 16.9 27.0 15.0 0.0 0 1 6 5 5
4795.9 6794.4 -5.1 2 0 14.1 14.6 7.5 0.0 0 1 3 4 4
2335.2 6712.0 -15.5 14 0 23.4 19.3 7.5 2.5 4 0 3 2 2
4652.4 5896.0 -7.9 95 0 11.8 13.6 5.0 2.5 2 1 2 3 3
4968.1 6756.9 -3.8 175 0 18.0 12.6 5.0 2.5 2 0 2 5 5
4366.5 5705.9 -6.3 273 0 19.8 27.1 7.5 0.0 0 1 3 1 1
4960.5 6566.8 -2.9 176 0 13.6 16.4 7.5 0.0 0 1 3 2 2
4793.9 6494.8 -4.9 203 0 19.6 30.5 10.0 2.5 2 1 4 5 5
4891.0 6331.9 -4.6 2 0 16.4 10.2 2.5 0.0 0 0 1 2 2
4661.3 5101.0 -10.6 356 0 10.6 15.4 14.0 3.5 2 1 4 3 3
4126.6 5532.8 -8.8 179 0 20.6 23.4 7.5 2.5 2 1 3 0 0
4983.3 6368.2 -3.0 88 0 17.6 15.7 10.0 2.5 2 0 4 5 5
4569.9 6735.2 -8.8 270 0 12.0 64.8 12.5 2.5 2 1 5 3 3
4648.6 6468.5 -5.9 89 0 12.0 17.3 5.0 2.5 4 1 2 3 3
4564.9 5948.6 -5.3 85 0 7.7 10.7 7.5 2.5 2 1 3 3 3
4336.6 6455.6 -6.0 92 0 20.9 15.9 7.5 2.5 2 0 3 4 4
4956.6 6630.7 -3.1 0 0 10.6 10.8 7.5 2.5 2 1 3 5 5
4649.8 5413.6 -7.0 357 0 12.8 10.1 7.5 2.5 2 0 3 1 1
4442.0 5476.7 -8.1 97 0 35.3 28.5 7.5 0.0 0 0 3 4 4
4851.3 6021.4 -5.5 88 0 29.2 33.0 12.5 0.0 0 1 5 5 5
4670.6 5348.2 -9.2 190 0 39.5 23.6 7.5 0.0 0 0 3 4 4
4999.2 6494.5 -2.7 356 0 12.8 16.4 10.0 2.5 2 1 4 5 5
4645.8 6032.1 -6.4 3 0 6.2 6.9 5.0 2.5 2 1 2 4 4
4731.0 1248.7 -10.7 274 0 26.8 51.4 17.5 0.0 0 1 7 2 2
6793.1 4172.0 -2.5 175 0 8.7 8.1 5.0 0.0 0 0 2 1 1
6829.5 4111.0 -4.2 2 0 8.0 8.3 5.0 2.5 2 1 2 5 5
6810.4 4072.4 -3.4 179 0 8.5 8.6 5.0 2.5 2 1 2 2 2
6855.0 4035.0 -3.1 88 0 8.3 7.6 2.5 2.5 2 0 1 4 4
-2291.9 -5848.3 -17.8 31 0 35.5 10.2 7.5 0.0 0 0 3 4 4
-2313.4 -5880.8 -18.0 36 0 32.3 8.9 10.0 2.5 2 0 4 2 2
-2317.9 -5815.3 -18.1 211 0 9.1 25.8 5.0 2.5 4 1 2 4 4
-2338.1 -5859.9 -17.9 117 0 23.7 8.2 7.5 2.5 2 0 3 4 4
-2335.5 -5817.4 -18.3 297 0 8.1 23.9 5.0 2.5 2 1 2 3 3
-2770.8 -6791.7 -19.3 30 0 13.8 6.6 7.5 2.5 2 0 3 0 0
-2765.0 -6757.9 -19.1 29 0 11.6 8.9 5.0 2.5 2 0 2 0 0
-2695.1 -6635.5 -19.6 297 0 7.5 9.2 10.0 2.5 2 1 4 0 0
-2576.3 -6609.1 -20.1 113 0 8.5 8.8 2.5 2.5 2 1 1 5 5
-2353.8 -6350.9 -18.2 301 0 8.0 8.8 5.0 2.5 2 1 2 1 1
-2425.6 -6225.8 -19.9 25 0 9.6 8.5 7.5 2.5 2 0 3 1 1
-2130.0 -6706.3 -18.2 22 0 10.6 12.5 7.5 2.5 4 1 3 0 0
-2496.4 -6698.6 -18.2 209 0 11.9 7.6 7.5 0.0 0 0 3 5 5
-2387.7 -6742.7 -17.3 303 0 7.6 9.1 5.0 2.5 2 1 2 0 0
-2417.9 -6797.1 -17.4 121 0 8.0 10.3 5.0 2.5 2 1 2 3 3
-1163.5 -3979.3 -16.8 224 0 7.9 7.8 7.5 2.5 2 0 3 5 5
-1207.7 -3954.3 -15.7 32 0 16.9 7.9 7.5 2.5 2 0 3 3 3
-1308.0 -4060.0 -17.9 226 0 8.2 6.7 7.5 0.0 0 0 3 2 2
-1552.8 -4289.6 -14.8 206 0 6.3 9.4 2.5 2.5 2 1 1 1 1
-1947.8 -4589.2 -18.3 205 0 16.4 7.7 10.0 2.5 4 0 4 5 5
-2291.3 -5479.7 -15.6 215 0 9.6 8.7 7.5 2.5 2 0 3 1 1
-2255.6 -5166.4 -17.0 359 0 11.3 7.3 5.0 2.5 2 0 2 0 0
-2165.3 -5259.4 -16.6 121 0 6.7 9.2 5.0 2.5 2 1 2 1 1
-1472.0 -5232.7 -17.8 41 0 9.0 7.9 7.5 2.5 2 0 3 5 5
-1536.9 -4845.6 -16.7 289 0 6.8 9.5 7.5 2.5 4 1 3 3 3
-1644.2 -4787.7 -16.4 294 0 8.7 11.8 2.5 2.5 2 1 1 3 3
-1722.9 -4832.8 -17.9 293 0 6.0 6.2 10.0 2.5 2 1 4 0 0
-1539.3 -4943.0 -17.6 20 0 6.4 8.0 7.5 2.5 2 1 3 0 0
-1655.7 -4961.0 -15.9 204 0 10.7 8.9 5.0 2.5 2 0 2 4 4
-1672.6 -5021.8 -15.8 201 0 12.6 8.3 2.5 2.5 2 0 1 2 2
-1677.2 -5053.7 -16.4 204 0 11.0 9.3 7.5 2.5 4 0 3 0 0
-1713.8 -5073.5 -16.6 200 0 10.1 6.2 7.5 2.5 2 0 3 0 0
-1735.9 -5097.1 -15.4 209 0 11.1 7.4 7.5 2.5 2 0 3 5 5
-1731.3 -5136.5 -15.3 24 0 10.8 8.7 7.5 2.5 2 0 3 0 0
-1755.6 -5134.0 -14.9 205 0 6.6 8.9 7.5 2.5 2 1 3 3 3
-1720.7 -5033.6 -16.4 31 0 13.3 8.5 5.0 2.5 2 0 2 2 2
-1813.2 -5167.6 -15.8 31 0 8.2 9.2 7.5 2.5 2 1 3 4 4
-1831.8 -5164.5 -16.1 29 0 14.3 9.8 10.0 2.5 2 0 4 5 5
-1841.3 -5188.4 -16.3 30 0 13.5 8.7 2.5 2.5 2 0 1 0 0
-1885.0 -5208.5 -16.9 202 0 8.9 12.0 5.0 2.5 2 1 2 1 1
-1865.0 -5233.7 -16.4 32 0 6.6 6.3 7.5 2.5 2 0 3 2 2
-1913.4 -5293.5 -15.5 29 0 8.2 7.6 5.0 2.5 2 0 2 0 0
-1824.4 -5240.8 -15.8 209 0 13.7 10.3 5.0 2.5 2 0 2 5 5
-1862.9 -5310.0 -16.4 221 0 14.1 9.2 10.0 0.0 0 0 4 3 3
-1889.7 -5418.2 -18.1 29 0 7.8 8.3 5.0 2.5 2 1 2 3 3
-1997.5 -5389.0 -17.2 195 0 7.4 7.2 7.5 0.0 0 0 3 1 1
-1999.0 -5428.3 -17.1 19 0 7.9 7.4 5.0 2.5 2 0 2 5 5
-2043.6 -5475.5 -18.3 23 0 7.9 10.1 5.0 2.5 2 1 2 4 4
-2062.1 -5499.3 -18.3 29 0 9.7 7.7 5.0 2.5 2 0 2 4 4
-2062.9 -5621.3 -18.0 210 0 12.7 8.1 2.5 2.5 2 0 1 1 1
-2199.4 -5706.8 -19.1 33 0 9.5 9.6 2.5 2.5 2 1 1 1 1
-1960.5 -5745.6 -18.5 206 0 10.0 8.1 10.0 2.5 2 0 4 2 2
-1954.3 -5710.4 -19.0 211 0 9.5 9.9 5.0 2.5 2 1 2 3 3
-1305.1 -5701.2 -18.7 12 0 22.6 9.8 7.5 2.5 2 0 3 3 3
-1326.0 -5656.5 -18.6 291 0 9.6 27.6 10.0 2.5 2 1 4 5 5
-995.7 -3757.5 -15.5 215 0 11.2 7.6 7.5 2.5 2 0 3 2 2
-971.7 -3762.9 -15.4 35 0 10.8 6.8 7.5 2.5 2 0 3 1 1
-1179.9 -3880.4 -15.3 179 0 9.2 6.7 10.0 2.5 2 0 4 1 1
-1064.7 -3832.0 -15.9 49 0 7.0 7.1 7.5 2.5 2 1 3 5 5
-1089.2 -3826.5 -15.9 228 0 17.6 8.2 7.5 2.5 2 0 3 1 1
-1125.8 -3843.5 -15.1 318 0 9.5 28.4 7.5 0.0 0 1 3 3 3
-1110.7 -3877.8 -15.0 55 0 7.2 11.6 7.5 2.5 2 1 3 4 4
-1110.4 -3890.1 -15.1 48 0 7.8 14.8 7.5 2.5 4 1 3 1 1
-1020.2 -3855.2 -16.6 217 0 10.7 8.1 10.0 2.5 2 0 4 0 0
-1044.4 -3863.0 -16.3 222 0 7.8 11.8 5.0 2.5 2 1 2 4 4
-1067.2 -3898.7 -16.6 202 0 12.6 11.4 5.0 2.5 2 0 2 0 0
6476.1 -4400.4 -10.6 300 0 6.5 11.2 7.5 2.5 2 1 3 5 5
6467.3 -4468.4 -10.6 201 0 13.4 9.2 10.0 0.0 0 0 4 5 5
6367.8 -4486.7 -10.3 206 0 7.7 6.6 5.0 2.5 2 0 2 0 0
6303.9 -4517.3 -8.6 95 0 7.1 7.7 5.0 2.5 2 1 2 1 1
6371.4 -4523.8 -9.3 34 0 7.7 12.5 5.0 0.0 0 1 2 0 0
6284.6 -4806.6 -7.3 96 0 7.7 6.2 5.0 0.0 0 0 2 1 1
6129.4 -4752.8 -5.7 215 0 6.4 11.8 10.0 2.5 2 1 4 0 0
6060.5 -4832.7 -7.7 183 0 10.0 33.3 10.0 2.5 2 1 4 2 2
6096.0 -4860.6 -8.8 1 0 10.0 20.7 7.5 0.0 0 1 3 3 3
5920.5 -5081.4 -11.5 341 0 6.1 6.4 5.0 2.5 2 1 2 4 4
5911.2 -4982.4 -9.5 8 0 8.5 9.7 5.0 2.5 2 1 2 4 4
5900.2 -5014.5 -10.0 359 0 14.1 11.2 2.5 2.5 2 0 1 0 0
5876.4 -5046.5 -10.4 77 0 8.3 16.5 2.5 2.5 2 1 1 2 2
5713.7 -5101.8 -11.5 77 0 8.3 6.1 7.5 2.5 2 0 3 1 1
-843.8 -3834.0 -15.6 22 0 7.5 6.4 5.0 2.5 4 0 2 5 5
-901.1 -3823.4 -15.8 292 0 10.8 8.5 2.5 2.5 2 0 1 5 5
-548.3 -3525.9 -15.8 83 0 28.2 22.1 10.0 0.0 0 0 4 5 5
5448.3 -6058.7 -11.8 123 0 7.3 6.0 5.0 2.5 2 0 2 5 5
5429.6 -6081.5 -13.5 313 0 13.7 9.1 7.5 2.5 2 0 3 4 4
5775.5 -6763.7 -10.3 203 0 7.6 6.0 7.5 2.5 2 0 3 3 3
6186.8 -6007.6 -13.2 32 0 9.0 8.0 7.5 2.5 2 0 3 1 1
6113.7 -6110.1 -9.6 29 0 6.7 6.2 7.5 2.5 2 0 3 1 1
6096.0 -6102.7 -9.6 23 0 7.9 8.0 7.5 2.5 2 1 3 4 4
6079.8 -6062.7 -9.4 222 0 11.9 6.9 5.0 2.5 2 0 2 3 3
6053.0 -5932.0 -16.0 342 0 10.3 6.7 7.5 2.5 2 0 3 4 4
6051.2 -5597.8 -15.1 4 0 11.4 9.4 5.0 2.5 2 0 2 2 2
6066.8 -5572.2 -15.5 15 0 7.6 14.9 7.5 2.5 2 1 3 2 2
6075.5 -5561.8 -15.5 10 0 13.9 13.3 7.5 2.5 2 0 3 4 4
6105.0 -5397.5 -15.4 359 0 8.9 7.1 7.5 2.5 2 0 3 4 4
6076.2 -5334.7 -15.3 271 0 8.9 7.0 2.5 2.5 2 0 1 1 1
6128.7 -5275.1 -14.7 5 0 6.2 6.8 7.5 2.5 2 1 3 0 0
6158.7 -5186.8 -13.8 176 0 7.2 10.8 5.0 2.5 4 1 2 3 3
6169.1 -5216.3 -13.6 187 0 12.7 8.6 7.5 2.5 2 0 3 3 3
6091.6 -5629.7 -13.2 189 0 14.1 9.7 7.5 2.5 2 0 3 5 5
6191.5 -5434.4 -14.6 8 0 11.2 7.2 2.5 2.5 2 0 1 3 3
6174.3 -5360.0 -14.1 181 0 9.7 7.4 7.5 2.5 2 0 3 0 0
6192.0 -5358.6 -14.0 1 0 11.7 8.2 7.5 2.5 2 0 3 4 4
6245.6 -5570.7 -15.1 94 0 8.5 9.3 5.0 0.0 0 1 2 0 0
6087.4 -5836.6 -14.3 343 0 13.5 8.9 7.5 2.5 2 0 3 1 1
6517.6 -6106.4 -15.2 303 0 7.0 9.6 7.5 2.5 2 1 3 4 4
6872.4 -5887.9 -12.1 29 0 9.7 8.9 2.5 2.5 2 0 1 2 2
6718.9 -4129.2 -6.7 311 0 7.8 20.5 7.5 2.5 2 1 3 0 0
6529.5 -4337.2 -7.8 217 0 11.8 7.5 7.5 2.5 2 0 3 0 0
6683.4 -4413.3 -7.1 331 0 6.5 6.8 7.5 2.5 4 1 3 3 3
6616.2 -4425.1 -7.6 308 0 7.0 7.9 10.0 2.5 2 1 4 1 1
6068.3 -4427.3 -6.3 293 0 6.6 7.7 7.5 2.5 2 1 3 0 0
6129.9 -4468.2 -5.5 31 0 6.8 6.2 7.5 2.5 2 0 3 4 4
6219.2 -4572.8 -6.1 112 0 7.3 6.5 7.5 2.5 2 0 3 4 4
6285.7 -4584.5 -5.4 309 0 6.5 10.3 7.5 2.5 2 1 3 2 2
6453.6 -4465.5 -10.8 202 0 13.6 9.4 7.5 2.5 2 0 3 0 0
-1698.0 -4268.3 -16.8 16 0 14.4 6.5 5.0 0.0 0 0 2 1 1
-1388.7 -3691.5 -14.9 135 0 13.0 11.1 7.5 2.5 4 0 3 2 2
5844.1 -6087.6 -10.1 249 0 6.1 6.4 5.0 2.5 2 1 2 2 2
-1735.0 -5255.0 -15.9 301 0 8.0 13.1 10.0 2.5 2 1 4 3 3
-1717.8 -5221.6 -15.5 19 0 6.8 7.5 5.0 2.5 4 1 2 5 5
-2183.1 -6368.9 -16.8 108 0 8.1 8.2 7.5 2.5 2 1 3 2 2
-2170.3 -6324.5 -18.2 212 0 8.3 7.1 7.5 2.5 4 0 3 0 0
-1794.4 -5139.7 -15.4 21 0 10.6 6.7 5.0 2.5 2 0 2 1 1
5896.0 -5355.0 -14.8 268 0 7.2 7.7 2.5 2.5 2 1 1 2 2
5773.2 -5143.6 -12.9 350 0 12.9 8.4 7.5 2.5 4 0 3 0 0
6420.3 -1884.8 -10.1 17 0 10.7 8.8 7.5 2.5 2 0 3 4 4
6232.3 -1865.8 -11.7 250 0 7.9 9.1 7.5 2.5 2 1 3 4 4
-1225.7 6472.0 -16.9 2 0 9.1 10.0 7.5 2.5 2 1 3 1 1
-1199.3 6401.5 -16.8 90 0 10.8 8.8 5.0 2.5 2 0 2 4 4
-1238.4 6421.5 -17.1 186 0 11.3 11.3 7.5 2.5 2 1 3 4 4
-854.3 6806.4 -18.8 88 0 10.9 10.9 10.0 2.5 2 1 4 4 4
-1186.1 6529.8 -17.7 3 0 8.1 7.6 5.0 2.5 2 0 2 2 2
-1184.8 6637.7 -18.1 273 0 8.5 11.4 7.5 0.0 0 1 3 3 3
-858.8 6627.0 -17.6 272 0 9.4 9.7 7.5 0.0 0 1 3 4 4
-802.7 6614.1 -18.1 6 0 9.2 11.3 7.5 2.5 2 1 3 0 0
-682.8 6688.3 -18.9 271 0 9.1 13.5 7.5 2.5 2 1 3 4 4
-719.8 6664.9 -18.9 78 0 9.0 12.7 7.5 2.5 2 1 3 5 5
2590.1 4220.8 -13.9 10 0 6.6 6.3 5.0 2.5 2 0 2 0 0
250.7 5778.6 -16.3 102 0 13.4 11.8 7.5 2.5 2 0 3 4 4
745.2 6774.0 -15.2 122 0 13.6 6.6 5.0 2.5 2 0 2 3 3
1265.1 5803.3 -15.2 31 0 17.2 13.9 7.5 0.0 0 0 3 2 2
1281.2 5862.5 -14.5 301 0 11.4 24.3 7.5 2.5 4 1 3 5 5
222.5 5104.8 -17.4 305 0 9.2 7.8 7.5 2.5 2 0 3 0 0
329.7 4970.7 -16.9 304 0 9.2 9.1 5.0 2.5 2 0 2 0 0
-29.0 5180.0 -15.4 230 0 9.0 10.3 5.0 2.5 2 1 2 2 2
-73.5 5150.8 -15.4 230 0 8.1 7.4 7.5 2.5 2 0 3 3 3
12.7 5118.8 -15.8 134 0 8.0 10.4 10.0 2.5 2 1 4 2 2
304.2 5195.8 -17.2 126 0 9.0 10.4 5.0 2.5 2 1 2 1 1
216.4 5200.9 -17.5 305 0 8.0 9.7 5.0 2.5 2 1 2 2 2
-113.8 4797.3 -16.6 123 0 9.1 6.3 7.5 0.0 0 0 3 0 0
-148.9 5554.1 -16.4 300 0 10.0 8.2 7.5 2.5 2 0 3 1 1
-127.0 5511.6 -16.7 28 0 8.9 9.8 7.5 2.5 2 1 3 1 1
320.8 5405.2 -15.8 224 0 16.2 10.6 5.0 2.5 2 0 2 4 4
318.4 5369.3 -15.8 220 0 9.9 6.9 7.5 2.5 2 0 3 5 5
307.9 5310.3 -15.7 122 0 8.3 10.5 7.5 2.5 2 1 3 2 2
30.8 5330.1 -16.5 306 0 12.2 13.1 7.5 2.5 2 1 3 5 5
2607.6 6437.2 -13.0 30 0 9.9 13.3 7.5 2.5 2 1 3 0 0
4103.7 6216.2 -8.0 276 0 8.3 14.5 7.5 2.5 2 1 3 1 1
4162.7 6361.9 -8.7 102 0 11.2 9.7 7.5 2.5 2 0 3 3 3
4176.2 6369.0 -8.7 118 0 8.0 23.6 7.5 2.5 2 1 3 0 0
4268.4 6370.2 -7.9 92 0 15.7 8.1 7.5 2.5 2 0 3 4 4
4336.4 6216.6 -5.7 92 0 6.0 10.9 5.0 2.5 4 1 2 4 4
4281.6 6281.1 -6.3 3 0 9.4 9.3 2.5 2.5 4 0 1 5 5
4252.1 6154.1 -6.5 89 0 10.5 10.4 7.5 2.5 2 0 3 0 0
4280.8 6088.5 -6.2 0 0 10.0 10.7 7.5 2.5 2 1 3 2 2
4255.5 5978.2 -5.5 92 0 9.3 12.3 7.5 2.5 2 1 3 0 0
4654.1 5667.0 -5.4 277 0 11.4 9.5 2.5 2.5 2 0 1 3 3
4649.2 5731.8 -5.8 91 0 10.8 15.3 5.0 2.5 2 1 2 4 4
4563.8 5495.3 -5.9 96 0 8.6 9.2 2.5 2.5 2 1 1 5 5
4655.1 5500.9 -5.8 93 0 8.2 9.3 7.5 2.5 2 1 3 4 4
4653.0 5485.6 -6.0 87 0 8.6 9.7 7.5 2.5 4 1 3 0 0
4629.2 5507.0 -5.6 187 0 9.8 12.3 5.0 2.5 2 1 2 4 4
4682.4 5516.6 -5.8 4 0 7.7 12.0 2.5 2.5 2 1 1 3 3
4614.4 5306.1 -8.4 89 0 11.4 9.4 5.0 2.5 4 0 2 1 1
4568.7 5341.3 -8.7 270 0 9.1 8.2 7.5 2.5 4 0 3 2 2
4573.3 5422.5 -7.3 269 0 10.0 11.2 2.5 2.5 2 1 1 5 5
4367.2 5560.3 -6.9 267 0 8.8 14.0 7.5 2.5 4 1 3 0 0
4373.6 5468.7 -7.5 90 0 13.6 7.2 5.0 2.5 2 0 2 0 0
4353.4 5466.7 -7.2 92 0 21.6 14.1 10.0 2.5 2 0 4 0 0
4340.9 5373.5 -8.3 174 0 11.5 23.6 7.5 0.0 0 1 3 3 3
4385.1 5354.7 -8.6 81 0 12.8 15.3 7.5 0.0 0 1 3 4 4
4419.5 5377.0 -8.5 352 0 7.9 29.3 10.0 2.5 2 1 4 1 1
273.0 5944.0 -16.1 125 0 8.7 10.0 5.0 2.5 2 1 2 5 5
232.0 5875.7 -15.1 221 0 10.4 10.0 7.5 2.5 2 0 3 2 2
100.3 5589.0 -16.2 127 0 7.8 6.9 5.0 2.5 2 0 2 3 3
-127.6 5511.1 -16.8 25 0 8.0 8.8 5.0 2.5 2 1 2 3 3
-148.9 5554.5 -16.4 297 0 9.6 8.0 10.0 2.5 2 0 4 2 2
-334.6 6660.9 -17.9 103 0 6.0 8.5 10.0 2.5 2 1 4 1 1
-775.2 6808.9 -19.1 94 0 9.1 10.6 10.0 2.5 2 1 4 0 0
-766.7 6778.1 -19.0 280 0 6.1 6.1 7.5 2.5 2 1 3 0 0
-720.5 6740.8 -19.0 10 0 6.7 7.8 2.5 2.5 2 1 1 0 0
-772.5 6659.2 -18.9 2 0 8.7 9.4 7.5 2.5 2 1 3 1 1
-856.6 6755.2 -19.0 2 0 13.4 21.1 10.0 2.5 2 1 4 4 4
-928.5 6684.3 -17.2 182 0 9.1 10.3 7.5 2.5 2 1 3 4 4
-991.9 6666.1 -17.1 114 0 7.2 10.7 2.5 2.5 2 1 1 3 3
-353.7 -4537.9 -17.0 272 0 9.2 10.5 5.0 2.5 2 1 2 5 5
-347.9 -4571.4 -16.5 89 0 6.7 15.9 5.0 2.5 2 1 2 5 5
-365.0 -4560.6 -16.7 180 0 19.1 7.9 7.5 2.5 2 0 3 5 5
3966.5 -3322.3 -14.4 123 0 6.3 6.8 5.0 2.5 2 1 2 0 0
4576.5 -3455.0 -13.7 107 0 6.1 11.0 10.0 2.5 2 1 4 4 4
4614.6 -3462.1 -13.6 274 0 7.2 6.4 7.5 2.5 2 0 3 3 3
4603.0 -3456.0 -13.8 20 0 20.2 6.5 7.5 2.5 2 0 3 0 0
4559.5 -3670.8 -14.9 21 0 7.9 7.2 10.0 2.5 2 0 4 3 3
4474.5 -3880.1 -15.4 110 0 6.1 9.1 5.0 2.5 2 1 2 3 3
4498.0 -3984.6 -14.3 196 0 6.3 9.6 5.0 2.5 2 1 2 5 5
4209.2 -4155.5 -12.8 148 0 6.8 14.7 10.0 2.5 2 1 4 1 1
4344.3 -4261.8 -14.0 14 0 8.6 20.9 7.5 0.0 0 1 3 3 3
4192.0 -4285.5 -14.6 203 0 18.7 9.3 10.0 2.5 2 0 4 5 5
4257.4 -4328.8 -13.7 108 0 27.4 7.3 5.0 2.5 2 0 2 3 3
4313.5 -4387.2 -12.9 149 0 9.9 11.8 7.5 2.5 2 1 3 4 4
4360.9 -4339.2 -13.2 340 0 10.5 7.2 7.5 2.5 2 0 3 1 1
4326.2 -4303.5 -12.9 19 0 7.3 6.5 7.5 2.5 4 0 3 0 0
4252.0 -4239.4 -12.9 297 0 7.1 20.6 10.0 2.5 2 1 4 3 3
4267.6 -4232.4 -12.7 206 0 10.9 6.0 5.0 2.5 4 0 2 0 0
4305.9 -4158.7 -13.8 210 0 7.6 8.2 7.5 0.0 0 1 3 4 4
4456.4 -4147.6 -15.2 201 0 14.4 9.0 10.0 2.5 2 0 4 2 2
4419.0 -4165.4 -15.6 21 0 6.2 8.5 5.0 2.5 2 1 2 2 2
4394.2 -4211.3 -15.2 6 0 6.5 12.5 7.5 2.5 2 1 3 1 1
4514.7 -4327.1 -12.5 14 0 6.7 6.7 7.5 2.5 2 1 3 2 2
4501.4 -4310.9 -12.5 203 0 6.7 10.4 5.0 2.5 2 1 2 3 3
4434.1 -4327.5 -13.6 203 0 10.3 9.1 7.5 2.5 2 0 3 0 0
85.8 -3534.1 -17.2 301 0 9.9 12.2 7.5 2.5 4 1 3 1 1
88.8 -3628.1 -16.7 149 0 12.9 7.5 10.0 2.5 2 0 4 1 1
144.7 -3561.5 -16.1 265 0 28.5 41.1 12.5 0.0 0 1 5 0 0
167.5 -3600.3 -15.4 270 0 7.2 23.3 7.5 2.5 2 1 3 4 4
127.8 -3638.7 -15.9 169 0 7.5 6.9 5.0 2.5 2 0 2 0 0
107.5 -3644.1 -16.1 171 0 7.3 11.9 7.5 2.5 2 1 3 1 1
128.8 -3733.5 -17.3 46 0 6.7 7.6 7.5 2.5 2 1 3 3 3
-1064.6 -4334.1 -16.1 45 0 7.3 6.1 7.5 2.5 2 0 3 5 5
-1054.5 -4643.1 -18.4 118 0 6.7 6.1 2.5 2.5 2 0 1 4 4
6866.1 -4049.8 -1.9 146 0 7.8 6.6 5.0 2.5 2 0 2 4 4
6871.4 -3821.1 -5.2 51 0 8.8 20.3 7.5 2.5 2 1 3 0 0
5521.0 -4931.7 -11.7 184 0 8.3 14.6 10.0 2.5 2 1 4 0 0
5992.9 -4487.4 -5.8 184 0 6.4 8.6 10.0 0.0 0 1 4 5 5
5756.7 -4810.3 -8.5 97 0 9.1 7.7 7.5 2.5 2 0 3 1 1
445.0 4284.4 -16.0 107 0 7.7 8.8 7.5 2.5 2 1 3 0 0
379.6 3790.9 -15.0 207 0 8.3 15.5 7.5 2.5 2 1 3 0 0
453.2 4550.8 -15.6 23 0 8.4 8.8 2.5 0.0 0 1 1 0 0
323.2 4374.4 -15.6 206 0 8.9 31.0 7.5 2.5 2 1 3 1 1
-546.6 2816.8 -16.9 123 0 7.2 7.1 7.5 2.5 2 0 3 3 3
570.2 4566.7 -17.2 302 0 8.2 8.2 7.5 2.5 2 0 3 1 1
456.8 5298.5 -16.0 103 0 8.1 8.6 7.5 2.5 2 1 3 2 2
237.3 5341.2 -16.0 210 0 12.5 7.7 10.0 2.5 2 0 4 0 0
-52.1 5364.7 -15.7 31 0 9.1 7.5 7.5 0.0 0 0 3 2 2
1462.6 2794.9 -13.9 190 0 21.5 11.7 7.5 2.5 2 0 3 2 2
1261.5 3172.3 -15.1 291 0 7.7 12.0 2.5 0.0 0 1 1 4 4
3477.4 2983.0 -9.0 352 0 6.7 6.1 5.0 2.5 4 0 2 5 5
1525.8 3390.4 -15.5 109 0 8.5 15.6 2.5 2.5 2 1 1 1 1
3217.8 4450.2 -13.5 273 0 7.4 7.9 10.0 2.5 2 1 4 2 2
3238.9 4483.3 -13.3 93 0 9.2 12.5 5.0 2.5 2 1 2 1 1
3469.4 4525.0 -12.4 20 0 8.5 7.6 2.5 2.5 2 0 1 4 4
3357.6 4281.3 -11.5 353 0 10.2 11.1 5.0 2.5 2 1 2 3 3
3507.2 4040.5 -11.6 89 0 8.7 15.6 2.5 2.5 2 1 1 3 3
3460.6 3909.1 -12.5 263 0 11.0 12.4 10.0 2.5 4 1 4 5 5
1366.1 5025.2 -16.1 158 0 9.4 12.4 10.0 2.5 2 1 4 0 0
2764.9 4614.5 -13.2 105 0 8.5 10.7 5.0 2.5 2 1 2 5 5
3093.6 4779.4 -13.8 162 0 9.4 9.3 7.5 2.5 2 0 3 0 0
3289.4 4602.1 -13.0 192 0 6.7 7.8 7.5 2.5 4 1 3 0 0
3488.4 4655.8 -12.3 14 0 7.2 8.7 5.0 2.5 2 1 2 2 2
-911.1 6652.1 -17.1 92 0 10.3 9.1 7.5 2.5 2 0 3 4 4
-1080.8 -3855.2 -15.4 50 0 11.8 10.9 7.5 2.5 2 0 3 1 1
-1135.0 -3913.7 -14.9 41 0 9.2 7.3 2.5 2.5 2 0 1 3 3
-1187.4 -3986.7 -17.0 229 0 7.5 10.2 5.0 2.5 2 1 2 5 5
-1251.9 -3995.1 -17.3 47 0 10.6 8.7 7.5 0.0 0 0 3 5 5
-1247.2 -4021.2 -17.9 232 0 6.3 6.6 5.0 2.5 2 1 2 2 2
-1171.0 -3974.9 -16.6 224 0 10.9 6.3 7.5 2.5 2 0 3 1 1
4199.4 5900.7 -6.1 175 0 10.7 7.7 5.0 0.0 0 0 2 3 3
4615.3 6710.7 -8.3 4 0 6.9 18.3 7.5 0.0 0 1 3 5 5
4437.3 5919.9 -5.1 265 0 7.7 10.7 5.0 2.5 2 1 2 2 2
4442.7 5869.0 -6.5 355 0 10.7 7.7 5.0 2.5 2 0 2 2 2
4487.5 5948.8 -4.5 103 0 8.8 13.4 5.0 2.5 2 1 2 4 4
4327.2 6076.3 -6.5 85 0 11.5 12.1 5.0 2.5 2 1 2 2 2
4427.5 6125.9 -7.9 355 0 10.7 7.7 5.0 2.5 2 0 2 5 5
4363.1 6209.1 -5.6 85 0 11.7 9.4 5.0 0.0 0 0 2 1 1
4440.1 6294.8 -4.9 359 0 12.4 8.4 10.0 2.5 2 0 4 4 4
4335.7 5925.8 -6.4 264 0 7.5 7.0 7.5 2.5 2 0 3 2 2
4333.1 5892.3 -6.1 181 0 10.2 11.1 5.0 2.5 2 1 2 2 2
4309.1 5866.7 -5.8 180 0 10.4 9.9 2.5 2.5 2 0 1 5 5
4223.9 5795.1 -4.9 272 0 11.7 10.2 7.5 2.5 2 0 3 4 4
4105.2 5812.1 -6.0 265 0 7.7 10.7 5.0 2.5 2 1 2 4 4
4064.4 5865.5 -7.3 190 0 14.2 8.3 2.5 2.5 2 0 1 0 0
4727.1 5028.0 -10.1 358 0 13.7 35.0 14.0 3.5 2 1 4 0 0
4657.9 5059.6 -10.2 358 0 7.5 14.9 14.0 0.0 0 1 4 2 2
4638.7 4941.2 -9.3 5 0 14.4 16.9 14.0 3.5 2 1 4 3 3
4635.3 4845.7 -7.1 178 0 10.7 8.1 14.0 0.0 0 0 4 5 5
4664.1 4872.4 -7.6 358 0 13.2 10.7 14.0 3.5 2 0 4 4 4
4665.8 4770.0 -7.6 1 0 13.6 13.9 14.0 3.5 2 1 4 3 3
4425.4 4688.9 -9.8 4 0 13.8 10.7 10.5 3.5 2 0 3 2 2
4413.8 4668.5 -9.7 359 0 11.6 8.1 10.5 3.5 2 0 3 0 0
4394.1 4726.0 -9.5 179 0 14.0 9.9 10.5 3.5 4 0 3 1 1
4345.0 4585.5 -11.1 89 0 10.4 15.6 14.0 3.5 2 1 4 1 1
4413.0 4602.5 -9.7 267 0 10.5 15.7 10.5 3.5 2 1 3 4 4
4117.1 4593.7 -10.8 41 0 8.6 8.1 2.5 2.5 2 0 1 1 1
4123.4 4755.5 -8.5 126 0 7.7 9.5 5.0 2.5 4 1 2 2 2
3808.5 4614.8 -10.2 100 0 9.0 10.2 7.5 2.5 4 1 3 5 5
3819.0 4663.3 -10.7 13 0 8.5 9.2 2.5 2.5 2 1 1 4 4
3734.1 4600.6 -10.4 7 0 10.2 7.2 5.0 2.5 2 0 2 1 1
3888.6 4805.6 -10.8 122 0 6.9 6.9 7.5 0.0 0 0 3 0 0
4074.8 5033.1 -9.6 222 0 13.3 10.0 5.0 2.5 2 0 2 2 2
4050.8 5042.6 -10.4 32 0 16.5 12.7 7.5 2.5 2 0 3 5 5
4261.0 4985.8 -11.5 202 0 9.4 9.2 10.5 3.5 2 0 3 1 1
4318.2 4931.4 -10.3 39 0 8.2 7.9 10.5 3.5 2 0 3 0 0
4358.6 4729.1 -9.1 358 0 10.0 7.4 14.0 3.5 2 0 4 1 1
3634.3 4733.0 -10.1 14 0 12.9 11.7 10.0 2.5 2 0 4 5 5
3576.7 4551.4 -11.6 87 0 8.1 9.9 7.5 2.5 2 1 3 3 3
3531.8 4831.6 -11.9 14 0 11.2 12.2 7.5 2.5 2 1 3 5 5
3533.4 4907.6 -12.4 104 0 11.2 14.1 7.5 2.5 2 1 3 3 3
4608.6 5111.7 -10.6 180 0 8.3 8.9 14.0 3.5 2 1 4 0 0
4671.8 5154.2 -10.4 179 0 14.9 10.0 14.0 3.5 2 0 4 0 0
4673.2 5214.1 -9.9 185 0 8.1 6.5 14.0 3.5 2 0 4 3 3
-6746.3 -4107.4 -18.9 32 0 6.4 9.0 5.0 2.5 2 1 2 0 0
-6764.2 -4096.8 -19.2 208 0 7.0 9.9 5.0 2.5 2 1 2 2 2
6220.6 -1785.3 -9.8 99 0 7.8 6.5 7.5 2.5 2 0 3 2 2
6241.5 -1575.9 -9.6 78 0 9.2 11.6 5.0 2.5 2 1 2 4 4
6095.2 -1817.8 -8.0 65 0 9.4 10.1 7.5 2.5 2 1 3 3 3
6092.6 -1792.6 -7.6 282 0 6.5 8.7 5.0 2.5 2 1 2 2 2
6184.2 -1935.5 -11.6 75 0 6.0 6.5 7.5 2.5 2 1 3 0 0
6214.7 -2066.4 -9.9 275 0 9.7 9.5 7.5 2.5 2 0 3 0 0
6213.4 -2155.4 -10.3 96 0 8.8 21.7 5.0 2.5 2 1 2 2 2
6151.0 -2153.7 -9.7 262 0 6.8 8.5 2.5 2.5 2 1 1 4 4
6181.2 -2227.1 -10.6 165 0 9.3 9.4 7.5 2.5 2 1 3 3 3
6213.5 -2318.2 -10.7 279 0 7.9 7.6 7.5 2.5 2 0 3 3 3
6060.6 -1953.3 -9.5 82 0 6.8 7.0 7.5 2.5 2 1 3 0 0
6026.4 -1999.5 -9.1 73 0 6.3 7.2 7.5 2.5 2 1 3 3 3
6000.0 -1664.8 -8.6 86 0 8.5 10.8 5.0 2.5 2 1 2 3 3
6404.5 -1848.9 -9.9 166 0 11.8 8.8 7.5 2.5 2 0 3 3 3
6633.1 -2018.7 -9.2 71 0 9.5 12.5 7.5 0.0 0 1 3 0 0
6509.8 -2217.7 -10.3 108 0 9.9 11.4 7.5 2.5 2 1 3 1 1
6459.7 -2069.5 -8.3 76 0 7.6 12.3 7.5 2.5 2 1 3 1 1
6759.4 -1816.6 -10.5 75 0 11.2 13.4 10.0 2.5 2 1 4 3 3
6839.1 -1371.9 -9.5 86 0 10.8 11.8 2.5 2.5 2 1 1 1 1
6840.0 -1480.4 -8.2 11 0 9.1 9.6 7.5 2.5 2 1 3 5 5
6833.1 -2517.1 -8.8 107 0 8.4 12.7 5.0 2.5 2 1 2 3 3
6809.2 -2594.0 -7.1 117 0 11.3 8.5 7.5 2.5 2 0 3 4 4
6681.1 -1382.7 -9.6 273 0 7.6 6.8 7.5 2.5 2 0 3 0 0
6003.4 -1674.7 -8.6 156 0 8.1 7.4 10.0 2.5 2 0 4 5 5
5999.0 -1873.4 -7.4 198 0 7.3 9.5 7.5 2.5 2 1 3 2 2
4694.4 295.4 -10.9 90 0 9.1 10.7 7.5 2.5 4 1 3 0 0
4432.2 1605.3 -7.6 118 0 10.2 13.3 10.0 2.5 2 1 4 4 4
4345.1 1876.7 -8.8 83 0 9.6 9.4 7.5 0.0 0 0 3 2 2
4389.9 1813.3 -9.8 113 0 6.6 9.3 7.5 2.5 2 1 3 0 0
4396.5 1731.6 -9.0 115 0 7.8 8.4 7.5 2.5 2 1 3 4 4
4562.3 1587.1 -6.5 106 0 8.8 12.5 7.5 0.0 0 1 3 2 2
4637.7 1336.7 -9.5 195 0 9.2 14.6 7.5 2.5 2 1 3 2 2
4676.0 1287.1 -9.9 12 0 9.9 11.2 5.0 2.5 2 1 2 4 4
4497.7 1503.7 -6.8 104 0 11.7 20.6 7.5 0.0 0 1 3 1 1
4221.8 1710.4 -8.7 115 0 8.9 13.5 7.5 2.5 2 1 3 0 0
4153.7 1784.3 -7.6 107 0 13.9 15.2 5.0 2.5 2 1 2 2 2
4164.4 1872.4 -6.4 115 0 11.3 17.5 7.5 2.5 2 1 3 5 5
4049.1 1910.3 -4.3 137 0 14.0 10.6 2.5 2.5 2 0 1 4 4
4120.5 1957.1 -6.7 39 0 16.4 14.0 2.5 0.0 0 0 1 3 3
4108.9 2157.2 -9.4 72 0 13.5 15.1 10.0 2.5 2 1 4 3 3
3926.2 2243.2 -7.2 113 0 12.9 17.7 7.5 2.5 2 1 3 5 5
3798.4 2138.4 -8.7 111 0 14.0 10.1 7.5 2.5 2 0 3 5 5
3817.8 2306.3 -6.6 117 0 8.9 15.5 2.5 2.5 4 1 1 0 0
3841.5 2167.0 -8.4 29 0 14.1 13.2 7.5 2.5 2 0 3 0 0
4096.4 2701.1 -7.6 3 0 19.8 12.3 2.5 2.5 2 0 1 4 4
4877.9 5247.8 -7.8 275 0 11.0 11.7 14.0 3.5 4 1 4 3 3
4901.9 5254.1 -7.4 271 0 11.7 14.9 14.0 3.5 2 1 4 5 5
4825.1 5307.8 -9.1 190 0 11.9 9.2 14.0 3.5 2 0 4 5 5
4840.5 5267.4 -8.5 6 0 9.7 8.9 14.0 3.5 2 0 4 2 2
4797.6 5465.4 -8.4 92 0 9.9 13.5 7.5 2.5 2 1 3 4 4
4880.2 5453.2 -7.1 95 0 8.8 9.9 7.5 2.5 2 1 3 3 3
4864.2 2769.6 -7.3 0 0 6.0 8.3 2.5 2.5 2 1 1 3 3
4929.4 2717.2 -8.3 273 0 9.3 12.2 7.5 2.5 2 1 3 4 4
4929.7 2789.5 -8.3 94 0 6.8 6.3 7.5 2.5 2 0 3 5 5
4994.1 2663.2 -7.5 182 0 8.2 6.4 10.0 2.5 2 0 4 4 4
4936.8 2852.9 -7.9 1 0 7.3 6.6 10.0 2.5 2 0 4 4 4
5026.9 2892.5 -5.3 356 0 6.2 8.4 7.5 2.5 4 1 3 2 2
4786.6 2652.3 -7.9 93 0 13.8 18.7 10.0 2.5 2 1 4 1 1
4878.2 2941.4 -7.4 357 0 12.8 8.4 10.0 2.5 2 0 4 3 3
4845.1 3007.3 -6.0 177 0 10.3 8.7 2.5 2.5 2 0 1 3 3
5026.2 3065.4 -5.2 354 0 7.3 6.2 7.5 2.5 2 0 3 5 5
5012.6 2925.3 -5.2 89 0 6.1 7.6 2.5 2.5 2 1 1 1 1
4920.1 2550.8 -7.6 98 0 7.0 8.2 2.5 2.5 2 1 1 1 1
5021.6 2610.1 -7.7 4 0 9.0 7.5 5.0 2.5 2 0 2 0 0
4916.2 2699.5 -8.0 187 0 6.9 7.3 2.5 2.5 2 1 1 2 2
6760.0 2840.4 -2.8 11 0 10.6 8.3 7.5 2.5 2 0 3 5 5
4877.9 5648.7 -5.0 178 0 9.1 6.4 2.5 2.5 2 0 1 2 2
4879.5 5626.7 -5.1 186 0 12.0 8.7 7.5 2.5 2 0 3 0 0
4938.4 5680.5 -6.0 191 0 6.5 12.3 7.5 2.5 2 1 3 1 1
4943.7 5647.2 -5.4 191 0 8.3 6.9 2.5 2.5 2 0 1 4 4
4962.5 5654.2 -6.2 173 0 8.4 10.9 2.5 2.5 2 1 1 2 2
5009.7 5678.5 -6.8 13 0 17.1 15.6 7.5 2.5 2 0 3 2 2
5045.8 5670.8 -6.8 3 0 10.0 9.7 7.5 2.5 2 0 3 4 4
5050.7 5628.9 -6.0 91 0 14.1 10.3 7.5 2.5 2 0 3 3 3
5272.2 5752.2 -4.0 90 0 7.6 9.1 7.5 0.0 0 1 3 0 0
5876.4 5080.1 -4.6 60 0 13.9 8.7 7.5 2.5 2 0 3 4 4
5840.9 5078.1 -4.5 186 0 8.2 6.1 2.5 2.5 2 0 1 2 2
4783.8 2498.8 -8.6 88 0 6.7 7.6 2.5 2.5 2 1 1 2 2
5146.6 2657.1 -6.2 360 0 13.1 10.6 7.5 2.5 2 0 3 2 2
5083.6 2755.4 -6.4 90 0 10.1 13.8 5.0 2.5 2 1 2 5 5
5136.2 2915.3 -7.1 263 0 7.1 6.4 7.5 2.5 4 0 3 2 2
5250.3 2963.8 -4.6 5 0 18.0 13.5 7.5 2.5 2 0 3 5 5
5165.8 3128.1 -4.5 178 0 6.9 7.9 7.5 2.5 2 1 3 4 4
5233.4 3072.6 -4.2 264 0 6.0 6.0 7.5 2.5 2 1 3 0 0
5300.6 3129.2 -3.6 183 0 12.3 14.8 2.5 2.5 2 1 1 0 0
5353.7 3068.8 -2.7 0 0 11.2 16.2 5.0 2.5 2 1 2 2 2
5354.0 3077.6 -3.0 5 0 6.4 6.3 5.0 2.5 2 0 2 4 4
5085.0 3009.0 -5.1 5 0 9.8 7.3 10.0 2.5 2 0 4 5 5
4998.2 3285.5 -6.0 272 0 7.6 12.6 7.5 0.0 0 1 3 2 2
4781.3 3200.6 -5.5 269 0 11.1 14.1 10.0 2.5 2 1 4 2 2
4742.4 3173.3 -5.8 152 0 6.7 7.4 7.5 2.5 2 1 3 1 1
4785.9 3266.6 -5.2 94 0 10.6 11.2 5.0 2.5 2 1 2 3 3
5092.7 3209.6 -6.0 110 0 9.6 9.8 7.5 2.5 2 1 3 3 3
5069.1 3260.5 -6.3 188 0 14.8 14.8 5.0 2.5 2 0 2 0 0
5084.5 3336.5 -6.0 360 0 12.0 10.1 7.5 2.5 2 0 3 3 3
5311.8 3257.4 -4.9 94 0 10.1 14.5 7.5 2.5 2 1 3 0 0
5594.7 2321.2 -7.8 237 0 8.8 10.1 7.5 2.5 2 1 3 3 3
5313.5 2527.9 -6.8 83 0 6.8 6.9 5.0 2.5 4 1 2 0 0
5390.1 3360.0 -6.5 4 0 9.3 8.9 7.5 2.5 2 0 3 2 2
5312.3 3441.0 -5.4 96 0 10.5 14.8 10.0 2.5 2 1 4 3 3
5090.7 3522.0 -4.9 263 0 13.6 12.6 5.0 2.5 4 0 2 5 5
5287.7 5590.1 -3.7 360 0 15.4 19.3 7.5 2.5 2 1 3 4 4
5280.7 5449.8 -6.0 267 0 10.3 10.0 2.5 2.5 4 0 1 1 1
5244.9 5427.8 -5.9 270 0 7.7 10.0 5.0 2.5 2 1 2 3 3
5255.0 5366.2 -7.4 4 0 9.6 12.1 2.5 0.0 0 1 1 0 0
5253.2 5282.0 -7.7 86 0 11.2 10.5 7.5 2.5 2 0 3 4 4
5190.0 5556.4 -4.4 94 0 8.9 9.7 5.0 2.5 2 1 2 0 0
5092.9 5352.9 -8.7 91 0 9.7 12.9 2.5 2.5 2 1 1 2 2
5089.6 5425.6 -8.9 270 0 7.1 6.1 7.5 2.5 2 0 3 4 4
5037.0 5513.8 -5.8 91 0 6.4 6.6 5.0 2.5 2 1 2 4 4
4988.7 5428.1 -7.6 272 0 9.2 12.7 7.5 2.5 2 1 3 2 2
4884.0 5493.0 -6.4 360 0 14.9 9.5 7.5 2.5 2 0 3 0 0
4910.5 5580.7 -4.6 6 0 13.7 9.6 2.5 2.5 2 0 1 3 3
4863.8 5547.8 -5.3 190 0 9.4 10.7 10.0 2.5 2 1 4 1 1
4858.6 5395.7 -8.2 90 0 7.6 11.0 5.0 2.5 2 1 2 2 2
4832.0 5418.4 -9.3 275 0 9.9 12.2 7.5 2.5 2 1 3 2 2
4747.4 5456.2 -8.0 104 0 8.4 9.1 7.5 2.5 2 1 3 2 2
4727.4 5455.0 -7.6 99 0 6.5 6.6 7.5 0.0 0 1 3 3 3
4774.4 5158.8 -9.9 87 0 10.2 11.1 14.0 3.5 2 1 4 1 1
6796.6 2967.0 -3.9 14 0 10.3 9.5 2.5 2.5 2 0 1 1 1
6779.1 3030.6 -4.7 277 0 11.0 12.4 7.5 2.5 2 1 3 5 5
6738.9 2922.1 -3.7 98 0 8.7 11.2 5.0 2.5 2 1 2 1 1
6655.7 2842.8 -3.1 26 0 7.2 12.2 7.5 0.0 0 1 3 1 1
6608.3 2828.0 -2.8 98 0 7.6 8.8 2.5 2.5 2 1 1 4 4
6618.8 2930.4 -3.4 284 0 10.2 10.7 10.0 2.5 2 1 4 5 5
6625.7 2829.3 -2.9 96 0 7.5 6.5 7.5 0.0 0 0 3 0 0
6448.8 2961.4 -4.1 245 0 9.6 12.1 10.0 2.5 2 1 4 1 1
6511.0 2879.7 -4.3 69 0 7.6 9.0 7.5 2.5 2 1 3 0 0
6384.9 2873.9 -5.3 184 0 13.3 10.0 7.5 0.0 0 0 3 5 5
6403.2 2870.6 -5.1 84 0 7.2 6.2 7.5 2.5 4 0 3 0 0
4905.1 5184.9 -7.7 86 0 7.0 14.0 14.0 3.5 2 1 4 1 1
4930.3 5202.1 -7.7 89 0 10.5 9.2 14.0 0.0 0 0 4 5 5
4929.8 5246.5 -7.5 275 0 7.5 10.5 14.0 3.5 2 1 4 4 4
4961.5 5198.9 -7.9 1 0 11.2 9.1 14.0 3.5 2 0 4 3 3
4980.3 5166.5 -8.6 176 0 13.0 7.5 10.5 0.0 0 0 3 4 4
4996.8 5237.1 -8.7 267 0 6.3 6.7 10.5 3.5 2 1 3 2 2
5263.6 5202.1 -3.4 3 0 14.6 9.8 10.0 2.5 2 0 4 0 0
6367.2 4710.5 0.1 13 0 7.6 8.9 5.0 2.5 2 1 2 4 4
6283.7 4665.2 -2.2 183 0 6.0 9.7 7.5 2.5 4 1 3 5 5
6680.7 4780.8 4.2 7 0 8.2 12.7 2.5 2.5 2 1 1 1 1
6491.9 4635.9 -0.7 6 0 10.1 9.3 5.0 2.5 4 0 2 0 0
6679.0 4652.9 4.2 178 0 11.2 12.6 7.5 2.5 2 1 3 5 5
6779.4 4804.0 4.8 98 0 10.9 13.4 7.5 0.0 0 1 3 2 2
6868.0 4908.6 3.9 186 0 8.3 9.1 2.5 2.5 2 1 1 2 2
6837.6 5077.1 2.2 24 0 13.8 9.0 10.0 2.5 2 0 4 0 0
6748.6 5026.3 0.8 283 0 7.7 13.6 7.5 2.5 2 1 3 5 5
6700.4 4837.2 4.6 110 0 12.5 15.8 10.0 2.5 2 1 4 2 2
6716.4 4832.6 4.9 109 0 6.2 14.3 7.5 2.5 2 1 3 4 4
6733.2 4880.7 4.3 13 0 15.8 9.2 10.0 2.5 2 0 4 5 5
6636.1 4873.1 3.5 14 0 20.8 9.7 7.5 2.5 2 0 3 0 0
6599.2 4868.4 3.0 103 0 7.5 22.2 2.5 2.5 2 1 1 4 4
6574.6 4895.1 2.6 190 0 15.5 9.1 7.5 2.5 2 0 3 1 1
6582.0 4928.0 2.3 281 0 6.9 17.0 7.5 2.5 2 1 3 2 2
6592.6 4926.5 2.5 277 0 9.9 16.3 7.5 2.5 2 1 3 0 0
6631.4 4914.2 3.2 2 0 20.1 7.9 7.5 0.0 0 0 3 0 0
6426.4 4755.0 1.2 19 0 9.7 11.3 2.5 2.5 4 1 1 4 4
6407.4 4569.9 -2.3 90 0 8.9 10.8 7.5 2.5 2 1 3 3 3
6279.8 5645.6 -2.7 9 0 8.9 10.9 7.5 2.5 2 1 3 0 0
6224.2 5727.5 -0.4 355 0 8.6 13.3 5.0 0.0 0 1 2 4 4
6532.0 5663.3 -1.5 36 0 8.0 7.4 5.0 2.5 2 0 2 0 0
6874.9 4625.8 5.8 2 0 11.9 7.8 5.0 2.5 2 0 2 1 1
6826.8 5317.0 -3.1 219 0 11.7 7.9 7.5 2.5 2 0 3 1 1
6032.1 6347.1 2.0 98 0 10.8 11.0 2.5 2.5 2 1 1 2 2
5975.1 6228.3 0.8 0 0 9.6 10.0 7.5 2.5 2 1 3 4 4
5976.3 6189.8 1.4 354 0 9.3 15.9 7.5 2.5 4 1 3 2 2
6013.8 5789.4 2.1 184 0 14.5 8.1 10.0 2.5 2 0 4 5 5
6487.3 5839.3 3.0 28 0 7.7 13.2 5.0 2.5 2 1 2 3 3
6432.8 5816.8 2.3 110 0 11.1 12.9 7.5 2.5 2 1 3 0 0
6497.1 6156.3 7.3 90 0 8.2 8.7 7.5 2.5 2 1 3 5 5
6484.7 6085.5 7.8 22 0 10.9 7.4 5.0 2.5 2 0 2 3 3
6150.8 6134.3 4.3 88 0 6.9 7.7 5.0 2.5 2 1 2 2 2
6053.9 6225.8 1.5 100 0 8.8 14.6 7.5 2.5 2 1 3 1 1
6166.1 6205.0 3.4 88 0 7.9 12.9 5.0 2.5 2 1 2 0 0
6233.6 6192.8 4.9 91 0 9.1 12.0 7.5 2.5 2 1 3 2 2
6340.5 6214.4 5.8 87 0 6.1 8.9 5.0 0.0 0 1 2 4 4
6335.6 6263.8 5.8 172 0 7.1 10.6 7.5 2.5 4 1 3 2 2
6415.2 6234.4 8.6 85 0 8.2 10.9 7.5 2.5 2 1 3 2 2
6817.3 6801.6 3.5 358 0 8.4 9.5 7.5 2.5 2 1 3 3 3
6610.2 6847.0 0.1 234 0 6.8 6.4 5.0 2.5 2 0 2 5 5
6548.6 6836.8 -0.9 234 0 8.0 10.0 5.0 2.5 2 1 2 2 2
6530.9 6863.3 -2.1 19 0 7.9 14.1 7.5 2.5 2 1 3 3 3
6718.7 6864.1 -0.9 167 0 10.7 8.1 5.0 2.5 2 0 2 2 2
6855.2 6697.4 4.9 180 0 9.4 7.9 2.5 2.5 2 0 1 4 4
6869.4 6615.6 7.7 0 0 8.8 6.4 7.5 2.5 2 0 3 0 0
6815.2 6765.4 3.8 359 0 7.2 8.2 10.0 0.0 0 1 4 1 1
6823.7 6700.8 4.3 1 0 7.2 8.2 5.0 2.5 2 1 2 2 2
6899.3 6524.1 9.0 91 0 7.2 9.9 7.5 2.5 2 1 3 0 0
6911.9 6489.5 9.4 90 0 7.9 8.0 10.0 2.5 2 1 4 2 2
6828.1 6449.6 9.6 271 0 8.1 12.2 7.5 2.5 2 1 3 1 1
6758.1 6380.8 9.9 182 0 7.8 7.2 2.5 2.5 2 0 1 4 4
6681.0 6618.7 5.1 75 0 7.9 8.6 7.5 0.0 0 1 3 0 0
6582.3 6638.1 3.2 174 0 9.0 8.1 7.5 2.5 2 0 3 0 0
5274.3 6781.9 -2.3 179 0 11.5 7.2 5.0 0.0 0 0 2 4 4
5223.2 6836.1 -1.9 258 0 8.7 10.0 7.5 2.5 2 1 3 1 1
5215.6 6454.5 -2.1 2 0 7.1 11.1 7.5 2.5 2 1 3 2 2
5259.3 6409.3 -3.6 92 0 10.0 10.5 7.5 2.5 2 1 3 4 4
5243.4 6569.8 -1.9 178 0 8.2 10.8 2.5 2.5 2 1 1 5 5
5272.9 6546.4 -2.4 2 0 9.1 7.0 2.5 2.5 2 0 1 5 5
5164.9 6463.8 -2.4 182 0 12.1 10.5 7.5 2.5 2 0 3 4 4
5129.8 6852.2 -2.1 260 0 10.7 13.2 5.0 2.5 2 1 2 4 4
5368.5 3720.8 -4.3 181 0 15.3 8.5 2.5 2.5 4 0 1 5 5
5334.4 3874.5 -4.6 357 0 11.8 16.9 14.0 3.5 2 1 4 2 2
5295.3 4048.9 -9.0 88 0 11.1 15.5 10.5 3.5 2 1 3 1 1
5329.6 4084.3 -8.4 1 0 10.5 11.0 10.5 3.5 2 1 3 3 3
5302.1 4118.4 -8.2 270 0 8.3 12.0 10.5 3.5 2 1 3 4 4
5312.5 4266.9 -6.3 356 0 7.4 7.3 10.5 3.5 2 0 3 0 0
5335.3 4300.8 -6.9 179 0 7.5 7.2 14.0 3.5 2 0 4 5 5
5279.5 4439.5 -9.3 95 0 10.5 11.7 10.5 3.5 2 1 3 5 5
5316.6 4460.2 -8.9 3 0 6.7 6.4 10.5 3.5 2 0 3 1 1
5124.2 4466.6 -9.2 85 0 7.1 7.2 7.5 2.5 2 1 3 3 3
5062.5 4359.7 -6.2 88 0 7.2 9.8 14.0 3.5 2 1 4 5 5
5050.5 4524.5 -8.6 352 0 6.5 6.4 14.0 3.5 2 0 4 0 0
5032.1 4453.0 -7.4 88 0 7.9 8.7 14.0 3.5 2 1 4 0 0
4962.4 4438.4 -6.2 181 0 14.4 9.7 14.0 3.5 2 0 4 1 1
4973.2 4370.9 -4.1 180 0 6.5 6.9 14.0 3.5 2 1 4 4 4
4926.8 4334.0 -4.4 90 0 8.9 10.8 14.0 0.0 0 1 4 4 4
4928.8 4535.7 -8.0 180 0 8.4 6.9 14.0 3.5 2 0 4 4 4
4885.7 4378.8 -3.6 267 0 6.9 7.1 14.0 3.5 2 1 4 5 5
4816.4 4329.3 -5.7 88 0 10.3 16.3 14.0 3.5 2 1 4 4 4
4716.9 4409.2 -5.6 173 0 11.1 9.0 14.0 3.5 2 0 4 5 5
4734.1 4440.5 -6.1 265 0 11.2 11.8 14.0 3.5 2 1 4 3 3
4744.1 4313.5 -6.0 81 0 8.4 13.2 14.0 3.5 4 1 4 4 4
4747.6 4264.2 -7.6 357 0 14.4 10.1 14.0 3.5 2 0 4 5 5
4738.7 4158.3 -8.6 178 0 14.1 12.9 14.0 3.5 2 0 4 0 0
4766.8 4108.0 -8.1 0 0 11.4 10.1 14.0 3.5 2 0 4 4 4
4760.5 4001.3 -9.2 90 0 9.4 8.5 14.0 0.0 0 0 4 0 0
4997.0 4026.6 -7.4 88 0 12.6 13.0 10.5 3.5 2 1 3 4 4
4979.4 4087.1 -7.6 182 0 13.9 10.7 10.5 3.5 2 0 3 3 3
4985.6 4117.9 -7.0 172 0 10.2 9.4 10.5 3.5 2 0 3 5 5
5007.2 4165.6 -6.5 355 0 13.8 9.6 10.5 3.5 2 0 3 4 4
4990.3 4195.3 -6.2 356 0 9.6 9.5 10.5 3.5 2 0 3 4 4
4982.8 4204.9 -6.1 353 0 8.6 9.9 10.5 0.0 0 1 3 3 3
4986.6 4268.1 -4.7 354 0 10.1 6.3 10.5 3.5 2 0 3 2 2
5078.4 4127.1 -6.3 3 0 12.7 11.3 14.0 3.5 4 0 4 2 2
5158.0 4018.6 -9.7 90 0 8.9 8.8 14.0 3.5 2 0 4 1 1
5089.6 3690.1 -4.3 359 0 10.2 9.6 14.0 3.5 2 0 4 4 4
5061.1 3711.0 -3.8 182 0 7.9 6.2 14.0 0.0 0 0 4 2 2
5070.8 3767.0 -4.4 180 0 11.8 15.3 14.0 3.5 2 1 4 1 1
5110.8 3791.4 -4.6 1 0 14.0 11.2 14.0 3.5 2 0 4 2 2
5081.3 3848.5 -7.4 180 0 9.0 8.1 14.0 3.5 2 0 4 1 1
5074.5 3941.3 -5.8 269 0 8.8 12.0 14.0 3.5 2 1 4 2 2
5616.1 6735.0 -2.6 80 0 9.2 16.7 5.0 2.5 2 1 2 1 1
5578.4 6693.9 -3.5 67 0 7.5 9.5 10.0 2.5 2 1 4 3 3
5602.5 6706.0 -3.5 42 0 6.3 9.8 2.5 0.0 0 1 1 2 2
5576.6 6818.6 -0.9 256 0 21.4 27.1 10.0 2.5 2 1 4 5 5
5497.7 6790.7 -1.3 176 0 6.5 24.0 12.5 0.0 0 1 5 0 0
5560.3 6684.1 -3.6 68 0 20.2 40.3 15.0 2.5 2 1 6 5 5
5518.1 6607.6 -4.0 184 0 6.9 11.4 10.0 2.5 2 1 4 1 1
5410.8 6415.0 -5.6 177 0 13.0 13.5 5.0 2.5 2 1 2 3 3
5376.3 6667.9 -3.0 6 0 11.0 8.7 5.0 2.5 2 0 2 5 5
5368.4 6540.5 -3.4 92 0 11.5 7.7 7.5 2.5 4 0 3 3 3
5221.5 6657.2 -1.8 7 0 9.3 12.6 5.0 2.5 2 1 2 2 2
5199.0 6699.0 -2.2 268 0 9.9 6.9 2.5 2.5 2 0 1 0 0
5185.5 6416.0 -2.0 94 0 10.0 15.1 2.5 2.5 2 1 1 2 2
4992.7 6457.7 -2.4 3 0 10.8 15.4 7.5 2.5 2 1 3 4 4
5065.1 6611.8 -3.8 3 0 15.9 13.1 2.5 2.5 2 0 1 4 4
5093.1 6692.3 -3.7 359 0 9.6 6.5 7.5 2.5 4 0 3 0 0
5056.5 6688.1 -3.8 87 0 14.7 18.0 7.5 2.5 2 1 3 2 2
4873.7 6634.7 -3.5 8 0 11.8 17.0 7.5 2.5 2 1 3 5 5
-668.0 -2531.9 -14.4 268 0 6.7 10.7 10.0 2.5 2 1 4 3 3
