-4760.0 -3868.9 -0.5 85 0 7.3 16.5 7.5 2.5 2 0 3 1 1
-4627.8 -3201.8 -11.0 178 0 23.7 14.6 7.5 2.5 2 0 3 4 4
-4548.9 -3171.0 -11.7 359 0 38.7 20.6 12.5 0.0 0 0 5 0 0
-4650.3 -3159.1 -11.9 351 0 11.2 19.1 5.0 2.5 2 1 2 1 1
-4699.1 -3155.9 -11.8 258 0 8.7 15.1 7.5 2.5 2 1 3 1 1
-4714.0 -3172.7 -11.7 89 0 6.3 11.1 2.5 2.5 2 1 1 2 2
-4722.7 -3103.3 -12.4 269 0 14.1 15.6 2.5 0.0 0 1 1 3 3
-2168.3 -1663.4 -7.8 172 0 12.4 36.1 10.0 2.5 2 1 4 3 3
-2008.5 -1565.9 -7.4 89 0 12.9 13.9 12.5 2.5 2 1 5 4 4
-2043.5 -1558.1 -7.4 176 0 12.9 15.5 7.5 2.5 2 1 3 4 4
-4906.5 -3101.0 -12.1 180 0 9.4 23.4 10.0 0.0 0 1 4 1 1
-4456.6 -3079.1 -16.1 6 0 23.7 12.9 7.5 2.5 2 0 3 3 3
-2363.3 -3319.4 -10.6 358 0 33.8 9.2 7.5 2.5 2 0 3 1 1
-2365.2 -3285.3 -10.4 360 0 19.2 15.0 10.0 2.5 2 0 4 0 0
-2410.3 -3281.0 -10.6 174 0 8.1 20.5 7.5 0.0 0 1 3 2 2
822.4 -3210.6 -2.8 15 0 35.7 11.1 14.0 3.5 2 0 4 3 3
813.3 -3248.9 -2.8 10 0 8.5 20.8 14.0 3.5 2 1 4 1 1
759.8 -3239.3 -3.2 192 0 9.1 31.6 14.0 3.5 2 1 4 5 5
825.9 -3183.0 -2.8 11 0 7.6 20.3 14.0 3.5 2 1 4 2 2
792.5 -3174.3 -3.0 273 0 23.3 6.2 14.0 3.5 2 0 4 4 4
-6518.0 2966.5 -19.1 269 0 11.3 47.2 14.0 3.5 2 1 4 5 5
-5920.5 -4824.1 -8.1 267 0 12.3 39.4 10.0 2.5 2 1 4 0 0
-5943.7 -4864.0 -7.7 90 0 9.2 19.6 5.0 2.5 2 1 2 1 1
-5979.1 -4845.9 -7.7 267 0 9.8 19.6 7.5 2.5 2 1 3 3 3
-5447.0 -3984.4 -3.7 7 0 11.2 11.6 10.0 2.5 2 1 4 0 0
-5445.6 -3953.4 -3.9 4 0 9.2 11.6 7.5 2.5 4 1 3 5 5
-5439.8 -3925.4 -3.3 358 0 8.7 10.4 7.5 2.5 2 1 3 0 0
-2120.6 -1623.0 -7.7 352 0 22.1 10.5 5.0 2.5 2 0 2 1 1
-4566.4 -3100.1 -13.5 181 0 6.6 20.0 7.5 0.0 0 1 3 0 0
-4577.1 -3063.9 -14.4 177 0 7.9 23.7 5.0 2.5 2 1 2 3 3
-4577.7 -3045.7 -15.0 178 0 9.1 23.7 5.0 2.5 2 1 2 1 1
-4504.4 -3039.3 -16.3 359 0 14.1 30.7 12.5 2.5 2 1 5 2 2
-4508.5 -2999.3 -17.3 267 0 13.5 22.3 10.0 0.0 0 1 4 0 0
-4549.1 -3055.9 -15.0 173 0 18.8 7.1 7.5 2.5 2 0 3 3 3
-6112.0 -3345.6 -17.9 269 0 7.8 8.9 10.5 3.5 2 0 3 5 5
-6368.9 -3352.2 -16.9 272 0 11.1 10.0 14.0 3.5 2 0 4 4 4
-6135.1 -3334.7 -18.1 271 0 7.6 9.5 10.5 3.5 2 0 3 3 3
-6313.4 -3202.5 -18.0 186 0 12.5 9.3 14.0 3.5 2 0 4 2 2
-6215.0 -3338.8 -18.4 188 0 10.7 6.8 10.5 3.5 2 0 3 2 2
-6161.5 -3366.0 -17.9 355 0 6.8 7.2 10.5 3.5 2 0 3 0 0
-6291.2 -3319.8 -18.4 177 0 13.9 9.4 14.0 0.0 0 0 4 4 4
-6134.0 -3378.9 -17.6 184 0 12.3 8.7 10.5 3.5 2 0 3 0 0
-6122.1 -3230.6 -18.2 1 0 8.4 6.1 10.5 3.5 2 0 3 2 2
-6262.5 -3344.0 -18.3 359 0 11.4 9.5 14.0 0.0 0 0 4 3 3
-6348.3 -3198.1 -18.0 1 0 6.9 9.2 14.0 3.5 2 1 4 1 1
-6182.5 -3281.5 -18.3 4 0 11.1 7.9 10.5 3.5 2 0 3 1 1
-6374.3 -3385.5 -16.0 193 0 8.7 7.8 14.0 3.5 2 0 4 3 3
-6119.9 -3195.5 -17.9 357 0 14.5 10.4 10.5 3.5 2 0 3 4 4
-6337.2 -3257.7 -18.2 0 0 10.5 9.8 14.0 3.5 2 0 4 3 3
-6345.7 -3288.1 -18.2 357 0 11.2 8.9 14.0 3.5 2 0 4 4 4
-6389.1 -3267.6 -18.2 259 0 11.8 8.0 14.0 3.5 2 0 4 2 2
-6224.5 -3323.4 -18.6 5 0 9.5 9.1 14.0 3.5 2 0 4 0 0
-6100.2 -3227.0 -18.6 181 0 10.9 8.0 10.5 3.5 2 0 3 3 3
-6226.5 -3298.0 -18.7 356 0 7.4 7.6 14.0 3.5 2 1 4 2 2
-6201.3 -3361.4 -18.2 186 0 12.8 8.5 10.5 3.5 2 0 3 2 2
-6210.9 -3390.6 -18.1 201 0 9.9 10.7 10.5 3.5 2 0 3 0 0
-6244.9 -3109.6 -17.5 87 0 8.6 9.9 10.0 2.5 4 1 4 0 0
-6092.5 -3186.4 -18.2 270 0 7.0 6.6 10.5 3.5 2 0 3 5 5
-6231.2 -3371.9 -18.6 6 0 8.7 15.2 14.0 3.5 2 1 4 3 3
-6227.2 -3340.1 -18.5 0 0 9.4 10.0 14.0 3.5 2 1 4 5 5
-6230.7 -3261.4 -18.5 0 0 11.1 11.0 14.0 3.5 2 0 4 3 3
-6198.3 -3311.4 -18.6 92 0 8.9 11.6 10.5 3.5 2 0 3 1 1
-6810.8 2192.5 -19.1 350 0 28.9 12.5 14.0 3.5 2 0 4 2 2
-6504.4 2862.6 -19.4 356 0 22.3 19.0 14.0 3.5 2 0 4 1 1
-6790.7 2262.2 -18.9 13 0 45.6 31.5 14.0 3.5 4 0 4 3 3
-6727.4 2176.0 -18.9 121 0 6.8 30.9 14.0 0.0 0 1 4 1 1
-6767.4 2322.9 -18.7 7 0 18.2 10.1 14.0 0.0 0 0 4 4 4
-5457.7 2133.8 -19.6 189 0 14.9 39.5 15.0 0.0 0 1 6 2 2
-5379.2 3233.6 -19.0 45 0 32.9 146.4 12.5 0.0 0 1 5 4 4
-2119.1 -4021.1 -0.7 36 0 8.0 9.4 7.5 2.5 2 1 3 4 4
-2457.4 -3894.6 -7.3 353 0 14.3 10.0 7.5 2.5 2 0 3 3 3
-2561.8 -3820.6 -5.5 90 0 26.3 20.6 10.0 2.5 2 0 4 4 4
-2697.0 -5330.4 -6.7 16 0 10.4 9.0 7.5 2.5 2 0 3 3 3
-2004.1 -3933.5 0.8 102 0 11.6 10.9 5.0 2.5 2 0 2 0 0
-2852.9 -4851.7 -3.0 84 0 11.8 14.8 7.5 2.5 2 1 3 5 5
-2239.1 -3838.7 -5.5 352 0 8.3 7.0 7.5 2.5 2 0 3 0 0
-2550.6 -3758.1 -6.4 270 0 8.8 17.1 7.5 2.5 2 1 3 5 5
-3124.7 -4016.7 -10.5 201 0 8.6 11.3 2.5 2.5 2 1 1 1 1
-2412.3 -5443.1 -11.1 90 0 8.8 7.1 7.5 2.5 2 0 3 0 0
-2148.5 -3894.7 -1.7 8 0 6.5 7.9 10.0 2.5 2 1 4 1 1
-2593.3 -5159.5 -6.6 192 0 7.5 8.4 7.5 2.5 2 1 3 0 0
-2583.8 -3869.1 -4.7 171 0 7.7 12.7 10.0 2.5 4 1 4 0 0
-2833.4 -4927.8 -3.4 194 0 9.7 10.5 7.5 2.5 2 1 3 0 0
-2448.1 -5082.0 -8.0 184 0 6.0 8.2 10.0 2.5 2 1 4 4 4
-2130.7 -4060.7 -2.1 206 0 11.1 10.5 7.5 2.5 2 0 3 2 2
-2631.0 -4881.1 -7.1 90 0 9.4 7.7 7.5 2.5 2 0 3 1 1
-2078.8 -4076.1 -1.8 32 0 8.5 11.1 7.5 2.5 2 1 3 0 0
-3265.8 -5035.1 0.9 9 0 8.2 6.6 5.0 2.5 4 0 2 4 4
-3034.0 -4117.7 -8.8 19 0 9.1 10.6 7.5 2.5 2 1 3 0 0
-2540.1 -3863.5 -6.0 272 0 15.8 13.1 2.5 2.5 2 0 1 2 2
-3158.5 -4869.7 3.1 99 0 13.0 12.7 5.0 2.5 2 0 2 1 1
-2016.3 -4052.8 -0.9 122 0 10.4 11.1 2.5 2.5 4 1 1 4 4
-2448.3 -5018.1 -8.3 49 0 6.2 6.2 7.5 2.5 2 1 3 5 5
-2540.8 -4968.4 -8.2 353 0 15.8 7.1 5.0 2.5 2 0 2 5 5
-2921.6 -4970.0 -1.8 250 0 11.4 6.1 7.5 2.5 2 0 3 3 3
-2805.3 -4978.5 -3.7 85 0 10.0 7.1 5.0 2.5 2 0 2 3 3
-3071.0 -4150.3 -8.8 11 0 9.6 16.3 7.5 2.5 2 1 3 3 3
-2088.8 -3984.2 -0.3 51 0 11.6 7.5 2.5 2.5 2 0 1 0 0
-3147.3 -4946.4 1.6 104 0 10.7 6.3 7.5 2.5 2 0 3 1 1
-1951.1 -3928.6 1.3 307 0 8.8 11.8 7.5 2.5 2 1 3 5 5
-2729.4 -5177.1 -5.0 111 0 7.2 6.2 10.0 2.5 2 0 4 5 5
-3042.9 -4469.5 -3.9 87 0 10.0 8.8 5.0 2.5 2 0 2 2 2
-2994.4 -4975.5 -0.5 276 0 11.8 13.5 10.0 0.0 0 1 4 3 3
-2909.2 -4998.7 -1.9 9 0 7.1 9.4 5.0 2.5 2 1 2 1 1
-2151.0 -3990.9 -1.3 223 0 10.4 12.4 7.5 2.5 2 1 3 1 1
-3212.4 -4907.8 2.1 9 0 7.6 6.5 2.5 2.5 2 0 1 1 1
-2185.4 -4049.4 -2.7 125 0 9.1 12.2 2.5 2.5 2 1 1 2 2
-2541.1 -3897.7 -5.7 183 0 12.0 11.1 5.0 0.0 0 0 2 5 5
-2757.5 -5291.0 -5.7 191 0 6.0 8.4 7.5 2.5 2 1 3 2 2
-2448.3 -4218.7 -5.9 334 0 11.9 11.1 7.5 2.5 2 0 3 5 5
-3126.8 -4946.0 1.7 70 0 7.3 6.7 5.0 2.5 2 0 2 4 4
-1942.5 -3960.1 0.7 137 0 11.2 10.4 7.5 2.5 2 0 3 2 2
-2153.6 -4061.5 -2.6 37 0 11.8 7.5 5.0 2.5 2 0 2 5 5
-2946.1 -4716.2 -1.1 166 0 10.7 7.2 7.5 2.5 2 0 3 0 0
-3162.2 -4482.5 -2.0 75 0 7.8 14.0 2.5 2.5 2 1 1 0 0
-2989.1 -5169.9 -3.4 190 0 8.4 9.0 7.5 2.5 2 1 3 1 1
-2680.6 -4527.7 -7.8 2 0 28.4 9.4 7.5 0.0 0 0 3 4 4
-2102.3 -4031.6 -0.7 220 0 9.2 11.7 10.0 2.5 2 1 4 5 5
-3021.2 -4842.8 0.5 118 0 7.3 7.6 5.0 2.5 2 1 2 4 4
-2100.2 -3932.8 -0.5 225 0 11.1 11.6 7.5 2.5 2 1 3 3 3
-2673.7 -5515.6 -8.2 275 0 13.5 23.6 7.5 2.5 2 1 3 5 5
-2937.3 -5169.2 -3.6 98 0 6.9 9.2 5.0 2.5 4 1 2 2 2
-2909.9 -4805.1 -2.0 177 0 8.3 10.6 7.5 2.5 2 1 3 5 5
-1942.2 -4000.1 -0.7 305 0 12.7 9.3 10.0 2.5 2 0 4 1 1
-2718.6 -5567.8 -9.8 92 0 48.9 37.7 12.5 0.0 0 0 5 1 1
-3143.2 -3964.0 -10.8 200 0 7.7 8.7 10.0 2.5 2 1 4 2 2
-2912.8 -4850.8 -1.8 171 0 10.1 7.7 7.5 2.5 2 0 3 5 5
-2670.5 -5466.9 -6.8 5 0 18.4 29.5 12.5 2.5 2 1 5 0 0
-2551.9 -4171.6 -5.9 285 0 7.2 9.0 5.0 2.5 4 1 2 1 1
-2454.5 -3932.6 -7.0 4 0 8.8 15.3 7.5 2.5 2 1 3 1 1
-1965.4 -4042.3 -1.4 35 0 9.3 12.3 5.0 2.5 2 1 2 2 2
-2768.8 -4635.0 -5.4 93 0 13.3 11.8 7.5 2.5 2 0 3 3 3
-2601.9 -3767.8 -6.3 180 0 8.8 23.4 2.5 2.5 2 1 1 1 1
-2719.4 -5297.2 -6.7 283 0 13.2 10.9 5.0 2.5 2 0 2 0 0
-1949.9 -4022.8 -1.1 35 0 12.2 12.4 7.5 2.5 4 1 3 5 5
-2847.2 -4599.7 -5.3 181 0 49.0 32.2 15.0 0.0 0 0 6 3 3
-2648.9 -4651.8 -7.1 355 0 7.3 7.3 5.0 2.5 2 1 2 3 3
-2465.6 -5162.1 -8.4 25 0 12.5 8.4 7.5 0.0 0 0 3 2 2
-2522.0 -3818.2 -5.6 82 0 8.9 23.1 7.5 2.5 2 1 3 0 0
-3024.3 -4018.4 -10.2 285 0 9.1 10.9 7.5 2.5 2 1 3 1 1
-2566.7 -3761.7 -6.3 270 0 23.4 13.6 10.0 2.5 2 0 4 2 2
-2686.9 -4961.0 -3.9 90 0 7.3 7.4 7.5 2.5 2 1 3 0 0
-2067.0 -4056.9 -1.1 26 0 12.9 9.2 7.5 2.5 4 0 3 1 1
-3025.1 -4077.8 -9.9 12 0 10.8 11.4 5.0 2.5 2 1 2 5 5
-1985.9 -4067.9 -1.8 37 0 8.7 11.7 5.0 2.5 4 1 2 0 0
-2464.7 -3977.1 -6.3 90 0 8.2 11.8 7.5 0.0 0 1 3 4 4
-2627.5 -4999.2 -5.7 100 0 22.7 10.2 2.5 2.5 4 0 1 2 2
-2110.6 -4101.9 -2.9 111 0 8.2 9.0 7.5 2.5 2 1 3 3 3
-2979.5 -4965.4 -0.7 282 0 13.0 12.4 2.5 2.5 2 0 1 4 4
-2768.6 -4928.8 -4.5 279 0 10.8 7.8 5.0 2.5 2 0 2 0 0
-2094.4 -4093.1 -2.5 41 0 8.8 11.7 7.5 2.5 2 1 3 3 3
-3022.6 -4253.7 -7.2 6 0 12.5 10.6 10.0 2.5 2 0 4 1 1
-2104.2 -3952.2 -0.5 125 0 9.3 11.9 5.0 2.5 2 1 2 3 3
-2830.0 -5133.2 -3.5 275 0 10.2 7.1 10.0 2.5 4 0 4 0 0
-2967.1 -4955.4 -0.9 90 0 9.4 11.8 2.5 2.5 2 1 1 0 0
-2654.3 -5021.5 -3.6 262 0 6.5 8.9 7.5 2.5 2 1 3 0 0
-3075.9 -4966.3 1.4 284 0 7.6 6.7 5.0 2.5 2 0 2 4 4
-2169.5 -4025.9 -1.8 227 0 10.4 9.1 7.5 2.5 2 0 3 5 5
-3362.7 -4959.7 2.9 99 0 10.3 14.7 5.0 2.5 2 1 2 2 2
-2006.2 -3873.1 0.7 296 0 13.1 10.3 10.0 2.5 2 0 4 1 1
-2798.1 -5459.3 -7.3 267 0 12.3 17.6 5.0 2.5 2 1 2 4 4
-1990.2 -3999.9 0.1 215 0 9.3 12.4 7.5 2.5 2 1 3 4 4
-2440.3 -4143.6 -5.0 2 0 10.6 9.1 7.5 0.0 0 0 3 1 1
-1967.5 -3922.5 1.1 301 0 11.2 10.3 7.5 2.5 2 0 3 1 1
-2131.9 -4035.2 -1.2 36 0 8.0 10.8 7.5 2.5 4 1 3 0 0
-2563.4 -4979.8 -7.7 176 0 8.9 8.2 5.0 2.5 4 0 2 0 0
-3019.1 -5170.3 -3.0 15 0 7.9 7.5 2.5 2.5 2 0 1 2 2
-3199.1 -4857.2 3.2 284 0 6.7 7.4 7.5 0.0 0 1 3 5 5
-2608.7 -5284.3 -7.4 198 0 8.0 8.9 5.0 2.5 4 1 2 2 2
-2160.1 -4009.5 -1.5 227 0 13.7 9.9 5.0 2.5 2 0 2 3 3
-1974.2 -4050.6 -1.4 54 0 15.1 11.6 7.5 2.5 2 0 3 3 3
-2709.2 -4618.6 -6.7 92 0 15.8 7.1 7.5 2.5 4 0 3 5 5
-2789.4 -4825.4 -4.5 103 0 7.8 12.1 10.0 2.5 2 1 4 2 2
-3105.8 -3977.0 -10.6 292 0 7.6 13.8 5.0 2.5 2 1 2 4 4
-3121.0 -5211.6 -4.2 250 0 8.7 6.7 5.0 0.0 0 0 2 2 2
-2060.1 -4037.6 -0.7 306 0 9.3 13.3 7.5 2.5 4 1 3 5 5
-2601.2 -5189.8 -7.5 211 0 7.2 6.8 7.5 2.5 2 0 3 3 3
-2918.1 -5098.6 -2.0 105 0 9.2 9.5 5.0 2.5 2 1 2 2 2
-2461.5 -3857.8 -7.5 357 0 12.3 11.7 2.5 2.5 2 0 1 2 2
-2681.9 -5303.4 -6.7 255 0 8.5 6.7 10.0 0.0 0 0 4 3 3
-1983.6 -3893.9 1.0 314 0 10.0 11.2 5.0 2.5 2 1 2 0 0
-2862.4 -4759.9 -2.9 286 0 10.9 8.1 5.0 2.5 4 0 2 2 2
-2526.8 -5209.7 -8.5 270 0 7.0 7.1 5.0 2.5 2 1 2 2 2
-5995.6 4448.0 -23.0 176 0 47.0 28.9 12.5 0.0 0 0 5 5 5
700.9 -2741.1 1.8 64 0 10.4 64.7 10.0 2.5 2 1 4 2 2
654.6 -2752.6 2.1 77 0 9.7 68.9 12.5 2.5 2 1 5 4 4
650.7 -2621.8 3.7 264 0 9.6 31.8 10.0 2.5 2 1 4 5 5
683.4 -2627.4 2.9 264 0 7.5 26.1 7.5 2.5 4 1 3 4 4
753.7 -2645.0 1.3 265 0 9.1 30.5 7.5 0.0 0 1 3 3 3
774.2 -2643.7 1.2 259 0 8.5 46.7 10.0 2.5 4 1 4 0 0
904.2 -2538.9 4.3 82 0 7.6 20.5 7.5 2.5 2 1 3 2 2
875.0 -2506.8 4.5 262 0 8.1 33.1 7.5 2.5 2 1 3 5 5
854.4 -2511.1 4.7 268 0 6.5 19.6 10.0 2.5 4 1 4 4 4
813.8 -2523.2 4.7 90 0 29.8 8.7 7.5 2.5 2 0 3 5 5
781.2 -2536.0 4.6 93 0 8.7 30.4 7.5 2.5 4 1 3 5 5
-4891.5 -4042.5 1.4 271 0 8.6 8.8 2.5 2.5 2 1 1 0 0
-4838.3 -4051.6 1.1 2 0 10.7 7.9 2.5 2.5 2 0 1 1 1
-4840.5 -4113.6 2.5 5 0 9.3 8.2 5.0 2.5 2 0 2 3 3
-4816.0 -4212.1 3.3 181 0 9.6 6.2 2.5 0.0 0 0 1 1 1
-5548.8 -3730.0 -5.3 274 0 8.6 10.4 5.0 2.5 2 1 2 5 5
-5577.9 -3760.6 -5.3 167 0 8.1 6.6 5.0 2.5 2 0 2 1 1
-5454.7 -3789.7 -3.7 357 0 9.0 13.5 5.0 2.5 2 1 2 2 2
-5456.5 -3814.7 -3.3 19 0 9.2 6.2 2.5 2.5 2 0 1 3 3
-5477.6 -3873.2 -3.5 93 0 6.9 10.0 5.0 2.5 2 1 2 0 0
-5406.6 -3839.7 -3.4 197 0 9.3 8.6 2.5 2.5 2 0 1 1 1
-5363.0 -3878.8 -2.8 112 0 7.8 10.5 5.0 2.5 2 1 2 4 4
-5349.1 -3889.9 -2.7 105 0 8.1 14.1 5.0 2.5 2 1 2 5 5
-5303.0 -3898.4 -2.1 96 0 8.3 7.6 2.5 2.5 2 0 1 5 5
-5260.1 -3885.5 -1.9 8 0 7.5 8.1 5.0 2.5 2 1 2 3 3
-5262.1 -3944.1 0.1 3 0 12.9 12.0 2.5 2.5 2 0 1 2 2
-5116.9 -3864.2 -1.7 0 0 10.6 8.5 5.0 2.5 2 0 2 1 1
-5112.4 -3888.2 -1.5 357 0 9.7 8.3 5.0 2.5 2 0 2 5 5
-5066.8 -3841.3 -1.2 180 0 12.2 9.1 2.5 2.5 2 0 1 0 0
-4681.2 -3799.5 -2.6 6 0 9.7 8.9 5.0 2.5 2 0 2 1 1
-4754.3 -3801.9 -1.2 269 0 9.1 8.7 7.5 2.5 2 0 3 3 3
-4815.6 -3682.1 -3.3 89 0 11.0 9.8 5.0 2.5 2 0 2 5 5
-4858.2 -3754.7 -0.2 277 0 10.2 8.1 5.0 2.5 2 0 2 0 0
-4830.2 -3877.5 -0.0 87 0 8.1 8.9 2.5 2.5 2 1 1 2 2
-4943.8 -3814.0 -0.8 179 0 11.6 7.5 2.5 2.5 2 0 1 5 5
-5015.6 -3965.0 0.2 88 0 9.5 9.5 5.0 2.5 2 1 2 5 5
-5075.7 -4018.6 -0.3 176 0 8.0 7.9 5.0 2.5 4 0 2 4 4
-4996.7 -4158.8 -0.2 82 0 8.5 9.8 5.0 2.5 2 1 2 3 3
-5398.3 -4447.9 -4.2 3 0 14.6 9.4 5.0 2.5 2 0 2 4 4
-5408.2 -4587.4 -4.9 88 0 10.2 11.2 5.0 2.5 2 1 2 1 1
-5504.6 -4586.3 -7.4 352 0 6.8 9.0 5.0 2.5 2 1 2 2 2
-5786.2 -4570.6 -8.3 170 0 9.7 8.8 5.0 2.5 4 0 2 5 5
-5787.9 -4533.6 -7.7 177 0 11.9 11.7 5.0 2.5 2 0 2 2 2
-5815.1 -4490.0 -7.5 102 0 8.7 9.4 5.0 2.5 2 1 2 2 2
-5492.9 -4431.0 -4.1 87 0 7.0 9.1 5.0 2.5 2 1 2 3 3
-5570.3 -4376.2 -3.6 297 0 9.0 8.6 5.0 2.5 2 0 2 4 4
-5556.9 -4436.4 -3.7 110 0 8.8 11.1 7.5 2.5 2 1 3 3 3
-5722.1 -4612.7 -9.8 175 0 12.8 10.0 2.5 2.5 2 0 1 2 2
-5681.4 -4622.8 -10.0 86 0 8.2 11.8 5.0 2.5 2 1 2 2 2
-5689.1 -4558.7 -8.4 90 0 6.4 10.7 5.0 2.5 2 1 2 1 1
-5737.6 -4442.7 -5.7 268 0 8.2 8.9 2.5 2.5 2 1 1 0 0
-5766.2 -4438.4 -6.4 266 0 8.5 12.9 5.0 2.5 2 1 2 4 4
-5630.8 -4149.9 -6.5 37 0 11.5 7.9 5.0 2.5 2 0 2 4 4
-5712.9 -4117.3 -7.6 288 0 8.4 8.0 5.0 2.5 4 0 2 5 5
-5746.0 -4099.8 -8.2 279 0 12.8 7.7 2.5 2.5 2 0 1 2 2
-5656.4 -4226.3 -5.0 41 0 8.5 8.7 5.0 2.5 2 1 2 4 4
-5717.3 -4386.6 -5.4 183 0 8.7 6.1 5.0 2.5 4 0 2 0 0
-5723.2 -4301.9 -5.4 179 0 10.5 8.6 5.0 2.5 2 0 2 3 3
-5744.1 -4304.3 -6.0 209 0 6.8 6.3 2.5 2.5 4 0 1 3 3
-5805.1 -4202.1 -7.6 30 0 11.2 7.9 5.0 2.5 2 0 2 4 4
-5821.9 -4296.7 -7.9 174 0 10.5 8.5 5.0 0.0 0 0 2 2 2
-5835.1 -4386.9 -8.6 184 0 8.1 7.6 5.0 2.5 2 0 2 2 2
-5971.0 -3737.4 -11.7 349 1 12.3 10.3 14.0 3.5 2 0 4 0 0
-6118.3 -3661.7 -15.1 268 0 6.1 6.0 5.0 2.5 2 0 2 0 0
-6076.6 -3621.3 -15.2 95 0 7.1 10.6 5.0 2.5 2 1 2 3 3
-6106.1 -3533.6 -15.6 270 0 7.9 9.1 5.0 2.5 2 1 2 5 5
-6104.7 -3557.8 -15.5 175 0 10.3 6.9 7.5 2.5 2 0 3 1 1
-6085.3 -3549.2 -15.0 273 0 7.3 9.2 5.0 2.5 2 1 2 3 3
-6061.7 -3570.1 -14.4 4 0 7.2 7.8 7.5 0.0 0 1 3 5 5
-6055.4 -3535.5 -14.0 277 0 7.1 9.9 2.5 2.5 2 1 1 1 1
-5171.7 -3930.1 -0.6 266 0 8.1 8.9 7.5 2.5 4 1 3 4 4
-5088.8 -4141.5 -0.1 353 0 9.9 8.1 5.0 2.5 2 0 2 2 2
-5238.9 -3998.5 0.4 182 0 11.5 7.4 2.5 2.5 2 0 1 4 4
-5212.4 -4013.2 0.2 95 0 7.5 10.6 5.0 2.5 2 1 2 4 4
-5159.0 -4005.6 -0.2 273 0 8.9 11.0 5.0 2.5 2 1 2 5 5
-5269.5 -4103.5 0.2 359 0 10.8 8.4 5.0 2.5 2 0 2 1 1
-5317.6 -4146.5 -1.2 258 0 9.7 11.7 2.5 2.5 2 1 1 2 2
-5259.8 -4136.9 0.1 263 0 8.4 10.3 5.0 2.5 2 1 2 3 3
-5230.2 -4158.1 -0.4 85 0 6.2 11.0 5.0 2.5 2 1 2 2 2
-5201.4 -4094.9 0.5 90 0 8.0 12.6 2.5 2.5 2 1 1 0 0
-5173.0 -4125.1 0.4 151 0 11.2 7.8 5.0 2.5 2 0 2 2 2
-5190.7 -4157.6 0.0 343 0 7.9 9.9 2.5 2.5 2 1 1 0 0
-5117.7 -4201.1 -0.7 358 0 8.6 10.5 2.5 2.5 2 1 1 3 3
-5173.0 -4221.4 -0.8 360 0 7.7 9.2 7.5 2.5 2 1 3 0 0
-5181.6 -4249.4 -0.7 179 0 8.7 8.9 5.0 0.0 0 1 2 1 1
-5143.7 -4239.1 -1.1 270 0 8.1 12.6 2.5 2.5 4 1 1 2 2
-5198.8 -4411.6 -4.2 187 0 8.7 12.7 5.0 2.5 4 1 2 4 4
-5026.1 -4400.2 -1.9 176 0 9.8 7.1 2.5 2.5 2 0 1 0 0
-5013.1 -4394.0 -1.8 263 0 8.3 11.2 7.5 2.5 2 1 3 0 0
-5093.6 -4428.0 -1.9 269 0 9.4 11.1 7.5 2.5 2 1 3 3 3
-5164.1 -4543.0 -2.2 83 0 10.1 13.2 5.0 2.5 2 1 2 2 2
-5198.7 -4549.9 -0.9 173 0 14.0 10.2 5.0 2.5 2 0 2 0 0
-5243.5 -4463.2 -2.3 266 0 13.8 8.9 5.0 2.5 2 0 2 3 3
-5334.8 -4460.1 -3.3 82 0 9.1 12.6 5.0 2.5 4 1 2 2 2
-300.8 -4302.8 -3.4 90 0 11.7 76.3 10.0 2.5 2 1 4 5 5
-705.4 -4362.8 -1.4 180 0 6.6 15.4 10.0 2.5 2 1 4 0 0
-701.5 -4441.2 -1.5 177 0 15.4 6.8 5.0 2.5 2 0 2 0 0
-576.4 -4238.8 -1.2 2 0 15.1 6.4 5.0 2.5 2 0 2 2 2
-662.6 -4011.6 -2.6 88 0 16.3 54.5 7.5 0.0 0 1 3 1 1
-2125.0 -3072.9 -9.7 91 0 15.8 25.9 7.5 2.5 2 1 3 2 2
-2345.8 -3058.0 -10.5 93 0 9.8 16.5 7.5 2.5 2 1 3 2 2
-2144.7 -2994.1 -9.9 186 0 11.3 16.4 2.5 2.5 4 1 1 4 4
-2114.9 -3003.2 -9.9 7 0 18.4 11.7 5.0 2.5 4 0 2 5 5
-2836.4 -3056.0 -12.7 91 0 7.0 13.3 5.0 2.5 2 1 2 4 4
-2704.6 -3061.2 -12.5 4 0 19.5 11.4 7.5 2.5 2 0 3 1 1
-2754.9 -3057.3 -12.3 272 0 14.9 20.9 7.5 2.5 2 1 3 0 0
-1968.7 -2764.2 -8.5 184 0 7.7 26.3 5.0 2.5 2 1 2 5 5
-6898.1 -4610.3 -9.5 191 0 11.4 8.1 14.0 3.5 2 0 4 2 2
-6879.0 -4451.6 -8.8 358 0 8.0 9.3 10.5 3.5 2 1 3 1 1
-6903.7 -4269.5 -8.7 176 0 8.6 13.7 14.0 3.5 2 1 4 5 5
-3073.7 -4707.7 1.9 266 0 6.1 7.1 10.0 2.5 2 1 4 1 1
-4981.0 -3018.0 -11.2 261 0 7.2 14.7 7.5 2.5 2 1 3 3 3
-5044.5 -3076.5 -9.7 124 0 8.3 24.4 10.0 2.5 2 1 4 4 4
-3301.1 -4056.6 -8.7 32 0 14.4 13.3 2.5 2.5 2 0 1 0 0
-3892.9 -3159.3 -10.1 91 0 8.4 14.8 2.5 0.0 0 1 1 2 2
-6866.1 -5592.9 -21.5 357 0 13.3 9.0 7.5 2.5 2 0 3 1 1
-6805.7 -5583.6 -21.6 89 0 11.6 13.0 2.5 2.5 2 1 1 0 0
-6814.3 -5707.6 -17.0 99 0 9.9 10.4 7.5 2.5 2 1 3 3 3
-6681.0 -5653.0 -16.7 93 0 9.2 8.1 7.5 2.5 2 0 3 2 2
-6573.8 -5655.6 -15.0 279 0 11.8 11.8 10.0 2.5 4 0 4 1 1
-6372.4 -5730.5 -14.1 2 0 8.0 8.0 7.5 2.5 2 0 3 5 5
-6415.8 -5687.6 -14.5 271 0 10.7 13.0 7.5 2.5 2 1 3 5 5
-6440.7 -5678.9 -14.6 182 0 10.5 9.2 2.5 2.5 2 0 1 3 3
-6478.4 -5632.1 -15.3 102 0 11.2 8.8 7.5 2.5 2 0 3 3 3
-6430.9 -5632.3 -15.0 94 0 9.4 11.8 10.0 2.5 2 1 4 3 3
-6396.0 -5641.4 -14.3 93 0 11.1 11.9 10.0 2.5 2 1 4 0 0
-6367.1 -5617.9 -14.0 12 0 8.2 7.9 7.5 2.5 2 0 3 2 2
-6358.0 -5686.4 -14.6 5 0 10.4 10.8 7.5 2.5 2 1 3 2 2
-545.6 -3051.2 -8.5 358 0 10.3 6.6 7.5 2.5 2 0 3 4 4
-3187.2 -341.6 -1.9 333 0 9.7 29.5 7.5 2.5 2 1 3 2 2
-3208.5 -328.1 -2.4 242 0 30.2 11.8 7.5 2.5 2 0 3 1 1
-3244.2 -341.9 -3.5 246 0 8.5 28.4 12.5 0.0 0 1 5 4 4
-3323.3 -477.4 -4.7 177 0 8.3 20.7 5.0 2.5 2 1 2 3 3
-3303.5 -489.2 -4.9 4 0 6.9 20.3 10.0 2.5 2 1 4 5 5
-3127.0 -593.2 2.3 355 0 7.5 11.9 7.5 2.5 2 1 3 2 2
-3179.5 -605.3 1.0 180 0 6.3 7.9 5.0 2.5 2 1 2 4 4
-3180.6 -626.7 0.6 180 0 35.5 8.9 10.0 2.5 2 0 4 1 1
-3169.7 -571.3 1.5 185 0 9.5 19.9 7.5 0.0 0 1 3 5 5
-3179.3 -570.1 1.0 182 0 44.2 9.3 7.5 2.5 2 0 3 1 1
-3183.1 -597.0 0.9 177 0 8.8 20.7 7.5 2.5 2 1 3 2 2
-3162.4 -596.0 1.6 177 0 8.8 12.3 10.0 2.5 2 1 4 1 1
-3170.7 -617.2 1.2 176 0 8.3 20.9 7.5 2.5 2 1 3 3 3
-3160.1 -644.6 1.0 85 0 19.9 6.5 5.0 2.5 2 0 2 4 4
-3142.3 -644.5 1.8 93 0 6.4 10.0 7.5 2.5 2 1 3 1 1
-6766.4 -2717.9 -23.9 115 0 7.1 23.4 14.0 3.5 2 1 4 2 2
-6630.0 -2872.9 -23.8 82 0 17.1 26.8 14.0 3.5 4 1 4 2 2
-6632.2 -2793.5 -24.1 352 0 28.4 17.4 14.0 3.5 4 0 4 0 0
-6637.9 -2812.7 -24.1 263 0 17.6 27.9 14.0 0.0 0 1 4 2 2
-6667.4 -2834.0 -24.4 172 0 30.3 18.3 14.0 3.5 2 0 4 4 4
-6653.2 -2876.4 -24.1 84 0 18.7 28.4 14.0 3.5 2 1 4 5 5
-6653.1 -2799.3 -24.4 355 0 28.1 18.7 14.0 3.5 2 0 4 3 3
-6694.0 -2803.7 -24.6 175 0 28.1 18.7 14.0 3.5 2 0 4 4 4
-6689.4 -2837.0 -24.6 175 0 28.1 18.7 14.0 3.5 2 0 4 1 1
-6675.4 -2882.1 -24.2 85 0 18.8 28.1 14.0 3.5 2 1 4 3 3
-6663.9 -2735.5 -24.2 331 0 8.5 14.0 14.0 3.5 4 1 4 3 3
-3107.7 -357.2 -0.4 205 0 12.3 8.4 7.5 2.5 2 0 3 0 0
-3055.7 -453.3 0.7 309 0 7.7 16.4 7.5 2.5 2 1 3 1 1
-3070.9 -443.2 1.2 316 0 9.1 18.7 2.5 2.5 2 1 1 4 4
-3109.2 -403.1 1.4 269 0 9.2 33.3 7.5 0.0 0 1 3 3 3
-6777.1 -2609.7 -22.7 177 0 16.2 14.9 14.0 0.0 0 0 4 5 5
-6719.6 -2605.9 -23.9 2 0 10.0 19.1 14.0 3.5 2 1 4 2 2
-6773.1 -2668.4 -23.5 173 0 19.6 13.6 14.0 3.5 2 0 4 4 4
-6884.4 -4137.2 -10.6 358 0 6.4 7.7 14.0 3.5 2 1 4 5 5
-6883.8 -4163.8 -10.1 358 0 6.4 7.7 14.0 3.5 2 1 4 5 5
-6885.6 -4148.4 -10.4 358 0 6.4 7.7 14.0 0.0 0 1 4 2 2
-6887.0 -4185.6 -9.6 358 0 6.4 7.7 14.0 3.5 2 1 4 3 3
-6887.6 -4205.3 -9.1 358 0 6.4 7.7 14.0 0.0 0 1 4 2 2
-6880.0 -4244.5 -8.6 358 0 6.4 7.7 14.0 3.5 2 1 4 3 3
-6859.3 -4312.8 -8.2 178 0 6.4 7.7 14.0 3.5 2 1 4 3 3
-6832.6 -4303.2 -8.3 88 0 7.7 6.4 14.0 3.5 2 0 4 3 3
-6865.8 -4290.1 -8.1 178 0 6.4 7.7 14.0 3.5 2 1 4 3 3
-6831.1 -4246.8 -8.0 358 0 6.4 7.7 14.0 3.5 2 1 4 3 3
-6788.7 -4213.6 -8.0 88 0 7.7 6.4 14.0 3.5 2 0 4 0 0
-6772.9 -4206.2 -8.2 358 0 6.4 7.7 14.0 3.5 2 1 4 4 4
-6784.9 -4152.3 -9.9 358 0 6.4 7.7 14.0 3.5 2 1 4 0 0
-6823.9 -4120.1 -10.9 178 0 6.4 7.7 14.0 3.5 2 1 4 3 3
-6814.7 -4076.5 -11.3 357 0 8.6 10.9 14.0 3.5 2 1 4 0 0
-6840.9 -4035.5 -11.8 178 0 6.4 7.7 14.0 3.5 2 1 4 1 1
-6844.1 -4016.0 -12.0 178 0 6.4 7.7 14.0 3.5 2 1 4 4 4
-6825.2 -4005.6 -11.8 274 0 7.5 8.7 14.0 3.5 2 1 4 2 2
-6826.0 -3992.7 -11.9 268 0 7.7 6.4 14.0 3.5 2 0 4 1 1
-6804.4 -3993.5 -11.5 270 0 7.9 10.6 14.0 3.5 2 1 4 4 4
-6756.7 -4098.3 -9.9 268 0 7.7 6.4 14.0 3.5 2 0 4 4 4
-6758.7 -4013.4 -10.7 88 0 7.7 6.4 14.0 3.5 2 0 4 2 2
-6726.0 -4003.9 -10.2 268 0 13.6 10.0 14.0 3.5 2 0 4 1 1
-6731.8 -3988.7 -10.4 268 0 7.7 6.4 14.0 3.5 2 0 4 4 4
-6677.5 -3981.9 -9.4 268 0 7.7 6.4 14.0 3.5 2 0 4 4 4
-6644.4 -4306.1 -6.3 266 0 6.8 9.8 10.5 3.5 2 1 3 4 4
-6641.9 -4332.1 -5.9 176 0 9.8 6.8 10.5 3.5 2 0 3 2 2
-6644.9 -4347.3 -5.7 173 0 10.6 12.2 10.5 0.0 0 1 3 0 0
-6668.7 -4355.6 -5.6 173 0 10.6 12.2 10.5 3.5 2 1 3 3 3
-6685.5 -4327.7 -6.1 171 0 11.2 9.5 10.5 3.5 2 0 3 1 1
-6612.6 -4280.3 -6.7 252 0 12.2 10.6 10.5 3.5 2 0 3 3 3
-6556.5 -4263.4 -7.0 263 0 12.2 10.6 10.5 3.5 2 0 3 5 5
-6549.7 -4320.6 -6.2 263 0 12.2 10.6 10.5 3.5 2 0 3 0 0
-6536.6 -4289.0 -6.7 263 0 12.2 10.6 10.5 3.5 2 0 3 3 3
-6505.7 -4283.9 -6.9 263 0 12.2 10.6 10.5 3.5 2 0 3 4 4
-6459.9 -4301.8 -6.6 263 0 12.2 10.6 10.5 3.5 2 0 3 3 3
-6471.4 -4271.4 -7.0 353 0 10.6 12.2 10.5 3.5 2 1 3 0 0
-6425.6 -4311.6 -6.5 263 0 12.2 10.6 10.5 3.5 2 0 3 0 0
-6395.6 -4344.3 -7.1 353 0 10.6 12.2 10.5 3.5 2 1 3 0 0
-6357.4 -4322.1 -8.3 83 0 12.2 10.6 10.5 3.5 2 0 3 2 2
-6329.4 -4331.9 -9.0 83 0 12.2 10.6 10.5 3.5 2 0 3 5 5
-6372.2 -4264.2 -7.8 182 0 10.6 12.2 10.5 3.5 2 1 3 0 0
-6370.1 -4234.4 -7.7 182 0 10.6 12.2 10.5 3.5 2 1 3 2 2
-6345.6 -4184.1 -7.5 272 0 12.2 10.6 10.5 3.5 2 0 3 4 4
-6271.4 -4152.4 -7.9 2 0 10.6 12.2 10.5 0.0 0 1 3 0 0
-6296.8 -4173.8 -8.0 182 0 10.6 12.2 10.5 3.5 2 1 3 2 2
-6292.1 -4122.6 -7.5 182 0 10.6 12.2 10.5 3.5 4 1 3 4 4
-6287.9 -4099.2 -7.6 182 0 10.6 12.2 10.5 3.5 2 1 3 3 3
-6213.0 -4145.7 -10.2 272 0 12.2 10.6 10.5 3.5 4 0 3 5 5
-6213.8 -4244.6 -11.0 272 0 12.2 10.6 10.5 0.0 0 0 3 2 2
-6198.5 -4268.9 -10.6 92 0 12.2 10.6 10.5 3.5 4 0 3 0 0
-6200.6 -4288.7 -10.2 93 0 9.5 9.7 10.5 3.5 2 1 3 0 0
-6185.4 -4288.0 -10.0 93 0 9.5 9.7 10.5 3.5 2 1 3 5 5
-6161.3 -4268.9 -10.2 93 0 9.6 9.7 10.5 3.5 2 1 3 4 4
-6120.7 -4246.7 -11.7 3 0 9.7 9.5 10.5 3.5 2 0 3 5 5
-6119.4 -4227.5 -12.0 3 0 9.7 9.6 10.5 3.5 2 0 3 4 4
-6035.9 -4290.7 -12.4 273 0 9.5 9.7 2.5 2.5 2 1 1 5 5
-5979.8 -4254.0 -13.3 183 0 9.7 9.6 14.0 3.5 2 0 4 5 5
-5946.9 -4233.5 -12.9 273 0 9.6 9.7 14.0 3.5 4 1 4 0 0
-5928.0 -4221.4 -12.3 273 0 9.6 9.7 14.0 3.5 4 1 4 5 5
-5908.6 -4258.8 -10.9 93 0 9.5 9.7 14.0 0.0 0 1 4 1 1
-6044.4 -4079.7 -14.0 78 0 9.5 9.7 10.5 3.5 2 1 3 4 4
-6094.0 -4068.4 -12.8 258 0 9.6 9.7 10.5 3.5 2 1 3 1 1
-6124.1 -4098.6 -12.3 177 0 9.7 9.5 10.5 3.5 2 0 3 4 4
-6133.3 -4071.6 -12.0 177 0 9.7 9.6 10.5 3.5 2 0 3 5 5
-6122.0 -4164.6 -12.3 4 0 9.7 9.6 10.5 3.5 2 0 3 3 3
-6100.2 -4015.1 -12.1 357 0 9.7 9.6 10.5 3.5 2 0 3 1 1
-6122.5 -3970.8 -10.9 267 0 9.6 9.7 10.5 3.5 2 1 3 1 1
-6260.1 -3975.2 -7.6 190 0 9.7 9.5 14.0 0.0 0 0 4 5 5
-6417.5 -4164.0 -7.7 267 0 9.6 9.7 10.0 0.0 0 1 4 5 5
-6414.8 -4087.5 -8.1 87 0 9.5 9.7 10.0 2.5 2 1 4 1 1
-6417.5 -4007.8 -7.8 357 0 9.7 9.6 14.0 3.5 4 0 4 2 2
-6435.7 -3965.6 -7.6 267 0 9.5 9.7 14.0 3.5 2 1 4 5 5
-6508.6 -4115.8 -7.5 267 0 9.6 9.7 7.5 2.5 2 1 3 2 2
-6537.4 -4118.7 -7.3 267 0 9.5 9.7 7.5 2.5 2 1 3 5 5
-6556.7 -4046.7 -6.8 177 0 9.7 9.6 14.0 3.5 2 0 4 0 0
-6570.4 -3987.0 -7.9 267 0 9.5 9.7 14.0 3.5 2 1 4 3 3
-6618.5 -4013.3 -8.2 87 0 9.5 9.7 14.0 0.0 0 1 4 4 4
-6666.0 -4258.6 -7.0 265 0 9.8 18.9 10.5 0.0 0 1 3 5 5
-6655.3 -4282.3 -6.6 267 0 8.3 10.0 10.5 3.5 2 1 3 1 1
-6674.9 -4198.8 -8.5 87 0 9.5 9.7 7.5 2.5 2 1 3 0 0
-6738.2 -4228.2 -7.7 357 0 9.7 9.5 14.0 3.5 2 0 4 0 0
-6718.1 -4300.9 -6.5 177 0 9.7 9.5 10.5 0.0 0 0 3 0 0
-6711.9 -1994.9 -20.5 94 0 7.4 10.7 14.0 3.5 2 1 4 1 1
-6682.2 -2090.9 -21.7 274 0 7.4 10.7 10.5 3.5 2 1 3 4 4
-6736.1 -2134.0 -21.6 4 0 10.7 7.4 10.5 3.5 2 0 3 0 0
-6752.1 -2184.4 -22.8 4 0 10.7 7.4 10.5 3.5 2 0 3 4 4
-6090.6 -1952.8 -21.9 94 0 7.4 10.7 5.0 2.5 2 1 2 0 0
-6023.3 -1981.2 -21.8 184 0 10.7 7.4 5.0 2.5 2 0 2 1 1
-6021.5 -2019.2 -22.2 184 0 10.7 7.4 10.0 2.5 2 0 4 1 1
-6008.0 -1934.9 -20.7 4 0 10.7 7.4 7.5 2.5 2 0 3 0 0
-5663.0 -2464.4 -22.1 69 0 7.4 10.6 7.5 2.5 2 1 3 3 3
-5813.3 -2520.3 -22.5 66 0 11.7 11.3 5.0 2.5 2 0 2 0 0
-5912.9 -2548.6 -22.5 66 0 11.7 11.3 14.0 3.5 2 0 4 4 4
-6045.0 -2627.9 -22.1 66 0 11.7 11.3 14.0 3.5 4 0 4 3 3
-6173.2 -2558.7 -24.2 66 0 11.7 11.3 14.0 3.5 2 0 4 3 3
-6181.8 -2531.0 -24.7 336 0 11.3 11.7 14.0 3.5 2 1 4 0 0
-6195.7 -2510.0 -24.9 336 0 11.3 11.7 14.0 3.5 4 1 4 0 0
-6238.9 -2585.1 -23.4 66 0 11.7 11.3 14.0 3.5 2 0 4 2 2
-6186.4 -2697.1 -21.5 66 0 11.7 11.3 14.0 3.5 2 0 4 3 3
-6245.9 -2665.5 -21.7 336 0 11.3 11.7 14.0 3.5 2 1 4 3 3
-6278.2 -2638.3 -22.4 156 0 11.3 11.7 14.0 3.5 2 1 4 1 1
-6285.9 -2580.2 -23.8 246 0 11.7 11.3 14.0 3.5 2 0 4 1 1
-6402.7 -2631.0 -24.1 66 0 11.7 11.3 14.0 3.5 2 0 4 4 4
-6423.5 -2582.3 -25.5 336 0 11.3 11.7 14.0 3.5 2 1 4 2 2
-6454.4 -2679.5 -22.5 336 0 11.3 11.7 14.0 3.5 2 1 4 4 4
-6592.6 -2675.6 -23.8 156 0 11.3 11.7 14.0 3.5 2 1 4 5 5
-6581.8 -2700.5 -23.0 156 0 11.3 11.7 14.0 3.5 2 1 4 3 3
-6371.8 -2766.3 -24.0 66 0 11.7 11.3 14.0 0.0 0 0 4 5 5
-6428.9 -2771.8 -22.0 66 0 11.7 11.3 14.0 3.5 2 0 4 4 4
-6397.9 -2739.7 -23.5 246 0 11.7 11.3 14.0 0.0 0 0 4 0 0
-6313.8 -2617.0 -24.3 66 0 11.7 11.3 14.0 0.0 0 0 4 3 3
-6338.5 -2588.0 -24.9 246 0 11.7 11.3 14.0 3.5 2 0 4 1 1
-6360.2 -2625.6 -25.1 66 0 11.7 11.3 14.0 3.5 2 0 4 5 5
-6509.9 -2685.3 -22.5 240 0 12.1 20.7 14.0 3.5 2 1 4 0 0
-6542.9 -2857.1 -22.2 358 0 11.3 11.7 14.0 3.5 2 1 4 1 1
-6549.2 -2896.3 -21.0 350 0 11.3 11.7 14.0 0.0 0 1 4 1 1
-6556.7 -2921.7 -20.3 357 0 9.5 7.3 14.0 3.5 2 0 4 5 5
-6599.9 -2911.6 -20.7 181 0 11.3 11.7 14.0 0.0 0 1 4 5 5
-6552.2 -2821.0 -22.3 350 0 11.3 11.7 14.0 3.5 2 1 4 1 1
-6581.8 -2823.0 -22.8 261 0 9.4 11.6 14.0 3.5 2 1 4 1 1
-6605.2 -2877.6 -23.0 86 0 7.1 21.2 14.0 3.5 2 1 4 4 4
-6611.1 -2830.1 -23.4 266 0 7.1 21.2 14.0 0.0 0 1 4 5 5
-6609.8 -2963.4 -20.4 177 0 7.1 21.1 14.0 0.0 0 1 4 5 5
-6592.0 -2998.1 -20.5 86 0 7.1 21.2 14.0 3.5 4 1 4 4 4
-6611.0 -2993.0 -20.3 86 0 7.3 16.7 14.0 3.5 2 1 4 1 1
-6550.9 -2955.9 -20.3 357 0 9.5 7.3 14.0 3.5 2 0 4 3 3
-6551.3 -2973.6 -20.5 356 0 7.3 9.4 14.0 3.5 2 1 4 3 3
-6637.8 -2939.3 -20.1 177 0 9.5 7.3 14.0 3.5 2 0 4 2 2
-6614.9 -2919.9 -20.5 177 0 9.5 7.3 14.0 3.5 4 0 4 2 2
-6547.2 -2996.3 -20.7 357 0 9.5 7.3 14.0 3.5 2 0 4 5 5
-6550.3 -3101.6 -20.8 354 0 8.9 7.4 14.0 0.0 0 0 4 0 0
-6544.9 -3151.8 -20.6 357 0 9.5 7.3 14.0 3.5 2 0 4 4 4
-6528.0 -3114.6 -20.7 177 0 9.5 7.3 14.0 3.5 2 0 4 3 3
-6508.1 -3149.0 -20.3 178 0 9.7 8.0 14.0 3.5 4 0 4 2 2
-6510.2 -3128.6 -20.5 176 0 12.4 9.1 14.0 3.5 2 0 4 5 5
-6491.1 -3134.0 -20.2 178 0 6.2 7.2 14.0 3.5 2 1 4 2 2
-6514.6 -3072.3 -20.5 180 0 7.4 12.2 14.0 3.5 2 1 4 3 3
-6529.6 -3071.8 -20.8 177 0 9.5 7.3 14.0 3.5 2 0 4 3 3
-6533.9 -3045.5 -20.8 179 0 6.6 12.4 14.0 3.5 2 1 4 5 5
-6507.2 -3028.1 -19.9 267 0 7.3 9.5 14.0 3.5 2 1 4 0 0
-6491.5 -3030.0 -19.5 357 0 7.3 6.5 14.0 3.5 4 0 4 3 3
-6549.6 -3206.2 -20.0 267 0 10.5 9.4 14.0 3.5 2 0 4 3 3
-6594.4 -3261.2 -17.2 91 0 9.6 7.0 14.0 3.5 4 0 4 3 3
-6629.1 -3334.3 -14.9 181 0 7.0 9.6 14.0 3.5 2 1 4 1 1
-6597.8 -3321.3 -16.0 271 0 9.6 7.0 14.0 3.5 2 0 4 0 0
-6680.8 -3325.6 -14.9 1 0 7.0 9.6 14.0 3.5 2 1 4 2 2
-6662.1 -3206.6 -16.6 359 0 14.9 9.9 14.0 3.5 2 0 4 3 3
-6693.2 -3200.1 -16.2 274 0 24.7 16.4 14.0 3.5 2 0 4 0 0
-6748.0 -3216.2 -15.6 177 0 25.6 10.9 14.0 3.5 2 0 4 4 4
-6680.4 -3256.7 -14.8 0 0 15.3 15.1 14.0 0.0 0 0 4 3 3
-6744.3 -3249.7 -15.2 269 0 9.9 14.9 14.0 3.5 2 1 4 0 0
-6747.3 -3238.3 -15.2 179 0 14.9 9.9 14.0 3.5 2 0 4 4 4
-6827.4 -3212.2 -17.1 359 0 14.9 9.9 17.5 3.5 4 0 5 2 2
-6834.3 -3246.3 -16.6 3 0 9.8 9.6 17.5 3.5 2 0 5 0 0
-6829.6 -3267.6 -16.2 3 0 9.6 10.1 17.5 3.5 2 1 5 5 5
-6868.4 -3204.0 -17.7 273 0 9.6 9.8 17.5 0.0 0 1 5 5 5
-6884.3 -3187.9 -18.1 273 0 9.6 9.8 17.5 3.5 2 1 5 5 5
-6913.6 -3310.6 -17.3 85 0 14.2 9.5 17.5 3.5 2 0 5 4 4
-6885.2 -3306.4 -16.8 183 0 12.6 17.9 17.5 3.5 2 1 5 3 3
-6828.4 -3306.1 -15.7 355 0 9.5 10.2 17.5 3.5 4 1 5 0 0
-6837.3 -3395.9 -15.5 355 0 9.5 14.2 17.5 3.5 2 1 5 2 2
-6831.5 -3417.8 -15.5 355 0 9.5 14.2 17.5 3.5 2 1 5 1 1
-6914.0 -3373.6 -16.7 85 0 14.2 9.5 17.5 0.0 0 0 5 3 3
-6909.5 -3446.7 -15.9 175 0 9.5 14.2 17.5 3.5 2 1 5 5 5
-6905.1 -3476.6 -15.6 175 0 9.5 14.2 17.5 3.5 2 1 5 3 3
-6836.8 -3463.4 -15.2 355 0 9.5 14.2 17.5 3.5 2 1 5 2 2
-6861.4 -3489.5 -14.9 86 0 11.0 10.1 17.5 3.5 2 0 5 0 0
-6912.5 -3467.6 -15.8 356 0 10.1 11.0 17.5 3.5 2 1 5 1 1
-6833.4 -3344.7 -15.5 355 0 9.5 14.2 17.5 3.5 2 1 5 2 2
-6810.2 -3255.7 -15.9 175 0 9.5 14.2 14.0 3.5 2 1 4 4 4
-6802.7 -3309.9 -15.4 175 0 9.5 14.2 14.0 0.0 0 1 4 4 4
-6779.2 -3331.4 -15.4 175 0 9.5 14.2 14.0 3.5 2 1 4 1 1
-6755.2 -3321.0 -15.2 177 0 26.7 14.2 14.0 3.5 2 0 4 2 2
-6747.2 -3369.1 -15.4 175 0 9.5 14.2 14.0 0.0 0 1 4 5 5
-6772.1 -3378.6 -15.4 179 0 12.1 11.4 14.0 3.5 2 0 4 4 4
-6773.6 -3411.6 -15.4 179 0 12.1 11.4 14.0 3.5 4 0 4 3 3
-6778.3 -3444.3 -14.9 182 0 21.4 12.7 14.0 3.5 2 0 4 4 4
-6801.8 -3448.6 -15.0 179 0 17.2 11.2 14.0 3.5 2 0 4 0 0
-6802.4 -3487.9 -14.0 179 0 12.1 11.5 14.0 3.5 2 0 4 1 1
-6765.6 -3495.9 -13.9 89 0 11.4 12.1 14.0 3.5 2 1 4 5 5
-6778.4 -3472.8 -14.1 179 0 12.1 11.4 14.0 3.5 2 0 4 1 1
-6741.8 -3482.0 -14.2 90 0 20.5 11.8 14.0 3.5 2 0 4 2 2
-6739.0 -3462.1 -14.4 89 0 11.4 12.1 14.0 3.5 2 1 4 5 5
-6681.6 -3475.8 -13.9 359 0 12.1 11.5 14.0 3.5 4 0 4 5 5
-6658.6 -3483.9 -13.5 359 0 12.1 11.5 14.0 3.5 2 0 4 4 4
-6657.0 -3462.7 -13.8 359 0 11.6 16.5 14.0 3.5 2 1 4 2 2
-6654.5 -3442.9 -14.1 359 0 11.6 16.5 14.0 3.5 2 1 4 3 3
-6655.0 -3411.2 -14.1 359 0 11.6 16.5 14.0 0.0 0 1 4 5 5
-6656.1 -3387.8 -14.1 359 0 11.0 14.1 14.0 3.5 2 1 4 1 1
-6655.2 -3366.7 -14.2 359 0 11.0 14.1 14.0 3.5 2 1 4 2 2
-6637.2 -3497.5 -13.4 179 0 11.0 14.1 14.0 0.0 0 1 4 5 5
-6579.9 -3460.7 -13.3 359 0 11.0 14.1 14.0 3.5 2 1 4 2 2
-6597.0 -3508.8 -13.3 89 0 13.0 26.3 14.0 3.5 2 1 4 3 3
-6566.0 -3490.3 -13.2 359 0 11.0 14.1 14.0 3.5 2 1 4 0 0
-6614.0 -3422.8 -14.0 178 0 11.5 22.6 14.0 3.5 2 1 4 5 5
-6615.0 -3401.6 -14.6 179 0 18.2 21.0 14.0 0.0 0 1 4 3 3
-6615.8 -3373.7 -15.1 179 0 11.2 18.1 14.0 3.5 2 1 4 3 3
-6525.5 -3333.7 -17.1 180 0 11.8 17.8 14.0 3.5 2 1 4 3 3
-6499.6 -3458.2 -13.6 267 0 14.9 11.8 14.0 3.5 4 0 4 4 4
-6435.3 -3471.3 -13.6 267 0 14.9 11.8 14.0 3.5 2 0 4 5 5
-6400.1 -3471.9 -13.9 267 0 14.9 11.8 14.0 3.5 2 0 4 1 1
-6371.8 -3475.6 -14.1 267 0 14.9 11.8 14.0 3.5 2 0 4 4 4
-6346.3 -3478.1 -14.4 270 0 9.6 10.7 14.0 3.5 2 1 4 5 5
-6322.3 -3478.9 -15.0 270 0 9.6 10.7 14.0 3.5 2 1 4 4 4
-6324.0 -3510.5 -14.6 90 0 9.6 10.7 14.0 3.5 2 1 4 5 5
-6321.3 -3530.9 -14.3 90 0 9.6 10.7 14.0 3.5 2 1 4 4 4
-6318.6 -3467.5 -15.4 180 0 10.7 9.6 14.0 3.5 4 0 4 2 2
-6316.4 -3446.0 -16.1 180 0 10.6 9.6 14.0 3.5 4 0 4 1 1
-6299.4 -3464.8 -15.8 180 0 10.6 9.6 14.0 3.5 2 0 4 5 5
-6299.9 -3509.9 -15.2 90 0 9.6 10.7 14.0 3.5 4 1 4 2 2
-6264.7 -3474.1 -16.0 359 0 10.7 12.2 14.0 3.5 2 1 4 4 4
-6267.4 -3448.2 -16.6 0 0 10.6 9.6 14.0 0.0 0 0 4 4 4
-6297.2 -3415.4 -17.5 180 0 10.7 9.6 14.0 3.5 2 0 4 2 2
-6293.0 -3396.6 -18.2 180 0 10.7 9.6 14.0 3.5 2 0 4 4 4
-6284.9 -3369.2 -18.4 180 0 10.6 9.6 14.0 3.5 2 0 4 4 4
-6288.5 -3344.0 -18.3 181 0 11.4 16.6 14.0 3.5 2 1 4 3 3
-6306.8 -3346.6 -18.3 180 0 10.6 9.6 14.0 3.5 2 0 4 0 0
-6161.7 -3415.4 -17.4 0 0 10.7 9.6 10.5 3.5 2 0 3 0 0
-6193.7 -3477.8 -17.0 270 0 9.6 10.7 10.5 3.5 2 1 3 0 0
-6180.3 -3478.8 -16.9 180 0 10.7 9.6 10.5 3.5 2 0 3 5 5
-6145.6 -3467.6 -16.5 270 0 9.6 10.7 10.5 3.5 2 1 3 1 1
-6155.2 -3350.9 -18.0 180 0 10.7 9.6 10.5 0.0 0 0 3 1 1
-6075.8 -3343.1 -17.6 269 0 7.8 8.9 10.5 0.0 0 1 3 0 0
-6065.6 -3404.2 -16.3 359 0 8.9 7.8 10.5 3.5 2 0 3 5 5
-6067.1 -3431.3 -15.7 359 0 8.9 7.8 10.5 3.5 4 0 3 0 0
-6101.4 -3433.7 -16.0 179 0 8.8 7.8 10.5 3.5 2 0 3 3 3
-6132.0 -3442.2 -16.4 179 0 8.8 7.8 10.5 3.5 2 0 3 5 5
-6137.4 -3425.3 -16.7 166 0 8.8 7.8 10.5 3.5 2 0 3 3 3
-6101.2 -3468.7 -15.6 76 0 7.7 8.8 10.5 0.0 0 1 3 2 2
-5992.1 -3384.1 -15.0 76 0 7.8 8.8 10.5 3.5 4 1 3 1 1
-5996.4 -3350.3 -15.2 256 0 7.8 8.8 10.5 3.5 2 1 3 5 5
-5998.7 -3320.9 -15.6 256 0 7.8 8.8 10.5 3.5 2 1 3 1 1
-6040.0 -3373.3 -16.5 76 0 7.8 8.8 10.5 3.5 2 1 3 0 0
-5950.3 -3313.5 -15.0 346 0 8.8 7.8 10.5 3.5 2 0 3 1 1
-5937.5 -3390.8 -14.6 76 0 7.8 8.8 10.5 3.5 2 1 3 5 5
-5948.1 -3335.8 -14.9 256 0 7.8 8.8 10.5 3.5 2 1 3 3 3
-5919.0 -3346.6 -14.4 76 0 7.8 8.9 10.5 3.5 2 1 3 3 3
-5922.7 -3321.7 -14.5 256 0 7.7 8.8 10.5 3.5 2 1 3 0 0
-5927.8 -3304.8 -14.7 255 0 13.8 10.3 10.5 3.5 2 0 3 0 0
-5932.0 -3296.1 -14.7 166 0 8.8 7.8 10.5 3.5 2 0 3 4 4
-5907.8 -3303.3 -14.3 160 0 7.3 13.2 10.5 3.5 2 1 3 2 2
-5865.2 -3342.1 -13.6 76 0 7.8 8.8 10.5 3.5 2 1 3 0 0
-5883.3 -3331.7 -14.0 76 0 7.8 8.8 10.5 3.5 2 1 3 0 0
-5853.4 -3326.2 -13.5 76 0 7.8 8.8 10.5 3.5 2 1 3 5 5
-5844.2 -3347.7 -13.4 76 0 7.7 8.8 10.5 3.5 2 1 3 0 0
-5865.2 -3291.2 -13.8 256 0 7.8 8.9 10.5 3.5 2 1 3 3 3
-5820.8 -3279.1 -13.6 255 0 12.4 15.5 10.5 3.5 2 1 3 2 2
-5792.3 -3303.8 -13.3 1 0 8.9 7.8 10.5 0.0 0 0 3 4 4
-5794.9 -3271.5 -13.5 1 0 8.8 7.8 10.5 3.5 2 0 3 5 5
-5785.3 -3194.2 -13.7 1 0 8.8 7.8 10.5 3.5 2 0 3 0 0
-5846.8 -3214.9 -14.2 91 0 8.5 23.7 10.5 3.5 2 1 3 1 1
-5936.2 -3286.9 -14.9 92 0 8.1 22.7 10.5 3.5 2 1 3 2 2
-6068.1 -3225.6 -18.5 91 0 8.3 14.5 10.5 3.5 2 1 3 0 0
-6056.3 -3191.7 -18.3 271 0 8.3 14.6 10.5 3.5 2 1 3 5 5
-6040.3 -3243.8 -18.1 175 0 12.1 7.5 10.5 3.5 2 0 3 3 3
-6025.7 -3242.6 -18.0 87 0 6.8 23.9 10.5 3.5 2 1 3 3 3
-6025.8 -3192.6 -18.0 269 0 7.0 16.8 10.5 3.5 2 1 3 1 1
-6004.4 -3189.5 -17.4 263 0 8.1 42.1 10.5 3.5 2 1 3 5 5
-5989.3 -3265.8 -16.6 84 0 7.5 12.1 10.5 3.5 2 1 3 4 4
-6027.4 -3288.4 -17.4 84 0 7.5 12.1 10.5 3.5 2 1 3 4 4
-6038.0 -3274.7 -17.9 86 0 7.4 9.3 10.5 0.0 0 1 3 1 1
-5733.5 -3223.1 -13.3 175 0 12.1 7.5 10.5 3.5 2 0 3 1 1
-5713.6 -3245.8 -13.2 174 0 12.1 7.5 10.5 3.5 2 0 3 2 2
-5699.6 -3187.9 -13.0 266 0 8.4 25.4 10.5 3.5 2 1 3 3 3
-5707.8 -3272.6 -13.2 84 0 7.5 12.1 10.5 3.5 2 1 3 3 3
-5696.7 -3276.7 -13.0 84 0 7.5 12.1 10.5 3.5 2 1 3 5 5
-5693.2 -3252.2 -13.0 354 0 10.4 6.8 10.5 3.5 4 0 3 2 2
-5661.5 -3179.7 -12.5 354 0 12.1 7.5 10.5 3.5 2 0 3 1 1
-5557.8 -3217.0 -11.5 89 0 8.7 21.9 10.0 2.5 2 1 4 1 1
-5541.9 -3238.1 -10.9 83 0 7.7 10.0 7.5 2.5 2 1 3 5 5
-5532.1 -3219.0 -11.0 83 0 7.6 10.0 10.0 2.5 2 1 4 1 1
-5518.5 -3179.3 -11.5 268 0 13.8 12.9 7.5 2.5 2 0 3 3 3
-5490.8 -3175.4 -11.4 267 0 6.3 24.6 10.0 2.5 2 1 4 4 4
-5386.2 -3205.3 -10.7 84 0 8.8 31.7 10.0 2.5 2 1 4 1 1
-5958.7 -3193.6 -16.8 359 0 10.7 8.6 10.5 3.5 2 0 3 0 0
-5901.0 -3138.8 -14.4 89 0 8.6 10.7 10.5 3.5 2 1 3 4 4
-5881.1 -3137.4 -13.8 89 0 8.6 10.7 10.5 3.5 2 1 3 0 0
-5883.1 -3082.1 -13.3 269 0 8.6 10.7 10.5 3.5 2 1 3 5 5
-5850.6 -3112.9 -13.3 269 0 8.6 10.7 10.5 3.5 2 1 3 5 5
-5799.0 -3128.8 -13.3 269 0 8.6 10.7 10.5 3.5 2 1 3 0 0
-5780.0 -3140.3 -13.3 89 0 8.6 10.7 10.5 3.5 2 1 3 1 1
-5758.3 -3137.7 -13.3 89 0 9.3 17.2 10.5 3.5 2 1 3 0 0
-5765.1 -3094.3 -13.1 269 0 8.6 10.7 10.5 3.5 2 1 3 1 1
-5709.5 -3082.5 -13.2 359 0 10.7 8.6 10.5 3.5 2 0 3 0 0
-5722.0 -3064.7 -13.1 359 0 10.7 8.6 10.5 3.5 2 0 3 2 2
-5746.4 -3035.2 -12.9 179 0 10.7 8.6 10.5 3.5 2 0 3 3 3
-5779.3 -2975.8 -14.3 89 0 8.6 10.7 7.5 2.5 2 1 3 4 4
-5657.2 -3136.2 -13.1 89 0 8.6 10.7 10.5 0.0 0 1 3 4 4
-5666.4 -3105.3 -13.2 179 0 10.7 8.6 10.5 3.5 2 0 3 0 0
-5622.2 -3138.4 -13.1 94 0 9.9 18.7 10.5 3.5 2 1 3 2 2
-5635.8 -3115.8 -13.1 89 0 8.6 10.7 10.5 3.5 2 1 3 1 1
-5637.4 -3083.2 -13.2 267 0 15.0 12.1 10.5 3.5 2 0 3 5 5
-5684.5 -3026.2 -13.4 179 0 10.7 8.6 10.5 3.5 2 0 3 5 5
-5698.8 -3073.8 -13.2 179 0 10.7 8.6 10.5 3.5 2 0 3 5 5
-5570.2 -3112.5 -13.0 89 0 8.6 10.7 10.5 3.5 2 1 3 5 5
-5555.6 -3019.3 -13.9 269 0 8.6 10.7 10.5 3.5 2 1 3 4 4
-5559.6 -3346.6 -10.0 359 0 10.7 8.6 7.5 2.5 2 0 3 3 3
-5513.5 -3333.6 -9.5 359 0 10.7 8.6 7.5 2.5 4 0 3 1 1
-5509.0 -3356.8 -9.2 359 0 10.7 8.6 7.5 2.5 2 0 3 1 1
-5557.7 -3445.3 -8.1 269 0 8.6 10.7 5.0 2.5 2 1 2 4 4
-5608.2 -3511.9 -7.6 89 0 8.6 10.7 2.5 2.5 2 1 1 3 3
-5576.4 -3646.3 -7.0 359 0 10.7 8.6 7.5 2.5 4 0 3 4 4
-5615.4 -4061.1 -6.4 284 0 8.6 10.7 10.0 2.5 2 1 4 2 2
-5643.3 -4116.0 -6.7 301 0 8.6 10.7 7.5 0.0 0 1 3 2 2
-5546.9 -4127.8 -4.2 121 0 8.6 10.7 7.5 2.5 2 1 3 4 4
-5547.8 -4068.9 -5.1 211 0 10.7 8.6 5.0 2.5 2 0 2 4 4
-5569.9 -4000.5 -5.3 121 0 8.6 10.7 5.0 2.5 2 1 2 1 1
-5534.6 -4000.8 -4.9 31 0 10.7 8.6 7.5 2.5 2 0 3 0 0
-5522.3 -3967.5 -3.7 31 0 10.7 8.6 10.0 2.5 2 0 4 3 3
-5542.5 -3902.6 -3.7 282 0 8.6 10.7 7.5 2.5 2 1 3 3 3
-5595.3 -3937.0 -4.6 282 0 8.6 10.7 5.0 2.5 2 1 2 5 5
-5637.5 -3932.7 -5.7 282 0 8.6 10.7 10.0 2.5 2 1 4 3 3
-5741.1 -3867.3 -6.2 358 0 10.7 8.6 5.0 2.5 2 0 2 0 0
-6225.5 -4327.1 -9.7 99 0 8.6 10.7 10.5 0.0 0 1 3 4 4
-6287.6 -4335.1 -9.6 189 0 10.7 8.6 10.5 3.5 2 0 3 0 0
-6111.2 -4331.0 -8.3 279 0 8.6 10.7 7.5 2.5 2 1 3 1 1
-6080.8 -4328.8 -9.3 279 0 8.6 10.7 7.5 2.5 2 1 3 4 4
-6213.1 -4222.4 -10.8 279 0 8.6 10.7 10.5 3.5 4 1 3 2 2
-5856.4 -4329.7 -9.3 359 0 10.7 8.6 14.0 3.5 4 0 4 0 0
-5807.8 -4247.5 -7.4 359 0 10.7 8.6 7.5 2.5 2 0 3 0 0
-5912.2 -3702.4 -10.0 77 0 8.0 8.0 14.0 3.5 2 0 4 3 3
-5955.4 -3710.0 -11.3 77 0 8.0 8.0 14.0 3.5 2 0 4 1 1
-5971.3 -3710.9 -11.9 77 0 8.0 8.0 14.0 3.5 2 0 4 0 0
-6115.5 -3776.8 -12.7 347 0 8.0 8.0 7.5 2.5 2 1 3 4 4
-6156.7 -3769.0 -12.6 88 0 8.0 8.0 7.5 2.5 2 0 3 4 4
-6213.0 -3924.1 -7.8 77 0 8.0 8.0 14.0 3.5 4 0 4 2 2
-6187.7 -3925.0 -8.6 77 0 8.0 8.0 14.0 0.0 0 0 4 0 0
-6230.9 -3862.1 -8.8 347 0 8.0 8.0 14.0 3.5 4 1 4 1 1
-6215.4 -3834.4 -9.8 347 0 8.0 8.0 14.0 3.5 2 1 4 2 2
-6241.0 -3838.6 -9.3 257 0 8.0 8.0 14.0 3.5 2 0 4 2 2
-6221.5 -3816.7 -10.2 257 0 8.0 8.0 14.0 3.5 2 0 4 3 3
-6285.8 -3923.2 -6.6 77 0 8.0 8.0 14.0 3.5 2 0 4 5 5
-6302.2 -3851.6 -8.2 257 0 8.0 8.0 14.0 3.5 2 0 4 2 2
-6318.7 -3840.8 -8.3 257 0 8.0 8.0 14.0 3.5 4 0 4 0 0
-6342.6 -3840.0 -7.9 259 0 8.6 14.5 14.0 3.5 2 1 4 1 1
-6352.2 -3882.7 -7.0 167 0 8.0 8.0 14.0 3.5 4 1 4 2 2
-6352.7 -3904.1 -6.9 167 0 8.0 8.0 14.0 3.5 2 1 4 0 0
-6343.9 -3934.8 -6.8 77 0 8.0 8.0 14.0 0.0 0 0 4 4 4
-6359.6 -3870.4 -7.1 171 0 7.6 12.6 14.0 3.5 2 1 4 4 4
-6381.6 -3773.3 -10.2 347 0 17.2 9.3 14.0 3.5 2 0 4 1 1
-6495.2 -3833.8 -10.8 77 0 8.0 8.0 14.0 3.5 2 0 4 4 4
-6542.7 -3810.5 -11.1 257 0 8.0 8.0 14.0 3.5 2 0 4 4 4
-6467.3 -3808.7 -10.2 257 0 8.0 8.0 14.0 3.5 2 0 4 4 4
-6445.5 -3803.8 -10.2 257 0 8.0 8.0 14.0 3.5 4 0 4 2 2
-6431.3 -3812.9 -10.2 77 0 8.0 8.0 14.0 3.5 2 0 4 3 3
-6402.5 -3814.6 -10.1 77 0 8.0 8.0 14.0 3.5 2 0 4 4 4
-6599.9 -3755.2 -11.6 77 0 8.0 8.0 14.0 3.5 2 0 4 0 0
-6624.4 -3776.7 -12.6 81 0 9.0 14.5 14.0 3.5 2 1 4 4 4
-6672.8 -3905.9 -11.4 360 0 15.1 9.8 14.0 3.5 2 0 4 5 5
-6742.2 -3959.6 -10.9 90 0 9.6 12.0 14.0 3.5 2 1 4 0 0
-6775.9 -3963.2 -11.4 90 0 9.6 12.0 14.0 3.5 2 1 4 4 4
-6707.6 -3963.2 -10.2 90 0 9.6 12.0 14.0 3.5 2 1 4 3 3
-6672.1 -3957.4 -10.0 90 0 9.5 12.0 14.0 3.5 2 1 4 2 2
-6790.5 -3871.4 -12.7 180 0 12.0 9.6 14.0 3.5 2 0 4 5 5
-6760.0 -3895.5 -12.0 360 0 12.0 9.6 14.0 3.5 2 0 4 0 0
-6764.5 -3838.8 -12.9 360 0 12.0 9.6 14.0 3.5 2 0 4 0 0
-6777.6 -3806.7 -13.6 180 0 12.0 9.6 14.0 0.0 0 0 4 2 2
-6794.0 -3801.8 -13.7 180 0 12.0 9.6 14.0 3.5 2 0 4 3 3
-6787.9 -3761.3 -14.4 90 0 9.6 12.0 14.0 3.5 2 1 4 2 2
-6907.6 -3942.4 -13.2 180 0 12.0 9.5 10.5 0.0 0 0 3 1 1
-6908.0 -3896.4 -13.1 180 0 12.0 9.6 10.5 3.5 2 0 3 2 2
-6907.1 -3863.8 -13.1 180 0 12.0 9.5 10.5 3.5 2 0 3 0 0
-6854.0 -3969.0 -12.8 90 0 9.6 12.0 10.5 3.5 2 1 3 1 1
-6830.5 -3920.4 -13.2 359 0 6.7 15.8 10.5 3.5 2 1 3 1 1
-6886.8 -3758.3 -13.4 267 0 9.1 11.5 10.5 3.5 2 1 3 4 4
-6854.0 -3782.4 -14.1 267 0 9.1 11.5 10.5 3.5 2 1 3 5 5
-6860.3 -3831.8 -14.1 177 0 11.5 9.1 10.5 3.5 2 0 3 2 2
-6861.0 -3811.8 -14.1 177 0 11.5 9.1 10.5 3.5 2 0 3 5 5
-6819.8 -3847.0 -13.7 357 0 11.5 9.1 10.5 0.0 0 0 3 0 0
-6820.6 -3870.7 -13.5 355 0 11.8 15.1 10.5 3.5 2 1 3 1 1
-6818.6 -3968.5 -12.4 359 0 18.4 22.3 10.5 3.5 2 1 3 3 3
-6708.9 -3626.3 -13.8 177 0 11.5 9.1 14.0 3.5 4 0 4 0 0
-6659.8 -3630.2 -13.5 87 0 9.1 11.5 14.0 0.0 0 1 4 4 4
-6651.4 -3596.3 -13.5 269 0 16.5 13.0 14.0 3.5 2 0 4 4 4
-6663.5 -3576.9 -13.5 267 0 9.1 11.5 14.0 3.5 2 1 4 5 5
-6639.0 -3561.8 -13.4 267 0 9.1 11.5 14.0 3.5 2 1 4 0 0
-6735.9 -3551.0 -13.6 279 0 19.7 16.8 14.0 3.5 2 0 4 2 2
-6804.8 -3608.0 -13.2 25 0 13.6 17.1 14.0 3.5 2 1 4 0 0
-6788.0 -3582.9 -13.1 25 0 13.6 17.1 14.0 3.5 2 1 4 3 3
-6854.8 -3671.9 -13.9 276 0 17.1 13.6 14.0 3.5 2 0 4 4 4
-6850.3 -3700.6 -14.0 6 0 13.6 17.1 14.0 0.0 0 1 4 5 5
-6847.3 -3746.2 -14.3 96 0 17.1 13.6 14.0 3.5 4 0 4 4 4
-6872.9 -3739.2 -13.8 96 0 17.1 13.6 14.0 3.5 2 0 4 0 0
-6870.8 -3718.8 -13.8 96 0 17.1 13.6 14.0 3.5 2 0 4 4 4
-6905.2 -3666.5 -13.2 186 0 13.6 17.1 14.0 3.5 2 1 4 3 3
-6873.0 -3542.5 -13.5 276 0 17.1 13.6 10.5 3.5 2 0 3 1 1
-6576.7 -3602.8 -11.9 95 0 14.7 17.7 14.0 3.5 2 1 4 2 2
-6520.5 -3564.3 -11.6 275 0 14.7 17.7 14.0 3.5 2 1 4 5 5
-6636.2 -3705.9 -12.9 185 0 12.5 14.7 14.0 3.5 2 1 4 0 0
-6635.5 -3683.3 -13.0 185 0 12.5 14.7 14.0 3.5 2 1 4 0 0
-6632.4 -3658.3 -12.9 185 0 12.5 14.7 14.0 3.5 2 1 4 0 0
-6614.2 -3625.1 -12.9 5 0 12.5 14.7 14.0 0.0 0 1 4 3 3
-6613.9 -3584.3 -12.7 275 0 14.7 12.5 14.0 3.5 2 0 4 4 4
-6608.6 -3567.8 -13.0 275 0 14.7 12.5 14.0 3.5 2 0 4 1 1
-6576.2 -3558.9 -12.6 275 0 14.7 12.5 14.0 3.5 2 0 4 5 5
-6470.0 -3594.0 -11.6 185 0 12.5 14.7 14.0 3.5 2 1 4 2 2
-6462.3 -3620.0 -11.3 95 0 14.7 12.5 14.0 3.5 2 0 4 3 3
-6265.9 -3661.7 -14.1 349 0 12.5 14.7 7.5 2.5 2 1 3 3 3
-6325.4 -3717.0 -12.1 174 0 12.5 14.7 7.5 2.5 2 1 3 2 2
-6268.4 -3598.1 -15.2 174 0 12.5 14.7 7.5 0.0 0 1 3 1 1
-6268.4 -3563.8 -15.3 264 0 14.7 12.5 5.0 2.5 2 0 2 0 0
-6239.2 -3604.2 -15.7 80 0 9.4 11.4 5.0 2.5 2 1 2 0 0
-6249.2 -3548.8 -15.9 260 0 9.4 11.4 7.5 2.5 2 1 3 0 0
-6132.3 -3706.1 -14.7 80 0 9.4 11.4 10.0 2.5 2 1 4 1 1
-6381.1 -3641.2 -11.6 350 0 11.4 9.4 14.0 3.5 2 0 4 4 4
-6386.0 -3617.5 -11.9 350 0 11.4 9.4 14.0 3.5 2 0 4 4 4
-6393.4 -3592.6 -12.1 260 0 9.4 11.4 14.0 3.5 2 1 4 3 3
-6758.9 -3784.4 -14.0 3 0 11.4 9.4 14.0 3.5 2 0 4 5 5
-5799.2 -2634.8 -20.6 66 0 11.7 11.3 5.0 2.5 2 0 2 5 5
-5653.8 -2699.1 -18.1 246 0 11.7 11.3 7.5 2.5 2 0 3 5 5
-5563.5 -2824.7 -16.1 355 0 11.3 11.7 10.5 3.5 2 1 3 0 0
-5603.4 -2864.4 -16.4 175 0 11.3 11.7 10.5 3.5 4 1 3 4 4
-5603.0 -2896.6 -15.6 355 0 11.3 11.7 10.5 3.5 2 1 3 3 3
-5631.7 -2917.6 -14.7 175 0 11.3 11.7 10.5 3.5 2 1 3 0 0
-5588.6 -2967.0 -14.0 355 0 11.3 11.7 10.5 3.5 2 1 3 3 3
-5739.0 -2846.4 -16.4 85 0 11.7 11.3 7.5 2.5 2 0 3 3 3
-5889.0 -2964.1 -14.1 85 0 11.7 11.3 7.5 2.5 2 0 3 5 5
-5936.5 -2884.6 -15.2 265 0 11.7 11.3 10.5 3.5 2 0 3 1 1
-6158.9 -2786.8 -20.2 241 0 11.7 11.3 7.5 2.5 2 0 3 3 3
-6206.7 -2832.4 -21.0 61 0 11.7 11.3 10.0 2.5 2 0 4 5 5
-6268.1 -2853.8 -22.1 241 0 11.7 11.3 7.5 2.5 2 0 3 3 3
-6287.0 -2886.4 -21.1 61 0 11.7 11.3 2.5 2.5 4 0 1 4 4
-6390.1 -2805.6 -22.1 241 0 11.7 11.3 10.5 3.5 2 0 3 1 1
-6362.9 -2916.0 -19.4 29 0 11.7 11.2 7.5 2.5 2 0 3 0 0
-6889.5 -2827.9 -21.1 174 0 12.2 19.8 14.0 3.5 2 1 4 3 3
-6861.9 -2776.7 -21.8 358 0 12.0 24.9 14.0 3.5 2 1 4 0 0
-6875.3 -2383.8 -25.2 352 0 11.3 11.7 14.0 3.5 2 1 4 4 4
-6859.2 -2336.6 -24.9 173 0 16.1 11.4 10.5 3.5 2 0 3 2 2
-6794.9 -2359.1 -25.5 262 0 11.7 11.3 10.5 3.5 2 0 3 2 2
-6823.4 -2384.3 -25.5 172 0 11.3 11.7 10.5 3.5 2 1 3 1 1
-6776.2 -2407.4 -25.9 82 0 11.7 11.3 10.5 3.5 2 0 3 2 2
-6764.0 -2299.9 -25.0 82 0 11.7 11.3 5.0 2.5 2 0 2 3 3
-6796.9 -2476.9 -24.3 262 0 11.7 11.3 14.0 3.5 2 0 4 0 0
-6830.1 -2476.4 -25.0 262 0 11.7 11.3 14.0 3.5 2 0 4 1 1
-6785.3 -2520.7 -23.4 352 0 11.3 11.7 14.0 3.5 2 1 4 1 1
-6805.0 -2544.4 -23.2 172 0 11.3 11.7 14.0 3.5 2 1 4 0 0
-6729.6 -2478.2 -23.2 172 0 11.3 11.7 14.0 3.5 2 1 4 4 4
-6707.8 -2456.9 -23.4 262 0 11.7 11.3 14.0 0.0 0 0 4 0 0
-6655.3 -2468.3 -24.3 352 0 11.3 11.7 14.0 3.5 2 1 4 1 1
-6647.2 -2537.6 -25.0 352 0 11.3 11.7 14.0 3.5 4 1 4 3 3
-6628.8 -2561.7 -25.4 352 0 11.3 11.7 14.0 3.5 2 1 4 5 5
-5561.3 -2584.8 -18.5 80 0 8.3 12.0 10.0 2.5 2 1 4 4 4
-5509.0 -3062.6 -13.5 356 0 12.0 27.5 10.5 3.5 2 1 3 4 4
-5511.2 -2918.0 -13.9 89 0 9.0 11.3 2.5 2.5 2 1 1 0 0
-5608.1 -3060.3 -13.5 262 0 11.7 11.3 10.5 3.5 2 0 3 0 0
-5582.7 -3032.3 -13.7 262 0 11.7 11.3 10.5 3.5 2 0 3 5 5
-5513.1 -3394.0 -9.1 82 0 9.1 11.4 5.0 0.0 0 1 2 1 1
-5636.6 -3674.7 -7.2 95 0 11.7 11.3 5.0 2.5 4 0 2 0 0
-5614.6 -3679.0 -6.9 95 0 11.7 11.3 5.0 2.5 2 0 2 0 0
-5596.6 -3623.8 -7.4 275 0 11.7 11.3 7.5 0.0 0 0 3 0 0
-5650.4 -3630.2 -7.8 185 0 11.3 11.7 5.0 2.5 4 1 2 1 1
-5817.9 -4140.1 -9.5 208 0 11.3 11.7 7.5 2.5 2 1 3 3 3
-5715.8 -4259.1 -5.0 208 0 11.3 11.7 10.0 2.5 2 1 4 1 1
-5696.3 -4234.4 -5.3 208 0 11.3 11.7 7.5 2.5 4 1 3 2 2
-5670.1 -4180.1 -6.2 32 0 14.0 11.0 5.0 2.5 2 0 2 0 0
-5955.9 -4313.9 -12.3 92 0 11.7 11.3 14.0 3.5 2 0 4 2 2
-6172.2 -4217.5 -11.3 276 0 11.7 11.3 10.5 3.5 2 0 3 2 2
-6229.1 -4205.7 -9.9 6 0 11.3 11.7 10.5 3.5 4 1 3 4 4
-6235.7 -4280.5 -10.6 186 0 11.3 11.7 10.5 3.5 2 1 3 5 5
-6409.4 -4269.2 -7.0 186 0 11.3 11.7 10.5 3.5 4 1 3 1 1
-6872.6 -4075.3 -12.1 8 0 16.3 12.6 14.0 3.5 2 0 4 2 2
-5369.9 -4119.7 -1.4 91 0 12.0 10.0 5.0 2.5 2 0 2 1 1
-5427.1 -4118.0 -2.8 91 0 12.0 10.0 2.5 2.5 4 0 1 4 4
-5490.5 -4164.3 -3.8 1 0 10.0 12.0 2.5 0.0 0 1 1 3 3
-5493.0 -4109.3 -3.7 1 0 10.0 12.0 5.0 2.5 2 1 2 3 3
-6114.1 -2913.4 -17.7 61 0 11.7 11.3 7.5 2.5 2 0 3 5 5
-5699.0 -2733.9 -17.6 70 0 8.5 8.6 2.5 2.5 2 1 1 0 0
-5363.8 -2617.3 -17.1 79 0 8.5 8.6 7.5 0.0 0 1 3 5 5
-5400.6 -2526.5 -20.0 349 0 8.6 8.5 7.5 2.5 2 0 3 0 0
-5421.8 -2475.4 -21.5 349 0 8.6 8.5 7.5 0.0 0 0 3 0 0
-5250.7 -2641.6 -15.9 79 0 8.5 8.6 7.5 2.5 2 1 3 2 2
-5180.6 -2645.9 -15.9 94 0 8.5 8.6 5.0 2.5 2 1 2 4 4
-5163.7 -2648.0 -15.8 95 0 8.5 8.6 7.5 2.5 2 1 3 1 1
-5120.9 -2661.3 -15.5 94 0 8.5 8.6 7.5 2.5 2 1 3 3 3
-3131.8 -4261.0 -5.6 114 0 7.3 11.2 5.0 2.5 2 1 2 5 5
4586.0 -1856.3 0.5 359 0 32.4 8.6 7.5 2.5 2 0 3 5 5
4589.6 -1938.9 -0.5 10 0 30.1 7.1 7.5 2.5 2 0 3 2 2
4551.2 -1933.3 0.7 132 0 7.6 28.3 7.5 2.5 2 1 3 1 1
4523.1 -1895.8 1.7 260 0 10.0 28.3 7.5 2.5 2 1 3 3 3
4454.9 -1852.4 4.9 303 0 9.6 37.7 10.0 2.5 2 1 4 5 5
4406.5 -1839.8 4.6 290 0 8.5 29.1 10.0 2.5 2 1 4 2 2
4311.9 -1863.0 2.2 119 0 8.1 18.7 2.5 2.5 2 1 1 2 2
4269.8 -1863.9 1.6 126 0 6.9 19.5 7.5 2.5 2 1 3 4 4
4330.2 -1834.6 2.2 300 0 8.0 10.8 7.5 2.5 2 1 3 2 2
4528.6 -1344.0 -1.0 20 0 30.3 6.3 7.5 2.5 2 0 3 5 5
4515.5 -1258.1 -1.9 295 0 7.0 29.5 2.5 2.5 2 1 1 1 1
4587.4 -1256.0 0.3 290 0 8.4 31.0 10.0 2.5 2 1 4 4 4
-161.1 -2511.3 0.1 98 0 9.0 37.3 10.0 2.5 2 1 4 2 2
-146.2 -2434.7 0.3 9 0 29.6 8.9 10.0 2.5 2 0 4 2 2
-6899.3 2148.8 -17.9 168 0 11.5 9.0 14.0 3.5 2 0 4 5 5
-6885.1 2163.3 -18.6 177 0 13.8 9.1 14.0 3.5 2 0 4 4 4
-6843.6 2212.7 -19.1 257 0 8.9 9.2 14.0 3.5 2 1 4 4 4
-6466.8 2317.1 -17.2 253 0 8.9 12.7 5.0 2.5 2 1 2 0 0
-6562.6 2790.3 -19.8 182 0 10.7 7.9 14.0 3.5 2 0 4 0 0
-6496.0 2758.5 -18.7 184 0 7.1 8.2 14.0 3.5 2 1 4 2 2
-6016.2 2784.3 -15.9 109 0 7.9 13.5 7.5 2.5 2 1 3 3 3
-5957.4 2813.7 -15.2 268 0 6.2 12.8 10.0 0.0 0 1 4 5 5
-5889.2 2793.1 -14.0 78 0 11.1 9.8 5.0 2.5 2 0 2 4 4
-5815.4 2824.7 -14.4 92 0 11.9 14.3 7.5 2.5 2 1 3 3 3
-5674.6 2866.0 -10.2 339 0 13.6 11.8 7.5 2.5 2 0 3 2 2
-5530.1 2880.0 -14.2 91 0 9.8 11.6 5.0 2.5 2 1 2 0 0
-5638.8 2808.0 -11.9 333 0 11.5 10.5 2.5 2.5 2 0 1 1 1
-5538.5 2506.9 -13.5 174 0 12.4 8.7 7.5 2.5 2 0 3 1 1
-5639.6 2458.3 -15.8 350 0 14.1 11.2 2.5 2.5 2 0 1 4 4
-5879.7 2452.3 -16.6 79 0 7.2 13.4 7.5 2.5 2 1 3 1 1
-5829.2 2477.1 -16.7 79 0 6.7 6.0 7.5 2.5 2 0 3 2 2
-5838.1 2434.9 -18.3 248 0 16.8 13.1 5.0 2.5 2 0 2 5 5
-5918.6 2336.5 -16.4 83 0 6.4 12.2 10.0 2.5 2 1 4 4 4
-5976.9 2430.0 -16.8 75 0 11.0 11.4 7.5 2.5 2 1 3 1 1
-6579.4 2242.3 -17.1 76 0 11.9 17.1 14.0 3.5 2 1 4 0 0
-6611.5 2283.2 -16.8 239 0 9.5 9.3 14.0 3.5 2 0 4 2 2
-6602.0 2224.1 -17.1 77 0 8.8 9.8 14.0 3.5 2 1 4 5 5
-6529.2 2218.5 -17.1 252 0 8.6 9.3 14.0 3.5 2 1 4 1 1
-6631.3 2467.8 -20.9 8 0 10.3 8.8 5.0 2.5 2 0 2 0 0
-6517.1 2415.0 -20.3 178 0 13.4 10.8 7.5 2.5 2 0 3 1 1
-6462.9 2534.4 -22.3 352 0 13.2 9.1 7.5 0.0 0 0 3 5 5
-6294.5 2258.2 -16.0 87 0 8.1 15.0 10.5 3.5 2 1 3 3 3
-6272.5 2321.1 -17.6 90 0 8.6 9.1 14.0 3.5 2 1 4 5 5
-6275.6 2105.6 -14.7 260 0 11.5 7.7 14.0 3.5 2 0 4 3 3
-6253.6 2112.6 -14.8 355 0 9.6 8.0 14.0 3.5 2 0 4 0 0
-6145.1 1952.8 -16.6 180 0 6.6 8.8 7.5 2.5 2 1 3 0 0
-6070.0 1982.4 -18.1 269 0 6.1 7.8 5.0 2.5 2 1 2 3 3
-6041.3 2053.8 -17.7 161 0 8.8 9.0 14.0 3.5 2 1 4 0 0
-6027.8 2111.9 -16.6 352 0 7.8 6.1 14.0 3.5 2 0 4 2 2
-5950.2 2129.8 -16.5 79 0 11.2 12.8 7.5 2.5 2 1 3 2 2
-5954.6 2059.1 -17.9 77 0 6.5 7.7 7.5 2.5 2 1 3 4 4
-5974.5 1906.6 -21.7 176 0 6.9 7.6 7.5 2.5 2 1 3 3 3
-6018.1 2017.4 -18.0 261 0 8.7 8.2 7.5 2.5 2 0 3 2 2
-6193.1 1900.6 -17.4 91 0 8.0 11.6 7.5 2.5 2 1 3 0 0
-6170.9 2160.3 -17.0 258 0 6.3 7.0 14.0 3.5 2 1 4 0 0
-6208.1 2147.3 -16.6 264 0 6.3 7.4 14.0 3.5 2 1 4 2 2
-6189.9 2279.5 -16.3 184 0 9.7 11.1 14.0 3.5 2 1 4 4 4
-6163.0 2316.3 -17.0 326 0 7.3 12.1 14.0 3.5 4 1 4 3 3
-6215.0 2424.4 -19.8 154 0 8.7 10.1 5.0 0.0 0 1 2 3 3
-6225.6 2668.7 -16.6 358 0 11.7 10.2 10.5 0.0 0 0 3 0 0
-6229.4 2591.0 -16.5 92 0 11.3 13.9 10.5 3.5 2 1 3 3 3
-6217.0 2637.9 -16.8 2 0 14.5 12.4 10.5 3.5 2 0 3 3 3
-6287.3 2669.9 -16.1 2 0 8.8 12.7 14.0 3.5 2 1 4 3 3
-6502.4 2680.3 -19.5 95 0 19.8 17.7 14.0 3.5 2 0 4 0 0
-6485.1 2860.8 -19.8 2 0 6.2 7.2 14.0 3.5 2 1 4 1 1
-6790.3 -803.1 -22.6 331 0 14.5 7.8 2.5 2.5 2 0 1 1 1
-6300.9 -503.1 -20.0 75 0 9.9 16.3 5.0 2.5 2 1 2 3 3
-6283.6 -458.7 -19.4 248 0 11.8 13.7 7.5 2.5 2 1 3 1 1
-6205.9 -452.0 -20.3 265 0 7.2 9.0 5.0 2.5 2 1 2 5 5
-6137.5 -419.7 -21.1 255 0 14.7 11.1 7.5 2.5 2 0 3 3 3
-6124.3 -318.2 -22.9 253 0 10.0 18.3 7.5 2.5 4 1 3 4 4
-5956.9 -291.6 -23.0 78 0 17.5 18.1 7.5 2.5 2 1 3 0 0
-5548.5 -605.8 -17.5 72 0 8.1 10.2 2.5 2.5 4 1 1 5 5
-5700.3 -649.4 -17.3 79 0 10.6 15.4 10.0 2.5 2 1 4 2 2
-5611.4 -680.9 -16.9 357 0 11.8 9.9 7.5 2.5 2 0 3 0 0
-5645.4 -935.8 -14.4 175 0 7.4 11.5 7.5 2.5 2 1 3 4 4
-5628.0 -1079.9 -14.4 359 0 9.4 12.4 7.5 2.5 2 1 3 2 2
-5721.1 -1260.3 -13.6 101 0 9.0 12.9 5.0 2.5 2 1 2 0 0
-5663.9 -1745.9 -16.8 182 0 6.7 7.2 2.5 2.5 2 1 1 4 4
-5686.3 -1786.5 -18.1 354 0 6.8 6.5 7.5 2.5 2 0 3 2 2
-5172.9 -1511.5 -14.4 268 0 7.8 9.3 5.0 2.5 2 1 2 2 2
-5379.7 -1382.7 -14.1 91 0 8.6 10.9 5.0 0.0 0 1 2 4 4
-5407.3 -1692.0 -14.5 358 0 14.3 9.3 7.5 2.5 2 0 3 1 1
-6797.8 -6217.4 -22.7 161 0 12.0 8.7 10.0 0.0 0 0 4 0 0
-6809.5 2988.4 -20.8 103 0 12.4 14.4 5.0 2.5 2 1 2 2 2
-6854.7 3031.1 -21.1 274 0 10.1 12.7 7.5 2.5 2 1 3 5 5
-6873.6 3126.6 -21.8 270 0 10.4 12.5 5.0 2.5 4 1 2 4 4
-6885.0 3107.0 -21.5 182 0 8.2 7.2 7.5 2.5 2 0 3 3 3
-4798.8 -984.9 -13.5 244 0 9.5 51.6 7.5 2.5 2 1 3 3 3
-4789.8 -953.1 -13.3 259 0 20.9 8.1 2.5 2.5 2 0 1 5 5
-4744.7 -943.3 -13.1 258 0 39.0 12.5 7.5 2.5 2 0 3 5 5
-4711.9 -1012.8 -13.0 341 0 13.4 42.0 7.5 2.5 2 1 3 0 0
-5148.1 -1379.4 -12.4 181 0 7.2 9.3 7.5 2.5 2 1 3 0 0
-4988.7 -1174.6 -11.8 332 0 6.2 7.8 7.5 2.5 2 1 3 4 4
-4973.1 -1108.2 -11.3 171 0 7.5 7.7 7.5 2.5 2 1 3 3 3
-4676.5 -1568.3 -14.6 182 0 8.2 9.9 7.5 2.5 2 1 3 5 5
-4794.0 -1546.2 -14.6 324 0 8.8 12.6 7.5 2.5 2 1 3 5 5
-5045.0 -1659.6 -14.8 273 0 7.3 6.7 2.5 2.5 2 0 1 2 2
-4096.4 -1005.6 -9.1 37 0 18.4 13.4 5.0 2.5 2 0 2 4 4
-6070.6 -1268.1 -14.6 207 0 9.0 16.3 7.5 2.5 2 1 3 3 3
-5818.7 -1253.5 -14.0 12 0 8.7 14.0 5.0 2.5 2 1 2 3 3
-5767.4 -1059.8 -14.1 262 0 8.2 11.6 5.0 2.5 4 1 2 4 4
-5813.0 -1103.4 -12.8 180 0 8.7 8.3 7.5 2.5 2 0 3 5 5
-5802.2 -1149.0 -12.9 103 0 7.9 47.4 10.0 2.5 2 1 4 4 4
-5848.1 -1111.0 -13.3 194 0 8.6 41.4 7.5 2.5 2 1 3 4 4
-5852.3 -1133.3 -13.6 194 0 8.6 40.5 10.0 2.5 2 1 4 2 2
-5856.2 -1152.8 -13.8 195 0 9.4 40.6 10.0 0.0 0 1 4 1 1
-5894.8 -1216.1 -14.3 278 0 9.3 26.2 7.5 2.5 2 1 3 3 3
-5931.4 -1201.0 -14.6 275 0 10.7 32.9 7.5 2.5 2 1 3 3 3
-5939.2 -1189.8 -14.6 11 0 7.2 9.8 2.5 2.5 2 1 1 5 5
-6003.7 -1130.1 -15.3 209 0 11.1 17.0 7.5 2.5 2 1 3 1 1
-6039.3 -1143.0 -15.3 207 0 21.2 14.6 15.0 0.0 0 0 6 1 1
-6054.8 -1206.1 -14.1 118 0 12.1 14.6 2.5 2.5 2 1 1 0 0
-6068.1 -1226.7 -14.1 124 0 8.9 10.0 7.5 2.5 2 1 3 2 2
-6076.9 -1242.7 -14.4 122 0 9.5 13.2 5.0 2.5 2 1 2 5 5
-6050.0 -873.1 -17.5 289 0 6.1 7.8 7.5 2.5 2 1 3 2 2
-6112.1 -904.8 -17.7 91 0 19.8 12.2 10.0 2.5 2 0 4 0 0
-6149.4 -897.8 -17.6 187 0 12.9 10.5 5.0 2.5 2 0 2 1 1
-6232.5 -483.6 -19.5 79 0 9.2 14.3 2.5 2.5 4 1 1 4 4
-6335.4 -536.8 -20.8 77 0 9.4 10.0 7.5 0.0 0 1 3 2 2
-6380.0 -520.4 -21.2 259 0 11.3 12.9 5.0 2.5 2 1 2 2 2
-6524.6 -664.9 -21.7 244 0 10.4 10.0 7.5 2.5 2 0 3 4 4
-3856.9 -1239.8 -12.3 87 0 6.1 7.3 7.5 2.5 2 1 3 3 3
-3912.2 -1309.6 -13.3 24 0 6.8 7.2 2.5 2.5 2 1 1 0 0
-3829.1 -1344.0 -13.9 269 0 7.4 12.0 2.5 2.5 2 1 1 4 4
-6680.8 3043.6 -20.7 93 0 7.8 12.6 10.0 2.5 2 1 4 2 2
-6526.7 3219.4 -24.3 83 0 8.8 7.4 7.5 2.5 2 0 3 2 2
-6674.6 3241.1 -22.0 170 0 6.2 8.8 7.5 2.5 2 1 3 2 2
-6723.6 3160.3 -21.8 337 0 10.0 8.9 7.5 0.0 0 0 3 5 5
-6634.0 3137.0 -22.3 2 0 8.5 12.0 5.0 2.5 2 1 2 2 2
-6668.2 3073.5 -20.9 179 0 9.9 11.6 7.5 2.5 2 1 3 5 5
-6657.8 2939.6 -19.0 88 0 10.5 12.6 2.5 2.5 2 1 1 4 4
-6724.3 2978.9 -19.9 289 0 19.3 13.2 10.0 2.5 2 0 4 0 0
-6655.0 -6048.7 -18.3 10 0 11.2 8.2 5.0 2.5 2 0 2 0 0
-6857.2 -1610.6 -19.4 184 0 9.4 8.9 10.5 3.5 2 0 3 2 2
-6827.2 -1679.2 -20.0 345 0 11.6 12.8 5.0 2.5 2 1 2 4 4
-6826.4 -1559.0 -19.5 128 0 10.4 12.1 14.0 3.5 2 1 4 5 5
-6692.9 -1828.0 -18.9 352 0 17.8 9.7 14.0 3.5 2 0 4 2 2
-6647.0 -1732.0 -18.6 90 0 6.4 13.0 5.0 2.5 2 1 2 2 2
-6645.4 -1444.4 -17.5 194 0 14.6 14.3 14.0 3.5 2 0 4 1 1
-6643.7 -1514.9 -18.7 4 0 19.2 7.2 14.0 0.0 0 0 4 3 3
-6639.5 -1548.8 -19.5 1 0 20.6 9.0 14.0 3.5 2 0 4 3 3
-6608.5 -1141.1 -17.8 76 0 21.9 19.4 10.0 0.0 0 0 4 0 0
-6714.5 -1501.7 -19.0 287 0 18.3 19.7 14.0 3.5 2 1 4 3 3
-4327.2 4094.5 -11.1 358 0 11.7 13.9 7.5 2.5 2 1 3 0 0
-4312.8 3924.2 -9.4 2 0 7.3 11.1 7.5 0.0 0 1 3 3 3
-4282.5 3977.4 -10.8 180 0 13.1 8.5 7.5 0.0 0 0 3 0 0
-4287.7 4059.9 -12.5 173 0 11.2 9.4 5.0 2.5 2 0 2 2 2
-4293.1 4035.9 -12.2 171 0 8.4 12.6 7.5 2.5 2 1 3 3 3
-4163.4 4233.9 -15.0 5 0 11.7 9.1 7.5 2.5 2 0 3 5 5
-4031.0 4303.9 -16.0 182 0 10.6 11.2 7.5 2.5 2 1 3 4 4
-3970.7 4251.0 -15.0 179 0 7.8 11.8 5.0 2.5 2 1 2 1 1
-4118.9 3978.9 -9.3 176 0 6.3 6.7 10.0 2.5 2 1 4 3 3
-4119.0 4043.3 -11.5 184 0 6.2 6.4 5.0 2.5 2 1 2 0 0
-4128.6 4136.6 -14.2 180 0 8.5 6.8 2.5 2.5 2 0 1 4 4
-4166.8 4137.0 -14.3 275 0 11.1 8.6 7.5 2.5 2 0 3 0 0
-4224.0 3764.0 -6.5 94 0 7.6 6.2 7.5 2.5 4 0 3 2 2
-3941.1 3619.0 1.4 68 0 7.0 8.4 2.5 2.5 2 1 1 4 4
-4066.5 3982.7 -8.4 359 0 7.4 7.0 5.0 2.5 2 0 2 4 4
-4046.4 3961.0 -7.0 181 0 6.9 7.7 2.5 0.0 0 1 1 2 2
-3956.3 4036.9 -7.4 180 0 11.4 9.8 7.5 2.5 2 0 3 0 0
-3914.3 3889.3 -3.9 179 0 6.7 9.0 7.5 2.5 2 1 3 3 3
-3842.2 3797.6 -2.1 90 0 6.1 10.0 7.5 2.5 2 1 3 1 1
-3804.7 3883.3 -3.7 89 0 6.8 7.7 2.5 2.5 2 1 1 2 2
-3739.3 3872.2 -2.1 91 0 6.6 8.0 2.5 2.5 2 1 1 2 2
-6756.7 1738.4 -24.6 63 0 6.6 11.8 14.0 3.5 2 1 4 2 2
-6705.0 1788.3 -25.6 333 0 6.8 6.5 14.0 3.5 2 0 4 3 3
-6715.6 1820.8 -25.0 253 0 6.1 7.8 14.0 3.5 2 1 4 1 1
-6751.6 1799.0 -24.3 255 0 9.1 8.7 14.0 3.5 2 0 4 1 1
-6789.2 1788.7 -23.2 228 0 7.1 6.2 14.0 3.5 4 0 4 5 5
-6824.6 1731.8 -22.8 151 0 7.1 7.3 14.0 3.5 2 1 4 1 1
-6772.5 1675.6 -24.1 56 0 8.5 7.7 14.0 3.5 2 0 4 1 1
-6805.3 1671.5 -23.3 60 0 9.5 9.9 14.0 3.5 2 1 4 4 4
-6834.6 1654.1 -22.6 94 0 9.4 8.2 14.0 3.5 2 0 4 5 5
-6787.2 1610.5 -26.2 0 0 15.9 14.1 10.5 3.5 2 0 3 0 0
-6828.5 1600.3 -25.4 81 0 15.8 11.3 10.5 3.5 4 0 3 1 1
-6906.0 1888.7 -20.4 173 0 21.8 8.3 5.0 2.5 2 0 2 0 0
-6880.7 1804.7 -21.1 175 0 6.8 7.3 14.0 3.5 2 1 4 5 5
-4983.7 3839.7 -15.0 79 0 10.0 11.4 7.5 2.5 2 1 3 0 0
-5011.0 3817.7 -14.9 81 0 8.6 24.8 5.0 0.0 0 1 2 1 1
-4974.7 4046.5 -15.0 267 0 8.5 14.1 2.5 2.5 2 1 1 5 5
-5154.8 3983.6 -14.8 344 0 11.6 8.9 5.0 2.5 2 0 2 4 4
-5223.1 3968.2 -14.1 272 0 9.2 12.4 5.0 2.5 2 1 2 3 3
-5204.2 3841.4 -13.7 272 0 9.0 12.6 5.0 2.5 2 1 2 4 4
-5260.7 3822.7 -14.0 88 0 9.1 8.0 7.5 2.5 2 0 3 2 2
-5292.5 3734.4 -16.4 360 0 11.3 8.7 5.0 2.5 2 0 2 0 0
-5349.7 3748.0 -16.8 271 0 8.3 11.8 7.5 2.5 2 1 3 4 4
-5395.5 3560.1 -18.7 182 0 9.3 12.6 10.0 2.5 2 1 4 5 5
-4848.3 3857.6 -11.3 91 0 7.4 17.5 2.5 2.5 2 1 1 1 1
-4960.3 3838.4 -14.6 79 0 6.6 8.2 5.0 2.5 2 1 2 0 0
-4883.8 3866.7 -11.5 0 0 12.3 7.4 7.5 2.5 2 0 3 5 5
-4899.7 3973.0 -13.0 353 0 12.9 7.1 7.5 2.5 2 0 3 2 2
-4891.5 3922.0 -12.6 347 0 8.1 10.4 7.5 2.5 2 1 3 2 2
-4430.0 5450.2 -6.5 271 0 7.3 6.1 10.0 2.5 2 0 4 0 0
-4741.9 5531.4 -11.6 269 0 7.3 9.3 7.5 2.5 2 1 3 5 5
-5072.0 5924.8 -14.6 181 0 6.4 8.0 10.0 2.5 2 1 4 2 2
-4941.6 5743.4 -14.5 282 0 6.0 15.5 7.5 2.5 2 1 3 4 4
-5056.9 5606.6 -17.3 359 0 9.7 7.4 2.5 2.5 2 0 1 5 5
-5215.5 5973.0 -15.7 281 0 8.5 9.9 2.5 2.5 2 1 1 0 0
-5315.1 6014.2 -17.0 96 0 9.4 14.8 7.5 2.5 2 1 3 4 4
-5370.6 5940.3 -18.0 89 0 8.1 12.3 7.5 0.0 0 1 3 1 1
-5293.8 5872.4 -16.6 99 0 6.0 6.7 7.5 2.5 2 1 3 2 2
-5297.9 5706.4 -17.9 33 0 8.0 9.6 5.0 0.0 0 1 2 0 0
-5459.8 5601.1 -22.6 104 0 7.3 8.5 5.0 2.5 2 1 2 0 0
-5490.0 5854.2 -19.2 276 0 7.3 7.8 5.0 2.5 2 1 2 4 4
-5502.0 5787.6 -21.6 0 0 8.7 7.8 10.0 2.5 2 0 4 3 3
-5460.7 6779.9 -16.1 271 0 8.8 7.6 5.0 2.5 2 0 2 0 0
-5995.4 -6511.1 -20.7 95 0 6.6 7.6 7.5 2.5 2 1 3 4 4
-6259.1 -6472.7 -22.5 197 0 11.0 8.3 7.5 2.5 4 0 3 0 0
-6222.9 -6384.4 -19.3 93 0 9.9 12.8 10.0 2.5 2 1 4 1 1
-6180.3 -6317.1 -16.5 269 0 7.8 10.6 7.5 2.5 2 1 3 1 1
-6277.0 -6079.9 -15.4 89 0 8.9 10.3 7.5 0.0 0 1 3 2 2
-6306.4 -6026.5 -15.0 182 0 6.9 7.5 7.5 2.5 2 1 3 4 4
-6207.0 -6084.9 -15.7 180 0 6.6 6.6 7.5 2.5 2 1 3 2 2
-6194.0 -6087.5 -15.9 83 0 9.4 11.3 7.5 2.5 2 1 3 5 5
-6180.8 -5984.3 -16.5 270 0 8.2 10.2 2.5 2.5 2 1 1 3 3
-5592.3 -6187.5 -19.3 177 0 8.9 8.0 5.0 2.5 2 0 2 0 0
-5656.5 -6035.8 -18.8 89 0 43.7 19.8 10.0 0.0 0 0 4 5 5
-5667.7 -5944.5 -17.1 270 0 9.0 32.6 10.0 2.5 2 1 4 3 3
-5621.4 -5988.8 -16.4 90 0 23.5 9.9 7.5 2.5 2 0 3 2 2
-5599.6 -5945.9 -15.0 271 0 12.3 30.7 12.5 2.5 2 1 5 1 1
-5539.4 -5971.4 -15.0 359 0 10.2 24.1 10.0 0.0 0 1 4 0 0
-5535.9 -5952.5 -15.0 0 0 10.4 28.4 7.5 2.5 2 1 3 2 2
-5538.3 -5933.4 -15.0 360 0 9.0 25.2 7.5 2.5 2 1 3 4 4
310.6 -4545.2 0.1 6 0 6.3 7.0 7.5 2.5 2 1 3 2 2
337.1 -4319.4 -0.7 177 0 6.4 11.7 7.5 2.5 2 1 3 2 2
-6654.9 -4525.3 -5.5 89 0 7.8 8.0 10.5 3.5 2 1 3 3 3
-6602.3 -4571.9 -5.7 91 0 7.8 11.0 10.5 3.5 2 1 3 5 5
-6595.7 -4518.2 -5.8 89 0 11.9 10.0 10.5 3.5 2 0 3 2 2
-6639.3 -4504.6 -5.6 179 0 8.5 16.4 10.5 3.5 2 1 3 3 3
-6703.1 -4494.1 -5.5 185 0 8.3 10.0 10.5 0.0 0 1 3 2 2
-6704.7 -4461.6 -6.0 181 0 7.8 10.4 10.5 3.5 4 1 3 4 4
-6687.5 -4398.1 -6.0 180 0 9.0 6.7 10.5 3.5 2 0 3 0 0
-6622.2 -4436.4 -5.3 175 0 9.7 10.2 10.5 3.5 2 1 3 1 1
-6562.4 -4457.6 -5.6 88 0 9.1 10.7 10.5 3.5 2 1 3 2 2
-6567.6 -4558.8 -5.1 79 0 7.5 7.4 10.5 3.5 2 0 3 0 0
-6520.1 -4509.3 -5.7 356 0 7.7 10.7 10.5 3.5 2 1 3 2 2
-6500.2 -4391.8 -5.6 356 0 13.1 9.5 10.5 3.5 2 0 3 1 1
-6484.6 -4355.0 -6.1 266 0 9.6 11.9 10.5 3.5 2 1 3 4 4
-6469.8 -4383.0 -5.8 353 0 12.4 9.6 10.5 3.5 2 0 3 0 0
-6466.2 -4402.6 -5.7 357 0 13.1 11.2 10.5 0.0 0 0 3 0 0
-6482.5 -4448.8 -6.0 87 0 7.3 11.3 10.5 3.5 2 1 3 4 4
-6470.2 -4504.4 -6.5 98 0 8.5 12.8 10.5 3.5 2 1 3 1 1
-6453.7 -4465.8 -6.5 81 0 9.7 11.7 10.5 3.5 2 1 3 2 2
-6418.6 -4518.8 -6.7 98 0 9.6 10.6 10.5 3.5 2 1 3 4 4
-6407.0 -4459.3 -6.9 13 0 12.6 13.6 10.5 3.5 2 1 3 5 5
-6451.4 -4431.0 -6.1 358 0 7.9 8.8 10.5 3.5 2 1 3 5 5
-6404.5 -4394.3 -6.5 4 0 9.9 8.8 10.5 3.5 2 0 3 4 4
-6427.6 -4359.9 -6.2 5 0 6.5 6.5 10.5 3.5 2 0 3 4 4
-6314.0 -4511.8 -7.2 12 0 13.6 10.5 10.5 3.5 4 0 3 5 5
-6309.2 -4470.0 -7.0 5 0 13.3 7.7 10.5 3.5 2 0 3 2 2
-6304.3 -4441.8 -7.2 358 0 13.2 9.6 10.5 3.5 2 0 3 1 1
-6307.7 -4413.2 -8.0 7 0 9.9 10.7 10.5 3.5 2 1 3 3 3
-6276.0 -4694.1 -6.1 178 0 6.3 8.4 5.0 2.5 2 1 2 4 4
-6246.8 -4680.4 -6.0 258 0 9.1 10.5 7.5 2.5 2 1 3 0 0
-6235.0 -4600.1 -6.5 89 0 13.6 15.4 7.5 2.5 2 1 3 5 5
-6221.5 -4533.6 -7.1 1 0 15.9 15.7 5.0 2.5 2 0 2 5 5
-6147.9 -4506.1 -7.7 167 0 8.9 8.7 7.5 0.0 0 0 3 1 1
-6123.0 -4489.2 -7.5 353 0 10.1 9.7 10.0 2.5 2 0 4 3 3
-6152.3 -4482.2 -7.4 170 0 8.4 6.8 2.5 2.5 2 0 1 5 5
-6148.5 -4425.4 -7.1 183 0 12.6 11.8 7.5 0.0 0 0 3 0 0
-6049.6 -4488.1 -7.4 88 0 9.1 10.0 5.0 2.5 2 1 2 0 0
-5983.2 -4509.5 -6.8 1 0 11.7 9.7 7.5 2.5 2 0 3 1 1
-5963.2 -4542.8 -7.0 4 0 9.6 9.9 2.5 2.5 2 1 1 4 4
-5955.0 -4398.4 -9.3 180 0 10.9 10.5 7.5 2.5 2 0 3 4 4
-6560.3 -4475.7 -5.7 82 0 9.7 9.4 10.5 3.5 2 0 3 4 4
-6524.9 -4518.2 -5.9 83 0 13.3 23.1 10.5 3.5 2 1 3 5 5
-6513.5 -4550.9 -4.9 356 0 14.3 8.9 10.5 3.5 2 0 3 4 4
-6539.4 -4549.1 -4.7 357 0 12.1 7.0 10.5 3.5 2 0 3 5 5
-6537.6 -4574.4 -4.1 357 0 9.2 9.4 10.5 3.5 2 1 3 3 3
-6559.8 -4621.0 -5.6 175 0 13.9 11.3 10.5 3.5 2 0 3 4 4
-6450.4 -4586.1 -5.6 263 0 8.8 11.5 10.5 3.5 2 1 3 5 5
-6447.4 -4636.4 -5.8 89 0 10.0 13.1 10.5 3.5 2 1 3 0 0
-6518.0 -4650.9 -6.6 356 0 11.9 11.3 10.5 3.5 2 0 3 4 4
-6639.5 -4747.7 -8.0 83 0 7.9 9.5 10.5 0.0 0 1 3 0 0
-6662.6 -4827.6 -9.1 94 0 11.3 13.3 10.5 3.5 2 1 3 4 4
-6626.5 -4809.7 -8.5 264 0 8.2 12.5 10.5 3.5 2 1 3 3 3
-6633.3 -4854.7 -9.0 88 0 11.0 13.7 10.5 3.5 2 1 3 5 5
-6608.2 -4851.9 -8.5 91 0 8.8 13.5 10.5 3.5 2 1 3 4 4
-6566.9 -4836.7 -7.9 359 0 12.1 8.8 10.5 3.5 2 0 3 4 4
-6522.2 -4781.4 -7.0 265 0 8.3 13.5 10.5 3.5 2 1 3 3 3
-6448.7 -4865.8 -7.0 19 0 13.7 9.8 10.5 3.5 2 0 3 2 2
-6444.6 -4767.3 -6.9 264 0 10.5 12.0 10.5 0.0 0 1 3 2 2
-6452.9 -4786.6 -7.0 183 0 7.1 8.3 10.5 3.5 4 1 3 1 1
-6625.9 -4953.5 -9.7 287 0 10.6 11.4 5.0 2.5 2 1 2 4 4
-6599.9 -4877.3 -8.7 92 0 9.8 9.7 10.5 3.5 2 0 3 2 2
-6481.2 -4885.1 -7.1 196 0 12.6 11.1 10.5 3.5 2 0 3 1 1
-6429.5 -4818.2 -7.0 4 0 12.3 10.4 10.5 3.5 2 0 3 2 2
-6668.6 -4972.3 -10.3 193 0 12.2 9.2 5.0 2.5 2 0 2 1 1
-6687.0 -5155.0 -13.8 187 0 14.8 8.9 7.5 2.5 2 0 3 2 2
-6650.3 -5159.8 -13.4 96 0 7.5 15.6 5.0 2.5 4 1 2 1 1
-6125.8 -5049.2 -7.8 72 0 10.0 12.6 7.5 2.5 2 1 3 3 3
-6124.2 -4978.1 -6.8 348 0 9.8 15.7 7.5 2.5 2 1 3 2 2
-5931.6 -4992.3 -5.9 355 0 12.2 11.8 5.0 2.5 2 0 2 5 5
-6009.8 -4946.3 -4.9 174 0 12.0 10.3 7.5 2.5 2 0 3 0 0
-5989.3 -4917.5 -5.6 2 0 6.5 8.6 7.5 2.5 2 1 3 5 5
-5890.2 -4831.5 -8.0 349 0 8.7 12.8 10.0 2.5 2 1 4 1 1
-5919.7 -4728.0 -9.3 89 0 13.8 12.7 2.5 2.5 2 0 1 3 3
-5878.7 -4930.5 -6.9 91 0 8.4 8.3 7.5 2.5 2 0 3 5 5
-5778.6 -4913.3 -8.0 357 0 12.5 10.1 5.0 2.5 2 0 2 3 3
-5784.9 -5026.3 -8.1 77 0 9.4 11.5 7.5 2.5 2 1 3 2 2
-5808.6 -4708.9 -8.9 353 0 19.5 17.8 12.5 2.5 2 0 5 0 0
-5792.3 -4775.4 -10.0 351 0 7.1 9.0 7.5 2.5 2 1 3 2 2
-5787.3 -4825.9 -8.6 0 0 9.1 14.6 7.5 2.5 4 1 3 4 4
-5781.8 -4874.7 -7.6 351 0 9.6 9.0 10.0 2.5 2 0 4 4 4
-5787.0 -4687.8 -8.8 175 0 14.2 12.9 10.0 0.0 0 0 4 0 0
-5763.1 -4725.9 -9.4 85 0 9.9 12.9 7.5 0.0 0 1 3 2 2
-5538.9 -5795.0 -17.1 259 0 9.4 12.0 7.5 2.5 2 1 3 5 5
-5562.3 -5803.4 -17.2 249 0 8.2 10.7 7.5 2.5 2 1 3 3 3
-5581.2 -5809.7 -17.1 251 0 7.8 10.5 7.5 0.0 0 1 3 4 4
-5607.3 -5819.4 -16.9 250 0 7.9 9.5 10.0 2.5 2 1 4 1 1
-5636.5 -5835.0 -17.2 168 0 7.3 7.2 7.5 2.5 2 0 3 3 3
-5612.5 -5866.6 -16.4 88 0 7.1 20.4 5.0 2.5 2 1 2 3 3
-5592.3 -5905.1 -15.2 183 0 6.9 7.0 7.5 0.0 0 1 3 1 1
-5663.2 -5910.8 -16.5 273 0 9.7 26.4 7.5 2.5 2 1 3 4 4
-5678.9 -5894.2 -17.3 269 0 6.4 16.4 5.0 2.5 2 1 2 1 1
-5506.9 -6022.7 -17.6 3 0 21.8 23.4 10.0 2.5 2 1 4 4 4
-5726.3 -5925.5 -18.2 228 0 7.9 23.9 10.0 2.5 2 1 4 1 1
-5726.2 -5944.9 -17.8 237 0 7.7 21.7 12.5 2.5 2 1 5 3 3
-5726.3 -5963.0 -17.9 223 0 7.9 24.2 7.5 2.5 2 1 3 5 5
-5729.1 -5990.3 -18.2 180 0 11.6 24.1 10.0 2.5 2 1 4 4 4
-5749.2 -5945.6 -19.1 271 0 11.4 55.2 7.5 0.0 0 1 3 5 5
-5745.5 -6017.9 -19.0 179 0 17.1 12.0 5.0 0.0 0 0 2 1 1
-5752.5 -6050.0 -19.5 179 0 6.0 8.5 5.0 2.5 2 1 2 4 4
-5671.5 -6182.1 -19.5 266 0 8.8 10.0 5.0 2.5 2 1 2 2 2
-6102.2 -5339.8 -9.8 180 0 8.6 8.0 10.0 2.5 2 0 4 2 2
-6165.2 -5397.5 -9.3 178 0 10.2 7.9 5.0 2.5 2 0 2 2 2
-6432.8 -5329.9 -12.9 176 0 11.2 9.1 7.5 2.5 2 0 3 2 2
-6267.2 -5123.2 -8.0 350 0 8.7 8.9 2.5 2.5 2 1 1 0 0
-6225.3 -5241.5 -9.7 354 0 10.5 8.2 7.5 2.5 2 0 3 0 0
-6240.7 -5271.9 -10.2 11 0 10.1 7.5 7.5 2.5 2 0 3 3 3
-6293.5 -5228.3 -10.2 194 0 13.6 8.0 5.0 2.5 2 0 2 3 3
-6083.4 -5112.0 -8.7 341 0 7.2 10.7 5.0 0.0 0 1 2 4 4
-6066.1 -5077.3 -8.0 260 0 11.0 11.7 5.0 2.5 2 1 2 1 1
-6168.6 -5187.9 -8.1 349 0 11.4 9.5 7.5 2.5 2 0 3 4 4
-6110.9 -5175.2 -8.5 84 0 10.8 13.9 7.5 2.5 2 1 3 3 3
-6052.7 -5285.8 -9.1 94 0 9.5 11.5 7.5 2.5 2 1 3 5 5
-6111.2 -5310.0 -9.8 179 0 11.5 11.1 7.5 2.5 4 0 3 1 1
-6146.4 -5321.4 -9.1 0 0 10.0 8.5 2.5 2.5 2 0 1 1 1
-6156.8 -5223.6 -8.2 2 0 11.7 10.5 5.0 2.5 2 0 2 3 3
-6000.4 4939.1 -18.3 90 0 10.7 36.1 10.0 2.5 2 1 4 0 0
-5944.5 4846.7 -17.4 66 0 6.9 8.3 5.0 2.5 2 1 2 1 1
-5984.0 4941.9 -18.6 90 0 20.8 13.4 7.5 2.5 2 0 3 0 0
-6040.0 5453.1 -20.8 356 0 9.6 6.8 2.5 2.5 2 0 1 3 3
-5974.2 5308.3 -14.9 296 0 12.8 10.5 2.5 2.5 2 0 1 2 2
-5877.7 5241.8 -14.9 311 0 11.0 13.9 2.5 2.5 2 1 1 4 4
-6039.3 5000.2 -17.3 180 0 6.9 15.8 7.5 2.5 2 1 3 5 5
-5886.9 5122.1 -15.7 84 0 10.5 22.2 5.0 0.0 0 1 2 3 3
-5979.6 5118.0 -16.0 87 0 20.5 36.1 12.5 0.0 0 1 5 5 5
-5855.0 5004.0 -17.4 0 0 8.8 6.6 7.5 2.5 2 0 3 0 0
-5905.4 5005.4 -17.8 163 0 8.5 8.6 2.5 2.5 2 1 1 1 1
-5774.6 4530.6 -23.9 88 0 13.1 8.5 5.0 2.5 2 0 2 0 0
-5795.0 4625.6 -22.2 178 0 7.1 12.2 5.0 2.5 2 1 2 3 3
-5862.6 4657.1 -20.6 267 0 10.5 6.2 5.0 2.5 2 0 2 0 0
-6006.0 4787.4 -16.2 256 0 8.4 14.7 2.5 0.0 0 1 1 5 5
-5959.1 4792.7 -17.1 0 0 11.2 10.0 5.0 2.5 2 0 2 1 1
-5884.1 4720.8 -21.3 63 0 7.9 13.0 5.0 2.5 2 1 2 0 0
-5909.5 4680.0 -20.0 266 0 9.7 14.1 5.0 2.5 2 1 2 1 1
-5923.3 4545.4 -21.5 249 0 9.6 7.5 5.0 2.5 4 0 2 4 4
-5946.4 4489.3 -23.4 242 0 8.3 28.6 7.5 2.5 2 1 3 4 4
-5996.6 4647.6 -18.4 248 0 8.5 11.5 7.5 2.5 2 1 3 3 3
-6013.9 4581.6 -18.2 202 0 7.3 8.5 5.0 2.5 2 1 2 3 3
-5888.3 4836.5 -18.3 323 0 9.1 12.5 7.5 2.5 2 1 3 2 2
-3490.0 -48.9 -11.9 90 0 24.7 8.8 7.5 2.5 2 0 3 1 1
-3431.5 -43.3 -9.3 1 0 14.3 7.0 7.5 2.5 2 0 3 3 3
-3446.2 -48.4 -10.1 93 0 12.2 8.8 7.5 2.5 2 0 3 5 5
-3461.1 -44.2 -11.6 92 0 14.4 14.6 7.5 2.5 2 1 3 4 4
-3438.9 -3174.1 -10.0 163 0 6.5 11.5 7.5 2.5 2 1 3 1 1
-3446.0 -3139.9 -9.5 178 0 20.4 9.9 5.0 2.5 2 0 2 5 5
-6570.4 3610.9 -19.2 2 0 10.9 10.8 7.5 2.5 2 0 3 2 2
-6654.9 3645.2 -18.0 123 0 11.9 11.3 7.5 2.5 4 0 3 0 0
-6737.0 3529.5 -19.4 23 0 9.7 12.1 10.0 2.5 2 1 4 2 2
-6694.4 3696.5 -19.4 310 0 11.5 12.8 7.5 2.5 2 1 3 2 2
-6750.7 3717.1 -19.4 253 0 10.1 12.0 5.0 0.0 0 1 2 4 4
-6805.6 3551.4 -18.9 309 0 10.2 12.3 7.5 0.0 0 1 3 4 4
-6876.4 3635.6 -20.1 331 0 15.4 12.5 2.5 2.5 4 0 1 4 4
-6867.6 3600.3 -18.9 352 0 13.1 10.1 7.5 2.5 2 0 3 0 0
-6885.0 3573.4 -18.3 198 0 10.7 14.8 7.5 2.5 2 1 3 5 5
-6797.6 3453.4 -19.4 116 0 8.0 10.8 10.0 2.5 2 1 4 0 0
-6836.6 3389.7 -19.8 292 0 12.3 8.9 7.5 2.5 2 0 3 0 0
-6766.6 3220.1 -22.3 77 0 10.9 11.5 7.5 2.5 2 1 3 5 5
-6822.0 4736.5 -26.3 281 0 8.4 9.6 7.5 2.5 2 1 3 2 2
-2764.8 -3143.6 -12.7 272 0 9.7 8.8 5.0 2.5 2 0 2 3 3
-2794.1 -3154.2 -12.9 275 0 11.2 13.6 2.5 2.5 2 1 1 3 3
-2856.3 -3190.4 -13.0 94 0 11.1 8.9 5.0 2.5 4 0 2 5 5
-2872.9 -3170.7 -12.7 265 0 10.2 7.1 5.0 2.5 2 0 2 3 3
-2901.5 -3197.4 -12.7 90 0 10.8 10.6 2.5 2.5 2 0 1 5 5
-2916.9 -3186.9 -12.5 83 0 7.6 17.9 5.0 2.5 2 1 2 3 3
-2975.9 -3186.2 -12.0 181 0 13.0 8.8 2.5 2.5 2 0 1 2 2
-2947.3 -3206.4 -12.4 91 0 21.7 9.7 5.0 2.5 2 0 2 3 3
1103.3 -1099.0 8.4 90 0 9.0 24.2 7.5 2.5 2 1 3 5 5
-340.0 -1769.7 9.8 307 0 9.1 14.5 5.0 2.5 4 1 2 1 1
-195.0 -1866.4 10.2 84 0 7.5 31.4 2.5 2.5 2 1 1 5 5
-155.7 -1838.4 10.4 274 0 6.9 29.6 5.0 2.5 4 1 2 1 1
-79.6 -1837.2 10.5 256 0 7.9 21.4 5.0 2.5 2 1 2 5 5
-20.8 -1939.3 8.1 84 0 9.8 29.2 7.5 2.5 2 1 3 4 4
-241.5 -1742.3 9.9 66 0 7.0 29.5 5.0 2.5 2 1 2 4 4
-259.4 -1663.3 11.1 243 0 8.1 27.6 5.0 2.5 2 1 2 0 0
-175.7 -1751.2 10.0 82 0 7.7 30.5 2.5 0.0 0 1 1 1 1
-213.1 -1655.4 11.3 248 0 9.4 30.8 10.0 0.0 0 1 4 0 0
832.1 -1853.2 7.3 187 0 6.3 19.2 7.5 2.5 2 1 3 4 4
1093.6 -966.3 6.3 83 0 8.2 31.8 7.5 2.5 2 1 3 4 4
1121.8 -961.7 6.7 84 0 9.3 34.0 7.5 2.5 2 1 3 2 2
1154.9 -989.9 7.4 84 0 8.3 31.5 10.0 2.5 2 1 4 5 5
1152.8 -919.1 7.1 352 0 28.9 8.8 10.0 2.5 2 0 4 5 5
1149.5 -807.6 5.7 0 0 18.8 14.5 10.0 2.5 2 0 4 3 3
1166.1 -855.5 6.1 11 0 12.6 9.0 2.5 2.5 2 0 1 3 3
1126.5 -1099.0 9.2 90 0 7.3 16.0 10.0 2.5 2 1 4 2 2
1140.8 -1098.9 9.6 90 0 7.8 15.0 7.5 2.5 4 1 3 3 3
1196.0 -1048.1 11.5 268 0 8.8 37.7 10.0 2.5 2 1 4 1 1
1272.1 -1087.2 12.4 359 0 6.1 36.5 2.5 2.5 2 1 1 4 4
1257.6 -1045.8 12.5 269 0 8.7 15.9 7.5 2.5 2 1 3 5 5
1231.9 -994.2 8.9 85 0 13.2 61.1 12.5 2.5 2 1 5 4 4
1237.0 -892.1 7.7 263 0 7.9 32.4 15.0 0.0 0 1 6 2 2
1354.0 -1099.4 11.9 89 0 8.4 27.0 5.0 2.5 2 1 2 0 0
1393.3 -1069.2 11.3 269 0 9.6 29.2 10.0 2.5 2 1 4 1 1
1314.4 -977.0 9.9 85 0 9.4 27.7 10.0 2.5 2 1 4 2 2
1343.9 -947.6 9.7 267 0 11.0 29.6 15.0 0.0 0 1 6 3 3
1375.9 -996.7 10.0 94 0 8.0 28.6 2.5 2.5 2 1 1 2 2
1309.0 -913.0 8.3 85 0 9.3 31.2 7.5 2.5 2 1 3 0 0
1348.2 -908.7 8.0 85 0 8.4 29.5 2.5 2.5 2 1 1 4 4
1386.2 -904.9 7.6 86 0 9.8 28.0 7.5 0.0 0 1 3 4 4
1993.3 -981.8 -1.9 272 0 9.0 18.3 10.0 0.0 0 1 4 4 4
2038.1 -777.9 -3.6 94 0 9.9 33.8 10.0 2.5 2 1 4 4 4
2069.0 -737.4 -3.8 275 0 8.1 24.6 7.5 2.5 4 1 3 4 4
2107.5 -751.5 -3.5 275 0 8.1 28.1 5.0 2.5 2 1 2 3 3
2206.1 -958.8 -4.2 255 0 8.8 28.4 5.0 2.5 2 1 2 2 2
2180.9 -1024.9 -4.1 81 0 8.4 31.2 7.5 0.0 0 1 3 2 2
2201.4 -1141.6 -2.5 357 0 8.8 30.9 7.5 2.5 2 1 3 3 3
2184.1 -1095.6 -3.1 357 0 38.4 9.8 12.5 2.5 2 0 5 2 2
2141.1 -1236.9 -1.6 86 0 9.4 30.6 10.0 2.5 2 1 4 1 1
2395.9 -1235.4 -3.0 278 0 7.7 31.5 7.5 2.5 2 1 3 1 1
2325.7 -1242.1 -2.7 108 0 8.0 13.2 5.0 2.5 2 1 2 0 0
2348.8 -1084.0 -3.0 284 0 10.6 29.5 7.5 2.5 4 1 3 5 5
2353.5 -1116.0 -3.1 104 0 8.1 25.0 7.5 2.5 2 1 3 5 5
2334.2 -972.7 -3.7 278 0 8.6 29.4 12.5 0.0 0 1 5 1 1
2373.2 -1019.8 -3.1 96 0 8.1 30.9 7.5 2.5 2 1 3 3 3
2408.7 -1097.0 -3.1 266 0 8.4 27.4 5.0 2.5 2 1 2 4 4
2440.5 -1105.9 -3.0 279 0 9.6 35.3 7.5 2.5 2 1 3 2 2
2426.6 -992.3 -3.4 276 0 9.5 30.1 7.5 0.0 0 1 3 4 4
2316.6 -796.4 -5.0 104 0 8.3 23.9 5.0 2.5 2 1 2 4 4
2355.8 -792.5 -4.9 12 0 22.1 8.8 10.0 2.5 2 0 4 2 2
2347.2 -747.8 -4.8 288 0 9.3 11.9 7.5 2.5 2 1 3 0 0
2269.1 -742.7 -5.1 184 0 18.5 9.7 10.0 2.5 2 0 4 2 2
3908.6 -1674.8 -1.7 173 0 14.3 36.6 7.5 2.5 4 1 3 2 2
4004.5 -1654.9 -2.1 352 0 14.8 8.8 10.0 2.5 2 0 4 1 1
3743.9 -1363.0 -0.7 68 0 14.4 35.1 12.5 2.5 2 1 5 0 0
3042.9 -1927.0 11.0 69 0 6.6 11.4 2.5 0.0 0 1 1 2 2
3064.8 -1855.6 11.7 79 0 8.5 29.8 12.5 2.5 2 1 5 2 2
3054.5 -1774.0 10.3 333 0 29.9 7.5 7.5 2.5 2 0 3 3 3
3232.3 -1912.9 10.0 74 0 6.3 36.5 10.0 2.5 2 1 4 3 3
3208.9 -1746.4 6.4 143 0 9.3 26.6 7.5 2.5 4 1 3 1 1
3270.3 -1768.3 6.6 96 0 6.3 30.2 5.0 2.5 2 1 2 1 1
3264.8 -1675.1 5.6 186 0 26.4 8.4 2.5 2.5 4 0 1 2 2
3267.5 -1588.6 4.4 100 0 9.7 27.1 7.5 2.5 2 1 3 2 2
3268.6 -1493.4 0.2 4 0 36.2 10.2 10.0 2.5 2 0 4 4 4
3311.1 -1673.0 5.8 356 0 32.5 8.9 10.0 2.5 2 0 4 0 0
3323.1 -1759.0 6.5 84 0 9.3 27.8 7.5 0.0 0 1 3 1 1
3369.7 -1748.8 6.3 174 0 27.8 9.2 10.0 2.5 2 0 4 5 5
3373.9 -1789.7 7.2 162 0 15.5 8.7 5.0 2.5 2 0 2 2 2
3443.9 -1854.2 7.2 262 0 9.3 18.9 7.5 2.5 2 1 3 1 1
3497.0 -1830.8 6.6 268 0 9.2 29.8 7.5 0.0 0 1 3 0 0
3542.9 -1832.0 4.5 263 0 8.6 34.7 10.0 2.5 2 1 4 1 1
3528.4 -1872.4 5.9 77 0 19.7 7.3 7.5 2.5 2 0 3 4 4
3873.2 -1637.2 -1.3 271 0 6.0 8.6 7.5 2.5 2 1 3 4 4
2992.1 -1161.1 -3.7 94 0 8.5 36.0 7.5 2.5 2 1 3 1 1
3009.0 -1147.2 -3.7 4 0 29.3 8.4 2.5 0.0 0 0 1 0 0
2999.4 -1109.7 -3.5 3 0 19.7 8.3 10.0 2.5 2 0 4 4 4
4140.9 -2428.3 5.1 257 0 12.8 30.2 12.5 2.5 2 1 5 0 0
4174.3 -2370.9 3.5 273 0 6.3 12.6 7.5 2.5 2 1 3 4 4
4196.4 -2504.8 5.6 83 0 12.2 29.8 10.0 2.5 2 1 4 4 4
4163.3 -2459.7 5.1 86 0 9.5 29.4 10.0 2.5 2 1 4 1 1
4179.1 -2491.1 5.9 90 0 8.0 8.4 7.5 2.5 2 1 3 0 0
4215.8 -2424.2 4.4 269 0 10.8 32.3 10.0 2.5 2 1 4 3 3
4202.8 -2371.0 3.4 272 0 8.8 15.2 10.0 2.5 2 1 4 0 0
4250.5 -2485.5 4.8 84 0 10.5 38.4 7.5 2.5 2 1 3 2 2
4350.8 -2398.5 4.6 90 0 8.9 11.5 2.5 2.5 2 1 1 1 1
4348.5 -2365.9 4.5 264 0 9.8 18.0 5.0 2.5 2 1 2 2 2
4393.2 -2397.5 3.1 94 0 8.6 10.9 5.0 2.5 2 1 2 4 4
4434.8 -2370.5 2.1 263 0 14.9 31.6 10.0 2.5 2 1 4 3 3
4466.0 -2373.3 1.7 260 0 9.0 16.3 5.0 2.5 4 1 2 5 5
4466.8 -2390.8 1.8 264 0 8.7 12.4 7.5 2.5 2 1 3 3 3
4521.1 -2381.5 1.3 342 0 30.3 9.9 7.5 0.0 0 0 3 4 4
4506.1 -2445.7 2.4 59 0 10.4 16.7 5.0 2.5 2 1 2 1 1
4487.0 -2479.5 3.2 85 0 9.6 26.8 10.0 2.5 4 1 4 3 3
4535.4 -2536.1 3.0 284 0 8.7 30.4 7.5 2.5 2 1 3 2 2
4536.8 -2588.4 3.4 16 0 9.4 32.1 10.0 2.5 2 1 4 0 0
4485.5 -2595.4 3.3 192 0 26.2 9.8 5.0 2.5 2 0 2 5 5
4493.3 -2543.0 2.5 284 0 10.2 29.5 7.5 2.5 2 1 3 5 5
4264.1 -1950.2 2.4 184 0 17.4 9.8 7.5 2.5 2 0 3 0 0
4263.1 -1966.9 2.7 177 0 11.7 9.4 7.5 2.5 2 0 3 3 3
4307.3 -1977.3 2.1 93 0 10.8 26.3 7.5 0.0 0 1 3 3 3
4349.3 -1976.6 2.4 96 0 10.4 29.2 10.0 2.5 2 1 4 3 3
4248.4 -2700.5 5.0 93 0 8.6 29.5 10.0 0.0 0 1 4 2 2
4231.9 -2789.0 6.9 65 0 9.6 11.4 2.5 2.5 2 1 1 0 0
4545.7 -2846.7 7.8 181 0 7.1 9.4 7.5 2.5 2 1 3 1 1
4378.4 -2912.8 8.1 93 0 6.5 8.7 10.0 2.5 2 1 4 2 2
4406.4 -2921.6 8.0 288 0 8.2 12.1 5.0 2.5 2 1 2 5 5
4441.5 -2829.7 8.4 56 0 6.3 11.4 7.5 2.5 2 1 3 5 5
4595.6 -3180.8 17.3 143 0 34.1 16.1 12.5 2.5 2 0 5 0 0
4625.3 -3146.5 17.1 254 0 24.9 11.9 5.0 2.5 2 0 2 2 2
4595.1 -3124.2 16.0 233 0 9.7 24.1 5.0 2.5 2 1 2 0 0
4665.1 -3142.6 16.8 19 0 16.9 14.5 7.5 0.0 0 0 3 5 5
4704.9 -3130.5 17.0 347 0 8.7 29.6 7.5 2.5 2 1 3 1 1
4661.4 -3268.2 19.3 355 0 10.8 15.5 10.0 2.5 2 1 4 5 5
4626.2 -3246.2 19.0 144 0 30.9 9.2 5.0 0.0 0 0 2 0 0
4633.7 -3217.2 19.0 209 0 7.3 11.3 7.5 2.5 2 1 3 2 2
4704.9 -3246.3 19.8 246 0 21.9 32.5 7.5 2.5 2 1 3 1 1
4698.2 -2586.5 2.6 162 0 7.5 17.5 5.0 2.5 2 1 2 4 4
4719.8 -2681.5 4.2 16 0 7.1 15.6 7.5 2.5 2 1 3 2 2
4829.8 -2620.8 2.9 68 0 7.5 17.5 7.5 2.5 2 1 3 2 2
4876.9 -2588.5 3.3 355 0 11.1 8.0 5.0 2.5 2 0 2 3 3
4874.2 -2617.8 3.5 86 0 8.9 19.4 2.5 0.0 0 1 1 5 5
4827.4 -2515.0 2.5 176 0 29.6 12.8 7.5 2.5 4 0 3 5 5
4978.8 -2515.6 2.6 99 0 7.7 14.7 5.0 2.5 2 1 2 4 4
