6784.6 -5380.6 -2.7 25 0 11.9 10.4 10.0 2.5 2 0 4 4 4
-537.2 -4700.8 10.1 42 0 8.9 23.2 7.5 2.5 2 1 3 1 1
5457.3 -6054.6 -8.6 133 0 7.8 9.9 7.5 2.5 4 1 3 2 2
5402.8 -6322.6 -8.8 185 0 10.6 7.1 7.5 2.5 4 0 3 4 4
5494.2 -6148.4 -10.3 149 0 8.6 9.2 5.0 2.5 2 1 2 2 2
5240.0 -6013.4 -5.7 3 0 6.2 10.2 7.5 2.5 4 1 3 0 0
5221.2 -6384.4 -7.0 134 0 9.0 10.8 5.0 2.5 2 1 2 3 3
5148.2 -6390.8 -8.9 49 0 7.3 35.8 10.0 2.5 2 1 4 4 4
5119.4 -6410.5 -9.1 145 0 6.8 18.0 10.0 2.5 2 1 4 3 3
4988.7 -6477.8 -10.6 231 0 6.8 7.1 2.5 2.5 2 1 1 4 4
4991.7 -6408.8 -10.0 94 0 8.5 9.9 5.0 2.5 2 1 2 2 2
4958.2 -6385.1 -10.0 4 0 11.0 9.8 7.5 2.5 2 0 3 4 4
4804.8 -6524.1 -9.9 61 0 8.2 12.9 10.0 2.5 2 1 4 5 5
4828.0 -6426.4 -10.8 138 0 6.3 6.1 7.5 2.5 2 0 3 4 4
4815.8 -6440.6 -10.9 130 0 9.2 9.8 10.0 2.5 2 1 4 0 0
4727.7 -6366.3 -11.1 1 0 8.4 9.8 10.0 2.5 2 1 4 1 1
4715.9 -6302.4 -9.5 93 0 8.3 10.0 7.5 0.0 0 1 3 0 0
4771.8 -6321.5 -10.9 121 0 6.1 6.6 7.5 2.5 2 1 3 3 3
4785.5 -6338.6 -10.8 130 0 8.9 11.7 2.5 2.5 2 1 1 2 2
4999.2 -6103.5 -7.6 208 0 9.2 9.4 5.0 2.5 4 1 2 2 2
4899.1 -6172.7 -8.2 34 0 8.4 10.4 2.5 2.5 2 1 1 4 4
4819.8 -6112.1 -8.9 100 0 9.5 9.0 10.0 2.5 2 0 4 2 2
4736.2 -6127.0 -10.5 209 0 6.6 10.4 2.5 2.5 2 1 1 1 1
4837.8 -6745.2 -8.2 181 0 13.6 9.1 7.5 2.5 2 0 3 1 1
4862.7 -6681.8 -7.9 284 0 8.7 8.5 5.0 2.5 2 0 2 4 4
4829.4 -6631.4 -8.3 301 0 7.8 11.0 5.0 0.0 0 1 2 4 4
5103.1 -6611.6 -11.6 219 0 9.1 8.6 10.0 2.5 2 0 4 3 3
5406.5 -6529.5 -10.9 295 0 10.3 8.4 5.0 2.5 2 0 2 4 4
5277.3 -6494.3 -11.4 280 0 8.6 10.7 10.0 2.5 2 1 4 0 0
5141.6 -6769.7 -13.5 171 0 10.9 8.3 7.5 2.5 2 0 3 0 0
4896.9 -6812.1 -8.9 178 0 8.0 7.8 5.0 2.5 2 0 2 0 0
4723.0 -6841.2 -9.7 183 0 6.4 6.7 7.5 2.5 2 1 3 1 1
5779.1 -6699.8 -11.3 266 0 9.0 10.7 2.5 2.5 2 1 1 5 5
5818.6 -6681.8 -10.4 176 0 10.0 8.7 7.5 2.5 2 0 3 2 2
5843.9 -6660.5 -9.9 200 0 9.8 8.9 5.0 2.5 2 0 2 3 3
5088.1 -6418.1 -8.8 49 0 9.3 6.2 10.0 2.5 2 0 4 4 4
4678.5 -6743.5 -10.2 112 0 9.1 11.1 10.0 2.5 4 1 4 3 3
4012.7 1041.1 -12.2 1 0 8.2 8.6 7.5 2.5 2 1 3 1 1
4010.3 954.5 -12.0 179 0 12.1 8.5 5.0 2.5 2 0 2 4 4
4094.1 910.7 -10.2 93 0 10.4 15.1 2.5 2.5 2 1 1 4 4
4132.5 837.5 -10.9 95 0 9.0 10.9 7.5 2.5 2 1 3 1 1
4031.3 802.8 -13.1 204 0 6.1 10.2 2.5 2.5 4 1 1 2 2
5315.2 -5981.0 -6.7 211 0 6.2 11.7 5.0 2.5 2 1 2 4 4
3513.0 261.0 -5.9 268 0 6.7 6.0 7.5 2.5 2 0 3 2 2
3626.7 351.8 -7.9 159 0 9.5 6.9 2.5 2.5 2 0 1 1 1
4046.3 1075.4 -11.1 355 0 6.6 6.5 2.5 2.5 2 0 1 3 3
4180.5 1195.2 -6.7 253 0 8.1 11.4 7.5 0.0 0 1 3 4 4
4000.6 1340.5 -12.0 178 0 9.1 11.4 10.0 2.5 2 1 4 5 5
4051.1 1300.0 -12.5 316 0 6.2 12.6 7.5 2.5 2 1 3 2 2
4099.7 1369.2 -10.6 266 0 9.1 12.3 5.0 2.5 2 1 2 4 4
6902.9 -5569.7 -3.0 285 0 8.8 8.8 5.0 2.5 2 0 2 2 2
6855.4 -5572.5 -1.9 12 0 7.1 9.0 7.5 2.5 2 1 3 4 4
6825.9 -5507.2 -4.6 278 0 7.5 9.9 10.0 2.5 2 1 4 4 4
6778.3 -5505.5 -3.8 105 0 8.0 11.1 5.0 2.5 2 1 2 4 4
6752.7 -5487.9 -3.1 282 0 8.8 9.9 5.0 0.0 0 1 2 3 3
6690.9 -5536.8 -0.4 285 0 8.4 7.6 5.0 2.5 2 0 2 5 5
6646.4 -5467.7 -1.0 195 0 8.7 8.1 7.5 2.5 2 0 3 4 4
6634.9 -5528.7 0.1 189 0 7.7 8.2 5.0 2.5 2 1 2 2 2
6616.8 -5452.4 -0.9 292 0 8.8 11.8 5.0 2.5 2 1 2 3 3
6599.4 -5516.5 0.2 285 0 9.1 8.9 5.0 2.5 2 0 2 0 0
6566.8 -5463.1 -0.4 283 0 7.9 10.3 7.5 0.0 0 1 3 2 2
6551.7 -5510.3 0.3 195 0 9.4 7.9 7.5 0.0 0 0 3 2 2
6511.8 -5497.3 0.4 283 0 8.2 8.2 5.0 2.5 2 0 2 5 5
6445.3 -5419.7 -1.6 194 0 10.3 7.6 7.5 2.5 2 0 3 0 0
6434.8 -5480.0 -0.6 291 0 7.2 8.4 7.5 2.5 2 1 3 3 3
6383.2 -5477.2 -2.0 100 0 7.9 8.4 2.5 2.5 2 1 1 4 4
6363.4 -5401.8 -3.8 13 0 10.4 7.1 5.0 2.5 2 0 2 2 2
6350.4 -5463.2 -3.4 17 0 8.8 8.4 7.5 2.5 2 0 3 5 5
6309.1 -5450.3 -4.8 285 0 8.4 7.9 5.0 2.5 2 0 2 5 5
6390.7 -5351.2 -1.6 11 0 7.2 7.6 7.5 2.5 2 1 3 5 5
6408.4 -5359.7 -1.8 101 0 9.2 9.0 7.5 2.5 2 0 3 0 0
6491.6 -5374.6 -1.0 191 0 9.6 8.7 7.5 2.5 2 0 3 4 4
6548.8 -5322.7 -0.8 101 0 7.9 9.7 10.0 2.5 2 1 4 3 3
6535.7 -5388.9 -0.8 101 0 7.9 8.5 5.0 2.5 4 1 2 2 2
6615.3 -5333.4 -0.8 11 0 11.0 7.1 2.5 2.5 2 0 1 5 5
6636.7 -5379.7 -1.0 281 0 7.4 23.2 2.5 2.5 2 1 1 4 4
6645.3 -5342.4 -1.1 191 0 11.1 8.8 10.0 2.5 2 0 4 4 4
6651.9 -5398.5 -1.1 11 0 12.8 9.0 7.5 2.5 2 0 3 1 1
6681.4 -5411.9 -1.5 101 0 8.6 9.5 7.5 2.5 2 1 3 5 5
6720.7 -5419.8 -2.0 101 0 8.9 8.5 5.0 2.5 2 0 2 0 0
6769.6 -5433.6 -2.6 101 0 8.5 9.2 7.5 2.5 2 1 3 4 4
6881.8 -5457.1 -4.3 14 0 8.6 6.2 5.0 2.5 2 0 2 3 3
5234.7 -5039.6 -3.2 77 0 6.7 14.4 7.5 0.0 0 1 3 1 1
