214.8 5297.3 -4.7 164 0 14.3 10.1 7.5 2.5 2 0 3 4 4
-1377.8 4773.5 -2.4 341 0 10.5 11.4 7.5 2.5 2 0 3 1 1
4702.1 -3025.0 -6.3 261 0 10.7 32.8 5.0 2.5 2 1 2 4 4
-1337.2 4729.3 -2.3 253 0 8.1 13.2 7.0 2.5 2 0 2 5 5
-1325.7 4702.7 -2.1 345 0 10.3 16.6 10.5 2.5 2 0 3 1 1
4762.5 -3043.6 -6.0 348 0 8.3 37.8 10.0 2.5 2 1 4 2 2
2699.9 -2100.4 -3.8 63 0 9.6 40.1 10.0 0.0 0 1 4 3 3
4011.5 -6672.7 -9.4 137 0 10.8 14.0 2.5 2.5 2 1 1 3 3
4039.1 -6598.7 -8.1 221 0 16.1 11.4 2.5 0.0 0 0 1 2 2
3970.5 -6551.2 -9.6 117 0 12.3 8.6 7.5 2.5 2 0 3 3 3
3727.3 -5939.0 -7.5 121 0 8.4 8.7 7.5 2.5 2 0 3 2 2
3758.2 -5955.5 -7.5 115 0 6.5 8.1 7.5 2.5 2 0 3 3 3
3823.3 -6111.9 -7.7 359 0 6.0 8.3 7.5 2.5 2 1 3 4 4
4048.4 -6349.0 -8.9 140 0 6.6 9.2 5.0 2.5 2 1 2 4 4
4024.9 -6332.6 -8.9 136 0 8.5 8.7 7.5 2.5 2 1 3 3 3
3978.1 -6282.9 -7.0 87 0 8.2 9.9 7.5 2.5 2 1 3 0 0
3925.7 -6155.9 -7.9 19 0 10.7 8.5 5.0 2.5 2 0 2 2 2
3942.3 -6231.8 -7.1 93 0 9.0 10.8 10.0 2.5 2 1 4 1 1
3921.7 -6208.9 -7.5 89 0 6.7 8.3 7.5 2.5 2 1 3 5 5
3946.3 -6136.3 -7.8 18 0 7.7 8.4 5.0 0.0 0 1 2 3 3
3924.3 -5945.6 -6.5 292 0 7.7 10.2 7.5 2.5 4 1 3 1 1
3980.6 -5950.2 -5.9 14 0 15.5 9.7 7.5 2.5 2 0 3 1 1
3997.7 -6035.9 -7.0 119 0 8.7 8.0 5.0 2.5 2 0 2 1 1
4041.8 -6042.3 -7.6 117 0 8.7 8.9 10.0 2.5 2 0 4 0 0
4059.7 -5962.9 -7.5 189 0 10.9 8.7 7.5 0.0 0 0 3 0 0
4068.0 -5797.2 -6.7 115 0 7.9 7.8 7.5 2.5 2 0 3 4 4
4026.6 -5757.2 -7.3 28 0 8.2 7.2 7.5 2.5 2 0 3 5 5
3937.3 -5806.3 -7.4 141 0 7.6 8.3 7.5 2.5 4 1 3 5 5
3942.1 -5844.7 -7.0 46 0 9.6 7.5 10.0 2.5 2 0 4 2 2
3870.9 -5825.6 -7.9 309 0 7.4 9.5 7.5 0.0 0 1 3 3 3
3824.2 -5827.6 -8.6 44 0 6.5 6.2 7.5 2.5 2 0 3 3 3
3779.4 -5833.2 -8.7 221 0 10.4 6.7 5.0 2.5 2 0 2 3 3
3721.0 -5898.9 -7.3 225 0 7.9 9.2 5.0 2.5 2 1 2 3 3
3690.4 -5839.4 -6.8 124 0 7.7 7.4 7.5 2.5 4 0 3 5 5
3199.7 -4675.2 -7.3 174 0 9.0 8.0 5.0 2.5 2 0 2 2 2
3114.4 -4856.6 -6.8 101 0 10.5 11.6 7.5 2.5 2 1 3 3 3
3230.0 -4288.7 -7.2 105 0 7.3 7.9 5.0 2.5 2 1 2 3 3
3262.0 -4362.6 -6.2 288 0 9.9 11.7 7.5 2.5 4 1 3 2 2
3371.0 -4761.5 -6.2 184 0 8.1 7.9 7.5 2.5 2 0 3 5 5
3359.9 -4851.4 -6.0 191 0 6.2 6.6 10.0 2.5 2 1 4 4 4
3370.2 -4603.8 -6.8 85 0 9.9 9.8 10.0 2.5 2 0 4 0 0
3344.2 -4456.1 -7.1 0 0 8.5 9.4 7.5 2.5 2 1 3 3 3
3238.5 -4442.5 -6.3 123 0 6.3 6.9 10.0 2.5 4 1 4 0 0
-693.5 5228.0 -3.5 53 0 9.0 9.0 5.0 2.5 4 1 2 0 0
-675.3 5174.6 -2.7 51 0 8.5 10.1 5.0 2.5 2 1 2 3 3
-577.3 5313.0 -3.3 304 0 12.1 11.6 7.5 2.5 2 0 3 4 4
37.5 5228.6 -1.8 72 0 8.6 9.6 5.0 2.5 2 1 2 1 1
245.6 6056.1 -1.1 271 0 9.4 11.5 7.5 2.5 2 1 3 1 1
111.3 5982.4 -0.7 70 0 9.4 12.0 5.0 2.5 2 1 2 3 3
158.5 6032.1 -1.2 257 0 8.3 11.7 7.5 2.5 2 1 3 2 2
205.8 6037.8 -1.1 259 0 8.4 11.3 2.5 2.5 2 1 1 5 5
285.7 6131.2 -2.4 172 0 11.7 9.0 5.0 0.0 0 0 2 2 2
316.8 6080.6 -0.9 253 0 9.1 12.7 7.5 2.5 2 1 3 4 4
228.4 5911.8 0.5 256 0 10.6 8.7 7.5 2.5 2 0 3 5 5
-264.4 6077.7 -3.3 86 0 6.8 9.2 7.5 2.5 2 1 3 3 3
111.7 6176.8 -0.8 158 0 7.9 9.4 7.5 2.5 2 1 3 5 5
365.0 6137.6 -1.4 73 0 7.9 9.7 2.5 2.5 2 1 1 5 5
640.0 6156.4 -0.7 73 0 8.7 11.6 5.0 2.5 2 1 2 2 2
-44.9 6020.1 -2.1 348 0 12.4 9.3 5.0 2.5 2 0 2 5 5
-20.4 5964.3 -2.2 346 0 6.6 10.9 7.5 0.0 0 1 3 0 0
39.9 5954.2 -1.5 345 0 12.1 10.1 7.5 2.5 2 0 3 5 5
78.4 5822.3 -2.1 80 0 8.3 12.1 7.5 2.5 2 1 3 3 3
198.1 5859.4 -0.4 79 0 8.5 8.2 7.5 2.5 2 0 3 3 3
279.3 5819.7 -0.4 68 0 8.6 11.0 5.0 2.5 2 1 2 5 5
513.8 5735.9 1.2 263 0 9.1 12.8 7.5 2.5 2 1 3 1 1
463.8 5704.9 1.4 78 0 11.6 9.0 10.0 2.5 2 0 4 1 1
426.3 5695.0 1.3 165 0 8.4 9.0 7.5 2.5 2 1 3 3 3
450.3 5632.0 1.6 340 0 15.1 8.6 7.5 2.5 4 0 3 0 0
-94.0 5484.6 -3.4 175 0 9.3 8.5 2.5 2.5 2 0 1 2 2
-73.3 5511.7 -3.3 262 0 7.4 7.4 5.0 2.5 2 1 2 5 5
-13.0 5351.8 -2.6 346 0 8.0 8.7 7.5 2.5 2 1 3 5 5
-95.7 5314.5 -2.8 74 0 8.5 10.1 2.5 2.5 2 1 1 5 5
-112.9 5292.2 -2.4 68 0 8.5 9.6 10.0 2.5 4 1 4 0 0
-203.6 5176.0 -4.1 159 0 10.3 9.2 2.5 2.5 2 0 1 5 5
-68.5 5197.8 -2.1 72 0 8.5 8.6 10.0 2.5 2 1 4 5 5
-4.1 5239.8 -0.8 237 0 9.1 12.8 7.5 2.5 2 1 3 5 5
75.2 5320.0 -2.9 263 0 11.3 10.9 5.0 2.5 2 0 2 1 1
252.0 5614.4 -2.8 252 0 10.2 9.0 7.5 2.5 2 0 3 2 2
185.6 5548.6 -2.9 92 0 12.6 10.3 7.5 2.5 2 0 3 4 4
165.2 5331.9 -5.4 338 0 17.4 7.1 5.0 2.5 4 0 2 3 3
211.3 5267.8 -4.9 172 0 7.1 11.4 2.5 2.5 2 1 1 5 5
231.2 5234.1 -4.3 161 0 6.1 11.5 7.5 0.0 0 1 3 1 1
-1458.8 4570.4 -2.2 75 0 8.7 11.7 2.5 2.5 2 1 1 2 2
-1471.2 4524.4 -1.7 262 0 9.9 11.3 7.5 2.5 2 1 3 1 1
-1431.9 4643.0 -2.8 171 0 12.0 7.9 7.5 2.5 2 0 3 4 4
-1415.8 4593.1 -2.5 75 0 10.2 11.4 7.5 2.5 4 1 3 4 4
-1355.9 4605.1 -2.1 74 0 14.7 8.1 2.5 2.5 4 0 1 5 5
-1163.2 4534.1 -3.5 74 0 9.4 14.1 5.0 0.0 0 1 2 1 1
-1141.0 4694.9 -3.2 157 0 6.3 7.9 10.0 0.0 0 1 4 0 0
-1130.6 4935.8 -3.2 261 0 8.7 8.9 2.5 2.5 2 1 1 0 0
-1098.1 4869.4 -3.5 82 0 12.6 10.5 10.0 0.0 0 0 4 0 0
-973.8 4973.7 -2.2 168 0 9.2 13.2 5.0 2.5 4 1 2 5 5
-1001.7 5150.3 -4.6 81 0 8.7 8.6 5.0 2.5 2 0 2 5 5
-1009.1 5086.5 -3.4 170 0 12.7 8.7 7.5 2.5 2 0 3 3 3
-997.7 5100.1 -3.7 171 0 6.0 6.8 7.5 2.5 4 1 3 3 3
-928.6 5127.2 -4.7 344 0 8.3 8.4 7.5 2.5 2 1 3 5 5
-792.9 5151.0 -4.4 89 0 8.2 8.7 7.5 2.5 4 1 3 4 4
-835.0 5205.6 -4.0 242 0 9.1 8.0 7.5 2.5 2 0 3 0 0
-745.2 5176.7 -3.0 58 0 9.4 9.2 10.0 2.5 2 0 4 4 4
-721.9 5233.8 -3.7 232 0 6.7 6.1 7.5 0.0 0 0 3 1 1
-1547.7 4487.7 -1.4 79 0 6.5 6.9 5.0 0.0 0 1 2 3 3
-1401.6 4833.5 -0.8 338 0 7.6 9.0 2.5 2.5 2 1 1 1 1
681.5 6866.4 2.0 180 0 8.0 9.0 7.5 2.5 2 1 3 3 3
378.1 6357.6 -0.1 139 0 8.7 9.2 10.0 2.5 2 1 4 2 2
329.7 6312.2 -1.2 60 0 34.9 11.9 7.5 2.5 2 0 3 5 5
280.7 6489.0 0.8 85 0 10.1 12.2 2.5 2.5 2 1 1 2 2
337.7 6549.5 2.0 181 0 8.7 8.7 7.5 2.5 2 0 3 4 4
522.7 6602.0 0.3 153 0 9.0 10.2 5.0 2.5 2 1 2 4 4
563.5 6604.2 0.3 56 0 9.1 7.6 5.0 2.5 2 0 2 5 5
577.2 6616.4 0.0 60 0 9.0 14.3 7.5 2.5 2 1 3 3 3
451.6 6520.2 1.8 56 0 10.0 14.9 10.0 2.5 2 1 4 4 4
428.5 6624.1 0.6 61 0 8.8 11.5 5.0 0.0 0 1 2 2 2
424.8 6713.2 -0.8 51 0 9.1 9.1 5.0 2.5 2 1 2 5 5
370.4 6782.0 -0.7 141 0 8.6 8.5 7.5 2.5 2 0 3 3 3
423.8 6845.3 -1.1 239 0 8.6 12.5 5.0 2.5 2 1 2 5 5
467.3 6864.7 -1.2 146 0 9.4 9.1 5.0 2.5 2 0 2 0 0
525.4 6813.6 -1.0 139 0 7.8 6.7 7.5 0.0 0 0 3 0 0
-28.4 6146.8 -0.9 52 0 11.1 10.9 5.0 2.5 2 0 2 5 5
-27.2 6063.3 -0.2 163 0 9.2 11.0 7.5 2.5 2 1 3 4 4
533.9 5663.0 2.4 80 0 10.6 8.2 7.5 2.5 2 0 3 2 2
636.6 2515.2 -1.2 82 0 6.6 6.5 5.0 2.5 2 0 2 1 1
-6863.9 -1047.1 -3.5 269 0 6.9 11.4 5.0 2.5 2 1 2 2 2
-6905.0 -1067.0 -3.5 204 0 16.8 8.6 10.0 2.5 2 0 4 5 5
-262.6 -2719.9 -0.0 348 0 6.1 15.0 2.5 2.5 2 1 1 1 1
170.4 -2728.7 -2.0 9 0 9.5 6.4 7.5 2.5 2 0 3 5 5
-10.2 -3058.6 -3.2 193 0 6.3 28.2 7.5 2.5 2 1 3 3 3
685.3 -2814.4 -3.6 290 0 7.0 10.9 10.0 2.5 2 1 4 5 5
1316.6 -1712.5 0.9 23 0 8.8 8.6 5.0 2.5 4 0 2 2 2
1181.1 -1563.9 0.3 24 0 10.3 9.1 2.5 2.5 2 0 1 0 0
1119.7 -1634.0 1.4 294 0 8.8 9.4 10.0 2.5 2 1 4 1 1
1138.3 -1680.3 1.4 12 0 8.7 9.9 7.5 2.5 2 1 3 3 3
456.7 -430.2 2.4 96 0 8.1 11.1 7.5 2.5 4 1 3 0 0
455.4 -351.0 2.3 92 0 8.6 6.8 5.0 2.5 2 0 2 0 0
630.9 -414.3 1.2 184 0 7.7 13.0 7.5 2.5 2 1 3 0 0
658.9 -593.9 1.9 272 0 9.8 7.1 5.0 2.5 2 0 2 5 5
1013.7 -588.0 2.0 222 0 6.7 8.8 7.5 2.5 2 1 3 3 3
1039.4 -607.2 2.0 93 0 9.1 13.0 5.0 2.5 2 1 2 4 4
1107.5 -756.6 2.4 85 0 9.1 9.3 5.0 2.5 2 1 2 3 3
1057.3 -1153.4 2.3 98 0 9.9 8.3 2.5 0.0 0 0 1 5 5
964.2 -1153.8 2.3 92 0 9.1 8.0 10.0 2.5 2 0 4 2 2
1224.9 -1145.8 2.3 99 0 9.6 8.0 10.0 2.5 2 0 4 5 5
1069.1 -1377.0 1.9 194 0 7.4 11.2 7.5 2.5 2 1 3 3 3
1076.9 -1589.2 0.7 100 0 10.8 8.7 10.0 2.5 2 0 4 1 1
1041.2 -1640.4 0.6 197 0 9.9 8.0 5.0 2.5 2 0 2 1 1
983.3 -1660.7 -0.5 14 0 7.6 6.3 7.5 2.5 2 0 3 2 2
899.2 -2015.0 2.2 92 0 7.3 9.1 7.5 2.5 2 1 3 1 1
833.1 -1960.7 0.5 94 0 6.9 6.2 2.5 2.5 2 0 1 5 5
707.1 -1164.6 2.9 96 0 7.8 10.8 7.5 2.5 2 1 3 1 1
391.7 -591.2 0.2 272 0 7.6 10.6 5.0 2.5 2 1 2 1 1
281.5 -646.7 1.3 101 0 6.9 8.4 7.5 2.5 2 1 3 3 3
252.5 -754.8 1.7 129 0 7.3 8.4 7.5 2.5 2 1 3 1 1
-322.6 -356.4 -1.1 70 0 8.4 7.7 5.0 2.5 2 0 2 4 4
-155.3 -552.1 -2.0 345 0 8.2 9.1 10.0 0.0 0 1 4 0 0
-129.9 -581.8 -1.7 345 0 7.9 8.4 5.0 2.5 2 1 2 3 3
-109.9 -491.0 -3.2 91 0 9.2 8.5 7.5 2.5 2 0 3 4 4
-81.8 -417.9 -4.2 178 0 9.7 10.5 5.0 2.5 2 1 2 1 1
-71.7 -460.0 -4.1 186 0 7.3 9.2 5.0 2.5 2 1 2 1 1
-7.0 -443.5 -4.0 296 0 8.4 9.5 7.5 0.0 0 1 3 1 1
-30.4 -518.5 -4.3 16 0 8.9 10.1 5.0 2.5 2 1 2 0 0
-0.6 -489.9 -4.1 100 0 9.5 8.7 5.0 0.0 0 0 2 5 5
42.6 -507.5 -3.7 92 0 9.2 8.3 5.0 2.5 2 0 2 1 1
113.6 -966.8 2.3 89 0 9.1 7.7 5.0 0.0 0 0 2 1 1
196.6 -950.8 2.6 4 0 8.6 9.6 7.5 2.5 2 1 3 2 2
326.1 -958.6 1.8 92 0 11.7 9.0 10.0 2.5 2 0 4 3 3
397.2 -941.4 1.2 270 0 11.1 11.8 7.5 2.5 2 1 3 3 3
431.9 -994.2 1.2 270 0 9.1 8.3 5.0 2.5 4 0 2 5 5
153.0 -1356.7 2.6 94 0 7.4 6.5 7.5 2.5 2 0 3 4 4
223.4 -1267.6 2.8 192 0 7.8 13.0 5.0 2.5 2 1 2 0 0
246.8 -1153.6 3.7 93 0 13.4 12.4 5.0 2.5 2 0 2 5 5
364.8 -1131.6 2.8 274 0 10.0 8.6 7.5 2.5 2 0 3 1 1
337.4 -1241.9 2.1 85 0 8.6 8.9 7.5 2.5 2 1 3 0 0
326.8 -1209.7 2.2 174 0 6.1 7.7 2.5 2.5 2 1 1 2 2
388.1 -1210.5 1.8 99 0 8.7 11.9 5.0 2.5 2 1 2 0 0
387.2 -1367.5 3.1 90 0 12.0 8.0 7.5 0.0 0 0 3 3 3
174.5 -1498.8 1.7 1 0 7.8 9.2 10.0 2.5 2 1 4 0 0
156.6 -1564.6 1.3 92 0 10.0 7.7 2.5 2.5 2 0 1 2 2
186.0 -1696.6 1.8 1 0 16.8 6.1 5.0 2.5 2 0 2 0 0
216.0 -1675.5 0.7 177 0 11.2 10.5 5.0 2.5 2 0 2 2 2
380.1 -1639.9 1.2 87 0 7.9 13.3 5.0 2.5 2 1 2 0 0
325.2 -1744.6 1.4 272 0 11.7 9.1 7.5 2.5 2 0 3 4 4
329.3 -1815.4 0.8 4 0 9.5 9.4 10.0 2.5 2 0 4 1 1
271.1 -1771.0 1.5 93 0 8.1 7.8 7.5 2.5 2 0 3 3 3
247.0 -1839.1 2.0 2 0 23.0 9.8 7.5 2.5 2 0 3 3 3
236.2 -1890.4 1.9 0 0 7.4 12.6 2.5 2.5 2 1 1 5 5
98.6 -1772.2 1.8 89 0 7.6 8.0 10.0 2.5 2 1 4 0 0
158.1 -1823.1 3.1 193 0 10.9 7.0 2.5 2.5 2 0 1 0 0
49.6 -2004.0 0.1 270 0 8.5 6.5 5.0 2.5 2 0 2 0 0
62.8 -2168.3 1.2 88 0 8.5 8.8 7.5 2.5 4 1 3 2 2
118.2 -2169.1 0.9 75 0 12.6 6.7 7.5 2.5 2 0 3 0 0
115.8 -2002.5 0.3 272 0 13.2 9.4 7.5 2.5 4 0 3 5 5
177.9 -2008.7 0.4 86 0 9.9 8.3 5.0 2.5 2 0 2 4 4
204.0 -2081.1 0.5 9 0 9.0 11.7 2.5 2.5 2 1 1 0 0
185.5 -2168.7 1.3 79 0 9.9 8.1 5.0 2.5 2 0 2 0 0
229.0 -2073.8 1.3 178 0 10.5 10.1 7.5 2.5 2 0 3 1 1
272.7 -2095.4 2.1 358 0 6.9 18.9 5.0 2.5 2 1 2 4 4
240.7 -2096.2 1.9 190 0 6.1 10.5 10.0 2.5 2 1 4 0 0
316.0 -1994.6 2.5 278 0 9.1 19.0 7.5 2.5 2 1 3 3 3
336.1 -1968.1 3.0 94 0 9.4 8.3 7.5 2.5 2 0 3 4 4
374.8 -1968.7 3.0 95 0 8.9 10.3 7.5 2.5 2 1 3 4 4
375.4 -2162.9 4.6 264 0 9.6 8.6 7.5 2.5 2 0 3 2 2
412.8 -2317.1 2.7 0 0 7.7 8.5 7.5 2.5 2 1 3 3 3
227.5 -2577.8 0.2 178 0 13.6 11.1 2.5 2.5 2 0 1 3 3
292.8 -2347.3 1.3 109 0 16.3 21.8 10.0 2.5 2 1 4 2 2
170.4 -3043.5 -4.3 103 0 14.5 20.6 10.0 2.5 2 1 4 4 4
214.3 -2688.8 -1.4 197 0 10.4 7.8 5.0 2.5 2 0 2 3 3
282.2 -2640.3 -0.3 117 0 10.6 10.9 5.0 2.5 2 1 2 2 2
395.4 -2511.0 3.2 3 0 8.4 9.3 5.0 2.5 2 1 2 2 2
549.4 -2260.4 3.0 5 0 8.7 10.1 5.0 2.5 2 1 2 5 5
539.4 -2295.9 3.1 95 0 10.0 8.6 2.5 2.5 2 0 1 2 2
527.7 -2424.7 3.0 175 0 9.8 12.9 5.0 2.5 2 1 2 2 2
516.3 -2505.6 3.1 90 0 10.2 8.8 5.0 2.5 2 0 2 1 1
641.8 -2028.1 2.3 100 0 22.2 13.2 10.0 2.5 2 0 4 2 2
674.2 -2289.0 2.6 96 0 11.5 7.9 7.5 2.5 2 0 3 5 5
558.7 -2365.0 2.9 268 0 7.9 8.7 7.5 2.5 4 1 3 3 3
699.0 -2376.2 1.8 95 0 9.3 9.6 7.5 2.5 2 1 3 3 3
755.0 -2350.9 1.3 276 0 9.2 9.2 10.0 2.5 2 0 4 4 4
390.1 -2702.2 -0.8 97 0 8.4 8.5 5.0 2.5 2 1 2 0 0
355.2 -2841.1 -1.2 98 0 12.0 8.9 7.5 2.5 2 0 3 2 2
435.1 -2872.1 -2.0 278 0 12.1 10.4 7.5 2.5 2 0 3 2 2
713.6 -2760.6 -2.6 205 0 6.8 8.7 5.0 2.5 2 1 2 0 0
719.7 -2693.5 -2.9 95 0 11.9 10.6 7.5 2.5 2 0 3 0 0
910.2 -2418.4 -1.5 285 0 12.2 12.8 10.0 2.5 2 1 4 3 3
849.4 -2513.3 -1.7 128 0 10.8 13.8 10.0 2.5 2 1 4 5 5
850.4 -2650.2 -3.2 90 0 11.7 8.8 7.5 2.5 2 0 3 3 3
959.5 -2467.9 -2.9 95 0 10.9 10.4 10.0 2.5 4 0 4 5 5
1134.2 -2389.2 -3.6 97 0 8.5 8.5 7.5 2.5 2 1 3 1 1
1044.8 -2438.8 -3.9 83 0 12.9 12.5 5.0 2.5 2 0 2 0 0
1199.0 -2161.7 -0.0 90 0 10.2 9.7 5.0 2.5 2 0 2 4 4
1226.0 -2229.6 0.1 276 0 8.7 9.2 7.5 2.5 2 1 3 0 0
1256.2 -2268.0 -1.1 101 0 11.4 15.3 10.0 0.0 0 1 4 4 4
1330.0 -1991.0 -0.9 267 0 11.4 8.1 7.5 2.5 4 0 3 2 2
1357.6 -2288.8 -1.4 106 0 9.9 11.0 5.0 2.5 2 1 2 5 5
1402.5 -2116.0 -1.1 32 0 16.9 8.1 7.5 2.5 2 0 3 1 1
1357.4 -2140.5 -1.3 210 0 8.8 9.8 10.0 0.0 0 1 4 2 2
1418.3 -2199.7 -0.8 110 0 10.5 8.8 5.0 0.0 0 0 2 3 3
1435.2 -2326.1 -0.9 109 0 10.8 10.0 5.0 0.0 0 0 2 4 4
1520.4 -2396.1 -1.9 178 0 10.3 12.3 2.5 2.5 2 1 1 5 5
1582.0 -2389.1 -2.2 273 0 9.5 13.1 10.0 2.5 2 1 4 5 5
1536.5 -2301.5 -1.2 92 0 12.6 11.2 5.0 2.5 2 0 2 3 3
1522.9 -1848.0 3.4 92 0 8.3 10.0 5.0 2.5 2 1 2 4 4
1486.9 -1970.5 -1.0 111 0 12.0 11.6 2.5 2.5 2 0 1 3 3
1529.1 -1914.9 0.2 298 0 8.0 9.3 10.0 2.5 2 1 4 5 5
1656.9 -1846.8 3.1 113 0 6.8 6.5 2.5 2.5 2 0 1 1 1
1654.4 -2032.9 -1.6 82 0 8.9 8.6 5.0 2.5 2 0 2 0 0
1633.1 -2162.3 -2.3 69 0 9.5 7.5 7.5 2.5 2 0 3 5 5
1667.2 -2358.8 -2.2 88 0 7.9 10.6 7.5 2.5 2 1 3 2 2
2158.6 -1827.7 -1.7 73 0 9.2 8.8 10.0 0.0 0 0 4 0 0
2173.0 -2123.9 -4.1 188 0 8.5 10.0 5.0 2.5 2 1 2 5 5
2295.5 -1924.9 -1.0 85 0 10.6 9.3 7.5 2.5 2 0 3 2 2
2342.7 -1988.9 -3.0 98 0 9.3 15.0 10.0 2.5 2 1 4 0 0
2279.1 -2083.8 -1.7 269 0 9.3 13.3 7.5 2.5 2 1 3 5 5
2919.7 -1824.2 -3.9 281 0 7.8 9.0 5.0 2.5 2 1 2 2 2
2711.4 -2020.8 -3.5 273 0 13.8 8.0 5.0 2.5 2 0 2 5 5
2729.3 -1932.8 -4.2 267 0 8.9 7.8 5.0 0.0 0 0 2 3 3
2685.9 -1812.7 -3.6 271 0 9.4 7.7 5.0 0.0 0 0 2 1 1
2616.2 -1840.8 -5.1 11 0 9.6 6.7 5.0 2.5 2 0 2 4 4
2606.9 -2056.7 -3.3 341 0 8.4 6.8 2.5 2.5 4 0 1 3 3
2650.1 -2182.1 -3.9 84 0 9.6 7.3 7.5 2.5 2 0 3 3 3
2522.9 -2199.5 -3.7 89 0 8.6 9.0 10.0 0.0 0 1 4 5 5
2880.3 -2338.2 -6.6 14 0 6.8 7.9 5.0 2.5 2 1 2 4 4
2912.1 -2403.9 -5.8 17 0 8.0 9.5 10.0 2.5 2 1 4 0 0
2736.6 -2263.9 -5.5 159 0 13.1 9.0 7.5 2.5 2 0 3 2 2
2746.2 -2310.5 -6.2 158 0 20.0 9.9 5.0 2.5 2 0 2 3 3
3039.1 -1991.5 -3.0 1 0 8.0 9.8 7.5 2.5 2 1 3 3 3
3053.5 -2110.1 -3.1 114 0 8.7 7.0 7.5 2.5 2 0 3 5 5
3096.5 -2058.8 -3.0 299 0 7.3 9.1 5.0 2.5 2 1 2 5 5
3419.7 -2184.2 -4.8 358 0 7.7 7.3 2.5 2.5 2 0 1 0 0
3388.4 -2234.4 -4.1 183 0 9.0 9.5 2.5 2.5 2 1 1 5 5
3262.8 -2110.5 -3.4 87 0 8.4 8.7 7.5 2.5 2 1 3 3 3
3334.8 -2045.1 -4.8 4 0 9.9 10.6 7.5 2.5 2 1 3 2 2
3397.4 -2035.7 -4.8 5 0 6.5 7.9 2.5 2.5 2 1 1 4 4
3382.8 -1960.7 -3.6 83 0 10.1 9.8 7.5 2.5 2 0 3 1 1
3429.3 -1842.7 -3.5 261 0 16.7 11.2 7.5 0.0 0 0 3 5 5
3559.0 -1961.6 -3.2 184 0 8.6 9.0 7.5 2.5 2 1 3 1 1
3586.2 -2025.3 -4.1 180 0 7.2 7.5 2.5 2.5 4 1 1 4 4
3522.9 -2129.9 -4.3 352 0 6.7 6.9 5.0 2.5 2 1 2 4 4
3677.7 -2460.8 -3.9 354 0 9.2 10.4 5.0 2.5 2 1 2 5 5
3633.5 -2323.4 -4.1 355 0 10.1 10.7 10.0 0.0 0 1 4 4 4
3348.9 -2348.4 -3.9 84 0 9.9 8.9 10.0 2.5 2 0 4 0 0
3284.9 -2368.4 -4.1 173 0 12.2 10.9 5.0 2.5 2 0 2 1 1
3149.5 -2154.1 -4.0 279 0 11.2 9.0 7.5 2.5 2 0 3 3 3
516.7 -1967.8 3.0 87 0 11.8 13.3 7.5 2.5 2 1 3 0 0
-35.0 -2360.7 -0.2 98 0 9.8 8.6 5.0 2.5 4 0 2 2 2
-115.2 -2832.8 -0.6 78 0 9.8 6.9 7.5 2.5 2 0 3 5 5
-299.9 -2371.6 -1.3 90 0 7.3 14.1 5.0 2.5 2 1 2 4 4
-353.7 -2171.1 1.4 90 0 9.4 7.7 7.5 2.5 4 0 3 3 3
-541.2 -1566.6 -0.6 88 0 9.1 9.4 2.5 2.5 4 1 1 1 1
-468.6 -1818.4 1.9 96 0 8.7 7.7 7.5 2.5 2 0 3 3 3
-147.7 -1556.9 0.9 89 0 9.6 7.5 7.5 2.5 2 0 3 0 0
-84.6 -1640.5 0.6 12 0 8.4 7.5 7.5 2.5 2 0 3 3 3
-237.4 -1755.5 1.1 268 0 8.2 10.6 7.5 2.5 2 1 3 5 5
-295.9 -1703.9 0.8 264 0 8.5 8.0 10.0 2.5 2 0 4 4 4
-223.2 -1804.2 0.7 281 0 9.2 7.2 7.5 2.5 4 0 3 1 1
-243.6 -1840.7 0.8 173 0 7.6 8.1 5.0 2.5 4 1 2 1 1
-168.1 -1763.1 0.5 91 0 9.4 8.0 7.5 2.5 2 0 3 1 1
-114.5 -1762.4 -0.1 92 0 10.0 7.8 5.0 2.5 2 0 2 1 1
-172.6 -1964.3 0.6 96 0 8.0 9.0 7.5 2.5 2 1 3 5 5
-255.3 -1923.2 -0.2 283 0 9.9 8.6 2.5 2.5 2 0 1 5 5
-240.0 -1960.6 -0.5 96 0 9.9 7.3 7.5 2.5 2 0 3 0 0
-312.4 -1965.8 -1.2 99 0 9.1 9.1 10.0 2.5 2 0 4 0 0
-563.9 -2210.1 1.3 268 0 10.5 7.1 10.0 2.5 2 0 4 3 3
-431.8 -2171.3 1.4 82 0 9.6 8.5 7.5 2.5 2 0 3 5 5
-681.1 -2421.3 1.9 358 0 8.6 13.5 7.5 2.5 2 1 3 0 0
-497.0 -2573.7 2.9 280 0 8.2 7.8 5.0 2.5 2 0 2 1 1
-547.5 -2424.3 4.2 91 0 11.6 7.4 5.0 2.5 4 0 2 2 2
-490.9 -2371.8 1.5 89 0 9.8 7.8 5.0 0.0 0 0 2 3 3
-428.5 -2368.8 -0.6 86 0 8.7 7.8 2.5 2.5 2 0 1 2 2
-398.3 -2427.1 -0.1 358 0 7.1 8.0 7.5 2.5 2 1 3 1 1
-445.8 -2459.6 1.8 97 0 7.0 9.5 7.5 2.5 2 1 3 5 5
83.9 6314.3 -0.8 162 0 8.0 9.5 7.5 2.5 2 1 3 2 2
53.3 6287.6 -0.3 346 0 10.0 9.7 5.0 2.5 2 0 2 5 5
124.9 6254.4 -0.5 51 0 7.3 9.0 7.5 2.5 2 1 3 3 3
287.8 6400.5 -0.7 329 0 9.2 9.2 10.0 2.5 2 0 4 5 5
240.8 6266.8 -1.5 339 0 10.7 7.3 10.0 2.5 2 0 4 0 0
192.2 6258.6 -1.4 238 0 6.7 14.5 7.5 2.5 2 1 3 5 5
482.5 6272.5 -1.3 60 0 11.6 9.4 5.0 2.5 2 0 2 1 1
556.6 6353.0 0.4 256 0 9.6 9.7 7.5 2.5 2 1 3 4 4
606.6 6324.8 0.1 235 0 9.8 8.4 7.5 2.5 2 0 3 5 5
664.5 6301.8 0.8 154 0 6.8 9.5 2.5 2.5 2 1 1 5 5
693.9 6270.8 1.2 57 0 7.0 7.7 5.0 2.5 2 1 2 3 3
709.8 6282.3 1.6 329 0 11.6 10.1 7.5 2.5 2 0 3 0 0
-264.4 6559.1 -2.2 247 0 8.8 6.1 5.0 2.5 2 0 2 5 5
-467.2 6400.5 -3.1 80 0 11.9 8.7 7.5 2.5 2 0 3 2 2
-213.4 6751.8 -3.2 356 0 7.8 9.2 5.0 0.0 0 1 2 1 1
-224.8 6697.0 -2.8 78 0 9.1 11.0 5.0 2.5 2 1 2 4 4
-347.4 6371.5 -3.4 353 0 11.3 8.3 5.0 2.5 2 0 2 4 4
-189.9 6409.5 -2.9 345 0 9.3 12.1 5.0 2.5 2 1 2 0 0
-215.7 6223.9 -1.9 59 0 8.3 6.5 7.5 2.5 2 0 3 5 5
-197.0 6309.3 -2.1 151 0 10.8 9.4 7.5 2.5 2 0 3 2 2
-143.6 6322.3 -1.9 63 0 8.9 10.9 5.0 2.5 2 1 2 3 3
-97.5 6370.5 -2.0 328 0 7.9 10.3 7.5 2.5 2 1 3 5 5
-21.8 6410.0 -1.6 325 0 10.8 9.2 7.5 2.5 2 0 3 5 5
-80.5 6498.4 -3.7 318 0 8.7 8.1 7.5 2.5 2 0 3 5 5
-92.4 6577.6 -3.2 60 0 8.1 12.1 7.5 2.5 2 1 3 5 5
2.5 6610.3 -3.2 224 0 12.8 8.2 5.0 2.5 2 0 2 3 3
104.0 6732.0 -3.1 348 0 8.7 11.8 7.5 2.5 2 1 3 5 5
64.7 6655.3 -3.4 150 0 11.2 8.2 7.5 2.5 2 0 3 5 5
91.3 6539.8 -2.6 229 0 7.4 9.3 7.5 2.5 2 1 3 4 4
156.6 6575.9 -1.7 328 0 8.1 6.3 5.0 2.5 2 0 2 3 3
107.6 6422.2 -2.0 55 0 8.7 11.0 5.0 2.5 2 1 2 1 1
199.1 6430.1 -2.2 247 0 9.6 11.5 10.0 2.5 2 1 4 1 1
192.2 6621.4 -0.2 351 0 8.8 10.5 7.5 2.5 2 1 3 2 2
281.6 6700.0 1.6 345 0 10.5 9.4 2.5 2.5 2 0 1 0 0
251.8 6741.5 0.5 46 0 8.4 8.5 5.0 2.5 2 1 2 2 2
179.0 6790.7 -0.8 66 0 11.1 7.4 7.5 2.5 2 0 3 0 0
161.1 6814.6 -0.2 161 0 8.1 11.3 7.5 2.5 2 1 3 0 0
312.7 6794.4 0.3 331 0 6.1 13.4 5.0 2.5 2 1 2 0 0
381.6 6847.2 -1.0 61 0 8.4 8.2 7.5 2.5 2 0 3 2 2
-4540.2 -1784.5 -2.1 26 0 6.7 12.5 7.5 2.5 2 1 3 5 5
-4567.7 -1820.9 -2.1 203 0 6.7 12.2 7.5 2.5 2 1 3 4 4
-731.9 -2439.0 3.0 94 0 9.4 8.7 7.5 2.5 2 0 3 1 1
-2051.7 5208.5 -6.3 325 0 9.2 10.4 7.5 2.5 2 1 3 5 5
-1953.7 5309.0 -7.8 128 0 7.7 10.7 7.5 2.5 2 1 3 0 0
-1602.1 5354.4 -8.4 92 0 6.7 7.0 7.5 2.5 2 1 3 4 4
-1716.9 4903.3 -2.4 78 0 8.6 8.6 5.0 0.0 0 1 2 2 2
-1651.0 4805.5 -2.4 80 0 9.7 10.7 5.0 2.5 2 1 2 1 1
-1527.9 4933.0 -2.4 263 0 9.7 11.3 2.5 2.5 2 1 1 2 2
-1580.3 4699.3 -3.1 78 0 8.0 7.7 5.0 2.5 2 0 2 3 3
-1619.3 4704.2 -3.6 252 0 9.3 9.9 5.0 2.5 2 1 2 4 4
-1596.9 4406.2 -3.3 87 0 8.1 15.7 7.5 2.5 2 1 3 5 5
-1580.5 4653.1 -2.7 246 0 6.6 10.5 7.5 2.5 2 1 3 0 0
-1493.7 4561.6 -2.0 85 0 8.8 9.2 7.5 2.5 2 1 3 2 2
-2882.0 -2576.5 1.4 25 0 14.1 9.8 2.5 2.5 2 0 1 0 0
-2441.9 5020.6 -7.3 198 0 6.7 12.8 7.5 2.5 4 1 3 4 4
-2379.9 5107.9 -5.9 208 0 11.0 6.8 2.5 2.5 2 0 1 4 4
-2377.4 5044.7 -6.1 96 0 8.4 13.3 7.5 2.5 2 1 3 1 1
-1192.5 4495.3 -4.6 245 0 6.2 10.3 2.5 2.5 2 1 1 3 3
-1205.8 4956.4 -2.7 75 0 7.4 11.9 5.0 0.0 0 1 2 3 3
-2103.6 5179.6 -5.7 151 0 6.9 8.3 7.5 2.5 2 1 3 2 2
-2052.9 5125.6 -7.5 69 0 8.2 11.0 7.5 2.5 2 1 3 2 2
-1908.6 4865.1 -1.9 268 0 11.1 8.0 10.0 2.5 4 0 4 5 5
-1952.9 4587.2 -3.6 6 0 12.3 8.8 7.5 2.5 2 0 3 1 1
-1853.2 4619.0 -2.1 265 0 8.6 6.2 5.0 2.5 2 0 2 4 4
-1680.4 4516.1 -2.9 345 0 8.1 9.2 10.0 2.5 2 1 4 5 5
-1457.6 5015.1 -6.1 342 0 8.5 7.8 7.5 0.0 0 0 3 4 4
-1264.8 4998.2 -6.5 356 0 10.4 11.8 2.5 2.5 2 1 1 4 4
-1909.1 4865.1 -1.9 270 0 10.7 7.5 7.5 2.5 2 0 3 1 1
-1810.3 4888.0 -2.5 67 0 8.0 7.7 10.0 2.5 2 0 4 0 0
-1580.5 4956.2 -3.7 336 0 8.3 8.3 7.5 2.5 2 0 3 3 3
-1644.7 4877.1 -2.2 159 0 6.5 11.2 5.0 2.5 2 1 2 0 0
-1615.3 4897.2 -2.7 255 0 8.0 9.7 5.0 2.5 2 1 2 4 4
-2218.6 5150.0 -5.1 90 0 9.1 12.4 5.0 2.5 2 1 2 3 3
-1486.5 4807.7 -1.1 242 0 8.6 11.7 2.5 2.5 2 1 1 2 2
-1619.4 4704.0 -3.6 253 0 8.5 9.4 7.5 2.5 4 1 3 1 1
-1776.3 4300.8 -3.2 249 0 9.2 10.2 5.0 2.5 2 1 2 2 2
-1724.2 4359.4 -0.8 81 0 7.2 9.8 7.5 2.5 2 1 3 1 1
-1954.0 4587.4 -3.6 4 0 11.4 8.1 7.5 2.5 2 0 3 3 3
-1853.4 4618.7 -2.1 248 0 8.4 6.2 5.0 0.0 0 0 2 5 5
-1602.2 5354.7 -8.4 91 0 6.4 6.6 7.5 2.5 2 1 3 3 3
-1891.5 5311.2 -8.5 301 0 12.0 9.6 7.5 2.5 2 0 3 1 1
680.8 6667.7 2.6 70 0 6.2 31.4 10.0 0.0 0 1 4 4 4
626.3 6556.6 -0.2 39 0 6.1 10.3 7.5 2.5 2 1 3 2 2
552.8 6555.1 0.2 232 0 7.9 34.8 5.0 0.0 0 1 2 1 1
360.3 6415.4 0.6 235 0 8.2 9.2 7.5 2.5 2 1 3 5 5
360.2 6386.9 0.2 137 0 10.0 6.9 7.5 2.5 4 0 3 5 5
339.2 6623.6 1.9 52 0 7.1 12.5 10.0 2.5 2 1 4 5 5
-240.3 6224.2 -2.5 142 0 6.5 8.2 2.5 0.0 0 1 1 0 0
207.9 5125.0 -4.8 94 0 7.8 25.4 5.0 2.5 2 1 2 4 4
649.2 2501.8 -1.0 181 0 6.2 13.6 7.5 2.5 4 1 3 2 2
95.2 6596.8 -3.0 67 0 7.1 8.3 5.0 2.5 2 1 2 2 2
-1717.6 4623.4 -2.0 69 0 6.5 7.2 10.0 2.5 2 1 4 4 4
-6893.9 -1096.3 -3.7 213 0 6.3 14.3 10.0 2.5 2 1 4 5 5
-6855.3 -1080.1 -3.7 30 0 8.9 6.6 7.5 2.5 2 0 3 0 0
2104.7 -1748.6 -1.5 358 0 7.7 6.1 7.5 2.5 2 0 3 2 2
3697.8 -1955.5 -3.1 279 0 8.1 7.2 7.5 2.5 2 0 3 5 5
2481.6 -1855.6 -2.0 7 0 12.5 8.0 7.5 0.0 0 0 3 4 4
2335.0 -1755.1 -0.9 89 0 10.0 10.6 7.5 2.5 2 1 3 3 3
2244.6 -1900.2 -1.5 184 0 9.2 9.4 7.5 2.5 2 1 3 5 5
1578.1 -2043.5 -2.2 96 0 8.1 10.8 5.0 2.5 2 1 2 1 1
1435.1 -1820.5 3.4 184 0 8.7 6.6 5.0 2.5 2 0 2 3 3
1402.2 -1510.6 2.5 2 0 8.0 6.8 7.5 2.5 2 0 3 2 2
1350.8 -1826.2 2.4 99 0 8.3 8.8 7.5 2.5 2 1 3 5 5
1403.8 -1894.0 0.6 276 0 10.0 9.2 7.5 2.5 2 0 3 3 3
-2012.9 5261.5 -6.5 13 0 9.1 6.5 7.5 2.5 2 0 3 0 0
2444.3 -1922.0 -1.4 91 0 7.2 7.7 7.5 2.5 2 1 3 2 2
1290.8 -1673.4 0.6 188 0 7.7 7.4 7.5 2.5 2 0 3 1 1
3542.4 -4620.4 -7.7 191 0 6.1 6.3 5.0 2.5 2 1 2 5 5
4510.5 -6865.8 -7.0 105 0 7.2 9.5 2.5 2.5 2 1 1 1 1
4489.2 -6864.7 -7.3 15 0 9.5 7.2 5.0 2.5 2 0 2 5 5
4477.7 -6803.8 -7.7 195 0 9.5 7.2 2.5 2.5 2 0 1 1 1
4578.3 -6843.7 -7.3 105 0 7.2 9.5 7.5 2.5 2 1 3 5 5
4625.2 -6860.1 -7.8 105 0 7.2 9.5 7.5 2.5 4 1 3 5 5
4649.3 -6816.5 -7.7 15 0 9.5 7.2 5.0 2.5 2 0 2 0 0
4622.8 -6810.8 -7.5 15 0 9.5 7.2 2.5 2.5 2 0 1 1 1
4596.1 -6805.2 -7.6 105 0 7.2 9.5 5.0 2.5 4 1 2 3 3
4571.2 -6798.6 -7.7 105 0 7.2 9.5 7.5 2.5 4 1 3 5 5
4496.6 -6767.4 -7.6 195 0 9.5 7.2 2.5 2.5 2 0 1 3 3
4618.5 -6753.0 -8.5 285 0 7.2 9.5 7.5 2.5 4 1 3 2 2
4639.4 -6762.2 -8.3 285 0 7.2 9.5 5.0 2.5 2 1 2 5 5
4682.9 -6736.4 -8.6 15 0 9.5 7.2 5.0 2.5 2 0 2 1 1
4590.0 -6734.0 -9.1 285 0 7.2 9.5 7.5 2.5 2 1 3 0 0
4511.0 -6715.0 -8.1 285 0 7.2 9.5 2.5 2.5 2 1 1 4 4
4178.8 -6436.0 -8.3 225 0 15.1 11.5 7.5 0.0 0 0 3 3 3
4141.2 -6370.7 -8.4 315 0 11.5 15.2 7.5 2.5 2 1 3 2 2
4116.0 -6360.5 -8.5 315 0 11.3 12.1 7.5 0.0 0 1 3 3 3
4099.3 -6350.9 -8.6 314 0 11.3 8.8 7.5 2.5 2 0 3 5 5
4201.7 -6268.2 -7.7 315 0 11.3 12.1 5.0 2.5 2 1 2 3 3
4200.2 -6242.5 -7.3 315 0 11.3 12.1 7.5 2.5 2 1 3 2 2
4243.2 -6329.1 -8.0 135 0 11.3 12.1 7.5 2.5 2 1 3 3 3
4245.6 -6297.1 -7.8 316 0 10.4 8.7 5.0 2.5 2 0 2 3 3
4180.7 -6225.8 -7.2 316 0 10.4 8.7 5.0 2.5 2 0 2 0 0
4122.0 -6159.1 -6.3 316 0 10.4 8.7 10.0 2.5 2 0 4 4 4
4093.9 -6087.7 -7.0 136 0 10.4 8.7 10.0 2.5 2 0 4 5 5
4210.3 -6222.9 -8.3 135 0 29.6 9.9 7.5 2.5 2 0 3 2 2
4233.2 -6232.0 -9.0 131 0 10.6 18.0 7.5 2.5 2 1 3 2 2
4181.4 -6191.0 -7.0 146 0 23.1 41.8 10.0 2.5 2 1 4 5 5
4332.6 -6164.0 -7.7 198 0 8.7 10.4 5.0 2.5 2 1 2 1 1
4339.9 -6094.2 -6.2 198 0 8.7 10.4 7.5 2.5 2 1 3 5 5
4325.2 -6081.3 -5.9 198 0 8.7 10.4 10.0 2.5 2 1 4 4 4
4263.4 -6123.2 -6.5 288 0 10.4 8.7 2.5 2.5 2 0 1 3 3
4351.0 -6150.5 -7.2 18 0 8.7 10.4 5.0 2.5 2 1 2 0 0
4313.6 -6044.8 -5.1 198 0 8.7 10.4 7.5 2.5 2 1 3 1 1
4277.4 -6012.7 -5.6 198 0 8.7 10.4 10.0 2.5 2 1 4 2 2
4254.0 -6035.8 -5.3 108 0 10.4 8.7 7.5 2.5 2 0 3 4 4
4219.7 -5994.3 -7.3 288 0 10.4 8.7 2.5 2.5 2 0 1 0 0
4181.4 -6005.6 -7.8 108 0 10.4 8.7 7.5 2.5 2 0 3 5 5
4146.4 -5964.7 -8.1 288 0 10.4 8.7 7.5 2.5 2 0 3 2 2
4119.7 -5955.0 -7.9 288 0 10.4 8.7 7.5 2.5 2 0 3 3 3
4132.0 -5881.6 -7.6 108 0 10.4 8.7 7.5 2.5 2 0 3 5 5
4164.7 -5854.4 -7.8 198 0 8.7 10.4 2.5 0.0 0 1 1 1 1
4209.8 -5889.8 -8.2 18 0 8.7 10.4 7.5 2.5 2 1 3 4 4
4259.6 -5839.0 -7.6 288 0 10.4 8.7 5.0 2.5 2 0 2 1 1
4322.0 -5902.0 -6.0 108 0 10.4 8.7 7.5 2.5 2 0 3 3 3
4382.0 -5872.6 -6.4 286 0 10.0 11.8 7.5 2.5 2 1 3 5 5
4405.3 -5908.2 -6.8 16 0 11.8 10.0 2.5 2.5 2 0 1 3 3
4405.8 -5958.0 -6.9 16 0 11.8 10.0 10.0 2.5 2 0 4 2 2
4286.3 -5985.1 -6.5 194 0 12.5 21.4 10.0 2.5 2 1 4 1 1
4332.0 -6028.4 -5.5 106 0 10.0 11.8 10.0 2.5 2 1 4 1 1
4387.2 -5844.3 -6.6 105 0 12.4 24.5 7.5 2.5 4 1 3 1 1
4419.6 -5837.5 -7.1 106 0 10.0 11.8 7.5 2.5 2 1 3 5 5
4433.4 -5796.2 -7.5 16 0 11.8 10.0 5.0 2.5 2 0 2 1 1
4323.3 -5769.3 -7.7 196 0 11.8 10.0 5.0 2.5 2 0 2 5 5
4320.8 -5823.9 -6.3 106 0 10.0 11.8 7.5 2.5 2 1 3 5 5
4245.4 -5783.2 -7.6 106 0 10.0 11.8 7.5 2.5 2 1 3 0 0
4257.3 -5729.8 -7.8 286 0 10.0 11.8 5.0 2.5 2 1 2 2 2
4223.3 -5726.1 -7.7 196 0 11.8 10.0 2.5 2.5 2 0 1 5 5
4154.3 -5704.5 -6.7 286 0 10.0 11.8 7.5 2.5 2 1 3 4 4
4112.3 -5751.1 -6.7 106 0 10.0 11.8 5.0 2.5 2 1 2 0 0
3978.2 -5761.4 -7.7 228 0 10.0 11.8 2.5 2.5 2 1 1 5 5
4517.4 -5523.0 -5.8 16 0 11.8 10.0 5.0 2.5 4 0 2 1 1
4484.4 -5498.6 -6.2 196 0 11.8 10.0 7.5 2.5 2 0 3 3 3
4478.3 -5519.6 -6.4 196 0 11.8 10.0 10.0 2.5 2 0 4 3 3
4505.7 -5468.7 -5.9 286 0 10.0 11.8 7.5 2.5 2 1 3 5 5
4535.2 -5397.9 -5.7 286 0 10.0 11.8 10.0 2.5 2 1 4 1 1
4500.8 -5287.6 -5.9 106 0 10.0 11.9 7.5 2.5 2 1 3 0 0
4539.0 -5323.6 -5.8 106 0 10.0 11.9 7.5 2.5 2 1 3 0 0
4541.3 -5198.8 -7.1 286 0 10.0 11.8 7.5 2.5 2 1 3 2 2
4353.4 -5092.1 -8.3 196 0 11.8 10.0 10.0 2.5 2 0 4 3 3
4447.6 -5070.2 -7.7 106 0 10.0 11.8 7.5 2.5 2 1 3 1 1
4400.0 -5049.8 -8.3 262 0 26.6 15.2 10.0 2.5 2 0 4 0 0
4426.7 -5042.7 -8.1 257 0 18.0 13.2 10.0 2.5 2 0 4 0 0
4463.6 -5040.1 -8.0 347 0 13.2 18.0 5.0 2.5 2 1 2 4 4
4543.0 -5017.6 -7.7 168 0 12.0 10.2 7.5 2.5 4 0 3 5 5
4569.0 -5065.9 -7.1 78 0 10.2 12.0 5.0 2.5 2 1 2 2 2
4738.1 -4910.3 -4.1 258 0 10.2 12.0 7.5 2.5 2 1 3 4 4
4791.5 -4902.3 -4.7 258 0 10.2 12.0 7.5 2.5 2 1 3 3 3
4743.1 -4804.8 -6.6 78 0 10.2 12.0 5.0 2.5 2 1 2 1 1
4664.6 -4841.2 -6.4 78 0 10.2 12.0 5.0 2.5 2 1 2 5 5
4705.0 -4788.7 -7.0 258 0 10.2 12.0 5.0 2.5 2 1 2 5 5
4795.2 -4746.2 -6.9 258 0 10.2 12.0 5.0 2.5 2 1 2 3 3
4823.4 -4721.9 -6.5 258 0 10.2 12.0 7.5 2.5 2 1 3 1 1
4843.3 -4779.3 -5.2 166 0 16.3 10.1 10.0 2.5 2 0 4 0 0
4906.7 -4779.7 -4.4 76 0 10.1 16.3 7.5 2.5 2 1 3 0 0
4937.7 -4768.5 -5.0 76 0 10.1 16.3 7.5 2.5 2 1 3 1 1
4992.2 -4754.1 -5.7 346 0 15.8 19.0 5.0 2.5 4 1 2 3 3
4984.0 -4699.6 -6.3 346 0 15.8 19.0 12.5 2.5 2 1 5 3 3
4955.9 -4650.5 -6.5 256 0 19.0 15.8 7.5 0.0 0 0 3 2 2
4919.0 -4655.7 -6.2 256 0 19.0 15.8 12.5 2.5 2 0 5 5 5
4892.2 -4680.7 -5.7 252 0 15.2 15.6 5.0 2.5 2 1 2 4 4
4869.1 -4693.8 -5.2 252 0 15.2 15.6 5.0 2.5 2 1 2 1 1
4768.3 -4705.8 -8.1 71 0 15.4 20.2 12.5 2.5 2 1 5 5 5
4712.3 -4739.1 -8.0 72 0 15.2 15.6 7.5 2.5 2 1 3 5 5
4666.3 -4724.3 -8.3 252 0 15.2 15.6 7.5 2.5 2 1 3 3 3
4899.7 -4408.2 -7.1 342 0 15.6 15.2 2.5 2.5 2 0 1 5 5
4887.0 -4352.1 -7.0 338 0 13.5 9.6 7.5 2.5 4 0 3 5 5
4862.5 -4308.9 -6.6 338 0 13.5 9.6 5.0 2.5 2 0 2 5 5
4823.5 -4213.8 -5.0 341 0 9.5 9.0 10.0 2.5 2 0 4 0 0
4757.9 -4184.3 -4.3 71 0 9.0 9.5 5.0 2.5 4 1 2 3 3
4759.4 -4115.1 -5.6 251 0 9.0 9.5 10.0 2.5 2 1 4 5 5
4761.8 -4035.8 -6.8 341 0 9.5 9.0 7.5 2.5 4 0 3 3 3
4719.1 -4055.0 -6.4 251 0 9.0 9.5 5.0 2.5 4 1 2 2 2
4643.1 -4093.0 -5.3 71 0 9.0 9.5 7.5 0.0 0 1 3 5 5
4596.1 -4102.8 -4.9 161 0 9.5 9.0 7.5 2.5 2 0 3 5 5
4611.1 -4062.2 -5.1 251 0 9.0 9.5 5.0 2.5 2 1 2 3 3
4727.5 -3943.7 -5.7 341 0 9.5 9.0 10.0 2.5 2 0 4 2 2
4695.2 -3886.2 -6.8 71 0 9.0 9.5 5.0 2.5 2 1 2 0 0
4670.3 -3788.9 -7.1 341 0 9.5 9.0 7.5 2.5 2 0 3 0 0
4651.3 -3754.4 -6.8 341 0 9.5 9.0 7.5 2.5 2 0 3 0 0
4637.7 -3733.0 -7.2 341 0 9.5 9.0 10.0 2.5 2 0 4 0 0
4636.0 -3701.0 -7.5 341 0 9.5 9.0 5.0 2.5 2 0 2 0 0
4758.9 -3679.4 -5.6 341 0 9.5 9.0 2.5 2.5 2 0 1 3 3
4779.6 -3718.3 -5.1 341 0 9.5 9.0 7.5 2.5 2 0 3 5 5
4774.1 -3762.2 -5.1 161 0 9.6 9.0 5.0 2.5 2 0 2 5 5
4786.5 -3829.1 -7.4 251 0 9.0 9.5 7.5 2.5 2 1 3 4 4
4831.8 -3920.0 -6.0 251 0 9.0 9.5 7.5 2.5 4 1 3 1 1
4829.1 -3983.6 -6.0 71 0 9.0 9.5 5.0 2.5 2 1 2 0 0
4828.4 -4063.7 -7.2 251 0 9.0 9.6 7.5 2.5 2 1 3 4 4
4994.9 -4317.4 -5.5 341 0 9.5 9.0 2.5 2.5 4 0 1 4 4
4995.8 -4433.9 -7.7 251 0 9.0 9.5 10.0 2.5 2 1 4 4 4
5063.1 -4491.9 -6.5 341 0 9.5 9.0 7.5 2.5 2 0 3 3 3
5008.4 -4514.9 -7.5 161 0 9.5 9.0 7.5 2.5 2 0 3 2 2
5063.5 -4564.4 -6.5 341 0 9.5 9.0 7.5 2.5 2 0 3 5 5
5068.3 -4640.7 -6.4 251 0 9.0 9.5 7.5 2.5 2 1 3 5 5
5033.5 -4636.9 -6.9 251 0 9.0 9.5 5.0 2.5 2 1 2 0 0
5016.5 -4680.0 -6.6 161 0 9.5 9.0 7.5 2.5 2 0 3 4 4
5027.9 -4752.9 -6.2 161 0 9.5 9.0 7.5 2.5 2 0 3 1 1
5088.8 -4750.8 -6.1 71 0 9.0 9.5 5.0 2.5 2 1 2 3 3
5113.5 -4701.7 -5.7 341 0 9.5 9.0 7.5 2.5 2 0 3 3 3
5123.7 -4735.0 -5.6 341 0 9.5 9.0 5.0 2.5 2 0 2 5 5
5135.5 -4672.7 -5.2 161 0 9.5 9.0 5.0 2.5 2 0 2 5 5
5130.6 -4648.0 -5.2 169 0 11.2 19.3 10.0 2.5 2 1 4 3 3
5207.7 -4649.6 -4.1 251 0 9.0 9.5 7.5 2.5 2 1 3 2 2
5264.9 -4647.1 -4.0 251 0 9.0 9.5 7.5 2.5 2 1 3 4 4
5301.4 -4649.2 -4.7 251 0 9.0 9.5 2.5 2.5 2 1 1 1 1
5314.4 -4726.6 -4.6 120 0 12.5 44.5 10.0 2.5 2 1 4 0 0
5377.3 -4703.0 -5.5 347 0 42.7 18.7 10.0 2.5 2 0 4 2 2
5367.6 -4653.6 -5.9 348 0 24.8 28.8 7.5 0.0 0 1 3 0 0
5351.9 -4600.3 -6.3 341 0 15.1 21.6 10.0 2.5 2 1 4 5 5
6486.8 -6615.9 -10.4 216 0 20.1 8.0 10.0 0.0 0 0 4 4 4
6496.3 -6590.3 -10.0 207 0 11.2 7.3 5.0 2.5 2 0 2 1 1
6515.9 -6569.5 -9.2 297 0 7.3 11.2 7.5 2.5 2 1 3 3 3
6562.1 -6497.9 -7.7 207 0 11.2 7.3 5.0 2.5 4 0 2 5 5
6580.9 -6477.4 -7.9 207 0 11.2 7.3 7.5 2.5 2 0 3 0 0
6419.8 -6378.2 -10.9 175 0 7.2 7.2 2.5 2.5 2 1 1 3 3
6428.3 -6331.4 -10.1 176 0 7.2 7.2 7.5 2.5 2 1 3 4 4
6453.6 -6275.5 -9.1 355 0 7.2 7.2 5.0 2.5 2 1 2 4 4
6328.9 -6269.1 -7.5 265 0 7.2 7.2 5.0 2.5 2 0 2 4 4
6293.8 -6223.3 -7.5 355 0 7.2 7.2 5.0 2.5 2 1 2 3 3
6187.1 -6272.0 -8.0 85 0 7.2 7.2 7.5 2.5 2 0 3 0 0
6092.9 -6261.0 -9.2 266 0 7.2 7.2 7.5 0.0 0 0 3 4 4
6138.7 -6328.4 -9.3 175 0 7.2 7.2 7.5 2.5 2 1 3 4 4
6202.6 -6454.6 -8.8 266 0 7.2 7.2 7.5 2.5 2 0 3 4 4
6234.9 -6476.6 -9.0 356 0 7.2 7.2 2.5 2.5 2 1 1 5 5
6260.7 -6511.2 -9.7 355 0 7.2 7.2 2.5 2.5 2 1 1 5 5
6126.6 -6521.0 -10.3 119 0 7.2 7.2 2.5 2.5 2 0 1 0 0
6338.4 -6616.5 -12.4 85 0 7.2 7.2 7.5 2.5 2 0 3 1 1
6369.6 -6575.2 -11.9 355 0 7.2 7.2 7.5 2.5 2 1 3 5 5
6034.3 -6405.7 -10.9 110 0 7.2 7.2 2.5 2.5 2 0 1 0 0
6001.2 -6374.6 -11.4 200 0 7.2 7.2 10.0 2.5 2 1 4 1 1
5983.8 -6402.8 -11.6 200 0 7.2 7.2 7.5 2.5 2 1 3 4 4
5982.3 -6321.1 -11.3 4 0 7.2 7.2 7.5 2.5 2 1 3 5 5
5936.6 -6263.1 -10.3 274 0 7.2 7.2 2.5 2.5 4 0 1 1 1
5910.8 -6867.5 -9.2 45 0 8.5 7.9 2.5 2.5 2 0 1 0 0
5737.6 -6836.2 -8.2 45 0 8.5 7.9 7.5 2.5 2 0 3 4 4
5706.8 -6861.2 -7.2 135 0 7.9 8.5 7.5 2.5 2 1 3 3 3
5135.2 -6806.6 -6.3 89 0 6.4 7.7 5.0 2.5 2 1 2 2 2
5127.5 -6740.9 -6.3 175 0 6.4 7.6 5.0 2.5 2 1 2 0 0
4953.2 -6562.9 -6.1 175 0 6.4 7.6 5.0 2.5 2 1 2 0 0
5138.5 -6676.8 -7.0 175 0 6.4 7.6 5.0 2.5 2 1 2 1 1
5184.8 -6662.3 -8.2 85 0 7.6 6.4 7.5 2.5 2 0 3 4 4
5203.8 -6659.8 -8.8 85 0 7.6 6.4 5.0 2.5 2 0 2 1 1
5168.1 -6616.9 -8.3 175 0 6.4 7.6 2.5 0.0 0 1 1 5 5
5176.2 -6581.8 -8.4 265 0 7.6 6.4 10.0 2.5 2 0 4 1 1
5329.1 -6456.8 -9.1 176 0 6.4 7.6 5.0 2.5 4 1 2 0 0
5368.6 -6459.5 -9.6 265 0 7.6 6.4 7.5 2.5 2 0 3 4 4
5378.2 -6529.5 -11.2 85 0 7.6 6.4 5.0 2.5 2 0 2 2 2
5326.7 -6527.8 -10.7 265 0 7.6 6.4 7.5 2.5 2 0 3 0 0
5325.2 -6568.1 -11.4 85 0 7.6 6.4 7.5 2.5 2 0 3 0 0
5368.8 -6595.8 -12.1 85 0 7.6 6.4 2.5 2.5 2 0 1 0 0
5407.8 -6660.1 -9.6 175 0 6.4 7.6 10.0 2.5 2 1 4 4 4
5401.7 -6700.5 -9.5 110 0 7.6 6.4 5.0 2.5 2 0 2 2 2
5439.8 -6695.2 -8.6 110 0 7.6 6.4 7.5 2.5 2 0 3 2 2
5506.2 -6416.7 -9.5 81 0 7.6 6.4 2.5 2.5 2 0 1 4 4
5436.4 -6382.3 -8.8 179 0 6.4 7.6 2.5 2.5 2 1 1 1 1
5538.2 -6331.6 -6.6 89 0 8.0 12.0 7.5 2.5 2 1 3 3 3
5406.1 -6290.2 -8.4 180 0 9.2 7.6 7.5 2.5 4 0 3 5 5
5433.3 -6284.1 -7.9 270 0 7.6 9.2 2.5 2.5 2 1 1 0 0
5495.8 -6276.0 -8.0 180 0 9.2 7.6 7.5 2.5 2 0 3 1 1
5502.7 -6241.3 -7.9 360 0 9.2 7.6 5.0 2.5 2 0 2 2 2
5510.5 -6166.1 -8.0 90 0 7.6 9.2 7.5 2.5 2 1 3 0 0
5549.2 -6289.5 -7.0 270 0 7.6 9.2 7.5 2.5 2 1 3 4 4
5604.8 -6321.7 -9.9 301 0 7.6 9.2 10.0 2.5 2 1 4 2 2
5617.0 -6349.4 -10.3 121 0 7.6 9.2 5.0 2.5 2 1 2 5 5
5758.2 -6393.4 -10.4 120 0 7.7 6.6 2.5 2.5 4 0 1 4 4
5765.1 -6372.4 -9.9 300 0 7.7 6.6 7.5 0.0 0 0 3 3 3
5793.5 -6289.0 -8.8 210 0 6.6 7.7 5.0 2.5 2 1 2 1 1
5816.4 -6299.9 -7.8 30 0 6.6 7.7 10.0 2.5 2 1 4 4 4
5812.9 -6257.7 -8.7 30 0 6.6 7.7 10.0 0.0 0 1 4 3 3
5792.4 -6230.9 -9.4 192 0 6.6 7.7 7.5 2.5 2 1 3 5 5
5793.8 -6157.3 -8.1 168 0 9.9 10.1 10.0 2.5 4 1 4 2 2
5812.3 -6073.6 -6.7 184 0 9.9 10.1 7.5 2.5 2 1 3 4 4
5918.6 -6114.8 -7.7 4 0 9.9 10.1 2.5 2.5 2 1 1 2 2
5890.2 -6156.2 -8.2 4 0 9.9 10.1 7.5 2.5 2 1 3 4 4
5991.1 -6160.5 -9.1 183 0 9.9 13.7 2.5 2.5 2 1 1 4 4
6040.0 -6176.0 -8.7 92 0 12.6 14.3 2.5 2.5 2 1 1 4 4
6098.5 -6134.2 -7.3 273 0 13.7 9.9 7.5 2.5 2 0 3 1 1
6278.3 -6175.1 -7.1 183 0 9.9 13.7 10.0 2.5 4 1 4 5 5
6325.7 -6128.7 -6.6 271 0 10.7 9.9 10.0 2.5 4 0 4 0 0
6372.4 -6139.0 -7.5 91 0 10.7 9.9 10.0 2.5 2 0 4 5 5
6405.8 -6130.3 -8.8 1 0 9.9 10.7 7.5 2.5 2 1 3 0 0
6450.8 -6186.4 -10.3 91 0 10.7 9.9 10.0 2.5 2 0 4 1 1
6691.0 -6187.5 -8.6 91 0 10.7 9.9 10.0 2.5 2 0 4 0 0
6713.7 -6152.5 -8.9 12 0 9.9 10.7 7.5 2.5 2 1 3 1 1
6715.4 -6124.0 -9.0 282 0 10.7 9.9 7.5 2.5 2 0 3 1 1
6740.1 -6013.4 -9.6 2 0 9.9 10.7 7.5 0.0 0 1 3 2 2
6764.5 -5960.6 -9.9 12 0 9.9 10.7 5.0 2.5 2 1 2 1 1
6772.3 -5853.9 -8.9 192 0 9.9 10.7 7.5 2.5 2 1 3 1 1
6795.2 -5836.0 -8.6 13 0 6.9 10.7 2.5 2.5 2 1 1 4 4
6782.1 -5806.5 -8.1 193 0 6.9 10.7 7.5 2.5 2 1 3 4 4
6786.3 -5771.1 -7.3 193 0 6.9 10.7 7.5 2.5 2 1 3 1 1
6817.2 -5736.9 -6.5 3 0 27.8 9.2 7.5 2.5 2 0 3 4 4
6813.0 -5709.9 -5.7 3 0 6.9 10.7 7.5 2.5 2 1 3 2 2
6750.9 -5657.4 -3.7 17 0 12.7 18.3 5.0 2.5 2 1 2 2 2
6812.4 -5631.0 -5.2 193 0 6.9 10.7 5.0 2.5 2 1 2 1 1
6835.7 -5601.3 -5.6 13 0 6.9 10.7 7.5 2.5 2 1 3 5 5
6849.6 -5514.1 -6.5 11 0 8.8 8.4 2.5 2.5 2 0 1 4 4
6851.3 -5494.9 -6.6 11 0 8.8 8.4 5.0 2.5 2 0 2 3 3
6839.2 -5395.8 -7.5 191 0 8.8 8.4 10.0 2.5 2 0 4 0 0
6763.5 -5281.7 -5.2 278 0 13.6 43.6 10.0 2.5 2 1 4 4 4
6700.6 -5265.7 -4.3 281 0 8.4 8.8 5.0 2.5 2 1 2 2 2
6644.5 -5316.6 -5.4 101 0 11.2 8.8 5.0 0.0 0 0 2 2 2
6746.8 -5463.3 -5.6 11 0 9.2 7.1 7.5 2.5 2 0 3 3 3
6769.7 -5271.2 -4.1 280 0 10.5 8.1 7.5 2.5 2 0 3 5 5
6878.3 -5571.5 -6.0 188 0 20.9 10.9 5.0 2.5 2 0 2 1 1
6850.8 -5702.1 -4.5 192 0 9.1 10.3 2.5 0.0 0 1 1 3 3
6913.9 -5746.4 -4.2 102 0 8.3 9.0 7.5 2.5 2 1 3 3 3
6875.2 -5872.4 -7.5 26 0 9.2 6.9 7.5 2.5 2 0 3 0 0
6874.5 -5957.3 -9.1 23 0 8.6 6.3 7.5 2.5 4 0 3 2 2
6789.3 -6276.4 -7.1 359 0 8.8 11.5 7.5 2.5 2 1 3 5 5
6888.0 -6769.6 -3.4 218 0 8.4 7.5 7.5 2.5 2 0 3 3 3
6908.5 -6079.2 -9.0 37 0 9.0 9.6 7.5 2.5 2 1 3 5 5
6838.8 -6125.5 -7.8 306 0 9.6 9.0 5.0 2.5 2 0 2 1 1
6780.8 -6107.4 -8.4 217 0 9.0 9.6 7.5 2.5 4 1 3 4 4
6796.9 -6042.0 -8.4 217 0 9.0 9.6 5.0 2.5 2 1 2 1 1
6808.6 -6185.5 -7.5 127 0 9.6 9.0 10.0 2.5 2 0 4 0 0
6763.2 -6168.4 -8.3 126 0 9.6 9.0 7.5 0.0 0 0 3 5 5
6730.4 -6227.9 -7.8 217 0 9.0 9.6 10.0 2.5 2 1 4 5 5
6718.3 -6246.0 -7.6 208 0 9.0 9.6 5.0 2.5 2 1 2 2 2
6763.5 -6254.9 -7.4 292 0 9.6 9.0 5.0 2.5 2 0 2 5 5
6707.5 -5775.9 -8.7 14 0 9.0 9.6 5.0 2.5 2 1 2 5 5
6709.4 -5736.4 -6.3 14 0 9.0 9.6 2.5 2.5 2 1 1 5 5
6679.7 -5756.3 -9.5 103 0 9.6 9.0 7.5 2.5 2 0 3 1 1
6678.0 -5726.7 -6.5 193 0 9.0 9.6 7.5 2.5 2 1 3 5 5
6687.8 -5694.0 -4.3 194 0 9.0 9.6 7.5 2.5 2 1 3 2 2
6698.8 -5660.1 -3.2 194 0 9.0 9.6 5.0 2.5 2 1 2 4 4
6716.6 -5594.6 -2.7 194 0 9.0 9.6 7.5 2.5 4 1 3 5 5
6721.5 -5564.4 -3.1 194 0 9.0 9.6 2.5 2.5 2 1 1 5 5
6650.6 -5591.4 -4.1 284 0 9.6 9.0 7.5 2.5 2 0 3 4 4
6613.0 -5569.3 -5.0 194 0 9.0 9.6 7.5 2.5 2 1 3 4 4
6666.0 -5247.7 -4.5 194 0 9.0 9.6 5.0 2.5 2 1 2 1 1
6843.6 -4653.1 -3.0 297 0 9.6 9.0 2.5 2.5 2 0 1 3 3
6781.1 -4347.9 -3.2 27 0 9.0 9.6 2.5 2.5 2 1 1 1 1
6671.0 -4548.0 -3.9 27 0 9.0 9.6 14.0 3.5 4 1 4 2 2
6640.4 -4495.6 -4.6 27 0 9.0 9.6 10.5 3.5 2 1 3 3 3
6627.1 -4426.4 -5.3 27 0 9.0 9.6 10.5 3.5 2 1 3 3 3
6686.3 -4350.9 -4.9 27 0 9.0 9.6 7.5 2.5 4 1 3 0 0
6529.5 -4464.3 -6.0 297 0 9.6 9.0 2.5 2.5 2 0 1 4 4
6552.5 -4509.8 -5.4 117 0 9.6 9.0 5.0 2.5 2 0 2 1 1
6340.1 -4267.3 -7.7 8 0 9.0 9.6 2.5 2.5 2 1 1 0 0
6499.5 -3984.2 -3.5 308 0 9.6 9.0 7.5 2.5 2 0 3 2 2
6520.5 -4180.8 -5.7 11 0 9.0 9.6 5.0 2.5 2 1 2 0 0
6721.6 -4074.4 -4.7 308 0 9.6 9.0 2.5 0.0 0 0 1 4 4
6840.3 -4087.6 -4.9 308 0 9.6 9.0 14.0 3.5 2 0 4 0 0
6865.0 -4132.9 -3.8 209 0 8.1 14.8 10.5 3.5 2 1 3 5 5
6845.3 -4187.0 -3.1 204 0 9.3 10.4 10.5 3.5 2 1 3 4 4
6855.4 -4492.4 -3.1 24 0 9.3 10.4 7.5 2.5 2 1 3 3 3
6886.7 -4685.6 -2.0 24 0 9.3 10.4 7.5 2.5 4 1 3 0 0
6658.3 -4643.4 -4.3 24 0 9.3 10.4 7.5 2.5 2 1 3 2 2
6618.7 -4669.1 -4.6 204 0 9.3 10.4 7.5 2.5 2 1 3 5 5
6609.5 -4771.5 -5.4 21 0 9.7 8.0 5.0 2.5 2 0 2 0 0
6506.9 -4651.3 -5.3 21 0 9.7 8.0 5.0 2.5 4 0 2 2 2
6414.9 -4634.6 -6.0 21 0 9.7 8.0 7.5 2.5 2 0 3 2 2
6284.4 -4728.0 -7.4 21 0 9.7 8.0 2.5 2.5 2 0 1 2 2
6201.8 -4693.5 -7.3 21 0 9.7 8.0 2.5 2.5 2 0 1 1 1
5885.3 -4492.0 -7.5 168 0 9.7 8.0 5.0 0.0 0 0 2 1 1
5844.9 -4500.2 -8.8 348 0 9.8 8.0 5.0 2.5 2 0 2 2 2
5837.7 -4469.9 -8.3 348 0 9.8 8.0 7.5 2.5 2 0 3 0 0
5861.0 -4313.4 -8.2 348 0 9.7 8.0 5.0 2.5 2 0 2 0 0
5829.4 -4238.7 -6.9 168 0 9.8 8.0 10.0 2.5 2 0 4 3 3
5805.0 -4161.0 -7.2 23 0 17.4 8.9 7.5 2.5 2 0 3 1 1
5805.8 -4130.3 -6.8 318 0 9.7 8.0 7.5 2.5 2 0 3 3 3
5721.6 -4050.0 -6.6 144 0 9.7 8.0 7.5 2.5 2 0 3 0 0
5729.8 -4007.8 -6.2 324 0 9.7 8.0 2.5 2.5 2 0 1 0 0
5679.3 -3950.2 -7.2 324 0 9.7 8.0 2.5 2.5 2 0 1 1 1
5622.1 -3883.7 -8.3 324 0 9.7 8.0 10.0 2.5 2 0 4 4 4
5634.3 -3744.7 -4.7 144 0 9.7 8.0 10.0 2.5 2 0 4 5 5
5615.2 -3701.2 -2.2 144 0 9.7 8.0 10.0 0.0 0 0 4 2 2
5354.8 -3441.4 -5.0 130 0 6.4 10.7 5.0 2.5 2 1 2 4 4
4768.1 -2819.8 -5.8 192 0 10.8 9.3 5.0 2.5 2 0 2 3 3
4925.8 -2934.4 -5.4 97 0 8.9 8.3 5.0 2.5 2 0 2 0 0
4976.8 -3034.7 -4.8 107 0 9.3 10.7 7.5 2.5 2 1 3 4 4
5135.5 -3085.9 -4.5 266 0 9.3 10.8 5.0 2.5 2 1 2 2 2
5141.7 -3119.3 -4.8 356 0 10.8 9.3 7.5 2.5 2 0 3 5 5
5350.1 -3096.4 -3.6 280 0 8.6 10.3 2.5 2.5 2 1 1 4 4
5630.1 -3482.3 -2.1 102 0 6.2 11.0 7.5 2.5 2 1 3 2 2
5314.2 -2314.8 -6.0 19 0 7.2 16.1 10.0 2.5 4 1 4 4 4
5516.6 -2288.1 -3.9 98 0 9.2 7.2 10.0 2.5 2 0 4 2 2
5520.8 -2248.8 -3.0 278 0 9.2 7.2 10.0 2.5 2 0 4 4 4
5418.6 -2739.0 -4.7 8 0 7.2 9.2 7.5 2.5 4 1 3 0 0
5333.0 -2785.1 -5.6 8 0 7.2 9.2 2.5 2.5 2 1 1 0 0
6015.6 -4858.7 -8.7 198 0 17.8 69.0 12.5 2.5 2 1 5 1 1
5962.7 -4901.5 -9.6 215 0 17.8 9.8 2.5 2.5 2 0 1 2 2
5989.9 -4895.1 -9.4 300 0 9.1 7.8 5.0 0.0 0 0 2 3 3
6018.3 -4910.7 -9.5 21 0 12.6 9.0 7.5 0.0 0 0 3 1 1
6114.9 -4954.4 -6.5 103 0 11.0 13.9 7.5 2.5 2 1 3 2 2
6136.0 -4980.5 -6.5 106 0 8.6 14.1 10.0 2.5 2 1 4 5 5
6189.5 -4998.7 -6.5 107 0 9.2 13.7 2.5 2.5 2 1 1 5 5
6200.5 -5002.0 -6.6 108 0 6.9 13.6 5.0 2.5 2 1 2 4 4
6240.7 -5017.8 -6.3 55 0 6.5 21.7 7.5 2.5 2 1 3 4 4
6255.1 -4936.1 -7.5 291 0 16.2 12.2 2.5 2.5 2 0 1 4 4
6238.9 -4910.6 -7.2 291 0 8.0 10.6 2.5 2.5 2 1 1 3 3
6267.0 -4943.2 -7.5 291 0 8.0 10.7 5.0 2.5 2 1 2 3 3
6346.9 -4943.2 -5.2 291 0 8.0 10.6 10.0 2.5 2 1 4 4 4
6091.0 -4879.8 -8.0 291 0 8.0 10.6 7.5 2.5 2 1 3 1 1
6121.9 -4894.3 -7.5 291 0 8.0 10.6 10.0 2.5 2 1 4 2 2
6328.7 -4829.1 -7.1 142 0 13.6 23.0 10.0 2.5 2 1 4 0 0
6391.2 -4980.6 -4.8 198 0 17.2 42.8 7.5 0.0 0 1 3 5 5
6754.3 -4946.5 -2.8 201 0 9.7 8.0 5.0 2.5 2 0 2 4 4
6757.7 -4935.3 -2.8 205 0 6.2 7.9 7.5 2.5 4 1 3 5 5
6889.7 -4912.7 -5.4 291 0 8.0 9.7 7.5 2.5 4 1 3 1 1
5678.6 -5972.8 -6.0 184 0 9.9 10.1 2.5 2.5 2 1 1 5 5
5888.0 -5976.1 -7.6 184 0 9.9 10.1 7.5 2.5 2 1 3 1 1
5780.6 -5926.7 -7.7 187 0 8.5 6.2 5.0 2.5 2 0 2 1 1
4608.2 -6121.9 -8.0 37 0 8.1 6.7 7.5 2.5 2 0 3 3 3
4906.1 -5869.6 -6.9 37 0 8.1 6.7 10.0 2.5 2 0 4 4 4
4959.3 -5789.2 -7.6 307 0 6.7 8.1 7.5 2.5 2 1 3 5 5
5102.0 -5694.9 -6.6 37 0 8.1 6.7 2.5 2.5 2 0 1 2 2
5169.2 -5605.8 -7.5 217 0 8.1 6.7 5.0 2.5 2 0 2 0 0
5988.9 -4856.3 -9.4 12 0 8.3 12.3 7.5 2.5 2 1 3 5 5
5677.9 -5085.0 -6.3 102 0 6.1 9.7 7.5 2.5 2 1 3 5 5
5650.7 -5119.2 -5.4 36 0 7.2 8.1 7.5 2.5 2 1 3 2 2
4795.9 -5837.5 -7.6 124 0 6.4 9.6 7.5 2.5 2 1 3 5 5
5333.3 -4553.5 -6.2 334 0 11.0 8.1 7.5 0.0 0 0 3 1 1
5377.2 -4349.2 -7.2 339 0 8.0 6.1 2.5 2.5 2 0 1 5 5
5105.6 -3958.5 -5.2 165 0 8.4 6.1 5.0 2.5 2 0 2 4 4
5088.4 -3919.9 -5.4 255 0 6.1 8.4 7.5 0.0 0 1 3 3 3
5051.4 -3855.9 -5.8 75 0 6.1 8.4 5.0 2.5 2 1 2 5 5
5049.0 -3820.1 -6.0 255 0 6.1 8.4 7.5 2.5 2 1 3 3 3
5044.8 -3999.5 -4.5 75 0 6.1 8.4 5.0 0.0 0 1 2 1 1
5014.9 -3880.8 -5.6 337 0 8.4 6.1 7.5 2.5 2 0 3 3 3
5007.0 -3856.8 -6.0 337 0 8.4 6.1 10.0 2.5 2 0 4 2 2
4961.5 -3788.2 -6.6 337 0 8.4 6.1 7.5 0.0 0 0 3 3 3
4877.8 -3875.8 -7.1 157 0 8.4 6.1 5.0 2.5 2 0 2 4 4
4867.2 -3868.7 -7.2 157 0 8.4 6.1 5.0 2.5 2 0 2 2 2
4978.0 -3664.8 -6.6 67 0 6.1 8.4 5.0 2.5 2 1 2 2 2
5089.1 -3802.9 -6.5 337 0 8.4 6.1 5.0 2.5 2 0 2 3 3
4918.9 -5146.5 -5.1 92 0 6.1 8.4 5.0 2.5 2 1 2 4 4
4966.7 -5142.4 -5.3 272 0 6.1 8.4 5.0 2.5 2 1 2 5 5
5454.5 -5296.5 -7.3 40 0 8.4 6.1 10.0 2.5 2 0 4 1 1
3742.1 -1948.2 -3.6 272 0 9.4 8.8 7.5 2.5 2 0 3 2 2
3784.2 -1893.5 -3.9 9 0 10.7 9.8 5.0 2.5 2 0 2 5 5
3605.9 -2391.4 -4.5 176 0 12.1 9.4 2.5 2.5 2 0 1 0 0
3653.7 -2445.0 -5.0 189 0 11.6 9.2 7.5 2.5 2 0 3 2 2
3398.4 -2572.6 -5.1 180 0 10.3 8.5 5.0 2.5 2 0 2 3 3
2845.9 -2454.0 -6.0 40 0 11.5 16.2 2.5 2.5 2 1 1 2 2
2858.2 -2233.9 -7.6 177 0 10.0 10.9 7.5 2.5 2 1 3 0 0
2803.8 -2384.6 -6.9 210 0 11.9 11.2 7.5 2.5 2 0 3 5 5
2839.9 -2325.2 -7.0 214 0 10.0 8.4 7.5 2.5 2 0 3 0 0
2997.6 -1945.7 -3.9 313 0 12.9 10.4 7.5 0.0 0 0 3 0 0
2942.9 -1855.4 -4.4 2 0 8.0 10.2 5.0 2.5 4 1 2 5 5
2801.4 -1920.4 -3.5 358 0 7.4 9.8 2.5 2.5 2 1 1 1 1
3245.6 -1882.6 -5.3 179 0 9.1 9.7 2.5 2.5 2 1 1 0 0
3396.8 -2325.3 -3.5 179 0 6.6 7.6 5.0 2.5 4 1 2 1 1
1092.6 -2510.3 -3.5 281 0 23.9 21.7 10.0 2.5 4 0 4 4 4
765.2 -2697.7 -2.9 153 0 7.9 24.1 2.5 2.5 2 1 1 0 0
957.7 -2672.8 -3.2 293 0 13.1 15.3 10.0 2.5 2 1 4 0 0
987.0 -2271.0 -1.5 306 0 9.8 10.9 5.0 2.5 2 1 2 5 5
1045.8 -2149.3 1.6 112 0 7.9 8.6 5.0 2.5 2 1 2 2 2
1114.6 -2240.7 -0.9 181 0 11.3 11.4 7.5 2.5 2 1 3 4 4
1141.5 -1721.9 1.7 4 0 12.7 9.1 5.0 2.5 2 0 2 3 3
1220.7 -1356.4 2.0 86 0 16.6 7.7 7.5 2.5 2 0 3 0 0
1247.5 -1355.8 1.7 93 0 16.8 10.0 7.5 0.0 0 0 3 3 3
1322.9 -1365.5 1.6 98 0 12.4 11.4 7.5 2.5 2 0 3 5 5
1378.8 -1356.2 2.3 358 0 11.6 8.2 5.0 2.5 2 0 2 4 4
-51.5 6298.2 -1.7 2 0 7.1 11.9 7.5 2.5 2 1 3 5 5
-143.5 6319.9 -1.9 146 0 8.4 6.3 10.0 2.5 2 0 4 1 1
4522.8 -3091.5 -5.4 96 0 7.6 12.9 7.5 0.0 0 1 3 3 3
5487.8 -3084.4 -4.8 113 0 8.2 10.5 7.5 2.5 2 1 3 3 3
5619.2 -3286.7 -4.0 5 0 9.5 7.6 7.5 2.5 2 0 3 4 4
5608.8 -3313.1 -3.6 26 0 8.1 8.9 2.5 2.5 2 1 1 5 5
5612.7 -3387.9 -3.7 5 0 7.8 8.0 5.0 2.5 2 1 2 5 5
4901.4 -2302.6 -4.3 37 0 10.9 9.0 5.0 2.5 2 0 2 4 4
5279.9 -2373.3 -4.9 197 0 10.7 6.6 5.0 2.5 2 0 2 5 5
4341.4 -3108.2 -5.6 183 0 10.0 7.8 7.5 2.5 2 0 3 0 0
4359.4 -3048.9 -4.2 92 0 6.4 7.5 7.5 2.5 2 1 3 3 3
4364.7 -3010.3 -5.3 273 0 9.6 9.3 7.5 2.5 2 0 3 0 0
4347.7 -2801.0 -5.0 86 0 11.4 11.2 5.0 2.5 4 0 2 4 4
4477.1 -2618.3 -6.6 87 0 7.9 11.3 7.5 2.5 4 1 3 1 1
4439.8 -2847.7 -6.4 182 0 7.8 8.3 7.5 2.5 2 1 3 5 5
4470.6 -2794.1 -5.7 347 0 9.5 9.7 7.5 2.5 2 1 3 0 0
4677.5 -2969.7 -5.1 181 0 6.2 7.8 5.0 2.5 2 1 2 5 5
4859.2 -2791.8 -4.6 105 0 6.4 6.1 7.5 2.5 2 0 3 3 3
4821.0 -2870.4 -5.6 191 0 7.5 6.2 7.5 2.5 2 0 3 5 5
5266.3 -2314.8 -5.9 103 0 6.4 6.5 2.5 2.5 2 1 1 4 4
5594.6 -2255.9 -3.0 272 0 7.6 10.2 5.0 2.5 2 1 2 5 5
5579.6 -2269.2 -3.1 93 0 6.1 8.3 7.5 2.5 2 1 3 2 2
5489.5 -2480.5 -5.2 282 0 9.6 11.2 7.5 2.5 2 1 3 1 1
5197.2 -2533.4 -3.6 199 0 11.2 7.6 10.0 2.5 2 0 4 5 5
5234.3 -2602.0 -3.9 18 0 8.9 7.0 7.5 2.5 2 0 3 5 5
5232.8 -2587.3 -3.9 25 0 7.2 6.0 7.5 2.5 4 0 3 4 4
5367.6 -2468.9 -4.7 97 0 12.1 9.1 7.5 2.5 2 0 3 5 5
5345.6 -2605.1 -4.8 10 0 8.8 10.1 7.5 0.0 0 1 3 4 4
5325.6 -2636.6 -4.5 107 0 8.6 8.5 10.0 2.5 2 0 4 0 0
5395.8 -2730.1 -4.8 206 0 6.3 7.4 7.5 2.5 2 1 3 4 4
5376.2 -2878.3 -5.6 188 0 12.3 7.1 7.5 0.0 0 0 3 3 3
5284.2 -3356.0 -5.9 118 0 7.3 12.9 5.0 2.5 2 1 2 1 1
5340.5 -3390.4 -4.2 320 0 6.9 8.3 2.5 0.0 0 1 1 5 5
5378.7 -3379.9 -3.1 116 0 7.8 10.5 5.0 0.0 0 1 2 4 4
5447.9 -3389.5 -5.3 248 0 7.1 9.5 7.5 2.5 2 1 3 1 1
5489.3 -3384.2 -5.1 271 0 7.6 12.4 7.5 2.5 2 1 3 1 1
5502.9 -3312.1 -2.7 143 0 8.8 8.0 5.0 2.5 2 0 2 0 0
688.5 6823.5 2.9 88 0 7.9 12.4 2.5 2.5 2 1 1 2 2
448.7 6334.0 -0.4 327 0 13.1 7.1 7.5 2.5 2 0 3 1 1
403.1 6522.1 1.9 133 0 6.5 7.3 2.5 2.5 2 1 1 4 4
