4282.9 561.6 -15.0 31 0 6.3 15.2 7.5 2.5 2 0 3 4 4
-3471.9 -3267.7 3.9 142 0 9.1 21.7 7.5 2.5 2 0 3 1 1
-4293.6 -2652.1 -15.2 12 0 7.5 39.2 7.5 0.0 0 1 3 5 5
-3114.7 -4467.8 5.6 36 0 8.0 8.2 5.0 2.5 2 1 2 1 1
-6811.3 -2309.2 -25.6 26 0 91.0 88.5 10.0 0.0 0 0 4 2 2
-3997.9 -3453.9 -0.8 9 0 10.7 11.0 14.0 3.5 2 0 4 3 3
-3964.2 -3588.2 3.4 184 0 6.6 7.4 14.0 3.5 2 0 4 1 1
-4173.5 -3453.2 -0.5 5 0 7.9 9.3 10.5 3.5 2 0 3 5 5
-3976.1 -3559.1 2.5 98 0 9.9 11.8 14.0 3.5 2 0 4 0 0
-4177.6 -3396.0 -1.6 286 0 9.5 9.6 10.5 3.5 2 0 3 1 1
-4031.9 -3483.1 -0.3 99 0 10.6 7.8 14.0 3.5 2 0 4 1 1
-3921.4 -3509.2 1.5 348 0 11.7 14.5 14.0 3.5 2 0 4 5 5
-4087.2 -3454.9 -1.2 186 0 14.1 35.4 14.0 3.5 2 0 4 4 4
-3936.5 -3610.1 3.5 112 0 11.5 8.7 14.0 3.5 2 0 4 0 0
-4174.0 -3424.1 -0.8 15 0 6.1 7.8 10.5 3.5 2 0 3 3 3
-3956.1 -3494.1 1.6 255 0 10.0 15.0 14.0 3.5 2 1 4 0 0
-4199.0 -3401.9 -2.1 181 0 6.9 9.1 10.5 3.5 2 1 3 3 3
-3925.1 -3565.0 3.1 360 0 9.6 14.9 14.0 3.5 4 1 4 2 2
-4024.0 -3526.2 0.8 183 0 9.6 10.8 14.0 3.5 2 1 4 4 4
-3943.0 -3524.0 2.1 348 0 10.8 11.1 14.0 3.5 4 1 4 2 2
-4201.6 -3381.0 -2.6 268 0 12.1 8.7 10.5 3.5 2 0 3 1 1
-4074.2 -3494.9 -0.9 104 0 7.3 9.0 14.0 3.5 2 1 4 1 1
-3900.4 -3562.4 3.0 349 0 9.6 16.5 14.0 0.0 0 1 4 4 4
-4153.7 -3454.8 -0.3 13 0 6.6 16.1 10.5 3.5 2 1 3 2 2
-4026.9 -3552.6 0.6 190 0 11.6 13.9 14.0 3.5 2 1 4 0 0
-6710.1 -3453.7 -20.2 90 0 7.3 27.7 5.0 2.5 2 1 2 2 2
-6640.2 -3677.8 -17.1 133 0 11.4 38.4 12.5 2.5 2 1 5 3 3
-6678.0 -3643.9 -18.1 144 0 8.2 39.7 17.5 0.0 0 1 7 5 5
-6715.1 -3573.3 -18.6 233 0 7.6 22.2 5.0 0.0 0 1 2 1 1
-6668.0 -3595.2 -18.0 321 0 10.0 25.4 10.0 2.5 4 1 4 0 0
-6698.7 -3637.0 -18.9 143 0 40.8 9.7 10.0 2.5 2 0 4 1 1
-6729.4 -3582.8 -19.2 238 0 11.4 33.6 7.5 2.5 2 1 3 2 2
-6632.7 -3596.9 -17.0 322 0 35.5 12.2 5.0 2.5 2 0 2 4 4
-1722.0 1927.5 -13.7 150 0 9.7 40.9 12.5 2.5 4 1 5 0 0
-6087.5 2350.0 -20.9 131 0 7.1 11.1 7.5 2.5 2 1 3 5 5
-5954.0 2456.8 -20.3 306 0 6.9 6.7 5.0 2.5 2 0 2 4 4
-5980.5 2428.4 -19.7 144 0 6.5 6.8 10.0 2.5 2 1 4 5 5
-5892.9 1620.6 -16.8 126 0 7.6 7.8 7.5 2.5 2 1 3 2 2
-5942.4 1696.3 -15.6 305 0 10.1 7.3 7.5 2.5 4 0 3 3 3
-5959.0 1673.2 -16.5 208 0 8.7 10.6 10.0 2.5 2 1 4 4 4
-5461.4 1591.0 -18.2 38 0 9.0 6.6 5.0 2.5 2 0 2 4 4
-5687.6 1825.3 -16.1 45 0 8.1 10.0 7.5 0.0 0 1 3 2 2
-5659.5 2242.6 -20.3 344 0 9.5 7.4 7.5 2.5 2 0 3 0 0
-5668.2 2264.0 -19.7 328 0 6.6 8.6 7.5 2.5 2 1 3 5 5
-5771.8 2249.8 -18.6 145 0 9.3 9.0 7.5 2.5 2 0 3 2 2
-5756.8 2225.1 -17.9 133 0 7.7 8.7 5.0 2.5 2 1 2 4 4
-5027.3 2678.2 -19.3 328 0 8.9 9.1 5.0 2.5 4 1 2 1 1
-6209.0 1059.8 -17.1 115 0 18.1 16.9 12.5 2.5 2 0 5 1 1
-6882.0 1644.0 -20.7 163 0 6.7 6.1 7.5 2.5 2 0 3 4 4
-6902.5 1675.1 -20.8 150 0 6.5 7.1 5.0 2.5 2 1 2 0 0
-6912.9 1707.1 -21.0 155 0 9.6 10.4 5.0 2.5 2 1 2 4 4
-6902.1 1691.9 -21.0 164 0 10.6 8.3 7.5 2.5 2 0 3 1 1
-6816.6 1742.5 -22.3 338 0 9.5 7.0 5.0 2.5 2 0 2 3 3
-6808.0 1722.8 -22.1 334 0 10.6 8.8 7.5 2.5 4 0 3 4 4
-6798.0 1708.7 -21.9 334 0 10.1 7.9 5.0 2.5 2 0 2 4 4
-6791.9 1682.8 -21.6 341 0 10.3 10.6 7.5 2.5 2 1 3 3 3
-6791.9 1747.6 -22.4 150 0 10.3 8.2 7.5 2.5 2 0 3 0 0
-6774.2 1698.1 -21.8 152 0 10.1 8.7 7.5 2.5 2 0 3 2 2
-6779.0 1737.2 -22.2 161 0 10.0 9.6 10.0 2.5 2 0 4 1 1
-6770.9 1722.6 -22.1 159 0 9.8 8.2 7.5 2.5 2 0 3 1 1
-6742.7 1706.7 -21.8 345 0 10.6 7.9 2.5 2.5 2 0 1 5 5
-6747.9 1726.2 -22.0 344 0 9.7 9.4 7.5 2.5 2 0 3 2 2
-6756.1 1744.2 -22.3 335 0 10.5 6.8 10.0 2.5 2 0 4 2 2
-6722.7 1758.6 -22.1 165 0 10.1 10.0 7.5 2.5 2 0 3 2 2
-5743.3 1426.0 -17.5 302 0 9.3 12.4 7.5 2.5 2 1 3 2 2
-5775.6 1372.0 -17.0 130 0 8.2 9.6 10.0 2.5 2 1 4 1 1
-5803.2 1378.6 -16.5 214 0 16.6 11.2 7.5 2.5 2 0 3 4 4
-5786.5 1411.1 -16.8 229 0 13.3 9.4 7.5 0.0 0 0 3 4 4
-5748.6 1260.8 -17.5 317 0 6.6 17.5 7.5 2.5 2 1 3 3 3
-5817.5 1198.3 -17.1 254 0 17.7 9.3 5.0 2.5 4 0 2 4 4
-6228.8 1454.9 -17.4 92 0 8.5 9.7 7.5 2.5 2 1 3 5 5
-6192.4 1509.3 -18.4 314 0 8.4 8.1 2.5 2.5 2 0 1 0 0
-6207.3 1535.7 -19.5 335 0 8.8 9.7 7.5 2.5 2 1 3 0 0
-6228.1 1272.7 -16.8 161 0 6.4 6.7 7.5 2.5 2 1 3 5 5
-6242.1 1280.4 -17.0 161 0 8.2 7.0 5.0 2.5 2 0 2 2 2
-6408.3 1109.1 -18.4 178 0 10.8 10.3 7.5 2.5 2 0 3 3 3
-6474.4 894.9 -20.5 339 0 10.6 13.2 10.0 2.5 2 1 4 1 1
-6422.7 969.8 -18.1 161 0 10.4 7.1 5.0 2.5 2 0 2 5 5
-6395.9 1037.4 -17.5 330 0 15.4 12.7 10.0 0.0 0 0 4 4 4
-6361.4 921.4 -19.4 59 0 15.4 17.7 7.5 2.5 2 1 3 4 4
-6355.1 1009.3 -17.5 146 0 14.5 14.2 5.0 2.5 2 0 2 1 1
-6279.3 941.8 -19.2 49 0 16.7 40.8 7.5 0.0 0 1 3 0 0
-6258.7 946.8 -19.1 59 0 8.9 13.3 5.0 2.5 2 1 2 5 5
-6251.4 960.2 -19.0 40 0 9.0 11.1 7.5 2.5 2 1 3 2 2
-6231.8 1013.7 -17.9 41 0 8.1 15.9 10.0 2.5 2 1 4 3 3
-6273.6 1096.0 -17.9 313 0 8.6 14.3 7.5 2.5 2 1 3 0 0
-6232.9 1096.2 -17.6 121 0 12.9 12.5 7.5 2.5 2 0 3 3 3
-6205.5 1140.3 -17.1 45 0 10.0 11.8 5.0 2.5 2 1 2 2 2
-6226.0 986.1 -18.1 207 0 11.6 26.2 12.5 2.5 2 1 5 4 4
-6183.4 988.8 -16.7 53 0 6.9 13.3 5.0 2.5 2 1 2 5 5
-6165.4 1007.5 -15.5 64 0 7.2 10.9 7.5 2.5 2 1 3 2 2
-6154.8 1131.2 -16.8 26 0 11.3 8.7 7.5 0.0 0 0 3 0 0
-6138.6 1014.7 -15.6 63 0 8.9 10.9 7.5 2.5 2 1 3 4 4
-6134.3 1041.1 -15.9 49 0 8.5 14.4 5.0 0.0 0 1 2 2 2
-5904.5 1260.0 -17.2 37 0 24.3 13.2 10.0 2.5 2 0 4 4 4
-5940.5 1205.2 -16.3 50 0 13.3 13.1 7.5 2.5 2 0 3 4 4
-5861.4 1157.4 -16.6 56 0 11.4 15.5 7.5 2.5 2 1 3 3 3
-5881.0 1096.7 -17.9 239 0 8.4 15.4 10.0 2.5 2 1 4 3 3
-5865.7 1114.5 -18.9 237 0 23.4 91.4 12.5 0.0 0 1 5 0 0
-5884.6 1064.6 -18.3 137 0 11.2 14.4 10.0 2.5 2 1 4 2 2
-5954.2 1033.1 -17.7 325 0 8.2 8.2 7.5 2.5 2 1 3 5 5
-5964.1 820.0 -20.0 60 0 20.6 9.9 10.0 2.5 2 0 4 1 1
-6031.9 967.1 -17.1 55 0 10.8 14.4 7.5 2.5 2 1 3 2 2
-5992.9 944.8 -18.3 64 0 7.1 16.3 7.5 0.0 0 1 3 4 4
-6089.8 955.0 -17.7 235 0 13.3 7.3 7.5 2.5 2 0 3 0 0
-6138.8 984.8 -16.6 240 0 9.9 10.2 5.0 2.5 2 1 2 0 0
-6115.1 996.0 -16.3 234 0 13.8 12.4 7.5 2.5 2 0 3 1 1
-6099.4 977.8 -16.7 51 0 16.1 10.5 7.5 2.5 4 0 3 4 4
-6082.6 994.7 -15.9 57 0 11.3 8.1 2.5 2.5 2 0 1 4 4
-6068.6 1007.2 -15.7 34 0 13.2 18.0 10.0 2.5 2 1 4 0 0
-6051.2 999.0 -16.5 219 0 10.8 13.7 7.5 2.5 2 1 3 5 5
-3898.4 -5273.3 -0.4 218 0 7.8 9.9 7.5 2.5 2 1 3 0 0
-3926.8 -2437.1 -12.4 299 0 18.4 40.2 7.5 0.0 0 1 3 1 1
-3883.6 -2519.7 -10.5 118 0 8.2 11.0 5.0 2.5 2 1 2 5 5
-3980.5 -2585.2 -8.1 204 0 13.4 14.7 5.0 2.5 2 1 2 5 5
-3951.5 -2571.8 -8.6 127 0 12.8 20.2 7.5 2.5 2 1 3 1 1
-3929.8 -2528.6 -10.3 20 0 20.5 17.0 12.5 2.5 4 0 5 5 5
-3926.6 -2504.4 -11.2 20 0 12.8 15.7 5.0 2.5 2 1 2 3 3
-3371.3 -3404.0 5.3 135 0 7.5 17.2 7.5 2.5 2 1 3 0 0
-4091.9 -3338.6 -4.2 190 0 9.9 49.6 3.5 3.5 2 1 1 1 1
-4090.2 -3324.7 -3.5 190 0 9.4 53.8 3.5 3.5 2 1 1 4 4
-4078.6 -3256.6 -4.4 189 0 11.5 49.1 3.5 3.5 2 1 1 5 5
-4034.1 -3297.9 -3.7 192 0 9.8 17.3 3.5 3.5 2 1 1 5 5
-3996.1 -3319.8 -3.0 9 0 21.1 10.8 3.5 3.5 2 0 1 3 3
-4007.4 -3261.7 -3.2 280 0 8.2 18.9 14.0 3.5 2 1 4 5 5
-4095.6 -2998.2 -3.4 280 0 8.3 10.8 14.0 0.0 0 1 4 0 0
-4135.9 -2992.0 -4.6 275 0 7.7 16.4 14.0 3.5 2 1 4 5 5
-4154.4 -3010.8 -4.5 188 0 9.3 12.7 14.0 3.5 2 1 4 5 5
-4153.5 -2975.9 -5.7 279 0 9.5 22.3 14.0 3.5 2 1 4 1 1
-4138.6 -3047.8 -4.0 9 0 13.0 21.8 14.0 3.5 2 1 4 0 0
-4129.2 -3079.3 -2.7 15 0 14.4 6.7 14.0 3.5 2 0 4 3 3
-4164.9 -3053.6 -4.1 275 0 9.4 20.3 14.0 3.5 2 1 4 5 5
-4136.4 -3104.4 -2.7 10 0 9.0 14.7 14.0 3.5 4 1 4 2 2
-4165.7 -3150.3 -3.9 98 0 9.0 8.7 14.0 0.0 0 0 4 0 0
-4152.4 -3134.5 -3.7 9 0 15.1 14.1 14.0 3.5 2 0 4 0 0
-4164.6 -3190.7 -4.4 98 0 10.1 9.1 14.0 3.5 2 0 4 0 0
-4162.1 -3172.7 -4.2 91 0 6.4 12.3 14.0 3.5 4 1 4 0 0
-4174.6 -3171.6 -4.7 96 0 18.7 13.5 14.0 0.0 0 0 4 1 1
-4148.6 -3190.4 -4.0 92 0 12.3 14.3 14.0 3.5 2 1 4 2 2
-4222.7 -3123.0 -5.8 203 0 16.0 14.2 14.0 3.5 2 0 4 4 4
-4196.7 -3060.6 -4.7 197 0 8.4 10.3 14.0 3.5 2 1 4 0 0
-4211.6 -3056.1 -5.1 196 0 9.0 13.2 14.0 3.5 2 1 4 4 4
-4199.0 -3071.8 -4.6 197 0 6.2 11.3 14.0 3.5 2 1 4 1 1
-4208.1 -3129.0 -5.3 198 0 16.1 7.7 14.0 3.5 2 0 4 2 2
-4241.9 -3186.8 -6.0 141 0 7.5 11.8 14.0 3.5 2 1 4 3 3
-4220.0 -3148.9 -5.7 200 0 9.8 13.4 14.0 3.5 2 1 4 3 3
-4233.5 -3353.9 -3.3 11 0 9.3 7.8 10.5 3.5 2 0 3 3 3
-4266.6 -3437.7 -0.8 287 0 8.6 9.1 10.5 0.0 0 1 3 5 5
-4241.4 -3396.9 -3.6 98 0 9.3 10.1 10.5 3.5 2 1 3 3 3
-4248.5 -3485.2 -0.1 104 0 11.2 13.6 10.5 3.5 4 1 3 3 3
-4251.2 -3413.6 -2.3 279 0 8.9 14.9 10.5 3.5 4 1 3 2 2
-4268.1 -3393.1 -3.6 99 0 15.1 11.5 10.5 3.5 2 0 3 0 0
-4293.9 -3387.7 -4.1 102 0 13.3 11.2 10.5 3.5 2 0 3 3 3
-4276.4 -3409.1 -3.7 286 0 11.3 15.8 10.5 3.5 2 1 3 5 5
-4304.3 -3413.3 -3.7 286 0 16.3 11.9 10.5 3.5 2 0 3 0 0
-4125.9 -2975.4 -5.5 98 0 8.9 11.3 14.0 3.5 2 1 4 4 4
-4171.9 -2966.8 -6.2 16 0 8.1 10.4 14.0 3.5 2 1 4 0 0
-4182.3 -3008.8 -5.1 284 0 9.4 15.4 14.0 3.5 2 1 4 5 5
-4283.8 -3596.8 0.5 90 0 10.5 10.3 5.0 2.5 4 0 2 5 5
-4282.9 -3567.2 0.2 180 0 9.7 10.2 5.0 2.5 2 1 2 4 4
-4247.9 -3553.2 0.2 270 0 18.4 11.2 2.5 2.5 2 0 1 0 0
-4031.7 -2702.8 -7.4 301 0 11.8 8.7 7.5 2.5 2 0 3 5 5
-4005.0 -2719.5 -6.8 313 0 11.2 8.6 5.0 2.5 2 0 2 4 4
-4020.9 -2745.2 -6.9 42 0 16.3 9.1 7.5 2.5 4 0 3 0 0
-4065.2 -2740.0 -7.4 214 0 9.5 14.7 2.5 2.5 4 1 1 5 5
-4050.2 -2712.7 -7.5 208 0 11.2 7.1 7.5 2.5 2 0 3 0 0
2057.7 -4685.4 15.5 141 0 6.8 8.8 10.0 2.5 2 1 4 2 2
2024.0 -4625.5 15.1 133 0 9.1 26.5 5.0 2.5 2 1 2 4 4
2075.8 -4622.9 14.3 310 0 31.2 12.6 7.5 2.5 2 0 3 0 0
2132.9 -4600.6 12.2 313 0 10.5 30.8 12.5 2.5 2 1 5 2 2
-4621.9 -4117.7 -8.7 320 0 9.2 8.1 7.5 2.5 2 0 3 5 5
-4476.1 -4235.0 -5.5 217 0 8.4 8.5 14.0 3.5 2 1 4 2 2
-4439.2 -4243.8 -4.8 311 0 8.4 7.7 14.0 0.0 0 0 4 4 4
-4430.8 -4357.1 -11.1 128 0 11.9 8.6 14.0 3.5 2 0 4 0 0
-4355.0 -4312.5 -5.2 25 0 14.4 21.0 14.0 3.5 2 1 4 2 2
-4410.2 -4403.0 -13.7 292 0 9.3 7.9 7.5 2.5 2 0 3 3 3
-4248.4 -1976.4 -3.1 38 0 8.2 14.6 7.5 2.5 2 1 3 3 3
-4202.4 -1835.3 -0.6 58 0 16.4 9.0 7.5 2.5 2 0 3 3 3
-4254.0 -1780.9 -1.4 226 0 12.2 20.8 7.5 2.5 2 1 3 5 5
-4261.4 -1858.5 -2.9 44 0 16.0 39.3 10.0 2.5 2 1 4 0 0
-4246.9 -1889.6 -1.4 234 0 6.8 10.7 7.5 0.0 0 1 3 3 3
-4217.1 -1912.1 -1.3 310 0 10.3 17.1 7.5 0.0 0 1 3 1 1
-4246.8 -1874.2 -1.5 233 0 12.1 28.1 12.5 2.5 2 1 5 4 4
-3890.2 -4912.3 -4.7 202 0 7.8 12.4 7.5 2.5 2 1 3 1 1
-3778.0 -4962.1 -6.7 24 0 11.6 35.5 7.5 0.0 0 1 3 1 1
-3457.4 -4997.1 -0.5 288 0 15.1 13.8 5.0 2.5 4 0 2 5 5
-3497.1 -5001.4 -0.9 199 0 13.8 14.2 7.5 2.5 2 1 3 3 3
-3583.9 -5061.4 -3.0 216 0 6.2 10.6 2.5 2.5 4 1 1 4 4
-3564.4 -5017.9 -3.6 303 0 11.8 13.4 5.0 2.5 2 1 2 2 2
-3682.6 -5074.2 -2.5 206 0 13.2 7.9 7.5 2.5 2 0 3 5 5
-3755.5 -5031.1 -2.9 199 0 10.6 13.4 5.0 2.5 2 1 2 1 1
-3754.7 -4997.6 -3.8 208 0 8.7 10.4 10.0 2.5 2 1 4 2 2
-3720.2 -4986.1 -3.7 306 0 13.0 15.9 2.5 2.5 2 1 1 5 5
-3716.6 -4803.9 -5.3 267 0 6.2 9.3 7.5 2.5 4 1 3 5 5
-3720.8 -4910.7 -6.3 212 0 8.6 8.6 10.0 2.5 2 0 4 5 5
-3715.1 -4898.5 -6.1 209 0 8.8 7.9 7.5 0.0 0 0 3 2 2
-3902.1 -5146.8 -0.3 212 0 15.9 13.2 7.5 2.5 4 0 3 0 0
-3884.6 -5193.2 -0.5 124 0 7.8 10.4 5.0 2.5 2 1 2 4 4
-3806.6 -5084.9 -3.3 16 0 7.3 9.7 2.5 2.5 2 1 1 4 4
-3843.6 -5013.3 -5.3 19 0 7.2 9.0 7.5 0.0 0 1 3 1 1
-3864.7 -5162.6 -1.0 206 0 8.6 11.3 5.0 2.5 2 1 2 0 0
-3847.2 -5177.4 -1.2 304 0 8.9 9.0 7.5 2.5 2 1 3 0 0
-3817.8 -5170.9 -1.7 308 0 9.4 9.8 10.0 2.5 2 1 4 0 0
-3892.4 -5222.0 -0.5 114 0 9.3 9.1 5.0 0.0 0 0 2 4 4
-3795.7 -5244.0 0.7 229 0 9.0 7.7 7.5 2.5 2 0 3 4 4
-3799.3 -5324.1 2.1 106 0 9.1 8.4 5.0 2.5 2 0 2 3 3
-3897.6 -5363.4 0.3 37 0 9.4 9.2 7.5 0.0 0 0 3 4 4
-3961.2 -5319.0 -0.7 13 0 9.7 9.3 7.5 0.0 0 0 3 4 4
-3962.2 -5266.3 -0.4 274 0 8.1 9.1 5.0 2.5 2 1 2 0 0
-3961.3 -5557.7 1.8 202 0 6.3 15.7 7.5 2.5 2 1 3 2 2
-4362.5 -5440.9 -8.7 63 0 7.9 14.7 7.5 2.5 2 1 3 1 1
-4321.9 -5378.8 -5.8 331 0 11.2 14.7 7.5 2.5 2 1 3 5 5
-4322.7 -5330.8 -6.8 328 0 13.5 11.1 7.5 2.5 2 0 3 5 5
-4432.8 -5587.1 -11.3 50 0 9.2 9.6 5.0 2.5 2 1 2 5 5
-4297.6 -5546.3 -5.7 159 0 10.3 10.0 7.5 2.5 2 0 3 2 2
-4262.7 -5799.1 -8.2 269 0 8.6 16.3 5.0 2.5 2 1 2 1 1
-4178.6 -5961.5 -7.9 45 0 6.6 13.3 7.5 2.5 2 1 3 3 3
-4212.6 -5866.6 -8.0 180 0 20.0 10.5 2.5 2.5 2 0 1 5 5
-4195.1 -5802.1 -7.0 280 0 7.1 14.0 5.0 0.0 0 1 2 4 4
-4178.1 -5616.6 -2.0 185 0 12.9 14.1 5.0 2.5 2 1 2 1 1
-4154.8 -5689.8 -3.1 4 0 12.8 17.6 2.5 2.5 2 1 1 1 1
-4039.6 -5887.5 -1.5 10 0 9.1 13.1 5.0 2.5 2 1 2 1 1
-4087.9 -5749.2 -2.8 90 0 8.2 15.3 10.0 2.5 2 1 4 1 1
-4070.5 -5715.9 -2.3 14 0 12.9 9.7 5.0 2.5 4 0 2 4 4
-4032.0 -5581.0 -0.7 346 0 11.2 14.9 2.5 2.5 2 1 1 2 2
-4322.0 -5546.4 -8.4 355 0 11.8 14.1 2.5 2.5 2 1 1 1 1
-4198.2 -5443.5 -0.7 6 0 7.9 11.8 10.0 2.5 2 1 4 0 0
-4206.7 -5567.7 -1.1 0 0 21.2 7.0 7.5 2.5 2 0 3 1 1
-3393.0 -5257.5 1.4 33 0 9.8 19.9 7.5 2.5 4 1 3 5 5
-3415.9 -5336.7 0.7 5 0 12.7 11.2 5.0 2.5 2 0 2 4 4
-3420.8 -5383.4 0.4 293 0 11.2 13.0 7.5 2.5 2 1 3 0 0
-3517.5 -5298.2 -0.1 212 0 8.1 7.4 5.0 2.5 2 0 2 4 4
-3548.5 -5369.0 0.2 119 0 12.1 20.7 10.0 2.5 2 1 4 3 3
-3703.8 -5117.3 -0.9 204 0 8.3 20.2 7.5 2.5 2 1 3 5 5
-3690.1 -5360.4 1.3 202 0 8.3 6.3 5.0 2.5 2 0 2 4 4
-3570.2 -5317.3 0.1 292 0 9.6 7.0 7.5 2.5 2 0 3 0 0
-3618.0 -5292.4 -0.1 233 0 11.6 10.3 2.5 2.5 2 0 1 2 2
-3734.4 -5271.2 1.9 333 0 7.8 10.2 7.5 2.5 2 1 3 5 5
-3673.3 -5274.5 1.0 50 0 13.3 12.9 7.5 2.5 2 0 3 0 0
-3578.6 -5185.3 -0.1 301 0 8.0 9.6 7.5 2.5 4 1 3 2 2
-3535.3 -5187.6 0.6 120 0 7.5 14.0 10.0 2.5 2 1 4 0 0
-3476.9 -5156.8 1.5 29 0 9.9 11.1 7.5 0.0 0 1 3 1 1
-3423.6 -5059.9 0.1 42 0 7.9 7.5 10.0 2.5 2 0 4 5 5
-3494.4 -5104.1 0.7 217 0 8.7 8.7 7.5 2.5 2 1 3 4 4
-3734.7 -6610.1 0.6 0 0 6.3 6.4 7.5 2.5 2 1 3 3 3
-3900.1 -6706.0 -3.7 177 0 9.1 6.0 7.5 2.5 2 0 3 2 2
-3804.0 -6840.7 -2.1 87 0 6.7 7.6 10.0 0.0 0 1 4 2 2
-3362.7 -6765.2 17.1 260 0 11.6 6.6 10.0 0.0 0 0 4 1 1
-3390.8 -6823.9 15.9 89 0 12.0 6.5 7.5 2.5 2 0 3 5 5
-3360.5 -6824.0 16.6 90 0 8.8 6.8 10.0 2.5 2 0 4 5 5
-3452.4 -6824.1 14.1 91 0 8.2 9.2 2.5 2.5 2 1 1 1 1
-3457.4 -6764.5 13.6 254 0 6.1 6.4 7.5 2.5 2 1 3 0 0
-3486.2 -6763.2 12.2 263 0 7.4 6.8 5.0 2.5 2 0 2 2 2
-3490.6 -6818.7 12.6 175 0 8.4 8.5 7.5 0.0 0 1 3 4 4
-3643.1 -6818.1 4.4 180 0 7.7 8.5 7.5 2.5 2 1 3 0 0
-6135.5 -3897.6 -10.4 44 0 7.1 8.9 5.0 2.5 2 1 2 1 1
-248.9 4425.0 -16.9 63 0 7.4 8.5 5.0 0.0 0 1 2 2 2
-212.6 4481.4 -16.9 72 0 7.1 6.5 7.5 2.5 2 0 3 3 3
-194.9 4491.1 -16.9 73 0 7.2 6.5 5.0 2.5 2 0 2 3 3
-345.6 4376.0 -18.2 71 0 6.6 6.5 10.0 0.0 0 0 4 2 2
-505.4 4360.3 -17.1 61 0 10.1 10.2 7.5 2.5 2 1 3 4 4
-150.5 2919.7 -14.0 49 0 10.2 11.7 10.0 2.5 2 1 4 5 5
-199.0 2870.3 -13.1 238 0 9.7 10.1 5.0 2.5 2 1 2 2 2
-237.9 2814.7 -12.5 149 0 11.0 10.3 2.5 2.5 2 0 1 5 5
-205.0 2742.0 -11.2 333 0 10.1 9.9 5.0 2.5 2 0 2 4 4
-281.1 2513.9 -7.6 330 0 9.6 9.8 5.0 2.5 2 1 2 1 1
-357.8 2590.5 -7.1 67 0 10.0 11.0 5.0 2.5 2 1 2 4 4
-427.0 2481.2 -6.5 155 0 10.9 10.4 7.5 2.5 2 0 3 4 4
-382.9 2491.9 -6.1 62 0 10.3 10.3 10.0 2.5 2 1 4 2 2
-413.2 2551.1 -6.1 325 0 6.3 7.6 7.5 2.5 2 1 3 2 2
-253.2 2281.2 -5.4 60 0 9.6 8.8 2.5 2.5 2 0 1 3 3
-167.7 1414.2 -1.3 27 0 8.6 7.3 2.5 2.5 2 0 1 1 1
-202.4 976.0 -2.4 39 0 9.3 14.3 5.0 2.5 2 1 2 0 0
-351.3 457.5 0.8 12 0 6.9 8.1 7.5 2.5 4 1 3 2 2
-242.1 594.5 0.8 92 0 6.8 9.0 7.5 2.5 2 1 3 1 1
-570.9 322.9 -1.5 226 0 6.1 6.3 5.0 2.5 2 1 2 1 1
-4090.6 345.0 -20.9 46 0 7.5 6.0 2.5 2.5 2 0 1 5 5
-4574.9 1899.6 -17.3 65 0 13.1 10.5 5.0 2.5 2 0 2 5 5
-4537.8 1927.8 -17.4 65 0 11.7 11.4 2.5 0.0 0 0 1 5 5
-4410.4 1976.0 -16.3 328 0 14.7 14.4 7.5 2.5 2 0 3 3 3
-4429.4 2022.2 -16.4 330 0 10.7 12.4 5.0 2.5 2 1 2 2 2
-4401.7 2016.2 -15.7 162 0 9.6 20.7 10.0 2.5 2 1 4 2 2
-4367.5 2061.7 -15.9 259 0 15.0 46.6 10.0 2.5 2 1 4 1 1
-4382.4 2222.5 -16.0 58 0 12.7 11.8 5.0 2.5 2 0 2 5 5
-4185.1 2282.3 -16.5 237 0 12.2 10.9 7.5 2.5 2 0 3 5 5
-3942.5 2031.3 -14.4 274 0 8.7 44.4 7.5 2.5 2 1 3 2 2
-3655.2 1997.3 -14.5 106 0 8.1 7.7 7.5 2.5 2 0 3 3 3
-3602.4 1970.0 -13.7 111 0 18.4 8.0 7.5 2.5 4 0 3 3 3
-3555.5 1943.6 -14.2 94 0 11.9 8.7 10.0 2.5 2 0 4 3 3
-3460.0 1959.7 -14.3 52 0 13.9 8.4 7.5 2.5 2 0 3 2 2
-3448.0 2006.0 -15.0 233 0 15.8 17.2 10.0 2.5 2 1 4 2 2
-3393.8 1999.7 -15.4 54 0 16.8 11.5 2.5 0.0 0 0 1 3 3
-3310.3 2025.9 -15.0 52 0 23.4 23.6 12.5 2.5 4 1 5 4 4
-3265.9 2067.1 -16.1 44 0 11.9 10.2 7.5 2.5 2 0 3 0 0
-1112.3 1336.8 -3.7 73 0 8.4 9.7 2.5 0.0 0 1 1 1 1
-1061.0 1356.5 -4.9 343 0 11.0 10.0 7.5 2.5 2 0 3 5 5
-1031.5 1335.9 -5.0 10 0 12.0 8.6 7.5 2.5 2 0 3 4 4
-1116.9 1084.4 -7.5 154 0 10.1 7.5 7.5 2.5 4 0 3 0 0
-1007.5 1031.6 -7.2 331 0 9.8 10.6 10.0 2.5 2 1 4 2 2
-1152.2 1512.5 -8.4 167 0 9.4 6.9 5.0 2.5 2 0 2 1 1
-1120.9 1554.3 -7.6 254 0 8.6 10.3 7.5 2.5 2 1 3 4 4
-1086.7 1558.0 -7.1 264 0 7.6 10.9 7.5 2.5 2 1 3 1 1
-1168.4 1568.7 -8.0 248 0 8.9 11.6 5.0 2.5 2 1 2 2 2
-1194.9 1580.2 -7.4 246 0 7.8 9.5 10.0 2.5 2 1 4 5 5
-1240.6 1597.7 -7.1 68 0 11.4 13.9 10.0 2.5 2 1 4 5 5
-1193.9 1623.6 -7.1 70 0 13.1 9.1 5.0 2.5 2 0 2 0 0
-888.5 1568.2 -5.5 60 0 12.8 9.1 7.5 2.5 2 0 3 5 5
-790.4 1639.9 -3.2 238 0 9.1 10.0 10.0 2.5 4 1 4 0 0
-704.4 1647.4 -0.3 247 0 8.9 10.0 7.5 2.5 2 1 3 0 0
-734.0 4439.5 -18.1 169 0 7.5 6.8 7.5 2.5 4 0 3 4 4
-624.1 4324.2 -15.4 76 0 9.6 8.8 5.0 2.5 2 0 2 5 5
-558.3 4359.1 -16.3 145 0 9.7 9.7 5.0 0.0 0 1 2 0 0
-534.8 4373.8 -16.6 243 0 8.4 9.6 2.5 2.5 2 1 1 4 4
-749.0 4441.1 -18.5 0 0 7.5 9.2 10.0 2.5 2 1 4 4 4
-913.3 4259.5 -16.0 62 0 6.0 6.6 5.0 2.5 2 1 2 3 3
-1096.0 4233.7 -17.8 103 0 7.1 8.9 10.0 0.0 0 1 4 4 4
-2125.8 4035.1 -18.9 74 0 13.4 11.0 5.0 2.5 2 0 2 1 1
-2100.7 3852.1 -19.3 85 0 11.0 9.6 7.5 2.5 2 0 3 0 0
-2095.9 3734.3 -19.0 79 0 9.8 10.2 10.0 2.5 2 1 4 4 4
-2185.3 3774.0 -18.4 343 0 9.8 10.1 7.5 2.5 2 1 3 2 2
-2203.6 3810.1 -18.9 180 0 8.8 12.0 5.0 2.5 2 1 2 4 4
-2163.5 3820.9 -19.2 339 0 8.0 11.5 5.0 2.5 2 1 2 4 4
-2228.4 3692.1 -18.5 74 0 13.2 14.1 5.0 0.0 0 1 2 3 3
-2258.0 3726.2 -18.1 88 0 9.2 10.5 5.0 0.0 0 1 2 5 5
-2250.7 3768.0 -18.1 274 0 12.4 11.1 7.5 2.5 2 0 3 1 1
-2294.3 3694.8 -16.7 90 0 8.9 8.6 5.0 2.5 2 0 2 2 2
-4842.4 2724.4 -18.5 59 0 8.3 11.6 5.0 0.0 0 1 2 3 3
-4897.4 2697.5 -18.0 66 0 9.5 11.0 5.0 2.5 4 1 2 1 1
-4680.2 2481.7 -16.0 324 0 14.0 15.1 5.0 2.5 2 1 2 4 4
-4737.1 2657.2 -18.9 143 0 9.4 10.8 2.5 2.5 2 1 1 5 5
-4789.9 2521.5 -16.9 67 0 7.7 8.7 5.0 0.0 0 1 2 2 2
-4476.9 1945.9 -17.3 80 0 6.6 6.6 10.0 2.5 2 0 4 1 1
-4424.6 1957.3 -16.5 61 0 10.4 10.5 5.0 2.5 4 1 2 3 3
-1284.7 1341.2 -6.5 68 0 12.0 12.7 5.0 2.5 2 1 2 4 4
-3419.7 -5935.0 14.2 316 0 9.2 8.4 5.0 2.5 2 0 2 4 4
-3582.0 -6763.2 8.0 269 0 8.0 7.7 7.5 2.5 2 0 3 0 0
-3547.5 -6763.4 9.5 271 0 9.0 7.8 7.5 0.0 0 0 3 3 3
-3582.9 -6823.1 7.7 92 0 8.5 8.1 7.5 2.5 2 0 3 2 2
-3087.3 -3202.9 1.3 291 0 15.2 9.9 5.0 2.5 2 0 2 4 4
-3223.6 -2953.4 0.0 213 0 14.7 7.3 5.0 2.5 2 0 2 0 0
-3144.7 -2880.4 -1.6 281 0 7.8 7.4 10.0 2.5 2 0 4 5 5
-3350.9 -3114.2 2.4 206 0 15.1 8.1 10.0 2.5 2 0 4 1 1
-3262.2 -3034.3 0.9 33 0 18.3 15.5 12.5 2.5 2 0 5 4 4
-3292.4 -2973.2 0.4 302 0 17.1 10.9 2.5 2.5 2 0 1 5 5
-3367.4 -2954.5 -0.8 217 0 6.3 16.7 10.0 0.0 0 1 4 1 1
-3397.0 -3002.3 0.4 218 0 16.2 10.7 7.5 2.5 2 0 3 4 4
-3377.5 -3013.9 1.1 224 0 10.0 13.7 2.5 2.5 2 1 1 1 1
-3417.7 -3024.2 0.9 212 0 13.2 8.9 7.5 2.5 2 0 3 3 3
-3048.1 -2932.8 -0.0 42 0 6.7 10.8 2.5 2.5 2 1 1 1 1
-3025.3 -2905.9 -1.6 41 0 13.2 8.1 7.5 2.5 2 0 3 1 1
-3089.8 -2836.2 -3.4 301 0 9.0 8.6 2.5 2.5 2 0 1 4 4
-3274.4 -2806.0 -4.6 219 0 12.2 14.3 7.5 2.5 2 1 3 4 4
-3280.6 -2847.7 -3.4 224 0 14.5 11.6 7.5 2.5 2 0 3 5 5
-3118.5 -2806.5 -4.3 295 0 10.7 9.2 7.5 2.5 2 0 3 1 1
-3142.4 -2842.4 -2.9 206 0 14.9 13.4 10.0 2.5 4 0 4 5 5
-3228.1 -2870.9 -2.6 151 0 8.1 18.4 7.5 0.0 0 1 3 5 5
-3193.4 -2896.2 -1.7 122 0 8.8 10.2 7.5 2.5 2 1 3 3 3
-3203.4 -2905.9 -1.5 121 0 16.8 10.0 7.5 2.5 2 0 3 2 2
-3182.4 -2955.0 0.3 180 0 7.8 9.1 7.5 2.5 2 1 3 0 0
-3217.6 -3000.3 1.4 210 0 14.3 11.3 10.0 2.5 2 0 4 1 1
-3233.0 -3048.2 -0.2 200 0 11.9 13.6 10.0 2.5 2 1 4 3 3
-3198.5 -3065.8 0.1 218 0 12.7 8.4 7.5 2.5 2 0 3 1 1
-3067.7 -3021.2 -0.9 305 0 8.8 9.1 7.5 2.5 2 1 3 0 0
-3093.8 -3055.6 -0.8 15 0 15.0 12.6 5.0 2.5 2 0 2 2 2
-3148.7 -3084.9 0.6 25 0 13.6 6.9 5.0 2.5 4 0 2 2 2
-3169.3 -3114.3 -0.3 123 0 6.3 7.5 5.0 0.0 0 1 2 1 1
-3124.4 -3131.8 1.8 27 0 16.9 13.3 7.5 2.5 2 0 3 0 0
-3258.5 -3088.4 1.3 215 0 15.2 9.0 7.5 2.5 2 0 3 5 5
-3224.8 -3140.2 1.8 28 0 8.3 12.3 2.5 2.5 2 1 1 1 1
-3310.6 -3293.5 3.6 217 0 9.9 20.1 7.5 0.0 0 1 3 4 4
-3374.3 -3245.8 2.8 206 0 21.8 12.1 7.5 2.5 4 0 3 2 2
-3351.7 -3202.6 2.3 209 0 10.6 10.8 7.5 2.5 2 1 3 3 3
-3375.7 -3177.3 2.6 35 0 10.1 12.2 10.0 2.5 2 1 4 3 3
-3400.9 -3214.6 2.5 38 0 10.4 16.9 10.0 2.5 2 1 4 3 3
-3459.1 -3210.6 2.7 231 0 10.3 10.6 7.5 2.5 2 1 3 0 0
-3428.8 -3242.3 2.9 51 0 15.6 10.5 5.0 2.5 2 0 2 0 0
-3451.6 -3296.3 4.9 51 0 7.5 16.8 5.0 2.5 2 1 2 5 5
-3482.1 -3311.0 5.7 322 0 6.3 8.8 14.0 3.5 2 1 4 2 2
-3519.4 -3273.3 5.2 320 0 8.9 16.0 7.5 2.5 2 1 3 0 0
-3559.2 -3334.6 5.3 65 0 13.4 8.4 7.5 2.5 2 0 3 5 5
-3553.6 -3298.4 5.5 68 0 13.6 11.8 7.5 2.5 2 0 3 4 4
-3559.2 -3239.1 4.8 323 0 8.4 10.2 5.0 2.5 2 1 2 5 5
-3595.4 -3262.8 5.4 232 0 13.4 9.6 7.5 2.5 4 0 3 2 2
-3622.7 -3283.4 4.9 233 0 16.3 11.8 10.0 0.0 0 0 4 5 5
-3499.8 -3316.8 5.7 235 0 14.2 8.6 14.0 3.5 2 0 4 2 2
-3475.6 -3325.6 5.6 324 0 18.9 13.7 14.0 3.5 2 0 4 4 4
-3584.2 -3342.0 5.0 56 0 11.3 11.0 7.5 2.5 2 0 3 4 4
-3658.0 -3378.8 3.8 312 0 14.3 16.0 10.5 3.5 2 1 3 4 4
-3661.9 -3335.1 4.6 144 0 12.0 11.3 5.0 2.5 2 0 2 1 1
-3553.2 -3351.7 4.9 228 0 10.2 19.6 14.0 3.5 2 1 4 3 3
-3586.0 -3476.5 4.6 313 0 11.2 11.8 14.0 3.5 2 1 4 5 5
-3620.5 -3429.5 4.1 323 0 9.9 9.2 14.0 3.5 2 0 4 3 3
-3640.5 -3505.1 5.1 42 0 10.8 11.1 14.0 3.5 2 1 4 2 2
-3696.4 -3522.0 3.3 223 0 14.0 8.5 14.0 3.5 2 0 4 4 4
-3710.7 -3549.7 2.6 218 0 9.9 14.2 14.0 0.0 0 1 4 5 5
-3694.4 -3633.7 3.0 126 0 12.3 16.8 14.0 0.0 0 1 4 0 0
-3729.5 -3746.7 5.9 158 0 8.7 8.5 14.0 0.0 0 0 4 4 4
-3692.1 -3794.8 6.8 59 0 7.9 10.6 14.0 3.5 2 1 4 2 2
-3600.3 -3757.1 7.4 350 0 8.2 9.8 14.0 3.5 2 1 4 3 3
-3648.2 -3721.0 6.2 304 0 13.1 9.8 14.0 3.5 2 0 4 1 1
-3667.6 -3753.1 7.0 91 0 11.2 11.5 14.0 3.5 2 1 4 4 4
-3655.9 -3780.1 7.2 88 0 11.0 11.9 14.0 3.5 2 1 4 3 3
-3647.5 -3804.0 6.8 265 0 12.6 14.1 14.0 0.0 0 1 4 2 2
-3678.1 -3811.8 6.7 252 0 8.4 9.1 14.0 3.5 2 1 4 2 2
-3687.9 -3817.1 6.6 256 0 8.5 12.1 14.0 3.5 2 1 4 3 3
-3710.8 -3767.0 6.7 157 0 9.9 9.8 14.0 3.5 2 0 4 3 3
-3717.2 -3730.4 5.9 258 0 9.0 11.2 14.0 3.5 2 1 4 4 4
-3839.0 -3657.8 3.5 162 0 6.6 9.2 14.0 3.5 2 1 4 0 0
-3810.9 -3641.9 2.9 350 0 8.9 12.9 14.0 3.5 2 1 4 4 4
-3799.9 -3460.3 0.8 119 0 10.4 15.7 10.5 3.5 2 1 3 1 1
-3748.4 -3411.9 2.9 214 0 14.7 17.1 10.5 3.5 2 1 3 3 3
-3769.2 -3430.7 2.1 215 0 10.7 15.5 10.5 3.5 2 1 3 1 1
-3719.9 -3476.7 3.7 31 0 7.7 10.3 10.5 3.5 2 1 3 1 1
-3746.6 -3476.8 3.2 130 0 12.5 13.9 10.5 3.5 2 1 3 0 0
-3728.5 -3389.1 3.5 220 0 9.5 15.4 10.5 3.5 2 1 3 4 4
-3708.9 -3379.5 3.8 230 0 11.0 9.8 10.5 3.5 2 0 3 5 5
-3700.9 -3294.1 3.3 140 0 7.6 7.7 5.0 2.5 2 1 2 2 2
-3683.4 -3277.0 3.2 50 0 10.9 15.9 5.0 2.5 2 1 2 1 1
-3629.6 -3228.7 3.8 49 0 9.4 19.2 7.5 2.5 2 1 3 1 1
-3590.2 -3183.7 3.6 55 0 6.0 11.0 5.0 2.5 2 1 2 1 1
-3690.5 -2960.6 1.7 206 0 13.9 8.3 10.0 2.5 2 0 4 1 1
-3676.0 -2932.2 1.6 201 0 12.5 13.0 7.5 2.5 2 1 3 2 2
-3677.6 -2989.4 1.3 116 0 14.9 18.0 5.0 2.5 2 1 2 4 4
-3635.5 -2993.1 1.3 24 0 10.0 16.0 2.5 2.5 2 1 1 5 5
-3577.3 -2840.5 -0.2 289 0 13.3 12.6 7.5 2.5 2 0 3 0 0
-3590.6 -2885.7 0.8 202 0 12.0 10.6 7.5 2.5 2 0 3 5 5
-3506.7 -2872.3 -1.5 22 0 7.6 6.9 7.5 2.5 2 0 3 1 1
-3489.3 -2842.4 -2.1 294 0 11.1 12.8 7.5 2.5 4 1 3 3 3
-3485.4 -2805.4 -2.5 316 0 9.6 7.3 7.5 2.5 2 0 3 2 2
-3485.5 -2736.1 -3.3 140 0 9.8 9.8 7.5 2.5 2 0 3 5 5
-3521.6 -2712.6 -3.0 128 0 6.1 6.7 5.0 2.5 2 1 2 0 0
-3520.7 -2650.3 -3.3 205 0 11.1 11.6 7.5 2.5 2 1 3 3 3
-3480.7 -2599.3 -4.2 113 0 10.0 15.8 7.5 2.5 2 1 3 5 5
-3484.0 -2627.6 -3.8 302 0 9.4 16.9 7.5 0.0 0 1 3 3 3
-3448.0 -2669.9 -4.2 297 0 12.1 17.8 7.5 2.5 2 1 3 3 3
-3433.7 -2628.2 -4.6 291 0 8.2 12.0 10.0 0.0 0 1 4 1 1
-3425.5 -2719.8 -3.8 46 0 12.3 10.6 5.0 2.5 2 0 2 4 4
-3353.6 -2573.1 -6.1 306 0 6.5 10.9 7.5 2.5 2 1 3 1 1
-3406.7 -2608.1 -5.2 106 0 9.6 9.8 2.5 2.5 2 1 1 5 5
-3375.0 -2583.2 -5.7 309 0 8.8 7.5 7.5 2.5 2 0 3 3 3
-3306.1 -2627.9 -5.8 301 0 14.0 11.4 5.0 2.5 2 0 2 0 0
-3325.9 -2678.4 -4.8 113 0 15.7 13.5 7.5 2.5 2 0 3 1 1
-3270.8 -2750.9 -4.4 27 0 10.9 18.1 2.5 2.5 2 1 1 0 0
-3259.0 -2702.9 -5.3 294 0 11.6 19.7 2.5 2.5 2 1 1 1 1
-3512.6 -2999.6 -0.4 130 0 11.9 15.3 5.0 2.5 2 1 2 4 4
-3485.2 -3026.4 -0.0 40 0 10.0 8.0 7.5 0.0 0 0 3 4 4
-3301.9 -2808.8 -4.0 30 0 10.3 9.7 5.0 2.5 2 0 2 1 1
-3383.6 -2816.9 -3.5 115 0 12.0 16.0 5.0 2.5 2 1 2 1 1
-3398.7 -2895.9 -2.4 287 0 8.0 11.2 2.5 2.5 4 1 1 5 5
-3445.5 -2954.2 -1.4 223 0 14.8 16.0 5.0 2.5 2 1 2 4 4
-3300.8 -2901.9 -2.3 35 0 13.6 17.7 2.5 2.5 2 1 1 0 0
-2940.4 -3104.2 1.4 287 0 6.1 7.6 10.0 0.0 0 1 4 4 4
-2791.6 -3140.9 2.4 288 0 9.2 11.5 7.5 2.5 2 1 3 1 1
-2800.9 -3178.6 2.3 29 0 8.6 9.3 7.5 2.5 2 1 3 0 0
-2862.8 -3147.0 2.2 289 0 12.0 8.7 10.0 2.5 2 0 4 1 1
-2870.8 -3188.5 2.7 114 0 9.1 10.8 2.5 2.5 2 1 1 2 2
-3024.6 -3178.3 1.2 207 0 8.4 14.9 5.0 2.5 2 1 2 1 1
-2991.3 -3201.3 1.5 119 0 13.9 11.6 5.0 2.5 2 0 2 4 4
-3001.7 -3134.3 1.2 211 0 10.0 14.0 2.5 2.5 2 1 1 3 3
-2983.8 -2994.9 -1.1 291 0 11.2 8.3 7.5 2.5 4 0 3 4 4
-3028.8 -3001.6 -0.6 118 0 13.2 10.1 5.0 0.0 0 0 2 4 4
-3000.2 -3074.3 -1.2 18 0 6.3 6.2 5.0 2.5 2 0 2 5 5
-3073.7 -3103.2 -0.1 208 0 13.1 11.0 7.5 2.5 2 0 3 0 0
-4054.4 -6849.8 -5.1 266 0 8.2 9.2 7.5 2.5 2 1 3 5 5
-4379.3 -5961.2 -7.0 270 0 9.1 7.8 7.5 0.0 0 0 3 5 5
-4259.1 -5973.9 -9.0 353 0 9.1 6.3 2.5 2.5 2 0 1 5 5
-4305.5 -5920.3 -9.7 183 0 7.4 10.0 7.5 2.5 2 1 3 2 2
-4352.3 -5850.1 -10.0 180 0 9.4 8.9 7.5 2.5 2 0 3 0 0
-4340.2 -5766.5 -9.0 271 0 12.2 12.6 5.0 2.5 2 1 2 1 1
-4345.1 -5806.6 -9.2 3 0 13.5 10.6 5.0 0.0 0 0 2 3 3
-3860.1 -6670.6 -3.3 270 0 6.3 6.7 5.0 2.5 2 1 2 4 4
-3638.8 -6763.6 4.8 268 0 6.1 7.4 7.5 2.5 2 1 3 3 3
-4227.7 -6208.6 -5.8 70 0 9.6 8.9 7.5 2.5 4 0 3 3 3
-4021.6 -6517.8 -4.1 93 0 7.8 10.2 7.5 2.5 2 1 3 1 1
-4249.8 -6799.9 -0.5 92 0 9.4 8.3 7.5 0.0 0 0 3 1 1
-4193.9 -6813.1 -1.8 91 0 6.5 6.6 2.5 2.5 2 1 1 3 3
-4152.4 -6814.4 -2.6 87 0 9.2 8.7 5.0 2.5 2 0 2 4 4
-4085.5 -6688.0 -5.6 267 0 9.7 9.6 10.0 2.5 2 0 4 1 1
-4075.7 -6843.8 -4.7 263 0 9.2 9.8 7.5 2.5 2 1 3 4 4
-4112.4 -6847.6 -4.1 262 0 9.7 8.8 5.0 2.5 4 0 2 1 1
-3988.6 -6862.2 -4.9 91 0 8.2 9.6 7.5 2.5 2 1 3 4 4
-3994.6 -6830.9 -5.5 93 0 9.1 33.1 12.5 2.5 2 1 5 5 5
-3989.2 -6837.3 -5.3 180 0 7.5 32.9 5.0 2.5 4 1 2 4 4
-3945.9 -6762.1 -5.6 177 0 6.6 6.9 5.0 2.5 2 1 2 2 2
-4232.9 -2566.2 -11.4 207 0 18.8 10.5 7.5 2.5 4 0 3 1 1
-3994.7 -3280.7 -2.9 280 0 8.8 19.1 10.5 3.5 4 1 3 5 5
-4031.5 -3355.6 -4.2 100 0 21.1 10.6 7.0 3.5 5 0 2 5 5
-3966.3 -3312.2 -2.3 7 0 32.6 8.2 3.5 3.5 2 0 1 2 2
-4038.7 -3220.3 -3.2 276 0 30.3 20.1 3.5 3.5 2 0 1 3 3
-4038.7 -3220.3 -3.2 276 0 30.3 20.1 3.5 3.5 2 0 1 4 4
-3942.5 -2227.4 -9.1 234 0 22.4 9.0 2.5 2.5 2 0 1 4 4
-3914.5 -2225.3 -9.2 323 0 23.9 7.7 2.5 2.5 2 0 1 0 0
-3947.1 -2254.2 -9.7 139 0 14.0 8.0 2.5 2.5 2 0 1 1 1
-3650.8 -2346.3 -7.9 294 0 18.8 7.6 2.5 2.5 2 0 1 3 3
-3688.9 -2374.5 -8.8 112 0 10.1 32.4 2.5 2.5 2 1 1 3 3
-3666.2 -2392.3 -8.9 116 0 35.2 9.8 5.0 2.5 2 0 2 1 1
-3633.9 -2359.1 -8.5 296 0 6.7 31.5 5.0 2.5 2 1 2 0 0
-3726.8 -4897.6 -6.4 30 0 24.4 6.6 2.5 2.5 2 0 1 0 0
-3771.4 -4988.9 -5.9 26 0 32.4 10.2 5.0 2.5 2 0 2 1 1
-3991.8 -3264.7 -2.7 280 0 6.0 12.5 7.0 3.5 5 1 2 4 4
-3995.0 -3365.3 -4.1 107 0 11.5 8.4 7.0 3.5 2 0 2 4 4
-3926.4 -3241.9 -0.9 189 0 7.5 16.4 3.5 3.5 2 1 1 5 5
-3868.8 -3237.1 0.4 271 0 13.1 8.2 3.5 3.5 2 0 1 3 3
