-1612.0 -1283.7 -0.2 41 0 34.7 9.3 10.0 2.5 2 0 4 3 3
-3497.5 -5120.6 -2.7 108 0 39.2 10.4 7.5 2.5 2 0 3 5 5
-3535.0 -5107.0 -2.3 110 0 32.2 9.2 7.5 2.5 2 0 3 2 2
-3536.0 -5034.7 -1.2 203 0 38.7 8.4 7.5 2.5 2 0 3 4 4
-3498.5 -5021.6 -1.6 292 0 32.0 6.2 7.0 2.5 2 0 2 5 5
-3449.9 -5043.9 -1.6 23 0 6.7 32.7 7.0 2.5 2 0 2 0 0
-4423.9 -4018.1 -7.5 103 0 23.4 21.8 12.5 2.5 2 0 5 0 0
-3877.2 -3836.2 -3.2 81 0 14.8 13.4 2.5 0.0 0 0 1 4 4
-5354.1 -4983.2 -10.5 266 0 17.6 12.9 7.5 2.5 2 0 3 5 5
-3975.3 -4417.1 -6.4 274 0 18.8 38.0 7.5 2.5 4 1 3 2 2
-4922.7 -5453.1 -11.3 345 0 14.7 16.3 7.5 2.5 2 0 3 3 3
-4084.1 -5134.6 -4.5 172 0 13.1 16.0 2.5 2.5 2 1 1 4 4
-4333.3 -3940.5 -6.6 6 0 13.2 17.1 5.0 2.5 2 1 2 5 5
-3958.1 -4002.3 -5.6 155 0 10.6 21.2 5.0 2.5 2 1 2 2 2
-5220.3 -4314.5 -7.4 350 0 6.0 8.3 7.5 2.5 2 1 3 2 2
-4908.0 -5219.4 -9.0 172 0 8.3 10.9 7.5 2.5 2 0 3 2 2
-4456.3 -3997.8 -7.0 201 0 17.4 15.0 7.5 2.5 2 0 3 2 2
-5324.0 -4761.6 -9.9 341 0 7.2 24.8 7.5 2.5 2 1 3 0 0
-4948.6 -5328.9 -10.2 165 0 10.8 11.5 7.5 2.5 2 0 3 2 2
-4369.9 -3828.3 -4.5 104 0 12.4 15.0 5.0 2.5 2 1 2 5 5
-4889.7 -4026.2 -3.8 202 0 12.3 14.5 5.0 2.5 2 1 2 4 4
-3987.9 -4410.3 -6.5 274 0 16.4 37.2 7.5 2.5 2 1 3 3 3
-4700.7 -5248.8 -6.6 4 0 9.0 11.4 5.0 2.5 2 1 2 3 3
-4359.6 -3933.7 -6.5 12 0 12.8 13.8 10.0 2.5 2 1 4 5 5
-4942.5 -5542.0 -9.7 357 0 18.0 19.4 10.0 2.5 2 0 4 5 5
-4323.4 -3793.7 -4.1 14 0 8.1 8.7 5.0 2.5 2 1 2 1 1
-4771.3 -4180.1 -4.4 175 0 11.2 12.9 5.0 2.5 2 1 2 5 5
-4827.2 -5402.4 -10.8 333 0 7.9 17.0 7.5 2.5 2 1 3 5 5
-4889.1 -5216.7 -9.4 181 0 12.5 12.3 10.0 2.5 2 0 4 4 4
-4745.9 -5206.4 -7.4 258 0 6.9 7.8 7.5 2.5 4 1 3 1 1
-5263.3 -4107.6 -10.0 305 0 9.7 9.6 5.0 2.5 2 0 2 4 4
-4553.8 -4138.3 -6.5 270 0 10.0 6.8 7.5 2.5 2 0 3 2 2
-5199.6 -4584.0 -10.4 80 0 17.8 11.9 10.0 2.5 4 0 4 5 5
-4434.4 -4046.9 -7.5 262 0 16.6 10.4 7.5 2.5 4 0 3 5 5
-5094.8 -4828.9 -9.3 262 0 13.0 9.2 7.5 2.5 2 0 3 1 1
-4568.8 -4033.0 -5.1 16 0 14.3 13.7 7.5 2.5 2 0 3 2 2
-4346.2 -5055.1 -6.8 169 0 14.4 11.9 7.5 2.5 2 0 3 4 4
-4614.8 -4186.9 -7.7 278 0 6.2 7.0 7.5 2.5 4 1 3 0 0
-4731.8 -4877.6 -5.1 72 0 6.8 6.9 10.0 2.5 2 1 4 5 5
-4552.8 -3814.3 -5.3 205 0 34.1 36.2 12.5 0.0 0 1 5 0 0
-4530.1 -5036.4 -6.7 94 0 8.8 11.4 5.0 2.5 2 1 2 0 0
-5186.2 -4999.5 -9.8 13 0 17.3 20.5 10.0 0.0 0 1 4 0 0
-5108.7 -4896.0 -9.4 255 0 16.3 16.8 5.0 0.0 0 1 2 3 3
-4677.1 -4629.6 -4.3 270 0 17.6 20.6 7.5 2.5 2 1 3 0 0
-4423.2 -4134.7 -6.9 153 0 6.0 18.4 7.5 2.5 2 1 3 4 4
-4367.0 -5117.7 -7.4 184 0 17.5 15.9 10.0 2.5 2 0 4 0 0
-4189.9 -3589.4 -3.9 187 0 11.7 9.2 7.5 2.5 2 0 3 5 5
-5210.6 -4759.3 -9.8 160 0 6.2 13.7 5.0 2.5 2 1 2 3 3
-4582.0 -5153.1 -5.7 355 0 9.8 10.0 5.0 2.5 2 1 2 2 2
-4594.9 -5003.9 -6.2 80 0 24.1 25.9 10.0 0.0 0 1 4 1 1
-5054.7 -4576.6 -9.5 90 0 12.3 14.7 5.0 2.5 4 1 2 5 5
-4389.0 -4073.2 -7.0 346 0 9.7 24.2 10.0 2.5 2 1 4 2 2
-4548.5 -3877.7 -5.0 185 0 24.4 28.2 7.5 0.0 0 1 3 2 2
-4189.6 -3666.2 -3.0 354 0 10.1 8.5 2.5 2.5 2 0 1 1 1
-5033.5 -4781.1 -9.0 353 0 11.8 9.4 2.5 2.5 2 0 1 0 0
-4380.4 -3656.2 -4.8 171 0 12.0 15.4 7.5 2.5 2 1 3 0 0
-4689.7 -4943.5 -6.5 358 0 14.6 14.6 7.5 2.5 2 1 3 4 4
-4311.2 -3662.7 -5.4 167 0 15.8 18.6 10.0 2.5 2 1 4 0 0
-3644.5 -4123.9 -2.5 92 0 20.5 16.1 10.0 2.5 2 0 4 0 0
-4588.4 -5048.5 -6.3 276 0 11.2 30.0 12.5 2.5 4 1 5 4 4
-4493.9 -3810.3 -5.3 286 0 21.9 28.1 10.0 0.0 0 1 4 5 5
-4290.7 -3542.7 -4.0 6 0 20.8 18.2 12.5 2.5 2 0 5 1 1
-4710.5 -4818.4 -4.4 263 0 14.7 12.6 7.5 2.5 2 0 3 4 4
-3949.5 -3553.1 -2.2 90 0 11.7 6.5 7.5 2.5 2 0 3 5 5
-4419.8 -5115.3 -6.7 258 0 8.4 10.1 5.0 2.5 2 1 2 0 0
-3782.1 -4271.5 -1.7 99 0 11.3 10.3 7.5 2.5 2 0 3 5 5
-4494.8 -5228.8 -6.1 339 0 9.0 10.0 7.5 2.5 2 1 3 0 0
-4273.9 -3691.0 -4.8 352 0 11.9 17.7 7.5 2.5 2 1 3 0 0
-3969.6 -3489.7 -2.9 277 0 20.6 16.4 12.5 2.5 2 0 5 4 4
-4402.1 -5153.5 -6.8 335 0 8.3 11.3 7.5 2.5 2 1 3 1 1
-3873.1 -3485.7 -2.9 282 0 8.7 9.5 2.5 2.5 2 1 1 3 3
-4340.0 -3664.4 -5.4 7 0 15.6 15.3 7.5 2.5 2 0 3 5 5
-3771.5 -3518.3 -1.4 275 0 15.0 6.8 10.0 2.5 2 0 4 5 5
-3618.4 -4265.1 -1.9 150 0 9.2 15.5 7.5 2.5 2 1 3 4 4
-3915.0 -3829.5 -3.8 97 0 15.3 11.6 10.0 2.5 4 0 4 1 1
-4213.7 -4964.2 -6.8 351 0 7.5 14.8 7.5 2.5 2 1 3 0 0
-3739.3 -3532.4 -1.3 6 0 7.3 11.2 10.0 2.5 2 1 4 5 5
-4193.4 -4743.2 -7.3 101 0 18.5 17.3 10.0 0.0 0 0 4 1 1
-4434.8 -5288.8 -4.1 174 0 8.9 11.8 7.5 2.5 2 1 3 2 2
-4413.6 -3955.4 -6.8 201 0 19.9 16.3 10.0 2.5 2 0 4 2 2
-4962.8 -5393.8 -10.9 192 0 14.1 17.3 5.0 2.5 4 1 2 3 3
-3962.1 -4392.9 -6.6 99 0 26.7 18.1 7.5 2.5 2 0 3 5 5
-3872.9 -3509.6 -2.6 298 0 10.0 9.8 7.5 2.5 2 0 3 0 0
-4233.6 -3967.1 -4.4 82 0 16.0 15.6 5.0 2.5 2 0 2 5 5
-4247.9 -4904.6 -7.2 177 0 13.5 11.7 2.5 2.5 2 0 1 3 3
-4987.3 -5143.1 -9.8 13 0 8.5 9.0 10.0 2.5 2 1 4 2 2
-4444.3 -3887.1 -5.0 26 0 15.3 13.6 5.0 2.5 2 0 2 3 3
-4068.6 -4564.7 -3.7 78 0 17.3 15.3 17.5 0.0 0 0 7 5 5
-4910.1 -5422.4 -11.5 2 0 16.6 18.7 7.5 2.5 2 1 3 5 5
-3777.3 -3570.5 -0.9 22 0 13.2 13.3 5.0 2.5 2 1 2 2 2
-4440.8 -3946.5 -6.4 178 0 12.9 18.2 7.5 2.5 4 1 3 2 2
-4974.3 -5423.8 -11.0 169 0 12.8 17.9 10.0 2.5 2 1 4 1 1
-3966.6 -4344.4 -6.6 279 0 22.5 18.3 7.5 2.5 2 0 3 0 0
-4854.0 -5165.3 -7.8 289 0 13.3 11.6 5.0 2.5 2 0 2 2 2
-5320.5 -4824.9 -9.9 0 0 13.6 19.3 10.0 2.5 2 1 4 0 0
-3850.0 -3740.5 -2.1 96 0 17.7 18.6 7.5 2.5 2 1 3 3 3
-4425.3 -3839.2 -4.8 0 0 22.4 16.4 5.0 2.5 2 0 2 3 3
-4903.9 -5391.2 -11.7 0 0 17.7 15.8 10.0 2.5 2 0 4 2 2
-4151.2 -4726.7 -7.6 293 0 21.0 22.5 7.5 2.5 2 1 3 0 0
-4925.1 -5283.9 -10.4 183 0 16.0 15.5 5.0 2.5 2 0 2 2 2
-5234.4 -4662.4 -9.7 302 0 11.1 15.4 5.0 2.5 2 1 2 2 2
-4367.7 -3971.7 -7.0 19 0 20.1 20.4 15.0 0.0 0 1 6 1 1
-5203.4 -4380.1 -8.0 289 0 10.8 11.4 7.5 2.5 2 1 3 3 3
-4742.6 -4144.1 -4.4 9 0 15.1 14.8 5.0 2.5 2 0 2 0 0
-3913.1 -4375.6 -5.8 19 0 12.3 20.4 5.0 2.5 2 1 2 3 3
-4782.2 -5283.7 -9.2 0 0 8.3 12.9 10.0 2.5 2 1 4 1 1
-4426.4 -3903.5 -5.9 194 0 20.6 19.3 7.5 0.0 0 0 3 4 4
-4534.3 -4215.2 -7.3 280 0 12.5 6.7 7.5 2.5 2 0 3 3 3
-4171.2 -3543.4 -3.0 203 0 12.6 12.7 7.5 2.5 2 1 3 1 1
-4668.6 -4095.6 -6.2 270 0 13.5 17.7 5.0 2.5 4 1 2 5 5
-4269.7 -5022.2 -7.2 340 0 9.7 13.7 5.0 2.5 2 1 2 3 3
-4483.1 -4727.3 -7.9 341 0 9.8 9.0 5.0 2.5 2 0 2 0 0
-4783.7 -5198.3 -7.8 263 0 9.7 11.2 7.5 2.5 2 1 3 1 1
-5130.7 -4403.2 -7.4 340 0 7.9 11.9 2.5 2.5 2 1 1 4 4
-4629.8 -3982.4 -5.1 340 0 7.6 15.6 7.5 2.5 2 1 3 3 3
-4703.7 -4130.9 -6.3 92 0 17.0 14.4 5.0 0.0 0 0 2 1 1
-4988.2 -4961.5 -8.2 84 0 10.6 9.8 7.5 2.5 2 0 3 4 4
-4380.7 -5081.7 -7.4 6 0 17.5 21.2 10.0 2.5 2 1 4 5 5
-4487.3 -4898.0 -6.0 86 0 12.3 13.4 7.5 2.5 2 1 3 0 0
-5038.1 -4485.5 -8.4 24 0 11.1 10.2 7.5 2.5 2 0 3 3 3
-4597.2 -5024.9 -6.3 296 0 24.1 9.1 2.5 2.5 2 0 1 5 5
-4454.8 -3924.8 -5.5 18 0 12.1 12.6 5.0 0.0 0 1 2 2 2
-4435.2 -5070.4 -7.2 168 0 13.3 16.8 5.0 2.5 2 1 2 0 0
-4239.4 -3708.7 -4.2 171 0 10.6 9.8 7.5 2.5 2 0 3 0 0
-4848.5 -4938.5 -6.8 295 0 7.7 10.2 10.0 2.5 2 1 4 0 0
-4583.6 -5230.8 -5.5 169 0 8.7 8.0 5.0 0.0 0 0 2 0 0
-4541.5 -4861.3 -6.0 263 0 13.6 11.6 2.5 2.5 4 0 1 4 4
-5167.1 -4502.4 -8.9 83 0 10.0 8.7 5.0 2.5 2 0 2 5 5
-4288.0 -3631.6 -5.8 191 0 16.5 12.5 5.0 2.5 2 0 2 2 2
-4616.9 -5028.3 -6.2 274 0 7.9 7.9 7.5 2.5 2 0 3 3 3
-5114.7 -4759.9 -9.4 90 0 11.7 18.3 5.0 2.5 2 1 2 0 0
-4273.6 -3495.6 -3.8 0 0 19.4 21.7 10.0 2.5 2 1 4 3 3
-4484.7 -3989.7 -5.9 23 0 14.2 11.4 10.0 2.5 2 0 4 1 1
-4566.4 -5204.0 -5.8 183 0 11.0 10.8 7.5 2.5 2 0 3 5 5
-4225.5 -3570.1 -6.1 357 0 16.6 12.9 7.5 2.5 2 0 3 5 5
-3739.5 -4151.2 -4.5 103 0 17.8 27.2 7.5 2.5 2 1 3 0 0
-4602.2 -3430.2 -3.6 102 0 33.5 23.6 10.0 0.0 0 0 4 0 0
-4308.7 -3491.5 -3.1 162 0 8.1 15.4 5.0 2.5 2 1 2 5 5
-3926.7 -3544.9 -2.4 128 0 11.9 11.9 5.0 2.5 2 0 2 3 3
-3886.3 -4009.4 -4.5 180 0 6.2 11.1 5.0 2.5 2 1 2 2 2
-4563.0 -5162.7 -5.9 182 0 9.8 8.5 7.5 2.5 2 0 3 1 1
-4036.0 -5040.0 -6.6 88 0 14.7 18.8 7.5 2.5 2 1 3 5 5
-3913.0 -3461.8 -2.7 184 0 6.9 8.2 5.0 2.5 2 1 2 2 2
-4424.4 -5288.8 -3.8 152 0 7.4 14.7 10.0 2.5 2 1 4 3 3
-3836.7 -3488.0 -2.5 284 0 9.7 6.6 7.5 2.5 2 0 3 4 4
-4931.0 -5307.7 -10.7 250 0 13.7 17.4 7.5 2.5 4 1 3 0 0
-3836.4 -3545.1 -1.8 78 0 14.1 8.6 5.0 2.5 2 0 2 4 4
-3792.9 -3817.8 -1.9 268 0 14.6 14.6 2.5 0.0 0 1 1 5 5
-4942.3 -5583.7 -8.3 350 0 17.2 23.2 10.0 2.5 2 1 4 3 3
-4881.1 -5404.7 -11.3 346 0 9.9 14.5 7.5 2.5 2 1 3 3 3
-4369.5 -4043.1 -6.6 105 0 18.8 17.3 12.5 2.5 2 0 5 3 3
-4215.5 -5051.7 -5.7 260 0 14.3 7.6 7.5 2.5 2 0 3 3 3
-3749.9 -3611.1 -0.3 197 0 20.9 22.6 7.5 2.5 2 1 3 5 5
-5027.5 -5185.6 -9.5 96 0 11.8 9.1 10.0 2.5 2 0 4 0 0
-4011.7 -4516.3 -4.1 262 0 16.0 10.7 7.5 2.5 2 0 3 4 4
-4865.1 -5248.5 -10.3 7 0 14.0 12.4 7.5 2.5 2 0 3 1 1
-4295.4 -3899.5 -6.2 356 0 16.1 15.3 5.0 2.5 2 0 2 0 0
-5351.2 -4179.0 -10.6 93 0 12.3 13.5 7.5 2.5 2 1 3 3 3
-3907.8 -3940.0 -4.4 341 0 9.9 11.1 10.0 2.5 2 1 4 5 5
-4996.1 -5481.5 -11.2 178 0 19.9 21.1 10.0 2.5 2 1 4 3 3
-3996.4 -4391.1 -6.7 92 0 15.2 13.9 5.0 2.5 2 0 2 0 0
-4398.8 -4032.5 -7.3 118 0 17.8 22.4 10.0 2.5 2 1 4 4 4
-4417.2 -3816.5 -4.9 109 0 16.1 17.9 7.5 2.5 2 1 3 4 4
-4994.6 -5230.7 -8.9 282 0 13.8 16.9 5.0 2.5 4 1 2 2 2
-3959.7 -4515.4 -5.3 2 0 17.2 15.2 7.5 2.5 2 0 3 2 2
-4879.6 -5321.3 -11.8 21 0 18.5 15.0 10.0 2.5 4 0 4 5 5
-4297.9 -3865.8 -5.8 190 0 18.9 17.2 10.0 2.5 4 0 4 2 2
-5021.3 -5618.4 -8.4 101 0 20.9 21.5 10.0 2.5 2 1 4 3 3
-5307.1 -4103.9 -10.3 302 0 20.0 15.8 7.5 2.5 2 0 3 0 0
-4329.1 -3843.7 -5.1 117 0 12.5 12.2 7.5 2.5 2 0 3 5 5
-4893.6 -5348.4 -11.8 349 0 15.1 16.1 2.5 2.5 2 1 1 5 5
-4821.5 -5283.8 -9.9 172 0 9.3 8.3 2.5 2.5 2 0 1 0 0
-4870.1 -5278.0 -11.2 12 0 15.2 13.8 7.5 2.5 2 0 3 2 2
-4102.7 -4031.0 -3.5 8 0 8.3 8.9 10.0 2.5 4 1 4 4 4
-5245.1 -4440.6 -9.4 173 0 29.2 27.2 7.5 0.0 0 0 3 2 2
-4727.0 -4086.6 -3.9 351 0 9.7 15.4 5.0 2.5 2 1 2 0 0
-4642.1 -4115.2 -6.6 264 0 16.5 12.9 7.5 2.5 2 0 3 3 3
-4484.1 -5044.6 -7.1 81 0 10.7 10.8 7.5 2.5 2 1 3 2 2
-5296.7 -4696.2 -10.2 177 0 9.2 10.0 5.0 2.5 4 1 2 5 5
-5025.7 -4927.3 -8.3 180 0 14.1 11.1 5.0 2.5 2 0 2 1 1
-4345.4 -5068.2 -7.0 235 0 13.5 13.0 2.5 2.5 2 0 1 1 1
-5152.8 -4570.2 -9.6 11 0 11.9 12.5 7.5 2.5 2 1 3 4 4
-4644.3 -4038.0 -4.8 11 0 11.6 14.9 7.5 2.5 2 1 3 0 0
-4551.2 -4122.1 -6.1 103 0 13.2 10.5 7.5 2.5 4 0 3 3 3
-4513.1 -5035.8 -6.9 84 0 10.6 10.9 2.5 2.5 4 1 1 5 5
-5225.0 -5061.5 -10.0 94 0 16.4 14.4 7.5 2.5 2 0 3 1 1
-4255.5 -3640.2 -5.5 353 0 17.9 14.7 12.5 2.5 2 0 5 2 2
-5074.6 -4514.9 -8.2 176 0 9.2 7.6 5.0 2.5 2 0 2 5 5
-4390.2 -4138.3 -6.4 92 0 16.4 9.5 5.0 0.0 0 0 2 3 3
-4564.4 -3862.2 -4.1 184 0 7.6 11.4 7.5 2.5 4 1 3 0 0
-4542.3 -4223.1 -7.6 274 0 17.6 19.3 10.0 2.5 2 1 4 5 5
-5189.6 -4647.8 -9.7 262 0 17.1 19.2 7.5 2.5 2 1 3 5 5
-4243.0 -3520.2 -4.8 178 0 15.1 14.7 10.0 0.0 0 0 4 2 2
-3728.1 -3841.1 -1.9 101 0 11.0 8.6 5.0 2.5 2 0 2 3 3
-4508.5 -3908.1 -5.0 108 0 27.0 26.4 5.0 0.0 0 0 2 0 0
-5305.2 -4803.4 -9.9 70 0 13.7 9.7 5.0 2.5 2 0 2 5 5
-4356.1 -3605.6 -2.9 178 0 10.5 10.3 7.5 2.5 2 0 3 3 3
-4521.7 -5256.6 -5.9 87 0 10.3 13.6 5.0 2.5 2 1 2 5 5
-4260.7 -3552.5 -6.0 256 0 14.5 23.7 7.5 2.5 2 1 3 1 1
-4641.8 -5076.2 -5.8 189 0 12.2 11.0 5.0 2.5 4 0 2 1 1
-4324.1 -3614.8 -4.0 5 0 11.6 9.7 7.5 2.5 2 0 3 0 0
-4333.0 -3535.9 -2.7 170 0 18.0 17.8 15.0 0.0 0 0 6 1 1
-3880.2 -3566.6 -1.9 99 0 11.3 11.6 10.0 2.5 2 1 4 0 0
-4206.6 -3524.4 -4.6 2 0 18.5 15.2 10.0 2.5 2 0 4 5 5
-3818.4 -4088.5 -5.2 13 0 8.5 10.8 10.0 2.5 2 1 4 4 4
-3808.6 -3549.5 -1.4 87 0 11.4 6.7 7.5 2.5 2 0 3 1 1
-3893.3 -3473.8 -3.0 298 0 9.3 11.2 2.5 2.5 4 1 1 3 3
-3849.3 -3809.0 -2.8 350 0 12.2 13.1 5.0 2.5 2 1 2 3 3
-3807.9 -4060.0 -4.8 355 0 7.0 9.4 5.0 2.5 2 1 2 0 0
-3857.2 -3538.0 -2.1 108 0 7.7 9.4 7.5 2.5 2 1 3 4 4
-4151.6 -5063.9 -4.4 95 0 12.9 13.5 5.0 2.5 2 1 2 5 5
-3966.5 -3900.8 -5.1 103 0 13.2 28.2 7.5 2.5 4 1 3 2 2
-3908.2 -3498.1 -2.8 187 0 6.9 10.3 10.0 2.5 2 1 4 3 3
-4342.6 -3977.0 -6.9 9 0 16.8 18.4 7.5 2.5 4 1 3 4 4
-5004.7 -5524.8 -10.6 161 0 7.8 13.0 5.0 2.5 2 1 2 3 3
-3955.2 -4423.8 -6.2 193 0 22.9 28.8 7.5 0.0 0 1 3 0 0
-4255.2 -4856.4 -7.2 189 0 22.7 33.2 12.5 0.0 0 1 5 0 0
-3762.6 -3618.3 -0.2 12 0 13.0 19.2 7.5 2.5 2 1 3 2 2
-4399.7 -3916.8 -6.2 200 0 16.8 13.7 10.0 2.5 2 0 4 0 0
-5250.0 -4488.6 -10.0 161 0 21.2 33.3 7.5 0.0 0 1 3 2 2
-4939.1 -5516.2 -10.8 0 0 15.3 15.8 5.0 0.0 0 1 2 5 5
-3802.1 -3511.6 -1.8 284 0 11.8 10.9 5.0 0.0 0 0 2 0 0
-3995.7 -4158.0 -5.9 68 0 12.6 13.3 7.5 2.5 2 1 3 3 3
-4164.4 -3604.5 -2.9 84 0 8.5 12.2 7.5 2.5 2 1 3 0 0
-4948.9 -5358.3 -11.0 198 0 19.7 19.1 10.0 2.5 2 0 4 1 1
-4918.8 -5221.3 -8.2 10 0 11.7 10.4 10.0 2.5 2 0 4 5 5
-3320.6 6533.4 -19.5 41 0 9.0 7.4 2.5 2.5 2 0 1 5 5
-3271.6 6586.0 -19.3 132 0 8.6 8.4 5.0 2.5 2 0 2 4 4
-3281.8 6648.8 -18.6 215 0 11.4 6.3 5.0 2.5 2 0 2 3 3
-3095.1 6767.1 -14.6 39 0 11.5 9.0 2.5 2.5 2 0 1 5 5
-3137.3 6807.2 -14.8 123 0 8.2 13.0 5.0 2.5 2 1 2 4 4
-3106.3 6835.0 -15.2 43 0 11.5 21.0 5.0 2.5 2 1 2 1 1
-3021.1 6795.5 -15.3 49 0 10.0 7.6 7.5 0.0 0 0 3 5 5
-3036.6 6825.7 -15.1 306 0 8.0 11.8 5.0 2.5 2 1 2 4 4
-3066.3 6840.6 -15.1 217 0 10.3 10.3 5.0 2.5 2 1 2 1 1
-2930.3 6804.2 -17.4 42 0 7.6 9.7 5.0 2.5 2 1 2 0 0
-2917.7 6817.9 -17.7 39 0 8.1 10.3 5.0 2.5 2 1 2 0 0
-2914.2 6797.2 -17.3 226 0 9.2 11.2 2.5 2.5 2 1 1 5 5
-2838.5 6808.2 -17.4 323 0 9.6 11.5 2.5 2.5 2 1 1 1 1
-3193.9 6625.1 -17.6 35 0 8.4 9.0 5.0 2.5 2 1 2 3 3
-3053.9 6857.5 -15.3 224 0 9.4 9.0 5.0 2.5 2 0 2 5 5
-1628.8 -1327.6 -0.1 40 0 14.7 12.7 2.5 2.5 2 0 1 0 0
-1576.3 -1235.3 -0.2 311 0 9.4 36.3 10.0 2.5 2 1 4 3 3
-1619.7 -1249.2 -0.2 222 0 35.5 10.6 10.0 2.5 2 0 4 4 4
-3781.3 -5750.8 -2.7 293 0 10.6 19.0 2.5 2.5 2 1 1 0 0
-3382.6 -6243.7 -3.5 318 0 7.0 10.5 5.0 2.5 2 1 2 1 1
-4018.0 -6118.3 -4.2 204 0 7.8 7.1 10.0 2.5 2 0 4 5 5
-3830.3 -6355.0 -3.4 31 0 6.3 6.5 2.5 2.5 2 1 1 5 5
-3863.3 -6230.2 -2.4 199 0 6.5 14.4 7.5 2.5 2 1 3 1 1
-3958.7 -5866.8 -2.8 117 0 6.0 6.3 7.5 2.5 2 1 3 0 0
-3713.3 -6121.0 -4.6 58 0 6.7 15.2 7.5 2.5 2 1 3 1 1
-3983.6 -6183.4 -3.9 23 0 30.0 8.9 7.5 2.5 2 0 3 5 5
-4155.0 -6155.6 -6.8 205 0 8.3 20.7 7.5 2.5 2 1 3 0 0
-4019.6 -6195.3 -5.1 111 0 8.7 32.5 7.5 2.5 4 1 3 2 2
-4070.3 -6217.0 -6.4 113 0 9.1 22.8 7.5 0.0 0 1 3 0 0
-4043.7 -6150.4 -5.6 293 0 7.5 23.6 10.0 2.5 2 1 4 3 3
-4032.5 -6183.3 -5.3 112 0 8.8 25.9 5.0 2.5 2 1 2 4 4
-614.0 630.4 13.0 112 0 14.7 13.2 10.0 2.5 2 0 4 1 1
-581.6 609.4 12.0 114 0 10.6 12.0 7.5 2.5 2 1 3 4 4
-1006.2 1650.1 0.3 215 0 9.2 18.7 2.5 2.5 2 1 1 0 0
-1013.4 1640.8 0.1 215 0 6.4 19.4 7.5 2.5 2 1 3 0 0
-984.7 1633.3 0.4 303 0 13.2 11.8 7.5 2.5 2 0 3 0 0
-561.7 845.7 7.4 312 0 17.7 8.7 2.5 2.5 2 0 1 3 3
-1345.4 1345.3 5.1 59 0 11.1 13.5 7.5 2.5 4 1 3 4 4
-1265.2 1449.4 0.9 150 0 11.2 15.3 7.5 2.5 2 1 3 4 4
-1216.7 1380.3 1.4 333 0 10.6 6.8 5.0 2.5 2 0 2 1 1
-1219.0 1356.9 2.0 149 0 6.9 9.6 7.5 2.5 2 1 3 0 0
-1170.1 1262.2 5.9 58 0 11.6 13.3 7.5 2.5 2 1 3 1 1
-1189.4 1317.3 4.2 320 0 9.2 10.2 7.5 2.5 2 1 3 3 3
-1123.8 1296.2 2.8 41 0 13.8 19.8 7.5 2.5 2 1 3 2 2
-1083.7 1360.6 0.3 31 0 6.4 9.5 7.5 2.5 2 1 3 5 5
-1092.7 1354.7 0.4 33 0 6.3 6.1 5.0 2.5 2 0 2 5 5
-1103.2 1313.0 1.7 40 0 7.9 13.4 10.0 2.5 2 1 4 3 3
-992.1 1779.9 2.1 11 0 12.0 17.0 7.5 2.5 4 1 3 2 2
-1007.0 1840.4 2.2 290 0 8.4 14.4 2.5 2.5 2 1 1 0 0
-831.6 1809.1 2.0 270 0 12.6 27.0 10.0 2.5 2 1 4 5 5
-870.0 1840.0 2.7 176 0 11.2 16.2 10.0 2.5 2 1 4 4 4
-909.4 1771.0 -0.2 163 0 15.9 14.4 7.5 2.5 2 0 3 4 4
-891.4 1746.9 -1.2 167 0 9.5 13.6 5.0 2.5 2 1 2 1 1
-893.2 1727.3 -1.9 165 0 7.9 37.0 12.5 0.0 0 1 5 2 2
-705.0 1595.7 0.5 41 0 22.1 7.1 7.5 2.5 2 0 3 1 1
-739.9 1799.9 1.7 268 0 8.6 15.2 7.5 2.5 2 1 3 0 0
-770.5 1783.6 1.3 182 0 9.9 12.4 5.0 0.0 0 1 2 4 4
-771.5 1744.1 0.7 267 0 8.1 13.0 7.5 0.0 0 1 3 1 1
-953.2 1665.2 -1.6 222 0 12.2 14.5 5.0 2.5 2 1 2 2 2
-918.2 1598.9 -0.5 302 0 21.3 11.8 10.0 2.5 2 0 4 0 0
-950.2 1556.8 -0.0 213 0 12.2 13.7 5.0 0.0 0 1 2 0 0
-838.9 1494.9 -1.5 37 0 32.9 10.5 10.0 0.0 0 0 4 2 2
-846.4 1533.6 -1.9 307 0 10.0 30.3 5.0 2.5 2 1 2 1 1
-780.1 1646.5 -1.8 307 0 29.5 9.2 10.0 2.5 2 0 4 3 3
-817.3 1651.5 -3.0 217 0 30.6 7.7 5.0 2.5 2 0 2 1 1
-800.5 1618.0 -2.5 127 0 29.0 7.3 5.0 2.5 2 0 2 5 5
-4751.9 -5416.3 -9.6 31 0 8.2 9.3 7.5 2.5 2 1 3 2 2
-4778.0 -5403.4 -9.9 205 0 6.3 11.5 2.5 2.5 2 1 1 4 4
-4777.3 -5448.0 -9.8 27 0 8.4 10.5 7.5 2.5 2 1 3 1 1
-4811.3 -5574.0 -9.4 34 0 6.3 6.1 5.0 2.5 2 0 2 3 3
-4756.7 -5542.7 -9.0 23 0 11.1 8.3 5.0 2.5 2 0 2 1 1
-4782.7 -5685.0 -9.7 302 0 9.0 13.5 5.0 2.5 2 1 2 4 4
-4821.8 -5629.9 -9.6 21 0 7.4 8.2 7.5 2.5 2 1 3 0 0
-684.5 907.3 10.1 0 0 7.4 10.8 7.5 2.5 2 1 3 1 1
-677.1 955.1 8.6 180 0 9.1 11.7 2.5 2.5 2 1 1 0 0
-721.7 1172.2 5.1 121 0 14.4 8.6 10.0 2.5 2 0 4 5 5
-756.9 977.3 11.6 243 0 8.9 14.3 2.5 2.5 2 1 1 4 4
-769.5 895.3 12.8 88 0 6.7 14.4 5.0 2.5 2 1 2 3 3
-852.7 927.7 12.0 323 0 12.9 7.7 7.5 2.5 4 0 3 1 1
-889.3 964.4 11.5 316 0 12.9 10.6 7.5 2.5 4 0 3 0 0
-848.8 1002.5 10.6 28 0 17.0 9.3 5.0 2.5 2 0 2 3 3
-831.5 1053.8 8.0 323 0 17.1 8.4 2.5 2.5 2 0 1 0 0
-892.8 1100.4 8.3 210 0 6.5 15.1 5.0 2.5 2 1 2 0 0
-776.8 1257.5 1.6 204 0 10.9 8.9 2.5 0.0 0 0 1 0 0
-775.9 1295.1 1.7 27 0 10.3 18.7 7.5 2.5 2 1 3 1 1
-836.1 1202.9 5.4 206 0 8.2 11.9 5.0 2.5 2 1 2 0 0
-905.6 1296.6 4.9 315 0 9.6 7.7 10.0 2.5 2 0 4 5 5
-948.9 1410.4 0.9 103 0 12.2 7.9 5.0 2.5 2 0 2 5 5
-961.0 1466.8 -1.3 211 0 25.5 23.4 12.5 2.5 2 0 5 4 4
-1725.5 540.8 2.9 209 0 6.7 10.9 5.0 2.5 2 1 2 2 2
-342.8 1077.4 3.6 297 0 14.2 14.4 10.5 3.5 2 1 3 3 3
-304.6 1069.9 3.0 315 0 10.4 24.1 10.5 3.5 2 1 3 5 5
-315.1 982.2 2.2 21 0 16.7 19.0 10.5 3.5 2 1 3 3 3
-382.9 1088.4 3.6 308 0 10.4 14.9 10.5 3.5 2 1 3 5 5
-409.6 982.2 3.0 185 0 6.8 17.6 10.5 3.5 2 1 3 1 1
-1516.9 1657.0 2.1 165 0 12.5 14.8 7.5 2.5 2 1 3 1 1
-1478.2 1730.1 0.0 75 0 14.2 10.6 5.0 2.5 4 0 2 1 1
-1489.6 1705.2 1.0 254 0 13.2 11.9 2.5 2.5 2 0 1 5 5
-1446.5 1746.9 -0.6 349 0 8.3 13.2 5.0 2.5 2 1 2 2 2
-1448.2 1653.7 1.1 78 0 16.2 10.5 7.5 2.5 4 0 3 4 4
-557.1 1269.9 2.0 203 0 7.7 11.9 5.0 2.5 2 1 2 3 3
-569.0 1202.2 1.8 189 0 12.6 15.7 7.5 2.5 2 1 3 3 3
-501.6 1189.9 3.1 18 0 11.2 21.5 10.0 2.5 2 1 4 1 1
-580.7 1569.5 4.5 97 0 15.6 13.7 5.0 2.5 2 0 2 1 1
-476.8 1415.8 5.2 277 0 14.2 8.3 5.0 2.5 2 0 2 4 4
-493.0 1389.6 5.2 74 0 8.5 18.0 7.5 2.5 2 1 3 5 5
-510.3 1378.7 5.4 81 0 11.3 13.7 10.0 2.5 2 1 4 0 0
-605.3 1245.7 0.5 305 0 10.7 20.6 10.0 2.5 2 1 4 4 4
-590.2 1243.6 0.8 299 0 10.8 23.5 7.5 2.5 2 1 3 1 1
-468.6 1265.1 4.5 88 0 10.2 16.8 5.0 2.5 2 1 2 5 5
-521.0 1143.2 4.0 19 0 9.0 13.2 7.5 2.5 2 1 3 3 3
-543.1 1078.6 4.8 10 0 8.4 15.3 5.0 2.5 2 1 2 4 4
-492.4 1159.3 3.1 214 0 13.8 11.5 7.5 2.5 2 0 3 0 0
-524.2 377.2 13.2 128 0 10.9 13.0 10.0 0.0 0 1 4 5 5
-593.8 1555.8 4.4 102 0 9.8 10.7 7.5 2.5 4 1 3 2 2
-586.4 1543.7 5.2 264 0 10.2 10.7 5.0 2.5 2 1 2 2 2
-595.3 1506.4 5.7 159 0 14.8 11.2 7.5 2.5 2 0 3 3 3
-556.7 1544.6 5.9 268 0 10.7 11.5 10.0 0.0 0 1 4 0 0
-522.4 1658.7 6.4 264 0 18.6 16.6 7.5 0.0 0 0 3 4 4
-421.3 1792.7 6.7 270 0 24.0 14.1 7.5 2.5 2 0 3 1 1
-373.3 1761.5 7.3 73 0 16.4 8.0 10.0 2.5 2 0 4 1 1
-428.1 1713.6 7.1 56 0 29.3 12.7 10.0 2.5 2 0 4 0 0
-530.6 1934.5 4.9 278 0 18.7 16.1 7.5 2.5 2 0 3 4 4
-496.3 1916.6 5.1 79 0 14.6 16.2 5.0 2.5 2 1 2 0 0
-498.3 1760.9 6.7 180 0 10.6 18.2 10.0 2.5 4 1 4 4 4
-442.8 1971.1 5.5 259 0 17.6 25.8 7.5 2.5 2 1 3 2 2
-333.2 2665.7 -5.3 127 0 14.0 13.2 5.0 2.5 2 0 2 4 4
-271.0 2378.2 1.0 83 0 13.7 13.7 2.5 2.5 2 0 1 4 4
-252.9 2286.7 2.9 124 0 14.4 12.7 10.0 2.5 2 0 4 1 1
-427.9 2251.4 3.2 251 0 12.0 7.2 2.5 2.5 2 0 1 3 3
-436.4 2226.7 3.3 151 0 8.0 11.9 5.0 2.5 2 1 2 5 5
-375.0 2361.8 2.6 249 0 12.1 10.1 7.5 2.5 2 0 3 5 5
-418.9 2373.4 1.6 254 0 12.4 11.0 7.5 2.5 2 0 3 1 1
-600.5 2910.1 -3.4 253 0 12.7 11.4 10.0 0.0 0 0 4 2 2
-674.8 3329.3 -6.9 81 0 18.3 13.7 10.0 2.5 2 0 4 0 0
-657.0 2332.0 1.9 343 0 27.0 15.9 7.5 2.5 2 0 3 1 1
-659.2 2276.2 1.5 268 0 14.9 9.1 7.5 2.5 2 0 3 0 0
-697.3 1881.2 4.3 85 0 14.7 16.0 7.5 2.5 2 1 3 1 1
-704.8 1685.1 1.5 200 0 16.9 13.6 10.0 2.5 2 0 4 5 5
-693.7 1476.1 4.2 121 0 9.9 20.3 7.5 2.5 2 1 3 3 3
-614.5 1415.6 6.5 246 0 13.6 8.7 7.5 2.5 2 0 3 3 3
-658.8 1361.1 5.4 67 0 13.8 10.5 7.5 2.5 2 0 3 1 1
-593.9 1007.1 5.7 181 0 13.6 9.6 7.5 2.5 2 0 3 1 1
-549.7 971.7 5.3 353 0 13.7 17.8 2.5 2.5 2 1 1 5 5
-541.9 946.5 5.4 345 0 11.6 20.0 2.5 2.5 2 1 1 0 0
-588.9 689.5 11.5 290 0 6.8 6.6 5.0 0.0 0 0 2 0 0
-611.4 692.8 12.2 286 0 7.3 6.4 7.5 2.5 2 0 3 5 5
-639.2 751.1 10.9 19 0 8.3 6.4 5.0 0.0 0 0 2 2 2
-642.3 843.4 7.9 269 0 11.0 7.5 2.5 2.5 4 0 1 2 2
-692.6 748.3 13.1 121 0 7.1 10.8 7.5 2.5 2 1 3 1 1
-681.1 836.5 9.8 263 0 11.8 14.7 5.0 2.5 4 1 2 3 3
-672.5 783.1 11.1 299 0 11.9 11.5 10.0 0.0 0 0 4 2 2
-657.3 617.3 14.6 292 0 13.5 6.2 5.0 2.5 2 0 2 2 2
-636.5 575.4 13.4 27 0 16.9 9.7 10.0 2.5 2 0 4 4 4
-492.0 508.7 11.2 293 0 12.6 11.8 7.5 2.5 2 0 3 3 3
-512.5 461.1 12.4 127 0 8.1 13.8 5.0 2.5 2 1 2 0 0
-444.3 501.7 9.0 100 0 9.3 40.3 12.5 2.5 2 1 5 0 0
-161.6 962.3 3.7 299 0 10.2 17.4 14.0 3.5 2 1 4 5 5
-149.4 643.0 7.3 121 0 47.3 24.4 10.5 0.0 0 0 3 0 0
-169.7 707.0 6.5 216 0 12.6 21.0 10.5 3.5 2 1 3 4 4
-121.8 708.7 7.1 195 0 7.0 13.9 10.5 3.5 2 1 3 1 1
-112.3 789.0 6.8 295 0 11.2 14.9 10.5 3.5 2 1 3 1 1
-143.7 767.9 6.5 303 0 10.5 10.4 10.5 3.5 2 0 3 0 0
-167.9 793.8 6.5 304 0 18.0 13.4 10.5 3.5 2 0 3 3 3
-198.0 756.2 6.2 114 0 12.0 15.8 10.5 3.5 2 1 3 4 4
-232.1 802.4 5.9 119 0 11.6 6.1 10.5 3.5 2 0 3 0 0
-3732.5 5562.0 -17.3 49 0 31.7 7.7 5.0 2.5 2 0 2 0 0
-2880.7 2928.1 -7.0 302 0 7.6 42.3 7.5 2.5 2 1 3 1 1
-2941.2 2827.0 -6.2 125 0 12.9 11.7 5.0 2.5 2 0 2 5 5
-2898.5 2998.8 -7.3 209 0 8.3 12.6 7.5 2.5 2 1 3 3 3
-2948.3 2850.8 -6.7 122 0 24.5 18.9 10.0 0.0 0 0 4 4 4
-2946.8 2938.4 -7.2 212 0 31.2 7.7 10.0 2.5 2 0 4 4 4
-2935.9 2903.2 -6.8 212 0 7.3 25.7 2.5 2.5 2 1 1 2 2
-2947.1 2893.9 -6.9 212 0 7.9 33.1 10.0 2.5 2 1 4 3 3
-2904.8 2882.4 -6.4 32 0 18.5 7.6 7.5 2.5 2 0 3 1 1
-2888.5 2931.1 -7.4 32 0 7.9 25.6 5.0 2.5 2 1 2 5 5
-2036.8 1221.5 -5.1 301 0 10.3 15.9 2.5 2.5 2 1 1 5 5
-200.0 1151.5 5.3 267 0 13.5 15.9 14.0 3.5 2 1 4 2 2
-213.4 1199.2 6.0 79 0 10.2 10.4 14.0 3.5 4 1 4 1 1
-954.2 2308.5 0.3 274 0 14.1 7.6 7.5 2.5 2 0 3 0 0
-4064.0 -3496.5 -1.4 29 0 6.6 7.4 5.0 2.5 4 1 2 2 2
-3633.5 -5034.0 0.4 274 0 13.8 10.2 5.0 2.5 2 0 2 1 1
-3608.6 -5074.0 0.0 113 0 7.5 8.5 5.0 2.5 2 1 2 0 0
-50.6 937.5 6.4 122 0 7.6 18.6 14.0 3.5 4 1 4 1 1
-126.2 993.9 5.0 89 0 11.1 17.7 14.0 0.0 0 1 4 5 5
-139.7 1025.3 5.3 178 0 6.9 20.2 14.0 0.0 0 1 4 3 3
-143.7 1065.0 6.0 175 0 8.0 20.2 14.0 0.0 0 1 4 1 1
-1074.9 4406.2 -13.3 86 0 6.9 6.8 5.0 2.5 2 0 2 3 3
-1693.6 4629.2 -16.0 88 0 9.4 8.4 7.5 2.5 2 0 3 1 1
-1206.0 4474.7 -11.1 88 0 6.9 6.6 7.5 2.5 2 0 3 0 0
-1117.3 4543.0 -11.3 0 0 6.8 8.2 7.5 2.5 2 1 3 3 3
-1117.7 4525.3 -11.7 0 0 7.8 9.1 10.0 2.5 4 1 4 4 4
-1105.0 4500.5 -12.3 0 0 8.0 7.8 10.0 2.5 2 0 4 3 3
-1146.3 4478.8 -12.1 89 0 23.7 15.3 10.0 2.5 4 0 4 0 0
-1058.4 4724.4 -12.1 87 0 6.9 12.8 7.5 2.5 2 1 3 3 3
-1029.3 4648.1 -10.9 90 0 8.8 7.8 5.0 2.5 2 0 2 1 1
-3956.8 6035.8 -15.6 115 0 7.5 16.8 7.5 2.5 2 1 3 1 1
-5018.6 4397.8 -14.9 138 0 9.3 15.2 5.0 2.5 4 1 2 4 4
-4850.1 4532.9 -15.8 305 0 10.5 11.8 2.5 2.5 2 1 1 3 3
-4838.4 4473.4 -16.6 42 0 7.7 19.7 7.5 2.5 2 1 3 1 1
-4860.8 4479.1 -16.0 43 0 9.2 9.3 7.5 2.5 2 1 3 3 3
-4512.7 4880.4 -14.0 313 0 15.3 8.8 7.5 2.5 2 0 3 2 2
-4549.1 4908.5 -13.2 224 0 14.5 10.2 5.0 2.5 2 0 2 1 1
-4504.9 4971.4 -13.5 26 0 13.2 7.5 7.5 2.5 2 0 3 3 3
-4373.7 5214.1 -14.8 43 0 10.7 9.1 10.0 2.5 2 0 4 5 5
-4961.3 4396.2 -16.0 132 0 8.1 13.8 5.0 2.5 2 1 2 1 1
-4921.1 4413.1 -16.8 316 0 8.4 13.6 2.5 2.5 2 1 1 5 5
-4509.9 5263.1 -16.4 32 0 9.2 8.7 5.0 2.5 2 0 2 2 2
-4317.1 5188.9 -15.0 112 0 8.2 9.8 7.5 2.5 2 1 3 2 2
-4256.9 5232.3 -16.0 39 0 13.3 10.2 5.0 2.5 2 0 2 1 1
-4078.1 5295.8 -16.0 35 0 7.5 9.3 7.5 2.5 2 1 3 2 2
-4082.9 5284.9 -16.7 43 0 13.9 7.2 2.5 2.5 2 0 1 1 1
-4108.5 5260.2 -18.4 38 0 10.2 9.1 7.5 2.5 2 0 3 0 0
-3779.7 5550.5 -16.2 50 0 6.4 10.7 7.5 2.5 2 1 3 5 5
-3690.2 5748.9 -16.2 205 0 8.6 10.5 5.0 2.5 2 1 2 4 4
-3645.4 5736.7 -16.1 312 0 10.3 9.0 7.5 2.5 2 0 3 0 0
-3673.8 5707.7 -15.9 127 0 10.2 13.5 7.5 2.5 2 1 3 2 2
-3624.5 5674.4 -16.9 50 0 10.4 14.6 5.0 2.5 2 1 2 1 1
-3538.5 5796.2 -17.7 41 0 7.2 15.0 7.5 2.5 2 1 3 0 0
-5179.8 4513.4 -17.2 316 0 8.2 9.7 7.5 2.5 2 1 3 3 3
-5165.0 4469.7 -16.8 38 0 7.3 9.5 7.5 2.5 2 1 3 3 3
-710.5 18.4 12.4 121 0 13.9 9.5 5.0 2.5 2 0 2 3 3
-630.9 316.0 14.3 117 0 11.9 11.9 5.0 2.5 2 1 2 1 1
-607.4 387.1 13.7 297 0 17.0 12.5 5.0 2.5 2 0 2 2 2
-595.2 401.7 13.7 297 0 16.0 11.7 10.0 2.5 2 0 4 1 1
-622.1 891.7 7.6 75 0 12.7 7.0 7.5 2.5 2 0 3 2 2
-521.3 1237.7 2.9 115 0 6.8 8.3 7.5 2.5 2 1 3 4 4
-713.1 1086.6 7.6 224 0 12.5 13.6 5.0 2.5 2 1 2 1 1
-511.1 1292.9 3.3 196 0 7.7 6.3 7.5 2.5 2 0 3 5 5
-524.2 1022.9 4.0 196 0 8.7 15.3 14.0 3.5 4 1 4 4 4
-529.5 964.4 4.8 178 0 7.4 6.6 14.0 3.5 4 0 4 1 1
-482.7 969.3 4.1 1 0 6.3 12.0 14.0 3.5 2 1 4 4 4
-485.7 975.9 4.0 0 0 6.4 6.2 14.0 3.5 2 0 4 4 4
-523.9 946.2 5.0 180 0 10.5 17.7 14.0 3.5 2 1 4 1 1
-479.5 944.4 5.1 92 0 15.0 9.4 14.0 3.5 2 0 4 0 0
-433.0 804.5 5.5 109 0 13.6 11.2 14.0 3.5 2 0 4 3 3
-491.0 842.9 6.1 211 0 7.7 15.3 14.0 3.5 4 1 4 4 4
-491.3 901.5 6.5 200 0 11.1 17.2 14.0 3.5 4 1 4 3 3
-471.1 890.0 6.4 225 0 9.3 15.5 14.0 0.0 0 1 4 1 1
-449.7 903.7 5.4 226 0 7.8 15.5 14.0 3.5 2 1 4 4 4
-367.9 834.0 3.7 26 0 11.9 17.5 14.0 0.0 0 1 4 3 3
-379.7 885.9 3.1 325 0 14.6 14.5 14.0 3.5 2 0 4 3 3
-401.3 876.7 3.7 310 0 12.7 16.1 14.0 3.5 2 1 4 2 2
-371.0 934.8 2.3 57 0 9.8 19.7 10.5 3.5 2 1 3 0 0
-443.5 1045.6 3.0 202 0 7.5 12.3 10.5 3.5 2 1 3 5 5
-426.0 1078.0 3.0 207 0 10.7 16.6 10.5 3.5 2 1 3 3 3
-1.7 1260.3 11.6 48 0 8.0 8.3 2.5 0.0 0 1 1 5 5
-82.6 959.4 6.1 107 0 7.4 12.3 14.0 3.5 2 1 4 1 1
7.5 892.4 7.3 293 0 12.6 7.7 14.0 3.5 2 0 4 1 1
60.8 812.7 9.0 108 0 8.1 37.6 14.0 3.5 4 1 4 2 2
63.2 862.5 8.5 288 0 33.9 10.6 14.0 3.5 2 0 4 3 3
36.5 871.3 8.1 293 0 13.3 9.0 14.0 3.5 2 0 4 4 4
-40.5 710.5 8.0 296 0 37.0 10.8 10.5 3.5 2 0 3 1 1
-61.5 767.9 7.4 313 0 21.5 9.9 10.5 0.0 0 0 3 4 4
-57.6 751.5 7.7 301 0 7.0 42.5 10.5 3.5 2 1 3 1 1
-82.1 712.9 7.6 299 0 10.2 29.5 10.5 0.0 0 1 3 4 4
-108.8 667.3 7.6 127 0 7.8 22.6 10.5 0.0 0 1 3 0 0
-85.9 639.3 7.7 35 0 7.6 32.8 10.5 0.0 0 1 3 3 3
-69.7 625.6 8.8 125 0 32.1 8.2 10.5 3.5 2 0 3 0 0
-24.9 593.6 11.1 37 0 10.8 7.3 10.5 3.5 2 0 3 0 0
15.8 711.4 12.5 297 0 11.1 79.7 10.5 3.5 2 1 3 3 3
193.4 846.8 12.2 44 0 8.9 13.1 5.0 2.5 2 1 2 5 5
-502.4 3937.8 -10.0 94 0 10.4 19.1 5.0 2.5 2 1 2 4 4
-528.6 3413.7 -7.3 95 0 13.8 13.3 7.5 2.5 2 0 3 0 0
-622.6 3150.7 -5.1 106 0 14.2 14.4 2.5 2.5 2 1 1 3 3
-572.7 1925.7 4.5 178 0 12.4 18.8 2.5 2.5 2 1 1 4 4
-684.1 1626.6 1.2 47 0 6.0 42.1 10.0 2.5 2 1 4 3 3
-643.6 1682.6 2.6 91 0 9.1 10.6 7.5 0.0 0 1 3 3 3
-356.2 1162.3 4.8 200 0 13.3 18.3 14.0 3.5 2 1 4 5 5
-310.8 1126.1 4.2 282 0 8.4 10.4 14.0 3.5 2 1 4 0 0
-350.7 1280.7 7.7 330 0 6.3 9.8 7.5 0.0 0 1 3 3 3
-492.7 1357.9 3.9 265 0 11.2 10.9 5.0 2.5 2 0 2 3 3
-463.0 1508.0 6.6 348 0 9.9 7.8 2.5 2.5 4 0 1 1 1
-459.0 1488.7 6.4 0 0 6.8 8.5 10.0 2.5 2 1 4 0 0
-499.3 1481.2 5.7 178 0 8.8 14.2 7.5 2.5 2 1 3 4 4
-415.1 1540.4 6.9 352 0 10.7 16.5 7.5 2.5 2 1 3 0 0
-446.7 1564.2 6.6 251 0 12.0 13.7 7.5 2.5 2 1 3 5 5
233.9 1091.2 11.1 292 0 13.8 10.4 14.0 3.5 2 0 4 5 5
114.5 1087.6 11.2 133 0 11.7 9.0 14.0 3.5 2 0 4 3 3
190.5 1080.3 11.6 127 0 10.4 8.6 14.0 3.5 2 0 4 1 1
162.6 1104.2 11.3 213 0 7.1 7.5 14.0 3.5 2 1 4 1 1
207.5 1106.6 11.1 296 0 11.0 8.0 14.0 3.5 2 0 4 2 2
56.7 934.4 7.6 321 0 6.6 16.5 10.5 0.0 0 1 3 2 2
57.1 969.7 8.4 217 0 15.3 10.1 10.5 3.5 2 0 3 1 1
-25.3 1035.6 9.4 21 0 8.2 12.7 2.5 2.5 2 1 1 5 5
-112.9 1190.8 8.6 137 0 6.8 12.9 14.0 3.5 2 1 4 0 0
-172.7 1236.8 6.9 76 0 14.3 11.5 14.0 3.5 2 0 4 0 0
-185.6 1267.4 6.9 255 0 19.4 9.5 14.0 0.0 0 0 4 3 3
-313.3 1785.5 7.1 180 0 10.9 14.8 5.0 2.5 2 1 2 5 5
-281.5 1751.8 7.5 351 0 18.0 16.2 10.0 0.0 0 0 4 2 2
-237.6 1539.6 8.6 77 0 9.6 6.6 7.5 2.5 4 0 3 1 1
-215.9 1460.2 10.0 72 0 13.8 12.7 7.5 2.5 4 0 3 5 5
-277.2 1341.0 7.8 156 0 6.5 18.1 5.0 2.5 2 1 2 3 3
-74.8 889.9 6.1 206 0 10.3 17.3 14.0 3.5 2 1 4 4 4
-233.4 3658.3 -9.1 102 0 13.8 9.6 7.5 2.5 2 0 3 5 5
-280.6 3268.3 -4.1 196 0 7.6 29.8 5.0 2.5 2 1 2 4 4
-246.5 3341.0 -5.3 290 0 30.6 7.8 7.5 2.5 4 0 3 0 0
-532.6 20.7 10.5 29 0 22.6 14.4 7.5 2.5 2 0 3 3 3
-474.2 2545.0 -7.9 255 0 47.6 50.8 10.0 0.0 0 1 4 3 3
-374.7 2045.1 5.1 209 0 8.4 14.8 2.5 2.5 4 1 1 1 1
-265.8 2106.7 4.7 105 0 12.3 10.4 10.0 2.5 2 0 4 5 5
-268.1 1934.1 2.1 298 0 8.8 10.0 10.0 2.5 4 1 4 3 3
-308.2 1958.5 3.1 298 0 14.0 24.0 5.0 2.5 2 1 2 1 1
-365.2 1953.7 4.5 255 0 14.9 18.3 7.5 2.5 2 1 3 2 2
-392.2 1789.9 7.1 289 0 15.0 14.6 2.5 0.0 0 0 1 5 5
-361.3 1697.9 7.3 251 0 15.5 13.0 7.5 2.5 2 0 3 3 3
-276.1 1414.8 8.7 259 0 11.4 11.1 5.0 2.5 2 0 2 5 5
-470.7 541.4 9.1 107 0 13.0 12.3 7.5 2.5 2 0 3 5 5
-498.2 560.8 9.7 120 0 11.1 12.3 7.5 2.5 2 1 3 0 0
-471.4 591.6 9.0 289 0 7.2 8.1 5.0 2.5 2 1 2 5 5
-375.3 554.2 8.0 27 0 13.8 12.3 7.5 2.5 2 0 3 0 0
-355.8 653.3 5.0 97 0 6.9 9.5 10.0 2.5 2 1 4 3 3
-342.8 625.9 5.1 93 0 8.3 36.0 10.0 0.0 0 1 4 5 5
-582.2 295.7 14.0 329 0 13.9 6.2 10.0 2.5 2 0 4 2 2
-510.8 326.6 13.3 303 0 18.9 13.6 7.5 2.5 2 0 3 4 4
-246.0 44.7 8.2 118 0 6.4 7.0 10.0 2.5 2 1 4 0 0
-235.4 -44.3 11.4 213 0 7.7 12.9 2.5 2.5 4 1 1 2 2
-332.5 86.4 9.1 112 0 13.0 8.6 7.5 2.5 4 0 3 3 3
-496.8 264.6 13.7 124 0 7.1 8.5 7.5 2.5 2 1 3 2 2
-424.8 265.7 12.6 27 0 10.5 13.1 2.5 2.5 2 1 1 5 5
-350.5 278.8 9.6 296 0 15.5 12.1 5.0 2.5 2 0 2 4 4
-418.0 324.4 12.5 293 0 12.9 12.8 5.0 2.5 2 0 2 4 4
-397.7 423.6 10.7 127 0 13.8 10.3 10.0 2.5 2 0 4 4 4
-342.8 494.6 9.0 298 0 15.3 13.3 5.0 2.5 2 0 2 1 1
-178.7 192.4 7.6 279 0 6.3 11.0 7.5 2.5 2 1 3 5 5
-242.6 232.9 7.4 265 0 9.4 18.1 5.0 2.5 4 1 2 0 0
-230.9 194.3 7.6 177 0 18.4 15.8 10.0 2.5 2 0 4 4 4
-236.4 166.2 7.5 179 0 37.4 30.8 12.5 0.0 0 0 5 2 2
-79.6 581.3 8.9 205 0 8.4 11.5 10.5 3.5 2 1 3 5 5
-3377.8 -4871.3 -1.7 299 0 15.7 13.5 5.0 2.5 2 0 2 0 0
-3389.1 -4850.6 -2.0 305 0 38.0 11.2 7.5 2.5 2 0 3 4 4
-3413.3 -4830.3 -2.2 301 0 15.7 15.7 7.5 2.5 2 1 3 5 5
-3376.1 -4811.0 -3.2 111 0 17.1 13.5 5.0 2.5 2 0 2 2 2
-3344.4 -4865.7 -2.1 297 0 25.4 12.2 12.5 0.0 0 0 5 0 0
-3338.1 -4848.2 -3.0 117 0 16.6 28.3 7.5 2.5 2 1 3 0 0
-3280.1 -4771.4 -3.4 290 0 13.7 15.0 5.0 0.0 0 1 2 3 3
-3605.8 -4889.8 -0.4 294 0 12.5 12.3 7.5 2.5 2 0 3 2 2
-3427.5 -4326.4 -2.9 106 0 14.5 9.8 7.5 2.5 2 0 3 3 3
-3245.0 -4373.4 -1.7 286 0 8.8 12.7 7.5 2.5 4 1 3 4 4
-3184.9 -4438.9 -1.5 106 0 16.1 17.6 10.0 2.5 2 1 4 0 0
-3387.0 -4629.6 -4.3 96 0 16.4 18.4 12.5 2.5 2 1 5 2 2
-6683.2 -1774.9 -10.1 118 0 9.9 12.4 7.5 2.5 2 1 3 2 2
652.7 1046.7 15.8 120 0 7.9 6.3 10.0 2.5 2 0 4 1 1
-3101.4 6815.8 -14.8 35 0 13.0 7.7 7.5 2.5 2 0 3 5 5
-3125.7 6763.7 -14.8 226 0 14.5 9.6 10.0 2.5 2 0 4 4 4
-3160.9 6782.9 -14.8 319 0 13.2 10.2 5.0 0.0 0 0 2 5 5
-3202.8 6673.8 -17.1 38 0 6.9 14.0 7.5 2.5 2 1 3 0 0
-4256.1 5844.2 -19.3 223 0 8.0 16.0 7.5 2.5 2 1 3 4 4
-3953.0 5884.1 -14.8 124 0 9.5 12.4 7.5 2.5 2 1 3 5 5
-3929.2 5868.3 -14.5 127 0 11.4 13.7 7.5 2.5 2 1 3 1 1
-3874.9 5823.0 -13.2 299 0 8.7 13.4 10.0 0.0 0 1 4 1 1
-4457.1 5132.9 -15.7 38 0 9.6 9.9 7.5 2.5 2 1 3 2 2
-4760.5 4695.6 -15.4 134 0 7.6 13.1 7.5 2.5 2 1 3 1 1
-4916.4 4475.1 -15.9 146 0 6.0 14.0 7.5 2.5 2 1 3 4 4
-4292.3 5065.5 -16.9 308 0 9.3 11.0 7.5 2.5 4 1 3 0 0
-4288.8 4983.6 -19.3 215 0 8.9 10.4 7.5 2.5 4 1 3 5 5
-4395.1 4878.6 -16.6 216 0 10.2 10.8 7.5 2.5 4 1 3 3 3
-4006.3 5699.0 -17.3 128 0 6.4 11.6 5.0 2.5 4 1 2 5 5
-5145.4 4614.0 -17.2 43 0 9.5 7.1 10.0 2.5 2 0 4 4 4
-5036.8 4627.0 -16.2 133 0 7.4 10.4 5.0 2.5 2 1 2 5 5
-4773.7 4615.1 -17.5 223 0 10.9 8.3 5.0 2.5 2 0 2 1 1
-4659.7 4907.3 -16.2 308 0 11.9 7.1 5.0 2.5 2 0 2 5 5
-4652.0 4986.9 -17.5 39 0 9.2 6.8 2.5 2.5 2 0 1 1 1
-4698.6 4953.9 -18.1 132 0 9.3 10.7 7.5 2.5 2 1 3 2 2
-4554.1 4873.0 -13.7 132 0 11.9 10.3 10.0 2.5 2 0 4 2 2
-4360.5 4972.3 -15.2 23 0 7.2 9.7 7.5 2.5 2 1 3 2 2
-4481.4 5099.9 -16.9 52 0 11.3 8.0 7.5 2.5 2 0 3 4 4
-4353.0 5279.2 -17.4 43 0 9.8 6.6 7.5 2.5 2 0 3 5 5
-3157.3 -5128.5 -1.2 101 0 8.2 9.0 2.5 0.0 0 1 1 3 3
-2987.7 -4971.8 -1.3 297 0 9.2 9.2 7.5 2.5 2 1 3 2 2
-3051.1 -4946.0 -1.5 292 0 10.4 8.9 7.5 2.5 2 0 3 0 0
-3052.7 -5221.0 -1.8 115 0 9.1 9.1 7.5 2.5 4 1 3 0 0
-3124.4 -5059.3 -1.3 106 0 10.5 11.7 7.5 2.5 2 1 3 2 2
-3126.8 -5132.9 -1.7 107 0 9.7 9.2 5.0 2.5 2 0 2 2 2
-2504.3 -4871.4 4.7 121 0 10.5 9.2 2.5 2.5 2 0 1 3 3
-2607.3 -4709.0 2.5 209 0 11.5 8.5 10.0 2.5 2 0 4 3 3
-2592.0 -4714.4 2.4 300 0 7.3 7.1 7.5 2.5 2 0 3 4 4
-2608.8 -4870.4 3.0 123 0 6.6 8.7 5.0 2.5 2 1 2 4 4
-2552.5 -5009.4 6.5 119 0 7.8 7.4 5.0 2.5 2 0 2 0 0
-2482.7 -4955.4 7.0 121 0 6.3 9.9 7.5 2.5 2 1 3 3 3
-2648.8 -5237.1 7.4 52 0 9.4 6.3 10.0 2.5 2 0 4 5 5
-2697.1 -5185.5 7.0 285 0 9.5 13.7 7.5 2.5 2 1 3 4 4
-2725.6 -5087.7 5.1 27 0 8.6 6.2 5.0 2.5 2 0 2 5 5
-2939.1 -5092.3 -1.4 109 0 12.4 10.9 5.0 2.5 2 0 2 4 4
-3193.4 -5106.2 -0.2 200 0 9.4 6.9 7.5 0.0 0 0 3 2 2
-3209.2 -5183.9 -0.2 289 0 8.8 11.2 7.5 0.0 0 1 3 3 3
-3419.2 -5235.5 -4.2 285 0 17.7 12.5 7.5 0.0 0 0 3 4 4
-3394.4 -5178.0 -2.7 110 0 19.9 19.7 15.0 0.0 0 0 6 2 2
-3360.1 -5056.0 -0.5 114 0 9.7 13.2 7.5 2.5 2 1 3 5 5
-3263.5 -5073.7 0.0 17 0 12.3 9.7 10.0 2.5 2 0 4 5 5
-3223.9 -4990.8 -0.4 14 0 11.2 8.4 5.0 0.0 0 0 2 0 0
-3242.2 -5031.9 0.6 28 0 10.7 10.6 7.5 2.5 2 0 3 1 1
-3283.8 -5016.0 -0.1 197 0 9.2 8.4 7.5 2.5 2 0 3 3 3
-3433.7 -4742.7 -3.6 209 0 15.1 37.0 10.0 2.5 2 1 4 0 0
-3621.8 -4970.8 -0.1 112 0 18.3 14.3 10.0 2.5 2 0 4 0 0
-3578.8 -4965.4 0.4 288 0 15.8 12.7 10.0 2.5 2 0 4 3 3
-4328.3 -4892.8 -5.5 114 0 7.4 12.5 2.5 2.5 2 1 1 1 1
-4512.0 -4725.2 -7.8 107 0 13.9 7.1 7.5 2.5 2 0 3 2 2
-4310.1 -4704.9 -6.1 110 0 10.4 8.5 7.5 2.5 2 0 3 0 0
-4264.3 -4718.9 -6.5 118 0 9.4 13.7 5.0 2.5 2 1 2 0 0
-4327.0 -4739.5 -5.5 291 0 16.1 16.0 10.0 2.5 2 0 4 1 1
-4945.6 -5357.4 -10.6 202 0 11.8 9.3 7.5 2.5 2 0 3 2 2
-4993.6 -5522.7 -10.8 111 0 9.5 8.2 5.0 2.5 2 0 2 0 0
-4978.7 -5475.7 -11.2 198 0 7.1 7.4 7.5 2.5 2 1 3 5 5
-4976.2 -5454.8 -11.0 201 0 7.9 9.0 10.0 2.5 2 1 4 1 1
-4956.8 -5394.6 -10.8 201 0 9.3 9.7 2.5 2.5 2 1 1 3 3
-4944.8 -5545.4 -9.5 15 0 7.3 11.3 5.0 2.5 2 1 2 1 1
-4939.4 -5517.0 -10.8 14 0 9.0 9.4 7.5 0.0 0 1 3 1 1
-4930.9 -5491.0 -11.0 22 0 8.3 9.0 10.0 2.5 2 1 4 4 4
-4924.1 -5459.7 -11.2 18 0 7.6 8.9 7.5 0.0 0 1 3 5 5
-4914.9 -5424.5 -11.4 15 0 8.4 8.1 7.5 2.5 2 0 3 0 0
-4904.3 -5394.0 -11.6 14 0 8.5 9.7 7.5 2.5 2 1 3 2 2
-4877.8 -5566.9 -8.8 19 0 7.5 8.3 7.5 2.5 2 1 3 3 3
-4857.7 -5503.6 -10.3 13 0 6.5 9.0 5.0 2.5 2 1 2 5 5
-2544.5 -2192.7 -6.2 19 0 8.1 6.2 5.0 2.5 2 0 2 4 4
-2601.0 -2221.0 -6.0 21 0 7.3 6.6 5.0 2.5 2 0 2 1 1
-2697.4 -2335.8 -6.6 127 0 9.4 8.8 7.5 0.0 0 0 3 3 3
-2800.1 -2443.2 -4.8 31 0 6.9 6.1 5.0 2.5 2 0 2 2 2
-2774.1 -2356.4 -5.4 128 0 8.1 8.2 7.5 0.0 0 1 3 3 3
-2884.9 -2784.8 -3.2 43 0 8.3 11.6 10.0 2.5 2 1 4 3 3
-2910.4 -2764.9 -4.1 213 0 13.0 6.5 7.5 2.5 2 0 3 5 5
-2891.6 -2723.5 -2.9 201 0 15.7 9.9 5.0 2.5 2 0 2 5 5
-2882.9 -2703.1 -2.4 210 0 14.2 10.3 7.5 0.0 0 0 3 0 0
-2856.9 -2678.5 -1.5 305 0 8.5 10.4 7.5 2.5 2 1 3 2 2
-2850.1 -2595.2 -3.1 302 0 9.8 7.9 5.0 2.5 2 0 2 1 1
-2974.6 -2590.7 -5.0 103 0 8.3 6.4 7.5 2.5 2 0 3 0 0
-2997.3 -2421.9 -5.6 33 0 11.5 7.2 7.5 0.0 0 0 3 0 0
-3050.8 -2404.3 -5.9 215 0 9.6 12.2 5.0 2.5 2 1 2 1 1
-2913.8 -2644.9 -4.2 120 0 8.4 8.2 10.0 2.5 2 0 4 4 4
356.4 2851.9 -0.2 103 0 14.5 11.2 5.0 2.5 2 0 2 5 5
-2734.6 -617.4 7.4 124 0 6.2 6.4 7.5 2.5 2 1 3 2 2
-2622.0 -683.9 7.6 203 0 6.7 6.1 7.5 2.5 2 0 3 3 3
-5652.4 3779.9 -17.6 52 0 7.7 9.9 2.5 2.5 2 1 1 4 4
-5642.9 3874.0 -15.9 221 0 9.3 7.3 5.0 2.5 2 0 2 2 2
-5594.3 3842.0 -16.3 44 0 9.9 8.5 2.5 2.5 2 0 1 5 5
-5560.7 3879.1 -15.8 47 0 9.2 12.0 7.5 2.5 2 1 3 5 5
-5547.7 3901.5 -15.4 323 0 7.6 6.9 7.5 2.5 4 0 3 2 2
-5556.5 3925.8 -15.2 319 0 12.4 9.3 5.0 2.5 2 0 2 3 3
-6300.4 3292.2 -15.0 318 0 9.0 10.6 2.5 2.5 2 1 1 4 4
-6189.6 3352.6 -14.7 222 0 9.1 7.4 5.0 2.5 4 0 2 5 5
-6102.4 3439.7 -14.1 260 0 6.6 6.1 2.5 2.5 2 0 1 5 5
-6084.9 3453.9 -14.1 238 0 10.0 8.6 7.5 2.5 4 0 3 4 4
-6241.8 3702.4 -19.5 324 0 6.1 12.5 2.5 2.5 2 1 1 4 4
-6249.7 3643.5 -18.4 50 0 8.2 15.2 7.5 2.5 2 1 3 3 3
-5813.7 3942.9 -19.1 227 0 7.4 8.4 7.5 0.0 0 1 3 3 3
-5528.7 3918.4 -15.6 140 0 11.0 10.9 7.5 2.5 2 0 3 2 2
-5546.7 3944.0 -15.1 134 0 9.8 7.1 5.0 2.5 2 0 2 4 4
-5599.7 4007.2 -16.9 220 0 9.0 7.2 7.5 2.5 2 0 3 1 1
-5653.5 4006.3 -17.3 305 0 6.9 18.0 10.0 2.5 2 1 4 2 2
-5679.2 4094.2 -18.0 132 0 10.9 10.2 5.0 2.5 2 0 2 1 1
-5519.1 4302.2 -17.2 132 0 7.8 8.2 7.5 2.5 2 1 3 2 2
-5509.5 4241.8 -17.7 314 0 8.1 9.2 7.5 2.5 2 1 3 1 1
-5507.9 4224.0 -18.0 313 0 8.2 10.6 5.0 2.5 2 1 2 3 3
-5525.9 4236.6 -17.9 313 0 9.9 7.5 7.5 2.5 2 0 3 2 2
-5539.7 4164.5 -17.6 139 0 8.6 9.7 10.0 2.5 2 1 4 2 2
-5528.7 4263.1 -17.5 318 0 7.4 9.3 2.5 2.5 2 1 1 0 0
-5608.1 4208.8 -18.6 226 0 10.1 7.5 7.5 2.5 2 0 3 1 1
-6371.8 3196.1 -16.0 224 0 9.7 8.5 10.0 2.5 2 0 4 2 2
-6340.9 3169.8 -16.4 48 0 9.0 7.9 7.5 2.5 2 0 3 2 2
-6374.7 3142.9 -16.4 43 0 8.4 7.5 2.5 2.5 2 0 1 3 3
-6405.9 3114.4 -17.3 135 0 7.4 9.6 7.5 2.5 2 1 3 1 1
-6311.1 3191.8 -16.5 50 0 6.6 8.3 7.5 2.5 2 1 3 4 4
-6283.5 3216.1 -16.4 46 0 9.0 8.0 7.5 2.5 2 0 3 1 1
-6271.5 3237.9 -16.2 52 0 9.5 8.6 7.5 2.5 2 0 3 5 5
-6249.5 3244.0 -16.2 47 0 8.8 8.0 2.5 0.0 0 0 1 4 4
-6030.9 3476.8 -14.3 137 0 8.1 7.7 7.5 2.5 2 0 3 2 2
-6008.7 3482.6 -14.4 42 0 11.3 12.3 5.0 2.5 2 1 2 1 1
-5927.0 3524.7 -15.6 50 0 9.6 8.8 7.5 2.5 2 0 3 1 1
-5837.5 3669.8 -15.7 307 0 7.1 11.7 7.5 2.5 2 1 3 5 5
-5897.9 3626.4 -15.5 217 0 9.4 7.0 2.5 2.5 2 0 1 5 5
-5884.4 3609.0 -16.2 133 0 8.2 7.8 10.0 2.5 2 0 4 5 5
-5842.3 3619.7 -17.1 53 0 8.4 8.6 7.5 2.5 2 1 3 1 1
-5775.9 3656.6 -16.7 52 0 10.1 7.6 10.0 0.0 0 0 4 1 1
-5758.4 3677.3 -17.0 48 0 9.6 7.3 5.0 2.5 2 0 2 1 1
-5732.3 3718.8 -17.4 49 0 9.5 7.7 5.0 2.5 2 0 2 0 0
-5726.4 3786.9 -18.7 135 0 8.3 7.2 5.0 2.5 2 0 2 0 0
-5707.6 3762.4 -17.8 48 0 8.9 7.0 7.5 2.5 2 0 3 2 2
-6103.7 -943.7 -13.6 110 0 8.6 14.7 2.5 2.5 2 1 1 4 4
-6178.1 -1132.1 -12.3 32 0 6.4 6.6 7.5 2.5 2 1 3 1 1
-6252.5 -1391.8 -13.2 275 0 8.2 11.4 5.0 2.5 4 1 2 3 3
-6280.4 -1440.1 -13.3 203 0 9.6 8.4 7.5 2.5 2 0 3 2 2
-6283.8 -1506.4 -11.8 15 0 9.8 9.0 10.0 2.5 2 0 4 2 2
-6362.6 -1560.1 -9.7 109 0 8.7 12.7 7.5 2.5 2 1 3 1 1
-6559.5 -1640.6 -13.5 101 0 11.1 8.5 10.0 2.5 2 0 4 1 1
-6399.5 -1157.5 -13.9 280 0 9.3 12.0 7.5 2.5 2 1 3 4 4
-6415.9 -1062.0 -13.9 200 0 8.9 9.0 7.5 2.5 2 1 3 5 5
-6337.7 -866.3 -14.0 13 0 12.4 11.2 7.5 2.5 2 0 3 0 0
-6246.1 -725.9 -16.0 293 0 7.9 10.7 10.0 2.5 2 1 4 5 5
-6207.6 -677.7 -15.0 110 0 7.0 10.2 7.5 2.5 2 1 3 2 2
-6211.9 -522.6 -14.3 107 0 9.5 9.9 7.5 2.5 2 1 3 2 2
-6364.7 -738.7 -14.0 25 0 8.0 11.1 7.5 2.5 2 1 3 1 1
-6552.1 -1234.5 -15.1 22 0 9.5 9.4 5.0 2.5 2 0 2 2 2
-6561.9 -1253.6 -15.0 20 0 8.1 11.0 7.5 2.5 2 1 3 3 3
-6621.0 -1397.2 -14.5 23 0 9.9 11.5 5.0 2.5 2 1 2 4 4
-6687.8 -1572.5 -15.0 8 0 9.5 8.6 5.0 2.5 2 0 2 1 1
-6789.5 -1554.2 -16.1 114 0 10.0 9.3 5.0 2.5 2 0 2 4 4
-6835.0 -1509.2 -15.7 196 0 8.6 14.6 7.5 2.5 2 1 3 2 2
-6883.2 -1238.9 -16.3 16 0 9.3 8.6 7.5 2.5 2 0 3 0 0
-6760.2 -932.9 -14.5 15 0 9.1 8.0 10.0 2.5 2 0 4 0 0
-6723.7 -794.4 -13.8 211 0 8.5 10.3 5.0 0.0 0 1 2 3 3
-6683.1 -572.9 -13.3 22 0 9.8 10.9 5.0 2.5 2 1 2 3 3
-6757.7 -780.3 -14.9 22 0 10.1 12.0 7.5 2.5 2 1 3 1 1
-6770.7 -724.4 -15.2 294 0 10.1 12.8 5.0 0.0 0 1 2 3 3
-6827.1 -832.7 -15.6 23 0 8.5 11.5 5.0 2.5 2 1 2 2 2
-6884.6 -1079.7 -16.5 20 0 8.7 8.1 5.0 2.5 2 0 2 1 1
-5802.4 -2272.6 -12.3 19 0 8.2 10.7 10.0 2.5 2 1 4 0 0
-5841.2 -2325.5 -12.4 194 0 11.9 8.4 7.5 2.5 4 0 3 5 5
-5844.1 -2358.2 -12.5 11 0 12.2 8.2 5.0 2.5 4 0 2 4 4
-5817.7 -2786.3 -14.4 108 0 10.2 9.7 7.5 0.0 0 0 3 4 4
-5582.2 -1735.7 -10.6 28 0 8.0 10.7 7.5 2.5 2 1 3 2 2
-5674.8 -1927.8 -9.0 24 0 8.9 8.1 5.0 2.5 2 0 2 5 5
-5745.5 -1970.8 -10.8 114 0 10.4 9.1 10.0 2.5 2 0 4 5 5
-5886.5 -1904.7 -12.9 106 0 14.1 10.0 5.0 2.5 2 0 2 2 2
-6352.3 -1799.9 -13.7 176 0 13.0 6.5 7.5 2.5 2 0 3 3 3
-6119.9 -1875.4 -12.1 28 0 9.7 11.1 7.5 2.5 2 1 3 2 2
-6046.3 -1903.2 -12.5 23 0 10.0 10.0 10.0 2.5 2 0 4 4 4
-6016.1 -1844.7 -12.7 21 0 12.3 8.5 5.0 2.5 2 0 2 5 5
-6183.1 -1781.5 -12.1 104 0 10.4 15.5 2.5 2.5 2 1 1 1 1
-6179.0 -1416.1 -13.0 293 0 9.6 8.3 5.0 2.5 2 0 2 4 4
-6127.5 -1301.1 -12.4 26 0 8.1 12.8 7.5 2.5 2 1 3 5 5
-6109.7 -1237.4 -12.4 15 0 8.8 11.0 7.5 2.5 4 1 3 3 3
-6108.7 -1186.1 -13.6 204 0 7.8 10.6 5.0 2.5 2 1 2 2 2
-6030.0 -1003.1 -11.1 22 0 8.6 6.1 7.5 2.5 2 0 3 5 5
-5890.5 -581.5 -11.9 202 0 33.7 19.9 7.5 0.0 0 0 3 0 0
-5832.1 -443.3 -8.1 255 0 12.5 20.8 7.5 2.5 2 1 3 5 5
-5861.1 -437.4 -11.0 23 0 17.7 11.0 7.5 2.5 2 0 3 3 3
-5615.3 -4897.7 -9.6 23 0 8.1 8.2 2.5 2.5 2 1 1 0 0
-5600.9 -4642.1 -9.7 119 0 10.0 7.6 2.5 0.0 0 0 1 1 1
-5772.4 -4749.0 -7.0 115 0 9.3 10.3 7.5 2.5 2 1 3 5 5
-5818.1 -4743.9 -6.0 117 0 12.0 8.7 5.0 2.5 2 0 2 4 4
-5849.1 -2513.6 -12.0 200 0 13.3 9.1 7.5 2.5 2 0 3 0 0
-5785.6 -2385.5 -12.6 291 0 6.0 12.7 7.5 2.5 2 1 3 2 2
-5873.6 -1982.6 -13.0 17 0 10.8 8.3 2.5 2.5 2 0 1 0 0
-6110.6 -2202.1 -12.7 111 0 10.0 8.5 5.0 0.0 0 0 2 3 3
-6129.2 -2601.8 -14.5 288 0 11.3 9.4 10.0 2.5 2 0 4 4 4
-6250.4 -2549.6 -13.1 201 0 7.3 9.1 5.0 2.5 2 1 2 1 1
-6176.6 -2417.2 -12.5 289 0 9.8 14.1 7.5 2.5 2 1 3 3 3
-6235.3 -2407.7 -11.8 19 0 8.2 10.3 2.5 2.5 2 1 1 2 2
-6715.2 -2752.5 -14.6 197 0 7.4 9.6 7.5 2.5 2 1 3 0 0
-6752.3 -2968.1 -10.6 22 0 8.4 10.5 7.5 2.5 2 1 3 2 2
-6817.0 -1859.2 -12.0 272 0 9.8 8.0 10.0 0.0 0 0 4 0 0
-6851.7 -1572.5 -15.5 290 0 10.8 9.6 5.0 2.5 2 0 2 4 4
