6914.2 1809.1 -1.6 264 0 11.6 19.4 7.5 2.5 2 0 3 4 4
6895.6 1741.2 -1.6 74 0 9.7 31.9 7.5 2.5 2 0 3 1 1
6810.6 1677.9 -1.6 81 0 9.1 12.6 7.5 2.5 2 0 3 5 5
6803.9 1720.0 -2.0 78 0 8.5 29.7 10.0 2.5 2 0 4 0 0
6822.3 1740.4 -2.0 348 0 30.5 7.6 7.5 2.5 2 0 3 5 5
6851.8 1748.7 -1.8 347 0 30.6 8.0 7.5 2.5 2 0 3 2 2
6876.2 1737.5 -1.6 74 0 8.3 27.7 7.5 2.5 2 0 3 3 3
6522.4 934.7 -4.5 150 0 6.5 16.3 14.0 3.5 2 0 4 1 1
6493.0 932.4 -5.2 149 0 9.9 15.8 14.0 3.5 2 0 4 3 3
6476.1 979.1 -5.8 150 0 16.1 6.2 14.0 3.5 2 0 4 5 5
6463.8 961.9 -6.0 142 0 29.3 8.3 14.0 3.5 2 0 4 5 5
6451.0 982.1 -6.2 150 0 11.9 25.7 14.0 3.5 2 0 4 4 4
6477.1 929.3 -5.4 142 0 30.9 11.7 14.0 3.5 2 0 4 0 0
6863.6 1558.4 -1.1 73 0 19.2 9.2 10.5 0.0 0 0 3 4 4
6843.4 1529.5 -1.4 74 0 8.1 20.9 10.5 3.5 2 0 3 5 5
6852.5 1559.2 -1.3 344 0 7.2 12.5 10.5 3.5 2 0 3 2 2
6567.5 1160.9 -6.0 58 0 14.4 35.6 10.0 2.5 2 1 4 0 0
6583.7 1172.8 -5.9 65 0 6.2 22.3 7.5 2.5 2 1 3 5 5
6542.3 1196.3 -5.6 152 0 10.6 7.1 7.5 2.5 2 0 3 4 4
6579.2 894.6 -5.4 63 0 24.3 6.6 14.0 3.5 2 0 4 3 3
6694.4 1097.1 -3.5 63 0 15.1 13.0 5.0 2.5 4 0 2 0 0
6643.2 1018.2 -4.9 62 0 12.7 36.6 14.0 3.5 2 0 4 0 0
6609.0 1062.9 -4.4 266 0 11.6 21.6 14.0 0.0 0 0 4 2 2
6545.7 1021.6 -5.3 338 0 8.8 26.6 14.0 0.0 0 0 4 2 2
6506.9 955.6 -4.9 155 0 10.5 13.0 14.0 3.5 2 0 4 3 3
6497.1 975.3 -5.4 153 0 20.7 10.5 14.0 3.5 2 0 4 3 3
6349.3 948.0 -7.1 340 0 18.8 10.8 14.0 3.5 2 0 4 0 0
6480.9 999.4 -5.8 153 0 10.1 6.8 14.0 3.5 2 0 4 1 1
6536.8 1037.6 -5.7 333 0 6.6 19.3 14.0 3.5 2 0 4 5 5
6904.6 1168.5 -0.7 66 0 10.9 33.5 7.5 2.5 2 1 3 5 5
6460.6 1064.7 -6.7 157 0 9.9 15.5 14.0 3.5 2 1 4 4 4
6533.0 969.1 -4.7 332 0 10.0 13.3 14.0 3.5 2 1 4 0 0
6766.1 -3751.3 6.3 4 0 7.4 7.1 5.0 2.5 2 0 2 5 5
6705.7 -3813.6 6.3 9 0 6.5 6.8 10.0 2.5 4 1 4 5 5
6459.5 -4093.2 3.5 88 0 6.2 8.1 7.5 2.5 2 1 3 3 3
6487.0 -4289.1 3.5 187 0 10.4 8.0 5.0 2.5 2 0 2 0 0
6434.7 -4230.6 3.2 274 0 7.6 9.6 7.5 0.0 0 1 3 2 2
6350.4 -4355.5 1.7 92 0 9.5 36.0 10.0 2.5 2 1 4 4 4
6402.4 -4297.0 2.5 3 0 7.6 8.5 7.5 2.5 2 1 3 0 0
6396.2 -4323.0 1.9 358 0 9.8 37.5 10.0 2.5 2 1 4 2 2
6360.4 -4481.7 -0.4 294 0 8.1 24.2 5.0 2.5 2 1 2 4 4
6405.0 -4480.9 0.9 275 0 10.3 30.2 10.0 2.5 2 1 4 4 4
6465.1 -4510.6 3.2 186 0 10.1 6.8 5.0 2.5 2 0 2 1 1
6479.3 -4467.9 3.2 188 0 12.0 12.7 7.5 2.5 2 1 3 2 2
6424.7 -4357.6 3.7 183 0 13.9 8.9 5.0 2.5 2 0 2 4 4
6430.7 -4384.4 4.1 181 0 6.6 15.2 7.5 2.5 2 1 3 5 5
6577.3 -6151.5 -0.6 8 0 6.1 7.4 7.5 2.5 2 1 3 1 1
6430.4 -6004.7 -3.9 112 0 8.2 6.8 10.0 2.5 2 0 4 1 1
6153.2 -5953.4 -2.7 198 0 8.2 7.4 7.5 2.5 2 0 3 0 0
6165.1 -5998.6 -2.4 17 0 6.4 6.1 10.0 2.5 2 0 4 5 5
6278.0 -5584.3 -0.5 25 0 9.1 7.4 7.5 2.5 2 0 3 5 5
6301.2 -5504.2 0.1 18 0 10.0 6.2 5.0 2.5 4 0 2 3 3
6495.3 -5648.2 -4.7 329 0 6.3 7.1 7.5 2.5 2 1 3 3 3
6374.3 -5419.8 -1.0 309 0 6.2 7.3 7.5 2.5 2 1 3 4 4
6556.2 -5130.6 -2.6 187 0 9.3 13.7 7.5 2.5 2 1 3 4 4
6562.1 -5201.5 -0.4 187 0 10.2 10.6 7.5 2.5 2 1 3 4 4
6599.6 -5141.7 -2.4 187 0 10.0 8.9 7.5 2.5 2 0 3 0 0
6726.0 -5263.7 -1.2 97 0 9.8 9.2 5.0 2.5 2 0 2 1 1
6785.6 -5243.7 -2.3 97 0 10.0 9.5 7.5 2.5 2 0 3 3 3
6813.4 -5259.9 -2.3 100 0 10.7 9.4 5.0 2.5 2 0 2 2 2
6499.8 -4665.5 -1.1 178 0 8.9 12.9 5.0 2.5 2 1 2 3 3
6763.9 -4590.1 1.1 99 0 7.7 8.3 7.5 2.5 2 1 3 1 1
6395.1 -3578.7 8.5 173 0 7.2 6.1 10.0 2.5 2 0 4 1 1
6475.2 -6240.4 2.3 186 0 9.6 10.8 7.5 2.5 2 1 3 2 2
6439.9 -6402.0 3.5 211 0 10.6 8.4 7.5 2.5 4 0 3 0 0
6474.7 -6621.3 2.0 13 0 10.3 10.1 5.0 2.5 2 0 2 3 3
6550.5 -6464.9 4.3 199 0 12.2 11.1 5.0 2.5 4 0 2 4 4
6624.5 -6450.1 4.0 111 0 8.8 10.2 7.5 0.0 0 1 3 5 5
6669.7 -6540.5 2.1 201 0 9.5 9.6 2.5 2.5 4 1 1 0 0
6596.5 -6507.8 3.4 288 0 11.4 9.6 5.0 2.5 2 0 2 4 4
6825.9 -6560.9 -1.8 266 0 10.1 10.0 2.5 2.5 2 0 1 3 3
6788.9 -6468.0 1.6 3 0 10.2 10.1 5.0 2.5 2 0 2 2 2
6866.0 -6341.2 -2.0 188 0 9.9 10.1 7.5 2.5 2 1 3 0 0
6854.4 -3679.0 8.4 175 0 11.2 8.3 7.5 2.5 2 0 3 3 3
4887.2 6868.1 -4.4 171 0 7.6 6.1 10.0 2.5 4 0 4 4 4
4827.9 6864.7 -4.3 177 0 11.9 7.6 10.0 2.5 2 0 4 3 3
4685.6 6803.6 -4.8 353 0 10.4 8.1 5.0 2.5 2 0 2 5 5
4676.3 4274.5 -10.5 336 0 9.3 6.6 5.0 2.5 2 0 2 1 1
4736.7 4270.3 -11.0 139 0 12.1 8.6 10.0 2.5 2 0 4 1 1
5699.0 6803.9 -6.7 177 0 9.2 11.5 7.5 2.5 4 1 3 3 3
5477.3 6407.7 -6.5 192 0 10.0 8.0 2.5 2.5 2 0 1 4 4
5458.9 6534.2 -6.0 191 0 10.3 8.1 7.5 2.5 2 0 3 1 1
5430.9 6641.6 -6.2 16 0 9.8 7.4 2.5 2.5 4 0 1 3 3
5429.0 6550.2 -5.6 359 0 10.7 8.9 7.5 2.5 2 0 3 3 3
4760.6 6443.2 -8.0 262 0 8.9 9.9 5.0 2.5 2 1 2 5 5
4822.6 6362.5 -8.2 353 0 8.8 8.2 10.0 0.0 0 0 4 4 4
4738.4 6292.7 -8.7 263 0 7.6 9.5 5.0 2.5 2 1 2 1 1
4855.6 6261.3 -8.9 162 0 10.1 8.1 5.0 2.5 4 0 2 4 4
4809.8 6249.5 -8.3 267 0 9.1 11.1 5.0 2.5 2 1 2 4 4
4745.8 6202.1 -9.4 77 0 8.9 11.3 7.5 2.5 4 1 3 5 5
5735.4 6363.5 -1.9 213 0 11.3 6.5 10.0 2.5 4 0 4 4 4
4662.9 6096.8 -11.5 148 0 13.5 15.7 7.5 2.5 2 1 3 1 1
5034.3 2741.3 -11.5 59 0 9.0 8.7 7.5 2.5 2 0 3 1 1
5041.1 1776.2 -8.1 24 0 11.9 12.0 7.5 0.0 0 1 3 0 0
5054.2 1737.1 -8.6 294 0 7.3 8.5 7.5 0.0 0 1 3 2 2
5054.0 1667.3 -8.9 29 0 9.2 8.3 5.0 2.5 2 0 2 3 3
5125.5 1798.3 -7.6 210 0 6.9 7.1 5.0 2.5 2 1 2 2 2
5146.6 1818.3 -7.3 286 0 7.6 6.8 7.5 2.5 2 0 3 5 5
5378.5 1739.6 -5.8 103 0 11.7 8.0 2.5 2.5 2 0 1 4 4
5268.6 1841.7 -6.5 123 0 6.1 8.6 7.5 2.5 2 1 3 0 0
5242.8 1895.2 -6.5 299 0 6.2 6.5 2.5 2.5 2 1 1 0 0
5245.7 1864.2 -6.6 104 0 7.8 12.4 10.0 2.5 2 1 4 5 5
5199.6 1890.2 -7.8 122 0 6.4 13.3 7.5 2.5 2 1 3 3 3
5091.4 1887.9 -8.0 104 0 10.2 7.6 7.5 2.5 2 0 3 3 3
5073.3 1902.5 -8.0 122 0 8.1 11.6 7.5 2.5 2 1 3 2 2
5227.0 1772.8 -6.4 111 0 7.7 13.3 5.0 2.5 2 1 2 2 2
4717.3 474.3 -3.0 111 0 6.9 8.9 7.5 2.5 2 1 3 1 1
4829.8 103.1 3.8 264 0 8.6 7.8 10.0 2.5 2 0 4 2 2
4834.2 125.0 3.3 63 0 9.3 7.8 7.5 2.5 2 0 3 2 2
4855.0 156.7 3.3 63 0 7.7 7.5 7.5 2.5 2 0 3 4 4
4900.3 138.6 3.9 154 0 7.6 9.6 7.5 2.5 2 1 3 5 5
4891.7 178.9 3.8 244 0 10.1 14.1 5.0 2.5 2 1 2 0 0
4912.7 200.7 2.6 244 0 13.7 10.1 7.5 2.5 2 0 3 2 2
4954.4 211.2 1.4 244 0 11.1 11.2 7.5 0.0 0 1 3 1 1
4974.4 223.8 0.7 185 0 8.7 8.5 7.5 2.5 4 0 3 2 2
5078.1 299.0 -0.2 275 0 13.4 22.3 10.0 2.5 2 1 4 4 4
5035.7 264.5 0.1 160 0 9.0 8.1 10.0 0.0 0 0 4 3 3
5029.9 449.1 -1.2 10 0 7.6 8.2 10.0 0.0 0 1 4 4 4
5024.5 498.6 -1.3 359 0 8.1 8.3 5.0 2.5 2 1 2 1 1
4901.7 1329.5 -7.1 260 0 10.1 8.3 7.5 2.5 2 0 3 3 3
4951.9 1308.9 -6.4 71 0 7.1 6.4 5.0 2.5 2 0 2 0 0
5003.3 1431.2 -8.7 202 0 9.3 11.1 5.0 2.5 2 1 2 1 1
5046.1 1535.2 -9.3 288 0 8.1 10.1 7.5 2.5 2 1 3 1 1
5209.0 1538.7 -6.8 108 0 13.4 14.5 7.5 2.5 2 1 3 5 5
5266.6 1559.0 -4.8 288 0 9.1 11.5 5.0 0.0 0 1 2 2 2
5351.8 1529.9 -5.8 16 0 9.0 9.6 5.0 2.5 2 1 2 1 1
5337.7 1591.9 -5.4 106 0 8.2 16.0 7.5 2.5 2 1 3 5 5
4783.0 2283.0 -9.2 263 0 7.4 7.3 7.5 2.5 2 0 3 0 0
4981.7 2411.9 -11.0 180 0 9.2 7.6 5.0 2.5 2 0 2 0 0
5016.5 2426.6 -11.4 356 0 6.5 8.3 7.5 0.0 0 1 3 5 5
4912.5 2563.6 -11.3 63 0 7.2 7.2 5.0 2.5 2 0 2 0 0
5067.0 2531.9 -9.9 67 0 8.6 8.8 5.0 2.5 2 1 2 1 1
6473.6 -1941.2 12.8 189 0 6.7 8.2 7.5 2.5 2 1 3 4 4
6796.6 -6312.8 -1.5 102 0 6.3 6.1 5.0 2.5 2 0 2 1 1
6048.1 -6258.2 0.9 93 0 7.3 6.2 10.0 2.5 2 0 4 2 2
-4297.5 5176.4 -15.9 251 0 7.9 19.8 7.5 2.5 2 1 3 0 0
-4162.1 5082.5 -16.3 66 0 7.3 10.5 10.0 2.5 4 1 4 2 2
-4210.8 5060.3 -14.6 55 0 10.6 14.9 7.5 2.5 2 1 3 5 5
-4263.7 5051.4 -15.0 161 0 10.6 16.1 5.0 2.5 2 1 2 0 0
-4162.3 5059.4 -15.5 65 0 14.9 7.4 5.0 2.5 2 0 2 2 2
-4245.4 5022.0 -14.4 62 0 11.2 7.6 7.5 2.5 4 0 3 3 3
-4269.9 5088.9 -15.5 257 0 6.3 6.4 5.0 2.5 2 1 2 3 3
-4280.9 5074.2 -15.5 172 0 6.8 12.2 7.5 2.5 2 1 3 0 0
-4203.7 4964.8 -11.4 156 0 7.1 10.8 10.0 2.5 2 1 4 2 2
-164.0 3516.0 -17.3 187 0 6.8 6.6 7.5 2.5 2 0 3 1 1
-1582.2 4977.3 -12.5 293 0 9.5 12.6 10.0 2.5 2 1 4 5 5
-1748.7 5014.0 -13.1 113 0 6.2 6.9 7.5 2.5 2 1 3 4 4
-1749.0 5132.8 -13.5 292 0 6.7 6.7 5.0 2.5 2 0 2 1 1
-2466.1 -2105.9 5.6 83 0 7.2 6.7 5.0 0.0 0 0 2 1 1
-2384.3 -2094.3 4.5 354 0 8.0 7.4 7.5 2.5 2 0 3 4 4
-2389.9 -2024.0 4.9 90 0 7.9 7.4 5.0 2.5 4 0 2 4 4
-2316.7 -2081.2 3.4 88 0 7.7 7.6 10.0 0.0 0 0 4 2 2
-2272.9 -2177.5 2.9 75 0 9.1 7.1 5.0 2.5 2 0 2 4 4
-2149.3 -2075.6 2.1 85 0 8.4 11.3 5.0 2.5 2 1 2 3 3
-2347.0 -1889.1 4.8 89 0 7.0 10.4 7.5 2.5 2 1 3 4 4
-2598.8 -2035.7 6.9 100 0 7.8 9.4 7.5 2.5 2 1 3 5 5
-1056.8 -2088.4 2.3 357 0 7.8 7.9 5.0 2.5 2 1 2 1 1
-1073.7 -2056.0 1.6 276 0 7.7 7.1 5.0 2.5 2 0 2 5 5
6796.9 1383.9 -1.6 348 0 8.4 22.6 10.5 3.5 2 1 3 5 5
5310.2 403.4 0.9 158 0 10.8 23.0 7.5 2.5 2 1 3 5 5
5233.7 460.0 -0.9 336 0 12.8 17.5 2.5 2.5 2 1 1 0 0
5224.8 483.8 -0.7 245 0 11.9 9.2 7.5 2.5 2 0 3 3 3
5027.2 480.0 -1.2 324 0 6.7 7.8 5.0 2.5 2 1 2 4 4
5024.7 333.0 -0.9 262 0 7.4 11.1 5.0 2.5 4 1 2 5 5
5040.7 337.3 -0.8 248 0 8.0 6.1 2.5 2.5 4 0 1 4 4
5035.6 689.7 -2.3 298 0 8.4 10.6 5.0 2.5 4 1 2 0 0
5056.8 599.7 -0.8 102 0 10.2 8.1 10.0 2.5 2 0 4 2 2
5138.5 656.4 -0.2 285 0 11.6 15.2 5.0 2.5 2 1 2 1 1
5128.5 598.0 -0.3 15 0 12.2 8.6 7.5 2.5 2 0 3 0 0
5097.5 619.2 -0.5 285 0 9.1 22.8 7.5 2.5 2 1 3 2 2
5108.9 527.8 -0.8 97 0 8.4 8.6 5.0 2.5 2 1 2 1 1
5041.2 552.3 -0.8 173 0 9.0 9.1 7.5 2.5 4 1 3 5 5
5108.1 454.1 -0.7 0 0 7.1 8.9 2.5 2.5 4 1 1 4 4
5120.6 452.0 -0.8 0 0 6.8 6.8 7.5 2.5 2 0 3 2 2
5204.4 358.0 0.7 158 0 24.5 9.9 7.5 2.5 2 0 3 0 0
5225.5 312.4 0.8 68 0 10.5 26.9 10.0 2.5 2 1 4 3 3
5366.8 112.7 5.1 248 0 8.1 9.3 7.5 2.5 4 1 3 5 5
5315.2 192.1 2.9 342 0 9.5 9.5 2.5 0.0 0 1 1 0 0
5267.2 196.7 3.9 252 0 6.5 6.3 5.0 2.5 4 0 2 0 0
5267.5 174.9 4.2 252 0 6.7 7.8 7.5 2.5 2 1 3 3 3
4963.9 150.3 2.8 66 0 11.9 13.9 7.5 2.5 2 1 3 5 5
4876.9 308.1 -0.1 67 0 8.4 11.1 7.5 2.5 2 1 3 2 2
4858.9 258.8 0.4 67 0 6.6 13.0 5.0 0.0 0 1 2 5 5
4738.6 1084.8 -6.6 302 0 7.7 12.2 5.0 2.5 2 1 2 5 5
4709.8 790.1 -6.4 113 0 8.3 9.5 10.0 2.5 2 1 4 2 2
4876.1 694.8 -2.3 298 0 6.1 13.2 7.5 2.5 2 1 3 0 0
4876.6 654.0 -2.2 124 0 12.5 7.4 5.0 2.5 2 0 2 0 0
4903.1 686.5 -1.9 214 0 7.1 10.0 10.0 2.5 2 1 4 2 2
4946.6 716.0 -2.2 307 0 9.7 20.2 5.0 2.5 2 1 2 5 5
4939.4 681.6 -1.7 302 0 9.6 16.2 10.0 2.5 2 1 4 3 3
4957.1 678.0 -1.7 280 0 10.5 9.6 10.0 2.5 2 0 4 1 1
4934.9 607.8 -2.3 106 0 8.9 26.5 7.5 2.5 2 1 3 3 3
4958.2 649.9 -1.5 301 0 14.4 6.6 7.5 2.5 2 0 3 4 4
4979.3 637.4 -1.4 305 0 25.4 7.7 7.5 2.5 2 0 3 5 5
5118.3 799.9 -1.8 277 0 11.7 13.5 5.0 2.5 2 1 2 0 0
5126.3 695.0 -1.5 277 0 8.1 8.0 7.5 2.5 2 0 3 2 2
5074.9 744.3 -3.1 9 0 6.4 10.8 5.0 2.5 2 1 2 3 3
5037.9 732.3 -3.1 96 0 6.3 16.4 7.5 2.5 2 1 3 4 4
5012.0 784.1 -2.5 285 0 7.7 12.0 5.0 2.5 2 1 2 4 4
4891.1 778.7 -3.6 93 0 7.8 13.5 5.0 2.5 2 1 2 0 0
4842.7 792.5 -4.2 111 0 14.4 7.0 5.0 2.5 2 0 2 1 1
5230.1 1591.4 -4.9 277 0 6.3 7.6 7.5 2.5 2 1 3 1 1
5235.9 1607.5 -5.0 116 0 8.7 14.2 7.5 2.5 2 1 3 4 4
5301.8 1472.2 -5.3 100 0 11.5 11.3 2.5 2.5 2 0 1 3 3
5240.7 1307.6 -4.9 11 0 10.3 9.5 2.5 2.5 2 0 1 4 4
5174.4 1378.6 -6.2 281 0 8.7 7.0 5.0 0.0 0 0 2 5 5
5122.0 1276.0 -5.4 268 0 7.5 7.4 5.0 2.5 2 0 2 0 0
5005.5 1098.3 -5.6 11 0 8.6 9.1 2.5 2.5 4 1 1 0 0
4920.8 966.0 -5.9 276 0 9.2 8.8 7.5 2.5 2 0 3 1 1
5000.6 928.4 -4.2 276 0 6.1 7.1 7.5 2.5 2 1 3 4 4
5551.5 1392.0 -5.5 113 0 13.5 11.8 7.5 2.5 2 0 3 2 2
5551.2 1479.3 -6.4 107 0 9.7 8.6 7.5 2.5 2 0 3 2 2
5458.0 1635.6 -6.7 287 0 7.0 9.8 10.0 2.5 2 1 4 3 3
5369.9 1650.5 -5.5 287 0 16.4 13.6 7.5 0.0 0 0 3 3 3
5344.0 1626.6 -5.3 201 0 8.7 20.9 2.5 2.5 2 1 1 5 5
5354.1 1667.4 -4.9 270 0 6.9 9.3 5.0 2.5 2 1 2 1 1
5309.8 1811.8 -6.5 193 0 7.6 12.0 7.5 2.5 2 1 3 0 0
5428.6 1814.1 -6.4 296 0 6.3 7.5 5.0 2.5 2 1 2 2 2
5378.2 1908.7 -6.5 44 0 6.4 7.3 10.0 2.5 2 1 4 5 5
5475.1 1971.7 -8.3 291 0 7.8 11.3 7.5 2.5 2 1 3 2 2
5400.4 1994.0 -7.6 293 0 7.4 10.7 10.0 2.5 2 1 4 2 2
5449.4 2330.7 -10.3 69 0 6.0 6.5 10.0 2.5 2 1 4 5 5
5315.9 2463.2 -9.7 144 0 8.8 8.6 7.5 2.5 2 0 3 2 2
4840.3 2117.0 -9.2 108 0 7.8 7.7 2.5 2.5 4 0 1 1 1
6191.7 858.3 -7.1 339 0 11.4 7.8 10.0 2.5 2 0 4 4 4
5952.5 810.8 -5.1 321 0 14.7 11.6 10.5 3.5 2 0 3 2 2
5929.6 835.7 -4.9 333 0 17.9 26.8 10.5 0.0 0 1 3 0 0
5897.2 767.2 -4.3 63 0 8.9 19.2 10.5 3.5 2 1 3 5 5
5877.0 688.4 -3.9 52 0 9.6 10.9 10.5 3.5 2 1 3 2 2
5841.4 695.4 -3.5 240 0 7.7 18.0 10.5 3.5 2 1 3 3 3
5804.0 515.1 -1.9 7 0 7.8 8.2 2.5 2.5 2 1 1 0 0
5727.8 532.7 -1.0 60 0 7.1 7.3 5.0 0.0 0 1 2 4 4
5729.6 640.1 -2.6 255 0 6.5 10.9 7.5 2.5 2 1 3 2 2
6314.8 944.5 -7.1 249 0 9.0 30.6 14.0 0.0 0 1 4 1 1
6300.1 937.1 -7.2 249 0 9.6 16.8 14.0 3.5 2 1 4 1 1
6277.9 926.3 -7.3 249 0 8.9 13.7 14.0 3.5 2 1 4 2 2
6522.5 1238.2 -5.2 328 0 11.7 7.3 10.0 2.5 2 0 4 3 3
6496.5 1083.7 -6.7 330 0 8.4 12.3 14.0 3.5 2 1 4 5 5
6463.5 1091.6 -6.8 240 0 9.6 12.7 14.0 3.5 2 1 4 1 1
6558.0 1056.4 -5.5 240 0 17.8 6.5 14.0 3.5 2 0 4 0 0
6503.0 1011.4 -5.8 336 0 11.8 16.9 14.0 3.5 2 1 4 5 5
6493.3 1025.4 -6.2 336 0 10.2 12.8 14.0 0.0 0 1 4 3 3
6458.5 1008.8 -6.3 146 0 9.0 9.5 14.0 3.5 2 1 4 4 4
6437.6 996.7 -6.5 147 0 7.1 9.0 14.0 3.5 2 1 4 5 5
6352.7 985.7 -7.3 59 0 7.7 20.7 14.0 3.5 2 1 4 4 4
6356.6 1026.6 -7.3 239 0 13.6 17.0 14.0 3.5 2 1 4 5 5
6175.3 915.9 -7.1 340 0 6.8 11.1 5.0 2.5 4 1 2 5 5
6577.0 1637.8 -4.4 92 0 8.0 10.8 5.0 0.0 0 1 2 1 1
6673.1 1543.2 -4.3 82 0 7.8 9.1 10.5 3.5 2 1 3 3 3
6750.5 1603.4 -2.4 264 0 11.1 6.4 10.5 3.5 2 0 3 1 1
6749.3 1582.4 -2.6 168 0 12.1 7.6 10.5 3.5 2 0 3 4 4
6284.8 1551.2 -8.6 112 0 8.1 8.2 5.0 2.5 4 1 2 1 1
6443.1 1300.4 -4.6 261 0 8.9 7.2 5.0 2.5 2 0 2 3 3
6568.6 1534.7 -4.8 172 0 12.7 6.9 10.5 3.5 2 0 3 2 2
6567.7 1405.2 -6.2 147 0 8.1 7.2 10.5 3.5 2 0 3 4 4
6538.9 1469.6 -5.5 267 0 8.9 10.0 10.5 0.0 0 1 3 2 2
6640.2 1430.7 -4.6 340 0 9.7 7.3 10.5 3.5 2 0 3 3 3
6636.3 1477.5 -4.7 250 0 11.6 15.8 10.5 3.5 2 1 3 4 4
6679.2 1450.3 -3.7 70 0 9.9 18.0 10.5 3.5 2 1 3 1 1
6665.0 1347.2 -3.9 70 0 7.2 14.3 10.5 3.5 2 1 3 1 1
6706.6 1378.1 -2.6 250 0 8.1 20.0 10.5 3.5 2 1 3 5 5
6696.4 1374.8 -2.8 250 0 8.9 20.9 10.5 3.5 2 1 3 1 1
6749.7 1377.9 -1.8 245 0 19.1 8.7 10.5 0.0 0 0 3 4 4
6736.3 1460.8 -2.6 67 0 20.7 7.3 10.5 0.0 0 0 3 4 4
6765.6 1527.0 -2.4 254 0 6.5 6.9 10.5 3.5 2 1 3 5 5
6799.3 1528.3 -2.0 75 0 12.7 8.8 10.5 3.5 2 0 3 1 1
6018.0 2186.6 -8.1 31 0 6.4 7.8 10.0 2.5 2 1 4 1 1
6834.8 1780.6 -2.1 74 0 15.4 13.6 2.5 0.0 0 0 1 2 2
6792.3 1757.4 -2.0 164 0 8.7 26.2 7.5 2.5 2 1 3 5 5
6875.8 1713.7 -1.3 264 0 7.2 24.0 7.5 2.5 2 1 3 5 5
6890.1 1715.1 -1.2 264 0 6.2 13.9 2.5 0.0 0 1 1 4 4
6914.6 1715.7 -1.1 258 0 15.8 8.3 7.5 2.5 2 0 3 1 1
6737.4 1774.8 -2.0 271 0 9.0 8.5 7.5 2.5 2 0 3 3 3
6315.6 1833.1 -8.1 242 0 6.9 9.3 7.5 2.5 4 1 3 1 1
6498.2 1720.5 -4.0 336 0 9.2 7.8 10.0 2.5 2 0 4 5 5
6509.6 1661.6 -4.4 83 0 8.8 9.3 7.5 2.5 2 1 3 4 4
6533.4 496.3 -5.1 267 0 8.8 9.8 14.0 3.5 2 1 4 1 1
6311.4 624.6 -5.1 270 0 12.3 8.4 10.5 3.5 2 0 3 2 2
6342.3 -327.7 -1.3 175 0 9.6 19.7 5.0 2.5 4 1 2 0 0
6366.2 -258.8 -1.4 355 0 6.4 11.0 10.0 2.5 2 1 4 4 4
6071.7 -5.7 -0.3 356 0 8.8 8.9 7.5 2.5 2 1 3 4 4
6149.3 -57.6 2.2 355 0 8.8 8.4 7.5 2.5 2 0 3 5 5
6429.5 -120.1 -1.4 269 0 11.3 15.2 7.5 2.5 2 1 3 0 0
6328.9 197.2 -2.3 269 0 10.5 9.5 7.5 2.5 2 0 3 1 1
6410.7 121.5 -2.6 73 0 6.8 8.6 7.5 2.5 2 1 3 2 2
6519.9 392.9 -5.2 359 0 7.3 11.3 14.0 3.5 2 1 4 1 1
6472.6 401.6 -5.0 177 0 8.5 8.2 14.0 3.5 4 0 4 5 5
6293.7 -400.9 -0.4 83 0 8.3 14.6 7.5 2.5 2 1 3 0 0
6320.6 -507.7 0.5 273 0 8.0 7.2 5.0 2.5 2 0 2 2 2
6491.5 -1864.0 10.5 93 0 9.1 8.5 5.0 2.5 2 0 2 3 3
6441.1 -1670.3 5.6 97 0 7.4 9.6 7.5 0.0 0 1 3 3 3
6450.6 -1514.1 4.3 97 0 7.0 7.7 7.5 0.0 0 1 3 2 2
6452.5 -1441.0 3.1 187 0 8.8 7.6 5.0 2.5 2 0 2 3 3
6511.8 -1429.2 4.6 296 0 8.3 9.3 7.5 2.5 2 1 3 5 5
6459.9 -1380.5 2.5 90 0 8.6 11.4 5.0 2.5 2 1 2 5 5
6459.4 -1312.6 3.1 180 0 9.8 7.9 7.5 0.0 0 0 3 5 5
6465.6 -1252.6 3.2 91 0 8.6 12.1 7.5 2.5 2 1 3 2 2
6530.0 -1237.2 3.9 270 0 6.1 6.5 5.0 2.5 2 1 2 1 1
6537.4 -1165.2 3.4 270 0 6.7 9.0 7.5 2.5 2 1 3 1 1
6460.4 -1185.2 3.0 181 0 7.5 10.3 5.0 2.5 2 1 2 0 0
6481.8 -1137.5 2.2 90 0 8.1 10.2 7.5 2.5 2 1 3 1 1
6495.5 -1060.9 2.0 0 0 8.4 7.8 7.5 0.0 0 0 3 1 1
6470.5 -1013.2 2.6 180 0 9.9 8.6 10.0 2.5 2 0 4 0 0
6468.8 -954.5 2.2 181 0 7.2 9.4 7.5 2.5 2 1 3 4 4
6474.3 -916.6 1.7 180 0 11.8 13.2 7.5 2.5 2 1 3 4 4
6455.7 -820.4 1.6 180 0 6.5 13.6 7.5 2.5 2 1 3 2 2
6220.1 -761.2 4.8 90 0 8.9 8.7 5.0 2.5 2 0 2 4 4
6253.0 -812.9 6.2 186 0 11.8 11.4 10.0 2.5 2 0 4 4 4
6397.8 -869.6 2.3 97 0 6.6 7.6 7.5 0.0 0 1 3 4 4
6495.0 -696.2 0.8 277 0 9.5 12.7 7.5 2.5 2 1 3 1 1
6819.9 -546.4 3.1 173 0 9.7 11.6 7.5 2.5 2 1 3 4 4
6847.2 -642.2 3.7 353 0 8.5 9.1 7.5 2.5 2 1 3 1 1
6813.5 -685.6 3.6 173 0 10.3 9.4 7.5 2.5 2 0 3 1 1
6799.5 -642.9 3.2 81 0 7.7 7.1 5.0 0.0 0 0 2 5 5
6743.3 -556.5 2.3 81 0 10.4 11.9 7.5 2.5 2 1 3 0 0
6695.2 -700.9 2.8 171 0 8.5 9.1 7.5 2.5 2 1 3 2 2
6683.3 -656.1 3.2 81 0 9.4 12.7 7.5 2.5 2 1 3 0 0
6620.5 -698.8 1.0 357 0 8.5 8.3 2.5 2.5 4 0 1 5 5
6614.1 -648.3 2.8 88 0 12.0 8.8 5.0 2.5 2 0 2 3 3
6484.3 -582.8 -0.8 269 0 8.7 8.7 5.0 2.5 2 0 2 1 1
6500.5 -476.1 -0.2 269 0 9.0 12.2 2.5 2.5 2 1 1 4 4
6415.6 -511.2 -0.9 269 0 10.9 11.9 5.0 2.5 2 1 2 4 4
6389.3 -493.1 -0.6 359 0 8.9 14.7 2.5 2.5 2 1 1 3 3
6400.2 -464.3 -1.1 89 0 7.4 6.1 5.0 2.5 4 0 2 5 5
6417.4 -453.3 -1.2 359 0 12.3 9.9 7.5 2.5 4 0 3 5 5
6398.4 -352.9 -0.9 179 0 11.6 10.9 7.5 2.5 4 0 3 2 2
5152.0 245.8 0.2 77 0 7.7 9.5 5.0 2.5 2 1 2 1 1
5134.1 279.3 -0.2 257 0 6.5 6.6 5.0 2.5 2 1 2 3 3
6526.1 -1303.4 4.0 171 0 8.8 9.1 7.5 2.5 2 1 3 3 3
-6461.3 -6718.9 -14.6 44 0 7.0 8.4 2.5 2.5 2 1 1 3 3
-6522.6 -6669.3 -12.9 243 0 6.7 9.9 7.5 0.0 0 1 3 1 1
-6542.5 -6686.7 -12.4 208 0 7.4 7.1 7.5 2.5 2 0 3 1 1
-6483.8 -6715.2 -14.0 50 0 7.2 14.4 7.5 0.0 0 1 3 1 1
-5844.3 -2585.7 10.9 88 0 7.7 9.2 7.5 2.5 2 1 3 1 1
6549.8 886.6 -4.6 55 0 6.3 24.1 14.0 3.5 2 1 4 0 0
