6421.6 2672.9 -4.9 224 1 12.2 18.6 14.0 3.5 2 0 4 5 5
6479.2 2690.6 -3.9 314 0 23.0 11.5 14.0 3.5 2 0 4 0 0
6462.4 2698.2 -4.8 316 0 17.7 31.0 14.0 3.5 2 0 4 5 5
6440.8 1457.1 -4.0 122 0 10.0 12.5 5.0 2.5 2 1 2 4 4
3102.6 323.8 -2.1 138 0 7.9 32.4 7.5 2.5 2 1 3 2 2
6336.1 2726.2 -4.0 108 0 21.1 9.8 14.0 3.5 2 0 4 4 4
6819.8 2366.5 -5.9 122 0 7.5 31.6 3.5 0.0 0 1 1 4 4
6846.0 2330.1 -5.9 119 0 33.6 10.8 5.0 2.5 2 0 2 5 5
6252.9 2751.3 -4.4 110 0 9.7 13.3 14.0 3.5 2 1 4 1 1
6227.0 2709.1 -3.9 201 0 8.2 26.5 14.0 3.5 2 1 4 3 3
6287.0 2629.7 -3.4 302 0 7.7 12.1 14.0 3.5 2 0 4 0 0
6199.5 2541.4 -3.8 213 0 6.3 7.8 14.0 3.5 2 0 4 4 4
6092.0 2403.4 -4.9 310 0 9.0 16.1 5.0 2.5 2 1 2 5 5
6107.8 2288.4 -5.0 316 0 16.2 34.1 7.5 2.5 2 1 3 4 4
6266.7 2373.1 -6.2 42 0 20.3 8.2 7.5 2.5 2 0 3 0 0
6253.5 2357.6 -6.5 43 0 14.5 8.2 7.5 2.5 2 0 3 2 2
6235.9 2343.4 -6.7 132 0 6.1 14.1 7.5 2.5 2 1 3 0 0
6461.7 1618.2 -3.1 206 0 8.6 8.8 5.0 2.5 2 1 2 0 0
5412.1 1816.6 -3.9 35 0 17.4 9.6 5.0 2.5 2 0 2 3 3
5359.8 1796.6 -3.5 118 0 8.3 10.4 7.5 2.5 2 1 3 1 1
5336.3 1850.5 -3.2 127 0 13.3 16.6 7.5 2.5 2 1 3 4 4
5394.2 1876.3 -3.0 313 0 16.3 8.6 10.0 2.5 2 0 4 1 1
5375.4 1894.6 -3.2 312 0 6.5 17.2 7.5 2.5 4 1 3 2 2
-5348.9 -2116.3 -0.2 222 0 15.8 6.6 7.5 2.5 2 0 3 4 4
-5310.9 -2158.8 -1.5 50 0 6.8 10.0 5.0 2.5 2 1 2 1 1
-5340.7 -2135.5 -0.5 127 0 7.7 7.8 5.0 2.5 2 1 2 2 2
-5332.8 -2119.8 -0.6 309 0 6.0 7.7 7.5 2.5 2 1 3 5 5
5431.4 -94.3 -0.8 65 0 7.1 7.1 7.5 2.5 2 1 3 3 3
5456.0 -45.1 -0.5 284 0 8.4 8.2 7.5 2.5 2 0 3 2 2
5381.6 -89.2 -1.3 203 0 8.1 7.5 7.5 2.5 4 0 3 1 1
4996.0 60.1 -3.2 202 0 12.7 8.7 10.0 2.5 2 0 4 0 0
5239.8 22.5 -1.4 15 0 9.8 10.4 5.0 2.5 2 1 2 4 4
5287.4 177.4 -2.0 17 0 10.9 10.6 7.5 0.0 0 0 3 3 3
5568.5 164.8 -0.2 103 0 10.0 9.1 7.5 2.5 2 0 3 1 1
5624.5 90.6 -1.9 297 0 10.0 9.0 7.5 2.5 2 0 3 5 5
5661.2 47.1 -2.8 107 0 8.5 12.6 5.0 2.5 2 1 2 3 3
5661.6 191.3 -0.8 99 0 9.0 14.5 5.0 2.5 2 1 2 2 2
5684.1 285.7 -4.6 281 0 8.2 7.8 7.5 2.5 4 0 3 1 1
5998.5 163.3 -1.7 113 0 10.4 12.5 10.0 2.5 2 1 4 0 0
6094.6 -245.9 -2.3 99 0 13.6 13.5 5.0 0.0 0 0 2 0 0
6124.0 -133.1 -1.1 183 0 11.3 10.3 5.0 0.0 0 0 2 5 5
6176.6 -39.2 -1.5 198 0 11.5 7.5 5.0 2.5 2 0 2 0 0
6137.9 104.0 0.1 128 0 8.6 7.6 10.0 2.5 4 0 4 0 0
6305.7 195.0 -2.3 230 0 8.0 6.6 5.0 2.5 2 0 2 4 4
6432.5 191.9 -1.1 227 0 7.7 16.1 7.5 2.5 4 1 3 5 5
6381.5 389.0 -5.6 281 0 13.0 12.2 7.5 2.5 2 0 3 3 3
-6873.3 6654.6 -6.4 23 0 7.1 8.8 7.5 2.5 2 1 3 1 1
6062.2 6296.5 -7.7 302 0 7.6 6.3 7.5 2.5 2 0 3 0 0
5917.4 6550.7 -7.7 204 0 8.2 7.2 7.5 2.5 2 0 3 4 4
5517.9 6316.6 -6.2 38 0 6.2 7.3 7.5 0.0 0 1 3 0 0
5792.2 6326.9 -7.7 31 0 6.0 6.9 10.0 2.5 2 1 4 5 5
5652.2 6448.2 -7.2 210 0 6.0 6.8 5.0 2.5 2 1 2 5 5
5913.3 6731.5 -6.4 30 0 6.1 7.3 7.5 2.5 2 1 3 0 0
5898.1 6860.6 -7.4 301 0 6.6 6.0 5.0 2.5 2 0 2 2 2
5637.7 2388.9 -4.1 295 0 9.2 11.9 7.5 2.5 2 1 3 5 5
5700.8 2282.9 -5.3 209 0 6.9 6.9 2.5 2.5 2 1 1 1 1
5716.8 2314.3 -4.6 203 0 6.5 7.3 5.0 2.5 2 1 2 3 3
5739.9 2400.6 -1.7 111 0 9.9 8.2 5.0 0.0 0 0 2 2 2
5927.1 2144.0 -5.6 208 0 11.6 12.0 7.5 2.5 2 1 3 2 2
5943.8 2110.6 -4.8 24 0 6.3 6.3 5.0 2.5 2 1 2 3 3
5967.8 2279.8 -4.0 125 0 7.8 14.7 5.0 2.5 2 1 2 0 0
5941.4 2282.2 -4.2 122 0 9.1 12.4 10.0 2.5 2 1 4 0 0
6112.3 2363.1 -5.3 310 0 7.9 7.4 5.0 2.5 2 0 2 1 1
6249.9 2583.6 -3.5 212 0 12.6 8.2 14.0 0.0 0 0 4 0 0
6352.1 2751.9 -4.2 288 0 9.3 7.4 14.0 0.0 0 0 4 2 2
6323.8 2576.3 -4.3 217 0 16.5 11.4 14.0 3.5 4 0 4 2 2
6324.5 2520.7 -3.7 123 0 9.6 18.3 14.0 3.5 2 1 4 5 5
6360.8 2566.3 -4.8 39 0 11.0 12.8 14.0 3.5 2 1 4 2 2
6346.1 2542.0 -4.2 32 0 17.8 11.0 14.0 3.5 2 0 4 3 3
6199.5 3015.6 -4.2 121 0 8.6 19.4 14.0 3.5 2 1 4 5 5
6260.1 2908.1 -3.9 287 0 6.8 9.9 10.5 3.5 2 1 3 0 0
6277.6 2926.6 -3.5 303 0 8.4 13.9 10.5 3.5 2 1 3 0 0
6272.5 2869.9 -4.5 123 0 7.9 7.7 10.5 3.5 2 0 3 0 0
6323.4 2864.6 -4.6 297 0 6.8 9.7 10.5 3.5 4 1 3 0 0
6314.5 5589.8 -8.0 131 0 9.0 12.4 2.5 2.5 2 1 1 1 1
6041.7 5710.4 -6.7 289 0 7.1 8.3 7.5 2.5 2 1 3 5 5
5912.5 5645.6 -7.7 32 0 6.0 6.6 7.5 2.5 2 1 3 5 5
5898.0 5768.7 -5.7 300 0 7.5 8.1 10.0 2.5 4 1 4 1 1
5825.0 5697.0 -6.4 214 0 8.5 6.6 10.0 2.5 2 0 4 2 2
5685.3 5742.5 -5.9 119 0 9.0 9.6 5.0 2.5 2 1 2 2 2
5404.3 6179.5 -7.7 213 0 7.2 6.5 7.5 2.5 2 0 3 3 3
5376.0 5931.5 -6.2 120 0 7.0 6.0 7.5 2.5 2 0 3 4 4
5374.5 5918.0 -6.0 114 0 13.2 10.7 7.5 0.0 0 0 3 2 2
5334.4 5762.2 -5.7 207 0 9.9 9.9 5.0 2.5 4 1 2 5 5
5507.7 5848.1 -4.7 113 0 6.4 6.4 2.5 2.5 2 1 1 0 0
5525.7 5810.7 -6.1 286 0 8.2 8.2 5.0 2.5 4 1 2 2 2
5508.7 5815.2 -6.0 292 0 8.5 8.1 5.0 2.5 2 0 2 2 2
5650.2 6084.4 -7.7 205 0 8.9 11.0 7.5 2.5 2 1 3 1 1
6699.6 3523.6 -4.8 293 0 8.7 10.9 5.0 0.0 0 1 2 0 0
6912.7 4424.3 -5.7 117 0 7.4 6.4 7.5 2.5 2 0 3 3 3
6914.8 4416.5 -5.6 205 0 10.4 8.6 7.5 2.5 4 0 3 3 3
6680.9 5008.4 -7.1 28 0 6.2 9.2 2.5 2.5 4 1 1 3 3
6640.1 5035.9 -6.8 112 0 9.2 10.6 5.0 2.5 2 1 2 2 2
6625.9 5087.2 -6.3 203 0 10.2 8.6 10.0 2.5 2 0 4 3 3
5422.8 4144.1 -4.9 291 0 7.7 7.1 10.0 2.5 2 0 4 5 5
5427.5 4126.7 -5.0 19 0 10.1 10.0 7.5 0.0 0 0 3 3 3
5389.1 4289.3 -6.2 115 0 10.7 9.4 7.5 2.5 2 0 3 3 3
5301.3 4014.0 -5.6 114 0 8.8 10.4 7.5 0.0 0 1 3 5 5
5254.3 3833.3 -3.3 18 0 8.3 10.0 7.5 2.5 2 1 3 1 1
5816.0 3202.0 -3.0 130 0 7.0 7.1 10.0 2.5 2 1 4 0 0
6283.8 2984.2 -4.1 308 0 8.6 8.0 14.0 0.0 0 0 4 1 1
6260.1 2962.1 -3.6 124 0 9.3 11.2 14.0 3.5 2 1 4 5 5
6375.4 2847.5 -4.1 300 0 8.0 15.7 10.5 3.5 2 1 3 5 5
6392.8 2866.3 -3.9 119 0 10.9 13.2 10.5 0.0 0 1 3 0 0
6445.4 2826.6 -3.3 124 0 6.2 7.6 10.5 3.5 2 1 3 1 1
6530.7 2833.6 -4.5 59 0 8.1 8.4 10.5 3.5 2 1 3 0 0
6503.5 2802.1 -3.6 254 0 21.9 10.9 10.5 3.5 2 0 3 3 3
6540.5 2844.2 -5.0 50 0 10.8 10.8 10.5 0.0 0 0 3 4 4
6643.2 2836.9 -6.0 109 0 8.0 11.6 5.0 2.5 2 1 2 3 3
6663.2 2829.4 -6.4 99 0 6.7 20.4 7.5 2.5 2 1 3 4 4
6677.4 2662.4 -5.0 8 0 9.1 8.6 2.5 2.5 2 0 1 5 5
6908.9 2303.2 -5.2 31 0 6.3 18.4 7.5 2.5 2 1 3 3 3
6874.9 2316.4 -5.7 120 0 24.5 9.3 5.0 0.0 0 0 2 1 1
6427.1 1692.4 -4.7 126 0 7.3 6.8 5.0 2.5 2 0 2 4 4
6874.8 2906.9 -6.0 228 0 9.3 6.6 14.0 3.5 2 0 4 3 3
6807.1 2994.2 -6.6 299 0 7.8 11.9 7.5 2.5 4 1 3 2 2
6889.0 3045.1 -5.8 26 0 6.2 15.8 10.5 3.5 2 1 3 4 4
6910.4 2993.5 -4.5 119 0 8.7 19.5 10.5 0.0 0 1 3 0 0
6912.0 3121.3 -5.0 302 0 8.7 18.9 10.5 3.5 2 1 3 5 5
6900.2 3021.8 -4.7 26 0 14.5 11.3 10.5 3.5 2 0 3 5 5
6904.9 3041.6 -4.5 25 0 11.2 6.2 10.5 3.5 2 0 3 1 1
6833.3 2762.6 -6.6 123 0 8.2 9.0 14.0 3.5 4 1 4 3 3
6818.2 2605.6 -4.6 114 0 9.2 9.5 14.0 0.0 0 1 4 3 3
6722.4 2544.3 -4.4 294 0 9.6 28.7 7.5 0.0 0 1 3 0 0
6728.0 2506.7 -3.6 111 0 8.9 7.1 7.5 2.5 2 0 3 3 3
6696.1 2403.8 -5.4 208 0 7.6 6.9 14.0 3.5 2 0 4 3 3
6712.4 2394.1 -5.6 29 0 9.7 8.3 14.0 3.5 2 0 4 0 0
4663.0 4670.8 -6.0 307 0 7.6 8.1 7.5 2.5 2 1 3 0 0
4593.2 4691.0 -6.8 207 0 8.5 10.7 2.5 2.5 2 1 1 2 2
4374.0 4333.5 -4.9 299 0 7.3 7.7 7.5 2.5 2 1 3 5 5
4357.1 4328.4 -4.8 119 0 9.2 11.5 7.5 2.5 2 1 3 2 2
4010.5 2379.8 -1.8 194 0 11.8 6.3 5.0 2.5 2 0 2 0 0
4305.7 2669.6 -4.7 21 0 9.3 8.3 5.0 2.5 2 0 2 5 5
4330.5 2813.6 -4.6 24 0 6.4 6.7 5.0 2.5 2 1 2 5 5
4371.5 2804.3 -4.7 199 0 12.8 8.7 5.0 0.0 0 0 2 4 4
4372.3 2758.1 -5.2 119 0 8.9 11.9 5.0 2.5 2 1 2 5 5
4450.5 2987.2 -3.1 203 0 9.3 10.9 5.0 0.0 0 1 2 4 4
4511.0 3092.7 -3.9 214 0 8.6 7.3 7.5 2.5 2 0 3 5 5
4533.2 3025.1 -4.7 31 0 11.9 9.1 5.0 2.5 4 0 2 4 4
4429.4 3323.4 -3.4 125 0 10.9 7.3 5.0 2.5 2 0 2 1 1
4598.7 3511.9 -2.2 122 0 9.5 13.7 10.0 2.5 2 1 4 5 5
4624.8 3408.6 -3.2 206 0 12.7 7.6 7.5 2.5 2 0 3 2 2
4642.2 3421.0 -3.3 299 0 8.3 7.4 2.5 2.5 2 0 1 4 4
4626.0 3282.1 -3.6 214 0 8.7 12.0 7.5 0.0 0 1 3 4 4
4604.4 3333.6 -2.9 293 0 6.3 8.2 2.5 2.5 2 1 1 5 5
4517.9 3483.7 -2.4 31 0 11.6 11.8 5.0 2.5 2 1 2 5 5
4521.6 3613.3 -3.7 30 0 17.6 11.4 7.5 2.5 2 0 3 4 4
4457.4 3621.0 -4.0 213 0 11.9 8.4 7.5 2.5 2 0 3 0 0
4399.0 3714.3 -3.1 206 0 8.6 8.9 2.5 2.5 2 1 1 3 3
4410.5 3714.4 -3.2 207 0 14.8 10.1 10.0 2.5 2 0 4 5 5
4280.6 3999.7 -2.1 116 0 10.5 8.7 5.0 2.5 2 0 2 5 5
4293.9 4048.5 -3.0 202 0 10.6 9.8 7.5 2.5 4 0 3 1 1
4339.9 4212.0 -6.2 27 0 10.0 8.9 7.5 2.5 2 0 3 3 3
4318.9 4160.7 -5.3 19 0 9.4 9.2 7.5 2.5 2 0 3 2 2
4345.7 4098.9 -4.3 211 0 9.4 6.0 7.5 2.5 2 0 3 5 5
4325.8 3984.7 -2.4 108 0 9.1 13.2 7.5 2.5 2 1 3 5 5
4329.4 3930.1 -3.1 200 0 9.2 9.4 2.5 2.5 2 1 1 5 5
4354.9 3875.2 -2.9 34 0 7.8 9.3 7.5 2.5 4 1 3 3 3
4506.6 3929.4 -2.3 201 0 7.1 6.6 7.5 2.5 2 0 3 1 1
4571.1 4180.2 -2.9 216 0 9.4 9.5 7.5 2.5 4 1 3 4 4
4593.1 4146.4 -2.1 124 0 8.5 16.7 5.0 2.5 2 1 2 4 4
4660.5 4118.9 -3.1 112 0 6.2 12.5 5.0 2.5 2 1 2 0 0
4798.5 4204.8 -4.6 311 0 6.0 7.1 7.5 2.5 2 1 3 0 0
4751.8 4257.1 -4.8 219 0 6.3 7.7 10.0 2.5 2 1 4 5 5
4715.3 4213.6 -4.5 206 0 11.4 11.5 5.0 2.5 2 1 2 1 1
4614.2 4311.5 -3.7 24 0 7.2 7.9 10.0 2.5 4 1 4 4 4
4619.2 4321.5 -3.8 30 0 8.6 7.1 7.5 2.5 2 0 3 3 3
4904.7 4584.9 -6.0 296 0 6.8 6.5 5.0 2.5 2 0 2 3 3
4907.8 4568.1 -5.9 29 0 9.9 8.9 7.5 2.5 2 0 3 1 1
5408.4 5558.8 -6.8 11 0 7.7 6.4 2.5 2.5 2 0 1 0 0
5223.2 5469.8 -6.6 113 0 7.4 6.1 5.0 2.5 2 0 2 3 3
5242.6 5614.8 -4.7 213 0 6.9 6.7 5.0 0.0 0 0 2 2 2
5300.4 5674.9 -4.9 206 0 9.7 9.1 5.0 0.0 0 0 2 1 1
5361.3 5651.2 -4.9 193 0 11.5 8.9 5.0 2.5 2 0 2 2 2
5411.8 5780.5 -4.7 218 0 9.1 8.8 7.5 2.5 2 0 3 2 2
5427.1 5889.1 -5.1 126 0 10.5 6.2 2.5 2.5 2 0 1 0 0
5480.3 5861.6 -4.4 123 0 10.7 8.3 5.0 2.5 4 0 2 4 4
5471.9 5908.3 -4.7 218 0 6.4 7.2 7.5 0.0 0 1 3 1 1
5558.4 6074.9 -7.9 35 0 6.6 31.1 5.0 2.5 2 1 2 4 4
5532.1 6097.7 -8.0 311 0 6.7 6.1 5.0 2.5 4 0 2 5 5
5545.8 6052.0 -7.2 33 0 37.2 9.4 5.0 2.5 2 0 2 3 3
5528.4 6055.7 -7.7 28 0 8.7 32.1 5.0 2.5 2 1 2 3 3
5711.4 6175.9 -7.1 299 0 7.9 9.9 5.0 2.5 2 1 2 1 1
5692.8 6215.1 -6.2 294 0 6.4 7.3 7.5 2.5 2 1 3 0 0
1780.8 -3680.7 0.5 214 0 6.6 15.3 5.0 2.5 2 1 2 3 3
1811.7 -3678.9 0.2 301 0 12.2 7.1 5.0 2.5 2 0 2 3 3
1808.2 -3706.7 0.7 123 0 8.3 10.8 7.5 2.5 4 1 3 4 4
1810.3 -3561.8 -0.6 109 0 6.7 8.4 2.5 2.5 4 1 1 3 3
1833.1 -3538.4 -0.2 22 0 34.7 9.8 7.5 2.5 2 0 3 0 0
1829.5 -3480.7 0.4 286 0 8.1 14.1 5.0 2.5 2 1 2 3 3
1814.8 -3476.2 -0.0 287 0 6.9 21.9 2.5 2.5 2 1 1 3 3
1897.4 -3495.9 2.2 95 0 8.9 15.2 7.5 2.5 2 1 3 2 2
1891.9 -3444.8 1.2 184 0 13.6 7.8 10.0 2.5 4 0 4 0 0
982.8 -4464.4 -3.8 110 0 6.1 6.3 7.5 2.5 2 1 3 3 3
4761.8 3588.8 -4.6 27 0 8.8 11.5 7.5 2.5 2 1 3 5 5
4698.7 3745.5 -5.1 119 0 8.4 10.1 2.5 2.5 2 1 1 5 5
4745.0 3986.8 -4.1 120 0 9.4 9.3 10.0 2.5 2 0 4 0 0
4744.2 4014.6 -4.2 298 0 6.8 7.4 10.0 2.5 2 1 4 0 0
4397.9 3470.9 -4.8 118 0 8.5 9.9 7.5 2.5 2 1 3 3 3
4522.4 3652.7 -3.9 298 0 8.9 6.3 5.0 2.5 2 0 2 3 3
4305.0 3035.7 -4.2 288 0 11.7 9.4 7.5 2.5 2 0 3 0 0
4395.3 3072.2 -3.5 24 0 7.6 7.0 5.0 2.5 2 0 2 4 4
5424.7 5843.1 -4.9 31 0 11.6 10.9 5.0 2.5 2 0 2 4 4
5457.8 5854.6 -4.7 301 0 7.9 11.0 2.5 2.5 2 1 1 0 0
5383.3 5887.1 -5.5 305 0 6.2 17.9 5.0 2.5 2 1 2 0 0
5393.3 5765.2 -4.7 211 0 21.3 17.8 5.0 2.5 2 0 2 4 4
5615.2 5682.4 -5.6 120 0 8.3 8.8 7.5 2.5 2 1 3 4 4
5376.6 5881.0 -5.5 303 0 11.7 9.2 7.5 2.5 2 0 3 5 5
5425.1 5843.1 -4.9 28 0 11.7 11.2 7.5 2.5 2 0 3 2 2
5309.9 5290.7 -6.2 27 0 14.1 7.7 5.0 2.5 2 0 2 4 4
5559.4 5788.2 -6.3 302 0 9.3 8.7 10.0 2.5 2 0 4 4 4
5451.1 5943.1 -5.7 34 0 6.1 8.5 7.5 2.5 2 1 3 1 1
5680.4 6082.1 -7.8 31 0 6.7 8.2 5.0 2.5 2 1 2 5 5
5646.5 6136.5 -7.8 206 0 7.9 7.1 7.5 2.5 2 0 3 5 5
6786.7 4164.7 -6.9 120 0 10.6 7.9 5.0 2.5 2 0 2 3 3
5839.5 4898.0 -6.1 116 0 6.7 8.0 7.5 2.5 2 1 3 2 2
5332.9 4507.7 -6.9 120 0 12.1 13.8 7.5 2.5 4 1 3 2 2
4153.6 1799.5 -3.8 282 0 6.2 20.6 7.5 2.5 2 1 3 0 0
4364.2 1706.2 -2.1 110 0 7.3 7.8 7.5 2.5 2 1 3 1 1
4370.4 1409.3 -2.8 28 0 9.7 9.9 5.0 2.5 2 1 2 3 3
4725.2 1521.3 -2.6 29 0 10.2 9.7 7.5 2.5 2 0 3 2 2
5023.5 228.3 -1.0 12 0 7.1 6.1 5.0 2.5 2 0 2 4 4
5328.5 205.3 -1.5 281 0 6.1 6.4 7.5 2.5 2 1 3 4 4
5827.5 -112.6 -5.5 321 0 9.4 15.4 7.5 2.5 2 1 3 4 4
6071.3 82.6 -2.2 26 0 8.9 8.7 7.5 2.5 2 0 3 3 3
6246.5 14.0 -1.7 31 0 9.6 9.3 5.0 2.5 2 0 2 5 5
6242.1 -74.5 -2.4 126 0 7.1 8.1 7.5 2.5 2 1 3 5 5
6366.1 194.5 -2.0 39 0 8.9 10.5 7.5 2.5 2 1 3 2 2
6480.0 294.2 -3.3 26 0 11.3 7.6 5.0 2.5 2 0 2 5 5
4201.2 1408.4 -3.6 246 0 17.0 18.8 7.5 2.5 2 1 3 3 3
4201.0 1387.5 -3.6 203 0 14.8 14.8 2.5 2.5 2 0 1 0 0
4273.6 1467.3 -3.0 0 0 9.4 9.4 7.5 2.5 2 0 3 0 0
4218.9 1341.0 -3.7 151 0 6.1 11.6 7.5 2.5 2 1 3 5 5
4272.7 1436.6 -3.1 357 0 11.5 10.0 7.5 2.5 2 0 3 1 1
4329.5 1378.1 -2.9 66 0 16.0 13.2 5.0 2.5 2 0 2 0 0
4219.1 1477.7 -3.3 203 0 8.5 7.6 5.0 2.5 2 0 2 2 2
4230.8 1400.0 -3.5 237 0 28.0 9.7 7.5 2.5 2 0 3 2 2
4276.1 1484.9 -2.8 326 0 9.5 8.0 2.5 2.5 4 0 1 5 5
4397.4 1517.8 -2.4 336 0 19.3 19.6 10.0 2.5 2 1 4 2 2
4391.3 1499.3 -2.4 102 0 15.7 18.6 7.5 0.0 0 1 3 4 4
5312.4 5749.6 -6.1 215 0 6.7 6.6 5.0 2.5 2 0 2 4 4
5128.8 5261.5 -6.2 115 0 8.7 13.4 7.5 2.5 4 1 3 2 2
4769.7 4649.3 -4.6 121 0 8.1 12.8 2.5 2.5 2 1 1 5 5
4639.4 4079.6 -2.3 300 0 10.2 9.1 7.5 2.5 2 0 3 0 0
4473.3 3425.2 -2.4 116 0 8.9 7.2 2.5 2.5 2 0 1 0 0
5935.4 2618.1 -5.5 210 0 10.5 7.7 5.0 2.5 2 0 2 1 1
