-4470.0 2005.9 -1.0 2 0 6.1 39.9 7.5 2.5 2 0 3 1 1
-4465.5 1721.2 -1.1 111 0 7.1 30.8 7.5 2.5 2 1 3 0 0
-4515.0 1244.0 0.1 300 0 6.6 13.0 5.0 0.0 0 1 2 4 4
-4264.4 1813.1 2.1 286 0 6.2 23.1 7.5 0.0 0 1 3 0 0
3412.0 6504.7 -1.7 48 0 7.9 7.6 7.5 0.0 0 0 3 1 1
3776.3 6516.5 -1.7 290 0 8.0 9.9 7.5 2.5 2 1 3 2 2
3701.2 6548.4 -2.2 213 0 9.6 7.9 7.5 2.5 4 0 3 0 0
3625.8 6802.7 -5.5 32 0 6.1 20.8 7.5 2.5 2 1 3 2 2
3550.9 6753.9 -3.5 193 0 15.4 14.9 7.5 2.5 2 0 3 1 1
3397.4 6545.1 -0.5 211 0 7.5 6.5 7.5 2.5 2 0 3 4 4
3342.0 6530.5 -2.2 133 0 7.6 9.2 5.0 2.5 2 1 2 2 2
3353.2 6646.7 -1.3 204 0 8.0 7.4 10.0 2.5 2 0 4 1 1
3409.8 6654.8 -0.7 36 0 9.5 8.8 7.5 2.5 2 0 3 3 3
3353.4 6681.3 -2.3 205 0 9.1 8.5 5.0 0.0 0 0 2 4 4
3371.9 6565.8 -0.2 29 0 7.4 9.2 7.5 2.5 4 1 3 5 5
3274.6 6621.5 -2.5 28 0 8.3 9.1 7.5 2.5 2 1 3 3 3
3319.0 6623.8 -1.2 214 0 8.5 8.1 7.5 2.5 4 0 3 4 4
-2322.4 5610.6 -1.6 108 0 12.2 7.4 10.0 2.5 4 0 4 4 4
-1734.9 5494.9 -1.2 139 0 6.6 6.1 7.5 2.5 2 0 3 0 0
-1720.6 5631.0 -0.2 137 0 6.4 7.5 10.0 2.5 2 1 4 4 4
-2231.1 5910.8 -3.9 316 0 7.3 6.6 5.0 2.5 2 0 2 0 0
-2216.9 5885.0 -3.9 127 0 6.1 14.3 7.5 0.0 0 1 3 2 2
-1945.0 5696.2 1.3 302 0 7.8 10.0 7.5 2.5 2 1 3 4 4
-2010.0 5861.4 -0.8 122 0 6.8 6.7 5.0 2.5 2 0 2 2 2
6904.0 6394.5 -5.5 33 0 8.3 6.8 5.0 2.5 2 0 2 4 4
6835.5 6465.4 -3.4 25 0 11.1 7.6 7.5 2.5 4 0 3 0 0
6723.8 6441.2 -6.4 123 0 6.8 8.3 10.0 2.5 2 1 4 5 5
6740.6 6472.9 -5.7 303 0 6.8 8.3 7.5 2.5 2 1 3 3 3
6873.7 6558.5 -2.3 303 0 6.8 8.3 5.0 2.5 4 1 2 4 4
6802.2 6612.0 -3.3 33 0 8.3 6.8 5.0 0.0 0 0 2 1 1
6738.6 6676.0 -4.0 213 0 8.3 6.8 10.0 2.5 2 0 4 3 3
6716.6 6478.4 -6.2 213 0 8.3 6.8 5.0 2.5 2 0 2 0 0
6659.5 6450.2 -6.5 188 0 13.4 31.0 10.0 2.5 2 1 4 5 5
6643.4 6453.9 -6.2 187 0 8.3 6.8 7.5 2.5 2 0 3 5 5
6644.1 6471.9 -6.3 187 0 8.3 6.8 5.0 2.5 2 0 2 1 1
6635.3 6440.4 -8.4 186 0 8.3 6.8 5.0 2.5 2 0 2 2 2
6638.3 6412.3 -11.8 187 0 8.3 6.8 7.5 2.5 2 0 3 0 0
6592.5 6404.4 -11.2 96 0 6.8 8.3 10.0 2.5 2 1 4 3 3
6656.9 6587.2 -6.8 4 0 8.7 11.6 5.0 2.5 2 1 2 2 2
6714.5 6602.9 -5.3 276 0 6.8 8.3 7.5 2.5 4 1 3 2 2
6516.1 6608.0 -6.5 24 0 8.3 6.8 5.0 2.5 2 0 2 0 0
6394.4 6556.8 -9.2 24 0 8.3 6.8 7.5 2.5 2 0 3 3 3
6377.9 6563.5 -9.4 204 0 8.3 6.8 7.5 2.5 2 0 3 0 0
6231.5 6463.6 -9.7 286 0 11.2 21.6 7.5 2.5 2 1 3 1 1
6219.2 6410.5 -10.2 106 0 11.2 21.6 10.0 2.5 2 1 4 1 1
6114.6 6356.8 -12.0 78 0 8.1 9.7 7.5 2.5 2 1 3 5 5
5631.8 6455.2 -5.0 55 0 14.0 6.8 7.5 2.5 2 0 3 4 4
5561.4 6300.5 -9.4 330 0 18.9 11.7 7.5 2.5 2 0 3 5 5
5478.7 6386.2 -3.6 231 0 9.4 12.9 7.5 2.5 2 1 3 2 2
5530.8 6355.6 -9.0 51 0 9.4 12.9 10.0 2.5 2 1 4 5 5
5483.9 6337.3 -5.8 228 0 9.6 8.5 7.5 2.5 2 0 3 4 4
5418.8 6266.5 -5.0 130 0 8.5 9.7 5.0 2.5 2 1 2 5 5
5419.5 6298.5 -3.9 220 0 9.7 8.5 5.0 2.5 4 0 2 3 3
5452.1 6313.9 -5.7 218 0 11.4 18.9 5.0 2.5 2 1 2 1 1
5384.2 6184.7 -5.0 310 0 8.5 9.7 7.5 2.5 4 1 3 4 4
5297.8 6077.4 -4.6 305 0 12.5 9.0 5.0 2.5 4 0 2 1 1
5265.4 6133.9 -3.9 40 0 9.7 8.5 5.0 2.5 2 0 2 1 1
5302.2 6175.4 -4.0 40 0 9.7 8.5 5.0 2.5 2 0 2 1 1
5286.0 6192.7 -4.0 220 0 9.7 8.5 7.5 2.5 2 0 3 0 0
5312.7 6202.7 -4.0 40 0 9.7 8.5 7.5 2.5 2 0 3 4 4
5196.5 5977.0 -10.5 310 0 8.5 9.7 10.0 2.5 2 1 4 2 2
5101.2 5892.4 -4.7 130 0 8.5 9.7 7.5 2.5 2 0 3 4 4
5111.6 5961.7 -7.5 310 0 8.5 9.7 2.5 2.5 2 0 1 2 2
5052.5 5953.1 -5.7 220 0 9.7 8.5 5.0 2.5 2 0 2 4 4
5061.9 5977.8 -5.7 220 0 9.7 8.5 7.5 2.5 2 0 3 4 4
5026.7 5936.0 -3.9 220 0 9.6 8.5 2.5 2.5 2 0 1 1 1
5011.6 5918.1 -3.5 40 0 9.6 8.5 2.5 2.5 2 0 1 2 2
4989.8 5948.1 -2.9 310 0 8.5 9.7 5.0 0.0 0 1 2 5 5
5012.3 5846.3 -5.8 310 0 8.5 9.7 7.5 2.5 2 1 3 2 2
4979.7 5804.2 -7.7 130 0 8.5 9.7 7.5 2.5 2 1 3 2 2
4922.3 5771.0 -4.0 40 0 9.7 8.5 7.5 2.5 2 0 3 4 4
4887.7 5785.7 -1.9 40 0 9.7 8.5 5.0 2.5 2 0 2 2 2
4873.1 5769.8 -1.5 40 0 9.7 8.5 7.5 2.5 2 0 3 4 4
4859.0 5756.8 -1.4 40 0 9.7 8.5 5.0 2.5 2 0 2 5 5
4844.4 5743.3 -1.5 40 0 9.7 8.5 7.5 2.5 2 0 3 0 0
4829.1 5773.3 -1.6 40 0 9.7 8.5 2.5 2.5 2 0 1 1 1
4834.4 5789.2 -1.9 40 0 9.7 8.5 7.5 2.5 2 0 3 3 3
4851.4 5808.1 -2.4 40 0 9.7 8.5 5.0 0.0 0 0 2 0 0
4866.0 5824.6 -2.8 40 0 9.7 8.5 7.5 2.5 2 0 3 2 2
4898.8 5853.5 -3.7 40 0 9.7 8.5 7.5 2.5 2 0 3 5 5
4934.0 5831.1 -4.0 40 0 9.7 8.5 2.5 2.5 2 0 1 1 1
4975.0 5880.6 -4.8 40 0 9.7 8.5 5.0 2.5 2 0 2 5 5
4991.9 5893.6 -4.4 40 0 9.7 8.5 7.5 2.5 2 0 3 1 1
4968.4 5927.1 -3.4 310 0 8.5 9.7 7.5 2.5 2 1 3 1 1
4950.8 5914.7 -3.4 310 0 8.5 9.7 2.5 2.5 2 1 1 1 1
4921.5 5971.3 -3.3 310 0 8.5 9.7 5.0 0.0 0 1 2 5 5
4829.1 5983.3 -2.8 220 0 9.7 8.5 7.5 2.5 2 0 3 2 2
4815.2 5925.0 -3.7 130 0 8.5 9.7 10.0 2.5 2 1 4 1 1
4841.4 5874.3 -4.2 220 0 9.6 8.5 5.0 0.0 0 0 2 5 5
4820.9 5863.7 -4.8 220 0 9.6 8.5 2.5 2.5 4 0 1 3 3
4798.1 5895.5 -4.7 220 0 9.7 8.5 5.0 2.5 2 0 2 3 3
4816.8 5839.5 -4.0 220 0 9.7 8.5 7.5 2.5 2 0 3 1 1
4723.8 5811.3 -3.0 130 0 8.5 9.7 5.0 2.5 2 1 2 4 4
4710.8 5799.4 -2.3 220 0 9.7 8.5 7.5 2.5 4 0 3 5 5
4727.2 5759.9 -1.3 220 0 9.6 8.5 10.0 2.5 2 0 4 2 2
4716.1 5744.0 -1.5 220 0 9.7 8.5 5.0 2.5 2 0 2 5 5
4707.3 5726.3 -1.7 220 0 9.7 8.5 7.5 0.0 0 0 3 3 3
4793.4 5740.3 -1.5 40 0 9.7 8.5 7.5 2.5 2 0 3 3 3
4777.6 5726.8 -1.7 40 0 9.7 8.5 7.5 2.5 2 0 3 3 3
4717.8 5703.3 -1.9 220 0 9.7 8.5 7.5 2.5 2 0 3 0 0
4807.3 5716.1 -1.9 310 0 8.5 9.7 7.5 2.5 2 1 3 5 5
4795.1 5700.2 -2.0 310 0 8.5 9.7 5.0 2.5 2 1 2 0 0
4771.8 5666.7 -2.3 40 0 9.7 8.5 7.5 2.5 2 0 3 3 3
4841.9 5674.8 -5.9 310 0 8.5 9.7 10.0 2.5 2 1 4 4 4
4823.6 5657.8 -5.5 40 0 9.7 8.5 7.5 2.5 2 0 3 5 5
4810.4 5646.3 -5.5 40 0 9.7 8.5 7.5 2.5 4 0 3 2 2
4796.5 5631.6 -5.7 40 0 8.6 8.3 5.0 2.5 2 0 2 5 5
4762.4 5605.4 -5.0 40 0 9.7 8.5 7.5 2.5 4 0 3 2 2
4726.4 5545.0 -5.0 40 0 9.7 8.5 5.0 2.5 4 0 2 3 3
4702.4 5600.1 -2.9 40 0 9.7 8.5 7.5 0.0 0 0 3 3 3
4687.1 5559.4 -3.1 41 0 7.1 8.5 2.5 2.5 4 1 1 2 2
4672.5 5545.0 -3.1 131 0 8.5 7.1 5.0 2.5 2 0 2 4 4
4652.1 5612.6 -2.5 131 0 8.5 7.1 2.5 2.5 2 0 1 0 0
4648.2 5590.0 -2.7 131 0 8.5 7.1 5.0 2.5 2 0 2 5 5
4571.7 5497.9 -0.7 128 0 6.5 6.9 7.5 2.5 2 1 3 0 0
4600.0 5474.7 -1.4 128 0 6.5 6.9 10.0 2.5 2 1 4 5 5
4534.5 5525.2 -1.6 128 0 6.5 6.9 7.5 2.5 2 1 3 3 3
4495.7 5550.2 -1.9 128 0 6.5 6.9 5.0 2.5 2 1 2 5 5
4542.9 5592.2 -2.0 218 0 6.9 6.5 7.5 2.5 2 0 3 5 5
4597.2 5621.9 -2.1 218 0 6.9 6.5 2.5 2.5 2 0 1 5 5
4550.2 5620.9 -1.8 218 0 6.9 6.5 10.0 2.5 4 0 4 2 2
4565.2 5646.1 -1.7 218 0 6.9 6.5 2.5 2.5 2 0 1 0 0
4582.0 5663.4 -1.6 218 0 6.9 6.5 10.0 2.5 2 0 4 4 4
4594.3 5674.6 -1.6 218 0 6.9 6.5 7.5 2.5 2 0 3 3 3
4626.3 5683.8 -1.6 218 0 6.9 6.5 5.0 2.5 2 0 2 1 1
4663.1 5704.1 -1.6 218 0 6.9 6.5 7.5 2.5 2 0 3 3 3
4649.0 5727.9 -1.4 218 0 6.9 6.5 5.0 2.5 2 0 2 1 1
4660.2 5745.3 -1.3 218 0 6.9 6.5 10.0 2.5 2 0 4 3 3
4683.1 5771.8 -1.4 218 0 6.9 6.5 7.5 2.5 2 0 3 2 2
4701.8 5752.0 -1.4 218 0 6.9 6.5 7.5 2.5 2 0 3 2 2
4666.6 5830.3 -2.9 128 0 6.5 6.9 7.5 0.0 0 1 3 2 2
4687.4 5894.9 -2.6 308 0 6.5 6.9 7.5 2.5 2 1 3 2 2
4718.0 5865.9 -3.6 308 0 6.5 6.9 7.5 2.5 4 1 3 4 4
4741.8 5902.7 -3.4 305 0 7.2 9.5 5.0 2.5 4 1 2 4 4
4785.7 6037.8 -2.7 35 0 9.5 7.2 2.5 2.5 2 0 1 1 1
4732.4 6059.8 -3.0 215 0 9.5 7.2 7.5 0.0 0 0 3 4 4
4724.3 6024.9 -3.4 215 0 9.5 7.2 5.0 2.5 4 0 2 3 3
4537.9 5792.5 -2.1 305 0 7.2 9.5 5.0 2.5 2 1 2 2 2
4599.9 6754.2 -2.2 14 0 9.5 7.2 2.5 2.5 2 0 1 5 5
4578.8 6758.5 -1.8 20 0 9.5 7.2 7.5 2.5 2 0 3 0 0
4531.8 6733.0 -1.6 195 0 9.5 7.2 7.5 2.5 2 0 3 0 0
4543.6 6761.3 -1.5 105 0 7.1 9.5 7.5 2.5 4 1 3 0 0
4526.8 6777.2 -1.4 105 0 7.2 9.5 2.5 2.5 4 1 1 5 5
4492.1 6774.6 -1.3 105 0 7.2 9.5 7.5 2.5 2 1 3 3 3
4458.3 6787.9 -1.1 195 0 9.5 7.2 10.0 2.5 2 0 4 0 0
4481.9 6832.5 -1.1 285 0 7.2 9.5 5.0 2.5 2 1 2 0 0
4447.6 6837.1 -1.5 195 0 9.5 7.2 5.0 0.0 0 0 2 1 1
4503.3 6833.6 -1.2 285 0 7.1 9.5 7.5 2.5 4 1 3 3 3
4529.8 6819.7 -1.3 285 0 7.2 9.5 7.5 2.5 2 1 3 3 3
4582.5 6794.2 -2.0 15 0 9.5 7.2 10.0 0.0 0 0 4 0 0
4651.2 6803.8 -3.3 285 0 7.2 9.5 7.5 2.5 2 1 3 3 3
5255.8 6472.2 -3.2 123 0 26.9 8.0 5.0 2.5 2 0 2 1 1
5237.8 6523.6 -3.7 301 0 9.7 35.6 10.0 2.5 2 1 4 5 5
5243.9 6109.9 -3.9 15 0 9.5 7.2 5.0 2.5 2 0 2 1 1
5223.6 6061.9 -3.8 116 0 7.2 9.5 7.5 2.5 4 1 3 5 5
5206.7 6072.7 -3.8 116 0 7.2 9.5 5.0 2.5 2 1 2 2 2
5182.3 6109.6 -3.8 116 0 7.2 9.5 7.5 2.5 4 1 3 1 1
5214.9 6173.1 -3.9 296 0 7.2 9.5 2.5 2.5 2 1 1 2 2
5175.7 6188.0 -4.0 296 0 7.2 9.5 7.5 0.0 0 1 3 0 0
5140.5 6143.5 -3.8 116 0 7.2 9.5 10.0 2.5 2 1 4 5 5
5110.4 6154.3 -4.0 116 0 7.2 9.5 7.5 2.5 2 1 3 2 2
5088.8 6182.7 -4.8 206 0 9.5 7.2 5.0 2.5 2 0 2 2 2
5139.0 6206.9 -4.8 296 0 7.2 9.5 2.5 2.5 2 1 1 0 0
5164.9 6154.8 -3.9 116 0 7.2 9.5 2.5 2.5 2 1 1 2 2
5148.2 6227.0 -5.1 296 0 7.2 9.5 5.0 2.5 2 1 2 5 5
5111.4 6238.9 -5.7 116 0 7.2 9.5 5.0 2.5 2 1 2 5 5
5086.2 6255.1 -5.6 116 0 7.2 9.5 7.5 2.5 2 1 3 1 1
5096.6 6280.5 -5.4 206 0 9.5 7.2 2.5 2.5 4 0 1 0 0
5105.2 6257.6 -5.9 116 0 7.2 9.5 5.0 2.5 2 1 2 3 3
5125.2 6297.1 -5.8 206 0 9.5 7.2 5.0 2.5 2 0 2 5 5
5151.3 6286.9 -5.9 26 0 9.5 7.2 7.5 2.5 2 0 3 2 2
5155.9 6306.1 -6.0 26 0 9.5 7.2 5.0 2.5 2 0 2 5 5
5139.6 6323.2 -5.4 296 0 7.2 9.5 10.0 2.5 2 1 4 5 5
4127.5 5645.2 -2.4 360 0 11.7 12.3 7.5 2.5 4 1 3 1 1
6902.8 6699.5 -1.2 36 0 8.0 7.1 7.5 2.5 2 0 3 3 3
5872.2 6813.0 -4.6 134 0 9.8 8.7 7.5 2.5 2 0 3 5 5
5942.9 6831.3 -5.2 315 0 7.9 8.5 2.5 2.5 2 1 1 0 0
5887.8 6842.2 -4.0 315 0 7.9 8.5 7.5 2.5 2 1 3 5 5
5858.0 6860.2 -2.8 315 0 7.9 8.5 10.0 2.5 2 1 4 0 0
5810.3 6852.8 -2.2 315 0 7.9 8.5 2.5 2.5 2 1 1 0 0
5697.3 6819.8 -0.9 225 0 8.5 7.9 7.5 0.0 0 0 3 1 1
5678.5 6514.5 -3.8 333 0 6.4 7.6 5.0 2.5 2 1 2 3 3
5681.2 6541.5 -4.3 333 0 6.4 7.6 7.5 2.5 2 1 3 0 0
5684.6 6565.5 -4.8 333 0 6.4 7.6 10.0 2.5 2 1 4 1 1
5628.1 6560.8 -2.9 333 0 6.4 7.6 5.0 2.5 2 1 2 4 4
5642.0 6569.9 -3.4 333 0 6.4 7.6 5.0 0.0 0 1 2 1 1
5625.9 6587.5 -2.9 333 0 6.4 7.6 5.0 2.5 2 1 2 4 4
5604.0 6570.4 -3.0 333 0 6.4 7.6 7.5 2.5 2 1 3 5 5
5589.9 6537.5 -3.8 153 0 6.4 7.6 5.0 2.5 2 1 2 3 3
5566.3 6559.3 -4.7 153 0 6.4 7.6 5.0 2.5 2 1 2 0 0
5543.2 6556.6 -5.9 153 0 6.4 7.6 5.0 2.5 2 1 2 0 0
5536.1 6569.3 -6.0 151 0 13.1 7.8 7.5 0.0 0 0 3 5 5
5556.1 6593.0 -4.9 243 0 7.6 6.4 7.5 0.0 0 0 3 2 2
5578.0 6586.7 -3.8 243 0 7.6 6.4 5.0 2.5 2 0 2 0 0
5541.8 6448.9 -7.6 153 0 6.4 7.6 7.5 2.5 2 1 3 3 3
5334.6 6591.1 -2.8 214 0 7.6 6.4 5.0 2.5 2 0 2 5 5
5346.2 6577.8 -2.5 124 0 6.4 7.6 7.5 2.5 2 1 3 1 1
5373.8 6604.6 -2.8 214 0 7.6 6.4 7.5 2.5 2 0 3 3 3
5371.2 6567.7 -2.5 34 0 20.7 6.6 7.5 2.5 2 0 3 0 0
5416.6 6614.9 -3.0 34 0 7.6 6.4 2.5 2.5 2 0 1 1 1
5378.5 6686.5 -4.2 304 0 6.4 7.6 5.0 2.5 2 1 2 3 3
5245.3 6740.8 -5.6 304 0 6.4 7.6 7.5 2.5 2 1 3 0 0
5210.3 6643.6 -6.1 34 0 7.6 6.4 5.0 2.5 2 0 2 5 5
5193.5 6647.7 -5.7 124 0 6.4 7.6 7.5 2.5 2 1 3 0 0
6899.1 6782.6 0.2 33 0 8.0 7.1 2.5 2.5 2 0 1 0 0
5117.0 6849.3 -2.3 272 0 6.1 8.4 7.5 2.5 2 1 3 2 2
4883.1 6774.4 -3.8 2 0 8.4 6.1 7.5 2.5 2 0 3 2 2
4860.0 6713.0 -3.0 182 0 8.4 6.1 7.5 2.5 4 0 3 2 2
4527.5 6283.8 -3.2 120 0 6.1 8.4 7.5 2.5 2 1 3 1 1
4585.7 6436.9 -3.4 126 0 8.4 6.2 10.0 2.5 2 0 4 3 3
4631.3 6447.6 -3.4 306 0 8.4 6.2 5.0 2.5 4 0 2 1 1
4668.4 6341.6 -4.4 36 0 6.2 8.4 2.5 2.5 2 1 1 5 5
4676.9 6356.9 -4.5 36 0 6.2 8.4 2.5 2.5 2 1 1 5 5
4641.8 6383.6 -4.2 216 0 6.1 8.4 10.0 2.5 2 1 4 1 1
4620.3 6290.7 -4.5 306 0 8.4 6.2 7.5 2.5 2 0 3 0 0
4511.1 5958.1 -0.4 216 0 6.2 8.4 7.5 2.5 2 1 3 4 4
4560.3 5959.2 -0.7 306 0 8.4 6.2 7.5 2.5 4 0 3 4 4
4527.6 5906.7 -0.9 216 0 6.2 8.4 5.0 2.5 2 1 2 0 0
4567.5 5885.8 -1.4 36 0 6.2 8.4 7.5 2.5 2 1 3 4 4
4607.1 5934.0 -1.3 306 0 8.4 6.2 5.0 2.5 2 0 2 5 5
4651.2 5966.9 -1.4 216 0 6.2 8.4 7.5 2.5 2 1 3 1 1
4792.1 5948.9 -3.5 216 0 6.2 8.4 5.0 2.5 2 1 2 3 3
-237.1 5283.3 -3.0 31 0 10.0 8.8 7.5 0.0 0 0 3 2 2
-617.7 4735.0 2.8 122 0 7.3 18.1 10.0 2.5 2 1 4 5 5
-301.7 5839.5 1.1 117 0 6.5 10.8 10.0 2.5 2 1 4 1 1
278.8 5635.8 -4.9 292 0 12.0 14.7 5.0 0.0 0 1 2 5 5
-4019.5 -210.1 -1.2 129 0 11.0 8.9 7.5 2.5 2 0 3 5 5
-4018.8 -227.3 -1.1 127 0 6.9 9.6 7.5 2.5 2 1 3 1 1
-3962.7 -153.6 -0.6 33 0 10.9 8.6 7.5 2.5 2 0 3 3 3
-4078.2 -216.2 -1.5 290 0 6.6 9.2 2.5 2.5 2 1 1 4 4
-4065.2 -158.1 -0.8 28 0 8.9 8.8 7.5 2.5 4 0 3 5 5
-4125.2 -254.4 -2.0 295 0 7.7 8.4 7.5 2.5 2 1 3 3 3
-4051.3 -116.9 0.2 15 0 13.2 8.4 7.5 2.5 2 0 3 1 1
-4088.8 -61.0 1.1 121 0 9.4 9.2 5.0 2.5 2 0 2 0 0
-4112.9 -128.2 -0.7 21 0 9.9 8.4 7.5 2.5 2 0 3 0 0
-4119.9 -42.2 1.4 117 0 8.1 12.2 7.5 2.5 2 1 3 1 1
-4169.0 -36.4 1.6 291 0 8.2 10.6 7.5 2.5 2 1 3 0 0
-4140.6 -193.8 -2.1 301 0 9.5 14.2 5.0 2.5 2 1 2 4 4
-4233.9 -130.2 -2.2 292 0 8.1 9.0 5.0 2.5 2 1 2 5 5
-4172.5 20.0 1.7 112 0 8.1 9.8 10.0 0.0 0 1 4 3 3
-4240.0 63.6 1.2 116 0 8.4 9.7 10.0 0.0 0 1 4 2 2
-4219.0 6.9 2.5 293 0 8.6 9.3 5.0 2.5 2 1 2 3 3
-4283.3 51.9 2.0 211 0 9.1 7.6 7.5 2.5 2 0 3 2 2
-4287.2 -33.1 0.3 122 0 9.2 11.1 5.0 2.5 2 1 2 1 1
-4312.5 -14.6 0.7 119 0 10.6 12.0 5.0 2.5 2 1 2 1 1
-4236.9 -60.9 -0.1 36 0 10.0 9.3 7.5 0.0 0 0 3 2 2
-4314.3 -124.6 -1.6 294 0 9.0 7.5 5.0 2.5 2 0 2 5 5
-4364.9 -116.7 -1.6 213 0 11.8 9.2 5.0 0.0 0 0 2 0 0
-4398.0 -113.2 -1.6 123 0 9.6 9.2 5.0 2.5 2 0 2 1 1
-4360.8 21.4 0.6 113 0 10.9 11.5 7.5 2.5 2 1 3 4 4
-4402.5 19.0 -0.0 304 0 7.4 8.0 5.0 0.0 0 1 2 4 4
-4438.1 19.8 -0.2 21 0 10.6 11.1 7.5 2.5 2 1 3 4 4
-4464.3 -27.0 -1.0 23 0 10.7 11.6 10.0 2.5 2 1 4 5 5
-4477.7 -47.1 -1.4 24 0 7.2 9.4 7.5 2.5 2 1 3 4 4
-4492.6 -114.2 -4.6 26 0 11.5 11.5 5.0 2.5 4 1 2 2 2
-4624.7 34.1 -0.3 216 0 11.8 13.3 7.5 2.5 2 1 3 5 5
-4543.6 -2.8 -1.7 298 0 10.1 9.2 5.0 2.5 2 0 2 0 0
-4558.2 -85.6 -3.8 216 0 10.2 11.0 5.0 2.5 2 1 2 5 5
-4528.3 -16.7 -0.7 301 0 9.1 10.6 10.0 2.5 2 1 4 2 2
-4488.8 46.8 -0.0 203 0 12.8 10.5 7.5 2.5 2 0 3 1 1
-4568.0 119.0 -0.3 301 0 11.2 17.6 7.5 2.5 2 1 3 4 4
-4600.9 79.4 -0.4 210 0 11.6 9.5 2.5 2.5 2 0 1 4 4
-4634.8 82.7 -0.1 28 0 8.5 13.2 7.5 0.0 0 1 3 4 4
-4620.8 145.1 -0.1 305 0 10.0 10.3 10.0 2.5 2 1 4 1 1
-4580.6 165.3 -0.3 36 0 10.2 11.0 5.0 2.5 2 1 2 5 5
-4558.3 142.3 -0.4 119 0 11.1 12.8 2.5 2.5 2 1 1 3 3
-4531.2 119.5 -0.4 118 0 9.5 11.1 5.0 2.5 2 1 2 2 2
-4349.5 235.7 0.3 16 0 11.0 10.2 5.0 2.5 2 0 2 5 5
-4351.1 158.2 -0.1 348 0 11.3 8.6 5.0 2.5 2 0 2 0 0
-4402.5 167.9 -0.3 210 0 10.3 8.7 7.5 2.5 2 0 3 1 1
-4409.1 135.0 0.8 198 0 11.0 9.4 10.0 2.5 2 0 4 3 3
-4415.9 196.6 -0.3 26 0 11.6 8.6 7.5 2.5 2 0 3 3 3
-4352.9 105.6 1.2 15 0 10.7 9.0 7.5 2.5 2 0 3 0 0
-4418.5 72.1 0.5 119 0 10.3 9.9 2.5 2.5 2 0 1 1 1
-4462.4 227.2 -0.1 125 0 15.3 11.0 10.0 2.5 2 0 4 3 3
-4511.4 302.7 1.2 142 0 10.8 9.4 2.5 2.5 2 0 1 5 5
-4544.6 365.1 2.0 305 0 9.4 10.1 5.0 2.5 2 1 2 4 4
-4514.7 467.5 1.5 30 0 14.1 9.5 7.5 2.5 4 0 3 0 0
-4588.1 377.0 1.7 36 0 12.2 9.9 7.5 2.5 2 0 3 4 4
-4600.9 355.0 1.2 29 0 10.8 11.9 7.5 2.5 4 1 3 0 0
-4604.3 280.0 -0.3 125 0 7.9 11.0 5.0 2.5 2 1 2 2 2
-4705.6 137.8 0.6 211 0 9.5 10.6 5.0 2.5 2 1 2 2 2
-4687.3 159.6 0.7 209 0 16.2 9.7 2.5 0.0 0 0 1 1 1
-4705.2 190.9 -1.0 14 0 11.1 12.4 7.5 2.5 2 1 3 3 3
-4674.4 255.0 0.3 31 0 9.1 13.6 5.0 2.5 2 1 2 4 4
-4727.7 302.6 -0.5 275 0 13.1 19.0 12.5 2.5 2 1 5 3 3
-4662.0 315.7 0.0 113 0 11.9 11.6 2.5 2.5 4 0 1 2 2
-4693.8 321.2 0.3 122 0 10.8 12.6 7.5 2.5 4 1 3 4 4
-4774.5 201.0 -2.4 30 0 10.2 9.2 5.0 2.5 2 0 2 5 5
-4804.4 283.9 -2.0 206 0 9.8 9.5 7.5 2.5 2 0 3 1 1
-4789.6 325.6 -0.6 206 0 11.5 10.5 7.5 2.5 2 0 3 3 3
-4753.2 315.0 -0.7 297 0 11.0 12.6 7.5 2.5 2 1 3 0 0
-4665.3 611.6 1.5 125 0 9.0 12.2 7.5 2.5 2 1 3 0 0
-4613.9 472.1 2.0 193 0 10.3 9.5 2.5 2.5 2 0 1 4 4
-4666.2 513.2 2.1 93 0 8.8 10.0 7.5 2.5 2 1 3 0 0
-4650.0 455.0 1.5 212 0 10.3 8.4 7.5 2.5 4 0 3 0 0
-4710.0 422.6 0.4 42 0 9.7 11.4 10.0 2.5 2 1 4 2 2
-4800.0 463.2 -1.6 32 0 15.1 10.6 7.5 2.5 2 0 3 1 1
-5134.0 554.9 -1.5 307 0 14.8 10.2 7.5 2.5 2 0 3 0 0
-5194.2 -94.1 -8.9 324 0 6.4 12.7 7.5 2.5 2 1 3 0 0
-5169.7 -38.9 -6.6 133 0 14.6 8.5 7.5 2.5 2 0 3 3 3
-5154.3 -45.4 -7.8 108 0 11.2 7.5 5.0 2.5 4 0 2 4 4
-5127.1 -38.6 -9.6 228 0 12.0 7.9 2.5 2.5 2 0 1 2 2
-5098.4 -9.9 -9.0 82 0 6.9 10.6 5.0 2.5 2 1 2 5 5
-5118.3 -26.4 -8.5 50 0 20.9 12.7 12.5 2.5 2 0 5 5 5
-5243.1 33.0 -3.8 118 0 7.7 12.4 7.5 2.5 4 1 3 4 4
-5279.6 -51.4 -3.2 33 0 6.6 8.1 7.5 2.5 2 1 3 3 3
-5194.0 446.8 -1.6 202 0 9.1 10.0 10.0 2.5 2 1 4 3 3
-5092.6 409.8 -1.4 207 0 10.8 8.9 5.0 2.5 2 0 2 5 5
-5096.7 533.9 -0.4 305 0 8.4 23.5 7.5 2.5 2 1 3 3 3
-5131.4 520.1 -0.9 117 0 11.2 11.9 7.5 2.5 2 1 3 0 0
-5089.6 523.4 -0.1 214 0 10.5 8.0 5.0 2.5 2 0 2 5 5
-5092.2 493.3 0.3 202 0 9.0 9.3 7.5 2.5 2 1 3 4 4
-5070.0 449.4 0.6 30 0 9.5 10.2 10.0 2.5 2 1 4 4 4
-5034.7 473.2 1.0 208 0 9.1 9.4 10.0 2.5 2 1 4 4 4
-5033.6 437.5 0.9 206 0 10.8 7.0 5.0 2.5 2 0 2 1 1
-5049.5 407.6 -0.4 205 0 11.8 8.1 7.5 2.5 2 0 3 2 2
-4979.0 434.7 0.7 303 0 8.4 9.0 10.0 2.5 4 1 4 0 0
-5002.0 413.5 0.6 299 0 8.7 11.0 7.5 2.5 2 1 3 2 2
-5020.2 384.5 -0.2 118 0 7.5 8.8 5.0 2.5 2 1 2 0 0
-5014.8 368.3 -0.7 116 0 8.3 10.6 5.0 2.5 2 1 2 4 4
-4975.2 364.0 -0.1 33 0 11.0 9.4 10.0 0.0 0 0 4 1 1
-4976.2 390.1 0.4 33 0 10.4 9.3 7.5 2.5 4 0 3 1 1
-4951.1 424.8 0.4 300 0 9.0 11.1 5.0 2.5 2 1 2 4 4
-4985.9 288.5 -3.4 118 0 11.5 14.0 7.5 2.5 2 1 3 2 2
-4947.3 330.4 -1.2 296 0 12.6 10.7 10.0 0.0 0 0 4 3 3
-4912.6 307.1 -1.5 297 0 9.6 13.4 5.0 0.0 0 1 2 4 4
-4868.8 281.7 -2.0 294 0 10.7 11.2 5.0 0.0 0 1 2 5 5
-4922.6 332.8 -0.8 117 0 8.9 13.3 2.5 2.5 2 1 1 5 5
-4918.2 408.7 -0.4 297 0 9.8 11.5 10.0 2.5 2 1 4 5 5
-4898.3 392.8 -0.8 292 0 10.0 10.0 5.0 2.5 2 0 2 5 5
-4882.9 318.2 -1.4 109 0 8.0 11.7 7.5 2.5 2 1 3 0 0
-4841.7 298.3 -1.2 114 0 8.8 12.3 5.0 2.5 2 1 2 2 2
-4811.6 345.9 -0.9 299 0 10.3 12.4 2.5 2.5 2 1 1 5 5
-4858.3 362.5 -1.1 303 0 8.4 9.1 10.0 2.5 2 1 4 3 3
-4830.7 258.2 -3.1 211 0 10.6 10.4 2.5 2.5 2 0 1 5 5
-4823.1 219.2 -3.6 121 0 10.1 11.4 5.0 2.5 2 1 2 1 1
-4886.9 418.3 -1.3 121 0 14.4 10.4 7.5 2.5 2 0 3 0 0
-4876.1 463.1 -1.7 205 0 13.6 11.0 7.5 2.5 2 0 3 1 1
-4868.3 534.8 -0.6 32 0 8.8 14.1 10.0 0.0 0 1 4 0 0
-4956.0 528.7 -1.0 202 0 12.5 8.4 5.0 2.5 2 0 2 3 3
-4895.0 618.9 0.2 21 0 13.5 36.9 10.0 2.5 2 1 4 0 0
-4896.2 599.1 0.1 27 0 20.8 9.2 2.5 2.5 2 0 1 3 3
-4975.7 635.7 -0.8 289 0 9.5 10.9 7.5 2.5 2 1 3 4 4
-4976.5 571.0 -0.8 34 0 9.4 10.9 7.5 2.5 2 1 3 4 4
-4997.3 525.3 -0.2 30 0 11.9 12.7 7.5 2.5 2 1 3 0 0
-5009.1 502.0 0.4 28 0 10.7 10.2 7.5 2.5 2 0 3 2 2
-5029.7 527.0 -0.0 116 0 9.1 8.9 7.5 2.5 2 0 3 5 5
-4996.6 644.4 -0.7 299 0 11.9 10.4 2.5 2.5 2 0 1 5 5
-5039.0 614.9 -0.3 299 0 12.4 14.2 5.0 2.5 2 1 2 5 5
-5061.5 635.8 -0.1 296 0 8.5 13.9 5.0 0.0 0 1 2 5 5
-5128.8 623.8 -0.1 201 0 9.5 9.2 7.5 2.5 2 0 3 1 1
-5130.7 589.4 -0.4 119 0 8.9 11.8 5.0 2.5 4 1 2 0 0
-5198.6 615.6 -1.8 118 0 9.2 11.8 10.0 0.0 0 1 4 0 0
-5234.3 618.9 -2.7 293 0 6.5 12.1 10.0 2.5 2 1 4 5 5
-5394.3 548.8 -0.1 300 0 11.4 13.1 7.5 2.5 2 1 3 1 1
-5454.9 528.9 -1.1 19 0 9.5 10.1 5.0 2.5 2 1 2 5 5
-5494.9 547.5 -0.9 119 0 10.7 8.4 7.5 2.5 2 0 3 0 0
-4396.1 485.6 0.5 111 0 8.2 9.6 7.5 2.5 2 1 3 1 1
-4448.2 512.2 1.3 201 0 12.5 10.9 5.0 2.5 2 0 2 3 3
-4439.4 590.9 1.1 91 0 7.9 11.0 5.0 2.5 2 1 2 2 2
254.7 5607.5 -4.9 148 0 8.5 21.0 2.5 2.5 2 1 1 4 4
-436.7 5705.7 0.6 15 0 11.3 11.1 2.5 2.5 2 0 1 4 4
-337.7 5878.5 0.4 29 0 10.4 9.7 7.5 2.5 2 0 3 5 5
-1198.2 3723.7 -3.1 123 0 8.8 11.3 7.5 2.5 2 1 3 2 2
