-34.8 -4074.7 -2.2 286 0 9.7 25.2 10.0 2.5 2 0 4 5 5
-94.1 -4096.5 -1.3 107 0 10.3 33.0 7.5 2.5 2 0 3 2 2
-58.7 -4073.9 -1.4 20 0 9.1 21.1 7.5 2.5 2 0 3 4 4
-112.7 -4066.8 -0.9 198 0 36.1 10.6 10.0 2.5 2 0 4 3 3
-5441.9 -3992.8 -5.8 285 0 18.0 29.7 7.5 0.0 0 1 3 3 3
-5068.0 -3515.4 -9.2 268 0 9.9 18.3 7.5 2.5 2 1 3 4 4
-4659.3 -3068.4 -3.8 216 0 11.3 11.2 5.0 2.5 2 0 2 5 5
6587.1 -278.0 -6.7 200 0 40.0 28.2 10.0 0.0 0 0 4 4 4
-2766.9 -3945.6 5.6 212 0 8.9 8.9 5.0 0.0 0 1 2 4 4
-2729.0 -4025.4 1.8 37 0 9.3 10.0 5.0 2.5 2 1 2 2 2
-2713.2 -3961.0 2.5 307 0 10.8 10.5 5.0 2.5 2 0 2 1 1
-2325.6 -4582.2 1.9 32 0 10.3 10.6 5.0 2.5 2 1 2 3 3
-2333.7 -4599.1 1.9 31 0 9.0 9.9 2.5 2.5 2 1 1 3 3
-2341.4 -4618.7 1.8 29 0 9.0 9.3 7.5 2.5 2 1 3 5 5
-2370.4 -4689.2 3.0 29 0 9.7 11.1 5.0 2.5 4 1 2 1 1
-2385.3 -4724.4 2.7 29 0 10.5 10.7 2.5 2.5 2 1 1 1 1
-2402.1 -4761.4 1.8 26 0 9.4 10.8 7.5 2.5 2 1 3 0 0
-2434.0 -4818.4 0.5 119 0 11.0 10.1 5.0 0.0 0 0 2 2 2
-3606.6 -4894.8 -0.6 32 0 9.5 11.3 5.0 2.5 2 1 2 5 5
-2388.5 -4356.1 -0.0 135 0 8.0 12.0 5.0 2.5 2 1 2 2 2
-2298.7 -4358.7 1.0 325 0 8.6 9.9 5.0 2.5 2 1 2 0 0
-2249.2 -4304.0 1.0 237 0 11.6 8.7 2.5 2.5 2 0 1 1 1
-1907.3 -4404.0 -1.2 34 0 8.9 7.3 5.0 2.5 2 0 2 4 4
-1680.9 -4746.0 -3.2 119 0 7.7 8.6 7.5 2.5 2 1 3 2 2
-2069.7 -4709.2 -1.0 199 0 9.6 10.7 5.0 2.5 2 0 2 2 2
-2085.7 -4764.1 0.1 199 0 10.2 10.6 5.0 2.5 2 0 2 4 4
-2091.4 -4783.6 0.5 200 0 9.7 11.6 5.0 0.0 0 0 2 3 3
-2103.0 -4823.1 1.4 199 0 7.8 10.1 5.0 2.5 2 0 2 0 0
-2208.2 -4793.2 2.5 317 0 9.7 9.4 5.0 2.5 2 0 2 4 4
-2192.5 -4805.8 2.4 316 0 9.8 9.0 7.5 2.5 2 0 3 2 2
-2177.2 -4818.4 2.2 314 0 9.7 9.1 5.0 2.5 2 0 2 2 2
-2146.4 -4843.1 2.0 316 0 10.5 8.6 2.5 2.5 2 0 1 2 2
-2184.0 -4969.1 0.5 315 0 9.3 11.4 7.5 2.5 2 1 3 5 5
-2215.2 -4944.6 0.9 311 0 9.6 9.9 5.0 2.5 4 1 2 2 2
-2230.4 -4933.0 1.0 313 0 9.8 10.9 5.0 0.0 0 1 2 5 5
-2292.9 -4882.2 1.4 312 0 9.1 11.1 7.5 2.5 2 1 3 4 4
-2259.1 -4857.9 1.8 127 0 9.4 10.9 5.0 2.5 2 1 2 0 0
-2226.1 -4882.5 1.5 126 0 9.3 10.7 5.0 2.5 4 1 2 0 0
-2195.4 -4908.2 1.3 123 0 8.8 11.3 2.5 2.5 2 1 1 2 2
-2178.4 -4919.8 1.3 122 0 9.7 11.1 5.0 2.5 2 1 2 4 4
-2163.4 -4932.2 1.6 122 0 9.4 10.4 2.5 2.5 2 1 1 5 5
-2131.7 -4957.6 2.2 123 0 9.7 12.0 2.5 2.5 2 1 1 2 2
-2118.2 -4967.6 2.4 121 0 9.5 11.8 5.0 2.5 2 1 2 2 2
-2027.1 -4830.1 1.5 19 0 9.3 10.8 5.0 0.0 0 1 2 1 1
-2021.7 -4810.7 1.5 23 0 9.8 10.4 5.0 0.0 0 1 2 3 3
-2004.5 -4752.3 0.2 23 0 9.7 10.8 2.5 2.5 2 1 1 3 3
-1972.1 -4754.0 0.7 203 0 9.8 10.4 5.0 2.5 2 1 2 0 0
-1982.9 -4791.7 1.3 200 0 9.1 10.6 2.5 2.5 2 1 1 3 3
-2030.8 -4966.9 1.8 204 0 9.5 10.9 5.0 2.5 2 1 2 0 0
-2036.1 -4986.5 2.0 205 0 9.6 11.7 7.5 2.5 2 1 3 3 3
-1963.5 -4984.2 2.2 290 0 10.7 9.2 5.0 2.5 2 0 2 0 0
-1947.8 -4952.7 1.2 21 0 9.1 11.7 5.0 2.5 2 1 2 2 2
-1935.9 -4913.2 1.0 18 0 9.5 11.9 5.0 2.5 2 1 2 3 3
-1930.5 -4893.0 1.1 14 0 9.5 11.6 2.5 2.5 2 1 1 5 5
-1925.6 -4872.8 1.1 17 0 9.3 11.5 5.0 2.5 2 1 2 4 4
-1909.1 -4814.8 1.4 26 0 9.2 11.0 2.5 2.5 2 1 1 1 1
-1793.4 -4927.6 2.0 263 0 11.7 8.9 5.0 2.5 4 0 2 3 3
-1089.9 -4609.6 1.2 287 0 8.2 10.1 5.0 2.5 2 1 2 0 0
-1057.5 -4638.6 1.5 113 0 10.7 8.8 2.5 2.5 2 0 1 4 4
-1031.8 -4618.6 1.6 283 0 6.1 6.9 2.5 0.0 0 1 1 0 0
-1021.9 -4604.3 1.5 287 0 9.6 10.8 5.0 2.5 2 1 2 2 2
-952.7 -4651.1 0.7 123 0 9.2 9.2 5.0 2.5 4 0 2 4 4
-849.1 -4715.7 1.6 28 0 9.6 8.8 5.0 2.5 2 0 2 4 4
-822.9 -4778.5 1.7 29 0 10.8 7.9 2.5 2.5 2 0 1 2 2
-742.5 -4816.2 0.5 28 0 11.7 8.2 2.5 0.0 0 0 1 0 0
-662.5 -4884.8 0.2 214 0 7.6 6.0 2.5 2.5 2 0 1 3 3
-636.1 -4914.2 0.0 31 0 8.5 8.7 7.5 2.5 2 1 3 1 1
-540.7 -4925.0 -0.2 296 0 8.9 10.2 2.5 2.5 4 1 1 2 2
-482.7 -4989.4 -1.1 30 0 8.9 9.5 5.0 2.5 2 1 2 2 2
-686.9 -4794.4 0.2 300 0 8.3 9.9 5.0 2.5 2 1 2 2 2
-542.0 -4658.6 0.7 112 0 9.2 8.4 5.0 2.5 2 0 2 3 3
-491.1 -4715.5 3.0 298 0 10.9 8.6 7.5 2.5 2 0 3 1 1
-461.5 -4776.3 2.0 119 0 10.9 14.7 7.5 2.5 2 1 3 1 1
-272.0 -4808.1 -2.7 298 0 8.9 8.5 2.5 2.5 2 0 1 5 5
-467.1 -4968.1 -1.1 28 0 9.4 10.7 2.5 2.5 4 1 1 1 1
-449.6 -4943.7 -1.3 25 0 8.9 10.8 2.5 2.5 2 1 1 1 1
-410.0 -4859.0 -1.0 29 0 7.9 9.6 2.5 2.5 2 1 1 4 4
-396.7 -4796.0 0.1 30 0 8.7 13.5 5.0 2.5 2 1 2 5 5
-386.9 -4746.0 0.7 120 0 10.1 10.4 5.0 2.5 2 1 2 0 0
-270.3 -4361.2 -0.9 20 0 8.7 9.7 7.5 0.0 0 1 3 1 1
-247.6 -4432.6 -1.1 335 0 8.0 9.5 5.0 2.5 4 1 2 0 0
593.7 -1229.5 3.5 203 0 8.8 7.8 5.0 0.0 0 0 2 5 5
633.0 -1400.7 0.4 33 0 9.6 7.8 2.5 2.5 2 0 1 0 0
71.2 -1505.1 0.9 200 0 8.9 8.1 2.5 2.5 4 0 1 1 1
147.9 -1546.3 1.0 121 0 8.0 8.1 5.0 0.0 0 1 2 5 5
184.9 -1566.8 0.5 117 0 9.0 8.6 5.0 2.5 4 0 2 4 4
288.1 -1571.2 0.3 212 0 8.1 8.4 7.5 0.0 0 1 3 3 3
303.9 -1642.2 1.6 46 0 7.5 7.9 5.0 2.5 2 1 2 4 4
738.4 -1753.9 1.9 12 0 7.8 8.9 5.0 2.5 2 1 2 2 2
633.2 -1696.3 0.3 291 0 8.6 9.3 5.0 0.0 0 1 2 0 0
775.2 -1816.9 2.2 20 0 9.5 8.1 2.5 2.5 2 0 1 4 4
737.2 -1857.8 1.6 111 0 7.8 8.7 5.0 0.0 0 1 2 5 5
769.0 -1869.7 1.7 21 0 12.6 6.7 5.0 2.5 2 0 2 1 1
690.8 -1805.6 1.5 198 0 9.3 9.5 2.5 2.5 2 1 1 0 0
682.9 -1841.4 1.2 105 0 8.0 7.9 5.0 2.5 2 0 2 5 5
681.2 -1859.5 0.9 104 0 6.5 7.2 5.0 2.5 2 1 2 2 2
660.3 -1779.9 0.8 104 0 8.8 8.5 5.0 2.5 2 0 2 2 2
613.6 -1800.8 0.5 115 0 11.4 9.1 2.5 2.5 2 0 1 0 0
559.5 -1770.9 0.1 111 0 13.0 8.6 2.5 2.5 2 0 1 5 5
591.9 -1682.4 -0.3 294 0 8.7 9.9 5.0 2.5 2 1 2 2 2
523.7 -1659.4 -1.3 296 0 8.1 8.4 5.0 2.5 2 1 2 4 4
448.7 -1607.0 -1.0 303 0 8.3 9.1 5.0 2.5 2 1 2 5 5
423.5 -1701.6 0.8 17 0 8.6 8.5 2.5 0.0 0 0 1 0 0
408.8 -1860.0 -0.0 216 0 9.1 7.8 5.0 2.5 2 0 2 4 4
738.5 -1999.1 0.8 19 0 9.2 7.6 5.0 2.5 2 0 2 1 1
585.5 -2742.5 -0.8 306 0 9.8 8.8 5.0 2.5 2 0 2 2 2
653.1 -2676.0 -0.0 31 0 8.3 9.1 5.0 2.5 2 1 2 0 0
433.6 -2950.7 -2.3 298 0 9.2 9.6 2.5 2.5 2 1 1 0 0
486.7 -3922.9 0.2 49 0 8.3 8.2 5.0 2.5 2 0 2 4 4
385.9 -3655.5 -0.8 134 0 11.1 7.8 7.5 2.5 2 0 3 3 3
148.4 -3545.5 -1.7 207 0 8.7 11.9 2.5 2.5 2 1 1 0 0
163.0 -3517.9 -1.3 206 0 8.3 11.2 2.5 2.5 2 1 1 4 4
213.9 -3411.7 -0.2 307 0 8.3 8.4 5.0 2.5 2 1 2 0 0
226.7 -3510.2 0.0 124 0 8.4 8.3 5.0 2.5 2 0 2 1 1
257.1 -3480.9 -0.5 319 0 6.7 7.1 5.0 2.5 2 1 2 1 1
302.8 -3574.0 -0.0 312 0 8.6 8.6 5.0 2.5 2 1 2 2 2
307.5 -3596.1 -0.3 310 0 6.1 6.2 5.0 2.5 2 1 2 4 4
327.0 -3665.6 -1.2 138 0 8.5 10.5 5.0 2.5 2 1 2 2 2
-84.2 -4033.0 0.3 199 0 10.5 6.6 5.0 2.5 2 0 2 5 5
-411.1 -4339.4 -1.3 305 0 9.3 9.2 5.0 2.5 2 0 2 3 3
-446.9 -4335.8 -1.5 305 0 17.0 8.3 5.0 2.5 2 0 2 0 0
-464.5 -4348.4 -1.0 309 0 8.4 25.3 5.0 2.5 2 1 2 5 5
-465.7 -4459.7 -0.2 106 0 6.9 6.9 2.5 0.0 0 0 1 3 3
-212.4 -4144.4 -0.4 293 0 8.6 10.7 2.5 2.5 4 1 1 2 2
-197.5 -4149.3 -0.2 295 0 6.8 7.5 5.0 2.5 2 1 2 1 1
-163.8 -4226.0 0.5 111 0 7.1 10.4 5.0 2.5 2 1 2 0 0
-141.9 -4191.5 0.1 28 0 7.4 11.3 2.5 2.5 2 1 1 2 2
-77.9 -4150.0 -1.6 93 0 22.1 12.6 12.5 0.0 0 0 5 4 4
-2782.1 -3726.3 1.0 214 0 12.8 7.0 5.0 2.5 2 0 2 2 2
-3311.0 -3412.4 -3.2 33 0 11.6 9.0 5.0 2.5 2 0 2 2 2
-3257.9 -3527.8 -2.2 27 0 9.5 8.5 5.0 2.5 2 0 2 3 3
-3166.5 -3570.2 -0.3 30 0 8.8 9.3 2.5 2.5 2 1 1 5 5
-3417.0 -3748.0 -0.8 122 0 8.5 9.0 2.5 2.5 2 1 1 2 2
-3433.0 -3946.9 1.7 302 0 7.6 10.0 5.0 2.5 2 1 2 3 3
-3418.6 -3976.3 1.8 121 0 7.9 8.2 5.0 2.5 2 1 2 2 2
-3400.5 -3849.9 1.7 303 0 9.9 8.1 5.0 2.5 2 0 2 4 4
-3356.9 -3760.1 0.6 24 0 9.7 8.8 5.0 2.5 2 0 2 0 0
-3241.9 -3719.4 1.0 27 0 8.9 10.3 5.0 2.5 4 1 2 1 1
-2997.8 -3692.1 0.4 306 0 13.3 9.9 5.0 2.5 2 0 2 2 2
-3091.5 -3733.7 1.7 34 0 9.2 9.1 5.0 2.5 4 0 2 0 0
-3111.0 -3787.4 1.2 38 0 11.4 8.4 5.0 0.0 0 0 2 2 2
-3126.4 -3822.5 1.9 22 0 10.3 13.1 5.0 2.5 2 1 2 1 1
-3315.5 -4047.5 1.4 24 0 7.8 7.4 2.5 2.5 2 0 1 4 4
-3238.6 -3945.4 1.1 298 0 9.1 10.5 2.5 2.5 2 1 1 0 0
-3247.1 -3995.4 0.4 207 0 7.6 10.1 5.0 2.5 2 1 2 0 0
-3164.6 -4010.8 1.1 116 0 7.8 9.2 2.5 2.5 2 1 1 4 4
-3178.6 -4034.8 0.7 113 0 7.0 6.9 5.0 2.5 2 0 2 1 1
-2961.4 -3996.2 0.6 222 0 8.3 13.2 5.0 2.5 2 1 2 2 2
-2934.5 -4054.4 1.0 107 0 13.2 7.1 5.0 2.5 2 0 2 4 4
-2915.9 -4062.1 1.0 106 0 20.7 9.2 7.5 2.5 2 0 3 5 5
-3009.3 -3754.8 2.9 97 0 7.1 6.7 5.0 2.5 2 0 2 5 5
-2998.0 -3756.2 2.8 112 0 12.7 8.9 5.0 2.5 2 0 2 4 4
-2945.1 -3786.4 2.6 117 0 9.3 6.9 5.0 2.5 2 0 2 4 4
-435.6 -3983.8 -2.1 110 0 7.9 15.1 2.5 2.5 2 1 1 5 5
-447.8 -3978.8 -2.3 114 0 7.8 15.1 5.0 2.5 2 1 2 2 2
-493.0 -3984.7 -2.7 9 0 13.0 14.4 5.0 2.5 2 1 2 1 1
-516.6 -4011.9 -3.0 150 0 9.5 7.7 5.0 2.5 2 0 2 3 3
-473.8 -4049.6 -2.5 6 0 10.2 6.1 7.5 2.5 2 0 3 4 4
-1031.2 -4565.4 1.1 116 0 9.4 8.5 5.0 2.5 2 0 2 0 0
-681.0 -4626.5 -0.4 115 0 10.0 8.7 5.0 2.5 2 0 2 5 5
-718.9 -4562.1 1.1 203 0 10.9 7.7 5.0 2.5 2 0 2 5 5
-630.9 -4524.1 -0.2 31 0 8.4 13.1 5.0 2.5 2 1 2 1 1
-615.5 -4464.0 -0.2 299 0 11.6 8.4 2.5 2.5 2 0 1 3 3
-683.4 -4184.7 -0.6 117 0 11.0 6.7 2.5 2.5 2 0 1 5 5
-660.3 -4076.9 0.4 289 0 6.3 6.1 2.5 2.5 2 0 1 0 0
-625.2 -4093.4 -1.0 288 0 9.9 6.6 5.0 2.5 2 0 2 0 0
-653.9 -4144.6 -0.4 112 0 6.9 9.9 2.5 2.5 2 1 1 1 1
-633.9 -4152.9 -1.3 112 0 6.2 8.5 2.5 2.5 2 1 1 4 4
-563.9 -4107.6 -2.2 29 0 8.0 14.5 5.0 2.5 2 1 2 4 4
-469.7 -4220.2 -1.4 307 0 6.1 13.6 5.0 2.5 2 1 2 4 4
-421.0 -4243.5 -1.3 314 0 7.2 7.1 2.5 2.5 2 0 1 5 5
792.4 -2342.2 0.6 298 0 9.9 9.3 2.5 2.5 2 0 1 4 4
752.7 -2288.0 0.8 29 0 8.7 9.0 5.0 2.5 2 1 2 5 5
734.6 -2310.5 0.3 205 0 8.1 9.3 7.5 2.5 2 1 3 3 3
715.8 -2323.9 -0.2 196 0 7.8 17.2 2.5 2.5 2 1 1 4 4
-308.4 -2939.6 0.3 126 0 7.9 10.8 5.0 2.5 2 1 2 5 5
-1534.1 -3626.9 -0.6 217 0 8.7 7.0 5.0 2.5 2 0 2 0 0
-1489.4 -3672.3 0.1 32 0 8.7 8.3 5.0 2.5 2 0 2 4 4
-1426.2 -3580.5 0.1 38 0 8.3 7.6 2.5 2.5 4 0 1 0 0
-1557.8 -3532.1 -0.8 204 0 8.6 8.6 2.5 2.5 2 0 1 4 4
-1465.3 -3487.2 1.1 31 0 8.1 9.5 5.0 2.5 4 1 2 3 3
-1358.7 -3363.5 -0.7 34 0 8.6 8.6 5.0 2.5 2 0 2 5 5
-1409.6 -3467.0 1.0 218 0 8.3 9.0 2.5 2.5 2 1 1 4 4
-1327.6 -3506.5 -0.3 218 0 9.1 8.1 2.5 2.5 4 0 1 4 4
-1308.1 -3485.0 -0.1 218 0 7.8 7.2 2.5 2.5 2 0 1 3 3
-1394.0 -3587.8 -0.6 216 0 10.4 9.4 5.0 2.5 2 0 2 2 2
-1336.4 -3741.7 0.7 39 0 10.3 10.3 7.5 2.5 2 1 3 2 2
-1277.0 -3798.0 -0.5 310 0 8.1 19.4 2.5 0.0 0 1 1 1 1
-1203.4 -3935.2 -0.2 92 0 7.3 7.2 2.5 2.5 2 0 1 4 4
-1155.0 -3726.2 0.7 77 0 8.9 7.7 2.5 2.5 2 0 1 2 2
-1130.8 -3712.4 0.8 315 0 11.4 7.6 5.0 2.5 2 0 2 1 1
-1112.6 -3764.8 0.3 15 0 9.3 20.6 5.0 2.5 2 1 2 2 2
-889.2 -3903.5 -0.6 338 0 7.4 6.3 5.0 0.0 0 0 2 1 1
-230.9 -3934.0 -2.3 60 0 15.6 17.9 7.5 2.5 2 1 3 2 2
-733.2 -4146.3 0.4 140 0 8.1 8.5 5.0 2.5 2 1 2 1 1
-726.5 -4153.6 0.3 137 0 7.6 8.3 2.5 0.0 0 1 1 3 3
-699.0 -4163.5 -0.2 113 0 18.1 9.3 7.5 2.5 2 0 3 2 2
-544.3 -3903.7 -1.0 304 0 9.5 8.3 2.5 0.0 0 0 1 5 5
-527.6 -3942.4 -1.6 110 0 7.6 6.7 5.0 2.5 2 0 2 0 0
-509.8 -3953.4 -2.0 95 0 6.9 14.2 2.5 2.5 2 1 1 5 5
-434.7 -3903.2 -1.0 207 0 6.8 13.2 5.0 2.5 2 1 2 1 1
-418.9 -3882.5 -0.3 218 0 6.1 6.2 2.5 2.5 4 1 1 3 3
-412.6 -3886.7 -0.3 217 0 6.5 8.8 5.0 2.5 2 1 2 5 5
-398.7 -3911.0 -0.4 46 0 8.1 6.9 5.0 0.0 0 0 2 3 3
-384.7 -3872.1 0.2 291 0 6.7 6.0 5.0 2.5 2 0 2 2 2
-392.1 -3960.5 -1.0 19 0 7.9 7.3 5.0 2.5 2 0 2 0 0
-336.8 -4071.1 -1.6 89 0 10.6 19.2 5.0 0.0 0 1 2 2 2
-340.0 -3983.3 -0.7 278 0 8.5 6.2 7.5 2.5 2 0 3 4 4
-283.4 -4019.1 -1.0 23 0 6.2 9.0 5.0 2.5 2 1 2 4 4
-332.1 -4442.2 -0.3 26 0 6.9 8.3 2.5 0.0 0 1 1 0 0
-344.9 -4389.9 -0.6 294 0 8.1 8.2 5.0 2.5 4 1 2 2 2
-282.1 -4821.0 -2.5 47 0 6.8 7.9 5.0 2.5 2 1 2 5 5
-531.1 -4948.2 -0.4 294 0 7.0 8.2 2.5 2.5 2 1 1 3 3
15.6 -3376.2 -0.8 32 0 6.8 6.4 2.5 0.0 0 0 1 4 4
92.5 -3306.5 0.7 303 0 6.1 6.4 5.0 2.5 2 1 2 1 1
-988.2 -3909.4 -0.5 275 0 6.7 12.5 7.5 2.5 4 1 3 3 3
-594.3 -2450.4 -0.8 122 0 8.5 10.7 2.5 2.5 2 1 1 3 3
-1515.0 -3329.1 -1.4 25 0 7.0 6.5 5.0 2.5 2 0 2 1 1
-1601.3 -3357.9 -1.2 129 0 8.9 9.2 5.0 2.5 2 1 2 4 4
-3710.7 -3738.5 -1.2 121 0 13.9 8.7 5.0 2.5 2 0 2 1 1
-2766.5 -4097.8 1.6 304 0 8.6 8.8 2.5 2.5 2 1 1 4 4
-1188.8 -3655.3 -0.9 273 0 8.4 6.0 5.0 2.5 2 0 2 1 1
-1218.2 -3663.4 -0.9 199 0 7.2 10.5 5.0 2.5 4 1 2 3 3
-1204.0 -3671.7 -0.9 190 0 15.5 7.5 2.5 2.5 2 0 1 5 5
-1213.3 -3723.2 0.0 116 0 10.6 6.5 2.5 2.5 2 0 1 4 4
-1209.6 -3735.8 0.4 142 0 9.5 14.5 5.0 0.0 0 1 2 5 5
-477.0 -4296.5 -2.1 12 0 6.7 8.9 5.0 2.5 2 1 2 1 1
-2678.6 -3973.5 1.2 34 0 14.7 10.0 2.5 2.5 2 0 1 4 4
-3511.5 -4728.9 -3.4 81 0 14.2 14.6 5.0 2.5 2 1 2 2 2
-3882.2 -3773.0 -3.0 37 0 10.7 7.1 5.0 2.5 2 0 2 2 2
-3895.6 -3750.3 -3.2 209 0 7.6 6.6 7.5 2.5 2 0 3 2 2
-2028.5 -5090.8 3.6 310 0 9.4 11.4 7.5 2.5 2 1 3 2 2
-2059.2 -5067.7 3.3 314 0 9.7 10.6 7.5 0.0 0 1 3 0 0
-2074.7 -5055.6 3.2 311 0 9.6 10.8 5.0 2.5 2 1 2 0 0
-2106.0 -5031.1 2.8 313 0 10.2 10.9 5.0 2.5 2 1 2 3 3
-2121.3 -5019.2 2.4 315 0 9.4 10.8 7.5 2.5 2 1 3 3 3
-2043.3 -5031.4 2.9 120 0 10.3 9.5 10.0 2.5 2 0 4 4 4
-1984.3 -5049.8 3.7 111 0 10.6 10.2 5.0 2.5 2 0 2 1 1
-1978.0 -5030.4 3.2 107 0 11.8 10.5 5.0 2.5 2 0 2 4 4
-1969.8 -5003.0 2.7 286 0 10.7 9.7 7.5 2.5 2 0 3 3 3
-2557.3 -5318.0 0.7 265 0 11.1 8.1 7.5 2.5 2 0 3 5 5
-2500.6 -5258.1 -1.1 229 0 9.1 8.6 7.5 2.5 2 0 3 1 1
-2490.9 -5320.3 1.4 54 0 9.4 12.2 7.5 2.5 2 1 3 1 1
-2476.1 -5352.7 1.0 336 0 9.2 11.1 7.5 2.5 2 1 3 3 3
-2460.6 -5470.1 -0.3 42 0 12.4 10.1 7.5 2.5 2 0 3 0 0
-2470.1 -5416.9 0.4 313 0 10.3 12.3 5.0 2.5 4 1 2 1 1
-2558.3 -5432.9 -0.3 126 0 7.9 11.0 7.5 2.5 2 1 3 0 0
-2590.8 -5433.8 -0.9 140 0 6.0 8.0 7.5 2.5 2 1 3 3 3
-2612.4 -5364.5 -0.6 275 0 8.7 9.3 7.5 2.5 2 1 3 2 2
-2708.2 -5319.5 -4.5 286 0 13.0 9.0 2.5 2.5 4 0 1 4 4
-2782.4 -5330.2 -4.6 8 0 9.5 12.7 5.0 2.5 2 1 2 5 5
-3773.0 -5074.4 -0.3 123 0 9.9 6.0 2.5 2.5 2 0 1 3 3
-3743.0 -5050.1 -0.5 213 0 8.9 12.9 7.5 2.5 4 1 3 5 5
-3711.3 -5036.2 -0.7 27 0 9.6 9.1 5.0 2.5 2 0 2 0 0
-3689.7 -5012.0 -0.8 32 0 8.2 6.9 5.0 2.5 2 0 2 1 1
-3841.5 -3726.0 -2.7 41 0 7.0 8.1 7.5 0.0 0 1 3 0 0
-4159.5 -5464.8 -2.7 123 0 12.5 10.0 7.5 2.5 2 0 3 3 3
-4094.8 -5447.1 -2.3 39 0 8.6 8.1 7.5 0.0 0 0 3 0 0
-4070.4 -5400.6 -3.5 205 0 13.4 11.3 7.5 2.5 2 0 3 5 5
-4008.7 -5414.7 -2.9 304 0 8.5 12.9 5.0 2.5 2 1 2 1 1
-4021.0 -5473.0 -1.4 139 0 10.9 10.3 7.5 2.5 2 0 3 0 0
-3934.6 -5524.0 -0.2 48 0 9.2 6.1 5.0 2.5 2 0 2 1 1
-3927.3 -5497.5 -0.5 314 0 6.6 7.0 10.0 2.5 2 1 4 4 4
-3897.4 -5474.1 -0.2 221 0 6.8 8.0 10.0 2.5 2 1 4 4 4
-3852.7 -5514.3 0.3 133 0 12.3 8.5 5.0 2.5 2 0 2 3 3
-3744.3 -5496.6 0.9 30 0 6.9 6.8 10.0 2.5 2 0 4 3 3
-3751.0 -5484.0 0.6 29 0 7.0 12.9 2.5 2.5 2 1 1 2 2
-3881.5 -5448.8 -0.3 309 0 10.0 6.3 7.5 2.5 2 0 3 1 1
-3952.3 -5435.9 -2.4 310 0 8.9 8.6 10.0 2.5 2 0 4 3 3
-432.7 -5313.1 -0.1 25 0 8.5 18.7 7.5 2.5 2 1 3 5 5
-371.9 -5426.7 -1.1 131 0 6.9 39.3 5.0 0.0 0 1 2 4 4
-376.1 -5397.1 -1.0 124 0 10.4 20.5 5.0 2.5 2 1 2 1 1
-568.0 -5435.7 -1.6 314 0 8.2 19.9 5.0 2.5 2 1 2 5 5
-457.6 -5450.5 1.2 301 0 25.0 8.6 7.5 2.5 2 0 3 2 2
-506.5 -5488.7 1.2 309 0 8.2 18.5 7.5 2.5 2 1 3 0 0
-463.3 -5317.4 -0.1 116 0 8.6 13.4 2.5 2.5 2 1 1 2 2
-441.7 -5330.6 -0.3 21 0 7.6 18.8 10.0 2.5 2 1 4 2 2
-458.4 -5160.6 -2.1 286 0 9.9 20.5 5.0 2.5 2 1 2 4 4
-632.8 -5276.2 -2.9 305 0 12.8 15.0 7.5 2.5 2 1 3 4 4
-651.9 -5466.0 -2.2 120 0 11.5 7.5 10.0 0.0 0 0 4 4 4
-685.8 -5446.7 -1.9 120 0 11.3 20.2 5.0 2.5 2 1 2 0 0
-644.8 -5455.9 -2.2 129 0 12.2 12.8 5.0 2.5 2 1 2 5 5
-628.7 -5431.6 -2.1 309 0 7.8 8.1 5.0 2.5 2 1 2 0 0
-627.4 -5373.0 -2.3 312 0 7.8 39.0 7.5 2.5 2 1 3 0 0
-6701.0 -4406.0 -6.0 126 0 6.1 17.6 10.5 3.5 2 1 3 5 5
-6757.8 -4427.2 -6.6 37 0 16.2 9.0 2.5 2.5 2 0 1 2 2
-6759.3 -4450.1 -6.7 219 0 11.9 8.7 2.5 2.5 2 0 1 3 3
-6746.8 -4463.8 -6.6 218 0 16.9 38.5 10.0 2.5 2 1 4 3 3
-1661.7 -6651.5 -3.2 202 0 10.3 10.5 7.5 2.5 2 1 3 5 5
-1616.3 -6772.7 -3.0 198 0 7.3 8.4 2.5 2.5 2 1 1 3 3
-1577.0 -6758.8 -1.9 292 0 9.5 7.6 2.5 2.5 2 0 1 5 5
-1599.8 -6744.6 -2.5 295 0 10.2 7.6 7.5 2.5 2 0 3 3 3
-1771.6 -6698.9 -1.2 203 0 8.0 10.5 7.5 2.5 2 1 3 2 2
-1759.1 -6765.6 -1.9 116 0 9.3 8.2 5.0 2.5 2 0 2 3 3
-1723.5 -6700.0 -1.7 24 0 7.9 10.0 5.0 2.5 2 1 2 5 5
-1626.5 -6581.9 -2.0 299 0 10.7 8.9 7.5 2.5 2 0 3 1 1
-1643.0 -6606.6 -2.4 211 0 8.3 10.3 7.5 2.5 2 1 3 5 5
-1653.1 -6629.2 -2.8 207 0 8.7 10.8 10.0 2.5 2 1 4 1 1
-1671.0 -6681.8 -3.4 118 0 10.3 8.6 7.5 2.5 2 0 3 5 5
-1683.3 -6713.4 -3.2 294 0 10.6 8.4 7.5 2.5 2 0 3 4 4
-1697.7 -6732.5 -3.0 210 0 7.9 10.1 7.5 2.5 2 1 3 4 4
-1707.9 -6755.2 -2.8 205 0 9.4 9.7 7.5 2.5 2 1 3 0 0
-1677.0 -6803.5 -3.2 115 0 9.7 8.3 5.0 2.5 2 0 2 1 1
-1659.2 -6778.3 -3.4 23 0 7.7 10.0 7.5 2.5 2 1 3 0 0
-1637.9 -6732.5 -3.6 24 0 8.0 10.5 7.5 2.5 2 1 3 4 4
-1629.3 -6701.7 -2.9 115 0 9.6 7.3 5.0 2.5 2 0 2 4 4
-1616.5 -6668.6 -3.0 18 0 7.5 9.8 5.0 2.5 2 1 2 2 2
-1607.2 -6650.1 -2.7 21 0 8.4 9.8 5.0 2.5 2 1 2 5 5
-1590.7 -6600.2 -2.0 296 0 9.7 7.5 5.0 2.5 2 0 2 5 5
-1571.0 -6574.8 -1.7 28 0 7.3 10.2 7.5 2.5 2 1 3 3 3
-1562.6 -6554.7 -1.5 28 0 7.8 9.9 10.0 2.5 2 1 4 3 3
-1553.7 -6524.1 -1.5 21 0 7.2 9.8 7.5 2.5 2 1 3 2 2
-1543.5 -6501.6 -1.5 26 0 8.1 10.3 7.5 2.5 2 1 3 3 3
-1514.0 -6535.9 -1.1 295 0 9.7 7.6 10.0 2.5 2 0 4 1 1
-1536.9 -6589.4 -1.7 120 0 9.3 7.1 5.0 0.0 0 0 2 4 4
-1546.4 -6614.6 -2.0 298 0 9.6 8.1 7.5 2.5 2 0 3 5 5
-1561.9 -6639.5 -2.2 205 0 7.6 10.1 7.5 2.5 2 1 3 4 4
-1571.4 -6663.5 -2.4 199 0 7.6 9.1 7.5 2.5 2 1 3 2 2
-1582.0 -6687.9 -2.5 203 0 7.6 10.8 7.5 2.5 2 1 3 0 0
-1588.1 -6717.2 -2.0 112 0 9.9 8.4 7.5 2.5 2 0 3 1 1
-1543.3 -6704.3 -1.7 21 0 6.9 10.2 7.5 2.5 4 1 3 2 2
-1532.5 -6681.3 -1.6 24 0 7.8 10.2 5.0 2.5 2 1 2 3 3
-1514.2 -6632.0 -1.3 295 0 10.4 7.7 10.0 2.5 2 0 4 2 2
-1501.5 -6605.3 -1.0 116 0 11.0 6.8 5.0 2.5 4 0 2 0 0
6448.7 -1468.7 -5.5 323 0 7.8 10.4 10.0 2.5 2 1 4 4 4
6424.7 -1524.0 -6.1 160 0 8.8 37.0 10.0 2.5 4 1 4 4 4
6253.4 -1522.8 -5.4 58 0 8.0 7.3 7.5 2.5 2 0 3 4 4
6331.4 -1502.8 -5.7 325 0 6.8 8.1 7.5 2.5 2 1 3 4 4
6353.4 -1543.9 -6.0 354 0 10.7 8.9 2.5 2.5 2 0 1 4 4
6338.8 -1611.2 -5.4 68 0 9.1 7.9 7.5 2.5 2 0 3 3 3
21.9 -3250.8 -0.6 301 0 8.9 10.2 2.5 2.5 2 1 1 2 2
-3.7 -3244.0 -0.6 305 0 9.3 12.8 7.5 0.0 0 1 3 2 2
371.4 -1557.7 -0.0 306 0 6.4 7.3 10.0 2.5 2 1 4 3 3
437.0 -1561.6 -2.5 107 0 10.9 8.4 5.0 2.5 2 0 2 2 2
409.4 -1541.4 -1.7 121 0 9.0 8.3 7.5 2.5 2 0 3 1 1
-641.9 -2322.7 0.7 226 0 9.2 8.1 7.5 2.5 2 0 3 1 1
-667.2 -2266.8 1.6 126 0 9.6 8.5 10.0 2.5 2 0 4 0 0
-660.0 -2205.5 2.1 211 0 8.9 10.8 5.0 2.5 2 1 2 5 5
-623.7 -2131.2 1.7 226 0 6.5 6.6 2.5 2.5 2 1 1 5 5
-594.7 -2231.3 1.5 300 0 11.5 10.6 7.5 2.5 2 0 3 1 1
-541.0 -2243.8 1.1 294 0 9.6 8.7 5.0 2.5 2 0 2 3 3
-494.0 -2291.9 0.7 46 0 9.5 9.9 7.5 2.5 2 1 3 4 4
-531.0 -2333.4 0.2 24 0 9.1 8.5 7.5 2.5 4 0 3 2 2
-594.9 -2386.3 -0.2 36 0 9.9 7.7 5.0 2.5 2 0 2 4 4
4319.4 -3270.3 -9.5 96 0 11.4 16.4 10.5 3.5 2 1 3 4 4
4390.2 -3413.5 -9.8 334 0 14.3 8.5 14.0 3.5 2 0 4 2 2
4290.2 -3251.7 -8.3 85 0 6.2 9.9 10.5 3.5 2 1 3 0 0
-3937.3 -5692.3 -0.9 31 0 12.3 9.9 7.5 2.5 2 0 3 2 2
-3926.6 -5629.1 -0.1 297 0 8.4 6.6 7.5 2.5 2 0 3 2 2
-3978.8 -5602.7 -0.2 211 0 6.9 8.7 7.5 2.5 2 1 3 1 1
-3966.6 -5745.9 -0.7 28 0 11.1 11.9 7.5 2.5 2 1 3 0 0
-3814.6 -5672.5 -3.9 114 0 13.7 16.7 2.5 2.5 2 1 1 2 2
-3721.4 -5588.8 -2.6 295 0 16.8 74.6 10.0 2.5 2 1 4 2 2
-3752.3 -5577.4 -0.8 299 0 16.2 12.8 5.0 2.5 2 0 2 3 3
-3773.2 -5577.0 -1.6 295 0 12.5 40.3 7.5 2.5 2 1 3 3 3
-3851.4 -5618.4 -2.5 124 0 12.4 10.6 10.0 2.5 2 0 4 1 1
-3806.1 -5552.6 -0.3 33 0 12.4 11.2 7.5 2.5 2 0 3 1 1
4273.8 -3468.5 -8.2 271 0 6.9 6.5 5.0 2.5 2 0 2 2 2
2499.9 6477.9 -0.7 229 0 8.0 7.6 5.0 2.5 2 0 2 2 2
2814.8 6723.9 -4.2 42 0 16.5 7.9 7.5 2.5 2 0 3 4 4
2809.8 6702.9 -4.4 51 0 9.7 32.2 7.5 2.5 4 1 3 0 0
2899.2 6794.7 -4.9 47 0 7.6 13.3 7.5 2.5 2 1 3 1 1
2913.5 6778.0 -4.7 239 0 7.6 7.2 2.5 2.5 2 0 1 5 5
-1399.7 3795.5 -3.4 40 0 13.4 8.1 5.0 2.5 2 0 2 2 2
-1171.9 3719.5 -3.7 224 0 6.7 6.3 5.0 2.5 2 0 2 1 1
-957.8 3493.4 -2.7 311 0 11.4 7.0 5.0 2.5 2 0 2 0 0
-989.2 3346.3 -1.9 120 0 9.5 10.2 5.0 2.5 4 1 2 1 1
-1031.9 3525.9 -3.6 318 0 6.2 6.5 7.5 2.5 2 1 3 4 4
-1113.5 3471.0 -2.1 38 0 6.2 14.0 2.5 2.5 2 1 1 4 4
-1332.9 3198.6 -3.6 36 0 6.0 33.0 2.5 2.5 2 1 1 1 1
-1480.0 3174.8 -4.2 318 0 8.2 9.3 7.5 2.5 2 1 3 0 0
-1494.2 3152.8 -4.8 125 0 8.7 7.8 7.5 2.5 4 0 3 4 4
-1508.3 3105.3 -4.9 40 0 8.2 7.5 2.5 2.5 2 0 1 0 0
-1519.3 3125.8 -5.2 311 0 7.6 7.6 7.5 2.5 2 0 3 4 4
-1522.6 3088.1 -4.7 36 0 7.7 7.2 7.5 2.5 2 0 3 4 4
-1539.8 3095.8 -5.1 126 0 7.2 7.3 7.5 2.5 2 1 3 1 1
-1537.7 3135.3 -5.4 302 0 8.0 8.2 10.0 2.5 2 1 4 0 0
-1561.0 3109.2 -5.7 124 0 8.0 8.8 5.0 2.5 2 1 2 3 3
-1574.2 3083.8 -5.6 300 0 8.2 8.0 2.5 2.5 4 0 1 0 0
-1588.0 3095.2 -5.4 308 0 8.0 8.8 7.5 0.0 0 1 3 2 2
-1677.9 3025.6 -3.7 189 0 8.5 8.7 5.0 2.5 2 1 2 1 1
-1602.8 3106.5 -4.8 311 0 7.8 8.8 10.0 0.0 0 1 4 2 2
-1593.5 3146.6 -3.6 131 0 9.8 7.1 7.5 2.5 2 0 3 4 4
-1588.2 3123.0 -4.7 129 0 7.4 14.5 10.0 2.5 4 1 4 3 3
-1578.6 3168.2 -3.3 305 0 9.7 7.3 7.5 2.5 2 0 3 5 5
-1586.4 3216.7 -2.3 128 0 9.1 8.5 2.5 2.5 2 0 1 3 3
-1592.8 3208.6 -2.3 133 0 6.8 6.6 7.5 2.5 2 0 3 4 4
-1607.2 3193.7 -2.5 313 0 7.8 8.3 2.5 2.5 2 1 1 1 1
-1592.2 3183.9 -2.2 307 0 8.1 9.8 2.5 2.5 2 1 1 3 3
-1529.9 3260.7 -3.0 129 0 9.5 7.3 7.5 2.5 2 0 3 2 2
-1551.7 3275.3 -2.9 216 0 9.3 9.2 10.0 2.5 4 0 4 0 0
-1571.6 3243.8 -2.3 221 0 7.9 9.1 10.0 2.5 4 1 4 5 5
-1555.3 3229.5 -2.2 312 0 8.9 8.6 10.0 2.5 2 0 4 5 5
-1558.2 3195.7 -2.3 127 0 8.8 8.0 7.5 2.5 2 0 3 0 0
-1540.0 3220.3 -2.3 313 0 7.8 8.9 10.0 2.5 2 1 4 3 3
-1508.6 3199.1 -2.9 308 0 7.8 8.1 10.0 2.5 2 1 4 3 3
-1491.4 3190.4 -3.4 316 0 8.3 8.0 7.5 2.5 2 0 3 3 3
-1514.2 3159.3 -4.3 125 0 7.9 6.8 7.5 2.5 2 0 3 2 2
-1524.8 3209.7 -2.3 308 0 7.8 9.3 5.0 2.5 2 1 2 0 0
-1490.3 3301.4 -3.8 127 0 7.9 8.7 7.5 2.5 2 1 3 1 1
-1473.5 3259.3 -3.5 308 0 9.3 8.1 2.5 2.5 2 0 1 2 2
-1432.4 3228.4 -3.5 312 0 8.1 9.0 7.5 2.5 2 1 3 5 5
-1434.6 3189.8 -3.8 38 0 8.8 8.8 7.5 2.5 2 1 3 5 5
-1461.2 3194.2 -3.4 134 0 8.5 8.3 7.5 2.5 2 0 3 0 0
-1464.6 3209.7 -3.1 120 0 8.8 8.9 7.5 2.5 2 1 3 2 2
-1449.3 3237.1 -3.4 309 0 7.6 8.4 5.0 2.5 2 1 2 0 0
-1480.2 3222.9 -3.1 126 0 9.6 7.0 10.0 2.5 2 0 4 5 5
-1494.5 3267.7 -3.3 308 0 8.8 9.1 7.5 2.5 2 1 3 1 1
-1463.4 3248.5 -3.4 309 0 8.7 8.2 5.0 2.5 2 0 2 5 5
-1440.6 3270.3 -3.7 128 0 9.9 10.4 5.0 2.5 4 1 2 0 0
-1405.4 3354.8 -2.9 297 0 9.0 8.6 7.5 2.5 2 0 3 2 2
-1415.8 3341.2 -3.0 226 0 8.2 7.5 5.0 0.0 0 0 2 1 1
-1450.1 3386.2 -3.0 307 0 10.8 9.2 5.0 2.5 2 0 2 4 4
-1496.1 3427.7 -3.9 124 0 9.2 8.0 5.0 2.5 2 0 2 2 2
-1366.0 3392.4 -2.4 35 0 9.9 8.3 7.5 2.5 2 0 3 2 2
-1326.5 3337.7 -2.3 121 0 9.8 7.9 7.5 2.5 2 0 3 3 3
-1199.9 3472.3 -2.8 140 0 7.6 6.9 5.0 2.5 2 0 2 5 5
-1283.4 3645.1 -1.5 46 0 6.0 6.5 7.5 2.5 2 1 3 5 5
-1293.7 3620.1 -2.3 46 0 8.5 8.9 7.5 2.5 2 1 3 4 4
-1302.4 3727.7 -2.3 134 0 7.7 7.3 7.5 2.5 4 0 3 5 5
-1300.3 3710.5 -1.9 217 0 7.9 7.1 7.5 0.0 0 0 3 0 0
-1338.2 3751.7 -2.8 134 0 8.5 10.8 10.0 2.5 2 1 4 5 5
-1287.3 3810.7 -3.9 132 0 45.0 10.2 10.0 2.5 2 0 4 5 5
-1266.7 3919.8 -2.2 314 0 6.1 8.8 5.0 2.5 2 1 2 2 2
-1284.0 3872.4 -3.4 218 0 9.4 13.6 10.0 2.5 2 1 4 0 0
-1242.8 3831.1 -3.9 316 0 9.1 32.8 10.0 2.5 2 1 4 3 3
-1240.0 3841.9 -3.7 311 0 19.0 8.0 7.5 2.5 2 0 3 0 0
-424.3 4869.4 -4.6 311 0 6.5 7.9 7.5 2.5 2 1 3 5 5
-271.5 5078.0 -5.7 222 0 6.6 8.7 2.5 2.5 2 1 1 4 4
-309.6 5030.1 -5.6 219 0 8.3 7.2 2.5 2.5 2 0 1 2 2
-56.7 5091.5 -2.2 54 0 6.4 6.0 7.5 2.5 2 0 3 1 1
67.3 5194.1 -2.8 35 0 7.0 9.2 2.5 2.5 2 1 1 4 4
82.9 5220.1 -2.6 41 0 10.0 8.7 2.5 2.5 2 0 1 5 5
30.0 5220.6 -3.4 225 0 9.5 9.9 5.0 2.5 2 1 2 5 5
52.5 5264.2 -3.2 214 0 9.5 8.1 10.0 2.5 2 0 4 0 0
111.1 5385.5 -3.3 39 0 6.5 7.0 7.5 2.5 2 1 3 5 5
132.2 5332.7 -2.5 138 0 8.6 7.2 10.0 2.5 2 0 4 5 5
156.7 5393.7 -1.9 144 0 8.1 9.9 10.0 0.0 0 1 4 0 0
155.5 5357.1 -2.1 310 0 10.4 9.6 7.5 2.5 2 0 3 1 1
175.2 5595.7 -5.1 318 0 8.5 7.5 5.0 2.5 2 0 2 1 1
227.5 5554.4 -5.2 322 0 9.6 10.4 2.5 0.0 0 1 1 4 4
260.0 5606.3 -5.3 141 0 7.7 10.4 10.0 2.5 2 1 4 3 3
217.8 5607.5 -5.3 316 0 12.1 10.3 2.5 2.5 2 0 1 1 1
199.8 5690.6 -5.3 223 0 12.5 8.7 5.0 2.5 2 0 2 5 5
107.6 5558.3 -5.2 212 0 6.4 6.1 7.5 2.5 2 0 3 1 1
36.7 5473.6 -5.2 223 0 6.2 9.0 10.0 2.5 2 1 4 2 2
20.2 5435.3 -5.7 220 0 6.7 6.1 10.0 0.0 0 0 4 3 3
112.4 5667.6 -5.4 129 0 8.4 17.3 10.0 2.5 4 1 4 1 1
224.2 5726.9 -5.4 218 0 7.5 8.6 7.5 2.5 2 1 3 3 3
577.2 5658.7 -4.0 319 0 10.3 7.4 7.5 2.5 2 0 3 1 1
523.6 5594.0 -4.1 132 0 11.7 7.6 2.5 2.5 2 0 1 5 5
409.1 5715.4 -2.6 129 0 8.5 7.6 5.0 2.5 2 0 2 3 3
465.4 5697.0 -3.6 123 0 7.8 7.5 7.5 2.5 2 0 3 2 2
722.6 6083.4 -4.2 139 0 6.2 6.0 7.5 2.5 4 0 3 1 1
1440.7 6705.7 -4.3 179 0 14.8 15.7 7.5 2.5 2 1 3 1 1
1369.1 6766.4 -4.7 203 0 13.3 12.3 5.0 2.5 2 0 2 5 5
1399.3 6764.2 -4.8 31 0 25.3 9.2 2.5 2.5 2 0 1 0 0
1376.2 6601.1 -6.1 127 0 11.3 29.6 10.0 2.5 2 1 4 4 4
807.6 5222.4 -2.7 253 0 8.2 29.3 2.5 2.5 2 1 1 5 5
864.1 5097.0 -2.6 190 0 11.5 6.1 7.5 2.5 2 0 3 5 5
871.6 5079.2 -2.5 103 0 7.5 22.4 7.5 2.5 2 1 3 1 1
1004.9 5105.3 -1.0 347 0 13.6 19.4 7.5 2.5 2 1 3 0 0
930.3 5267.7 -1.0 140 0 9.9 23.8 2.5 2.5 2 1 1 3 3
907.7 5315.0 -2.1 310 0 14.9 14.7 5.0 2.5 2 0 2 0 0
925.3 5191.5 -1.1 56 0 8.0 27.1 2.5 2.5 2 1 1 3 3
925.1 5231.2 -1.2 310 0 29.0 8.6 7.5 2.5 2 0 3 4 4
943.4 4880.7 -3.5 154 0 18.7 11.1 7.5 2.5 2 0 3 4 4
129.5 5371.0 -2.6 218 0 8.3 7.8 7.5 2.5 2 0 3 1 1
182.9 5363.2 -1.5 131 0 8.6 11.3 7.5 2.5 2 1 3 5 5
193.5 5402.8 -1.6 320 0 9.9 10.5 5.0 2.5 2 1 2 1 1
332.1 5446.8 -4.9 323 0 26.1 6.3 7.5 2.5 2 0 3 0 0
496.2 5622.0 -4.3 134 0 9.0 9.9 7.5 2.5 2 1 3 3 3
334.3 5341.9 -4.4 223 0 9.7 6.0 5.0 2.5 2 0 2 5 5
329.0 5318.2 -4.0 141 0 7.6 8.9 7.5 2.5 2 1 3 2 2
174.2 5333.2 -1.6 312 0 9.1 10.7 5.0 2.5 2 1 2 4 4
166.6 5376.0 -1.6 141 0 9.7 10.1 10.0 2.5 2 1 4 3 3
270.6 5481.9 -5.0 322 0 6.1 13.6 10.0 2.5 2 1 4 5 5
244.7 5460.9 -4.4 143 0 7.2 14.0 7.5 0.0 0 1 3 4 4
558.5 5758.0 -4.5 42 0 8.3 11.5 7.5 2.5 2 1 3 1 1
520.8 5786.7 -3.6 318 0 8.3 6.9 2.5 2.5 2 0 1 5 5
534.9 5580.2 -4.0 134 0 9.6 6.9 7.5 2.5 2 0 3 2 2
457.3 5660.3 -3.6 132 0 10.9 7.1 7.5 2.5 4 0 3 3 3
453.9 5573.4 -3.8 45 0 6.2 6.8 2.5 2.5 2 1 1 4 4
492.1 5332.0 -4.2 50 0 7.6 10.0 7.5 2.5 2 1 3 5 5
403.3 5427.7 -4.5 134 0 9.6 6.9 5.0 0.0 0 0 2 1 1
416.5 5342.4 -3.8 316 0 8.4 9.3 10.0 2.5 2 1 4 2 2
390.7 5372.8 -4.2 322 0 9.8 8.2 7.5 0.0 0 0 3 1 1
313.4 5421.9 -4.9 142 0 7.8 7.1 5.0 2.5 2 0 2 2 2
322.5 5470.7 -5.1 324 0 9.3 37.9 10.0 2.5 2 1 4 5 5
-6652.2 -4577.5 -7.0 10 0 7.8 19.3 7.5 2.5 2 1 3 3 3
-6680.7 -4593.2 -6.9 219 0 13.6 12.2 5.0 2.5 2 0 2 3 3
-6657.2 -4639.4 -6.1 34 0 10.2 11.1 5.0 2.5 2 1 2 5 5
-6691.2 -4740.1 -4.7 128 0 9.1 9.8 5.0 0.0 0 1 2 3 3
-6765.3 -4246.1 -5.8 128 0 6.1 7.4 10.0 2.5 2 1 4 4 4
-6657.2 -4363.5 -6.4 308 0 8.2 6.3 10.5 3.5 2 0 3 2 2
-6820.0 -4420.6 -6.9 127 0 9.8 22.5 5.0 2.5 2 1 2 4 4
-6771.7 -4370.7 -5.7 126 0 10.9 10.7 10.5 3.5 4 0 3 3 3
-6760.5 -4323.9 -5.9 303 0 10.6 14.1 10.5 3.5 2 1 3 2 2
-6797.7 -4348.5 -5.2 131 0 8.0 9.7 10.5 3.5 2 1 3 0 0
-6832.2 -4305.0 -4.1 123 0 6.5 8.2 10.5 3.5 2 1 3 1 1
-6857.8 -4302.3 -4.2 126 0 11.2 6.3 10.5 0.0 0 0 3 0 0
-6883.1 -4238.8 -5.1 131 0 8.7 8.5 10.5 0.0 0 0 3 2 2
2442.9 6048.4 -2.7 123 0 6.4 6.4 2.5 2.5 2 0 1 3 3
1737.8 5321.5 -0.3 230 0 9.3 8.4 10.0 2.5 2 0 4 3 3
1762.3 5340.2 -0.8 234 0 9.2 7.5 5.0 2.5 2 0 2 2 2
1769.9 5398.3 -0.8 44 0 9.1 8.3 7.5 2.5 2 0 3 1 1
1812.4 5368.6 -1.9 321 0 7.5 9.8 7.5 2.5 2 1 3 5 5
1820.2 5448.1 -1.3 48 0 9.8 7.0 5.0 2.5 4 0 2 3 3
1896.0 5453.5 -0.4 218 0 9.3 8.8 2.5 2.5 4 0 1 0 0
1895.3 5567.2 -0.1 230 0 6.8 8.9 2.5 2.5 2 1 1 1 1
2000.7 5652.5 -0.9 47 0 8.3 7.8 5.0 2.5 2 0 2 3 3
2194.3 5756.3 -0.2 44 0 7.4 7.3 2.5 2.5 2 0 1 2 2
2218.1 5783.6 0.3 40 0 8.4 8.0 5.0 2.5 2 0 2 5 5
2480.4 6495.4 -0.6 226 0 6.6 8.2 7.5 2.5 2 1 3 0 0
2519.5 6495.9 -0.6 219 0 9.4 8.4 7.5 2.5 2 0 3 2 2
2545.6 6291.0 -1.3 239 0 7.7 10.6 7.5 2.5 4 1 3 5 5
2547.9 6270.4 -1.0 146 0 10.5 9.2 2.5 2.5 2 0 1 3 3
1057.4 5053.2 0.2 52 0 7.4 9.0 7.5 2.5 2 1 3 5 5
1044.3 5076.9 0.6 302 0 7.4 7.4 5.0 2.5 4 0 2 1 1
990.5 4964.8 -3.4 276 0 13.3 14.4 7.5 2.5 4 1 3 3 3
775.1 5097.5 -3.4 328 0 6.8 18.4 10.0 2.5 2 1 4 3 3
746.0 5099.6 -3.4 329 0 10.9 7.5 7.5 2.5 2 0 3 4 4
754.9 5076.5 -3.5 61 0 8.4 17.3 5.0 2.5 2 1 2 3 3
735.9 5114.9 -3.8 330 0 8.8 9.4 7.5 2.5 2 1 3 5 5
657.6 5096.3 -5.0 152 0 14.1 6.6 5.0 2.5 2 0 2 1 1
920.3 5133.7 -1.9 342 0 8.0 8.8 7.5 0.0 0 1 3 0 0
1001.7 5131.2 -0.9 344 0 7.4 10.3 7.5 2.5 2 1 3 2 2
826.2 5228.7 -2.4 254 0 10.7 19.6 7.5 2.5 2 1 3 2 2
897.0 5144.6 -1.8 331 0 7.3 9.9 2.5 2.5 2 1 1 4 4
907.0 5071.8 -2.1 99 0 8.9 18.0 10.0 2.5 2 1 4 1 1
889.9 5075.7 -2.3 102 0 11.0 20.5 5.0 2.5 2 1 2 3 3
935.3 5025.9 -2.1 11 0 15.2 11.2 5.0 2.5 4 0 2 0 0
907.9 5022.7 -2.1 227 0 7.8 8.4 10.0 0.0 0 1 4 4 4
897.7 5000.5 -2.3 217 0 14.9 21.1 10.0 2.5 2 1 4 2 2
909.0 4912.9 -2.3 148 0 10.7 20.4 7.5 2.5 4 1 3 2 2
1034.5 4817.1 -2.5 232 0 16.6 8.2 7.5 2.5 2 0 3 5 5
1021.6 4807.6 -2.8 233 0 11.4 8.6 7.5 2.5 2 0 3 2 2
1007.6 4822.8 -3.4 61 0 6.4 8.4 7.5 0.0 0 1 3 3 3
967.3 4576.8 -2.0 220 0 6.0 7.6 5.0 2.5 2 1 2 3 3
1050.8 4415.1 -1.4 313 0 6.1 16.6 7.5 2.5 2 1 3 3 3
1494.7 5077.4 -1.2 32 0 10.2 7.9 5.0 2.5 4 0 2 3 3
1563.9 5110.2 0.1 214 0 8.8 7.3 2.5 0.0 0 0 1 3 3
1658.7 5210.5 -0.4 130 0 7.4 8.6 2.5 2.5 2 1 1 2 2
-1687.1 3559.9 -3.7 137 0 11.7 8.6 7.5 2.5 2 0 3 0 0
-1451.7 3646.6 -3.4 115 0 7.4 18.2 7.5 2.5 2 1 3 2 2
-1593.9 3465.6 -3.2 302 0 8.9 12.8 2.5 2.5 2 1 1 3 3
-1691.8 3458.2 -6.0 34 0 15.9 38.6 10.0 2.5 2 1 4 5 5
-1711.6 3346.6 -5.2 38 0 8.4 6.5 2.5 0.0 0 0 1 1 1
-1729.3 3368.2 -5.6 38 0 10.2 8.5 5.0 2.5 2 0 2 2 2
-1741.2 3398.7 -6.1 314 0 10.0 8.1 10.0 2.5 2 0 4 5 5
-1792.2 3389.0 -7.9 234 0 6.2 6.4 2.5 2.5 2 1 1 0 0
-1770.2 3361.6 -6.5 127 0 9.0 9.3 10.0 2.5 2 1 4 2 2
-1653.8 3139.4 -3.0 314 0 10.5 8.5 7.5 2.5 2 0 3 3 3
-1630.2 3163.9 -2.7 126 0 8.6 10.2 10.0 2.5 2 1 4 3 3
-1635.5 3129.5 -3.2 307 0 10.6 11.0 2.5 2.5 2 1 1 1 1
-1593.7 2962.8 -3.7 205 0 7.5 7.9 7.5 0.0 0 1 3 4 4
-1547.0 2936.4 -1.7 243 0 8.1 7.9 5.0 2.5 2 0 2 1 1
-1071.0 3125.7 -1.6 311 0 7.4 6.6 2.5 2.5 2 0 1 4 4
-1366.0 3322.0 -2.8 307 0 8.0 7.8 2.5 2.5 2 0 1 1 1
-1352.4 3299.7 -2.8 306 0 8.4 7.1 7.5 2.5 4 0 3 5 5
-1344.1 3949.1 -2.7 137 0 13.9 15.2 7.5 2.5 2 1 3 0 0
-1187.9 4008.0 -5.0 42 0 6.1 11.2 2.5 2.5 2 1 1 4 4
-355.9 5138.5 -5.1 317 0 6.3 9.0 10.0 2.5 2 1 4 4 4
48.4 5184.8 -3.0 33 0 9.5 8.7 5.0 2.5 2 0 2 2 2
9.2 5170.7 -3.6 128 0 11.1 9.1 2.5 2.5 2 0 1 1 1
-204.8 4880.9 -4.1 42 0 6.1 6.0 5.0 2.5 2 0 2 4 4
-173.4 4975.9 -1.9 40 0 6.5 8.0 7.5 2.5 2 1 3 4 4
-132.7 5190.4 -6.2 221 0 8.8 8.1 10.0 2.5 2 0 4 0 0
-111.4 5213.5 -6.1 226 0 9.2 6.6 7.5 2.5 2 0 3 5 5
-32.8 5116.9 -3.0 36 0 9.5 9.4 7.5 2.5 2 0 3 0 0
-23.1 5129.9 -3.4 42 0 10.0 9.7 7.5 0.0 0 0 3 3 3
24.6 5195.8 -3.2 209 0 9.3 6.4 10.0 2.5 2 0 4 0 0
107.6 5268.8 -2.4 42 0 10.2 8.1 10.0 2.5 2 0 4 5 5
1261.0 -1858.7 1.9 298 0 8.9 8.7 7.5 2.5 2 0 3 2 2
898.2 -1663.8 -0.5 121 0 38.6 8.8 10.0 2.5 2 0 4 2 2
871.8 -1563.9 0.9 208 0 7.6 17.3 7.5 2.5 2 1 3 4 4
804.1 -1549.3 3.6 206 0 9.9 8.5 5.0 2.5 2 0 2 0 0
822.2 -1603.4 3.2 14 0 15.6 13.3 10.0 2.5 2 0 4 5 5
837.9 -1876.2 3.2 288 0 6.8 6.5 7.5 0.0 0 0 3 0 0
829.9 -1847.6 2.7 113 0 8.1 14.4 7.5 2.5 2 1 3 4 4
816.8 -1810.3 2.2 193 0 6.4 7.9 7.5 2.5 2 1 3 1 1
897.1 -1823.3 1.3 24 0 8.6 9.6 10.0 0.0 0 1 4 2 2
1104.5 -1840.3 -0.9 304 0 8.9 9.7 2.5 2.5 4 1 1 4 4
940.1 -1125.1 -0.4 16 0 6.4 6.0 5.0 2.5 2 0 2 1 1
849.5 -1409.1 -1.3 203 0 8.1 15.1 5.0 2.5 2 1 2 1 1
939.2 -1073.5 -0.7 18 0 11.3 7.8 5.0 2.5 2 0 2 4 4
880.6 -1108.2 0.3 122 0 6.5 9.8 10.0 2.5 2 1 4 3 3
877.2 -1119.4 0.5 124 0 11.1 7.4 7.5 2.5 4 0 3 5 5
1000.3 -1012.0 -1.9 112 0 11.1 10.5 7.5 2.5 4 0 3 1 1
1000.1 -966.7 -1.1 198 0 9.4 17.4 5.0 2.5 2 1 2 2 2
1026.8 -918.9 -0.5 23 0 7.7 11.5 2.5 0.0 0 1 1 1 1
1006.9 -934.3 -0.4 203 0 8.5 10.7 10.0 2.5 2 1 4 2 2
954.8 -909.7 -0.0 117 0 7.9 7.2 5.0 2.5 2 0 2 2 2
973.2 -884.1 -0.5 21 0 8.3 9.9 2.5 2.5 2 1 1 3 3
-984.5 -4864.4 0.9 189 0 6.6 8.9 5.0 2.5 2 1 2 1 1
-1670.9 -6316.5 -0.6 218 0 6.7 8.5 7.5 2.5 4 1 3 4 4
-1516.8 -6102.0 -0.3 322 0 6.0 6.4 7.5 2.5 2 1 3 5 5
-1593.7 -6219.3 -0.6 318 0 6.5 8.9 2.5 2.5 2 1 1 1 1
-1658.5 -6172.6 -0.2 224 0 9.9 6.1 7.5 2.5 4 0 3 0 0
-1401.7 -6376.3 0.4 211 0 8.8 10.0 7.5 2.5 2 1 3 0 0
-236.0 -6696.9 -2.2 210 0 11.2 6.6 7.5 2.5 2 0 3 0 0
-236.0 -6624.0 -3.8 305 0 10.3 7.9 7.5 2.5 2 0 3 4 4
-376.5 -6660.4 -2.2 97 0 7.0 10.7 2.5 2.5 4 1 1 0 0
-537.1 -6678.3 0.8 28 0 9.7 7.0 5.0 2.5 4 0 2 4 4
-562.0 -6702.8 1.1 29 0 8.3 14.7 5.0 0.0 0 1 2 3 3
-667.8 -6730.1 0.5 29 0 8.5 14.1 5.0 2.5 2 1 2 3 3
-1375.9 -6357.4 -0.3 34 0 13.8 9.9 10.0 2.5 2 0 4 0 0
-1407.8 -6215.3 1.1 228 0 13.3 19.5 7.5 0.0 0 1 3 1 1
-1316.3 -6159.0 2.3 218 0 15.0 17.2 7.5 2.5 2 1 3 2 2
-1128.5 -5714.6 -2.4 320 0 15.0 7.6 2.5 2.5 2 0 1 2 2
-581.9 -5018.4 -0.8 116 0 9.8 10.6 5.0 2.5 2 1 2 0 0
-556.0 -5016.5 -0.7 30 0 7.8 7.7 10.0 2.5 4 0 4 1 1
-500.8 -5024.3 -1.2 128 0 8.2 10.2 7.5 2.5 4 1 3 5 5
-391.8 -5038.8 -1.6 117 0 10.3 8.5 7.5 2.5 2 0 3 5 5
-553.7 -5297.5 -3.1 122 0 7.8 6.1 7.5 0.0 0 0 3 1 1
-550.3 -5289.9 -3.0 127 0 10.8 11.5 2.5 2.5 2 1 1 0 0
-505.1 -5276.5 -2.0 301 0 10.5 24.1 10.0 2.5 2 1 4 2 2
-456.0 -5184.0 -1.7 200 0 8.0 7.5 5.0 2.5 2 0 2 5 5
-417.6 -5220.9 -1.2 48 0 9.2 9.0 5.0 2.5 2 0 2 0 0
-458.3 -5236.9 -1.0 196 0 10.0 7.9 2.5 2.5 2 0 1 3 3
-731.2 -5393.2 -1.4 123 0 9.9 15.6 2.5 2.5 2 1 1 5 5
-424.9 -5356.5 -0.5 100 0 9.7 6.4 7.5 2.5 2 0 3 3 3
-367.2 -5309.4 0.3 213 0 12.5 10.7 7.5 2.5 2 0 3 1 1
-359.2 -5348.4 -0.3 209 0 10.2 9.6 5.0 2.5 2 0 2 5 5
-354.1 -5337.6 -0.1 213 0 9.7 10.8 5.0 2.5 2 1 2 2 2
-363.8 -5342.3 -0.2 218 0 9.3 6.5 2.5 0.0 0 0 1 0 0
-301.1 -5348.5 -0.1 315 0 9.6 22.4 2.5 2.5 2 1 1 0 0
-334.6 -5278.8 0.2 226 0 9.9 18.3 5.0 2.5 2 1 2 0 0
110.0 -5320.4 -3.1 20 0 8.4 12.1 5.0 2.5 2 1 2 4 4
944.8 -4304.7 -3.4 148 0 10.9 8.1 7.5 2.5 2 0 3 5 5
953.3 -4263.5 -3.2 219 0 8.2 13.4 7.5 2.5 2 1 3 5 5
994.0 -4224.1 -3.0 203 0 8.4 6.3 7.5 2.5 2 0 3 5 5
1119.6 -4227.5 -3.2 24 0 16.5 8.0 5.0 2.5 4 0 2 3 3
1111.4 -4310.3 -2.7 81 0 6.9 7.9 7.5 2.5 2 1 3 0 0
1127.1 -4298.7 -2.8 306 0 6.5 9.5 5.0 2.5 2 1 2 0 0
1105.7 -4307.6 -2.7 358 0 7.5 21.5 7.5 0.0 0 1 3 5 5
1023.3 -4296.8 -2.8 134 0 20.2 8.0 7.5 0.0 0 0 3 4 4
1008.0 -4272.4 -3.0 52 0 10.1 12.0 7.5 2.5 2 1 3 4 4
977.0 -4189.4 -3.2 211 0 13.2 8.4 7.5 2.5 2 0 3 1 1
1006.5 -4226.2 -3.0 193 0 31.0 8.0 2.5 2.5 2 0 1 0 0
1034.9 -4214.1 -2.9 230 0 8.7 18.3 2.5 2.5 2 1 1 5 5
1061.4 -4178.2 -3.0 352 0 6.3 21.0 2.5 2.5 2 1 1 4 4
1032.3 -4178.9 -2.9 260 0 12.2 6.5 7.5 2.5 2 0 3 3 3
1022.9 -4183.3 -3.0 286 0 8.4 25.1 5.0 2.5 2 1 2 1 1
1022.0 -4111.8 -3.3 179 0 10.1 18.3 10.0 2.5 2 1 4 4 4
954.7 -2910.4 -2.4 301 0 9.3 10.4 2.5 2.5 4 1 1 2 2
988.5 -2831.0 -0.8 212 0 11.8 10.3 7.5 0.0 0 0 3 2 2
916.7 -2711.2 -0.8 120 0 12.7 10.6 5.0 2.5 2 0 2 3 3
931.3 -2629.1 0.4 300 0 12.2 10.8 2.5 2.5 2 0 1 4 4
1264.5 -2433.3 0.5 309 0 8.7 10.6 7.5 2.5 2 1 3 5 5
1185.8 -2360.4 1.7 213 0 16.5 6.9 7.5 0.0 0 0 3 0 0
1108.6 -2454.3 -0.8 121 0 11.3 13.3 7.5 2.5 2 1 3 2 2
1159.3 -2421.5 0.9 39 0 9.8 8.9 7.5 2.5 4 0 3 2 2
1313.8 -2124.8 -0.6 202 0 14.5 8.0 2.5 2.5 2 0 1 3 3
1038.7 -2185.4 0.8 302 0 10.2 11.3 7.5 2.5 2 1 3 1 1
1078.3 -2202.9 0.6 301 0 9.6 10.1 5.0 0.0 0 1 2 0 0
1224.4 -2136.1 1.3 121 0 12.0 8.6 5.0 0.0 0 0 2 2 2
1153.6 -2057.0 1.0 19 0 8.6 13.0 2.5 2.5 4 1 1 5 5
1082.4 -2067.2 0.1 294 0 9.9 7.6 7.5 2.5 4 0 3 4 4
968.9 -1938.2 2.5 124 0 9.2 9.2 7.5 2.5 2 0 3 3 3
993.2 -1959.8 1.7 120 0 8.1 7.3 7.5 2.5 2 0 3 3 3
841.2 -2022.7 1.3 119 0 12.9 8.3 7.5 2.5 2 0 3 2 2
827.9 -2255.0 1.2 307 0 9.7 7.6 10.0 2.5 2 0 4 3 3
900.8 -2257.2 1.4 39 0 7.5 10.5 5.0 2.5 2 1 2 0 0
922.7 -2120.3 1.7 305 0 6.1 6.6 7.5 2.5 2 1 3 1 1
941.5 -2180.3 1.5 129 0 7.0 6.9 7.5 2.5 2 0 3 3 3
943.3 -2196.9 1.5 125 0 9.1 10.9 7.5 2.5 2 1 3 4 4
976.1 -2153.7 1.1 304 0 8.3 9.9 10.0 2.5 2 1 4 2 2
1008.7 -2121.6 0.8 30 0 11.3 9.0 2.5 0.0 0 0 1 3 3
886.9 -2050.3 1.4 120 0 12.3 9.2 2.5 2.5 2 0 1 2 2
-605.5 -6777.3 -0.1 210 0 9.6 9.5 7.5 2.5 4 0 3 5 5
-605.5 -6843.7 -1.8 133 0 6.2 8.5 10.0 2.5 2 1 4 4 4
973.3 5143.6 -1.2 266 0 9.6 13.4 5.0 2.5 2 1 2 4 4
830.1 4964.8 -3.7 321 0 30.2 20.2 5.0 0.0 0 0 2 1 1
-4219.2 -5688.6 -3.3 208 0 9.4 9.8 7.5 2.5 2 1 3 3 3
-4232.3 -5547.2 -3.1 294 0 6.8 6.5 5.0 2.5 2 0 2 0 0
-4224.2 -5538.8 -3.0 299 0 11.7 8.5 2.5 2.5 2 0 1 3 3
-4286.9 -5527.4 -4.5 202 0 7.3 13.0 10.0 2.5 2 1 4 5 5
-4262.0 -5529.8 -3.9 288 0 7.8 10.3 5.0 2.5 2 1 2 3 3
-4263.5 -5559.8 -3.6 120 0 6.2 10.4 7.5 2.5 2 1 3 2 2
-4210.3 -5556.8 -2.9 293 0 6.3 10.1 10.0 2.5 2 1 4 4 4
-3744.1 -6125.1 -3.3 199 0 9.6 9.6 5.0 0.0 0 1 2 5 5
-3712.7 -6180.7 0.7 16 0 12.0 9.3 7.5 0.0 0 0 3 0 0
-3774.1 -6372.9 -0.5 119 0 9.5 13.7 7.5 2.5 2 1 3 3 3
-3710.2 -6383.5 -2.0 287 0 12.7 7.4 10.0 2.5 2 0 4 1 1
-3699.6 -6446.1 -3.5 202 0 8.7 11.0 10.0 2.5 2 1 4 4 4
-3651.7 -6500.1 -5.1 29 0 11.2 12.5 7.5 2.5 2 1 3 0 0
-3569.7 -6388.9 -0.9 285 0 9.3 13.8 7.5 2.5 2 1 3 3 3
-3829.9 -6509.7 -3.3 35 0 11.0 9.0 5.0 2.5 2 0 2 1 1
1039.3 -814.3 -1.6 295 0 9.7 7.2 5.0 0.0 0 0 2 3 3
-4001.9 -6620.5 -3.3 115 0 10.7 10.9 2.5 2.5 2 1 1 2 2
-4051.1 -6643.8 -4.3 116 0 15.1 11.8 7.5 2.5 2 0 3 3 3
-4160.8 -6728.9 -7.2 127 0 8.4 8.8 10.0 2.5 2 1 4 4 4
-3314.2 -6579.4 -5.6 27 0 11.2 11.5 7.5 2.5 2 1 3 0 0
-3408.2 -6653.5 -2.5 303 0 12.5 14.4 5.0 2.5 2 1 2 5 5
-1944.8 -6398.6 -1.2 121 0 7.8 6.7 7.5 2.5 2 0 3 2 2
-1961.9 -5807.7 -1.3 116 0 10.9 9.2 5.0 2.5 2 0 2 2 2
-1971.1 -5750.8 -0.5 215 0 11.4 9.2 5.0 2.5 2 0 2 1 1
-1999.4 -5770.0 -1.8 214 0 8.9 13.6 7.5 2.5 2 1 3 5 5
-2054.6 -5739.7 -2.5 307 0 9.2 9.1 10.0 2.5 2 0 4 0 0
-2110.6 -5703.3 0.8 38 0 12.4 9.9 7.5 2.5 2 0 3 0 0
-2807.3 -5560.7 -1.6 356 0 9.2 12.7 10.0 2.5 2 1 4 4 4
-2713.0 -5726.7 0.1 44 0 11.5 7.8 7.5 0.0 0 0 3 1 1
-2725.4 -6287.7 -1.4 126 0 9.4 9.9 5.0 2.5 2 1 2 1 1
6547.5 -3545.5 -6.8 356 0 11.7 16.7 2.5 2.5 2 1 1 3 3
5801.2 -3388.1 -6.5 93 0 6.4 10.9 7.5 2.5 2 1 3 4 4
6769.0 -3386.4 -8.2 359 0 13.0 23.5 7.5 2.5 2 1 3 1 1
6731.0 -3388.3 -7.6 176 0 13.8 8.0 7.5 2.5 2 0 3 0 0
6737.1 -3363.2 -8.2 274 0 9.4 7.1 7.5 2.5 2 0 3 1 1
-3896.5 -6830.2 -7.9 100 0 7.1 13.4 7.5 2.5 2 1 3 3 3
-3863.2 -6771.3 -6.3 16 0 12.0 7.1 2.5 2.5 2 0 1 4 4
-3919.6 -6784.0 -7.8 205 0 6.8 14.3 2.5 0.0 0 1 1 3 3
-3915.1 -6761.4 -7.3 199 0 9.7 11.0 7.5 2.5 2 1 3 4 4
-3900.5 -6787.8 -7.4 201 0 8.1 6.7 5.0 2.5 2 0 2 5 5
