-5807.7 1900.9 -4.2 4 0 8.9 8.8 5.0 2.5 2 0 2 4 4
-5545.1 1889.0 -5.2 283 0 6.4 8.1 5.0 2.5 2 1 2 5 5
-5599.2 1241.9 -5.2 181 0 11.2 8.4 7.5 2.5 2 0 3 3 3
-5618.9 1198.9 -4.0 187 0 11.7 11.0 5.0 2.5 2 0 2 5 5
-5630.3 940.4 -2.8 347 0 8.2 7.7 10.0 2.5 2 0 4 3 3
-5552.3 589.3 -5.0 107 0 7.2 12.1 7.5 2.5 2 1 3 3 3
-5595.4 748.0 -6.2 1 0 10.8 32.6 5.0 0.0 0 1 2 2 2
-5207.1 718.5 -4.9 97 0 8.9 12.1 5.0 2.5 2 1 2 4 4
-5394.8 171.9 -4.3 198 0 14.0 8.6 5.0 2.5 4 0 2 3 3
-5417.8 4.5 -4.2 6 0 14.3 11.0 5.0 2.5 2 0 2 5 5
-5453.6 159.4 -4.6 91 0 12.8 14.8 5.0 2.5 2 1 2 4 4
-2885.0 6702.3 -8.0 27 0 6.7 9.2 7.5 2.5 2 0 3 5 5
-2886.0 6719.1 -7.9 21 0 8.5 7.9 10.0 2.5 2 0 4 0 0
-2835.2 6844.9 -9.0 294 0 11.9 13.9 7.5 2.5 2 1 3 1 1
-2788.0 6157.5 -6.2 208 0 14.2 12.2 5.0 2.5 2 0 2 1 1
-2797.0 6240.4 -6.1 130 0 8.6 10.6 7.5 2.5 2 1 3 1 1
-2735.2 6415.1 -7.4 214 0 11.7 8.3 7.5 2.5 2 0 3 3 3
-2754.5 6359.0 -6.5 203 0 8.5 8.2 10.0 2.5 2 0 4 1 1
-2840.9 6329.1 -6.1 297 0 7.3 12.9 7.5 2.5 2 1 3 3 3
-3031.2 6350.9 -7.2 209 0 17.0 13.2 7.5 2.5 2 0 3 1 1
-2930.4 6352.7 -6.8 212 0 13.6 10.9 7.5 2.5 2 0 3 2 2
-2972.6 6220.6 -6.1 295 0 8.3 13.5 7.5 2.5 2 1 3 3 3
-2998.3 6112.1 -8.2 115 0 8.2 13.4 10.0 2.5 2 1 4 3 3
-3144.6 5991.5 -5.6 112 0 7.4 19.0 7.5 2.5 2 1 3 4 4
-3175.7 6001.0 -5.9 115 0 7.0 19.9 5.0 2.5 2 1 2 1 1
-3202.7 6130.1 -7.5 120 0 8.1 9.0 7.5 2.5 2 1 3 2 2
-3168.6 6181.8 -7.6 30 0 10.6 8.5 10.0 2.5 2 0 4 2 2
-3102.3 6213.6 -5.5 206 0 7.5 7.4 5.0 0.0 0 0 2 4 4
-3045.8 6290.3 -6.1 211 0 11.8 7.6 5.0 2.5 2 0 2 0 0
-3003.3 6497.1 -7.7 24 0 11.5 8.8 7.5 2.5 2 0 3 1 1
-2994.1 6516.1 -7.7 20 0 12.5 8.4 10.0 2.5 2 0 4 0 0
-2979.4 6567.9 -7.7 200 0 13.1 8.4 5.0 0.0 0 0 2 2 2
-2950.0 6569.9 -7.8 30 0 7.5 6.3 2.5 2.5 4 0 1 3 3
-2936.5 6604.6 -8.0 21 0 10.3 8.7 5.0 2.5 2 0 2 4 4
-2923.1 6651.5 -7.4 28 0 12.0 8.5 7.5 2.5 2 0 3 2 2
-2870.8 6663.5 -8.5 210 0 6.9 7.1 7.5 2.5 4 1 3 1 1
-2754.8 6661.3 -9.1 298 0 8.6 15.4 5.0 2.5 2 1 2 4 4
-2744.8 6680.3 -9.0 112 0 7.2 8.0 7.5 2.5 2 1 3 0 0
-2767.2 6853.5 -7.7 298 0 9.4 13.1 5.0 2.5 4 1 2 3 3
4237.4 4469.8 -3.4 91 0 43.9 28.3 10.0 0.0 0 0 4 4 4
4334.9 4522.7 -3.1 3 0 9.4 11.6 5.0 2.5 2 1 2 4 4
4366.2 4565.0 -6.2 359 0 6.2 8.9 7.5 2.5 2 1 3 2 2
4279.8 4505.5 -3.4 269 0 12.4 8.3 5.0 2.5 2 0 2 3 3
4325.1 4417.1 -3.5 4 0 8.7 48.0 7.5 2.5 2 1 3 3 3
4341.2 4447.5 -4.9 184 0 7.8 21.6 5.0 2.5 2 1 2 3 3
4375.5 4460.2 -6.7 352 0 16.0 9.7 5.0 2.5 4 0 2 3 3
4384.0 4408.2 -4.3 358 0 6.6 11.2 5.0 2.5 2 1 2 3 3
4374.2 4384.0 -3.9 16 0 13.1 9.3 7.5 2.5 2 0 3 2 2
4359.7 4362.1 -3.7 22 0 7.5 9.8 5.0 2.5 2 1 2 3 3
4326.1 4397.7 -3.6 273 0 7.9 9.7 10.0 2.5 2 1 4 2 2
4789.0 6154.0 -6.5 5 0 6.4 9.8 7.5 0.0 0 1 3 2 2
4085.8 4382.7 -2.3 40 0 6.1 9.3 2.5 2.5 4 1 1 3 3
4346.9 4200.3 -2.0 97 0 6.3 6.3 5.0 2.5 2 1 2 0 0
4879.9 4203.9 -0.5 37 0 9.9 6.5 7.5 2.5 2 0 3 1 1
-3573.0 1816.6 -0.7 190 0 6.6 8.3 5.0 2.5 2 1 2 3 3
-3453.6 1994.9 -3.4 101 0 9.5 10.7 5.0 2.5 2 1 2 1 1
-3679.5 1839.6 -0.8 107 0 6.1 6.8 5.0 2.5 2 1 2 2 2
-3367.9 1962.3 -2.7 279 0 9.2 8.0 10.0 2.5 2 0 4 5 5
-3467.1 1728.9 -0.1 190 0 7.9 7.5 7.5 2.5 4 0 3 0 0
-3422.6 1762.0 0.4 13 0 12.3 8.6 7.5 2.5 2 0 3 2 2
-3473.8 1539.1 -0.4 104 0 10.3 12.9 10.0 2.5 2 1 4 0 0
-3870.0 1587.3 -1.7 14 0 6.1 6.0 7.5 2.5 2 0 3 2 2
-3817.3 1934.5 -1.8 9 0 12.1 9.5 2.5 2.5 2 0 1 4 4
-3619.3 1495.4 1.4 189 0 10.1 9.4 7.5 0.0 0 0 3 4 4
-3655.9 1657.6 2.1 99 0 10.9 10.4 5.0 2.5 2 0 2 4 4
-3569.9 1730.5 1.3 8 0 12.1 8.6 7.5 2.5 2 0 3 5 5
-3611.6 1789.8 0.1 8 0 12.7 10.1 10.0 2.5 2 0 4 0 0
-3761.2 2201.0 -4.0 110 0 7.0 8.3 5.0 2.5 2 1 2 2 2
-3728.5 2212.0 -3.7 18 0 10.8 7.6 5.0 0.0 0 0 2 1 1
-3720.6 2260.2 -4.5 24 0 10.7 9.6 7.5 2.5 2 0 3 0 0
-3601.6 2030.9 -2.8 280 0 7.7 12.9 5.0 2.5 2 1 2 0 0
-6902.7 2295.5 -7.2 211 0 9.9 8.2 7.0 2.5 2 0 2 0 0
-6891.4 2327.3 -8.3 116 0 6.2 32.4 7.0 2.5 2 1 2 2 2
-3641.6 1588.2 1.5 14 0 13.6 7.2 10.0 0.0 0 0 4 0 0
-3704.2 1369.7 -1.5 286 0 9.5 8.6 5.0 2.5 2 0 2 4 4
-4039.7 1968.7 -2.8 193 0 13.1 14.0 7.5 2.5 2 1 3 1 1
-4063.8 1535.6 -2.1 191 0 8.3 7.9 5.0 2.5 2 0 2 2 2
-4033.9 1789.0 -2.9 191 0 6.0 7.3 7.5 2.5 2 1 3 1 1
-4070.3 1710.4 -3.1 7 0 7.1 13.3 7.5 2.5 2 1 3 5 5
-4061.4 1790.9 -3.0 11 0 11.4 34.7 7.5 2.5 2 1 3 2 2
-3968.8 1786.5 -1.8 292 0 6.3 6.6 7.5 2.5 2 1 3 2 2
-4406.9 911.5 -2.7 102 0 6.5 10.9 7.5 2.5 4 1 3 2 2
-3962.9 1317.5 -3.8 283 0 7.2 6.4 5.0 2.5 2 0 2 5 5
-4084.3 972.6 -3.7 114 0 7.1 8.5 5.0 2.5 2 1 2 5 5
-3938.1 1212.1 -3.8 7 0 8.2 8.0 5.0 2.5 2 0 2 2 2
-3820.3 1301.4 -3.3 287 0 7.5 6.0 2.5 0.0 0 0 1 1 1
-4549.2 1235.6 -4.1 273 0 7.7 7.9 7.5 0.0 0 1 3 5 5
-4384.6 1235.0 -2.5 3 0 10.9 6.7 7.5 2.5 4 0 3 4 4
-4345.5 1193.0 -2.5 93 0 8.4 6.3 10.0 2.5 2 0 4 1 1
-4379.8 1008.3 -3.1 356 0 6.2 6.6 10.0 2.5 2 1 4 5 5
-4383.4 1050.6 -1.9 3 0 6.2 9.1 7.5 0.0 0 1 3 5 5
-4328.1 1060.0 -3.6 11 0 7.0 6.8 5.0 0.0 0 0 2 4 4
-4206.5 1230.3 -4.0 184 0 7.6 7.7 7.5 2.5 2 1 3 2 2
-4114.9 1752.9 -2.8 188 0 9.2 6.5 2.5 2.5 2 0 1 0 0
-4335.4 1835.9 -1.7 297 0 7.9 8.2 7.5 2.5 2 1 3 2 2
-4360.9 1841.0 -1.6 282 0 8.2 8.2 5.0 2.5 2 1 2 2 2
-4365.0 1801.8 -2.3 176 0 8.4 9.4 7.5 2.5 2 1 3 2 2
-4367.2 1747.6 -3.4 93 0 7.9 9.5 5.0 2.5 2 1 2 3 3
-4406.4 1514.3 -3.6 272 0 8.8 11.5 10.0 0.0 0 1 4 3 3
-4271.1 1337.8 -3.8 105 0 10.0 9.5 10.0 0.0 0 0 4 4 4
-4215.1 1473.9 -3.1 4 0 8.9 9.5 5.0 2.5 2 1 2 5 5
-3805.2 2488.2 -5.0 102 0 6.6 6.5 7.5 0.0 0 0 3 0 0
-3363.5 2083.4 -3.7 191 0 12.3 10.9 7.5 2.5 2 0 3 3 3
-3332.0 2252.8 -3.9 192 0 11.0 7.9 10.0 2.5 2 0 4 5 5
-3401.9 2666.1 -3.1 4 0 6.7 6.6 5.0 2.5 2 0 2 4 4
-3540.5 2654.8 -2.8 199 0 6.3 7.1 2.5 2.5 2 1 1 1 1
-3619.0 2527.2 -3.4 101 0 8.2 8.4 5.0 2.5 2 1 2 3 3
-3385.4 2141.7 -3.2 16 0 7.9 10.5 2.5 2.5 2 1 1 1 1
-3388.3 2111.2 -3.4 9 0 6.6 6.4 5.0 2.5 2 0 2 1 1
-3426.3 2047.6 -4.1 191 0 10.8 7.8 7.5 2.5 4 0 3 5 5
-5442.1 2677.0 -8.4 119 0 7.7 12.3 7.5 2.5 2 1 3 5 5
-5134.1 2632.7 -6.8 284 0 6.5 11.9 7.5 2.5 4 1 3 1 1
-5147.6 2631.8 -6.8 282 0 9.9 25.0 5.0 2.5 2 1 2 3 3
750.2 3758.5 -5.3 338 0 8.0 6.6 2.5 2.5 2 0 1 1 1
1101.7 4120.3 -4.0 113 0 6.5 11.6 7.5 2.5 2 1 3 4 4
1037.5 3535.4 -3.0 132 0 10.3 8.6 7.5 2.5 2 0 3 4 4
1127.0 3840.9 -4.1 33 0 11.8 8.7 7.5 2.5 2 0 3 4 4
1114.2 3781.3 -5.9 211 0 12.5 8.9 5.0 2.5 2 0 2 3 3
335.3 1211.9 -3.1 13 0 8.1 16.9 5.0 2.5 2 1 2 5 5
4093.5 3121.6 -1.6 234 0 8.5 21.5 5.0 2.5 2 1 2 3 3
4165.0 3266.5 1.4 181 0 6.7 18.3 7.5 2.5 2 1 3 2 2
4206.0 3378.4 1.9 201 0 6.5 6.1 10.0 2.5 4 0 4 0 0
4033.2 3487.9 2.2 268 0 8.3 20.2 10.0 0.0 0 1 4 2 2
4087.0 3462.1 2.4 285 0 21.1 8.4 7.5 2.5 4 0 3 1 1
4029.5 3336.9 1.9 2 0 7.5 11.3 5.0 2.5 2 1 2 3 3
3957.3 3471.6 0.6 0 0 8.0 26.9 7.5 2.5 2 1 3 5 5
3960.0 3452.8 1.0 1 0 9.0 29.6 12.5 0.0 0 1 5 3 3
3961.4 3432.6 1.7 3 0 8.4 30.6 7.5 0.0 0 1 3 1 1
3961.6 3407.7 2.4 0 0 7.8 27.5 7.5 2.5 2 1 3 3 3
3931.3 3389.0 2.4 184 0 8.3 27.9 2.5 2.5 4 1 1 3 3
3945.6 3361.8 1.8 93 0 33.1 9.6 12.5 2.5 2 0 5 4 4
3763.4 3283.9 -1.5 180 0 8.0 7.8 2.5 2.5 2 0 1 0 0
3791.9 3282.3 -1.4 276 0 10.5 8.9 7.5 2.5 2 0 3 2 2
3789.5 2989.5 1.2 175 0 6.7 8.9 7.5 2.5 2 1 3 1 1
3827.0 2981.6 0.7 358 0 7.8 15.6 5.0 2.5 2 1 2 4 4
3958.0 3045.9 -1.0 90 0 31.0 8.4 7.5 2.5 2 0 3 1 1
3907.5 3051.0 0.4 181 0 8.4 15.8 10.0 2.5 2 1 4 2 2
3905.9 3083.4 1.3 179 0 8.4 11.0 2.5 2.5 2 1 1 5 5
3904.6 3110.5 1.9 175 0 7.1 9.7 5.0 2.5 2 1 2 0 0
3933.5 3222.5 -0.1 178 0 8.7 26.7 2.5 2.5 2 1 1 3 3
4265.0 3332.3 -0.2 99 0 8.2 24.7 12.5 2.5 2 1 5 5 5
-5806.6 3541.4 -7.0 116 0 9.6 10.0 7.5 2.5 2 1 3 2 2
-5836.3 3347.2 -5.2 32 0 10.7 7.0 5.0 0.0 0 0 2 2 2
-5813.3 3323.8 -5.1 214 0 13.6 7.5 5.0 0.0 0 0 2 1 1
-5874.7 3206.6 -6.1 196 0 10.9 8.7 7.5 2.5 2 0 3 3 3
-5846.3 3106.0 -7.1 21 0 10.5 8.0 10.0 0.0 0 0 4 3 3
-5899.7 3032.2 -9.0 303 0 6.5 30.3 7.5 2.5 2 1 3 5 5
-5964.1 2993.8 -7.7 201 0 10.2 8.6 5.0 2.5 2 0 2 3 3
-5914.1 3123.4 -6.5 12 0 8.1 9.7 2.5 2.5 2 1 1 5 5
-5984.3 3186.3 -6.5 287 0 7.7 19.8 7.5 2.5 2 1 3 4 4
-4406.2 2549.8 -6.3 294 0 7.4 8.7 7.5 2.5 2 1 3 2 2
-4428.8 2533.3 -6.2 95 0 6.1 6.4 7.5 0.0 0 1 3 2 2
-4360.2 2585.5 -6.1 188 0 7.1 8.6 7.5 2.5 2 1 3 4 4
-4179.9 3351.3 -2.0 114 0 8.9 9.0 5.0 2.5 2 1 2 0 0
-4322.5 3362.3 -5.1 27 0 9.9 8.4 5.0 2.5 2 0 2 4 4
-4333.5 3191.4 -2.2 7 0 10.2 9.5 5.0 2.5 2 0 2 0 0
-4465.8 3351.7 -5.7 333 0 6.9 9.1 2.5 2.5 4 1 1 1 1
-5891.0 2805.3 -7.9 117 0 12.1 6.4 7.5 2.5 2 0 3 1 1
6187.2 2667.3 -4.3 99 0 8.2 22.4 7.5 2.5 2 1 3 2 2
-3828.6 4561.7 -4.3 120 0 7.7 7.8 7.5 2.5 2 1 3 4 4
-3799.9 4611.8 -2.7 210 0 10.6 8.4 10.0 2.5 4 0 4 5 5
-2727.0 5422.6 -7.1 301 0 8.0 7.4 7.5 2.5 2 0 3 4 4
-2903.8 5095.3 -8.7 215 0 6.6 8.4 5.0 2.5 2 1 2 4 4
-2884.1 5048.3 -9.5 41 0 6.0 8.1 5.0 2.5 2 1 2 4 4
-2632.9 3237.5 -3.5 121 0 7.5 8.7 7.5 2.5 2 1 3 3 3
-3184.5 2893.5 -4.3 35 0 6.1 6.3 5.0 2.5 2 1 2 3 3
-3545.6 2971.1 -4.3 137 0 6.6 8.1 7.5 2.5 2 1 3 1 1
-3579.5 3082.0 -4.3 314 0 8.6 14.2 7.5 2.5 2 1 3 3 3
-3888.3 3053.0 -5.6 183 0 6.5 6.1 7.5 2.5 2 0 3 0 0
-4231.3 3675.0 -3.9 123 0 8.5 7.5 7.5 2.5 2 0 3 4 4
-4162.1 3835.5 -3.3 293 0 8.8 13.8 5.0 2.5 2 1 2 3 3
-3630.1 4528.2 -8.2 305 0 7.2 7.3 5.0 2.5 2 1 2 1 1
-3675.0 4488.2 -7.1 210 0 7.4 6.4 2.5 2.5 2 0 1 3 3
-3724.6 5088.9 -5.7 40 0 10.1 6.5 5.0 2.5 2 0 2 0 0
-3803.2 4941.2 -5.2 298 0 6.3 7.5 10.0 2.5 2 1 4 2 2
-3785.9 4806.7 -4.3 303 0 6.4 11.6 7.5 0.0 0 1 3 4 4
-4358.1 4315.6 -8.3 204 0 9.3 7.5 5.0 2.5 2 0 2 3 3
-4473.7 4309.7 -7.3 29 0 7.0 8.8 7.5 2.5 2 1 3 5 5
-4501.8 4312.9 -7.5 113 0 13.6 7.0 5.0 2.5 2 0 2 2 2
-4370.7 4291.8 -7.9 205 0 9.1 8.2 5.0 0.0 0 0 2 0 0
-4363.3 4785.5 -8.0 208 0 7.5 14.3 7.5 0.0 0 1 3 1 1
-4354.0 4852.5 -8.0 28 0 7.6 11.2 5.0 2.5 2 1 2 0 0
-4228.2 4838.6 -7.7 122 0 7.7 14.0 5.0 0.0 0 1 2 5 5
-4147.8 4641.5 -4.4 40 0 6.1 7.7 7.5 2.5 2 1 3 4 4
-4061.6 4703.1 -4.9 201 0 19.4 7.2 10.0 2.5 2 0 4 1 1
-3260.2 5121.8 -9.0 301 0 8.4 11.3 7.5 2.5 2 1 3 0 0
-3348.0 5212.4 -6.2 296 0 8.9 11.7 7.5 2.5 2 1 3 5 5
-3394.6 5210.6 -5.6 119 0 8.8 12.6 7.5 2.5 2 1 3 4 4
-3453.9 5020.3 -8.2 217 0 8.4 8.1 7.5 2.5 2 0 3 3 3
-3525.0 4719.9 -8.7 206 0 9.5 14.5 7.5 2.5 2 1 3 0 0
-3536.4 4731.4 -7.5 119 0 8.9 14.4 5.0 2.5 2 1 2 1 1
-3522.1 4761.6 -7.7 297 0 6.2 15.6 7.5 2.5 2 1 3 1 1
-3537.6 4765.6 -7.1 208 0 8.3 7.8 7.5 2.5 4 0 3 0 0
-3549.7 4762.6 -6.6 206 0 32.4 7.9 10.0 2.5 2 0 4 3 3
-4212.3 204.9 -2.8 179 0 7.1 9.7 5.0 2.5 2 1 2 2 2
-4363.4 116.5 -3.1 0 0 9.1 16.4 2.5 2.5 2 1 1 1 1
-4364.5 162.0 -5.0 16 0 6.4 9.2 7.5 2.5 2 1 3 1 1
-4291.2 29.9 -1.6 93 0 8.5 15.9 5.0 2.5 2 1 2 2 2
-3786.2 159.6 -1.1 190 0 8.7 8.1 5.0 2.5 4 0 2 5 5
-3787.8 49.2 -1.9 176 0 8.3 6.4 7.5 2.5 2 0 3 4 4
-3822.4 51.9 -2.1 3 0 6.5 6.2 7.5 2.5 2 0 3 0 0
-3809.4 -9.8 -2.2 355 0 7.4 7.4 7.5 2.5 4 1 3 3 3
-3825.1 -124.1 -0.6 281 0 6.9 6.0 7.5 2.5 2 0 3 0 0
-4483.0 439.4 -5.4 206 0 7.8 7.2 10.0 2.5 2 0 4 2 2
-3881.6 -21.3 -2.8 6 0 7.4 8.7 7.5 2.5 2 1 3 4 4
-3944.6 31.4 -3.1 94 0 9.2 9.7 5.0 2.5 2 1 2 0 0
-4001.4 38.5 -3.5 108 0 9.5 6.3 10.0 2.5 2 0 4 1 1
-4174.3 213.0 -3.1 98 0 6.1 9.7 7.5 2.5 2 1 3 2 2
-4161.0 166.4 -2.2 4 0 6.8 6.3 10.0 2.5 2 0 4 3 3
-4128.6 200.1 -2.9 193 0 6.0 9.0 5.0 0.0 0 1 2 3 3
-5414.0 1149.0 -4.9 86 0 9.6 6.8 7.5 2.5 2 0 3 1 1
-5878.4 404.1 -5.5 28 0 24.6 12.9 10.0 2.5 2 0 4 0 0
-5626.4 281.2 -5.3 279 0 7.0 7.5 5.0 2.5 2 1 2 1 1
-5322.8 206.2 -6.0 270 0 7.2 20.2 7.5 2.5 2 1 3 4 4
-5395.8 110.9 -3.2 157 0 9.8 10.4 5.0 2.5 2 1 2 3 3
-4984.5 128.9 -6.5 197 0 6.8 14.7 5.0 2.5 2 1 2 3 3
-5935.9 -245.1 -6.8 59 0 8.1 11.2 5.0 2.5 2 1 2 5 5
-5462.1 -133.9 -5.9 70 0 9.7 10.8 5.0 2.5 2 1 2 0 0
-5362.9 31.5 -2.9 89 0 7.4 6.9 7.5 0.0 0 0 3 3 3
-5354.9 27.0 -2.9 93 0 7.6 11.5 5.0 2.5 2 1 2 1 1
-5181.9 35.2 -5.6 109 0 13.8 8.9 7.5 2.5 2 0 3 1 1
-4332.6 481.7 -4.0 182 0 6.9 6.6 7.5 2.5 2 0 3 1 1
-4335.0 597.6 -3.9 182 0 8.3 8.5 7.5 2.5 2 1 3 2 2
-4471.8 1298.1 -2.2 178 0 10.9 14.1 10.0 2.5 2 1 4 3 3
-5143.9 4428.1 -7.8 34 0 12.7 9.5 7.5 2.5 2 0 3 5 5
-5151.3 4381.1 -8.4 35 0 7.5 6.1 7.5 2.5 2 0 3 5 5
-5295.6 4301.4 -7.8 290 0 6.6 12.4 5.0 2.5 2 1 2 3 3
-5321.1 4346.4 -7.4 118 0 8.4 14.1 7.5 2.5 2 1 3 1 1
-5149.9 4238.4 -9.0 293 0 6.5 13.8 7.5 2.5 2 1 3 4 4
-5120.8 4260.0 -8.3 120 0 8.6 16.1 5.0 0.0 0 1 2 4 4
-5114.0 4237.9 -8.7 117 0 6.8 6.4 2.5 2.5 2 0 1 2 2
-4965.5 4144.0 -7.6 304 0 9.9 12.3 7.5 2.5 2 1 3 4 4
-5085.1 4210.4 -9.3 299 0 18.7 11.5 7.5 2.5 2 0 3 1 1
-5074.2 4158.5 -9.2 20 0 12.5 7.2 5.0 2.5 4 0 2 4 4
-4752.4 3889.2 -6.3 211 0 6.5 7.2 2.5 2.5 4 1 1 5 5
-3387.0 1932.3 -2.1 191 0 15.3 9.8 7.5 2.5 2 0 3 5 5
-3295.1 1939.5 -3.4 12 0 9.5 25.8 7.5 2.5 2 1 3 3 3
-3312.9 1834.4 -2.9 107 0 7.4 12.1 7.5 2.5 2 1 3 2 2
-3348.3 1743.4 -2.4 273 0 6.3 7.3 10.0 2.5 2 1 4 1 1
-3359.0 1660.4 -0.7 181 0 8.7 10.0 5.0 2.5 2 1 2 0 0
-3263.2 1682.8 -3.7 15 0 9.3 9.5 5.0 2.5 2 1 2 1 1
-3248.5 1637.4 -3.1 100 0 6.7 8.0 7.5 2.5 2 1 3 3 3
-3157.5 1771.4 -3.0 10 0 7.6 13.4 2.5 2.5 2 1 1 0 0
-4788.0 4800.2 -8.5 280 0 8.3 8.1 2.5 2.5 2 0 1 3 3
-4834.9 4572.2 -9.2 122 0 6.8 14.4 7.5 2.5 2 1 3 4 4
-4879.5 4753.3 -8.4 304 0 11.6 6.1 5.0 2.5 2 0 2 1 1
-4479.7 4158.8 -6.7 203 0 13.0 7.8 5.0 2.5 2 0 2 4 4
-3987.7 3858.6 -5.1 29 0 38.0 22.8 12.5 0.0 0 0 5 2 2
-4639.1 1534.4 -4.8 87 0 6.6 7.6 7.5 2.5 2 1 3 4 4
-4523.8 2210.4 -7.7 288 0 8.4 12.0 2.5 2.5 2 1 1 3 3
-2708.4 1792.6 -0.7 111 0 8.1 11.0 5.0 2.5 2 1 2 3 3
-2527.6 1777.9 -0.6 201 0 6.1 9.3 5.0 2.5 4 1 2 3 3
-3274.6 2217.6 -4.4 11 0 6.9 8.3 7.5 2.5 4 1 3 4 4
-5026.1 4591.1 -7.7 211 0 7.2 8.9 5.0 2.5 4 1 2 0 0
-5872.2 4108.1 -10.3 117 0 6.6 17.0 7.5 0.0 0 1 3 5 5
-2667.6 6126.8 -6.5 35 0 10.8 8.3 5.0 2.5 2 0 2 0 0
-3606.2 1942.7 -1.7 100 0 11.0 8.0 7.5 2.5 2 0 3 2 2
-4122.3 1598.8 -1.8 100 0 7.7 8.2 10.0 2.5 2 1 4 5 5
-4073.8 1663.4 -2.9 10 0 7.8 15.4 5.0 0.0 0 1 2 3 3
-4139.5 1683.0 -2.0 95 0 6.0 15.2 5.0 2.5 2 1 2 2 2
-4021.1 1662.4 -3.3 14 0 29.1 11.5 7.5 2.5 2 0 3 5 5
-4057.1 1753.1 -3.3 9 0 26.7 10.3 7.5 2.5 2 0 3 5 5
-4352.7 2041.2 -3.2 194 0 6.8 8.7 7.5 2.5 4 1 3 2 2
-4330.6 2050.0 -3.7 281 0 15.8 10.0 7.5 2.5 2 0 3 3 3
-4357.4 1625.0 -4.8 183 0 6.4 6.4 2.5 2.5 2 0 1 4 4
-4062.7 1439.2 -1.6 13 0 9.5 11.1 2.5 0.0 0 1 1 1 1
-3466.9 1639.3 1.2 110 0 7.5 7.4 7.5 2.5 2 0 3 3 3
-3115.9 1734.0 -3.1 11 0 8.1 7.2 7.5 2.5 2 0 3 1 1
-2790.0 1736.6 -1.2 2 0 8.1 6.7 5.0 2.5 2 0 2 1 1
-3455.7 2811.5 -2.7 300 0 6.3 9.5 7.5 2.5 2 1 3 4 4
499.3 -5211.6 -9.2 142 0 11.5 8.2 5.0 2.5 4 0 2 5 5
1278.1 -5547.9 -6.3 118 0 9.0 6.6 2.5 2.5 2 0 1 3 3
-904.5 6410.2 -5.7 298 0 10.2 7.6 5.0 2.5 2 0 2 3 3
-4488.9 -26.2 -4.5 222 0 6.1 7.7 5.0 2.5 2 1 2 3 3
-4431.1 9.9 -2.8 184 0 7.8 8.0 7.5 2.5 2 1 3 5 5
-4417.9 -36.9 -2.7 121 0 24.0 9.1 5.0 2.5 2 0 2 1 1
-4454.1 -39.1 -3.6 75 0 6.6 9.5 5.0 2.5 2 1 2 5 5
-4371.6 -22.8 -1.6 287 0 6.8 32.6 2.5 2.5 2 1 1 4 4
-4453.3 -6.6 -3.4 185 0 10.6 30.6 7.5 2.5 2 1 3 0 0
-4413.4 2.1 -2.3 178 0 6.9 11.8 5.0 0.0 0 1 2 3 3
-4374.3 5.8 -1.6 2 0 7.9 14.5 7.5 2.5 2 1 3 5 5
-4360.8 -9.5 -1.3 356 0 14.8 7.3 2.5 2.5 2 0 1 0 0
-4353.0 28.6 -1.6 2 0 8.9 8.5 7.5 2.5 2 0 3 1 1
-4384.2 29.4 -1.7 358 0 8.7 8.1 7.5 2.5 2 0 3 1 1
-4394.5 39.8 -1.9 3 0 7.9 6.8 2.5 2.5 4 0 1 2 2
-4419.4 64.0 -2.5 270 0 11.4 7.4 2.5 2.5 2 0 1 5 5
-5065.8 224.4 -6.7 273 0 11.6 12.4 5.0 2.5 2 1 2 4 4
-5501.2 188.1 -5.5 92 0 6.1 8.7 7.5 2.5 2 1 3 2 2
-5927.6 399.8 -5.5 111 0 7.8 7.5 7.5 2.5 2 0 3 5 5
-5504.0 454.2 -4.8 1 0 7.2 6.7 5.0 2.5 2 0 2 0 0
-4246.1 1226.6 -4.2 2 0 7.4 8.0 2.5 2.5 2 1 1 5 5
-4015.4 1327.6 -3.3 285 0 6.6 14.4 7.5 2.5 2 1 3 5 5
-4454.6 569.5 -2.9 5 0 6.2 7.1 10.0 2.5 2 1 4 5 5
-4370.2 560.3 -3.1 1 0 8.0 8.1 7.5 2.5 2 1 3 1 1
-4360.8 474.5 -5.0 7 0 11.0 11.9 7.5 2.5 2 1 3 3 3
-4522.7 649.9 -3.9 94 0 6.7 6.9 2.5 2.5 2 1 1 3 3
-4393.0 1003.7 -3.0 90 0 6.5 8.0 7.5 2.5 2 1 3 4 4
-3677.8 -0.6 -1.1 269 0 6.0 6.8 5.0 2.5 2 1 2 0 0
-5416.9 -92.6 -5.2 5 0 6.2 16.4 7.5 2.5 2 1 3 2 2
-5475.3 -108.1 -5.3 157 0 6.9 8.1 7.5 2.5 2 1 3 0 0
-5550.6 -113.2 -4.5 341 0 8.4 7.5 2.5 2.5 2 0 1 0 0
-5527.6 -167.8 -6.6 263 0 8.6 11.9 2.5 2.5 2 1 1 4 4
-5355.9 -80.3 -3.6 4 0 18.3 12.6 2.5 2.5 2 0 1 2 2
-4387.4 646.3 -3.6 91 0 6.3 8.7 5.0 2.5 2 1 2 3 3
-4240.0 1249.3 -4.0 2 0 10.8 6.3 7.5 2.5 2 0 3 3 3
-4534.8 1316.6 -2.6 93 0 8.0 6.0 5.0 2.5 4 0 2 1 1
-5630.1 1288.2 -5.5 180 0 7.7 10.2 7.5 2.5 2 1 3 2 2
-5668.7 1190.3 -3.7 261 0 6.5 11.6 2.5 2.5 2 1 1 1 1
-5095.0 746.6 -5.0 18 0 6.7 6.6 10.0 0.0 0 0 4 4 4
-1313.5 507.9 -6.8 185 0 10.1 9.9 10.0 2.5 2 0 4 0 0
-1306.5 359.9 -4.3 18 0 6.8 9.0 2.5 2.5 2 1 1 3 3
-1483.5 1345.4 -0.6 79 0 9.3 8.3 2.5 2.5 2 0 1 0 0
-1379.1 1343.0 -0.7 203 0 8.6 8.6 7.5 2.5 2 1 3 0 0
-1295.8 1332.9 -1.8 25 0 10.7 9.8 7.5 2.5 2 0 3 5 5
-1275.2 1176.5 -0.3 196 0 10.0 8.9 2.5 2.5 2 0 1 5 5
45.3 1192.5 0.1 25 0 6.1 10.0 7.5 2.5 2 1 3 5 5
77.5 1265.8 -0.5 12 0 10.8 8.8 7.5 2.5 4 0 3 5 5
343.6 1282.3 -3.2 103 0 9.0 6.4 2.5 2.5 2 0 1 3 3
135.0 1192.0 -1.2 21 0 11.0 8.5 7.5 2.5 2 0 3 3 3
-63.4 1297.0 1.4 279 0 29.4 8.6 10.0 2.5 2 0 4 2 2
6631.8 -1075.3 3.2 185 0 14.5 7.7 7.5 2.5 2 0 3 5 5
6623.7 -1094.4 3.5 178 0 10.9 12.3 7.5 0.0 0 1 3 3 3
-5662.7 -168.9 -4.9 180 0 7.1 7.5 7.5 2.5 2 1 3 1 1
-5597.7 -222.4 -8.1 161 0 10.3 13.9 5.0 0.0 0 1 2 3 3
-5562.4 -191.6 -6.8 247 0 8.2 10.4 5.0 2.5 2 1 2 0 0
-5388.7 -129.7 -5.9 89 0 9.9 10.4 5.0 2.5 2 1 2 0 0
-5293.9 -104.7 -5.7 271 0 10.0 11.2 10.0 2.5 2 1 4 2 2
-4267.0 622.5 -4.8 95 0 6.6 7.2 7.5 2.5 2 1 3 0 0
-4160.7 940.3 -3.3 188 0 10.2 6.3 7.5 2.5 2 0 3 5 5
-2656.0 6629.9 -8.8 288 0 16.9 20.2 7.5 2.5 2 1 3 1 1
-5631.5 729.3 -6.2 171 0 13.3 16.2 7.5 2.5 2 1 3 2 2
-5612.4 803.8 -4.9 5 0 10.3 8.8 7.5 2.5 2 0 3 5 5
-5549.2 1172.2 -4.3 271 0 10.4 10.1 2.5 2.5 2 0 1 5 5
-5627.0 1344.7 -4.7 186 0 9.6 11.2 5.0 2.5 2 1 2 3 3
-5632.5 1396.6 -3.9 184 0 15.9 9.3 7.5 2.5 4 0 3 3 3
-6254.1 6758.7 -13.4 211 0 12.5 6.2 5.0 2.5 2 0 2 3 3
-6894.3 4284.9 -8.0 116 0 7.8 11.3 10.0 2.5 2 1 4 0 0
-6890.2 4340.4 -8.1 202 0 11.1 9.0 7.5 0.0 0 0 3 0 0
-6867.5 4357.2 -8.0 30 0 6.3 6.9 5.0 2.5 2 1 2 4 4
-6896.6 4377.1 -8.1 205 0 7.8 10.7 7.5 2.5 2 1 3 5 5
-6832.9 4427.0 -8.8 20 0 9.9 8.7 7.5 2.5 2 0 3 1 1
-6850.5 4408.8 -8.3 29 0 8.6 10.0 7.5 2.5 2 1 3 5 5
-6886.9 4411.3 -8.1 209 0 7.9 7.6 2.5 2.5 2 0 1 3 3
-6885.0 4423.3 -8.1 210 0 6.5 7.4 7.5 2.5 2 1 3 1 1
-6911.0 2408.1 -9.1 209 0 6.7 26.7 5.0 2.5 2 1 2 3 3
-6864.1 2354.2 -8.2 298 0 6.0 33.9 2.5 2.5 2 1 1 2 2
-6868.1 2381.4 -8.9 299 0 7.4 19.7 10.0 2.5 2 1 4 1 1
-6127.0 2876.9 -7.0 122 0 11.9 9.2 10.0 2.5 2 0 4 1 1
-6583.1 3368.8 -8.5 280 0 6.9 15.2 5.0 2.5 2 1 2 0 0
-6698.3 3515.9 -7.3 119 0 8.0 8.2 2.5 2.5 2 1 1 4 4
-6657.0 3500.6 -6.8 122 0 9.1 7.3 7.5 2.5 2 0 3 0 0
-6631.2 3486.3 -6.5 30 0 9.8 9.7 5.0 2.5 2 0 2 1 1
-6648.6 3335.1 -8.0 209 0 9.3 12.6 7.5 2.5 2 1 3 2 2
-6762.0 2993.1 -7.9 120 0 8.3 16.1 7.5 0.0 0 1 3 0 0
-6911.4 3035.0 -6.7 194 0 7.2 15.7 7.5 0.0 0 1 3 4 4
-6902.3 3116.7 -7.5 210 0 11.9 7.8 7.5 2.5 2 0 3 5 5
-6878.6 3050.5 -6.9 28 0 9.0 12.8 2.5 2.5 2 1 1 3 3
-6797.2 3094.3 -7.1 194 0 11.4 9.1 7.5 2.5 4 0 3 1 1
-6798.5 3123.3 -7.3 209 0 8.8 6.0 2.5 2.5 2 0 1 0 0
-6769.7 3135.4 -7.0 219 0 11.6 15.8 5.0 2.5 2 1 2 5 5
-6776.3 3204.5 -8.1 25 0 7.2 12.0 5.0 2.5 2 1 2 0 0
-6849.5 3209.0 -8.5 303 0 22.6 7.7 7.5 2.5 2 0 3 5 5
-6868.4 3201.2 -8.4 212 0 7.5 23.0 5.0 2.5 2 1 2 2 2
-6838.8 3125.7 -7.7 35 0 10.3 20.6 7.5 2.5 2 1 3 1 1
-6817.3 3156.1 -8.0 36 0 9.4 17.8 7.5 2.5 2 1 3 3 3
-6838.4 3152.2 -7.9 33 0 20.5 7.5 10.0 2.5 4 0 4 2 2
-6848.0 3111.5 -7.6 31 0 8.7 29.8 7.5 2.5 4 1 3 1 1
-6886.5 3109.8 -7.4 211 0 9.1 8.9 7.5 2.5 2 0 3 1 1
-6866.5 3065.0 -7.1 28 0 9.6 14.8 7.5 2.5 2 1 3 5 5
-6857.4 3071.0 -7.2 37 0 7.7 33.0 7.5 2.5 2 1 3 0 0
-6870.4 2897.0 -7.9 33 0 23.1 14.6 7.5 2.5 2 0 3 5 5
-6860.4 2911.5 -7.4 29 0 6.7 15.6 2.5 2.5 4 1 1 4 4
-6853.1 3045.6 -7.1 209 0 12.4 6.0 2.5 2.5 2 0 1 1 1
-6901.6 2865.3 -8.7 120 0 7.7 19.7 7.5 0.0 0 1 3 3 3
1434.1 4109.8 -3.8 135 0 20.0 15.9 10.0 2.5 2 0 4 5 5
-6686.4 3559.1 -7.8 220 0 8.7 8.1 7.5 2.5 2 0 3 0 0
-6481.7 3444.6 -8.3 32 0 10.1 9.7 7.5 2.5 2 0 3 5 5
-6837.6 3021.9 -7.1 215 0 6.2 6.9 5.0 2.5 2 1 2 4 4
-6710.5 3088.8 -7.1 304 0 8.6 6.0 5.0 2.5 2 0 2 5 5
-6706.6 3072.5 -7.5 31 0 11.8 7.0 5.0 2.5 2 0 2 5 5
-6898.2 2919.7 -7.9 120 0 16.7 30.6 7.5 2.5 2 1 3 5 5
