4312.1 -4260.8 -11.2 253 0 9.2 21.4 10.0 2.5 2 0 4 1 1
6044.9 3116.4 11.8 71 0 6.4 10.1 5.0 2.5 2 0 2 3 3
6047.9 3079.4 12.0 164 0 8.4 7.3 10.0 2.5 2 0 4 0 0
5964.8 2973.5 12.3 260 0 7.5 7.0 10.0 2.5 2 0 4 3 3
6020.2 3026.6 12.6 254 0 8.4 30.9 10.0 2.5 2 0 4 3 3
6002.5 3022.0 12.2 255 0 7.7 32.5 10.0 2.5 2 0 4 5 5
6003.3 3061.0 11.0 149 0 7.7 6.5 5.0 2.5 2 0 2 2 2
5829.1 3850.6 13.9 69 0 8.4 8.2 10.0 2.5 2 0 4 2 2
5712.1 4016.8 10.5 60 0 6.8 6.5 5.0 2.5 2 0 2 4 4
6169.5 3103.3 12.2 254 0 6.3 10.4 7.5 2.5 2 1 3 0 0
6194.5 3043.8 12.5 73 0 15.0 6.2 7.5 2.5 2 0 3 2 2
6294.4 2516.7 10.4 341 0 7.2 6.3 5.0 2.5 2 0 2 4 4
6289.1 2541.8 10.8 342 0 6.5 7.4 7.5 0.0 0 1 3 0 0
5988.1 2563.5 12.3 160 0 7.5 8.2 5.0 2.5 2 1 2 2 2
6223.9 2695.1 13.0 338 0 7.2 8.9 7.5 2.5 4 1 3 3 3
6267.9 2445.3 8.2 248 0 7.5 9.2 7.5 2.5 2 1 3 3 3
6250.8 2392.8 6.4 338 0 7.3 7.9 5.0 2.5 4 1 2 0 0
6222.1 2374.3 7.2 249 0 7.8 7.7 5.0 0.0 0 0 2 0 0
6207.4 2261.7 9.5 336 0 7.9 8.7 10.0 2.5 2 1 4 2 2
6224.8 2314.5 8.3 72 0 8.7 8.8 5.0 2.5 2 1 2 2 2
6123.8 2280.6 10.4 258 0 8.6 8.8 7.5 2.5 2 1 3 0 0
6068.1 2305.4 9.6 277 0 8.3 8.8 5.0 2.5 2 1 2 5 5
6040.2 2238.3 8.7 68 0 8.8 8.7 5.0 2.5 2 0 2 0 0
6022.8 2295.1 8.7 255 0 8.4 7.3 7.5 2.5 2 0 3 4 4
5988.9 2308.3 7.7 263 0 8.6 8.5 10.0 2.5 2 0 4 4 4
6104.8 2697.5 12.7 155 0 9.1 7.7 5.0 2.5 2 0 2 4 4
6012.9 2638.6 11.9 242 0 18.5 8.9 7.5 2.5 4 0 3 3 3
-2537.9 2033.4 1.9 294 0 9.2 23.0 7.5 2.5 2 1 3 3 3
-2548.4 1990.0 2.5 109 0 8.8 6.9 7.5 2.5 2 0 3 4 4
-2485.5 2021.3 2.1 298 0 9.9 35.9 10.0 2.5 2 1 4 4 4
-2554.9 2058.2 1.7 298 0 9.8 35.9 12.5 2.5 2 1 5 5 5
-2618.3 2106.8 0.8 110 0 8.4 13.4 7.5 2.5 2 1 3 0 0
-2575.1 2093.2 1.1 117 0 7.3 7.2 2.5 2.5 2 0 1 3 3
-2519.3 1804.6 2.2 119 0 15.2 10.0 7.5 2.5 2 0 3 4 4
-2476.9 1797.1 2.5 301 0 9.9 15.6 10.0 2.5 2 1 4 5 5
-2446.3 1944.9 2.9 135 0 15.3 21.3 10.0 2.5 2 1 4 1 1
-2658.0 2026.9 0.8 51 0 10.5 11.2 10.0 2.5 4 1 4 2 2
-2717.7 1600.1 4.7 142 0 9.0 7.0 10.0 2.5 2 0 4 4 4
-3256.6 1202.9 1.0 40 0 12.7 13.2 7.5 2.5 2 1 3 3 3
-3270.9 1270.9 0.2 317 0 12.5 12.3 7.5 2.5 2 0 3 4 4
6182.0 2304.0 10.2 174 0 6.9 11.2 2.5 2.5 2 1 1 1 1
6175.3 2355.5 9.5 160 0 7.5 8.4 7.5 2.5 2 1 3 0 0
5824.4 2596.0 11.2 78 0 7.9 9.0 10.0 2.5 2 1 4 3 3
-6783.9 -3229.0 -20.9 112 0 9.8 13.3 2.5 2.5 2 1 1 0 0
-6265.7 -3293.4 -21.1 119 0 11.1 11.9 5.0 2.5 2 1 2 2 2
-6156.3 -2941.5 -19.3 121 0 7.5 10.3 7.5 2.5 2 1 3 5 5
-6271.5 -2776.0 -19.1 71 0 6.5 8.0 7.5 2.5 2 1 3 0 0
-6306.7 -2918.3 -19.9 35 0 6.3 6.3 7.5 2.5 2 0 3 4 4
-6226.8 -2958.4 -19.2 35 0 7.2 7.5 5.0 2.5 2 1 2 5 5
-6370.9 -3139.2 -21.7 149 0 7.0 7.3 7.5 2.5 2 1 3 1 1
5765.5 -68.9 8.4 307 0 9.2 12.6 2.5 2.5 4 1 1 0 0
5811.7 -86.4 7.7 43 0 7.8 10.0 5.0 2.5 2 1 2 1 1
5800.0 -103.3 7.8 43 0 13.8 9.0 7.5 2.5 4 0 3 5 5
5725.4 -85.2 8.3 306 0 9.2 36.5 7.5 2.5 2 1 3 3 3
5768.7 -161.2 7.3 44 0 10.9 24.9 10.0 0.0 0 1 4 3 3
5759.1 -180.8 7.2 40 0 10.4 24.1 10.0 2.5 2 1 4 4 4
5747.2 -190.3 7.3 40 0 13.2 30.0 7.5 2.5 2 1 3 4 4
5718.8 -225.3 7.5 42 0 20.9 13.6 10.0 2.5 2 0 4 4 4
5654.0 -295.1 6.0 130 0 9.9 18.4 10.0 0.0 0 1 4 1 1
5494.6 -517.9 3.8 40 0 17.0 10.6 5.0 2.5 2 0 2 2 2
5439.8 -548.9 2.0 115 0 6.2 22.8 10.0 2.5 2 1 4 2 2
5665.4 -516.8 6.3 308 0 16.5 12.4 5.0 2.5 2 0 2 2 2
5704.3 -484.5 6.7 23 0 12.1 7.2 7.5 2.5 2 0 3 3 3
5723.9 -429.4 6.6 308 0 15.0 12.3 7.5 2.5 2 0 3 3 3
5624.4 -438.2 6.3 129 0 12.4 11.6 2.5 2.5 2 0 1 2 2
5565.1 -581.6 5.0 82 0 7.7 6.3 10.0 2.5 4 0 4 5 5
5598.0 -557.6 5.6 33 0 7.7 16.6 2.5 2.5 2 1 1 4 4
5577.9 -524.2 5.7 35 0 10.7 9.1 10.0 2.5 2 0 4 0 0
5607.6 -483.0 6.2 308 0 13.1 9.4 7.5 2.5 2 0 3 5 5
5598.6 -450.1 6.0 306 0 14.8 9.0 7.5 2.5 2 0 3 5 5
5569.6 -466.3 5.9 216 0 12.0 31.4 10.0 2.5 2 1 4 2 2
5558.4 -500.5 5.7 213 0 7.9 13.1 10.0 2.5 2 1 4 0 0
5513.1 -591.8 4.0 117 0 10.0 12.1 7.5 2.5 2 1 3 2 2
5550.0 -582.5 4.8 66 0 9.2 10.0 7.5 2.5 2 1 3 0 0
5535.1 -524.1 5.2 216 0 11.0 11.8 7.5 2.5 2 1 3 4 4
5525.0 -537.6 4.9 218 0 10.6 11.5 7.5 2.5 4 1 3 5 5
5177.4 -1975.0 -4.9 354 0 20.4 9.5 5.0 2.5 4 0 2 3 3
5158.5 -2005.6 -5.2 82 0 10.3 17.9 2.5 2.5 2 1 1 2 2
5154.4 -1953.3 -4.5 351 0 12.8 8.2 7.5 0.0 0 0 3 2 2
5135.8 -1969.3 -5.0 89 0 11.3 35.5 10.0 2.5 4 1 4 5 5
5099.9 -1936.9 -5.6 180 0 10.9 17.9 5.0 2.5 2 1 2 5 5
5179.0 -1872.2 -4.0 359 0 16.2 6.3 7.5 2.5 4 0 3 4 4
5165.5 -1855.1 -4.3 271 0 8.1 28.9 7.5 2.5 2 1 3 1 1
5151.9 -1852.6 -4.6 271 0 9.6 63.0 7.5 2.5 2 1 3 2 2
5137.4 -1851.6 -4.7 270 0 9.1 64.0 10.0 2.5 4 1 4 0 0
5124.3 -1860.4 -4.8 271 0 10.6 45.3 5.0 2.5 2 1 2 4 4
5108.4 -1856.6 -5.3 270 0 10.1 52.2 7.5 2.5 2 1 3 5 5
5715.6 -169.5 8.1 132 0 12.1 12.1 5.0 2.5 4 0 2 1 1
5787.9 -150.1 7.3 44 0 13.7 15.2 10.0 0.0 0 1 4 2 2
5637.4 563.5 9.8 112 0 8.1 9.0 7.5 0.0 0 1 3 2 2
5592.8 536.8 8.8 207 0 9.7 8.3 5.0 2.5 2 0 2 5 5
5718.4 561.4 8.3 32 0 8.9 9.0 5.0 2.5 2 1 2 5 5
5677.8 537.9 8.1 210 0 8.3 10.8 2.5 2.5 2 1 1 5 5
5637.0 431.3 6.1 115 0 8.3 8.5 5.0 0.0 0 1 2 3 3
5463.9 328.6 4.7 39 0 8.2 8.7 7.5 2.5 2 1 3 1 1
5649.6 209.4 2.5 127 0 9.1 17.9 5.0 2.5 2 1 2 4 4
-6824.5 5674.8 -8.4 290 0 6.6 9.0 2.5 2.5 2 1 1 5 5
-6673.0 5856.2 -7.3 355 0 10.4 8.7 5.0 2.5 2 0 2 0 0
-4908.4 -3497.2 -17.4 345 0 10.4 8.8 5.0 2.5 2 0 2 2 2
-4567.8 -3396.7 -14.9 73 0 7.9 10.1 10.0 2.5 2 1 4 4 4
-4327.3 -3375.3 -12.7 294 0 6.1 6.8 7.5 2.5 2 1 3 3 3
-4110.6 -3649.8 -11.1 302 0 7.7 19.8 7.5 0.0 0 1 3 5 5
-4102.8 -3676.6 -10.4 300 0 8.0 19.5 5.0 0.0 0 1 2 2 2
-4096.0 -3708.8 -9.2 28 0 6.3 6.7 7.5 2.5 2 1 3 1 1
