-298.1 -6727.1 -0.8 286 0 9.6 16.7 7.5 2.5 2 0 3 0 0
1020.4 -6501.5 -3.4 185 0 51.4 35.3 12.5 0.0 0 0 5 0 0
5189.6 -6200.7 -2.7 306 0 8.4 10.4 7.5 2.5 2 1 3 5 5
5202.8 -6214.6 -3.3 313 0 8.3 12.0 2.5 2.5 2 1 1 4 4
5220.3 -6223.1 -3.8 312 0 10.3 12.0 2.5 0.0 0 1 1 0 0
5024.6 -4218.8 -4.7 330 0 9.3 9.5 5.0 2.5 2 1 2 0 0
5001.4 -4224.0 -4.9 234 0 8.9 10.3 7.5 2.5 2 1 3 1 1
4984.2 -4231.5 -5.1 243 0 9.3 8.3 2.5 2.5 2 0 1 1 1
4998.9 -4260.5 -4.3 63 0 10.0 8.9 7.5 2.5 2 0 3 3 3
5113.9 -6169.8 -2.9 219 0 13.5 7.9 7.5 2.5 2 0 3 3 3
-461.0 -6844.2 0.4 118 0 8.4 12.4 7.5 2.5 2 1 3 3 3
-490.6 -6842.4 0.4 28 0 13.3 7.7 5.0 2.5 2 0 2 1 1
-914.5 -6766.2 -0.9 291 0 9.6 21.7 5.0 2.5 2 1 2 3 3
4283.0 -3988.3 -3.7 148 0 6.4 10.9 5.0 2.5 2 1 2 0 0
4362.0 -4066.1 -5.7 57 0 14.9 13.1 2.5 2.5 2 0 1 1 1
4409.9 -4036.0 -2.1 299 0 6.4 11.6 5.0 2.5 2 1 2 3 3
4416.8 -4050.3 -1.4 53 0 8.2 8.2 10.0 2.5 2 0 4 0 0
4443.9 -4068.2 -0.9 323 0 16.0 7.4 7.5 2.5 4 0 3 3 3
4418.7 -4060.1 -1.1 236 0 7.3 27.1 7.5 2.5 2 1 3 2 2
4442.6 -4082.6 -0.5 326 0 6.9 10.5 7.5 2.5 2 1 3 3 3
4457.1 -4085.3 -0.4 326 0 10.1 22.9 5.0 2.5 2 1 2 2 2
4405.8 -4085.6 -0.4 237 0 23.2 41.0 12.5 0.0 0 1 5 3 3
4378.2 -4091.1 0.4 235 0 8.2 15.6 2.5 2.5 2 1 1 5 5
5943.4 -6599.3 -6.8 320 0 11.6 7.1 7.5 2.5 4 0 3 5 5
5946.2 -6559.2 -6.7 34 0 10.7 7.8 7.5 2.5 2 0 3 4 4
5949.1 -6536.9 -6.4 25 0 10.6 8.7 7.5 2.5 2 0 3 5 5
5940.8 -6550.6 -6.7 35 0 18.4 8.5 7.5 2.5 2 0 3 5 5
5924.8 -6551.3 -6.7 118 0 8.5 9.2 7.5 2.5 4 1 3 3 3
5965.0 -6501.0 -6.0 302 0 7.9 27.9 10.0 2.5 2 1 4 1 1
622.3 -5997.9 -7.0 130 0 8.3 8.4 5.0 2.5 2 1 2 1 1
