5280.6 -3548.7 -7.6 185 0 31.0 15.2 10.0 2.5 2 0 4 3 3
1251.7 -3053.7 -6.3 107 0 62.4 94.5 10.0 0.0 0 1 4 0 0
6688.4 -3577.8 -9.5 104 0 8.7 11.0 7.5 2.5 2 0 3 1 1
6719.0 -3510.4 -8.7 285 0 10.7 12.4 7.5 2.5 2 0 3 2 2
6847.4 -3520.7 -8.9 107 0 12.0 10.9 7.5 2.5 2 0 3 0 0
6818.9 -3503.3 -8.4 114 0 10.5 15.3 10.0 2.5 2 0 4 3 3
6672.2 -3492.3 -9.6 283 0 6.3 14.7 7.5 2.5 2 0 3 2 2
6844.2 -3492.0 -8.4 18 0 9.5 9.8 7.5 2.5 2 0 3 4 4
6850.9 -3473.0 -8.2 15 0 12.6 14.4 10.0 2.5 2 0 4 3 3
6750.1 -3360.8 -9.1 280 0 8.0 11.5 5.0 2.5 2 0 2 2 2
6678.2 -3359.6 -10.0 197 0 11.5 9.5 5.0 2.5 2 0 2 3 3
6847.9 -3446.4 -7.8 16 0 10.6 11.5 7.5 2.5 2 0 3 2 2
6648.7 -3564.0 -9.5 199 0 8.4 7.3 7.5 2.5 2 0 3 3 3
6805.4 -3531.9 -8.9 293 0 7.4 11.7 5.0 2.5 2 0 2 5 5
6772.9 -3442.1 -7.6 23 0 11.5 12.7 5.0 2.5 2 0 2 4 4
6834.8 -3409.0 -7.3 291 0 15.4 12.9 7.5 2.5 2 0 3 1 1
6826.3 -3558.3 -9.5 290 0 11.9 18.2 10.0 2.5 2 0 4 2 2
6763.8 -3462.6 -7.9 25 0 7.3 7.6 7.5 2.5 2 0 3 2 2
6748.3 -3337.6 -9.4 290 0 9.0 14.3 7.5 2.5 2 0 3 4 4
6858.4 -3550.7 -9.4 10 0 15.3 13.3 5.0 2.5 2 0 2 5 5
6880.8 -3423.4 -8.9 26 0 28.2 13.2 10.0 2.5 2 0 4 1 1
6735.6 -3545.0 -9.1 283 0 13.1 8.6 7.5 2.5 2 0 3 3 3
6818.4 -3370.7 -7.0 288 0 6.5 7.3 7.5 2.5 2 0 3 2 2
6752.9 -3497.6 -8.5 290 0 13.5 13.4 5.0 2.5 2 0 2 1 1
6859.2 -3387.3 -8.1 290 0 11.5 19.6 2.5 2.5 2 0 1 3 3
6720.4 -3473.5 -8.6 111 0 8.3 21.8 7.5 2.5 2 0 3 2 2
6770.0 -3038.7 -8.7 104 0 6.5 35.5 7.5 2.5 2 0 3 2 2
6777.9 -3329.8 -9.5 103 0 7.7 39.6 10.0 2.5 4 1 4 5 5
6650.4 -3646.7 -9.1 98 0 11.3 17.0 7.5 2.5 2 0 3 5 5
6753.5 -3248.6 -10.0 210 0 20.8 9.9 2.5 2.5 2 0 1 5 5
6810.6 -3042.4 -8.6 21 0 18.1 9.5 7.5 2.5 2 0 3 3 3
6694.6 -3277.7 -10.2 124 0 8.2 14.7 2.5 2.5 2 1 1 4 4
6788.5 -3202.8 -9.2 201 0 10.4 10.9 10.0 2.5 2 1 4 1 1
6555.4 -3647.4 -8.6 196 0 7.3 14.6 5.0 2.5 2 0 2 2 2
6887.8 -3392.5 -9.2 114 0 11.0 14.1 5.0 2.5 2 1 2 3 3
6614.8 -3427.2 -9.3 191 0 12.8 7.6 7.5 2.5 2 0 3 2 2
6679.8 -3264.5 -10.1 128 0 8.0 14.5 7.5 2.5 2 1 3 3 3
6901.2 -3537.3 -9.5 18 0 15.3 10.8 7.5 2.5 4 0 3 2 2
6637.1 -3053.3 -9.1 206 0 10.7 8.7 10.0 2.5 2 0 4 0 0
6593.2 -3404.2 -9.0 194 0 10.8 8.7 5.0 2.5 2 0 2 4 4
6667.3 -3092.3 -9.6 18 0 14.1 12.6 7.5 0.0 0 0 3 1 1
6802.2 -3636.9 -10.3 97 0 12.0 26.3 5.0 0.0 0 1 2 4 4
6631.6 -3004.0 -8.2 295 0 8.1 8.8 7.5 2.5 2 1 3 4 4
6640.4 -3432.7 -9.5 11 0 7.7 9.7 7.5 2.5 2 1 3 1 1
6639.2 -3265.0 -9.5 27 0 9.6 12.3 7.5 2.5 2 1 3 5 5
6627.4 -3652.8 -8.8 93 0 8.6 13.2 5.0 2.5 2 1 2 4 4
6907.0 -2960.6 -7.0 27 0 16.2 12.0 5.0 2.5 2 0 2 0 0
6880.8 -3043.1 -7.2 22 0 11.3 6.0 7.5 2.5 4 0 3 5 5
6797.8 -3340.0 -8.5 112 0 16.6 17.7 15.0 0.0 0 1 6 3 3
6801.4 -3254.6 -9.1 208 0 24.3 8.8 7.5 2.5 2 0 3 5 5
6653.5 -3199.3 -9.7 299 0 12.9 8.8 5.0 2.5 4 0 2 1 1
6910.5 -3015.2 -6.7 38 0 6.6 6.9 5.0 0.0 0 1 2 3 3
6835.8 -3296.8 -8.3 112 0 9.8 9.3 10.0 2.5 2 0 4 2 2
6881.9 -3267.7 -7.5 19 0 10.4 6.2 5.0 2.5 2 0 2 5 5
6730.8 -3585.6 -9.5 98 0 12.3 8.4 7.5 2.5 2 0 3 0 0
6797.0 -3178.9 -8.9 191 0 14.8 13.4 5.0 2.5 2 0 2 3 3
6665.2 -3187.4 -9.9 116 0 11.9 10.7 5.0 2.5 2 0 2 5 5
6815.3 -3131.6 -8.4 104 0 9.6 15.4 7.5 2.5 2 1 3 3 3
6867.2 -3297.3 -7.8 20 0 11.0 12.6 10.0 2.5 2 1 4 1 1
6581.4 -3580.9 -9.1 198 0 12.3 7.7 5.0 2.5 2 0 2 5 5
6762.8 -3182.4 -9.5 11 0 9.8 12.1 7.5 2.5 4 1 3 2 2
6805.7 -3090.3 -8.4 200 0 11.0 7.3 5.0 2.5 2 0 2 1 1
6708.4 -3216.7 -10.2 216 0 12.1 10.5 7.5 2.5 2 0 3 2 2
6777.2 -3116.0 -9.0 18 0 12.9 16.4 7.5 2.5 2 1 3 5 5
6723.9 -2973.7 -8.4 208 0 7.7 13.7 7.5 2.5 2 1 3 1 1
6737.5 -3297.5 -10.2 112 0 6.0 18.9 10.0 2.5 2 1 4 5 5
6702.3 -3167.0 -9.9 26 0 6.9 9.6 7.5 2.5 2 1 3 3 3
6746.2 -3061.4 -8.8 289 0 10.8 12.6 2.5 2.5 2 1 1 3 3
6638.4 -3277.8 -9.4 25 0 10.3 6.9 7.5 2.5 2 0 3 0 0
6662.7 -3023.1 -8.4 293 0 8.9 10.1 10.0 2.5 2 1 4 3 3
6601.8 -3440.5 -9.2 192 0 10.4 9.4 7.5 2.5 2 0 3 4 4
6619.0 -3206.2 -9.3 295 0 9.0 11.9 10.0 2.5 4 1 4 3 3
6816.4 -3636.7 -10.4 98 0 11.5 20.6 5.0 2.5 2 1 2 4 4
6622.3 -3276.9 -9.3 120 0 7.7 6.1 7.5 2.5 2 0 3 3 3
6645.1 -3599.7 -9.4 109 0 11.0 7.7 10.0 2.5 2 0 4 4 4
6683.8 -3027.2 -8.4 20 0 7.5 10.8 7.5 2.5 2 1 3 4 4
6668.6 -3010.9 -8.3 295 0 8.2 11.5 7.5 0.0 0 1 3 5 5
6654.2 -3232.1 -9.7 27 0 8.8 8.8 7.5 2.5 2 0 3 3 3
6904.7 -3293.8 -7.0 22 0 19.9 11.0 7.5 2.5 2 0 3 4 4
6911.6 -3608.7 -11.4 281 0 12.2 28.5 7.5 2.5 4 1 3 0 0
6846.1 -3134.9 -8.1 107 0 12.2 13.7 10.0 2.5 2 1 4 2 2
6632.1 -3583.3 -9.4 198 0 7.3 7.7 5.0 2.5 2 1 2 5 5
6749.4 -3625.0 -9.9 97 0 16.4 12.0 2.5 2.5 4 0 1 4 4
6887.6 -3106.7 -7.6 125 0 15.0 12.0 7.5 2.5 2 0 3 4 4
6870.2 -3596.3 -10.2 358 0 16.3 12.8 5.0 2.5 2 0 2 5 5
6703.2 -3178.5 -10.0 15 0 7.4 9.3 7.5 2.5 2 1 3 0 0
6650.5 -3273.4 -9.7 206 0 8.2 8.1 10.0 2.5 2 0 4 0 0
6880.3 -3080.5 -7.5 32 0 15.9 11.0 2.5 2.5 2 0 1 1 1
6908.3 -3338.9 -8.3 9 0 11.2 7.4 5.0 2.5 2 0 2 5 5
6890.9 -3231.0 -7.6 286 0 17.1 9.9 7.5 2.5 2 0 3 5 5
6913.8 -3067.7 -7.2 26 0 6.0 13.8 2.5 2.5 2 1 1 2 2
6687.0 -3201.8 -10.1 115 0 10.2 7.9 7.5 2.5 2 0 3 1 1
6910.6 -3449.2 -9.7 29 0 18.6 11.5 7.5 2.5 2 0 3 5 5
6673.8 -3241.2 -10.0 215 0 7.6 12.4 10.0 2.5 2 1 4 4 4
6649.6 -3082.3 -9.6 24 0 7.6 7.3 5.0 2.5 2 0 2 0 0
6849.7 -2978.2 -8.1 27 0 10.5 15.0 10.0 0.0 0 1 4 4 4
6662.6 -2991.8 -8.4 116 0 8.7 13.1 5.0 2.5 2 1 2 5 5
6569.6 -3602.1 -8.9 203 0 14.2 8.0 7.5 2.5 2 0 3 5 5
6748.9 -3233.8 -10.0 37 0 8.3 13.3 5.0 0.0 0 1 2 5 5
6873.9 -3118.8 -7.8 304 0 15.3 10.6 7.5 2.5 2 0 3 3 3
6552.0 -3608.8 -8.7 22 0 14.2 12.6 7.5 2.5 2 0 3 2 2
6679.1 -3641.0 -9.4 93 0 14.8 8.7 7.5 2.5 2 0 3 3 3
6714.8 -3641.0 -9.7 92 0 8.9 15.2 5.0 2.5 2 1 2 0 0
6833.9 -3349.0 -7.6 113 0 12.3 16.9 7.5 2.5 2 1 3 0 0
6906.2 -3589.3 -10.4 12 0 10.6 18.1 7.5 2.5 2 1 3 0 0
6913.4 -2910.4 -7.4 36 0 9.7 11.3 5.0 0.0 0 1 2 2 2
6906.9 -2873.8 -7.6 305 0 18.6 12.8 5.0 2.5 2 0 2 1 1
6887.0 -2869.0 -7.1 300 0 12.2 15.8 2.5 2.5 4 1 1 4 4
6826.2 -2908.6 -7.8 116 0 16.2 9.8 10.0 2.5 2 0 4 5 5
6857.1 -2785.2 -6.9 21 0 17.0 13.8 10.0 2.5 2 0 4 4 4
6910.2 -2859.7 -7.9 115 0 11.1 15.7 5.0 2.5 2 1 2 4 4
6890.4 -2779.4 -7.9 24 0 12.2 12.4 7.5 2.5 2 1 3 4 4
6862.8 -2684.9 -8.9 301 0 18.4 16.1 5.0 2.5 2 0 2 5 5
6819.8 -2734.0 -8.3 300 0 21.4 20.1 5.0 2.5 2 0 2 4 4
6886.8 -2693.7 -8.8 294 0 17.5 16.1 7.5 2.5 2 0 3 1 1
6872.8 -2668.1 -9.2 114 0 14.3 22.1 7.5 2.5 2 1 3 3 3
6759.1 -2948.4 -8.4 296 0 10.8 13.7 5.0 2.5 2 1 2 2 2
6712.4 -2914.6 -8.8 30 0 8.6 11.1 10.0 2.5 2 1 4 3 3
6656.9 -2874.0 -8.6 208 0 17.8 15.6 10.0 2.5 2 0 4 3 3
6657.1 -2840.8 -8.5 209 0 13.4 10.8 10.0 2.5 2 0 4 5 5
6657.0 -2823.3 -8.2 30 0 9.9 7.2 7.5 2.5 2 0 3 4 4
6684.7 -2793.3 -7.8 200 0 15.6 10.4 10.0 2.5 2 0 4 5 5
6721.3 -2778.3 -7.9 198 0 11.5 15.5 7.5 2.5 2 1 3 4 4
6691.2 -2738.1 -6.5 21 0 17.9 9.2 7.5 2.5 2 0 3 1 1
6690.7 -2712.1 -7.1 20 0 16.4 13.7 7.5 2.5 2 0 3 2 2
6735.9 -2704.6 -7.6 205 0 17.0 11.2 7.5 2.5 4 0 3 0 0
6710.6 -2690.6 -7.6 18 0 17.2 13.8 5.0 2.5 2 0 2 3 3
6711.6 -2668.7 -7.9 27 0 14.7 16.5 7.5 2.5 2 1 3 0 0
6651.1 -2623.2 -7.7 220 0 11.2 11.3 5.0 2.5 2 1 2 2 2
6681.6 -2639.9 -7.9 124 0 10.4 17.3 2.5 2.5 2 1 1 3 3
6763.9 -2599.5 -7.8 21 0 13.4 12.3 7.5 2.5 2 0 3 0 0
6775.1 -2697.4 -8.3 209 0 15.2 8.7 7.5 2.5 2 0 3 0 0
6783.3 -2624.9 -8.4 205 0 18.1 13.4 5.0 2.5 2 0 2 5 5
6688.5 -2608.9 -8.0 212 0 10.8 8.6 5.0 2.5 2 0 2 1 1
6732.8 -2501.8 -8.1 295 0 8.6 12.1 5.0 2.5 2 1 2 2 2
6803.1 -2523.6 -6.9 27 0 14.2 12.3 5.0 2.5 2 0 2 2 2
6788.6 -2553.7 -7.3 31 0 18.1 10.4 7.5 2.5 2 0 3 2 2
6715.0 -2422.4 -8.4 294 0 18.4 12.1 5.0 2.5 2 0 2 3 3
6681.5 -2437.9 -8.1 197 0 13.1 21.1 7.5 2.5 2 1 3 1 1
6667.8 -2534.8 -7.8 113 0 11.8 19.2 10.0 2.5 2 1 4 4 4
6740.9 -2431.9 -8.4 294 0 11.2 14.5 10.0 2.5 2 1 4 3 3
6819.4 -2469.4 -6.5 300 0 11.3 12.6 7.5 2.5 4 1 3 2 2
6834.4 -2557.9 -7.8 300 0 24.7 15.3 7.5 2.5 2 0 3 3 3
6842.1 -2439.9 -8.3 124 0 15.9 16.7 12.5 2.5 2 1 5 0 0
6831.0 -2375.3 -9.2 310 0 13.5 17.3 2.5 2.5 2 1 1 3 3
6738.2 -2394.9 -8.8 129 0 7.7 11.5 5.0 2.5 4 1 2 5 5
6709.9 -2385.2 -8.7 119 0 10.9 17.4 7.5 0.0 0 1 3 5 5
6769.2 -2398.1 -8.8 128 0 7.1 7.5 2.5 2.5 4 1 1 3 3
6682.5 -2500.6 -7.9 204 0 12.1 11.0 5.0 2.5 2 0 2 2 2
6875.9 -2622.4 -9.0 204 0 19.2 14.7 7.5 2.5 2 0 3 0 0
6910.5 -2612.5 -9.1 20 0 17.7 26.9 7.5 2.5 2 1 3 2 2
6914.6 -2593.0 -9.4 204 0 16.5 12.3 5.0 2.5 2 0 2 0 0
6869.1 -2603.6 -8.5 22 0 15.5 15.8 7.5 2.5 2 1 3 5 5
6855.7 -2567.1 -8.1 297 0 15.3 15.4 5.0 0.0 0 1 2 0 0
6843.0 -2642.0 -8.9 23 0 20.3 12.3 5.0 2.5 2 0 2 0 0
6914.7 -2504.7 -8.7 298 0 13.7 12.1 5.0 2.5 2 0 2 2 2
6908.1 -2435.5 -9.1 123 0 30.8 18.3 7.5 2.5 2 0 3 5 5
6910.9 -2459.3 -8.6 31 0 17.7 16.2 7.5 2.5 2 0 3 0 0
6870.0 -2513.7 -7.6 25 0 16.5 13.7 5.0 2.5 4 0 2 5 5
6856.7 -2530.8 -7.4 28 0 10.4 19.8 2.5 0.0 0 1 1 1 1
6807.1 -2934.5 -8.4 203 0 22.4 14.4 5.0 2.5 2 0 2 5 5
5477.9 6010.9 -14.1 196 0 15.3 26.8 10.0 2.5 4 1 4 1 1
1646.5 -6808.1 -7.4 140 0 22.5 36.3 7.5 2.5 2 1 3 4 4
1642.1 -6742.4 -6.8 271 0 7.7 14.7 5.0 2.5 2 1 2 1 1
315.3 -6771.7 -9.4 190 0 8.2 9.1 5.0 2.5 2 1 2 4 4
343.9 -6835.2 -10.1 280 0 9.1 8.2 7.5 2.5 2 0 3 1 1
219.3 -6835.5 -11.8 100 0 9.1 8.2 7.5 2.5 2 0 3 2 2
271.3 -6806.7 -10.5 280 0 9.1 8.2 5.0 2.5 2 0 2 4 4
294.0 -6757.9 -9.7 280 0 9.1 8.2 7.5 0.0 0 0 3 3 3
202.6 -6721.7 -12.7 84 0 13.8 18.4 10.0 2.5 2 1 4 3 3
465.4 -6780.4 -8.4 280 0 9.1 8.2 7.5 2.5 4 0 3 1 1
445.8 -6844.0 -9.6 100 0 9.1 8.2 5.0 2.5 4 0 2 3 3
427.7 -6762.1 -8.2 280 0 9.1 8.2 2.5 2.5 2 0 1 5 5
265.0 -6758.2 -10.2 280 0 9.1 8.2 7.5 0.0 0 0 3 1 1
330.7 -6707.7 -10.4 190 0 8.2 9.1 5.0 2.5 4 1 2 1 1
466.8 -6823.6 -9.3 100 0 9.1 8.2 5.0 2.5 2 0 2 5 5
388.9 -6815.5 -9.2 100 0 9.1 8.2 2.5 2.5 2 0 1 5 5
298.9 -6820.4 -10.2 280 0 9.1 8.2 7.5 2.5 2 0 3 3 3
360.0 -6839.7 -10.1 280 0 9.1 8.2 7.5 2.5 2 0 3 3 3
372.5 -6802.2 -9.1 100 0 9.1 8.2 7.5 2.5 4 0 3 0 0
294.3 -6747.4 -10.1 100 0 9.1 8.2 2.5 2.5 4 0 1 5 5
322.5 -6806.4 -9.7 100 0 9.6 15.4 7.5 2.5 2 1 3 4 4
207.4 -6782.8 -11.6 100 0 9.1 8.2 10.0 2.5 2 0 4 1 1
220.0 -6800.4 -11.5 280 0 9.1 8.2 5.0 2.5 2 0 2 3 3
259.8 -6791.6 -10.4 100 0 9.1 8.2 5.0 0.0 0 0 2 4 4
220.0 -6843.6 -12.0 280 0 9.1 8.2 7.5 2.5 4 0 3 3 3
245.8 -6806.7 -11.0 280 0 9.1 8.2 7.5 2.5 2 0 3 3 3
286.6 -6788.4 -10.0 10 0 8.2 9.1 10.0 0.0 0 1 4 0 0
227.0 -6744.5 -11.3 280 0 9.1 8.2 7.5 2.5 2 0 3 5 5
4123.7 -3412.8 -3.8 196 0 15.2 30.0 7.5 2.5 2 1 3 1 1
4092.6 -3511.6 -4.0 183 0 15.3 37.4 7.5 2.5 2 1 3 1 1
4168.7 -3437.8 -3.7 107 0 20.5 34.7 10.0 0.0 0 1 4 2 2
3908.2 -3128.7 -2.3 303 0 15.4 17.0 14.0 3.5 2 1 4 5 5
3843.9 -3289.4 -3.4 14 0 7.3 8.1 14.0 3.5 4 1 4 0 0
3744.3 -3231.7 -4.6 112 0 7.6 12.4 10.0 2.5 2 1 4 4 4
4229.3 -3441.4 -4.2 13 0 26.1 11.9 7.5 2.5 2 0 3 0 0
3832.4 -3215.9 -3.9 209 0 10.5 9.0 14.0 3.5 2 0 4 4 4
3825.2 -3193.0 -4.2 26 0 10.1 9.2 10.5 3.5 4 0 3 1 1
4032.4 -3114.1 -0.2 90 0 8.5 8.0 5.0 2.5 2 0 2 2 2
4129.1 -3474.0 -4.3 195 0 16.9 13.1 7.5 2.5 4 0 3 2 2
4160.5 -3510.6 -4.6 13 0 36.6 6.4 5.0 2.5 2 0 2 1 1
3858.2 -3166.6 -3.2 213 0 9.6 9.4 14.0 3.5 2 0 4 3 3
3816.6 -3298.6 -3.5 114 0 8.6 12.7 14.0 3.5 4 1 4 0 0
4087.8 -3452.6 -3.4 41 0 10.6 6.3 10.0 2.5 2 0 4 2 2
3087.9 -2514.0 -0.8 115 0 8.8 15.7 2.5 2.5 2 1 1 5 5
2903.0 -4333.0 -7.2 10 0 9.3 12.4 10.5 2.5 2 1 3 3 3
2912.2 -4434.5 -7.1 8 0 13.0 59.6 12.5 2.5 2 1 5 4 4
2909.9 -4410.6 -7.1 8 0 8.1 22.5 3.5 2.5 4 1 1 5 5
2889.5 -4363.7 -6.7 355 0 16.7 22.0 12.5 2.5 4 1 5 2 2
2915.2 -4347.8 -7.5 11 0 12.4 36.7 7.5 2.5 2 1 3 4 4
2815.6 -4318.4 -6.7 101 0 37.4 8.1 10.0 2.5 2 0 4 3 3
-127.6 -5410.3 -7.5 274 0 49.5 187.8 10.0 0.0 0 1 4 4 4
4712.4 -6179.0 -10.6 197 0 74.7 12.3 10.0 2.5 4 0 4 3 3
3726.1 -5476.2 -12.9 290 0 27.6 66.9 15.0 0.0 0 1 6 4 4
4422.0 -4791.5 -7.2 195 0 56.1 30.8 10.0 0.0 0 0 4 0 0
5655.5 -4829.6 -9.9 202 0 44.2 27.2 10.0 0.0 0 0 4 2 2
6651.8 -4075.2 -11.8 280 0 27.2 56.7 12.5 2.5 2 1 5 2 2
6709.7 -4082.7 -12.7 280 0 28.5 52.3 12.5 0.0 0 1 5 3 3
5901.3 -6530.1 -12.4 13 0 54.0 29.4 10.0 0.0 0 0 4 4 4
5682.7 -6642.1 -10.5 184 0 42.4 26.3 7.5 0.0 0 0 3 1 1
4792.3 -6121.7 -10.2 17 0 12.7 16.1 3.5 2.5 2 1 1 5 5
4762.6 -6085.9 -10.4 288 0 32.9 10.6 7.5 2.5 2 0 3 5 5
5117.2 -6295.9 -10.2 197 0 47.1 28.3 12.5 0.0 0 0 5 2 2
5342.4 -6645.6 -9.6 22 0 9.0 26.8 2.5 2.5 2 1 1 4 4
4367.9 -5981.3 -7.8 94 0 36.6 66.8 10.0 0.0 0 1 4 4 4
5243.6 -4380.2 -9.5 202 0 115.3 147.9 12.5 0.0 0 1 5 0 0
6453.0 -5758.3 -9.6 195 0 14.5 62.5 10.0 2.5 2 1 4 5 5
6448.5 -5873.3 -11.4 283 0 66.4 10.3 10.0 2.5 4 0 4 1 1
6554.6 -5904.0 -12.1 13 0 10.5 67.8 10.0 2.5 2 1 4 2 2
3120.8 -6141.3 -5.6 282 0 38.8 61.9 10.0 0.0 0 1 4 0 0
5571.4 -1944.9 -11.6 197 0 83.9 82.5 10.0 0.0 0 0 4 1 1
5042.1 -618.9 -5.7 201 0 47.3 27.5 10.0 0.0 0 0 4 2 2
5912.6 -2939.0 -9.3 284 0 18.2 34.6 10.0 0.0 0 1 4 0 0
5886.6 -514.1 -7.7 299 0 37.9 53.8 12.5 0.0 0 1 5 1 1
854.6 5990.6 -12.0 4 0 23.2 12.4 12.5 2.5 2 0 5 2 2
1663.5 4899.5 -9.0 285 0 22.6 34.4 7.5 0.0 0 1 3 5 5
3038.1 5410.9 -9.0 11 0 62.3 25.2 7.5 2.5 2 0 3 1 1
1001.3 5223.6 -13.8 201 0 49.1 40.0 10.0 0.0 0 0 4 4 4
2508.7 5735.9 -11.4 273 0 26.5 43.8 12.5 0.0 0 1 5 3 3
1239.4 6616.5 -15.0 286 0 58.5 66.2 12.5 0.0 0 1 5 3 3
564.3 1275.1 -5.8 15 0 18.1 11.9 7.5 0.0 0 0 3 4 4
5601.1 1763.7 -9.5 119 0 249.8 327.5 12.5 0.0 0 1 5 1 1
5015.7 5500.8 -14.1 193 0 41.7 27.9 10.0 0.0 0 0 4 4 4
6262.4 835.4 -6.4 189 0 57.6 37.7 10.0 0.0 0 0 4 3 3
4254.0 71.9 -1.2 20 0 37.8 20.2 10.0 0.0 0 0 4 3 3
4634.2 -602.2 -6.1 99 0 34.0 59.4 10.0 0.0 0 1 4 1 1
4240.2 140.8 -2.0 214 0 32.2 21.6 7.5 0.0 0 0 3 3 3
5137.6 -1123.1 -5.3 280 0 23.0 38.8 12.5 0.0 0 1 5 5 5
4195.5 112.1 -1.2 47 0 20.3 12.2 7.5 2.5 2 0 3 4 4
5334.9 60.0 -8.6 189 0 40.6 26.7 7.5 0.0 0 0 3 5 5
4057.5 1190.6 -4.1 205 0 13.3 63.5 10.0 2.5 2 1 4 5 5
5914.8 186.7 -9.6 211 0 55.9 47.6 12.5 0.0 0 0 5 1 1
2628.3 -1365.9 0.1 93 0 31.6 60.5 12.5 0.0 0 1 5 4 4
1247.9 -752.6 -0.9 116 0 86.0 112.4 12.5 0.0 0 1 5 1 1
5862.9 1710.2 -9.4 19 0 26.5 15.7 7.5 2.5 2 0 3 3 3
854.0 6366.2 -14.0 284 0 10.9 25.3 7.5 2.5 2 1 3 2 2
1442.4 5771.1 -9.6 282 0 10.5 18.3 5.0 2.5 4 1 2 1 1
2917.8 6357.2 -14.3 191 0 55.5 39.2 7.5 0.0 0 0 3 1 1
3801.8 -2461.9 -1.6 115 0 10.9 12.6 14.0 3.5 2 1 4 2 2
3822.1 -2952.9 -1.5 291 0 7.2 10.2 7.5 2.5 2 1 3 3 3
3925.6 -2880.6 -1.1 113 0 8.3 13.4 14.0 3.5 2 1 4 4 4
2217.2 1557.0 -3.4 123 0 10.8 25.3 7.5 2.5 2 1 3 0 0
5435.9 -3407.0 -7.1 286 0 15.6 16.6 7.5 2.5 2 1 3 2 2
5395.1 -3484.6 -7.7 120 0 9.3 13.8 5.0 2.5 2 1 2 0 0
5430.3 -3468.9 -7.7 17 0 13.8 10.1 10.0 2.5 2 0 4 3 3
5369.0 -3507.7 -7.6 107 0 10.4 12.1 5.0 2.5 4 1 2 1 1
5053.4 -6517.3 -11.0 298 0 10.6 13.8 2.5 2.5 2 1 1 1 1
5081.6 -6402.9 -9.4 25 0 8.9 10.4 2.5 2.5 2 1 1 3 3
5078.5 -6339.0 -9.3 1 0 11.2 13.2 10.0 2.5 2 1 4 4 4
4927.8 -6332.2 -6.7 17 0 9.1 8.0 7.5 2.5 2 0 3 4 4
4941.0 -6226.3 -7.2 103 0 15.4 11.2 5.0 2.5 2 0 2 5 5
4878.7 -6191.0 -8.0 290 0 10.8 10.8 7.5 2.5 2 0 3 3 3
4872.8 -6300.2 -6.9 337 0 15.9 8.0 5.0 2.5 2 0 2 3 3
4840.2 -6277.6 -7.7 297 0 14.1 14.9 5.0 2.5 2 1 2 5 5
4846.6 -6394.9 -8.9 180 0 14.5 14.8 2.5 2.5 2 1 1 3 3
4826.5 -6206.7 -9.9 319 0 24.9 41.0 12.5 0.0 0 1 5 3 3
4790.4 -6342.1 -9.3 294 0 9.3 23.5 10.0 2.5 2 1 4 5 5
4647.5 -6230.6 -7.6 115 0 13.8 15.0 2.5 0.0 0 1 1 3 3
4600.5 -6277.3 -8.0 17 0 10.7 15.6 2.5 2.5 4 1 1 3 3
4588.9 -6236.5 -7.3 307 0 13.2 9.7 10.0 2.5 2 0 4 1 1
4660.2 -6086.9 -8.8 107 0 12.8 14.6 10.0 2.5 2 1 4 0 0
1916.3 2095.9 -5.8 294 0 25.6 14.7 14.0 3.5 2 0 4 4 4
1827.5 1792.9 -5.1 183 0 6.4 10.0 14.0 3.5 2 1 4 0 0
1851.8 1855.0 -5.2 291 0 10.0 34.6 14.0 3.5 2 1 4 1 1
1825.8 1930.3 -5.6 30 0 7.9 17.6 10.0 2.5 2 1 4 2 2
1871.1 2009.1 -5.6 186 0 45.9 11.7 14.0 3.5 2 0 4 0 0
1936.7 1750.8 -4.7 90 0 21.6 34.7 14.0 0.0 0 1 4 2 2
1856.3 1738.1 -4.8 187 0 10.4 30.8 14.0 3.5 2 1 4 1 1
1985.6 1727.1 -4.4 93 0 10.8 19.7 14.0 3.5 2 1 4 4 4
2023.8 1760.9 -4.4 358 0 15.0 26.1 14.0 3.5 2 1 4 2 2
2033.7 1777.9 -4.4 91 0 9.9 32.4 14.0 0.0 0 1 4 1 1
2058.4 1834.5 -4.4 191 0 10.8 43.0 14.0 3.5 4 1 4 3 3
2098.9 1733.8 -4.0 139 0 6.2 15.8 14.0 3.5 2 1 4 4 4
2123.9 1768.6 -4.1 10 0 8.7 24.9 14.0 3.5 2 1 4 5 5
2122.3 1782.0 -4.1 12 0 8.4 21.3 14.0 3.5 2 1 4 3 3
2091.2 1815.2 -4.3 287 0 27.2 14.1 14.0 3.5 2 0 4 4 4
2082.4 1788.7 -4.2 110 0 20.2 10.6 14.0 3.5 2 0 4 4 4
2077.4 1988.9 -4.7 289 0 11.1 38.1 14.0 3.5 2 1 4 0 0
2032.3 1957.5 -4.8 203 0 15.3 15.0 14.0 3.5 2 0 4 4 4
1910.1 1857.2 -5.0 281 0 7.8 18.3 14.0 3.5 4 1 4 0 0
1994.1 1801.7 -4.5 268 0 12.6 33.0 14.0 3.5 2 1 4 2 2
1981.0 1832.7 -4.7 286 0 8.3 17.8 14.0 3.5 2 1 4 4 4
1998.4 1883.0 -4.8 13 0 17.8 10.3 14.0 3.5 2 0 4 2 2
1963.2 1860.7 -4.8 284 0 11.8 30.9 14.0 3.5 2 1 4 4 4
1962.8 1897.3 -4.9 194 0 47.0 11.6 14.0 3.5 2 0 4 0 0
1954.2 1947.1 -5.1 103 0 27.0 14.5 14.0 3.5 2 0 4 5 5
1949.2 2015.8 -5.3 282 0 24.3 21.3 14.0 3.5 2 0 4 3 3
1954.1 1981.1 -5.3 14 0 15.5 26.3 14.0 3.5 4 1 4 4 4
2054.1 1928.0 -4.8 22 0 26.4 27.4 14.0 0.0 0 1 4 1 1
2130.2 1975.1 -4.7 20 0 8.4 38.5 14.0 3.5 2 1 4 3 3
2178.0 1809.8 -4.1 10 0 14.3 42.5 14.0 3.5 2 1 4 0 0
2103.3 1998.9 -4.7 198 0 11.7 22.1 14.0 3.5 2 1 4 5 5
2158.7 2002.9 -4.5 2 0 14.1 10.1 14.0 3.5 2 0 4 5 5
2213.1 1950.5 -4.2 20 0 8.7 12.0 14.0 3.5 2 1 4 1 1
2312.7 1910.0 -3.8 10 0 22.7 34.2 7.5 0.0 0 1 3 2 2
2308.8 1955.3 -3.8 282 0 25.5 33.1 7.5 0.0 0 1 3 0 0
1018.5 3176.4 -9.2 287 0 31.2 12.3 5.0 2.5 4 0 2 3 3
1026.7 3140.7 -9.7 14 0 12.6 34.6 10.0 2.5 2 1 4 2 2
1021.4 3119.0 -10.0 15 0 12.9 32.8 7.5 2.5 2 1 3 2 2
1015.3 3090.2 -10.3 16 0 11.8 35.6 7.5 0.0 0 1 3 0 0
1009.0 3066.0 -10.4 11 0 11.4 34.6 10.0 0.0 0 1 4 3 3
2683.2 -3184.7 -3.4 202 0 10.2 11.7 14.0 3.5 2 1 4 0 0
2738.6 -3188.7 -3.5 100 0 8.9 12.8 14.0 3.5 2 1 4 1 1
2824.6 -3311.4 -3.4 110 0 7.3 10.1 10.5 3.5 2 1 3 1 1
2835.2 -3322.5 -3.8 200 0 9.4 30.6 10.5 3.5 4 1 3 5 5
2834.0 -3281.5 -3.5 204 0 12.2 56.4 10.5 3.5 2 1 3 4 4
2917.0 -3340.1 -3.9 16 0 85.2 9.7 10.5 3.5 2 0 3 5 5
2932.3 -3285.2 -2.3 16 0 28.9 9.7 10.5 3.5 2 0 3 2 2
2903.7 -3166.3 -0.9 284 0 17.5 33.7 14.0 3.5 4 1 4 5 5
3856.3 -3503.7 -6.4 108 0 11.4 16.4 7.5 2.5 2 1 3 4 4
3894.5 -3476.6 -6.9 4 0 6.5 10.4 7.5 2.5 2 1 3 5 5
3882.3 -3503.7 -6.6 103 0 13.7 13.2 5.0 2.5 2 0 2 3 3
3827.6 -3478.7 -6.1 97 0 9.0 9.5 10.0 2.5 2 1 4 1 1
3819.7 -3441.5 -6.3 192 0 49.4 26.6 10.0 0.0 0 0 4 4 4
2385.1 -3155.9 -3.4 103 0 6.2 18.9 7.5 0.0 0 1 3 1 1
2492.1 -3251.7 -2.7 169 0 8.7 20.0 7.5 2.5 2 1 3 1 1
2700.4 -3180.3 -3.4 190 0 11.9 11.9 14.0 0.0 0 0 4 1 1
2731.3 -3212.7 -3.5 23 0 12.1 10.8 14.0 3.5 2 0 4 0 0
2742.2 -3166.5 -3.2 285 0 7.5 6.7 14.0 3.5 2 0 4 4 4
2805.2 -3276.9 -3.4 197 0 10.1 21.7 10.5 3.5 2 1 3 2 2
2895.8 -3371.1 -4.1 20 0 10.9 38.2 10.5 3.5 2 1 3 4 4
2896.1 -3313.7 -3.4 18 0 7.8 9.3 10.5 3.5 4 1 3 2 2
2827.4 -3141.5 -2.0 294 0 6.9 21.2 14.0 3.5 2 1 4 4 4
2802.7 -3201.6 -3.0 110 0 13.1 12.7 14.0 3.5 2 0 4 4 4
2841.1 -3143.4 -2.1 287 0 10.8 33.9 14.0 3.5 2 1 4 1 1
2854.3 -3190.4 -2.3 16 0 9.3 26.4 14.0 0.0 0 1 4 2 2
2874.8 -3158.0 -1.9 286 0 10.5 37.9 14.0 3.5 2 1 4 5 5
6599.9 -5887.3 -11.3 195 0 11.1 23.1 10.0 0.0 0 1 4 2 2
-144.3 -2998.6 -6.5 20 0 11.0 16.9 10.5 3.5 4 1 3 2 2
-200.2 -2925.8 -7.1 270 0 9.1 16.8 10.5 0.0 0 1 3 4 4
-201.7 -2960.8 -6.7 182 0 18.2 7.3 10.5 3.5 2 0 3 2 2
-180.8 -2994.2 -6.4 101 0 17.4 11.1 10.5 3.5 2 0 3 4 4
-184.3 -3054.9 -7.8 273 0 9.7 54.6 10.5 3.5 2 1 3 5 5
-123.9 -3245.3 -8.6 226 0 10.2 23.0 10.5 3.5 2 1 3 0 0
-145.5 -3188.6 -8.2 90 0 14.3 58.6 10.5 3.5 2 1 3 1 1
-113.5 -3190.8 -8.1 0 0 31.5 9.4 10.5 3.5 2 0 3 3 3
-113.4 -3152.3 -7.5 358 0 37.2 10.2 10.5 3.5 2 0 3 0 0
-114.5 -3088.9 -7.7 274 0 9.7 38.2 10.5 3.5 4 1 3 2 2
576.6 -3129.1 -2.8 298 0 14.8 38.1 14.0 0.0 0 1 4 5 5
538.4 -3116.7 -3.5 332 0 6.7 11.6 14.0 3.5 2 1 4 1 1
750.2 -3299.9 -6.3 31 0 10.2 33.6 14.0 3.5 2 1 4 5 5
791.1 -3181.6 -5.8 34 0 13.1 29.4 14.0 0.0 0 1 4 1 1
786.4 -3117.5 -5.7 51 0 8.2 16.1 14.0 3.5 2 1 4 1 1
796.3 -3072.6 -6.8 317 0 20.3 8.1 14.0 3.5 2 0 4 1 1
771.2 -3079.1 -6.0 234 0 8.0 21.7 14.0 3.5 2 1 4 5 5
772.5 -3094.1 -5.5 320 0 19.2 7.7 14.0 3.5 2 0 4 2 2
737.8 -3181.7 -6.7 28 0 12.9 25.4 14.0 3.5 2 1 4 1 1
690.8 -3039.8 -4.9 233 0 18.4 59.5 14.0 3.5 2 1 4 5 5
656.5 -3315.7 -5.8 31 0 19.8 53.9 14.0 3.5 2 1 4 3 3
363.5 -3399.1 -3.9 119 0 193.2 38.9 14.0 0.0 0 0 4 3 3
609.5 -3410.4 -4.4 32 0 13.2 37.8 14.0 3.5 2 1 4 1 1
450.1 -3233.9 -1.8 118 0 38.0 88.7 14.0 0.0 0 1 4 4 4
427.0 -3387.8 -2.4 116 0 23.6 99.6 14.0 0.0 0 1 4 5 5
-448.2 -3049.5 -12.7 76 0 16.7 32.5 14.0 3.5 2 1 4 2 2
-510.7 -2893.4 -12.1 168 0 10.7 11.7 14.0 3.5 2 1 4 5 5
-499.6 -2834.3 -9.2 262 0 11.4 9.3 14.0 0.0 0 0 4 3 3
-446.7 -3114.7 -11.4 166 0 13.7 8.6 14.0 3.5 2 0 4 3 3
-465.6 -2828.2 -7.7 260 0 8.3 45.9 14.0 3.5 2 1 4 3 3
-473.4 -2893.3 -10.7 78 0 13.2 12.7 14.0 3.5 2 0 4 0 0
-341.7 -2749.2 -8.7 1 0 13.0 33.3 7.5 2.5 2 1 3 5 5
2862.7 1748.0 -1.7 110 0 10.6 9.4 14.0 3.5 2 0 4 0 0
2868.3 1443.3 0.1 292 0 8.5 26.3 14.0 3.5 4 1 4 3 3
2916.7 1382.3 -0.7 20 0 8.5 39.7 14.0 3.5 4 1 4 4 4
2846.3 1244.6 -2.4 291 0 10.2 30.2 7.5 2.5 2 1 3 5 5
2804.0 1191.0 -2.2 110 0 13.8 65.1 10.0 2.5 2 1 4 2 2
2836.6 1470.9 0.4 291 0 12.5 35.4 14.0 3.5 2 1 4 5 5
2854.1 1445.9 0.3 289 0 9.9 25.1 14.0 3.5 2 1 4 2 2
2850.6 1402.8 -0.3 107 0 30.7 10.1 14.0 3.5 2 0 4 3 3
2798.9 1420.0 0.2 112 0 36.8 11.7 14.0 3.5 2 0 4 3 3
2670.8 1413.9 -1.7 21 0 40.6 10.1 14.0 3.5 2 0 4 2 2
2769.0 1461.5 -0.7 201 0 19.8 8.9 14.0 3.5 2 0 4 4 4
2698.5 1405.6 -0.9 199 0 35.4 12.5 14.0 3.5 2 0 4 0 0
-165.2 -1505.2 -6.4 270 0 14.0 20.0 10.0 2.5 2 1 4 5 5
-5.3 -1665.0 -5.5 283 0 7.8 14.5 2.5 2.5 2 1 1 0 0
-182.0 -1729.8 -8.2 195 0 19.2 11.7 7.5 2.5 4 0 3 5 5
-117.0 -1706.5 -7.0 8 0 14.0 11.1 10.0 2.5 2 0 4 3 3
-96.7 -1850.5 -4.6 100 0 8.5 6.6 7.5 2.5 2 0 3 5 5
-73.0 -1791.5 -6.0 281 0 9.9 9.6 7.5 2.5 2 0 3 5 5
-115.5 -1785.3 -5.8 281 0 14.4 7.5 2.5 0.0 0 0 1 5 5
-12.7 -2082.5 -4.9 289 0 14.6 11.2 14.0 0.0 0 0 4 2 2
56.1 -2141.9 -4.2 29 0 10.8 29.6 14.0 3.5 2 1 4 0 0
5152.6 2084.0 -6.5 26 0 11.5 8.8 7.5 2.5 2 0 3 4 4
5337.5 2180.3 -8.4 10 0 7.3 6.8 2.5 0.0 0 0 1 3 3
5327.1 2006.8 -7.8 301 0 8.2 8.7 5.0 2.5 2 1 2 1 1
214.8 -3145.3 -0.2 117 0 10.6 27.8 14.0 3.5 2 1 4 3 3
236.3 -3217.4 5.9 117 0 11.6 12.1 14.0 3.5 2 1 4 1 1
259.0 -3164.6 5.1 117 0 21.8 16.0 14.0 3.5 2 0 4 3 3
285.3 -2998.7 -5.8 297 0 33.0 51.7 14.0 0.0 0 1 4 2 2
291.9 -3201.2 9.6 117 0 6.5 22.4 14.0 3.5 2 1 4 2 2
275.5 -3202.3 11.2 117 0 18.1 19.4 14.0 3.5 2 1 4 2 2
331.1 -3142.2 5.2 117 0 9.8 11.2 14.0 3.5 2 1 4 2 2
317.7 -3181.7 4.9 117 0 20.4 36.4 14.0 0.0 0 1 4 4 4
326.8 -3035.4 -4.0 299 0 32.8 16.0 14.0 3.5 2 0 4 4 4
319.6 -3065.4 -1.0 297 0 11.1 34.0 14.0 0.0 0 1 4 1 1
330.7 -3081.6 0.3 297 0 16.3 19.8 14.0 3.5 2 1 4 4 4
311.0 -3266.1 1.2 117 0 13.9 116.2 14.0 0.0 0 1 4 3 3
422.5 -3040.7 -3.4 296 0 23.0 134.2 14.0 0.0 0 1 4 2 2
2744.6 1735.6 -3.1 304 0 23.0 9.4 10.5 3.5 2 0 3 5 5
80.3 -3457.3 -8.6 281 0 12.0 59.8 12.5 2.5 2 1 5 0 0
51.4 -3455.0 -8.7 280 0 8.4 59.3 12.5 2.5 2 1 5 0 0
-16.1 -3538.8 -9.9 192 0 11.7 47.8 7.5 2.5 2 1 3 0 0
836.4 -2753.4 -5.5 93 0 16.9 22.6 10.0 2.5 2 1 4 5 5
