5608.7 -6774.4 -0.7 304 0 6.6 9.5 7.5 2.5 2 0 3 0 0
6849.4 -1419.6 -4.7 198 0 11.6 43.4 7.5 2.5 2 0 3 0 0
6881.2 2988.1 -7.4 130 0 10.5 20.8 5.0 0.0 0 1 2 2 2
6869.5 2973.0 -6.6 315 0 9.3 8.0 7.5 2.5 2 0 3 1 1
6536.2 -1341.2 -6.4 5 0 8.2 8.0 5.0 2.5 2 0 2 4 4
6509.7 -1147.3 -7.2 16 0 8.7 8.9 7.5 2.5 2 1 3 2 2
6660.2 -833.1 -8.2 13 0 8.6 9.5 10.0 2.5 2 1 4 0 0
6692.2 -728.0 -7.3 203 0 9.1 10.6 2.5 0.0 0 1 1 0 0
6714.5 -671.6 -7.3 20 0 8.2 10.1 7.5 2.5 2 1 3 4 4
6715.5 -649.0 -7.0 21 0 8.7 9.7 2.5 2.5 2 1 1 3 3
6733.9 -631.4 -7.0 23 0 10.4 9.7 7.5 2.5 2 0 3 2 2
6753.1 -593.7 -7.5 25 0 12.0 9.4 7.5 2.5 2 0 3 5 5
6801.0 -482.6 -8.7 16 0 9.7 10.6 7.5 2.5 2 1 3 2 2
6766.5 -737.3 -6.2 26 0 8.3 9.5 5.0 2.5 2 1 2 3 3
6730.8 -747.9 -6.2 199 0 9.4 10.2 5.0 2.5 2 1 2 4 4
6686.5 -908.0 -6.6 14 0 9.7 10.1 7.5 2.5 2 1 3 4 4
6601.5 -1105.0 -7.9 289 0 11.5 9.4 7.5 2.5 2 0 3 0 0
6554.3 -1207.2 -6.5 197 0 7.7 10.4 5.0 2.5 2 1 2 3 3
5730.0 -1606.3 -7.6 288 0 9.4 8.6 7.5 2.5 2 0 3 4 4
5696.6 -1626.8 -7.6 103 0 9.0 7.7 5.0 0.0 0 0 2 1 1
5669.6 -1601.1 -7.7 103 0 8.1 6.6 7.5 2.5 4 0 3 2 2
6831.1 -1435.9 -3.9 199 0 33.5 9.1 10.0 2.5 2 0 4 0 0
6832.1 -1473.0 -3.5 110 0 8.3 8.7 7.5 2.5 4 1 3 5 5
6842.8 -1478.6 -3.9 107 0 13.1 8.2 5.0 2.5 2 0 2 3 3
6859.4 -1484.6 -4.3 108 0 10.9 8.3 7.5 2.5 2 0 3 0 0
6868.0 -1265.9 -6.2 291 0 6.1 6.9 7.5 2.5 4 1 3 4 4
6672.5 -1402.3 -4.1 288 0 7.7 10.8 7.5 2.5 2 1 3 4 4
6620.1 -1381.8 -4.5 208 0 9.4 9.3 7.5 2.5 2 0 3 5 5
6687.8 -1747.9 -6.9 15 0 9.7 12.0 7.5 2.5 2 1 3 5 5
6703.3 -1457.0 -5.0 293 0 7.9 9.5 5.0 2.5 2 1 2 5 5
6552.9 -1984.0 -6.3 23 0 7.9 10.9 7.5 0.0 0 1 3 5 5
6318.7 -1873.3 -1.6 41 0 6.1 6.1 7.5 2.5 2 0 3 5 5
6489.4 -1527.7 -2.8 22 0 10.0 12.4 7.5 2.5 2 1 3 1 1
6197.6 -1304.6 -4.7 34 0 6.0 10.5 5.0 2.5 2 1 2 2 2
6375.7 -1485.7 -6.0 107 0 11.5 9.2 5.0 2.5 2 0 2 3 3
6355.2 -1614.3 -2.2 24 0 9.2 10.3 7.5 2.5 4 1 3 0 0
6327.2 -1661.4 -2.9 21 0 8.7 7.9 10.0 2.5 2 0 4 5 5
6287.5 -1684.7 -4.3 186 0 8.6 11.5 7.5 2.5 2 1 3 2 2
6254.9 -1865.8 -3.4 22 0 9.8 13.1 5.0 0.0 0 1 2 4 4
6093.1 -1777.6 -6.6 111 0 11.8 10.4 5.0 0.0 0 0 2 2 2
5443.6 -1472.3 -7.9 301 0 10.4 9.6 10.0 2.5 4 0 4 5 5
5810.3 -1638.0 -7.4 114 0 8.1 10.0 7.5 2.5 2 1 3 0 0
