-4605.6 -6085.1 -11.5 100 0 9.7 7.2 7.5 2.5 2 0 3 0 0
-4600.1 -6015.0 -11.9 269 0 7.2 9.7 2.5 2.5 2 0 1 1 1
-4484.8 -6041.1 -10.5 270 0 7.2 9.7 5.0 0.0 0 1 2 1 1
-4515.4 -6039.0 -10.8 269 0 7.2 9.7 7.5 2.5 2 1 3 5 5
-4448.6 -6067.0 -9.9 90 0 7.2 9.7 5.0 2.5 2 1 2 0 0
-4395.3 -6213.4 -6.3 277 0 7.0 8.5 7.5 2.5 2 1 3 5 5
-4002.5 -6073.6 2.2 202 0 6.5 13.8 2.5 2.5 2 1 1 3 3
-4039.3 -5957.4 -3.5 270 0 8.2 25.4 7.5 2.5 2 1 3 1 1
-3966.6 -5999.5 -0.9 115 0 8.4 15.1 5.0 2.5 2 1 2 5 5
-3922.6 -6069.0 3.1 1 0 11.4 7.6 5.0 2.5 2 0 2 4 4
-3854.3 -6070.1 3.1 209 0 8.3 27.3 7.5 2.5 2 1 3 5 5
-3758.0 -6090.9 1.6 299 0 27.5 12.1 12.5 0.0 0 0 5 1 1
-3796.1 -6139.6 1.3 100 0 10.3 11.6 5.0 2.5 2 1 2 3 3
-3757.7 -6136.8 1.1 74 0 11.6 10.2 2.5 2.5 2 0 1 1 1
-3746.0 -6113.0 1.5 254 0 11.6 10.2 5.0 2.5 2 0 2 4 4
-3945.9 -5859.6 -3.5 359 0 15.6 19.0 10.0 2.5 2 1 4 2 2
-3845.8 -5985.3 0.3 88 0 10.3 25.9 12.5 2.5 2 1 5 2 2
-3811.4 -5940.3 -1.1 99 0 10.3 25.9 12.5 2.5 2 1 5 3 3
-3842.3 -5661.8 -2.7 182 0 13.6 10.4 7.5 2.5 2 0 3 3 3
-3801.0 -5653.3 -2.3 94 0 6.3 8.9 5.0 2.5 2 1 2 4 4
-3791.7 -5606.2 -2.0 337 0 11.2 7.9 7.5 2.5 4 0 3 5 5
-3808.5 -5515.2 -1.8 88 0 6.1 12.9 5.0 2.5 2 1 2 2 2
-3836.3 -5517.4 -1.9 177 0 9.8 6.2 7.5 2.5 2 0 3 2 2
-3830.3 -5534.5 -1.8 86 0 6.2 7.9 10.0 2.5 4 1 4 2 2
-4856.0 -6001.3 -10.3 270 0 7.2 9.7 7.5 2.5 4 1 3 2 2
-4936.7 -5898.0 -11.8 360 0 9.7 7.2 7.5 2.5 2 0 3 4 4
-4930.0 -5763.1 -11.9 360 0 9.7 7.2 7.5 2.5 2 0 3 3 3
-4828.5 -5674.0 -10.5 196 0 9.0 14.8 7.5 2.5 2 1 3 3 3
-4806.3 -5650.9 -10.5 197 0 9.6 10.6 7.5 2.5 4 1 3 0 0
-4779.4 -5661.4 -10.8 17 0 9.6 10.6 10.0 2.5 2 1 4 5 5
-4812.6 -5570.8 -9.7 197 0 9.6 10.6 5.0 2.5 2 1 2 3 3
-4763.4 -5612.7 -10.6 17 0 9.6 10.6 7.5 0.0 0 1 3 2 2
-4744.9 -5712.0 -12.3 287 0 10.6 9.6 7.5 2.5 2 0 3 1 1
-4745.9 -5739.5 -12.5 107 0 10.6 9.6 7.5 2.5 2 0 3 2 2
-3042.9 -5786.2 5.4 279 0 12.2 28.1 7.5 0.0 0 1 3 2 2
-3126.9 -5863.2 6.4 315 0 9.6 10.6 7.5 2.5 2 1 3 3 3
-3168.1 -5765.7 5.2 136 0 10.6 9.6 5.0 2.5 2 0 2 0 0
-3230.2 -5655.7 3.4 152 0 10.0 17.8 5.0 2.5 2 1 2 4 4
-3164.2 -5694.1 4.5 329 0 9.4 14.1 7.5 2.5 4 1 3 1 1
-3108.1 -5730.6 5.1 59 0 10.2 8.8 10.0 2.5 2 0 4 5 5
-3092.2 -5726.3 5.0 59 0 10.2 8.8 7.5 2.5 2 0 3 1 1
-3019.9 -5794.0 5.4 279 0 9.1 28.4 10.0 2.5 4 1 4 0 0
-2955.1 -5803.5 4.8 89 0 9.4 28.1 7.5 2.5 2 1 3 2 2
-2968.0 -5728.1 4.4 173 0 14.9 10.3 7.5 2.5 2 0 3 4 4
-2934.6 -5701.8 4.7 258 0 18.5 10.3 7.5 0.0 0 0 3 4 4
-2914.2 -5704.9 5.1 259 0 9.7 10.3 5.0 2.5 4 1 2 4 4
-3000.8 -5646.2 3.6 331 0 10.3 18.5 7.5 0.0 0 1 3 5 5
-3048.9 -5591.1 2.8 168 0 10.3 18.5 5.0 2.5 4 1 2 3 3
-2997.7 -5526.7 1.9 252 0 10.2 18.6 7.5 2.5 2 1 3 2 2
-835.0 -5440.5 1.5 154 0 10.0 7.5 7.5 2.5 2 0 3 1 1
-805.3 -5479.9 -1.0 141 0 10.0 7.6 10.0 2.5 2 0 4 1 1
-745.2 -5534.5 -3.2 141 0 10.0 7.5 5.0 2.5 2 0 2 2 2
-716.2 -5496.7 -2.8 231 0 7.6 10.0 7.5 2.5 4 1 3 1 1
-669.0 -5474.0 -2.7 231 0 7.6 10.0 5.0 2.5 2 1 2 3 3
-623.6 -5535.2 -4.5 51 0 7.6 10.0 7.5 2.5 2 1 3 4 4
-624.0 -5486.2 -3.3 51 0 7.6 10.0 7.5 2.5 2 1 3 1 1
-588.0 -5456.6 -2.9 321 0 10.0 7.6 7.5 2.5 2 0 3 3 3
-552.8 -5483.2 -4.0 51 0 7.6 10.0 10.0 2.5 2 1 4 4 4
-623.8 -5619.2 -4.7 141 0 10.0 7.6 7.5 2.5 2 0 3 5 5
-493.0 -5658.8 -7.4 103 0 9.9 7.6 2.5 2.5 2 0 1 5 5
-495.4 -5781.3 -9.0 102 0 9.9 7.6 7.5 2.5 2 0 3 2 2
-524.1 -5739.8 -8.5 273 0 9.9 7.6 10.0 2.5 2 0 4 2 2
-319.8 -5668.9 -6.8 102 0 9.9 7.6 14.0 3.5 2 0 4 3 3
-254.6 -5715.9 -8.0 2 0 7.6 9.9 14.0 3.5 2 1 4 5 5
-252.8 -5688.6 -7.2 2 0 7.6 9.9 14.0 0.0 0 1 4 5 5
-246.1 -5672.1 -6.9 2 0 7.6 9.9 14.0 3.5 2 1 4 5 5
-175.3 -5633.0 -7.8 267 0 11.4 17.5 14.0 3.5 2 1 4 3 3
-158.0 -5573.0 -5.6 331 0 7.6 9.9 7.5 2.5 2 1 3 3 3
-430.0 -5533.9 -6.0 46 0 10.0 7.6 10.0 2.5 2 0 4 1 1
-509.3 -5478.3 -4.2 67 0 9.9 7.6 2.5 2.5 2 0 1 5 5
-538.3 -5421.5 -2.1 154 0 7.4 7.5 7.5 2.5 4 1 3 2 2
-488.4 -5386.7 -1.5 334 0 7.4 7.6 7.5 2.5 2 1 3 1 1
-400.5 -5391.3 -2.5 64 0 7.6 7.4 5.0 2.5 4 0 2 1 1
-360.7 -5347.0 -1.8 334 0 7.4 7.6 7.5 2.5 2 1 3 5 5
-329.5 -5401.9 -3.7 154 0 7.4 7.5 2.5 2.5 2 1 1 4 4
-263.2 -5415.5 -4.8 64 0 7.5 7.4 7.5 2.5 2 0 3 3 3
-254.4 -5530.2 -5.1 64 0 7.6 7.4 10.0 2.5 2 0 4 1 1
-254.1 -5297.6 -0.7 64 0 7.6 7.4 7.5 2.5 2 0 3 4 4
-227.0 -5151.8 2.4 61 0 10.7 7.3 5.0 2.5 2 0 2 5 5
-300.1 -5140.4 2.9 64 0 7.5 7.4 5.0 2.5 4 0 2 0 0
-820.8 -5318.8 6.6 64 0 7.6 7.4 7.5 2.5 2 0 3 4 4
-801.1 -5293.8 7.5 244 0 7.6 7.4 5.0 2.5 2 0 2 0 0
-775.9 -5275.9 8.2 244 0 7.5 7.4 7.5 2.5 2 0 3 0 0
-750.5 -5260.1 7.5 244 0 7.5 7.4 2.5 2.5 2 0 1 5 5
-702.2 -5226.2 6.1 236 0 7.6 7.4 7.5 2.5 2 0 3 0 0
-664.4 -5209.7 4.4 56 0 7.6 7.4 7.5 2.5 2 0 3 0 0
-639.4 -5193.1 3.8 56 0 7.6 7.4 10.0 2.5 2 0 4 3 3
-613.9 -5174.7 3.4 56 0 7.6 7.4 5.0 2.5 2 0 2 1 1
-590.6 -5158.7 3.0 56 0 7.6 7.4 10.0 0.0 0 0 4 5 5
-558.3 -5234.8 2.3 236 0 7.6 7.4 5.0 2.5 2 0 2 1 1
-563.3 -5139.3 2.5 56 0 7.6 7.4 7.5 2.5 2 0 3 0 0
-560.2 -5085.0 1.0 236 0 7.6 7.4 2.5 2.5 2 0 1 5 5
-597.3 -5111.9 1.7 236 0 7.6 7.4 2.5 2.5 2 0 1 1 1
-628.0 -5131.3 2.1 236 0 7.6 7.4 5.0 0.0 0 0 2 0 0
-649.4 -5148.8 2.6 236 0 7.6 7.4 7.5 2.5 2 0 3 1 1
-678.2 -5167.1 3.3 236 0 7.6 7.4 7.5 2.5 2 0 3 4 4
-700.7 -5187.9 3.9 146 0 7.4 7.6 7.5 2.5 2 1 3 3 3
-762.9 -5095.5 1.4 146 0 7.4 7.6 5.0 2.5 2 1 2 2 2
-711.3 -5053.2 0.2 236 0 7.6 7.4 7.5 2.5 2 0 3 0 0
-683.6 -5038.3 -0.4 236 0 7.6 7.4 5.0 2.5 2 0 2 4 4
-654.8 -5021.6 -0.9 236 0 7.6 7.4 7.5 2.5 2 0 3 5 5
-555.9 -4980.5 -0.9 56 0 7.6 7.4 2.5 2.5 2 0 1 5 5
-531.6 -4960.1 -0.9 56 0 7.6 7.4 7.5 2.5 2 0 3 4 4
-499.5 -4939.3 -0.8 56 0 7.6 7.4 5.0 0.0 0 0 2 3 3
-474.0 -4922.9 -0.8 56 0 7.6 7.4 7.5 2.5 2 0 3 5 5
-428.7 -4881.9 -0.8 236 0 7.6 7.4 7.5 2.5 2 0 3 3 3
-309.1 -4817.1 0.3 56 0 7.6 7.4 2.5 2.5 2 0 1 0 0
-261.5 -4784.4 1.4 56 0 7.6 7.4 5.0 2.5 2 0 2 0 0
-123.8 -4798.2 5.4 56 0 7.6 7.4 7.5 2.5 2 0 3 4 4
-162.3 -4816.2 5.0 236 0 7.6 7.4 7.5 2.5 2 0 3 4 4
-182.9 -4831.8 4.7 236 0 7.6 7.4 2.5 2.5 2 0 1 3 3
-209.1 -4848.1 4.3 236 0 7.6 7.4 5.0 0.0 0 0 2 0 0
-198.7 -4895.8 5.1 56 0 7.6 7.4 7.5 2.5 2 0 3 0 0
-223.1 -4911.8 4.7 56 0 7.6 7.4 10.0 2.5 2 0 4 4 4
-245.6 -4927.0 4.4 56 0 7.6 7.4 5.0 0.0 0 0 2 5 5
-255.3 -4881.2 3.7 236 0 7.6 7.4 2.5 2.5 4 0 1 2 2
-277.0 -4892.7 3.1 236 0 7.6 7.4 5.0 2.5 2 0 2 4 4
-270.3 -4942.6 4.0 56 0 7.6 7.4 7.5 2.5 2 0 3 2 2
-350.0 -4999.1 2.4 56 0 7.6 7.4 5.0 2.5 2 0 2 0 0
-365.6 -4955.8 1.4 236 0 7.6 7.4 7.5 2.5 4 0 3 4 4
-375.9 -5016.5 2.3 56 0 7.6 7.4 10.0 2.5 2 0 4 5 5
-397.6 -5030.3 2.1 56 0 7.6 7.4 5.0 2.5 2 0 2 5 5
-413.2 -4987.4 1.1 236 0 7.6 7.4 7.5 0.0 0 0 3 3 3
-437.9 -5006.0 1.1 236 0 7.6 7.4 7.5 2.5 2 0 3 1 1
-424.9 -5047.7 1.8 56 0 7.6 7.4 7.5 2.5 2 0 3 0 0
-474.4 -5084.1 1.9 56 0 7.6 7.4 7.5 2.5 2 0 3 0 0
-511.7 -5051.7 1.0 236 0 7.6 7.4 7.5 2.5 2 0 3 4 4
-525.0 -5060.2 1.0 236 0 7.6 7.4 5.0 2.5 2 0 2 1 1
-6844.1 -5537.9 -9.9 102 0 10.3 9.1 5.0 2.5 2 0 2 1 1
-6837.4 -5895.2 -10.8 113 0 6.4 8.6 2.5 2.5 2 1 1 1 1
-6893.2 -5880.2 -10.6 203 0 8.6 6.4 5.0 2.5 2 0 2 4 4
-6875.0 -6234.2 -12.9 127 0 9.6 9.0 7.5 2.5 2 0 3 4 4
-6776.7 -6136.5 -12.4 35 0 8.8 6.3 10.0 2.5 4 0 4 2 2
-6749.9 -6072.9 -12.0 32 0 9.4 6.6 7.5 2.5 2 0 3 2 2
-6623.2 -6228.4 -11.4 302 0 6.4 8.4 10.0 2.5 2 1 4 2 2
-6797.2 -6860.8 -2.7 125 0 10.1 8.3 7.5 2.5 2 0 3 3 3
-6828.7 -6843.8 -3.6 128 0 7.5 8.4 7.5 2.5 2 1 3 0 0
-6883.8 -6805.6 -5.7 128 0 7.5 8.4 7.5 0.0 0 1 3 2 2
-6893.4 -6708.5 -4.8 218 0 8.4 7.5 7.5 2.5 2 0 3 3 3
-6852.5 -6781.9 -3.4 218 0 8.4 7.5 7.5 2.5 4 0 3 3 3
-6843.5 -6746.7 -2.3 218 0 8.4 7.5 5.0 2.5 4 0 2 4 4
-6794.9 -6805.2 -1.3 308 0 7.5 8.4 2.5 2.5 2 1 1 1 1
-6703.7 -6864.8 1.7 128 0 7.5 8.4 7.5 0.0 0 1 3 5 5
-6687.2 -6792.2 3.5 308 0 7.5 8.4 5.0 2.5 4 1 2 1 1
-6714.6 -6779.4 2.8 218 0 6.7 7.5 5.0 2.5 2 1 2 2 2
-5899.0 -6492.2 1.2 178 0 9.5 9.7 2.5 2.5 2 1 1 5 5
-5867.5 -6492.9 1.6 358 0 9.5 9.7 7.5 2.5 2 1 3 0 0
-5839.9 -6543.3 0.3 178 0 9.5 9.7 7.5 2.5 2 1 3 5 5
-5838.8 -6584.7 -0.6 178 0 9.5 9.7 7.5 2.5 4 1 3 5 5
-5772.1 -6615.6 0.6 358 0 9.5 9.7 2.5 2.5 4 1 1 0 0
-5773.1 -6567.5 0.6 271 0 8.8 9.5 7.5 2.5 2 1 3 0 0
-5711.3 -6518.9 1.4 106 0 8.8 9.5 10.0 2.5 2 1 4 3 3
-5703.8 -6472.9 1.6 286 0 8.8 9.5 5.0 2.5 2 1 2 3 3
-5758.0 -6417.6 3.1 286 0 8.8 9.5 5.0 0.0 0 1 2 3 3
-5803.7 -6452.2 3.3 196 0 9.5 8.8 7.5 2.5 4 0 3 4 4
-5827.9 -6483.1 2.6 197 0 9.3 7.4 7.5 2.5 2 0 3 3 3
-5679.3 -6361.6 1.6 16 0 9.5 8.8 10.0 0.0 0 0 4 0 0
-5625.1 -6409.6 0.2 196 0 9.5 8.8 7.5 2.5 2 0 3 5 5
-5594.4 -6327.9 -0.8 16 0 8.0 6.8 5.0 2.5 2 0 2 0 0
-5735.9 -6306.7 0.8 21 0 8.7 6.6 7.5 2.5 2 0 3 5 5
-5996.5 -6499.4 -5.3 0 0 8.9 7.5 7.5 2.5 2 0 3 1 1
-5953.3 -6404.4 -3.0 359 0 7.6 7.8 2.5 2.5 4 1 1 0 0
-5953.5 -6373.7 -2.6 359 0 7.6 7.8 5.0 2.5 2 1 2 3 3
-5985.5 -6368.7 -5.0 185 0 8.1 12.2 5.0 2.5 2 1 2 3 3
-5978.3 -6317.0 -4.0 269 0 7.8 7.6 7.5 2.5 2 0 3 5 5
-6052.7 -6326.9 -5.8 269 0 7.8 7.6 5.0 2.5 2 0 2 2 2
-6145.3 -6335.7 -6.9 179 0 7.6 7.8 10.0 2.5 2 1 4 4 4
-6298.0 -6335.3 -8.7 269 0 7.8 7.6 7.5 2.5 4 0 3 0 0
-6268.4 -6165.5 -7.4 282 0 7.8 7.6 10.0 2.5 2 0 4 4 4
-6309.4 -6170.5 -8.5 12 0 7.6 7.8 7.5 0.0 0 1 3 0 0
-6127.6 -6210.5 -6.7 102 0 7.8 7.6 7.5 2.5 2 0 3 1 1
-6053.5 -6228.2 -5.0 282 0 7.8 7.6 7.5 2.5 2 0 3 1 1
-6006.2 -6233.4 -4.2 264 0 8.0 10.9 2.5 2.5 2 1 1 5 5
-5976.5 -6060.8 -7.6 110 0 8.0 10.8 7.5 2.5 2 1 3 4 4
-5997.0 -6044.6 -7.7 201 0 10.6 13.0 10.0 2.5 2 1 4 3 3
-6156.0 -5962.5 -8.7 110 0 8.0 10.8 2.5 2.5 2 1 1 2 2
-6123.8 -5929.1 -9.0 20 0 10.8 8.0 7.5 0.0 0 0 3 0 0
-6266.6 -5744.4 -7.9 290 0 8.0 10.8 5.0 2.5 2 1 2 0 0
-6317.6 -5733.8 -7.2 110 0 8.0 10.8 7.5 2.5 2 1 3 5 5
-6408.3 -5793.2 -7.0 110 0 8.0 10.8 10.0 2.5 2 1 4 2 2
-6374.2 -5993.5 -7.9 20 0 10.8 8.0 5.0 2.5 2 0 2 4 4
-6394.6 -6027.5 -8.0 110 0 8.0 10.8 5.0 0.0 0 1 2 4 4
-6406.3 -6144.9 -10.0 94 0 8.0 10.9 10.0 2.5 2 1 4 5 5
-6412.3 -6226.8 -9.0 94 0 8.0 10.9 7.5 2.5 2 1 3 0 0
-6404.5 -6265.6 -8.8 274 0 8.0 10.9 7.5 2.5 2 1 3 1 1
-6408.5 -6301.2 -8.9 94 0 8.0 10.9 5.0 2.5 2 1 2 2 2
-6398.5 -6376.8 -8.9 274 0 8.0 10.9 5.0 2.5 2 1 2 0 0
-6378.6 -6437.4 -8.3 4 0 10.9 8.0 5.0 2.5 2 0 2 1 1
-6481.3 -6193.4 -10.3 285 0 21.3 11.1 7.5 0.0 0 0 3 4 4
-6732.6 -6594.0 -4.1 116 0 8.0 10.8 7.5 0.0 0 1 3 1 1
-6731.7 -6527.7 -7.3 26 0 10.8 8.0 5.0 2.5 2 0 2 5 5
-6749.1 -6487.3 -7.8 206 0 10.8 8.0 7.5 2.5 2 0 3 3 3
-6635.6 -6424.6 -7.5 296 0 8.0 10.8 5.0 2.5 2 1 2 0 0
-6650.0 -6469.3 -7.5 116 0 8.0 10.8 7.5 2.5 2 1 3 2 2
-6580.5 -6460.0 -7.2 296 0 8.0 10.8 7.5 2.5 2 1 3 1 1
-6552.1 -6496.5 -7.0 116 0 8.0 10.8 7.5 2.5 2 1 3 4 4
-6529.1 -6529.9 -6.2 116 0 8.0 10.8 2.5 2.5 2 1 1 1 1
-6468.9 -6342.5 -9.1 116 0 8.0 10.8 5.0 2.5 2 1 2 4 4
-6464.9 -6207.6 -9.2 298 0 9.0 43.6 10.0 2.5 2 1 4 3 3
-6545.9 -6211.3 -11.3 202 0 11.1 29.9 5.0 2.5 2 1 2 5 5
-6560.7 -6199.9 -11.3 208 0 10.6 12.7 5.0 2.5 2 1 2 4 4
-6872.4 -6141.4 -13.1 216 0 9.0 9.6 7.5 2.5 2 1 3 2 2
-6312.2 -3642.2 -8.3 27 0 9.0 9.6 2.5 2.5 2 1 1 3 3
-6370.7 -3699.5 -9.4 207 0 9.0 9.6 7.5 2.5 2 1 3 5 5
-6377.6 -3760.7 -9.5 28 0 11.1 16.1 7.5 2.5 2 1 3 1 1
-6544.2 -3987.6 -8.2 27 0 9.0 9.6 7.5 2.5 4 1 3 5 5
-6553.9 -4063.5 -7.6 27 0 9.0 9.6 7.5 2.5 2 1 3 5 5
-6577.3 -4101.5 -7.1 27 0 9.0 9.6 10.0 2.5 2 1 4 0 0
-6606.9 -4161.0 -6.4 27 0 9.0 9.6 5.0 2.5 4 1 2 4 4
-6755.5 -4395.4 -8.4 25 0 13.0 10.0 2.5 2.5 2 0 1 5 5
-6851.1 -4606.0 -6.6 27 0 9.0 9.6 14.0 3.5 2 1 4 2 2
-6897.6 -4898.9 -10.2 201 0 9.7 8.0 7.5 2.5 2 0 3 0 0
-6811.3 -4670.3 -8.5 8 0 9.8 8.0 7.5 2.5 2 0 3 0 0
-6760.7 -4589.7 -7.7 21 0 9.7 8.0 7.5 2.5 4 0 3 3 3
-6565.7 -4224.5 -7.1 21 0 9.7 8.0 5.0 2.5 2 0 2 1 1
-6318.4 -3817.3 -7.8 21 0 9.7 8.0 7.5 2.5 2 0 3 0 0
-6262.3 -3699.9 -7.8 21 0 9.7 8.0 5.0 2.5 2 0 2 2 2
-6018.1 -3208.9 -5.9 21 0 9.7 8.0 7.5 2.5 2 0 3 4 4
-6023.0 -3272.0 -6.3 291 0 8.0 9.7 5.0 2.5 2 1 2 4 4
-6050.5 -3315.9 -7.0 21 0 9.7 8.0 5.0 2.5 2 0 2 4 4
-6055.1 -3493.3 -6.1 21 0 9.7 8.0 2.5 0.0 0 0 1 3 3
-6130.9 -3605.1 -4.6 3 0 9.8 8.0 7.5 0.0 0 0 3 2 2
-5965.0 -3643.3 -4.2 21 0 9.7 8.0 10.0 2.5 2 0 4 0 0
-5988.3 -3739.6 -6.6 21 0 9.7 8.0 10.0 2.5 2 0 4 5 5
-6007.4 -3831.2 -6.0 291 0 8.0 9.7 7.5 2.5 2 1 3 2 2
-6179.0 -4069.4 -4.1 21 0 9.7 8.0 10.0 2.5 2 0 4 3 3
-6288.9 -4242.4 -6.0 201 0 9.7 8.0 10.0 2.5 2 0 4 3 3
-6262.4 -4313.9 -6.7 21 0 9.7 8.0 5.0 2.5 2 0 2 1 1
-6194.7 -4306.8 -4.9 111 0 8.0 9.7 7.5 2.5 2 1 3 2 2
-6197.0 -4855.1 -9.5 24 0 20.8 35.3 10.0 0.0 0 1 4 4 4
-6219.3 -4800.6 -8.5 293 0 16.9 26.3 12.5 2.5 2 1 5 3 3
-6133.2 -4644.0 -7.2 111 0 8.0 9.7 5.0 0.0 0 1 2 3 3
-6106.2 -4652.6 -7.7 111 0 8.0 9.7 2.5 2.5 2 1 1 1 1
-6075.6 -4644.8 -8.0 201 0 9.7 8.0 7.5 2.5 4 0 3 5 5
-6053.5 -4674.2 -8.0 21 0 9.7 8.0 7.5 2.5 2 0 3 4 4
-6037.0 -4568.2 -8.4 201 0 9.7 8.0 7.5 2.5 2 0 3 5 5
-6036.9 -4616.8 -8.2 21 0 9.7 8.0 5.0 2.5 2 0 2 3 3
-5975.0 -4663.7 -8.6 21 0 9.7 8.0 7.5 2.5 2 0 3 0 0
-5908.7 -4625.4 -9.2 21 0 9.7 8.0 7.5 2.5 2 0 3 4 4
-6036.2 -4767.3 -8.6 21 0 9.7 8.0 7.5 2.5 2 0 3 2 2
-6070.1 -4792.8 -8.9 201 0 9.7 8.0 5.0 2.5 2 0 2 1 1
-6097.2 -4833.5 -10.0 201 0 9.7 8.0 5.0 2.5 2 0 2 5 5
-6110.6 -4830.4 -9.7 201 0 9.7 8.0 10.0 0.0 0 0 4 0 0
-6139.7 -4940.8 -10.5 22 0 13.5 11.5 10.0 0.0 0 0 4 0 0
-6173.5 -4998.8 -10.6 111 0 8.0 9.7 7.5 2.5 2 1 3 2 2
-6292.8 -5174.6 -9.4 212 0 15.7 11.7 10.0 2.5 2 0 4 1 1
-6155.9 -5189.1 -11.6 201 0 9.7 8.0 2.5 2.5 2 0 1 3 3
-6095.9 -5197.8 -12.2 291 0 8.0 9.7 7.5 2.5 2 1 3 5 5
-6123.3 -5242.7 -10.9 21 0 9.7 8.0 5.0 2.5 2 0 2 5 5
-6186.5 -5335.5 -11.0 1 0 9.7 8.0 7.5 0.0 0 0 3 1 1
-6072.1 -5356.6 -9.6 272 0 8.0 9.8 5.0 2.5 2 1 2 5 5
-6075.9 -5390.6 -9.5 92 0 8.0 9.8 5.0 0.0 0 1 2 3 3
-6061.4 -5340.1 -10.1 271 0 6.1 10.1 5.0 2.5 2 1 2 2 2
-6105.9 -5436.9 -9.7 13 0 16.4 12.6 7.5 2.5 2 0 3 2 2
-6116.8 -5368.5 -9.9 272 0 8.0 9.8 5.0 0.0 0 1 2 0 0
-6188.6 -5413.8 -11.0 190 0 17.7 8.1 7.5 2.5 2 0 3 0 0
-6117.3 -5513.3 -9.4 7 0 11.3 7.7 10.0 2.5 2 0 4 0 0
-6090.4 -5624.1 -11.4 185 0 8.6 7.8 7.5 2.5 2 0 3 2 2
-6027.7 -5584.2 -10.3 31 0 11.3 7.7 5.0 2.5 4 0 2 3 3
-5953.4 -5668.6 -11.2 31 0 11.3 7.7 7.5 2.5 2 0 3 2 2
-5972.2 -5626.3 -11.4 301 0 7.7 11.3 7.5 2.5 2 1 3 2 2
-5904.1 -5705.9 -11.6 31 0 11.3 7.7 5.0 2.5 2 0 2 0 0
-5913.9 -5678.2 -12.0 211 0 11.3 7.7 5.0 2.5 2 0 2 1 1
-5839.7 -5668.5 -11.4 30 0 11.6 10.1 10.0 2.5 2 0 4 0 0
-5837.4 -5610.7 -11.9 301 0 8.1 9.5 7.5 2.5 2 1 3 1 1
-5784.5 -5801.6 -8.4 35 0 9.1 7.5 7.5 2.5 2 0 3 3 3
-5772.6 -5904.1 -8.1 8 0 11.3 7.7 2.5 2.5 2 0 1 3 3
-5778.9 -5990.9 -7.4 12 0 11.3 7.7 5.0 2.5 2 0 2 4 4
-5755.6 -6040.9 -6.8 197 0 7.7 11.2 7.5 0.0 0 1 3 4 4
-5567.5 -5983.2 -9.4 9 0 11.3 7.7 10.0 2.5 2 0 4 4 4
-5576.6 -5936.9 -9.2 279 0 7.7 11.3 5.0 2.5 2 1 2 3 3
-5595.3 -5937.6 -8.9 188 0 11.3 7.7 2.5 2.5 2 0 1 0 0
-5579.1 -5743.0 -11.0 8 0 11.3 7.7 5.0 2.5 2 0 2 0 0
-5685.0 -5783.2 -9.7 99 0 7.7 11.3 5.0 2.5 2 1 2 0 0
-5607.1 -5794.3 -10.6 98 0 7.7 11.3 5.0 2.5 2 1 2 2 2
-5436.9 -5783.0 -13.4 279 0 7.7 11.3 7.5 2.5 2 1 3 4 4
-5391.1 -5781.9 -12.9 279 0 7.7 11.3 10.0 2.5 2 1 4 0 0
-5241.6 -5816.3 -9.2 201 0 11.3 7.7 7.5 2.5 2 0 3 4 4
-5188.9 -5826.0 -8.8 279 0 8.3 11.1 7.5 2.5 2 1 3 4 4
-5160.7 -5841.2 -8.2 293 0 7.7 11.3 2.5 2.5 2 1 1 2 2
-5146.3 -5847.6 -8.5 293 0 7.7 11.3 10.0 2.5 2 1 4 3 3
-5144.4 -5931.5 -9.7 110 0 7.8 10.8 2.5 2.5 2 1 1 0 0
-5183.4 -5934.4 -10.4 110 0 7.8 10.8 5.0 2.5 2 1 2 2 2
-5245.2 -5962.9 -10.6 20 0 10.8 7.9 7.5 2.5 4 0 3 3 3
-5243.4 -5988.8 -11.1 20 0 10.8 7.8 7.5 2.5 2 0 3 3 3
-5257.6 -5885.2 -9.3 290 0 7.8 10.8 7.5 2.5 4 1 3 0 0
-5342.4 -5963.5 -9.4 200 0 10.8 7.8 5.0 2.5 2 0 2 5 5
-5384.5 -5940.3 -9.6 186 0 10.8 7.8 2.5 2.5 2 0 1 4 4
-5381.8 -6111.7 -9.2 356 0 9.5 8.4 5.0 2.5 2 0 2 1 1
-5354.4 -6166.5 -7.9 196 0 9.5 8.4 2.5 0.0 0 0 1 4 4
-5350.9 -6207.8 -6.8 16 0 9.5 8.4 7.5 2.5 2 0 3 4 4
-5325.4 -6074.4 -10.4 286 0 8.4 9.5 5.0 2.5 2 1 2 1 1
-5498.7 -5950.3 -10.1 16 0 9.5 8.4 10.0 2.5 2 0 4 5 5
-5480.3 -5866.1 -11.3 16 0 9.5 8.4 5.0 2.5 2 0 2 3 3
-5113.6 -5916.5 -8.9 20 0 10.8 7.8 7.5 2.5 2 0 3 1 1
-5028.9 -5959.2 -10.3 20 0 10.8 7.8 7.5 2.5 2 0 3 1 1
-5092.8 -6008.2 -10.1 20 0 10.8 7.9 7.5 2.5 2 0 3 2 2
242.3 -6851.6 -12.5 102 0 12.9 7.7 7.5 2.5 2 0 3 2 2
413.1 -6854.2 -13.7 105 0 7.9 14.9 7.5 2.5 2 1 3 2 2
427.3 -6781.6 -14.3 4 0 22.2 15.4 10.0 2.5 2 0 4 3 3
361.0 -6733.6 -12.7 183 0 12.5 10.1 2.5 2.5 2 0 1 1 1
359.3 -6778.3 -11.8 274 0 9.3 20.1 7.5 2.5 2 1 3 0 0
403.7 -6762.3 -13.5 12 0 9.6 31.5 12.5 2.5 4 1 5 1 1
403.1 -6805.6 -12.9 12 0 10.4 32.0 5.0 2.5 2 1 2 3 3
318.8 -6822.0 -11.7 99 0 7.7 7.8 5.0 2.5 2 1 2 2 2
300.5 -6838.6 -11.7 107 0 9.0 7.1 5.0 2.5 2 0 2 3 3
298.4 -6759.0 -11.1 296 0 11.5 12.5 5.0 2.5 2 1 2 2 2
270.2 -6811.0 -11.4 187 0 9.2 13.3 2.5 2.5 2 1 1 3 3
180.5 -6786.5 -12.4 7 0 11.4 14.1 5.0 2.5 2 1 2 0 0
145.2 -6780.5 -12.5 115 0 7.1 11.0 5.0 2.5 2 1 2 2 2
193.5 -6754.3 -11.8 195 0 15.0 9.4 7.5 2.5 2 0 3 2 2
