431.5 -3308.8 -6.3 45 0 12.7 38.8 10.0 2.5 2 0 4 5 5
454.8 -3289.6 -5.9 42 0 8.4 31.1 7.5 2.5 2 0 3 5 5
474.6 -3280.3 -5.2 51 0 27.2 9.0 7.5 2.5 2 0 3 4 4
393.1 -3242.2 -6.3 144 0 8.1 26.6 5.0 2.5 2 0 2 3 3
461.6 -3242.7 -5.8 326 0 7.5 20.1 7.5 2.5 2 0 3 1 1
453.5 -3232.3 -5.9 321 0 11.5 8.1 7.5 2.5 2 0 3 0 0
1382.8 1981.9 -18.6 27 0 9.8 37.2 7.5 2.5 2 0 3 2 2
3250.2 -2284.5 1.6 258 0 9.8 34.2 10.0 2.5 2 1 4 2 2
3302.9 -2273.1 0.8 251 0 10.7 35.3 7.5 2.5 2 1 3 0 0
3296.6 -2226.2 -0.0 163 0 8.1 14.3 2.5 2.5 2 1 1 3 3
3312.4 -2245.2 0.3 71 0 6.1 11.3 7.5 2.5 2 1 3 0 0
4473.4 -2064.6 -2.7 110 0 9.0 19.3 7.5 2.5 2 1 3 3 3
6663.8 -1800.7 8.2 351 0 6.5 15.0 7.5 2.5 2 1 3 2 2
6664.2 -1765.0 8.5 357 0 8.2 18.6 10.0 2.5 2 1 4 5 5
-1666.6 -5532.3 1.5 91 0 9.4 35.1 10.0 2.5 2 1 4 3 3
-1691.8 -5513.8 1.6 176 0 6.5 17.9 7.5 2.5 4 1 3 1 1
-1700.3 -5498.3 1.9 267 0 7.1 17.0 7.5 2.5 2 1 3 2 2
-1945.0 -203.5 -15.4 357 0 11.1 31.0 12.5 0.0 0 1 5 2 2
-3842.2 -1302.2 -8.6 193 0 8.1 33.6 7.5 2.5 2 1 3 2 2
-3800.6 -1377.9 -9.2 94 0 8.0 62.3 7.5 2.5 2 1 3 0 0
626.0 -2168.4 -4.1 326 0 9.3 25.5 5.0 2.5 2 1 2 1 1
5585.3 1051.4 -7.8 11 0 9.6 33.6 10.0 2.5 2 1 4 3 3
190.4 -2893.5 -9.7 198 0 17.3 39.5 10.5 0.0 0 1 3 1 1
269.3 -2910.4 -9.6 1 0 12.5 18.2 10.5 3.5 2 1 3 5 5
242.5 -2899.4 -9.6 291 0 8.9 12.0 10.5 3.5 2 1 3 5 5
245.7 -2863.0 -9.6 285 0 15.8 10.8 10.5 3.5 2 0 3 2 2
275.0 -2874.8 -9.6 289 0 11.7 20.1 10.5 3.5 2 1 3 2 2
-96.0 -2787.4 -8.5 12 0 8.2 44.9 10.5 3.5 2 1 3 4 4
-99.2 -2830.9 -8.7 109 0 12.6 26.3 10.5 0.0 0 1 3 5 5
-113.7 -2757.6 -8.4 201 0 8.2 15.5 10.5 3.5 2 1 3 1 1
190.5 -2960.7 -9.6 292 0 22.8 14.5 14.0 3.5 2 0 4 2 2
865.8 -3811.1 -4.5 334 0 26.0 12.4 10.0 2.5 2 0 4 1 1
674.6 -2981.5 -6.5 26 0 6.6 11.7 7.5 2.5 2 1 3 5 5
833.4 -3670.7 -2.2 152 0 7.1 15.4 10.0 2.5 2 1 4 0 0
-1151.4 -3582.3 -1.6 319 0 6.1 8.3 2.5 0.0 0 1 1 5 5
-1122.7 -4101.5 -0.1 29 0 12.3 11.7 7.5 2.5 4 0 3 0 0
-1208.6 -3979.1 1.4 110 0 10.9 11.1 7.5 2.5 2 1 3 3 3
-1220.1 -4002.6 -0.2 301 0 8.1 8.4 10.0 2.5 2 1 4 3 3
-974.2 -3775.9 3.5 126 0 11.4 9.0 7.5 2.5 2 0 3 2 2
-1002.2 -6272.1 4.3 141 0 6.8 6.1 5.0 0.0 0 0 2 3 3
-1062.1 -6166.7 4.1 320 0 9.2 7.9 7.5 2.5 2 0 3 2 2
-1129.0 -6214.8 5.3 232 0 8.5 11.9 5.0 2.5 2 1 2 2 2
-1115.4 -6141.3 3.0 143 0 6.2 9.0 5.0 2.5 2 1 2 4 4
-1140.9 -6096.1 3.9 221 0 9.2 7.9 7.5 2.5 2 0 3 4 4
-1437.6 -5935.6 3.3 19 0 6.7 6.8 7.5 2.5 4 1 3 4 4
-1446.6 -5935.9 3.5 27 0 7.8 7.3 5.0 2.5 2 0 2 4 4
-1425.7 -5739.8 4.7 47 0 8.7 14.1 7.5 2.5 2 1 3 0 0
-1447.2 -5730.6 4.9 133 0 7.7 11.4 7.5 2.5 2 1 3 1 1
-1542.9 -5913.3 5.6 118 0 9.0 6.7 2.5 2.5 2 0 1 5 5
-2238.5 -6810.5 2.9 232 0 6.5 7.5 7.5 2.5 2 1 3 0 0
-2239.3 -6758.1 2.1 198 0 7.1 6.7 7.5 0.0 0 0 3 2 2
-2258.0 -6609.7 -0.1 181 0 6.3 6.1 7.5 2.5 2 0 3 1 1
-2087.5 -6304.3 3.1 26 0 6.1 6.3 7.5 2.5 2 1 3 4 4
-2089.7 -6254.0 2.9 27 0 9.9 9.0 2.5 2.5 2 0 1 5 5
-2092.7 -6186.2 2.8 292 0 6.0 7.7 7.5 2.5 2 1 3 4 4
-2084.0 -6190.1 2.7 290 0 6.6 6.7 10.0 2.5 2 1 4 4 4
-1786.3 -6064.4 6.1 195 0 6.5 6.3 7.5 2.5 2 0 3 1 1
-1802.9 -6061.5 5.7 107 0 6.1 6.5 5.0 2.5 2 1 2 2 2
-1982.1 -6006.6 4.1 199 0 8.1 6.2 2.5 2.5 2 0 1 2 2
-1912.3 -5970.3 5.1 204 0 8.6 9.2 7.5 2.5 2 1 3 5 5
-1904.2 -5946.9 5.3 292 0 7.3 8.4 7.5 2.5 2 1 3 1 1
-1934.2 -5884.3 5.0 277 0 8.8 9.0 10.0 2.5 2 1 4 3 3
-1866.5 -5794.9 5.6 23 0 7.3 6.6 5.0 2.5 2 0 2 4 4
-1789.9 -5775.8 6.6 179 0 6.1 6.5 2.5 2.5 2 1 1 5 5
-1773.7 -5781.3 6.7 22 0 6.3 6.1 5.0 0.0 0 0 2 0 0
-1709.1 -5541.2 1.9 184 0 9.2 7.0 7.5 2.5 2 0 3 5 5
-1677.0 -5413.3 0.4 71 0 7.1 6.7 7.5 2.5 2 0 3 5 5
-1697.7 -5376.6 0.2 253 0 6.7 6.5 5.0 0.0 0 0 2 2 2
-1699.3 -5331.7 1.6 172 0 7.6 7.8 7.5 2.5 2 1 3 0 0
-1781.5 -5376.3 1.2 174 0 7.6 13.1 7.5 2.5 2 1 3 2 2
-2041.9 -5353.1 -0.1 12 0 8.9 8.5 2.5 2.5 2 0 1 5 5
-2036.1 -5318.1 -0.6 360 0 9.9 14.7 5.0 0.0 0 1 2 5 5
-2103.0 -5304.2 -0.7 289 0 8.4 6.9 7.5 2.5 2 0 3 0 0
1069.5 -4032.6 2.1 335 0 8.4 25.4 5.0 2.5 2 1 2 2 2
1051.2 -4000.8 2.7 334 0 28.0 19.6 10.0 2.5 2 0 4 1 1
918.9 -3661.3 -0.4 335 0 9.8 13.3 7.5 2.5 4 1 3 1 1
940.9 -3593.6 0.6 317 0 10.1 22.4 5.0 2.5 2 1 2 1 1
979.2 -3882.0 -1.8 68 0 12.4 6.0 2.5 2.5 2 0 1 1 1
1034.6 -3811.7 -1.7 336 0 11.8 26.6 10.0 2.5 2 1 4 2 2
942.5 -3789.7 -2.7 158 0 11.0 20.3 7.5 0.0 0 1 3 1 1
945.8 -3830.5 -3.6 190 0 7.6 22.2 10.0 2.5 2 1 4 4 4
1004.9 -3826.4 -2.7 337 0 10.6 33.9 12.5 2.5 2 1 5 2 2
1120.3 -3759.1 0.0 329 0 7.5 6.0 5.0 2.5 2 0 2 4 4
1044.7 -3778.8 -1.5 333 0 11.6 11.0 7.5 2.5 2 0 3 2 2
1039.1 -3718.0 -0.3 68 0 7.6 13.4 5.0 2.5 2 1 2 5 5
1010.0 -3713.1 -0.6 250 0 9.4 15.7 5.0 2.5 2 1 2 0 0
1929.0 -2381.9 -3.3 15 0 6.7 8.4 5.0 2.5 2 1 2 3 3
-955.3 -3945.5 3.2 116 0 12.8 8.4 7.5 2.5 2 0 3 5 5
-913.5 -4101.7 5.9 30 0 7.5 7.8 7.5 0.0 0 1 3 1 1
4221.5 5255.0 -6.7 331 0 6.7 7.4 5.0 2.5 2 1 2 1 1
5903.4 -387.9 1.3 122 0 10.8 8.9 7.5 2.5 2 0 3 0 0
5724.9 -325.8 -7.7 196 0 11.6 12.0 2.5 2.5 4 1 1 0 0
6223.2 -243.8 -1.2 90 0 9.7 7.2 5.0 2.5 2 0 2 0 0
6114.8 -84.3 -1.4 12 0 6.9 6.9 5.0 2.5 2 1 2 5 5
6214.6 22.4 -3.1 307 0 7.9 11.8 7.5 2.5 2 1 3 4 4
6320.8 99.6 -3.8 21 0 8.7 10.9 2.5 2.5 4 1 1 3 3
6383.5 7.5 -5.5 191 0 14.2 6.9 7.5 2.5 2 0 3 4 4
6284.2 337.8 -8.9 115 0 9.9 6.3 5.0 2.5 2 0 2 3 3
6233.7 368.0 -9.2 294 0 6.0 7.4 10.0 2.5 2 1 4 5 5
5886.2 779.3 -7.7 98 0 12.9 9.1 10.0 2.5 2 0 4 0 0
5866.2 633.8 -9.7 54 0 7.3 7.5 7.5 0.0 0 1 3 4 4
5637.2 965.3 -8.0 267 0 9.9 7.8 5.0 2.5 2 0 2 0 0
5698.4 1049.6 -8.0 102 0 10.3 8.3 7.5 0.0 0 0 3 4 4
5604.6 1028.6 -9.0 279 0 11.6 8.9 5.0 2.5 2 0 2 1 1
5503.9 943.8 -8.2 305 0 9.7 6.0 5.0 2.5 2 0 2 1 1
609.6 121.0 -17.2 199 0 6.8 6.1 7.5 2.5 2 0 3 4 4
619.6 -35.2 -16.2 202 0 6.5 6.3 7.5 2.5 2 0 3 0 0
6576.4 -2283.0 7.7 54 0 11.3 8.1 7.5 2.5 2 0 3 5 5
6821.8 -2187.9 4.5 144 0 6.7 6.1 7.5 2.5 2 0 3 5 5
6831.3 -2374.7 5.6 329 0 9.2 10.0 10.0 0.0 0 1 4 1 1
6615.8 -1782.7 8.7 79 0 6.5 12.9 5.0 0.0 0 1 2 3 3
5854.8 -1846.7 3.7 274 0 6.2 8.5 5.0 2.5 2 1 2 1 1
5422.0 -2621.3 5.5 310 0 8.6 8.4 5.0 2.5 2 0 2 1 1
5526.9 -2625.5 7.0 207 0 8.8 9.0 10.0 2.5 2 1 4 3 3
-4638.5 -1477.4 -12.2 290 0 7.4 17.0 5.0 0.0 0 1 2 5 5
-4629.8 -1511.0 -12.3 14 0 8.5 13.3 2.5 2.5 2 1 1 2 2
-4583.2 -1376.2 -13.0 16 0 8.9 20.0 2.5 2.5 2 1 1 1 1
-4538.6 -1329.8 -12.7 291 0 9.9 8.6 2.5 2.5 2 0 1 0 0
5770.9 -1111.5 1.8 135 0 9.6 9.4 2.5 2.5 4 0 1 3 3
6642.2 -496.9 -0.8 35 0 7.8 10.3 7.5 2.5 2 1 3 0 0
6725.6 -459.2 -3.8 88 0 10.3 11.6 7.5 2.5 2 1 3 5 5
6816.5 -546.9 -1.7 186 0 9.0 7.4 2.5 2.5 2 0 1 0 0
6788.9 -537.7 -1.6 102 0 9.7 8.0 7.5 0.0 0 0 3 0 0
5729.5 -1013.8 0.1 323 0 12.1 8.7 5.0 2.5 2 0 2 4 4
5662.9 -715.2 -2.7 102 0 7.4 10.4 10.0 2.5 2 1 4 4 4
5521.7 -794.8 -2.1 198 0 6.2 10.6 2.5 2.5 2 1 1 3 3
5499.2 -614.6 -5.5 198 0 9.4 8.6 7.5 2.5 2 0 3 2 2
5323.1 -621.1 -0.5 107 0 9.2 9.0 2.5 2.5 2 0 1 3 3
5618.4 -879.3 3.0 30 0 8.5 7.3 7.5 2.5 2 0 3 0 0
5486.6 -981.0 -3.9 136 0 9.9 8.0 7.5 2.5 2 0 3 3 3
5552.9 -1076.0 -1.9 137 0 7.4 9.0 7.5 2.5 2 1 3 4 4
5636.2 -1159.1 0.3 116 0 11.0 8.6 2.5 2.5 2 0 1 3 3
1868.4 282.5 -14.1 285 0 9.7 39.2 15.0 0.0 0 1 6 4 4
1638.1 1379.5 -9.3 180 0 8.2 6.5 2.5 2.5 2 0 1 5 5
1435.7 1855.0 -15.9 310 0 9.3 7.7 5.0 2.5 2 0 2 4 4
1421.2 1816.2 -15.3 119 0 11.4 14.3 5.0 2.5 2 1 2 0 0
1543.3 1766.6 -14.7 179 0 6.1 6.4 7.5 2.5 2 1 3 0 0
1351.1 1765.8 -13.4 82 0 6.6 6.3 7.5 2.5 4 0 3 1 1
-1737.2 131.3 -15.8 38 0 6.3 6.2 5.0 2.5 2 0 2 1 1
-1762.9 -237.7 -17.4 121 0 15.4 9.0 5.0 2.5 2 0 2 0 0
-1694.3 -206.4 -16.4 122 0 8.1 8.5 7.5 2.5 2 1 3 0 0
-1886.0 -320.1 -16.0 180 0 7.2 14.4 7.5 2.5 2 1 3 4 4
-1948.4 -238.4 -15.5 96 0 9.5 7.2 2.5 2.5 2 0 1 0 0
-1065.6 -4001.2 3.7 33 0 7.3 6.1 5.0 2.5 4 0 2 2 2
-1484.2 -3468.2 -2.8 139 0 9.5 10.7 5.0 0.0 0 1 2 3 3
-1331.2 -3516.0 -4.1 52 0 6.2 6.1 10.0 2.5 2 0 4 0 0
-1447.8 -3793.3 -1.5 338 0 11.1 12.1 5.0 2.5 2 1 2 4 4
-2629.6 -4204.4 -3.7 353 0 6.1 8.6 7.5 2.5 2 1 3 1 1
-6554.4 -273.7 -15.2 132 0 11.4 24.6 10.0 0.0 0 1 4 4 4
-6542.7 -297.9 -15.1 140 0 11.2 15.7 7.5 2.5 2 1 3 4 4
-6539.7 -345.8 -14.6 319 0 10.9 15.7 7.5 2.5 2 1 3 0 0
-2750.2 -2837.8 -8.5 214 0 10.1 6.1 7.5 2.5 2 0 3 1 1
-2021.4 -3046.0 -5.2 22 0 7.0 6.1 7.5 0.0 0 0 3 5 5
-2036.5 -3058.4 -5.0 115 0 7.4 11.2 5.0 2.5 2 1 2 3 3
-1800.7 -2912.2 -8.1 131 0 7.2 7.4 7.5 0.0 0 1 3 2 2
-1890.0 -3008.1 -8.2 126 0 8.3 8.0 7.5 2.5 2 0 3 3 3
-1956.6 -2848.9 -5.2 215 0 10.5 7.5 7.5 0.0 0 0 3 5 5
-1964.2 -2815.8 -4.8 31 0 8.8 8.4 5.0 2.5 2 0 2 5 5
-2032.4 -2921.0 -4.4 36 0 8.5 6.2 7.5 2.5 2 0 3 3 3
-2496.2 -2753.6 -4.0 17 0 18.5 12.3 7.5 2.5 2 0 3 2 2
-2452.3 -2966.7 -6.6 101 0 7.5 10.6 7.5 2.5 2 1 3 5 5
-2180.9 -2981.9 -5.9 288 0 10.0 7.3 7.5 2.5 2 0 3 2 2
-2351.8 -2987.5 -7.2 213 0 9.8 10.7 7.5 2.5 2 1 3 4 4
-2788.9 -2546.2 -5.4 289 0 7.1 8.0 7.5 2.5 2 1 3 0 0
-3822.1 -1197.1 -8.2 184 0 8.1 9.2 7.5 2.5 2 1 3 5 5
-3570.0 -1226.2 -7.2 42 0 7.1 11.9 2.5 2.5 2 1 1 3 3
-3564.5 -1205.6 -7.0 338 0 6.7 7.5 5.0 2.5 2 1 2 0 0
-2700.5 -666.9 -11.4 133 0 7.1 6.2 7.5 2.5 2 0 3 4 4
-1129.7 -2975.4 -6.9 293 0 10.0 15.0 7.5 2.5 2 1 3 5 5
-1172.5 -2947.2 -8.2 11 0 17.4 11.4 7.5 2.5 2 0 3 1 1
-1203.8 -2947.7 -8.8 192 0 8.4 10.8 7.5 2.5 2 1 3 3 3
-1192.3 -2979.1 -8.3 23 0 12.8 11.7 7.5 2.5 2 0 3 2 2
-1183.6 -3058.6 -6.5 199 0 7.5 8.3 5.0 2.5 2 1 2 4 4
-1182.4 -3141.6 -5.6 108 0 8.6 16.1 7.5 2.5 2 1 3 2 2
-1101.5 -3127.0 -4.8 30 0 8.2 9.2 5.0 2.5 2 1 2 1 1
-1096.1 -3044.9 -5.6 294 0 10.6 9.4 5.0 2.5 2 0 2 0 0
-1133.4 -3040.5 -6.0 299 0 8.1 9.1 5.0 2.5 2 1 2 0 0
-1041.6 -3106.9 -5.2 114 0 8.2 12.9 5.0 2.5 2 1 2 2 2
-997.8 -3155.6 -5.3 290 0 8.8 11.3 7.5 2.5 2 1 3 4 4
-860.0 -3246.1 -4.3 353 0 7.4 9.2 7.5 2.5 2 1 3 0 0
-930.1 -3397.5 -1.7 216 0 6.9 6.5 7.5 2.5 2 0 3 0 0
-911.2 -3447.7 -1.6 45 0 6.3 12.9 7.5 2.5 2 1 3 4 4
-978.7 -3500.9 -0.7 67 0 9.5 6.5 7.5 2.5 2 0 3 5 5
-627.3 -2711.8 -10.1 195 0 9.2 9.0 7.5 2.5 4 0 3 4 4
-662.0 -2861.6 -6.5 293 0 13.7 16.0 5.0 2.5 2 1 2 2 2
-709.9 -2660.9 -9.7 296 0 6.4 17.1 7.5 2.5 2 1 3 0 0
-604.0 -2693.7 -10.5 289 0 17.0 10.9 7.5 2.5 4 0 3 4 4
-660.9 -2824.0 -7.5 109 0 10.0 8.4 5.0 2.5 4 0 2 2 2
-674.2 -2754.4 -9.2 2 0 7.7 10.7 7.5 0.0 0 1 3 1 1
-780.4 -2803.3 -9.4 120 0 8.4 12.3 5.0 2.5 2 1 2 1 1
-800.7 -3026.0 -6.7 14 0 13.9 9.5 5.0 2.5 2 0 2 3 3
-774.5 -2834.0 -8.5 291 0 10.3 13.2 7.5 2.5 2 1 3 4 4
-793.9 -2812.3 -9.7 299 0 8.0 9.8 10.0 2.5 2 1 4 3 3
-861.8 -2841.4 -10.3 15 0 6.7 6.1 5.0 2.5 2 0 2 2 2
-820.8 -3024.9 -7.0 123 0 7.3 8.1 2.5 2.5 2 1 1 0 0
-882.3 -3015.1 -8.2 115 0 14.5 9.1 7.5 2.5 2 0 3 4 4
-861.8 -2977.4 -8.4 17 0 9.0 13.2 5.0 2.5 2 1 2 1 1
-1938.9 -2498.9 -10.1 20 0 7.0 6.5 5.0 2.5 2 0 2 3 3
-2000.3 -2749.3 -6.2 11 0 8.1 8.0 10.0 2.5 2 0 4 1 1
-2452.1 -2288.3 -7.9 106 0 6.8 13.4 7.5 2.5 2 1 3 1 1
-704.2 -2617.5 -10.2 211 0 10.1 7.3 5.0 2.5 2 0 2 5 5
-4023.2 -1104.1 -8.9 311 0 6.0 9.5 2.5 2.5 2 1 1 1 1
-2972.9 -3782.0 -5.2 113 0 9.0 7.3 5.0 2.5 2 0 2 1 1
-2856.7 -3706.9 -5.9 102 0 18.0 9.1 5.0 2.5 2 0 2 4 4
-2882.9 -3672.6 -6.0 180 0 6.7 6.0 5.0 0.0 0 0 2 4 4
-2836.4 -3970.9 -4.5 184 0 6.6 6.6 7.5 2.5 2 1 3 4 4
-2578.3 -4086.7 -1.1 99 0 7.7 10.8 7.5 2.5 2 1 3 1 1
-2571.5 -4059.6 -0.9 355 0 6.0 8.1 5.0 2.5 2 1 2 0 0
-2338.9 -4207.8 -1.1 273 0 9.1 7.2 7.5 2.5 2 0 3 1 1
-1938.8 -2765.9 -5.0 123 0 8.9 7.6 7.5 0.0 0 0 3 3 3
-1884.4 -2554.5 -8.9 21 0 7.1 8.4 7.5 2.5 2 1 3 2 2
-1826.0 -2692.9 -6.3 212 0 13.9 6.5 10.0 2.5 4 0 4 2 2
-1580.9 -3126.1 -6.7 13 0 6.9 7.4 7.5 2.5 2 1 3 2 2
-1558.5 -3177.0 -6.4 203 0 7.0 8.6 7.5 2.5 4 1 3 3 3
-1121.2 -2735.1 -9.0 32 0 7.3 7.7 7.5 2.5 2 1 3 0 0
-1192.4 -2547.5 -12.3 216 0 6.9 9.1 10.0 2.5 2 1 4 0 0
425.4 -2006.7 -3.6 73 0 6.7 9.8 2.5 2.5 2 1 1 2 2
465.1 -2175.4 -3.5 17 0 6.7 9.4 2.5 2.5 2 1 1 0 0
601.1 -2239.8 -2.6 31 0 10.9 10.8 7.5 2.5 2 0 3 5 5
568.2 -2297.8 -3.7 194 0 7.3 6.3 7.5 2.5 2 0 3 5 5
572.7 -2535.2 -8.0 29 0 8.8 15.6 5.0 0.0 0 1 2 5 5
579.7 -2860.4 -7.5 320 0 6.3 7.5 5.0 2.5 2 1 2 2 2
596.1 -2999.9 -6.9 33 0 7.4 6.3 5.0 2.5 2 0 2 1 1
564.4 -3048.5 -6.5 33 0 11.9 8.9 10.0 2.5 2 0 4 4 4
461.0 -2943.2 -7.9 17 0 8.6 8.9 10.5 3.5 2 1 3 4 4
434.6 -3016.0 -8.7 26 0 7.3 11.6 10.5 3.5 2 1 3 3 3
515.0 -3137.3 -6.0 36 0 9.9 11.9 10.0 2.5 4 1 4 5 5
479.2 -3165.4 -5.9 51 0 8.6 8.0 7.5 2.5 2 0 3 0 0
449.2 -3165.6 -5.6 141 0 11.8 8.8 10.0 2.5 4 0 4 2 2
45.6 -1493.1 -7.9 151 0 7.4 6.2 5.0 2.5 2 0 2 5 5
270.2 -1675.2 -6.6 315 0 6.2 7.8 10.0 2.5 4 1 4 0 0
322.6 -1820.1 -4.0 32 0 8.3 8.0 10.0 2.5 2 0 4 2 2
-3158.5 -1724.0 -10.9 116 0 13.1 12.1 5.0 2.5 2 0 2 1 1
-4177.6 -937.9 -5.3 15 0 7.9 6.0 7.5 2.5 2 0 3 3 3
-4276.2 -1414.8 -11.0 25 0 11.4 6.1 2.5 2.5 2 0 1 3 3
-4295.9 -1360.7 -12.7 190 0 10.8 8.7 7.5 2.5 2 0 3 3 3
-4064.4 -1340.2 -11.5 177 0 8.9 14.0 7.5 0.0 0 1 3 3 3
792.0 -1371.8 -10.3 293 0 7.6 7.0 7.5 2.5 2 0 3 5 5
781.4 -1103.1 -10.6 62 0 6.1 6.0 7.5 2.5 2 0 3 0 0
862.1 -984.2 -9.0 0 0 6.2 6.2 7.5 2.5 2 0 3 4 4
1029.5 -882.1 -10.9 180 0 7.0 7.7 7.5 2.5 2 1 3 5 5
573.6 -3186.2 -4.3 304 0 7.9 7.5 10.0 2.5 2 0 4 0 0
527.1 -3154.8 -5.2 210 0 8.9 12.5 7.5 0.0 0 1 3 0 0
474.1 -3176.7 -5.6 51 0 9.5 11.7 5.0 2.5 2 1 2 5 5
433.8 -3146.5 -6.0 142 0 29.2 9.1 10.0 2.5 2 0 4 1 1
621.2 -3036.0 -7.2 204 0 7.6 9.5 7.5 0.0 0 1 3 3 3
-6310.1 -5425.0 -15.4 270 0 6.6 7.1 10.0 2.5 4 1 4 0 0
-6443.8 -5887.5 -6.7 62 0 6.3 12.8 5.0 2.5 2 1 2 0 0
-6215.7 -5919.3 -5.9 89 0 8.1 25.2 2.5 2.5 2 1 1 1 1
-6117.7 -5657.9 -14.2 105 0 9.2 8.1 7.5 2.5 2 0 3 0 0
-6040.8 -5747.8 -14.7 33 0 7.3 6.1 5.0 0.0 0 0 2 4 4
-5989.1 -5736.4 -15.8 314 0 6.2 6.5 7.5 2.5 2 1 3 1 1
-2376.4 -5097.0 2.5 212 0 6.7 10.2 5.0 2.5 2 1 2 2 2
-2323.5 -4573.4 0.7 45 0 6.0 6.8 7.5 2.5 2 1 3 3 3
657.2 -3214.0 -3.9 202 0 8.8 8.0 7.5 2.5 2 0 3 3 3
657.6 -3281.6 -2.5 35 0 6.5 17.0 2.5 2.5 2 1 1 4 4
619.8 -3348.0 -3.3 136 0 7.4 13.3 7.5 2.5 2 1 3 0 0
687.1 -3497.8 -4.4 323 0 12.0 7.9 2.5 2.5 2 0 1 0 0
672.0 -3476.0 -4.1 323 0 11.2 8.9 2.5 2.5 2 0 1 3 3
641.7 -3443.6 -5.5 318 0 6.3 8.7 5.0 2.5 2 1 2 1 1
639.5 -3431.6 -5.0 318 0 13.0 6.9 5.0 0.0 0 0 2 5 5
862.9 -3361.9 -2.9 296 0 9.5 8.6 2.5 2.5 2 0 1 3 3
833.5 -3372.1 -2.5 179 0 6.6 10.0 5.0 2.5 2 1 2 0 0
822.1 -3344.1 -2.9 220 0 8.5 8.7 5.0 2.5 4 1 2 2 2
741.4 -3456.3 -1.7 51 0 10.7 8.5 7.5 2.5 2 0 3 5 5
712.2 -3475.1 -2.3 141 0 11.0 13.0 5.0 2.5 2 1 2 1 1
-1011.6 -2793.0 -8.5 26 0 8.2 11.1 10.0 2.5 2 1 4 0 0
-1002.0 -2878.5 -7.3 191 0 12.3 14.4 2.5 2.5 2 1 1 1 1
5187.5 -2008.9 5.8 356 0 8.7 8.7 5.0 2.5 2 1 2 1 1
4982.8 -1554.8 3.8 13 0 6.8 6.4 10.0 2.5 2 0 4 2 2
5041.7 -2132.6 1.3 328 0 10.3 9.2 7.5 2.5 4 0 3 2 2
4961.1 -2070.7 0.3 260 0 8.3 6.1 7.5 2.5 2 0 3 2 2
-266.4 -4069.0 0.6 219 0 7.4 6.8 5.0 2.5 2 0 2 0 0
93.8 -3549.0 -1.4 46 0 7.6 8.0 7.5 2.5 2 1 3 3 3
-6.4 -3378.7 -7.3 226 0 6.3 13.3 7.5 0.0 0 1 3 4 4
-171.5 -3110.8 -6.0 240 0 17.6 12.7 10.5 3.5 2 0 3 4 4
-53.3 -3041.1 -7.4 245 0 8.9 10.5 14.0 3.5 2 1 4 1 1
-56.5 -3402.8 -6.8 13 0 9.8 9.6 5.0 0.0 0 0 2 3 3
147.2 -2897.8 -9.7 15 0 12.2 6.9 14.0 3.5 2 0 4 4 4
74.1 -2937.1 -9.4 30 0 10.0 9.5 14.0 3.5 2 0 4 0 0
88.7 -2896.5 -10.0 101 0 10.0 18.8 14.0 0.0 0 1 4 3 3
161.4 -3056.5 -9.3 121 0 6.4 23.8 14.0 3.5 2 1 4 5 5
238.4 -2980.6 -9.7 293 0 6.7 10.4 14.0 3.5 2 1 4 3 3
235.2 -3012.7 -9.7 22 0 21.8 11.0 14.0 3.5 2 0 4 3 3
220.3 -3039.3 -9.7 25 0 31.6 11.1 14.0 3.5 2 0 4 4 4
258.6 -3057.4 -8.9 110 0 6.3 15.1 14.0 3.5 2 1 4 5 5
298.0 -3008.8 -9.7 304 0 6.4 11.9 14.0 3.5 2 1 4 1 1
334.5 -3028.2 -9.7 141 0 9.5 15.7 10.5 0.0 0 1 3 4 4
368.5 -3093.5 -6.2 321 0 6.8 8.8 14.0 3.5 2 1 4 1 1
341.3 -3063.1 -8.3 321 0 8.8 15.4 14.0 3.5 2 1 4 4 4
312.4 -3158.4 -5.9 46 0 9.8 7.0 14.0 3.5 2 0 4 2 2
303.2 -3177.9 -6.2 60 0 9.6 8.4 14.0 3.5 4 0 4 2 2
277.2 -3117.0 -5.9 192 0 11.3 10.6 14.0 3.5 2 0 4 5 5
274.0 -3081.2 -7.9 124 0 11.0 15.3 14.0 3.5 2 1 4 0 0
309.1 -3043.1 -8.8 319 0 7.8 18.0 14.0 3.5 2 1 4 0 0
419.2 -3199.1 -5.9 318 0 10.9 13.8 7.5 2.5 2 1 3 1 1
373.6 -3209.0 -6.1 127 0 12.6 27.0 10.0 0.0 0 1 4 2 2
365.8 -3152.4 -5.7 221 0 7.6 23.9 5.0 2.5 2 1 2 4 4
348.6 -3163.5 -5.7 226 0 24.5 6.2 10.0 2.5 2 0 4 0 0
-784.7 -3279.4 -5.0 132 0 10.6 7.9 5.0 2.5 2 0 2 4 4
-763.4 -3393.3 -3.6 43 0 7.2 6.5 10.0 2.5 2 0 4 3 3
-444.6 -3281.8 -6.3 238 0 10.4 12.2 2.5 2.5 2 1 1 1 1
-723.5 -3367.6 -5.0 156 0 7.4 7.7 7.5 2.5 2 1 3 2 2
142.6 -4118.0 0.4 118 0 7.3 7.3 10.0 2.5 2 1 4 2 2
4939.3 -3452.7 9.5 91 0 9.4 8.2 5.0 2.5 4 0 2 1 1
4847.6 -2967.4 5.2 296 0 8.2 9.0 5.0 2.5 4 1 2 3 3
4903.1 -2994.9 5.6 151 0 7.1 8.2 10.0 2.5 2 1 4 5 5
5188.2 -2953.6 7.1 193 0 8.3 9.3 7.5 2.5 2 1 3 4 4
5179.0 -2787.6 5.6 194 0 6.3 7.9 5.0 2.5 2 1 2 5 5
5184.9 -2523.6 2.2 33 0 8.8 8.7 7.5 2.5 2 0 3 4 4
4603.1 -2774.5 3.9 91 0 10.7 8.0 5.0 2.5 2 0 2 1 1
4466.2 -2809.0 -0.7 1 0 7.3 9.7 7.5 0.0 0 1 3 3 3
4475.4 -2937.4 1.2 91 0 8.1 7.2 2.5 2.5 2 0 1 0 0
4587.5 -2966.2 4.3 357 0 8.7 10.4 7.5 2.5 2 1 3 1 1
4602.5 -2854.4 4.3 271 0 6.1 7.7 10.0 2.5 2 1 4 1 1
4674.6 -2971.6 4.4 5 0 7.8 8.2 5.0 2.5 2 1 2 5 5
4752.2 -2933.7 5.7 357 0 9.2 9.4 5.0 2.5 2 1 2 2 2
-3647.5 -2040.4 -9.6 80 0 6.2 8.8 7.5 2.5 2 1 3 4 4
-3395.6 -2303.7 -6.2 257 0 9.3 6.1 7.5 2.5 2 0 3 5 5
-2954.7 -2492.4 -4.0 308 0 6.7 6.7 2.5 2.5 4 1 1 0 0
-3255.6 -4115.5 -3.5 358 0 7.6 6.2 5.0 2.5 2 0 2 0 0
-2635.3 -5092.1 1.9 270 0 6.6 7.8 7.5 2.5 2 1 3 0 0
-2642.9 -5220.6 4.4 304 0 6.0 6.2 7.5 2.5 4 1 3 5 5
-2465.8 -5153.1 2.5 129 0 7.4 8.1 10.0 2.5 2 1 4 2 2
-2409.7 -5040.1 3.5 30 0 6.3 11.7 5.0 2.5 2 1 2 3 3
-595.4 -3271.1 -7.5 112 0 7.2 16.7 5.0 0.0 0 1 2 5 5
4836.6 -2557.8 4.7 267 0 8.1 9.4 5.0 2.5 2 1 2 5 5
4350.2 -2507.4 -2.6 179 0 7.9 10.4 7.5 2.5 2 1 3 0 0
4904.7 -2555.3 3.3 165 0 9.9 9.0 7.5 2.5 2 0 3 4 4
4572.9 -1922.3 -0.6 94 0 8.4 8.0 7.5 2.5 2 0 3 0 0
4498.6 -1996.5 -2.8 95 0 9.1 8.0 7.5 2.5 2 0 3 4 4
4529.2 -2086.3 -1.9 95 0 6.3 8.3 5.0 2.5 4 1 2 2 2
4432.8 -2051.8 -3.1 105 0 8.5 14.0 7.5 2.5 2 1 3 4 4
4493.6 -2134.0 -1.2 90 0 7.9 15.5 5.0 2.5 2 1 2 4 4
4501.7 -2225.8 -1.4 265 0 8.6 8.5 5.0 0.0 0 0 2 5 5
4570.5 -2261.0 -1.0 334 0 7.4 9.5 2.5 2.5 2 1 1 0 0
4580.0 -2253.4 -1.4 77 0 9.4 9.4 2.5 2.5 2 1 1 2 2
4101.9 -2016.7 -4.2 268 0 7.0 10.7 7.5 2.5 2 1 3 2 2
4225.6 -2017.9 -3.6 269 0 17.9 12.1 7.5 2.5 4 0 3 4 4
4561.7 -1751.3 -2.2 103 0 8.0 10.8 2.5 2.5 2 1 1 1 1
4554.1 -1756.2 -2.0 193 0 7.0 10.9 10.0 2.5 2 1 4 0 0
4583.2 -1769.2 -2.0 14 0 9.3 10.2 7.5 2.5 4 1 3 5 5
3244.0 -2110.4 0.3 161 0 7.6 9.4 10.0 2.5 2 1 4 3 3
3456.9 -2188.1 -2.0 345 0 9.7 13.3 10.0 2.5 2 1 4 2 2
3499.2 -2123.5 -4.1 251 0 7.7 13.9 7.5 2.5 4 1 3 4 4
3441.2 -2402.3 -1.2 359 0 10.4 9.0 7.5 2.5 2 0 3 1 1
3445.1 -2260.9 -2.2 356 0 11.6 8.4 10.0 2.5 4 0 4 3 3
3444.8 -3339.5 7.9 357 0 6.6 9.5 5.0 2.5 2 1 2 4 4
3643.2 -3266.8 2.1 178 0 7.7 8.7 2.5 2.5 2 1 1 5 5
2810.1 -3014.4 4.6 234 0 8.2 6.1 5.0 2.5 2 0 2 4 4
2645.2 -2893.6 -0.8 237 0 6.7 8.1 7.5 2.5 2 1 3 4 4
-299.8 -1403.5 -10.3 359 0 7.7 6.2 7.5 2.5 2 0 3 5 5
-376.7 -1365.9 -11.3 359 0 8.3 6.5 10.0 2.5 2 0 4 3 3
-510.8 -1319.1 -11.0 312 0 7.2 9.5 5.0 2.5 2 1 2 4 4
-1413.0 -1727.4 -12.6 308 0 8.9 14.7 2.5 2.5 2 1 1 4 4
-821.0 -2258.0 -12.3 17 0 6.2 6.1 10.0 2.5 2 0 4 3 3
-2149.8 -901.2 -11.7 23 0 9.0 15.8 5.0 2.5 2 1 2 5 5
-4243.7 -1449.0 -8.4 292 0 10.3 9.7 7.5 2.5 2 0 3 2 2
-4346.1 -1474.8 -12.1 198 0 7.7 6.3 7.5 2.5 2 0 3 4 4
-4309.9 -1460.4 -11.8 23 0 9.0 13.5 7.5 2.5 2 1 3 5 5
-3830.3 -2516.0 -11.2 311 0 11.4 10.5 7.5 2.5 2 0 3 4 4
-2734.7 -1895.2 -9.0 205 0 8.9 17.2 7.5 2.5 2 1 3 4 4
-2664.7 -1923.9 -9.7 310 0 16.2 9.8 5.0 2.5 2 0 2 5 5
-2175.8 -2039.1 -8.2 114 0 7.4 10.5 7.5 0.0 0 1 3 5 5
-1770.5 -1991.6 -11.9 111 0 7.5 6.3 5.0 2.5 2 0 2 5 5
-1957.7 -969.7 -11.5 119 0 6.3 10.7 7.5 0.0 0 1 3 5 5
-1860.3 -869.8 -13.5 111 0 8.7 10.6 7.5 2.5 2 1 3 3 3
-1778.7 -954.5 -11.5 24 0 6.1 8.9 2.5 2.5 4 1 1 0 0
-184.2 -2033.7 -10.5 37 0 8.3 7.7 7.5 2.5 2 0 3 4 4
-282.3 -1336.7 -10.6 84 0 10.8 7.4 10.0 2.5 2 0 4 2 2
-108.4 -1434.0 -9.9 91 0 7.3 11.4 7.5 0.0 0 1 3 1 1
-1141.4 -3912.1 3.7 119 0 6.7 6.4 7.5 2.5 2 0 3 4 4
-804.3 -3497.2 -1.4 319 0 8.4 7.2 7.5 2.5 2 0 3 2 2
-567.0 -3475.2 -2.4 48 0 6.5 6.2 5.0 2.5 4 0 2 4 4
-939.7 -2989.7 -8.5 110 0 7.7 11.9 10.0 2.5 2 1 4 3 3
-847.5 -2954.8 -8.1 20 0 9.8 6.6 7.5 2.5 2 0 3 5 5
-639.4 -3016.0 -7.3 293 0 7.1 7.5 5.0 2.5 2 1 2 4 4
-529.5 -2732.2 -10.3 278 0 14.7 10.1 7.5 2.5 2 0 3 1 1
-2619.3 -1974.5 -10.2 96 0 8.0 13.9 10.0 2.5 4 1 4 1 1
-2908.1 -1883.8 -8.0 215 0 6.0 6.0 7.5 2.5 4 1 3 2 2
-2896.0 -1878.2 -7.6 215 0 7.6 6.3 7.5 2.5 2 0 3 4 4
-3911.4 -2079.7 -10.8 348 0 8.1 8.7 5.0 2.5 2 1 2 0 0
-3005.8 -2202.1 -3.7 20 0 6.3 10.9 7.5 2.5 2 1 3 2 2
-2872.7 -1820.2 -6.9 46 0 9.5 6.0 7.5 0.0 0 0 3 0 0
-2680.0 -1743.1 -10.7 239 0 6.6 6.1 7.5 2.5 4 0 3 4 4
1795.7 -2575.2 -1.5 0 0 14.2 11.4 7.5 2.5 2 0 3 2 2
1905.0 -2685.7 0.3 56 0 6.1 30.0 15.0 0.0 0 1 6 4 4
2443.4 -2332.9 -2.9 71 0 8.5 18.5 7.5 2.5 2 1 3 4 4
2607.6 -2057.9 -0.5 8 0 7.9 7.0 5.0 2.5 2 0 2 1 1
1755.7 -2546.8 -1.4 266 0 7.7 11.5 2.5 2.5 2 1 1 1 1
1132.0 -1765.4 -5.4 348 0 6.5 6.1 2.5 2.5 2 0 1 1 1
813.9 -1518.8 -11.0 113 0 6.6 9.9 5.0 2.5 4 1 2 0 0
976.9 -1411.5 -6.4 357 0 6.3 6.2 7.5 2.5 2 0 3 1 1
970.0 -1913.2 -5.3 134 0 6.8 7.3 7.5 2.5 2 1 3 1 1
685.9 -2204.7 -4.5 213 0 10.1 8.8 10.0 2.5 2 0 4 2 2
676.6 -2129.7 -5.6 123 0 6.6 7.8 5.0 2.5 2 1 2 1 1
612.2 -2079.6 -7.3 213 0 6.3 16.4 5.0 0.0 0 1 2 3 3
939.6 -4022.3 1.4 234 0 6.5 6.4 10.0 2.5 4 0 4 3 3
807.6 -3673.8 -3.5 332 0 6.0 14.4 7.5 2.5 2 1 3 4 4
792.3 -3642.6 -3.6 334 0 11.0 13.4 5.0 0.0 0 1 2 4 4
750.0 -3568.7 -4.1 324 0 8.4 10.7 10.0 2.5 2 1 4 0 0
580.1 -4028.9 -1.7 39 0 7.5 8.1 7.5 2.5 2 1 3 3 3
1163.2 -4367.1 0.3 155 0 6.0 7.4 10.0 2.5 2 1 4 4 4
1160.6 -4350.7 -0.1 155 0 9.0 10.6 7.5 2.5 2 1 3 5 5
1584.0 -4747.2 6.4 61 0 6.1 29.6 5.0 2.5 2 1 2 0 0
1575.7 -4761.5 8.7 60 0 30.6 6.4 7.5 2.5 2 0 3 4 4
1537.6 -4758.6 9.0 53 0 6.3 11.4 10.0 2.5 2 1 4 3 3
1499.0 -4748.3 9.3 151 0 6.1 8.6 10.0 2.5 2 1 4 1 1
1529.0 -4707.7 6.4 152 0 9.5 7.8 7.5 2.5 2 0 3 3 3
1509.6 -4700.5 5.7 151 0 7.4 23.8 5.0 2.5 2 1 2 5 5
1507.5 -4672.1 5.9 333 0 40.0 6.3 5.0 2.5 4 0 2 0 0
1478.3 -4648.9 6.0 159 0 20.8 15.2 7.5 2.5 2 0 3 3 3
1388.6 -4662.3 7.7 141 0 6.0 6.6 2.5 2.5 2 1 1 3 3
1287.8 -4611.1 7.9 159 0 9.2 8.5 7.5 2.5 2 0 3 0 0
1301.2 -4746.4 13.0 349 0 9.5 12.1 7.5 2.5 4 1 3 5 5
1613.3 -4739.4 8.5 62 0 16.8 6.1 7.5 2.5 2 0 3 3 3
763.0 -3515.5 -1.9 229 0 8.5 8.7 7.5 2.5 2 1 3 1 1
781.3 -3530.8 -2.0 324 0 9.1 8.4 10.0 2.5 2 0 4 5 5
846.8 -3685.2 -2.1 153 0 13.2 44.2 10.0 2.5 2 1 4 1 1
852.3 -3652.9 -1.6 145 0 10.5 9.8 7.5 2.5 2 0 3 2 2
857.9 -3572.6 -0.6 223 0 6.5 49.5 10.0 2.5 2 1 4 4 4
876.6 -3616.9 -0.9 328 0 8.3 12.1 5.0 2.5 2 1 2 5 5
892.2 -3654.5 -0.9 64 0 20.1 14.3 10.0 2.5 4 0 4 1 1
899.5 -3670.4 -0.7 65 0 6.4 11.5 7.5 2.5 2 1 3 4 4
860.9 -3442.1 0.1 131 0 12.1 7.1 7.5 2.5 2 0 3 4 4
828.8 -3478.6 0.0 135 0 7.2 15.4 5.0 2.5 2 1 2 1 1
821.2 -3186.6 -5.2 185 0 9.6 8.3 7.5 2.5 2 0 3 2 2
3437.4 -3847.2 11.6 156 0 6.8 7.4 5.0 2.5 2 1 2 5 5
3370.5 -3629.8 9.4 243 0 7.4 9.4 2.5 2.5 2 1 1 5 5
3372.1 -3623.6 10.0 333 0 6.1 9.1 10.0 2.5 2 1 4 4 4
3316.4 -3599.9 12.5 69 0 10.1 7.6 7.5 2.5 2 0 3 2 2
3202.8 -3105.6 5.9 171 0 8.1 6.5 10.0 2.5 4 0 4 5 5
3118.0 -3191.9 9.8 330 0 7.6 6.7 7.5 2.5 2 0 3 1 1
3213.7 -3322.2 8.1 319 0 8.7 7.7 5.0 2.5 4 0 2 4 4
3261.0 -3382.7 7.0 327 0 8.2 6.1 7.5 2.5 2 0 3 1 1
3306.6 -3090.0 2.2 88 0 6.2 10.5 10.0 0.0 0 1 4 5 5
3238.6 -2954.9 2.5 359 0 10.2 7.2 7.5 2.5 2 0 3 4 4
4891.1 -2089.8 -1.1 344 0 6.0 7.8 10.0 2.5 2 1 4 0 0
5172.4 -1233.2 -2.3 16 0 8.9 11.4 10.0 2.5 2 1 4 2 2
4433.9 -1374.4 -4.7 7 0 8.7 8.2 7.5 2.5 2 0 3 0 0
4425.8 -1445.7 -5.5 121 0 7.4 8.1 2.5 2.5 2 1 1 2 2
4442.7 -1445.2 -5.5 31 0 7.0 8.9 7.5 2.5 2 1 3 3 3
4489.4 -1361.5 -3.6 99 0 8.5 8.7 10.0 2.5 2 1 4 5 5
4520.8 -1323.7 -2.4 149 0 6.1 11.8 7.5 0.0 0 1 3 0 0
4539.8 -1434.7 -4.1 87 0 9.4 8.0 2.5 2.5 2 0 1 1 1
4645.4 -1337.7 -0.3 85 0 8.6 8.4 5.0 2.5 2 0 2 5 5
4796.8 -1228.1 3.7 199 0 9.4 8.5 10.0 2.5 4 0 4 4 4
4753.3 -1288.6 2.3 284 0 8.5 7.9 5.0 2.5 2 0 2 4 4
5033.4 -1115.0 0.8 32 0 7.5 11.5 7.5 2.5 2 1 3 3 3
5069.0 -1117.3 0.0 116 0 8.0 8.1 7.5 2.5 2 1 3 2 2
4370.6 -3230.3 0.8 17 0 9.0 8.3 7.5 2.5 2 0 3 0 0
3481.3 -2406.6 -2.2 11 0 7.0 8.2 2.5 2.5 2 1 1 4 4
3288.8 -2316.5 1.9 76 0 10.2 6.2 7.5 2.5 2 0 3 1 1
6260.3 5792.8 -18.2 152 0 8.8 6.3 7.5 2.5 2 0 3 3 3
-6388.3 -4796.3 -15.2 16 0 7.0 9.1 5.0 2.5 2 1 2 4 4
-6368.7 -4791.6 -15.0 27 0 7.8 6.5 7.5 0.0 0 0 3 2 2
-5534.4 -4423.0 -14.8 72 0 6.4 7.9 7.5 2.5 2 1 3 4 4
-5497.1 -4474.6 -15.0 348 0 10.7 8.2 5.0 2.5 2 0 2 5 5
-6722.2 -4394.8 -21.1 197 0 9.6 12.0 5.0 2.5 2 1 2 1 1
-6687.3 -4412.5 -20.5 17 0 7.1 23.3 7.5 2.5 2 1 3 3 3
-6695.4 -4444.9 -19.3 17 0 9.4 38.3 7.5 2.5 2 1 3 5 5
-6455.4 -1208.8 -21.0 34 0 13.1 10.9 7.5 2.5 4 0 3 2 2
-6304.1 -1095.3 -17.2 304 0 6.5 7.7 7.5 2.5 2 1 3 0 0
-6183.4 -718.7 -17.5 296 0 12.5 12.3 5.0 2.5 2 0 2 4 4
-6128.7 -784.2 -16.0 22 0 10.7 10.4 7.5 0.0 0 0 3 3 3
-4661.4 -1239.1 -13.4 24 0 6.7 9.5 7.5 0.0 0 1 3 4 4
-6331.6 -1069.4 -17.7 313 0 8.9 6.6 7.5 2.5 2 0 3 3 3
-46.7 -3342.5 -5.4 134 0 9.2 7.6 7.5 2.5 2 0 3 2 2
-31.0 -3355.9 -6.0 47 0 8.3 7.6 7.5 0.0 0 0 3 3 3
-249.8 -4047.6 0.5 216 0 6.6 7.4 7.5 2.5 2 1 3 5 5
-206.9 -3998.7 0.2 222 0 7.1 7.3 7.5 2.5 2 1 3 0 0
83.1 -4051.0 0.6 116 0 7.3 8.3 10.0 2.5 2 1 4 1 1
133.8 -4098.5 0.4 214 0 9.1 7.0 5.0 2.5 2 0 2 0 0
-66.1 -4042.3 -0.8 129 0 7.3 7.4 5.0 2.5 2 1 2 4 4
-49.5 -4105.0 0.8 317 0 8.0 7.1 7.5 2.5 2 0 3 3 3
280.3 -3845.5 -0.8 130 0 7.0 7.3 10.0 2.5 2 1 4 3 3
334.9 -3792.1 -2.8 307 0 9.2 12.5 7.5 2.5 2 1 3 0 0
-3462.1 -2326.2 -6.8 172 0 9.8 7.3 2.5 0.0 0 0 1 5 5
-4192.5 -948.1 -4.9 109 0 6.7 11.6 7.5 2.5 4 1 3 5 5
-4222.8 -968.8 -3.7 105 0 7.1 7.9 5.0 2.5 2 1 2 1 1
-861.6 -3624.7 1.4 116 0 7.3 8.8 7.5 2.5 2 1 3 1 1
181.4 -3182.3 -8.4 46 0 13.4 8.8 10.5 0.0 0 0 3 4 4
162.1 -2723.9 -10.4 298 0 7.6 6.5 14.0 3.5 2 0 4 2 2
182.7 -2740.5 -10.4 30 0 6.5 6.7 14.0 3.5 4 1 4 4 4
248.1 -2777.2 -10.0 108 0 7.9 12.3 2.5 2.5 2 1 1 2 2
400.1 -3006.6 -9.0 200 0 6.4 6.5 10.5 3.5 2 1 3 0 0
403.8 -3038.9 -9.2 113 0 20.6 8.6 10.5 3.5 2 0 3 2 2
358.6 -5052.1 9.6 300 0 8.0 6.2 5.0 2.5 2 0 2 1 1
356.0 -5070.4 9.6 106 0 8.5 8.4 5.0 0.0 0 0 2 2 2
349.7 -5139.1 9.5 122 0 7.2 7.3 5.0 2.5 2 1 2 3 3
-2430.9 -4053.8 -2.7 83 0 13.1 8.4 10.0 2.5 2 0 4 4 4
-2442.8 -4141.7 -1.0 177 0 12.1 13.5 10.0 2.5 2 1 4 1 1
91.9 -2932.1 -9.6 17 0 10.5 11.9 14.0 3.5 2 1 4 1 1
220.0 -2854.0 -9.6 290 0 24.6 11.5 10.5 3.5 2 0 3 4 4
-116.3 -2051.1 -8.4 120 0 11.0 8.5 10.0 2.5 2 0 4 2 2
6712.4 -1205.7 5.9 192 0 11.7 8.0 2.5 2.5 4 0 1 4 4
568.5 -5215.3 12.4 35 0 6.1 7.8 10.0 2.5 2 1 4 2 2
424.2 -5184.1 11.0 104 0 9.7 8.8 5.0 2.5 2 0 2 5 5
618.7 -5216.1 16.0 220 0 6.5 6.4 7.5 2.5 4 0 3 0 0
583.1 -5217.6 13.3 42 0 10.3 7.2 10.0 0.0 0 0 4 0 0
806.2 -4530.3 9.9 231 0 8.0 6.9 5.0 2.5 4 0 2 1 1
