2056.8 6228.8 6.2 68 0 24.9 10.5 10.0 2.5 2 0 4 0 0
-1637.9 5417.6 -6.4 130 0 19.1 12.6 7.5 2.5 2 0 3 2 2
-2890.9 3979.1 -4.3 54 0 10.9 37.7 2.5 2.5 2 1 1 3 3
-5133.2 2028.4 -7.8 159 0 9.9 23.3 2.5 2.5 2 1 1 2 2
-1147.4 6027.2 -1.8 315 0 9.0 35.2 2.5 2.5 2 1 1 5 5
5606.3 4135.9 2.9 109 0 9.7 18.5 5.0 2.5 2 1 2 3 3
-1237.9 2367.7 3.2 52 0 35.2 9.2 10.0 2.5 2 0 4 3 3
-6892.0 1688.0 -11.0 348 0 6.3 11.1 10.0 2.5 2 1 4 4 4
-6727.6 1785.5 -10.3 358 0 6.0 10.8 2.5 0.0 0 1 1 1 1
-6755.8 1735.7 -10.4 348 0 33.0 9.4 10.0 2.5 2 0 4 4 4
-6765.4 1765.1 -10.1 348 0 8.1 7.3 7.5 2.5 2 0 3 0 0
-6863.3 1779.0 -11.8 80 0 8.5 30.1 7.5 2.5 2 1 3 5 5
-6835.2 1785.1 -11.9 79 0 9.6 31.1 7.5 2.5 2 1 3 5 5
-6839.0 1824.9 -12.0 346 0 6.1 9.2 7.5 2.5 4 1 3 0 0
-6860.3 1581.2 -10.4 68 0 8.6 19.7 7.5 2.5 2 1 3 0 0
-3744.8 3133.6 -6.9 317 0 16.6 16.9 12.5 2.5 2 1 5 4 4
-3773.1 3111.0 -6.9 131 0 17.2 18.3 12.5 0.0 0 1 5 2 2
-3649.3 3085.9 -7.2 45 0 9.6 9.1 5.0 2.5 2 0 2 5 5
-3705.9 3048.0 -7.0 46 0 7.7 7.7 2.5 2.5 2 0 1 4 4
-6597.5 1609.5 -12.8 77 0 9.0 17.7 5.0 2.5 2 1 2 4 4
-6791.5 1528.4 -11.2 70 0 6.9 14.0 7.5 2.5 2 1 3 2 2
-6777.8 1538.5 -11.5 163 0 13.5 30.6 7.5 2.5 2 1 3 2 2
-6600.0 1683.9 -12.4 344 0 6.3 10.3 10.0 2.5 2 1 4 2 2
-6619.2 1679.4 -12.3 161 0 11.0 6.6 7.5 2.5 4 0 3 1 1
-6720.2 1552.9 -11.7 342 0 18.5 7.2 7.5 2.5 2 0 3 4 4
-6714.4 1536.0 -11.8 340 0 11.4 7.6 7.5 2.5 2 0 3 1 1
-6704.3 1445.9 -11.8 335 0 15.5 9.1 5.0 2.5 2 0 2 3 3
-6897.6 1212.2 -10.2 152 0 12.6 8.7 14.0 3.5 2 0 4 3 3
-6904.0 1225.1 -10.4 153 0 7.4 15.6 14.0 3.5 2 0 4 4 4
-6789.3 1149.8 -8.8 331 0 7.0 8.4 14.0 3.5 2 0 4 0 0
-6852.6 1165.9 -9.5 243 0 6.8 11.8 14.0 3.5 2 0 4 2 2
-6840.4 1137.5 -9.6 63 0 6.8 11.9 14.0 3.5 2 1 4 1 1
-6822.7 1121.4 -9.7 69 0 15.6 7.9 14.0 3.5 2 0 4 3 3
-6822.4 1150.7 -9.2 64 0 7.8 13.7 14.0 0.0 0 1 4 4 4
-6836.1 1178.1 -9.4 240 0 8.3 13.8 14.0 0.0 0 1 4 0 0
-6915.1 1190.5 -10.4 153 0 34.9 11.5 14.0 3.5 4 0 4 4 4
-6747.8 -6436.5 -13.3 334 0 10.9 7.5 7.5 2.5 2 0 3 0 0
-6677.3 -6414.7 -15.3 162 0 9.3 8.6 7.5 2.5 2 0 3 4 4
-6664.4 -6475.6 -16.1 144 0 9.8 9.0 7.5 2.5 4 0 3 2 2
-6798.4 -6384.1 -13.2 246 0 9.6 9.7 5.0 2.5 2 1 2 2 2
-6901.3 -6351.7 -12.6 191 0 11.2 9.5 7.5 0.0 0 0 3 0 0
-6780.9 -6270.3 -15.9 151 0 10.4 7.4 7.5 2.5 2 0 3 4 4
-6767.6 -6299.0 -15.9 164 0 10.6 10.4 7.5 2.5 2 0 3 2 2
-6598.1 -4476.1 -5.4 183 0 7.6 6.2 5.0 2.5 2 0 2 4 4
-6417.8 -4504.9 -6.4 168 0 8.1 9.5 10.0 2.5 2 1 4 4 4
2342.7 1741.9 0.1 89 0 6.6 28.8 7.5 2.5 2 1 3 2 2
2289.5 1738.5 1.7 158 0 8.3 7.4 7.5 2.5 2 0 3 5 5
2291.2 1791.6 1.9 273 0 6.3 14.4 10.0 2.5 2 1 4 3 3
1857.5 1492.5 -1.0 135 0 6.1 9.9 7.5 2.5 2 1 3 3 3
2653.0 -5764.6 1.6 76 0 8.3 9.7 2.5 2.5 2 1 1 4 4
2504.1 -5491.4 -0.2 163 0 10.0 8.0 7.5 2.5 2 0 3 3 3
2546.3 -5734.0 1.5 255 0 10.8 7.6 10.0 2.5 4 0 4 1 1
878.4 -4722.6 -10.1 81 0 8.9 9.8 10.0 2.5 2 1 4 2 2
626.4 -4820.8 -9.0 259 0 9.0 8.4 7.5 2.5 2 0 3 3 3
1143.6 -4724.5 -10.4 192 0 10.7 9.9 7.5 2.5 2 0 3 5 5
2637.3 -5764.0 1.8 151 0 6.2 9.1 5.0 2.5 4 1 2 3 3
2469.6 -5592.8 -1.9 162 0 8.6 10.8 2.5 2.5 2 1 1 4 4
2461.0 -5495.7 -0.2 317 0 8.4 10.4 7.5 2.5 2 1 3 0 0
1975.2 -5252.7 -3.1 221 0 6.5 16.3 7.5 2.5 2 1 3 3 3
1841.7 -5087.0 -7.0 285 0 9.1 11.2 7.5 2.5 2 1 3 0 0
1783.3 -5081.2 -7.6 197 0 11.1 10.1 7.5 2.5 2 0 3 2 2
1731.3 -5073.1 -9.1 26 0 12.1 7.5 10.0 2.5 2 0 4 0 0
138.6 -4635.4 -13.5 115 0 9.4 10.3 2.5 2.5 2 1 1 3 3
303.6 -4798.6 -8.2 307 0 9.0 8.4 7.5 2.5 2 0 3 5 5
311.7 -4433.8 -13.2 105 0 6.8 8.3 7.5 2.5 2 1 3 1 1
151.3 -4414.4 -13.1 85 0 7.7 9.4 5.0 2.5 2 1 2 5 5
-98.9 -4528.3 -13.8 355 0 10.4 8.4 7.5 2.5 2 0 3 5 5
-18.9 -4529.7 -13.2 96 0 8.6 8.6 7.5 2.5 2 1 3 1 1
32.6 -4524.9 -13.0 6 0 9.1 10.4 5.0 0.0 0 1 2 2 2
216.6 -4444.3 -11.9 183 0 9.5 8.0 7.5 2.5 2 0 3 3 3
245.1 -4530.1 -10.2 188 0 10.3 9.6 7.5 2.5 2 0 3 2 2
319.5 -4582.4 -11.0 14 0 9.5 9.6 2.5 2.5 2 1 1 4 4
293.0 -4701.6 -9.7 106 0 20.3 10.1 5.0 0.0 0 0 2 4 4
205.0 -4808.4 -8.2 33 0 6.5 8.1 7.5 2.5 2 1 3 0 0
192.1 -4817.9 -8.3 126 0 10.1 8.8 7.5 2.5 2 0 3 5 5
-1010.9 6468.1 2.3 69 0 6.7 6.9 7.5 2.5 4 1 3 2 2
-930.9 6598.4 -1.7 137 0 7.9 6.2 7.5 2.5 2 0 3 1 1
-896.2 6560.4 -1.6 129 0 8.8 7.6 7.5 2.5 2 0 3 2 2
-1008.8 6564.9 -1.5 316 0 9.8 8.0 5.0 2.5 2 0 2 0 0
-968.5 6528.5 -0.6 133 0 10.1 7.6 5.0 2.5 2 0 2 3 3
-1314.3 6715.8 -6.2 116 0 9.7 7.4 10.0 2.5 2 0 4 5 5
-1107.6 6543.8 -3.8 54 0 7.2 10.9 5.0 0.0 0 1 2 5 5
-1205.0 6440.9 -0.3 135 0 7.5 14.7 7.5 2.5 2 1 3 2 2
-1258.7 6511.6 -4.8 238 0 10.5 7.7 7.5 0.0 0 0 3 0 0
-1271.5 6399.6 -1.3 228 0 6.3 15.0 5.0 2.5 2 1 2 4 4
-1203.1 6189.5 1.5 167 0 9.5 6.9 5.0 2.5 2 0 2 1 1
-1707.8 5830.2 -2.5 329 0 10.7 8.1 10.0 2.5 4 0 4 3 3
-1360.5 6267.0 -2.6 356 0 9.6 8.5 5.0 2.5 2 0 2 2 2
-1554.7 6342.1 -3.5 67 0 6.0 6.6 10.0 2.5 2 1 4 2 2
-1443.8 6367.6 -2.8 225 0 7.8 6.2 7.5 0.0 0 0 3 1 1
-1405.1 6309.9 -3.2 36 0 6.3 6.6 7.5 2.5 2 1 3 4 4
-1290.6 6152.7 0.4 19 0 7.0 6.6 2.5 2.5 2 0 1 2 2
-1274.9 6137.8 0.3 267 0 6.5 7.8 7.5 2.5 2 1 3 1 1
-1285.6 6115.2 -0.1 71 0 7.3 9.4 7.5 2.5 2 1 3 5 5
-1411.4 5736.8 -4.4 49 0 16.4 9.4 10.0 2.5 2 0 4 5 5
-1535.3 5647.2 -2.4 146 0 7.7 7.6 7.5 2.5 2 0 3 1 1
-1553.6 5570.2 -2.8 144 0 10.1 12.5 5.0 2.5 2 1 2 3 3
-1102.9 2303.0 2.6 119 0 24.6 11.3 12.5 2.5 2 0 5 5 5
-1171.1 2182.7 3.2 225 0 7.1 6.4 7.5 2.5 2 0 3 1 1
-1215.9 2163.7 3.0 227 0 6.0 7.3 2.5 2.5 4 1 1 1 1
-1220.5 2147.0 2.6 145 0 8.3 8.2 5.0 2.5 2 0 2 5 5
5774.6 3776.0 -6.6 25 0 11.9 9.6 5.0 2.5 2 0 2 1 1
5775.1 3701.9 -0.5 304 0 13.1 7.8 7.5 2.5 2 0 3 2 2
5669.3 3779.0 1.6 285 0 6.1 28.8 10.0 2.5 2 1 4 1 1
5688.9 3770.2 0.9 288 0 13.0 34.5 5.0 2.5 2 1 2 1 1
-3737.9 2819.7 -3.7 42 0 8.2 17.6 7.5 2.5 4 1 3 1 1
-6237.2 -6850.0 -17.3 306 0 9.6 8.4 10.0 2.5 2 0 4 1 1
-6184.3 -6762.2 -18.4 306 0 9.9 10.4 5.0 0.0 0 1 2 4 4
-6317.0 -6775.1 -16.7 193 0 6.8 7.5 5.0 0.0 0 1 2 2 2
-5876.8 -6825.3 -17.5 220 0 8.4 8.7 7.5 2.5 2 1 3 1 1
-2909.9 3833.8 -5.5 132 0 16.6 10.7 2.5 2.5 2 0 1 0 0
-2851.0 3767.6 -5.5 320 0 6.9 7.1 5.0 2.5 2 1 2 0 0
-2825.9 3773.8 -4.6 143 0 8.4 11.0 7.5 2.5 2 1 3 0 0
-2828.7 3747.4 -5.1 145 0 9.3 22.5 10.0 2.5 2 1 4 5 5
-2812.6 3728.4 -5.2 239 0 17.8 9.2 5.0 2.5 2 0 2 5 5
-2851.8 3736.6 -6.3 331 0 8.4 23.2 5.0 0.0 0 1 2 3 3
-2881.6 3755.2 -6.3 322 0 27.7 9.1 10.0 2.5 2 0 4 4 4
-2809.7 3966.2 -3.1 221 0 7.1 6.7 5.0 2.5 2 0 2 0 0
-2859.2 4072.1 -4.2 147 0 7.7 10.5 5.0 2.5 2 1 2 4 4
-3324.5 4348.3 -10.4 239 0 9.9 7.5 7.5 0.0 0 0 3 0 0
-3299.3 4262.1 -9.2 219 0 9.9 9.4 5.0 2.5 2 0 2 3 3
-3127.4 4095.4 -5.8 328 0 7.9 10.5 7.5 2.5 2 1 3 2 2
-3126.4 3979.5 -3.7 53 0 7.5 6.5 7.5 2.5 2 0 3 4 4
-3203.5 3957.9 -6.5 227 0 11.5 8.2 2.5 2.5 2 0 1 2 2
-3012.7 3829.0 -6.0 317 0 14.7 8.8 7.5 2.5 2 0 3 3 3
-3060.7 3777.4 -7.0 137 0 8.6 6.3 5.0 2.5 2 0 2 4 4
-3551.2 3068.4 -5.1 143 0 9.1 6.3 7.5 2.5 2 0 3 2 2
-3412.5 3184.7 -6.9 66 0 12.6 11.3 7.5 2.5 2 0 3 3 3
2157.4 6203.8 3.1 326 0 8.8 12.3 7.5 2.5 4 1 3 1 1
2205.8 6199.7 2.1 154 0 8.3 9.5 7.5 2.5 2 1 3 4 4
2037.8 6129.6 7.1 172 0 11.4 8.4 10.0 2.5 2 0 4 2 2
2044.4 6166.4 6.8 181 0 8.7 7.5 5.0 2.5 4 0 2 3 3
1953.2 6181.7 8.4 83 0 8.9 7.4 10.0 2.5 2 0 4 1 1
5573.4 5508.7 7.1 240 0 7.2 7.8 7.5 2.5 4 1 3 4 4
5645.2 5804.3 6.8 96 0 6.5 6.4 5.0 2.5 2 0 2 1 1
5669.2 5771.3 7.5 289 0 10.3 10.4 5.0 2.5 2 1 2 0 0
5732.3 6093.8 7.2 276 0 10.7 10.8 7.5 0.0 0 1 3 4 4
2250.9 6517.0 2.0 82 0 8.9 9.8 10.0 2.5 2 1 4 3 3
2063.6 6305.7 5.8 324 0 6.9 6.6 10.0 2.5 2 0 4 3 3
2187.9 6275.4 2.6 65 0 7.2 10.7 7.5 2.5 2 1 3 4 4
1967.0 6399.7 3.6 346 0 8.2 9.7 2.5 2.5 2 1 1 0 0
1899.9 6323.8 5.9 346 0 8.5 9.1 7.5 2.5 2 1 3 4 4
1839.0 6384.6 4.3 317 0 8.3 6.6 7.5 2.5 2 0 3 2 2
1940.7 6450.1 2.1 46 0 8.0 10.7 7.5 2.5 2 1 3 3 3
1970.5 6470.7 1.7 47 0 9.3 9.2 7.5 2.5 2 0 3 5 5
2015.6 6522.2 1.0 47 0 7.0 8.2 5.0 2.5 2 1 2 1 1
987.9 6670.9 0.3 242 0 8.1 12.3 7.5 2.5 2 1 3 3 3
1015.8 6739.9 -1.4 51 0 10.8 8.1 5.0 2.5 2 0 2 0 0
2308.8 6288.1 3.2 250 0 8.7 6.9 10.0 0.0 0 0 4 5 5
2540.0 6405.4 3.2 80 0 7.7 8.1 7.5 2.5 2 1 3 4 4
2570.1 6428.8 2.2 344 0 8.6 8.6 5.0 2.5 2 0 2 3 3
2481.6 6441.0 4.6 84 0 8.9 8.3 7.5 0.0 0 0 3 2 2
2539.8 6458.8 2.7 75 0 9.5 7.9 7.5 2.5 2 0 3 5 5
2422.3 6357.5 4.6 346 0 8.5 7.6 5.0 2.5 2 0 2 0 0
2323.2 6383.8 5.1 88 0 8.2 7.4 7.5 2.5 2 0 3 0 0
2336.9 6400.0 5.0 338 0 7.9 6.9 5.0 0.0 0 0 2 5 5
2295.0 6369.1 4.2 78 0 12.1 9.7 5.0 2.5 2 0 2 1 1
2434.8 6417.3 4.9 92 0 6.0 6.1 10.0 2.5 2 1 4 3 3
988.6 6692.0 -0.1 248 0 6.7 9.2 5.0 2.5 2 1 2 4 4
465.4 6839.1 3.0 341 0 9.9 9.5 2.5 2.5 2 0 1 0 0
295.1 6824.0 -0.8 301 0 9.4 7.9 7.5 2.5 2 0 3 2 2
-715.3 6377.8 1.8 228 0 6.1 6.3 2.5 2.5 2 1 1 2 2
-646.3 6581.0 -3.5 350 0 8.9 10.4 5.0 2.5 2 1 2 4 4
-625.7 6646.3 -3.1 316 0 8.0 14.3 2.5 0.0 0 1 1 2 2
-555.5 6759.2 -0.6 43 0 9.8 15.8 5.0 2.5 2 1 2 1 1
-544.3 6781.5 -0.5 42 0 8.4 13.7 10.0 2.5 2 1 4 4 4
-405.4 6734.1 1.7 219 0 11.1 7.8 5.0 2.5 2 0 2 2 2
-406.2 6758.6 0.9 219 0 9.5 26.2 7.5 2.5 2 1 3 1 1
-334.6 6760.3 1.6 139 0 6.5 7.0 7.5 2.5 2 1 3 2 2
-3847.0 3892.7 -8.0 138 0 8.6 8.5 7.5 2.5 2 0 3 3 3
-3423.1 2931.3 0.7 245 0 7.9 10.3 7.5 2.5 4 1 3 4 4
-2678.9 4060.6 -4.8 134 0 7.7 8.9 7.5 2.5 2 1 3 2 2
-2459.5 4593.7 -8.2 325 0 7.7 9.3 5.0 2.5 2 1 2 2 2
-2463.0 4549.3 -8.4 155 0 8.1 8.8 7.5 2.5 4 1 3 1 1
-2309.2 4421.1 -3.8 226 0 9.5 22.7 7.5 2.5 2 1 3 3 3
-2288.3 4392.0 -3.3 141 0 22.9 9.6 10.0 2.5 2 0 4 3 3
-977.7 6095.1 -0.4 126 0 8.0 10.1 5.0 2.5 2 1 2 1 1
-815.3 6290.1 2.1 313 0 12.3 19.5 7.5 2.5 2 1 3 3 3
-801.8 6292.0 2.8 40 0 8.2 6.4 5.0 0.0 0 0 2 5 5
-2977.0 4371.2 -9.5 254 0 9.8 11.3 10.0 2.5 2 1 4 2 2
-3375.8 4452.2 -11.4 321 0 7.6 8.8 5.0 2.5 2 1 2 2 2
-3374.0 4436.1 -11.4 72 0 6.8 7.3 2.5 2.5 2 1 1 3 3
-3392.8 4207.8 -8.8 54 0 8.8 8.2 7.5 2.5 2 0 3 2 2
-3494.3 4094.9 -8.2 61 0 8.1 7.9 5.0 2.5 2 0 2 3 3
5735.7 4759.7 4.6 357 0 6.5 8.9 5.0 2.5 2 1 2 1 1
1141.0 6696.3 -1.0 29 0 12.5 8.3 7.5 2.5 2 0 3 4 4
-3072.7 4252.1 -7.7 59 0 7.5 9.6 5.0 2.5 4 1 2 1 1
-3027.9 4206.2 -6.4 89 0 8.8 12.4 10.0 0.0 0 1 4 4 4
-1123.7 5873.0 -4.6 36 0 10.4 18.7 10.0 2.5 2 1 4 5 5
-1522.0 6181.0 -3.2 45 0 6.3 6.1 5.0 2.5 2 0 2 1 1
-1732.8 5987.8 -4.4 338 0 7.9 15.1 5.0 2.5 2 1 2 0 0
-1216.8 6691.5 -6.3 123 0 7.5 8.4 2.5 2.5 2 1 1 5 5
-1062.4 6868.3 -6.5 298 0 8.7 7.5 7.5 2.5 2 0 3 2 2
-2238.1 4452.1 -4.5 21 0 10.3 7.6 2.5 2.5 2 0 1 1 1
-2273.2 4448.2 -4.2 222 0 7.9 22.5 7.5 2.5 2 1 3 4 4
-2199.1 3285.1 4.2 312 0 6.9 6.7 7.5 2.5 2 0 3 3 3
-2532.2 3426.1 0.7 65 0 7.7 6.3 7.5 2.5 2 0 3 3 3
-2372.4 3236.9 1.9 330 0 6.2 7.6 10.0 2.5 4 1 4 1 1
-2385.8 3515.0 1.5 172 0 8.8 7.4 7.5 2.5 4 0 3 1 1
-2387.0 3534.0 1.5 252 0 8.6 10.5 5.0 2.5 4 1 2 5 5
-2420.6 3506.9 1.3 323 0 6.6 8.2 7.5 2.5 2 1 3 1 1
-2478.3 3553.4 1.2 67 0 14.8 14.0 7.5 2.5 2 0 3 3 3
-2463.9 3560.7 1.2 69 0 13.8 16.7 5.0 2.5 2 1 2 0 0
-2589.6 3769.1 -3.7 310 0 8.2 6.3 7.5 2.5 2 0 3 1 1
-2681.8 3538.6 -3.8 156 0 7.3 7.0 10.0 2.5 2 0 4 3 3
-1727.5 6872.1 -1.2 203 0 12.5 6.7 5.0 2.5 2 0 2 3 3
-1737.3 6820.3 -1.6 305 0 18.6 9.7 5.0 2.5 4 0 2 1 1
-1777.4 6824.9 -3.7 275 0 19.2 10.9 5.0 0.0 0 0 2 5 5
-1620.8 6860.2 -2.3 299 0 7.2 10.2 2.5 2.5 2 1 1 4 4
-1683.9 6760.0 -3.1 44 0 10.7 30.8 12.5 2.5 2 1 5 4 4
-1751.4 6689.1 -5.0 121 0 7.5 32.2 10.0 2.5 4 1 4 5 5
-863.3 6454.3 0.0 335 0 6.5 8.6 5.0 2.5 2 1 2 2 2
-774.5 6526.2 -2.1 345 0 7.5 10.8 10.0 2.5 2 1 4 3 3
-961.4 6710.6 -3.0 279 0 6.2 8.7 7.5 2.5 2 1 3 2 2
-915.5 6700.1 -1.1 319 0 10.2 7.5 7.5 2.5 2 0 3 2 2
-732.2 6838.3 -0.9 163 0 15.0 6.6 5.0 2.5 2 0 2 4 4
-620.8 6765.9 -1.4 142 0 6.2 8.4 7.5 2.5 2 1 3 4 4
-846.0 6687.0 -1.2 139 0 9.4 7.2 7.5 2.5 2 0 3 0 0
-810.5 6622.3 -1.9 57 0 6.0 8.8 7.5 2.5 2 1 3 3 3
-798.9 6639.6 -2.0 53 0 7.5 10.1 5.0 0.0 0 1 2 0 0
-808.0 6790.2 -0.1 309 0 6.5 8.7 5.0 2.5 2 1 2 5 5
-792.8 6773.8 -0.3 355 0 7.1 8.4 7.5 2.5 2 1 3 1 1
-767.4 6728.2 -1.1 315 0 7.9 7.1 7.5 2.5 2 0 3 0 0
435.9 -4627.4 -11.8 22 0 6.1 6.6 7.5 2.5 2 1 3 1 1
458.8 -4607.7 -12.3 16 0 9.1 10.0 7.5 2.5 2 1 3 2 2
5673.0 4042.9 4.0 94 0 9.7 13.5 7.5 2.5 2 1 3 3 3
-6729.1 1196.7 -9.4 159 0 9.1 7.7 14.0 3.5 2 0 4 5 5
-6890.9 1109.9 -10.9 159 0 18.8 11.0 14.0 3.5 2 0 4 0 0
-6898.7 1102.3 -11.1 163 0 13.3 7.5 14.0 3.5 4 0 4 3 3
-5195.4 2014.5 -8.3 327 0 7.6 7.0 5.0 0.0 0 0 2 5 5
-5789.3 1828.3 -11.8 338 0 10.9 7.9 7.5 2.5 2 0 3 2 2
-6204.5 1666.6 -11.9 248 0 6.7 8.2 7.5 2.5 2 1 3 2 2
-6289.6 1578.1 -11.7 336 0 14.8 8.0 2.5 2.5 2 0 1 2 2
-6521.6 1382.1 -11.4 74 0 6.5 6.6 5.0 2.5 2 1 2 2 2
-6633.1 1229.8 -9.8 254 0 6.4 13.6 14.0 3.5 2 1 4 4 4
-6643.3 1239.8 -10.0 267 0 15.6 8.4 14.0 3.5 2 0 4 4 4
-6638.1 1207.3 -9.8 72 0 8.6 6.1 14.0 0.0 0 0 4 2 2
-6654.8 1227.9 -10.0 268 0 6.1 17.9 14.0 0.0 0 1 4 2 2
-6704.7 1252.9 -10.3 334 0 6.3 12.2 14.0 3.5 4 1 4 0 0
-6686.3 1233.7 -10.1 330 0 6.6 16.5 14.0 3.5 2 1 4 3 3
-6681.5 1224.7 -10.0 333 0 8.3 16.8 14.0 3.5 2 1 4 0 0
-6749.0 1288.6 -10.7 333 0 9.8 6.2 14.0 3.5 4 0 4 2 2
-6770.2 1288.1 -10.8 246 0 13.2 11.7 14.0 3.5 2 0 4 5 5
-5394.2 2035.7 -9.1 338 0 13.2 15.4 10.0 2.5 2 1 4 4 4
-5598.9 2466.9 -6.2 352 0 8.6 7.0 5.0 2.5 2 0 2 1 1
-4482.0 2316.7 -7.7 57 0 7.2 9.5 7.5 2.5 2 1 3 4 4
-4508.5 2188.3 -6.3 56 0 6.6 7.5 7.5 2.5 2 1 3 4 4
-4787.8 2230.0 -6.8 65 0 7.5 22.4 10.0 0.0 0 1 4 5 5
-4879.7 2147.2 -6.9 177 0 6.2 11.0 5.0 2.5 2 1 2 5 5
-6878.1 1640.6 -10.7 339 0 12.8 8.6 7.5 2.5 2 0 3 4 4
-5989.1 500.3 -7.5 181 0 7.0 9.0 5.0 2.5 2 1 2 1 1
-6007.4 518.2 -9.0 0 0 7.7 9.6 7.5 2.5 2 1 3 2 2
-6006.0 571.9 -7.9 0 0 8.0 8.1 7.5 2.5 4 1 3 2 2
-5767.4 604.9 -4.3 256 0 7.7 7.3 7.5 0.0 0 0 3 2 2
-5722.0 548.4 -4.9 272 0 9.3 8.1 5.0 2.5 2 0 2 5 5
-5700.4 720.1 -4.3 91 0 7.5 11.3 10.0 2.5 2 1 4 4 4
-5867.0 799.4 -4.1 9 0 10.6 7.5 7.5 2.5 2 0 3 3 3
-5902.1 602.0 -5.9 168 0 7.4 9.2 7.5 2.5 2 1 3 5 5
-5999.9 616.5 -7.3 3 0 7.7 10.6 7.5 2.5 4 1 3 3 3
-6049.7 823.0 -4.0 273 0 10.1 8.4 10.0 2.5 2 0 4 0 0
-6206.7 592.9 -8.6 29 0 10.2 9.1 7.5 0.0 0 0 3 3 3
-6261.2 639.3 -6.9 281 0 8.2 9.5 7.5 2.5 4 1 3 4 4
-6552.8 583.9 -11.6 3 0 12.0 7.9 7.5 2.5 2 0 3 2 2
-6632.1 769.6 -11.3 70 0 8.3 12.4 10.5 3.5 2 1 3 3 3
-6673.3 774.7 -12.2 255 0 8.9 12.7 10.5 0.0 0 1 3 5 5
-6742.9 757.7 -13.5 245 0 10.3 12.3 10.5 3.5 2 1 3 1 1
-6760.5 746.1 -13.8 249 0 9.3 10.1 10.5 3.5 2 1 3 1 1
-6774.7 729.2 -14.0 165 0 12.8 8.6 10.5 3.5 2 0 3 5 5
-6732.1 858.5 -11.8 345 0 10.7 7.6 14.0 3.5 2 0 4 2 2
-6806.6 787.2 -12.7 80 0 8.9 9.6 10.5 3.5 4 1 3 3 3
-6836.5 870.8 -11.9 170 0 7.9 8.0 14.0 3.5 2 1 4 5 5
-6859.3 795.1 -14.1 1 0 9.0 8.8 14.0 3.5 2 0 4 4 4
-6911.7 776.8 -15.7 185 0 12.1 8.1 14.0 3.5 2 0 4 4 4
-6858.0 -689.1 -3.0 187 0 9.5 9.2 10.0 2.5 2 0 4 3 3
-6836.5 -523.9 -3.7 103 0 7.9 8.7 10.0 0.0 0 1 4 0 0
-4142.8 2520.2 -8.4 160 0 10.2 8.5 5.0 2.5 4 0 2 0 0
-4117.0 2661.3 -8.4 328 0 7.9 12.0 5.0 0.0 0 1 2 1 1
-3825.0 2895.6 -5.0 40 0 8.8 7.2 7.5 2.5 2 0 3 2 2
-1254.9 2489.3 2.9 102 0 7.9 9.0 5.0 2.5 2 1 2 1 1
-1520.5 6641.3 -3.5 137 0 6.3 7.1 7.5 2.5 2 1 3 2 2
-1497.8 6660.3 -4.5 227 0 9.3 9.0 7.5 2.5 4 0 3 2 2
-2836.6 4019.1 -3.5 141 0 9.3 8.5 10.0 2.5 2 0 4 5 5
-2967.2 4097.2 -6.7 146 0 17.3 10.0 7.5 2.5 2 0 3 2 2
-3167.1 3895.5 -6.0 52 0 7.9 8.1 7.5 2.5 2 1 3 5 5
-2874.6 3812.7 -5.2 148 0 6.9 8.2 7.5 2.5 2 1 3 2 2
-3931.1 6427.9 -17.1 58 0 7.4 12.0 7.5 0.0 0 1 3 4 4
-1459.8 6418.4 -4.3 54 0 6.2 6.5 7.5 2.5 2 1 3 5 5
-822.2 5715.0 -0.2 312 0 7.2 6.3 7.5 2.5 2 0 3 3 3
-1089.7 5149.1 -4.5 180 0 6.0 10.7 10.0 2.5 2 1 4 2 2
-1032.0 5143.0 -3.8 45 0 6.9 6.1 7.5 2.5 2 0 3 3 3
-1056.5 5165.3 -4.3 274 0 6.8 7.7 7.5 2.5 2 1 3 2 2
-6794.9 1181.3 -9.6 335 0 34.3 19.4 14.0 3.5 2 0 4 5 5
