-1284.9 -4132.3 -4.5 2 0 18.6 21.5 14.0 3.5 2 0 4 0 0
-1137.7 -4094.7 -5.8 240 0 18.1 6.4 2.5 2.5 2 0 1 4 4
-1335.6 -4148.3 -3.6 80 1 11.8 17.5 14.0 3.5 2 1 4 3 3
-1361.1 -4118.5 -3.3 261 0 25.1 11.8 14.0 3.5 2 0 4 0 0
-1624.4 -2985.9 -1.9 3 0 14.4 10.8 5.0 0.0 0 0 2 1 1
-1794.9 -2896.9 -1.3 196 0 8.8 12.3 5.0 2.5 2 1 2 0 0
-1083.3 -6882.0 -6.5 88 0 9.6 14.2 5.0 2.5 2 1 2 3 3
-1105.0 -4660.5 -9.7 345 0 17.5 11.8 14.0 3.5 2 0 4 0 0
-1113.6 -4638.0 -9.3 349 0 11.5 13.9 14.0 3.5 2 1 4 5 5
-1141.1 -4642.4 -8.9 355 0 10.9 15.9 14.0 3.5 2 1 4 1 1
-1204.4 -4636.5 -8.1 179 0 12.7 13.6 14.0 3.5 2 1 4 3 3
-1233.9 -4638.4 -7.8 173 0 18.1 15.0 14.0 0.0 0 0 4 5 5
-1236.4 -4618.1 -7.4 175 0 11.4 13.7 14.0 3.5 2 1 4 2 2
-1244.3 -4563.6 -6.2 174 0 18.3 19.8 14.0 3.5 2 1 4 4 4
-1112.0 -4564.5 -8.0 343 0 11.8 10.3 14.0 3.5 2 0 4 5 5
-1140.5 -4542.2 -7.3 313 0 10.6 8.9 14.0 3.5 4 0 4 2 2
-1157.2 -4556.2 -7.4 353 0 10.7 9.4 14.0 3.5 2 0 4 3 3
-1210.7 -4544.4 -6.5 169 0 10.6 20.6 14.0 3.5 2 1 4 3 3
-1167.5 -4496.0 -5.9 327 0 10.0 17.3 14.0 0.0 0 1 4 3 3
-1069.0 -4323.2 -5.2 169 0 17.4 12.4 10.5 3.5 2 0 3 1 1
-1071.8 -4282.3 -4.8 258 0 12.2 24.7 10.5 3.5 2 1 3 3 3
-1019.3 -4384.4 -6.7 72 0 8.0 15.1 10.5 3.5 2 1 3 4 4
-989.3 -4339.2 -6.4 264 0 32.7 15.7 10.5 3.5 2 0 3 1 1
-938.9 -4332.0 -5.2 350 0 6.6 17.2 10.5 3.5 4 1 3 3 3
-942.8 -4285.2 -3.7 352 0 10.1 21.6 10.5 0.0 0 1 3 1 1
-895.8 -4277.3 -3.0 351 0 23.9 14.7 10.5 3.5 2 0 3 4 4
-923.9 -4377.7 -5.8 211 0 7.9 16.5 10.5 3.5 4 1 3 4 4
-879.5 -4430.9 -6.5 137 0 8.4 13.4 10.5 3.5 2 1 3 5 5
-898.9 -4363.5 -5.0 226 0 7.0 13.9 10.5 3.5 2 1 3 1 1
-871.8 -4342.1 -4.6 266 0 9.8 15.2 10.5 3.5 2 1 3 0 0
-1666.5 -6202.2 -1.1 88 0 10.0 10.4 5.0 2.5 2 1 2 2 2
-332.9 77.9 13.2 74 0 14.9 35.0 10.0 2.5 2 1 4 3 3
-1145.0 -4109.9 -5.9 14 0 8.3 60.4 10.0 2.5 2 1 4 2 2
-1953.1 -1335.1 13.6 112 0 9.2 32.3 7.5 2.5 2 1 3 4 4
-6171.8 -6848.1 -6.4 199 0 12.7 11.9 5.0 0.0 0 0 2 2 2
-6150.9 -6820.4 -6.0 16 0 9.8 15.6 2.5 2.5 2 1 1 0 0
-6139.3 -6801.2 -5.8 6 0 14.0 9.2 5.0 2.5 2 0 2 2 2
-6115.8 -6829.7 -6.1 199 0 17.9 11.2 5.0 2.5 2 0 2 5 5
-6099.4 -6766.0 -4.9 190 0 12.2 13.3 5.0 0.0 0 1 2 2 2
-6056.2 -6694.0 -4.5 199 0 12.4 9.8 5.0 2.5 2 0 2 4 4
-6026.0 -6642.9 -5.6 207 0 13.8 9.9 7.5 2.5 2 0 3 4 4
-6087.5 -6444.3 -3.6 95 0 13.3 11.6 5.0 2.5 2 0 2 5 5
-5979.8 -6400.7 -3.3 111 0 12.0 18.4 5.0 2.5 2 1 2 3 3
-6068.0 -6213.2 -1.7 195 0 10.3 13.1 7.5 2.5 4 1 3 1 1
-6030.2 -6255.2 -1.6 192 0 10.4 10.7 5.0 2.5 4 1 2 3 3
-6030.2 -6284.6 -1.3 102 0 9.2 8.8 5.0 0.0 0 0 2 4 4
-6008.4 -6277.1 -1.6 103 0 9.4 10.4 7.5 2.5 2 1 3 3 3
-6003.2 -6290.4 -1.5 106 0 7.4 8.3 5.0 2.5 2 1 2 2 2
-5978.5 -6266.3 -2.1 111 0 12.4 11.8 5.0 2.5 2 0 2 2 2
-5969.6 -6234.6 -2.3 292 0 10.2 11.2 5.0 2.5 2 1 2 4 4
-5895.5 -6267.0 -2.4 353 0 6.7 20.2 7.5 0.0 0 1 3 4 4
-5844.1 -6247.8 -3.5 104 0 9.5 20.3 5.0 2.5 2 1 2 3 3
-5861.3 -6203.5 -3.3 176 0 8.0 10.7 5.0 2.5 4 1 2 3 3
-5801.1 -6241.3 -3.9 274 0 10.3 8.5 2.5 2.5 2 0 1 2 2
-5841.4 -6320.7 -2.3 189 0 19.1 11.8 5.0 2.5 2 0 2 1 1
-5822.7 -6370.9 -1.5 107 0 13.5 14.9 5.0 2.5 2 1 2 5 5
-5795.0 -6327.5 -1.5 271 0 13.6 7.2 5.0 2.5 2 0 2 1 1
-5763.8 -6366.6 -2.0 96 0 12.2 19.9 5.0 2.5 2 1 2 4 4
-5749.5 -6303.8 -2.7 293 0 10.6 9.4 2.5 0.0 0 0 1 3 3
-5655.2 -6281.7 -5.9 9 0 15.7 14.9 5.0 2.5 2 0 2 1 1
-5658.3 -6356.8 -5.2 278 0 10.8 17.8 5.0 0.0 0 1 2 3 3
-6303.5 -6229.6 -4.3 360 0 12.0 28.0 12.5 2.5 2 1 5 0 0
-6244.5 -6035.6 -1.2 290 0 16.4 11.2 5.0 2.5 2 0 2 2 2
-6238.6 -6087.6 -1.8 94 0 13.6 14.8 5.0 2.5 2 1 2 5 5
-6188.2 -6035.0 -0.3 294 0 15.1 10.2 5.0 2.5 4 0 2 3 3
-6135.8 -6065.0 -1.0 277 0 13.1 13.3 2.5 2.5 2 1 1 5 5
-6011.7 -6044.6 0.7 255 0 10.3 11.9 5.0 2.5 2 1 2 3 3
-5994.2 -6055.4 0.4 251 0 7.6 17.2 5.0 2.5 4 1 2 3 3
-5983.5 -6093.2 -0.3 92 0 8.6 16.1 5.0 0.0 0 1 2 5 5
-5955.3 -6088.8 -0.1 82 0 9.5 15.1 5.0 2.5 2 1 2 5 5
-5940.5 -6090.7 -0.2 96 0 9.7 14.6 5.0 2.5 2 1 2 1 1
-5935.6 -6063.2 0.7 7 0 10.7 7.6 5.0 2.5 2 0 2 3 3
-5911.4 -6026.0 2.2 17 0 16.7 23.8 10.0 2.5 2 1 4 0 0
-5942.9 -5966.5 3.5 279 0 12.1 17.2 2.5 2.5 4 1 1 1 1
-5968.2 -6032.9 1.8 190 0 9.4 13.1 2.5 2.5 2 1 1 4 4
-5994.8 -6005.1 2.9 169 0 6.3 10.5 5.0 2.5 2 1 2 4 4
-6015.6 -5975.1 3.9 157 0 6.2 8.2 5.0 2.5 2 1 2 2 2
-6012.6 -5943.8 4.5 190 0 12.9 9.7 5.0 2.5 4 0 2 0 0
-6079.6 -5939.3 3.7 5 0 8.2 11.7 2.5 2.5 2 1 1 3 3
-6093.6 -5893.4 4.0 260 0 9.8 13.6 5.0 2.5 2 1 2 0 0
-6155.4 -5913.0 3.2 287 0 16.8 11.7 5.0 2.5 2 0 2 4 4
-6146.3 -5982.5 2.9 99 0 14.4 12.3 5.0 2.5 2 0 2 3 3
-6181.4 -5926.2 2.6 286 0 19.1 19.9 7.5 2.5 2 1 3 0 0
-6196.2 -5907.9 2.3 290 0 14.9 15.3 5.0 2.5 4 1 2 5 5
-6208.5 -5925.7 2.1 265 0 12.6 20.1 7.5 0.0 0 1 3 1 1
-6235.6 -5893.7 1.3 293 0 8.3 9.3 2.5 0.0 0 1 1 3 3
-1143.2 -4257.7 -3.3 77 0 26.6 14.8 14.0 3.5 2 0 4 5 5
-1210.2 -4214.4 -3.9 237 0 15.5 14.1 14.0 3.5 2 0 4 1 1
-1207.0 -4252.5 -3.5 74 0 16.5 10.1 14.0 3.5 2 0 4 0 0
-1244.6 -4251.9 -3.8 138 0 8.4 19.3 14.0 3.5 2 1 4 3 3
-1256.0 -4265.2 -3.9 178 0 10.2 15.0 14.0 3.5 2 1 4 2 2
982.3 -3877.0 -15.2 228 0 21.8 15.9 12.5 2.5 2 0 5 2 2
986.1 -3960.9 -13.3 220 0 9.2 19.0 7.5 0.0 0 1 3 4 4
1019.5 -3869.5 -15.3 189 0 7.2 16.3 5.0 2.5 2 1 2 5 5
1031.8 -4026.6 -12.0 107 0 6.1 14.7 7.5 2.5 2 1 3 3 3
1048.2 -4116.0 -12.7 88 0 16.3 18.9 7.5 2.5 2 1 3 5 5
1537.0 -3881.7 -11.3 83 0 13.5 10.1 5.0 2.5 2 0 2 0 0
1526.8 -3738.4 -11.9 357 0 11.8 18.0 7.5 2.5 4 1 3 2 2
1482.1 -3831.1 -9.9 270 0 12.9 11.2 10.0 2.5 2 0 4 5 5
1364.4 -3578.7 -14.0 261 0 18.8 15.0 10.0 2.5 2 0 4 4 4
1348.4 -3650.1 -13.5 140 0 13.6 9.2 7.5 2.5 2 0 3 3 3
1443.6 -3783.7 -10.8 70 0 16.9 14.7 5.0 2.5 2 0 2 2 2
1432.7 -4029.3 -13.2 7 0 10.1 23.1 5.0 2.5 2 1 2 5 5
1390.9 -3845.4 -11.4 246 0 12.9 13.1 5.0 0.0 0 1 2 5 5
1357.9 -3683.0 -12.8 157 0 6.7 16.6 5.0 2.5 2 1 2 3 3
1314.7 -3808.1 -13.9 252 0 13.6 18.8 10.0 2.5 2 1 4 4 4
1234.9 -4108.1 -9.1 165 0 7.0 11.6 10.0 2.5 2 1 4 0 0
1250.4 -3912.1 -12.4 178 0 9.6 21.2 7.5 2.5 4 1 3 4 4
