-2765.2 3611.2 126.7 217 0 37.7 69.7 12.5 0.0 0 0 5 0 0
6779.6 -6269.0 -123.8 35 0 11.8 33.0 12.5 2.5 2 0 5 4 4
6746.1 -6154.7 -127.0 271 0 14.3 9.9 5.0 2.5 2 0 2 1 1
6821.0 -6058.2 -132.5 18 0 6.8 14.1 5.0 2.5 2 1 2 1 1
6806.2 -6073.8 -131.8 18 0 11.5 7.5 7.5 2.5 2 0 3 5 5
6797.2 -6094.5 -130.8 89 0 12.1 10.0 10.0 2.5 2 0 4 3 3
6774.3 -6145.3 -126.8 259 0 9.9 9.6 7.5 2.5 2 0 3 4 4
6887.8 -6293.0 -126.5 359 0 13.3 20.3 12.5 2.5 2 1 5 1 1
6629.9 -6289.2 -130.3 196 0 9.5 14.9 7.5 2.5 2 1 3 2 2
6577.9 -6331.6 -134.9 89 0 9.2 15.7 2.5 2.5 2 1 1 4 4
6605.6 -6242.8 -130.4 20 0 11.5 13.8 7.5 2.5 2 1 3 4 4
6568.5 -6204.6 -131.4 206 0 13.0 18.0 7.5 2.5 2 1 3 3 3
6581.5 -6119.9 -130.7 126 0 18.2 14.2 10.0 2.5 2 0 4 1 1
6613.0 -6162.4 -130.5 33 0 14.2 7.7 7.5 2.5 2 0 3 4 4
6723.8 -6171.7 -126.5 262 0 8.1 9.0 5.0 2.5 2 1 2 5 5
6719.4 -6155.9 -127.3 240 0 7.4 8.9 7.5 2.5 2 1 3 5 5
6704.1 -6164.1 -127.5 243 0 7.1 11.9 7.5 2.5 2 1 3 1 1
6803.6 -6115.2 -128.6 248 0 9.0 11.8 10.0 0.0 0 1 4 5 5
6778.4 -5962.6 -133.8 273 0 16.2 10.7 7.5 2.5 2 0 3 2 2
6702.2 -6050.0 -131.3 325 0 8.0 11.8 5.0 2.5 2 1 2 3 3
6719.3 -6070.2 -130.4 326 0 9.0 11.0 10.0 2.5 2 1 4 5 5
6666.0 -6029.0 -132.1 256 0 7.4 12.2 7.5 2.5 2 1 3 5 5
6618.0 -6054.4 -131.1 273 0 11.2 11.8 7.5 2.5 2 1 3 2 2
6647.2 -6123.5 -129.9 279 0 13.1 11.7 5.0 0.0 0 0 2 3 3
6677.3 -6150.1 -129.0 71 0 14.0 11.2 7.5 2.5 4 0 3 4 4
6658.4 -6447.0 -130.7 267 0 14.2 14.5 7.5 2.5 2 1 3 3 3
6697.8 -6429.0 -130.5 267 0 11.2 15.4 7.5 2.5 2 1 3 0 0
