3699.4 -1826.1 94.9 273 0 10.2 13.5 7.5 2.5 2 0 3 2 2
3665.1 -1828.0 98.5 263 0 11.9 7.8 2.5 2.5 2 0 1 3 3
3701.7 -1784.8 104.9 90 0 10.3 20.2 2.5 2.5 2 0 1 2 2
3661.3 -1798.8 106.5 131 0 8.9 13.5 5.0 2.5 2 0 2 0 0
3734.5 -1743.6 106.3 83 0 11.4 12.4 5.0 2.5 2 0 2 3 3
3737.3 -1704.5 114.4 328 0 10.8 11.5 7.5 2.5 2 0 3 0 0
3702.0 -1675.4 128.4 239 0 9.0 7.5 10.0 2.5 2 0 4 5 5
3761.8 -1926.3 66.0 91 0 9.6 11.4 2.5 0.0 0 1 1 4 4
4330.3 -1871.6 40.8 91 0 14.6 14.6 5.0 2.5 2 1 2 0 0
4339.3 -1832.9 42.0 273 0 9.4 13.4 7.5 2.5 2 1 3 2 2
3798.6 -1782.5 85.3 40 0 20.3 9.8 2.5 2.5 2 0 1 1 1
3658.4 -1613.4 147.8 303 0 15.2 13.6 7.5 2.5 2 0 3 5 5
3772.9 -2017.2 51.9 77 0 8.6 9.3 7.5 2.5 2 1 3 0 0
3404.5 -1758.8 90.2 261 0 44.4 17.2 12.5 2.5 2 0 5 5 5
3425.0 -1787.7 87.5 259 0 24.0 10.9 15.0 0.0 0 0 6 0 0
3392.0 -1812.1 82.4 170 0 10.7 21.6 5.0 2.5 2 1 2 0 0
3430.4 -1844.1 77.0 176 0 10.0 11.8 2.5 2.5 2 1 1 1 1
3463.3 -1863.9 74.1 22 0 10.8 12.9 5.0 2.5 2 1 2 1 1
3469.9 -1734.8 103.0 264 0 10.6 12.0 7.5 2.5 2 1 3 0 0
3466.4 -1714.3 108.3 73 0 7.9 11.6 10.0 2.5 2 1 4 4 4
3522.5 -1750.5 103.9 285 0 10.0 14.5 7.5 2.5 2 1 3 1 1
3507.8 -1816.7 87.2 11 0 11.4 15.8 7.5 2.5 2 1 3 1 1
3449.0 -1948.6 53.1 331 0 6.6 10.3 5.0 2.5 2 1 2 1 1
3417.5 -1922.0 57.3 274 0 9.2 8.6 7.5 2.5 4 0 3 3 3
3610.9 -1447.3 187.9 270 0 14.1 11.5 5.0 2.5 2 0 2 5 5
3581.2 -1470.3 179.0 272 0 8.8 10.4 7.5 2.5 2 1 3 0 0
-292.3 -4648.7 -59.4 173 0 15.1 7.5 7.5 2.5 4 0 3 4 4
-262.9 -4642.5 -64.2 271 0 7.3 9.9 5.0 2.5 2 1 2 1 1
-263.6 -4659.8 -63.6 359 0 8.4 16.6 7.5 2.5 2 1 3 3 3
-291.9 -4439.0 -38.8 57 0 12.8 47.0 12.5 2.5 2 1 5 5 5
-6900.7 430.5 -274.2 168 0 19.8 18.0 10.5 3.5 2 0 3 2 2
-6871.1 67.5 -267.3 86 0 8.8 11.7 10.5 3.5 2 1 3 2 2
-6907.9 168.6 -284.7 180 0 9.8 18.7 14.0 3.5 2 1 4 1 1
-6898.5 195.0 -286.7 189 0 9.9 23.2 14.0 3.5 2 1 4 4 4
-6881.6 10.3 -261.7 173 0 15.8 9.2 14.0 3.5 2 0 4 4 4
-1177.1 -2222.8 24.1 61 0 33.0 10.3 7.5 2.5 2 0 3 5 5
-1203.4 -2236.0 23.8 64 0 14.5 11.3 5.0 2.5 2 0 2 5 5
-1133.4 -1933.8 63.0 201 0 8.1 12.0 14.0 3.5 2 1 4 0 0
-1117.4 -1915.5 61.3 225 0 15.0 23.1 14.0 3.5 2 1 4 1 1
-1105.1 -1908.7 61.8 223 0 13.2 18.8 14.0 3.5 2 1 4 2 2
3527.4 -1731.4 113.8 132 0 13.3 9.0 5.0 2.5 2 0 2 0 0
3624.5 -1785.3 109.8 150 0 16.1 6.3 5.0 2.5 2 0 2 4 4
3581.2 -1701.9 125.7 189 0 10.9 16.5 7.5 2.5 4 1 3 0 0
1336.9 954.6 245.5 55 0 27.1 15.6 7.0 3.5 2 0 2 2 2
-3992.7 4651.3 -281.9 58 0 17.6 13.3 5.0 2.5 2 0 2 4 4
-6528.7 3248.9 -221.9 177 0 17.2 14.9 12.5 2.5 4 0 5 5 5
-2551.4 -502.0 194.6 157 0 40.8 11.9 12.5 2.5 2 0 5 3 3
3922.3 5121.1 -46.1 147 0 8.8 18.3 5.0 2.5 4 1 2 3 3
3878.6 5061.5 -33.4 11 0 10.8 13.4 5.0 0.0 0 1 2 5 5
3846.6 5116.4 -44.4 213 0 16.3 18.3 12.5 0.0 0 1 5 1 1
3808.9 5158.8 -51.0 52 0 11.1 10.5 7.5 2.5 2 0 3 0 0
6243.3 -2399.6 215.9 331 0 9.0 10.5 7.5 2.5 2 1 3 4 4
6212.2 -2364.0 221.2 324 0 12.5 6.5 5.0 2.5 2 0 2 5 5
6228.3 -2386.8 219.2 326 0 14.6 9.6 7.5 2.5 2 0 3 5 5
6216.5 -2031.4 241.5 45 0 7.1 22.5 5.0 2.5 2 1 2 1 1
6206.2 -2035.9 238.8 49 0 9.0 19.0 7.5 2.5 4 1 3 0 0
6091.7 -1847.3 263.7 237 0 10.1 14.4 7.5 2.5 2 1 3 5 5
6099.9 -1893.2 258.6 50 0 8.5 7.3 7.5 2.5 2 0 3 2 2
6080.7 -1870.4 259.7 240 0 8.4 8.1 7.5 2.5 2 0 3 5 5
6062.2 -1880.8 255.7 236 0 7.1 9.4 10.0 2.5 2 1 4 4 4
6090.2 -1938.3 249.9 16 0 8.9 11.6 7.5 2.5 2 1 3 0 0
6072.3 -1927.4 250.8 107 0 8.5 6.6 2.5 2.5 2 0 1 4 4
6158.9 -2145.0 226.4 147 0 8.0 9.7 7.5 2.5 2 1 3 0 0
6150.1 -2136.1 227.8 139 0 9.5 8.2 7.5 2.5 2 0 3 2 2
6130.4 -2138.1 229.9 132 0 23.1 8.2 10.0 2.5 4 0 4 4 4
-3331.4 -4005.1 177.0 33 0 10.3 8.1 7.5 2.5 2 0 3 3 3
-3325.8 -3995.2 176.2 47 0 6.9 8.4 10.0 2.5 2 1 4 5 5
-3336.5 -4014.0 178.0 29 0 8.4 7.4 7.5 2.5 2 0 3 2 2
-3323.7 -3983.5 175.8 45 0 10.3 9.9 7.5 0.0 0 0 3 0 0
-3323.1 -3965.4 176.2 38 0 11.8 8.4 7.5 2.5 2 0 3 4 4
-3346.6 -3918.5 180.3 238 0 6.2 12.0 7.5 2.5 2 1 3 5 5
-3321.4 -3920.1 176.5 280 0 12.3 8.6 5.0 2.5 4 0 2 2 2
-3303.2 -3951.2 172.7 71 0 8.4 12.8 7.5 2.5 2 1 3 0 0
-3298.9 -3929.8 172.2 358 0 8.0 9.9 2.5 2.5 2 1 1 3 3
-3304.0 -3913.9 172.1 261 0 10.7 9.8 7.5 2.5 2 0 3 3 3
-3417.9 -3998.0 191.4 240 0 8.5 25.5 10.0 2.5 2 1 4 0 0
-3412.8 -3989.0 189.7 240 0 8.6 31.9 10.0 2.5 4 1 4 3 3
-3404.4 -3983.3 188.0 240 0 10.0 31.9 12.5 2.5 2 1 5 2 2
-3288.1 -3979.3 167.8 214 0 33.5 14.5 10.0 2.5 2 0 4 5 5
-3256.0 -3948.4 163.6 171 0 21.0 13.1 15.0 0.0 0 0 6 3 3
-3538.4 -3699.4 266.5 176 0 9.1 11.5 7.5 2.5 2 1 3 5 5
-3503.9 -3701.5 264.0 74 0 10.8 12.7 5.0 2.5 4 1 2 1 1
-3530.3 -3608.8 277.4 72 0 9.6 10.4 5.0 2.5 2 1 2 3 3
-3589.0 -3653.4 280.9 58 0 10.2 10.5 5.0 2.5 2 1 2 1 1
-3613.3 -3798.1 263.7 44 0 12.5 10.0 7.5 2.5 2 0 3 5 5
-3561.0 -3795.9 256.5 78 0 12.9 11.1 7.5 2.5 2 0 3 4 4
-3462.0 -3748.7 243.2 212 0 6.6 9.5 5.0 2.5 2 1 2 5 5
