4715.9 -3192.5 349.1 178 0 31.3 10.0 14.0 3.5 2 0 4 4 4
1371.3 -3692.7 127.9 76 0 25.2 13.2 10.0 2.5 2 0 4 4 4
838.7 -4450.7 78.2 23 0 12.9 9.4 7.5 2.5 2 0 3 0 0
746.7 -4287.0 60.0 150 0 42.1 108.7 10.5 0.0 0 1 3 3 3
-2892.5 -6365.3 25.2 258 0 40.1 6.8 2.5 0.0 0 0 1 4 4
-2860.2 -6367.1 25.2 37 0 7.1 9.2 2.5 2.5 2 1 1 4 4
1175.5 -3962.0 102.9 139 0 32.5 99.2 17.5 0.0 0 1 5 5 5
1202.0 -3814.0 107.4 213 0 21.4 6.5 3.5 3.5 2 0 1 0 0
-1417.1 -778.3 -371.9 118 0 34.8 85.1 10.0 0.0 0 1 4 0 0
-5239.6 -1069.4 -106.1 86 0 8.9 6.7 7.5 2.5 2 0 3 5 5
-5201.9 -1026.3 -101.2 264 0 14.3 10.2 10.0 2.5 2 0 4 3 3
-5239.0 -1154.2 -102.2 50 0 8.9 7.8 7.5 2.5 2 0 3 1 1
-5264.5 -1171.0 -103.2 66 0 9.5 7.4 7.5 2.5 2 0 3 3 3
-5151.4 -1126.6 -98.0 258 0 11.1 7.8 5.0 2.5 2 0 2 1 1
-5080.6 -1038.4 -95.2 352 0 9.7 12.9 10.0 0.0 0 1 4 0 0
-5079.4 -846.3 -73.1 208 0 9.7 13.0 5.0 2.5 2 1 2 2 2
-5094.1 -873.0 -78.7 207 0 7.6 7.5 10.0 2.5 2 0 4 3 3
-5039.9 -848.0 -76.3 345 0 7.9 10.3 7.5 2.5 2 1 3 2 2
-5042.1 -789.7 -63.8 171 0 10.1 8.6 7.5 2.5 2 0 3 1 1
-4997.5 -764.0 -63.2 356 0 11.0 7.7 5.0 0.0 0 0 2 3 3
-5100.1 -966.6 -87.9 71 0 6.8 9.5 7.5 2.5 4 1 3 2 2
-5327.0 -1092.7 -105.9 94 0 10.4 12.0 7.5 2.5 2 1 3 2 2
-5404.8 -1112.0 -110.5 169 0 8.5 12.2 7.5 2.5 2 1 3 3 3
-5368.7 -1253.1 -108.7 245 0 8.3 7.0 5.0 2.5 2 0 2 2 2
-5395.6 -1074.2 -110.9 253 0 12.7 9.4 7.5 2.5 4 0 3 3 3
-5297.8 -1058.5 -105.7 246 0 15.8 10.1 5.0 2.5 2 0 2 2 2
-5215.1 -804.2 -84.7 103 0 8.1 11.1 7.5 2.5 2 1 3 0 0
-5382.1 -631.8 -52.9 209 0 7.6 16.5 7.5 2.5 4 1 3 3 3
-5163.8 -676.6 -59.7 90 0 11.8 7.7 7.5 2.5 2 0 3 0 0
-5189.4 -518.8 -50.7 293 0 13.4 11.6 7.5 2.5 2 0 3 5 5
-5075.9 -430.7 -19.0 112 0 10.2 11.7 5.0 2.5 2 1 2 4 4
-5402.9 -523.4 -45.6 87 0 6.8 13.1 7.5 2.5 2 1 3 0 0
-5624.3 -1091.6 -124.6 180 0 9.9 10.9 5.0 0.0 0 1 2 2 2
-5454.5 -1391.7 -91.4 201 0 8.0 11.7 7.5 0.0 0 1 3 1 1
-5726.3 -1380.0 -109.1 207 0 10.2 10.3 7.5 2.5 2 1 3 5 5
-5815.4 -1440.6 -92.2 91 0 10.3 8.7 7.5 2.5 2 0 3 0 0
-5844.8 -1315.8 -119.5 86 0 11.8 8.1 7.5 2.5 2 0 3 5 5
-5893.7 -1258.9 -127.1 270 0 13.2 8.9 7.5 2.5 2 0 3 0 0
-5837.1 -1256.1 -126.2 267 0 12.2 8.0 7.5 2.5 2 0 3 0 0
-5807.9 -1248.8 -127.8 259 0 11.5 6.4 7.5 2.5 4 0 3 1 1
-5969.2 -1310.0 -127.7 175 0 7.5 12.5 7.5 0.0 0 1 3 1 1
-5956.2 -1173.4 -130.6 74 0 8.2 14.0 7.5 2.5 4 1 3 0 0
-6061.9 -1200.4 -144.8 98 0 14.5 9.8 7.5 2.5 2 0 3 4 4
-6246.0 -1207.9 -135.8 76 0 10.8 9.9 5.0 2.5 4 0 2 1 1
-6298.6 -1068.8 -97.2 358 0 11.8 8.3 5.0 0.0 0 0 2 1 1
5837.8 -3780.7 362.0 94 0 11.3 10.2 7.5 2.5 2 0 3 1 1
5209.9 -4113.9 344.1 260 0 21.2 54.8 10.0 2.5 2 1 4 3 3
-5366.6 -4023.1 31.1 270 0 12.1 11.2 5.0 2.5 4 0 2 5 5
-5340.1 -4007.5 31.4 241 0 15.0 12.5 7.5 2.5 2 0 3 0 0
-5306.8 -3988.2 31.8 241 0 18.3 13.4 12.5 2.5 2 0 5 4 4
-5391.7 -3999.6 23.4 253 0 15.0 9.0 10.0 2.5 2 0 4 1 1
-5628.9 -4056.7 -0.1 352 0 11.9 20.4 5.0 2.5 2 1 2 3 3
-5669.6 -4020.2 -5.1 230 0 13.0 10.2 10.0 2.5 2 0 4 5 5
-5733.2 -4073.6 2.1 332 0 8.2 9.5 7.5 2.5 2 1 3 2 2
-5745.6 -4109.0 7.2 154 0 8.5 12.1 2.5 2.5 4 1 1 2 2
-5753.6 -4019.6 1.1 338 0 9.2 8.9 7.5 2.5 2 0 3 1 1
-5774.8 -3927.9 -7.4 229 0 9.6 12.1 7.5 2.5 2 1 3 4 4
-5811.7 -4009.8 7.3 91 0 8.7 9.1 10.0 2.5 2 1 4 4 4
-5463.7 -4060.4 25.0 67 0 15.9 9.1 7.5 2.5 2 0 3 5 5
-5439.3 -4092.9 33.0 136 0 10.6 14.7 2.5 2.5 2 1 1 5 5
-5475.4 -4106.4 32.1 310 0 8.4 13.2 10.0 2.5 2 1 4 0 0
-5447.8 -4118.9 36.9 312 0 6.5 7.3 7.5 2.5 2 1 3 1 1
-5462.8 -4179.3 40.9 53 0 9.1 8.4 10.0 2.5 4 0 4 2 2
-5493.7 -4099.6 27.5 12 0 13.2 9.5 7.5 2.5 2 0 3 0 0
-5525.4 -4150.8 29.8 108 0 8.6 15.0 10.0 2.5 2 1 4 4 4
-5537.8 -4076.7 21.5 198 0 6.1 9.6 7.5 2.5 2 1 3 0 0
-5487.8 -4260.2 39.4 176 0 6.4 14.1 7.5 2.5 2 1 3 2 2
-5402.3 -4243.4 30.1 35 0 16.4 9.7 7.5 2.5 2 0 3 4 4
-5452.6 -4313.8 26.8 115 0 10.5 16.2 7.5 2.5 2 1 3 5 5
-5536.4 -4299.3 41.9 254 0 14.2 14.4 2.5 2.5 2 1 1 3 3
3406.7 3430.2 -288.2 105 0 11.8 11.0 7.5 2.5 2 0 3 3 3
5504.6 -3712.6 368.2 13 0 30.0 10.5 10.0 2.5 4 0 4 5 5
5471.5 -3717.5 368.2 104 0 9.1 17.1 7.5 2.5 2 1 3 1 1
4600.9 -3196.7 351.5 15 0 9.0 27.2 14.0 3.5 2 1 4 0 0
4594.6 -3220.0 353.6 1 0 8.9 9.0 14.0 3.5 4 1 4 4 4
4593.7 -3229.0 354.7 2 0 7.1 8.1 14.0 3.5 2 1 4 5 5
4596.1 -3127.4 345.6 5 0 12.6 27.4 14.0 3.5 2 1 4 5 5
2748.4 -3553.8 216.7 24 0 15.0 33.3 12.5 2.5 2 1 5 1 1
2731.8 -3566.0 214.0 26 0 11.1 24.8 12.5 2.5 2 1 5 0 0
4642.0 -3172.5 350.0 141 0 9.2 13.3 10.5 3.5 2 1 3 5 5
4598.9 -3109.7 345.4 5 0 6.2 28.1 14.0 3.5 2 1 4 2 2
