1984.0 5581.9 -7.6 320 0 22.7 11.2 10.0 2.5 2 0 4 2 2
1852.6 5695.1 -6.8 313 0 10.5 12.8 2.5 2.5 2 0 1 3 3
1847.0 5728.5 -7.9 90 0 18.6 34.7 10.0 0.0 0 0 4 3 3
1862.6 5729.3 -7.7 91 0 10.1 21.3 5.0 2.5 2 0 2 5 5
1898.1 5752.2 -8.0 267 0 16.8 20.4 10.0 2.5 2 0 4 2 2
1747.3 5699.7 -6.9 108 0 12.8 27.6 10.0 2.5 2 0 4 4 4
1712.3 5718.8 -7.3 109 0 10.1 19.8 2.5 2.5 2 0 1 5 5
1826.9 5733.1 -6.8 10 0 11.7 16.0 7.5 2.5 2 0 3 0 0
1887.7 5666.6 -7.4 306 0 18.2 13.0 2.5 2.5 2 0 1 0 0
1908.1 5697.0 -6.8 170 0 13.8 22.2 10.0 2.5 2 0 4 4 4
1956.1 5671.5 -7.0 80 0 26.2 31.6 10.0 0.0 0 0 4 5 5
2019.8 5703.8 -4.8 140 0 20.2 17.2 5.0 2.5 2 0 2 2 2
1991.1 5666.8 -5.6 165 0 25.6 43.0 10.0 2.5 2 0 4 3 3
2053.6 5741.0 -3.9 259 0 10.2 24.9 10.0 2.5 2 0 4 4 4
2037.8 5733.2 -4.3 259 0 10.9 15.2 5.0 2.5 2 0 2 5 5
2081.6 5748.9 -3.6 258 0 7.4 29.2 5.0 2.5 2 0 2 2 2
1926.5 5626.5 -8.4 212 0 10.2 15.0 2.5 2.5 2 1 1 2 2
1959.2 5615.8 -7.9 317 0 8.3 10.9 10.0 2.5 2 1 4 2 2
1955.2 5644.4 -6.9 122 0 6.7 16.0 5.0 2.5 2 0 2 2 2
1992.5 5545.0 -7.4 115 0 9.9 17.5 7.5 2.5 2 1 3 0 0
2026.8 5535.8 -6.5 109 0 11.4 18.2 5.0 0.0 0 1 2 2 2
2082.0 5541.2 -5.7 291 0 8.0 17.4 12.5 2.5 2 1 5 5 5
2062.7 5504.2 -6.3 112 0 9.8 22.0 7.5 0.0 0 1 3 4 4
1919.9 5570.1 -9.6 324 0 19.2 11.3 7.5 2.5 2 0 3 3 3
1954.3 5524.0 -9.8 327 0 7.4 23.1 7.5 2.5 2 0 3 3 3
1978.2 5499.6 -9.1 327 0 10.4 26.2 7.5 2.5 2 0 3 5 5
1961.0 5507.2 -9.3 326 0 11.0 10.8 7.5 2.5 2 0 3 5 5
1997.3 5478.3 -8.6 319 0 10.9 18.1 5.0 2.5 2 0 2 1 1
2008.0 5467.0 -8.7 321 0 11.6 20.2 10.0 2.5 2 0 4 5 5
2020.8 5455.8 -8.5 325 0 7.4 12.4 7.5 2.5 2 0 3 5 5
2008.4 5426.3 -8.8 57 0 15.3 9.5 7.5 2.5 2 0 3 4 4
1919.5 5755.9 -7.4 263 0 9.6 24.1 2.5 2.5 2 0 1 1 1
1942.1 5777.6 -7.0 263 0 10.5 41.5 10.0 2.5 2 0 4 4 4
1963.3 5764.9 -6.0 224 0 9.7 30.6 10.0 2.5 2 0 4 2 2
2017.4 5802.3 -4.3 254 0 11.1 44.6 7.5 2.5 2 0 3 5 5
2037.6 5845.8 -6.3 259 0 9.8 20.7 5.0 2.5 2 0 2 5 5
1965.0 5881.9 -7.3 257 0 9.7 23.0 5.0 2.5 2 0 2 1 1
1954.5 5822.3 -6.2 175 0 10.6 31.5 17.5 2.5 2 0 7 2 2
2020.4 5758.3 -4.7 350 0 10.3 10.6 2.5 2.5 2 0 1 4 4
1993.4 5752.5 -5.1 173 0 14.1 10.7 7.5 2.5 2 0 3 0 0
2101.2 6012.7 -6.4 264 0 29.0 14.0 12.5 2.5 2 0 5 5 5
2135.1 6051.5 -2.2 92 0 15.7 11.0 5.0 2.5 2 0 2 0 0
2129.6 6014.0 -3.9 268 0 7.5 9.8 7.5 2.5 2 0 3 0 0
2153.1 6075.3 -2.5 86 0 9.7 17.8 5.0 0.0 0 1 2 0 0
2200.2 6047.4 -1.2 88 0 17.6 9.0 5.0 0.0 0 0 2 3 3
2210.4 6015.8 0.3 268 0 18.2 13.8 12.5 2.5 2 0 5 0 0
2233.1 6043.7 -0.8 86 0 23.7 17.9 10.0 2.5 2 0 4 4 4
2234.8 6116.9 -1.9 354 0 10.6 16.6 7.5 0.0 0 1 3 0 0
2063.9 6042.4 -6.0 83 0 18.0 16.3 12.5 2.5 2 0 5 5 5
2127.1 6113.9 -4.5 178 0 10.6 21.7 7.5 2.5 2 1 3 3 3
2124.3 6144.6 -6.0 256 0 11.3 18.6 7.5 2.5 2 1 3 2 2
2150.5 6162.3 -6.6 82 0 15.9 12.7 5.0 2.5 2 0 2 1 1
2178.3 6164.1 -5.7 82 0 12.0 15.6 5.0 2.5 2 1 2 5 5
2215.0 6210.2 -5.8 356 0 10.1 17.2 7.5 2.5 2 1 3 2 2
2204.3 6163.6 -4.4 85 0 6.7 12.5 10.0 0.0 0 1 4 2 2
2193.0 6131.4 -2.7 253 0 16.7 15.3 10.0 2.5 4 0 4 1 1
1698.8 5876.2 -4.9 287 0 8.4 15.3 10.0 2.5 2 0 4 0 0
1868.1 5682.6 -7.2 305 0 25.6 22.1 12.5 2.5 2 0 5 0 0
2125.3 5483.4 -5.4 111 0 12.4 22.4 7.5 2.5 2 1 3 4 4
2071.0 5421.1 -8.3 166 0 16.9 14.7 5.0 2.5 4 0 2 0 0
2035.3 5340.2 -8.6 349 0 15.3 10.1 2.5 0.0 0 0 1 0 0
2028.4 5315.8 -9.0 316 0 9.1 10.0 10.0 2.5 2 1 4 4 4
2057.8 5214.4 -10.9 165 0 14.6 13.5 7.5 2.5 2 0 3 5 5
2089.9 5274.5 -9.1 158 0 13.2 13.5 2.5 2.5 2 1 1 1 1
2067.3 5329.3 -9.7 169 0 11.2 16.9 10.0 2.5 4 1 4 4 4
2104.3 5635.8 -5.2 346 0 12.9 13.2 5.0 2.5 2 0 2 5 5
2112.2 5611.8 -5.7 359 0 12.1 10.0 7.5 2.5 2 0 3 0 0
2128.7 5639.6 -5.2 346 0 9.5 13.2 10.0 2.5 2 0 4 5 5
2124.5 5673.5 -4.6 349 0 9.2 17.3 5.0 2.5 2 0 2 0 0
2114.6 5676.1 -4.4 78 0 16.1 15.1 5.0 2.5 2 0 2 0 0
2113.0 5691.2 -4.0 79 0 12.8 21.7 10.0 2.5 2 0 4 4 4
2114.4 5753.3 -2.6 341 0 15.8 7.7 10.0 2.5 2 0 4 1 1
2114.8 5761.6 -2.6 254 0 6.2 33.8 7.5 2.5 2 0 3 3 3
2121.7 5763.4 -2.4 256 0 8.0 33.9 5.0 2.5 2 0 2 5 5
2134.2 5758.4 -2.3 345 0 16.0 7.0 7.5 2.5 2 0 3 5 5
2136.9 5767.2 -2.3 257 0 9.8 18.8 7.5 2.5 2 0 3 4 4
2181.4 5779.4 -1.6 255 0 8.0 25.7 5.0 2.5 2 0 2 1 1
2199.9 5781.2 -1.2 167 0 9.1 11.5 7.5 2.5 2 0 3 0 0
2255.5 5788.1 0.4 344 0 24.3 12.4 12.5 2.5 2 0 5 5 5
2276.7 5808.4 1.7 254 0 15.4 34.2 12.5 2.5 2 0 5 1 1
2287.0 5811.4 2.1 255 0 6.0 17.7 2.5 2.5 2 0 1 2 2
2291.8 5806.5 2.1 162 0 11.9 28.5 5.0 2.5 2 0 2 2 2
2346.9 5799.8 2.6 84 0 7.6 21.7 7.5 2.5 2 0 3 3 3
2346.3 5746.6 2.0 75 0 16.8 41.9 7.5 2.5 2 0 3 5 5
2362.5 5780.6 2.6 76 0 10.9 17.7 7.5 2.5 2 0 3 0 0
2395.6 5823.2 3.9 76 0 8.8 23.5 5.0 2.5 2 0 2 5 5
2408.6 5829.9 4.4 89 0 10.6 21.3 10.0 2.5 2 0 4 3 3
2451.5 5836.1 5.3 76 0 13.3 26.5 10.0 2.5 2 0 4 2 2
2492.4 5849.8 5.6 347 0 14.9 10.0 2.5 2.5 2 0 1 3 3
2497.6 5872.8 7.1 346 0 8.7 7.3 5.0 2.5 2 0 2 5 5
2193.7 5643.3 -3.4 83 0 10.8 29.1 15.0 2.5 2 0 6 5 5
2195.7 5702.8 -0.8 335 0 9.1 10.0 2.5 2.5 2 0 1 2 2
2266.0 5737.3 1.1 70 0 10.6 15.5 7.5 2.5 2 0 3 2 2
2297.4 5751.3 1.6 69 0 12.3 9.6 7.5 2.5 2 0 3 1 1
2157.2 5800.5 -1.9 162 0 7.9 36.1 10.0 2.5 2 0 4 0 0
2243.9 5831.7 -0.4 346 0 27.0 51.1 10.0 0.0 0 0 4 2 2
2265.6 5869.2 2.6 350 0 23.6 21.6 5.0 2.5 2 0 2 0 0
2196.8 5883.2 1.6 176 0 11.8 23.6 12.5 2.5 2 0 5 3 3
2048.6 5789.7 -3.6 256 0 8.7 24.1 7.5 2.5 2 0 3 3 3
2060.8 5782.2 -3.4 257 0 11.3 14.1 5.0 2.5 2 0 2 2 2
2071.6 5784.8 -3.6 256 0 10.8 11.4 7.5 2.5 2 0 3 0 0
2128.6 5805.9 -3.9 345 0 15.8 10.4 10.0 2.5 2 0 4 2 2
2123.5 5786.1 -3.1 344 0 9.4 22.6 7.5 2.5 2 0 3 2 2
2145.5 5797.9 -3.1 345 0 10.2 14.1 7.5 2.5 2 0 3 1 1
2142.1 5809.8 -3.7 343 0 14.4 11.0 5.0 2.5 2 0 2 3 3
2235.9 5918.2 1.5 0 0 13.4 19.5 10.0 2.5 2 0 4 0 0
2243.8 5936.0 1.6 3 0 10.9 15.2 5.0 2.5 2 0 2 3 3
2253.7 5955.0 1.7 357 0 12.1 12.0 7.5 2.5 2 0 3 1 1
2254.9 5966.2 1.8 356 0 10.4 8.2 7.5 2.5 2 0 3 4 4
2251.8 5984.3 1.6 354 0 6.4 14.3 7.5 2.5 2 0 3 3 3
2247.9 6028.1 0.1 354 0 8.6 27.3 5.0 0.0 0 0 2 1 1
2249.0 6012.3 0.5 355 0 14.1 19.0 10.0 2.5 2 0 4 5 5
2253.7 5997.9 1.0 352 0 10.0 16.2 5.0 2.5 2 0 2 3 3
2270.8 6090.3 1.2 172 0 10.2 11.0 2.5 2.5 2 1 1 0 0
2216.1 5105.0 -9.5 334 0 11.5 11.9 7.5 2.5 2 1 3 1 1
2214.4 5058.4 -10.0 134 0 11.8 13.2 7.5 2.5 2 1 3 4 4
2348.1 4982.6 -9.6 116 0 14.7 11.4 7.5 2.5 2 0 3 3 3
2391.6 4981.0 -9.8 109 0 18.9 9.9 7.5 2.5 2 0 3 1 1
2333.3 5147.1 -6.6 30 0 6.1 8.0 5.0 2.5 2 1 2 4 4
2346.5 5165.0 -6.3 42 0 6.3 15.2 7.5 2.5 2 1 3 5 5
2418.1 5266.5 -4.2 13 0 10.9 16.7 2.5 2.5 2 1 1 0 0
2414.6 5210.5 -3.9 266 0 10.9 7.7 7.5 2.5 2 0 3 3 3
2344.7 5113.9 -6.4 216 0 11.0 14.4 5.0 0.0 0 1 2 5 5
2369.4 5389.0 -4.9 30 0 17.6 12.3 2.5 2.5 2 0 1 2 2
2279.4 5389.2 -5.3 106 0 7.0 8.9 5.0 2.5 2 1 2 0 0
2270.6 5464.9 -5.6 291 0 8.1 7.7 2.5 2.5 2 0 1 0 0
2218.7 5481.0 -5.7 295 0 10.2 19.0 5.0 0.0 0 1 2 0 0
2350.3 5470.4 -4.7 124 0 10.2 11.2 10.0 2.5 2 1 4 0 0
2386.4 5451.5 -3.6 111 0 9.7 7.6 5.0 2.5 2 0 2 4 4
2435.5 5418.2 -2.3 107 0 16.6 11.9 7.5 2.5 2 0 3 5 5
2473.3 5391.2 -1.2 115 0 7.5 8.0 5.0 2.5 2 1 2 2 2
2478.4 5461.4 -0.0 263 0 8.2 13.5 7.5 2.5 4 1 3 3 3
2509.0 5405.8 -0.3 95 0 16.5 11.6 10.0 2.5 2 0 4 0 0
2521.4 5383.9 -0.6 112 0 9.7 19.1 5.0 2.5 2 1 2 3 3
2524.2 5357.0 -1.0 202 0 9.9 8.5 7.5 0.0 0 0 3 1 1
2556.0 5370.3 -1.2 97 0 17.9 11.3 7.5 2.5 2 0 3 5 5
2593.3 5328.2 -2.1 114 0 14.8 19.6 10.0 2.5 2 1 4 5 5
2551.4 5493.8 0.1 283 0 8.4 9.2 7.5 2.5 2 1 3 0 0
2572.5 5491.2 -0.2 286 0 10.4 19.3 5.0 0.0 0 1 2 0 0
2626.3 5486.2 0.1 14 0 14.9 14.9 5.0 2.5 2 1 2 5 5
2648.9 5492.9 0.8 283 0 10.6 10.4 7.5 2.5 2 0 3 3 3
2705.3 5422.1 -0.8 309 0 7.7 15.8 5.0 2.5 2 1 2 2 2
2730.2 5399.1 -1.4 325 0 16.3 9.2 5.0 2.5 2 0 2 1 1
2845.5 5274.2 -2.3 310 0 11.2 14.4 10.0 2.5 2 1 4 5 5
2834.4 5179.7 -3.9 139 0 18.0 10.9 5.0 0.0 0 0 2 2 2
2916.9 5291.3 -5.0 51 0 10.8 15.3 2.5 2.5 2 1 1 3 3
2779.7 5392.0 -1.6 153 0 14.2 15.6 5.0 2.5 2 1 2 4 4
2739.4 5432.2 -0.3 125 0 11.7 19.2 5.0 2.5 4 1 2 0 0
2710.3 5457.4 0.3 147 0 22.2 12.4 7.5 2.5 2 0 3 4 4
2675.2 5489.2 1.3 140 0 14.6 8.2 2.5 2.5 4 0 1 5 5
2667.8 5527.0 1.9 165 0 14.3 10.2 5.0 2.5 2 0 2 3 3
2629.2 5519.0 0.6 0 0 12.6 25.8 10.0 2.5 2 1 4 3 3
2621.2 5537.5 0.6 0 0 10.2 17.0 2.5 2.5 2 1 1 3 3
2620.3 5562.7 0.9 359 0 6.0 13.7 5.0 2.5 2 1 2 3 3
2596.5 5663.2 3.1 345 0 9.0 7.5 10.0 2.5 2 0 4 5 5
2594.9 5690.6 3.7 346 0 10.3 7.9 7.5 2.5 2 0 3 0 0
2553.2 5743.9 3.9 164 0 9.9 22.2 7.5 2.5 2 1 3 4 4
2558.8 5897.7 6.5 346 0 15.5 7.7 5.0 2.5 2 0 2 1 1
4658.0 4216.2 1.4 259 0 6.7 17.6 5.0 2.5 2 1 2 0 0
4617.0 4160.4 4.4 353 0 8.3 8.4 7.5 2.5 2 1 3 3 3
4561.3 4130.6 5.7 149 0 9.3 13.0 2.5 2.5 2 1 1 5 5
4633.1 4097.4 7.9 338 0 9.2 16.8 10.0 2.5 4 1 4 3 3
4661.6 4127.3 5.8 175 0 8.2 13.1 2.5 2.5 2 1 1 0 0
4667.4 4091.0 7.3 180 0 12.5 13.1 10.0 2.5 2 1 4 4 4
4668.3 4020.3 10.7 353 0 8.4 16.3 7.5 2.5 2 1 3 4 4
4618.1 3982.2 12.3 160 0 13.0 12.8 5.0 2.5 2 0 2 2 2
4670.9 3945.4 12.9 342 0 6.9 6.8 7.5 2.5 2 0 3 2 2
4709.3 3881.8 13.9 70 0 8.4 12.6 5.0 2.5 2 1 2 5 5
4696.2 3800.2 13.9 170 0 11.2 11.0 10.0 2.5 2 0 4 2 2
4639.3 3834.8 14.9 72 0 10.0 18.9 7.5 2.5 2 1 3 3 3
4556.3 4037.8 8.7 67 0 8.5 14.3 7.5 2.5 2 1 3 0 0
4453.6 3918.1 7.4 347 0 8.0 16.1 7.5 0.0 0 1 3 5 5
4450.0 4008.7 6.1 340 0 14.9 10.0 7.5 2.5 2 0 3 5 5
4439.9 4118.4 3.2 157 0 7.3 8.1 7.5 2.5 4 1 3 0 0
4364.9 3540.1 8.1 141 0 9.3 8.6 5.0 2.5 4 0 2 2 2
3741.3 4086.7 -0.1 154 0 10.8 12.5 2.5 2.5 2 1 1 4 4
2381.7 5879.5 4.0 340 0 8.9 37.0 10.0 2.5 2 0 4 2 2
2441.6 5918.4 6.4 264 0 16.7 12.7 5.0 2.5 2 0 2 0 0
2321.1 6143.4 1.5 360 0 6.6 11.3 10.0 2.5 2 1 4 3 3
2240.7 6288.0 -5.2 175 0 23.0 12.8 10.0 2.5 2 0 4 2 2
2333.5 6230.1 -2.8 266 0 9.6 12.0 10.0 2.5 2 1 4 5 5
2338.9 6183.1 -0.8 84 0 9.5 9.4 7.5 2.5 2 0 3 1 1
2309.8 6214.1 -1.7 264 0 9.1 8.2 5.0 2.5 2 0 2 1 1
2369.5 6187.9 -1.8 85 0 10.3 12.0 7.5 2.5 4 1 3 4 4
2394.4 6182.1 -2.0 175 0 9.9 13.2 7.5 2.5 2 1 3 0 0
2453.3 6186.7 -3.2 356 0 9.2 16.1 10.0 2.5 2 1 4 3 3
2456.1 6164.5 -2.4 356 0 16.8 8.7 5.0 2.5 2 0 2 5 5
2407.1 6137.8 -0.4 101 0 6.6 7.8 5.0 0.0 0 1 2 1 1
2409.1 6065.2 2.1 177 0 8.6 16.4 10.0 2.5 2 0 4 2 2
2346.7 5994.7 4.4 84 0 16.5 39.7 12.5 2.5 2 1 5 5 5
2298.5 5979.3 2.3 85 0 13.8 59.4 10.0 0.0 0 1 4 3 3
2270.6 6065.0 1.5 173 0 18.6 14.7 12.5 2.5 2 0 5 0 0
2277.1 5925.7 2.6 178 0 13.9 15.0 5.0 2.5 2 0 2 5 5
2289.1 5965.4 3.1 263 0 10.7 7.0 5.0 2.5 2 0 2 5 5
2354.9 5959.2 5.0 262 0 29.2 7.3 2.5 2.5 2 0 1 2 2
2459.3 5917.7 6.7 263 0 13.5 12.0 10.0 2.5 2 0 4 3 3
2482.7 5930.9 6.6 261 0 8.6 23.0 7.5 2.5 2 0 3 0 0
2520.0 5939.3 6.6 257 0 16.6 13.8 5.0 2.5 2 0 2 5 5
2547.0 5935.5 6.6 70 0 13.3 9.0 10.0 2.5 2 0 4 3 3
2571.7 5965.1 6.3 160 0 10.9 15.9 2.5 2.5 2 0 1 5 5
2609.5 5987.1 5.6 76 0 16.6 38.3 10.0 2.5 2 0 4 1 1
2579.5 6036.6 5.1 257 0 10.0 38.3 7.5 2.5 2 0 3 1 1
2571.9 6025.1 5.3 257 0 9.9 32.1 15.0 2.5 2 0 6 0 0
2637.0 6003.8 4.8 77 0 11.5 40.4 10.0 2.5 2 0 4 1 1
2655.0 6013.5 4.5 76 0 9.2 34.0 12.5 2.5 2 0 5 0 0
2637.9 6081.2 4.3 255 0 9.2 32.8 5.0 2.5 2 0 2 5 5
2628.8 6074.0 4.3 255 0 7.8 20.2 5.0 2.5 2 0 2 4 4
2655.4 6087.7 3.9 255 0 10.9 34.5 12.5 2.5 2 0 5 1 1
2660.6 6005.5 5.5 165 0 11.8 34.2 10.0 2.5 2 0 4 3 3
2684.8 6029.0 3.8 74 0 8.3 35.0 12.5 2.5 2 0 5 3 3
2658.6 6130.3 4.8 248 0 12.1 14.8 5.0 2.5 2 0 2 0 0
2647.1 6157.2 4.7 246 0 9.1 15.2 7.5 2.5 2 0 3 4 4
2678.4 6139.9 5.0 250 0 9.8 11.0 7.5 2.5 2 0 3 5 5
2674.4 6160.8 5.4 248 0 9.3 7.2 7.5 2.5 2 0 3 2 2
2716.9 6194.8 5.1 249 0 13.4 12.9 5.0 2.5 2 0 2 3 3
4379.1 4078.8 3.9 326 0 10.2 18.0 10.0 2.5 4 1 4 4 4
4244.6 4103.9 0.4 77 0 18.8 11.0 5.0 2.5 2 0 2 3 3
4146.6 4059.4 -0.4 151 0 12.1 9.2 2.5 2.5 4 0 1 0 0
4177.4 4029.8 1.4 338 0 9.5 16.6 5.0 2.5 2 1 2 0 0
4156.5 3970.6 1.9 72 0 15.2 10.7 5.0 2.5 2 0 2 2 2
4111.0 4003.6 1.1 255 0 18.2 10.5 7.5 2.5 2 0 3 0 0
4063.6 3986.5 1.3 253 0 9.7 14.4 5.0 2.5 2 1 2 2 2
4039.5 3947.5 1.8 67 0 11.2 8.8 10.0 2.5 2 0 4 5 5
3978.9 3936.1 1.9 253 0 12.2 10.6 7.5 2.5 4 0 3 0 0
3932.7 3919.0 0.4 241 0 15.1 9.9 7.5 2.5 2 0 3 3 3
3910.8 3902.0 -0.4 247 0 11.9 18.0 5.0 0.0 0 1 2 0 0
3943.3 3876.2 -0.3 344 0 9.8 23.3 7.5 0.0 0 1 3 1 1
3907.5 3920.1 -1.7 64 0 11.5 17.9 7.5 2.5 4 1 3 5 5
3915.0 3939.6 -1.7 67 0 9.4 20.7 10.0 2.5 2 1 4 5 5
3931.3 3947.0 -0.7 65 0 15.3 9.5 5.0 0.0 0 0 2 4 4
3893.4 3910.2 -2.3 64 0 16.7 16.9 12.5 2.5 2 1 5 3 3
3873.2 3918.9 -2.8 63 0 12.1 10.0 5.0 0.0 0 0 2 5 5
3853.6 3957.9 -3.4 239 0 10.6 10.4 7.5 2.5 2 0 3 4 4
3845.7 3891.3 -2.5 66 0 11.0 21.6 7.5 2.5 2 1 3 1 1
3861.4 3897.5 -2.7 64 0 12.4 24.2 10.0 2.5 2 1 4 5 5
3844.5 3856.1 -2.7 326 0 13.9 11.6 10.0 2.5 2 0 4 4 4
3890.1 3754.1 -2.6 155 0 16.8 8.9 2.5 2.5 2 0 1 1 1
3909.3 3783.9 -1.5 156 0 9.5 17.3 7.5 0.0 0 1 3 0 0
4031.3 3587.2 2.9 339 0 9.6 16.5 5.0 2.5 2 1 2 0 0
4035.2 3539.9 2.4 350 0 11.6 15.6 7.5 2.5 2 1 3 5 5
4023.1 3708.6 1.6 169 0 10.0 11.1 5.0 2.5 2 1 2 1 1
4032.9 3756.9 2.3 344 0 12.9 12.2 5.0 0.0 0 0 2 3 3
4306.6 3849.8 4.6 77 0 14.2 9.2 5.0 2.5 2 0 2 5 5
4023.3 3458.5 3.1 251 0 13.6 8.2 7.5 2.5 2 0 3 0 0
3959.9 3387.4 2.1 261 0 9.0 14.3 5.0 2.5 2 1 2 3 3
4196.7 3322.6 10.5 70 0 10.3 12.5 5.0 2.5 2 1 2 4 4
4181.7 3381.2 10.5 353 0 7.9 6.2 5.0 2.5 2 0 2 0 0
4225.7 3426.4 12.5 247 0 9.8 16.4 7.5 0.0 0 1 3 1 1
4263.2 3370.9 13.4 352 0 9.7 6.4 7.5 0.0 0 0 3 5 5
4293.9 3229.3 10.4 164 0 9.5 6.8 5.0 2.5 2 0 2 5 5
4325.4 3191.9 9.1 151 0 12.6 7.5 7.5 2.5 2 0 3 1 1
4421.4 3086.0 5.8 341 0 12.9 12.3 5.0 2.5 2 0 2 0 0
4395.9 3025.5 6.0 163 0 12.6 10.5 7.5 2.5 2 0 3 1 1
4446.7 2984.7 4.0 285 0 7.4 16.7 7.5 2.5 2 1 3 5 5
4446.0 3399.4 12.9 333 0 6.1 9.9 7.5 2.5 2 1 3 0 0
4502.2 3334.0 13.3 330 0 16.2 15.7 7.5 2.5 2 0 3 2 2
4545.0 3257.8 10.7 246 0 8.9 13.3 7.5 0.0 0 1 3 0 0
4601.6 3213.1 9.5 38 0 10.0 14.1 7.5 2.5 2 1 3 3 3
4575.2 3220.4 9.9 121 0 6.9 7.5 5.0 2.5 2 1 2 4 4
4694.9 3260.5 9.2 291 0 15.4 10.9 7.5 2.5 2 0 3 1 1
4818.8 3158.1 5.0 110 0 14.7 10.0 2.5 2.5 2 0 1 4 4
4901.7 3125.2 5.2 103 0 11.0 16.6 7.5 2.5 2 1 3 0 0
4948.3 3136.7 5.5 285 0 14.7 10.4 7.5 2.5 2 0 3 0 0
2677.8 5584.8 1.8 344 0 9.7 7.4 7.5 2.5 4 0 3 0 0
2646.2 5658.2 3.0 162 0 12.2 12.7 7.5 2.5 2 1 3 3 3
2626.7 5686.2 3.6 171 0 10.2 8.0 10.0 2.5 2 0 4 4 4
2652.8 5707.4 4.0 357 0 11.2 8.3 5.0 2.5 4 0 2 4 4
2630.9 5724.9 4.4 183 0 11.9 21.8 7.5 2.5 2 1 3 1 1
2625.7 5738.7 4.7 180 0 9.2 18.7 2.5 2.5 2 1 1 0 0
2642.9 5771.4 5.0 340 0 12.4 12.1 2.5 2.5 2 0 1 1 1
2634.1 5817.2 5.1 265 0 12.2 19.4 10.0 2.5 2 1 4 3 3
2571.4 5903.7 6.9 164 0 10.0 18.8 10.0 2.5 2 0 4 2 2
2692.6 5944.0 6.5 163 0 17.2 7.9 2.5 2.5 2 0 1 5 5
2751.4 5957.0 5.7 337 0 15.9 10.9 10.0 2.5 2 0 4 5 5
2787.5 5797.3 1.4 3 0 12.4 12.5 5.0 2.5 2 1 2 3 3
2804.9 5742.4 -0.2 355 0 12.4 16.2 10.0 2.5 2 1 4 2 2
2946.6 5840.9 2.2 59 0 13.8 13.1 7.5 0.0 0 0 3 0 0
2810.7 5874.6 2.9 168 0 10.2 16.9 5.0 2.5 2 0 2 5 5
2795.1 5915.0 4.6 177 0 19.8 9.6 10.0 2.5 2 0 4 4 4
2772.2 5971.3 6.0 165 0 18.0 19.4 7.5 2.5 2 0 3 4 4
2795.2 5981.5 6.7 168 0 13.6 10.6 10.0 2.5 2 0 4 1 1
2828.1 5992.0 6.8 351 0 15.9 19.0 10.0 2.5 2 0 4 2 2
2833.9 6000.2 7.0 262 0 9.5 23.3 10.0 2.5 2 0 4 1 1
2865.3 6009.9 7.0 255 0 8.5 12.1 2.5 2.5 2 0 1 0 0
2886.6 5992.2 6.9 70 0 11.0 18.0 5.0 2.5 2 0 2 4 4
2912.0 6001.0 6.3 79 0 9.9 18.3 7.5 2.5 2 0 3 1 1
2949.5 6048.2 5.4 252 0 9.9 14.9 5.0 2.5 2 1 2 2 2
2972.4 6038.2 5.1 73 0 8.2 8.7 5.0 2.5 2 1 2 0 0
2969.5 6053.5 5.4 160 0 9.7 7.7 7.5 2.5 2 0 3 0 0
3009.5 6067.0 4.8 339 0 10.1 11.6 10.0 2.5 2 1 4 2 2
3030.9 6073.2 4.3 341 0 13.0 9.1 10.0 2.5 2 0 4 1 1
3019.0 5977.7 2.6 72 0 11.9 8.7 7.5 0.0 0 0 3 3 3
3040.1 6005.7 2.8 341 0 9.3 17.0 5.0 0.0 0 1 2 1 1
3049.0 5895.1 -0.1 115 0 8.9 22.5 15.0 0.0 0 1 6 5 5
3096.3 5768.5 -1.6 71 0 11.6 12.2 7.5 2.5 2 1 3 2 2
3187.1 5821.7 -2.0 75 0 9.8 10.1 7.5 2.5 2 1 3 4 4
3124.6 5921.7 0.2 342 0 15.5 16.0 7.5 2.5 2 1 3 1 1
3086.1 5950.9 1.2 165 0 11.2 15.1 2.5 2.5 2 1 1 3 3
3065.8 6001.9 2.5 162 0 12.0 16.9 7.5 2.5 4 1 3 1 1
3127.7 6015.9 2.8 340 0 9.3 9.5 7.5 2.5 2 1 3 4 4
3036.4 6086.6 3.7 161 0 13.2 8.9 5.0 2.5 2 0 2 0 0
3050.3 6083.8 3.6 159 0 8.1 6.3 7.5 2.5 2 0 3 1 1
3144.7 6094.3 2.5 76 0 11.8 8.4 7.5 2.5 2 0 3 0 0
3171.2 6147.9 2.2 249 0 6.3 10.5 7.5 2.5 2 1 3 5 5
3246.6 6158.5 1.9 343 0 18.2 9.5 7.5 2.5 2 0 3 4 4
3258.9 6172.8 1.8 341 0 21.2 12.2 7.5 2.5 2 0 3 3 3
3255.9 6132.2 1.9 342 0 13.7 9.7 2.5 2.5 2 0 1 1 1
3223.8 6065.3 1.8 164 0 12.6 17.4 5.0 2.5 2 1 2 0 0
3241.3 6039.9 1.7 162 0 9.2 11.3 10.0 0.0 0 1 4 3 3
3286.9 6047.0 1.6 336 0 10.6 12.8 7.5 2.5 2 1 3 0 0
3339.8 5964.3 -0.3 48 0 14.5 15.4 2.5 2.5 2 1 1 0 0
3287.5 5797.4 -4.8 31 0 15.3 12.0 7.5 2.5 2 0 3 0 0
3273.2 5884.9 -3.0 7 0 11.2 20.4 5.0 2.5 2 1 2 1 1
3252.4 5769.1 -4.5 67 0 10.2 10.1 2.5 2.5 2 0 1 0 0
3057.2 5535.6 -6.9 327 0 11.5 10.2 7.5 2.5 2 0 3 5 5
2673.4 5609.9 2.0 349 0 13.1 11.1 5.0 2.5 2 0 2 5 5
3027.1 5785.3 -1.3 257 0 15.9 12.1 5.0 0.0 0 0 2 4 4
3344.9 6023.7 0.3 159 0 9.0 20.2 7.5 0.0 0 1 3 2 2
3306.5 6096.7 0.8 170 0 9.5 19.6 5.0 2.5 2 1 2 3 3
3289.6 6130.6 1.1 167 0 12.7 15.2 7.5 2.5 2 1 3 5 5
3282.8 6181.7 1.2 166 0 11.9 15.3 5.0 0.0 0 1 2 3 3
3330.2 6182.3 0.6 75 0 19.3 15.4 7.5 2.5 4 0 3 5 5
3372.0 6194.8 -1.1 359 0 6.8 22.9 7.5 0.0 0 1 3 1 1
3403.5 6157.8 -2.4 262 0 11.4 13.6 10.0 0.0 0 1 4 1 1
3458.6 6075.5 -5.5 80 0 11.0 16.1 7.5 2.5 2 1 3 1 1
3557.2 6266.8 -6.6 155 0 9.2 13.5 5.0 2.5 2 1 2 5 5
3596.8 6267.2 -6.2 72 0 15.5 11.4 5.0 2.5 2 0 2 2 2
3614.6 6299.4 -5.4 252 0 14.6 17.1 10.0 2.5 2 1 4 4 4
3647.5 6286.2 -5.0 349 0 12.1 12.8 7.5 2.5 2 1 3 3 3
3628.6 6304.7 -4.7 250 0 8.7 9.1 7.5 2.5 2 1 3 3 3
3681.9 6252.3 -3.9 343 0 9.4 12.2 2.5 2.5 2 1 1 1 1
3683.0 6216.3 -4.2 350 0 9.7 12.2 5.0 2.5 2 1 2 1 1
3664.9 6051.3 -8.4 357 0 9.4 11.6 10.0 2.5 2 1 4 4 4
3673.3 6023.5 -8.9 1 0 10.9 10.8 5.0 2.5 2 0 2 5 5
3710.0 6219.7 -2.1 168 0 9.5 13.5 2.5 2.5 2 1 1 0 0
3708.3 6266.4 -1.7 168 0 15.8 9.2 5.0 2.5 2 0 2 4 4
3727.2 6312.8 -1.2 250 0 13.9 18.6 5.0 2.5 4 1 2 1 1
3759.3 6352.1 -1.1 249 0 11.4 20.5 5.0 2.5 2 1 2 5 5
3975.1 6417.3 0.6 345 0 6.4 6.4 10.0 2.5 2 0 4 3 3
3991.4 6241.6 -1.4 169 0 8.5 10.8 7.5 2.5 2 1 3 4 4
4060.7 6244.4 -0.7 86 0 8.3 21.1 10.0 2.5 2 1 4 0 0
3771.2 6269.1 0.6 62 0 9.2 15.0 2.5 2.5 2 1 1 5 5
4245.7 6474.6 0.8 72 0 10.9 20.7 5.0 2.5 2 1 2 2 2
4294.3 6510.9 -0.2 251 0 12.1 14.5 10.0 2.5 2 1 4 2 2
4357.1 6500.8 -1.3 77 0 8.9 24.7 10.0 2.5 2 1 4 3 3
4473.8 6527.0 -0.7 344 0 19.1 9.7 2.5 2.5 2 0 1 0 0
4442.8 6564.0 -0.7 340 0 8.9 12.9 7.5 2.5 2 1 3 4 4
4558.4 6598.8 -0.5 251 0 10.9 16.5 7.5 2.5 2 1 3 1 1
4596.5 6632.0 -0.8 258 0 10.2 11.8 5.0 2.5 2 1 2 1 1
4643.1 6647.4 -0.3 253 0 17.7 14.3 7.5 0.0 0 0 3 0 0
4670.5 6654.5 0.4 254 0 9.3 9.2 2.5 2.5 2 0 1 4 4
4738.3 6670.9 0.3 345 0 6.3 12.4 2.5 2.5 4 1 1 0 0
4746.5 6684.4 0.6 338 0 12.9 6.4 7.5 0.0 0 0 3 4 4
4761.0 6608.5 -1.7 357 0 12.6 12.9 7.5 2.5 2 1 3 2 2
4813.2 5987.5 -4.3 22 0 13.4 15.9 5.0 2.5 2 1 2 4 4
4732.7 5905.8 -1.6 358 0 12.3 13.7 10.0 2.5 2 1 4 4 4
4631.1 5910.2 -2.3 357 0 12.9 13.0 7.5 2.5 2 1 3 1 1
4527.2 5865.0 -5.4 265 0 19.3 16.1 10.0 2.5 2 0 4 3 3
4443.4 5677.4 -2.7 0 0 10.1 15.7 7.5 2.5 2 1 3 5 5
4294.3 5611.8 -0.7 347 0 9.4 12.0 5.0 2.5 2 1 2 5 5
4222.0 4546.2 4.1 298 0 9.7 15.1 5.0 2.5 2 1 2 1 1
4054.8 4412.3 2.1 335 0 8.0 12.9 5.0 2.5 2 1 2 2 2
3931.0 4360.3 0.5 335 0 11.5 15.8 5.0 2.5 2 1 2 0 0
3880.7 4315.3 1.1 62 0 13.0 14.1 5.0 2.5 2 1 2 1 1
3800.4 4274.2 0.8 73 0 13.5 15.9 5.0 2.5 2 1 2 0 0
3622.9 4303.0 1.4 48 0 9.8 22.3 5.0 2.5 2 1 2 1 1
3387.7 4555.4 -1.1 132 0 14.2 9.5 7.5 2.5 2 0 3 5 5
3264.9 5015.9 -8.7 103 0 15.1 14.0 2.5 2.5 2 0 1 3 3
2952.0 5263.4 -6.9 65 0 9.6 8.8 7.5 2.5 2 0 3 3 3
2940.2 5293.9 -6.9 208 0 12.8 10.3 7.5 2.5 2 0 3 1 1
2960.0 5321.9 -7.3 228 0 11.5 14.2 7.5 2.5 4 1 3 1 1
2993.6 5424.3 -7.9 236 0 17.2 13.5 7.5 2.5 2 0 3 5 5
3021.4 5434.8 -8.4 245 0 15.6 8.7 10.0 2.5 2 0 4 0 0
4254.8 6407.1 -0.9 241 0 19.3 10.8 5.0 2.5 2 0 2 0 0
4267.6 6378.9 -1.5 147 0 10.4 12.4 5.0 2.5 2 1 2 5 5
4307.5 6344.9 -2.8 63 0 10.0 10.4 7.5 2.5 2 1 3 2 2
4339.4 6366.3 -3.7 333 0 8.4 13.1 7.5 2.5 2 1 3 2 2
4242.5 6272.8 -1.6 348 0 7.1 19.7 10.0 2.5 2 1 4 1 1
1401.1 5909.4 -1.1 17 0 8.1 6.4 7.5 2.5 2 0 3 3 3
1372.8 5900.3 -1.7 90 0 13.9 17.0 5.0 2.5 2 1 2 2 2
1598.3 5781.9 -4.2 120 0 13.4 13.5 7.5 2.5 2 1 3 2 2
1566.4 5823.3 -2.8 211 0 12.1 13.0 5.0 2.5 2 1 2 4 4
1579.5 5779.2 -3.3 120 0 8.6 9.3 7.5 2.5 2 1 3 3 3
1547.6 5828.1 -2.1 38 0 11.1 25.6 10.0 2.5 2 1 4 0 0
1524.1 5857.2 -1.8 293 0 14.9 14.5 2.5 2.5 2 0 1 0 0
1464.6 5877.7 -1.1 119 0 7.0 12.9 2.5 2.5 4 1 1 5 5
1442.7 5911.5 -0.5 297 0 12.2 9.8 5.0 2.5 2 0 2 0 0
1411.5 5887.4 -1.8 118 0 8.1 10.8 2.5 2.5 2 1 1 4 4
1337.2 5921.1 -0.2 108 0 13.0 10.6 10.0 0.0 0 0 4 1 1
1313.9 5948.2 1.0 287 0 7.7 13.9 5.0 0.0 0 1 2 1 1
1297.8 5960.2 2.0 285 0 8.0 12.1 5.0 0.0 0 1 2 0 0
1332.9 5894.1 -1.5 10 0 8.7 12.4 2.5 2.5 2 1 1 3 3
1295.7 5902.1 -0.8 191 0 12.7 8.7 10.0 2.5 2 0 4 4 4
1257.5 5970.5 3.0 279 0 9.1 15.0 5.0 2.5 2 1 2 0 0
1250.0 5936.3 2.1 98 0 7.4 12.0 7.5 2.5 2 1 3 0 0
1222.5 5926.4 1.6 185 0 8.8 18.9 5.0 2.5 2 1 2 1 1
1240.8 5976.2 3.4 284 0 20.3 13.9 5.0 2.5 2 0 2 5 5
1209.1 5983.4 3.6 282 0 9.1 15.0 10.0 2.5 2 1 4 3 3
1232.3 5883.2 -0.4 9 0 9.5 17.3 7.5 2.5 4 1 3 4 4
1301.3 5849.4 -3.2 196 0 16.9 11.1 2.5 2.5 2 0 1 4 4
1277.4 5790.8 -4.8 190 0 7.8 10.3 7.5 2.5 2 1 3 2 2
1605.0 5722.2 -7.5 115 0 8.9 8.4 10.0 0.0 0 0 4 3 3
1439.2 5528.3 -5.2 115 0 13.8 11.7 5.0 2.5 2 0 2 1 1
1409.2 5534.9 -4.2 121 0 7.9 7.0 7.5 2.5 2 0 3 5 5
1390.3 5515.0 -2.9 296 0 11.4 17.5 10.0 2.5 2 1 4 5 5
1333.5 5533.8 -2.7 223 0 6.2 11.0 7.5 2.5 2 1 3 2 2
1330.0 5511.8 -2.0 221 0 8.7 10.5 5.0 2.5 2 1 2 1 1
1334.7 5473.4 -1.4 22 0 10.1 9.3 5.0 2.5 2 0 2 0 0
1279.7 5484.5 -1.1 226 0 11.3 10.9 5.0 0.0 0 0 2 2 2
1256.0 5452.0 -0.4 207 0 9.4 16.7 5.0 0.0 0 1 2 1 1
1525.5 5549.8 -5.4 296 0 9.5 21.4 7.5 2.5 2 1 3 0 0
1633.9 5428.5 -7.0 290 0 10.7 8.4 5.0 2.5 2 0 2 1 1
1639.8 5318.7 -5.3 183 0 8.3 10.1 5.0 0.0 0 1 2 5 5
1689.7 5333.7 -7.1 352 0 17.2 10.7 2.5 2.5 4 0 1 3 3
1703.0 5254.4 -6.3 37 0 7.0 18.6 7.5 2.5 2 1 3 1 1
1487.8 5800.6 -1.0 25 0 13.6 9.3 5.0 2.5 4 0 2 3 3
1461.1 5775.5 -2.3 21 0 14.5 10.6 10.0 0.0 0 0 4 1 1
1417.4 5738.4 -5.5 202 0 7.1 6.4 5.0 2.5 2 0 2 0 0
1457.2 5711.9 -5.7 193 0 9.7 13.6 10.0 2.5 2 1 4 3 3
2334.2 4453.5 -10.8 20 0 11.9 15.7 7.5 2.5 2 1 3 4 4
2253.4 4378.0 -9.1 203 0 11.3 10.0 7.5 2.5 2 0 3 3 3
2180.0 4193.9 -6.4 277 0 8.6 12.2 5.0 2.5 2 1 2 0 0
2240.3 4154.4 -4.0 349 0 11.4 8.0 5.0 2.5 2 0 2 3 3
2252.1 4108.2 -2.3 357 0 11.3 8.4 2.5 2.5 2 0 1 1 1
2417.1 4962.2 -10.4 94 0 22.7 11.9 7.5 2.5 2 0 3 1 1
2094.5 4042.5 -3.9 68 0 8.8 7.0 7.5 2.5 2 0 3 4 4
1937.5 4066.0 -8.0 331 0 10.4 13.5 7.5 0.0 0 1 3 3 3
1925.0 4134.9 -9.2 359 0 10.6 21.1 10.0 2.5 2 1 4 1 1
1836.1 4174.0 -11.2 89 0 9.0 9.0 2.5 2.5 2 0 1 3 3
1915.4 3996.0 -7.5 156 0 13.0 10.1 7.5 2.5 2 0 3 2 2
1933.3 3955.0 -6.7 93 0 8.0 9.2 2.5 2.5 4 1 1 1 1
1833.7 3856.6 -6.9 43 0 12.7 9.4 5.0 2.5 2 0 2 3 3
1703.8 3773.4 -10.0 281 0 8.5 11.0 5.0 2.5 2 1 2 5 5
1716.4 3663.2 -9.8 5 0 10.8 7.2 10.0 0.0 0 0 4 1 1
2191.3 4497.3 -11.6 83 0 7.6 10.7 5.0 2.5 2 1 2 5 5
2443.2 4365.2 -7.5 97 0 11.7 14.8 7.5 2.5 2 1 3 2 2
1708.9 5057.5 -8.7 214 0 13.3 9.7 7.5 2.5 2 0 3 2 2
1702.6 5037.9 -9.2 200 0 7.8 8.2 5.0 2.5 2 1 2 1 1
1589.8 5438.2 -3.5 23 0 7.5 11.3 5.0 2.5 4 1 2 2 2
1550.6 5458.1 -2.8 290 0 11.4 6.9 7.5 2.5 2 0 3 1 1
1516.6 5441.4 -3.3 20 0 6.2 11.3 5.0 2.5 2 1 2 0 0
1479.9 5477.1 -4.7 290 0 11.2 9.5 5.0 2.5 2 0 2 5 5
1457.0 5483.2 -4.4 291 0 13.7 9.2 7.5 2.5 4 0 3 4 4
1500.8 5394.3 -2.1 19 0 9.9 7.8 7.5 2.5 2 0 3 0 0
1484.5 5352.3 -0.6 21 0 10.9 8.2 2.5 2.5 4 0 1 2 2
1468.7 5308.6 1.0 21 0 11.4 6.7 7.5 2.5 2 0 3 1 1
1434.9 5231.2 2.3 288 0 7.3 11.6 5.0 2.5 2 1 2 0 0
1454.3 5217.7 1.2 203 0 10.5 7.5 7.5 2.5 2 0 3 3 3
1516.0 5245.0 0.8 21 0 11.0 7.5 7.5 2.5 2 0 3 3 3
1471.2 5261.1 1.6 199 0 12.2 7.6 7.5 2.5 2 0 3 3 3
1509.9 5364.1 -0.4 205 0 11.4 18.6 10.0 2.5 2 1 4 1 1
1552.1 5346.6 -0.8 18 0 10.5 8.5 7.5 2.5 4 0 3 2 2
1562.2 5361.1 -1.0 19 0 8.7 7.4 5.0 2.5 4 0 2 1 1
1571.6 5308.2 -1.8 203 0 11.2 7.3 7.5 2.5 2 0 3 2 2
1575.8 5335.9 -2.4 202 0 10.3 9.8 5.0 2.5 2 0 2 4 4
1626.1 5312.9 -4.4 24 0 6.0 8.0 7.5 2.5 2 1 3 1 1
1631.3 5329.2 -5.1 23 0 8.0 10.0 2.5 2.5 2 1 1 5 5
1618.1 5333.5 -4.8 22 0 7.4 12.4 7.5 2.5 2 1 3 4 4
1587.9 5344.7 -3.5 201 0 9.8 11.7 10.0 2.5 2 1 4 1 1
1622.5 5381.6 -5.6 22 0 11.3 14.7 7.5 2.5 2 1 3 4 4
1619.0 5263.4 -2.8 271 0 8.8 8.3 7.5 2.5 2 0 3 4 4
1589.3 5209.2 -2.1 109 0 14.8 10.0 5.0 2.5 2 0 2 1 1
1531.2 5240.0 0.2 197 0 11.6 9.3 5.0 2.5 4 0 2 0 0
1577.1 5141.1 -5.5 183 0 13.8 7.6 5.0 0.0 0 0 2 3 3
1558.9 5087.6 -6.6 192 0 8.6 9.3 2.5 2.5 2 1 1 4 4
1582.2 5057.3 -7.1 105 0 7.9 9.3 7.5 2.5 2 1 3 3 3
1598.6 5076.0 -6.7 108 0 9.7 10.2 7.5 2.5 2 1 3 1 1
1176.9 5860.5 -0.9 186 0 13.2 10.9 7.5 2.5 2 0 3 4 4
1165.0 5831.1 -1.8 111 0 6.7 11.1 5.0 2.5 2 1 2 3 3
1103.7 6003.8 5.3 284 0 9.8 19.6 7.5 2.5 2 1 3 3 3
1073.2 6000.6 4.9 274 0 15.3 14.0 10.0 2.5 2 0 4 2 2
1057.1 5962.3 2.9 7 0 8.9 6.7 10.0 2.5 2 0 4 0 0
1059.7 6015.0 5.4 278 0 12.9 9.6 7.5 2.5 2 0 3 5 5
1028.6 6010.6 4.7 280 0 9.2 7.0 7.5 2.5 2 0 3 3 3
1002.8 5934.2 1.5 196 0 9.2 20.4 5.0 2.5 2 1 2 5 5
1013.8 5957.0 2.1 195 0 10.6 13.6 7.5 2.5 2 1 3 1 1
1066.1 5922.9 0.3 14 0 9.0 9.2 7.5 2.5 2 1 3 1 1
1141.0 6000.3 4.9 284 0 9.9 10.9 5.0 2.5 2 1 2 2 2
1046.4 6011.3 4.8 270 0 7.6 12.8 2.5 2.5 2 1 1 3 3
1004.4 6024.2 5.0 269 0 15.9 13.0 5.0 2.5 2 0 2 4 4
982.2 6025.4 5.6 281 0 11.8 9.0 2.5 2.5 2 0 1 1 1
961.8 5986.3 5.0 91 0 11.0 10.2 2.5 2.5 2 0 1 4 4
949.4 6017.9 6.0 271 0 14.8 11.8 7.5 2.5 2 0 3 1 1
883.9 5990.9 6.0 151 0 11.3 19.6 7.5 2.5 2 1 3 4 4
882.2 6047.3 7.8 282 0 11.4 12.5 10.0 2.5 2 1 4 0 0
1658.0 5813.1 -5.2 16 0 11.3 11.3 5.0 2.5 2 1 2 3 3
1606.0 5834.4 -4.7 210 0 11.8 29.6 12.5 2.5 2 1 5 0 0
1618.0 5880.8 -2.9 109 0 7.3 8.7 7.5 2.5 2 1 3 0 0
1575.6 5850.3 -3.2 124 0 18.1 38.9 10.0 2.5 2 1 4 3 3
1589.5 5930.9 -3.1 184 0 12.2 17.6 7.5 2.5 2 1 3 5 5
1597.1 5951.9 -3.7 266 0 8.3 12.1 7.5 0.0 0 1 3 4 4
1614.5 5947.1 -4.3 281 0 10.8 8.3 5.0 2.5 2 0 2 0 0
1644.4 5946.4 -5.8 272 0 8.8 8.7 7.5 2.5 2 0 3 3 3
1668.5 5924.2 -5.3 11 0 8.9 14.0 7.5 2.5 2 1 3 4 4
1681.2 5953.3 -6.8 10 0 9.4 8.8 5.0 2.5 2 0 2 3 3
1561.1 5922.9 -2.9 192 0 8.6 8.5 7.5 2.5 2 0 3 3 3
1552.9 6131.5 -3.1 339 0 13.8 10.1 5.0 2.5 2 0 2 5 5
1517.6 6069.6 -2.5 192 0 8.2 8.8 7.5 2.5 2 1 3 0 0
1539.8 6028.6 -2.7 4 0 8.2 13.1 7.5 2.5 2 1 3 3 3
1477.0 6013.6 -0.3 182 0 10.1 16.7 7.5 2.5 2 1 3 3 3
1544.4 5949.9 -2.4 21 0 7.9 12.3 5.0 2.5 2 1 2 1 1
1543.0 5926.4 -2.4 16 0 12.2 11.7 5.0 2.5 2 0 2 0 0
1525.2 5916.9 -1.9 16 0 11.1 8.4 10.0 2.5 2 0 4 4 4
1511.7 5938.5 -1.6 31 0 9.1 19.9 5.0 2.5 2 1 2 0 0
1532.0 5977.9 -2.0 292 0 6.3 7.4 7.5 2.5 2 1 3 5 5
1471.7 5989.6 -0.2 201 0 12.2 8.3 2.5 2.5 2 0 1 5 5
1460.6 5975.6 -0.2 201 0 12.9 11.8 5.0 2.5 2 0 2 3 3
1461.1 5961.5 -0.4 200 0 10.2 11.4 7.5 2.5 2 1 3 1 1
1458.5 5937.1 -0.6 203 0 11.7 14.9 7.5 2.5 2 1 3 1 1
1542.1 5879.0 -2.6 205 0 13.0 17.6 5.0 2.5 2 1 2 2 2
1434.9 5882.1 -1.6 107 0 14.8 11.3 5.0 2.5 2 0 2 2 2
2728.1 6156.9 5.6 253 0 9.4 11.1 10.0 0.0 0 1 4 1 1
2757.9 6202.8 5.2 336 0 11.5 14.3 7.5 2.5 4 1 3 5 5
2767.9 6185.8 5.5 331 0 8.7 7.3 7.5 2.5 2 0 3 0 0
2857.1 6052.9 6.5 162 0 9.8 14.3 7.5 0.0 0 1 3 0 0
2898.8 6072.2 6.4 337 0 9.2 14.4 5.0 2.5 2 1 2 3 3
2816.9 6143.0 5.9 156 0 14.2 14.8 7.5 2.5 2 1 3 5 5
2819.1 6239.4 5.1 326 0 6.6 7.0 5.0 2.5 2 1 2 2 2
2720.4 6304.6 2.6 272 0 8.7 8.3 5.0 2.5 4 0 2 1 1
2624.6 6188.8 3.3 71 0 10.1 9.2 7.5 2.5 2 0 3 5 5
2603.3 6239.3 2.0 161 0 13.2 10.1 7.5 2.5 2 0 3 3 3
2666.7 6200.6 4.0 71 0 12.9 10.3 7.5 2.5 2 0 3 4 4
2666.4 6235.0 3.1 343 0 14.6 18.5 7.5 2.5 2 1 3 5 5
2661.2 6252.4 2.8 342 0 11.1 13.8 2.5 2.5 2 1 1 4 4
2593.9 6280.8 0.7 266 0 11.2 6.0 7.5 2.5 2 0 3 0 0
2541.4 6285.0 0.0 270 0 8.2 8.7 7.5 2.5 2 1 3 3 3
2516.4 6281.0 -1.1 358 0 9.9 13.5 7.5 2.5 2 1 3 3 3
2512.2 6320.9 -1.3 354 0 14.8 15.3 5.0 0.0 0 1 2 1 1
2536.4 6373.9 -1.8 259 0 8.8 8.3 10.0 2.5 2 0 4 5 5
2542.9 6302.3 -1.0 86 0 12.1 18.9 5.0 2.5 4 1 2 3 3
2586.6 6317.1 -1.1 82 0 14.1 8.4 2.5 2.5 2 0 1 1 1
2588.2 6352.5 -1.7 347 0 16.1 10.3 7.5 2.5 2 0 3 2 2
2584.8 6383.7 -1.9 347 0 7.3 12.8 7.5 2.5 2 1 3 5 5
2653.5 6306.0 1.3 99 0 11.0 15.5 7.5 2.5 2 1 3 3 3
2372.3 6363.3 -5.2 344 0 6.9 10.1 5.0 2.5 2 1 2 5 5
2995.1 6110.6 4.1 344 0 12.0 8.7 5.0 2.5 2 0 2 5 5
3053.9 6140.4 2.1 166 0 12.6 10.7 2.5 2.5 4 0 1 0 0
3042.5 6139.0 2.4 78 0 8.5 12.6 10.0 2.5 2 1 4 5 5
3025.9 6159.1 2.3 168 0 15.1 9.9 7.5 2.5 2 0 3 0 0
3101.9 6156.6 2.0 342 0 9.6 8.7 7.5 2.5 2 0 3 3 3
3123.8 6162.2 1.9 342 0 16.9 15.3 10.0 2.5 2 0 4 5 5
3096.4 6233.1 1.6 343 0 11.5 8.7 5.0 2.5 2 0 2 2 2
3062.0 6319.2 -1.0 343 0 9.6 7.7 7.5 2.5 2 0 3 4 4
3038.0 6322.6 0.1 71 0 9.3 8.8 7.5 2.5 2 0 3 0 0
3052.3 6355.0 -0.6 339 0 14.2 20.8 7.5 0.0 0 1 3 2 2
3036.0 6382.2 0.2 341 0 15.5 10.3 5.0 2.5 2 0 2 3 3
3010.4 6452.6 0.7 255 0 12.9 16.7 7.5 2.5 2 1 3 2 2
2821.7 6425.9 1.7 260 0 10.4 10.7 5.0 2.5 2 1 2 5 5
2794.2 6420.1 0.5 258 0 14.5 8.9 5.0 2.5 2 0 2 4 4
2766.1 6414.9 0.2 256 0 17.3 8.4 2.5 2.5 2 0 1 4 4
2769.8 6386.4 0.3 160 0 19.2 21.5 10.0 2.5 2 1 4 4 4
2775.8 6364.1 0.7 175 0 10.1 21.0 5.0 2.5 2 1 2 1 1
2865.8 6209.8 4.9 161 0 12.4 18.7 7.5 2.5 2 1 3 5 5
3012.6 6249.3 0.6 251 0 6.9 14.3 10.0 2.5 2 1 4 0 0
3036.4 6217.6 1.0 343 0 7.8 11.0 7.5 0.0 0 1 3 4 4
1442.4 5955.4 0.4 21 0 31.1 15.5 7.5 2.5 4 0 3 2 2
1462.0 6019.4 0.7 7 0 10.4 13.5 5.0 2.5 2 1 2 5 5
1444.5 6057.3 1.2 197 0 8.9 11.7 10.0 2.5 2 1 4 0 0
1470.3 6065.8 0.6 21 0 12.3 12.8 7.5 2.5 2 1 3 4 4
1477.1 6094.8 0.1 8 0 8.9 6.7 7.5 2.5 2 0 3 5 5
1454.5 6118.8 -0.6 194 0 11.4 13.6 10.0 2.5 2 1 4 2 2
1494.7 6187.2 -2.7 106 0 16.2 11.0 10.0 2.5 2 0 4 0 0
1430.0 6209.1 -2.8 114 0 12.3 14.1 5.0 2.5 2 1 2 0 0
1489.4 6527.1 -2.5 6 0 11.3 9.7 7.5 0.0 0 0 3 3 3
1497.4 6545.0 -2.1 6 0 11.2 9.1 10.0 2.5 2 0 4 2 2
1491.6 6577.4 -1.5 360 0 9.2 11.7 10.0 2.5 4 1 4 3 3
1421.3 6555.7 -3.0 97 0 11.2 8.4 5.0 2.5 2 0 2 4 4
1183.6 6684.3 -2.9 281 0 7.7 10.0 2.5 2.5 2 1 1 0 0
795.7 6620.0 -1.2 291 0 8.6 9.0 7.5 2.5 2 1 3 2 2
818.5 6559.8 -3.0 43 0 13.4 11.5 7.5 2.5 2 0 3 2 2
971.8 6348.7 -2.1 72 0 6.4 8.9 5.0 2.5 2 1 2 1 1
1021.5 6357.4 -3.1 90 0 7.6 8.1 7.5 2.5 2 1 3 5 5
1149.3 6253.8 0.2 199 0 7.6 12.1 10.0 2.5 2 1 4 4 4
1145.0 6231.5 0.5 193 0 9.2 10.2 5.0 0.0 0 1 2 5 5
1198.6 6223.8 0.1 291 0 17.6 15.0 10.0 2.5 4 0 4 0 0
1176.5 6222.7 0.3 198 0 9.5 9.1 2.5 0.0 0 0 1 4 4
1185.2 6157.3 0.9 191 0 10.0 13.6 7.5 0.0 0 1 3 5 5
1191.2 6163.9 0.7 102 0 12.1 16.0 5.0 2.5 2 1 2 1 1
1225.3 6153.5 0.5 93 0 8.6 11.3 5.0 2.5 2 1 2 1 1
1237.4 6199.1 -0.0 271 0 11.7 11.6 7.5 2.5 2 0 3 2 2
1231.2 6111.3 1.5 11 0 17.8 11.5 7.5 2.5 4 0 3 1 1
1138.5 6047.9 4.0 182 0 21.4 10.3 7.5 2.5 2 0 3 4 4
1162.3 6049.6 3.7 189 0 17.4 10.8 7.5 0.0 0 0 3 0 0
1332.8 6024.2 3.0 205 0 8.2 7.8 2.5 2.5 2 0 1 5 5
1340.9 6002.5 2.6 202 0 13.4 17.1 5.0 2.5 2 1 2 3 3
1378.0 6016.8 2.0 286 0 13.2 17.5 5.0 0.0 0 1 2 5 5
1284.8 6145.1 -0.3 112 0 12.3 19.9 7.5 2.5 2 1 3 4 4
1310.4 6207.7 -1.2 22 0 11.3 13.1 5.0 2.5 2 1 2 5 5
1398.5 6224.2 -2.6 109 0 11.0 11.2 7.5 2.5 2 1 3 1 1
1410.9 6192.1 -2.5 289 0 13.0 11.2 5.0 2.5 4 0 2 5 5
1125.1 6042.3 5.5 8 0 18.0 9.3 10.0 2.5 2 0 4 1 1
1124.3 6073.6 4.3 2 0 13.5 20.2 12.5 2.5 2 1 5 2 2
1118.1 6091.5 4.0 360 0 7.4 6.8 5.0 2.5 2 0 2 2 2
1084.1 6049.7 5.8 181 0 13.8 19.3 7.5 2.5 2 1 3 2 2
1063.4 6065.4 5.5 186 0 10.1 12.3 7.5 2.5 2 1 3 4 4
1116.5 6187.0 1.4 12 0 9.4 10.0 10.0 2.5 2 1 4 5 5
1082.6 6226.2 1.3 191 0 10.9 10.0 2.5 2.5 2 0 1 3 3
1141.7 6215.6 0.8 13 0 7.4 12.1 7.5 0.0 0 1 3 2 2
1096.3 6289.4 -1.0 196 0 10.0 10.9 5.0 2.5 2 1 2 0 0
1240.1 6293.2 -1.3 102 0 15.9 8.9 7.5 2.5 2 0 3 0 0
1306.9 6335.5 -2.9 117 0 10.9 8.2 7.5 2.5 2 0 3 2 2
1984.2 6597.1 -2.7 261 0 7.6 13.6 10.0 2.5 2 1 4 2 2
2032.4 6618.0 -0.5 268 0 13.6 7.8 7.5 2.5 2 0 3 3 3
1988.4 6619.7 -2.4 270 0 17.4 10.0 10.0 2.5 2 0 4 3 3
2156.8 6459.1 -3.8 23 0 12.3 19.1 2.5 2.5 2 1 1 4 4
2162.3 6478.6 -2.9 2 0 8.6 11.3 7.5 2.5 2 1 3 4 4
2160.0 6499.8 -1.9 10 0 7.3 10.3 7.5 2.5 2 1 3 0 0
2122.6 6536.8 0.0 6 0 16.7 17.3 7.5 0.0 0 1 3 3 3
2088.0 6576.3 0.1 267 0 13.1 18.8 7.5 2.5 2 1 3 5 5
2079.3 6531.5 -1.2 187 0 21.0 10.1 5.0 2.5 2 0 2 4 4
2105.9 6458.0 -3.6 104 0 7.3 7.7 5.0 2.5 2 1 2 5 5
2048.9 6588.7 -0.7 358 0 9.5 15.4 7.5 2.5 2 1 3 4 4
1972.6 6583.6 -3.3 73 0 7.8 10.9 10.0 2.5 2 1 4 2 2
1950.0 6614.0 -2.9 259 0 9.9 7.9 10.0 0.0 0 0 4 3 3
1911.6 6813.9 0.1 261 0 19.0 8.4 7.5 2.5 2 0 3 4 4
1985.6 6837.8 2.5 259 0 10.3 20.4 5.0 0.0 0 1 2 2 2
2006.1 6844.6 3.2 261 0 9.8 16.0 5.0 2.5 2 1 2 5 5
2136.2 6822.1 4.2 354 0 20.1 13.9 7.5 2.5 2 0 3 5 5
2148.0 6793.1 3.8 356 0 10.6 19.1 7.5 2.5 2 1 3 0 0
2150.5 6771.7 3.5 355 0 8.7 18.3 7.5 2.5 2 1 3 1 1
2154.4 6750.8 3.7 355 0 10.6 11.5 5.0 2.5 2 1 2 3 3
2156.8 6714.0 3.3 355 0 12.1 9.0 5.0 2.5 2 0 2 0 0
2103.1 6892.5 6.1 264 0 22.4 13.3 7.5 2.5 2 0 3 0 0
2023.0 6862.9 4.1 88 0 18.0 11.6 7.5 2.5 4 0 3 3 3
1965.2 6861.1 2.9 78 0 11.9 13.1 7.5 2.5 4 1 3 1 1
1930.5 6847.4 1.8 86 0 13.2 16.5 5.0 2.5 4 1 2 2 2
-277.9 6378.6 9.5 11 0 10.9 11.1 10.5 2.5 4 1 3 0 0
-184.9 6277.7 7.9 113 0 13.4 9.9 5.0 2.5 2 0 2 0 0
-57.5 6326.4 9.3 294 0 10.7 15.4 5.0 2.5 2 1 2 1 1
-406.7 6027.8 0.7 183 0 18.6 11.1 5.0 2.5 2 0 2 2 2
-436.3 5786.1 5.6 99 0 13.1 8.5 5.0 2.5 2 0 2 0 0
-822.4 6742.6 5.9 6 0 9.4 11.1 5.0 2.5 2 1 2 5 5
-982.0 6712.2 4.5 118 0 11.8 17.2 5.0 2.5 2 1 2 1 1
-1224.7 6882.4 5.5 270 0 16.2 10.7 5.0 2.5 2 0 2 3 3
-1132.0 6789.2 6.2 24 0 8.3 8.0 5.0 2.5 2 0 2 1 1
-1140.1 6790.6 6.4 24 0 12.4 6.0 5.0 2.5 2 0 2 1 1
-1781.7 5606.1 -5.6 156 0 8.3 26.0 5.0 2.5 2 1 2 4 4
-1799.8 5623.7 -7.3 159 0 29.7 9.8 10.0 2.5 2 0 4 5 5
-1696.0 5612.6 -5.4 57 0 12.6 8.7 10.0 2.5 2 0 4 0 0
-1846.7 5436.7 -5.0 348 0 7.9 10.1 5.0 2.5 2 1 2 2 2
-1862.4 5510.1 -6.8 62 0 6.5 17.3 5.0 0.0 0 1 2 3 3
-125.6 6269.8 7.6 100 0 12.5 7.5 2.5 2.5 2 0 1 5 5
-84.4 6329.5 9.9 198 0 7.8 10.7 5.0 2.5 4 1 2 4 4
171.8 6258.1 9.7 184 0 9.3 16.2 5.0 2.5 2 1 2 1 1
792.1 6001.9 6.8 182 0 10.1 10.6 5.0 2.5 2 1 2 3 3
812.7 6037.6 7.7 189 0 9.6 12.0 5.0 2.5 2 1 2 2 2
814.8 5976.2 5.5 6 0 13.7 8.3 5.0 2.5 2 0 2 3 3
732.8 5970.3 6.8 4 0 15.8 9.8 5.0 2.5 2 0 2 3 3
704.1 6064.2 7.4 1 0 13.6 9.0 5.0 0.0 0 0 2 5 5
758.1 5956.2 6.1 186 0 9.3 11.6 5.0 2.5 2 1 2 5 5
693.7 5995.4 7.5 187 0 11.2 8.7 5.0 2.5 4 0 2 0 0
620.7 5777.5 -1.5 99 0 14.5 9.0 5.0 2.5 2 0 2 2 2
629.2 5811.6 -1.3 276 0 15.6 11.2 5.0 2.5 2 0 2 1 1
2180.3 6768.9 1.7 158 0 8.9 15.8 10.0 2.5 4 1 4 0 0
2178.2 6820.1 2.1 167 0 18.8 12.6 5.0 2.5 2 0 2 0 0
2187.7 6858.7 3.6 350 0 17.6 17.9 12.5 2.5 2 1 5 1 1
4909.7 6063.9 -3.8 91 0 12.1 19.7 5.0 2.5 2 1 2 4 4
4936.5 5619.2 -0.3 197 0 14.9 10.3 10.0 2.5 2 0 4 5 5
5104.7 5794.5 3.0 278 0 10.9 9.2 7.5 2.5 2 0 3 2 2
5072.2 5769.0 2.9 107 0 16.1 10.5 7.5 2.5 2 0 3 3 3
5345.2 5689.2 7.0 78 0 15.6 9.8 2.5 2.5 2 0 1 4 4
3856.8 -6829.4 -21.6 95 0 14.8 11.9 7.5 2.5 2 0 3 2 2
3620.9 -6657.5 -19.3 112 0 6.8 11.7 5.0 2.5 2 1 2 5 5
3710.9 -6793.6 -19.4 65 0 9.7 13.7 7.5 2.5 4 1 3 5 5
5237.1 -5140.8 -9.1 1 0 11.8 9.2 7.5 2.5 2 0 3 2 2
5227.9 -5117.0 -7.1 347 0 7.6 10.8 7.5 2.5 2 1 3 3 3
5224.0 -5082.4 -5.4 257 0 12.1 9.4 7.5 2.5 2 0 3 4 4
5198.8 -4904.7 -1.4 107 0 11.1 8.7 5.0 2.5 2 0 2 5 5
5216.4 -4987.9 -2.6 177 0 13.0 11.1 7.5 2.5 2 0 3 5 5
5317.8 -4897.5 -9.3 79 0 8.1 11.3 10.0 2.5 2 1 4 4 4
5403.6 -4912.7 -8.1 255 0 12.8 11.7 2.5 2.5 2 0 1 4 4
5778.7 -4773.4 -0.4 159 0 9.2 9.8 5.0 2.5 2 1 2 3 3
5795.6 -4809.1 -0.5 74 0 12.3 14.4 7.5 0.0 0 1 3 3 3
5716.2 -4836.1 -4.2 70 0 12.5 12.2 10.0 2.5 2 0 4 2 2
5762.8 -4877.8 -1.4 77 0 14.1 11.8 7.5 2.5 2 0 3 4 4
5584.4 -4861.9 -7.9 253 0 13.9 10.9 7.5 2.5 2 0 3 1 1
5592.6 -4895.0 -7.2 70 0 14.4 10.5 7.5 2.5 2 0 3 2 2
5629.0 -5021.6 -5.7 72 0 10.0 9.9 5.0 2.5 2 0 2 1 1
5723.0 -5003.8 -5.6 266 0 10.7 13.3 5.0 2.5 2 1 2 2 2
5787.0 -5106.2 -9.2 85 0 12.1 13.1 7.5 2.5 2 1 3 1 1
5897.6 -6811.1 -21.1 93 0 10.1 11.9 5.0 2.5 2 1 2 3 3
5849.3 -6542.3 -17.0 183 0 18.3 19.2 10.0 2.5 2 1 4 2 2
5980.9 -6472.5 -15.1 3 0 18.3 19.2 10.0 2.5 2 1 4 2 2
6114.5 -1978.7 2.9 195 0 11.6 8.5 5.0 2.5 2 0 2 0 0
4921.9 -5058.7 -3.8 270 0 10.1 9.9 7.5 0.0 0 0 3 1 1
5097.5 -4982.4 -0.2 89 0 16.3 13.9 5.0 2.5 2 0 2 2 2
5153.4 -4982.0 -0.3 351 0 16.8 13.4 5.0 2.5 2 0 2 2 2
5171.6 -5093.4 -4.8 358 0 10.1 17.2 5.0 2.5 2 1 2 3 3
5156.2 -5033.0 -1.2 1 0 10.6 21.7 5.0 2.5 2 1 2 1 1
5171.9 -4882.0 -0.5 119 0 11.4 7.4 7.5 2.5 2 0 3 4 4
6746.0 -3443.3 6.3 172 0 9.1 20.3 2.5 2.5 2 1 1 1 1
6614.5 -3441.5 7.5 355 0 7.3 12.5 7.5 2.5 2 1 3 5 5
6754.4 -6813.2 -20.2 93 0 9.6 11.8 7.5 2.5 2 1 3 4 4
2386.1 -6344.8 -22.4 92 0 16.3 15.8 10.0 2.5 2 0 4 2 2
2241.2 -6543.6 -24.6 151 0 6.1 7.7 5.0 2.5 2 1 2 1 1
2409.1 -6494.1 -19.2 105 0 14.2 10.1 7.5 2.5 2 0 3 1 1
2355.0 -6489.9 -21.4 95 0 7.8 9.0 7.5 2.5 2 1 3 5 5
2649.4 -6676.9 -13.7 124 0 12.0 9.2 10.0 2.5 2 0 4 5 5
2709.0 -6671.8 -13.8 117 0 11.2 13.5 7.5 2.5 2 1 3 5 5
3051.2 -6860.0 -21.6 312 0 13.7 10.3 5.0 2.5 2 0 2 1 1
2993.7 -6839.9 -21.1 138 0 13.6 7.4 7.5 2.5 2 0 3 1 1
2915.8 -6769.2 -19.2 300 0 6.8 7.4 10.0 2.5 2 1 4 1 1
2820.5 -3403.1 -11.7 259 0 12.0 8.1 7.5 0.0 0 0 3 0 0
5668.0 -2721.9 8.7 340 0 9.6 13.0 5.0 2.5 2 1 2 0 0
5495.2 -2684.6 12.3 107 0 7.3 9.5 7.5 2.5 2 1 3 2 2
4531.8 -6867.3 -21.7 87 0 9.5 14.8 5.0 2.5 2 1 2 4 4
4275.7 -6728.8 -18.5 74 0 20.4 18.9 10.0 2.5 2 0 4 1 1
3789.0 -4382.7 5.6 95 0 9.7 16.7 7.5 2.5 2 1 3 3 3
3756.4 -4479.3 12.4 11 0 11.6 20.4 5.0 2.5 2 1 2 2 2
3835.5 -4363.4 5.6 54 0 9.7 6.5 7.5 2.5 2 0 3 2 2
3719.0 -4522.4 14.0 101 0 6.5 9.7 2.5 2.5 4 1 1 1 1
3762.4 -4489.1 13.7 11 0 9.7 6.5 7.5 2.5 2 0 3 1 1
3633.5 -4418.1 5.9 101 0 6.5 9.7 5.0 2.5 2 1 2 4 4
4175.9 -5882.1 -2.3 145 0 13.4 10.0 5.0 2.5 2 0 2 5 5
5012.3 -6369.5 -15.1 192 0 14.5 10.3 7.5 2.5 2 0 3 0 0
5083.2 -6390.0 -15.2 69 0 10.3 14.5 2.5 2.5 2 1 1 5 5
5804.1 -5692.2 -10.7 103 0 9.1 10.0 7.5 2.5 2 1 3 2 2
6000.8 -5849.3 -15.4 351 0 11.1 8.7 7.5 2.5 2 0 3 2 2
5997.1 -5818.8 -16.7 348 0 18.7 10.9 7.5 2.5 2 0 3 1 1
6708.4 -4657.5 -6.1 352 0 12.4 11.2 5.0 2.5 4 0 2 2 2
6732.0 -4789.3 -7.3 290 0 11.1 19.4 2.5 2.5 4 1 1 3 3
6597.3 -4844.0 -10.7 16 0 9.5 9.5 7.5 2.5 2 0 3 4 4
6700.3 -4731.3 -6.2 0 0 7.0 10.0 7.5 2.5 2 1 3 1 1
6676.6 -4869.9 -9.8 193 0 11.5 12.6 7.5 2.5 2 1 3 4 4
6654.0 -4933.9 -11.6 20 0 12.9 12.1 2.5 2.5 4 0 1 2 2
6699.3 -4981.3 -10.8 193 0 10.3 11.0 5.0 2.5 2 1 2 0 0
6735.1 -5012.3 -10.4 14 0 8.8 24.8 2.5 2.5 2 1 1 0 0
6630.4 -5053.0 -11.9 14 0 12.2 9.2 5.0 2.5 2 0 2 3 3
6607.9 -5192.0 -9.5 194 0 13.4 14.3 2.5 2.5 2 1 1 3 3
6567.8 -5247.7 -10.6 21 0 26.9 10.6 10.0 2.5 2 0 4 1 1
5181.1 -6878.3 -20.1 95 0 13.0 8.0 7.5 2.5 4 0 3 3 3
5112.1 -6576.0 -18.4 87 0 10.0 10.3 5.0 2.5 2 1 2 2 2
5099.7 -6702.5 -19.2 112 0 10.2 9.7 2.5 2.5 2 0 1 1 1
5106.4 -6775.1 -21.0 189 0 9.5 11.6 5.0 2.5 4 1 2 0 0
5188.2 -6692.9 -19.1 110 0 11.5 16.7 2.5 2.5 2 1 1 5 5
5253.7 -6640.7 -19.9 6 0 15.3 13.3 7.5 2.5 4 0 3 4 4
5342.1 -6711.4 -22.4 292 0 20.0 11.2 5.0 2.5 2 0 2 4 4
5374.9 -6572.6 -18.3 89 0 11.3 13.3 7.5 2.5 2 1 3 2 2
5424.6 -6683.8 -22.4 279 0 14.5 13.0 7.5 2.5 2 0 3 5 5
5428.3 -6730.1 -23.1 19 0 14.4 9.5 2.5 2.5 2 0 1 5 5
5486.7 -6587.5 -19.2 200 0 9.3 13.8 10.0 2.5 2 1 4 2 2
5581.8 -6534.7 -19.3 297 0 8.7 11.8 2.5 2.5 2 1 1 3 3
5563.5 -6711.8 -18.3 103 0 9.1 11.0 5.0 2.5 2 1 2 2 2
5527.6 -6806.7 -21.2 108 0 15.5 15.6 7.5 2.5 2 1 3 4 4
5628.9 -6825.5 -19.1 17 0 11.9 9.3 7.5 2.5 2 0 3 5 5
5637.7 -6779.4 -18.8 286 0 12.3 13.6 5.0 2.5 2 1 2 1 1
5720.7 -6791.0 -22.7 101 0 8.0 12.8 10.0 2.5 2 1 4 4 4
5723.5 -6718.1 -20.8 198 0 11.7 11.5 5.0 2.5 2 0 2 5 5
5783.0 -6663.8 -20.3 6 0 14.4 8.1 7.5 2.5 2 0 3 3 3
5270.2 -6848.4 -21.5 106 0 11.3 13.3 7.5 2.5 2 1 3 2 2
5354.2 -6039.0 -6.6 112 0 9.6 13.4 5.0 2.5 2 1 2 5 5
5439.0 -5983.1 -9.8 2 0 9.4 14.6 7.5 2.5 2 1 3 0 0
5414.4 -5981.6 -9.0 209 0 7.9 7.9 10.0 2.5 2 1 4 5 5
5433.4 -6087.6 -12.8 110 0 12.1 12.4 2.5 2.5 2 1 1 3 3
5510.5 -6455.2 -20.0 17 0 12.2 11.0 5.0 2.5 2 0 2 0 0
5586.6 -4330.7 -3.6 67 0 8.6 18.1 7.5 2.5 2 1 3 1 1
5535.4 -4400.2 -4.1 86 0 8.4 8.7 10.0 2.5 2 1 4 5 5
5677.0 -4190.9 -0.2 73 0 12.0 10.3 7.5 2.5 2 0 3 4 4
5707.4 -4429.5 -2.3 86 0 9.9 13.3 2.5 2.5 2 1 1 0 0
5677.9 -4619.6 -2.5 158 0 13.3 15.0 7.5 2.5 2 1 3 2 2
5756.2 -4329.6 0.2 78 0 10.1 8.5 7.5 2.5 2 0 3 0 0
5723.3 -4163.3 2.7 267 0 15.1 8.8 7.5 2.5 2 0 3 3 3
5249.9 -5376.0 -4.9 355 0 11.2 10.5 7.5 2.5 2 0 3 4 4
5215.9 -5351.7 -5.0 178 0 11.3 8.5 2.5 0.0 0 0 1 1 1
5274.5 -5718.3 -5.3 86 0 13.3 12.5 7.5 2.5 2 0 3 3 3
5387.0 -5565.2 -7.7 88 0 9.6 14.7 5.0 2.5 2 1 2 2 2
5781.8 -5764.9 -11.2 1 0 12.8 13.9 7.5 2.5 2 1 3 0 0
5612.3 -3343.3 5.2 88 0 10.0 11.3 7.5 2.5 2 1 3 2 2
5533.0 -3323.9 4.2 84 0 14.4 9.3 2.5 2.5 2 0 1 0 0
5565.2 -3410.5 3.4 342 0 8.2 13.0 10.0 2.5 2 1 4 4 4
5781.5 -3371.4 8.1 244 0 14.8 12.9 7.5 2.5 2 0 3 5 5
5726.0 -2861.1 8.9 308 0 16.1 20.6 15.0 0.0 0 1 6 1 1
5440.3 -2956.1 4.5 349 0 8.8 10.1 5.0 2.5 2 1 2 4 4
6483.5 -4541.0 0.3 74 0 7.7 8.1 5.0 2.5 2 1 2 4 4
6568.6 -4554.6 -1.6 77 0 13.5 13.2 7.5 2.5 2 0 3 1 1
6013.6 -3337.2 11.3 87 0 12.4 10.1 2.5 2.5 2 0 1 2 2
6206.6 -3239.7 15.9 73 0 7.7 9.2 7.5 2.5 2 1 3 1 1
6211.3 -3289.0 17.0 341 0 9.6 11.3 10.0 2.5 2 1 4 0 0
6332.0 -3304.8 16.6 57 0 6.2 9.1 7.5 2.5 2 1 3 0 0
6356.1 -2948.0 10.6 175 0 16.5 14.0 7.5 2.5 2 0 3 4 4
5925.7 -2928.7 11.2 8 0 8.2 10.5 7.5 2.5 2 1 3 3 3
5800.1 -3289.8 8.4 64 0 13.7 10.6 7.5 2.5 2 0 3 5 5
5451.6 -3866.7 3.4 213 0 10.2 14.7 7.5 2.5 2 1 3 5 5
5706.4 -3688.2 2.7 124 0 8.3 6.8 7.5 2.5 2 0 3 0 0
5480.4 -3893.4 1.5 352 0 7.5 10.7 7.5 2.5 2 1 3 4 4
5468.6 -4006.3 -3.5 339 0 7.9 17.5 7.5 2.5 2 1 3 3 3
5656.0 -3458.3 7.0 50 0 10.6 15.8 5.0 2.5 2 1 2 1 1
6761.1 -3495.6 5.2 258 0 6.3 17.8 5.0 2.5 2 1 2 3 3
6686.7 -3553.4 5.4 252 0 10.8 15.7 7.5 2.5 2 1 3 2 2
6683.5 -3600.2 5.0 187 0 6.6 11.7 10.0 2.5 2 1 4 4 4
6760.3 -3893.6 8.4 275 0 11.5 10.7 7.5 2.5 2 0 3 4 4
6775.5 -3959.7 7.2 351 0 9.0 13.5 10.0 2.5 2 1 4 4 4
6893.7 -3806.5 5.5 342 0 6.3 8.3 5.0 0.0 0 1 2 0 0
6854.3 -3722.4 4.3 258 0 6.1 7.6 7.5 2.5 2 1 3 5 5
6855.6 -3740.3 4.5 73 0 11.8 6.8 7.5 2.5 2 0 3 2 2
6829.0 -3454.4 3.8 190 0 8.2 15.8 7.5 2.5 2 1 3 3 3
6479.2 -4525.3 0.4 255 0 8.2 7.1 5.0 2.5 2 0 2 1 1
6639.2 -4601.0 -3.6 88 0 10.4 10.5 10.0 2.5 2 1 4 5 5
6464.9 -4569.1 0.1 82 0 19.0 14.1 10.0 2.5 4 0 4 3 3
6703.4 -4485.0 -1.1 251 0 9.9 7.0 7.5 2.5 4 0 3 2 2
6767.1 -4404.1 -1.3 80 0 8.6 6.5 5.0 2.5 4 0 2 3 3
6780.4 -4569.4 -5.3 359 0 10.7 12.9 7.5 0.0 0 1 3 2 2
6668.7 -4537.0 -2.5 75 0 8.3 14.9 7.5 2.5 2 1 3 0 0
6619.0 -4536.7 -2.3 78 0 12.9 8.7 5.0 2.5 2 0 2 2 2
6103.1 -6249.7 -18.4 98 0 8.4 7.3 10.0 2.5 2 0 4 2 2
5963.4 -5939.4 -13.6 87 0 9.8 9.9 5.0 2.5 2 1 2 2 2
5830.7 -5929.8 -11.4 179 0 8.9 18.5 7.5 2.5 2 1 3 2 2
5824.2 -6022.0 -15.4 105 0 17.7 10.4 7.5 2.5 2 0 3 3 3
5814.1 -6417.4 -18.5 201 0 21.4 9.2 5.0 2.5 2 0 2 4 4
5854.8 -6474.6 -16.5 178 0 10.7 19.7 2.5 2.5 2 1 1 0 0
6555.5 -5542.5 -13.4 294 0 9.5 9.1 7.5 2.5 2 0 3 1 1
6891.7 -5448.0 -8.7 18 0 12.6 11.9 2.5 2.5 4 0 1 5 5
6831.0 -5504.2 -11.4 360 0 14.8 9.0 10.0 2.5 2 0 4 3 3
6832.9 -5574.5 -11.4 187 0 8.2 12.7 7.5 2.5 2 1 3 5 5
6615.4 -5661.2 -15.9 110 0 8.7 16.7 7.5 2.5 2 1 3 3 3
6732.6 -5333.8 -9.8 16 0 6.9 10.0 5.0 2.5 2 1 2 3 3
6606.5 -5287.9 -10.0 20 0 11.6 9.7 7.5 2.5 2 0 3 2 2
6483.9 -5407.5 -12.4 5 0 11.1 8.8 7.5 2.5 2 0 3 1 1
6454.0 -5490.0 -13.6 304 0 7.8 11.5 5.0 2.5 2 1 2 5 5
6500.0 -5527.7 -13.3 205 0 11.9 9.8 7.5 2.5 2 0 3 3 3
6465.0 -5577.5 -13.9 215 0 12.0 8.7 5.0 2.5 2 0 2 5 5
6418.5 -5736.4 -17.3 106 0 10.8 11.1 5.0 2.5 2 1 2 3 3
5828.8 -4833.5 0.3 272 0 14.6 9.0 10.0 2.5 2 0 4 1 1
6077.6 -4796.3 -1.9 221 0 14.6 9.3 7.5 2.5 2 0 3 4 4
6274.4 -4664.2 -1.8 83 0 15.4 10.7 7.5 2.5 2 0 3 4 4
6347.7 -4791.9 -7.6 175 0 7.4 10.9 2.5 2.5 2 1 1 0 0
6316.3 -4908.2 -9.1 74 0 8.3 15.8 7.5 2.5 2 1 3 1 1
5805.7 -4929.5 -2.0 182 0 9.5 9.0 2.5 2.5 2 0 1 1 1
5821.3 -4872.6 0.0 1 0 8.1 15.1 5.0 2.5 2 1 2 2 2
6384.7 -4548.8 0.3 263 0 14.7 10.5 5.0 2.5 2 0 2 3 3
6290.1 -4590.5 -1.5 173 0 9.2 12.9 7.5 2.5 2 1 3 4 4
6066.4 -4583.6 1.8 272 0 9.4 13.5 7.5 2.5 2 1 3 2 2
3654.7 -6315.6 -11.8 180 0 14.0 9.4 10.0 2.5 2 0 4 0 0
3510.4 -6089.8 -11.7 99 0 15.1 18.6 7.5 2.5 4 1 3 4 4
6024.9 -6058.7 -17.0 187 0 13.2 18.5 5.0 2.5 2 1 2 3 3
5646.1 -6816.6 -18.8 1 0 7.6 6.9 5.0 2.5 2 0 2 0 0
5587.2 -6532.6 -19.5 210 0 6.3 10.0 5.0 2.5 2 1 2 0 0
5691.1 -6636.5 -20.2 198 0 7.7 10.0 7.5 2.5 2 1 3 3 3
3565.4 -6739.5 -19.9 354 0 13.4 10.0 5.0 2.5 4 0 2 5 5
5040.1 -6553.3 -16.4 95 0 10.2 9.7 7.5 2.5 2 0 3 2 2
