-1872.7 -6137.9 -161.5 25 0 14.0 9.7 7.5 2.5 2 0 3 3 3
-1838.7 -6130.0 -164.9 196 0 19.2 15.6 10.0 2.5 2 0 4 0 0
-1864.3 -6110.9 -155.4 24 0 15.5 14.7 5.0 2.5 2 0 2 4 4
-1869.5 -6082.5 -150.0 5 0 15.5 18.1 12.5 2.5 2 0 5 2 2
-1857.3 -6061.0 -148.4 352 0 11.9 23.3 12.5 2.5 2 0 5 5 5
-1896.2 -6045.8 -139.1 209 0 10.7 10.1 5.0 2.5 2 0 2 1 1
-1877.3 -5993.0 -139.2 199 0 16.6 17.4 15.0 2.5 2 0 6 0 0
-1822.3 -6022.5 -146.2 284 0 14.5 10.6 7.5 2.5 2 0 3 2 2
-1864.7 -5932.6 -137.7 197 0 27.2 8.6 10.5 2.5 2 0 3 2 2
-1842.0 -5933.4 -139.6 19 0 16.1 9.4 14.0 2.5 2 0 4 5 5
-1846.0 -6182.6 -173.1 253 0 10.4 18.5 7.5 2.5 2 1 3 3 3
-1884.5 -6217.4 -176.8 215 0 23.0 9.8 2.5 2.5 2 0 1 1 1
-1917.1 -6235.7 -178.4 49 0 17.0 10.9 5.0 2.5 2 0 2 1 1
-1940.0 -6233.8 -177.1 86 0 13.8 17.8 5.0 2.5 2 0 2 1 1
-1956.7 -6245.8 -178.7 83 0 10.0 20.0 7.5 2.5 2 0 3 4 4
-2026.3 -6239.7 -174.5 77 0 8.5 17.5 10.0 2.5 2 0 4 2 2
-2135.4 -6295.2 -180.8 75 0 17.1 15.2 12.5 2.5 2 0 5 4 4
-2154.2 -6249.8 -176.5 162 0 8.7 12.9 7.5 2.5 2 0 3 4 4
-2177.9 -6203.2 -158.1 111 0 13.6 14.4 10.0 2.5 2 0 4 2 2
-1998.7 -6235.7 -173.2 78 0 12.9 12.2 7.5 2.5 2 0 3 1 1
-2050.1 -6192.8 -158.7 268 0 9.9 12.4 5.0 2.5 2 0 2 2 2
-2068.2 -6164.3 -150.8 267 0 13.1 16.0 2.5 2.5 2 0 1 3 3
-2118.4 -6167.6 -154.9 298 0 10.2 9.4 7.5 2.5 2 0 3 2 2
-2100.2 -6202.4 -161.9 79 0 9.0 10.2 5.0 2.5 2 0 2 5 5
-2114.9 -6228.8 -173.2 46 0 10.3 20.2 10.0 2.5 2 0 4 2 2
-2149.1 -6191.1 -159.7 196 0 6.9 14.4 2.5 2.5 2 1 1 0 0
-2169.2 -6180.0 -154.0 214 0 6.9 10.6 10.0 2.5 2 1 4 3 3
-2208.4 -6180.4 -155.1 208 0 6.5 21.9 12.5 2.5 4 1 5 0 0
-1886.9 -6262.0 -181.5 267 0 14.2 22.0 10.0 2.5 2 1 4 1 1
-1902.4 -6265.1 -181.2 264 0 11.5 19.5 5.0 2.5 2 1 2 1 1
-1916.7 -6279.5 -181.7 270 0 8.7 11.1 2.5 2.5 2 1 1 5 5
-1930.3 -6272.0 -181.7 265 0 7.0 7.0 5.0 0.0 0 1 2 5 5
-1949.1 -6279.5 -181.9 222 0 12.7 10.2 7.5 2.5 2 0 3 5 5
-1968.9 -6311.9 -182.6 195 0 8.9 32.8 10.0 2.5 2 1 4 3 3
-1953.9 -6333.9 -183.1 185 0 9.2 16.1 10.5 2.5 2 1 3 4 4
-1977.0 -6322.5 -182.9 195 0 8.5 9.5 10.5 2.5 4 1 3 2 2
-1962.9 -6330.5 -183.0 194 0 6.1 7.8 5.0 2.5 2 1 2 0 0
-1994.8 -6349.2 -184.7 193 0 12.0 10.8 5.0 0.0 0 0 2 3 3
-1971.1 -6365.0 -185.0 106 0 10.2 18.7 10.5 0.0 0 1 3 0 0
-1953.5 -6369.7 -185.1 102 0 11.6 20.5 7.5 0.0 0 1 3 2 2
-1855.1 -6352.9 -184.9 74 0 14.9 33.0 12.5 2.5 2 1 5 4 4
-1835.7 -6346.9 -184.6 79 0 13.3 15.2 5.0 2.5 2 1 2 0 0
-1834.2 -6307.1 -183.1 269 0 7.7 10.5 5.0 2.5 2 1 2 3 3
-1841.4 -6317.0 -183.4 350 0 8.0 7.4 5.0 2.5 4 0 2 2 2
-1809.3 -6340.5 -183.9 79 0 15.7 11.7 7.5 2.5 2 0 3 5 5
-1822.3 -6202.6 -173.8 89 0 8.5 14.2 7.5 2.5 2 1 3 5 5
-1786.7 -6174.0 -170.4 326 0 14.2 10.4 7.5 0.0 0 0 3 5 5
-1734.3 -6212.6 -173.6 102 0 10.5 20.9 5.0 2.5 2 1 2 2 2
-1751.7 -6104.0 -152.3 9 0 16.0 8.3 7.5 0.0 0 0 3 4 4
-1768.1 -6057.3 -145.6 270 0 6.1 18.8 7.5 2.5 2 1 3 3 3
-1785.1 -6111.7 -155.2 83 0 8.4 13.5 7.5 2.5 2 1 3 5 5
-1789.2 -6052.2 -146.5 308 0 7.2 11.3 7.5 2.5 2 1 3 2 2
-1783.1 -6057.0 -146.4 308 0 8.3 11.3 7.5 2.5 2 1 3 0 0
-2805.0 -6736.3 -193.3 252 0 38.4 36.4 14.0 0.0 0 0 4 5 5
2159.1 -6896.4 -151.3 85 0 21.1 12.9 5.0 2.5 4 0 2 1 1
2292.4 -6884.6 -147.3 353 0 12.8 12.0 5.0 2.5 2 0 2 3 3
2822.4 -6766.8 -143.4 80 0 15.8 21.1 12.5 2.5 2 1 5 0 0
2925.0 -6450.6 -157.0 93 0 15.7 14.5 10.0 2.5 2 0 4 4 4
3172.9 -5967.0 -129.5 78 0 12.8 17.3 2.5 2.5 2 1 1 4 4
1849.9 -6897.5 -152.0 77 0 12.3 8.2 5.0 2.5 2 0 2 2 2
1860.1 -6838.8 -153.2 224 0 13.8 16.9 7.5 2.5 4 1 3 4 4
1900.4 -6809.9 -152.9 266 0 18.8 12.6 5.0 2.5 2 0 2 1 1
1686.9 -6819.4 -160.3 102 0 8.7 15.6 7.5 2.5 2 1 3 5 5
1727.3 -6715.6 -162.7 54 0 23.6 8.8 5.0 2.5 2 0 2 0 0
1955.8 -6145.5 -136.7 25 0 8.8 17.8 14.0 3.5 4 1 4 5 5
1800.6 -6042.4 -155.7 203 0 12.2 23.7 14.0 3.5 2 1 4 3 3
1887.9 -6091.0 -146.2 214 0 18.2 10.0 14.0 3.5 2 0 4 5 5
1729.0 -5730.3 -143.0 305 0 9.2 19.2 10.5 3.5 2 1 3 2 2
1861.7 -6077.4 -153.2 33 0 19.8 21.1 14.0 3.5 2 1 4 5 5
1913.5 -6040.4 -145.5 240 0 16.9 26.8 14.0 3.5 2 1 4 3 3
1968.3 -6096.7 -135.9 303 0 10.6 12.6 14.0 3.5 2 1 4 0 0
1868.7 -6149.4 -149.3 144 0 10.2 14.2 14.0 3.5 2 1 4 1 1
1612.9 -5635.9 -130.8 153 0 9.9 8.2 5.0 2.5 2 0 2 0 0
1942.7 -6112.2 -139.4 32 0 14.8 12.5 14.0 3.5 2 0 4 0 0
1660.0 -5753.2 -137.9 312 0 30.5 12.4 10.5 3.5 4 0 3 2 2
1907.6 -5947.9 -150.3 125 0 21.6 14.7 10.5 3.5 2 0 3 3 3
1873.2 -6001.2 -152.1 307 0 6.4 11.2 14.0 3.5 2 1 4 0 0
1954.4 -6091.6 -138.7 348 0 11.8 11.9 14.0 3.5 4 1 4 0 0
1996.9 -6032.0 -136.5 38 0 22.8 16.4 10.5 3.5 2 0 3 1 1
1972.3 -5968.7 -139.9 131 0 9.4 14.6 10.5 3.5 2 1 3 4 4
1933.7 -6166.5 -139.0 61 0 14.2 16.5 14.0 3.5 2 1 4 1 1
1895.6 -6167.9 -144.6 142 0 14.1 14.6 14.0 3.5 2 1 4 3 3
1736.6 -5780.3 -144.3 52 0 8.1 19.7 10.5 0.0 0 1 3 3 3
1804.0 -6068.6 -156.3 122 0 22.4 13.6 14.0 3.5 2 0 4 2 2
1617.2 -5653.3 -132.9 152 0 15.1 13.0 7.5 2.5 2 0 3 5 5
1725.4 -5789.9 -143.4 48 0 9.0 20.1 10.5 3.5 4 1 3 5 5
1700.0 -5774.0 -142.1 124 0 8.7 30.9 10.5 3.5 4 1 3 5 5
1704.1 -5737.8 -140.7 305 0 9.3 31.9 10.5 3.5 2 1 3 4 4
1853.2 -6152.7 -154.2 315 0 9.7 15.0 10.5 3.5 2 1 3 3 3
1858.8 -6011.5 -153.9 311 0 6.4 9.3 14.0 3.5 2 1 4 4 4
1886.0 -6046.5 -150.1 41 0 9.0 14.8 14.0 3.5 2 1 4 5 5
1794.9 -6086.5 -158.4 299 0 13.4 26.7 14.0 3.5 2 1 4 5 5
1822.5 -5980.7 -156.2 210 0 7.1 9.1 14.0 3.5 2 1 4 1 1
1376.0 -6201.3 -164.0 185 0 16.3 17.4 5.0 2.5 2 1 2 3 3
1673.7 -6107.6 -159.1 303 0 32.7 12.4 3.5 3.5 2 0 1 5 5
-1737.6 -2053.8 155.9 2 0 60.6 27.4 12.5 0.0 0 0 5 0 0
-2488.0 -6620.7 -196.0 57 0 39.4 18.6 12.5 2.5 2 0 5 3 3
-2957.0 -6647.7 -189.8 347 0 7.6 8.9 14.0 3.5 2 1 4 4 4
-2956.4 -6605.9 -192.3 248 0 19.8 31.3 14.0 0.0 0 1 4 3 3
-2938.5 -6764.7 -183.1 271 0 13.2 20.4 14.0 3.5 2 1 4 2 2
-2930.9 -6815.9 -180.7 176 0 17.8 8.4 14.0 3.5 2 0 4 0 0
-2936.5 -6833.3 -179.4 178 0 11.5 15.4 14.0 3.5 2 1 4 5 5
-2985.3 -6844.0 -180.0 237 0 23.2 36.4 14.0 0.0 0 1 4 2 2
-2966.0 -6829.3 -180.1 242 0 16.8 18.1 14.0 3.5 2 1 4 1 1
-2864.4 -6770.1 -190.0 24 0 40.7 12.1 14.0 0.0 0 0 4 3 3
-2808.5 -6727.4 -193.9 248 0 10.2 6.4 14.0 3.5 2 0 4 3 3
-2808.7 -6894.4 -178.7 48 0 20.0 30.3 14.0 0.0 0 1 4 1 1
-2793.1 -6832.8 -183.5 17 0 8.2 18.6 14.0 3.5 2 1 4 2 2
-2829.8 -6826.3 -182.7 283 0 6.6 28.3 14.0 3.5 2 1 4 0 0
-2705.2 -6802.6 -185.9 285 0 13.0 7.5 14.0 3.5 2 0 4 5 5
-2770.0 -6806.7 -186.4 196 0 16.5 54.9 14.0 3.5 2 1 4 2 2
-2921.4 -6866.1 -178.1 95 0 10.3 14.6 14.0 0.0 0 1 4 4 4
-2907.1 -6883.7 -176.7 86 0 11.1 9.3 14.0 3.5 2 0 4 5 5
-2843.0 -6846.3 -180.5 5 0 10.5 24.5 14.0 3.5 4 1 4 2 2
-2853.9 -6828.1 -181.8 276 0 21.8 10.3 14.0 3.5 2 0 4 0 0
-2887.7 -6821.3 -181.4 276 0 34.6 21.6 14.0 0.0 0 0 4 3 3
-2895.3 -6734.8 -191.7 78 0 34.6 10.1 14.0 3.5 2 0 4 2 2
-2597.2 -4208.9 -160.5 1 0 37.2 96.3 12.5 0.0 0 1 5 1 1
1510.8 -5951.4 -148.1 333 0 9.6 18.2 5.0 2.5 2 1 2 0 0
1465.6 -6014.5 -149.1 166 0 15.0 18.1 7.5 2.5 2 1 3 3 3
1455.3 -6089.7 -154.3 248 0 10.4 19.0 5.0 0.0 0 1 2 0 0
-1777.2 -2083.1 155.2 86 0 10.3 29.8 12.5 2.5 4 1 5 5 5
-1786.8 -2024.3 154.7 267 0 9.3 16.6 7.5 2.5 2 1 3 1 1
-1776.3 -2088.5 157.1 265 0 12.1 12.1 5.0 0.0 0 1 2 5 5
-1866.4 -2136.9 151.4 232 0 20.1 9.5 2.5 2.5 2 0 1 5 5
-1898.4 -2138.2 145.1 62 0 14.0 6.3 2.5 2.5 2 0 1 4 4
-1912.7 -2239.6 156.8 320 0 7.0 15.6 5.0 2.5 2 1 2 0 0
-1921.5 -2233.1 155.3 320 0 7.0 18.1 2.5 2.5 2 1 1 0 0
-1944.0 -2250.5 155.2 322 0 12.7 8.4 2.5 2.5 2 0 1 2 2
-2155.5 -2311.6 129.5 134 0 9.6 17.2 2.5 2.5 2 1 1 1 1
-2120.7 -2233.8 124.4 68 0 14.2 8.8 2.5 2.5 2 0 1 1 1
-2084.4 -2287.1 144.4 239 0 16.3 10.8 2.5 2.5 2 0 1 4 4
-2044.5 -2267.7 146.9 329 0 11.6 13.1 2.5 2.5 2 1 1 1 1
-2011.7 -2254.9 151.0 328 0 9.2 14.5 2.5 2.5 2 1 1 0 0
-2042.5 -2311.6 152.9 348 0 12.8 7.1 7.5 2.5 2 0 3 4 4
-2027.9 -2310.2 154.2 174 0 22.8 14.4 2.5 2.5 2 0 1 1 1
-1974.0 -2253.0 155.9 147 0 7.6 16.4 2.5 2.5 2 1 1 4 4
-1946.8 -2220.4 154.3 335 0 7.2 16.6 2.5 2.5 4 1 1 1 1
-2006.1 -2246.3 151.7 240 0 8.1 7.5 7.5 2.5 2 0 3 1 1
-1934.9 -2131.9 139.1 328 0 6.6 6.7 5.0 2.5 2 1 2 2 2
-2021.6 -2100.5 140.1 77 0 8.6 14.5 2.5 2.5 2 1 1 1 1
-2047.3 -2109.2 135.7 76 0 18.9 12.5 2.5 2.5 2 0 1 4 4
-2056.2 -2121.6 133.3 259 0 16.2 9.8 5.0 2.5 2 0 2 0 0
-2095.9 -2121.4 129.7 82 0 17.9 11.8 2.5 2.5 2 0 1 2 2
-2092.5 -2076.8 136.0 292 0 13.3 10.9 2.5 2.5 2 0 1 1 1
-2123.3 -2118.2 126.8 97 0 18.9 10.8 2.5 2.5 2 0 1 1 1
-2124.2 -2131.3 125.0 267 0 17.8 8.7 2.5 2.5 2 0 1 4 4
-2270.3 -2298.7 107.2 155 0 8.2 19.5 2.5 2.5 2 1 1 2 2
-2293.9 -2301.3 103.0 349 0 6.7 12.8 2.5 2.5 2 1 1 1 1
-2438.1 -2301.7 79.5 167 0 10.2 19.7 2.5 2.5 2 1 1 0 0
-2518.7 -2349.1 76.5 85 0 8.7 6.1 2.5 2.5 4 0 1 5 5
-1729.5 -2074.3 156.4 176 0 21.0 8.3 5.0 2.5 2 0 2 0 0
-1707.0 -1973.6 159.8 358 0 11.0 25.9 15.0 0.0 0 1 6 1 1
-1800.0 -1807.5 191.6 356 0 44.0 14.2 10.0 2.5 2 0 4 0 0
-2153.9 -1925.0 129.6 340 0 24.5 8.4 2.5 2.5 2 0 1 2 2
-2154.7 -2011.0 128.6 77 0 8.2 12.7 2.5 2.5 2 1 1 1 1
-2084.8 -1927.1 155.5 156 0 15.7 11.3 2.5 2.5 2 0 1 4 4
-2064.4 -1894.5 158.4 359 0 10.3 15.9 2.5 2.5 2 1 1 2 2
-2004.9 -2067.9 143.6 338 0 16.2 10.7 2.5 2.5 2 0 1 0 0
-2040.6 -2048.2 147.8 342 0 8.3 15.8 2.5 2.5 2 1 1 1 1
-2006.5 -2015.7 156.1 331 0 7.9 11.6 2.5 2.5 2 1 1 2 2
-1985.7 -1964.0 166.5 38 0 9.9 8.6 2.5 2.5 2 0 1 0 0
-1986.5 -1943.5 169.1 80 0 10.8 11.4 2.5 2.5 2 1 1 1 1
-1991.8 -1909.2 173.6 66 0 8.9 19.4 2.5 2.5 2 1 1 5 5
-2031.1 -1945.2 165.0 64 0 9.4 20.1 2.5 2.5 4 1 1 3 3
-1957.0 -1872.6 181.0 57 0 8.4 16.5 2.5 2.5 4 1 1 4 4
-1962.8 -1834.4 182.6 322 0 14.7 8.6 2.5 0.0 0 0 1 0 0
-2903.3 -6751.6 -186.3 275 0 9.5 18.9 14.0 0.0 0 1 4 5 5
-2698.6 -6899.0 -181.7 62 0 13.6 52.9 14.0 3.5 2 1 4 0 0
