-3497.3 -756.9 -247.7 337 0 14.3 6.6 7.5 2.5 2 0 3 3 3
-3546.5 -687.5 -245.3 323 0 6.2 11.1 2.5 2.5 2 0 1 4 4
-6881.0 539.6 -285.0 323 0 36.7 12.9 10.5 3.5 2 0 3 5 5
-6901.4 526.9 -285.6 244 0 11.0 25.0 10.5 3.5 2 1 3 2 2
-6560.6 678.0 -272.5 254 0 8.3 6.4 7.5 2.5 2 0 3 0 0
-6549.3 676.7 -273.8 160 0 8.1 9.9 2.5 2.5 2 1 1 3 3
-6803.6 642.9 -282.6 320 0 7.7 31.3 14.0 3.5 2 0 4 1 1
-6836.8 606.5 -281.9 197 0 27.2 8.1 14.0 3.5 2 0 4 0 0
-6841.2 572.1 -280.1 184 0 36.1 9.4 14.0 3.5 2 0 4 5 5
-6839.2 520.8 -283.3 95 0 7.2 21.6 14.0 3.5 2 1 4 4 4
-6831.0 525.1 -282.3 189 0 10.8 14.5 14.0 3.5 2 1 4 0 0
-6828.7 537.0 -280.0 189 0 9.3 17.3 14.0 0.0 0 1 4 0 0
-6813.6 597.0 -280.2 124 0 6.7 18.8 14.0 3.5 4 1 4 2 2
-6738.8 626.8 -279.3 341 0 17.4 37.0 14.0 3.5 2 1 4 2 2
-6788.0 535.9 -277.3 33 0 12.3 12.7 14.0 3.5 2 1 4 3 3
-6765.5 566.2 -276.2 46 0 15.5 23.4 14.0 3.5 2 1 4 1 1
-6756.6 544.4 -276.0 336 0 11.8 20.2 14.0 3.5 2 1 4 3 3
-6783.8 636.5 -281.3 257 0 10.7 12.8 14.0 3.5 2 1 4 0 0
-6819.3 594.1 -279.1 198 0 6.5 6.7 14.0 3.5 2 1 4 3 3
-6770.9 477.2 -285.1 52 0 14.6 29.2 14.0 3.5 2 1 4 0 0
-3992.4 1299.9 -264.4 181 0 14.2 14.2 7.5 2.5 2 0 3 5 5
-3936.9 1228.3 -265.9 95 0 8.7 10.1 10.0 0.0 0 1 4 5 5
-3875.3 1271.6 -262.9 175 0 13.4 7.3 7.5 2.5 2 0 3 1 1
-3860.5 1335.2 -265.4 178 0 8.0 9.1 5.0 2.5 2 1 2 4 4
-3959.3 1381.8 -270.1 199 0 10.0 14.3 10.0 2.5 2 1 4 0 0
-3877.9 1332.1 -265.4 334 0 12.0 8.7 7.5 2.5 2 0 3 5 5
-3918.9 1286.4 -261.8 352 0 6.3 10.4 7.5 2.5 2 1 3 5 5
-3889.9 1332.2 -265.3 347 0 9.4 13.2 5.0 0.0 0 1 2 5 5
-3959.4 1280.5 -262.3 182 0 8.0 12.7 7.5 2.5 4 1 3 4 4
-3888.6 1391.0 -269.7 2 0 7.7 9.5 7.5 2.5 2 1 3 2 2
-3883.5 1312.1 -263.8 0 0 6.2 12.7 7.5 2.5 2 1 3 3 3
-3925.8 1308.5 -264.5 78 0 9.7 17.5 5.0 2.5 2 1 2 3 3
-3972.9 1320.3 -265.0 189 0 10.8 15.9 7.5 2.5 4 1 3 5 5
-3871.7 1349.9 -267.0 178 0 7.1 16.5 5.0 2.5 2 1 2 5 5
-3898.4 1244.7 -265.0 333 0 6.6 11.3 7.5 2.5 2 1 3 4 4
-3857.5 1220.0 -266.2 162 0 7.7 13.7 10.0 2.5 4 1 4 2 2
1429.2 1516.5 -259.0 22 0 32.8 27.8 12.5 0.0 0 0 5 5 5
4604.5 3159.3 -249.6 353 0 8.1 35.9 12.5 2.5 2 1 5 5 5
3263.1 2682.6 -255.1 22 0 13.3 13.2 7.5 2.5 2 0 3 2 2
4362.2 2966.5 -248.3 277 0 22.5 8.9 7.5 2.5 4 0 3 2 2
4610.7 3130.1 -246.3 74 0 9.4 12.6 10.0 2.5 2 1 4 0 0
3076.0 2621.7 -251.0 167 0 15.6 20.2 12.5 2.5 2 1 5 2 2
4379.1 2944.7 -243.8 97 0 9.3 19.1 5.0 2.5 2 1 2 4 4
4570.4 3134.4 -246.9 170 0 10.4 31.9 12.5 0.0 0 1 5 4 4
3143.2 2667.4 -254.3 268 0 15.5 13.0 2.5 0.0 0 0 1 1 1
4651.4 3105.2 -242.5 54 0 9.8 42.2 10.0 2.5 2 1 4 5 5
3246.6 2663.5 -257.4 6 0 13.6 13.8 7.5 2.5 2 1 3 3 3
3182.2 2665.5 -256.3 348 0 20.9 9.7 7.5 2.5 2 0 3 3 3
2975.3 2565.8 -239.6 251 0 28.0 19.0 7.5 0.0 0 0 3 5 5
4332.3 2981.6 -255.2 262 0 14.7 28.6 12.5 2.5 2 1 5 1 1
3205.9 2617.7 -258.5 341 0 13.8 6.4 7.5 2.5 2 0 3 4 4
3951.7 178.1 282.8 213 0 7.7 8.0 7.5 2.5 4 1 3 4 4
3907.8 163.0 268.1 24 0 9.0 9.6 10.0 2.5 2 1 4 4 4
3941.6 97.9 302.1 144 0 6.0 14.2 7.5 2.5 2 1 3 5 5
4027.1 385.9 216.3 149 0 6.7 8.0 5.0 2.5 4 1 2 3 3
4120.8 277.5 252.7 357 0 7.4 6.8 5.0 0.0 0 0 2 5 5
3922.8 189.0 263.9 209 0 13.5 10.5 5.0 2.5 2 0 2 2 2
3608.8 141.3 124.1 156 0 7.8 16.2 7.5 2.5 2 1 3 5 5
3922.3 150.1 278.4 231 0 13.8 6.6 5.0 2.5 2 0 2 3 3
4046.8 432.6 211.8 190 0 9.1 10.5 5.0 2.5 2 1 2 1 1
3983.2 144.1 295.7 343 0 6.4 9.3 7.5 2.5 2 1 3 2 2
3972.1 510.1 195.6 284 0 13.6 8.5 10.0 2.5 2 0 4 0 0
4139.5 279.1 247.2 163 0 10.0 11.4 5.0 2.5 2 1 2 0 0
3871.0 408.2 165.8 107 0 8.2 11.7 7.5 2.5 4 1 3 4 4
4129.8 404.2 213.6 97 0 13.1 9.4 5.0 2.5 2 0 2 2 2
3895.7 181.6 262.5 309 0 9.9 14.5 7.5 2.5 2 1 3 3 3
3828.6 421.3 162.6 261 0 11.4 15.1 7.5 2.5 2 1 3 5 5
4032.4 433.9 204.8 337 0 7.6 11.2 7.5 2.5 2 1 3 5 5
4004.0 213.5 269.9 141 0 6.3 8.6 10.0 2.5 2 1 4 5 5
1422.0 -0.5 -249.0 192 0 10.7 6.9 2.5 2.5 2 0 1 1 1
1155.7 434.4 -243.1 274 0 11.8 9.6 7.5 2.5 2 0 3 4 4
1184.7 459.5 -246.9 5 0 8.9 11.1 10.0 2.5 2 1 4 4 4
1312.6 -99.7 -243.0 246 0 7.0 15.2 7.5 2.5 2 1 3 2 2
1205.9 -99.3 -235.0 109 0 12.6 7.5 10.0 2.5 4 0 4 1 1
1382.4 -48.3 -243.8 71 0 10.6 8.9 7.5 2.5 2 0 3 0 0
1681.2 118.6 -253.4 291 0 18.9 11.1 10.0 2.5 2 0 4 4 4
1326.4 -92.1 -243.7 245 0 18.7 9.8 7.5 2.5 2 0 3 4 4
1174.5 289.8 -228.8 253 0 15.4 9.6 7.5 0.0 0 0 3 2 2
1253.5 -95.1 -237.5 89 0 13.3 11.6 7.5 2.5 2 0 3 4 4
1411.5 34.1 -241.4 11 0 13.9 11.9 7.5 2.5 2 0 3 2 2
1286.5 347.6 -250.0 129 0 12.2 7.6 5.0 2.5 4 0 2 5 5
1416.0 -70.0 -251.5 163 0 9.7 10.0 7.5 2.5 2 1 3 1 1
1396.3 -41.2 -245.0 100 0 9.5 10.8 2.5 2.5 2 1 1 0 0
1327.7 256.3 -238.2 323 0 10.9 10.3 7.5 2.5 2 0 3 0 0
1165.2 398.9 -244.6 12 0 18.6 12.9 10.0 2.5 2 0 4 4 4
1745.3 86.0 -246.7 71 0 18.1 14.0 10.0 2.5 4 0 4 4 4
1636.6 456.7 -246.0 105 0 13.4 20.5 10.0 2.5 2 1 4 2 2
1416.7 -18.5 -248.1 194 0 17.3 6.1 10.0 0.0 0 0 4 1 1
1149.6 327.8 -235.6 335 0 10.9 10.6 7.5 2.5 2 0 3 2 2
1391.3 -79.0 -247.5 15 0 14.2 10.0 5.0 2.5 2 0 2 5 5
1184.2 -69.2 -231.1 281 0 8.1 15.8 7.5 2.5 2 1 3 3 3
1368.5 -47.2 -242.4 100 0 6.8 14.3 2.5 2.5 2 1 1 4 4
1256.0 -8.9 -223.9 312 0 7.9 14.8 7.5 2.5 2 1 3 0 0
1163.1 327.8 -236.2 12 0 7.6 9.3 7.5 2.5 2 1 3 5 5
1432.8 -123.1 -254.1 158 0 8.9 9.1 10.0 2.5 2 1 4 0 0
1248.4 271.3 -231.7 93 0 6.7 9.6 5.0 2.5 2 1 2 2 2
1347.9 -2.4 -236.3 240 0 9.8 8.4 10.0 0.0 0 0 4 2 2
1318.3 266.1 -238.2 320 0 7.3 14.0 7.5 2.5 2 1 3 5 5
1172.6 331.2 -236.9 281 0 12.7 7.7 2.5 2.5 2 0 1 4 4
1163.0 308.4 -233.7 351 0 9.2 15.9 7.5 2.5 2 1 3 2 2
1297.0 -105.2 -241.7 248 0 11.8 10.5 5.0 2.5 2 0 2 0 0
1419.4 -99.5 -252.5 161 0 11.0 9.5 7.5 2.5 2 0 3 0 0
1193.7 314.1 -235.7 270 0 10.0 7.3 5.0 2.5 2 0 2 5 5
1320.0 -0.6 -232.1 168 0 9.1 13.1 7.5 2.5 2 1 3 0 0
1336.8 -55.0 -241.3 132 0 20.9 13.2 10.0 2.5 2 0 4 3 3
1194.5 291.7 -229.9 271 0 15.3 7.6 7.5 2.5 2 0 3 2 2
1317.9 -42.2 -236.8 359 0 13.0 12.4 7.5 2.5 2 0 3 4 4
1177.8 441.1 -245.9 10 0 13.2 8.0 7.5 2.5 2 0 3 5 5
1384.1 -411.7 -238.0 148 0 7.7 11.5 2.5 2.5 2 1 1 0 0
1300.5 -515.6 -233.4 85 0 12.4 8.0 5.0 2.5 2 0 2 3 3
1182.6 -155.5 -238.2 324 0 7.3 22.7 7.5 2.5 2 1 3 2 2
1305.2 -465.6 -227.7 265 0 13.5 9.8 7.5 2.5 2 0 3 1 1
1222.7 -645.9 -224.7 74 0 7.4 17.8 2.5 2.5 2 1 1 5 5
1317.3 -436.0 -227.8 63 0 9.9 11.6 5.0 0.0 0 1 2 4 4
1391.6 -440.2 -239.1 272 0 9.4 36.1 12.5 2.5 2 1 5 4 4
1719.7 -652.2 -256.8 5 0 12.2 8.5 7.5 2.5 2 0 3 5 5
1678.1 -478.5 -256.5 20 0 12.9 9.2 10.0 2.5 2 0 4 5 5
1730.8 -428.4 -247.8 136 0 6.9 11.6 7.5 2.5 2 1 3 5 5
1407.1 -508.1 -243.6 347 0 9.7 20.0 7.5 2.5 2 1 3 4 4
1288.6 -621.9 -235.5 0 0 12.1 9.7 7.5 2.5 2 0 3 4 4
1338.9 -404.7 -230.6 270 0 12.4 8.6 7.5 2.5 4 0 3 1 1
1435.3 -576.5 -249.0 3 0 7.8 8.9 5.0 2.5 2 1 2 2 2
1408.8 -525.8 -245.3 352 0 6.3 18.0 7.5 2.5 4 1 3 2 2
1157.9 -332.7 -236.9 256 0 10.9 23.1 10.0 2.5 2 1 4 2 2
1191.4 -220.6 -243.2 247 0 11.5 14.8 10.0 2.5 2 1 4 5 5
1725.5 -470.8 -249.3 191 0 8.8 8.4 7.5 2.5 2 0 3 5 5
1566.3 -471.6 -261.1 91 0 7.1 12.7 7.5 2.5 2 1 3 4 4
1319.7 -654.1 -237.9 85 0 7.4 14.2 5.0 2.5 2 1 2 5 5
1280.9 -451.5 -225.9 67 0 9.8 11.3 5.0 2.5 2 1 2 1 1
1194.3 -175.9 -243.1 194 0 13.5 6.1 5.0 2.5 2 0 2 5 5
1175.3 -216.1 -241.8 159 0 8.6 14.1 5.0 2.5 2 1 2 3 3
1477.3 -375.9 -250.2 3 0 17.2 10.3 5.0 2.5 2 0 2 4 4
1431.6 -253.6 -255.7 334 0 6.2 10.0 5.0 2.5 2 1 2 5 5
1414.3 -265.5 -257.1 246 0 19.8 8.1 10.0 2.5 2 0 4 1 1
1466.1 -629.5 -252.4 161 0 16.8 17.5 10.0 2.5 2 1 4 0 0
1302.0 -623.1 -237.3 232 0 8.6 11.5 5.0 0.0 0 1 2 2 2
1478.7 -654.5 -252.8 170 0 13.8 15.8 5.0 2.5 2 1 2 4 4
1374.4 -491.5 -238.0 81 0 11.6 32.8 10.0 2.5 4 1 4 4 4
1314.8 -273.3 -257.1 97 0 12.5 31.0 10.0 2.5 2 1 4 1 1
1151.9 -252.0 -237.7 251 0 12.1 16.3 2.5 0.0 0 1 1 2 2
1395.6 -258.4 -255.4 62 0 8.3 12.0 2.5 2.5 4 1 1 3 3
1174.0 -651.1 -216.4 244 0 13.6 8.9 5.0 2.5 2 0 2 0 0
1226.7 -573.8 -227.1 277 0 9.0 14.6 2.5 2.5 2 1 1 1 1
1451.2 -716.8 -245.7 243 0 8.4 15.6 5.0 2.5 2 1 2 5 5
1336.7 -280.8 -256.4 246 0 9.9 6.5 7.5 2.5 2 0 3 3 3
1171.7 -137.3 -234.5 332 0 8.7 22.1 10.0 2.5 2 1 4 3 3
1348.0 -534.5 -241.2 165 0 8.3 19.0 7.5 2.5 2 1 3 0 0
1227.5 -508.5 -223.3 175 0 12.8 12.0 7.5 2.5 2 0 3 0 0
1409.8 -182.1 -247.1 2 0 12.3 23.3 10.0 0.0 0 1 4 0 0
1383.7 -239.2 -252.2 65 0 14.2 20.9 10.0 0.0 0 1 4 3 3
1250.6 -544.1 -230.0 64 0 14.9 7.7 10.0 2.5 4 0 4 1 1
1211.2 -502.8 -225.1 76 0 13.2 10.1 2.5 2.5 2 0 1 3 3
1436.9 -170.7 -252.1 4 0 9.5 11.1 10.0 2.5 2 1 4 1 1
1448.7 -559.2 -250.6 6 0 6.6 6.1 7.5 2.5 2 0 3 3 3
1535.3 -304.9 -260.4 251 0 19.7 11.4 5.0 2.5 2 0 2 0 0
1438.4 -232.0 -254.3 172 0 16.1 10.1 5.0 2.5 2 0 2 2 2
1737.0 -633.0 -254.1 178 0 10.1 15.1 7.5 2.5 4 1 3 5 5
1453.3 -585.9 -251.5 182 0 8.6 10.6 5.0 2.5 4 1 2 4 4
1686.7 -273.8 -244.8 168 0 11.8 13.2 7.5 2.5 2 1 3 3 3
1194.1 -505.4 -225.4 71 0 13.7 14.3 10.0 2.5 2 1 4 4 4
1738.9 -227.8 -241.4 23 0 13.8 13.2 5.0 2.5 4 0 2 4 4
1412.1 -248.5 -254.0 58 0 8.3 12.8 7.5 2.5 4 1 3 4 4
1405.4 -535.9 -246.0 345 0 8.3 13.6 5.0 2.5 2 1 2 3 3
1395.9 -273.7 -257.5 251 0 7.5 8.8 10.0 2.5 4 1 4 2 2
1234.4 -561.1 -228.8 90 0 8.8 7.7 2.5 2.5 2 0 1 4 4
1558.6 -446.5 -260.6 95 0 8.5 9.4 7.5 2.5 2 1 3 3 3
1425.1 -134.2 -252.0 326 0 10.7 13.4 7.5 2.5 2 1 3 5 5
1635.6 -315.3 -253.5 289 0 6.9 10.4 5.0 2.5 4 1 2 3 3
1735.4 -527.4 -250.8 93 0 12.7 11.0 5.0 2.5 2 0 2 3 3
3465.2 -384.6 205.5 29 0 23.9 7.9 2.5 2.5 2 0 1 5 5
3421.7 -397.9 201.5 329 0 8.6 6.9 7.5 2.5 2 0 3 3 3
2995.0 -155.0 -24.5 169 0 8.8 12.2 7.5 2.5 2 1 3 5 5
2969.4 -680.6 42.7 16 0 16.9 9.9 7.5 2.5 4 0 3 3 3
3527.2 -341.0 210.5 55 0 7.6 12.3 2.5 2.5 4 1 1 1 1
3439.7 -365.7 200.3 66 0 8.6 6.8 7.5 2.5 2 0 3 1 1
3519.7 -382.4 215.2 217 0 13.1 10.4 10.0 2.5 2 0 4 4 4
3481.1 -504.8 220.6 351 0 12.4 8.6 5.0 0.0 0 0 2 1 1
3447.3 -343.6 196.4 59 0 15.6 6.9 7.5 2.5 4 0 3 3 3
3069.5 -234.1 4.1 314 0 6.2 7.4 7.5 2.5 2 1 3 5 5
3099.0 -265.1 14.9 347 0 10.4 16.2 10.0 0.0 0 1 4 3 3
3541.9 -361.2 219.1 224 0 8.9 9.9 5.0 2.5 2 1 2 1 1
3389.1 -499.0 208.0 200 0 8.2 8.0 2.5 2.5 2 0 1 5 5
3528.3 -546.9 238.0 317 0 6.4 10.0 10.0 0.0 0 1 4 4 4
3418.5 -635.7 230.2 310 0 6.9 13.0 5.0 2.5 4 1 2 4 4
3528.3 -458.3 224.0 158 0 8.2 14.9 7.5 2.5 4 1 3 0 0
3381.7 -550.1 214.1 184 0 7.0 6.7 7.5 2.5 2 0 3 5 5
3205.5 -157.9 11.2 228 0 9.8 7.1 7.5 2.5 2 0 3 1 1
3291.7 -551.4 192.9 261 0 8.2 6.9 5.0 2.5 2 0 2 3 3
3379.0 -598.0 215.9 325 0 6.9 16.0 5.0 2.5 2 1 2 3 3
3125.8 -494.0 85.3 167 0 8.6 11.0 5.0 2.5 2 1 2 0 0
3351.1 -524.8 202.3 331 0 10.1 7.9 10.0 2.5 2 0 4 5 5
2061.1 -249.2 -210.2 98 0 9.7 8.6 7.5 2.5 2 0 3 1 1
1786.3 -641.3 -251.2 357 0 6.5 7.4 10.0 2.5 2 1 4 4 4
1858.1 -631.2 -245.2 92 0 7.2 8.7 7.5 0.0 0 1 3 2 2
1994.9 -635.2 -223.2 32 0 8.7 8.6 5.0 0.0 0 0 2 0 0
2229.9 -156.5 -183.5 356 0 7.7 9.0 2.5 2.5 2 1 1 4 4
2095.4 -595.6 -202.0 175 0 8.9 13.2 7.5 2.5 2 1 3 3 3
1935.0 -234.7 -215.6 108 0 7.6 6.5 10.0 2.5 2 0 4 0 0
2127.4 -436.2 -207.5 191 0 8.2 6.3 5.0 2.5 2 0 2 0 0
2306.4 -230.0 -157.0 173 0 7.9 14.4 7.5 2.5 2 1 3 2 2
1820.1 -401.2 -236.9 178 0 6.6 8.2 10.0 2.5 2 1 4 4 4
1799.6 -518.8 -243.7 286 0 7.6 8.7 7.5 2.5 2 1 3 2 2
2118.6 -557.9 -200.3 218 0 6.2 7.1 5.0 2.5 2 1 2 0 0
2077.7 -255.5 -207.5 125 0 8.3 7.4 5.0 2.5 2 0 2 4 4
1892.5 -680.0 -244.9 296 0 7.3 8.6 7.5 0.0 0 1 3 1 1
1873.1 -640.1 -243.4 98 0 7.3 16.2 10.0 2.5 2 1 4 0 0
2162.0 -561.7 -192.9 350 0 13.9 13.9 10.0 2.5 2 1 4 2 2
1931.2 -286.4 -219.7 265 0 10.6 8.8 5.0 2.5 2 0 2 2 2
2091.4 -302.6 -203.5 124 0 7.7 10.7 5.0 2.5 2 1 2 2 2
2043.1 -330.6 -207.3 253 0 9.5 7.2 7.5 2.5 2 0 3 2 2
1815.3 -218.7 -235.1 198 0 6.7 13.6 7.5 2.5 2 1 3 2 2
1760.3 -471.6 -245.6 35 0 9.8 6.2 5.0 2.5 2 0 2 3 3
2159.1 -146.7 -193.8 255 0 10.9 6.1 7.5 2.5 2 0 3 0 0
1745.9 -415.1 -247.5 213 0 9.3 9.8 2.5 2.5 2 1 1 1 1
1876.0 -650.0 -243.3 98 0 6.4 6.1 7.5 2.5 2 0 3 1 1
2143.3 -570.9 -194.7 351 0 6.4 6.2 7.5 2.5 4 0 3 4 4
1966.1 -282.6 -217.6 272 0 9.2 15.1 7.5 2.5 2 1 3 3 3
1854.1 -217.1 -231.8 202 0 13.8 8.5 10.0 2.5 2 0 4 0 0
2253.7 -369.7 -180.5 279 0 9.2 15.3 5.0 2.5 4 1 2 2 2
2048.6 -646.5 -208.5 298 0 6.5 9.1 10.0 2.5 2 1 4 2 2
2138.0 -337.2 -194.5 179 0 6.4 10.8 7.5 2.5 2 1 3 1 1
1824.1 -637.5 -247.7 178 0 10.0 10.0 7.5 2.5 2 1 3 1 1
1965.8 -636.5 -231.1 98 0 11.8 11.7 5.0 2.5 2 0 2 5 5
1923.9 -206.4 -215.7 117 0 8.2 19.1 5.0 2.5 2 1 2 3 3
2188.5 -595.9 -182.8 200 0 9.2 7.0 5.0 2.5 2 0 2 0 0
1782.6 -236.2 -238.9 27 0 14.8 7.0 7.5 0.0 0 0 3 0 0
1850.1 -314.7 -232.8 192 0 6.7 13.9 10.0 2.5 2 1 4 4 4
2075.2 -665.4 -203.7 192 0 8.0 11.8 7.5 2.5 2 1 3 2 2
1970.2 -489.7 -227.7 350 0 8.2 15.1 10.0 2.5 2 1 4 0 0
1836.6 -282.6 -236.2 184 0 8.6 6.9 5.0 2.5 2 0 2 0 0
2231.1 -531.9 -177.7 7 0 7.9 7.4 7.5 2.5 2 0 3 3 3
2019.7 -250.1 -215.0 84 0 9.9 6.6 2.5 2.5 2 0 1 3 3
1939.0 -618.8 -237.2 80 0 18.3 16.4 12.5 2.5 2 0 5 4 4
1732.1 -286.6 -244.3 75 0 9.0 9.8 2.5 2.5 4 1 1 2 2
2261.1 -336.2 -174.0 68 0 6.6 7.0 2.5 2.5 2 1 1 4 4
1792.0 -450.9 -241.7 12 0 6.4 9.0 7.5 2.5 2 1 3 3 3
3388.3 -80.2 79.9 344 0 10.8 7.5 7.5 2.5 2 0 3 2 2
3330.6 180.9 19.6 230 0 9.2 6.9 7.5 0.0 0 0 3 3 3
3093.1 -42.8 -31.4 226 0 8.4 14.8 5.0 0.0 0 1 2 3 3
3139.3 486.4 -85.6 261 0 7.1 11.1 5.0 2.5 2 1 2 5 5
3195.9 434.8 -67.1 265 0 7.3 7.4 5.0 0.0 0 1 2 4 4
3323.5 67.2 33.9 132 0 8.0 11.9 7.5 2.5 2 1 3 1 1
3139.7 465.5 -85.9 163 0 11.4 6.1 7.5 2.5 2 0 3 1 1
3352.7 123.5 31.9 331 0 6.2 12.4 5.0 2.5 2 1 2 4 4
3091.7 13.3 -37.3 312 0 9.3 11.9 5.0 2.5 2 1 2 5 5
3102.1 -25.9 -28.8 160 0 7.9 9.7 10.0 2.5 2 1 4 3 3
2951.7 237.9 -133.0 149 0 11.2 7.9 7.5 2.5 2 0 3 3 3
3547.4 271.4 71.9 45 0 7.6 8.4 2.5 2.5 2 1 1 5 5
3180.9 -852.6 186.5 297 0 7.3 14.8 7.5 0.0 0 1 3 3 3
2698.7 -985.4 21.3 226 0 7.9 6.8 10.0 2.5 2 0 4 1 1
2379.6 -1317.2 -105.3 2 0 10.8 6.1 5.0 2.5 2 0 2 5 5
2714.3 -1283.0 16.6 88 0 8.8 7.2 2.5 2.5 2 0 1 2 2
2872.9 -1062.5 95.6 132 0 6.5 9.2 5.0 2.5 2 1 2 0 0
2995.9 -766.1 71.7 32 0 6.1 6.8 5.0 2.5 2 1 2 4 4
3143.7 -789.2 146.6 14 0 10.7 8.0 7.5 2.5 2 0 3 5 5
2348.7 -759.7 -176.3 58 0 9.3 7.6 10.0 2.5 2 0 4 4 4
2745.3 -1013.3 41.6 23 0 8.4 8.1 7.5 2.5 2 0 3 3 3
2577.5 -1010.5 -30.7 337 0 8.1 14.3 10.0 2.5 2 1 4 3 3
2375.2 -735.9 -171.2 23 0 10.8 7.1 2.5 2.5 2 0 1 1 1
2742.8 -1089.2 53.3 112 0 7.8 11.3 7.5 2.5 4 1 3 3 3
2884.1 -828.7 47.6 65 0 12.5 6.7 7.5 2.5 2 0 3 2 2
2787.9 -1058.4 65.2 288 0 7.8 8.7 7.5 2.5 4 1 3 4 4
3021.2 -937.1 115.2 23 0 15.2 6.4 5.0 2.5 2 0 2 0 0
2752.7 -826.5 -5.2 332 0 8.0 10.8 2.5 2.5 2 1 1 5 5
2759.3 -958.2 32.2 298 0 8.9 12.6 2.5 0.0 0 1 1 3 3
2355.3 -1297.5 -114.2 273 0 7.9 13.1 5.0 2.5 2 1 2 5 5
2707.7 -948.3 9.3 37 0 7.3 6.9 7.5 2.5 2 0 3 2 2
2229.9 37.9 -221.3 98 0 8.6 9.6 7.5 2.5 2 1 3 5 5
2190.8 248.9 -233.2 162 0 12.7 8.8 7.5 2.5 2 0 3 0 0
1917.3 -97.7 -228.8 29 0 8.8 9.8 2.5 2.5 2 1 1 1 1
2271.0 -14.5 -202.3 80 0 6.6 6.5 7.5 2.5 2 0 3 5 5
2140.6 233.5 -235.1 257 0 6.0 7.9 7.5 2.5 4 1 3 0 0
2047.7 25.6 -227.6 133 0 11.8 6.7 10.0 2.5 2 0 4 4 4
2129.4 234.4 -235.8 259 0 9.0 9.2 7.5 2.5 2 1 3 5 5
2325.1 326.0 -224.8 63 0 9.1 8.6 7.5 2.5 2 0 3 5 5
2239.0 -1.8 -209.8 243 0 9.6 7.2 2.5 0.0 0 0 1 2 2
2306.1 303.5 -225.2 256 0 15.1 13.6 5.0 2.5 4 0 2 4 4
2167.3 20.9 -227.8 65 0 7.6 12.7 5.0 2.5 2 1 2 5 5
2206.7 247.1 -232.4 158 0 7.3 12.0 7.5 2.5 2 1 3 0 0
1978.7 -65.2 -226.8 282 0 7.2 7.0 7.5 2.5 2 0 3 5 5
2100.1 86.8 -232.1 12 0 10.3 7.4 7.5 2.5 4 0 3 4 4
2185.8 -25.2 -212.2 204 0 10.8 7.4 10.0 2.5 2 0 4 0 0
2151.4 265.8 -235.4 70 0 12.9 8.0 5.0 2.5 2 0 2 1 1
2289.9 146.9 -227.8 270 0 9.5 9.4 7.5 2.5 2 0 3 4 4
2003.8 80.4 -243.6 265 0 12.7 7.2 7.5 2.5 2 0 3 4 4
2166.2 259.3 -234.3 241 0 8.4 7.0 5.0 2.5 2 0 2 4 4
2309.9 333.8 -226.0 151 0 8.8 13.5 7.5 2.5 2 1 3 0 0
2202.8 83.3 -226.8 215 0 6.7 9.7 5.0 2.5 2 1 2 4 4
2330.8 341.3 -224.9 63 0 12.9 8.8 7.5 2.5 2 0 3 4 4
2219.6 76.5 -224.9 244 0 8.3 15.5 10.0 2.5 4 1 4 1 1
2198.9 54.1 -224.9 165 0 11.9 6.9 7.5 2.5 2 0 3 3 3
2120.2 179.8 -236.5 85 0 9.2 15.8 5.0 2.5 2 1 2 4 4
2040.3 95.4 -240.1 247 0 6.4 11.9 5.0 2.5 2 1 2 0 0
3635.8 -388.9 242.4 255 0 11.1 14.8 10.0 0.0 0 1 4 0 0
3549.8 -383.4 223.2 212 0 15.1 9.5 7.5 2.5 4 0 3 5 5
3581.3 -401.7 229.1 20 0 19.7 13.4 12.5 2.5 2 0 5 4 4
3787.1 -288.9 284.2 52 0 9.3 10.7 2.5 2.5 2 1 1 1 1
3667.6 -483.1 258.1 244 0 8.2 11.4 5.0 0.0 0 1 2 0 0
3642.6 -411.0 245.0 75 0 10.3 6.3 5.0 0.0 0 0 2 2 2
3728.0 -325.8 262.8 9 0 12.1 12.8 2.5 2.5 2 1 1 1 1
3859.4 -238.4 308.2 351 0 9.8 9.9 10.0 2.5 2 1 4 1 1
3820.9 -416.1 281.7 104 0 9.4 10.7 5.0 2.5 2 1 2 5 5
3595.3 -352.1 231.4 322 0 6.5 9.1 7.5 2.5 2 1 3 4 4
3821.0 -357.2 277.0 198 0 8.4 10.9 5.0 2.5 2 1 2 3 3
2665.4 -356.0 -101.0 233 0 10.5 18.8 7.5 2.5 2 1 3 0 0
2845.9 -263.3 -44.8 97 0 8.6 8.7 10.0 2.5 2 1 4 4 4
2589.3 -192.0 -116.8 347 0 7.2 11.7 5.0 2.5 2 1 2 4 4
2768.9 -560.2 -83.7 14 0 10.0 6.6 7.5 2.5 2 0 3 2 2
2685.0 -210.3 -100.0 263 0 11.4 10.3 7.5 2.5 2 0 3 3 3
2886.3 -315.5 -41.0 319 0 14.9 13.6 2.5 2.5 4 0 1 4 4
2827.9 -169.0 -56.1 1 0 8.9 8.8 7.5 2.5 2 0 3 0 0
2790.3 -125.3 -72.6 338 0 9.1 10.1 7.5 2.5 2 1 3 3 3
2752.2 -380.2 -78.0 322 0 10.7 6.5 5.0 2.5 2 0 2 0 0
2797.9 -254.9 -64.2 90 0 6.8 16.6 5.0 0.0 0 1 2 2 2
2788.8 -142.1 -72.1 327 0 9.1 7.6 7.5 2.5 2 0 3 3 3
2464.8 -323.7 -145.8 338 0 13.2 16.7 5.0 2.5 2 1 2 1 1
2837.5 -649.9 -17.0 23 0 7.7 8.9 7.5 2.5 2 1 3 3 3
1989.8 -998.8 -225.5 254 0 9.3 6.5 5.0 2.5 4 0 2 0 0
1895.7 -1009.3 -235.1 100 0 13.6 7.3 10.0 0.0 0 0 4 4 4
1999.3 -1200.9 -203.9 107 0 9.9 11.2 5.0 2.5 2 1 2 2 2
1942.8 -934.0 -244.7 359 0 8.2 17.4 10.0 2.5 2 1 4 3 3
1745.8 -939.4 -251.6 88 0 13.5 9.9 7.5 2.5 2 0 3 2 2
2140.6 -821.6 -219.2 255 0 6.7 9.7 5.0 2.5 2 1 2 0 0
1795.5 -1085.9 -245.8 77 0 10.9 12.2 7.5 2.5 2 1 3 0 0
1848.2 -913.9 -245.1 356 0 8.2 14.9 7.5 2.5 2 1 3 0 0
1913.2 -871.2 -248.8 180 0 9.7 9.0 5.0 2.5 2 0 2 4 4
2037.2 -1071.9 -211.1 180 0 8.3 9.0 5.0 2.5 2 1 2 1 1
2124.4 -1077.4 -200.2 37 0 6.5 9.4 2.5 2.5 2 1 1 2 2
1963.4 -1034.4 -223.8 115 0 13.4 12.4 2.5 2.5 2 0 1 1 1
2122.8 -1320.5 -174.2 83 0 9.5 6.0 7.5 2.5 2 0 3 1 1
1819.0 -973.5 -247.2 94 0 8.7 7.7 7.5 2.5 2 0 3 2 2
2244.3 -924.9 -186.4 92 0 10.4 6.2 2.5 2.5 2 0 1 0 0
1998.2 -932.8 -239.8 250 0 7.9 12.1 5.0 2.5 4 1 2 1 1
2051.5 -1109.7 -206.1 6 0 8.0 10.6 10.0 2.5 2 1 4 2 2
1914.9 -886.6 -249.0 185 0 9.3 13.3 7.5 0.0 0 1 3 3 3
2284.3 -1036.9 -160.2 49 0 8.0 6.0 7.5 2.5 2 0 3 5 5
1830.3 -937.9 -244.4 65 0 7.6 8.9 7.5 0.0 0 1 3 1 1
2166.7 -1048.8 -194.2 13 0 7.1 12.1 7.5 2.5 2 1 3 0 0
1978.1 -1142.5 -212.7 281 0 14.0 9.1 2.5 2.5 4 0 1 4 4
2001.6 -878.8 -240.3 68 0 12.5 8.8 5.0 2.5 2 0 2 2 2
2277.9 -999.9 -166.9 332 0 8.9 6.2 5.0 2.5 2 0 2 1 1
2102.5 -797.5 -221.8 273 0 16.0 8.7 10.0 0.0 0 0 4 0 0
1820.0 -1050.3 -243.6 232 0 10.1 7.7 10.0 2.5 2 0 4 5 5
2210.9 -1236.4 -165.6 146 0 11.7 17.6 5.0 2.5 2 1 2 0 0
1941.0 -1320.0 -224.2 0 0 7.0 11.6 2.5 2.5 2 1 1 2 2
2118.4 -1021.7 -208.3 360 0 11.3 9.0 5.0 2.5 4 0 2 3 3
2449.2 -1537.2 -60.8 102 0 9.3 17.0 7.5 0.0 0 1 3 0 0
1913.3 -970.7 -235.0 284 0 10.8 7.7 7.5 2.5 2 0 3 2 2
1894.0 -1106.6 -229.3 112 0 14.2 14.0 2.5 2.5 2 0 1 1 1
2122.0 -1242.2 -181.1 283 0 6.1 12.0 7.5 2.5 2 1 3 3 3
1844.3 -1049.5 -242.7 49 0 7.6 13.8 2.5 2.5 2 1 1 2 2
1980.9 -1056.0 -221.4 97 0 17.5 9.8 5.0 2.5 2 0 2 2 2
2045.6 -1134.9 -204.2 53 0 17.0 9.0 7.5 2.5 2 0 3 3 3
1942.2 -1184.7 -216.1 104 0 7.3 13.4 2.5 2.5 2 1 1 0 0
2051.1 -1344.3 -195.2 90 0 10.6 14.7 7.5 2.5 2 1 3 0 0
1787.1 -930.0 -247.3 74 0 6.9 7.3 7.5 2.5 2 1 3 1 1
2341.8 -974.3 -145.6 25 0 8.1 6.5 7.5 2.5 2 0 3 1 1
1870.2 -1321.0 -241.0 247 0 6.9 9.3 7.5 2.5 2 1 3 4 4
1900.4 -840.7 -249.0 179 0 6.0 10.4 10.0 2.5 4 1 4 4 4
1943.4 -837.7 -244.7 284 0 7.6 9.3 10.0 2.5 2 1 4 1 1
2168.2 -1158.8 -183.9 92 0 11.0 13.6 7.5 2.5 4 1 3 3 3
1920.0 -1206.9 -221.7 62 0 9.4 9.2 5.0 2.5 4 0 2 4 4
2080.4 -1011.1 -213.0 248 0 7.1 12.8 7.5 2.5 2 1 3 4 4
1875.7 -1164.7 -229.6 177 0 12.5 16.7 5.0 2.5 2 1 2 3 3
2145.5 -1265.7 -174.3 6 0 11.9 10.2 7.5 2.5 2 0 3 0 0
1844.9 -1034.2 -242.5 70 0 6.3 7.7 2.5 2.5 2 1 1 2 2
1141.2 250.9 -223.3 60 0 10.1 9.2 10.0 2.5 2 0 4 0 0
1171.2 253.2 -221.8 65 0 10.7 7.4 7.5 2.5 2 0 3 2 2
2369.6 -1481.9 -89.0 224 0 8.2 13.3 7.5 2.5 2 1 3 3 3
2499.4 -1470.5 -50.1 211 0 8.3 10.8 5.0 2.5 2 1 2 4 4
2123.3 246.8 -236.8 70 0 6.8 8.8 5.0 0.0 0 1 2 3 3
3071.8 293.1 -105.3 83 0 8.0 7.9 2.5 2.5 2 0 1 0 0
1390.4 224.1 -248.0 145 0 13.1 9.4 7.5 2.5 2 0 3 3 3
1220.9 -469.7 -226.4 358 0 10.5 13.3 5.0 2.5 2 1 2 0 0
1198.7 -714.1 -212.0 84 0 8.9 11.7 7.5 2.5 2 1 3 3 3
1703.4 -241.9 -243.6 178 0 13.8 8.3 10.0 2.5 2 0 4 5 5
1436.3 -182.1 -251.5 14 0 8.1 7.4 10.0 2.5 2 0 4 1 1
1390.1 -703.4 -237.9 247 0 8.9 11.8 7.5 2.5 2 1 3 0 0
1745.8 -214.4 -240.1 15 0 11.3 11.0 7.5 2.5 2 0 3 2 2
1145.0 -389.1 -231.4 179 0 14.4 14.0 5.0 2.5 2 0 2 4 4
1391.0 -158.2 -247.0 150 0 18.0 10.4 5.0 2.5 4 0 2 4 4
1230.9 -493.3 -223.9 166 0 8.5 8.6 7.5 0.0 0 1 3 5 5
1700.5 -362.6 -251.0 245 0 6.7 6.4 5.0 2.5 2 0 2 0 0
1147.2 -422.4 -224.3 171 0 10.4 7.7 10.0 0.0 0 0 4 1 1
1413.7 -503.3 -244.6 122 0 8.0 25.9 10.0 2.5 2 1 4 4 4
1359.1 -495.7 -237.2 87 0 8.1 7.3 7.5 2.5 2 0 3 5 5
1619.8 -342.8 -256.4 175 0 9.5 11.1 7.5 2.5 2 1 3 1 1
1520.3 -641.6 -255.4 5 0 13.7 11.1 7.5 2.5 2 0 3 2 2
1124.4 -559.6 -209.7 154 0 11.1 15.7 5.0 0.0 0 1 2 4 4
1360.4 -504.9 -239.8 252 0 29.2 10.6 7.5 2.5 2 0 3 3 3
1650.5 -316.2 -250.4 281 0 6.8 10.3 5.0 2.5 2 1 2 3 3
1517.1 -660.3 -254.6 5 0 9.5 14.0 7.5 2.5 2 1 3 0 0
1411.1 -463.5 -241.2 348 0 19.8 10.0 7.5 2.5 2 0 3 5 5
1418.2 -559.6 -247.8 23 0 9.9 6.7 5.0 2.5 2 0 2 4 4
1506.3 -337.9 -257.5 161 0 15.1 10.6 7.5 2.5 2 0 3 1 1
1162.5 -445.0 -225.1 181 0 14.5 9.7 7.5 2.5 2 0 3 1 1
1332.8 266.2 -243.6 138 0 17.2 7.2 7.5 2.5 2 0 3 2 2
2387.9 342.0 -216.5 267 0 12.1 9.3 7.5 2.5 2 0 3 4 4
1805.0 -49.4 -223.9 298 0 7.5 8.1 7.5 2.5 2 1 3 1 1
2150.1 243.5 -234.9 244 0 10.4 13.0 7.5 2.5 2 1 3 1 1
1967.3 -51.2 -229.2 267 0 6.6 7.6 5.0 2.5 2 1 2 4 4
2283.8 81.4 -227.2 33 0 9.0 14.4 5.0 2.5 2 1 2 3 3
2195.6 -2.0 -219.3 60 0 6.6 6.7 10.0 2.5 2 1 4 4 4
1765.2 -527.9 -247.3 88 0 13.3 11.8 2.5 2.5 2 0 1 3 3
2120.3 -692.9 -203.1 277 0 13.4 10.6 5.0 2.5 2 0 2 0 0
2107.7 -692.3 -203.5 270 0 6.6 7.6 5.0 2.5 2 1 2 0 0
1837.8 -656.0 -248.6 1 0 8.6 7.8 7.5 2.5 4 0 3 3 3
1770.8 -442.5 -244.7 94 0 10.9 13.1 2.5 2.5 2 1 1 4 4
2125.0 -444.7 -208.9 188 0 6.1 11.9 7.5 2.5 2 1 3 2 2
2145.8 -140.2 -195.2 272 0 7.3 8.9 7.5 2.5 2 1 3 5 5
1859.4 -691.5 -249.2 88 0 10.9 8.9 7.5 2.5 2 0 3 1 1
2087.0 -597.3 -203.3 178 0 8.0 6.5 5.0 2.5 2 0 2 0 0
1886.7 -390.2 -224.6 178 0 6.7 10.0 7.5 2.5 2 1 3 0 0
4650.6 620.0 128.9 32 0 8.1 9.0 5.0 2.5 4 1 2 3 3
4470.8 309.2 231.0 186 0 11.5 13.5 7.5 2.5 2 1 3 2 2
4411.6 224.0 240.1 81 0 10.0 11.2 2.5 2.5 2 1 1 4 4
4550.7 262.1 259.1 186 0 10.3 10.8 7.5 2.5 2 1 3 2 2
4529.6 275.6 249.4 340 0 12.4 8.0 7.5 2.5 2 0 3 5 5
4173.5 174.8 261.7 96 0 16.5 10.6 5.0 0.0 0 0 2 3 3
4633.3 261.9 270.6 81 0 9.5 6.6 5.0 2.5 2 0 2 2 2
4730.0 697.5 132.4 70 0 10.3 6.9 7.5 2.5 2 0 3 5 5
4138.4 590.9 186.5 6 0 8.1 7.1 2.5 2.5 2 0 1 1 1
4480.2 524.1 142.9 0 0 9.2 11.8 5.0 0.0 0 1 2 4 4
4239.2 217.4 241.0 45 0 10.5 11.6 7.5 2.5 2 1 3 4 4
4998.1 415.3 252.2 239 0 11.0 8.9 5.0 2.5 2 0 2 2 2
4196.8 210.3 252.3 306 0 9.9 9.9 7.5 0.0 0 0 3 0 0
4979.2 404.9 253.6 267 0 12.1 7.7 5.0 2.5 2 0 2 1 1
4589.8 631.2 135.3 254 0 8.7 8.9 5.0 2.5 2 1 2 5 5
3993.9 418.3 199.3 176 0 9.1 7.7 2.5 2.5 4 0 1 4 4
4409.9 498.3 147.0 67 0 17.3 10.9 10.0 2.5 2 0 4 4 4
4780.6 586.2 137.2 87 0 13.8 10.4 7.5 2.5 2 0 3 0 0
3893.2 412.4 171.2 1 0 9.6 7.6 7.5 2.5 2 0 3 2 2
3965.9 205.3 273.0 266 0 8.3 7.3 7.5 2.5 2 0 3 0 0
4375.3 -52.0 346.8 96 0 11.4 9.0 7.5 2.5 2 0 3 3 3
4861.7 640.6 115.2 99 0 10.8 9.9 10.0 2.5 2 0 4 5 5
4649.8 647.8 129.8 43 0 10.5 9.0 2.5 2.5 2 0 1 0 0
4653.8 707.7 139.5 242 0 8.7 9.5 5.0 2.5 2 1 2 1 1
1822.9 -1339.1 -249.9 158 0 13.2 16.1 5.0 2.5 2 1 2 5 5
1817.0 -1093.6 -240.5 130 0 10.8 12.6 7.5 2.5 2 1 3 4 4
2047.8 -917.1 -237.7 279 0 9.4 10.8 5.0 2.5 2 1 2 2 2
2131.0 -864.8 -222.4 87 0 13.1 14.6 7.5 2.5 2 1 3 3 3
2164.8 -905.7 -214.6 313 0 10.3 12.6 2.5 2.5 2 1 1 1 1
2161.3 -953.0 -209.5 91 0 11.8 11.4 5.0 0.0 0 0 2 4 4
2187.2 -952.1 -201.9 359 0 11.9 8.6 10.0 2.5 2 0 4 4 4
2029.3 -1227.2 -198.3 73 0 9.3 10.6 5.0 2.5 2 1 2 2 2
2501.5 -938.4 -82.2 93 0 10.0 7.7 10.0 2.5 2 0 4 5 5
2756.2 -1047.6 51.0 312 0 8.9 7.2 7.5 2.5 2 0 3 2 2
2596.8 -942.7 -40.4 314 0 9.8 12.1 7.5 2.5 2 1 3 5 5
3277.0 -42.5 33.5 64 0 10.1 7.1 10.0 2.5 2 0 4 2 2
3543.8 313.9 81.6 271 0 7.8 6.1 5.0 2.5 2 0 2 5 5
3077.5 370.4 -104.0 331 0 6.7 7.1 7.5 0.0 0 1 3 3 3
3156.9 12.9 -18.0 315 0 7.5 15.8 2.5 2.5 2 1 1 2 2
3003.5 297.4 -122.3 248 0 11.1 10.0 7.5 2.5 2 0 3 1 1
3082.4 154.3 -85.3 154 0 16.8 15.5 10.0 2.5 2 0 4 5 5
3220.5 -67.1 13.8 240 0 12.4 9.7 10.0 2.5 2 0 4 2 2
2595.3 94.6 -177.8 24 0 9.4 10.1 7.5 2.5 2 1 3 2 2
2515.0 382.5 -206.1 85 0 7.5 18.1 10.0 2.5 2 1 4 1 1
2882.1 257.7 -149.1 63 0 6.6 6.9 5.0 0.0 0 1 2 3 3
2831.1 368.6 -172.3 82 0 7.3 8.4 7.5 2.5 4 1 3 4 4
2908.5 -115.4 -51.8 41 0 8.6 8.1 7.5 2.5 2 0 3 2 2
2687.4 185.8 -178.9 241 0 6.4 13.9 10.0 2.5 2 1 4 0 0
2480.7 358.8 -204.7 122 0 9.2 17.2 2.5 2.5 4 1 1 5 5
2649.8 214.8 -188.1 25 0 11.6 14.2 7.5 2.5 4 1 3 1 1
2493.3 289.1 -205.3 178 0 7.5 17.2 7.5 0.0 0 1 3 5 5
2717.8 204.7 -178.2 115 0 12.4 10.4 5.0 2.5 2 0 2 0 0
2621.5 142.2 -182.4 284 0 13.1 9.4 5.0 2.5 2 0 2 4 4
2410.6 350.3 -213.1 253 0 9.7 10.9 5.0 2.5 4 1 2 3 3
2884.9 116.3 -134.7 30 0 6.3 6.5 10.0 2.5 2 1 4 0 0
2861.0 297.3 -154.7 226 0 9.4 6.9 5.0 2.5 2 0 2 0 0
2622.4 377.7 -201.2 173 0 6.5 7.1 5.0 2.5 2 1 2 5 5
2778.2 -41.5 -92.2 221 0 9.1 8.3 7.5 2.5 4 0 3 1 1
2688.9 97.9 -161.6 130 0 7.9 12.8 5.0 2.5 2 1 2 3 3
2582.8 255.9 -191.6 135 0 10.0 10.0 10.0 2.5 2 1 4 4 4
2529.6 369.0 -202.0 235 0 8.5 12.2 2.5 2.5 2 1 1 5 5
2677.0 249.0 -183.4 41 0 7.2 9.0 7.5 2.5 4 1 3 5 5
2610.0 259.0 -189.6 306 0 13.5 7.0 5.0 2.5 2 0 2 3 3
2399.1 16.7 -196.1 126 0 11.1 12.1 10.0 2.5 2 1 4 3 3
2472.3 237.7 -211.5 61 0 14.8 11.7 7.5 2.5 2 0 3 4 4
2504.9 16.5 -174.8 68 0 17.4 8.9 10.0 2.5 2 0 4 0 0
2866.8 164.9 -148.1 265 0 7.6 6.8 7.5 2.5 2 0 3 5 5
2585.4 325.7 -195.4 171 0 9.6 6.7 7.5 2.5 2 0 3 5 5
2450.0 -73.1 -146.1 234 0 14.6 9.7 5.0 0.0 0 0 2 0 0
2500.7 245.6 -208.0 77 0 16.5 13.3 7.5 2.5 2 0 3 4 4
2918.4 289.1 -142.8 286 0 10.7 10.8 7.5 2.5 2 1 3 0 0
2636.6 363.4 -200.3 112 0 16.5 8.4 7.5 2.5 2 0 3 5 5
2432.4 -111.5 -138.6 190 0 13.0 11.1 7.5 2.5 2 0 3 3 3
2581.9 366.6 -199.8 177 0 6.0 9.9 7.5 2.5 2 1 3 5 5
2362.2 58.6 -212.3 231 0 11.8 8.1 7.5 2.5 2 0 3 0 0
2484.0 346.8 -204.4 266 0 8.6 6.6 10.0 0.0 0 0 4 2 2
2846.1 250.5 -156.1 182 0 8.3 7.6 7.5 2.5 2 0 3 3 3
2399.8 299.4 -214.8 249 0 13.1 11.0 7.5 2.5 2 0 3 4 4
2435.8 8.2 -184.7 76 0 10.0 6.3 5.0 0.0 0 0 2 2 2
2854.8 373.4 -164.5 78 0 6.5 11.2 7.5 2.5 2 1 3 3 3
2886.5 167.5 -142.8 224 0 11.9 13.2 2.5 2.5 2 1 1 1 1
2772.2 407.5 -183.7 196 0 10.4 16.7 7.5 2.5 2 1 3 5 5
2881.2 293.5 -149.6 176 0 7.7 8.9 5.0 2.5 2 1 2 0 0
2704.4 127.8 -165.2 335 0 9.4 7.8 7.5 2.5 2 0 3 0 0
2374.5 155.5 -221.5 208 0 7.0 8.7 7.5 2.5 4 1 3 3 3
2591.3 290.4 -191.0 297 0 11.2 13.2 7.5 2.5 4 1 3 2 2
2519.6 261.8 -202.8 88 0 10.6 6.4 7.5 2.5 4 0 3 1 1
2446.2 335.8 -210.3 343 0 15.5 16.6 10.0 2.5 4 1 4 3 3
2776.0 365.5 -189.9 90 0 21.5 10.7 2.5 2.5 2 0 1 0 0
2805.2 134.9 -150.4 283 0 6.3 7.6 5.0 2.5 4 1 2 1 1
2711.5 -104.8 -82.7 279 0 10.7 9.6 5.0 2.5 2 0 2 5 5
2609.1 366.0 -199.3 268 0 9.6 7.1 5.0 0.0 0 0 2 0 0
2617.1 384.9 -202.7 85 0 7.1 9.4 5.0 2.5 2 1 2 2 2
2531.6 75.5 -185.5 162 0 7.6 16.1 5.0 2.5 2 1 2 5 5
2580.7 350.0 -198.1 176 0 9.2 8.8 5.0 2.5 2 0 2 5 5
2485.7 240.7 -210.0 66 0 8.9 15.0 10.0 2.5 2 1 4 2 2
2665.8 336.7 -194.4 276 0 7.3 8.7 7.5 2.5 2 1 3 1 1
2503.1 164.6 -209.5 337 0 6.3 10.3 7.5 2.5 2 1 3 0 0
2458.9 294.3 -209.9 266 0 6.2 14.4 5.0 2.5 2 1 2 4 4
3270.3 -620.4 188.2 178 0 10.4 10.1 2.5 2.5 2 0 1 5 5
3181.6 -204.9 12.5 51 0 7.5 9.9 7.5 2.5 2 1 3 2 2
3373.5 -466.7 198.5 57 0 11.5 6.5 7.5 2.5 2 0 3 5 5
3039.3 -278.8 8.5 88 0 6.1 13.3 7.5 2.5 4 1 3 1 1
2704.3 -265.3 -96.2 43 0 11.4 7.5 2.5 2.5 2 0 1 1 1
2859.5 -715.6 0.8 349 0 11.8 17.0 2.5 2.5 2 1 1 3 3
2841.3 -323.1 -56.9 2 0 17.5 13.5 7.5 2.5 4 0 3 2 2
2876.5 -281.0 -37.0 343 0 8.1 6.8 10.0 2.5 2 0 4 0 0
1647.6 -467.0 -257.9 179 0 11.3 9.4 7.5 2.5 2 0 3 2 2
1297.1 -498.3 -229.8 72 0 10.8 6.8 5.0 2.5 2 0 2 3 3
1301.7 -163.7 -244.7 134 0 8.4 9.8 5.0 2.5 2 1 2 5 5
1156.8 -370.1 -234.6 172 0 6.7 6.6 7.5 2.5 2 0 3 5 5
1714.4 -712.8 -260.0 0 0 8.3 7.1 10.0 2.5 2 0 4 4 4
1341.4 -455.4 -230.5 247 0 10.7 7.1 7.5 2.5 2 0 3 1 1
2885.5 57.0 -125.4 64 0 13.7 21.3 12.5 2.5 4 1 5 0 0
2784.5 332.9 -181.0 295 0 8.0 9.0 7.5 2.5 2 1 3 1 1
2504.7 -98.7 -128.1 313 0 7.7 13.5 10.0 2.5 2 1 4 5 5
2569.1 18.8 -145.4 244 0 10.4 7.4 5.0 0.0 0 0 2 3 3
2684.9 -102.0 -88.4 296 0 10.5 10.4 7.5 2.5 2 0 3 0 0
2675.2 232.4 -182.3 267 0 6.0 8.2 7.5 2.5 2 1 3 2 2
4021.3 466.3 196.9 331 0 8.3 10.3 7.5 2.5 2 1 3 4 4
3605.6 -699.2 290.4 127 0 22.5 21.3 12.5 2.5 2 0 5 4 4
2340.0 -831.8 -171.7 186 0 7.3 10.4 5.0 2.5 2 1 2 3 3
-6778.3 1380.8 -275.7 92 0 6.5 6.5 7.5 2.5 4 1 3 1 1
1169.6 2155.7 -256.5 330 0 8.8 15.6 14.0 3.5 2 1 4 4 4
1139.4 2151.5 -254.4 150 0 13.3 8.8 14.0 3.5 2 0 4 1 1
1138.4 2174.3 -254.8 241 0 28.8 12.7 14.0 3.5 2 0 4 5 5
981.2 1999.1 -235.6 222 0 8.7 14.8 2.5 2.5 2 1 1 5 5
1039.3 2016.2 -238.7 23 0 14.5 13.5 5.0 2.5 2 0 2 4 4
1033.1 1849.6 -236.1 130 0 17.4 7.0 5.0 2.5 2 0 2 5 5
1099.3 1821.9 -228.8 54 0 8.8 17.6 10.0 2.5 2 1 4 5 5
989.3 1915.5 -227.9 62 0 10.6 17.2 2.5 2.5 2 1 1 4 4
967.9 1991.3 -236.1 232 0 14.1 21.4 12.5 0.0 0 1 5 4 4
993.8 1966.7 -231.6 321 0 11.7 27.8 15.0 0.0 0 1 6 1 1
1121.1 2019.4 -243.7 231 0 8.9 6.9 7.5 0.0 0 0 3 0 0
1113.5 1997.3 -238.9 194 0 8.1 10.7 7.5 2.5 2 1 3 4 4
1143.6 1998.7 -241.8 345 0 12.4 8.6 7.5 2.5 2 0 3 1 1
1137.2 1969.3 -235.5 19 0 12.8 10.9 7.5 2.5 2 0 3 5 5
121.5 5173.9 -244.1 319 0 8.1 71.8 10.0 0.0 0 1 4 0 0
940.7 1966.0 -237.2 140 0 16.7 12.9 2.5 2.5 2 0 1 1 1
945.9 1900.5 -229.2 165 0 15.1 8.3 7.5 2.5 2 0 3 2 2
938.3 1870.0 -227.6 340 0 16.1 11.5 7.5 2.5 2 0 3 4 4
957.1 1861.6 -228.8 165 0 14.7 7.5 7.5 2.5 2 0 3 1 1
917.6 1906.8 -231.8 24 0 8.8 11.9 5.0 2.5 2 1 2 4 4
898.9 1933.8 -234.2 16 0 11.0 16.2 7.5 0.0 0 1 3 5 5
884.9 1977.0 -241.0 270 0 7.7 11.0 7.5 2.5 2 1 3 2 2
876.2 1977.1 -241.0 271 0 9.8 11.0 5.0 2.5 2 1 2 1 1
867.3 1906.2 -228.8 96 0 8.0 10.2 7.5 2.5 2 1 3 5 5
843.0 1981.9 -240.0 269 0 8.2 14.0 7.5 2.5 2 1 3 0 0
864.2 1936.8 -232.3 195 0 10.2 9.5 10.0 0.0 0 0 4 5 5
854.0 1978.6 -240.0 268 0 8.3 10.1 7.5 2.5 2 1 3 5 5
973.4 1865.9 -229.8 143 0 9.9 11.2 5.0 2.5 2 1 2 4 4
961.3 1880.9 -225.5 148 0 6.4 9.8 7.5 2.5 2 1 3 4 4
1331.3 2201.6 -266.9 76 0 9.6 17.7 5.0 2.5 2 1 2 2 2
1358.6 2226.0 -268.4 345 0 6.1 14.9 12.5 2.5 2 1 5 5 5
1367.0 2227.9 -269.5 167 0 10.9 19.5 7.5 0.0 0 1 3 4 4
1308.6 2288.5 -264.3 269 0 7.2 22.6 5.0 2.5 2 1 2 3 3
1342.9 2253.6 -266.6 356 0 9.1 21.1 5.0 2.5 2 1 2 0 0
1362.2 2250.5 -269.2 171 0 8.3 15.5 7.5 2.5 2 1 3 3 3
1337.4 2288.2 -266.5 273 0 8.8 12.9 10.0 2.5 2 1 4 5 5
1358.5 2260.3 -269.2 172 0 11.8 17.7 2.5 2.5 2 1 1 5 5
1398.6 2283.7 -269.3 268 0 12.4 6.6 7.5 2.5 2 0 3 5 5
1286.6 2299.8 -262.9 87 0 12.0 19.6 5.0 2.5 2 1 2 0 0
1307.2 2300.2 -264.2 88 0 8.9 9.2 5.0 2.5 2 1 2 2 2
1279.7 2379.0 -262.9 253 0 10.0 15.0 5.0 2.5 2 1 2 3 3
1288.7 2381.7 -263.4 253 0 8.9 15.3 10.0 2.5 2 1 4 3 3
1300.0 2417.2 -263.3 77 0 9.1 16.0 7.5 0.0 0 1 3 2 2
1323.1 2386.4 -265.0 347 0 17.5 10.5 5.0 2.5 2 0 2 0 0
1297.0 2384.4 -263.7 251 0 8.6 11.2 7.5 2.5 2 1 3 5 5
1315.6 2300.5 -264.8 87 0 7.9 18.8 5.0 2.5 2 1 2 4 4
1536.1 2269.5 -265.1 266 0 19.4 10.7 5.0 2.5 2 0 2 3 3
1530.8 2304.9 -265.8 258 0 19.1 12.0 2.5 2.5 2 0 1 3 3
1568.7 2262.6 -262.3 258 0 15.0 23.0 10.0 2.5 2 1 4 2 2
1550.4 2285.1 -263.5 259 0 11.1 13.6 10.0 2.5 2 1 4 4 4
1547.3 2300.0 -263.8 258 0 11.3 15.2 7.5 2.5 2 1 3 0 0
1556.1 2302.1 -262.8 255 0 6.8 11.3 2.5 2.5 4 1 1 5 5
1534.0 2038.1 -253.4 175 0 9.8 8.8 7.5 2.5 2 0 3 1 1
1510.8 2101.1 -260.1 87 0 10.4 11.9 5.0 2.5 2 1 2 0 0
1519.9 2110.4 -257.5 142 0 6.1 15.9 7.5 2.5 2 1 3 2 2
1575.2 2110.6 -251.0 354 0 15.2 24.6 10.0 2.5 2 1 4 3 3
1521.8 2321.9 -268.3 345 0 10.9 41.2 10.0 0.0 0 1 4 4 4
1535.1 2430.7 -265.2 260 0 10.1 21.0 7.5 2.5 4 1 3 3 3
1547.8 2430.1 -264.4 259 0 14.5 10.5 5.0 2.5 2 0 2 2 2
1564.6 2432.5 -264.4 253 0 9.0 9.4 2.5 2.5 2 1 1 0 0
1561.5 2444.4 -262.7 251 0 6.7 6.1 7.5 2.5 2 0 3 3 3
1578.2 2444.2 -263.1 268 0 19.5 10.2 7.5 2.5 2 0 3 1 1
1515.4 2438.6 -261.7 83 0 14.5 8.4 5.0 2.5 4 0 2 2 2
1709.0 2319.2 -263.5 264 0 10.7 19.3 2.5 2.5 4 1 1 0 0
1719.8 2320.5 -263.3 263 0 11.2 14.9 7.5 2.5 2 1 3 4 4
1727.1 2331.1 -263.2 259 0 9.2 21.7 7.5 2.5 2 1 3 0 0
1693.7 2346.0 -264.4 261 0 19.2 10.3 7.5 2.5 2 0 3 5 5
1647.1 2303.6 -264.8 264 0 23.2 18.5 7.5 2.5 2 0 3 1 1
1643.4 2315.3 -264.7 261 0 36.6 12.1 7.5 2.5 2 0 3 5 5
1661.2 2338.7 -265.0 257 0 6.7 10.9 7.5 2.5 2 1 3 3 3
1653.5 2337.0 -265.2 257 0 9.0 10.9 5.0 2.5 2 1 2 0 0
1642.7 2337.5 -265.5 263 0 12.2 11.1 2.5 2.5 2 0 1 1 1
1631.5 2335.8 -265.6 260 0 10.4 10.8 7.5 2.5 2 1 3 1 1
1609.1 2342.3 -265.9 270 0 11.1 18.5 5.0 2.5 2 1 2 1 1
1599.7 2314.5 -263.9 273 0 18.1 13.3 10.0 2.5 2 0 4 2 2
1597.7 2335.6 -265.1 265 0 11.2 12.6 2.5 2.5 4 1 1 2 2
1653.9 2422.9 -263.4 286 0 14.4 14.3 5.0 2.5 2 0 2 0 0
1605.5 2441.7 -261.0 282 0 11.2 10.4 10.0 2.5 2 0 4 5 5
1679.4 2447.4 -256.9 82 0 18.4 11.6 7.5 2.5 2 0 3 5 5
-6600.5 1278.8 -273.1 247 0 11.2 14.8 7.5 2.5 2 1 3 0 0
-6626.0 1287.5 -276.4 91 0 6.8 34.4 12.5 0.0 0 1 5 0 0
-6896.6 1140.4 -288.9 115 0 31.0 18.9 10.5 0.0 0 0 3 3 3
-6909.8 821.8 -290.2 183 0 14.6 29.2 12.5 2.5 2 1 5 3 3
-6910.5 809.9 -290.6 183 0 9.2 29.2 10.0 2.5 2 1 4 0 0
-6716.0 995.2 -277.0 288 0 29.3 23.9 10.5 0.0 0 0 3 4 4
-6596.0 1261.4 -272.1 248 0 10.0 9.1 7.5 2.5 2 0 3 5 5
-6624.6 1261.7 -274.4 243 0 7.8 14.6 2.5 2.5 2 1 1 2 2
1695.6 -1944.6 -230.4 133 0 14.4 10.2 5.0 2.5 2 0 2 2 2
1732.1 -1966.4 -231.0 143 0 7.5 11.2 7.5 2.5 2 1 3 1 1
1729.0 -2062.2 -225.9 236 0 8.9 12.8 2.5 2.5 4 1 1 0 0
1738.7 -2030.7 -222.7 167 0 6.1 11.5 5.0 0.0 0 1 2 3 3
1746.3 -2041.9 -223.2 141 0 10.6 6.4 7.5 2.5 2 0 3 1 1
1756.0 -2049.2 -223.6 155 0 8.6 12.4 7.5 2.5 2 1 3 2 2
1753.8 -2063.9 -226.0 330 0 10.8 6.6 5.0 2.5 2 0 2 0 0
1756.9 -2083.8 -228.4 323 0 7.5 7.9 10.0 2.5 2 1 4 2 2
1768.6 -2087.9 -228.2 318 0 7.7 7.9 2.5 2.5 2 1 1 4 4
1760.7 -2058.3 -224.1 154 0 7.8 8.2 5.0 2.5 2 1 2 1 1
1821.1 -2164.3 -227.6 142 0 9.1 13.0 7.5 2.5 2 1 3 0 0
1859.8 -2143.8 -222.1 229 0 10.5 8.8 10.0 2.5 2 0 4 4 4
1917.7 -2126.2 -212.1 293 0 9.7 15.8 7.5 2.5 2 1 3 4 4
2036.9 -1975.0 -196.0 230 0 11.9 8.5 2.5 2.5 2 0 1 3 3
2018.9 -1955.0 -206.1 120 0 8.5 11.7 7.5 2.5 2 1 3 0 0
1996.9 -1990.9 -202.5 241 0 16.9 7.9 7.5 2.5 2 0 3 5 5
1986.0 -2009.7 -201.6 247 0 21.1 9.9 7.5 2.5 2 0 3 3 3
1885.6 -2065.2 -217.9 165 0 9.5 11.6 7.5 2.5 2 1 3 4 4
1819.2 -2056.6 -223.2 68 0 12.0 7.8 2.5 0.0 0 0 1 0 0
1926.1 -2001.7 -213.9 108 0 17.1 9.6 7.5 2.5 2 0 3 0 0
1922.9 -2013.9 -212.2 277 0 11.6 19.1 5.0 2.5 2 1 2 0 0
1840.9 -2014.7 -221.6 12 0 11.5 10.5 5.0 2.5 2 0 2 0 0
1857.4 -2029.0 -220.8 48 0 19.9 11.4 2.5 2.5 2 0 1 3 3
1996.6 -1838.6 -220.0 105 0 11.6 20.8 12.5 2.5 2 1 5 2 2
1874.1 -1730.8 -244.2 109 0 9.1 14.0 10.0 2.5 2 1 4 5 5
-6046.7 565.2 -277.0 71 0 19.9 14.5 12.5 0.0 0 0 5 0 0
-6050.3 603.7 -277.5 268 0 15.6 11.0 5.0 2.5 2 0 2 1 1
1403.0 -6229.6 -349.4 172 0 8.1 13.1 7.5 0.0 0 1 3 0 0
1433.7 -6203.8 -351.4 346 0 15.9 22.7 10.0 2.5 2 1 4 3 3
1275.2 -6168.5 -341.8 234 0 12.4 9.0 5.0 2.5 2 0 2 0 0
1327.1 -6153.3 -344.4 248 0 15.3 9.8 5.0 2.5 2 0 2 2 2
1368.6 -6131.7 -349.6 263 0 30.6 7.7 7.5 2.5 2 0 3 4 4
1372.3 -6095.0 -341.7 265 0 9.5 7.4 5.0 2.5 2 0 2 5 5
1359.3 -6096.7 -339.4 265 0 12.5 7.3 2.5 2.5 2 0 1 3 3
1378.6 -6116.6 -345.4 88 0 35.0 9.0 12.5 2.5 2 0 5 0 0
-5751.4 -6172.8 -251.5 11 0 13.9 8.4 7.5 2.5 2 0 3 0 0
-5707.4 -6373.2 -267.9 175 0 14.4 10.8 2.5 2.5 2 0 1 5 5
-5690.3 -5134.7 -183.5 212 0 27.3 8.8 7.5 2.5 4 0 3 0 0
6570.7 -3868.1 -206.2 179 0 8.3 13.6 7.5 2.5 2 1 3 4 4
6182.0 -4075.2 -270.3 350 0 8.8 22.5 5.0 2.5 2 1 2 0 0
6112.7 -4100.2 -269.7 76 0 13.1 8.8 5.0 2.5 2 0 2 2 2
6106.6 -4110.7 -270.5 248 0 8.0 6.8 7.5 2.5 2 0 3 3 3
6141.6 -4056.7 -268.7 102 0 11.6 9.3 5.0 2.5 2 0 2 3 3
6162.4 -4108.2 -272.1 253 0 7.9 11.3 7.5 2.5 2 1 3 0 0
6123.2 -4105.9 -270.6 258 0 7.4 9.7 5.0 2.5 4 1 2 4 4
6142.6 -4103.4 -271.1 262 0 6.7 9.1 5.0 2.5 2 1 2 3 3
5971.2 -4076.2 -259.9 296 0 25.2 10.6 12.5 2.5 2 0 5 1 1
6612.8 -3886.5 -193.2 270 0 8.5 6.5 7.5 2.5 2 0 3 4 4
6646.9 -3884.5 -186.6 258 0 14.8 8.1 5.0 2.5 2 0 2 5 5
6644.7 -3920.0 -173.0 344 0 6.6 12.2 7.5 2.5 2 1 3 4 4
6674.3 -3816.1 -199.2 113 0 9.7 15.9 7.5 2.5 2 1 3 0 0
6698.7 -3799.0 -196.9 68 0 13.7 8.6 7.5 2.5 2 0 3 3 3
6747.6 -3752.9 -192.8 285 0 9.6 10.1 7.5 2.5 2 1 3 3 3
6700.3 -3726.4 -207.9 272 0 7.5 7.4 7.5 2.5 2 0 3 3 3
6724.0 -3738.1 -200.5 253 0 13.7 6.9 7.5 2.5 2 0 3 3 3
6531.4 -3767.7 -237.8 184 0 8.3 8.7 7.5 0.0 0 1 3 4 4
6490.0 -3790.6 -239.2 223 0 6.9 9.4 7.5 2.5 2 1 3 4 4
6481.5 -3900.9 -224.9 150 0 9.5 14.5 7.5 2.5 4 1 3 0 0
6284.2 -3652.0 -261.4 16 0 14.4 8.0 7.5 2.5 2 0 3 2 2
6283.2 -3598.6 -258.2 333 0 9.6 6.7 7.5 2.5 2 0 3 5 5
6289.6 -3629.7 -260.2 2 0 12.6 8.4 5.0 2.5 4 0 2 5 5
6759.0 -3734.2 -194.6 276 0 9.2 7.8 7.5 2.5 4 0 3 0 0
6807.7 -3727.4 -187.0 209 0 14.8 9.4 7.5 2.5 2 0 3 3 3
6763.5 -3680.5 -203.8 161 0 8.3 12.7 7.5 2.5 2 1 3 4 4
6806.6 -3671.3 -196.7 85 0 8.9 10.5 7.5 2.5 4 1 3 2 2
6821.6 -3666.6 -195.1 253 0 14.7 7.8 7.5 2.5 2 0 3 4 4
6889.4 -3691.3 -176.5 7 0 8.7 8.7 7.5 2.5 2 1 3 1 1
6912.0 -3749.1 -153.6 94 0 7.7 11.7 5.0 2.5 2 1 2 0 0
6835.9 -3775.3 -171.1 43 0 10.5 9.3 7.5 0.0 0 0 3 0 0
6872.3 -3793.4 -153.3 24 0 7.3 10.4 5.0 2.5 2 1 2 0 0
6836.2 -4235.3 9.1 273 0 10.6 15.0 7.5 2.5 4 1 3 4 4
6821.3 -4078.1 -33.5 277 0 7.4 11.9 7.5 0.0 0 1 3 5 5
6825.0 -4356.9 19.0 89 0 8.4 11.8 7.5 2.5 2 1 3 0 0
6808.8 -4265.5 1.1 184 0 11.3 8.9 7.5 2.5 2 0 3 4 4
6737.0 -4274.0 -40.1 107 0 9.2 12.5 7.5 2.5 2 1 3 1 1
6687.9 -4412.2 -50.5 7 0 11.9 10.1 7.5 2.5 2 0 3 4 4
6629.8 -4452.3 -73.0 182 0 13.9 10.9 7.5 2.5 2 0 3 1 1
6720.6 -4132.9 -76.0 64 0 13.0 17.3 7.5 2.5 4 1 3 5 5
6646.8 -4137.1 -100.7 108 0 16.4 12.4 5.0 2.5 2 0 2 4 4
6602.0 -4118.7 -116.2 272 0 19.6 10.0 7.5 2.5 2 0 3 2 2
6557.5 -4237.2 -141.2 11 0 14.9 11.3 7.5 2.5 2 0 3 2 2
6551.1 -4296.5 -144.1 20 0 16.8 11.2 7.5 2.5 2 0 3 3 3
6466.1 -4138.4 -157.6 84 0 9.9 11.8 7.5 2.5 2 1 3 3 3
6428.4 -3849.3 -248.9 187 0 10.5 10.9 7.5 2.5 2 1 3 5 5
6390.3 -3939.2 -245.0 151 0 10.2 18.4 7.5 2.5 2 1 3 4 4
6391.1 -3895.2 -250.8 204 0 10.3 7.8 7.5 2.5 2 0 3 3 3
6415.4 -3872.5 -250.0 200 0 12.4 10.3 7.5 2.5 2 0 3 1 1
6401.3 -3887.4 -250.0 213 0 11.3 10.5 5.0 2.5 2 0 2 1 1
6367.0 -3914.4 -256.9 220 0 15.4 14.1 7.5 2.5 2 0 3 1 1
6338.6 -3929.3 -260.4 211 0 12.8 12.7 7.5 2.5 2 0 3 0 0
6335.5 -3967.0 -256.9 140 0 8.3 11.9 5.0 0.0 0 1 2 0 0
6309.2 -3977.0 -260.3 135 0 8.9 17.0 7.5 2.5 2 1 3 1 1
6309.2 -4035.0 -247.5 180 0 11.1 16.4 5.0 2.5 4 1 2 2 2
6286.3 -4066.3 -253.6 177 0 17.3 13.3 7.5 2.5 2 0 3 4 4
6264.6 -4093.0 -259.8 190 0 21.7 17.4 10.0 2.5 2 0 4 3 3
6260.6 -4118.5 -258.9 199 0 18.7 13.0 12.5 2.5 2 0 5 4 4
6291.9 -4138.1 -248.2 167 0 18.3 17.3 12.5 2.5 2 0 5 5 5
6332.4 -4124.7 -234.3 264 0 12.6 18.5 5.0 2.5 2 1 2 2 2
6253.6 -4153.7 -258.6 198 0 15.0 15.4 7.5 2.5 2 1 3 2 2
6222.7 -4146.8 -264.4 207 0 15.6 10.0 7.5 2.5 2 0 3 4 4
6225.2 -4180.0 -261.3 179 0 10.2 18.1 7.5 2.5 2 1 3 4 4
6150.1 -4110.9 -271.6 280 0 8.0 6.0 5.0 0.0 0 0 2 1 1
6115.0 -4107.9 -270.5 255 0 9.7 7.2 5.0 0.0 0 0 2 1 1
6092.3 -4105.0 -269.5 78 0 6.9 7.9 7.5 2.5 2 1 3 3 3
6108.8 -4084.9 -268.8 79 0 11.0 11.2 5.0 2.5 2 1 2 2 2
6128.2 -4074.7 -269.0 81 0 8.5 11.1 5.0 2.5 2 1 2 4 4
6091.6 -4031.2 -267.8 153 0 10.6 22.0 5.0 2.5 2 1 2 2 2
6091.8 -4116.3 -270.6 249 0 7.7 8.2 7.5 2.5 2 1 3 2 2
6082.3 -4127.5 -271.0 208 0 8.1 6.8 7.5 0.0 0 0 3 2 2
6080.0 -4135.5 -271.3 208 0 7.8 9.5 5.0 2.5 2 1 2 0 0
6065.1 -4147.2 -268.8 29 0 8.6 9.4 5.0 2.5 2 1 2 4 4
6042.7 -4175.0 -264.3 6 0 6.5 9.4 7.5 2.5 2 1 3 4 4
6210.8 -4041.2 -267.0 62 0 7.6 7.6 10.0 2.5 2 0 4 5 5
5985.4 -4133.3 -257.1 103 0 8.3 14.7 7.5 2.5 2 1 3 5 5
5984.3 -4033.9 -264.6 187 0 8.0 18.2 7.5 2.5 4 1 3 1 1
6024.6 -4006.7 -265.9 68 0 10.2 13.2 5.0 2.5 2 1 2 0 0
6008.9 -3952.7 -265.2 88 0 10.8 10.4 7.5 2.5 2 0 3 1 1
6049.7 -3957.4 -267.0 78 0 8.8 13.8 5.0 2.5 2 1 2 4 4
6064.1 -3949.6 -266.5 73 0 17.6 11.4 7.5 2.5 2 0 3 4 4
6095.8 -3938.0 -268.6 87 0 14.1 11.4 7.5 2.5 2 0 3 0 0
6105.7 -3911.6 -266.5 69 0 17.4 9.9 7.5 2.5 4 0 3 3 3
6142.7 -3912.0 -269.5 90 0 12.7 21.3 10.0 2.5 2 1 4 2 2
6095.9 -3899.1 -263.1 83 0 9.0 13.9 5.0 2.5 2 1 2 1 1
6034.9 -3893.0 -259.0 252 0 10.9 9.6 7.5 0.0 0 0 3 1 1
6016.2 -3932.5 -262.6 77 0 9.3 10.1 5.0 2.5 2 1 2 5 5
6014.4 -3860.5 -250.4 253 0 6.9 11.9 7.5 2.5 2 1 3 1 1
6085.6 -3901.2 -261.3 30 0 7.4 12.7 7.5 2.5 2 1 3 0 0
6081.7 -3828.6 -255.8 155 0 16.1 8.6 7.5 2.5 2 0 3 2 2
6070.3 -3771.7 -253.7 267 0 9.8 17.4 5.0 2.5 2 1 2 1 1
6008.5 -3812.9 -242.7 322 0 11.6 19.3 7.5 2.5 2 1 3 5 5
6017.0 -3831.1 -248.1 302 0 7.4 8.4 7.5 2.5 2 1 3 3 3
5964.4 -3967.1 -265.5 90 0 11.4 10.3 5.0 2.5 2 0 2 5 5
5963.8 -3882.7 -252.4 275 0 7.5 11.4 7.5 2.5 2 1 3 5 5
5922.9 -3882.2 -250.6 267 0 13.8 11.8 7.5 2.5 2 0 3 3 3
5896.6 -3905.8 -255.6 190 0 14.6 14.3 7.5 2.5 2 0 3 4 4
5895.8 -3947.3 -263.7 49 0 16.0 15.8 12.5 0.0 0 0 5 5 5
5842.6 -3926.2 -249.1 300 0 6.8 15.5 5.0 2.5 2 1 2 2 2
5795.2 -3967.0 -244.2 92 0 7.9 13.5 7.5 2.5 2 1 3 4 4
5775.8 -3918.5 -231.5 283 0 6.8 10.9 7.5 2.5 2 1 3 4 4
6194.4 -3806.8 -264.6 14 0 11.7 9.2 7.5 2.5 2 0 3 2 2
6202.6 -3822.3 -266.8 68 0 12.2 12.4 7.5 2.5 2 1 3 4 4
6171.2 -3762.7 -259.6 266 0 6.5 22.0 2.5 2.5 4 1 1 2 2
6230.7 -3776.8 -267.0 1 0 8.7 6.0 7.5 2.5 2 0 3 3 3
6255.9 -3746.4 -266.3 27 0 8.8 6.9 7.5 2.5 2 0 3 2 2
6193.2 -3700.1 -246.9 251 0 11.0 8.7 7.5 2.5 2 0 3 1 1
6196.0 -3644.9 -241.6 273 0 8.5 12.9 7.5 2.5 2 1 3 0 0
6222.7 -3631.4 -249.3 255 0 7.7 14.5 7.5 2.5 2 1 3 3 3
6291.3 -3639.9 -260.7 4 0 7.2 7.2 5.0 2.5 2 1 2 0 0
6296.1 -3596.2 -259.5 333 0 7.9 6.7 7.5 0.0 0 0 3 3 3
6260.0 -3523.8 -250.9 356 0 8.2 6.8 7.5 2.5 2 0 3 1 1
6148.0 -3636.5 -228.5 177 0 8.3 16.1 7.5 2.5 2 1 3 0 0
6139.1 -3614.0 -220.9 116 0 8.1 9.4 5.0 2.5 2 1 2 5 5
6128.7 -3571.6 -214.0 293 0 8.2 11.6 7.5 2.5 2 1 3 1 1
6095.3 -3585.6 -208.2 139 0 7.6 11.5 7.5 2.5 2 1 3 5 5
6084.5 -3625.1 -209.9 104 0 7.0 10.7 7.5 2.5 2 1 3 1 1
6156.3 -3706.2 -244.5 228 0 8.0 13.8 7.5 2.5 2 1 3 3 3
6050.2 -3584.0 -198.4 149 0 8.7 11.5 5.0 2.5 2 1 2 4 4
6037.9 -3535.2 -189.8 198 0 12.5 9.4 7.5 2.5 2 0 3 1 1
6040.4 -3504.2 -184.1 189 0 13.0 6.7 7.5 2.5 2 0 3 1 1
6065.0 -3453.0 -179.2 279 0 8.2 13.1 7.5 2.5 2 1 3 3 3
6013.3 -3399.2 -156.3 218 0 8.0 11.8 5.0 2.5 2 1 2 5 5
5988.7 -3670.9 -199.5 126 0 12.2 11.3 5.0 2.5 2 0 2 2 2
5960.5 -3744.5 -209.1 49 0 19.8 11.9 5.0 2.5 2 0 2 5 5
5781.5 -3525.9 -102.6 95 0 8.0 13.9 7.5 2.5 2 1 3 3 3
5892.7 -3353.0 -130.8 178 0 8.7 8.7 7.5 2.5 2 0 3 1 1
5953.8 -3374.6 -144.6 331 0 8.8 10.4 7.5 2.5 2 1 3 3 3
6088.1 -3172.9 -216.1 7 0 9.2 7.9 5.0 2.5 2 0 2 1 1
6050.5 -3105.9 -216.0 1 0 14.9 12.1 7.5 2.5 2 0 3 0 0
6093.5 -3080.5 -224.6 32 0 9.6 15.2 7.5 2.5 2 1 3 2 2
6129.8 -3283.7 -204.5 68 0 11.6 12.7 7.5 2.5 2 1 3 0 0
6169.6 -3195.2 -228.7 54 0 14.6 8.7 7.5 2.5 2 0 3 0 0
5926.5 -3095.4 -175.2 80 0 9.0 15.4 5.0 2.5 4 1 2 2 2
6026.2 -3023.1 -211.8 23 0 12.7 12.6 7.5 2.5 2 0 3 0 0
6030.4 -2987.9 -213.9 346 0 16.8 8.7 7.5 2.5 4 0 3 4 4
6008.4 -2907.6 -207.0 119 0 8.2 11.1 7.5 2.5 2 1 3 0 0
5749.7 -3107.0 -78.0 93 0 7.0 11.5 7.5 2.5 2 1 3 1 1
5711.3 -2935.4 -99.7 73 0 8.2 16.1 5.0 0.0 0 1 2 2 2
5731.5 -2859.1 -111.0 271 0 7.6 8.5 7.5 2.5 2 1 3 3 3
5813.9 -2976.9 -125.9 89 0 10.2 15.7 5.0 2.5 2 1 2 1 1
5838.6 -2932.7 -139.9 233 0 10.5 12.6 7.5 2.5 2 1 3 5 5
5804.7 -2941.4 -123.2 251 0 10.8 7.9 5.0 2.5 2 0 2 4 4
5876.1 -2911.0 -151.5 287 0 9.2 12.1 5.0 2.5 2 1 2 2 2
5905.2 -2833.8 -168.1 183 0 15.5 16.0 7.5 2.5 2 1 3 0 0
6094.5 -2658.9 -200.9 269 0 15.8 10.4 7.5 2.5 4 0 3 0 0
6098.1 -2764.9 -211.5 274 0 10.8 10.2 7.5 2.5 2 0 3 1 1
6132.2 -2811.9 -212.9 89 0 17.3 12.3 7.5 2.5 2 0 3 1 1
6158.8 -2745.0 -203.0 350 0 12.7 19.5 7.5 2.5 2 1 3 2 2
6150.3 -2685.2 -194.7 58 0 13.4 12.2 7.5 2.5 2 0 3 1 1
6218.0 -2675.4 -183.7 331 0 7.1 13.5 7.5 2.5 2 1 3 1 1
6195.4 -2651.2 -184.1 316 0 9.3 10.9 7.5 0.0 0 1 3 2 2
6256.8 -2774.4 -182.5 297 0 10.7 20.6 7.5 2.5 2 1 3 5 5
6288.9 -2978.7 -195.7 311 0 7.3 28.1 12.5 2.5 2 1 5 1 1
6335.6 -3010.3 -189.8 217 0 10.6 15.0 7.5 0.0 0 1 3 2 2
6370.0 -2959.4 -170.0 228 0 11.0 9.0 5.0 2.5 2 0 2 4 4
6385.1 -2905.5 -156.0 244 0 15.5 19.2 12.5 2.5 2 1 5 1 1
6371.2 -2829.0 -143.2 137 0 9.4 12.4 7.5 2.5 2 1 3 1 1
6463.7 -2780.9 -112.9 190 0 12.8 11.7 5.0 2.5 2 0 2 1 1
6508.0 -2775.3 -100.4 34 1 14.7 10.2 10.0 2.5 2 0 4 0 0
6528.6 -2698.9 -86.6 137 0 12.1 9.3 7.5 2.5 2 0 3 1 1
6878.5 -3069.1 -32.7 112 0 14.0 11.9 5.0 2.5 2 0 2 2 2
6911.5 -2923.4 22.4 201 0 11.3 15.6 7.5 2.5 4 1 3 0 0
6910.6 -3473.1 -147.7 355 0 11.9 9.0 5.0 2.5 2 0 2 0 0
6880.1 -3484.6 -155.1 309 0 6.8 14.0 7.5 2.5 2 1 3 5 5
6757.5 -3463.2 -166.9 139 0 8.1 8.2 7.5 2.5 2 1 3 1 1
6809.6 -3444.0 -153.9 46 0 9.3 11.9 7.5 0.0 0 1 3 3 3
6554.3 -3416.9 -210.8 65 0 12.8 14.4 7.5 2.5 2 1 3 5 5
6509.7 -3540.1 -247.5 187 0 14.3 9.1 7.5 2.5 2 0 3 0 0
6556.4 -3519.2 -235.6 270 0 11.7 22.2 10.0 2.5 2 1 4 2 2
6682.7 -3543.4 -201.7 351 0 7.4 11.7 5.0 2.5 2 1 2 1 1
6660.2 -3587.6 -216.8 43 0 10.1 8.3 7.5 2.5 2 0 3 2 2
6673.2 -3607.5 -216.7 44 0 9.8 11.4 5.0 2.5 2 1 2 3 3
6605.3 -3550.3 -223.1 334 0 14.7 9.7 7.5 2.5 2 0 3 1 1
6458.1 -3437.4 -236.2 96 0 13.1 17.7 7.5 2.5 2 1 3 2 2
6429.1 -3364.8 -229.1 164 0 7.9 10.5 7.5 0.0 0 1 3 2 2
6378.3 -3411.1 -248.5 247 0 11.0 9.9 7.5 2.5 2 0 3 5 5
6491.1 -3093.8 -132.8 151 0 15.8 13.1 7.5 0.0 0 0 3 1 1
6912.2 -3000.8 -2.3 134 0 13.5 15.6 7.5 2.5 2 1 3 4 4
6730.1 -2789.9 -6.6 10 0 9.3 13.2 5.0 2.5 2 1 2 4 4
6858.8 -2597.9 43.7 109 0 11.2 15.7 7.5 2.5 2 1 3 3 3
6810.3 -2453.3 9.3 168 0 9.9 10.8 7.5 2.5 4 1 3 5 5
6584.3 -2493.9 -64.6 87 0 13.8 20.9 10.0 2.5 2 1 4 0 0
6622.7 -2506.9 -55.7 84 0 9.6 7.6 5.0 2.5 2 0 2 0 0
6629.4 -2519.0 -53.8 78 0 8.3 7.0 7.5 2.5 2 0 3 1 1
6661.0 -3054.1 -91.6 252 0 16.9 7.4 7.5 2.5 2 0 3 1 1
6720.5 -3005.9 -55.1 102 0 6.2 8.4 7.5 2.5 2 1 3 1 1
6684.3 -3046.7 -85.0 288 0 13.2 9.8 7.5 2.5 2 0 3 1 1
6331.0 -4242.4 -224.0 18 0 20.7 13.3 10.0 2.5 4 0 4 4 4
6209.1 -4178.8 -265.3 251 0 11.8 22.5 12.5 2.5 2 1 5 3 3
6203.1 -4226.2 -267.2 258 0 14.0 8.6 3.5 2.5 2 0 1 5 5
6221.5 -4215.2 -260.4 175 0 9.6 17.5 5.0 0.0 0 1 2 2 2
6222.0 -4225.5 -260.1 180 0 6.8 16.1 14.0 2.5 2 1 4 2 2
6223.0 -4233.5 -260.0 173 0 6.4 15.9 5.0 2.5 2 1 2 4 4
6232.9 -4304.9 -257.8 272 0 8.7 11.7 7.5 2.5 2 1 3 3 3
6216.7 -4333.0 -260.7 236 0 13.6 6.9 5.0 2.5 2 0 2 5 5
6202.6 -4340.5 -263.9 241 0 14.8 10.4 7.5 2.5 2 0 3 1 1
6327.8 -4295.5 -221.8 274 0 8.2 8.4 7.5 2.5 2 1 3 0 0
6387.4 -4271.1 -199.5 327 0 7.7 9.6 7.5 2.5 2 1 3 4 4
6395.3 -4340.4 -196.0 354 0 12.6 9.4 7.5 2.5 2 0 3 4 4
6396.1 -4352.4 -194.8 357 0 8.9 9.5 7.5 0.0 0 1 3 1 1
6323.2 -4428.2 -217.6 122 0 11.6 9.7 7.5 2.5 2 0 3 4 4
6150.9 -4396.8 -266.4 181 0 10.7 16.0 7.5 2.5 2 1 3 2 2
6188.0 -4480.1 -259.4 284 0 12.5 13.3 5.0 2.5 2 1 2 1 1
6182.6 -4494.6 -259.9 286 0 10.7 10.2 5.0 2.5 2 0 2 2 2
6170.1 -4517.4 -260.7 180 0 20.7 11.8 7.5 2.5 2 0 3 1 1
6133.3 -4503.6 -268.8 183 0 11.1 9.4 7.5 2.5 4 0 3 0 0
6135.0 -4518.9 -268.4 185 0 10.1 9.9 5.0 2.5 2 0 2 5 5
6142.7 -4540.0 -266.4 180 0 18.3 12.7 7.5 2.5 2 0 3 2 2
6139.5 -4589.3 -266.5 178 0 12.8 9.2 7.5 2.5 2 0 3 1 1
6224.2 -4515.2 -244.6 325 0 7.5 8.5 7.5 2.5 2 1 3 4 4
6317.3 -4680.4 -214.4 63 0 10.1 9.2 7.5 2.5 2 0 3 4 4
6429.8 -4552.2 -157.5 147 0 15.3 13.9 5.0 2.5 2 0 2 3 3
6478.5 -4531.4 -142.1 60 0 16.4 12.0 7.5 2.5 2 0 3 1 1
6445.3 -4503.7 -150.5 123 0 7.7 10.8 7.5 0.0 0 1 3 5 5
6457.0 -4436.1 -161.8 240 0 7.9 16.3 7.5 2.5 2 1 3 0 0
6523.0 -4485.7 -129.2 330 0 12.1 9.0 7.5 2.5 2 0 3 3 3
6521.7 -4455.2 -133.9 326 0 10.1 8.0 7.5 2.5 2 0 3 5 5
6496.3 -4648.2 -140.4 87 0 9.4 11.3 7.5 2.5 2 1 3 4 4
6195.9 -4844.9 -252.8 86 0 12.2 15.7 7.5 2.5 2 1 3 0 0
6361.3 -5033.9 -190.5 56 0 13.2 15.7 7.5 2.5 2 1 3 1 1
6443.7 -5000.4 -163.9 90 0 12.0 10.6 5.0 2.5 2 0 2 4 4
6237.2 -4967.4 -222.4 71 0 13.2 10.1 7.5 2.5 4 0 3 3 3
6498.0 -4296.5 -159.5 277 0 12.5 13.3 7.5 2.5 2 1 3 5 5
6621.9 -4654.4 -80.3 90 0 8.3 18.1 10.0 0.0 0 1 4 4 4
6718.3 -5037.0 -80.9 244 0 12.0 11.3 7.5 2.5 2 0 3 2 2
6752.2 -5013.1 -70.9 327 0 14.6 9.6 5.0 2.5 2 0 2 3 3
6816.6 -5019.5 -67.1 252 0 17.1 9.5 7.5 2.5 2 0 3 4 4
6869.2 -4895.7 -20.3 102 0 21.2 13.3 12.5 2.5 2 0 5 3 3
6781.5 -4866.7 -51.8 96 0 9.0 11.4 5.0 0.0 0 1 2 1 1
6755.5 -5038.0 -71.1 68 0 13.5 8.3 7.5 2.5 2 0 3 2 2
6731.7 -5110.0 -102.5 146 0 9.0 11.4 5.0 2.5 2 1 2 5 5
6681.6 -5069.5 -94.3 66 0 12.7 10.5 7.5 2.5 2 0 3 2 2
6785.5 -5129.8 -112.5 350 0 9.6 13.1 7.5 2.5 2 1 3 4 4
6659.4 -5236.0 -151.8 93 0 12.7 15.4 7.5 2.5 2 1 3 5 5
6731.5 -5206.1 -136.3 86 0 13.1 11.5 7.5 2.5 2 0 3 3 3
6689.2 -5225.4 -145.8 83 0 8.1 10.7 7.5 2.5 2 1 3 5 5
6889.7 -3839.8 -126.5 345 0 8.0 9.0 5.0 2.5 2 1 2 3 3
6843.1 -3854.0 -136.6 140 0 9.0 15.3 5.0 2.5 2 1 2 3 3
6816.4 -3846.7 -152.3 105 0 8.4 14.3 7.5 2.5 2 1 3 2 2
6759.4 -3821.9 -178.2 94 0 10.4 8.5 7.5 2.5 2 0 3 4 4
5962.6 -4236.2 -241.1 249 0 8.3 21.6 3.5 2.5 2 1 1 3 3
5996.2 -4261.8 -248.5 76 0 6.7 23.9 10.5 2.5 2 1 3 5 5
5982.7 -4192.1 -252.6 228 0 7.9 36.6 10.0 2.5 2 1 4 4 4
6080.2 -4281.0 -272.3 185 0 27.6 8.1 3.5 2.5 2 0 1 5 5
5955.6 -4170.3 -245.2 90 0 9.4 13.5 7.5 2.5 4 1 3 0 0
5953.0 -4137.3 -247.6 239 0 7.4 9.2 5.0 0.0 0 1 2 1 1
5939.1 -4236.5 -232.5 135 0 10.4 8.5 7.5 2.5 2 0 3 1 1
5923.7 -4263.2 -229.3 351 0 8.9 12.2 7.5 2.5 2 1 3 1 1
5913.4 -4296.5 -231.0 59 0 13.1 9.1 7.5 2.5 2 0 3 3 3
5901.4 -4245.6 -222.3 304 0 12.6 10.2 7.5 2.5 2 0 3 1 1
5875.7 -4259.3 -218.3 272 0 8.7 15.6 7.5 2.5 2 1 3 3 3
5850.5 -4265.6 -212.1 270 0 7.8 12.9 5.0 2.5 2 1 2 1 1
5846.2 -4308.9 -215.2 70 0 14.6 10.7 7.5 2.5 2 0 3 2 2
5765.8 -4269.6 -191.7 158 0 10.6 11.1 7.5 2.5 2 1 3 3 3
5739.4 -4267.3 -183.4 34 0 7.3 10.2 7.5 2.5 2 1 3 3 3
5732.4 -4165.3 -191.9 242 0 8.0 11.2 7.5 2.5 2 1 3 4 4
5770.0 -4183.8 -196.6 256 0 9.3 9.3 7.5 0.0 0 0 3 1 1
5689.6 -4104.0 -195.4 134 0 9.7 7.2 5.0 2.5 2 0 2 2 2
5650.8 -4177.2 -172.3 180 0 9.8 9.4 5.0 2.5 2 0 2 2 2
5679.9 -4291.5 -168.5 56 0 7.8 12.1 7.5 2.5 2 1 3 4 4
5600.1 -4220.1 -154.3 30 0 15.2 10.6 5.0 2.5 2 0 2 0 0
5587.0 -4149.1 -154.6 324 0 14.2 9.4 7.5 2.5 4 0 3 1 1
5602.7 -4013.5 -177.5 171 0 13.9 8.2 7.5 2.5 2 0 3 0 0
5640.7 -3988.1 -190.3 279 0 7.4 14.3 7.5 2.5 2 1 3 2 2
5692.9 -4005.4 -213.7 142 0 8.9 12.1 7.5 0.0 0 1 3 3 3
5724.1 -3955.3 -225.4 221 0 13.7 10.2 7.5 2.5 2 0 3 4 4
5733.2 -3944.2 -225.6 203 0 10.5 9.0 7.5 2.5 2 0 3 2 2
5756.4 -3914.6 -225.7 206 0 11.3 9.0 7.5 2.5 2 0 3 1 1
5752.2 -4189.8 -192.3 270 0 8.4 11.8 7.5 2.5 4 1 3 4 4
5722.9 -4210.8 -185.2 252 0 11.7 10.2 5.0 2.5 2 0 2 0 0
5648.8 -4194.0 -169.3 176 0 10.8 6.2 7.5 2.5 4 0 3 3 3
5638.2 -4105.3 -180.5 170 0 9.5 7.3 7.5 2.5 2 0 3 4 4
5808.9 -4183.6 -205.0 257 0 10.6 13.2 7.5 2.5 2 1 3 4 4
5843.8 -4147.6 -217.1 249 0 12.9 14.7 7.5 2.5 2 1 3 2 2
5871.9 -4193.3 -217.6 28 0 8.9 9.5 7.5 2.5 2 1 3 3 3
5588.4 -4364.0 -142.4 71 0 15.7 11.2 5.0 0.0 0 0 2 3 3
6052.5 -4304.6 -268.1 204 0 13.7 9.9 10.5 2.5 4 0 3 3 3
5979.1 -4368.1 -256.4 92 0 7.6 12.8 7.5 0.0 0 1 3 3 3
5870.0 -4145.5 -226.6 173 0 9.6 11.1 7.5 2.5 2 1 3 3 3
6024.1 -4081.6 -266.8 132 0 8.5 8.2 5.0 2.5 2 0 2 2 2
5907.8 -4744.1 -257.2 150 0 18.3 9.2 7.5 2.5 2 0 3 3 3
5903.5 -4764.6 -252.2 260 0 13.6 14.7 5.0 2.5 2 1 2 2 2
5828.1 -4834.0 -239.2 253 0 13.2 12.3 7.5 2.5 2 0 3 2 2
5752.8 -4833.0 -232.8 353 0 16.4 14.8 5.0 2.5 4 0 2 3 3
5739.0 -4863.4 -229.7 66 0 15.7 9.8 7.5 2.5 2 0 3 0 0
5660.6 -4850.2 -224.9 246 0 11.3 17.0 5.0 2.5 2 1 2 1 1
5581.1 -4949.3 -211.7 278 0 9.9 20.1 7.5 2.5 2 1 3 3 3
5577.2 -4999.2 -211.6 85 0 12.2 12.0 7.5 2.5 2 0 3 1 1
5580.1 -5039.5 -212.0 178 0 9.8 17.6 5.0 2.5 2 1 2 2 2
5637.3 -4987.4 -221.2 255 0 10.0 15.0 7.5 2.5 2 1 3 5 5
5629.3 -4956.0 -220.1 167 0 6.0 7.3 7.5 2.5 2 1 3 0 0
5873.2 -4883.1 -245.7 88 0 13.7 21.4 15.0 0.0 0 1 6 2 2
5969.8 -4863.8 -265.2 92 0 15.0 22.5 10.0 2.5 2 1 4 0 0
6009.5 -4886.8 -271.3 93 0 11.9 18.9 7.5 0.0 0 1 3 2 2
6004.6 -4982.0 -277.5 94 0 14.5 23.3 12.5 2.5 2 1 5 4 4
5892.2 -2766.7 -172.4 169 0 8.2 7.2 7.5 2.5 2 0 3 4 4
5861.9 -2736.8 -159.8 139 0 9.6 14.3 7.5 2.5 2 1 3 4 4
5854.5 -2707.0 -151.8 186 0 9.8 6.7 7.5 2.5 4 0 3 5 5
5900.0 -2662.4 -155.8 42 0 14.2 7.2 7.5 2.5 2 0 3 0 0
5963.5 -2668.0 -179.4 0 0 10.2 8.1 7.5 2.5 2 0 3 2 2
5977.1 -2688.9 -187.1 177 0 11.2 6.3 7.5 2.5 4 0 3 1 1
5841.6 -2652.8 -138.7 155 0 7.3 10.7 7.5 2.5 2 1 3 0 0
5945.5 -2631.2 -166.8 11 0 9.0 8.1 5.0 2.5 2 0 2 0 0
5982.8 -2649.5 -183.8 19 0 9.1 8.7 7.5 2.5 2 0 3 0 0
5819.3 -2460.4 -88.5 81 0 9.1 12.3 7.5 2.5 2 1 3 2 2
5788.9 -2572.4 -92.9 323 0 8.5 16.6 7.5 2.5 2 1 3 0 0
5749.2 -2555.2 -78.4 164 0 7.5 11.9 7.5 2.5 2 1 3 4 4
5837.4 -2630.2 -132.4 106 0 12.0 10.7 7.5 0.0 0 0 3 1 1
5844.6 -2578.3 -121.6 270 0 7.3 12.1 7.5 2.5 2 1 3 2 2
5715.9 -2677.2 -95.0 18 0 7.9 8.8 7.5 2.5 2 1 3 1 1
5816.1 -2319.6 -79.4 132 0 6.4 14.5 5.0 2.5 2 1 2 5 5
5901.9 -2279.9 -114.1 121 0 6.9 17.7 7.5 2.5 2 1 3 2 2
5974.9 -2336.2 -150.3 25 0 14.2 18.2 10.0 2.5 2 1 4 2 2
5980.8 -2358.9 -157.2 354 0 11.8 11.6 5.0 2.5 2 0 2 2 2
5976.4 -2397.5 -163.3 326 0 9.8 12.4 7.5 2.5 2 1 3 5 5
5998.1 -2379.3 -166.5 150 0 10.8 12.6 7.5 2.5 2 1 3 5 5
6015.7 -2294.1 -153.4 266 0 15.2 21.5 10.0 0.0 0 1 4 2 2
6056.0 -2284.0 -149.7 196 0 13.1 10.1 5.0 2.5 2 0 2 1 1
6058.0 -2258.1 -144.5 173 0 14.3 14.2 5.0 2.5 2 0 2 5 5
6019.2 -2238.1 -136.6 162 0 15.4 12.1 7.5 2.5 2 0 3 4 4
6330.8 -2542.4 -133.6 261 0 20.3 13.2 10.0 2.5 2 0 4 1 1
6456.9 -2549.6 -108.1 90 0 15.6 12.6 5.0 2.5 2 0 2 5 5
6407.0 -2616.7 -121.6 51 0 9.5 13.5 7.5 2.5 2 1 3 5 5
5845.2 -4122.9 -226.2 94 0 9.9 8.5 7.5 2.5 2 0 3 4 4
5820.9 -4047.1 -242.2 91 0 8.6 8.8 7.5 2.5 2 1 3 2 2
