6258.6 -5674.3 -2.3 72 0 14.0 6.7 14.0 3.5 2 0 4 4 4
6119.3 -5486.0 -2.6 161 0 6.2 10.4 10.5 3.5 2 0 3 3 3
5576.0 -5316.6 -2.2 237 0 10.5 8.1 14.0 3.5 2 0 4 5 5
5559.6 -5335.4 -2.0 145 0 9.3 9.4 14.0 3.5 2 0 4 2 2
5491.5 -5180.8 -0.4 171 0 9.3 13.9 14.0 3.5 2 0 4 3 3
5815.6 -5268.3 -3.5 334 0 19.7 10.8 14.0 3.5 2 0 4 5 5
5772.6 -5207.9 -1.4 250 0 8.5 13.0 14.0 3.5 2 1 4 0 0
5760.2 -5252.8 -1.9 152 0 8.1 13.8 14.0 3.5 2 1 4 4 4
5739.6 -5225.9 -2.0 242 0 11.4 7.4 14.0 3.5 2 0 4 0 0
5670.3 -5227.2 -1.3 72 0 6.5 10.2 14.0 3.5 2 1 4 4 4
5640.6 -5220.9 -0.7 58 0 8.0 6.6 14.0 3.5 2 0 4 1 1
5674.6 -5263.0 -1.9 323 0 10.3 11.3 14.0 3.5 2 0 4 5 5
5566.7 -5227.6 0.3 84 0 13.1 8.0 14.0 3.5 2 0 4 3 3
5531.1 -5238.0 0.7 92 0 14.1 8.9 14.0 3.5 2 0 4 0 0
5593.0 -5265.7 -1.1 240 0 14.7 9.2 14.0 0.0 0 0 4 4 4
5509.5 -5270.5 0.2 253 0 14.5 9.9 14.0 3.5 2 0 4 4 4
5489.6 -5336.8 -0.2 44 0 8.5 7.7 14.0 3.5 2 0 4 0 0
5493.9 -5497.5 -2.6 320 0 6.9 14.9 14.0 3.5 2 1 4 3 3
5459.2 -5471.0 -1.4 318 0 7.9 9.6 14.0 3.5 2 1 4 5 5
5429.7 -5384.1 -1.3 33 0 10.5 9.6 14.0 3.5 2 0 4 1 1
5416.6 -5343.9 -0.1 219 0 10.9 8.7 14.0 3.5 2 0 4 1 1
5377.6 -5383.4 -1.6 237 0 9.8 15.7 14.0 3.5 2 1 4 2 2
5360.4 -5392.2 -1.7 231 0 9.5 11.1 14.0 3.5 2 1 4 2 2
5424.6 -5555.2 -1.2 143 0 10.9 9.7 7.5 2.5 2 0 3 2 2
5399.9 -5477.5 -1.5 55 0 11.4 16.6 14.0 0.0 0 1 4 3 3
5353.5 -5468.7 -1.1 139 0 10.6 10.7 14.0 3.5 2 1 4 5 5
5334.8 -5409.6 -1.7 221 0 13.0 9.4 14.0 3.5 2 0 4 5 5
5377.6 -5329.9 0.1 32 0 11.8 11.9 10.5 3.5 2 1 3 2 2
5348.5 -5351.0 -0.5 36 0 7.0 10.6 10.5 3.5 2 1 3 2 2
5308.9 -5382.5 -0.3 52 0 15.9 7.6 10.5 3.5 2 0 3 3 3
5238.3 -5476.8 1.9 23 0 17.0 13.1 10.5 3.5 2 0 3 2 2
5284.5 -5512.9 1.3 140 0 12.2 13.2 10.5 0.0 0 1 3 1 1
5256.1 -5586.9 -1.6 124 0 8.3 7.5 2.5 2.5 2 0 1 0 0
5383.3 -5700.9 -4.2 158 0 16.6 11.9 5.0 2.5 2 0 2 1 1
5241.7 -5722.8 -6.5 123 0 18.7 20.3 14.0 3.5 2 1 4 1 1
6369.6 -5349.5 2.3 71 0 10.0 7.5 7.5 2.5 2 0 3 4 4
6427.1 -5196.0 2.8 158 0 10.2 8.7 7.5 2.5 2 0 3 0 0
6436.5 -5531.8 -0.6 342 0 6.8 8.1 10.0 2.5 4 1 4 1 1
6417.4 -5704.5 -3.7 340 0 10.4 9.0 2.5 2.5 2 0 1 0 0
6392.1 -5677.5 -3.2 170 0 12.0 9.2 7.5 0.0 0 0 3 1 1
6396.1 -5641.2 -3.1 333 0 12.6 11.1 7.5 2.5 2 0 3 3 3
6297.6 -5418.0 -0.8 70 0 17.0 14.8 10.0 2.5 2 0 4 3 3
6324.4 -5482.9 0.6 228 0 6.7 8.8 7.5 2.5 2 1 3 2 2
6340.8 -5506.2 1.1 137 0 11.3 8.2 7.5 2.5 4 0 3 3 3
6309.3 -5603.8 -0.8 58 0 12.5 8.4 14.0 3.5 2 0 4 0 0
6265.8 -5638.7 -1.3 55 0 13.5 13.6 14.0 3.5 2 1 4 4 4
6142.6 -5526.0 -3.7 63 0 8.8 15.3 10.5 3.5 2 1 3 2 2
6093.5 -5665.9 -6.0 319 0 13.2 10.6 14.0 0.0 0 0 4 1 1
5873.5 -5621.1 -5.3 326 0 8.9 13.2 7.5 2.5 2 1 3 3 3
5861.0 -5696.0 -9.2 131 0 12.0 13.0 7.5 2.5 2 1 3 2 2
6236.7 -5694.0 -2.9 259 0 7.7 12.7 14.0 0.0 0 1 4 3 3
6163.1 -5634.2 -3.9 147 0 15.8 18.0 14.0 3.5 2 1 4 2 2
6162.9 -5683.0 -3.2 339 0 17.7 11.2 14.0 3.5 2 0 4 0 0
6115.0 -5714.8 -4.4 146 0 11.7 8.2 14.0 3.5 2 0 4 0 0
6170.9 -5342.5 -1.2 58 0 8.3 12.4 10.5 3.5 2 1 3 1 1
6182.3 -5285.1 -0.8 240 0 14.4 10.6 10.5 3.5 2 0 3 5 5
6090.6 -5349.5 -2.8 154 0 12.2 17.3 10.5 3.5 2 1 3 2 2
6119.2 -5401.1 -0.3 69 0 10.2 10.8 10.5 3.5 2 1 3 5 5
6033.7 -5561.7 -2.2 246 0 18.3 14.6 14.0 3.5 2 0 4 5 5
6101.4 -5514.4 -1.9 340 0 15.1 12.6 14.0 0.0 0 0 4 4 4
6073.5 -5437.6 -0.3 348 0 17.9 12.4 14.0 3.5 4 0 4 0 0
6055.2 -5390.9 -1.9 349 0 14.2 14.1 14.0 3.5 2 0 4 1 1
6050.2 -5361.2 -3.7 339 0 14.2 11.1 14.0 3.5 2 0 4 2 2
6003.9 -5459.0 -0.4 77 0 11.4 16.1 14.0 3.5 2 1 4 1 1
5961.6 -5432.1 -2.4 253 0 10.7 16.1 14.0 3.5 4 1 4 0 0
5983.7 -5175.2 -1.6 174 0 9.2 13.5 14.0 3.5 2 1 4 5 5
6039.0 -5185.6 -2.8 342 0 10.3 7.1 14.0 3.5 2 0 4 1 1
6047.3 -5216.8 -4.4 341 0 9.1 9.3 14.0 3.5 2 1 4 2 2
6025.2 -5132.0 -0.8 339 0 14.2 12.3 14.0 3.5 2 0 4 3 3
5974.2 -5127.2 -0.3 58 0 11.8 8.4 14.0 3.5 2 0 4 4 4
5957.6 -5195.2 -2.6 84 0 17.5 11.6 14.0 3.5 2 0 4 0 0
5934.5 -5196.8 -2.9 75 0 7.8 9.2 14.0 0.0 0 1 4 5 5
5928.5 -5145.5 -1.2 80 0 13.5 12.0 14.0 0.0 0 0 4 2 2
5870.4 -5168.1 -1.7 259 0 13.7 12.6 14.0 3.5 2 0 4 2 2
5837.0 -5150.4 -2.3 72 0 8.9 15.5 14.0 0.0 0 1 4 1 1
5848.7 -5128.8 -2.1 66 0 14.9 9.5 14.0 3.5 4 0 4 0 0
6555.6 -5560.5 -2.6 70 0 7.3 11.0 5.0 2.5 2 1 2 3 3
6909.1 -5300.6 0.8 357 0 9.8 6.1 14.0 3.5 2 0 4 3 3
6906.1 -5288.5 0.9 357 0 11.0 11.7 14.0 3.5 2 1 4 4 4
6879.9 -5312.2 -0.1 353 0 14.3 8.2 14.0 0.0 0 0 4 5 5
6856.8 -5369.4 -3.3 92 0 11.2 8.9 14.0 3.5 2 0 4 4 4
6843.3 -5297.7 -0.6 260 0 11.4 11.7 14.0 3.5 2 1 4 1 1
6839.4 -5270.7 -0.0 331 0 12.2 9.0 14.0 3.5 2 0 4 0 0
6832.8 -5254.8 0.2 334 0 12.4 9.3 14.0 3.5 2 0 4 3 3
6896.2 -5214.6 1.0 0 0 12.7 11.8 5.0 2.5 2 0 2 0 0
6846.0 -5150.4 -1.6 91 0 12.7 11.8 14.0 3.5 2 0 4 1 1
6824.4 -5160.7 -2.0 168 0 8.8 8.6 14.0 3.5 2 0 4 0 0
6807.8 -5142.5 -2.3 165 0 12.8 15.5 14.0 3.5 2 1 4 0 0
6649.5 -5163.1 1.7 353 0 9.8 9.8 10.0 2.5 2 0 4 0 0
6671.9 -5219.4 -1.2 347 0 13.4 9.4 7.5 2.5 2 0 3 1 1
6599.8 -5685.1 -7.7 71 0 6.1 11.9 2.5 2.5 2 1 1 1 1
6661.0 -5380.9 -1.8 242 0 6.8 13.3 7.5 2.5 2 1 3 1 1
6674.7 -5514.5 -2.4 65 0 10.8 14.7 7.5 2.5 2 1 3 3 3
6634.5 -5580.2 -5.7 154 0 12.4 8.7 10.0 2.5 4 0 4 2 2
6613.8 -5450.6 -1.0 156 0 12.3 8.9 7.5 2.5 2 0 3 5 5
6548.1 -5429.9 -1.3 70 0 8.2 8.8 10.0 2.5 2 1 4 5 5
6608.1 -5383.6 -0.2 338 0 6.4 11.2 7.5 2.5 2 1 3 5 5
6616.2 -5331.4 1.2 336 0 12.6 14.9 7.5 0.0 0 1 3 0 0
6597.6 -5277.5 1.2 262 0 7.4 14.6 7.5 2.5 2 1 3 4 4
6586.9 -5287.1 1.6 250 0 9.6 18.5 7.5 2.5 2 1 3 4 4
6461.1 -5419.4 -0.2 72 0 6.3 10.9 5.0 2.5 4 1 2 2 2
6541.4 -5354.9 0.0 263 0 9.7 14.0 7.5 2.5 2 1 3 0 0
3672.2 -6716.9 -6.7 218 0 14.7 8.6 2.5 2.5 2 0 1 0 0
3693.2 -6642.3 -3.7 188 0 14.4 15.4 7.5 2.5 2 1 3 0 0
3686.4 -6692.5 -4.9 191 0 11.8 14.0 10.0 2.5 2 1 4 1 1
3743.5 -6643.3 -3.5 104 0 8.9 15.9 5.0 2.5 2 1 2 5 5
3756.1 -6564.7 -2.7 277 0 9.8 12.5 5.0 2.5 4 1 2 3 3
3946.9 -6405.9 -5.2 155 0 10.7 16.5 7.5 2.5 2 1 3 1 1
4017.4 -6428.9 -5.5 334 0 13.5 8.3 5.0 2.5 2 0 2 0 0
2595.1 -6676.5 1.3 107 0 7.7 8.0 7.5 2.5 2 1 3 2 2
2590.6 -6890.2 -0.8 105 0 9.8 9.5 2.5 2.5 2 0 1 0 0
3089.1 -6860.6 -2.2 270 0 7.9 13.5 7.5 2.5 2 1 3 0 0
3003.7 -6713.2 -6.2 71 0 8.3 19.2 10.0 2.5 2 1 4 3 3
3237.6 -6857.5 -2.0 180 0 9.8 7.9 5.0 2.5 2 0 2 0 0
3414.3 -6757.1 -6.4 215 0 9.2 8.3 10.0 0.0 0 0 4 1 1
3294.3 -6808.8 -2.8 153 0 11.9 13.6 5.0 2.5 2 1 2 4 4
3305.3 -6890.8 -5.0 103 0 18.4 12.8 7.5 2.5 2 0 3 3 3
3370.6 -6811.5 -3.8 53 0 9.8 14.8 2.5 2.5 2 1 1 5 5
3263.5 -6819.3 -2.1 356 0 9.2 6.4 5.0 0.0 0 0 2 3 3
3287.9 -6781.0 -3.3 164 0 11.1 8.5 7.5 2.5 2 0 3 3 3
3251.3 -6729.3 -3.6 150 0 14.7 11.5 7.5 2.5 2 0 3 0 0
3237.6 -6685.8 -4.2 152 0 16.4 12.5 7.5 2.5 2 0 3 3 3
4317.3 -6244.3 -13.3 278 0 14.2 7.0 14.0 3.5 2 0 4 5 5
4321.7 -6316.5 -9.7 1 0 9.2 12.9 14.0 3.5 2 1 4 3 3
4245.1 -6267.1 -8.6 307 0 12.2 11.1 14.0 0.0 0 0 4 1 1
4222.1 -6315.2 -6.8 112 0 8.6 12.1 14.0 3.5 2 1 4 2 2
4263.3 -6322.5 -8.5 109 0 8.9 10.9 14.0 0.0 0 1 4 1 1
4174.6 -6298.2 -4.9 196 0 13.4 11.8 14.0 3.5 2 0 4 1 1
4189.8 -6256.7 -6.7 202 0 17.4 6.5 14.0 0.0 0 0 4 2 2
4195.3 -6214.7 -9.2 279 0 8.1 8.7 14.0 3.5 2 1 4 2 2
4046.7 -6303.8 -4.1 308 0 6.9 13.2 14.0 3.5 2 1 4 3 3
4084.7 -6238.6 -6.2 98 0 18.1 12.8 5.0 2.5 4 0 2 1 1
6498.1 -6192.2 -4.8 122 0 20.4 16.1 12.5 2.5 2 0 5 0 0
6447.1 -6133.0 -4.8 258 0 11.1 14.5 5.0 2.5 2 1 2 4 4
6576.7 -5856.4 -5.8 160 0 16.1 17.5 10.0 2.5 2 1 4 4 4
6774.2 -5784.4 -3.8 257 0 21.2 17.5 10.0 2.5 2 0 4 4 4
4596.6 -5795.2 -6.7 76 0 8.7 11.2 14.0 3.5 2 1 4 1 1
4560.8 -5753.7 -2.7 247 0 8.7 10.6 14.0 3.5 2 1 4 5 5
4544.8 -5824.9 -4.0 159 0 7.7 9.9 14.0 3.5 2 1 4 2 2
4489.7 -5803.1 -3.2 250 0 8.6 8.8 14.0 3.5 2 1 4 3 3
4506.3 -5741.8 -1.5 77 0 9.7 15.2 14.0 0.0 0 1 4 3 3
4338.9 -5824.5 -6.3 274 0 8.3 16.7 7.5 2.5 2 1 3 4 4
6026.1 -5776.5 -7.6 243 0 11.1 9.4 14.0 3.5 2 0 4 3 3
6084.9 -5891.1 -7.4 337 0 9.1 14.8 5.0 2.5 4 1 2 0 0
6044.9 -5910.4 -9.2 168 0 7.5 8.0 7.5 2.5 2 1 3 0 0
6085.7 -5760.8 -4.8 249 0 13.0 13.9 14.0 3.5 2 1 4 2 2
6167.3 -5875.7 -6.2 171 0 7.6 9.6 14.0 3.5 4 1 4 3 3
6155.5 -5867.7 -5.9 162 0 12.2 10.6 14.0 3.5 2 0 4 1 1
6142.9 -5816.1 -4.2 157 0 9.4 9.3 14.0 3.5 2 0 4 3 3
6158.2 -5772.1 -3.2 174 0 9.6 8.7 14.0 3.5 2 0 4 1 1
6184.1 -5726.4 -2.7 249 0 7.5 10.8 14.0 3.5 4 1 4 5 5
6147.4 -5839.5 -4.9 158 0 7.5 7.4 14.0 3.5 2 0 4 4 4
6236.0 -6310.3 -10.6 194 0 18.6 9.2 5.0 2.5 2 0 2 1 1
6214.9 -5826.5 -5.0 355 0 7.2 8.6 14.0 3.5 2 1 4 5 5
6270.3 -5729.2 -3.6 356 0 9.8 10.7 14.0 0.0 0 1 4 4 4
6279.8 -5799.8 -5.9 163 0 13.6 8.5 14.0 3.5 2 0 4 0 0
6326.3 -6328.9 -4.1 89 0 12.1 8.1 7.5 2.5 2 0 3 3 3
6321.7 -6240.5 -5.3 278 0 13.0 8.1 2.5 2.5 2 0 1 5 5
6313.2 -5822.7 -7.8 342 0 7.3 11.8 14.0 3.5 2 1 4 2 2
6349.6 -5803.4 -7.7 152 0 7.2 11.5 14.0 3.5 2 1 4 3 3
6382.2 -6212.8 -3.6 19 0 7.0 6.8 5.0 2.5 2 0 2 4 4
6390.9 -5885.9 -9.4 178 0 7.4 7.8 14.0 3.5 2 1 4 3 3
5343.5 -5928.0 -4.9 46 0 20.6 12.3 14.0 3.5 2 0 4 2 2
5319.0 -5879.6 -6.8 321 0 10.7 9.0 14.0 3.5 2 0 4 4 4
5339.6 -5882.4 -6.2 325 0 8.2 24.7 14.0 3.5 2 1 4 4 4
5319.4 -5994.0 -3.1 264 0 17.2 12.4 14.0 0.0 0 0 4 2 2
5302.5 -6022.9 -3.2 86 0 11.3 14.1 14.0 3.5 2 1 4 3 3
5291.6 -6131.7 -3.2 192 0 14.8 15.6 14.0 3.5 2 1 4 2 2
5319.1 -6132.6 -2.1 195 0 11.2 13.6 14.0 3.5 2 1 4 1 1
5234.8 -6091.2 -3.7 0 0 15.2 7.8 14.0 3.5 2 0 4 0 0
5369.9 -6046.0 -0.9 90 0 12.2 18.3 14.0 3.5 2 1 4 2 2
5439.7 -5997.3 0.0 337 0 10.4 20.5 14.0 3.5 2 1 4 4 4
5252.3 -6208.7 -7.0 259 0 10.7 11.2 14.0 3.5 2 1 4 1 1
5415.7 -6256.5 -6.6 91 0 18.9 14.9 14.0 3.5 4 0 4 0 0
5268.0 -6261.0 -8.5 76 0 11.7 12.2 14.0 3.5 2 1 4 2 2
5443.4 -6289.7 -7.3 184 0 14.9 15.3 14.0 3.5 2 1 4 0 0
5518.0 -6317.2 -5.7 338 0 15.8 12.9 14.0 3.5 2 0 4 3 3
5482.0 -6231.2 -4.6 351 0 8.6 23.0 14.0 3.5 2 1 4 4 4
5467.4 -6133.4 1.2 173 0 17.8 9.7 14.0 3.5 2 0 4 2 2
5433.3 -5956.0 -0.7 156 0 14.4 12.4 14.0 3.5 2 0 4 4 4
5463.7 -5978.0 0.3 151 0 7.8 20.3 14.0 3.5 2 1 4 1 1
5643.6 -5733.7 -7.9 329 0 15.4 98.0 10.0 2.5 2 1 4 1 1
5593.0 -6038.2 -1.0 87 0 12.2 20.4 14.0 3.5 4 1 4 0 0
5721.8 -5851.5 -7.3 60 0 10.1 12.8 2.5 2.5 2 1 1 1 1
5497.6 -6190.8 -1.5 1 0 17.7 10.3 14.0 3.5 2 0 4 5 5
5507.3 -6150.4 0.2 354 0 14.4 8.9 14.0 3.5 2 0 4 1 1
6911.0 -6744.8 -11.6 180 0 11.8 9.6 17.5 3.5 2 0 5 2 2
6904.3 -6651.5 -7.2 352 0 8.9 17.2 17.5 3.5 4 1 5 4 4
6889.9 -6659.7 -7.0 351 0 6.9 8.0 17.5 3.5 2 1 5 5 5
6835.9 -6633.1 -7.1 75 0 16.5 7.3 17.5 3.5 2 0 5 0 0
6776.2 -6753.6 -14.5 175 0 6.9 12.2 17.5 3.5 4 1 5 1 1
6812.6 -6697.1 -8.2 269 0 12.2 10.1 17.5 3.5 2 0 5 4 4
6825.0 -6775.4 -12.0 84 0 13.4 10.3 17.5 3.5 2 0 5 3 3
6789.4 -6540.3 -8.5 245 0 6.4 14.8 17.5 3.5 2 1 5 2 2
6810.7 -6578.2 -9.1 310 0 9.0 8.4 17.5 3.5 4 0 5 1 1
6821.6 -6430.5 -3.7 358 0 16.0 35.8 10.0 2.5 2 1 4 1 1
6814.8 -6390.8 3.2 352 0 15.0 18.8 10.0 2.5 2 1 4 1 1
6697.3 -6584.9 -8.7 87 0 7.4 17.1 17.5 0.0 0 1 5 4 4
6723.9 -6451.4 0.1 193 0 17.9 18.8 10.0 2.5 2 1 4 2 2
6692.3 -6530.9 -6.7 272 0 10.5 13.3 17.5 3.5 2 1 5 5 5
6667.8 -6512.7 -6.1 342 0 11.8 12.3 17.5 3.5 4 1 5 5 5
6621.1 -6640.1 -11.7 92 0 15.5 12.5 7.5 0.0 0 0 3 2 2
6631.5 -6527.5 -6.3 69 0 13.4 12.5 17.5 3.5 2 0 5 4 4
6659.6 -6480.9 -5.4 351 0 7.1 16.6 17.5 3.5 2 1 5 0 0
6629.5 -6381.0 1.0 269 0 10.0 6.6 17.5 3.5 2 0 5 5 5
6640.6 -6444.2 -4.6 6 0 9.0 6.6 17.5 0.0 0 0 5 5 5
6609.5 -6423.7 -3.0 180 0 7.1 8.8 17.5 3.5 2 1 5 2 2
6576.9 -6510.7 -5.0 176 0 10.1 11.0 17.5 0.0 0 1 5 4 4
6576.8 -6545.3 -5.9 179 0 7.7 6.3 17.5 3.5 2 0 5 4 4
6534.6 -6425.7 -2.9 350 0 12.8 14.2 17.5 3.5 2 1 5 1 1
6550.0 -6453.2 -2.9 357 0 9.0 15.9 17.5 3.5 2 1 5 4 4
6523.2 -6591.7 -6.7 259 0 19.6 15.5 7.5 2.5 2 0 3 1 1
6501.2 -6523.2 -3.3 76 0 8.1 9.3 17.5 3.5 2 1 5 3 3
6512.9 -6484.8 -2.8 358 0 9.5 8.5 17.5 3.5 2 0 5 4 4
6506.3 -6461.8 -2.6 268 0 11.2 14.4 17.5 3.5 2 1 5 2 2
6451.0 -6442.2 -4.1 280 0 9.8 8.5 17.5 0.0 0 0 5 1 1
6443.9 -6502.1 -3.1 174 0 13.8 12.3 17.5 3.5 2 0 5 3 3
6451.5 -6546.4 -3.5 171 0 19.1 9.6 17.5 3.5 2 0 5 0 0
6476.7 -6616.5 -6.8 268 0 18.5 13.9 7.5 2.5 2 0 3 0 0
6508.1 -6704.0 -10.9 261 0 15.7 11.5 5.0 2.5 2 0 2 0 0
5198.1 -6871.1 -10.2 162 0 12.6 9.5 10.5 0.0 0 0 3 1 1
5201.2 -6842.5 -10.9 163 0 12.3 10.5 10.5 3.5 2 0 3 4 4
5184.2 -6771.7 -9.8 162 0 11.7 17.6 10.5 3.5 4 1 3 1 1
5197.4 -6642.5 -9.5 252 0 12.0 7.4 10.5 3.5 2 0 3 0 0
5177.8 -6622.9 -8.3 2 0 9.5 6.2 10.5 3.5 2 0 3 4 4
5169.4 -6568.5 -9.4 10 0 6.8 9.8 10.5 3.5 2 1 3 3 3
5183.5 -6572.4 -10.0 15 0 7.3 9.1 10.5 3.5 2 1 3 0 0
5176.2 -6536.1 -10.7 346 0 8.9 6.6 10.5 3.5 2 0 3 2 2
5163.5 -6507.8 -10.6 347 0 11.4 11.1 10.5 3.5 2 0 3 4 4
5103.6 -6462.2 -9.5 250 0 11.9 13.0 10.5 3.5 2 1 3 1 1
5148.6 -6487.5 -10.7 358 0 6.1 9.3 10.5 3.5 2 1 3 1 1
5136.2 -6514.7 -9.8 337 0 10.3 6.8 10.5 3.5 2 0 3 2 2
5119.5 -6520.5 -9.3 340 0 8.6 9.0 10.5 3.5 2 1 3 5 5
5095.7 -6537.4 -8.7 70 0 8.1 12.2 10.5 3.5 2 1 3 1 1
5107.5 -6595.4 -7.2 78 0 10.3 13.5 10.5 3.5 4 1 3 2 2
5133.6 -6595.6 -7.6 174 0 7.8 9.5 10.5 3.5 2 1 3 0 0
5143.9 -6621.6 -7.1 174 0 6.7 10.4 10.5 3.5 2 1 3 0 0
5118.8 -6718.4 -6.5 78 0 8.5 9.7 10.5 3.5 2 1 3 1 1
5175.3 -6743.1 -8.4 257 0 7.0 9.0 10.5 3.5 2 1 3 4 4
5114.7 -6770.5 -8.1 344 0 10.7 11.3 10.5 3.5 4 1 3 5 5
5086.7 -6820.8 -9.8 343 0 8.8 6.4 10.5 3.5 4 0 3 1 1
5087.0 -6842.8 -10.9 72 0 7.8 10.7 10.5 3.5 2 1 3 0 0
5099.6 -6866.5 -12.6 148 0 9.0 7.4 10.5 3.5 2 0 3 4 4
5013.1 -6803.8 -7.7 174 0 7.6 11.4 10.5 3.5 2 1 3 2 2
5056.5 -6816.7 -10.1 163 0 8.6 12.0 10.5 3.5 2 1 3 0 0
5043.8 -6764.2 -7.1 243 0 6.2 8.5 10.5 3.5 2 1 3 2 2
4998.8 -6759.6 -5.9 166 0 9.5 9.1 10.5 0.0 0 0 3 5 5
4963.0 -6700.4 -3.6 357 0 8.9 8.1 10.5 3.5 4 0 3 5 5
4974.8 -6593.8 -4.1 67 0 7.4 10.6 10.5 3.5 2 1 3 3 3
5033.3 -6609.1 -4.8 80 0 9.5 6.8 10.5 3.5 2 0 3 4 4
5016.7 -6576.9 -5.4 162 0 8.1 8.5 10.5 3.5 2 1 3 0 0
5015.5 -6604.9 -4.5 67 0 7.7 14.0 10.5 3.5 4 1 3 2 2
5064.8 -6542.3 -7.7 71 0 9.3 7.9 10.5 3.5 2 0 3 2 2
5060.7 -6581.1 -6.5 72 0 15.7 8.5 10.5 3.5 2 0 3 2 2
5043.6 -6541.7 -7.0 251 0 6.3 10.0 10.5 3.5 4 1 3 1 1
5053.8 -6496.4 -7.2 259 0 8.6 13.7 10.5 3.5 2 1 3 1 1
5002.7 -6569.1 -5.3 168 0 9.1 9.5 10.5 3.5 2 1 3 5 5
5004.9 -6479.7 -5.3 161 0 9.5 9.2 10.5 3.5 2 0 3 3 3
4992.2 -6444.7 -4.5 247 0 13.3 10.2 10.5 3.5 2 0 3 5 5
5031.2 -6399.4 -4.6 251 0 8.9 11.9 10.5 3.5 2 1 3 3 3
4905.4 -6383.1 -3.2 166 0 9.6 9.7 10.5 3.5 2 1 3 5 5
4916.8 -6404.1 -3.4 163 0 12.0 10.9 10.5 3.5 2 0 3 2 2
4925.9 -6444.0 -4.1 68 0 14.5 10.5 10.5 3.5 2 0 3 1 1
4881.9 -6450.9 -3.8 357 0 10.2 13.4 10.5 3.5 2 1 3 5 5
4879.6 -6490.4 -3.3 9 0 10.5 11.3 10.5 3.5 2 1 3 4 4
4906.8 -6479.0 -4.0 178 0 11.0 10.9 10.5 3.5 2 0 3 5 5
4939.6 -6489.7 -4.3 338 0 9.2 7.5 10.5 3.5 2 0 3 4 4
4918.9 -6522.7 -4.1 165 0 8.1 7.9 10.5 3.5 2 0 3 2 2
4882.0 -6575.2 -5.4 268 0 10.3 9.0 10.5 3.5 4 0 3 1 1
4917.9 -6559.9 -3.3 144 0 11.2 8.3 10.5 3.5 4 0 3 5 5
4940.4 -6644.2 -4.2 174 0 10.8 7.1 10.5 3.5 2 0 3 4 4
4940.1 -6628.5 -4.4 160 0 9.9 9.4 10.5 3.5 4 0 3 1 1
4923.5 -6611.7 -4.2 162 0 8.1 6.2 10.5 3.5 2 0 3 3 3
4845.8 -6681.0 -7.8 261 0 8.5 9.3 10.5 3.5 2 1 3 2 2
4878.8 -6724.9 -6.1 358 0 6.4 6.0 10.5 3.5 2 0 3 5 5
4877.0 -6761.4 -7.3 86 0 10.8 10.2 10.5 0.0 0 0 3 5 5
4894.0 -6812.5 -8.1 26 0 13.0 12.9 14.0 3.5 2 0 4 2 2
4922.8 -6819.8 -8.8 197 0 7.6 15.9 14.0 3.5 2 1 4 1 1
4894.2 -6874.5 -9.2 193 0 10.4 8.1 14.0 3.5 2 0 4 1 1
4866.4 -6864.5 -7.9 22 0 15.8 8.4 14.0 3.5 2 0 4 5 5
4860.5 -6882.8 -7.7 24 0 7.3 11.0 14.0 3.5 2 1 4 0 0
4814.3 -6335.3 -2.9 218 0 13.2 8.2 10.5 3.5 2 0 3 5 5
4766.8 -6343.5 -4.1 135 0 6.3 10.4 10.5 3.5 2 1 3 4 4
4760.8 -6352.0 -4.8 313 0 13.6 9.4 10.5 3.5 4 0 3 3 3
4677.7 -6355.0 -6.6 114 0 9.4 6.8 10.5 3.5 2 0 3 4 4
4712.0 -6406.8 -6.8 76 0 6.6 9.5 10.5 0.0 0 1 3 0 0
4713.5 -6437.5 -7.6 248 0 10.5 7.6 10.5 3.5 2 0 3 1 1
4738.0 -6412.0 -6.5 249 0 9.8 9.8 10.5 3.5 2 1 3 4 4
4829.6 -6414.8 -3.9 276 0 8.9 8.6 10.5 3.5 2 0 3 2 2
4770.4 -6413.0 -5.7 273 0 13.3 7.4 10.5 3.5 2 0 3 4 4
4777.2 -6444.8 -6.1 87 0 12.4 7.1 10.5 3.5 4 0 3 1 1
4748.5 -6484.6 -7.9 336 0 6.4 11.7 10.5 0.0 0 1 3 5 5
4750.4 -6495.2 -7.9 344 0 6.4 10.5 10.5 3.5 2 1 3 4 4
4832.2 -6605.8 -9.2 71 0 9.0 10.6 10.5 3.5 2 1 3 0 0
4834.5 -6537.9 -5.5 98 0 11.0 9.3 10.5 3.5 4 0 3 3 3
4814.0 -6557.2 -7.5 57 0 6.1 10.7 10.5 3.5 2 1 3 1 1
4741.5 -6529.2 -8.8 10 0 11.0 7.0 10.5 3.5 2 0 3 2 2
4687.2 -6472.6 -8.8 205 0 10.9 13.8 10.5 3.5 4 1 3 5 5
4667.6 -6490.5 -9.3 190 0 6.2 12.9 10.5 3.5 2 1 3 0 0
4652.7 -6533.0 -10.2 201 0 16.6 10.8 10.5 3.5 2 0 3 1 1
4651.9 -6668.3 -11.0 277 0 6.6 11.3 14.0 3.5 2 1 4 2 2
4714.8 -6698.3 -8.5 288 0 8.4 10.8 14.0 3.5 4 1 4 2 2
4727.0 -6779.2 -9.2 190 0 10.8 10.4 14.0 3.5 4 0 4 1 1
4750.7 -6720.0 -8.8 283 0 14.8 16.1 14.0 3.5 2 1 4 5 5
4787.7 -6724.3 -9.0 359 0 12.1 10.3 14.0 0.0 0 0 4 0 0
4795.0 -6777.6 -8.6 7 0 14.4 15.1 14.0 3.5 4 1 4 5 5
4799.8 -6814.2 -7.6 14 0 7.8 11.9 14.0 0.0 0 1 4 5 5
4807.2 -6853.9 -6.9 13 0 8.6 14.1 14.0 3.5 2 1 4 5 5
4738.8 -6856.7 -9.3 106 0 7.7 14.4 14.0 3.5 2 1 4 5 5
4720.2 -6851.8 -9.7 107 0 12.9 11.1 14.0 3.5 2 0 4 2 2
4691.2 -6831.7 -9.5 191 0 10.9 14.6 14.0 3.5 2 1 4 3 3
4689.2 -6790.3 -9.0 183 0 11.9 9.4 14.0 3.5 2 0 4 0 0
4668.8 -6773.9 -9.0 186 0 11.9 11.2 14.0 0.0 0 0 4 2 2
4642.3 -6844.5 -10.1 178 0 13.9 11.2 14.0 0.0 0 0 4 1 1
5276.5 -6146.6 -4.6 275 0 6.3 16.0 14.0 3.5 2 1 4 1 1
5334.5 -6166.8 -2.4 93 0 8.5 14.8 14.0 3.5 2 1 4 5 5
5361.8 -6262.3 -7.5 107 0 10.5 11.0 14.0 3.5 2 1 4 0 0
5394.5 -6128.9 0.6 305 0 9.4 13.3 14.0 3.5 4 1 4 2 2
5638.4 -6249.3 -2.7 131 0 9.1 38.7 12.5 2.5 2 1 5 2 2
5667.5 -6140.8 -1.0 173 0 19.6 10.9 10.0 2.5 2 0 4 0 0
5738.8 -6318.6 -3.7 222 0 11.7 19.4 14.0 3.5 2 1 4 5 5
5329.9 -6089.6 -1.0 172 0 12.6 10.5 14.0 3.5 2 0 4 0 0
5288.3 -5830.3 -7.7 314 0 10.6 12.8 14.0 3.5 2 1 4 0 0
5311.5 -5785.8 -6.7 153 0 8.8 13.5 14.0 3.5 2 1 4 3 3
5539.8 -5775.2 -8.3 148 0 12.0 108.7 10.0 2.5 2 1 4 3 3
5491.7 -6037.6 1.3 146 0 14.2 22.8 14.0 3.5 2 1 4 5 5
5551.1 -5979.2 -0.5 236 0 11.8 8.6 14.0 0.0 0 0 4 3 3
5436.9 -6062.0 0.6 89 0 7.0 10.8 14.0 3.5 2 1 4 1 1
5475.6 -6000.2 0.8 146 0 8.8 11.0 14.0 3.5 2 1 4 3 3
4296.5 -6272.2 -11.3 192 0 6.2 7.3 14.0 3.5 2 1 4 3 3
4845.0 -5606.1 -2.2 116 0 7.5 6.1 10.5 3.5 4 0 3 3 3
4920.5 -5619.0 -0.7 111 0 6.2 12.8 10.5 0.0 0 1 3 2 2
4916.4 -5578.5 0.7 97 0 8.0 12.0 10.5 3.5 2 1 3 4 4
4899.3 -5540.1 1.1 335 0 7.3 11.5 10.5 3.5 2 1 3 3 3
4883.8 -5465.8 2.1 257 0 10.1 13.0 10.5 0.0 0 1 3 0 0
4832.8 -5469.1 0.8 316 0 7.5 10.1 10.5 3.5 2 1 3 3 3
4843.8 -5442.5 2.0 326 0 9.1 9.4 10.5 3.5 2 1 3 4 4
4860.1 -5490.1 0.2 324 0 6.4 9.6 10.5 3.5 2 1 3 5 5
4779.3 -5629.8 -5.8 109 0 24.5 14.1 10.5 3.5 4 0 3 5 5
4778.3 -5613.4 -5.0 111 0 12.3 6.3 10.5 3.5 2 0 3 1 1
4793.2 -5422.0 3.0 196 0 10.3 8.6 10.5 3.5 2 0 3 1 1
4747.9 -5455.5 1.4 219 0 6.3 10.8 10.5 3.5 2 1 3 3 3
4670.4 -5462.8 2.1 237 0 13.9 14.2 10.5 3.5 4 1 3 0 0
4736.3 -5599.7 -3.5 116 0 11.8 22.5 10.5 3.5 2 1 3 0 0
4805.7 -5607.0 -4.3 130 0 8.9 8.2 10.5 3.5 2 0 3 2 2
4849.8 -5646.1 -5.8 92 0 8.4 11.0 10.5 3.5 2 1 3 0 0
4858.3 -5641.7 -4.8 93 0 6.4 9.0 10.5 3.5 2 1 3 2 2
4676.9 -5677.1 -4.1 51 0 6.4 7.7 14.0 0.0 0 1 4 2 2
4691.6 -5668.9 -4.5 53 0 7.1 6.9 14.0 3.5 2 0 4 0 0
4660.5 -5651.1 -3.3 241 0 9.7 15.3 14.0 3.5 2 1 4 0 0
4631.3 -5581.5 -0.1 238 0 6.5 9.8 14.0 3.5 2 1 4 2 2
4659.1 -5584.2 -0.9 322 0 6.7 14.2 14.0 3.5 2 1 4 1 1
4651.6 -5577.1 -0.6 321 0 12.1 10.5 14.0 3.5 2 0 4 3 3
4638.9 -5521.5 1.2 134 0 9.0 9.3 10.5 3.5 2 1 3 1 1
4646.7 -5719.7 -5.6 275 0 8.2 10.6 14.0 3.5 2 1 4 5 5
4888.0 -5650.9 -4.1 108 0 10.9 9.9 10.5 3.5 2 0 3 0 0
4906.9 -5494.0 1.8 255 0 9.4 19.0 10.5 3.5 2 1 3 4 4
4060.2 -6358.7 -2.9 166 0 10.3 8.3 14.0 3.5 2 0 4 0 0
4121.3 -6405.5 -1.6 127 0 9.6 7.0 14.0 0.0 0 0 4 2 2
4168.3 -6439.2 -1.9 125 0 13.6 7.5 14.0 3.5 2 0 4 4 4
4217.4 -6457.7 -2.6 93 0 10.1 11.4 14.0 3.5 2 1 4 4 4
4301.5 -6465.9 -4.4 85 0 6.3 13.4 14.0 3.5 2 1 4 3 3
4373.1 -6453.6 -8.6 87 0 7.2 9.8 14.0 3.5 2 1 4 5 5
4381.0 -6453.8 -9.4 88 0 6.6 8.7 14.0 3.5 2 1 4 0 0
4412.3 -6483.3 -11.4 359 0 9.8 6.1 10.5 3.5 2 0 3 3 3
4618.5 -6337.7 -7.8 204 0 9.6 12.0 10.5 0.0 0 1 3 5 5
4612.5 -6398.0 -9.6 114 0 11.6 11.8 10.5 3.5 2 1 3 1 1
4615.0 -6436.7 -10.1 8 0 10.4 13.7 14.0 3.5 2 1 4 4 4
4590.2 -6437.9 -10.9 97 0 6.6 9.6 14.0 3.5 2 1 4 3 3
4336.5 -6488.3 -6.5 280 0 12.7 9.0 10.5 3.5 2 0 3 1 1
4368.5 -6636.5 -11.3 289 0 10.1 15.5 14.0 3.5 2 1 4 0 0
4369.0 -6673.9 -11.6 12 0 8.8 7.2 14.0 3.5 4 0 4 0 0
4340.8 -6789.5 -13.1 6 0 18.4 11.7 14.0 3.5 2 0 4 2 2
4326.7 -6852.0 -13.5 190 0 10.0 6.1 14.0 3.5 2 0 4 1 1
4314.9 -6875.7 -13.9 187 0 13.3 8.6 14.0 3.5 2 0 4 1 1
4350.4 -6886.7 -14.3 103 0 6.3 8.8 14.0 3.5 2 1 4 3 3
4616.5 -6715.5 -12.3 103 0 11.2 10.0 14.0 3.5 2 0 4 5 5
5883.1 -6627.3 -9.3 105 0 7.9 13.4 14.0 3.5 2 1 4 4 4
5885.0 -6523.4 -6.9 18 0 9.6 13.1 14.0 3.5 2 1 4 5 5
5859.5 -6516.9 -6.2 358 0 9.6 13.4 14.0 3.5 2 1 4 5 5
5855.4 -6412.9 -5.2 285 0 8.6 29.3 14.0 3.5 2 1 4 4 4
5854.3 -6401.2 -5.4 284 0 8.3 9.1 14.0 3.5 2 1 4 2 2
5873.6 -6407.0 -5.9 285 0 29.8 8.6 14.0 0.0 0 0 4 5 5
5921.6 -6499.5 -6.9 17 0 10.9 6.9 14.0 3.5 4 0 4 2 2
5946.6 -6619.6 -11.1 355 0 13.6 17.6 14.0 3.5 2 1 4 2 2
6413.6 -6684.6 -9.5 87 0 11.8 14.0 5.0 2.5 4 1 2 1 1
6402.0 -6684.3 -9.6 87 0 9.6 13.0 7.5 0.0 0 1 3 0 0
6298.4 -6432.1 -5.6 358 0 15.9 11.2 7.5 2.5 2 0 3 0 0
6245.2 -6454.8 -8.7 109 0 9.7 20.4 7.5 0.0 0 1 3 3 3
6232.7 -6371.6 -10.3 168 0 13.8 13.7 7.5 2.5 4 0 3 4 4
4982.4 -5687.7 -4.7 278 0 10.0 29.4 14.0 3.5 2 1 4 4 4
5017.6 -5717.3 -4.3 289 0 12.5 19.0 14.0 3.5 2 1 4 3 3
5043.7 -5543.3 1.2 270 0 13.9 18.5 10.5 3.5 2 1 3 1 1
4977.6 -5482.3 2.3 255 0 13.1 10.9 10.5 3.5 4 0 3 0 0
5091.3 -5521.0 2.1 4 0 14.8 14.1 10.5 0.0 0 0 3 2 2
5114.7 -5493.6 2.4 358 0 18.9 10.4 10.5 0.0 0 0 3 0 0
5087.4 -5452.9 1.6 258 0 10.5 13.0 10.5 3.5 4 1 3 3 3
5148.1 -5424.5 2.0 328 0 19.3 17.2 10.5 3.5 2 0 3 0 0
5130.9 -5521.8 3.3 245 0 10.0 11.3 10.5 0.0 0 1 3 2 2
5157.0 -5561.6 2.8 15 0 10.6 13.3 10.5 3.5 2 1 3 5 5
5170.7 -5501.2 3.3 243 0 19.7 11.9 10.5 3.5 2 0 3 5 5
5186.4 -5575.7 1.1 18 0 16.3 10.2 10.5 3.5 2 0 3 4 4
5214.0 -5645.4 -3.0 304 0 13.1 12.9 14.0 3.5 2 0 4 3 3
5164.3 -5698.8 -3.6 120 0 12.1 19.8 14.0 0.0 0 1 4 1 1
5167.6 -5644.1 -1.5 224 0 18.0 14.0 14.0 3.5 4 0 4 0 0
5159.6 -5632.3 0.0 104 0 6.3 11.7 10.5 3.5 2 1 3 0 0
5140.6 -5635.3 0.1 21 0 18.2 10.6 10.5 3.5 2 0 3 1 1
5147.8 -5594.5 2.2 20 0 10.7 8.3 10.5 3.5 4 0 3 1 1
5152.7 -5673.0 -2.2 209 0 8.6 9.2 14.0 3.5 4 1 4 5 5
5115.4 -5700.3 -3.3 21 0 10.5 10.7 10.5 3.5 2 1 3 2 2
5025.7 -5448.6 1.5 253 0 12.3 9.9 10.5 3.5 2 0 3 0 0
5024.7 -5687.3 -3.0 105 0 16.1 14.0 10.5 3.5 2 0 3 3 3
5049.7 -5690.0 -2.9 99 0 16.4 19.2 10.5 3.5 2 1 3 0 0
4971.6 -5653.3 -2.2 93 0 9.0 20.6 10.5 3.5 2 1 3 2 2
4938.1 -5651.4 -2.5 101 0 7.4 10.5 10.5 3.5 2 1 3 3 3
5149.2 -5700.6 -3.3 117 0 7.0 18.8 14.0 0.0 0 1 4 3 3
5274.4 -6859.2 -12.3 72 0 7.8 13.1 10.5 3.5 2 1 3 3 3
5242.5 -6783.2 -12.1 71 0 14.4 10.5 10.5 3.5 2 0 3 5 5
5236.4 -6680.9 -11.9 245 0 13.6 11.0 10.5 3.5 2 0 3 2 2
5478.3 -6375.7 -8.6 159 0 14.4 23.2 14.0 3.5 2 1 4 0 0
5460.4 -6338.0 -8.1 178 0 10.1 8.8 14.0 0.0 0 0 4 5 5
5519.0 -6338.6 -6.0 339 0 9.5 6.9 14.0 3.5 2 0 4 4 4
5530.0 -6355.2 -6.4 344 0 12.0 12.2 14.0 3.5 2 1 4 3 3
5535.3 -6367.5 -6.7 342 0 9.8 15.3 14.0 3.5 2 1 4 1 1
5534.4 -6391.7 -7.4 350 0 10.0 13.2 14.0 3.5 2 1 4 2 2
5533.5 -6422.7 -8.2 345 0 13.1 8.5 14.0 3.5 2 0 4 3 3
5502.3 -6546.0 -8.9 175 0 9.4 7.5 14.0 3.5 2 0 4 2 2
5505.8 -6506.0 -8.9 261 0 7.0 15.8 14.0 3.5 2 1 4 1 1
5537.4 -6436.1 -8.3 344 0 8.2 8.2 14.0 3.5 4 0 4 3 3
5555.1 -6518.5 -8.7 351 0 8.8 19.2 14.0 3.5 2 1 4 0 0
5575.2 -6511.0 -8.4 344 0 6.1 12.5 14.0 0.0 0 1 4 2 2
5611.1 -6515.3 -7.8 170 0 8.8 56.2 14.0 3.5 2 1 4 3 3
5562.6 -6594.2 -8.4 334 0 15.7 14.8 14.0 3.5 4 0 4 3 3
5580.9 -6615.0 -9.5 339 0 8.1 31.5 14.0 3.5 2 1 4 2 2
5605.4 -6593.8 -10.6 166 0 6.5 13.6 14.0 3.5 2 1 4 1 1
5602.0 -6639.0 -10.6 344 0 7.9 20.5 14.0 3.5 4 1 4 2 2
5582.6 -6650.6 -9.5 343 0 11.3 11.3 14.0 3.5 4 0 4 4 4
5557.4 -6658.3 -9.5 200 0 8.6 14.8 14.0 3.5 2 1 4 0 0
5607.7 -6663.2 -10.9 348 0 9.2 16.9 14.0 3.5 2 1 4 1 1
5588.2 -6666.8 -10.2 344 0 7.8 10.1 14.0 3.5 2 1 4 5 5
5591.5 -6679.6 -11.0 349 0 10.5 12.7 14.0 3.5 2 1 4 5 5
5550.3 -6684.5 -10.3 166 0 10.8 10.1 14.0 3.5 4 0 4 0 0
5561.7 -6738.6 -13.1 264 0 6.8 8.8 14.0 3.5 2 1 4 0 0
5532.2 -6739.6 -13.4 168 0 18.7 10.8 14.0 3.5 2 0 4 5 5
5534.3 -6762.2 -15.2 169 0 20.1 12.6 14.0 3.5 2 0 4 2 2
5530.4 -6803.2 -17.6 78 0 9.6 10.8 14.0 3.5 2 1 4 4 4
5564.8 -6802.0 -16.1 90 0 7.0 12.2 14.0 3.5 2 1 4 3 3
5625.5 -6767.7 -13.7 345 0 10.4 22.9 14.0 3.5 2 1 4 4 4
5667.4 -6806.8 -14.0 167 0 7.1 21.3 14.0 3.5 4 1 4 1 1
5746.6 -6842.6 -16.1 349 0 10.4 19.9 14.0 3.5 4 1 4 4 4
5614.9 -6857.0 -15.5 169 0 7.4 16.0 14.0 3.5 2 1 4 0 0
5828.6 -6664.9 -11.2 83 0 29.8 10.0 14.0 3.5 2 0 4 3 3
5626.0 -6887.9 -16.6 82 0 10.4 12.8 14.0 3.5 2 1 4 4 4
5831.0 -6617.6 -8.9 82 0 13.9 9.1 14.0 0.0 0 0 4 3 3
5796.8 -6640.1 -9.6 79 0 14.7 9.3 14.0 3.5 2 0 4 4 4
5721.0 -6646.0 -10.1 173 0 6.3 48.1 14.0 3.5 2 1 4 5 5
5713.9 -6609.0 -9.7 170 0 7.4 34.9 14.0 0.0 0 1 4 3 3
5715.6 -6596.9 -9.2 169 0 12.5 16.2 14.0 3.5 2 1 4 4 4
5811.7 -6530.8 -6.4 354 0 8.4 7.0 14.0 3.5 4 0 4 1 1
5831.2 -6517.7 -6.2 358 0 12.9 15.2 14.0 3.5 4 1 4 3 3
5764.4 -6520.4 -6.4 179 0 11.2 30.6 14.0 3.5 4 1 4 2 2
5750.3 -6487.6 -6.0 168 0 12.9 6.1 14.0 3.5 2 0 4 0 0
5735.9 -6493.1 -6.2 171 0 6.8 14.4 14.0 3.5 2 1 4 3 3
5746.2 -6450.8 -4.8 169 0 13.4 6.5 14.0 3.5 2 0 4 5 5
5724.4 -6450.2 -5.2 170 0 24.4 13.0 14.0 3.5 2 0 4 0 0
5817.5 -6430.2 -4.2 333 0 10.7 38.6 14.0 3.5 2 1 4 4 4
5778.7 -6363.4 -4.0 10 0 9.6 16.5 14.0 0.0 0 1 4 4 4
5782.5 -6337.8 -4.4 350 0 21.3 9.5 14.0 3.5 2 0 4 4 4
5722.7 -6350.8 -3.0 205 0 11.4 22.6 14.0 3.5 2 1 4 4 4
5706.5 -6339.3 -2.6 200 0 9.7 14.6 14.0 3.5 2 1 4 5 5
5694.7 -6405.0 -4.9 257 0 10.7 26.9 14.0 3.5 2 1 4 4 4
5700.3 -6464.1 -5.8 169 0 34.6 10.5 14.0 0.0 0 0 4 1 1
5432.2 -6627.2 -10.4 335 0 9.9 11.3 7.5 2.5 2 1 3 0 0
4635.9 -6277.8 -6.2 160 0 11.3 11.4 10.5 3.5 2 1 3 3 3
4648.7 -6312.0 -6.6 82 0 10.2 10.0 10.5 3.5 2 0 3 1 1
4745.4 -6002.1 -4.5 189 0 6.3 10.4 10.5 3.5 2 1 3 1 1
4772.7 -5990.4 -3.4 313 0 13.3 10.2 10.5 0.0 0 0 3 1 1
4779.8 -6052.3 -4.0 245 0 8.3 13.9 10.5 3.5 2 1 3 1 1
4807.5 -6298.3 -2.2 150 0 13.4 14.5 10.5 3.5 2 1 3 1 1
4792.4 -6263.5 -1.8 170 0 7.1 10.4 10.5 3.5 2 1 3 0 0
4842.5 -6180.5 -2.9 360 0 10.0 6.9 10.5 3.5 2 0 3 3 3
4834.7 -6220.2 -2.1 16 0 11.6 8.2 10.5 3.5 2 0 3 0 0
4844.4 -6155.5 -3.2 27 0 12.4 7.7 10.5 3.5 4 0 3 5 5
4843.9 -6129.9 -3.2 27 0 12.3 13.0 10.5 3.5 2 1 3 3 3
4803.6 -6125.5 -4.0 85 0 16.7 9.5 10.5 3.5 2 0 3 1 1
4848.5 -6080.5 -2.7 10 0 7.3 10.6 10.5 3.5 2 1 3 5 5
4811.1 -6021.2 -2.3 275 0 7.8 8.4 10.5 3.5 4 1 3 1 1
4833.4 -6002.2 -1.3 215 0 15.4 10.9 10.5 3.5 2 0 3 4 4
4851.5 -6001.0 -1.4 31 0 6.1 6.2 10.5 3.5 2 1 3 2 2
4847.9 -5960.6 -6.5 319 0 17.2 11.8 10.5 3.5 4 0 3 2 2
4815.6 -5940.2 -7.7 195 0 8.0 10.5 10.5 3.5 2 1 3 5 5
4895.5 -5970.2 -4.4 51 0 9.6 11.6 10.5 0.0 0 1 3 0 0
4887.4 -6002.2 -2.8 47 0 7.5 13.2 10.5 3.5 2 1 3 0 0
4999.7 -5971.5 -3.6 34 0 11.4 14.9 10.5 3.5 2 1 3 3 3
4965.1 -5979.5 -1.6 288 0 11.1 15.4 10.5 3.5 2 1 3 4 4
4965.6 -5910.6 -5.4 1 0 6.4 14.6 10.5 3.5 2 1 3 3 3
5015.2 -5815.4 -4.9 5 0 10.8 12.2 7.5 2.5 2 1 3 4 4
5087.0 -6313.4 -8.1 339 0 6.5 17.3 10.5 3.5 2 1 3 2 2
5038.6 -6247.1 -10.3 337 0 15.4 7.1 10.5 0.0 0 0 3 2 2
5038.0 -6283.9 -9.2 340 0 7.2 20.3 10.5 3.5 2 1 3 4 4
5179.9 -6198.7 -7.2 266 0 15.2 10.1 14.0 3.5 2 0 4 3 3
5163.2 -6166.1 -6.0 95 0 6.9 13.2 14.0 3.5 2 1 4 0 0
5171.6 -6166.0 -5.8 94 0 7.5 10.8 14.0 3.5 2 1 4 5 5
5186.4 -6114.2 -5.2 180 0 8.4 9.5 14.0 3.5 2 1 4 4 4
5228.5 -6226.6 -7.4 77 0 11.0 10.7 14.0 3.5 2 0 4 4 4
5207.5 -6233.3 -7.7 90 0 9.4 15.9 14.0 3.5 2 1 4 4 4
5217.1 -6160.2 -5.5 95 0 17.5 8.5 14.0 3.5 2 0 4 3 3
4915.0 -5994.7 -1.6 200 0 15.1 9.8 10.5 3.5 2 0 3 0 0
4928.8 -6006.6 -1.8 199 0 14.2 12.0 10.5 3.5 2 0 3 3 3
4920.7 -6087.2 -2.4 1 0 14.5 10.9 10.5 3.5 2 0 3 1 1
4868.7 -6116.3 -2.5 188 0 15.7 10.4 10.5 3.5 2 0 3 1 1
4888.8 -6111.2 -2.5 177 0 11.0 12.4 10.5 3.5 4 1 3 4 4
4870.9 -6166.7 -3.4 177 0 14.7 9.6 10.5 3.5 2 0 3 4 4
4909.9 -6223.0 -4.5 260 0 15.1 19.6 10.5 3.5 2 1 3 4 4
4879.5 -6262.1 -1.8 172 0 22.1 11.1 10.5 3.5 2 0 3 0 0
4890.0 -6312.7 -2.6 170 0 11.0 16.3 10.5 3.5 2 1 3 0 0
4917.5 -6330.0 -3.3 349 0 10.4 8.3 10.5 0.0 0 0 3 4 4
4883.5 -6283.5 -2.0 172 0 10.4 14.0 10.5 0.0 0 1 3 0 0
4858.6 -6310.1 -2.0 348 0 9.5 13.3 10.5 3.5 2 1 3 2 2
4852.8 -6303.2 -1.8 346 0 6.1 7.7 10.5 3.5 2 1 3 4 4
4861.8 -6276.9 -1.7 23 0 11.6 8.4 10.5 3.5 4 0 3 2 2
4865.3 -6250.5 -1.8 359 0 11.7 16.0 10.5 3.5 2 1 3 3 3
4867.7 -6036.6 -1.5 30 0 12.6 15.0 10.5 3.5 2 1 3 2 2
5221.3 -5833.3 -9.3 50 0 10.4 9.9 14.0 3.5 2 0 4 3 3
5171.3 -5847.6 -9.6 59 0 7.1 13.5 14.0 3.5 2 1 4 5 5
5182.3 -5825.0 -9.3 229 0 10.6 12.9 14.0 3.5 2 1 4 3 3
5157.6 -5746.8 -5.4 297 0 8.8 15.0 14.0 3.5 2 1 4 4 4
5152.4 -5730.0 -5.0 292 0 7.2 21.3 14.0 3.5 2 1 4 4 4
5101.8 -5725.4 -4.4 204 0 10.6 17.8 14.0 0.0 0 1 4 3 3
4917.0 -5953.4 -3.0 58 0 14.8 7.5 10.5 3.5 4 0 3 0 0
6375.9 -5153.4 2.2 59 0 6.8 6.6 2.5 2.5 2 0 1 1 1
6627.1 -5129.1 2.8 266 0 6.9 12.8 7.5 2.5 2 1 3 2 2
5831.1 -5508.0 -5.8 143 0 6.4 10.1 2.5 2.5 2 1 1 3 3
4707.6 -5446.8 2.1 244 0 6.2 7.4 10.5 3.5 4 1 3 1 1
4649.3 -5516.5 1.2 138 0 8.7 17.0 10.5 3.5 2 1 3 4 4
6561.5 -6091.4 -4.5 78 1 11.1 14.5 14.0 3.5 2 1 4 4 4
6562.1 -6071.2 -4.7 78 1 11.1 14.5 14.0 0.0 0 1 4 5 5
6644.4 -6054.7 -4.9 78 1 11.1 14.5 14.0 3.5 2 1 4 5 5
6502.8 -5925.0 -6.8 176 0 11.1 14.4 5.0 2.5 2 1 2 3 3
6489.2 -5869.5 -8.3 168 0 14.5 11.1 5.0 2.5 2 0 2 0 0
6592.7 -5797.3 -7.1 168 0 14.5 11.1 2.5 2.5 2 0 1 3 3
6652.9 -5783.6 -7.5 348 0 14.5 11.1 7.5 2.5 2 0 3 2 2
6683.3 -5822.5 -5.9 168 0 14.5 11.1 5.0 2.5 2 0 2 5 5
6751.8 -5951.6 -0.5 337 1 11.1 14.4 14.0 3.5 2 1 4 1 1
6770.9 -5843.6 -1.4 67 0 14.4 11.1 7.5 2.5 2 0 3 0 0
6795.7 -5872.9 0.3 170 0 11.1 14.4 5.0 2.5 2 1 2 5 5
6814.5 -5914.9 0.3 170 0 11.1 14.4 2.5 2.5 2 1 1 3 3
6851.0 -5820.7 -1.0 350 0 11.1 14.4 5.0 2.5 2 1 2 2 2
6876.3 -5793.5 -2.7 350 0 11.1 14.4 5.0 2.5 2 1 2 2 2
6826.5 -5750.2 -3.6 260 0 14.4 11.1 7.5 2.5 2 0 3 0 0
4608.5 -6258.1 -6.8 219 0 9.8 9.9 10.5 3.5 2 1 3 2 2
4483.3 -5753.3 -2.3 45 0 7.9 15.9 14.0 3.5 2 1 4 2 2
4611.9 -5851.2 -7.0 337 0 6.8 8.7 14.0 3.5 2 1 4 2 2
5434.4 -6544.1 -10.4 65 0 11.3 9.9 14.0 3.5 2 0 4 2 2
5376.5 -5808.6 -5.8 326 0 16.5 15.0 14.0 3.5 2 0 4 3 3
5301.9 -5856.7 -7.4 314 0 10.6 12.8 14.0 3.5 4 1 4 5 5
5323.7 -5857.5 -6.7 314 0 10.6 12.8 14.0 3.5 2 1 4 5 5
5242.0 -6246.1 -7.9 77 0 11.0 10.7 14.0 3.5 2 0 4 0 0
5313.3 -5844.7 -7.1 314 0 10.6 12.8 14.0 3.5 2 1 4 1 1
5309.7 -5867.4 -7.1 321 0 10.7 9.1 14.0 3.5 2 0 4 1 1
5279.7 -5878.5 -7.8 134 0 10.6 12.8 14.0 0.0 0 1 4 2 2
5480.9 -6068.4 1.5 326 0 10.7 7.0 14.0 3.5 2 0 4 5 5
5459.6 -6034.3 0.8 344 0 10.8 7.0 14.0 0.0 0 0 4 3 3
5476.0 -5936.5 0.1 313 0 7.0 10.7 14.0 3.5 2 1 4 2 2
5489.9 -5962.1 0.4 331 0 19.9 8.3 14.0 3.5 4 0 4 2 2
5889.7 -6441.0 -5.7 285 0 11.5 7.6 14.0 3.5 2 0 4 5 5
6223.4 -5794.6 -4.0 49 0 9.6 7.9 14.0 3.5 2 0 4 3 3
6082.2 -5872.2 -6.4 328 0 6.3 7.7 5.0 2.5 2 1 2 4 4
6345.0 -5795.0 -7.1 151 0 8.3 8.9 14.0 0.0 0 1 4 5 5
3508.5 6105.4 4.9 153 0 12.8 8.4 14.0 3.5 2 0 4 0 0
3516.2 6082.0 3.0 156 0 12.7 32.0 14.0 0.0 0 1 4 1 1
3591.8 6111.2 1.3 63 0 11.6 30.4 14.0 3.5 2 1 4 3 3
3620.3 6148.4 1.6 333 0 13.3 33.0 14.0 3.5 2 1 4 1 1
3563.6 6089.3 1.5 67 0 8.2 22.1 14.0 0.0 0 1 4 3 3
3572.9 6090.0 0.9 67 0 7.0 12.4 14.0 3.5 2 1 4 5 5
3535.7 6156.7 4.8 248 0 12.8 35.5 14.0 3.5 2 1 4 3 3
3456.3 6204.3 6.9 159 0 12.4 23.0 10.5 3.5 2 1 3 4 4
3558.2 6239.6 7.5 62 0 11.0 18.8 2.5 2.5 2 1 1 2 2
