1385.4 4504.9 84.6 284 0 9.0 13.6 10.5 3.5 2 0 3 2 2
1502.3 4344.0 54.2 124 0 18.2 9.6 10.5 3.5 2 0 3 5 5
157.7 5728.9 227.8 73 0 31.8 8.6 10.0 2.5 2 0 4 5 5
-4503.9 3506.9 89.1 169 0 7.1 36.7 10.0 2.5 2 1 4 0 0
116.0 5550.1 256.2 147 0 7.9 11.0 10.0 2.5 2 0 4 3 3
-4775.5 3616.6 113.8 19 0 16.6 7.4 2.5 0.0 0 0 1 5 5
1548.6 4338.3 46.3 40 0 7.7 20.2 10.5 3.5 2 1 3 2 2
-87.1 5649.6 220.3 119 0 8.2 21.8 7.5 2.5 2 1 3 4 4
178.3 5722.2 230.9 105 0 7.4 6.3 7.5 0.0 0 0 3 4 4
1677.5 4341.9 19.7 357 0 11.2 18.0 10.5 3.5 4 1 3 0 0
72.9 5579.7 250.7 332 0 14.1 10.2 7.5 2.5 2 0 3 4 4
-432.0 5486.1 206.7 263 0 9.8 17.9 7.5 2.5 2 1 3 0 0
-6295.5 3542.0 114.9 42 0 7.9 35.1 12.5 2.5 2 1 5 5 5
-357.5 5444.8 212.9 32 0 14.2 26.6 12.5 2.5 4 1 5 0 0
134.9 5583.9 251.4 160 0 6.2 8.8 2.5 2.5 2 0 1 5 5
-3611.3 4059.2 122.6 86 0 13.4 7.3 5.0 2.5 2 0 2 0 0
96.1 5525.5 260.7 341 0 6.9 11.1 7.5 2.5 2 0 3 0 0
-5849.6 3049.2 436.6 42 0 17.1 19.7 10.0 2.5 2 1 4 5 5
1640.3 4355.3 26.4 292 0 10.7 16.7 10.5 3.5 2 1 3 0 0
14.9 5595.8 247.8 260 0 13.3 7.7 5.0 2.5 2 0 2 3 3
1339.3 4514.7 96.8 296 0 10.2 7.1 10.5 3.5 2 0 3 3 3
1539.3 4322.3 50.0 39 0 8.6 26.1 10.5 3.5 2 1 3 3 3
-126.7 5596.3 228.0 326 0 22.8 22.9 12.5 2.5 2 1 5 0 0
143.2 5611.7 246.8 184 0 7.9 9.7 7.5 2.5 2 1 3 4 4
241.9 5643.5 250.3 62 0 10.3 7.2 10.0 2.5 2 0 4 2 2
-6406.5 3675.1 118.1 47 0 7.4 19.8 7.5 2.5 2 1 3 3 3
193.3 5669.5 241.9 261 0 8.0 24.9 2.5 2.5 2 1 1 5 5
-4678.6 3588.6 99.3 323 0 7.8 25.5 10.0 2.5 2 1 4 1 1
183.4 5493.4 278.0 323 0 10.5 6.1 5.0 2.5 2 0 2 1 1
-4752.1 3655.9 111.8 334 0 8.6 34.8 12.5 2.5 2 1 5 5 5
-1337.4 5469.6 217.0 74 0 13.7 20.3 12.5 2.5 2 1 5 5 5
-3613.9 4114.5 104.2 133 0 8.3 11.2 7.5 2.5 2 1 3 5 5
1478.8 4356.5 60.2 83 0 8.0 13.9 10.5 3.5 2 1 3 0 0
1588.8 4311.1 37.6 101 0 12.6 24.1 10.5 3.5 2 1 3 2 2
-14.3 5562.9 252.7 152 0 6.3 7.8 2.5 2.5 2 1 1 3 3
-489.5 5449.0 213.3 176 0 11.5 35.7 12.5 2.5 2 1 5 5 5
1306.1 4518.5 104.7 222 0 9.8 6.7 10.5 3.5 2 0 3 0 0
1511.9 4307.2 57.5 130 0 27.9 11.1 10.5 3.5 2 0 3 5 5
167.9 5546.4 260.8 85 0 8.3 9.0 7.5 2.5 2 1 3 4 4
176.8 5526.6 268.7 236 0 6.2 6.7 5.0 2.5 2 1 2 2 2
-1323.2 5518.9 206.2 348 0 14.1 13.7 7.5 2.5 4 0 3 4 4
156.6 5647.0 243.0 188 0 8.3 8.4 10.0 2.5 2 1 4 4 4
-3493.1 4215.7 98.3 25 0 14.6 26.8 12.5 2.5 2 1 5 5 5
152.4 5495.6 275.2 226 0 7.7 6.3 7.5 2.5 2 0 3 1 1
-4415.9 3496.8 89.8 83 0 18.2 8.8 10.0 2.5 2 0 4 3 3
1708.4 4400.8 19.3 333 0 9.5 14.3 10.5 3.5 2 1 3 0 0
-4744.0 3632.1 106.4 157 0 10.6 41.0 10.0 2.5 4 1 4 4 4
-363.1 5477.6 210.8 295 0 22.7 8.6 7.5 2.5 2 0 3 5 5
1432.6 4478.8 70.8 321 0 11.4 7.6 10.5 3.5 2 0 3 4 4
1514.5 4358.2 52.2 306 0 15.0 6.7 10.5 3.5 2 0 3 0 0
142.8 5742.9 225.1 161 0 6.3 10.0 7.5 2.5 2 1 3 2 2
145.1 5640.7 243.9 251 0 8.0 9.6 7.5 2.5 2 1 3 0 0
985.5 5096.0 131.4 18 0 8.2 18.6 10.0 2.5 2 1 4 0 0
-3661.1 4062.8 113.7 63 0 8.5 14.2 7.5 2.5 4 1 3 3 3
-1328.1 5542.9 203.0 339 0 7.9 7.7 5.0 2.5 2 0 2 1 1
93.9 5461.2 274.5 95 0 12.1 8.7 7.5 2.5 2 0 3 4 4
-61.2 5634.9 228.4 39 0 16.8 7.2 7.5 2.5 2 0 3 1 1
-3602.6 3970.3 150.0 334 0 33.2 25.0 12.5 0.0 0 0 5 2 2
169.7 5481.1 278.9 52 0 8.8 8.3 10.0 2.5 2 0 4 4 4
-4443.8 3506.6 88.3 79 0 14.7 7.4 7.5 2.5 2 0 3 1 1
1666.0 4323.3 20.7 88 0 11.1 8.2 10.5 3.5 2 0 3 2 2
899.1 5124.8 137.8 219 0 8.1 26.3 2.5 2.5 4 1 1 5 5
-4715.3 3630.6 104.9 242 0 23.0 12.6 12.5 2.5 4 0 5 3 3
1254.9 4550.7 121.8 109 0 10.7 12.9 14.0 3.5 2 1 4 2 2
-324.3 5445.0 217.2 1 0 9.2 19.9 7.5 2.5 2 1 3 1 1
-6280.1 6508.2 -79.3 161 0 8.8 13.2 7.5 2.5 2 1 3 0 0
-5284.0 6317.0 -240.1 49 0 6.3 7.0 7.5 2.5 2 1 3 4 4
-5027.6 4654.4 -92.0 69 0 13.4 7.2 7.5 2.5 2 0 3 3 3
-5381.7 6592.2 -233.3 190 0 18.4 9.9 5.0 2.5 4 0 2 1 1
-4508.0 4787.2 -135.3 75 0 9.1 8.1 10.0 2.5 2 0 4 5 5
-5061.5 5036.6 -120.0 182 0 8.8 8.6 5.0 2.5 2 0 2 3 3
-6360.3 6868.5 -185.4 88 0 11.4 8.6 5.0 2.5 2 0 2 2 2
-5302.4 4966.4 -63.2 243 0 9.7 11.4 2.5 2.5 2 1 1 1 1
-5484.0 6297.2 -196.8 54 0 9.9 11.8 7.5 2.5 2 1 3 0 0
-5153.0 4635.2 -103.9 249 0 11.1 7.3 7.5 2.5 2 0 3 0 0
-4453.1 4943.7 -161.7 152 0 6.2 14.2 10.0 2.5 2 1 4 5 5
-5385.7 6551.8 -236.2 107 0 8.5 11.9 5.0 2.5 2 1 2 0 0
-5071.6 5150.5 -123.8 165 0 15.2 11.5 2.5 2.5 2 0 1 0 0
-4703.3 4331.3 22.5 87 0 13.4 9.5 2.5 2.5 2 0 1 4 4
-6155.0 6619.6 -103.9 126 0 10.6 9.1 7.5 2.5 2 0 3 5 5
-6151.2 6723.0 -125.3 191 0 6.6 7.3 7.5 2.5 2 1 3 3 3
-5114.4 4656.8 -103.2 225 0 21.5 9.8 5.0 2.5 2 0 2 1 1
-5473.5 6458.9 -220.6 248 0 8.1 12.4 5.0 2.5 2 1 2 0 0
-5204.8 4735.0 -118.7 11 0 14.2 8.5 5.0 2.5 2 0 2 4 4
-5304.4 6613.1 -238.6 37 0 10.3 11.6 7.5 2.5 2 1 3 0 0
-5077.5 4635.2 -90.2 347 0 6.6 12.3 2.5 2.5 2 1 1 5 5
-4572.8 4409.9 -15.4 97 0 7.1 10.9 7.5 2.5 2 1 3 5 5
-5339.3 6438.4 -238.9 13 0 7.6 14.2 7.5 2.5 2 1 3 0 0
-6136.3 6787.1 -135.7 127 0 6.5 7.6 7.5 2.5 2 1 3 2 2
-5067.0 5081.2 -115.3 357 0 9.8 9.4 2.5 2.5 2 0 1 5 5
-5291.5 4891.7 -72.3 246 0 6.2 8.1 7.5 2.5 2 1 3 1 1
-6218.8 6559.0 -85.2 57 0 11.0 7.8 7.5 2.5 2 0 3 3 3
-5123.0 4723.4 -118.5 180 0 7.4 6.5 5.0 0.0 0 0 2 2 2
-5344.2 6628.8 -232.8 287 0 9.3 13.1 10.0 2.5 2 1 4 2 2
-5711.4 6891.0 -203.7 259 0 11.3 6.8 5.0 0.0 0 0 2 3 3
-5081.5 4906.1 -119.6 190 0 9.7 6.4 2.5 2.5 4 0 1 0 0
-5153.1 4593.5 -94.5 130 0 9.9 12.2 10.0 2.5 2 1 4 0 0
-4703.5 4745.3 -102.3 299 0 11.4 9.3 7.5 0.0 0 0 3 1 1
-5342.4 6570.1 -239.0 79 0 7.6 13.5 7.5 2.5 2 1 3 0 0
-4584.3 4325.1 -3.4 293 0 13.2 7.5 7.5 2.5 2 0 3 2 2
-6160.7 6679.5 -115.3 149 0 8.6 7.2 5.0 2.5 2 0 2 2 2
-5402.5 6395.2 -225.8 15 0 6.7 11.2 7.5 2.5 2 1 3 5 5
-5275.9 4792.1 -97.1 119 0 9.3 11.1 10.0 2.5 2 1 4 2 2
-4804.0 4606.6 -61.6 282 0 7.2 7.8 7.5 2.5 2 1 3 3 3
-6513.2 6781.9 -141.7 283 0 12.1 7.2 7.5 2.5 4 0 3 5 5
-4507.6 4384.8 -31.8 336 0 13.2 8.9 5.0 2.5 2 0 2 0 0
-5095.1 4837.5 -124.8 337 0 6.5 10.3 7.5 2.5 4 1 3 0 0
-5498.2 6146.5 -163.3 234 0 8.0 8.5 5.0 2.5 4 1 2 0 0
-5350.3 4808.3 -72.5 275 0 6.8 14.5 7.5 0.0 0 1 3 0 0
-5690.1 6893.5 -204.4 282 0 7.8 7.0 2.5 2.5 2 0 1 1 1
-5147.4 4934.5 -98.4 144 0 6.7 7.5 5.0 2.5 2 1 2 5 5
-5393.4 6288.2 -213.5 2 0 7.0 10.1 7.5 2.5 2 1 3 5 5
-5371.9 4833.3 -59.2 352 0 9.2 7.9 5.0 2.5 2 0 2 1 1
-4790.1 4685.9 -84.6 265 0 11.4 8.8 7.5 2.5 2 0 3 2 2
-4756.3 4643.1 -75.5 74 0 11.6 6.4 10.0 2.5 4 0 4 2 2
-5068.5 4882.8 -123.4 17 0 10.5 7.4 10.0 2.5 2 0 4 3 3
-5506.7 4826.3 -17.7 258 0 7.5 10.9 7.5 2.5 2 1 3 4 4
-5513.8 6364.3 -203.8 95 0 7.9 6.9 5.0 2.5 2 0 2 2 2
-5445.6 6613.3 -219.1 291 0 7.1 14.0 7.5 2.5 2 1 3 5 5
-6242.8 6534.1 -79.3 288 0 7.3 9.3 7.5 0.0 0 1 3 0 0
-5209.3 4956.5 -82.8 164 0 16.4 9.9 5.0 2.5 4 0 2 2 2
-5490.5 4777.3 -23.9 2 0 12.6 8.1 5.0 2.5 4 0 2 2 2
-4774.4 4762.1 -106.1 81 0 11.0 7.9 5.0 2.5 2 0 2 1 1
-5414.6 6447.9 -227.8 48 0 8.9 13.0 2.5 2.5 2 1 1 0 0
-5041.7 5090.2 -131.2 170 0 11.1 9.4 7.5 2.5 2 0 3 3 3
-4576.2 4589.7 -79.4 187 0 7.4 10.9 7.5 2.5 4 1 3 3 3
-5238.8 6604.4 -249.6 349 0 7.0 8.9 10.0 2.5 2 1 4 3 3
-2386.8 6493.1 -21.4 255 0 12.0 6.8 5.0 0.0 0 0 2 2 2
-3026.9 6402.9 47.9 269 0 15.6 9.6 7.5 2.5 4 0 3 3 3
-986.5 6869.5 -14.9 81 0 8.6 6.2 14.0 3.5 2 0 4 5 5
-5226.6 1015.7 361.9 322 0 13.0 35.0 10.0 2.5 2 1 4 3 3
-5265.3 6662.4 -242.0 270 0 10.1 11.8 10.0 2.5 2 1 4 3 3
-1571.1 6582.0 -54.2 61 0 11.9 8.9 5.0 2.5 2 0 2 5 5
-4768.1 6146.9 -239.2 9 0 7.7 11.1 7.5 0.0 0 1 3 1 1
-4401.7 6563.7 -247.8 112 0 8.4 13.4 5.0 2.5 2 1 2 0 0
-5081.9 1153.7 356.5 323 0 8.2 23.6 5.0 2.5 4 1 2 1 1
-5045.6 1114.5 352.9 18 0 11.6 12.6 5.0 2.5 2 1 2 5 5
-5269.5 908.8 376.0 47 0 7.1 12.4 7.5 2.5 4 1 3 5 5
-4970.0 6389.9 -281.7 75 0 7.1 10.9 5.0 2.5 2 1 2 0 0
-4123.5 5373.6 -148.2 325 0 7.0 9.4 7.5 2.5 2 1 3 1 1
-5022.7 1161.2 352.8 135 0 10.6 9.5 10.0 2.5 4 0 4 0 0
-2437.3 6500.2 -24.0 180 0 6.2 7.7 5.0 2.5 2 1 2 3 3
-2441.8 6458.9 -15.6 116 0 14.2 7.1 5.0 2.5 2 0 2 4 4
-1737.5 6415.0 -78.1 62 0 7.3 10.1 7.5 2.5 2 1 3 3 3
-5066.4 6627.3 -280.7 261 0 14.7 7.2 5.0 2.5 2 0 2 4 4
-1524.4 6536.1 -52.1 230 0 6.2 6.4 7.5 2.5 4 1 3 5 5
-4286.1 6764.4 -234.8 64 0 7.0 8.3 7.5 2.5 2 1 3 3 3
-4809.2 6165.0 -237.5 183 0 10.8 8.0 10.0 2.5 2 0 4 1 1
-5041.0 1111.1 352.7 114 0 6.1 14.1 7.5 2.5 2 1 3 4 4
-854.6 6872.1 -18.1 210 0 10.3 44.5 14.0 3.5 2 1 4 3 3
-4498.8 1485.5 286.2 104 0 10.3 35.2 12.5 2.5 2 1 5 2 2
-5253.4 924.9 372.3 335 0 10.7 8.6 5.0 2.5 2 0 2 4 4
-5184.7 6478.4 -260.2 21 0 7.7 14.3 7.5 0.0 0 1 3 0 0
-4132.4 5349.0 -145.4 162 0 8.5 7.0 7.5 2.5 2 0 3 5 5
-3738.8 1817.5 368.9 91 0 13.3 9.8 7.5 2.5 2 0 3 5 5
-2364.6 6446.6 -13.5 87 0 8.5 8.1 5.0 0.0 0 0 2 1 1
-1641.3 6274.1 -51.5 186 0 7.4 6.7 10.0 2.5 2 0 4 3 3
-4746.7 6039.8 -218.3 355 0 6.7 14.0 5.0 2.5 2 1 2 3 3
-1481.8 6564.5 -43.8 355 0 11.6 9.5 7.5 0.0 0 0 3 0 0
-4501.9 6085.4 -269.6 77 0 11.5 10.7 7.5 0.0 0 0 3 3 3
-5074.1 1118.3 354.2 325 0 7.1 29.7 5.0 2.5 2 1 2 3 3
-4733.1 5503.5 -155.8 352 0 8.1 7.3 7.5 2.5 2 0 3 0 0
-1394.8 6635.3 -29.8 197 0 8.2 12.3 5.0 2.5 2 1 2 0 0
-5024.3 1201.4 352.1 158 0 12.6 7.2 7.5 2.5 2 0 3 2 2
-5044.7 1143.1 352.9 325 0 25.4 10.5 12.5 2.5 2 0 5 5 5
-777.2 6869.4 -25.0 4 0 8.8 8.3 14.0 0.0 0 0 4 2 2
-839.4 6880.6 -20.4 211 0 7.7 30.0 14.0 3.5 4 1 4 0 0
-5184.1 6521.1 -258.5 199 0 13.4 9.2 10.0 2.5 2 0 4 5 5
-3124.7 6357.7 51.7 164 0 7.3 12.0 5.0 2.5 4 1 2 5 5
-3761.6 1833.9 369.4 259 0 11.6 16.5 5.0 2.5 2 1 2 4 4
-4503.8 1087.6 296.4 96 0 20.6 24.5 12.5 2.5 2 1 5 5 5
-5144.2 1064.2 355.8 179 0 9.1 34.3 10.0 2.5 4 1 4 4 4
-4368.6 6670.5 -246.0 133 0 7.7 8.5 7.5 2.5 4 1 3 5 5
-4311.6 6747.8 -240.9 48 0 9.3 7.2 7.5 2.5 2 0 3 4 4
-4746.0 5321.5 -186.1 86 0 10.1 11.8 7.5 2.5 2 1 3 1 1
-4794.8 5380.8 -153.0 21 0 10.6 8.5 7.5 2.5 4 0 3 5 5
-4723.5 6095.5 -236.0 356 0 6.2 11.8 7.5 2.5 2 1 3 2 2
-1498.2 6596.5 -43.4 334 0 10.1 8.0 10.0 2.5 2 0 4 4 4
-5063.1 1079.4 353.7 324 0 7.8 23.4 5.0 2.5 4 1 2 4 4
-5307.7 951.1 370.8 144 0 28.3 15.3 12.5 2.5 2 0 5 5 5
-3620.8 6254.3 -40.6 140 0 6.4 12.1 7.5 2.5 4 1 3 5 5
-4488.0 1716.7 293.4 121 0 13.6 8.5 7.5 2.5 2 0 3 4 4
-5230.8 6425.2 -257.1 159 0 12.3 6.2 5.0 2.5 2 0 2 0 0
-3075.3 6385.1 50.0 206 0 6.3 10.4 7.5 2.5 2 1 3 3 3
-1901.0 6369.7 -52.3 16 0 8.1 16.9 5.0 2.5 2 1 2 5 5
-5143.5 1102.1 355.2 208 0 12.8 37.1 10.0 2.5 2 1 4 5 5
-5193.6 6310.3 -251.9 348 0 6.1 11.5 5.0 2.5 2 1 2 1 1
-4784.1 5341.5 -173.1 178 0 9.5 6.8 5.0 2.5 2 0 2 3 3
-1455.4 6532.9 -40.7 0 0 9.1 7.7 2.5 0.0 0 0 1 2 2
-5069.7 1089.3 353.7 328 0 8.5 8.4 7.5 2.5 2 0 3 5 5
-827.6 6769.2 -2.7 48 0 12.5 17.3 14.0 0.0 0 1 4 5 5
-4540.4 1588.2 282.1 145 0 10.7 6.4 7.5 2.5 2 0 3 5 5
-5172.4 6372.6 -262.7 145 0 10.2 7.9 10.0 2.5 2 0 4 3 3
-5067.3 6900.6 -279.8 255 0 10.2 7.7 7.5 0.0 0 0 3 1 1
-1987.8 6375.5 -38.6 306 0 8.6 8.9 5.0 0.0 0 1 2 4 4
-4642.5 1078.5 310.7 203 0 11.5 7.8 7.5 2.5 2 0 3 4 4
-4583.0 5928.1 -224.0 61 0 6.3 12.0 7.5 2.5 2 1 3 0 0
-5115.8 997.5 357.3 116 0 21.7 7.2 7.5 2.5 2 0 3 0 0
-5147.5 938.4 361.5 20 0 12.9 6.2 2.5 2.5 2 0 1 5 5
-4343.5 6612.2 -239.2 342 0 8.3 10.2 7.5 2.5 4 1 3 1 1
-5033.5 6818.0 -289.1 82 0 10.8 15.3 7.5 2.5 2 1 3 4 4
-4326.8 6713.5 -242.6 18 0 12.3 10.2 5.0 2.5 2 0 2 3 3
-4212.7 5426.4 -187.1 63 0 6.5 6.6 7.5 2.5 2 1 3 3 3
-4634.7 5056.8 -170.1 82 0 11.0 9.8 7.5 2.5 2 0 3 1 1
-5082.8 6236.7 -242.3 354 0 7.1 14.0 7.5 2.5 2 1 3 0 0
-5129.8 1117.1 355.1 209 0 14.3 30.0 10.0 2.5 2 1 4 3 3
-948.0 6846.9 -6.1 279 0 10.5 6.8 14.0 3.5 2 0 4 2 2
-4946.6 1247.2 342.8 256 0 8.2 8.0 7.5 2.5 2 0 3 1 1
-4984.5 1202.5 351.4 344 0 7.5 12.3 7.5 2.5 2 1 3 2 2
-4308.6 5242.2 -178.0 272 0 6.8 9.9 7.5 2.5 4 1 3 2 2
-2182.1 6361.7 -11.3 82 0 8.2 7.9 2.5 2.5 2 0 1 0 0
-4909.4 6900.1 -300.5 81 0 10.8 8.1 7.5 2.5 2 0 3 4 4
-814.6 6784.1 -7.9 45 0 7.2 16.3 14.0 3.5 2 1 4 1 1
-4516.1 1629.9 282.5 302 0 13.2 33.4 12.5 2.5 2 1 5 4 4
-5226.0 6394.7 -256.0 257 0 7.8 12.6 5.0 2.5 2 1 2 5 5
-3450.3 6362.7 21.4 58 0 6.8 6.2 7.5 0.0 0 0 3 3 3
-1992.5 6490.3 -37.4 85 0 14.4 9.1 5.0 2.5 2 0 2 3 3
-4634.3 1098.2 306.0 203 0 12.1 14.4 7.5 0.0 0 1 3 1 1
-5037.2 6240.0 -249.0 113 0 8.2 7.6 5.0 2.5 2 0 2 0 0
-5078.9 1014.3 355.6 10 0 6.8 29.3 7.5 2.5 2 1 3 3 3
-5162.1 982.6 359.8 209 0 8.1 30.8 12.5 0.0 0 1 5 3 3
-1296.0 6807.9 -11.9 19 0 7.5 13.0 7.5 2.5 2 1 3 4 4
-4345.9 6655.9 -241.6 313 0 9.1 11.8 2.5 2.5 2 1 1 3 3
-4160.9 5148.5 -141.8 339 0 8.7 8.3 7.5 2.5 2 0 3 0 0
-4557.0 4971.0 -148.6 175 0 11.0 12.1 5.0 2.5 2 1 2 3 3
-5090.1 6181.0 -225.8 152 0 8.4 16.4 5.0 2.5 2 1 2 3 3
-937.3 6880.6 -20.4 77 0 11.2 10.6 14.0 3.5 2 0 4 2 2
-4553.5 1503.2 281.9 216 0 7.6 25.8 7.5 2.5 2 1 3 0 0
-4975.8 1203.1 350.3 71 0 8.8 7.2 7.5 2.5 2 0 3 3 3
-5138.2 6825.4 -272.1 80 0 13.7 10.9 5.0 2.5 2 0 2 5 5
-2118.6 6368.0 -18.7 298 0 17.5 9.7 7.5 0.0 0 0 3 5 5
-4326.2 5108.4 -173.0 82 0 6.2 10.9 10.0 2.5 2 1 4 0 0
-5178.7 986.5 360.4 74 0 15.3 8.7 2.5 2.5 2 0 1 0 0
-4162.7 5391.7 -163.4 151 0 6.2 8.2 5.0 2.5 2 1 2 3 3
-3952.1 5335.0 -98.7 328 0 7.2 9.3 5.0 2.5 2 1 2 3 3
-4577.2 1046.4 303.9 89 0 8.3 13.6 7.5 2.5 2 1 3 0 0
-4680.0 5851.4 -188.5 150 0 11.7 8.8 10.0 2.5 2 0 4 4 4
-4592.1 5822.9 -208.7 332 0 14.1 6.6 7.5 2.5 2 0 3 4 4
-5039.3 6266.5 -253.7 294 0 11.0 8.9 7.5 2.5 2 0 3 0 0
-5063.6 1035.7 354.5 9 0 12.2 7.6 2.5 2.5 2 0 1 0 0
-5133.7 985.6 358.1 115 0 25.0 14.1 15.0 0.0 0 0 6 4 4
-5200.9 6251.8 -240.5 80 0 11.1 7.8 10.0 2.5 2 0 4 4 4
-4386.0 6786.8 -257.3 200 0 10.3 7.6 7.5 2.5 2 0 3 5 5
-5110.9 6553.9 -267.3 65 0 10.5 8.7 7.5 2.5 4 0 3 2 2
-905.9 6874.4 -14.6 270 0 7.7 13.5 14.0 3.5 2 1 4 4 4
-4539.9 1518.4 281.7 219 0 17.5 25.6 12.5 2.5 2 1 5 4 4
-4359.4 6580.0 -239.5 80 0 7.9 10.7 2.5 2.5 4 1 1 1 1
-4350.0 5220.3 -183.7 70 0 7.2 6.6 7.5 2.5 2 0 3 5 5
-4773.3 6302.8 -274.1 47 0 12.6 9.2 5.0 2.5 4 0 2 5 5
-5018.5 1127.1 352.2 155 0 14.4 8.2 5.0 2.5 2 0 2 3 3
-3919.2 5308.3 -87.7 338 0 6.7 9.7 7.5 2.5 4 1 3 2 2
-5053.2 6227.8 -243.3 153 0 10.3 7.0 10.0 2.5 4 0 4 2 2
-1046.8 6836.9 4.0 284 0 6.6 8.2 14.0 3.5 2 1 4 0 0
-5010.4 1104.3 351.9 170 0 12.1 12.6 5.0 2.5 4 1 2 1 1
-5222.0 6303.7 -247.9 260 0 12.3 13.1 5.0 0.0 0 1 2 3 3
-5060.7 6881.3 -281.1 0 0 11.0 8.8 7.5 2.5 2 0 3 2 2
-2086.2 6502.9 -24.8 244 0 9.9 9.2 7.5 2.5 4 0 3 4 4
-5293.5 983.9 368.2 235 0 10.1 43.8 12.5 2.5 2 1 5 4 4
-4663.1 1043.7 318.2 214 0 12.9 7.1 7.5 2.5 2 0 3 4 4
-4715.3 5644.6 -160.0 347 0 13.3 6.5 10.0 2.5 2 0 4 3 3
-5210.3 929.6 366.0 196 0 11.2 10.0 5.0 2.5 2 0 2 5 5
-4404.9 6623.5 -253.8 231 0 14.9 8.9 7.5 2.5 2 0 3 5 5
-1385.9 6732.5 -25.3 26 0 6.4 6.0 7.5 2.5 2 0 3 2 2
-4590.1 -342.5 369.9 82 0 7.0 21.8 5.0 2.5 2 1 2 5 5
-3651.6 -1893.5 115.7 95 0 6.3 11.6 7.5 2.5 2 1 3 3 3
-3262.8 -1837.6 44.7 329 0 7.3 23.4 10.0 2.5 2 1 4 0 0
-4544.2 -852.8 372.0 102 0 9.7 18.9 5.0 2.5 2 1 2 0 0
-2935.9 -139.5 235.9 65 0 10.3 11.6 7.5 2.5 2 1 3 5 5
-2952.3 -161.3 237.4 25 0 7.3 7.1 10.0 2.5 4 0 4 1 1
-3669.6 -1865.1 118.8 266 0 24.4 13.0 12.5 2.5 2 0 5 0 0
-3314.7 -1916.0 54.5 169 0 8.8 8.3 5.0 2.5 2 0 2 2 2
-3305.7 -1936.3 51.0 170 0 12.6 9.7 7.5 2.5 2 0 3 2 2
-3831.0 -1955.6 119.9 296 0 35.1 11.7 15.0 0.0 0 0 6 5 5
-3219.6 95.3 203.3 72 0 7.1 11.8 7.5 2.5 4 1 3 2 2
-3777.4 -1980.6 109.1 30 0 6.9 9.1 5.0 2.5 2 1 2 4 4
-3256.7 -1931.8 44.8 79 0 13.2 29.7 15.0 0.0 0 1 6 4 4
-3241.7 -1892.5 40.7 258 0 14.0 34.2 12.5 0.0 0 1 5 2 2
-3772.5 -1965.4 109.6 304 0 10.9 7.7 7.5 2.5 2 0 3 5 5
-3296.4 199.8 201.4 243 0 12.6 19.8 7.5 2.5 2 1 3 0 0
-3742.6 -1973.3 102.0 279 0 7.2 13.8 2.5 2.5 2 1 1 0 0
-4404.0 233.4 390.1 78 0 7.4 36.6 12.5 2.5 2 1 5 1 1
-4279.8 214.4 387.2 44 0 8.3 15.6 5.0 2.5 2 1 2 3 3
-3927.6 -1939.7 132.8 92 0 12.5 10.9 2.5 2.5 2 0 1 1 1
-3209.2 -1884.5 34.0 259 0 8.5 44.1 17.5 0.0 0 1 7 5 5
-3896.8 -1936.7 129.4 277 0 37.7 13.9 10.0 2.5 2 0 4 5 5
-5232.1 872.3 374.4 300 0 6.3 16.6 7.5 2.5 2 1 3 5 5
-3721.7 -1914.5 111.7 157 0 14.8 12.4 7.5 2.5 2 0 3 3 3
-3669.5 -1902.1 112.2 79 0 13.6 17.9 7.5 2.5 2 1 3 0 0
-4295.6 158.5 388.1 142 0 11.6 21.1 7.5 2.5 2 1 3 2 2
-4500.2 212.7 401.9 338 0 13.4 16.3 5.0 2.5 2 1 2 4 4
-4352.5 207.1 389.8 53 0 21.4 12.8 17.5 0.0 0 0 7 1 1
-3162.5 100.1 194.9 303 0 13.0 15.5 2.5 2.5 4 1 1 1 1
-3961.1 -1909.3 137.5 179 0 12.4 48.9 10.0 2.5 2 1 4 0 0
-3708.0 -1894.7 115.5 161 0 7.3 16.9 7.5 2.5 2 1 3 3 3
-3586.3 -1875.0 116.1 262 0 13.5 18.6 15.0 0.0 0 1 6 1 1
-3862.8 -2311.7 78.3 159 0 10.5 16.5 10.0 2.5 2 1 4 3 3
-4429.6 272.2 389.8 145 0 15.9 16.7 17.5 0.0 0 1 7 1 1
-3204.1 159.7 185.3 43 0 7.0 27.6 10.0 2.5 2 1 4 5 5
-4222.5 -2304.3 100.0 82 0 20.7 8.7 7.5 2.5 2 0 3 2 2
-3831.7 -2269.4 74.4 270 0 8.1 21.0 7.5 2.5 2 1 3 0 0
-3818.4 -2171.4 66.5 175 0 14.0 53.1 10.0 2.5 2 1 4 3 3
-4738.6 -421.1 416.1 302 0 12.5 40.3 10.0 2.5 2 1 4 0 0
-3261.8 247.8 181.1 180 0 7.6 8.7 5.0 0.0 0 1 2 5 5
-3226.8 242.0 173.4 36 0 15.2 20.7 10.0 2.5 2 1 4 5 5
-4235.3 -2220.1 108.7 256 0 8.8 43.2 7.5 2.5 2 1 3 4 4
-4008.7 -1973.5 128.8 77 0 8.6 21.1 5.0 0.0 0 1 2 0 0
-4714.2 -513.3 409.5 240 0 8.0 49.5 10.0 2.5 4 1 4 3 3
-3264.9 288.3 172.7 208 0 7.6 19.9 7.5 2.5 2 1 3 3 3
-3792.9 -2284.3 66.8 353 0 10.8 13.3 5.0 2.5 4 1 2 5 5
-4610.3 -373.1 367.7 183 0 19.5 11.5 10.0 0.0 0 0 4 4 4
-4467.2 -814.5 353.6 356 0 14.3 10.0 10.0 2.5 2 0 4 4 4
-4694.8 -576.0 412.0 147 0 9.4 7.9 7.5 2.5 2 0 3 1 1
-4527.9 196.0 404.3 156 0 12.2 10.6 5.0 2.5 2 0 2 3 3
-4733.3 -471.1 417.1 9 0 13.2 6.2 7.5 2.5 2 0 3 0 0
-3188.9 171.2 179.2 327 0 14.9 11.2 7.5 2.5 2 0 3 4 4
-3225.5 -1886.2 37.9 259 0 7.6 45.1 10.0 2.5 2 1 4 5 5
-4196.9 -2296.1 99.3 69 0 20.6 8.8 5.0 2.5 2 0 2 0 0
-3329.9 180.2 214.7 246 0 12.1 15.9 7.5 2.5 2 1 3 4 4
-3712.2 -1939.3 106.6 61 0 12.4 14.9 5.0 2.5 2 1 2 3 3
-3309.2 144.2 214.2 61 0 8.2 7.4 7.5 2.5 4 0 3 4 4
-4750.2 -411.6 422.5 8 0 15.9 8.9 5.0 2.5 2 0 2 3 3
-3264.4 208.9 189.6 228 0 16.0 21.5 10.0 2.5 2 1 4 4 4
-3181.6 -1920.8 28.8 77 0 12.4 44.1 10.0 2.5 2 1 4 1 1
-4210.2 -2236.7 111.5 343 0 40.3 7.4 10.0 2.5 2 0 4 5 5
-5231.7 862.3 374.2 209 0 8.3 13.9 5.0 2.5 2 1 2 4 4
-3247.8 110.5 205.5 155 0 12.8 7.5 5.0 2.5 2 0 2 1 1
-3695.0 -1906.0 112.0 71 0 17.9 7.5 5.0 0.0 0 0 2 5 5
-3262.6 95.5 208.6 152 0 21.3 16.8 12.5 2.5 2 0 5 1 1
-3470.1 -2049.5 41.5 63 0 13.4 8.2 5.0 2.5 2 0 2 0 0
-4677.3 -515.6 400.4 263 0 9.3 36.4 7.5 2.5 4 1 3 3 3
-4418.9 248.6 390.9 74 0 7.8 10.1 10.0 2.5 2 1 4 5 5
-2924.4 -129.4 237.8 48 0 10.9 8.5 7.5 2.5 2 0 3 4 4
-3848.8 -2002.0 119.9 72 0 8.9 7.9 7.5 2.5 2 0 3 4 4
-3942.0 -2209.0 107.7 92 0 10.2 23.6 5.0 2.5 2 1 2 2 2
-4648.8 -272.6 375.0 165 0 31.4 16.6 10.0 2.5 4 0 4 4 4
-5417.9 -2480.8 183.1 245 0 9.7 7.6 10.0 2.5 2 0 4 3 3
-4457.0 -2693.8 132.4 215 0 23.5 9.7 2.5 2.5 2 0 1 3 3
-5790.5 -2357.1 205.3 43 0 7.9 11.4 5.0 2.5 2 1 2 4 4
-4806.3 -2820.1 164.6 330 0 12.5 16.4 7.5 2.5 2 1 3 5 5
-4349.1 -2338.1 107.6 161 0 7.7 12.1 5.0 2.5 2 1 2 1 1
-5384.1 -2530.0 168.4 59 0 42.4 12.4 12.5 2.5 4 0 5 2 2
-4472.6 -2715.5 130.0 213 0 22.5 14.4 12.5 2.5 2 0 5 3 3
-4298.7 -2270.7 109.7 222 0 7.0 7.3 5.0 2.5 2 1 2 2 2
-4870.4 -2464.9 174.0 344 0 15.2 9.1 5.0 2.5 2 0 2 2 2
-5827.8 -2380.5 206.5 135 0 8.6 33.9 12.5 2.5 4 1 5 3 3
-4828.0 -2502.6 174.0 45 0 16.6 14.7 7.5 2.5 2 0 3 1 1
-4825.9 -2538.4 176.8 196 0 13.1 6.3 7.5 2.5 2 0 3 1 1
-4486.1 -2740.8 129.1 210 0 8.5 8.1 5.0 2.5 2 0 2 3 3
-4287.5 -2300.0 106.2 34 0 6.9 10.3 7.5 2.5 2 1 3 4 4
-4837.9 -2543.7 175.1 196 0 32.9 6.7 5.0 2.5 2 0 2 5 5
-4408.9 -2626.7 128.6 196 0 9.6 11.0 7.5 2.5 2 1 3 5 5
-5799.3 -2258.9 221.8 289 0 8.6 17.2 7.5 2.5 2 1 3 4 4
-4820.7 -2505.6 174.9 221 0 9.1 15.6 10.0 2.5 4 1 4 2 2
-4890.5 -2790.4 176.1 334 0 6.7 11.4 10.0 2.5 2 1 4 5 5
-4857.1 -2496.7 173.0 71 0 6.9 7.9 7.5 2.5 4 1 3 4 4
-4872.9 -2807.8 170.3 238 0 7.8 7.2 5.0 2.5 4 0 2 2 2
-4444.0 -2472.6 107.6 198 0 11.7 7.8 5.0 2.5 2 0 2 5 5
-5396.2 -2509.4 176.1 94 0 6.6 13.8 7.5 2.5 2 1 3 5 5
-4906.5 -2846.0 175.0 104 0 10.7 7.3 2.5 2.5 2 0 1 4 4
-4518.1 -2520.1 122.6 171 0 6.9 11.9 7.5 2.5 2 1 3 5 5
-4295.7 -2244.4 113.2 171 0 7.2 10.1 10.0 2.5 2 1 4 1 1
-5834.4 -2347.6 209.9 226 0 37.5 13.2 15.0 0.0 0 0 6 1 1
-4292.4 -2309.7 106.1 36 0 6.1 6.1 7.5 2.5 2 1 3 1 1
-4296.3 -2234.5 115.2 153 0 6.5 6.5 7.5 2.5 2 0 3 4 4
-4507.5 -2763.3 127.8 24 0 34.9 13.4 10.0 2.5 2 0 4 5 5
-4359.0 -2195.9 129.4 97 0 8.8 8.9 5.0 2.5 4 1 2 2 2
-4867.6 -2848.7 169.8 91 0 6.2 7.3 5.0 0.0 0 1 2 5 5
-5786.9 -2311.9 210.4 342 0 10.4 14.6 2.5 2.5 2 1 1 2 2
-4350.0 -2520.9 122.1 78 0 10.2 11.4 7.5 2.5 2 1 3 5 5
-4807.5 -2494.6 174.5 251 0 9.3 13.8 7.5 2.5 2 1 3 1 1
-4396.1 -2381.4 106.2 329 0 7.3 31.3 2.5 2.5 2 1 1 5 5
-4442.6 -2665.9 135.6 205 0 15.2 8.6 5.0 2.5 2 0 2 5 5
-4852.2 -2517.1 173.7 28 0 7.5 7.7 10.0 2.5 2 1 4 1 1
-5788.5 -2286.6 215.8 334 0 17.9 9.7 10.0 2.5 2 0 4 4 4
-4329.2 -2338.0 107.1 64 0 6.5 8.3 7.5 2.5 2 1 3 4 4
-4520.4 -2505.4 122.7 167 0 14.1 8.6 7.5 2.5 2 0 3 5 5
-4896.3 -2428.0 178.1 252 0 9.1 18.0 5.0 2.5 2 1 2 5 5
-5846.1 -2380.3 210.1 51 0 13.5 7.9 5.0 2.5 2 0 2 2 2
-4399.6 -2471.9 107.1 20 0 9.4 35.5 12.5 2.5 2 1 5 5 5
-4587.6 -2766.8 142.6 178 0 7.7 22.6 7.5 2.5 2 1 3 0 0
-4315.9 -2330.7 106.6 54 0 7.0 6.6 7.5 2.5 2 0 3 2 2
-5157.4 -2634.8 165.7 316 0 8.9 35.4 12.5 2.5 2 1 5 4 4
-4838.8 -2482.5 173.8 319 0 10.8 8.3 5.0 2.5 2 0 2 3 3
-4829.8 -2515.5 175.4 216 0 10.5 12.8 7.5 2.5 4 1 3 4 4
-4458.3 -2776.5 130.1 26 0 21.9 12.9 15.0 0.0 0 0 6 4 4
-4443.0 -2639.1 123.2 25 0 42.9 7.0 10.0 2.5 2 0 4 5 5
-4785.6 -2495.7 173.5 262 0 18.5 12.6 7.5 2.5 2 0 3 5 5
-4803.2 -2622.0 175.1 148 0 14.4 14.8 7.5 2.5 2 1 3 3 3
-5324.8 -2467.7 181.2 313 0 35.0 8.7 10.0 0.0 0 0 4 5 5
-4434.2 -2650.1 132.2 205 0 13.5 8.8 5.0 2.5 2 0 2 5 5
-4878.0 -2843.7 170.0 106 0 9.7 10.4 5.0 2.5 2 1 2 4 4
-4526.5 -2754.7 129.1 24 0 8.1 11.9 7.5 2.5 2 1 3 2 2
-4913.3 -2809.6 178.1 242 0 9.9 9.1 7.5 2.5 2 0 3 3 3
-5195.3 -2671.1 161.4 50 0 28.7 6.3 7.5 2.5 2 0 3 0 0
-4398.6 -2504.8 106.0 22 0 13.7 32.8 12.5 2.5 2 1 5 4 4
-5254.8 -2661.5 149.9 239 0 7.2 35.6 12.5 2.5 2 1 5 0 0
-4290.4 -2263.0 110.1 231 0 7.9 7.5 7.5 2.5 2 0 3 0 0
-4444.4 -2618.5 120.0 26 0 6.4 10.7 7.5 2.5 2 1 3 3 3
-5325.8 -2509.3 174.1 111 0 12.2 8.9 7.5 2.5 2 0 3 1 1
-4455.0 -2539.1 114.3 71 0 7.1 7.9 7.5 2.5 2 1 3 0 0
-5373.5 -2454.7 182.5 300 0 6.8 34.4 2.5 2.5 2 1 1 5 5
-4324.6 -2298.9 108.2 230 0 6.7 8.6 7.5 2.5 2 1 3 0 0
-4843.2 -2528.3 174.5 31 0 6.5 6.4 7.5 2.5 2 0 3 1 1
-4399.6 -2449.5 105.2 21 0 14.9 36.5 12.5 2.5 2 1 5 2 2
-4708.7 -2568.0 175.4 327 0 10.0 36.3 10.0 2.5 2 1 4 1 1
-4823.1 -2599.2 174.6 165 0 7.6 18.3 10.0 2.5 2 1 4 2 2
5327.4 -4244.4 -413.7 307 0 41.2 12.0 12.5 2.5 2 0 5 5 5
-3925.3 -628.3 319.0 103 0 9.8 6.4 2.5 2.5 2 0 1 2 2
-3872.9 -635.8 313.4 116 0 32.1 8.1 12.5 2.5 2 0 5 1 1
-3850.1 -623.2 315.3 24 0 8.6 32.3 10.0 2.5 2 1 4 0 0
-3830.9 -616.5 314.6 81 0 25.6 13.4 10.0 2.5 2 0 4 5 5
-3813.5 -660.8 307.3 119 0 8.1 16.6 5.0 2.5 2 1 2 2 2
-3904.4 -623.3 317.2 104 0 6.7 11.1 5.0 2.5 2 1 2 1 1
-3862.7 -563.1 320.8 172 0 8.3 25.2 7.5 2.5 4 1 3 4 4
-6683.4 3036.4 329.7 284 0 9.3 19.8 7.5 2.5 2 1 3 0 0
-3830.5 -576.3 319.0 344 0 7.8 26.1 7.5 2.5 2 1 3 2 2
-3683.3 -601.7 312.7 244 0 27.7 7.2 7.5 0.0 0 0 3 3 3
-3806.6 -612.4 313.8 82 0 7.6 16.7 5.0 2.5 2 1 2 0 0
-3940.3 -583.0 319.7 186 0 6.8 13.3 7.5 2.5 2 1 3 4 4
404.4 -5188.1 -401.5 31 0 56.9 7.8 14.0 3.5 2 0 4 5 5
487.7 -5250.1 -396.8 210 0 17.6 12.5 14.0 3.5 2 0 4 5 5
345.0 -5276.4 -403.8 295 0 24.1 12.2 14.0 3.5 2 0 4 4 4
268.1 -5369.3 -411.5 40 0 26.7 12.5 3.5 3.5 2 0 1 1 1
412.6 -5229.9 -403.5 31 0 43.7 28.6 14.0 0.0 0 0 4 5 5
2593.0 -1318.4 -265.7 65 0 7.4 13.1 2.5 0.0 0 1 1 5 5
360.9 -5328.2 -405.9 36 0 11.0 12.1 14.0 0.0 0 1 4 4 4
358.3 -5527.4 -411.7 232 0 58.3 11.0 10.5 3.5 2 0 3 3 3
415.0 -5277.8 -402.2 214 0 16.0 15.0 14.0 3.5 4 0 4 1 1
398.2 -5489.6 -409.5 219 0 17.4 9.0 10.5 3.5 2 0 3 4 4
411.8 -5470.4 -408.2 220 0 17.6 10.2 10.5 3.5 2 0 3 5 5
3556.2 -578.6 -441.1 142 0 17.8 28.3 15.0 0.0 0 1 6 2 2
2853.3 -1242.3 -299.9 282 0 12.8 9.2 7.5 2.5 2 0 3 5 5
2861.5 -1231.7 -298.7 95 0 17.2 19.3 12.5 2.5 2 1 5 5 5
-5023.8 1138.3 352.5 155 0 10.4 8.2 2.5 2.5 2 0 1 0 0
-1822.0 1706.4 147.0 339 0 10.0 29.1 12.5 2.5 2 1 5 3 3
-1819.5 1642.5 136.0 69 0 12.8 17.2 7.5 2.5 2 1 3 3 3
-1887.5 1655.1 148.1 228 0 15.9 9.3 7.5 2.5 2 0 3 3 3
-1886.7 1537.9 121.1 31 0 14.1 9.4 5.0 0.0 0 0 2 5 5
-1875.6 1522.4 113.5 192 0 14.7 22.5 10.0 2.5 2 1 4 2 2
-1824.3 1535.8 111.4 279 0 14.4 14.8 7.5 2.5 4 1 3 4 4
-1786.9 1507.0 103.0 326 0 31.8 9.5 12.5 2.5 2 0 5 0 0
-1709.0 1623.6 125.9 349 0 6.8 9.8 5.0 2.5 2 1 2 0 0
-341.8 1606.1 96.7 336 0 11.3 13.3 7.5 2.5 2 1 3 5 5
-362.5 1593.0 94.3 159 0 15.1 8.4 7.5 2.5 2 0 3 2 2
-341.5 1706.5 114.0 80 0 7.7 16.4 7.5 2.5 2 1 3 1 1
-622.4 1181.8 68.8 279 0 29.4 13.8 12.5 2.5 2 0 5 4 4
-1557.4 992.4 92.8 273 0 8.9 17.0 2.5 2.5 2 1 1 3 3
-1524.0 977.9 84.0 162 0 19.2 18.2 10.0 2.5 2 0 4 1 1
-2097.9 360.4 26.2 80 0 19.5 18.3 12.5 0.0 0 0 5 5 5
-1685.3 185.4 -33.8 24 0 8.9 7.7 2.5 2.5 4 0 1 5 5
-1700.8 168.3 -38.5 58 0 27.7 8.0 7.5 2.5 2 0 3 5 5
-1722.2 199.8 -27.8 258 0 35.1 9.3 12.5 0.0 0 0 5 5 5
-1956.4 100.5 -91.3 186 0 11.1 22.1 10.0 2.5 2 1 4 2 2
-1068.4 1744.3 205.1 43 0 14.1 9.5 7.5 2.5 2 0 3 4 4
-1082.8 1714.1 204.4 43 0 11.2 23.2 12.5 2.5 2 1 5 4 4
-524.8 1993.4 142.0 351 0 6.9 8.6 7.5 2.5 2 1 3 5 5
-397.6 2029.9 144.3 72 0 10.2 8.1 7.5 2.5 2 0 3 4 4
-422.3 2022.4 141.0 161 0 10.1 17.1 7.5 2.5 2 1 3 1 1
-416.7 2111.4 156.3 143 0 9.3 7.8 10.0 2.5 2 0 4 5 5
-386.7 2110.5 154.6 323 0 10.5 23.9 2.5 2.5 2 1 1 1 1
-389.4 2157.8 158.9 305 0 14.1 42.4 10.0 0.0 0 1 4 2 2
-422.4 2048.7 144.1 165 0 15.5 21.6 10.0 2.5 2 1 4 3 3
-442.1 2011.2 133.5 271 0 13.5 39.5 10.0 2.5 2 1 4 1 1
-542.0 2008.5 142.5 169 0 25.6 13.2 12.5 2.5 2 0 5 5 5
5567.4 -500.9 -376.8 241 0 13.3 7.8 5.0 2.5 2 0 2 0 0
5539.7 -529.1 -379.3 170 0 6.1 14.5 7.5 0.0 0 1 3 1 1
5546.5 -657.6 -394.3 184 0 8.2 9.6 5.0 2.5 2 1 2 1 1
5440.9 -574.6 -388.1 261 0 10.1 9.0 5.0 0.0 0 0 2 5 5
5380.8 -567.7 -391.6 280 0 15.7 7.5 7.5 2.5 2 0 3 4 4
-6232.7 -6439.2 -335.9 146 0 16.6 15.7 12.5 2.5 2 0 5 0 0
5898.6 -6815.8 -427.0 244 0 22.6 20.5 10.0 2.5 2 0 4 3 3
5860.4 -6877.1 -427.9 73 0 15.9 41.5 12.5 2.5 2 1 5 0 0
-6912.2 -2108.5 104.5 75 0 13.6 42.4 12.5 2.5 2 1 5 3 3
