3443.3 245.9 -29.5 120 0 10.9 10.5 7.5 2.5 2 0 3 4 4
3448.2 331.0 -24.1 264 0 8.5 13.4 2.5 2.5 2 0 1 1 1
3647.5 390.2 -36.6 126 0 11.6 18.4 2.5 2.5 2 1 1 3 3
3545.4 422.6 -28.7 231 0 8.3 12.6 7.5 2.5 2 1 3 0 0
3582.6 315.8 -32.0 69 0 13.2 13.3 7.5 2.5 2 1 3 1 1
3531.7 388.1 -28.2 36 0 14.2 7.6 5.0 2.5 2 0 2 3 3
3412.4 274.9 -22.9 38 0 12.4 17.7 2.5 2.5 2 0 1 5 5
414.5 1215.6 -40.0 64 0 6.5 7.5 14.0 3.5 2 0 4 0 0
366.4 1191.5 -43.3 100 0 57.8 6.4 14.0 3.5 2 0 4 2 2
350.4 1231.4 -41.9 238 0 6.1 14.7 14.0 3.5 2 1 4 0 0
408.7 1195.7 -41.0 65 0 6.3 27.4 14.0 3.5 2 1 4 2 2
-5024.2 -6907.5 -52.8 73 0 18.2 70.7 10.0 2.5 2 1 4 5 5
-5107.8 -6770.3 -61.7 252 0 12.4 24.7 12.5 2.5 2 1 5 5 5
-5106.7 -6818.1 -55.6 178 0 10.0 6.6 7.5 2.5 2 0 3 0 0
-5144.9 -6813.7 -54.7 1 0 14.1 6.9 5.0 2.5 2 0 2 3 3
-5135.3 -6831.7 -50.3 353 0 10.1 13.8 10.0 2.5 2 0 4 2 2
-5156.8 -6867.0 -40.4 19 0 8.1 7.2 7.5 2.5 2 0 3 4 4
-5113.3 -6885.4 -40.7 2 0 10.9 14.3 2.5 2.5 2 0 1 0 0
-5062.4 -6793.4 -59.9 253 0 10.1 30.9 10.0 2.5 2 1 4 2 2
-4935.9 -6882.4 -39.9 69 0 12.2 19.6 5.0 2.5 2 1 2 1 1
-4924.3 -6810.7 -54.9 1 0 7.4 17.2 10.0 0.0 0 1 4 0 0
-4998.6 -6802.9 -58.3 170 0 13.8 24.4 10.0 0.0 0 1 4 0 0
-4951.0 -6783.3 -56.4 266 0 9.0 23.0 7.5 2.5 2 1 3 3 3
-4922.4 -6791.2 -53.0 268 0 6.4 11.9 7.5 0.0 0 1 3 5 5
-4891.7 -6775.5 -52.6 270 0 6.5 21.7 12.5 0.0 0 1 5 5 5
-4862.5 -6813.0 -47.7 356 0 10.4 13.0 5.0 2.5 2 1 2 3 3
-4861.0 -6849.5 -40.5 2 0 9.2 14.3 7.5 2.5 2 1 3 3 3
-4845.5 -6785.8 -52.2 181 0 15.3 7.1 10.0 2.5 2 0 4 5 5
-4764.3 -6834.7 -48.6 117 0 12.2 20.4 2.5 0.0 0 1 1 2 2
-4838.4 -6839.8 -42.6 185 0 8.8 8.7 7.5 2.5 2 0 3 4 4
-4842.8 -6855.3 -39.7 182 0 10.9 11.3 7.5 2.5 2 1 3 5 5
-4809.9 -6899.9 -31.3 193 0 10.7 13.9 5.0 2.5 2 1 2 0 0
-4691.8 -6829.2 -52.0 306 0 8.1 8.0 5.0 2.5 2 0 2 2 2
-4662.7 -6879.1 -52.1 355 0 14.6 11.3 7.5 2.5 2 0 3 0 0
-4660.4 -6858.1 -52.7 352 0 9.6 30.1 12.5 2.5 4 1 5 5 5
-5053.1 -6784.7 -62.1 167 0 18.9 17.9 10.0 0.0 0 0 4 4 4
-5524.9 -6860.0 -52.3 359 0 11.0 6.1 10.0 2.5 2 0 4 3 3
-5534.3 -6883.8 -47.5 78 0 7.0 7.7 10.0 2.5 2 0 4 2 2
-5514.8 -6871.5 -49.2 0 0 8.0 9.3 5.0 2.5 2 0 2 5 5
-5495.2 -6872.0 -47.5 274 0 6.7 8.5 5.0 2.5 2 0 2 5 5
-5503.7 -6870.0 -48.2 277 0 9.1 11.2 7.5 2.5 2 0 3 4 4
-5428.3 -6754.5 -61.0 191 0 10.3 24.2 15.0 0.0 0 0 6 1 1
-5436.7 -6780.7 -61.4 359 0 6.3 11.2 5.0 2.5 2 0 2 1 1
-5424.9 -6799.9 -60.2 165 0 7.6 13.2 5.0 2.5 2 0 2 0 0
-5438.3 -6815.6 -60.4 21 0 15.0 11.0 7.5 2.5 2 0 3 5 5
-5435.6 -6843.2 -52.9 272 0 10.4 11.0 10.0 2.5 2 0 4 2 2
-5428.3 -6865.8 -49.8 90 0 10.5 7.4 7.5 2.5 2 0 3 2 2
-5414.1 -6834.0 -54.5 261 0 7.9 17.7 2.5 2.5 2 0 1 0 0
-5396.8 -6889.9 -45.2 89 0 6.0 9.7 10.0 2.5 2 0 4 5 5
-5379.4 -6885.6 -45.9 93 0 15.3 9.1 5.0 2.5 2 0 2 0 0
-5289.5 -6818.9 -50.8 182 0 8.3 35.7 10.0 2.5 2 0 4 4 4
-4682.8 -6412.2 -73.4 288 0 15.8 8.0 7.5 0.0 0 0 3 4 4
-4840.7 -6414.7 -75.3 247 0 11.4 15.5 7.5 2.5 2 1 3 3 3
-4813.1 -6428.6 -74.5 278 0 9.7 36.7 10.0 0.0 0 1 4 0 0
-4787.7 -6463.4 -73.2 338 0 10.8 23.1 7.5 2.5 2 1 3 3 3
-4701.8 -6429.1 -73.4 198 0 16.7 63.0 10.0 0.0 0 1 4 2 2
-5298.1 -6738.7 -58.0 3 0 15.9 28.2 12.5 2.5 2 0 5 1 1
-5270.3 -6772.8 -53.6 181 0 18.4 29.8 12.5 2.5 2 0 5 1 1
-5261.7 -6798.2 -51.5 173 0 6.3 25.3 17.5 2.5 2 0 7 3 3
-5300.1 -6790.8 -53.7 1 0 11.7 18.5 2.5 2.5 2 0 1 0 0
-5324.9 -6791.5 -54.3 2 0 9.4 15.0 2.5 2.5 2 0 1 0 0
-5321.0 -6806.4 -53.1 2 0 16.5 10.9 5.0 2.5 2 0 2 1 1
-5299.3 -6811.7 -52.1 2 0 24.3 17.3 10.0 2.5 2 0 4 1 1
-5317.2 -6863.5 -45.2 327 0 12.2 9.0 5.0 2.5 2 0 2 3 3
-5289.0 -6890.6 -40.7 63 0 6.2 10.1 7.5 2.5 4 1 3 3 3
-5274.8 -6852.2 -43.8 247 0 7.6 15.8 10.0 2.5 2 1 4 2 2
-5253.6 -6853.2 -45.0 69 0 9.1 17.3 2.5 2.5 2 1 1 5 5
-5241.3 -6841.6 -45.4 85 0 8.8 12.9 5.0 2.5 2 1 2 5 5
-5228.6 -6723.5 -61.1 269 0 18.5 19.3 12.5 2.5 2 1 5 1 1
-5189.3 -6772.9 -60.0 179 0 12.0 20.9 10.0 2.5 2 1 4 0 0
-5179.8 -6756.5 -61.5 179 0 10.2 11.0 5.0 2.5 2 1 2 2 2
-5161.3 -6753.4 -61.9 265 0 10.9 23.9 5.0 2.5 2 1 2 3 3
-5183.3 -6731.9 -64.5 7 0 16.8 12.1 7.5 2.5 2 0 3 3 3
-5098.1 -6719.9 -67.4 91 0 15.5 8.7 7.5 2.5 2 0 3 5 5
-5081.2 -6719.8 -67.5 92 0 12.7 14.4 7.5 2.5 2 1 3 2 2
-5126.5 -6733.8 -65.6 271 0 10.0 14.1 7.5 2.5 2 1 3 5 5
-5144.5 -6740.4 -64.5 268 0 14.9 21.5 10.0 2.5 2 1 4 4 4
-5133.9 -6771.4 -60.9 360 0 16.3 14.7 2.5 2.5 2 0 1 1 1
-4480.2 -6610.1 -65.1 151 0 8.3 16.1 2.5 2.5 2 1 1 2 2
-4428.7 -6645.2 -68.0 343 0 26.6 8.5 5.0 0.0 0 0 2 5 5
-4473.2 -6628.3 -64.1 158 0 17.6 13.7 5.0 2.5 2 0 2 0 0
-4463.8 -6643.1 -64.2 169 0 13.6 10.0 10.0 2.5 2 0 4 2 2
-4450.2 -6652.1 -66.0 156 0 11.9 11.0 7.5 2.5 2 0 3 4 4
-4446.5 -6696.1 -68.1 160 0 18.4 20.1 10.0 2.5 2 1 4 1 1
-4645.0 -6734.8 -46.4 33 0 9.0 12.7 5.0 2.5 2 1 2 3 3
-4630.8 -6732.0 -43.0 358 0 7.9 6.5 7.5 2.5 2 0 3 3 3
-4590.7 -6776.1 -41.0 80 0 6.6 7.8 2.5 2.5 2 1 1 3 3
-4581.5 -6769.2 -42.4 80 0 9.3 8.7 7.5 2.5 2 0 3 3 3
-4666.2 -6791.4 -48.6 130 0 17.3 26.1 10.0 0.0 0 1 4 2 2
-4622.0 -6767.6 -43.3 306 0 20.0 14.4 10.0 2.5 2 0 4 4 4
-4461.2 -6727.0 -60.4 346 0 7.1 18.4 10.0 2.5 2 1 4 4 4
-4534.4 -6751.1 -47.8 107 0 10.0 12.8 10.0 2.5 2 1 4 3 3
-4526.9 -6770.1 -52.1 106 0 6.1 31.5 10.0 0.0 0 1 4 0 0
-4424.2 -6730.3 -69.9 270 0 24.0 8.4 7.5 2.5 2 0 3 3 3
-4406.2 -6758.5 -70.6 305 0 11.8 17.5 10.0 2.5 2 1 4 2 2
-4450.6 -6769.7 -65.0 295 0 20.9 14.1 12.5 2.5 2 0 5 4 4
-4439.5 -6799.1 -66.4 339 0 6.3 24.9 12.5 0.0 0 1 5 1 1
-4453.8 -6845.9 -68.4 85 0 6.9 20.4 10.0 0.0 0 1 4 3 3
-4522.7 -6815.2 -57.0 197 0 24.3 10.6 15.0 0.0 0 0 6 5 5
-4503.9 -6853.0 -62.9 114 0 12.3 9.1 5.0 2.5 2 0 2 3 3
-4458.4 -6863.6 -68.9 117 0 9.3 6.4 7.5 2.5 2 0 3 0 0
-4500.5 -6574.8 -66.6 143 0 6.1 15.1 5.0 2.5 2 1 2 0 0
-4455.3 -6583.3 -68.8 327 0 20.4 14.5 10.0 2.5 2 0 4 4 4
-4448.1 -6597.0 -68.4 327 0 9.6 13.4 5.0 0.0 0 1 2 2 2
-4383.9 -6615.3 -73.6 199 0 7.9 30.2 12.5 0.0 0 0 5 3 3
-4257.7 -6574.5 -74.9 19 0 6.6 10.1 7.5 2.5 2 1 3 5 5
-4271.0 -6627.2 -77.1 286 0 15.1 6.5 7.5 0.0 0 0 3 1 1
-4270.4 -6646.1 -77.7 290 0 9.6 18.0 10.0 2.5 2 1 4 5 5
-4313.4 -6692.6 -76.3 130 0 16.1 11.0 5.0 2.5 2 0 2 5 5
-4267.0 -6670.0 -78.3 290 0 7.5 9.7 5.0 2.5 2 1 2 5 5
-4288.8 -6739.6 -77.7 118 0 9.5 18.8 10.0 2.5 2 1 4 1 1
-4280.9 -6771.3 -77.6 78 0 6.6 12.1 7.5 2.5 2 1 3 3 3
-4690.9 -6787.4 -53.0 111 0 15.6 20.7 10.0 0.0 0 1 4 4 4
-4713.4 -6703.0 -56.3 5 0 8.2 7.8 7.5 2.5 2 0 3 5 5
-4687.3 -6718.0 -54.0 68 0 7.0 16.9 2.5 2.5 2 1 1 5 5
-6195.1 -6898.7 -67.4 175 0 13.7 8.5 7.5 2.5 2 0 3 4 4
-6201.4 -6896.1 -66.9 267 0 9.6 16.1 5.0 2.5 4 1 2 0 0
-6393.7 -6464.6 -76.8 350 0 8.9 14.4 5.0 2.5 2 1 2 2 2
-6417.2 -6461.8 -76.7 256 0 10.8 9.4 10.0 2.5 2 0 4 3 3
-6446.9 -6484.9 -76.7 172 0 14.6 15.0 7.5 2.5 2 1 3 3 3
-6424.9 -6476.8 -76.8 254 0 15.1 9.9 7.5 2.5 2 0 3 0 0
-6378.3 -6528.1 -77.1 87 0 18.7 11.1 5.0 2.5 4 0 2 3 3
-6393.4 -6507.2 -77.0 72 0 16.9 15.5 10.0 2.5 2 0 4 2 2
-6390.9 -6482.7 -76.9 344 0 12.5 21.3 10.0 0.0 0 1 4 1 1
-6415.4 -6501.9 -76.9 80 0 9.4 10.1 5.0 2.5 4 1 2 1 1
-6431.4 -6521.2 -76.9 84 0 9.2 13.5 5.0 2.5 2 1 2 5 5
-6586.1 -6369.9 -78.7 80 0 10.1 20.5 10.0 2.5 2 1 4 2 2
-6667.4 -6371.2 -79.5 261 0 10.3 15.3 7.5 0.0 0 1 3 1 1
-6459.0 -6372.6 -76.0 339 0 12.4 12.1 2.5 2.5 2 0 1 4 4
-6489.4 -6296.6 -76.6 279 0 11.5 21.1 10.0 2.5 2 1 4 3 3
-6473.7 -6376.1 -76.2 344 0 7.7 16.3 5.0 2.5 2 1 2 2 2
-6443.3 -6383.4 -76.0 342 0 10.0 24.3 7.5 2.5 2 1 3 4 4
-6491.7 -6416.9 -76.4 76 0 18.0 36.4 7.5 2.5 4 1 3 0 0
-6421.8 -6424.1 -76.4 82 0 17.8 8.1 5.0 0.0 0 0 2 4 4
-6441.1 -6364.2 -75.8 342 0 11.7 7.1 7.5 2.5 4 0 3 0 0
-6450.3 -6364.8 -75.9 343 0 16.2 8.0 7.5 2.5 2 0 3 0 0
-6452.0 -6348.5 -76.0 343 0 11.3 21.2 5.0 2.5 2 1 2 4 4
-6501.2 -6359.3 -76.2 162 0 12.6 11.3 2.5 2.5 2 0 1 0 0
-6590.5 -6415.1 -77.0 174 0 11.0 10.5 5.0 2.5 2 0 2 4 4
-6588.5 -6398.3 -78.0 80 0 12.4 20.6 10.0 2.5 2 1 4 3 3
-6571.0 -6366.6 -78.0 74 0 10.6 16.0 2.5 2.5 2 1 1 3 3
-6610.3 -6343.6 -79.8 267 0 8.0 22.8 10.0 0.0 0 1 4 0 0
-6624.1 -6324.7 -80.9 220 0 13.5 18.7 10.0 2.5 2 1 4 3 3
-6657.5 -6387.5 -79.0 271 0 6.1 7.9 2.5 2.5 2 1 1 5 5
-6649.3 -6390.9 -79.1 266 0 7.7 12.1 10.0 2.5 4 1 4 5 5
-6641.4 -6414.5 -78.5 355 0 7.2 10.2 10.0 2.5 2 1 4 4 4
-6629.6 -6410.9 -78.8 5 0 8.6 7.7 7.5 2.5 2 0 3 2 2
-6613.7 -6431.4 -77.6 356 0 6.4 11.7 2.5 2.5 2 1 1 2 2
-6619.3 -6444.1 -77.5 87 0 9.9 6.9 2.5 2.5 2 0 1 2 2
-6619.5 -6453.1 -77.4 90 0 12.6 8.0 5.0 2.5 2 0 2 4 4
-6631.6 -6455.8 -77.6 84 0 6.8 13.8 7.5 2.5 2 1 3 0 0
-6641.7 -6457.6 -77.5 86 0 7.0 12.3 2.5 2.5 4 1 1 4 4
-6657.3 -6405.6 -78.5 267 0 7.7 10.0 5.0 2.5 2 1 2 0 0
-6654.6 -6315.8 -81.3 321 0 8.3 13.4 10.0 2.5 2 1 4 0 0
-6682.1 -6373.3 -79.0 273 0 13.2 16.9 5.0 2.5 2 1 2 5 5
-6686.9 -6405.9 -78.3 179 0 17.2 10.4 7.5 2.5 2 0 3 5 5
-6750.4 -6449.3 -76.9 179 0 10.2 7.6 7.5 0.0 0 0 3 3 3
-6700.1 -6324.7 -79.4 53 0 13.7 14.7 7.5 2.5 2 1 3 1 1
-6729.0 -6272.6 -79.4 206 0 10.8 20.3 7.5 2.5 2 1 3 1 1
-6826.9 -6107.8 -86.1 265 0 9.3 7.9 10.0 2.5 2 0 4 3 3
-6784.0 -6141.8 -85.2 95 0 11.5 7.4 2.5 2.5 2 0 1 0 0
-6786.7 -6246.5 -79.5 29 0 17.6 12.4 7.5 0.0 0 0 3 0 0
-6891.9 -6467.9 -80.1 3 0 6.9 17.9 5.0 2.5 2 1 2 3 3
-6876.4 -6383.8 -79.0 176 0 11.4 18.3 5.0 2.5 2 1 2 5 5
-6854.5 -6410.7 -79.4 357 0 7.5 17.3 7.5 2.5 2 1 3 2 2
-6882.1 -6488.2 -80.4 180 0 9.2 9.8 7.5 2.5 4 1 3 2 2
-6857.7 -6482.4 -80.3 358 0 7.4 13.8 7.5 2.5 2 1 3 4 4
-6879.8 -6438.8 -79.8 177 0 9.6 8.3 10.0 2.5 2 0 4 5 5
-6854.8 -6351.5 -78.6 359 0 8.0 11.9 7.5 2.5 2 1 3 3 3
-6900.5 -6492.3 -80.4 87 0 7.8 6.4 5.0 2.5 2 0 2 5 5
-6911.2 -6452.4 -79.9 181 0 14.8 14.9 5.0 2.5 2 1 2 3 3
-6908.0 -6421.1 -79.4 181 0 11.5 12.1 2.5 2.5 4 1 1 4 4
-6911.8 -6409.1 -79.1 162 0 7.4 19.9 7.5 0.0 0 1 3 2 2
-6909.4 -6372.8 -78.6 187 0 14.2 15.3 5.0 2.5 2 1 2 2 2
-6901.5 -6709.8 -73.8 164 0 6.7 11.8 7.5 2.5 2 1 3 1 1
-6831.5 -6752.2 -66.6 166 0 11.0 14.9 10.0 2.5 4 1 4 1 1
-6552.1 -6650.6 -68.5 175 0 9.8 17.7 5.0 0.0 0 1 2 1 1
-6560.0 -6629.1 -70.0 175 0 7.0 21.3 5.0 2.5 2 1 2 0 0
-6669.3 -6497.5 -75.6 271 0 6.9 11.7 7.5 2.5 2 1 3 5 5
-6660.6 -6530.9 -75.0 95 0 7.0 10.8 2.5 2.5 2 1 1 4 4
-6608.3 -6534.4 -74.8 95 0 11.1 8.2 7.5 2.5 2 0 3 2 2
-6624.2 -6525.6 -75.3 92 0 11.6 9.8 5.0 2.5 2 0 2 5 5
-6603.7 -6497.6 -75.7 278 0 7.7 17.4 7.5 2.5 2 1 3 0 0
-6583.5 -6541.5 -74.4 93 0 8.7 8.0 2.5 2.5 2 0 1 3 3
-6561.1 -6537.2 -74.4 92 0 10.3 6.6 7.5 2.5 2 0 3 4 4
-6536.0 -6537.3 -74.7 94 0 11.4 19.4 7.5 2.5 4 1 3 0 0
-6514.2 -6596.1 -72.0 360 0 7.2 11.9 7.5 2.5 2 1 3 0 0
-6557.8 -6574.7 -73.0 177 0 18.7 9.5 10.0 2.5 2 0 4 3 3
-6555.8 -6592.5 -71.8 177 0 11.6 12.8 5.0 2.5 4 1 2 0 0
-6536.0 -6622.7 -70.5 179 0 14.9 10.6 2.5 2.5 2 0 1 0 0
-6556.2 -6619.2 -70.4 173 0 8.4 15.7 2.5 2.5 2 1 1 1 1
-6551.5 -6639.9 -68.7 178 0 7.2 7.8 10.0 2.5 2 1 4 5 5
-6702.4 -6598.5 -73.4 358 0 7.7 14.4 7.5 2.5 2 1 3 3 3
-6636.5 -6736.9 -58.5 244 0 11.3 11.6 7.5 2.5 4 1 3 3 3
-6573.6 -6646.6 -67.8 360 0 10.4 20.4 5.0 0.0 0 1 2 5 5
-6734.5 -6697.8 -67.1 360 0 6.6 15.1 10.0 0.0 0 1 4 3 3
-6685.7 -6741.0 -60.8 359 0 8.4 16.6 7.5 0.0 0 1 3 5 5
-6774.8 -6515.1 -77.1 283 0 13.9 7.2 7.5 2.5 2 0 3 5 5
-6748.8 -6509.3 -76.9 270 0 13.4 19.0 10.0 2.5 2 1 4 4 4
-6868.7 -6596.4 -76.2 173 0 7.4 9.9 7.5 2.5 2 1 3 5 5
-6806.8 -6655.8 -70.8 271 0 12.8 14.2 7.5 0.0 0 1 3 3 3
-6820.9 -6655.5 -71.0 270 0 11.8 13.8 7.5 2.5 4 1 3 2 2
-6815.8 -6646.9 -72.0 359 0 10.9 12.4 10.0 2.5 2 1 4 4 4
-6816.5 -6616.7 -74.5 358 0 29.1 16.1 10.0 2.5 2 0 4 4 4
-6819.6 -6562.7 -76.3 357 0 9.5 8.3 10.0 2.5 2 0 4 2 2
-6768.7 -6549.2 -75.9 266 0 10.7 19.1 7.5 0.0 0 1 3 5 5
-6809.7 -6586.4 -74.9 176 0 12.8 17.6 5.0 0.0 0 1 2 5 5
-6772.1 -6616.2 -73.7 174 0 14.7 9.4 2.5 2.5 2 0 1 5 5
-6733.9 -6708.6 -65.4 355 0 7.1 12.2 7.5 2.5 2 1 3 5 5
-6690.7 -6778.9 -56.3 87 0 9.3 15.3 2.5 2.5 2 1 1 3 3
-6690.7 -6754.6 -58.0 359 0 7.6 7.3 7.5 2.5 4 0 3 2 2
-6685.1 -6731.1 -62.5 357 0 6.4 15.1 7.5 2.5 2 1 3 0 0
-6688.1 -6687.7 -67.1 358 0 6.7 20.9 7.5 2.5 2 1 3 1 1
-6684.8 -6706.7 -64.7 353 0 13.0 20.5 10.0 2.5 2 1 4 1 1
-6723.2 -6689.5 -67.2 176 0 8.0 12.5 7.5 2.5 2 1 3 0 0
-6733.6 -6600.9 -74.1 178 0 18.0 13.5 5.0 2.5 2 0 2 1 1
-6706.5 -6567.1 -74.3 356 0 13.2 8.9 7.5 2.5 4 0 3 0 0
-6679.0 -6596.3 -70.8 171 0 11.3 19.2 5.0 2.5 2 1 2 0 0
-6639.4 -6614.4 -68.0 352 0 7.1 14.1 10.0 0.0 0 1 4 5 5
-6636.4 -6629.7 -67.2 356 0 17.1 14.4 5.0 2.5 4 0 2 1 1
-6633.3 -6603.0 -69.6 356 0 14.1 22.5 10.0 0.0 0 1 4 0 0
-6660.5 -6557.1 -72.7 261 0 9.9 16.6 7.5 2.5 2 1 3 1 1
-6626.5 -6564.2 -72.8 177 0 12.7 7.5 7.5 2.5 2 0 3 3 3
-6577.3 -6573.1 -72.9 354 0 14.1 9.8 5.0 2.5 2 0 2 5 5
-6595.7 -6557.2 -73.4 267 0 9.9 18.9 5.0 2.5 2 1 2 1 1
-6606.3 -6560.9 -72.9 265 0 8.0 12.6 7.5 0.0 0 1 3 5 5
-6607.6 -6589.7 -70.8 175 0 9.7 6.4 7.5 2.5 2 0 3 1 1
-6624.6 -6589.5 -70.6 171 0 6.7 15.7 5.0 2.5 2 1 2 3 3
-6580.1 -6596.2 -71.1 352 0 11.6 17.2 7.5 2.5 2 1 3 5 5
-6577.2 -6609.2 -70.2 352 0 12.5 18.4 5.0 0.0 0 1 2 4 4
-6616.0 -6643.8 -67.0 172 0 10.2 18.6 10.0 2.5 2 1 4 1 1
-6568.2 -6681.2 -65.4 352 0 16.9 9.1 2.5 2.5 2 0 1 0 0
-6607.1 -6700.1 -64.8 83 0 11.2 17.5 7.5 2.5 2 1 3 2 2
-6668.9 -6714.4 -63.5 171 0 12.9 10.6 10.0 0.0 0 0 4 3 3
-6445.2 -6785.0 -36.8 189 0 7.4 9.7 7.5 2.5 2 1 3 1 1
-6531.7 -6704.0 -61.8 267 0 10.1 15.1 5.0 2.5 2 1 2 3 3
-6371.3 -6636.4 -72.9 115 0 10.4 19.7 5.0 2.5 2 1 2 3 3
-6349.1 -6630.2 -73.1 171 0 10.2 22.1 5.0 2.5 2 1 2 0 0
-6341.8 -6730.3 -64.0 164 0 7.5 15.8 10.0 2.5 2 1 4 0 0
-6318.5 -6842.9 -57.5 178 0 43.4 17.1 10.0 2.5 2 0 4 1 1
-6298.1 -6894.3 -57.8 86 0 22.1 29.1 12.5 0.0 0 1 5 1 1
-6318.8 -6740.9 -65.0 85 0 12.8 7.4 7.5 2.5 2 0 3 5 5
-6329.2 -6707.5 -68.8 157 0 6.3 28.1 7.5 2.5 4 1 3 5 5
-6302.7 -6714.6 -69.3 157 0 8.1 15.4 5.0 2.5 4 1 2 3 3
-6291.5 -6726.6 -69.1 75 0 24.6 8.8 5.0 2.5 2 0 2 3 3
-6282.2 -6736.3 -68.7 84 0 11.5 8.9 2.5 2.5 2 0 1 3 3
-6297.2 -6747.2 -66.3 80 0 9.5 6.9 5.0 2.5 2 0 2 0 0
-6268.5 -6792.1 -67.3 259 0 16.2 8.7 5.0 2.5 2 0 2 3 3
-6261.0 -6859.2 -66.9 85 0 9.8 49.6 10.0 2.5 2 1 4 4 4
-6259.5 -6902.6 -64.9 86 0 13.9 41.9 17.5 0.0 0 1 7 1 1
-6273.8 -6904.9 -63.1 85 0 11.4 48.8 10.0 0.0 0 1 4 1 1
-6097.2 -6899.2 -71.2 3 0 15.9 7.7 7.5 2.5 4 0 3 2 2
-6114.0 -6900.5 -70.7 82 0 10.1 8.7 5.0 2.5 2 0 2 4 4
-6098.7 -6855.6 -71.8 248 0 8.3 12.9 5.0 2.5 2 1 2 3 3
-6086.9 -6885.4 -71.9 82 0 11.1 6.1 2.5 0.0 0 0 1 0 0
-6074.5 -6850.1 -72.2 247 0 11.5 9.9 5.0 2.5 2 0 2 2 2
-5991.7 -6884.6 -68.6 341 0 8.2 12.4 5.0 2.5 2 1 2 0 0
-6002.5 -6869.3 -69.4 332 0 10.2 16.7 7.5 2.5 2 1 3 0 0
-6025.7 -6897.3 -69.4 177 0 14.4 18.6 12.5 0.0 0 1 5 5 5
-6055.7 -6897.5 -70.8 277 0 10.0 18.2 7.5 2.5 2 1 3 5 5
-5866.0 -6877.4 -68.9 93 0 6.3 13.8 7.5 0.0 0 1 3 3 3
-5914.1 -6798.5 -73.0 264 0 11.9 19.7 5.0 2.5 2 1 2 3 3
-5994.4 -6824.1 -70.9 246 0 11.0 10.7 7.5 2.5 2 0 3 3 3
-5963.8 -6879.4 -69.3 64 0 9.7 17.9 5.0 2.5 2 1 2 5 5
-5973.8 -6823.4 -71.0 246 0 7.8 10.2 5.0 2.5 2 1 2 4 4
-5942.5 -6806.7 -72.3 260 0 10.9 17.2 5.0 2.5 2 1 2 4 4
-5877.6 -6802.7 -72.3 276 0 7.1 12.9 5.0 2.5 2 1 2 5 5
-5881.8 -6821.0 -71.4 277 0 9.6 16.2 5.0 2.5 2 1 2 4 4
-5866.2 -6811.8 -71.5 274 0 7.3 28.1 5.0 2.5 2 1 2 2 2
-5848.5 -6795.4 -72.0 273 0 7.8 12.5 5.0 2.5 2 1 2 0 0
-5779.0 -6815.4 -70.0 165 0 11.4 16.2 10.0 2.5 2 1 4 3 3
-5754.1 -6804.2 -69.0 277 0 9.5 15.0 10.0 2.5 2 1 4 3 3
-5739.7 -6798.6 -68.9 277 0 10.5 22.3 5.0 2.5 2 1 2 3 3
-5728.9 -6802.1 -68.2 277 0 8.2 10.7 5.0 2.5 2 1 2 4 4
-5703.8 -6835.4 -64.6 91 0 10.9 12.1 7.5 2.5 2 1 3 4 4
-5713.6 -6836.5 -65.7 75 0 9.1 15.7 7.5 2.5 2 1 3 5 5
-5688.6 -6878.3 -55.8 173 0 8.5 14.0 7.5 2.5 4 1 3 4 4
-5831.4 -6846.4 -69.0 291 0 9.3 20.5 12.5 2.5 2 1 5 5 5
-5814.1 -6843.7 -68.5 267 0 15.2 22.4 7.5 2.5 2 1 3 3 3
-5543.0 -6145.2 -78.5 271 0 7.5 13.8 7.5 2.5 2 1 3 1 1
-5590.3 -6193.3 -75.8 178 0 7.0 11.3 5.0 2.5 2 1 2 5 5
-5608.7 -6194.0 -75.9 177 0 12.3 10.6 7.5 2.5 2 0 3 0 0
-5429.0 -6291.3 -77.4 44 0 11.3 14.7 7.5 2.5 2 1 3 4 4
-5482.8 -6282.1 -75.8 185 0 11.7 15.4 5.0 2.5 2 1 2 0 0
-5503.4 -6282.8 -74.9 269 0 12.2 9.1 10.0 2.5 2 0 4 3 3
-5501.9 -6250.9 -76.3 85 0 8.1 16.0 10.0 2.5 2 1 4 4 4
-5518.1 -6233.0 -75.9 77 0 9.0 13.1 5.0 2.5 2 1 2 2 2
-5537.3 -6244.9 -74.5 79 0 9.0 12.5 7.5 2.5 2 1 3 4 4
-5551.5 -6250.4 -74.4 76 0 9.3 20.9 15.0 0.0 0 1 6 0 0
-5583.3 -6275.0 -73.4 270 0 20.0 12.3 7.5 2.5 2 0 3 2 2
-5573.2 -6253.4 -74.4 79 0 8.2 13.6 5.0 2.5 2 1 2 5 5
-5592.9 -6257.5 -74.6 81 0 9.3 15.0 5.0 2.5 2 1 2 3 3
-5616.4 -6234.4 -75.2 75 0 12.3 9.6 7.5 2.5 2 0 3 3 3
-5606.1 -6255.8 -74.7 71 0 10.9 10.5 10.0 0.0 0 0 4 0 0
-5622.5 -6266.2 -74.8 76 0 7.8 17.3 7.5 2.5 4 1 3 3 3
-5631.8 -6267.1 -74.8 75 0 7.9 13.0 5.0 2.5 2 1 2 4 4
-5635.6 -6235.8 -75.5 78 0 10.0 13.6 7.5 2.5 2 1 3 5 5
-5654.0 -6251.9 -75.3 85 0 13.0 9.9 10.0 0.0 0 0 4 2 2
-5676.6 -6209.7 -77.3 150 0 7.1 13.1 5.0 0.0 0 1 2 3 3
-5752.4 -6327.2 -75.8 180 0 9.2 12.6 2.5 2.5 2 1 1 5 5
-5513.5 -6389.9 -72.3 105 0 7.2 15.1 5.0 2.5 2 1 2 3 3
-5549.8 -6388.1 -70.8 180 0 6.5 10.4 7.5 2.5 2 1 3 0 0
-5530.9 -6399.1 -71.2 92 0 6.2 20.9 5.0 2.5 2 1 2 1 1
-5533.4 -6369.6 -71.6 185 0 11.5 11.6 2.5 2.5 2 1 1 2 2
-5556.8 -6373.8 -71.2 183 0 10.9 21.1 10.0 2.5 2 1 4 5 5
-5591.7 -6342.7 -71.8 261 0 8.2 9.2 2.5 2.5 2 1 1 1 1
-5569.2 -6345.2 -72.0 106 0 6.3 15.8 5.0 2.5 2 1 2 3 3
-5606.3 -6353.9 -71.5 276 0 8.2 14.0 7.5 2.5 2 1 3 2 2
-5628.2 -6315.1 -72.5 335 0 19.1 8.9 10.0 0.0 0 0 4 3 3
-5654.2 -6344.1 -71.8 261 0 10.2 16.8 2.5 2.5 4 1 1 1 1
-5668.5 -6309.4 -72.9 251 0 7.3 6.8 5.0 2.5 2 0 2 4 4
-5684.9 -6323.3 -72.5 262 0 8.6 16.2 7.5 2.5 2 1 3 1 1
-5706.5 -6282.9 -75.2 89 0 14.2 16.0 10.0 2.5 2 1 4 4 4
-5749.5 -6279.1 -77.8 86 0 17.1 14.2 2.5 2.5 2 0 1 5 5
-5708.9 -6389.9 -73.7 174 0 18.3 9.1 5.0 2.5 2 0 2 2 2
-5701.0 -6417.4 -74.9 83 0 15.2 18.4 10.0 2.5 2 1 4 4 4
-5872.9 -6397.9 -80.2 92 0 10.0 18.1 2.5 2.5 2 1 1 5 5
-5841.6 -6392.1 -79.4 359 0 9.4 18.1 5.0 2.5 2 1 2 5 5
-5904.3 -6413.3 -81.1 358 0 18.3 17.2 12.5 2.5 2 0 5 3 3
-5885.5 -6453.2 -79.5 88 0 9.5 11.5 7.5 2.5 2 1 3 1 1
-5853.5 -6508.5 -81.5 266 0 7.7 6.4 5.0 0.0 0 0 2 2 2
-5785.6 -6388.7 -78.0 70 0 8.0 19.4 2.5 2.5 4 1 1 5 5
-5791.7 -6400.3 -77.9 264 0 13.5 12.1 7.5 2.5 2 0 3 5 5
-5809.4 -6406.4 -78.4 263 0 15.1 11.9 5.0 2.5 4 0 2 3 3
-5821.0 -6442.4 -79.1 267 0 12.7 16.9 10.0 0.0 0 1 4 3 3
-5799.5 -6435.1 -78.4 269 0 8.1 20.4 5.0 2.5 2 1 2 5 5
-5775.3 -6399.1 -76.4 254 0 13.2 16.9 2.5 2.5 2 1 1 5 5
-5747.6 -6394.4 -75.0 180 0 14.2 17.8 7.5 0.0 0 1 3 5 5
-5745.5 -6425.6 -76.2 177 0 13.7 11.5 5.0 2.5 2 0 2 2 2
-5629.0 -6424.0 -70.4 89 0 10.9 13.0 7.5 2.5 4 1 3 3 3
-5605.8 -6419.0 -70.4 88 0 14.7 8.0 5.0 2.5 2 0 2 1 1
-5235.1 -6250.3 -79.4 13 0 8.5 10.3 5.0 2.5 2 1 2 4 4
-5141.6 -6491.9 -73.0 1 0 12.3 26.8 7.5 2.5 2 1 3 1 1
-5148.6 -6412.6 -75.6 89 0 11.2 15.0 5.0 2.5 2 1 2 2 2
-5048.5 -6407.4 -76.9 92 0 7.2 13.2 10.0 2.5 2 1 4 5 5
-5010.3 -6445.3 -77.5 257 0 9.2 8.5 5.0 2.5 2 0 2 5 5
-4992.3 -6461.3 -77.5 255 0 19.6 11.2 2.5 2.5 2 0 1 0 0
-4072.3 -6474.0 -75.7 314 0 9.4 14.0 5.0 2.5 2 1 2 5 5
-4053.6 -6471.5 -74.5 358 0 10.5 10.0 5.0 0.0 0 0 2 3 3
-4054.1 -6444.9 -74.2 359 0 12.1 9.5 7.5 2.5 2 0 3 1 1
-4062.0 -6390.9 -73.9 354 0 17.9 8.5 7.5 2.5 2 0 3 1 1
-4085.1 -6431.1 -75.6 341 0 6.7 7.3 2.5 2.5 4 1 1 1 1
-4098.9 -6344.2 -72.9 261 0 12.6 13.3 5.0 2.5 2 1 2 1 1
-4117.6 -6345.3 -73.0 263 0 9.4 13.0 5.0 2.5 2 1 2 4 4
-4135.6 -6344.4 -73.1 267 0 13.0 17.8 5.0 2.5 2 1 2 3 3
-4165.9 -6350.8 -71.7 270 0 6.2 11.5 10.0 0.0 0 1 4 0 0
-4195.3 -6357.9 -70.0 266 0 8.9 12.0 10.0 2.5 2 1 4 3 3
-4215.3 -6356.2 -69.2 262 0 15.4 19.9 10.0 2.5 2 1 4 3 3
-4214.0 -6383.4 -68.5 268 0 7.2 13.5 7.5 2.5 2 1 3 2 2
-4212.9 -6408.0 -69.1 270 0 7.7 12.8 7.5 2.5 2 1 3 1 1
-4213.8 -6423.9 -70.3 268 0 20.9 12.1 10.0 2.5 2 0 4 1 1
-4181.6 -6400.8 -72.2 277 0 10.6 21.3 7.5 2.5 2 1 3 4 4
-4193.0 -6484.3 -73.2 21 0 12.2 39.9 12.5 2.5 2 1 5 0 0
-4184.4 -6445.4 -73.1 84 0 10.7 21.8 5.0 2.5 2 1 2 0 0
-4187.3 -6453.1 -72.8 2 0 12.2 39.3 12.5 0.0 0 1 5 2 2
-4222.7 -6524.9 -74.7 98 0 6.1 10.1 7.5 2.5 2 1 3 2 2
-4470.1 -6456.1 -69.1 245 0 10.3 15.0 2.5 2.5 2 1 1 2 2
-4342.4 -6495.4 -70.6 279 0 17.5 16.7 12.5 2.5 2 0 5 5 5
-4373.6 -6465.7 -68.1 216 0 7.4 17.0 2.5 2.5 2 1 1 1 1
-4409.2 -6460.8 -69.5 264 0 9.4 12.9 5.0 2.5 2 1 2 1 1
-4300.5 -6544.6 -72.6 101 0 19.9 22.3 10.0 2.5 2 1 4 4 4
-4385.9 -6463.3 -68.7 279 0 7.6 14.8 10.0 2.5 2 1 4 0 0
-4400.0 -6477.8 -69.4 276 0 7.5 6.0 7.5 2.5 2 0 3 0 0
-4410.1 -6529.5 -72.0 127 0 11.7 9.7 7.5 2.5 2 0 3 2 2
-4426.9 -6512.6 -71.5 157 0 13.3 12.9 7.5 2.5 2 0 3 3 3
-4439.0 -6499.5 -70.8 160 0 12.4 15.9 10.0 2.5 4 1 4 0 0
-4441.5 -6457.9 -69.6 256 0 14.5 12.2 10.0 2.5 2 0 4 4 4
-4450.9 -6503.0 -70.6 153 0 10.3 7.3 7.5 2.5 4 0 3 1 1
-4473.3 -6496.2 -70.0 141 0 17.3 7.9 5.0 2.5 2 0 2 0 0
-4538.6 -6494.2 -69.1 313 0 6.4 8.8 7.5 2.5 2 1 3 4 4
-4531.4 -6542.5 -68.0 127 0 11.3 9.1 10.0 2.5 2 0 4 1 1
-4515.4 -6513.6 -69.0 319 0 16.8 13.9 5.0 2.5 4 0 2 3 3
-4480.0 -6668.1 -57.5 339 0 6.3 9.7 5.0 0.0 0 1 2 2 2
-4467.9 -6671.4 -59.3 339 0 8.4 10.1 5.0 0.0 0 1 2 2 2
-4500.4 -6616.7 -58.7 343 0 18.0 13.0 5.0 0.0 0 0 2 2 2
-4510.9 -6582.6 -62.5 328 0 20.0 12.3 2.5 2.5 2 0 1 0 0
-4535.0 -6612.3 -55.7 352 0 11.2 6.7 5.0 2.5 2 0 2 4 4
-4629.1 -6647.6 -51.1 68 0 8.3 20.7 5.0 0.0 0 1 2 2 2
-4595.4 -6447.5 -70.6 304 0 10.2 7.5 7.5 2.5 2 0 3 1 1
-4557.9 -6477.7 -69.2 311 0 14.7 9.2 5.0 2.5 2 0 2 5 5
-4561.3 -6494.8 -67.7 301 0 11.2 12.7 7.5 2.5 2 1 3 4 4
-4562.3 -6528.6 -66.4 359 0 12.4 10.0 7.5 2.5 2 0 3 4 4
-4559.4 -6540.8 -64.9 270 0 15.0 12.9 5.0 2.5 2 0 2 5 5
-4568.6 -6637.8 -50.7 178 0 14.6 13.4 2.5 2.5 2 0 1 0 0
-4610.4 -6642.6 -45.1 224 0 9.7 9.6 5.0 2.5 2 0 2 5 5
-4601.4 -6609.8 -51.0 127 0 17.2 7.4 7.5 2.5 2 0 3 0 0
-4582.3 -6608.0 -52.7 196 0 11.5 14.7 5.0 2.5 2 1 2 3 3
-4563.7 -6585.4 -56.3 296 0 13.6 7.4 7.5 2.5 2 0 3 3 3
-4573.7 -6566.0 -59.3 268 0 11.6 9.4 2.5 2.5 2 0 1 0 0
-4577.6 -6554.6 -62.4 1 0 17.5 13.4 7.5 2.5 2 0 3 0 0
-4638.6 -6558.7 -63.4 186 0 10.4 15.0 5.0 0.0 0 1 2 4 4
-4626.7 -6579.5 -60.2 127 0 7.7 14.5 5.0 2.5 2 1 2 4 4
-4625.3 -6593.0 -57.4 109 0 12.4 9.1 7.5 2.5 2 0 3 0 0
-4647.0 -6649.5 -50.7 200 0 7.0 11.7 5.0 2.5 2 1 2 4 4
-4681.6 -6653.4 -57.4 130 0 8.6 9.7 7.5 2.5 2 1 3 0 0
-4745.5 -6630.0 -64.5 198 0 12.8 16.9 7.5 2.5 2 1 3 4 4
-4717.7 -6533.0 -67.2 198 0 10.3 16.9 5.0 2.5 2 1 2 0 0
-4670.2 -6522.8 -65.9 292 0 6.2 10.3 7.5 2.5 2 1 3 1 1
-4647.7 -6510.9 -66.3 288 0 12.6 15.1 7.5 2.5 2 1 3 5 5
-4660.0 -6571.4 -64.1 21 0 8.2 11.2 7.5 2.5 2 1 3 0 0
-4683.1 -6627.0 -62.3 19 0 7.8 10.6 7.5 2.5 2 1 3 1 1
-4672.6 -6597.7 -64.0 25 0 9.2 18.0 5.0 2.5 2 1 2 2 2
-4727.7 -6570.0 -66.5 198 0 9.5 19.7 5.0 2.5 2 1 2 1 1
-4733.7 -6592.1 -66.0 196 0 9.5 19.3 7.5 2.5 2 1 3 5 5
-4757.8 -6651.9 -63.3 196 0 10.9 18.5 5.0 2.5 2 1 2 2 2
-4762.6 -6681.3 -61.6 202 0 10.1 13.3 5.0 2.5 2 1 2 5 5
-4731.5 -6708.5 -57.6 250 0 15.0 12.8 5.0 2.5 2 0 2 3 3
-4744.0 -6724.2 -58.1 240 0 14.3 9.7 7.5 2.5 2 0 3 4 4
-4759.0 -6708.4 -60.5 294 0 8.5 11.1 7.5 2.5 2 1 3 3 3
-4771.9 -6735.2 -59.4 191 0 14.5 10.4 7.5 2.5 2 0 3 5 5
-4775.3 -6761.5 -57.7 107 0 11.3 15.0 5.0 2.5 2 1 2 0 0
-4842.6 -6679.5 -65.2 192 0 6.1 15.9 12.5 2.5 2 1 5 1 1
-4744.9 -6558.5 -69.0 16 0 12.6 18.8 5.0 2.5 2 1 2 5 5
-4788.7 -6693.5 -63.9 17 0 13.7 13.0 5.0 2.5 4 0 2 2 2
-4742.1 -6549.0 -68.8 17 0 7.2 14.9 7.5 2.5 2 1 3 2 2
-4780.3 -6550.3 -69.8 241 0 7.1 14.7 7.5 0.0 0 1 3 1 1
-4803.6 -6564.6 -69.7 240 0 7.9 12.1 7.5 2.5 2 1 3 0 0
-4806.5 -6585.5 -68.8 196 0 10.6 14.8 7.5 2.5 2 1 3 1 1
-4784.5 -6643.6 -65.4 106 0 11.3 12.1 5.0 2.5 2 1 2 3 3
-4783.8 -6659.0 -64.0 284 0 8.3 15.1 7.5 2.5 4 1 3 3 3
-4812.2 -6657.6 -65.2 284 0 11.7 14.2 2.5 2.5 2 1 1 0 0
-4843.6 -6708.3 -63.1 190 0 11.7 11.5 7.5 2.5 2 0 3 1 1
-4824.2 -6636.0 -67.0 105 0 6.2 13.8 7.5 2.5 2 1 3 3 3
-4842.3 -6628.0 -68.8 10 0 8.2 19.4 12.5 0.0 0 1 5 2 2
-4852.0 -6587.4 -70.2 337 0 7.6 13.7 5.0 2.5 2 1 2 2 2
-5022.0 -6645.1 -68.5 234 0 6.6 20.5 7.5 2.5 2 1 3 4 4
-4962.6 -6719.3 -65.7 8 0 13.9 22.3 10.0 2.5 2 1 4 1 1
-5006.8 -6733.2 -65.9 103 0 7.9 33.5 10.0 2.5 2 1 4 0 0
-4989.1 -6723.1 -65.5 102 0 6.8 10.6 5.0 2.5 2 1 2 2 2
-4941.9 -6719.5 -63.6 194 0 10.8 19.1 2.5 2.5 2 1 1 2 2
-4867.1 -6686.7 -64.0 12 0 11.5 13.3 7.5 2.5 2 1 3 5 5
-4880.8 -6654.3 -67.5 10 0 11.9 14.6 10.0 2.5 2 1 4 3 3
-4872.3 -6615.8 -69.0 3 0 11.6 10.0 7.5 0.0 0 0 3 2 2
-4886.6 -6626.0 -68.8 5 0 15.4 8.6 2.5 2.5 2 0 1 5 5
-4895.3 -6603.1 -69.8 273 0 10.2 9.9 7.5 2.5 2 0 3 5 5
-4917.3 -6606.5 -69.7 256 0 9.6 12.2 5.0 0.0 0 1 2 1 1
-4907.5 -6644.2 -67.9 182 0 11.8 8.8 7.5 2.5 2 0 3 1 1
-4913.1 -6626.1 -68.6 181 0 12.1 9.4 7.5 2.5 2 0 3 4 4
-4926.5 -6635.5 -68.1 177 0 7.5 11.5 5.0 0.0 0 1 2 3 3
-4930.9 -6645.7 -67.8 178 0 7.1 16.1 5.0 2.5 2 1 2 1 1
-4956.5 -6663.5 -67.5 1 0 21.9 8.0 2.5 2.5 2 0 1 1 1
-4979.4 -6619.9 -69.3 355 0 7.2 23.6 5.0 0.0 0 1 2 3 3
-5125.5 -6648.2 -69.1 257 0 14.7 13.7 7.5 2.5 2 0 3 3 3
-5197.0 -6700.9 -66.7 106 0 11.4 16.5 5.0 2.5 2 1 2 3 3
-5060.3 -6582.6 -72.4 86 0 10.1 12.2 2.5 2.5 4 1 1 3 3
-5058.5 -6588.4 -71.9 356 0 8.2 15.7 5.0 0.0 0 1 2 4 4
-5063.9 -6610.2 -71.3 1 0 15.0 10.5 7.5 2.5 2 0 3 5 5
-5076.8 -6591.0 -71.5 358 0 10.1 14.8 2.5 2.5 2 1 1 2 2
-5111.2 -6621.6 -70.2 175 0 13.6 8.4 5.0 2.5 2 0 2 0 0
-5076.6 -6636.9 -70.0 257 0 6.6 7.1 5.0 2.5 2 1 2 3 3
-5107.8 -6678.5 -69.1 171 0 7.6 15.9 10.0 2.5 2 1 4 1 1
-5125.0 -6705.5 -68.1 181 0 18.6 18.9 7.5 2.5 2 1 3 0 0
-5124.6 -6673.3 -68.6 317 0 13.1 18.4 7.5 0.0 0 1 3 5 5
-5155.8 -6655.1 -68.3 327 0 13.3 13.6 5.0 2.5 2 1 2 4 4
-5153.2 -6648.1 -69.1 60 0 8.8 18.5 2.5 2.5 2 1 1 0 0
-5145.9 -6601.2 -69.9 342 0 6.9 15.7 7.5 2.5 4 1 3 0 0
-5147.0 -6638.4 -69.4 88 0 7.5 17.2 7.5 2.5 2 1 3 2 2
-5136.1 -6638.1 -69.6 88 0 6.8 20.3 2.5 2.5 2 1 1 2 2
-5116.1 -6579.7 -71.3 177 0 9.8 11.2 10.0 2.5 2 1 4 3 3
-5139.8 -6558.3 -71.6 85 0 17.3 10.6 7.5 2.5 2 0 3 1 1
-5546.5 -6726.7 -68.3 342 0 7.6 28.0 12.5 2.5 2 1 5 3 3
-5547.6 -6671.1 -69.6 167 0 6.5 18.3 5.0 2.5 2 1 2 0 0
-5591.0 -6777.7 -67.4 73 0 6.6 28.0 15.0 0.0 0 1 6 3 3
-5521.4 -6568.9 -72.4 265 0 7.4 15.5 10.0 2.5 2 1 4 0 0
-5593.6 -6448.6 -70.2 278 0 7.3 11.5 2.5 2.5 4 1 1 5 5
-5703.0 -6633.7 -73.6 182 0 13.7 15.2 5.0 2.5 2 1 2 5 5
-5685.8 -6569.3 -74.4 182 0 12.9 21.9 12.5 2.5 2 1 5 1 1
-5631.3 -6570.5 -71.8 199 0 10.2 17.2 7.5 2.5 2 1 3 4 4
-5624.6 -6529.9 -72.2 102 0 11.1 8.9 7.5 2.5 2 0 3 0 0
-5627.1 -6457.7 -71.1 259 0 8.1 20.3 10.0 2.5 2 1 4 5 5
-5557.5 -6624.7 -71.0 171 0 9.1 15.5 7.5 2.5 2 1 3 5 5
-5438.0 -6486.0 -74.9 18 0 9.0 8.0 5.0 2.5 2 0 2 5 5
-5439.8 -6502.6 -75.1 15 0 12.1 18.3 7.5 2.5 2 1 3 4 4
-5453.5 -6552.5 -74.6 270 0 8.0 18.6 10.0 2.5 2 1 4 2 2
-5459.1 -6557.5 -74.6 1 0 11.3 12.2 7.5 2.5 4 1 3 3 3
-5390.3 -6574.2 -71.5 338 0 6.0 15.9 10.0 2.5 2 1 4 3 3
-5330.1 -6686.6 -62.0 86 0 15.8 12.9 2.5 2.5 2 0 1 5 5
-5375.1 -6612.3 -67.9 179 0 8.0 11.1 7.5 2.5 2 1 3 5 5
-5347.8 -6639.7 -65.7 357 0 12.2 17.2 10.0 2.5 2 1 4 4 4
-5395.2 -6618.4 -68.3 268 0 16.0 8.7 7.5 2.5 4 0 3 2 2
-5405.1 -6686.5 -64.3 180 0 19.0 12.9 7.5 2.5 2 0 3 5 5
-5445.8 -6639.7 -68.9 1 0 9.0 14.3 7.5 0.0 0 1 3 5 5
-5445.6 -6654.3 -68.0 1 0 12.8 15.4 2.5 2.5 2 1 1 2 2
-5440.3 -6675.9 -66.2 351 0 10.7 14.6 5.0 2.5 2 1 2 2 2
-5428.1 -6722.3 -63.0 349 0 11.0 14.7 5.0 2.5 2 1 2 0 0
-5524.3 -6760.3 -65.0 165 0 15.0 10.9 7.5 2.5 2 0 3 2 2
-5500.3 -6754.7 -65.1 73 0 15.5 21.9 12.5 0.0 0 1 5 4 4
-5586.7 -6638.6 -70.8 344 0 11.8 9.6 5.0 2.5 4 0 2 4 4
-5589.3 -6629.4 -70.9 344 0 7.3 7.5 7.5 2.5 2 1 3 1 1
-5563.5 -6667.5 -70.5 342 0 11.8 11.2 5.0 2.5 2 0 2 5 5
-5554.2 -6692.9 -69.5 346 0 11.7 22.7 10.0 2.5 2 1 4 3 3
-5539.9 -6737.6 -66.6 345 0 10.2 9.3 2.5 2.5 2 0 1 3 3
-5549.7 -6743.2 -66.9 342 0 16.6 11.0 5.0 2.5 2 0 2 5 5
-5555.9 -6771.8 -66.3 70 0 9.1 14.9 2.5 2.5 2 1 1 1 1
-5628.8 -6815.3 -61.3 275 0 13.0 25.8 10.0 2.5 2 1 4 4 4
-5643.2 -6846.3 -57.6 186 0 11.6 15.9 10.0 2.5 2 1 4 4 4
-5666.3 -6834.5 -60.8 194 0 11.7 37.5 12.5 2.5 2 1 5 4 4
-5646.5 -6779.1 -68.4 84 0 8.0 24.4 12.5 2.5 2 1 5 5 5
-5635.2 -6783.0 -65.6 85 0 6.6 9.1 10.0 2.5 2 1 4 3 3
-5598.4 -6830.7 -58.5 262 0 11.0 10.5 10.0 2.5 2 0 4 5 5
-5456.8 -6759.4 -62.2 254 0 8.5 17.6 7.5 2.5 2 1 3 2 2
-5530.9 -6788.1 -63.7 251 0 9.3 12.4 7.5 2.5 2 1 3 5 5
-5520.7 -6823.7 -60.9 3 0 12.9 8.8 7.5 2.5 2 0 3 3 3
-5548.2 -6859.2 -54.0 88 0 7.7 13.6 7.5 2.5 2 1 3 1 1
-5561.1 -6874.9 -52.0 90 0 7.6 17.9 7.5 2.5 2 1 3 2 2
-6308.0 -6264.3 -81.3 7 0 7.4 17.9 10.0 0.0 0 1 4 0 0
-6310.2 -6275.3 -80.6 3 0 12.2 19.3 2.5 2.5 2 1 1 0 0
-6312.3 -6290.0 -79.4 4 0 10.0 14.0 5.0 2.5 2 1 2 4 4
-6430.7 -6267.9 -76.2 259 0 18.0 11.6 7.5 2.5 2 0 3 2 2
-6444.1 -6309.5 -75.5 258 0 8.2 6.0 5.0 0.0 0 0 2 3 3
-6431.0 -6322.9 -75.7 63 0 18.8 9.8 5.0 2.5 2 0 2 5 5
-6373.6 -6336.5 -74.7 83 0 12.3 8.1 7.5 2.5 2 0 3 5 5
-6337.6 -6332.2 -76.1 81 0 18.9 7.1 7.5 2.5 4 0 3 5 5
-6410.4 -6361.4 -75.1 255 0 7.6 6.9 7.5 2.5 4 0 3 1 1
-6345.5 -6446.9 -77.9 270 0 13.0 20.1 7.5 2.5 2 1 3 4 4
-6366.8 -6451.3 -76.6 253 0 6.7 9.5 5.0 2.5 2 1 2 4 4
-6274.4 -6488.5 -78.0 346 0 12.7 31.7 12.5 2.5 4 1 5 2 2
-6279.6 -6520.9 -76.3 341 0 9.5 16.8 7.5 2.5 2 1 3 1 1
-6315.4 -6522.0 -76.8 162 0 7.8 6.3 10.0 2.5 2 0 4 0 0
-6323.0 -6505.8 -77.2 159 0 7.4 13.5 7.5 2.5 2 1 3 4 4
-6342.8 -6518.5 -77.3 148 0 10.3 20.7 7.5 2.5 2 1 3 4 4
-6332.2 -6547.3 -76.8 157 0 9.4 11.2 7.5 0.0 0 1 3 2 2
-6314.0 -6550.1 -76.3 154 0 7.5 6.3 5.0 2.5 2 0 2 4 4
-6328.0 -6557.9 -76.4 157 0 9.8 13.6 2.5 0.0 0 1 1 2 2
-6312.8 -6584.1 -75.4 165 0 14.7 28.3 12.5 2.5 2 1 5 5 5
-6282.4 -6584.9 -74.9 169 0 18.5 16.9 7.5 2.5 2 0 3 1 1
-6275.4 -6595.1 -74.4 257 0 6.9 22.2 5.0 2.5 4 1 2 0 0
-6174.0 -6635.9 -72.3 291 0 7.3 13.7 2.5 0.0 0 1 1 0 0
-6152.1 -6692.5 -71.5 29 0 6.9 26.0 12.5 2.5 2 1 5 4 4
-6137.2 -6725.1 -71.4 24 0 8.0 14.1 5.0 2.5 2 1 2 4 4
-6134.8 -6714.8 -72.0 25 0 11.9 13.8 7.5 2.5 4 1 3 2 2
-6123.2 -6627.3 -75.8 281 0 15.1 12.4 5.0 2.5 2 0 2 1 1
-6244.9 -6541.2 -76.6 274 0 19.1 20.3 12.5 2.5 2 1 5 2 2
-6233.6 -6572.8 -76.2 4 0 13.2 26.7 10.0 2.5 2 1 4 5 5
-6211.6 -6576.3 -76.8 355 0 10.3 12.5 5.0 2.5 2 1 2 3 3
-6209.3 -6626.5 -73.8 19 0 9.4 23.8 7.5 0.0 0 1 3 4 4
-6186.0 -6621.5 -73.0 291 0 15.6 22.4 12.5 2.5 2 1 5 0 0
-6216.7 -6646.0 -73.3 19 0 10.5 47.4 7.5 2.5 2 1 3 5 5
-6215.0 -6656.0 -71.3 287 0 7.4 23.1 5.0 2.5 2 1 2 0 0
-6223.1 -6652.2 -71.6 287 0 7.3 26.4 7.5 2.5 4 1 3 2 2
-6240.9 -6728.1 -68.6 93 0 10.1 10.8 7.5 2.5 2 1 3 2 2
-6219.0 -6725.4 -68.6 81 0 13.2 9.7 5.0 2.5 2 0 2 5 5
-6226.9 -6711.2 -69.3 88 0 8.6 10.7 10.0 2.5 2 1 4 4 4
-6259.0 -6703.5 -70.1 68 0 10.7 15.3 5.0 2.5 2 1 2 2 2
-6276.9 -6655.6 -72.7 102 0 8.8 17.2 7.5 0.0 0 1 3 0 0
-6266.0 -6661.3 -71.7 197 0 8.1 26.9 2.5 2.5 2 1 1 0 0
-6237.8 -6680.4 -71.2 17 0 8.8 32.1 12.5 2.5 2 1 5 5 5
-6181.2 -6854.8 -69.5 83 0 7.5 25.8 10.0 2.5 2 1 4 0 0
-6189.6 -6806.6 -69.3 267 0 11.5 14.9 5.0 2.5 2 1 2 3 3
-6220.4 -6755.2 -68.4 81 0 11.2 11.2 10.0 2.5 2 1 4 2 2
-6228.2 -6781.2 -68.1 263 0 9.6 11.7 5.0 0.0 0 1 2 4 4
-6216.7 -6778.8 -68.4 263 0 9.6 11.6 7.5 2.5 2 1 3 5 5
-6218.2 -6794.0 -68.7 256 0 29.4 16.1 10.0 2.5 2 0 4 0 0
-6216.8 -6863.1 -67.7 83 0 15.9 14.8 7.5 2.5 2 0 3 3 3
-6075.7 -6788.8 -73.9 197 0 17.7 15.4 7.5 2.5 2 0 3 2 2
-6051.8 -6759.3 -75.1 166 0 8.1 18.1 7.5 2.5 2 1 3 1 1
-6058.7 -6665.7 -78.9 169 0 9.2 16.2 7.5 0.0 0 1 3 5 5
-6086.5 -6796.6 -73.8 15 0 10.0 17.8 2.5 2.5 2 1 1 4 4
-6129.6 -6765.5 -71.6 266 0 11.9 15.3 2.5 2.5 2 1 1 4 4
-6141.8 -6788.7 -70.7 259 0 14.5 11.4 5.0 2.5 2 0 2 5 5
-6134.4 -6834.6 -71.0 87 0 16.3 12.4 5.0 0.0 0 0 2 5 5
-6072.4 -6699.4 -76.5 292 0 9.0 17.4 7.5 2.5 2 1 3 5 5
-6090.9 -6823.1 -72.8 315 0 7.8 6.2 5.0 2.5 2 0 2 4 4
-6089.8 -6813.1 -73.2 358 0 13.0 11.4 5.0 2.5 2 0 2 4 4
-6134.2 -6817.6 -70.9 86 0 9.8 16.0 10.0 2.5 2 1 4 1 1
-6148.3 -6821.7 -70.3 83 0 15.8 9.9 7.5 0.0 0 0 3 2 2
-6151.5 -6768.4 -70.0 265 0 9.9 19.2 2.5 2.5 2 1 1 2 2
-6141.0 -6769.8 -70.6 266 0 7.9 13.8 5.0 2.5 2 1 2 2 2
-6086.6 -6695.5 -76.1 292 0 15.3 12.5 7.5 2.5 2 0 3 5 5
-6106.3 -6734.8 -74.5 204 0 12.9 16.5 7.5 0.0 0 1 3 5 5
-6053.8 -6614.4 -80.0 264 0 20.4 10.8 5.0 2.5 2 0 2 4 4
-6044.5 -6774.8 -74.5 167 0 16.8 12.9 15.0 0.0 0 0 6 5 5
-5996.4 -6797.1 -73.7 73 0 12.5 15.1 10.0 2.5 2 1 4 1 1
-5989.1 -6749.1 -76.1 247 0 9.6 7.4 10.0 2.5 2 0 4 5 5
-5947.8 -6779.3 -75.4 83 0 10.7 18.2 5.0 2.5 2 1 2 3 3
-5918.7 -6772.8 -74.9 76 0 7.2 8.2 7.5 2.5 2 1 3 4 4
-5904.0 -6753.5 -76.0 86 0 16.7 10.7 7.5 2.5 2 0 3 5 5
-5870.0 -6758.3 -75.3 86 0 13.5 11.5 7.5 2.5 2 0 3 1 1
-5821.8 -6739.4 -75.5 359 0 14.2 7.0 10.0 0.0 0 0 4 0 0
-5822.4 -6766.5 -75.0 88 0 8.1 25.2 12.5 0.0 0 1 5 2 2
-5793.0 -6731.8 -75.8 5 0 14.2 17.1 10.0 2.5 2 1 4 4 4
-5796.0 -6769.5 -72.9 11 0 9.0 6.3 7.5 2.5 2 0 3 4 4
-5783.3 -6750.4 -73.7 191 0 18.4 10.6 7.5 2.5 2 0 3 1 1
-5766.3 -6707.8 -75.0 196 0 11.8 16.7 7.5 2.5 2 1 3 2 2
-5762.9 -6720.2 -74.6 274 0 10.1 17.2 7.5 2.5 2 1 3 3 3
-5751.0 -6725.2 -73.9 277 0 8.0 21.4 5.0 2.5 2 1 2 0 0
-5747.7 -6773.9 -71.4 98 0 12.6 10.2 10.0 2.5 2 0 4 1 1
-5736.7 -6775.9 -71.1 98 0 7.9 15.9 7.5 2.5 2 1 3 5 5
-5691.6 -6776.1 -69.2 87 0 9.7 10.1 5.0 2.5 2 1 2 3 3
-5248.7 -6645.4 -66.0 183 0 6.2 17.2 7.5 2.5 2 1 3 3 3
-5246.8 -6549.0 -72.7 257 0 12.0 7.9 7.5 0.0 0 0 3 0 0
-5274.2 -6586.8 -70.5 73 0 7.5 12.7 5.0 2.5 2 1 2 0 0
-5267.5 -6636.6 -65.3 7 0 13.1 16.0 7.5 2.5 2 1 3 0 0
-5289.5 -6683.4 -62.6 89 0 10.1 18.6 5.0 2.5 2 1 2 3 3
-5241.1 -6622.6 -66.6 165 0 10.1 8.8 7.5 2.5 2 0 3 1 1
-4688.5 -6293.0 -72.8 274 0 7.0 9.5 7.5 2.5 2 1 3 3 3
-4651.1 -6318.0 -72.4 198 0 7.6 11.3 10.0 2.5 2 1 4 1 1
-4265.3 -6378.4 -65.9 270 0 9.8 6.5 7.5 2.5 2 0 3 3 3
-4259.8 -6413.2 -65.6 270 0 8.6 21.0 7.5 0.0 0 1 3 0 0
-4309.0 -6390.8 -65.3 273 0 12.4 22.2 10.0 0.0 0 1 4 2 2
-4332.0 -6385.8 -64.2 280 0 9.7 16.5 7.5 2.5 2 1 3 5 5
-4336.7 -6353.6 -63.4 267 0 6.3 11.0 7.5 2.5 2 1 3 4 4
-4354.5 -6357.4 -63.9 273 0 10.7 10.5 7.5 2.5 2 0 3 3 3
-4377.5 -6353.6 -64.5 273 0 9.3 15.1 5.0 2.5 4 1 2 4 4
-4399.0 -6361.5 -65.2 183 0 10.8 8.5 2.5 2.5 4 0 1 4 4
-4458.6 -6354.4 -67.7 180 0 7.9 8.3 7.5 2.5 2 1 3 4 4
-4413.0 -6352.5 -66.4 1 0 10.8 13.4 7.5 2.5 2 1 3 3 3
-4413.4 -6367.1 -66.6 358 0 11.6 24.3 10.0 2.5 2 1 4 2 2
-4453.6 -6368.2 -67.2 183 0 6.8 12.2 2.5 2.5 4 1 1 4 4
-4605.4 -6332.1 -70.8 16 0 14.1 13.0 5.0 2.5 2 0 2 3 3
-4582.3 -6346.7 -70.1 13 0 16.4 18.7 10.0 2.5 2 1 4 5 5
-4701.6 -6301.0 -73.5 274 0 13.7 12.6 7.5 2.5 4 0 3 3 3
-4706.2 -6332.7 -74.4 91 0 16.0 7.9 5.0 2.5 2 0 2 3 3
-4742.2 -6300.3 -73.5 188 0 8.2 8.6 2.5 2.5 2 1 1 5 5
-4741.7 -6311.1 -74.1 185 0 9.0 17.3 7.5 2.5 2 1 3 3 3
-4739.4 -6322.3 -74.6 182 0 7.8 16.2 5.0 2.5 2 1 2 5 5
-4753.3 -6331.5 -76.0 0 0 11.0 24.7 12.5 2.5 4 1 5 3 3
-4756.9 -6351.4 -76.6 358 0 13.0 21.5 7.5 2.5 2 1 3 1 1
-4371.3 -6377.4 -65.5 266 0 6.2 19.3 12.5 2.5 2 1 5 1 1
-4357.2 -6412.7 -65.4 193 0 6.5 10.3 5.0 2.5 2 1 2 4 4
-4363.5 -6410.8 -65.9 256 0 6.4 22.1 7.5 2.5 2 1 3 1 1
-4407.7 -6399.6 -66.5 359 0 16.3 15.7 10.0 2.5 2 0 4 3 3
-4397.9 -6406.0 -67.0 180 0 11.5 17.5 2.5 2.5 2 1 1 5 5
-4379.6 -6430.3 -66.8 188 0 10.9 8.8 10.0 2.5 2 0 4 3 3
-4422.2 -6421.4 -68.8 274 0 9.4 19.1 7.5 2.5 2 1 3 1 1
-4538.5 -6352.9 -68.8 181 0 11.9 17.4 5.0 2.5 2 1 2 5 5
-4505.1 -6347.3 -68.9 9 0 10.7 11.6 7.5 2.5 2 1 3 4 4
-4548.6 -6358.9 -68.8 180 0 11.4 8.5 2.5 2.5 2 0 1 4 4
-4477.6 -6393.2 -67.6 179 0 14.4 11.1 7.5 0.0 0 0 3 0 0
-4504.7 -6399.4 -68.3 177 0 11.7 7.9 7.5 2.5 2 0 3 5 5
-4512.9 -6403.0 -68.3 278 0 11.2 10.8 7.5 0.0 0 0 3 1 1
-4492.5 -6420.5 -68.0 351 0 10.8 14.6 7.5 2.5 2 1 3 3 3
-4502.1 -6445.0 -68.3 332 0 12.0 9.6 5.0 2.5 2 0 2 3 3
-4475.6 -6428.0 -68.4 244 0 11.6 16.0 7.5 2.5 2 1 3 0 0
-4487.8 -6439.3 -68.5 237 0 12.8 16.7 7.5 2.5 2 1 3 5 5
-4546.9 -6389.8 -68.9 91 0 16.2 12.9 5.0 2.5 2 0 2 1 1
-4530.0 -6403.9 -68.6 282 0 6.1 17.8 7.5 2.5 2 1 3 4 4
-4582.8 -6381.7 -69.8 197 0 10.3 15.7 7.5 2.5 2 1 3 2 2
-4604.2 -6381.9 -70.7 108 0 15.3 10.8 7.5 2.5 2 0 3 0 0
-4615.3 -6378.3 -71.5 21 0 16.1 9.8 7.5 2.5 2 0 3 4 4
-4621.5 -6356.1 -71.6 20 0 9.1 8.6 5.0 2.5 2 0 2 3 3
-4643.7 -6348.2 -72.2 200 0 9.4 10.4 7.5 2.5 2 1 3 0 0
-4659.9 -6343.8 -72.9 187 0 6.4 16.3 10.0 2.5 2 1 4 0 0
-4655.4 -6353.4 -72.8 199 0 9.3 7.1 2.5 2.5 2 0 1 2 2
-4659.3 -6364.5 -73.1 197 0 11.1 6.8 5.0 2.5 2 0 2 4 4
-4666.4 -6376.4 -74.2 18 0 8.6 19.4 10.0 2.5 2 1 4 2 2
-4670.5 -6385.0 -73.8 16 0 7.9 9.7 2.5 2.5 2 1 1 0 0
-4733.5 -6339.5 -75.3 94 0 8.0 9.0 7.5 2.5 2 1 3 4 4
-4722.7 -6340.8 -75.2 93 0 10.9 10.2 7.5 2.5 2 0 3 1 1
-4707.6 -6342.1 -75.0 91 0 17.4 8.1 7.5 2.5 2 0 3 0 0
-4710.9 -6348.5 -75.1 192 0 10.5 11.8 7.5 2.5 2 1 3 2 2
-4713.6 -6361.4 -75.0 191 0 9.2 12.2 2.5 0.0 0 1 1 2 2
-4727.7 -6346.1 -75.6 275 0 11.3 13.4 5.0 2.5 2 1 2 2 2
-4696.3 -6384.5 -74.5 105 0 7.7 19.0 7.5 2.5 2 1 3 2 2
-5562.9 -6514.2 -71.5 10 0 6.4 13.1 7.5 2.5 2 1 3 2 2
-5845.7 -6664.3 -79.0 50 0 14.3 11.3 2.5 2.5 2 0 1 3 3
-5908.4 -6711.6 -78.0 195 0 12.3 11.3 2.5 2.5 2 0 1 0 0
-5928.1 -6652.4 -80.4 285 0 9.5 12.6 5.0 2.5 2 1 2 1 1
-6102.8 -6578.0 -78.0 3 0 10.7 15.6 5.0 2.5 2 1 2 1 1
-6363.9 -6562.2 -76.0 265 0 10.4 10.9 5.0 2.5 2 1 2 4 4
-4487.4 -6249.0 -69.9 13 0 13.5 9.8 5.0 2.5 2 0 2 3 3
-5034.5 -6539.6 -74.4 71 0 7.2 17.2 2.5 2.5 2 1 1 0 0
-4496.6 -6308.4 -69.3 3 0 19.7 9.4 7.5 2.5 2 0 3 2 2
-4546.0 -6322.8 -69.2 191 0 25.3 12.0 7.5 2.5 2 0 3 2 2
-4543.0 -6303.0 -69.3 183 0 12.5 17.3 2.5 0.0 0 1 1 1 1
-4550.2 -6285.0 -69.5 162 0 10.3 14.4 7.5 2.5 2 1 3 1 1
-4495.5 -6276.5 -69.6 10 0 13.8 14.8 2.5 2.5 2 1 1 5 5
-4531.2 -6252.2 -69.8 264 0 12.1 9.4 5.0 2.5 4 0 2 3 3
-4553.9 -6271.8 -69.7 167 0 9.7 14.8 7.5 2.5 2 1 3 0 0
-4565.4 -6267.2 -69.7 0 0 10.8 13.1 10.0 2.5 2 1 4 0 0
-4490.4 -6261.8 -69.7 13 0 12.9 9.9 7.5 2.5 2 0 3 4 4
-4588.7 -6271.9 -69.7 93 0 12.3 10.0 10.0 2.5 2 0 4 2 2
-4569.2 -6286.3 -69.4 264 0 9.9 17.2 7.5 2.5 2 1 3 0 0
-4585.0 -6310.4 -69.9 8 0 9.0 15.2 7.5 2.5 2 1 3 0 0
-4616.4 -6295.0 -71.4 294 0 20.3 21.6 12.5 2.5 2 1 5 3 3
-4649.2 -6295.0 -72.2 197 0 14.0 15.1 10.0 2.5 2 1 4 3 3
-4678.0 -6258.1 -71.3 229 0 7.8 14.9 7.5 2.5 2 1 3 4 4
-4655.1 -6276.1 -71.2 104 0 14.0 12.0 7.5 2.5 2 0 3 2 2
-4879.9 -6298.4 -74.9 96 0 6.8 15.6 7.5 2.5 2 1 3 4 4
-4810.5 -6292.2 -74.9 0 0 12.1 8.1 7.5 2.5 2 0 3 3 3
-4841.0 -6297.0 -75.4 359 0 10.4 7.1 5.0 2.5 2 0 2 2 2
-4840.0 -6285.1 -75.1 1 0 10.7 7.5 7.5 2.5 2 0 3 3 3
-4750.1 -6274.8 -72.6 4 0 10.0 11.3 7.5 2.5 2 1 3 3 3
-4623.4 -6244.1 -70.1 12 0 10.4 14.2 5.0 2.5 2 1 2 5 5
-4604.3 -6255.6 -69.8 190 0 12.8 7.6 5.0 2.5 2 0 2 4 4
-4638.8 -6281.1 -71.3 100 0 8.8 9.7 5.0 2.5 2 1 2 1 1
-4613.1 -6287.7 -71.1 98 0 9.0 23.1 12.5 2.5 2 1 5 1 1
-4773.9 -6288.9 -73.9 272 0 7.9 8.7 7.5 2.5 2 1 3 4 4
-4810.7 -6279.3 -74.1 358 0 10.5 6.7 7.5 2.5 2 0 3 5 5
-4849.7 -6292.4 -75.2 2 0 10.9 9.7 7.5 2.5 2 0 3 3 3
-4750.5 -6257.6 -72.0 357 0 16.2 8.2 7.5 2.5 2 0 3 3 3
-4686.1 -6263.8 -71.7 13 0 28.8 11.9 12.5 2.5 2 0 5 5 5
-4517.3 -6232.4 -70.0 237 0 10.9 11.7 5.0 0.0 0 1 2 3 3
-4502.0 -6250.2 -69.9 34 0 14.8 9.4 7.5 2.5 2 0 3 1 1
-4753.2 -6321.1 -75.1 0 0 9.8 8.3 7.5 2.5 2 0 3 5 5
-4781.2 -6260.8 -72.1 92 0 16.1 17.4 10.0 2.5 2 1 4 2 2
-4785.9 -6287.2 -74.2 276 0 8.2 11.5 7.5 2.5 2 1 3 0 0
-4830.0 -6277.9 -74.3 181 0 11.1 10.8 7.5 2.5 4 0 3 4 4
-4870.5 -6298.2 -74.7 95 0 9.2 14.5 5.0 2.5 4 1 2 5 5
-4679.1 -6243.1 -70.7 103 0 13.2 13.1 5.0 2.5 4 0 2 4 4
-4560.2 -6248.9 -69.9 91 0 11.1 7.8 7.5 2.5 2 0 3 3 3
-4575.8 -6248.2 -69.9 4 0 10.7 6.6 5.0 2.5 4 0 2 3 3
-4615.4 -6389.1 -71.6 292 0 10.5 12.0 7.5 0.0 0 1 3 1 1
-4525.1 -6455.2 -68.4 152 0 14.1 10.9 7.5 2.5 2 0 3 3 3
-4490.5 -6429.0 -67.9 339 0 6.7 15.7 5.0 2.5 2 1 2 2 2
-4479.8 -6336.6 -68.9 175 0 10.0 14.7 10.0 2.5 2 1 4 4 4
-4472.4 -6750.1 -59.3 292 0 15.9 17.6 10.0 2.5 2 1 4 0 0
-4489.6 -6744.4 -55.5 279 0 10.9 18.4 5.0 2.5 2 1 2 5 5
-4481.9 -6710.0 -56.9 300 0 16.3 19.4 10.0 2.5 2 1 4 3 3
-4567.4 -6774.8 -44.6 81 0 16.7 7.9 7.5 2.5 2 0 3 5 5
-4695.4 -6342.7 -74.8 189 0 13.4 13.2 7.5 2.5 2 0 3 2 2
-4813.2 -6251.3 -72.7 196 0 19.9 7.8 7.5 2.5 2 0 3 5 5
-4836.2 -6583.7 -70.5 61 0 20.4 17.8 12.5 2.5 2 0 5 0 0
-4818.5 -6600.0 -68.3 196 0 10.8 8.7 7.5 2.5 4 0 3 1 1
-4859.8 -6793.0 -51.7 8 0 18.6 19.5 10.0 0.0 0 1 4 5 5
-4838.4 -6749.7 -58.7 99 0 8.8 13.4 5.0 2.5 2 1 2 0 0
-4797.5 -6794.3 -50.5 284 0 15.2 22.7 12.5 2.5 2 1 5 4 4
-4705.2 -6763.8 -53.7 219 0 6.8 9.5 5.0 2.5 2 1 2 5 5
-4709.0 -6757.6 -55.5 29 0 24.7 13.7 10.0 0.0 0 0 4 5 5
-4724.1 -6749.0 -55.8 37 0 8.8 13.5 7.5 2.5 2 1 3 2 2
-4736.0 -6767.2 -55.9 107 0 8.3 8.6 7.5 2.5 2 1 3 4 4
-4799.8 -6750.7 -58.2 12 0 8.6 18.8 7.5 2.5 2 1 3 5 5
-4619.0 -6471.7 -69.3 192 0 14.3 17.1 5.0 2.5 2 1 2 0 0
-4693.3 -6655.8 -61.2 35 0 11.8 14.1 2.5 2.5 2 1 1 5 5
-4687.9 -6648.2 -61.2 36 0 6.9 14.1 5.0 2.5 2 1 2 4 4
-4660.2 -6655.1 -54.3 1 0 8.8 7.6 5.0 2.5 2 0 2 0 0
-4674.3 -6709.3 -52.1 61 0 8.3 13.1 7.5 2.5 2 1 3 1 1
-4627.9 -6662.0 -46.4 227 0 9.8 6.7 7.5 2.5 2 0 3 4 4
-4650.2 -6691.9 -47.3 198 0 8.1 6.1 5.0 2.5 2 0 2 4 4
-4401.1 -6850.0 -72.4 28 0 17.1 12.1 5.0 2.5 2 0 2 4 4
-4685.1 -6749.1 -51.2 214 0 10.4 10.9 7.5 2.5 2 1 3 0 0
-4636.8 -6764.4 -44.1 307 0 7.2 7.9 10.0 2.5 2 1 4 4 4
-4623.2 -6750.2 -42.1 340 0 6.7 8.3 2.5 2.5 2 1 1 4 4
-4602.8 -6788.5 -41.0 309 0 9.9 22.1 2.5 2.5 2 1 1 1 1
-5062.6 -6639.6 -69.7 243 0 6.2 12.1 7.5 0.0 0 1 3 3 3
-5063.7 -6598.5 -71.5 360 0 8.5 11.8 7.5 2.5 2 1 3 4 4
-5171.2 -6564.8 -70.4 350 0 11.6 16.1 7.5 2.5 2 1 3 0 0
-5144.6 -6581.4 -70.5 252 0 6.7 14.7 10.0 2.5 2 1 4 0 0
-5409.2 -6704.3 -62.8 176 0 8.6 7.9 5.0 2.5 2 0 2 5 5
-5189.5 -6791.8 -56.6 181 0 7.6 16.5 7.5 2.5 2 1 3 4 4
-5185.0 -6812.5 -53.7 175 0 12.8 16.0 5.0 2.5 2 1 2 1 1
-5475.6 -6675.8 -66.9 346 0 10.5 9.7 5.0 0.0 0 0 2 0 0
-4983.7 -6521.4 -75.7 265 0 12.8 8.8 5.0 2.5 2 0 2 2 2
-5023.5 -6544.5 -74.1 338 0 11.5 18.5 5.0 2.5 2 1 2 1 1
-5011.5 -6471.3 -76.6 256 0 7.8 11.5 5.0 2.5 2 1 2 1 1
-5212.5 -6491.8 -74.1 179 0 9.6 13.8 7.5 2.5 2 1 3 5 5
-5438.4 -6605.5 -71.1 359 0 11.9 9.3 7.5 2.5 2 0 3 4 4
-5263.9 -6652.7 -64.1 5 0 12.5 19.1 5.0 2.5 2 1 2 3 3
-5753.1 -6869.0 -62.2 176 0 13.6 20.7 7.5 2.5 2 1 3 0 0
-5778.6 -6842.4 -68.0 346 0 19.0 12.6 5.0 0.0 0 0 2 4 4
-5774.0 -6870.6 -63.2 270 0 18.2 11.1 5.0 2.5 2 0 2 4 4
-5650.3 -6459.9 -72.8 237 0 6.4 28.3 10.0 0.0 0 1 4 2 2
-5787.2 -6438.3 -77.9 271 0 7.2 18.7 7.5 2.5 2 1 3 3 3
-5904.7 -6429.6 -80.3 308 0 6.7 22.1 10.0 2.5 2 1 4 4 4
-5633.3 -6411.1 -70.7 90 0 14.3 15.4 2.5 2.5 2 1 1 0 0
-5450.0 -6351.9 -77.3 104 0 13.0 7.8 10.0 2.5 2 0 4 3 3
-5850.8 -6824.3 -71.2 3 0 18.7 11.8 7.5 2.5 2 0 3 0 0
-5843.1 -6834.6 -70.1 357 0 7.7 6.4 2.5 2.5 2 0 1 2 2
-5900.0 -6824.9 -71.6 272 0 10.9 20.6 7.5 2.5 2 1 3 3 3
-5873.2 -6746.8 -75.9 88 0 18.6 9.4 7.5 2.5 2 0 3 1 1
-6099.1 -6768.6 -73.7 26 0 20.0 9.4 7.5 2.5 2 0 3 3 3
-5839.8 -6892.9 -66.2 74 0 10.2 12.1 7.5 0.0 0 1 3 0 0
-5889.8 -6882.8 -69.3 62 0 10.4 18.4 5.0 2.5 2 1 2 4 4
-5899.9 -6887.4 -69.1 62 0 8.7 17.3 7.5 2.5 2 1 3 2 2
-5906.3 -6892.2 -68.3 63 0 7.2 7.9 2.5 2.5 2 1 1 3 3
-4115.4 -6239.5 -69.7 330 0 10.5 14.1 5.0 0.0 0 1 2 2 2
-4092.7 -6311.2 -71.6 327 0 16.8 14.5 7.5 2.5 2 0 3 0 0
-4030.0 -6509.4 -71.9 181 0 13.8 11.9 7.5 2.5 2 0 3 0 0
-4017.2 -6108.5 -66.4 266 0 15.6 22.0 10.0 2.5 4 1 4 0 0
-3389.6 -5400.5 -71.8 86 0 11.0 21.8 5.0 0.0 0 1 2 4 4
-3365.1 -5471.2 -71.7 180 0 12.1 7.8 5.0 2.5 2 0 2 1 1
-3342.6 -5387.9 -70.7 76 0 21.8 31.7 15.0 0.0 0 1 6 2 2
-3585.6 -5373.5 -68.9 272 0 10.1 15.4 2.5 2.5 2 1 1 1 1
-3602.3 -5229.4 -62.9 12 0 16.9 11.6 7.5 2.5 2 0 3 1 1
-3579.3 -5249.3 -63.8 192 0 13.3 14.5 7.5 2.5 2 1 3 2 2
-3567.3 -5163.5 -61.1 193 0 10.2 11.9 7.5 2.5 2 1 3 0 0
-3499.1 -5191.9 -64.0 360 0 11.8 17.7 5.0 0.0 0 1 2 1 1
-3494.1 -5254.7 -67.0 199 0 9.9 14.1 7.5 2.5 2 1 3 2 2
-3472.5 -5212.2 -66.7 186 0 21.0 11.7 5.0 2.5 4 0 2 3 3
-3469.4 -5190.5 -65.8 185 0 16.9 8.5 5.0 2.5 2 0 2 5 5
-3551.6 -5150.2 -61.8 188 0 15.1 12.4 7.5 2.5 2 0 3 1 1
-3591.5 -5104.0 -58.0 8 0 10.4 13.9 5.0 2.5 4 1 2 0 0
-3573.2 -5089.4 -57.3 8 0 17.0 10.1 5.0 2.5 2 0 2 4 4
-3668.8 -5164.7 -62.7 185 0 14.8 13.5 7.5 2.5 2 0 3 2 2
-3631.7 -5065.3 -58.1 277 0 13.9 11.2 5.0 2.5 2 0 2 1 1
-3659.3 -5053.5 -58.3 188 0 11.7 12.8 5.0 2.5 2 1 2 0 0
-3546.1 -5117.9 -60.4 189 0 21.3 14.6 10.0 2.5 2 0 4 5 5
-3620.4 -5467.1 -68.7 94 0 15.9 18.0 10.0 2.5 2 1 4 0 0
-3621.5 -5430.5 -69.0 276 0 9.7 7.9 5.0 2.5 2 0 2 2 2
-3741.8 -5502.3 -71.4 254 0 10.4 21.1 5.0 0.0 0 1 2 3 3
-3747.8 -5472.9 -70.8 48 0 16.3 15.4 7.5 2.5 2 0 3 0 0
-3617.2 -5193.1 -62.3 8 0 13.9 13.3 7.5 2.5 2 0 3 2 2
-3506.4 -5754.3 -74.7 40 0 18.9 10.3 7.5 2.5 2 0 3 1 1
-3487.0 -6746.0 -58.1 97 0 10.4 16.4 7.5 0.0 0 1 3 3 3
-3432.2 -6790.6 -74.6 348 0 7.2 8.9 7.5 2.5 2 1 3 2 2
-3436.7 -6681.6 -70.9 38 0 13.9 7.5 7.5 2.5 2 0 3 2 2
-3422.7 -6572.5 -61.5 176 0 9.4 10.5 7.5 2.5 2 1 3 3 3
-3382.9 -6527.8 -72.7 3 0 15.5 9.0 5.0 2.5 2 0 2 0 0
-3377.2 -6494.1 -73.3 2 0 12.3 6.8 5.0 2.5 2 0 2 0 0
-3423.3 -6481.4 -56.7 88 0 7.7 10.9 7.5 2.5 2 1 3 1 1
-3429.1 -6443.8 -55.2 251 0 8.2 9.1 7.5 2.5 2 1 3 1 1
-3399.2 -6391.6 -69.7 347 0 6.8 13.2 7.5 2.5 2 1 3 4 4
-3383.4 -6414.7 -72.5 347 0 10.2 11.3 7.5 2.5 2 1 3 4 4
-3468.1 -6471.1 -38.1 261 0 6.4 8.1 5.0 2.5 4 1 2 1 1
-3408.9 -6345.6 -70.7 347 0 15.7 9.4 7.5 2.5 4 0 3 3 3
-3422.3 -6326.6 -65.8 344 0 10.2 8.0 7.5 2.5 2 0 3 4 4
-3407.0 -6308.8 -71.9 346 0 14.4 8.0 7.5 2.5 4 0 3 4 4
-3448.9 -6325.2 -58.5 169 0 12.5 7.2 7.5 2.5 2 0 3 3 3
-3456.3 -6342.1 -58.1 167 1 15.0 14.0 10.0 2.5 2 0 4 0 0
-3442.0 -6373.2 -57.1 77 0 7.6 11.3 7.5 2.5 2 1 3 2 2
-3462.6 -6228.6 -68.8 315 0 11.4 8.5 7.5 2.5 2 0 3 0 0
-3526.6 -6223.2 -59.8 118 0 7.2 11.6 7.5 2.5 2 1 3 2 2
-3530.0 -6162.7 -69.8 304 0 14.3 15.9 5.0 2.5 2 1 2 3 3
-3536.4 -6148.5 -71.2 301 0 7.5 19.1 7.5 2.5 2 1 3 4 4
-3566.1 -6169.1 -60.4 130 0 9.2 11.8 5.0 2.5 2 1 2 3 3
-3543.0 -6142.1 -70.4 310 0 7.7 14.8 5.0 2.5 2 1 2 0 0
-3562.9 -6125.5 -68.2 309 0 6.1 12.4 7.5 2.5 2 1 3 3 3
-3615.1 -6068.0 -65.0 296 0 9.2 16.8 7.5 2.5 4 1 3 0 0
-3597.5 -6072.4 -67.9 307 0 12.1 16.5 7.5 2.5 2 1 3 3 3
-3593.6 -6093.6 -65.9 311 0 15.2 11.9 7.5 2.5 2 0 3 5 5
-3610.5 -6125.3 -52.4 135 0 9.8 6.7 7.5 2.5 2 0 3 1 1
-4378.3 -4368.1 -49.6 7 0 16.5 61.6 10.0 0.0 0 1 4 0 0
-4381.8 -4324.7 -51.4 4 0 26.9 57.2 12.5 2.5 2 1 5 2 2
-5734.1 -5401.0 -75.8 237 0 12.0 9.4 5.0 2.5 2 0 2 4 4
-5658.9 -5409.1 -73.0 89 0 11.5 10.0 5.0 2.5 2 0 2 4 4
-5635.8 -5414.3 -72.3 80 0 9.9 11.2 7.5 2.5 2 1 3 5 5
-5611.2 -5408.9 -72.0 97 0 10.7 10.9 5.0 2.5 2 1 2 0 0
-5560.8 -5358.0 -72.2 279 0 11.1 14.4 5.0 2.5 4 1 2 1 1
-5589.1 -5398.2 -71.3 88 0 9.1 9.8 7.5 0.0 0 1 3 4 4
-5334.5 -5495.8 -70.5 180 0 7.5 18.2 7.5 2.5 2 1 3 5 5
-5308.8 -5323.9 -70.3 109 0 11.7 15.4 7.5 2.5 2 1 3 1 1
4491.1 -2567.3 45.6 101 0 8.8 27.2 5.0 2.5 2 1 2 2 2
4458.0 -2585.5 47.7 290 0 22.5 8.1 5.0 2.5 2 0 2 4 4
4223.2 -2364.9 49.4 55 0 10.7 20.6 7.5 2.5 2 1 3 3 3
4230.1 -2752.6 44.4 1 0 11.6 9.4 2.5 2.5 2 0 1 3 3
4213.1 -2740.2 46.9 271 0 8.6 12.2 5.0 2.5 2 1 2 0 0
4599.8 -2766.0 77.2 35 0 12.8 9.3 10.0 2.5 2 0 4 5 5
4339.8 -2860.5 63.4 151 0 12.6 14.8 5.0 2.5 2 1 2 4 4
4355.0 -2725.1 53.0 270 0 10.6 11.2 7.5 2.5 2 1 3 1 1
4310.4 -2761.5 53.3 187 0 20.2 6.8 7.5 0.0 0 0 3 1 1
4227.6 -2478.5 57.6 206 0 7.9 17.1 5.0 2.5 2 1 2 2 2
4279.7 -2457.9 53.1 357 0 13.3 18.3 5.0 2.5 4 1 2 4 4
4252.3 -2498.6 58.4 116 0 9.2 13.2 10.0 2.5 2 1 4 1 1
4341.3 -2570.2 49.9 71 0 18.9 7.5 2.5 2.5 2 0 1 1 1
4340.3 -2494.7 56.1 180 0 11.2 15.0 7.5 2.5 2 1 3 4 4
4412.5 -2489.9 46.0 124 0 12.5 10.0 7.5 2.5 2 0 3 3 3
4430.6 -2545.5 45.5 0 0 16.3 10.9 7.5 2.5 2 0 3 4 4
4412.2 -2637.5 49.7 343 0 9.0 12.3 7.5 0.0 0 1 3 3 3
4428.7 -2644.2 49.6 178 0 10.7 14.0 5.0 2.5 2 1 2 0 0
4547.5 -2611.8 54.3 15 0 7.0 15.0 7.5 2.5 2 1 3 0 0
4569.4 -2613.1 56.8 270 0 14.7 8.6 7.5 2.5 2 0 3 3 3
4525.5 -2575.3 52.2 239 0 15.6 8.0 7.5 2.5 2 0 3 4 4
4546.9 -2593.3 54.9 133 0 18.2 17.2 12.5 2.5 4 0 5 2 2
4589.6 -2553.9 57.6 242 0 20.3 12.7 10.0 0.0 0 0 4 5 5
4562.1 -2548.2 48.9 74 0 12.1 21.2 12.5 0.0 0 1 5 1 1
4539.1 -2440.4 26.3 165 0 9.5 13.6 5.0 2.5 2 1 2 0 0
4536.6 -2483.9 41.2 253 0 16.9 9.9 7.5 2.5 2 0 3 0 0
2765.0 5014.4 -35.6 74 0 35.6 15.0 10.0 2.5 2 0 4 3 3
-60.7 1125.1 -35.3 91 0 12.3 7.8 7.5 2.5 4 0 3 2 2
2315.5 4187.4 -39.3 18 0 48.2 17.6 10.0 2.5 2 0 4 4 4
2125.5 4031.2 -35.1 65 0 18.0 15.3 7.5 2.5 2 0 3 2 2
2404.5 3839.1 -36.2 104 0 31.1 15.1 5.0 0.0 0 0 2 5 5
-4045.4 -6882.1 -79.4 112 0 17.4 21.1 17.5 0.0 0 1 7 3 3
-4005.1 -6785.7 -74.5 231 0 21.0 25.8 12.5 2.5 2 1 5 2 2
-3966.4 -6758.7 -71.0 221 0 18.3 26.9 10.0 0.0 0 1 4 5 5
-4247.0 -6159.1 -72.3 287 0 22.3 42.1 10.0 0.0 0 1 4 1 1
-4334.9 -6294.6 -66.1 351 0 22.7 27.1 10.0 0.0 0 1 4 4 4
-4333.2 -6142.5 -72.3 198 0 7.3 27.0 10.0 2.5 2 1 4 4 4
-4495.0 -5845.1 -70.7 87 0 15.7 21.8 7.5 2.5 2 1 3 2 2
-4436.7 -5689.4 -70.8 97 0 15.1 38.2 7.5 2.5 2 1 3 0 0
-4017.3 -5421.4 -65.9 188 0 10.0 29.9 7.5 2.5 2 1 3 1 1
-4274.9 -4527.3 -51.9 337 0 32.2 28.4 7.5 2.5 2 0 3 5 5
-4137.3 -4782.8 -53.0 160 0 16.5 17.3 10.0 2.5 4 1 4 4 4
-4159.2 -4725.4 -54.1 251 0 12.4 10.2 2.5 2.5 2 0 1 4 4
-4181.4 -4696.9 -54.0 158 0 12.2 19.5 7.5 2.5 2 1 3 0 0
-4192.1 -4680.1 -53.8 158 0 12.2 9.2 7.5 2.5 2 0 3 2 2
-4183.5 -4676.6 -54.0 158 0 12.3 13.2 5.0 0.0 0 1 2 0 0
-4118.7 -4572.2 -58.0 52 0 15.5 32.1 12.5 2.5 2 1 5 3 3
-4137.4 -4449.8 -56.2 37 0 16.6 24.6 10.0 2.5 2 1 4 5 5
-4193.9 -4446.6 -54.5 227 0 10.3 16.0 10.0 2.5 2 1 4 0 0
-4170.9 -4473.2 -55.1 48 0 10.9 17.8 5.0 2.5 2 1 2 1 1
-4186.3 -4485.4 -54.7 41 0 13.1 15.4 7.5 2.5 2 1 3 5 5
-4248.5 -4485.8 -52.3 45 0 14.4 16.9 5.0 2.5 4 1 2 4 4
-4233.6 -4466.3 -52.7 38 0 28.4 16.6 10.0 2.5 2 0 4 2 2
-4273.0 -4358.7 -54.3 34 0 17.4 21.6 7.5 2.5 2 1 3 3 3
-4330.0 -4348.4 -52.5 222 0 21.4 13.1 12.5 2.5 2 0 5 1 1
-4354.4 -4318.8 -52.6 141 0 13.1 21.1 7.5 2.5 2 1 3 4 4
-4303.3 -4293.5 -54.1 307 0 23.2 16.1 10.0 2.5 2 0 4 4 4
-4274.8 -4149.2 -49.1 308 0 17.5 17.1 10.0 2.5 2 0 4 2 2
-4333.0 -6330.2 -64.5 86 0 7.5 15.4 10.0 2.5 2 1 4 5 5
-6768.9 275.1 -79.1 150 0 15.9 15.2 5.0 2.5 2 0 2 2 2
-6705.4 166.4 -79.1 151 0 25.3 31.8 10.0 2.5 2 1 4 5 5
-6873.9 172.2 -75.2 143 0 13.5 40.6 15.0 0.0 0 1 6 2 2
206.9 4270.5 -49.5 270 0 12.6 9.6 5.0 2.5 2 0 2 5 5
244.7 4298.8 -49.7 272 0 11.3 9.8 2.5 0.0 0 0 1 3 3
243.2 4216.7 -48.7 1 0 9.3 10.9 7.5 2.5 2 1 3 2 2
205.9 4175.3 -49.0 91 0 10.6 8.7 7.5 2.5 2 0 3 1 1
229.1 4132.9 -49.3 95 0 7.1 7.0 7.5 2.5 2 0 3 5 5
204.1 4149.5 -49.3 90 0 7.2 15.8 5.0 2.5 2 1 2 2 2
171.0 4183.9 -49.4 172 0 10.3 8.3 7.5 2.5 2 0 3 2 2
70.8 4202.2 -51.6 170 0 10.1 17.2 2.5 2.5 2 1 1 1 1
17.9 4173.4 -51.4 176 0 15.3 7.6 5.0 0.0 0 0 2 3 3
47.7 4327.8 -50.7 264 0 7.8 14.4 5.0 2.5 2 1 2 4 4
-11.2 4337.9 -50.1 180 0 17.0 11.6 7.5 2.5 2 0 3 2 2
-3.8 4129.0 -52.1 265 0 14.8 19.2 7.5 2.5 2 1 3 0 0
-46.4 4114.3 -51.8 179 0 18.8 7.3 7.5 2.5 2 0 3 5 5
-22.3 4272.4 -50.5 2 0 10.0 13.8 7.5 2.5 2 1 3 1 1
-23.7 4290.5 -50.3 344 0 11.7 14.4 7.5 2.5 2 1 3 5 5
-50.1 4254.5 -50.8 176 0 15.8 9.5 2.5 2.5 2 0 1 0 0
-7.1 4175.6 -51.4 356 0 13.6 9.3 10.0 2.5 2 0 4 4 4
83.3 4166.7 -51.8 174 0 15.0 9.5 10.0 2.5 2 0 4 3 3
157.5 4271.3 -50.1 264 0 7.5 10.3 10.0 0.0 0 1 4 0 0
139.2 4187.9 -50.4 170 0 15.5 10.0 2.5 2.5 2 0 1 0 0
159.9 4155.5 -50.2 89 0 8.1 13.3 7.5 2.5 2 1 3 5 5
130.1 4174.5 -51.1 353 0 12.8 10.2 7.5 2.5 2 0 3 1 1
69.6 4271.4 -51.1 270 0 6.5 9.5 5.0 2.5 2 1 2 3 3
52.6 4268.8 -50.9 282 0 8.8 13.2 7.5 2.5 4 1 3 4 4
24.8 4283.9 -50.3 83 0 8.8 14.2 10.0 2.5 2 1 4 5 5
17.0 4314.4 -50.2 177 0 15.4 15.5 5.0 2.5 2 1 2 5 5
-215.8 3964.7 -52.6 286 0 9.8 14.5 10.0 2.5 2 1 4 3 3
-69.2 4062.8 -52.4 350 0 13.8 8.6 7.5 2.5 2 0 3 3 3
-100.7 4086.7 -52.0 355 0 28.0 9.3 10.0 2.5 2 0 4 4 4
-133.2 4050.4 -52.1 170 0 8.2 13.1 2.5 2.5 2 1 1 0 0
-142.7 4099.1 -51.2 172 0 16.6 10.1 7.5 2.5 2 0 3 5 5
-96.1 4014.4 -52.9 78 0 8.0 14.0 7.5 2.5 2 1 3 5 5
-29.1 3961.2 -55.0 267 0 9.1 14.7 10.0 2.5 2 1 4 0 0
-36.7 3975.3 -54.4 175 0 15.1 8.4 2.5 2.5 2 0 1 4 4
-53.1 4080.5 -52.2 169 0 10.7 8.5 10.0 0.0 0 0 4 0 0
-177.9 4180.0 -50.9 82 0 23.2 10.0 5.0 2.5 2 0 2 5 5
-145.4 4136.3 -50.6 252 0 17.8 11.1 5.0 2.5 2 0 2 3 3
-118.0 4177.6 -50.9 181 0 14.2 7.6 7.5 2.5 2 0 3 5 5
-89.3 4182.5 -51.2 86 0 10.8 20.9 5.0 2.5 4 1 2 0 0
-101.9 4261.2 -51.5 183 0 14.9 12.5 7.5 2.5 2 0 3 2 2
-72.7 4231.4 -51.4 1 0 14.6 9.0 7.5 2.5 2 0 3 3 3
-26.6 4334.5 -50.5 352 0 9.7 14.0 7.5 2.5 2 1 3 4 4
-61.0 4311.7 -50.7 172 0 19.8 9.2 10.0 2.5 4 0 4 2 2
-6654.1 -5808.9 -84.2 263 0 12.9 17.9 10.0 2.5 2 1 4 3 3
-6682.5 -5846.5 -85.3 78 0 10.9 17.2 10.0 2.5 2 1 4 1 1
-6589.7 -5861.2 -85.2 176 0 13.1 26.5 10.0 2.5 4 1 4 5 5
-6833.5 -5579.3 -79.2 353 0 40.3 11.0 10.0 2.5 2 0 4 0 0
