1119.5 -2916.8 -12.0 357 0 17.3 10.7 7.5 2.5 2 0 3 0 0
1085.4 -2792.1 -7.3 89 0 6.9 13.1 2.5 2.5 2 0 1 2 2
917.9 -2688.2 -4.2 166 0 8.2 8.4 7.5 2.5 2 1 3 1 1
950.8 -2639.0 -2.9 83 0 6.9 18.9 5.0 2.5 2 1 2 4 4
868.4 -2542.7 0.7 347 0 13.4 12.7 7.5 2.5 2 0 3 3 3
793.3 -2514.5 -2.0 64 0 18.0 12.9 2.5 2.5 2 0 1 5 5
783.4 -2486.5 -2.6 249 0 6.7 13.9 10.0 2.5 2 0 4 2 2
764.9 -2502.4 -2.7 257 0 13.6 8.4 5.0 2.5 2 0 2 0 0
758.5 -2541.4 -3.2 72 0 12.9 13.8 5.0 2.5 2 0 2 3 3
689.5 -2577.0 -6.9 354 0 10.1 9.2 7.5 2.5 2 0 3 0 0
840.6 -2364.9 0.9 162 0 14.5 13.3 7.5 2.5 2 0 3 1 1
1040.7 -2768.8 -6.2 187 0 10.4 15.6 5.0 2.5 2 1 2 3 3
1014.1 -2712.8 -3.5 188 0 9.2 12.6 5.0 2.5 2 1 2 4 4
1025.0 -2727.3 -3.9 180 0 10.4 7.1 7.5 2.5 2 0 3 3 3
968.2 -2779.3 -7.6 104 0 10.2 14.5 10.0 0.0 0 1 4 4 4
1076.6 -2686.7 -1.6 75 0 10.2 14.4 5.0 2.5 2 1 2 0 0
781.8 -2643.8 -3.7 82 0 10.0 10.4 7.5 2.5 2 0 3 3 3
792.2 -2665.7 -5.6 275 0 11.4 14.9 10.0 2.5 2 1 4 2 2
823.3 -2664.7 -5.2 274 0 11.1 13.2 7.5 2.5 2 1 3 5 5
815.1 -2608.1 -1.6 264 0 8.6 8.7 7.5 2.5 2 0 3 2 2
827.3 -2396.0 -0.4 342 0 9.6 10.5 7.5 2.5 2 1 3 1 1
815.1 -2365.0 -0.0 342 0 7.0 10.9 5.0 2.5 2 1 2 2 2
799.4 -2313.0 0.9 356 0 12.1 9.0 7.5 2.5 4 0 3 1 1
779.2 -2274.2 0.9 350 0 7.4 12.6 5.0 2.5 2 1 2 0 0
699.6 -2201.4 -1.0 262 0 6.3 7.6 10.0 2.5 4 1 4 4 4
648.2 -2213.3 -3.4 256 0 7.3 6.4 7.5 2.5 4 0 3 5 5
599.5 -2243.5 -3.9 81 0 12.0 21.7 10.0 2.5 2 1 4 0 0
559.9 -2226.1 -5.0 260 0 12.3 11.5 7.5 2.5 2 0 3 4 4
533.1 -2238.0 -4.8 258 0 7.0 12.0 7.5 2.5 2 1 3 4 4
513.8 -2237.9 -4.6 263 0 7.2 15.7 7.5 2.5 2 1 3 1 1
479.8 -2245.1 -3.9 268 0 12.5 11.8 7.5 2.5 4 0 3 2 2
520.4 -2296.6 -4.9 83 0 7.5 7.2 10.0 2.5 2 0 4 2 2
471.2 -2366.0 -5.8 2 0 10.7 17.4 5.0 2.5 2 1 2 5 5
479.9 -2454.3 -5.5 9 0 8.8 13.4 7.5 0.0 0 1 3 5 5
752.0 -2356.7 -2.2 245 0 8.1 12.3 7.5 2.5 2 1 3 1 1
678.6 -2320.1 -3.6 72 0 7.0 12.2 7.5 2.5 2 1 3 1 1
564.6 -2685.5 -8.6 177 0 9.8 13.7 7.5 2.5 2 1 3 0 0
517.5 -2636.1 -7.1 343 0 10.8 9.2 5.0 2.5 2 0 2 1 1
499.0 -2850.7 -6.3 281 0 11.3 7.8 5.0 2.5 2 0 2 2 2
468.1 -2801.3 -4.3 187 0 10.1 13.0 7.5 2.5 4 1 3 1 1
511.0 -2754.7 -5.7 359 0 9.3 12.3 10.0 2.5 2 1 4 1 1
470.3 -2696.3 -6.1 186 0 7.3 7.6 7.5 2.5 2 1 3 4 4
421.8 -2723.8 -2.2 355 0 9.2 7.7 5.0 2.5 4 0 2 1 1
391.8 -2753.2 -0.2 192 0 9.8 10.7 5.0 0.0 0 1 2 5 5
400.0 -2822.8 -1.7 16 0 13.8 10.3 10.0 2.5 2 0 4 0 0
412.6 -2844.7 -2.6 18 0 15.4 9.6 5.0 2.5 2 0 2 1 1
387.5 -2863.7 -2.5 102 0 11.2 9.3 7.5 2.5 2 0 3 5 5
417.2 -2894.0 -4.1 16 0 11.5 10.5 7.5 2.5 2 0 3 3 3
277.5 -2850.2 -0.2 155 0 13.6 10.1 5.0 2.5 2 0 2 3 3
266.7 -2768.7 -2.3 322 0 9.6 12.6 7.5 2.5 2 1 3 4 4
316.4 -2721.4 -2.3 31 0 8.0 9.7 10.0 2.5 2 1 4 4 4
-6784.1 -4525.9 -15.8 0 0 8.0 94.6 10.5 3.5 4 1 3 3 3
-6787.9 -4457.5 -16.4 353 0 19.1 10.0 14.0 3.5 2 0 4 5 5
-6823.1 -4450.2 -16.0 128 0 7.8 13.0 14.0 3.5 4 1 4 4 4
-6811.8 -4454.8 -15.9 114 0 8.0 13.8 14.0 3.5 2 1 4 5 5
-6791.3 -4435.3 -16.3 357 0 10.9 10.0 14.0 3.5 2 0 4 5 5
-6835.2 -4435.2 -16.0 137 0 9.4 14.1 14.0 3.5 2 1 4 4 4
-6856.7 -4403.4 -16.6 175 0 9.2 15.7 14.0 3.5 2 1 4 2 2
-6799.2 -4388.4 -16.1 352 0 10.3 24.5 14.0 3.5 2 1 4 5 5
-6799.8 -4360.3 -16.8 359 0 13.5 10.6 14.0 3.5 2 0 4 2 2
-6821.9 -4309.4 -17.8 169 0 9.0 10.6 14.0 0.0 0 1 4 1 1
-6878.6 -4383.4 -17.4 190 0 10.1 8.9 14.0 3.5 2 0 4 3 3
-6827.6 -4497.2 -16.6 99 0 21.5 11.6 10.5 3.5 2 0 3 0 0
-6817.3 -4220.0 -18.4 359 0 10.1 16.1 7.5 2.5 2 1 3 3 3
-6816.0 -4190.1 -17.4 358 0 10.0 16.6 7.5 2.5 2 1 3 3 3
-6859.8 -4187.9 -17.4 179 0 13.6 13.7 10.0 2.5 2 1 4 5 5
-6849.1 -4142.6 -16.2 267 0 8.4 17.4 7.5 2.5 2 1 3 2 2
-6894.7 -4149.7 -16.1 187 0 6.3 6.2 7.5 0.0 0 0 3 2 2
-6872.3 -4063.6 -14.7 262 0 8.9 14.8 7.5 2.5 2 1 3 4 4
-6847.5 -4059.1 -16.0 260 0 17.0 13.4 7.5 2.5 2 0 3 0 0
-6815.6 -4083.7 -16.5 351 0 13.3 10.4 5.0 2.5 4 0 2 2 2
-6805.7 -4085.9 -17.1 172 0 15.4 9.5 7.5 2.5 2 0 3 4 4
-6780.4 -4048.3 -17.9 262 0 7.2 17.9 2.5 2.5 2 1 1 0 0
-6798.8 -4071.7 -17.5 84 0 9.2 15.5 5.0 2.5 2 1 2 2 2
-6761.4 -4110.5 -17.7 358 0 12.6 15.6 2.5 2.5 4 1 1 3 3
-6783.2 -4143.6 -17.7 178 0 26.6 16.3 10.0 2.5 4 0 4 3 3
-6792.9 -4665.9 -7.0 356 0 12.3 18.1 14.0 3.5 2 1 4 0 0
-6831.7 -4653.7 -7.6 265 0 13.8 9.8 14.0 3.5 2 0 4 0 0
-6820.7 -4670.7 -6.9 355 0 12.0 11.9 14.0 3.5 2 0 4 2 2
-6803.9 -4689.1 -6.0 8 0 9.9 11.7 14.0 3.5 2 1 4 2 2
-6846.5 -4656.1 -7.6 270 0 8.7 14.9 14.0 3.5 2 1 4 0 0
-6880.5 -4666.8 -8.4 178 0 7.6 15.5 14.0 3.5 2 1 4 5 5
-6900.7 -4643.4 -10.0 170 0 13.3 15.5 14.0 3.5 2 1 4 0 0
-6857.3 -4722.3 -8.5 176 0 9.3 9.7 14.0 3.5 4 1 4 4 4
-6845.7 -4744.0 -9.2 80 0 13.6 11.6 14.0 3.5 2 0 4 4 4
-6859.1 -4740.7 -9.3 82 0 6.5 10.2 14.0 3.5 2 1 4 4 4
-6833.2 -4742.0 -8.5 83 0 8.1 14.2 14.0 3.5 2 1 4 3 3
-6816.1 -4739.0 -7.9 92 0 11.8 15.4 14.0 3.5 2 1 4 3 3
-6798.7 -4731.2 -7.4 89 0 11.1 8.5 14.0 3.5 2 0 4 4 4
-6777.0 -4730.0 -7.4 354 0 10.0 12.9 14.0 3.5 2 1 4 4 4
-4742.5 -3464.2 6.1 246 0 12.6 12.0 10.0 2.5 2 0 4 5 5
-4668.8 -3456.0 5.5 71 0 13.1 12.8 2.5 2.5 2 0 1 0 0
-4573.8 -3423.7 7.4 272 0 12.8 9.9 10.0 0.0 0 0 4 3 3
-4528.4 -3431.1 6.7 359 0 12.0 18.4 2.5 2.5 2 1 1 4 4
-4654.4 -3543.0 4.4 62 0 15.1 12.4 5.0 2.5 2 0 2 5 5
-4681.6 -3564.4 3.4 69 0 13.1 12.3 7.5 2.5 2 0 3 1 1
-4740.1 -3615.7 0.9 349 0 7.8 7.1 2.5 2.5 2 0 1 2 2
-4747.3 -3596.4 1.8 348 0 10.4 12.5 2.5 2.5 2 1 1 4 4
-4772.6 -3575.6 2.2 306 0 7.3 21.5 5.0 0.0 0 1 2 3 3
-4808.7 -3541.2 3.9 323 0 11.1 12.9 5.0 2.5 2 1 2 4 4
-4807.7 -3510.4 5.5 15 0 13.7 8.4 7.5 2.5 2 0 3 1 1
-4811.0 -3482.9 4.6 32 0 11.7 13.0 7.5 2.5 2 1 3 0 0
-4558.0 -3344.9 4.0 260 0 10.9 11.2 7.5 2.5 2 1 3 3 3
-4604.9 -3365.2 5.3 90 0 10.6 10.8 5.0 2.5 2 1 2 0 0
-4634.6 -3340.0 4.1 262 0 9.5 8.6 7.5 2.5 2 0 3 2 2
-4762.2 -3358.1 0.0 120 0 12.9 20.2 10.0 2.5 2 1 4 5 5
-4844.8 -3347.6 -2.5 181 0 8.7 15.0 7.5 2.5 2 1 3 0 0
-4986.1 -3371.6 -4.5 110 0 10.2 10.1 7.5 2.5 2 0 3 4 4
-5015.1 -3439.7 -3.0 293 0 9.3 13.6 7.5 2.5 2 1 3 5 5
-5039.6 -3546.5 -3.0 175 0 13.0 11.8 7.5 2.5 2 0 3 1 1
-4981.8 -3659.8 -3.9 125 0 13.0 8.6 2.5 2.5 2 0 1 0 0
-4905.1 -3560.3 1.6 254 0 9.3 8.0 5.0 2.5 2 0 2 1 1
-4848.5 -3591.2 1.6 126 0 8.4 7.4 7.5 2.5 2 0 3 5 5
-4842.1 -3697.5 -5.8 31 0 6.4 8.2 7.5 2.5 2 1 3 3 3
-4788.3 -3751.6 -5.4 114 0 10.7 9.1 2.5 2.5 2 0 1 3 3
-4710.7 -3772.9 -3.0 283 0 9.5 8.5 5.0 0.0 0 0 2 4 4
-4653.4 -4565.1 -13.0 239 0 14.1 9.9 7.5 2.5 2 0 3 4 4
-4611.6 -4543.3 -12.0 243 0 14.4 10.0 10.0 2.5 2 0 4 4 4
-4575.9 -4506.0 -11.6 243 0 14.5 11.5 5.0 0.0 0 0 2 1 1
-4533.4 -4479.8 -10.9 217 0 8.4 9.5 2.5 2.5 4 1 1 2 2
-4462.4 -4443.9 -10.5 239 0 8.4 8.3 5.0 2.5 2 0 2 2 2
-4386.4 -4406.8 -10.5 358 0 11.7 14.1 7.5 2.5 2 1 3 2 2
-4373.1 -4382.4 -10.5 2 0 8.4 14.1 2.5 2.5 2 1 1 3 3
-4349.5 -4537.0 -7.7 351 0 12.7 8.8 5.0 2.5 2 0 2 3 3
-4403.2 -4562.9 -8.1 69 0 9.2 11.1 7.5 2.5 4 1 3 2 2
-4509.9 -4559.9 -9.6 257 0 13.3 10.0 10.0 2.5 2 0 4 5 5
-4516.0 -4588.3 -9.9 69 0 12.4 8.3 5.0 2.5 2 0 2 4 4
-4545.8 -4590.7 -9.8 83 0 15.2 11.3 7.5 0.0 0 0 3 0 0
-4633.4 -4610.8 -11.3 79 0 13.5 8.0 7.5 2.5 2 0 3 5 5
-6635.0 -4520.9 -17.2 276 0 11.7 19.2 10.5 3.5 2 1 3 5 5
-6726.6 -4522.2 -16.1 269 0 6.5 11.9 10.5 3.5 2 1 3 2 2
-6719.3 -4523.0 -16.1 269 0 6.3 10.6 10.5 3.5 2 1 3 0 0
-6605.4 -4527.8 -17.2 273 0 25.7 15.1 10.5 3.5 2 0 3 2 2
-6567.8 -4532.1 -17.2 269 0 9.1 13.4 10.5 3.5 2 1 3 0 0
-6539.4 -4527.2 -17.6 271 0 7.1 18.8 10.5 3.5 2 1 3 4 4
-6514.2 -4533.2 -17.8 263 0 10.4 23.5 10.5 3.5 2 1 3 5 5
-6460.9 -4581.9 -17.6 112 0 21.6 15.0 10.5 3.5 2 0 3 3 3
-6462.8 -4538.2 -18.2 293 0 7.1 23.3 10.5 3.5 2 1 3 2 2
-6454.8 -4549.4 -18.0 289 0 6.5 9.7 10.5 3.5 2 1 3 2 2
-6418.5 -4570.4 -17.4 296 0 7.0 13.9 10.5 3.5 2 1 3 5 5
-6397.9 -4568.8 -17.1 293 0 13.1 28.9 10.5 3.5 2 1 3 5 5
-6386.8 -4618.2 -16.0 28 0 10.0 21.3 10.5 3.5 2 1 3 4 4
-6896.7 -4893.1 -11.6 15 0 8.3 13.1 7.5 2.5 4 1 3 1 1
-6892.7 -4853.2 -11.3 1 0 15.4 9.2 5.0 2.5 2 0 2 2 2
-5083.3 6608.3 11.7 293 0 17.3 140.3 10.0 0.0 0 1 4 0 0
-5049.6 6594.5 11.7 293 0 17.4 140.4 12.5 0.0 0 1 5 4 4
-4938.6 6548.9 12.2 292 0 17.6 140.4 10.0 0.0 0 1 4 5 5
-4904.9 6535.5 11.9 292 0 17.1 141.1 10.0 0.0 0 1 4 1 1
-4867.1 6519.7 12.4 292 0 17.0 141.0 7.5 0.0 0 1 3 2 2
-4834.2 6508.1 13.4 292 0 17.1 142.2 10.0 0.0 0 1 4 2 2
-4880.2 6325.0 14.4 113 0 11.4 12.9 2.5 2.5 4 1 1 5 5
-4918.2 6367.8 12.9 110 0 8.4 7.5 5.0 2.5 2 0 2 5 5
-5024.4 6374.5 14.0 93 0 10.3 19.7 2.5 2.5 2 1 1 5 5
-5065.3 6373.3 15.3 94 0 36.9 18.5 7.5 0.0 0 0 3 3 3
-5141.5 6357.0 15.9 62 0 11.4 31.9 7.5 2.5 2 1 3 1 1
-4726.9 6227.0 13.9 83 0 10.7 14.2 5.0 0.0 0 1 2 4 4
-4687.9 6187.4 14.0 349 0 11.0 14.2 7.5 2.5 2 1 3 5 5
-4732.3 6162.1 14.0 262 0 10.5 13.1 10.0 2.5 2 1 4 0 0
-4710.6 6093.2 14.6 84 0 23.9 14.8 10.0 2.5 2 0 4 2 2
-4760.1 6240.3 13.9 161 0 9.1 13.5 5.0 2.5 2 1 2 4 4
1765.1 -6475.6 -6.2 265 0 15.4 14.0 7.5 2.5 2 0 3 3 3
1908.8 -6821.6 -13.3 349 0 10.2 8.0 2.5 2.5 2 0 1 5 5
1890.4 -6768.2 -13.5 4 0 8.9 10.1 10.0 2.5 4 1 4 2 2
1825.1 -6702.2 -12.1 0 0 13.2 14.0 2.5 2.5 2 1 1 1 1
1795.3 -6662.7 -11.2 180 0 14.3 8.7 10.0 2.5 2 0 4 5 5
1789.2 -6624.7 -10.2 95 0 11.8 12.9 7.5 2.5 2 1 3 5 5
1754.1 -6618.6 -10.0 88 0 6.6 12.3 5.0 2.5 2 1 2 5 5
1737.6 -6592.2 -9.4 172 0 9.9 10.1 7.5 2.5 2 1 3 5 5
1741.8 -6474.0 -6.4 262 0 8.2 10.4 5.0 2.5 2 1 2 4 4
1795.6 -6481.1 -5.7 262 0 7.2 13.3 10.0 2.5 2 1 4 0 0
1867.6 -6486.3 -5.1 257 0 11.1 18.9 10.0 2.5 2 1 4 5 5
1932.4 -6463.1 -3.2 278 0 11.1 11.5 7.5 2.5 2 1 3 5 5
1951.3 -6552.0 -6.2 174 0 8.3 8.6 7.5 2.5 2 1 3 3 3
2003.6 -6456.0 -4.6 271 0 17.0 10.1 7.5 0.0 0 0 3 4 4
2058.8 -6464.2 -4.2 354 0 18.3 10.8 7.5 2.5 2 0 3 2 2
2068.1 -6486.7 -4.2 0 0 11.2 7.2 7.5 2.5 4 0 3 0 0
2099.1 -6584.4 -7.0 351 0 12.2 19.9 2.5 2.5 2 1 1 2 2
2089.0 -6610.1 -7.8 349 0 16.1 9.5 7.5 2.5 2 0 3 2 2
2081.9 -6660.6 -8.4 84 0 8.6 16.1 7.5 2.5 2 1 3 1 1
2104.4 -6637.9 -8.1 353 0 6.6 14.5 7.5 2.5 2 1 3 1 1
2101.1 -6732.1 -9.0 353 0 14.8 17.4 10.0 2.5 2 1 4 2 2
2119.6 -6851.1 -8.4 349 0 10.2 7.3 7.5 2.5 2 0 3 3 3
2004.4 -6642.7 -9.5 355 0 13.6 10.6 7.5 2.5 4 0 3 1 1
1918.3 -6636.3 -9.8 90 0 11.5 7.9 7.5 2.5 2 0 3 1 1
1933.3 -6618.9 -9.1 1 0 6.2 14.4 5.0 2.5 2 1 2 1 1
-3373.0 -5723.8 -23.2 244 0 8.5 12.6 5.0 2.5 4 1 2 1 1
-3353.9 -5759.6 -23.5 61 0 7.9 13.2 5.0 2.5 2 1 2 0 0
-3336.2 -5765.5 -24.4 155 0 8.5 6.3 5.0 2.5 2 0 2 2 2
-3305.5 -5824.1 -23.9 121 0 9.3 14.8 5.0 2.5 2 1 2 0 0
-3244.0 -5813.1 -24.0 33 0 7.5 10.4 5.0 2.5 2 1 2 4 4
-3118.9 -5882.2 -24.6 220 0 8.4 11.7 5.0 0.0 0 1 2 4 4
-3096.4 -5921.9 -23.8 30 0 10.7 8.2 2.5 2.5 2 0 1 5 5
2172.2 -6891.4 -8.7 78 0 15.1 15.2 2.5 2.5 2 1 1 4 4
-4377.8 -5184.6 -16.9 285 0 35.5 59.0 7.5 0.0 0 1 3 0 0
-6873.3 -5323.0 -22.3 93 0 11.8 16.0 5.0 2.5 2 1 2 5 5
-6900.7 -5248.8 -22.4 193 0 7.3 10.3 7.5 2.5 4 1 3 2 2
-6887.0 -5264.7 -22.5 102 0 10.0 16.6 5.0 2.5 2 1 2 4 4
-6860.8 -5271.1 -22.7 95 0 8.1 16.8 7.5 2.5 4 1 3 1 1
-6845.0 -5278.8 -23.0 126 0 7.3 14.0 2.5 2.5 2 1 1 4 4
-6825.8 -5239.2 -23.0 225 0 7.0 12.3 7.5 0.0 0 1 3 3 3
-6828.8 -5289.7 -23.1 119 0 15.9 10.3 10.0 2.5 2 0 4 1 1
-6800.0 -5268.4 -22.9 49 0 10.9 13.1 7.5 2.5 2 1 3 1 1
-6823.0 -5210.9 -22.2 279 0 6.1 6.2 2.5 2.5 2 1 1 1 1
-6824.0 -5217.0 -23.0 279 0 6.1 21.2 2.5 2.5 2 1 1 5 5
-6778.7 -5242.4 -22.5 44 0 12.5 21.5 7.5 2.5 2 1 3 4 4
-6766.4 -5239.8 -22.0 49 0 7.1 17.4 10.0 2.5 2 1 4 1 1
-6763.9 -5212.9 -21.4 226 0 6.1 14.3 7.5 2.5 2 1 3 5 5
-6900.2 -5430.5 -23.0 181 0 11.0 17.7 5.0 2.5 2 1 2 3 3
