1719.5 -4573.1 63.4 188 0 7.2 10.0 2.5 2.5 2 0 1 4 4
1744.5 -4573.0 61.5 10 0 17.2 12.7 7.5 2.5 2 0 3 0 0
1762.1 -4548.0 55.8 54 0 10.0 8.9 7.5 2.5 2 0 3 3 3
1749.1 -4494.5 45.2 153 0 12.2 8.0 5.0 2.5 2 0 2 4 4
1761.1 -4467.7 43.0 228 0 8.7 10.3 7.5 2.5 2 0 3 1 1
1810.4 -4501.9 48.8 86 0 13.0 11.7 10.0 2.5 2 0 4 2 2
1792.2 -4445.3 41.9 231 0 10.9 11.5 7.5 2.5 2 0 3 0 0
1810.1 -4429.7 40.7 194 0 6.1 19.2 7.5 2.5 2 0 3 5 5
1892.3 -4507.5 49.2 47 0 6.6 19.1 5.0 2.5 2 0 2 3 3
1919.5 -4508.2 48.2 45 0 7.0 10.2 5.0 2.5 2 0 2 0 0
1869.9 -4478.6 48.1 319 0 11.1 7.5 7.5 2.5 2 0 3 4 4
1873.8 -4457.9 44.8 357 0 13.3 12.4 7.5 2.5 2 0 3 4 4
1866.1 -4418.0 40.3 240 0 9.8 12.5 5.0 2.5 2 0 2 5 5
1876.9 -4349.1 24.2 326 0 6.6 18.3 5.0 2.5 2 0 2 5 5
1900.5 -4382.3 33.4 350 0 12.1 18.2 7.5 2.5 2 0 3 5 5
1960.1 -4514.7 47.6 92 0 13.2 10.7 10.0 2.5 2 0 4 5 5
1958.8 -4534.9 55.9 266 0 9.9 11.9 7.5 2.5 2 1 3 5 5
1982.6 -4528.9 54.0 256 0 10.5 6.9 7.5 2.5 2 0 3 1 1
1997.6 -4514.8 49.2 228 0 17.0 10.7 10.0 0.0 0 0 4 2 2
2041.9 -4513.0 48.6 299 0 7.5 7.4 5.0 2.5 2 0 2 3 3
2012.6 -4602.3 74.3 191 0 6.6 10.5 2.5 2.5 2 1 1 0 0
2081.6 -4515.2 45.0 110 0 13.0 10.1 5.0 2.5 2 0 2 5 5
2073.5 -4542.3 54.2 276 0 9.4 7.6 7.5 2.5 2 0 3 2 2
2296.1 -4588.9 35.8 115 0 14.5 15.4 5.0 2.5 2 1 2 4 4
2469.9 -4568.2 23.5 268 0 12.5 9.3 10.0 2.5 2 0 4 2 2
1702.2 -6523.6 350.3 167 0 17.4 29.8 2.5 2.5 2 1 1 5 5
3970.9 -6400.6 212.3 55 0 7.2 18.2 12.5 2.5 2 1 5 0 0
3951.8 -6404.9 214.9 4 0 8.0 9.1 10.0 2.5 2 1 4 5 5
4184.4 -6648.3 243.7 131 0 16.8 17.2 12.5 2.5 2 1 5 2 2
3357.4 -5994.9 117.5 336 0 8.7 8.2 7.5 2.5 2 0 3 4 4
3321.3 -5982.6 116.3 343 0 8.4 12.0 10.0 2.5 4 1 4 2 2
3315.3 -6078.6 146.2 313 0 6.4 9.2 7.5 2.5 4 1 3 5 5
3285.1 -6019.8 123.0 181 0 8.3 12.6 7.5 2.5 2 1 3 3 3
3264.3 -5982.1 115.8 200 0 6.7 15.2 7.5 2.5 2 1 3 2 2
3281.6 -5943.9 105.6 288 0 12.4 6.2 7.5 2.5 2 0 3 3 3
3235.0 -5909.4 94.6 1 0 8.8 10.3 7.5 2.5 4 1 3 5 5
3268.6 -5937.6 102.2 25 0 6.2 11.0 10.0 2.5 2 1 4 2 2
3254.1 -5900.2 91.8 192 0 7.4 26.6 5.0 2.5 2 1 2 4 4
3296.1 -5881.3 85.7 12 0 7.2 26.3 7.5 0.0 0 1 3 1 1
3299.2 -5870.3 83.8 14 0 7.9 25.8 2.5 0.0 0 1 1 1 1
3238.2 -5880.9 84.6 146 0 6.6 28.9 7.5 2.5 2 1 3 3 3
-3267.2 2592.7 -353.6 348 0 14.5 12.9 7.5 2.5 2 0 3 5 5
-3289.2 2537.7 -354.7 59 0 13.7 12.1 7.5 2.5 2 0 3 3 3
-3318.0 2524.0 -355.2 64 0 11.9 12.7 5.0 2.5 2 1 2 5 5
-3496.1 2570.3 -353.3 192 0 23.0 15.8 7.5 2.5 2 0 3 5 5
-3478.8 2609.5 -353.0 281 0 16.7 24.1 7.5 2.5 2 1 3 1 1
-1811.2 2697.1 -337.6 211 0 12.8 10.7 7.5 2.5 2 0 3 4 4
-1940.9 2438.0 -343.7 297 0 11.2 10.2 7.5 0.0 0 0 3 4 4
-2021.9 2429.2 -344.0 236 0 14.6 13.4 5.0 2.5 2 0 2 2 2
-2025.0 2469.0 -341.4 55 0 11.0 15.5 10.0 2.5 2 1 4 3 3
-1841.5 2705.1 -335.9 34 0 11.1 9.0 7.5 2.5 2 0 3 4 4
-1823.5 2784.0 -335.4 28 0 8.0 12.0 5.0 2.5 4 1 2 0 0
-1920.5 2596.2 -337.6 33 0 16.0 9.4 5.0 0.0 0 0 2 2 2
-1870.9 2667.9 -336.1 35 0 12.5 9.1 5.0 0.0 0 0 2 2 2
-1853.9 2612.1 -338.5 34 0 14.9 10.5 5.0 2.5 2 0 2 1 1
-1920.4 2515.1 -341.8 33 0 15.8 10.8 5.0 2.5 2 0 2 3 3
-1972.7 2693.6 -330.7 204 0 17.1 14.8 10.0 2.5 2 0 4 4 4
-1978.4 2541.4 -339.1 42 0 16.7 10.8 7.5 2.5 2 0 3 4 4
-2016.3 2529.2 -338.6 42 0 10.4 18.8 10.0 2.5 4 1 4 5 5
-2063.8 2566.7 -337.6 185 0 11.3 19.5 5.0 2.5 2 1 2 2 2
-2100.9 2551.9 -339.4 345 0 10.3 8.2 7.5 2.5 2 0 3 3 3
-2104.2 2583.9 -338.0 336 0 9.9 12.9 7.5 2.5 2 1 3 3 3
-2118.0 2678.0 -335.4 163 0 12.1 10.7 5.0 2.5 2 0 2 3 3
-2086.5 2656.4 -334.0 307 0 14.5 9.1 7.5 2.5 2 0 3 5 5
-2178.3 2660.2 -338.9 320 0 9.3 10.5 7.5 2.5 2 1 3 1 1
-2164.8 2592.2 -340.4 230 0 9.9 16.1 7.5 2.5 2 1 3 4 4
-2192.3 2676.6 -339.0 317 0 16.7 15.7 12.5 2.5 2 0 5 3 3
-2228.5 2701.4 -340.8 311 0 16.1 10.0 7.5 2.5 2 0 3 5 5
