-712.3 1522.9 103.3 219 0 12.0 63.1 12.5 2.5 2 0 5 5 5
4207.6 3479.6 195.7 231 0 9.6 31.2 12.5 2.5 2 0 5 0 0
4231.8 3552.6 202.3 315 0 11.8 51.1 10.0 0.0 0 1 4 1 1
4252.8 3546.5 201.5 263 0 8.0 38.8 12.5 2.5 2 1 5 2 2
-1098.6 -915.5 -358.3 207 0 28.3 50.8 10.0 0.0 0 1 4 0 0
5620.2 5440.1 484.4 356 0 8.6 12.8 7.5 2.5 2 1 3 4 4
5579.2 5397.0 474.0 193 0 8.3 11.3 2.5 2.5 2 1 1 0 0
5605.0 5481.4 491.8 275 0 14.7 11.0 2.5 0.0 0 0 1 2 2
5595.4 5517.6 499.5 179 0 21.6 11.9 12.5 2.5 2 0 5 4 4
6916.4 6194.8 589.8 108 0 23.2 12.3 10.0 2.5 4 0 4 5 5
2177.6 1183.7 -235.6 301 0 18.0 84.4 12.5 0.0 0 1 5 3 3
2229.4 1195.2 -229.3 110 0 14.5 35.2 12.5 2.5 2 1 5 3 3
598.7 894.4 -376.6 316 0 12.8 40.5 10.0 2.5 2 1 4 5 5
2182.0 -3266.8 -597.8 288 0 44.8 19.5 10.0 2.5 2 0 4 1 1
5293.5 -2490.2 -285.4 34 0 14.8 20.4 14.0 0.0 0 1 4 0 0
5251.1 -2488.0 -287.3 128 0 15.6 37.9 14.0 3.5 2 1 4 4 4
5290.8 -1930.1 -333.1 27 0 16.8 14.8 14.0 3.5 4 0 4 5 5
5258.0 -1962.7 -333.3 239 0 7.3 25.8 14.0 0.0 0 1 4 5 5
5284.6 -1658.5 -330.8 21 0 7.3 39.0 14.0 3.5 2 1 4 1 1
5267.0 -1729.4 -334.0 31 0 6.7 27.3 14.0 3.5 2 1 4 0 0
5235.3 -2177.2 -308.0 155 0 9.3 27.6 12.5 2.5 2 1 5 5 5
5273.3 -2172.4 -305.4 339 0 6.2 6.1 5.0 2.5 2 0 2 2 2
5280.0 -2217.9 -299.7 123 0 42.7 8.1 12.5 2.5 2 0 5 5 5
5306.7 -2236.4 -295.5 127 0 6.8 20.5 10.0 2.5 2 1 4 4 4
5342.1 -2200.2 -298.3 306 0 8.4 20.0 7.5 2.5 4 1 3 0 0
5332.9 -2189.8 -300.3 305 0 9.5 19.5 7.5 2.5 2 1 3 4 4
5322.0 -2189.0 -300.6 306 0 8.4 13.5 7.5 2.5 2 1 3 0 0
5310.6 -2184.6 -301.8 305 0 11.5 8.9 5.0 2.5 2 0 2 2 2
5321.1 -2213.8 -300.7 36 0 10.4 34.1 12.5 2.5 4 1 5 4 4
5028.0 4842.8 404.0 172 0 8.3 17.8 5.0 2.5 2 1 2 3 3
-1622.9 -1293.8 -317.0 291 0 27.8 15.7 12.5 2.5 2 0 5 5 5
-1573.3 -1300.7 -316.3 269 0 8.3 17.1 10.0 2.5 4 1 4 2 2
-1556.6 -1289.4 -313.8 185 0 17.0 21.8 10.0 2.5 2 1 4 0 0
-1601.2 -1293.8 -313.0 122 0 22.3 70.6 10.0 2.5 2 1 4 4 4
-1658.2 -1169.2 -289.3 218 0 21.8 19.6 12.5 2.5 2 0 5 5 5
-1641.0 -1150.4 -287.3 126 0 15.1 12.4 2.5 2.5 4 0 1 2 2
-1677.1 -1146.5 -290.3 324 0 19.6 38.2 15.0 2.5 2 1 6 0 0
767.6 1201.7 -401.0 340 0 29.7 35.3 12.5 2.5 2 1 5 3 3
753.2 1145.6 -405.0 46 0 11.7 35.0 7.5 0.0 0 1 3 3 3
558.8 -4092.9 -526.9 181 0 12.7 37.9 7.5 2.5 2 1 3 0 0
573.3 -4024.8 -521.2 257 0 11.2 48.8 7.5 0.0 0 1 3 3 3
607.8 -4108.6 -516.7 98 0 10.2 28.3 10.0 2.5 2 1 4 2 2
608.7 -4041.9 -513.9 256 0 11.9 24.9 12.5 2.5 2 1 5 5 5
535.0 -4052.0 -530.2 97 0 8.0 46.1 12.5 2.5 2 1 5 3 3
554.9 -4003.2 -526.1 276 0 8.3 30.6 12.5 0.0 0 1 5 5 5
568.4 -4010.2 -521.5 256 0 11.6 10.2 7.5 2.5 2 0 3 1 1
603.0 -4014.9 -513.8 255 0 10.1 23.1 7.5 2.5 2 1 3 3 3
624.8 -4017.1 -508.5 255 0 8.2 17.2 7.5 2.5 2 1 3 1 1
647.5 -4060.1 -506.3 355 0 23.1 8.8 5.0 2.5 2 0 2 5 5
652.1 -4007.1 -503.0 271 0 9.6 32.3 10.0 2.5 2 1 4 4 4
644.6 -4120.7 -509.4 103 0 14.5 31.8 12.5 2.5 2 1 5 5 5
-257.4 -436.4 -478.6 213 0 6.1 30.0 14.0 0.0 0 1 4 2 2
-253.7 -331.5 -464.3 141 0 9.7 38.4 10.5 3.5 4 1 3 4 4
-270.2 -305.9 -460.0 111 0 26.6 9.1 10.5 3.5 2 0 3 4 4
-189.9 -384.6 -469.3 79 0 37.8 14.3 10.5 3.5 2 0 3 3 3
-141.1 -245.2 -461.0 314 0 11.0 26.9 14.0 3.5 4 1 4 3 3
-244.0 -389.7 -469.3 50 0 12.3 59.5 14.0 0.0 0 1 4 3 3
-305.8 -406.3 -464.2 18 0 52.6 27.4 14.0 3.5 4 0 4 5 5
2244.0 1190.0 -232.1 71 0 21.8 49.8 10.0 0.0 0 1 4 4 4
-4199.6 -4917.3 -330.7 190 0 29.6 31.2 12.5 0.0 0 1 5 2 2
-4050.7 -4867.6 -325.3 50 0 8.8 23.2 7.5 2.5 2 1 3 2 2
1662.4 -2723.5 -528.4 53 0 8.7 16.1 7.5 2.5 2 1 3 1 1
1724.9 -2714.9 -523.3 193 0 11.4 21.7 7.5 2.5 2 1 3 0 0
6391.5 -1322.7 -121.5 322 0 17.7 26.1 2.5 2.5 2 1 1 2 2
2290.5 -3314.0 -589.0 33 0 17.3 38.0 10.0 2.5 4 1 4 3 3
2017.5 -3155.4 -570.7 26 0 14.5 41.7 15.0 2.5 2 1 6 1 1
-6421.9 -1863.0 -331.0 213 0 42.6 43.6 17.5 0.0 0 1 7 3 3
-6396.8 -1924.4 -332.8 198 0 18.4 12.1 12.5 2.5 2 0 5 4 4
-6405.1 -1935.8 -334.5 204 0 9.4 27.0 12.5 2.5 2 1 5 4 4
-6366.9 -1900.9 -334.3 116 0 10.9 13.6 7.5 2.5 2 1 3 5 5
-6346.1 -1935.7 -337.2 22 0 14.1 12.7 5.0 2.5 2 0 2 3 3
-6327.7 -1875.4 -335.0 8 0 14.1 31.3 12.5 2.5 2 1 5 2 2
-6356.1 -1881.1 -333.7 26 0 17.4 19.0 10.0 2.5 2 1 4 0 0
-6338.2 -1821.5 -330.4 229 0 12.2 11.7 7.5 2.5 2 0 3 3 3
-6307.6 -1770.9 -326.9 227 0 12.6 11.3 10.0 2.5 2 0 4 2 2
-6358.4 -1597.6 -277.3 94 0 8.8 8.9 7.5 2.5 2 1 3 1 1
-6198.9 -1786.1 -327.8 209 0 25.7 9.1 2.5 0.0 0 0 1 3 3
-6176.4 -1862.1 -335.9 282 0 12.7 9.9 7.5 2.5 2 0 3 1 1
-6242.2 -1869.8 -335.4 203 0 15.1 16.1 2.5 2.5 2 1 1 2 2
-6027.8 -1837.3 -323.2 328 0 7.0 14.4 7.5 2.5 2 1 3 2 2
-6050.0 -1846.8 -325.4 54 0 14.1 7.7 10.0 2.5 2 0 4 2 2
-6049.9 -1804.3 -323.3 60 0 8.5 24.0 7.5 0.0 0 1 3 2 2
-6079.5 -1808.5 -325.7 148 0 24.0 7.7 7.5 2.5 2 0 3 4 4
-6088.3 -1791.8 -325.6 150 0 7.9 30.9 7.5 2.5 2 1 3 5 5
-6122.7 -1868.5 -334.2 153 0 11.1 10.4 5.0 2.5 4 0 2 2 2
-6529.3 -2031.3 -338.1 214 0 7.9 8.7 2.5 2.5 2 1 1 4 4
-6531.8 -2061.8 -342.7 138 0 7.1 10.1 7.5 2.5 2 1 3 0 0
-6524.9 -2070.5 -344.4 139 0 8.0 9.6 10.0 2.5 2 1 4 4 4
-6492.9 -2049.6 -340.5 43 0 8.7 10.4 7.5 2.5 2 1 3 1 1
-6521.8 -2026.0 -336.0 133 0 7.3 8.5 5.0 2.5 2 1 2 0 0
-6514.0 -1993.0 -334.0 216 0 11.5 8.0 7.5 2.5 2 0 3 1 1
-6475.1 -2045.9 -339.7 50 0 7.4 9.6 5.0 2.5 2 1 2 5 5
-6481.6 -2028.4 -336.5 43 0 8.3 6.9 7.5 2.5 2 0 3 3 3
-6503.7 -2015.3 -335.4 225 0 7.1 8.8 2.5 2.5 2 1 1 3 3
-6482.3 -2001.9 -334.0 42 0 6.2 8.4 7.5 2.5 2 1 3 4 4
-6477.9 -1987.3 -333.4 315 0 6.3 7.3 7.5 2.5 2 1 3 1 1
-6466.3 -2003.4 -334.2 31 0 9.5 7.9 10.0 2.5 2 0 4 5 5
-6385.9 -2039.9 -338.5 30 0 35.1 9.5 10.0 2.5 2 0 4 3 3
6431.1 557.7 54.2 198 0 18.7 25.3 10.0 2.5 2 1 4 5 5
