-2260.1 -5617.0 -127.1 214 0 12.8 7.5 2.5 2.5 2 0 1 1 1
-5246.5 -537.2 -46.2 284 0 8.4 38.1 12.5 2.5 2 0 5 0 0
-5230.9 -542.3 -45.4 283 0 7.9 31.4 5.0 2.5 2 0 2 4 4
-5282.5 -578.0 -47.3 182 0 28.6 10.4 10.0 2.5 2 0 4 0 0
-5368.8 -422.2 -55.0 0 0 7.4 18.2 5.0 2.5 2 0 2 5 5
-5401.4 -425.9 -55.0 257 0 10.7 12.1 2.5 2.5 2 0 1 5 5
-5505.2 -438.2 -52.9 263 0 18.5 21.8 10.0 2.5 2 1 4 0 0
-5529.4 -468.4 -51.4 87 0 10.0 13.3 5.0 2.5 2 1 2 2 2
-5541.1 -467.6 -51.1 87 0 9.5 9.0 7.5 2.5 2 0 3 5 5
-5068.0 -435.3 -50.2 334 0 6.9 12.1 7.5 2.5 2 0 3 1 1
-5060.2 -452.5 -49.7 335 0 6.3 18.2 7.5 2.5 2 0 3 3 3
-5048.5 -476.7 -48.9 322 0 7.2 12.1 7.5 2.5 2 0 3 2 2
-5043.7 -492.9 -48.7 329 0 8.4 7.9 5.0 2.5 2 0 2 2 2
-5072.5 -400.5 -50.9 150 0 16.4 9.2 7.5 0.0 0 0 3 3 3
-5079.6 -387.3 -51.5 154 0 9.9 9.8 5.0 2.5 2 0 2 0 0
-5086.4 -376.8 -52.1 148 0 6.3 9.8 5.0 2.5 2 1 2 0 0
-5026.3 -488.9 -46.0 160 0 10.4 15.4 5.0 2.5 2 1 2 1 1
-5004.4 -515.8 -45.5 132 0 12.6 11.0 2.5 2.5 2 0 1 0 0
-4990.3 -529.4 -44.9 130 0 12.5 10.0 5.0 2.5 2 0 2 2 2
-5007.5 -543.9 -47.8 312 0 13.7 6.7 10.0 2.5 2 0 4 2 2
-4961.1 -512.9 -41.0 319 0 8.4 12.2 7.5 2.5 2 1 3 5 5
-5278.9 -612.0 -44.3 202 0 11.2 28.7 10.0 0.0 0 1 4 2 2
-5235.5 -627.9 -40.1 318 0 10.0 11.8 5.0 2.5 2 1 2 3 3
-5267.5 -646.4 -41.4 216 0 11.1 6.6 7.5 2.5 2 0 3 5 5
-5282.9 -648.4 -44.2 275 0 7.1 12.2 7.5 2.5 4 1 3 0 0
-4918.8 -645.9 -41.0 323 0 10.0 8.3 2.5 2.5 2 0 1 0 0
-4913.4 -603.6 -38.8 157 0 12.0 10.9 10.0 2.5 2 0 4 0 0
-4928.9 -574.3 -39.3 154 0 9.6 11.3 5.0 2.5 2 1 2 0 0
-4939.2 -567.1 -40.4 150 0 9.1 14.5 7.5 2.5 2 1 3 1 1
-4946.0 -551.6 -41.1 239 0 11.6 7.0 7.5 2.5 2 0 3 5 5
-4855.2 -682.9 -39.2 132 0 6.2 15.0 7.5 2.5 2 1 3 5 5
-4827.0 -669.4 -37.1 304 0 14.2 12.1 7.5 2.5 4 0 3 1 1
-4914.7 -556.3 -36.5 248 0 7.0 12.0 10.0 2.5 2 1 4 2 2
-4895.3 -545.1 -33.0 248 0 10.8 13.6 5.0 2.5 2 1 2 2 2
-4885.1 -538.5 -31.0 249 0 10.3 15.6 7.5 0.0 0 1 3 3 3
-4811.4 -530.5 -17.0 275 0 8.9 12.4 7.5 2.5 2 1 3 4 4
-4759.3 -681.1 -34.2 275 0 24.3 9.7 5.0 0.0 0 0 2 2 2
-4809.3 -706.6 -38.4 95 0 10.4 7.7 7.5 2.5 2 0 3 5 5
-4807.3 -732.3 -40.2 267 0 13.4 7.1 5.0 2.5 2 0 2 0 0
-5066.4 -662.2 -34.3 242 0 37.0 18.2 10.0 2.5 2 0 4 2 2
-5272.2 -726.1 -42.1 143 0 15.9 12.0 7.5 2.5 2 0 3 2 2
-5240.5 -718.9 -38.0 86 0 13.6 10.3 7.5 0.0 0 0 3 1 1
-5566.3 -437.6 -51.4 267 0 8.3 8.0 5.0 2.5 2 0 2 0 0
-4784.3 -732.0 -39.3 270 0 11.0 9.7 10.0 2.5 2 0 4 3 3
-4707.4 -731.9 -37.5 275 0 14.4 9.7 5.0 2.5 4 0 2 3 3
-4690.8 -730.4 -36.7 265 0 13.3 16.6 5.0 0.0 0 1 2 3 3
-4730.4 -699.7 -34.5 88 0 11.6 15.0 10.0 2.5 2 1 4 2 2
-4646.6 -719.3 -32.1 114 0 13.0 15.6 2.5 2.5 2 1 1 3 3
-4624.6 -729.1 -32.4 107 0 11.7 8.1 7.5 2.5 2 0 3 5 5
-5384.3 -620.2 -53.3 89 0 12.8 12.3 2.5 2.5 2 0 1 3 3
-5382.4 -588.1 -54.2 269 0 10.0 14.4 10.0 2.5 4 1 4 3 3
-5395.1 -707.7 -51.5 8 0 24.9 10.8 12.5 2.5 2 0 5 5 5
-5391.5 -655.2 -50.6 274 0 9.1 17.8 7.5 2.5 2 1 3 1 1
-5428.8 -625.9 -47.6 12 0 9.5 8.5 7.5 2.5 2 0 3 0 0
-5438.2 -681.2 -47.5 186 0 7.8 15.0 5.0 2.5 2 1 2 1 1
-5449.7 -709.6 -49.3 171 0 8.2 35.1 12.5 2.5 2 1 5 5 5
-5483.3 -1001.6 -56.8 280 0 14.7 22.6 12.5 2.5 2 1 5 5 5
-5397.2 -751.5 -52.6 15 0 11.4 8.6 10.0 2.5 2 0 4 0 0
-5399.7 -763.4 -52.5 14 0 6.9 16.7 7.5 0.0 0 1 3 1 1
-345.5 -1225.2 -132.8 62 0 16.6 6.4 10.0 2.5 2 0 4 0 0
-4105.0 -715.1 -35.0 104 0 15.0 12.5 7.5 2.5 2 0 3 3 3
-4083.8 -627.6 -29.6 163 0 8.9 12.1 10.0 2.5 4 1 4 4 4
-5392.9 -800.2 -54.1 297 0 10.7 15.1 7.5 2.5 2 1 3 3 3
-5383.6 -831.5 -55.0 30 0 12.3 21.8 15.0 0.0 0 1 6 4 4
-5409.1 -834.7 -51.8 29 0 7.6 7.5 7.5 2.5 4 0 3 5 5
-5399.4 -879.2 -53.0 87 0 9.5 13.7 10.0 2.5 2 1 4 3 3
-5419.3 -791.3 -50.9 293 0 7.8 8.6 7.5 2.5 2 1 3 1 1
-5446.9 -827.5 -49.7 119 0 10.2 18.6 12.5 2.5 2 1 5 4 4
-5478.9 -911.9 -53.0 195 0 10.9 20.4 10.0 2.5 2 1 4 3 3
-5472.9 -925.1 -53.2 197 0 11.5 9.0 5.0 2.5 2 0 2 2 2
-5433.9 -607.0 -48.6 350 0 8.4 10.7 5.0 2.5 2 1 2 4 4
-5421.4 -594.6 -51.1 350 0 6.3 9.7 5.0 2.5 4 1 2 0 0
-5465.9 -558.9 -49.4 296 0 11.4 7.2 7.5 2.5 2 0 3 5 5
-5411.3 -730.2 -50.8 359 0 10.9 6.8 5.0 2.5 2 0 2 5 5
-5419.8 -729.0 -50.0 350 0 9.6 11.5 7.5 2.5 2 1 3 1 1
-5468.9 -767.0 -45.4 180 0 13.8 8.8 2.5 2.5 2 0 1 3 3
-5447.8 -749.0 -48.9 200 0 20.0 12.9 12.5 2.5 2 0 5 3 3
-5519.0 -549.3 -43.8 273 0 13.4 9.8 7.5 2.5 2 0 3 0 0
-5539.1 -551.4 -41.4 266 0 9.2 12.9 10.0 2.5 2 1 4 3 3
-5577.1 -559.9 -39.1 259 0 13.4 11.7 5.0 2.5 2 0 2 3 3
-5591.8 -562.6 -38.4 258 0 12.9 12.5 10.0 0.0 0 0 4 0 0
-5627.8 -584.1 -32.6 253 0 15.5 10.5 5.0 2.5 2 0 2 0 0
-5630.4 -558.8 -40.9 50 0 15.2 11.2 7.5 2.5 2 0 3 2 2
-5384.3 -441.4 -55.5 275 0 12.5 6.6 2.5 2.5 2 0 1 5 5
-5369.8 -421.9 -54.9 4 0 6.9 16.7 5.0 2.5 4 1 2 2 2
-5430.1 -956.5 -56.4 105 0 9.0 17.4 7.5 2.5 2 1 3 0 0
-5478.1 -978.5 -55.9 280 0 13.1 17.3 5.0 2.5 2 1 2 5 5
-5481.2 -1035.2 -57.2 16 0 8.3 10.2 5.0 2.5 2 1 2 5 5
-5450.6 -1022.0 -58.6 9 0 7.3 13.4 5.0 2.5 2 1 2 4 4
-5484.2 -1045.8 -57.5 15 0 13.9 12.4 7.5 2.5 2 0 3 5 5
-5508.1 -1119.6 -57.8 100 0 9.1 10.0 7.5 2.5 2 1 3 4 4
-5512.7 -1129.4 -57.7 97 0 9.7 9.2 5.0 0.0 0 0 2 5 5
-5513.5 -1136.7 -57.8 98 0 10.6 6.3 7.5 2.5 2 0 3 4 4
-5534.3 -1127.8 -56.9 104 0 8.0 7.0 7.5 2.5 2 0 3 1 1
-2237.6 -5550.8 -130.1 179 0 11.4 31.7 10.0 2.5 2 1 4 5 5
-2232.2 -5527.8 -129.6 179 0 19.4 8.6 10.0 2.5 2 0 4 2 2
-2217.4 -5515.7 -131.2 178 0 37.6 12.7 10.0 0.0 0 0 4 4 4
-2217.8 -5489.2 -131.5 179 0 9.5 8.4 7.5 2.5 2 0 3 4 4
-2234.1 -5469.6 -132.3 194 0 6.5 31.4 7.5 2.5 2 1 3 5 5
-2180.1 -5527.7 -132.0 359 0 7.1 22.8 7.5 2.5 2 1 3 5 5
-2181.5 -5536.8 -132.0 0 0 7.7 11.7 2.5 2.5 2 1 1 4 4
-2504.0 -5318.6 -137.0 178 0 14.4 16.2 7.5 2.5 2 1 3 0 0
-2471.0 -5360.5 -137.2 55 0 11.7 21.2 10.0 2.5 2 1 4 3 3
-2457.5 -5346.2 -137.8 13 0 8.0 9.4 7.5 2.5 2 1 3 5 5
-2136.2 -5462.9 -134.3 172 0 8.2 29.2 7.5 2.5 4 1 3 5 5
-2140.8 -5432.1 -134.0 171 0 10.1 30.1 10.0 2.5 2 1 4 1 1
-2116.8 -5484.2 -134.8 128 0 34.6 10.4 7.5 2.5 2 0 3 3 3
-2106.6 -5477.6 -134.6 127 0 8.4 8.3 7.5 2.5 4 0 3 2 2
-2039.6 -5415.3 -136.5 260 0 8.5 26.0 7.5 2.5 4 1 3 5 5
-2101.3 -5461.0 -134.7 152 0 6.7 15.6 2.5 2.5 2 1 1 5 5
-2090.8 -5481.2 -135.1 81 0 8.4 10.3 7.5 2.5 2 1 3 5 5
-2077.3 -5503.7 -135.8 126 0 8.5 16.2 5.0 2.5 2 1 2 3 3
-2038.2 -5513.5 -136.9 35 0 10.5 29.6 12.5 2.5 2 1 5 1 1
-5408.9 262.8 -15.2 155 0 22.2 13.8 10.0 2.5 2 0 4 4 4
-3482.6 5049.0 33.8 296 0 56.4 34.9 10.0 0.0 0 0 4 4 4
-23.5 -6881.6 -133.7 271 0 14.8 12.0 7.5 2.5 2 0 3 0 0
-3412.9 3489.4 27.9 167 0 8.6 12.3 7.5 2.5 2 1 3 0 0
-5349.4 2677.4 67.5 62 0 14.3 10.2 5.0 2.5 2 0 2 5 5
6576.1 4363.7 31.4 358 0 18.4 12.2 7.5 2.5 2 0 3 1 1
6520.0 4425.7 27.4 108 0 8.7 11.8 5.0 2.5 2 1 2 4 4
6653.8 4251.7 34.4 353 0 14.9 18.2 10.0 2.5 2 1 4 3 3
6610.1 4326.9 41.3 255 0 14.6 19.0 12.5 2.5 2 1 5 3 3
6655.6 4303.4 41.6 4 0 16.0 17.3 15.0 0.0 0 1 6 1 1
6638.8 4556.6 51.3 109 0 17.3 7.2 5.0 2.5 2 0 2 0 0
6789.5 4558.6 64.0 101 0 18.0 21.7 17.5 0.0 0 1 7 3 3
6720.6 4610.9 80.9 83 0 14.1 10.1 5.0 0.0 0 0 2 2 2
6698.4 4344.6 49.1 180 0 13.0 18.8 5.0 2.5 2 1 2 1 1
6600.5 4624.6 57.2 185 0 12.5 10.6 5.0 2.5 4 0 2 2 2
6707.6 4483.2 37.2 267 0 16.1 10.1 7.5 0.0 0 0 3 2 2
6831.3 4813.5 129.6 68 0 15.8 13.6 2.5 2.5 4 0 1 0 0
6507.7 4346.3 26.8 173 0 10.4 10.0 7.5 2.5 2 0 3 4 4
6549.5 4189.3 28.3 87 0 18.9 12.5 5.0 2.5 2 0 2 1 1
6746.7 4423.4 42.1 0 0 13.0 16.5 7.5 0.0 0 1 3 4 4
6611.9 4515.9 37.1 270 0 15.3 14.2 7.5 2.5 2 0 3 5 5
6769.0 4639.3 87.8 339 0 9.4 13.2 10.0 2.5 2 1 4 3 3
6564.2 4265.9 37.1 75 0 11.6 15.0 7.5 2.5 2 1 3 3 3
6720.6 4684.7 97.6 205 0 19.6 15.5 12.5 2.5 2 0 5 1 1
6552.5 4436.2 33.5 79 0 8.7 9.1 7.5 2.5 2 1 3 0 0
6556.0 4469.2 33.0 109 0 10.2 12.5 2.5 2.5 2 1 1 3 3
5124.2 4057.6 30.1 103 0 41.1 122.5 7.5 0.0 0 1 3 3 3
-6881.2 3214.0 -19.0 334 0 16.5 14.6 5.0 0.0 0 0 2 4 4
-6707.2 2955.2 -25.5 198 0 12.7 18.7 10.0 2.5 2 1 4 3 3
-6747.0 3025.0 -24.4 277 0 8.6 11.6 2.5 2.5 2 1 1 0 0
-6728.5 3033.2 -24.4 104 0 11.6 11.9 7.5 0.0 0 1 3 3 3
-6715.8 3052.0 -23.5 24 0 11.7 17.9 2.5 2.5 2 1 1 3 3
-6744.5 3061.5 -22.4 121 0 11.6 9.7 7.5 2.5 2 0 3 2 2
-6759.3 3049.3 -22.8 96 0 11.7 9.2 10.0 2.5 2 0 4 0 0
-6711.6 3071.7 -22.3 36 0 13.0 10.6 2.5 2.5 2 0 1 3 3
-6701.9 3086.8 -21.9 36 0 16.8 7.0 5.0 2.5 2 0 2 5 5
-6717.8 3109.4 -20.7 301 0 13.7 15.9 10.0 2.5 4 1 4 5 5
-6698.6 3136.1 -20.5 133 0 13.8 18.2 10.0 2.5 2 1 4 0 0
-6711.0 3154.0 -19.7 133 0 13.5 11.8 5.0 2.5 2 0 2 0 0
-6711.7 3183.6 -20.4 218 0 12.0 20.9 7.5 2.5 2 1 3 3 3
-6702.3 3209.5 -21.5 179 0 16.6 24.2 10.0 2.5 2 1 4 3 3
-6702.6 3348.9 -25.8 335 0 15.2 14.0 10.0 2.5 2 0 4 0 0
-6736.7 3336.3 -25.5 155 0 14.8 17.4 10.0 2.5 4 1 4 4 4
-6749.4 3331.2 -24.9 155 0 12.1 8.4 5.0 2.5 2 0 2 4 4
-6768.5 3278.4 -23.1 276 0 8.8 26.1 7.5 2.5 2 1 3 0 0
-6746.0 3369.5 -25.8 245 0 13.6 21.4 10.0 2.5 2 1 4 0 0
-6842.9 3270.9 -20.7 262 0 9.4 14.4 7.5 2.5 4 1 3 4 4
-6814.0 3230.8 -21.7 340 0 15.1 20.1 10.0 2.5 2 1 4 4 4
-6873.8 3271.7 -21.2 336 0 12.3 7.8 5.0 2.5 2 0 2 5 5
-6886.9 3262.7 -21.6 338 0 19.8 9.8 7.5 2.5 4 0 3 2 2
-4390.7 3802.2 37.6 152 0 14.7 38.3 10.0 0.0 0 1 4 4 4
-4205.2 4435.4 2.3 287 0 14.0 24.7 12.5 2.5 2 1 5 4 4
-5344.2 -5424.6 -118.2 234 0 35.0 55.1 10.0 0.0 0 1 4 1 1
-4033.9 1499.2 89.5 91 0 17.8 9.3 7.5 2.5 2 0 3 5 5
-4055.4 1486.7 92.5 345 0 8.8 23.1 10.0 2.5 2 1 4 5 5
-5265.2 -261.2 -51.9 119 0 10.3 16.2 7.5 2.5 2 1 3 3 3
-5273.3 -255.4 -50.9 118 0 9.3 14.9 7.5 2.5 4 1 3 2 2
-5254.9 -292.2 -54.2 301 0 11.9 25.6 10.0 2.5 2 1 4 2 2
-5544.7 -2353.9 -61.0 330 0 6.5 13.6 5.0 2.5 2 1 2 0 0
-5575.0 -2461.5 -63.4 266 0 12.1 8.3 2.5 2.5 2 0 1 1 1
-5587.7 -2224.3 -52.2 233 0 9.1 11.4 10.0 0.0 0 1 4 3 3
-5336.0 -2412.3 -60.3 356 0 7.7 21.4 5.0 2.5 2 1 2 2 2
-5380.6 -2398.8 -61.9 176 0 7.7 13.6 5.0 2.5 4 1 2 4 4
-5362.4 -2333.5 -59.7 264 0 25.4 11.3 12.5 2.5 2 0 5 4 4
-5343.9 -2510.6 -58.4 86 0 12.3 19.0 2.5 2.5 2 1 1 4 4
-5337.0 -2476.5 -59.2 1 0 18.9 14.3 15.0 0.0 0 0 6 3 3
-5359.6 -2457.1 -62.4 1 0 13.9 37.5 10.0 0.0 0 1 4 5 5
-5336.0 -2580.8 -49.4 308 0 12.0 16.2 7.5 2.5 2 1 3 5 5
-5363.6 -2560.3 -53.4 307 0 8.2 11.0 7.5 2.5 4 1 3 2 2
-5411.8 -2629.9 -59.2 90 0 13.0 16.0 5.0 0.0 0 1 2 5 5
-5418.3 -2603.7 -59.6 177 0 12.8 22.2 10.0 2.5 4 1 4 3 3
-5452.3 -2574.8 -64.0 90 0 8.5 10.4 7.5 2.5 2 1 3 0 0
-5452.0 -2544.9 -64.5 179 0 14.2 9.2 10.0 2.5 4 0 4 0 0
-5346.3 -2372.2 -60.2 359 0 17.2 12.4 5.0 2.5 2 0 2 5 5
-5397.6 -2248.1 -59.7 271 0 7.9 14.5 5.0 2.5 2 1 2 1 1
-5398.6 -2299.7 -61.0 0 0 7.4 8.2 5.0 2.5 2 1 2 0 0
-5531.0 -2277.1 -59.3 319 0 8.2 14.7 7.5 2.5 2 1 3 2 2
-5409.0 -2569.0 -60.6 91 0 15.1 24.9 10.0 2.5 2 1 4 2 2
-5378.6 -254.2 -46.8 204 0 8.5 11.2 7.5 2.5 4 1 3 5 5
-5372.9 -227.0 -44.8 230 0 8.1 21.1 7.5 2.5 2 1 3 2 2
-5302.7 -208.8 -43.9 118 0 7.3 8.3 10.0 2.5 2 1 4 4 4
-5297.3 -194.8 -43.4 109 0 10.0 8.4 7.5 0.0 0 0 3 4 4
-5369.2 -117.1 -28.8 197 0 7.4 13.1 7.5 2.5 2 1 3 2 2
-5372.0 -104.5 -27.4 197 0 6.5 18.4 7.5 2.5 2 1 3 5 5
-5348.9 -56.5 -23.7 206 0 7.4 11.3 2.5 2.5 2 1 1 0 0
-5337.3 -62.9 -25.8 210 0 8.0 12.3 7.5 2.5 2 1 3 0 0
-5315.3 -66.2 -27.9 294 0 9.7 8.7 10.0 2.5 2 0 4 1 1
-5304.7 -41.4 -29.2 194 0 7.6 18.1 2.5 2.5 2 1 1 3 3
-5281.8 -70.9 -32.1 287 0 7.5 9.9 7.5 0.0 0 1 3 1 1
-5220.2 -60.1 -38.7 4 0 23.5 11.9 10.0 2.5 2 0 4 5 5
-5224.2 -26.3 -37.5 268 0 12.6 8.9 7.5 2.5 2 0 3 5 5
-5252.6 -151.1 -43.9 292 0 10.8 11.6 5.0 2.5 2 1 2 5 5
-5259.0 -162.8 -44.4 291 0 12.2 8.2 5.0 0.0 0 0 2 3 3
-5147.1 -335.1 -54.8 116 0 9.6 7.2 5.0 2.5 2 0 2 0 0
-5159.3 -347.2 -55.7 312 0 10.3 6.6 7.5 2.5 2 0 3 2 2
-5138.8 -358.4 -56.0 312 0 6.9 24.1 5.0 2.5 2 1 2 4 4
-5204.9 -322.7 -55.1 300 0 17.7 11.3 5.0 2.5 2 0 2 1 1
-5267.3 -195.8 -45.8 33 0 8.9 11.7 7.5 0.0 0 1 3 1 1
-5166.1 -181.0 -49.1 141 0 6.1 15.3 7.5 0.0 0 1 3 0 0
-5199.3 -168.2 -47.4 190 0 12.6 12.4 7.5 2.5 2 0 3 3 3
-5240.7 -190.6 -47.4 30 0 12.5 7.1 5.0 2.5 2 0 2 1 1
-5231.9 -164.6 -46.3 301 0 7.7 18.9 7.5 2.5 2 1 3 3 3
-5247.1 -203.3 -48.3 27 0 10.8 6.3 7.5 2.5 2 0 3 1 1
-5253.9 -218.1 -49.1 24 0 14.2 6.3 7.5 2.5 2 0 3 5 5
-5290.3 -247.8 -50.1 27 0 29.7 15.4 10.0 2.5 2 0 4 2 2
-5289.3 -229.5 -47.5 116 0 10.0 7.5 2.5 2.5 4 0 1 0 0
-5283.2 -203.8 -45.9 112 0 16.3 7.8 2.5 2.5 2 0 1 3 3
-5348.8 -436.6 -56.0 274 0 9.1 21.0 5.0 2.5 2 1 2 0 0
-5367.3 -334.6 -51.6 67 0 10.4 22.1 10.0 2.5 2 1 4 5 5
-5354.2 -346.1 -53.3 108 0 22.8 10.4 10.0 2.5 2 0 4 5 5
1234.4 5427.7 -52.1 71 0 11.0 12.2 5.0 2.5 2 1 2 4 4
1085.2 5418.6 -38.7 178 0 8.0 16.9 7.5 2.5 2 1 3 0 0
1118.9 5284.9 -48.1 349 0 18.1 20.3 7.5 2.5 2 1 3 3 3
-5575.3 -1522.4 -53.0 104 0 11.4 7.5 5.0 2.5 2 0 2 3 3
-5625.4 -1527.5 -49.6 87 0 8.6 12.5 7.5 2.5 2 1 3 5 5
-5645.1 -1625.6 -59.9 181 0 10.0 18.6 7.5 2.5 2 1 3 4 4
-5634.4 -1572.1 -54.8 269 0 8.0 8.8 7.5 2.5 2 1 3 4 4
-5603.0 -1588.7 -55.4 270 0 9.1 15.0 7.5 2.5 4 1 3 1 1
-5588.4 -1612.3 -56.9 359 0 7.6 6.3 5.0 2.5 2 0 2 3 3
-5745.4 -1430.2 -48.6 103 0 7.6 13.1 7.5 0.0 0 1 3 0 0
-5764.0 -1476.2 -50.7 85 0 9.4 6.2 7.5 2.5 2 0 3 4 4
-5600.6 -1542.0 -52.2 265 0 10.6 11.7 7.5 2.5 2 1 3 5 5
-5679.2 -1431.9 -47.8 6 0 9.1 6.7 5.0 2.5 2 0 2 0 0
-5662.0 -1532.4 -53.8 304 0 16.6 8.8 7.5 0.0 0 0 3 4 4
-5547.7 -1624.2 -58.1 96 0 16.2 9.1 5.0 2.5 2 0 2 3 3
-5594.8 -1504.2 -50.3 69 0 14.6 17.4 12.5 2.5 2 1 5 4 4
-5592.5 -1533.2 -51.3 97 0 6.4 10.8 7.5 2.5 2 1 3 3 3
-5504.5 -1478.7 -58.7 279 0 8.8 13.0 5.0 2.5 2 1 2 4 4
-5546.3 -1638.9 -58.6 4 0 10.6 9.0 2.5 2.5 2 0 1 1 1
-5951.0 -1769.1 -59.1 170 0 9.4 11.5 7.5 2.5 4 1 3 5 5
-5974.4 -1759.2 -55.8 339 0 13.1 7.7 7.5 2.5 2 0 3 4 4
-5955.8 -1756.2 -56.7 73 0 7.3 10.5 7.5 2.5 2 1 3 1 1
-5942.4 -1741.3 -57.1 172 0 7.9 8.2 7.5 2.5 2 1 3 5 5
-5926.8 -1732.3 -57.1 171 0 10.8 6.1 7.5 2.5 2 0 3 1 1
-5947.5 -1715.7 -52.0 346 0 7.2 9.2 7.5 2.5 2 1 3 0 0
-5906.6 -1677.2 -55.1 228 0 9.1 8.7 7.5 2.5 2 0 3 3 3
-5890.3 -1653.4 -55.1 177 0 9.2 10.9 7.5 2.5 2 1 3 5 5
-5809.7 -1611.0 -61.1 170 0 8.5 11.8 7.5 2.5 2 1 3 4 4
-5816.3 -1625.9 -61.0 200 0 12.7 8.5 5.0 2.5 2 0 2 4 4
-5830.8 -1612.0 -57.3 29 0 13.8 9.1 7.5 2.5 2 0 3 2 2
-5852.3 -1647.6 -58.7 267 0 7.8 11.6 7.5 2.5 4 1 3 4 4
-6005.4 -1565.5 -36.9 352 0 12.8 11.3 7.5 2.5 2 0 3 3 3
-5955.5 -1588.0 -41.1 80 0 13.1 10.9 5.0 2.5 2 0 2 3 3
-5926.0 -1570.5 -44.2 84 0 11.1 10.1 7.5 2.5 2 0 3 4 4
-5910.9 -1531.1 -46.7 192 0 9.7 19.4 5.0 2.5 2 1 2 5 5
-5830.4 -1577.7 -56.3 267 0 6.8 7.8 7.5 0.0 0 1 3 1 1
-5526.2 -1968.3 -62.6 84 0 9.4 10.4 5.0 2.5 2 1 2 2 2
-5618.2 -1667.6 -60.3 81 0 8.9 6.9 5.0 0.0 0 0 2 3 3
-5716.5 -1431.8 -49.1 169 0 10.0 11.3 5.0 2.5 2 1 2 2 2
-5711.6 -1489.5 -52.9 11 0 8.1 12.5 7.5 2.5 2 1 3 2 2
-5785.7 -1455.3 -48.5 266 0 8.6 6.5 5.0 0.0 0 0 2 3 3
-5810.1 -1473.7 -48.8 0 0 8.7 8.6 5.0 2.5 2 0 2 1 1
-5919.4 -1679.7 -51.6 75 0 8.6 10.3 7.5 2.5 4 1 3 1 1
-5898.3 -1704.8 -57.8 355 0 14.0 10.7 7.5 2.5 2 0 3 3 3
-6044.8 -1704.5 -43.5 228 0 9.8 15.4 7.5 2.5 2 1 3 4 4
-6082.4 -1751.9 -47.9 251 0 10.1 11.4 7.5 2.5 2 1 3 5 5
-6057.5 -1762.7 -48.7 74 0 8.6 12.3 7.5 2.5 2 1 3 5 5
-6088.6 -1698.5 -35.2 77 0 9.2 13.4 5.0 2.5 2 1 2 4 4
-6174.1 -1745.4 -42.2 261 0 7.9 10.4 7.5 2.5 2 1 3 2 2
-6219.4 -1781.0 -42.2 251 0 10.0 8.2 7.5 2.5 2 0 3 5 5
-6174.2 -1757.9 -43.3 258 0 11.9 6.2 5.0 2.5 4 0 2 4 4
-6316.2 -1907.5 -40.4 86 0 8.0 12.2 7.5 2.5 2 1 3 2 2
-6405.5 -1931.4 -31.8 72 0 8.9 8.0 7.5 2.5 2 0 3 5 5
-6407.5 -1939.2 -32.0 270 0 9.7 7.9 5.0 2.5 2 0 2 5 5
-6476.7 -2013.0 -29.7 163 0 9.2 15.1 7.5 2.5 2 1 3 4 4
-6281.2 -1915.1 -40.5 105 0 8.2 12.4 5.0 2.5 2 1 2 5 5
-6288.4 -1884.7 -40.8 179 0 10.4 15.6 7.5 2.5 2 1 3 1 1
-6355.6 -1873.6 -40.0 258 0 10.7 8.0 5.0 2.5 4 0 2 1 1
-6387.7 -1873.7 -37.0 267 0 9.8 14.3 7.5 2.5 2 1 3 1 1
-6431.8 -1876.5 -32.1 67 0 9.3 7.7 7.5 2.5 2 0 3 4 4
-6275.0 -1827.8 -42.3 264 0 10.5 9.0 5.0 2.5 2 0 2 5 5
-6243.9 -1843.9 -45.6 262 0 10.0 7.6 5.0 2.5 2 0 2 2 2
-6248.5 -1808.8 -42.3 91 0 10.9 6.2 7.5 2.5 2 0 3 5 5
-6233.9 -1725.7 -32.9 163 0 12.2 19.3 7.5 2.5 2 1 3 2 2
-6246.3 -1940.9 -46.2 154 0 12.7 12.1 7.5 2.5 4 0 3 5 5
-6246.3 -1960.7 -45.5 358 0 12.4 11.2 7.5 2.5 2 0 3 1 1
-6195.7 -1926.2 -52.4 9 0 10.6 14.4 7.5 2.5 4 1 3 5 5
-5873.6 -1645.2 -56.8 246 0 12.3 13.8 7.5 2.5 2 1 3 5 5
-5877.3 -1626.1 -53.5 89 0 13.7 9.9 7.5 2.5 2 0 3 1 1
-6047.7 -1523.0 -36.1 284 0 9.6 11.1 7.5 2.5 2 1 3 4 4
-6106.4 -1770.3 -48.8 151 0 16.9 7.8 7.5 2.5 2 0 3 4 4
-6202.7 -1657.5 -25.9 4 0 10.5 15.4 7.5 2.5 2 1 3 5 5
-6127.3 -1470.4 -33.3 11 0 15.0 8.5 5.0 2.5 2 0 2 5 5
-6379.8 -1994.9 -40.2 70 0 10.7 11.7 7.5 0.0 0 1 3 2 2
-6352.5 -1989.5 -42.9 72 0 11.2 12.1 7.5 2.5 4 1 3 5 5
-6563.6 -2009.4 -15.7 2 0 9.7 13.2 7.5 2.5 2 1 3 0 0
-6596.2 -1972.3 -20.4 267 0 10.8 7.4 7.5 2.5 2 0 3 2 2
-6621.6 -2029.8 -11.5 90 0 8.5 14.9 7.5 2.5 2 1 3 4 4
-2655.0 -5401.3 -131.0 95 0 11.8 17.9 2.5 2.5 2 1 1 3 3
-2672.3 -5455.3 -121.9 18 0 21.5 13.8 10.0 2.5 2 0 4 4 4
-2684.5 -5431.6 -122.1 287 0 7.4 22.4 7.5 2.5 2 1 3 4 4
-2718.5 -5499.4 -114.0 175 0 10.8 6.5 7.5 2.5 2 0 3 5 5
-2690.8 -4483.4 -131.6 171 0 7.1 9.7 7.5 2.5 2 1 3 5 5
-2688.3 -4528.6 -130.8 170 0 9.2 7.2 7.5 2.5 4 0 3 3 3
-2684.3 -4535.0 -130.6 172 0 7.4 10.4 10.0 2.5 2 1 4 5 5
-2666.9 -4558.5 -130.9 153 0 13.6 7.6 7.5 2.5 2 0 3 5 5
-2617.9 -4649.1 -129.0 133 0 16.5 6.4 2.5 0.0 0 0 1 4 4
-2641.8 -4653.5 -130.3 322 0 13.8 10.8 5.0 0.0 0 0 2 2 2
-2874.2 -5448.7 -110.8 93 0 15.9 7.5 7.5 2.5 2 0 3 3 3
-2833.7 -5570.5 -87.9 90 0 8.1 13.7 2.5 0.0 0 1 1 0 0
-2788.9 -5737.5 -76.3 120 0 7.2 16.6 7.5 2.5 2 1 3 4 4
-2993.3 -5706.4 -83.6 248 0 9.9 15.1 7.5 2.5 2 1 3 0 0
-2945.4 -5730.0 -83.0 25 0 7.1 14.3 7.5 2.5 4 1 3 0 0
-2868.3 -5647.0 -77.4 340 0 6.9 9.3 7.5 2.5 2 1 3 3 3
-2875.5 -5548.8 -85.2 281 0 8.3 7.2 10.0 2.5 2 0 4 1 1
-2938.9 -5602.2 -80.1 169 0 8.3 13.0 5.0 2.5 2 1 2 0 0
-2946.5 -5570.5 -83.4 269 0 6.7 9.4 7.5 2.5 2 1 3 5 5
-3008.8 -5597.4 -85.8 149 0 6.7 13.4 7.5 2.5 2 1 3 0 0
-2931.6 -5288.3 -123.2 360 0 10.2 12.7 5.0 2.5 2 1 2 1 1
-2947.1 -5316.0 -125.5 86 0 13.5 9.7 7.5 2.5 2 0 3 2 2
-2936.8 -5226.7 -118.5 14 0 12.8 9.0 10.0 2.5 2 0 4 1 1
-2851.2 -5202.1 -123.4 256 0 11.5 8.5 10.0 2.5 2 0 4 2 2
-2843.7 -5178.2 -125.3 189 0 6.5 7.9 5.0 2.5 2 1 2 5 5
-2802.7 -5254.0 -127.8 148 0 6.9 8.9 7.5 2.5 2 1 3 2 2
-2578.9 -5082.9 -127.9 6 0 10.7 11.3 7.5 2.5 2 1 3 1 1
-2645.3 -5085.5 -130.2 102 0 7.1 9.8 5.0 2.5 2 1 2 0 0
-2670.0 -5071.3 -129.3 113 0 12.6 13.7 7.5 2.5 2 1 3 5 5
-2727.5 -5136.3 -129.4 130 0 9.4 6.8 10.0 0.0 0 0 4 2 2
-2711.0 -5157.8 -130.8 134 0 10.6 7.6 7.5 2.5 4 0 3 1 1
-2804.0 -5065.1 -128.5 250 0 12.5 9.0 5.0 2.5 2 0 2 4 4
-2820.0 -5135.5 -126.0 332 0 7.7 6.5 10.0 0.0 0 0 4 0 0
-2855.5 -5243.5 -121.5 75 0 8.7 11.5 5.0 0.0 0 1 2 2 2
-2920.8 -5180.8 -121.0 273 0 12.3 6.5 5.0 0.0 0 0 2 3 3
-2898.7 -5182.4 -121.4 277 0 9.4 15.4 2.5 2.5 2 1 1 0 0
-3018.3 -5253.0 -115.0 180 0 6.5 11.6 7.5 2.5 2 1 3 4 4
-3002.2 -5165.5 -120.9 180 0 7.0 17.7 10.0 2.5 2 1 4 5 5
-2790.7 -5419.7 -118.7 238 0 10.5 8.3 5.0 2.5 2 0 2 5 5
-2726.2 -5419.7 -121.4 292 0 7.1 12.8 7.5 2.5 2 1 3 4 4
-2679.1 -5528.4 -115.0 116 0 6.3 9.1 7.5 2.5 2 1 3 1 1
-2686.3 -5506.2 -115.7 354 0 7.5 8.1 10.0 0.0 0 1 4 5 5
-2325.4 -4670.8 -129.7 168 0 13.5 9.8 5.0 2.5 2 0 2 5 5
-2492.4 -4948.1 -132.0 259 0 6.3 30.0 12.5 0.0 0 1 5 4 4
-2717.8 -4883.8 -134.8 165 0 8.9 11.2 10.0 2.5 2 1 4 3 3
-2501.1 -5735.3 -108.2 354 0 8.5 18.2 7.5 2.5 2 1 3 1 1
-2423.1 -4711.1 -134.0 83 0 11.3 7.2 7.5 2.5 2 0 3 4 4
-2668.8 -4606.6 -130.2 335 0 14.8 10.1 7.5 2.5 2 0 3 5 5
-2346.5 -4534.3 -128.3 84 0 7.7 14.6 5.0 2.5 2 1 2 2 2
-2757.2 -5708.8 -74.5 359 0 7.5 10.4 5.0 0.0 0 1 2 5 5
-2669.1 -5779.6 -92.2 343 0 8.6 12.0 5.0 2.5 4 1 2 5 5
-2670.5 -5797.5 -93.5 74 0 9.8 8.9 10.0 0.0 0 0 4 0 0
-2783.1 -5196.7 -129.6 253 0 6.8 15.8 5.0 2.5 2 1 2 3 3
-2748.2 -5012.5 -130.0 289 0 7.8 7.7 10.0 2.5 2 0 4 3 3
-2335.4 -4975.6 -133.3 328 0 11.4 10.9 7.5 2.5 2 0 3 3 3
-2908.3 -5232.7 -119.3 12 0 6.7 14.3 7.5 2.5 2 1 3 5 5
-2906.0 -5238.2 -119.4 104 0 6.1 9.0 5.0 2.5 2 1 2 2 2
-2986.4 -4967.4 -123.6 265 0 8.0 15.5 5.0 2.5 2 1 2 4 4
-3034.2 -5005.5 -120.4 151 0 7.7 11.8 2.5 2.5 2 1 1 0 0
-2764.6 -4553.1 -132.6 263 0 9.4 7.2 2.5 2.5 2 0 1 0 0
-2361.1 -5011.1 -133.4 107 0 16.4 7.4 7.5 2.5 2 0 3 5 5
-2350.3 -4960.8 -134.2 351 0 14.1 11.0 7.5 2.5 2 0 3 2 2
-2291.3 -5057.6 -134.2 99 0 16.9 8.2 2.5 2.5 2 0 1 1 1
-2614.8 -4552.7 -131.7 240 0 6.6 9.3 7.5 2.5 2 1 3 4 4
-2249.4 -4633.9 -116.6 257 0 9.2 10.8 10.0 2.5 2 1 4 3 3
-2271.4 -4672.4 -122.6 78 0 8.0 11.0 7.5 0.0 0 1 3 1 1
-2284.0 -4639.3 -125.6 340 0 7.7 13.2 7.5 2.5 2 1 3 5 5
-2302.5 -4614.9 -127.1 282 0 8.7 12.6 7.5 0.0 0 1 3 5 5
-2274.2 -4747.0 -132.0 153 0 9.0 8.9 5.0 2.5 4 0 2 5 5
-2517.1 -5054.4 -129.1 109 0 11.9 11.2 2.5 2.5 4 0 1 5 5
-2420.7 -4956.3 -134.2 173 0 14.4 7.7 7.5 2.5 2 0 3 2 2
-2411.5 -4980.2 -133.4 154 0 7.6 15.1 7.5 2.5 2 1 3 4 4
-2233.4 -5395.6 -134.4 1 0 9.2 11.7 5.0 2.5 4 1 2 4 4
-2247.2 -5470.2 -131.0 359 0 10.4 12.7 10.0 2.5 2 1 4 5 5
-2272.7 -5383.8 -135.6 272 0 10.2 8.0 5.0 2.5 2 0 2 4 4
-2276.0 -5441.5 -132.1 92 0 6.8 11.6 7.5 2.5 2 1 3 1 1
-2304.2 -5390.6 -134.7 200 0 7.6 14.5 7.5 2.5 2 1 3 5 5
-2519.5 -5509.4 -127.9 5 0 17.7 20.3 10.0 2.5 2 1 4 1 1
-2624.2 -5556.3 -113.2 103 0 14.5 7.9 7.5 2.5 2 0 3 2 2
-2501.5 -5646.6 -116.1 60 0 9.9 10.9 7.5 2.5 2 1 3 3 3
-2521.6 -5686.1 -108.0 5 0 9.9 10.5 5.0 2.5 2 1 2 1 1
-2461.4 -5733.2 -110.6 84 0 8.0 10.1 5.0 2.5 2 1 2 5 5
-2436.1 -5680.1 -115.2 259 0 15.4 9.1 7.5 2.5 4 0 3 0 0
-2380.3 -5688.5 -116.1 178 0 8.0 9.8 7.5 2.5 2 1 3 1 1
-2224.6 -5721.2 -132.2 310 0 10.4 13.6 7.5 2.5 2 1 3 1 1
-2298.9 -5665.2 -123.5 78 0 6.6 12.2 7.5 2.5 2 1 3 5 5
-2331.3 -5691.3 -119.5 251 0 6.4 22.8 10.0 2.5 4 1 4 4 4
-2236.3 -5705.6 -129.4 313 0 7.8 12.9 10.0 2.5 2 1 4 0 0
-2488.2 -5727.8 -109.7 177 0 9.0 10.7 5.0 2.5 4 1 2 3 3
-2521.3 -5440.8 -132.8 282 0 7.4 7.1 7.5 2.5 2 0 3 0 0
-2527.0 -5452.9 -131.4 289 0 13.4 10.9 5.0 2.5 2 0 2 3 3
-2553.8 -5618.7 -113.4 192 0 11.9 16.1 7.5 2.5 2 1 3 2 2
-2587.7 -5656.0 -104.8 277 0 7.1 11.6 2.5 2.5 2 1 1 4 4
-2605.2 -5691.3 -100.6 75 0 11.7 18.7 7.5 2.5 2 1 3 2 2
-2583.3 -5441.2 -130.8 274 0 10.2 6.8 10.0 2.5 2 0 4 1 1
-2569.7 -5493.5 -127.3 179 0 20.2 10.3 7.5 2.5 2 0 3 1 1
-2730.6 -5030.9 -127.6 325 0 7.3 6.8 7.5 2.5 2 0 3 4 4
-2750.7 -5079.7 -128.9 258 0 12.1 8.6 5.0 2.5 2 0 2 2 2
-2623.5 -4923.0 -128.4 17 0 9.5 12.9 2.5 2.5 2 1 1 0 0
-2648.1 -4967.5 -125.1 191 0 7.8 16.2 7.5 2.5 2 1 3 2 2
-2510.4 -5009.0 -129.5 176 0 7.6 9.4 7.5 2.5 2 1 3 3 3
-2451.0 -5026.3 -132.7 345 0 10.7 18.3 5.0 2.5 2 1 2 5 5
-2822.5 -4659.3 -131.3 55 0 13.4 7.2 7.5 2.5 2 0 3 1 1
-2882.9 -4660.3 -131.7 112 0 9.6 7.5 10.0 2.5 2 0 4 0 0
-2902.0 -4490.5 -124.8 3 0 10.6 7.6 7.5 2.5 2 0 3 1 1
-2960.3 -4540.1 -124.0 107 0 12.2 7.6 5.0 2.5 2 0 2 2 2
-2946.0 -4493.8 -121.4 261 0 7.7 17.2 5.0 2.5 2 1 2 4 4
-2974.9 -4759.4 -124.4 308 0 9.8 7.1 7.5 2.5 2 0 3 0 0
-3023.9 -4728.0 -121.9 287 0 9.4 8.4 5.0 2.5 2 0 2 5 5
-3025.3 -4861.3 -113.4 98 0 8.5 6.2 2.5 2.5 2 0 1 4 4
-2946.4 -4821.8 -127.6 28 0 8.7 6.7 7.5 2.5 2 0 3 5 5
-2955.5 -4853.3 -126.6 6 0 14.7 9.8 5.0 2.5 2 0 2 2 2
-2557.8 -5588.6 -117.4 174 0 16.1 7.5 2.5 2.5 2 0 1 3 3
-2554.4 -5657.0 -107.9 210 0 6.8 19.5 7.5 2.5 2 1 3 4 4
-2919.5 -4904.9 -130.7 207 0 8.0 6.3 5.0 0.0 0 0 2 4 4
-2284.9 -4476.7 -122.3 329 0 7.5 8.4 5.0 2.5 2 1 2 2 2
-2958.3 -5675.5 -81.3 280 0 7.2 11.7 5.0 2.5 2 1 2 0 0
-2777.6 -5547.0 -96.8 328 0 9.4 7.9 7.5 2.5 2 0 3 5 5
-2802.5 -5583.3 -90.4 145 0 7.0 8.6 7.5 2.5 2 1 3 2 2
2302.7 5685.4 -50.9 268 0 7.1 12.8 7.5 2.5 2 1 3 4 4
2167.0 5670.6 -56.1 164 0 8.9 33.1 12.5 2.5 2 1 5 1 1
3474.8 1674.8 78.6 165 0 6.4 113.4 10.0 0.0 0 1 4 1 1
2482.8 3717.7 90.2 34 0 12.4 8.9 7.5 2.5 2 0 3 4 4
2514.5 3570.4 124.2 64 0 19.2 7.5 2.5 2.5 2 0 1 0 0
2335.7 3571.3 126.9 18 0 6.8 15.3 5.0 2.5 2 1 2 4 4
2306.6 3597.7 127.2 212 0 6.6 18.7 5.0 2.5 2 1 2 1 1
2313.9 3694.0 110.3 72 0 6.8 15.8 7.5 2.5 2 1 3 3 3
2307.7 3764.3 109.3 0 0 11.6 8.3 7.5 2.5 2 0 3 4 4
2280.7 3806.6 105.7 264 0 23.6 8.0 5.0 2.5 2 0 2 4 4
2355.6 3804.8 101.9 64 0 12.7 6.9 5.0 2.5 2 0 2 3 3
1991.9 5656.1 -53.8 77 0 14.6 10.3 10.0 2.5 2 0 4 0 0
2124.9 5619.5 -62.3 253 0 10.5 6.2 7.5 2.5 2 0 3 2 2
2203.4 5625.7 -57.8 78 0 11.1 19.2 2.5 2.5 2 1 1 1 1
2166.2 5592.4 -58.4 92 0 15.4 11.0 2.5 2.5 2 0 1 1 1
2160.7 5604.0 -60.0 91 0 16.2 23.4 10.0 2.5 2 1 4 5 5
-1730.7 6331.7 -37.8 7 0 10.9 7.7 7.5 2.5 2 0 3 2 2
-1736.5 6350.5 -41.4 32 0 10.9 8.8 7.5 2.5 2 0 3 2 2
-1751.7 6444.0 -42.4 326 0 17.3 8.9 5.0 2.5 2 0 2 2 2
-1730.7 6387.2 -41.8 5 0 10.4 18.4 7.5 2.5 2 1 3 2 2
-1768.5 6344.0 -40.6 130 0 10.1 10.3 7.5 2.5 4 1 3 1 1
1679.2 5572.5 -49.7 64 0 15.4 7.3 2.5 2.5 2 0 1 4 4
1664.5 5599.9 -47.4 348 0 7.3 15.4 7.5 2.5 2 1 3 4 4
1613.8 5628.9 -49.1 260 0 12.0 9.9 7.5 2.5 2 0 3 3 3
1658.3 5630.8 -46.9 349 0 7.8 14.7 7.5 2.5 2 1 3 4 4
1677.7 5715.1 -45.8 300 0 12.7 10.9 5.0 2.5 2 0 2 5 5
1679.6 5812.0 -51.4 83 0 21.5 7.5 7.5 2.5 2 0 3 0 0
1737.6 5624.2 -50.9 237 0 7.8 6.4 5.0 2.5 2 0 2 0 0
1779.7 5570.4 -57.4 350 0 32.3 8.1 10.0 2.5 2 0 4 5 5
1757.0 5567.3 -56.5 168 0 29.2 10.2 10.0 2.5 2 0 4 2 2
1942.0 5650.3 -54.6 249 0 9.8 7.3 10.0 2.5 4 0 4 3 3
2015.8 5697.4 -53.5 321 0 9.0 15.7 10.0 2.5 2 1 4 1 1
-220.5 5820.8 32.5 29 0 16.6 9.1 7.5 2.5 2 0 3 5 5
-269.7 5902.4 35.5 217 0 7.4 15.3 7.5 2.5 2 1 3 4 4
619.0 6197.5 57.7 2 0 8.9 17.0 2.5 2.5 2 1 1 4 4
712.7 6108.7 48.0 265 0 18.1 13.4 2.5 2.5 2 0 1 1 1
683.9 6126.7 50.4 345 0 10.1 12.9 7.5 2.5 2 1 3 0 0
613.5 6134.9 50.2 167 0 6.4 14.2 7.5 2.5 2 1 3 5 5
734.3 6314.3 75.4 333 0 8.4 15.3 7.5 2.5 2 1 3 2 2
698.4 6311.2 74.8 200 0 18.8 8.5 5.0 0.0 0 0 2 3 3
-159.5 5815.7 27.9 268 0 21.2 9.8 5.0 2.5 2 0 2 0 0
-130.7 5883.1 37.3 280 0 25.2 30.9 12.5 0.0 0 1 5 3 3
-141.5 5902.9 44.6 330 0 11.9 17.9 2.5 0.0 0 1 1 2 2
-230.0 5994.8 45.6 338 0 11.9 10.8 5.0 2.5 2 0 2 4 4
-466.0 6182.6 41.2 64 0 10.1 18.9 7.5 2.5 2 1 3 5 5
-425.5 6194.4 46.6 77 0 9.0 37.6 12.5 2.5 2 1 5 2 2
-406.2 6199.0 49.7 78 0 8.1 43.4 7.5 2.5 4 1 3 0 0
-352.4 6215.2 57.2 79 0 9.3 38.7 12.5 2.5 2 1 5 4 4
-394.8 6292.4 55.3 239 0 11.2 26.2 10.0 0.0 0 1 4 2 2
-324.3 6222.4 58.9 67 0 9.2 33.4 7.5 2.5 2 1 3 4 4
-197.9 6177.4 64.1 85 0 14.3 9.8 5.0 2.5 2 0 2 4 4
-203.4 5839.9 35.9 38 0 8.6 13.7 2.5 2.5 4 1 1 3 3
363.4 5482.8 26.4 88 0 11.5 10.7 10.0 2.5 2 0 4 3 3
324.8 5496.0 24.7 281 0 14.7 16.6 7.5 2.5 2 1 3 0 0
634.9 5546.3 19.8 88 0 13.6 9.2 7.5 2.5 2 0 3 2 2
677.4 5673.4 18.2 2 0 7.1 14.7 7.5 2.5 2 1 3 5 5
473.3 5868.7 32.2 14 0 9.8 14.6 7.5 2.5 2 1 3 1 1
410.2 5770.5 40.7 282 0 10.0 12.7 10.0 2.5 2 1 4 2 2
357.8 5812.7 44.0 94 0 15.1 7.7 2.5 2.5 2 0 1 4 4
309.4 5694.6 30.7 278 0 7.3 9.0 5.0 2.5 2 1 2 0 0
319.0 5675.9 30.9 100 0 12.3 17.5 5.0 2.5 2 1 2 0 0
352.6 5693.0 33.0 21 0 10.1 15.7 7.5 2.5 2 1 3 1 1
258.2 5905.2 52.4 348 0 8.2 13.3 5.0 2.5 2 1 2 4 4
128.7 5778.3 40.8 0 0 14.8 9.1 7.5 2.5 2 0 3 4 4
126.5 5810.9 44.6 270 0 13.2 7.4 2.5 2.5 2 0 1 0 0
122.3 5826.9 47.8 90 0 12.1 6.2 5.0 0.0 0 0 2 5 5
98.6 5827.8 47.0 95 0 14.4 6.8 10.0 2.5 2 0 4 0 0
42.0 5778.3 34.3 185 0 13.1 19.3 10.0 2.5 2 1 4 1 1
33.9 5824.1 38.5 277 0 12.4 10.4 5.0 2.5 2 0 2 5 5
-1702.0 2070.0 33.8 162 0 29.0 8.9 10.0 0.0 0 0 4 5 5
-1665.0 2119.4 40.9 292 0 8.5 36.3 12.5 2.5 2 1 5 1 1
-1667.5 2070.5 40.2 64 0 9.9 14.0 5.0 2.5 2 1 2 5 5
-1753.4 1926.1 25.8 88 0 12.2 9.4 10.0 2.5 2 0 4 3 3
-2048.9 2215.4 -7.8 102 0 7.9 12.1 5.0 2.5 2 1 2 0 0
-4955.0 4543.4 -16.3 169 0 6.4 19.3 7.5 0.0 0 1 3 1 1
-4889.3 4471.7 -10.0 75 0 17.1 8.8 10.0 2.5 4 0 4 4 4
-4892.6 4512.9 -10.3 352 0 6.5 13.5 5.0 2.5 2 1 2 5 5
-4838.3 4513.0 -8.4 281 0 14.7 8.4 2.5 2.5 2 0 1 5 5
-5031.6 5234.5 -6.5 269 0 13.0 20.9 10.0 2.5 4 1 4 3 3
-5026.2 5337.5 -5.5 213 0 14.2 20.6 12.5 2.5 2 1 5 5 5
-6389.5 4823.0 -31.3 92 0 17.2 25.6 10.0 2.5 2 1 4 0 0
-6536.3 3257.8 -18.7 127 0 9.7 19.7 7.5 2.5 2 1 3 5 5
