2956.5 6369.2 -13.6 165 0 16.8 9.8 7.5 2.5 2 0 3 3 3
-177.6 5468.4 -21.1 96 0 13.9 11.1 5.0 2.5 2 0 2 2 2
6266.8 671.0 -6.5 352 0 11.2 12.2 5.0 0.0 0 1 2 3 3
6239.7 710.1 -5.5 186 0 14.4 9.8 7.5 2.5 2 0 3 5 5
6263.2 575.5 -7.4 181 0 10.8 15.1 5.0 2.5 2 1 2 5 5
6176.2 703.5 -5.0 355 0 11.4 10.1 7.5 2.5 2 0 3 4 4
5981.3 532.3 3.2 338 0 8.2 12.4 10.0 2.5 2 1 4 5 5
5946.2 574.1 0.1 78 0 10.7 9.4 2.5 2.5 2 0 1 5 5
6078.4 -1126.5 12.2 292 0 39.6 7.6 12.5 2.5 2 0 5 3 3
6288.6 -630.9 10.4 2 0 12.0 9.0 7.5 2.5 2 0 3 1 1
6227.4 -645.3 10.0 53 0 10.5 9.0 7.5 2.5 2 0 3 1 1
6116.4 -587.5 11.1 233 0 6.8 14.6 5.0 2.5 2 1 2 2 2
6157.4 -591.6 11.3 268 0 13.3 8.9 5.0 2.5 2 0 2 1 1
6070.4 -780.0 4.0 186 0 10.2 13.7 7.5 2.5 2 1 3 0 0
5878.2 -787.8 3.7 114 0 11.1 10.0 10.0 0.0 0 0 4 4 4
5893.9 -1014.4 12.8 112 0 7.5 7.6 7.5 2.5 2 1 3 5 5
6026.1 -1125.1 12.2 203 0 7.9 12.3 5.0 2.5 2 1 2 4 4
6074.0 -1165.2 14.1 110 0 26.9 10.7 17.5 0.0 0 0 7 0 0
6038.7 -1166.3 13.5 112 0 8.3 25.6 2.5 0.0 0 1 1 5 5
6058.2 -1141.6 12.8 111 0 24.1 8.3 7.5 2.5 2 0 3 2 2
6083.2 -1113.2 11.5 292 0 32.4 10.9 10.0 0.0 0 0 4 0 0
6128.1 -1151.0 13.5 22 0 7.9 31.8 12.5 2.5 2 1 5 0 0
6121.7 -1164.3 14.3 23 0 6.4 30.9 7.5 2.5 2 1 3 4 4
6103.1 -1201.3 15.7 113 0 7.7 32.4 7.5 2.5 2 1 3 3 3
6486.3 3107.3 -12.9 339 0 10.6 8.9 5.0 2.5 2 0 2 4 4
6462.3 3177.2 -13.6 129 0 12.4 7.7 7.5 2.5 4 0 3 4 4
6406.0 3169.4 -12.4 289 0 15.4 10.8 5.0 2.5 2 0 2 1 1
6648.5 2486.7 -7.3 9 0 11.9 14.4 7.5 2.5 2 1 3 0 0
6614.7 2553.2 -5.8 70 0 11.6 8.8 10.0 2.5 4 0 4 4 4
6703.7 2449.1 -9.6 160 0 10.0 17.2 7.5 2.5 4 1 3 0 0
6741.4 2481.6 -8.5 351 0 17.8 17.8 10.0 2.5 2 1 4 1 1
6724.7 2505.4 -8.1 263 0 12.4 12.1 7.5 2.5 2 0 3 0 0
6783.7 2581.3 -8.1 74 0 18.5 9.5 7.5 2.5 2 0 3 4 4
6854.2 2726.6 -12.7 52 0 11.0 10.1 7.5 2.5 2 0 3 0 0
6840.4 2745.4 -13.3 235 0 13.6 11.2 7.5 2.5 4 0 3 5 5
6737.6 2216.4 -9.3 179 0 17.2 10.9 10.0 2.5 2 0 4 1 1
6828.3 2224.9 -8.3 76 0 7.7 27.4 5.0 2.5 2 1 2 3 3
6816.9 2228.1 -8.2 74 0 8.0 15.4 5.0 2.5 2 1 2 0 0
6839.3 2273.7 -9.2 75 0 7.6 29.4 7.5 0.0 0 1 3 4 4
6819.7 2303.2 -9.1 258 0 7.2 33.2 2.5 0.0 0 1 1 1 1
6805.1 2314.7 -9.1 257 0 8.8 34.7 7.5 2.5 2 1 3 4 4
