5920.5 813.2 2.5 122 0 8.7 10.9 10.5 3.5 2 0 3 0 0
5908.6 849.0 1.6 135 0 8.5 23.4 10.5 3.5 2 0 3 2 2
5900.8 868.9 1.8 135 0 11.6 19.7 10.5 3.5 2 0 3 0 0
5882.3 867.7 1.8 130 0 8.9 25.0 10.5 3.5 2 0 3 4 4
5876.8 905.9 2.1 218 0 13.3 23.0 10.5 3.5 2 0 3 1 1
5862.3 961.6 3.2 135 0 7.3 32.7 10.5 0.0 0 0 3 2 2
5847.7 969.4 3.6 132 0 8.8 30.4 10.5 3.5 2 0 3 5 5
5935.5 920.1 1.8 316 0 6.5 20.8 10.5 3.5 2 0 3 3 3
5961.4 863.6 1.5 131 0 13.0 24.3 10.5 3.5 2 0 3 1 1
5969.2 889.5 1.5 311 0 7.3 21.2 10.5 3.5 2 0 3 4 4
5959.4 920.3 1.4 303 0 9.2 36.1 10.5 3.5 2 0 3 1 1
5913.2 928.9 2.1 311 0 6.2 9.1 10.5 3.5 2 0 3 5 5
5899.9 924.8 2.1 131 0 7.8 15.6 10.5 3.5 2 0 3 4 4
5911.1 956.0 2.4 312 0 10.3 15.3 10.5 3.5 2 0 3 4 4
5890.7 933.6 2.4 132 0 10.6 14.6 10.5 3.5 2 0 3 3 3
5927.6 1007.4 3.2 309 0 17.4 16.1 10.5 3.5 2 0 3 1 1
5877.5 946.4 2.6 132 0 23.7 51.6 10.5 3.5 2 0 3 3 3
5839.1 975.6 3.9 77 0 9.4 27.7 10.5 3.5 2 0 3 3 3
5821.1 1013.1 4.5 221 0 9.4 14.2 10.5 3.5 2 0 3 1 1
6303.8 731.8 4.8 67 0 81.1 45.3 14.0 0.0 0 0 4 0 0
1546.4 663.3 -11.4 263 0 7.8 13.0 7.5 2.5 2 1 3 0 0
1529.8 660.3 -13.2 261 0 7.0 10.9 2.5 2.5 2 1 1 5 5
669.6 913.2 -3.2 5 0 9.5 11.6 7.5 2.5 2 1 3 3 3
573.5 1002.0 -5.3 104 0 8.4 7.9 7.5 2.5 2 0 3 2 2
6276.4 688.6 4.4 246 0 7.4 25.8 14.0 3.5 2 1 4 3 3
6267.4 685.1 4.5 245 0 8.6 23.2 14.0 3.5 4 1 4 3 3
6262.1 700.3 4.7 247 0 7.2 13.1 14.0 3.5 2 1 4 3 3
6239.4 690.5 4.8 245 0 10.2 19.0 14.0 3.5 2 1 4 5 5
6209.8 633.8 4.3 133 0 14.9 11.9 14.0 3.5 2 0 4 0 0
6223.0 671.9 4.8 314 0 8.4 11.5 14.0 3.5 2 1 4 5 5
6200.6 649.3 4.4 133 0 10.9 18.8 14.0 3.5 2 1 4 5 5
6193.1 657.0 4.4 131 0 8.8 13.2 14.0 3.5 2 1 4 5 5
6196.9 700.1 4.8 289 0 9.4 19.7 14.0 3.5 2 1 4 0 0
6184.8 707.1 4.8 290 0 9.7 18.1 14.0 3.5 2 1 4 0 0
6435.6 497.7 4.1 132 0 15.2 12.0 5.0 2.5 2 0 2 3 3
6346.8 525.9 4.0 43 0 17.6 16.5 10.0 2.5 2 0 4 5 5
6338.0 568.1 4.0 311 0 11.3 15.2 10.0 2.5 2 1 4 2 2
6301.9 579.5 4.3 265 0 8.9 16.5 7.5 2.5 2 1 3 0 0
6048.1 841.1 2.7 294 0 13.2 18.1 10.5 3.5 2 1 3 1 1
6060.4 755.8 3.6 66 0 30.0 11.4 10.5 3.5 2 0 3 1 1
4462.6 3279.9 10.6 206 0 11.2 13.4 7.5 2.5 2 1 3 1 1
4508.4 3233.9 8.2 104 0 6.3 11.9 7.5 2.5 2 1 3 4 4
