-4039.1 6275.2 370.8 237 0 17.3 41.7 12.5 2.5 2 0 5 5 5
6887.4 -3133.2 -366.5 272 0 8.2 9.2 14.0 3.5 2 0 4 3 3
6875.0 -3125.7 -366.5 278 0 7.6 27.0 14.0 3.5 2 0 4 5 5
6852.6 -3109.0 -368.2 91 0 8.3 15.7 14.0 3.5 2 0 4 2 2
6895.1 -3115.6 -367.5 94 0 8.4 16.3 14.0 0.0 0 1 4 5 5
6914.1 -3093.7 -367.6 4 0 7.3 27.3 14.0 3.5 2 1 4 1 1
6353.5 -2717.4 -364.5 117 0 9.6 15.6 7.5 2.5 2 0 3 0 0
6793.9 -2582.7 -329.3 255 0 9.8 8.7 5.0 2.5 2 0 2 5 5
6742.1 -2687.1 -355.3 155 0 10.9 8.8 2.5 2.5 2 0 1 2 2
6774.4 -2660.9 -345.4 75 0 11.0 16.8 7.5 2.5 2 0 3 2 2
6830.9 -2644.8 -328.5 93 0 13.3 11.8 7.5 2.5 2 0 3 4 4
6905.5 -2693.9 -332.2 32 0 11.3 10.9 7.5 2.5 2 0 3 5 5
6806.4 -2721.9 -351.9 325 0 10.8 13.9 5.0 2.5 2 0 2 1 1
6853.6 -2741.1 -351.9 330 0 7.7 13.4 7.5 2.5 2 0 3 1 1
6857.6 -2769.5 -356.7 74 0 14.0 9.3 5.0 2.5 2 0 2 4 4
6884.1 -2798.0 -360.8 142 0 8.1 18.5 7.5 0.0 0 1 3 5 5
6814.2 -5201.2 -368.5 32 0 15.3 21.8 15.0 0.0 0 1 6 3 3
6862.6 -5246.9 -376.4 128 0 14.0 13.1 5.0 2.5 2 0 2 3 3
6894.0 -5257.7 -375.8 94 0 12.4 9.7 2.5 2.5 2 0 1 4 4
6896.1 -5275.4 -377.8 167 0 7.6 12.5 5.0 2.5 2 1 2 2 2
6847.4 -5316.9 -380.3 148 0 6.7 7.2 7.5 2.5 2 1 3 0 0
6912.3 -5453.3 -379.1 34 0 6.2 9.3 10.0 2.5 2 1 4 3 3
6915.4 -5432.5 -381.2 98 0 15.1 7.6 7.5 2.5 4 0 3 5 5
6805.6 -5494.6 -355.9 346 0 12.7 11.1 7.5 2.5 2 0 3 0 0
6775.2 -5352.5 -366.1 60 0 9.6 14.5 5.0 2.5 2 1 2 1 1
6769.1 -5302.4 -374.8 262 0 8.4 17.0 7.5 2.5 4 1 3 1 1
6789.3 -5313.2 -376.0 330 0 10.8 7.8 5.0 2.5 2 0 2 3 3
6795.2 -5347.2 -372.6 65 0 7.3 13.4 7.5 2.5 2 1 3 2 2
6840.6 -5354.9 -378.1 343 0 9.6 12.6 7.5 2.5 4 1 3 1 1
6802.0 -5400.3 -376.6 165 0 7.4 53.3 12.5 0.0 0 1 5 0 0
6842.2 -5477.5 -365.9 21 0 9.2 7.1 7.5 2.5 2 0 3 2 2
6820.4 -5467.2 -364.9 206 0 9.7 16.1 7.5 2.5 2 1 3 3 3
6849.1 -5464.3 -368.7 63 0 11.3 17.9 7.5 2.5 2 1 3 1 1
6899.3 -4847.9 -335.1 180 0 42.2 12.0 12.5 2.5 4 0 5 3 3
6879.6 -4781.3 -324.2 13 0 39.3 11.9 10.0 2.5 2 0 4 2 2
6892.1 -6587.4 -360.7 89 0 7.0 13.7 7.5 2.5 2 1 3 2 2
6823.9 -6349.3 -309.9 225 0 6.7 14.0 2.5 2.5 2 1 1 2 2
6840.1 -6340.9 -315.5 247 0 6.1 10.5 7.5 2.5 2 1 3 4 4
6856.3 -6382.5 -325.7 114 0 7.0 8.7 7.5 0.0 0 1 3 5 5
6905.2 -6305.1 -348.8 348 0 11.2 8.0 7.5 2.5 2 0 3 4 4
6911.1 -5494.8 -377.0 51 0 7.1 11.9 5.0 2.5 2 1 2 0 0
6864.4 -5780.2 -358.6 173 0 10.1 6.4 7.5 0.0 0 0 3 2 2
6888.1 -5776.2 -361.8 350 0 10.5 15.1 5.0 2.5 2 1 2 5 5
6548.5 -4443.5 -220.1 351 0 13.6 9.4 5.0 2.5 4 0 2 2 2
6340.2 -4772.1 -244.2 99 0 8.8 8.1 5.0 2.5 2 0 2 5 5
6337.2 -4805.0 -256.1 275 0 11.1 8.9 5.0 2.5 2 0 2 1 1
6428.4 -4918.4 -281.2 125 0 17.0 11.9 7.5 2.5 2 0 3 0 0
6496.0 -4847.6 -254.5 63 0 7.0 7.4 10.0 2.5 4 1 4 5 5
6662.0 -4810.1 -252.5 290 0 7.8 9.4 5.0 2.5 2 1 2 0 0
6584.7 -3184.8 -356.3 56 0 10.1 6.7 7.5 2.5 2 0 3 3 3
6601.9 -3136.2 -356.0 261 0 10.9 10.3 10.0 2.5 2 0 4 2 2
6604.8 -3110.6 -358.0 90 0 11.0 9.0 7.5 2.5 2 0 3 1 1
6601.4 -3079.5 -359.9 255 0 8.2 7.4 7.5 2.5 2 0 3 3 3
6616.8 -3078.2 -361.1 338 0 8.3 9.9 10.0 2.5 2 1 4 5 5
6421.4 -3222.1 -342.1 240 0 8.5 11.9 7.5 2.5 2 1 3 4 4
6325.2 -3171.4 -337.9 91 0 9.6 12.1 10.0 2.5 4 1 4 5 5
6312.2 -3199.4 -337.0 184 0 7.7 8.7 7.5 2.5 2 1 3 2 2
6367.3 -3214.7 -334.7 8 0 8.9 16.9 10.0 2.5 2 1 4 5 5
6334.3 -3256.8 -334.7 86 0 11.7 16.8 7.5 2.5 2 1 3 0 0
6346.5 -3247.2 -333.8 95 0 6.7 9.4 7.5 0.0 0 1 3 5 5
6369.3 -3233.3 -336.2 75 0 15.5 7.5 7.5 2.5 2 0 3 2 2
6394.6 -3221.3 -339.6 75 0 35.7 8.9 10.0 0.0 0 0 4 2 2
6384.8 -3179.2 -336.0 2 0 8.1 32.6 15.0 0.0 0 1 6 4 4
6383.5 -3168.4 -335.9 2 0 8.5 25.3 5.0 2.5 2 1 2 1 1
6366.1 -3136.2 -335.0 330 0 7.0 23.3 2.5 2.5 2 1 1 1 1
6377.7 -3134.4 -335.5 348 0 11.1 7.5 10.0 2.5 2 0 4 1 1
6384.8 -3153.8 -336.7 83 0 6.2 29.1 5.0 2.5 2 1 2 3 3
6398.7 -3147.4 -339.6 82 0 9.3 34.4 10.0 2.5 4 1 4 1 1
6423.7 -3104.1 -345.0 79 0 24.1 10.8 12.5 2.5 2 0 5 3 3
6454.8 -3115.5 -344.4 80 0 8.0 18.5 5.0 2.5 4 1 2 5 5
6498.1 -3085.9 -349.6 322 0 8.2 7.1 5.0 2.5 2 0 2 4 4
6520.2 -3129.8 -349.7 268 0 19.1 7.6 7.5 2.5 2 0 3 2 2
6530.2 -3108.2 -352.0 118 0 14.9 8.4 2.5 2.5 2 0 1 3 3
6549.0 -3128.8 -351.5 283 0 12.8 11.1 7.5 2.5 2 0 3 5 5
6582.0 -3114.8 -355.7 90 0 11.0 7.0 10.0 2.5 2 0 4 4 4
6569.1 -3118.1 -355.1 92 0 11.1 16.2 5.0 2.5 2 1 2 3 3
6566.1 -3076.6 -356.9 2 0 6.2 9.9 10.0 0.0 0 1 4 4 4
6540.4 -3037.4 -357.7 280 0 6.6 10.4 5.0 2.5 2 1 2 5 5
6542.7 -2966.7 -363.2 237 0 8.0 6.2 2.5 2.5 2 0 1 1 1
6535.0 -2979.6 -362.1 82 0 7.5 7.9 2.5 2.5 2 1 1 1 1
6515.1 -2959.3 -361.3 267 0 7.1 7.4 5.0 0.0 0 1 2 5 5
6525.9 -2956.8 -362.4 231 0 7.3 6.3 7.5 2.5 2 0 3 4 4
6539.8 -2953.6 -363.6 236 0 6.0 7.6 7.5 2.5 2 1 3 0 0
6591.1 -2960.4 -366.7 45 0 15.8 8.8 7.5 2.5 2 0 3 4 4
6728.4 -2619.4 -351.1 176 0 6.1 7.7 7.5 2.5 2 1 3 3 3
6702.2 -3151.6 -363.3 169 0 6.3 9.4 10.5 3.5 2 1 3 4 4
6758.1 -3123.3 -364.4 260 0 12.6 6.6 10.5 3.5 4 0 3 5 5
6736.2 -3104.1 -365.7 80 0 11.4 12.2 7.5 2.5 2 1 3 2 2
6742.0 -3127.7 -363.9 250 0 8.0 9.5 10.5 0.0 0 1 3 0 0
6836.7 -3121.9 -366.2 280 0 8.3 17.8 14.0 3.5 2 1 4 4 4
6820.1 -3170.0 -365.2 192 0 6.3 11.2 14.0 3.5 2 1 4 0 0
6824.5 -3152.5 -365.5 197 0 15.6 11.4 14.0 3.5 2 0 4 0 0
6848.7 -3144.1 -366.1 186 0 8.8 12.1 14.0 3.5 2 1 4 4 4
6800.1 -3128.7 -365.1 290 0 6.5 7.4 10.5 3.5 2 1 3 4 4
6793.1 -3126.9 -364.9 297 0 6.9 21.0 10.5 3.5 2 1 3 1 1
6774.0 -3175.7 -366.8 347 0 7.7 9.7 10.5 0.0 0 1 3 4 4
6780.5 -3188.6 -366.5 358 0 6.8 7.1 10.5 3.5 4 1 3 4 4
6881.8 -3234.9 -364.3 169 0 7.6 9.8 10.5 3.5 2 1 3 1 1
6834.9 -3200.7 -365.0 259 0 11.0 13.5 14.0 3.5 2 1 4 1 1
6827.1 -3247.9 -362.8 336 0 8.0 13.0 10.5 3.5 2 1 3 2 2
6786.2 -3236.9 -367.4 255 0 13.1 11.4 10.5 3.5 2 0 3 4 4
6765.8 -3240.0 -368.8 259 0 10.5 8.3 10.5 3.5 2 0 3 3 3
6743.1 -3257.4 -370.7 248 0 15.1 9.5 10.5 3.5 2 0 3 0 0
6782.3 -3277.6 -367.5 94 0 9.7 7.5 10.5 3.5 2 0 3 5 5
6790.8 -3250.8 -367.5 241 0 14.8 13.6 10.5 3.5 2 0 3 1 1
6798.9 -3277.4 -365.0 72 0 11.0 9.7 10.5 3.5 2 0 3 5 5
6794.1 -3352.2 -357.4 138 0 7.3 6.7 10.5 3.5 2 0 3 4 4
6843.6 -3302.8 -355.8 326 0 10.0 13.2 10.5 3.5 2 1 3 3 3
6850.3 -3378.9 -355.3 68 0 7.8 11.4 10.5 3.5 2 1 3 0 0
6907.8 -3345.1 -351.4 352 0 9.2 14.8 10.5 3.5 2 1 3 4 4
6876.8 -3256.8 -360.6 241 0 7.9 9.5 10.5 3.5 2 1 3 3 3
6892.4 -3282.9 -357.9 343 0 16.1 13.6 10.5 3.5 2 0 3 0 0
6806.9 -5559.1 -350.1 29 0 6.2 9.1 7.5 2.5 2 1 3 3 3
6081.8 -3296.6 -321.3 178 0 13.4 11.4 5.0 2.5 2 0 2 1 1
6086.1 -3221.6 -325.2 223 0 7.9 11.2 5.0 2.5 2 1 2 4 4
6123.4 -3162.9 -335.3 243 0 6.6 10.5 5.0 2.5 2 1 2 3 3
6122.3 -3214.4 -331.9 40 0 7.0 11.6 7.5 2.5 2 1 3 3 3
6165.1 -3194.2 -340.4 21 0 8.0 6.2 5.0 2.5 2 0 2 4 4
6302.1 -3095.1 -353.2 216 0 19.9 8.5 5.0 2.5 2 0 2 0 0
6496.9 -3245.3 -350.2 90 0 7.2 8.9 10.0 2.5 2 1 4 4 4
6184.3 -3378.3 -320.7 86 0 7.6 15.2 5.0 2.5 2 1 2 3 3
6328.5 -3498.3 -272.1 175 0 6.3 10.9 7.5 2.5 2 1 3 5 5
6372.6 -3428.8 -306.8 102 0 14.0 6.8 7.5 0.0 0 0 3 2 2
6301.8 -3376.2 -325.3 110 0 13.9 11.3 2.5 2.5 4 0 1 5 5
6319.3 -3378.5 -324.7 98 0 10.1 17.3 5.0 2.5 2 1 2 0 0
6323.9 -3266.3 -333.8 56 0 13.4 7.7 5.0 2.5 2 0 2 3 3
6352.4 -3288.9 -330.9 279 0 8.0 6.6 7.5 2.5 2 0 3 2 2
6370.2 -3336.2 -328.7 30 0 8.4 7.2 10.0 2.5 2 0 4 0 0
6388.1 -3342.6 -332.4 85 0 10.9 7.7 7.5 2.5 2 0 3 5 5
6404.7 -3284.2 -340.4 59 0 7.1 8.5 7.5 2.5 2 1 3 1 1
6405.4 -3234.0 -340.1 265 0 6.7 7.1 2.5 2.5 2 1 1 4 4
6451.6 -3275.8 -346.3 76 0 7.3 10.4 7.5 2.5 2 1 3 0 0
6502.5 -3338.5 -348.3 148 0 15.1 11.0 5.0 2.5 2 0 2 0 0
6531.5 -3336.8 -349.5 332 0 11.2 9.6 10.0 2.5 2 0 4 3 3
6556.5 -3260.1 -358.4 247 0 11.6 14.3 7.5 2.5 2 1 3 2 2
6601.1 -3199.4 -359.6 175 0 11.6 11.5 7.5 2.5 2 0 3 5 5
6599.5 -3218.5 -360.2 269 0 9.1 10.5 7.5 0.0 0 1 3 0 0
6143.1 -2782.7 -349.9 86 0 24.6 15.2 12.5 2.5 2 0 5 4 4
6133.7 -2745.7 -350.5 326 0 8.2 15.3 7.5 2.5 4 1 3 0 0
6085.9 -2726.1 -349.6 197 0 9.3 8.7 5.0 2.5 4 0 2 0 0
6066.0 -2733.8 -346.3 185 0 6.3 8.6 2.5 2.5 2 1 1 3 3
6196.2 -2820.2 -350.5 269 0 10.8 14.7 7.5 0.0 0 1 3 0 0
6134.9 -3005.8 -336.8 183 0 15.7 7.6 7.5 2.5 2 0 3 2 2
6153.7 -2967.5 -337.8 283 0 11.5 14.7 7.5 2.5 2 1 3 3 3
6261.8 -2897.8 -359.6 102 0 6.0 9.0 7.5 2.5 4 1 3 1 1
6210.3 -2965.1 -348.5 26 0 13.9 9.1 2.5 2.5 4 0 1 1 1
6212.7 -2912.2 -350.1 197 0 13.0 8.7 7.5 2.5 2 0 3 5 5
6187.3 -3042.2 -351.6 94 0 11.5 9.2 10.0 2.5 2 0 4 5 5
6425.2 -2959.2 -355.1 268 0 6.3 12.1 5.0 0.0 0 1 2 5 5
6406.1 -3017.1 -351.2 91 0 6.9 7.9 7.5 2.5 4 1 3 3 3
6415.3 -3016.9 -350.9 89 0 8.5 6.7 7.5 2.5 2 0 3 2 2
6382.0 -2968.6 -353.1 268 0 14.7 10.0 10.0 0.0 0 0 4 3 3
6304.2 -2995.0 -356.6 125 0 12.5 12.5 5.0 2.5 2 1 2 3 3
6311.0 -3010.7 -357.6 285 0 10.1 7.6 2.5 2.5 2 0 1 3 3
6357.2 -3025.6 -352.8 304 0 6.9 9.9 5.0 2.5 2 1 2 3 3
6381.4 -3043.0 -351.0 302 0 8.1 9.4 5.0 2.5 4 1 2 0 0
6373.4 -3035.2 -351.7 305 0 10.2 14.4 5.0 2.5 2 1 2 5 5
6414.1 -3130.2 -341.4 79 0 11.7 20.6 5.0 2.5 2 1 2 5 5
6421.2 -3043.8 -349.6 272 0 15.9 11.9 7.5 2.5 2 0 3 4 4
6385.2 -2656.5 -357.4 337 0 12.3 6.1 7.5 2.5 4 0 3 1 1
6464.1 -2478.0 -324.3 332 0 6.8 7.8 7.5 2.5 2 1 3 5 5
6407.4 -2581.4 -341.6 191 0 9.6 8.7 10.0 2.5 4 0 4 2 2
6354.4 -2543.2 -343.2 330 0 10.1 7.6 2.5 2.5 4 0 1 0 0
6329.3 -2515.1 -336.5 316 0 12.2 16.9 5.0 2.5 2 1 2 1 1
6284.2 -2516.4 -331.7 245 0 10.5 10.2 7.5 2.5 2 0 3 4 4
6261.2 -2590.6 -343.6 230 0 14.9 8.6 5.0 2.5 2 0 2 3 3
6321.9 -2594.5 -347.3 27 0 13.8 11.2 10.0 2.5 2 0 4 4 4
6443.0 -2693.4 -355.8 86 0 12.3 9.3 7.5 0.0 0 0 3 1 1
6477.7 -2746.1 -365.4 283 0 11.2 13.4 7.5 2.5 2 1 3 5 5
6477.0 -2705.0 -359.0 183 0 11.7 11.5 7.5 2.5 2 0 3 1 1
6554.7 -2742.3 -365.6 267 0 8.1 13.3 2.5 2.5 4 1 1 0 0
6575.1 -2732.9 -365.0 86 0 11.4 8.1 10.0 2.5 2 0 4 0 0
6577.9 -2742.0 -366.0 266 0 9.7 7.1 7.5 0.0 0 0 3 2 2
6596.6 -2774.5 -367.6 91 0 12.7 9.8 7.5 2.5 2 0 3 3 3
6673.3 -2533.3 -352.0 164 0 10.1 11.9 7.5 2.5 2 1 3 5 5
6717.7 -2539.4 -346.9 354 0 9.9 13.0 2.5 2.5 2 1 1 5 5
6717.8 -2518.1 -344.7 320 0 12.7 9.4 7.5 2.5 2 0 3 4 4
6706.2 -2466.3 -342.9 342 0 10.7 15.6 10.0 2.5 2 1 4 3 3
6699.2 -2323.4 -320.1 91 0 8.4 11.9 2.5 2.5 2 1 1 4 4
6853.6 -3167.8 -365.8 188 0 8.4 10.0 14.0 3.5 2 1 4 3 3
6909.0 -3133.4 -366.6 6 0 7.2 7.6 14.0 3.5 4 1 4 1 1
6909.1 -3147.8 -366.5 131 0 10.0 8.8 14.0 3.5 2 0 4 1 1
3459.8 -1641.5 88.2 329 0 6.0 7.9 10.0 2.5 2 1 4 3 3
4948.6 -3437.7 -217.8 91 0 6.9 23.7 5.0 2.5 2 1 2 2 2
4933.5 -3437.7 -215.6 91 0 6.3 23.7 5.0 0.0 0 1 2 1 1
4910.6 -3447.9 -211.8 93 0 7.4 24.8 5.0 2.5 2 1 2 2 2
3413.8 -1595.1 105.6 277 0 6.3 7.3 5.0 2.5 2 1 2 1 1
3380.0 -1320.8 131.5 185 0 7.7 10.8 5.0 2.5 2 1 2 5 5
3098.4 -1327.8 175.0 19 0 6.9 9.6 7.5 2.5 2 1 3 0 0
3567.7 -1624.8 78.4 101 0 7.5 13.3 5.0 2.5 2 1 2 0 0
3383.0 -1506.3 121.9 266 0 8.0 13.4 7.5 2.5 2 1 3 5 5
3282.4 -1541.4 134.4 73 0 7.9 9.3 2.5 2.5 2 1 1 3 3
3309.9 -1598.8 122.8 359 0 6.4 6.8 5.0 2.5 2 1 2 4 4
3277.7 -1640.9 121.2 37 0 6.1 8.5 7.5 2.5 2 1 3 0 0
3186.5 -1523.3 145.3 272 0 7.1 9.0 5.0 2.5 2 1 2 1 1
3195.2 -1388.3 152.2 27 0 10.3 6.9 7.5 2.5 2 0 3 1 1
3170.6 -897.5 70.9 127 0 11.7 8.5 2.5 2.5 2 0 1 0 0
3064.8 -864.1 71.7 99 0 7.0 9.3 7.5 2.5 2 1 3 0 0
2902.5 -746.7 60.1 100 0 10.9 7.5 7.5 2.5 4 0 3 4 4
2909.2 -603.8 26.9 143 0 8.1 15.6 7.5 2.5 2 1 3 0 0
3115.0 -715.4 44.5 112 0 8.9 9.3 7.5 0.0 0 1 3 3 3
3131.3 -656.6 35.8 242 0 9.0 18.1 2.5 2.5 2 1 1 4 4
4342.7 -600.1 -59.8 117 0 6.5 7.6 10.0 2.5 2 1 4 5 5
4368.5 -562.4 -51.9 308 0 21.2 7.5 7.5 2.5 2 0 3 5 5
4367.5 -582.0 -54.8 38 0 7.3 22.5 7.5 2.5 4 1 3 0 0
5000.3 -1949.7 -308.4 158 0 18.7 7.2 5.0 2.5 2 0 2 1 1
3968.5 -1781.3 -119.8 60 0 8.9 10.2 5.0 2.5 2 1 2 5 5
4172.3 -1881.8 -160.4 176 0 11.7 7.7 7.5 2.5 2 0 3 0 0
4101.2 -1853.2 -152.2 109 0 7.6 9.1 5.0 2.5 2 1 2 3 3
4062.8 -1793.5 -139.7 318 0 8.5 8.8 5.0 2.5 2 1 2 3 3
4397.2 -2303.6 -237.9 270 0 7.4 8.0 7.5 0.0 0 1 3 1 1
4429.4 -2319.3 -244.4 276 0 11.7 8.0 10.0 2.5 2 0 4 4 4
4297.0 -2198.3 -210.3 311 0 7.1 11.7 10.0 2.5 2 1 4 1 1
4251.3 -2165.9 -202.9 139 0 8.2 12.1 7.5 2.5 2 1 3 0 0
4086.6 -2095.1 -179.1 176 0 12.2 8.5 10.0 2.5 2 0 4 1 1
4043.8 -1923.1 -159.4 161 0 12.7 23.4 12.5 2.5 2 1 5 4 4
5158.7 -1975.4 -283.1 99 0 9.5 7.6 10.0 2.5 2 0 4 2 2
5210.6 -1869.6 -269.8 43 0 8.2 13.6 10.0 2.5 2 1 4 1 1
4707.9 -2112.6 -267.5 84 0 10.6 7.4 10.0 2.5 2 0 4 5 5
4741.4 -2100.3 -271.5 87 0 12.2 6.4 7.5 2.5 2 0 3 4 4
4918.7 -2054.3 -311.4 23 0 11.3 6.7 7.5 2.5 4 0 3 2 2
5041.6 -2406.9 -327.0 8 0 11.9 20.1 12.5 2.5 2 1 5 4 4
5002.9 -2222.7 -338.1 263 0 9.1 20.6 12.5 2.5 2 1 5 4 4
4992.3 -2162.5 -336.5 330 0 22.0 7.1 7.5 2.5 2 0 3 5 5
4977.5 -2117.2 -333.8 300 0 9.2 15.0 7.5 2.5 2 1 3 2 2
5005.0 -2148.6 -334.7 175 0 9.5 12.1 7.5 2.5 2 1 3 1 1
4988.0 -1905.3 -305.9 158 0 9.2 8.3 7.5 2.5 2 0 3 2 2
4988.8 -2032.3 -319.4 46 0 14.1 8.4 5.0 2.5 2 0 2 1 1
-6914.0 -3704.8 -106.3 168 0 7.2 17.3 7.5 0.0 0 1 3 5 5
-6837.4 -3763.5 -68.0 70 0 10.6 6.8 7.5 2.5 2 0 3 4 4
-6828.1 -3758.6 -66.5 70 0 6.8 7.4 7.5 0.0 0 1 3 1 1
-6817.1 -3729.9 -69.6 282 0 8.2 10.0 7.5 2.5 2 1 3 3 3
-6762.4 -3781.3 -39.7 97 0 11.5 15.5 7.5 2.5 4 1 3 2 2
-6601.5 -3671.6 -42.2 347 0 7.2 10.4 7.5 2.5 2 1 3 2 2
-6672.2 -3712.1 -40.5 257 0 11.7 6.6 7.5 2.5 2 0 3 0 0
-6650.6 -3774.7 -12.9 72 0 9.0 11.2 7.5 2.5 2 1 3 4 4
-6549.6 -3760.1 9.9 57 0 10.9 7.4 7.5 2.5 2 0 3 4 4
-6592.5 -3735.2 -9.4 159 0 8.1 13.5 7.5 2.5 2 1 3 5 5
-6614.0 -3865.7 36.8 333 0 8.9 12.5 5.0 2.5 4 1 2 1 1
-6509.2 -3818.2 45.5 150 0 10.1 8.4 7.5 2.5 4 0 3 5 5
-6488.7 -3732.4 24.4 156 0 8.8 20.0 7.5 2.5 2 1 3 5 5
-6453.3 -3750.6 35.1 92 0 20.5 9.3 7.5 2.5 2 0 3 3 3
-6396.0 -3715.8 51.1 200 0 11.5 10.1 7.5 2.5 2 0 3 4 4
-6208.7 -3699.3 153.2 203 0 16.0 9.6 7.5 2.5 2 0 3 3 3
-6592.4 -3927.3 74.1 341 0 8.4 15.7 7.5 2.5 2 1 3 0 0
-6700.7 -3962.6 58.1 260 0 15.4 8.9 7.5 2.5 4 0 3 2 2
-6747.6 -3991.1 52.7 76 0 9.9 8.6 7.5 0.0 0 0 3 5 5
-6811.2 -4156.8 137.2 19 0 11.0 8.0 7.5 0.0 0 0 3 5 5
-6901.8 -4105.9 74.7 201 0 15.7 10.2 7.5 2.5 4 0 3 3 3
-6863.4 -2962.7 74.0 333 0 15.7 15.4 5.0 2.5 2 0 2 4 4
-6837.6 -3009.5 69.2 328 0 11.6 9.9 7.5 2.5 2 0 3 2 2
-6888.0 -3088.4 32.8 179 0 11.3 21.4 7.5 2.5 2 1 3 5 5
-6825.6 -3117.8 33.0 333 0 12.3 9.7 5.0 2.5 2 0 2 3 3
-6805.7 -3178.5 12.8 345 0 12.9 19.8 12.5 2.5 2 1 5 3 3
-6909.7 -3142.1 8.3 151 0 13.8 11.1 7.5 2.5 2 0 3 1 1
-6893.1 -3383.8 -56.7 203 0 10.3 15.2 5.0 2.5 2 1 2 2 2
-6829.1 -3346.9 -29.8 126 0 8.9 15.4 7.5 2.5 2 1 3 3 3
-6871.5 -3412.6 -63.0 15 0 11.0 15.8 7.5 2.5 2 1 3 1 1
-6767.5 -3491.3 -63.9 197 0 10.8 13.6 5.0 2.5 4 1 2 4 4
-6734.8 -3479.3 -54.0 30 0 10.1 11.2 7.5 2.5 2 1 3 3 3
