-2174.7 -6672.2 25.7 190 0 10.6 40.8 12.5 0.0 0 0 5 3 3
-2820.0 -5812.5 37.0 101 0 12.1 19.0 2.5 2.5 2 1 1 2 2
-3327.1 -5737.9 47.2 2 0 12.8 15.0 2.5 2.5 2 1 1 4 4
-1562.9 -6402.4 30.9 76 0 8.3 8.6 7.5 2.5 2 1 3 5 5
-1579.6 -6017.9 37.4 2 0 8.8 12.7 7.5 2.5 2 1 3 5 5
-1604.8 -6066.1 36.0 183 0 10.6 10.6 5.0 2.5 2 1 2 4 4
-1439.8 -5863.5 39.0 261 0 24.8 16.3 10.0 2.5 2 0 4 0 0
-1440.9 -5841.4 35.9 186 0 21.5 6.5 7.5 2.5 2 0 3 3 3
-6359.1 -2165.7 4.4 269 0 8.1 6.7 12.0 2.5 2 0 3 1 1
-3365.7 -5786.4 36.0 301 0 17.5 9.4 7.5 2.5 2 0 3 2 2
-1213.9 -6752.3 33.5 240 0 18.1 13.6 2.5 2.5 2 0 1 3 3
-1368.8 -6848.1 33.9 86 0 11.4 13.8 7.5 2.5 2 0 3 1 1
-1376.2 -6829.4 33.7 171 0 10.9 11.3 7.5 2.5 2 0 3 0 0
-1344.5 -6846.4 34.2 93 0 20.8 8.8 7.5 2.5 2 0 3 2 2
-1308.6 -6849.2 34.7 90 0 18.3 9.0 5.0 2.5 2 0 2 4 4
-1291.0 -6848.8 35.1 173 0 9.7 19.4 7.5 2.5 2 1 3 4 4
-1274.7 -6887.5 35.9 89 0 14.9 7.7 7.5 2.5 2 0 3 3 3
-1252.0 -6874.8 35.9 98 0 12.8 12.2 10.0 0.0 0 0 4 2 2
-1212.5 -6822.2 35.1 352 0 13.1 24.0 10.0 2.5 2 1 4 1 1
-1430.9 -6794.5 31.7 42 0 11.6 20.0 5.0 2.5 2 1 2 0 0
-1387.8 -6733.0 30.5 69 0 11.1 9.8 5.0 2.5 2 0 2 5 5
-1408.2 -6705.6 29.5 269 0 8.1 11.1 7.5 2.5 2 1 3 5 5
-1401.0 -6773.8 31.8 142 0 16.9 8.2 10.0 2.5 2 0 4 0 0
-1358.1 -6716.2 30.0 84 0 13.8 15.2 7.5 2.5 4 1 3 4 4
-1447.4 -6728.5 29.4 131 0 12.1 12.5 7.5 2.5 2 1 3 4 4
-1463.2 -6721.2 28.9 127 0 10.0 12.8 7.5 2.5 2 1 3 0 0
-1261.3 -6715.2 31.5 84 0 18.7 10.1 5.0 2.5 2 0 2 4 4
-1243.4 -6722.0 32.0 85 0 12.0 11.4 7.5 2.5 4 0 3 0 0
-1316.9 -6733.0 31.8 260 0 12.8 18.7 5.0 2.5 2 1 2 3 3
-1530.0 -6777.4 30.4 139 0 11.1 37.0 10.0 2.5 2 1 4 5 5
-1531.2 -6730.0 28.8 319 0 11.1 28.7 12.5 2.5 2 1 5 1 1
-1505.5 -6770.0 31.0 140 0 7.7 14.6 10.0 2.5 2 1 4 5 5
-1531.4 -6788.5 29.8 50 0 9.5 46.9 10.0 2.5 2 1 4 2 2
-1582.0 -6733.9 28.6 230 0 8.5 25.3 5.0 0.0 0 1 2 3 3
-1537.9 -6699.4 27.6 320 0 8.7 46.7 10.0 2.5 2 1 4 2 2
-1553.4 -6728.7 28.6 230 0 14.4 7.3 7.5 2.5 2 0 3 0 0
-1519.6 -6718.9 28.4 321 0 8.3 14.7 7.5 2.5 4 1 3 1 1
-1592.5 -6629.3 25.7 257 0 32.6 21.1 10.0 0.0 0 0 4 3 3
-1135.7 -6855.3 36.5 236 0 13.7 13.7 5.0 2.5 2 1 2 5 5
-1078.8 -6842.1 35.7 232 0 10.2 15.7 7.5 0.0 0 1 3 4 4
-1075.9 -6793.2 34.7 240 0 9.3 10.6 7.5 2.5 2 1 3 2 2
-1043.6 -6774.7 33.9 231 0 7.6 19.0 7.5 2.5 2 1 3 2 2
-936.2 -6754.9 32.6 250 0 10.8 13.5 7.5 2.5 2 1 3 4 4
-971.0 -6781.6 32.9 129 0 7.5 18.6 5.0 2.5 2 1 2 3 3
-918.2 -6719.0 32.5 84 0 7.9 8.9 5.0 2.5 4 1 2 4 4
-841.5 -6818.8 34.5 338 0 13.7 12.4 10.0 0.0 0 0 4 2 2
-829.8 -6862.1 36.2 343 0 10.9 14.8 7.5 2.5 4 1 3 4 4
-796.8 -6829.6 36.0 156 0 13.6 8.3 5.0 0.0 0 0 2 2 2
-826.6 -6726.3 32.7 250 0 15.5 10.8 5.0 2.5 4 0 2 5 5
-791.1 -6722.0 32.9 259 0 15.2 8.2 5.0 0.0 0 0 2 3 3
-772.0 -6792.7 35.6 254 0 7.8 11.1 5.0 0.0 0 1 2 1 1
-708.8 -6695.8 30.9 260 0 9.7 8.7 5.0 2.5 2 0 2 3 3
-666.1 -6698.2 30.8 172 0 9.5 12.2 5.0 2.5 2 1 2 4 4
-804.9 -5963.9 30.5 243 0 12.0 10.7 7.5 2.5 2 0 3 4 4
-817.5 -6021.9 30.4 59 0 9.5 8.4 10.0 2.5 4 0 4 3 3
-910.9 -6018.6 30.3 79 0 12.1 18.8 5.0 2.5 2 1 2 1 1
-894.7 -5903.0 32.3 278 0 11.3 16.6 7.5 2.5 2 1 3 2 2
-922.0 -5821.6 33.3 181 0 12.3 15.1 7.5 2.5 2 1 3 4 4
-951.4 -5710.1 32.7 233 0 9.7 17.4 5.0 2.5 2 1 2 4 4
-935.2 -5699.3 32.1 237 0 8.4 21.1 7.5 2.5 2 1 3 3 3
-1009.0 -5785.3 33.3 251 0 16.6 16.9 10.0 2.5 2 1 4 2 2
-952.5 -5983.8 30.1 27 0 12.0 10.5 7.5 2.5 2 0 3 2 2
-946.2 -5827.3 33.6 323 0 11.2 11.2 10.0 2.5 2 1 4 4 4
-971.3 -5853.9 33.1 115 0 7.9 11.7 7.5 2.5 2 1 3 2 2
-942.3 -5917.8 31.9 2 0 10.3 9.0 2.5 2.5 2 0 1 5 5
-1049.3 -5908.6 30.1 355 0 8.5 20.5 7.5 2.5 2 1 3 3 3
-1072.9 -5973.0 29.8 179 0 12.0 12.2 10.0 2.5 2 1 4 5 5
-1067.3 -6031.4 30.5 89 0 8.9 9.2 7.5 2.5 2 1 3 1 1
-1021.2 -6011.2 30.0 321 0 10.2 12.7 10.0 2.5 4 1 4 5 5
-3340.8 -5801.7 35.4 301 0 24.4 9.0 7.5 2.5 2 0 3 0 0
-3512.1 -5516.5 38.3 271 0 11.3 21.8 10.0 2.5 2 1 4 5 5
-3216.6 -5876.8 33.5 293 0 18.1 17.8 12.5 0.0 0 0 5 1 1
-2952.4 -5932.0 31.8 255 0 8.6 13.4 7.5 2.5 2 1 3 3 3
-2913.1 -5923.7 31.0 261 0 9.2 17.4 7.5 2.5 2 1 3 5 5
-3378.5 -5005.7 32.6 95 0 16.0 9.6 5.0 2.5 4 0 2 1 1
-3389.1 -4909.4 28.8 53 0 6.6 7.2 7.5 2.5 2 1 3 0 0
-3361.0 -4878.5 29.4 296 0 8.1 11.4 2.5 2.5 2 1 1 1 1
-3345.6 -4884.7 30.0 264 0 13.9 7.7 7.5 2.5 2 0 3 4 4
-3324.8 -4842.0 31.5 176 0 7.2 16.4 10.0 2.5 2 1 4 3 3
-3291.0 -4829.8 32.4 265 0 14.0 15.1 7.5 2.5 2 1 3 2 2
-3214.1 -4848.0 33.1 274 0 16.6 8.8 5.0 2.5 2 0 2 4 4
-3249.1 -4967.8 31.6 187 0 15.7 11.1 5.0 2.5 4 0 2 4 4
-1301.1 -6680.4 30.0 250 0 9.8 12.9 7.5 2.5 2 1 3 5 5
-1324.0 -6836.1 34.1 81 0 6.5 11.6 5.0 2.5 2 1 2 5 5
-1552.6 -6474.4 28.7 360 0 11.2 23.9 10.0 2.5 2 1 4 5 5
-1388.9 -5436.4 41.5 154 0 23.5 24.8 7.5 2.5 2 1 3 0 0
-1424.2 -5748.3 34.9 177 0 6.1 13.9 12.5 2.5 2 1 5 1 1
-1367.3 -6887.6 34.2 90 0 11.2 20.7 10.0 2.5 2 1 4 3 3
-2291.6 -6573.3 27.7 5 0 7.3 9.1 2.5 2.5 2 1 1 5 5
5885.6 -4245.8 53.5 68 0 12.3 11.8 7.5 2.5 2 0 3 0 0
6537.5 -3997.4 59.6 120 0 16.1 14.8 2.5 2.5 2 0 1 0 0
6739.2 -4030.0 57.9 68 0 9.9 13.1 5.0 0.0 0 1 2 1 1
-4124.4 -3095.3 29.0 94 0 11.4 11.5 7.5 2.5 2 1 3 3 3
-4000.8 -3015.1 32.2 351 0 7.5 15.9 5.0 2.5 2 1 2 4 4
-4019.2 -2954.8 30.1 335 0 7.5 22.9 7.5 0.0 0 1 3 3 3
6311.6 -6877.8 41.0 109 0 6.7 8.6 7.5 0.0 0 1 3 0 0
6291.7 -6870.4 40.8 114 0 8.3 12.7 7.5 2.5 2 1 3 0 0
6245.9 -6841.9 38.3 119 0 9.9 16.3 10.0 2.5 2 1 4 2 2
6231.5 -6884.5 39.7 119 0 9.9 12.2 7.5 2.5 2 1 3 1 1
6333.8 -6801.3 39.7 288 0 14.6 16.5 2.5 2.5 2 1 1 2 2
6426.0 -6785.1 40.3 103 0 11.2 17.9 5.0 2.5 2 1 2 0 0
6321.4 -6764.2 37.6 102 0 11.9 21.9 7.5 2.5 2 1 3 4 4
6491.0 -6819.0 42.2 171 0 11.1 10.2 10.0 2.5 2 0 4 0 0
6504.5 -6822.4 42.1 171 0 16.9 6.3 7.5 2.5 2 0 3 5 5
6544.6 -6791.1 41.1 272 0 13.7 11.2 7.5 2.5 2 0 3 3 3
6583.7 -6819.8 42.2 281 0 10.7 11.9 5.0 0.0 0 1 2 3 3
6610.0 -6822.9 42.7 265 0 10.1 13.2 2.5 2.5 4 1 1 4 4
6622.2 -6819.6 42.7 261 0 11.3 20.3 5.0 2.5 2 1 2 5 5
6585.3 -6778.6 40.7 103 0 6.1 22.8 10.0 2.5 2 1 4 4 4
3102.6 5880.0 -56.2 151 0 9.3 29.4 10.0 2.5 2 1 4 2 2
3494.0 6356.0 -65.0 104 0 19.0 11.9 2.5 2.5 2 0 1 5 5
3504.7 6405.2 -60.9 5 0 12.9 13.7 5.0 2.5 2 1 2 4 4
3493.7 6289.8 -64.3 181 0 13.3 14.0 7.5 2.5 2 1 3 0 0
3508.1 6443.7 -59.3 356 0 9.0 14.7 7.5 2.5 2 1 3 1 1
3529.8 6327.7 -64.4 219 0 10.3 33.7 10.0 2.5 2 1 4 5 5
3580.6 6277.3 -63.3 59 0 10.5 14.2 5.0 2.5 2 1 2 3 3
3503.5 6494.0 -63.3 15 0 9.3 12.9 7.5 2.5 2 1 3 3 3
6576.0 -6695.3 38.4 6 0 21.6 9.7 5.0 2.5 2 0 2 0 0
6610.9 -6718.7 39.3 98 0 14.1 10.4 2.5 2.5 2 0 1 1 1
6603.2 -6692.6 38.8 186 0 10.5 13.5 5.0 2.5 2 1 2 5 5
6635.1 -6781.4 41.2 98 0 13.3 18.3 10.0 2.5 2 1 4 4 4
6676.3 -6702.1 40.3 279 0 12.5 9.7 5.0 0.0 0 0 2 2 2
6696.4 -6833.3 43.7 258 0 13.5 13.1 5.0 2.5 2 0 2 1 1
6712.8 -6786.6 42.9 101 0 13.6 13.9 7.5 0.0 0 1 3 0 0
6752.3 -6674.9 40.3 277 0 10.5 18.3 2.5 2.5 4 1 1 4 4
6774.5 -6684.7 40.0 269 0 9.3 13.0 5.0 2.5 2 1 2 4 4
6792.4 -6786.0 42.3 89 0 12.0 12.7 2.5 2.5 2 1 1 4 4
6817.6 -6784.5 42.2 100 0 20.4 9.7 5.0 2.5 2 0 2 5 5
6885.5 -6783.2 42.9 97 0 10.8 13.6 7.5 2.5 2 1 3 1 1
6910.6 -6681.2 41.6 179 0 10.5 8.6 7.5 2.5 2 0 3 4 4
-4591.7 -5163.8 26.9 93 0 21.7 21.7 7.5 2.5 2 0 3 1 1
731.7 -6476.9 38.5 181 0 12.0 13.5 7.5 2.5 2 1 3 5 5
688.7 -6440.3 38.9 356 0 11.1 8.7 7.5 2.5 2 0 3 0 0
732.9 -6330.6 39.3 182 0 10.2 20.5 10.0 2.5 4 1 4 2 2
735.3 -6354.7 39.2 183 0 12.0 21.9 12.5 2.5 2 1 5 1 1
730.0 -6417.9 39.6 191 0 7.7 16.0 5.0 2.5 2 1 2 5 5
727.6 -6442.9 39.3 195 0 11.3 16.7 7.5 2.5 2 1 3 0 0
641.4 -6404.2 34.8 181 0 273.9 167.8 12.5 0.0 0 0 5 1 1
-1005.5 6833.8 -55.0 90 0 9.1 10.7 5.0 2.5 2 1 2 0 0
-754.0 6787.6 -55.4 114 0 7.5 15.2 10.0 2.5 2 1 4 2 2
-554.3 6698.8 -56.5 70 0 10.4 10.4 7.5 2.5 2 0 3 3 3
-687.8 6737.4 -54.9 283 0 12.6 10.9 7.5 2.5 2 0 3 2 2
-659.8 6680.0 -53.3 0 0 11.2 14.7 7.5 0.0 0 1 3 5 5
-511.9 6853.9 -52.2 258 0 6.4 10.3 7.5 2.5 2 1 3 3 3
-469.2 6889.9 -48.9 146 0 6.4 9.4 5.0 2.5 4 1 2 3 3
-725.7 6887.9 -51.1 270 0 13.5 10.1 2.5 2.5 2 0 1 4 4
398.2 6876.6 -48.4 161 0 9.8 8.7 7.5 0.0 0 0 3 1 1
-3125.1 6788.1 -68.5 289 0 11.5 11.7 5.0 2.5 4 1 2 4 4
-3000.6 6785.8 -62.5 160 0 11.3 13.2 5.0 2.5 2 1 2 0 0
-2973.9 6877.1 -64.5 264 0 8.6 11.4 2.5 2.5 2 1 1 5 5
-2855.4 6792.9 -61.1 285 0 9.5 12.8 7.5 2.5 2 1 3 5 5
-2967.5 6725.7 -61.4 172 0 8.1 17.8 7.5 2.5 4 1 3 0 0
-2959.6 6825.7 -62.4 347 0 8.2 17.8 2.5 2.5 4 1 1 0 0
-3036.7 6697.2 -63.3 87 0 13.9 10.1 5.0 2.5 2 0 2 4 4
-3018.1 6659.2 -62.6 348 0 11.8 15.9 5.0 0.0 0 1 2 2 2
-3031.4 6588.6 -62.7 163 0 9.9 12.8 7.5 2.5 4 1 3 5 5
-2982.5 6591.5 -61.8 74 0 10.6 10.8 7.5 2.5 2 1 3 4 4
-3101.4 6522.5 -59.9 96 0 9.9 18.6 10.0 0.0 0 1 4 4 4
-3067.7 6692.6 -63.8 80 0 15.6 13.1 2.5 2.5 2 0 1 2 2
-3060.2 6670.3 -63.3 254 0 15.9 10.4 5.0 2.5 2 0 2 2 2
-3139.3 6653.3 -60.4 261 0 6.9 7.9 2.5 2.5 2 1 1 2 2
-3297.8 6670.9 -64.2 86 0 11.1 13.8 5.0 2.5 2 1 2 1 1
-3328.1 6634.5 -62.9 271 0 7.1 7.0 5.0 2.5 4 0 2 4 4
-3383.4 6614.8 -65.8 241 0 11.8 7.4 5.0 2.5 2 0 2 1 1
-3389.3 6691.1 -67.8 272 0 9.7 10.4 7.5 2.5 4 1 3 3 3
-3462.3 6670.3 -68.6 96 0 10.0 17.2 5.0 2.5 2 1 2 3 3
-3430.5 6667.2 -68.5 88 0 11.1 16.9 7.5 2.5 2 1 3 4 4
-3358.1 6417.5 -62.7 150 0 12.0 7.3 7.5 2.5 4 0 3 0 0
-3415.3 6478.8 -62.6 167 0 20.2 11.8 5.0 0.0 0 0 2 2 2
-3396.3 6531.1 -61.9 80 0 7.5 8.1 7.5 2.5 2 1 3 1 1
-3339.5 6507.5 -60.5 251 0 8.6 16.5 10.0 2.5 4 1 4 3 3
-3293.2 6450.3 -60.7 357 0 8.0 7.7 2.5 2.5 4 0 1 4 4
-1469.8 4739.8 -49.2 277 0 11.3 11.6 5.0 2.5 2 1 2 0 0
-3159.3 6432.9 -59.2 89 0 15.5 15.7 5.0 2.5 2 1 2 4 4
-3255.2 6502.9 -60.1 76 0 7.9 13.4 5.0 2.5 2 1 2 0 0
-1260.2 5335.8 -53.1 349 0 8.1 11.7 7.5 2.5 4 1 3 4 4
-1292.0 5271.3 -52.5 71 0 12.1 9.1 7.5 2.5 2 0 3 2 2
-1342.5 5265.4 -51.1 152 0 9.4 15.5 10.0 2.5 2 1 4 2 2
-1351.4 5292.8 -50.8 162 0 9.6 15.6 7.5 0.0 0 1 3 0 0
-1554.9 4610.0 -47.2 99 0 8.6 8.9 5.0 0.0 0 1 2 4 4
-1536.3 4683.8 -48.5 257 0 9.8 12.4 7.5 2.5 2 1 3 2 2
-1453.6 4660.6 -47.9 354 0 8.3 8.2 2.5 2.5 2 0 1 4 4
-1625.1 4908.3 -48.7 79 0 10.5 8.1 7.5 0.0 0 0 3 4 4
-1457.7 4849.1 -49.2 76 0 15.3 13.4 2.5 2.5 2 0 1 2 2
-1495.2 4731.2 -49.1 187 0 12.8 12.1 5.0 2.5 2 0 2 5 5
-450.7 4519.4 -48.6 208 0 6.3 14.2 7.5 2.5 2 1 3 3 3
-434.2 4887.7 -49.0 84 0 10.6 11.6 10.0 2.5 2 1 4 3 3
-689.1 4926.5 -51.0 84 0 8.3 18.3 5.0 2.5 2 1 2 4 4
-642.6 4843.6 -47.1 85 0 9.2 15.7 5.0 0.0 0 1 2 3 3
-721.1 4984.3 -51.7 189 0 9.9 15.2 10.0 2.5 2 1 4 1 1
-791.6 4934.8 -49.6 226 0 9.4 18.0 7.5 2.5 2 1 3 2 2
-862.2 4828.4 -47.8 101 0 12.2 12.6 7.5 2.5 2 1 3 3 3
-883.1 4940.5 -49.4 277 0 18.3 9.5 5.0 2.5 2 0 2 5 5
-944.2 4885.7 -48.9 94 0 8.8 17.7 5.0 2.5 2 1 2 3 3
-970.5 4937.6 -50.0 185 0 9.8 13.9 5.0 2.5 2 1 2 4 4
-956.2 4975.5 -50.8 264 0 14.4 11.6 7.5 0.0 0 0 3 0 0
-1029.8 4827.5 -49.2 101 0 18.9 11.1 7.5 0.0 0 0 3 3 3
-984.2 4638.3 -47.9 88 0 10.1 9.8 5.0 2.5 2 0 2 0 0
-1040.7 4683.6 -49.9 184 0 11.6 12.6 7.5 2.5 2 1 3 2 2
-955.7 4692.4 -49.1 349 0 12.9 14.6 5.0 2.5 2 1 2 0 0
-952.0 4768.5 -48.4 276 0 18.0 11.3 7.5 2.5 2 0 3 3 3
-953.7 4746.7 -48.7 256 0 12.6 8.8 7.5 2.5 2 0 3 5 5
-810.5 4833.5 -47.9 2 0 7.7 14.7 2.5 2.5 2 1 1 1 1
-40.4 5405.4 -48.6 278 0 10.1 12.8 7.5 2.5 2 1 3 5 5
55.9 5449.0 -43.6 296 0 13.9 12.8 5.0 2.5 2 0 2 5 5
-398.8 5613.7 -54.0 230 0 13.5 10.7 7.5 2.5 2 0 3 1 1
-991.7 6307.8 -53.6 168 0 10.0 42.9 7.5 2.5 2 1 3 2 2
-982.7 6419.0 -53.4 188 0 8.1 17.2 7.5 2.5 2 1 3 3 3
-1041.3 6355.8 -52.0 178 0 10.6 33.8 7.5 2.5 2 1 3 2 2
-939.2 6330.3 -53.4 84 0 10.9 45.6 10.0 2.5 2 1 4 4 4
-930.7 6422.3 -53.1 274 0 12.5 9.5 7.5 2.5 2 0 3 4 4
-998.6 6367.7 -52.4 177 0 13.0 40.2 10.0 2.5 2 1 4 0 0
-1306.6 -3191.0 30.6 274 0 7.1 11.5 5.0 2.5 2 1 2 5 5
-1274.3 -3236.3 31.3 111 0 11.6 11.4 10.0 2.5 2 0 4 2 2
-1292.1 -3413.8 38.8 100 0 12.1 11.7 5.0 2.5 4 0 2 1 1
-1218.6 -3413.2 36.6 93 0 9.6 17.0 2.5 2.5 2 1 1 2 2
-1216.6 -3367.5 35.2 10 0 9.6 8.0 2.5 2.5 2 0 1 0 0
-1221.1 -3347.1 34.5 358 0 11.2 12.5 10.0 2.5 2 1 4 3 3
-1213.7 -3277.1 31.7 174 0 12.8 12.3 7.5 2.5 2 0 3 5 5
-1189.8 -3210.7 30.8 1 0 6.1 10.4 7.5 2.5 2 1 3 5 5
-1210.8 -3166.0 30.9 336 0 17.6 7.4 5.0 2.5 2 0 2 2 2
-1270.3 -3071.0 26.3 248 0 7.4 9.0 5.0 2.5 2 1 2 0 0
-1281.8 -2963.1 22.6 195 0 9.6 13.0 7.5 2.5 2 1 3 4 4
-1247.2 -2968.5 22.5 262 0 7.0 7.3 5.0 2.5 2 1 2 1 1
-1251.0 -2895.2 19.5 273 0 12.2 9.9 5.0 2.5 2 0 2 3 3
-1247.5 -2833.5 16.4 98 0 11.0 14.7 2.5 0.0 0 1 1 2 2
-1067.8 -3311.9 32.6 5 0 8.1 6.5 5.0 2.5 2 0 2 2 2
-1121.3 -3253.4 31.1 360 0 11.0 6.6 2.5 0.0 0 0 1 1 1
-1090.3 -3187.5 30.1 276 0 9.9 7.8 7.5 2.5 2 0 3 4 4
-1048.8 -3244.4 30.6 177 0 10.2 18.5 7.5 0.0 0 1 3 2 2
-1033.4 -3191.2 29.1 267 0 16.4 7.6 7.5 2.5 4 0 3 1 1
-995.9 -3119.1 27.6 71 0 9.0 13.2 10.0 2.5 2 1 4 5 5
-1169.0 -3227.3 30.7 180 0 7.5 8.2 10.0 2.5 2 1 4 5 5
-1172.0 -3196.9 30.9 183 0 10.2 8.9 7.5 0.0 0 0 3 1 1
-1168.0 -3172.9 31.4 185 0 13.0 16.1 5.0 0.0 0 1 2 3 3
-1169.4 -3098.3 29.7 184 0 9.3 17.8 2.5 2.5 2 1 1 5 5
-1180.3 -3060.5 27.0 193 0 13.0 10.5 7.5 2.5 2 0 3 1 1
-1176.0 -3027.4 25.3 177 0 6.5 8.1 7.5 2.5 2 1 3 1 1
-1102.5 -3040.8 26.5 351 0 11.4 8.7 2.5 2.5 2 0 1 5 5
-1114.1 -3092.2 29.7 91 0 10.7 7.1 7.5 2.5 4 0 3 1 1
-1085.2 -3066.5 27.7 2 0 7.9 7.5 7.5 2.5 2 0 3 2 2
-1045.2 -3002.6 23.6 12 0 12.0 17.1 7.5 2.5 2 1 3 1 1
-979.8 -3031.6 23.5 250 0 8.9 10.4 5.0 2.5 2 1 2 1 1
-960.0 -3090.8 25.6 16 0 7.6 7.0 7.5 2.5 2 0 3 1 1
-925.4 -3189.6 28.5 271 0 6.5 10.2 7.5 2.5 2 1 3 1 1
-1134.3 -3346.3 33.1 183 0 14.3 20.7 10.0 2.5 2 1 4 4 4
6861.0 6881.9 -61.8 274 0 9.7 12.7 10.0 0.0 0 1 4 2 2
6834.8 6890.6 -60.9 273 0 7.8 12.7 7.5 2.5 2 1 3 1 1
6756.3 6867.4 -60.3 295 0 10.9 12.7 10.0 2.5 2 1 4 0 0
6732.9 6888.0 -62.3 90 0 9.7 15.7 2.5 2.5 2 1 1 0 0
6695.3 6890.4 -62.2 356 0 7.4 6.9 7.5 2.5 2 0 3 0 0
6641.4 6890.0 -63.2 32 0 10.5 9.4 5.0 2.5 2 0 2 5 5
6550.6 6845.7 -65.3 212 0 10.4 10.9 7.5 2.5 2 1 3 5 5
6642.9 6803.8 -62.3 26 0 7.5 14.7 7.5 2.5 2 1 3 3 3
6591.8 6607.6 -56.0 152 0 8.8 14.7 5.0 0.0 0 1 2 4 4
6630.5 6610.8 -55.9 44 0 8.1 21.4 7.5 0.0 0 1 3 0 0
6666.9 6650.7 -57.0 61 0 9.7 15.4 5.0 2.5 2 1 2 4 4
6663.7 6742.6 -60.8 306 0 11.2 11.2 7.5 2.5 2 1 3 0 0
6616.5 6709.0 -60.0 246 0 11.3 6.8 5.0 0.0 0 0 2 3 3
6587.1 6676.6 -59.3 149 0 11.3 16.8 7.5 2.5 2 1 3 2 2
6533.3 6702.9 -61.6 235 0 7.2 8.9 10.0 0.0 0 1 4 4 4
6504.0 6699.5 -63.2 235 0 15.2 16.7 12.5 2.5 4 1 5 2 2
6484.0 6642.6 -61.5 39 0 6.5 11.1 7.5 2.5 2 1 3 3 3
6485.2 6562.5 -58.5 6 0 11.2 13.0 5.0 2.5 2 1 2 4 4
6472.1 6517.9 -57.7 124 0 12.5 15.0 5.0 2.5 2 1 2 2 2
6447.0 6600.0 -59.2 203 0 10.7 11.2 10.0 2.5 2 1 4 3 3
6432.0 6581.4 -58.7 212 0 13.2 11.5 7.5 2.5 2 0 3 1 1
6406.9 6543.9 -57.9 109 0 14.0 14.1 7.5 2.5 2 1 3 4 4
6351.9 6645.7 -61.2 95 0 14.4 11.5 2.5 2.5 2 0 1 2 2
6303.2 6701.8 -59.3 26 0 10.3 16.1 5.0 2.5 2 1 2 3 3
6263.5 6725.2 -58.1 269 0 13.8 15.2 7.5 0.0 0 1 3 1 1
6276.4 6661.1 -58.5 93 0 11.5 8.2 10.0 2.5 2 0 4 4 4
6244.4 6674.3 -57.0 195 0 6.1 10.1 5.0 2.5 2 1 2 1 1
6193.8 6667.8 -58.6 286 0 9.5 7.2 2.5 2.5 2 0 1 0 0
6179.1 6632.3 -57.9 183 0 17.0 6.2 5.0 2.5 2 0 2 4 4
6234.0 6606.3 -57.8 7 0 15.5 12.7 5.0 2.5 2 0 2 3 3
6167.0 6580.9 -56.6 270 0 10.0 13.3 7.5 2.5 2 1 3 3 3
6166.0 6524.5 -55.2 17 0 9.4 12.6 10.0 2.5 2 1 4 4 4
6091.7 6537.1 -58.5 95 0 6.5 10.3 7.5 2.5 2 1 3 0 0
6108.9 6470.3 -56.2 111 0 11.6 7.0 2.5 2.5 2 0 1 4 4
6045.6 6480.8 -55.8 97 0 7.7 8.1 10.0 2.5 2 1 4 2 2
6046.0 6583.1 -58.3 281 0 10.5 8.7 2.5 2.5 2 0 1 3 3
6069.3 6579.7 -59.3 289 0 9.7 16.8 5.0 2.5 2 1 2 5 5
5825.4 6483.3 -61.0 272 0 21.8 10.5 7.5 2.5 4 0 3 1 1
5854.8 6518.5 -59.5 63 0 11.6 10.7 7.5 2.5 2 0 3 3 3
5892.8 6510.7 -58.7 92 0 10.6 14.9 7.5 2.5 4 1 3 0 0
5924.3 6508.9 -57.1 103 0 11.5 8.6 5.0 2.5 2 0 2 5 5
6164.4 6425.6 -53.7 124 0 15.5 8.9 5.0 2.5 2 0 2 4 4
6267.9 6442.8 -56.4 330 0 9.5 10.7 2.5 0.0 0 1 1 3 3
6286.4 6419.6 -56.2 63 0 10.3 10.3 7.5 2.5 2 1 3 2 2
6259.7 6380.8 -56.0 221 0 7.4 9.6 5.0 2.5 2 1 2 5 5
6448.8 6451.9 -55.9 7 0 20.2 19.2 10.0 2.5 2 0 4 0 0
6337.9 6397.4 -55.8 288 0 6.7 22.0 7.5 2.5 2 1 3 0 0
6411.6 6399.2 -56.3 276 0 8.9 37.5 10.0 2.5 2 1 4 5 5
6222.6 6451.8 -55.1 277 0 11.8 20.3 2.5 2.5 4 1 1 1 1
6155.5 6401.5 -56.0 312 0 10.0 11.6 7.5 2.5 2 1 3 3 3
6123.1 6413.7 -56.3 290 0 13.8 9.3 7.5 2.5 4 0 3 4 4
6095.9 6433.4 -56.2 284 0 13.6 14.5 5.0 2.5 2 1 2 0 0
6019.3 6258.1 -59.3 80 0 8.1 15.0 5.0 2.5 2 1 2 2 2
6039.9 6339.1 -55.2 119 0 13.8 17.6 5.0 2.5 2 1 2 2 2
6211.4 6310.4 -56.4 353 0 12.2 11.6 7.5 2.5 2 0 3 4 4
6265.6 6298.8 -54.6 142 0 10.7 18.5 5.0 2.5 4 1 2 2 2
6289.1 6279.5 -53.3 120 0 14.0 9.4 2.5 2.5 2 0 1 1 1
6333.1 6244.0 -53.9 86 0 8.5 12.8 5.0 2.5 2 1 2 4 4
6351.9 6211.7 -54.3 99 0 13.4 11.6 7.5 2.5 2 0 3 2 2
6378.7 6205.6 -55.0 90 0 9.7 15.1 7.5 2.5 4 1 3 1 1
6462.2 6353.3 -57.6 276 0 20.1 10.4 7.5 2.5 2 0 3 2 2
6481.3 6302.2 -57.8 17 0 11.4 19.3 10.0 2.5 2 1 4 3 3
6574.5 6285.4 -58.5 107 0 9.9 9.3 5.0 2.5 2 0 2 4 4
6595.1 6280.7 -58.7 104 0 12.1 7.7 7.5 2.5 2 0 3 2 2
6612.1 6277.6 -58.6 103 0 11.5 9.9 7.5 2.5 2 0 3 2 2
6681.3 6264.0 -59.7 99 0 13.4 13.2 5.0 2.5 2 0 2 1 1
6660.6 6336.2 -59.4 285 0 16.5 13.2 7.5 2.5 2 0 3 3 3
6683.9 6328.1 -59.8 277 0 17.2 10.7 10.0 2.5 2 0 4 3 3
6736.7 6319.3 -61.0 313 0 10.0 14.2 10.0 2.5 2 1 4 1 1
6770.4 6307.9 -62.5 58 0 12.2 10.3 5.0 2.5 2 0 2 3 3
6912.7 6151.2 -65.5 10 0 13.3 17.0 7.5 2.5 2 1 3 5 5
6756.0 5290.3 -38.7 83 0 13.9 11.9 10.0 2.5 4 0 4 2 2
6796.1 5295.5 -39.6 73 0 11.1 12.8 7.5 2.5 2 1 3 2 2
6906.1 5196.0 -44.0 348 0 10.9 16.4 5.0 2.5 2 1 2 3 3
6864.8 5194.5 -42.3 98 0 8.9 12.2 5.0 2.5 2 1 2 2 2
6892.2 5303.9 -40.1 105 0 11.0 10.7 7.5 2.5 2 0 3 3 3
6882.7 5267.5 -41.4 260 0 8.1 10.9 10.0 0.0 0 1 4 1 1
6841.5 5296.6 -40.7 80 0 15.2 10.8 7.5 2.5 4 0 3 4 4
6601.9 5415.7 -41.6 265 0 12.7 10.7 5.0 2.5 2 0 2 1 1
6569.3 5389.2 -41.6 216 0 14.4 13.5 7.5 2.5 2 0 3 4 4
6562.3 5372.2 -42.1 212 0 10.6 11.8 10.0 0.0 0 1 4 5 5
6553.2 5356.0 -42.7 201 0 13.5 12.9 5.0 0.0 0 0 2 1 1
6533.5 5308.7 -42.5 187 0 6.7 9.8 5.0 0.0 0 1 2 0 0
6541.3 5248.3 -39.9 90 0 13.5 12.7 2.5 2.5 2 0 1 5 5
6579.7 5216.9 -40.4 246 0 16.1 10.6 10.0 2.5 2 0 4 2 2
6558.8 5228.7 -39.2 242 0 10.0 6.6 5.0 2.5 2 0 2 1 1
6634.5 5281.4 -41.9 73 0 12.3 9.2 7.5 2.5 2 0 3 4 4
6526.2 5195.2 -40.7 224 0 14.6 19.2 10.0 2.5 2 1 4 3 3
6217.8 5233.5 -44.8 239 0 12.4 11.4 7.5 2.5 4 0 3 3 3
6252.8 5203.3 -45.8 90 0 27.6 14.8 10.0 2.5 2 0 4 1 1
6056.2 5534.6 -43.8 67 0 9.0 15.1 7.5 2.5 2 1 3 1 1
6203.1 5503.1 -43.8 0 0 6.2 9.1 2.5 2.5 2 1 1 5 5
6125.2 5507.4 -42.6 345 0 9.4 10.1 5.0 2.5 2 1 2 1 1
6081.4 5677.9 -49.1 30 0 11.4 11.6 7.5 2.5 2 1 3 3 3
5926.4 5609.5 -48.2 134 0 7.0 8.5 7.5 2.5 2 1 3 0 0
5951.0 5643.5 -49.1 43 0 17.3 12.0 5.0 2.5 2 0 2 1 1
5865.8 5717.7 -53.5 276 0 8.9 8.8 10.0 0.0 0 0 4 3 3
5905.6 5674.5 -50.5 288 0 13.4 19.9 7.5 2.5 2 1 3 3 3
5870.8 5655.9 -51.4 146 0 13.5 10.6 5.0 2.5 2 0 2 1 1
5838.3 5578.2 -50.3 198 0 12.7 10.5 2.5 2.5 2 0 1 5 5
5873.4 5476.4 -48.3 182 0 11.5 7.1 7.5 2.5 2 0 3 4 4
6017.2 5460.2 -45.2 1 0 8.1 13.8 10.0 2.5 2 1 4 4 4
6789.8 6119.5 -63.0 10 0 11.8 12.8 7.5 2.5 2 1 3 5 5
6867.5 6062.5 -61.4 322 0 9.1 7.4 7.5 2.5 2 0 3 2 2
6445.2 5925.8 -52.7 101 0 9.0 15.4 7.5 2.5 2 1 3 3 3
6475.1 5906.2 -53.0 115 0 18.6 17.4 10.0 2.5 2 0 4 2 2
6562.5 5774.7 -53.8 327 0 12.1 9.8 5.0 2.5 2 0 2 2 2
6612.0 5765.4 -52.6 278 0 12.8 10.7 5.0 0.0 0 0 2 4 4
6674.0 5803.4 -52.2 352 0 10.2 21.9 2.5 2.5 4 1 1 4 4
6811.1 5800.4 -54.8 56 0 17.0 12.0 7.5 2.5 2 0 3 0 0
6778.7 5736.7 -57.1 330 0 12.0 14.2 5.0 2.5 4 1 2 3 3
6741.3 5768.1 -54.6 161 0 11.5 13.4 10.0 0.0 0 1 4 0 0
6880.7 5563.3 -51.0 358 0 15.5 13.5 5.0 2.5 2 0 2 5 5
6819.6 5511.8 -47.1 183 0 10.7 9.7 2.5 2.5 2 0 1 1 1
6882.9 5435.3 -49.5 7 0 10.9 11.6 5.0 0.0 0 1 2 0 0
6794.1 5407.4 -46.1 42 0 16.0 18.8 12.5 2.5 2 1 5 1 1
6759.5 5473.5 -45.2 300 0 8.2 11.4 5.0 2.5 2 1 2 2 2
6655.9 5446.4 -41.9 20 0 11.9 8.5 7.5 2.5 2 0 3 3 3
6542.8 5577.8 -45.9 358 0 8.4 7.8 7.5 2.5 2 0 3 5 5
6517.7 5598.1 -47.8 265 0 17.7 8.7 5.0 2.5 2 0 2 0 0
6402.2 5484.7 -43.1 351 0 12.3 11.3 5.0 2.5 2 0 2 3 3
6348.9 5466.9 -43.6 215 0 14.0 7.6 2.5 2.5 2 0 1 5 5
6337.7 5422.5 -41.4 104 0 14.6 12.0 2.5 2.5 2 0 1 2 2
6331.7 5224.3 -44.4 109 0 14.0 17.3 5.0 2.5 2 1 2 2 2
6328.1 5293.7 -43.1 214 0 8.5 16.2 7.5 2.5 4 1 3 2 2
6081.1 5259.4 -47.6 240 0 7.3 8.6 7.5 2.5 2 1 3 2 2
6085.7 5213.2 -48.4 105 0 10.9 10.4 5.0 2.5 4 0 2 4 4
6155.4 5208.5 -46.3 68 0 7.8 10.1 10.0 2.5 2 1 4 4 4
6124.4 5269.3 -46.5 208 0 10.2 14.7 7.5 0.0 0 1 3 2 2
5888.7 5253.0 -51.3 90 0 14.1 14.8 7.5 2.5 2 1 3 2 2
5926.7 5222.0 -53.1 276 0 10.6 9.3 7.5 0.0 0 0 3 0 0
5959.5 3564.6 -38.6 290 0 17.2 16.9 7.5 2.5 2 0 3 3 3
5997.4 3520.7 -38.5 6 0 11.5 32.2 10.0 2.5 4 1 4 0 0
5985.8 3468.7 -38.3 346 0 11.3 11.1 10.0 2.5 4 0 4 2 2
5938.1 3360.1 -39.8 92 0 7.1 10.8 5.0 2.5 2 1 2 5 5
5997.7 3405.6 -40.5 355 0 14.9 10.3 5.0 2.5 2 0 2 4 4
5947.4 3415.5 -40.2 168 0 12.4 19.8 5.0 2.5 2 1 2 1 1
5873.3 3401.8 -38.6 337 0 6.6 15.3 10.0 0.0 0 1 4 4 4
5847.1 3351.8 -38.2 182 0 10.3 19.4 10.0 2.5 2 1 4 4 4
5917.3 4982.8 -51.4 319 0 10.6 20.0 7.5 2.5 2 1 3 5 5
5905.1 4917.3 -50.9 133 0 10.1 7.6 7.5 2.5 2 0 3 5 5
6366.9 4868.1 -45.6 106 0 28.5 8.1 5.0 2.5 4 0 2 4 4
6425.6 4724.5 -41.4 228 0 14.6 11.3 7.5 0.0 0 0 3 1 1
6434.5 4714.0 -41.1 223 0 8.3 15.3 7.5 2.5 2 1 3 2 2
6445.7 4753.9 -43.4 223 0 28.0 11.9 7.5 2.5 2 0 3 2 2
6506.2 4775.9 -45.5 313 0 9.6 11.4 7.5 2.5 2 1 3 2 2
6485.2 4743.8 -43.8 313 0 14.2 28.9 10.0 2.5 2 1 4 5 5
6497.9 4601.2 -39.6 139 0 12.5 15.6 7.5 2.5 2 1 3 4 4
6466.9 4620.1 -39.2 139 0 12.8 17.9 2.5 2.5 4 1 1 3 3
6448.0 4639.2 -38.8 139 0 17.5 6.6 2.5 2.5 2 0 1 5 5
6429.3 4658.3 -39.2 133 0 11.2 17.3 2.5 2.5 2 1 1 3 3
6469.6 4701.2 -41.8 43 0 13.6 20.2 12.5 2.5 2 1 5 0 0
6516.3 4672.7 -40.9 318 0 8.9 18.9 2.5 2.5 2 1 1 3 3
6638.1 4639.1 -41.3 49 0 11.4 22.3 10.0 2.5 2 1 4 4 4
6652.3 4573.4 -40.0 229 0 11.4 9.8 7.5 2.5 2 0 3 2 2
6558.7 4428.4 -38.9 171 0 10.6 13.7 10.0 2.5 4 1 4 3 3
6539.4 4447.6 -39.1 133 0 11.8 13.1 10.0 2.5 2 1 4 5 5
6556.0 4535.9 -39.6 223 0 12.8 13.2 7.5 2.5 4 1 3 1 1
6579.5 4571.0 -39.7 229 0 9.3 14.7 5.0 2.5 4 1 2 1 1
6580.4 4500.6 -39.3 223 0 9.1 17.1 7.5 2.5 2 1 3 5 5
6619.9 4457.0 -39.1 109 0 15.2 11.9 5.0 2.5 2 0 2 2 2
6761.8 4471.4 -39.6 49 0 10.6 8.3 7.5 2.5 2 0 3 3 3
6863.4 4432.4 -40.9 319 0 8.1 19.6 2.5 2.5 2 1 1 5 5
6856.4 4400.2 -40.4 49 0 13.8 9.8 7.5 2.5 2 0 3 4 4
6814.1 4384.9 -38.4 81 0 9.2 16.8 10.0 2.5 2 1 4 4 4
6823.9 4332.7 -40.0 287 0 12.0 18.2 7.5 2.5 2 1 3 3 3
6823.7 4140.6 -44.9 175 0 8.1 7.1 7.5 2.5 2 0 3 0 0
6846.4 4222.8 -44.3 357 0 8.0 10.9 5.0 2.5 4 1 2 0 0
6346.5 6510.7 -57.2 122 0 10.5 20.3 2.5 2.5 2 1 1 1 1
6351.1 6570.2 -58.3 206 0 11.8 8.2 7.5 2.5 2 0 3 2 2
5946.0 6081.8 -57.2 0 0 10.9 18.5 5.0 2.5 2 1 2 1 1
5872.5 6097.9 -58.8 249 0 11.4 7.6 10.0 2.5 4 0 4 2 2
5874.9 6080.2 -58.2 161 0 7.4 10.9 7.5 2.5 2 1 3 2 2
5827.9 4791.9 -48.8 13 0 16.2 15.7 7.5 2.5 2 0 3 5 5
5863.3 4733.5 -45.0 241 0 15.8 10.3 5.0 2.5 2 0 2 2 2
5919.1 4735.4 -45.4 250 0 18.4 12.9 7.5 2.5 2 0 3 5 5
6075.6 4743.8 -43.7 42 0 13.8 15.6 5.0 2.5 2 1 2 2 2
6017.0 4779.8 -44.6 235 0 8.7 12.4 5.0 2.5 2 1 2 4 4
6050.4 4780.2 -44.4 315 0 12.2 17.3 5.0 2.5 2 1 2 5 5
6103.3 4972.4 -51.2 270 0 12.6 13.9 7.5 2.5 2 1 3 3 3
6132.0 4869.4 -46.1 82 0 11.9 8.2 5.0 2.5 2 0 2 2 2
6159.8 4807.0 -43.0 226 0 10.3 9.0 5.0 2.5 2 0 2 3 3
6192.1 4752.2 -42.6 138 0 6.7 12.2 7.5 2.5 2 1 3 2 2
6203.7 4778.9 -43.0 27 0 13.9 9.6 7.5 2.5 2 0 3 5 5
6191.5 4803.3 -43.0 296 0 9.9 14.1 5.0 2.5 2 1 2 4 4
6192.4 4584.5 -42.1 96 0 8.0 15.4 2.5 2.5 2 1 1 4 4
6158.0 4625.5 -41.8 195 0 19.2 13.4 10.0 2.5 2 0 4 3 3
6255.5 4730.5 -41.8 1 0 8.9 11.2 2.5 2.5 2 1 1 3 3
6221.5 4662.2 -41.3 20 0 9.5 15.4 2.5 2.5 2 1 1 1 1
6339.4 4579.4 -40.5 326 0 10.9 11.0 2.5 2.5 2 1 1 1 1
6303.8 4518.9 -42.0 208 0 8.6 16.3 7.5 2.5 2 1 3 0 0
6366.1 4420.6 -41.6 30 0 16.0 16.4 7.5 0.0 0 1 3 1 1
6441.7 4436.9 -41.3 57 0 16.8 13.1 5.0 2.5 2 0 2 5 5
6416.5 4467.1 -41.1 233 0 13.2 15.1 5.0 2.5 2 1 2 1 1
6475.2 4476.7 -40.5 51 0 14.2 11.3 5.0 2.5 2 0 2 5 5
5880.9 4212.0 -44.1 140 0 12.3 9.8 7.5 2.5 2 0 3 2 2
5828.2 4028.7 -43.4 77 0 20.5 14.0 7.5 2.5 2 0 3 5 5
5851.3 4061.6 -43.9 30 0 18.5 18.9 12.5 2.5 2 1 5 5 5
5913.4 3926.5 -39.7 201 0 8.4 12.3 5.0 2.5 2 1 2 5 5
5863.6 3974.8 -42.2 267 0 10.3 10.9 7.5 2.5 2 1 3 0 0
5834.7 3920.7 -42.1 50 0 17.1 17.2 10.0 2.5 2 1 4 1 1
5803.3 3890.7 -42.2 33 0 15.2 19.4 5.0 2.5 2 1 2 1 1
5809.3 3845.1 -40.4 15 0 6.3 15.5 7.5 2.5 2 1 3 3 3
5852.6 3847.0 -40.9 275 0 10.9 19.3 7.5 2.5 2 1 3 0 0
5811.9 3757.6 -38.5 75 0 14.9 15.0 5.0 2.5 2 1 2 0 0
5823.0 3556.1 -38.2 200 0 12.6 10.3 7.5 2.5 2 0 3 0 0
6004.9 3640.9 -37.6 355 0 11.3 13.0 7.5 2.5 2 1 3 3 3
5925.7 3517.8 -39.1 105 0 12.8 18.4 2.5 2.5 2 1 1 4 4
5857.9 3531.1 -39.0 253 0 8.2 17.2 7.5 2.5 2 1 3 0 0
5917.9 3690.9 -40.6 189 0 9.1 15.9 7.5 2.5 2 1 3 0 0
5967.6 3638.5 -38.9 92 0 31.5 10.8 10.0 2.5 2 0 4 3 3
6078.2 3491.8 -39.6 96 0 22.5 8.5 7.5 2.5 2 0 3 4 4
6045.5 3516.5 -38.8 181 0 10.4 15.1 7.5 2.5 2 1 3 0 0
6064.9 3537.7 -38.3 180 0 8.6 19.1 5.0 2.5 2 1 2 0 0
6105.2 3540.8 -39.6 269 0 31.3 9.3 10.0 0.0 0 0 4 2 2
6101.6 3514.5 -39.7 359 0 12.0 35.6 10.0 2.5 2 1 4 4 4
6172.5 3611.7 -39.8 189 0 10.8 11.9 10.0 2.5 2 1 4 1 1
6172.0 3495.4 -39.7 180 0 13.0 16.5 7.5 2.5 2 1 3 0 0
6222.2 3534.3 -40.9 267 0 10.3 13.4 2.5 2.5 2 1 1 5 5
6235.0 3502.6 -40.0 86 0 10.9 12.8 5.0 2.5 2 1 2 3 3
6295.5 3476.8 -40.8 347 0 9.2 16.3 7.5 2.5 2 1 3 2 2
6291.2 3417.2 -40.8 4 0 7.4 15.0 7.5 2.5 2 1 3 1 1
6307.6 3359.9 -42.6 89 0 10.3 13.0 5.0 2.5 2 1 2 1 1
6836.4 4710.6 -43.5 242 0 12.9 18.0 7.5 2.5 2 1 3 5 5
6635.8 6332.9 -58.9 310 0 14.6 12.2 7.5 2.5 4 0 3 2 2
6605.0 6352.5 -59.1 284 0 11.8 20.4 2.5 2.5 2 1 1 3 3
6493.7 5143.9 -44.1 131 0 11.7 21.6 10.0 2.5 2 1 4 5 5
6745.9 4902.3 -48.3 296 0 17.6 13.1 7.5 2.5 2 0 3 1 1
6683.5 4840.3 -47.9 113 0 14.1 7.7 7.5 0.0 0 0 3 1 1
6737.9 4828.3 -47.5 137 0 10.4 15.8 5.0 2.5 2 1 2 4 4
6791.4 4726.3 -44.6 87 0 10.6 9.4 7.5 2.5 2 0 3 1 1
6749.9 4720.5 -45.2 88 0 20.6 23.5 7.5 2.5 2 1 3 0 0
6729.9 4994.1 -45.9 7 0 8.4 8.4 5.0 2.5 2 1 2 0 0
6910.3 4933.1 -44.6 332 0 15.3 13.6 5.0 2.5 2 0 2 5 5
6870.4 4766.8 -45.8 43 0 9.4 22.5 5.0 2.5 2 1 2 2 2
6836.6 4750.7 -45.6 33 0 10.7 20.4 10.0 2.5 4 1 4 2 2
6912.5 4754.7 -44.4 52 0 10.5 20.2 10.0 2.5 2 1 4 3 3
6610.7 6533.2 -58.2 201 0 7.5 11.2 7.5 2.5 2 1 3 3 3
6708.2 6678.9 -57.4 62 0 16.7 11.5 2.5 2.5 2 0 1 4 4
6760.9 6720.6 -57.9 321 0 6.4 6.5 7.5 2.5 2 1 3 2 2
6767.1 6704.8 -58.1 54 0 9.1 6.9 7.5 2.5 2 0 3 4 4
6748.0 6658.7 -58.2 247 0 9.9 11.4 7.5 2.5 2 1 3 3 3
6775.5 6669.1 -59.3 261 0 7.1 9.3 5.0 0.0 0 1 2 1 1
6789.2 6677.9 -59.7 243 0 7.6 13.4 5.0 2.5 2 1 2 5 5
6826.6 6835.9 -58.7 26 0 6.7 8.0 7.5 2.5 2 1 3 4 4
6891.3 6835.8 -61.7 270 0 12.3 13.3 2.5 2.5 2 1 1 1 1
6848.8 6773.0 -59.0 199 0 8.0 11.5 5.0 0.0 0 1 2 4 4
6863.8 6702.5 -59.9 337 0 9.8 7.4 7.5 2.5 2 0 3 4 4
6810.0 6679.2 -59.6 245 0 15.0 8.0 5.0 2.5 2 0 2 3 3
6848.9 6637.1 -62.4 173 0 16.1 14.8 7.5 0.0 0 0 3 5 5
6891.3 6641.8 -62.7 45 0 10.0 14.6 5.0 2.5 2 1 2 5 5
5762.0 4669.9 -45.5 171 0 24.2 9.8 5.0 2.5 2 0 2 5 5
5762.1 4612.4 -46.8 183 0 10.7 20.7 5.0 2.5 2 1 2 4 4
5794.5 4544.9 -46.4 7 0 6.8 6.8 10.0 2.5 2 0 4 3 3
6088.2 4399.5 -41.6 325 0 10.3 6.5 10.0 2.5 4 0 4 4 4
6068.2 4337.8 -42.6 166 0 6.5 8.9 7.5 2.5 2 1 3 5 5
6031.0 4387.1 -42.6 179 0 9.3 10.6 2.5 2.5 2 1 1 5 5
6010.8 4304.3 -41.4 3 0 6.3 9.7 5.0 2.5 2 1 2 4 4
5954.1 4170.0 -42.5 90 0 8.5 7.1 5.0 2.5 2 0 2 2 2
5953.3 4182.3 -42.2 88 0 8.2 9.0 2.5 2.5 2 1 1 2 2
5914.1 4194.6 -43.2 136 0 8.1 15.0 10.0 2.5 2 1 4 3 3
5899.3 4326.7 -42.6 287 0 8.0 12.0 2.5 2.5 2 1 1 4 4
5824.2 4237.2 -47.2 82 0 12.8 9.8 5.0 2.5 2 0 2 1 1
5840.1 4290.1 -46.2 280 0 10.7 15.3 5.0 2.5 2 1 2 0 0
5806.3 4338.6 -48.2 205 0 11.8 13.0 2.5 2.5 2 1 1 3 3
5816.7 4403.3 -49.0 211 0 13.8 18.6 10.0 2.5 4 1 4 2 2
5950.4 4336.4 -42.4 208 0 8.6 8.0 2.5 2.5 2 0 1 2 2
5959.5 4232.5 -41.5 333 0 8.5 13.9 2.5 2.5 2 1 1 3 3
6036.1 4219.5 -40.4 328 0 10.1 13.3 5.0 0.0 0 1 2 2 2
5995.4 4189.8 -41.3 316 0 10.4 17.1 10.0 2.5 2 1 4 1 1
5959.7 4101.4 -41.5 203 0 24.8 11.1 10.0 2.5 2 0 4 2 2
5933.4 4058.9 -39.9 135 0 8.1 15.2 7.5 2.5 2 1 3 0 0
5951.4 4027.3 -37.9 136 0 18.3 11.9 10.0 2.5 2 0 4 0 0
5976.1 3983.6 -36.8 131 0 10.5 19.7 7.5 2.5 2 1 3 4 4
6005.4 4034.4 -37.4 124 0 9.4 15.2 7.5 2.5 2 1 3 1 1
6024.5 4013.1 -38.1 99 0 9.7 13.5 10.0 2.5 2 1 4 2 2
6043.0 4052.3 -39.4 185 0 6.2 9.1 5.0 2.5 2 1 2 2 2
6051.5 4009.8 -39.6 94 0 10.7 15.3 7.5 0.0 0 1 3 3 3
5765.3 4040.0 -46.5 102 0 15.7 25.1 17.5 0.0 0 1 7 4 4
6256.4 4461.0 -44.1 343 0 11.7 15.7 10.0 2.5 4 1 4 0 0
6342.0 4327.6 -42.5 55 0 20.1 11.5 5.0 2.5 2 0 2 5 5
6343.0 4359.2 -42.8 43 0 16.9 16.1 10.0 2.5 2 0 4 3 3
6360.1 4346.5 -42.4 46 0 12.5 10.6 5.0 2.5 2 0 2 3 3
6399.8 4288.8 -42.8 8 0 8.1 17.7 5.0 2.5 2 1 2 2 2
6556.0 4634.3 -40.8 309 0 9.8 26.3 7.5 0.0 0 1 3 0 0
6584.8 4606.4 -40.2 356 0 9.5 16.7 5.0 2.5 2 1 2 3 3
6632.4 4546.8 -39.8 235 0 22.1 14.7 10.0 2.5 2 0 4 2 2
6622.1 4610.8 -40.4 232 0 20.0 12.6 7.5 2.5 2 0 3 4 4
6711.2 4585.8 -39.4 65 0 11.1 14.7 5.0 2.5 2 1 2 1 1
6730.1 4648.4 -42.8 306 0 9.5 10.2 10.0 2.5 2 1 4 0 0
6791.1 4668.1 -44.4 55 0 9.3 16.9 5.0 2.5 2 1 2 4 4
6823.7 4691.3 -43.7 243 0 11.2 9.2 7.5 2.5 2 0 3 2 2
6871.8 4641.8 -42.5 331 0 11.6 6.7 7.5 0.0 0 0 3 1 1
6914.8 4582.9 -45.5 95 0 12.4 9.4 5.0 2.5 2 0 2 3 3
6866.3 4590.9 -44.7 141 0 11.3 9.7 5.0 2.5 2 0 2 4 4
6781.4 4412.1 -38.4 271 0 13.2 8.6 7.5 2.5 2 0 3 3 3
6585.2 4367.9 -40.2 31 0 13.9 9.6 7.5 2.5 2 0 3 3 3
6644.5 4349.2 -40.4 159 0 8.2 11.1 7.5 0.0 0 1 3 1 1
6714.2 4340.1 -38.2 111 0 11.6 12.7 2.5 2.5 2 1 1 1 1
6729.4 4271.0 -40.2 88 0 7.6 8.8 5.0 2.5 2 1 2 5 5
6748.2 4214.2 -43.5 180 0 6.8 11.2 5.0 2.5 2 1 2 5 5
6661.4 4217.2 -41.0 160 0 17.9 8.7 10.0 2.5 2 0 4 5 5
6314.5 3978.6 -39.8 47 0 6.5 17.9 7.5 2.5 2 1 3 3 3
6166.6 3540.9 -41.1 276 0 12.1 9.7 5.0 2.5 4 0 2 3 3
6272.3 3556.9 -41.7 270 0 9.7 14.2 7.5 2.5 2 1 3 1 1
6322.6 3526.1 -41.3 348 0 8.8 9.6 10.0 2.5 2 1 4 2 2
6372.8 3657.5 -40.5 2 0 8.9 17.7 7.5 2.5 2 1 3 0 0
6444.9 3728.0 -43.0 95 0 11.2 16.2 5.0 2.5 2 1 2 3 3
6410.5 3760.3 -43.5 234 0 8.7 14.9 5.0 2.5 2 1 2 5 5
6418.2 3722.0 -42.8 65 0 7.1 13.6 7.5 2.5 4 1 3 1 1
6366.5 3721.2 -42.6 114 0 10.9 17.8 5.0 2.5 2 1 2 4 4
6233.8 3952.8 -37.5 182 0 8.6 12.4 10.0 2.5 2 1 4 4 4
6281.4 3960.0 -37.4 51 0 8.0 17.3 2.5 2.5 2 1 1 5 5
6263.8 4148.1 -38.9 207 0 7.3 9.2 7.5 0.0 0 1 3 5 5
6235.1 4083.5 -37.9 189 0 11.1 15.5 7.5 2.5 4 1 3 2 2
6222.4 4035.7 -37.5 206 0 14.3 8.8 5.0 2.5 2 0 2 2 2
6222.9 4014.2 -37.3 270 0 7.9 10.1 7.5 2.5 2 1 3 5 5
6351.8 4037.8 -43.0 54 0 12.9 15.2 7.5 2.5 2 1 3 5 5
6370.7 4121.5 -40.7 27 0 9.2 16.8 10.0 2.5 2 1 4 4 4
6340.1 4267.8 -41.3 214 0 11.8 17.4 7.5 2.5 2 1 3 2 2
6301.3 4227.4 -40.0 208 0 11.5 15.0 10.0 2.5 2 1 4 3 3
6316.5 4295.3 -41.9 30 0 9.3 14.2 7.5 2.5 2 1 3 1 1
6240.8 4297.5 -42.0 265 0 12.4 8.9 7.5 2.5 2 0 3 0 0
6225.2 4289.2 -41.7 248 0 7.9 8.9 5.0 0.0 0 1 2 1 1
6260.6 4294.3 -41.9 291 0 10.4 10.7 7.5 2.5 2 1 3 1 1
6275.4 4243.2 -40.4 42 0 12.3 11.5 7.5 2.5 2 0 3 2 2
6212.8 4134.2 -38.5 17 0 8.0 16.3 7.5 2.5 2 1 3 0 0
6212.7 4104.4 -38.1 30 0 14.9 9.5 7.5 2.5 2 0 3 5 5
6161.6 4168.1 -39.5 298 0 12.4 20.7 7.5 0.0 0 1 3 3 3
6119.2 4164.0 -41.2 301 0 11.0 15.8 7.5 2.5 2 1 3 4 4
6084.4 4174.0 -41.4 285 0 15.1 12.6 7.5 2.5 2 0 3 3 3
6069.9 4129.0 -41.8 288 0 17.7 17.1 12.5 2.5 2 0 5 2 2
6102.7 4117.0 -41.2 291 0 10.4 7.0 7.5 2.5 2 0 3 5 5
6120.1 4109.0 -40.4 284 0 14.0 8.8 5.0 0.0 0 0 2 4 4
6181.9 4032.9 -38.3 40 0 6.9 13.2 7.5 2.5 2 1 3 3 3
6165.6 4012.6 -39.1 56 0 10.4 10.9 5.0 0.0 0 1 2 1 1
6104.5 4007.0 -40.5 358 0 11.0 14.7 7.5 2.5 2 1 3 2 2
6181.5 3987.1 -39.1 202 0 11.8 14.2 2.5 2.5 2 1 1 0 0
6133.2 3949.8 -39.7 218 0 8.6 17.3 7.5 2.5 2 1 3 1 1
6122.7 3941.3 -39.6 217 0 8.4 22.1 5.0 2.5 2 1 2 0 0
6121.7 3928.0 -39.4 224 0 6.9 9.9 7.5 2.5 2 1 3 4 4
6120.5 3916.7 -39.4 220 0 6.5 12.9 7.5 2.5 4 1 3 0 0
6096.9 3909.3 -38.9 216 0 7.6 11.7 7.5 2.5 4 1 3 1 1
6076.2 3688.3 -36.9 187 0 9.5 10.3 7.5 2.5 4 1 3 0 0
6068.7 3764.4 -38.7 192 0 6.9 43.6 7.5 2.5 4 1 3 2 2
6064.6 3713.7 -38.2 184 0 11.3 20.1 5.0 2.5 4 1 2 2 2
6053.7 3671.8 -36.3 178 0 9.2 17.0 7.5 2.5 2 1 3 1 1
6082.8 3667.3 -36.0 90 0 13.2 6.8 5.0 2.5 2 0 2 5 5
6178.8 3762.1 -39.3 328 0 11.1 17.5 2.5 2.5 4 1 1 3 3
6192.4 3640.0 -40.0 266 0 8.0 11.5 5.0 2.5 2 1 2 5 5
6071.5 3951.4 -38.2 35 0 11.3 6.1 2.5 2.5 2 0 1 0 0
6041.6 3942.1 -37.7 135 0 7.9 17.5 7.5 2.5 2 1 3 1 1
6057.4 3845.8 -37.5 16 0 21.8 9.8 10.0 2.5 2 0 4 0 0
6030.3 3854.1 -37.1 193 0 23.6 12.0 10.0 2.5 2 0 4 1 1
6036.7 3827.4 -38.0 8 0 18.2 11.9 7.5 2.5 2 0 3 0 0
6046.4 3795.9 -39.2 5 0 6.5 36.2 5.0 2.5 2 1 2 3 3
6044.0 3780.4 -39.8 12 0 9.9 41.1 10.0 2.5 2 1 4 1 1
5985.4 3819.2 -40.7 277 0 7.7 49.5 10.0 2.5 2 1 4 2 2
6000.9 3758.1 -40.4 17 0 23.6 8.0 2.5 2.5 2 0 1 3 3
6011.9 3755.7 -40.1 10 0 21.7 8.4 5.0 2.5 2 0 2 2 2
6041.4 3742.7 -38.9 15 0 28.2 8.8 5.0 2.5 2 0 2 3 3
5917.9 3732.6 -41.1 192 0 10.3 30.4 12.5 2.5 2 1 5 2 2
6034.5 3693.8 -37.5 14 0 12.5 13.4 5.0 2.5 4 1 2 3 3
6029.0 3586.1 -37.2 359 0 11.8 8.5 7.5 2.5 2 0 3 5 5
6022.2 3508.9 -37.6 1 0 14.2 7.9 7.5 2.5 2 0 3 0 0
6022.2 3430.0 -39.3 358 0 10.4 13.8 7.5 2.5 4 1 3 2 2
6026.7 3397.3 -39.7 358 0 7.4 13.2 7.5 2.5 2 1 3 0 0
5740.3 3874.6 -41.4 186 0 16.1 11.2 5.0 2.5 2 0 2 1 1
5737.1 3832.6 -39.7 180 0 6.5 8.8 2.5 2.5 2 1 1 0 0
5743.4 3785.5 -38.5 170 0 22.6 10.1 2.5 2.5 2 0 1 2 2
5771.0 3634.9 -36.3 72 0 16.9 11.8 7.5 2.5 4 0 3 3 3
5777.2 3687.2 -35.6 250 0 16.6 10.7 10.0 2.5 2 0 4 0 0
5795.2 3629.6 -36.5 65 0 9.0 12.4 7.5 0.0 0 1 3 4 4
5730.9 3465.3 -35.4 195 0 11.6 13.5 7.5 2.5 2 1 3 3 3
5872.9 3480.1 -39.0 63 0 11.8 11.9 5.0 2.5 2 1 2 1 1
5794.4 3497.1 -36.4 273 0 15.9 10.7 5.0 2.5 2 0 2 1 1
5840.5 3443.3 -38.5 93 0 15.3 10.7 7.5 2.5 2 0 3 2 2
5716.6 3371.8 -36.3 110 0 12.7 10.6 10.0 2.5 2 0 4 3 3
5939.4 4886.2 -50.7 333 0 13.2 7.1 7.5 2.5 2 0 3 0 0
6049.9 4943.2 -51.8 73 0 12.6 14.2 5.0 2.5 2 1 2 0 0
6187.2 4895.0 -44.0 328 0 10.5 8.5 10.0 2.5 2 0 4 5 5
6342.2 4901.9 -47.6 300 0 12.9 17.3 5.0 2.5 2 1 2 1 1
6269.2 4797.7 -43.2 113 0 14.1 17.2 5.0 2.5 2 1 2 3 3
6748.1 4532.4 -40.9 330 0 9.5 6.1 2.5 2.5 2 0 1 3 3
5740.9 4735.9 -46.4 212 0 11.3 13.4 7.5 2.5 4 1 3 1 1
5787.4 4726.4 -45.8 271 0 8.2 10.7 7.5 2.5 2 1 3 5 5
