1969.7 -4586.3 -49.5 356 0 14.0 11.7 7.5 2.5 2 0 3 3 3
6782.3 -4389.3 13.7 30 0 11.8 31.5 7.5 2.5 2 1 3 4 4
6755.6 -4435.5 29.1 58 0 11.6 8.9 7.5 2.5 2 0 3 2 2
6659.1 -4552.7 61.0 95 0 7.8 12.5 7.5 2.5 2 1 3 0 0
6686.4 -4548.7 58.2 8 0 12.1 17.7 5.0 2.5 2 1 2 2 2
6572.6 -4546.5 62.6 185 0 22.4 10.8 5.0 2.5 2 0 2 2 2
6234.7 -2667.3 -51.6 46 0 8.9 10.8 7.5 2.5 2 1 3 1 1
5814.2 -2939.9 -50.6 69 0 12.6 11.5 7.5 2.5 2 0 3 1 1
5763.6 -2651.4 -45.2 270 0 18.2 10.9 7.5 2.5 4 0 3 2 2
5750.6 -2627.4 -40.0 85 0 12.9 10.8 5.0 2.5 2 0 2 3 3
5829.0 -2606.5 -40.7 2 0 8.5 17.9 7.5 2.5 2 1 3 1 1
5718.4 -2606.0 -39.5 181 0 16.7 9.7 7.5 2.5 2 0 3 1 1
5625.5 -2622.3 -43.1 198 0 8.8 17.0 10.0 0.0 0 1 4 1 1
5625.1 -2547.0 -40.3 112 0 10.5 12.5 2.5 2.5 2 1 1 1 1
5590.7 -2382.3 -30.8 104 0 7.5 10.6 7.5 2.5 2 1 3 0 0
5428.7 -2316.4 -30.4 92 0 9.8 8.7 7.5 2.5 4 0 3 2 2
5465.9 -2589.8 -44.1 6 0 12.1 14.4 7.5 2.5 2 1 3 0 0
5773.7 -2427.4 -31.6 191 0 10.3 19.7 5.0 2.5 2 1 2 4 4
5841.7 -2404.0 -28.4 105 0 16.6 10.0 7.5 2.5 4 0 3 4 4
5921.8 -2556.8 -42.8 237 0 14.6 9.4 7.5 2.5 2 0 3 5 5
5952.6 -2370.6 -31.0 246 0 12.3 12.0 10.0 2.5 4 0 4 4 4
6027.7 -2416.2 -38.7 67 0 11.9 13.2 7.5 2.5 4 1 3 0 0
6110.1 -2362.5 -33.8 116 0 13.7 9.6 7.5 2.5 2 0 3 5 5
6001.9 -2566.8 -46.8 215 0 8.3 6.2 7.5 2.5 2 0 3 2 2
6016.8 -2522.2 -45.3 210 0 10.0 8.0 7.5 2.5 2 0 3 4 4
6019.5 -2439.4 -40.0 332 0 8.7 9.9 7.5 2.5 4 1 3 1 1
5894.1 -2601.3 -42.9 65 0 8.3 7.1 10.0 2.5 2 0 4 4 4
5854.7 -2644.8 -45.4 253 0 9.2 7.1 5.0 2.5 2 0 2 3 3
5740.0 -2496.0 -36.7 5 0 6.4 10.7 7.5 0.0 0 1 3 1 1
4852.3 -2721.3 -44.9 275 0 10.6 7.2 7.5 2.5 2 0 3 1 1
4745.1 -2599.2 -39.9 350 0 13.0 23.8 12.5 2.5 2 1 5 1 1
4483.0 -2741.7 -32.3 96 0 15.8 10.3 7.5 2.5 2 0 3 5 5
4585.0 -2458.6 -27.2 46 0 10.9 21.0 5.0 2.5 2 1 2 4 4
4544.5 -2528.5 -24.7 156 0 6.8 7.4 7.5 2.5 2 1 3 1 1
4509.7 -2547.6 -20.7 353 0 8.8 14.5 7.5 0.0 0 1 3 5 5
4521.2 -2348.6 -26.8 278 0 15.9 8.4 10.0 2.5 2 0 4 3 3
4497.7 -2417.5 -21.9 7 0 9.5 6.3 7.5 2.5 2 0 3 0 0
4312.9 -2371.0 -11.2 278 0 9.2 11.0 10.0 2.5 2 1 4 3 3
4448.2 -2630.3 -27.4 251 0 21.4 10.7 7.5 2.5 2 0 3 2 2
4404.1 -2585.8 -21.3 352 0 8.0 15.0 7.5 2.5 2 1 3 5 5
4349.9 -2606.3 -20.6 258 0 8.6 8.2 5.0 2.5 2 0 2 5 5
4239.2 -2686.4 -24.3 86 0 22.5 9.4 5.0 2.5 2 0 2 1 1
4256.9 -2679.5 -24.6 80 0 12.1 7.3 5.0 2.5 2 0 2 3 3
4095.3 -2739.5 -27.7 87 0 10.7 12.7 10.0 2.5 2 1 4 4 4
3863.7 -2665.5 -38.3 87 0 12.0 7.8 7.5 2.5 4 0 3 2 2
3784.3 -2722.8 -39.4 95 0 7.8 6.4 5.0 2.5 2 0 2 5 5
3789.4 -2702.5 -39.5 273 0 10.1 6.3 7.5 2.5 2 0 3 3 3
3690.5 -2555.7 -38.0 177 0 6.4 26.9 7.5 2.5 2 1 3 1 1
3790.1 -2492.5 -34.2 46 0 6.2 12.4 10.0 2.5 2 1 4 4 4
3821.2 -2333.3 -29.0 239 0 14.4 11.0 7.5 2.5 2 0 3 1 1
-3464.9 -3511.2 25.1 86 0 25.3 18.2 10.0 2.5 2 0 4 2 2
-3367.3 -3582.2 18.1 169 0 15.1 18.6 12.5 2.5 2 1 5 3 3
-3406.0 -3618.8 12.3 159 0 17.2 16.4 15.0 0.0 0 0 6 1 1
-3350.2 -3815.7 1.9 346 0 21.8 19.4 10.0 2.5 2 0 4 2 2
-3362.2 -3638.9 11.3 350 0 27.1 21.5 10.0 2.5 2 0 4 5 5
-3249.5 -3820.6 0.2 348 0 12.9 23.4 10.0 0.0 0 1 4 4 4
-3248.4 -3641.6 16.8 12 0 9.9 19.3 5.0 2.5 2 1 2 3 3
-3336.8 -3656.3 11.2 171 0 12.4 22.0 15.0 0.0 0 1 6 3 3
-3330.6 -3683.1 8.3 167 0 15.8 15.7 7.5 2.5 4 0 3 2 2
-3271.9 -3764.3 3.8 265 0 13.0 20.7 15.0 0.0 0 1 6 3 3
-2840.2 -3793.7 -7.0 188 0 16.9 23.8 10.0 2.5 2 1 4 4 4
-2963.9 -3943.2 -1.6 209 0 11.5 16.9 7.5 2.5 2 1 3 4 4
-3052.6 -4087.9 0.5 12 0 10.9 17.4 7.5 2.5 2 1 3 3 3
-3047.7 -4043.0 -0.3 6 0 12.8 17.1 5.0 2.5 2 1 2 1 1
-3018.4 -3952.8 -1.7 35 0 20.5 17.3 7.5 2.5 2 0 3 1 1
-3172.1 -3863.0 -5.2 83 0 20.7 22.4 10.0 2.5 2 1 4 4 4
-3149.8 -3606.7 15.2 170 0 10.8 19.9 5.0 2.5 4 1 2 1 1
-3190.2 -3760.6 1.0 256 0 19.4 15.2 17.5 0.0 0 0 7 2 2
-3118.1 -3599.5 10.9 245 0 12.2 25.4 10.0 2.5 4 1 4 0 0
-3115.1 -3745.2 -2.1 266 0 17.1 24.9 17.5 0.0 0 1 7 5 5
-3089.3 -3592.0 10.5 268 0 18.2 20.9 10.0 2.5 2 1 4 3 3
-3056.5 -3779.7 -2.0 77 0 19.5 20.7 17.5 0.0 0 1 7 2 2
-2993.6 -3641.6 5.3 356 0 14.3 16.5 2.5 2.5 2 1 1 4 4
-3027.8 -3711.3 -0.1 268 0 14.1 22.5 12.5 2.5 2 1 5 0 0
-2957.8 -3719.3 -1.6 81 0 20.4 18.6 12.5 2.5 2 0 5 5 5
-2945.1 -3820.0 -4.0 65 0 24.1 19.6 10.0 2.5 2 0 4 4 4
-2942.6 -3853.5 -3.9 184 0 17.8 14.7 12.5 2.5 2 0 5 0 0
-2867.7 -3848.3 -7.5 2 0 16.6 19.3 12.5 2.5 4 1 5 2 2
-2899.7 -3900.3 -4.9 349 0 15.1 16.4 7.5 2.5 2 1 3 0 0
-2945.8 -3902.9 -3.8 192 0 13.9 21.2 12.5 2.5 2 1 5 1 1
-2895.5 -3707.0 -3.4 262 0 22.6 17.3 10.0 2.5 2 0 4 2 2
-2860.1 -3708.9 -4.3 258 0 14.4 22.3 10.0 2.5 2 1 4 3 3
-2796.5 -3727.5 -5.1 356 0 16.6 16.2 10.0 2.5 2 0 4 4 4
-3331.9 -2994.1 3.1 317 0 18.4 24.1 12.5 2.5 2 1 5 1 1
-3289.6 -3033.8 3.5 28 0 24.1 16.1 10.0 2.5 2 0 4 3 3
-3295.6 -3137.2 -3.4 35 0 19.2 19.5 10.0 2.5 2 1 4 0 0
-3227.9 -3113.3 0.3 213 0 16.7 19.6 10.0 2.5 2 1 4 1 1
-3166.0 -3161.7 3.0 125 0 20.3 18.4 10.0 0.0 0 0 4 3 3
-3152.5 -3082.6 8.1 285 0 13.4 26.8 12.5 2.5 2 1 5 2 2
-3099.5 -3355.8 4.5 135 0 15.0 33.4 10.0 2.5 2 1 4 0 0
-3090.2 -3186.2 5.7 304 0 22.1 17.2 12.5 2.5 2 0 5 3 3
-2989.5 -3066.9 20.1 272 0 14.1 15.2 2.5 2.5 2 1 1 0 0
-2912.1 -3050.2 24.5 347 0 21.2 12.7 10.0 0.0 0 0 4 3 3
-2908.7 -3111.1 20.7 82 0 12.6 13.1 5.0 2.5 2 1 2 4 4
-2958.7 -3137.7 16.1 93 0 12.4 9.4 7.5 2.5 2 0 3 2 2
-2995.2 -3140.4 14.6 199 0 16.3 7.8 7.5 2.5 2 0 3 1 1
-3000.5 -3234.5 7.9 196 0 11.1 24.8 7.5 2.5 4 1 3 3 3
-2962.5 -3322.1 7.8 143 0 17.7 18.4 10.0 2.5 2 1 4 0 0
-2987.8 -3305.8 7.1 124 0 15.7 16.9 10.0 2.5 2 1 4 2 2
-3038.5 -3328.8 6.8 311 0 17.1 18.8 10.0 2.5 2 1 4 1 1
-3011.5 -3339.9 7.7 310 0 15.5 18.1 10.0 2.5 2 1 4 0 0
-2987.3 -3348.6 8.1 310 0 14.6 23.2 10.0 2.5 2 1 4 2 2
-2847.2 -3372.6 10.4 352 0 23.6 20.8 10.0 2.5 2 0 4 0 0
-2869.7 -3433.8 11.7 319 0 14.3 17.2 10.0 2.5 2 1 4 5 5
-2849.2 -3439.0 11.4 328 0 11.1 30.4 10.0 2.5 2 1 4 5 5
-2787.2 -3388.5 7.6 251 0 14.9 21.7 10.0 0.0 0 1 4 2 2
-2707.2 -3472.5 4.8 223 0 14.4 12.1 7.5 2.5 2 0 3 1 1
-2768.5 -3451.3 6.7 95 0 16.7 12.5 5.0 2.5 2 0 2 1 1
-2723.6 -3498.7 4.8 128 0 14.3 14.4 7.5 2.5 2 1 3 0 0
-2780.3 -3531.0 6.9 143 0 17.7 12.8 2.5 2.5 2 0 1 2 2
-2713.0 -3568.4 3.7 355 0 14.8 23.9 7.5 2.5 2 1 3 3 3
-2702.4 -3614.3 1.6 339 0 13.3 21.1 10.0 2.5 2 1 4 5 5
-2673.3 -3530.4 1.8 71 0 21.2 14.4 15.0 0.0 0 0 6 1 1
-2715.6 -3659.2 -0.6 355 0 14.2 17.1 5.0 2.5 2 1 2 5 5
-2785.3 -3796.3 -7.4 264 0 11.8 20.7 10.0 0.0 0 1 4 3 3
-2788.2 -3863.0 -8.1 107 0 8.0 21.3 7.5 2.5 2 1 3 3 3
-2660.4 -3675.6 -2.9 268 0 20.0 14.8 5.0 2.5 2 0 2 4 4
-2650.5 -3743.5 -6.5 348 0 19.1 14.4 12.5 2.5 2 0 5 0 0
-2734.9 -3861.1 -7.8 344 0 21.2 15.3 7.5 2.5 2 0 3 0 0
-2749.7 -3985.8 -4.4 21 0 13.3 19.8 12.5 2.5 2 1 5 0 0
-2778.3 -3937.9 -4.9 300 0 14.2 21.4 10.0 2.5 2 1 4 2 2
-2723.7 -4135.6 -0.5 254 0 17.7 29.1 15.0 0.0 0 1 6 1 1
-2679.8 -4211.3 3.7 92 0 15.3 28.3 12.5 2.5 2 1 5 1 1
-3122.7 -4266.6 4.5 69 0 13.2 18.8 7.5 2.5 2 1 3 4 4
-3116.3 -4291.3 7.5 266 0 8.3 20.7 7.5 2.5 2 1 3 5 5
-3133.2 -4299.3 8.6 263 0 9.5 16.0 7.5 2.5 4 1 3 4 4
-3148.3 -4327.6 10.2 80 0 13.2 7.9 5.0 2.5 2 0 2 4 4
-3228.3 -4318.1 8.7 81 0 14.3 10.2 7.5 2.5 2 0 3 3 3
-3689.2 -3979.0 7.8 0 0 9.5 10.0 7.5 2.5 4 1 3 0 0
-3672.9 -4008.7 6.3 183 0 14.1 11.2 2.5 2.5 2 0 1 2 2
-3988.7 -4040.2 19.5 71 0 9.3 13.5 7.5 2.5 2 1 3 1 1
-3904.1 -4049.2 17.6 343 0 10.4 14.1 7.5 2.5 2 1 3 2 2
-3930.5 -4219.9 13.4 158 0 14.1 8.4 5.0 2.5 2 0 2 0 0
-6798.0 -3061.7 -62.6 102 0 25.5 9.7 5.0 2.5 2 0 2 0 0
-6838.7 -3064.5 -64.5 107 0 38.9 13.0 10.0 2.5 2 0 4 1 1
-6863.7 -3053.7 -65.6 106 0 9.2 31.0 12.5 2.5 2 1 5 3 3
-6849.1 -2779.8 -71.6 284 0 11.2 12.7 5.0 2.5 2 1 2 5 5
-6846.2 -2849.2 -69.6 16 0 14.1 16.2 5.0 2.5 2 1 2 4 4
-6869.6 -2901.0 -67.9 123 0 16.2 10.7 7.5 2.5 2 0 3 3 3
-6782.3 -2813.5 -71.6 281 0 15.6 9.2 5.0 2.5 2 0 2 0 0
-6752.1 -2820.5 -71.8 290 0 12.8 14.7 5.0 2.5 2 1 2 0 0
-6793.4 -2909.2 -68.5 195 0 10.0 15.2 10.0 2.5 2 1 4 3 3
-6835.5 -2980.7 -66.3 191 0 22.6 11.5 7.5 2.5 2 0 3 4 4
-6783.3 -2975.8 -65.7 205 0 13.8 12.0 5.0 0.0 0 0 2 4 4
-6711.5 -3010.4 -64.8 16 0 16.2 10.4 5.0 2.5 2 0 2 0 0
-6757.5 -3105.8 -58.7 184 0 10.6 7.7 7.5 2.5 2 0 3 5 5
-6762.5 -3081.5 -60.3 186 0 8.3 11.5 7.5 0.0 0 1 3 4 4
-6684.1 -3059.2 -61.5 265 0 14.8 25.6 10.0 2.5 4 1 4 4 4
-6735.6 -3050.0 -62.5 276 0 14.0 22.6 12.5 2.5 2 1 5 1 1
-6698.8 -3168.5 -57.7 87 0 13.6 24.9 10.0 2.5 2 1 4 5 5
-6650.0 -3112.0 -59.1 7 0 14.3 20.4 10.0 2.5 4 1 4 1 1
-6578.0 -3101.3 -59.0 11 0 12.1 20.1 7.5 2.5 2 1 3 2 2
-6566.3 -3106.0 -58.0 286 0 8.7 24.0 7.5 2.5 2 1 3 3 3
-6520.4 -3114.4 -57.8 278 0 16.5 22.1 10.0 2.5 2 1 4 0 0
-6611.4 -3024.7 -62.5 286 0 19.3 15.4 10.0 2.5 2 0 4 4 4
-6579.4 -3022.7 -61.8 305 0 12.1 23.8 10.0 2.5 2 1 4 2 2
-6563.0 -3046.9 -61.0 5 0 21.4 12.9 10.0 2.5 2 0 4 1 1
-6650.0 -2857.7 -70.9 92 0 15.9 22.5 10.0 2.5 2 1 4 4 4
-6558.9 -2791.0 -68.6 205 0 24.1 11.0 10.0 2.5 4 0 4 3 3
-6512.5 -2822.1 -67.6 97 0 11.3 24.4 10.0 2.5 2 1 4 1 1
-6478.1 -2869.5 -65.2 137 0 12.2 19.2 5.0 2.5 2 1 2 5 5
-6218.9 -2734.7 -67.8 193 0 10.3 15.7 7.5 2.5 2 1 3 5 5
-6226.4 -2754.4 -67.5 199 0 11.6 16.2 5.0 2.5 2 1 2 0 0
-6163.1 -2956.1 -64.0 107 0 14.6 18.5 5.0 2.5 2 1 2 4 4
-6297.3 -2891.7 -64.3 273 0 23.0 12.6 10.0 2.5 4 0 4 2 2
-6376.5 -2847.8 -66.0 184 0 13.4 18.3 2.5 2.5 2 1 1 0 0
-6374.1 -2878.9 -64.5 195 0 13.2 20.7 7.5 2.5 2 1 3 4 4
-6369.9 -2939.1 -61.9 93 0 21.2 12.8 12.5 2.5 2 0 5 4 4
-6324.7 -2957.5 -62.2 100 0 14.3 19.4 7.5 2.5 2 1 3 4 4
-6454.8 -2970.1 -61.5 112 0 17.2 17.8 7.5 2.5 2 1 3 4 4
-6431.2 -3062.8 -58.0 284 0 15.1 15.9 5.0 2.5 2 1 2 4 4
-6482.2 -3126.3 -57.8 279 0 11.9 11.5 7.5 2.5 2 0 3 0 0
-6393.2 -3308.9 -46.4 277 0 14.8 14.1 7.5 2.5 4 0 3 3 3
-6303.3 -3015.9 -60.3 15 0 15.1 15.8 7.5 2.5 2 1 3 3 3
-6327.2 -3114.6 -56.2 203 0 17.3 15.3 10.0 2.5 2 0 4 0 0
-6132.2 -3184.3 -52.2 280 0 13.7 23.3 10.0 2.5 2 1 4 5 5
-6059.5 -3156.6 -55.1 0 0 11.2 12.3 10.0 2.5 4 1 4 3 3
-6062.7 -3205.9 -52.4 22 0 11.9 14.5 2.5 2.5 2 1 1 2 2
-6053.2 -3261.4 -50.6 25 0 16.2 14.2 5.0 2.5 2 0 2 2 2
-5950.4 -3261.6 -52.0 27 0 17.4 17.1 12.5 2.5 2 0 5 5 5
-5885.8 -3242.8 -53.9 85 0 13.6 17.5 7.5 2.5 2 1 3 0 0
-5879.8 -2832.9 -63.0 3 0 16.1 11.8 5.0 2.5 4 0 2 2 2
-5914.3 -3016.4 -59.8 109 0 19.9 17.2 10.0 2.5 2 0 4 0 0
-5811.2 -2970.9 -57.4 273 0 12.4 11.2 7.5 2.5 2 0 3 2 2
-5820.7 -2999.7 -57.3 188 0 11.5 8.9 7.5 2.5 4 0 3 1 1
-5791.8 -3037.2 -56.7 2 0 19.0 11.7 7.5 2.5 2 0 3 5 5
-5776.0 -3002.7 -56.5 18 0 13.7 10.4 5.0 2.5 2 0 2 5 5
-5877.3 -2745.3 -64.7 0 0 14.8 10.6 7.5 2.5 4 0 3 5 5
-5816.7 -2733.5 -62.3 265 0 20.1 13.6 7.5 2.5 4 0 3 0 0
-5844.1 -2806.3 -62.0 182 0 19.5 10.0 7.5 2.5 2 0 3 4 4
-5804.2 -2885.2 -58.3 254 0 9.1 12.9 10.0 2.5 2 1 4 5 5
-5735.2 -2867.8 -56.8 238 0 7.9 9.0 5.0 2.5 2 1 2 2 2
-5742.5 -2830.8 -58.4 58 0 11.3 15.9 5.0 0.0 0 1 2 1 1
-5708.0 -2822.3 -57.0 217 0 9.6 12.6 7.5 2.5 4 1 3 0 0
-5670.9 -2806.7 -56.5 242 0 14.8 14.0 7.5 2.5 2 0 3 2 2
-5782.6 -3305.2 -52.3 96 0 16.6 15.8 15.0 0.0 0 0 6 4 4
-5629.5 -3293.9 -47.5 12 0 13.9 22.3 7.5 2.5 2 1 3 2 2
-5541.3 -3143.9 -41.1 110 0 20.7 13.9 10.0 2.5 2 0 4 5 5
-5522.5 -3270.6 -42.0 194 0 12.2 32.2 7.5 2.5 2 1 3 1 1
-5467.0 -3133.5 -37.0 109 0 12.5 19.6 2.5 2.5 2 1 1 5 5
-5315.4 -2925.0 -38.8 264 0 10.5 16.1 5.0 2.5 2 1 2 3 3
-5390.8 -2932.6 -40.1 62 0 15.3 18.0 10.0 2.5 2 1 4 5 5
-5347.4 -2947.2 -38.7 76 0 11.3 12.2 2.5 2.5 2 1 1 3 3
-5633.9 -3352.4 -46.6 10 0 14.0 21.5 12.5 0.0 0 1 5 5 5
-5259.9 -3364.1 -34.6 12 0 18.2 11.4 5.0 2.5 2 0 2 1 1
-5307.8 -3326.8 -36.9 295 0 11.1 19.7 7.5 2.5 4 1 3 1 1
-5363.8 -3383.3 -38.7 105 0 16.4 12.9 2.5 2.5 2 0 1 0 0
-5155.2 -3427.6 -29.8 292 0 14.0 20.6 12.5 0.0 0 1 5 5 5
-4957.9 -3514.4 -16.8 100 0 13.2 15.3 10.0 2.5 2 1 4 3 3
-5061.6 -3399.0 -29.7 82 0 8.9 14.1 7.5 2.5 2 1 3 0 0
-5210.1 -3452.2 -30.7 112 0 12.7 24.7 10.0 2.5 2 1 4 2 2
-4802.1 -3485.4 -10.0 103 0 15.7 10.7 7.5 2.5 2 0 3 1 1
-4828.8 -3554.7 -8.1 94 0 17.1 11.3 7.5 2.5 4 0 3 0 0
-4729.4 -3496.4 -11.1 82 0 12.5 20.4 10.0 0.0 0 1 4 1 1
-4662.1 -3428.6 -11.2 0 0 23.7 17.1 12.5 2.5 2 0 5 0 0
-4661.8 -3458.2 -11.7 358 0 11.8 17.1 5.0 2.5 2 1 2 2 2
-4653.3 -3478.9 -12.3 0 0 11.8 22.3 12.5 2.5 4 1 5 2 2
-4630.1 -3584.2 -6.6 108 0 15.4 17.4 12.5 2.5 2 1 5 4 4
-4599.0 -3568.5 -7.1 297 0 17.9 19.0 15.0 0.0 0 1 6 3 3
-4555.4 -3569.7 -9.4 289 0 19.9 13.9 10.0 0.0 0 0 4 4 4
-4657.7 -3556.8 -7.9 204 0 16.0 14.2 7.5 2.5 2 0 3 3 3
-4488.5 -3580.1 -9.8 293 0 14.8 11.6 10.0 2.5 2 0 4 2 2
-4573.9 -3690.7 7.5 10 0 7.4 13.1 2.5 2.5 2 1 1 0 0
-4447.6 -3685.2 1.3 15 0 13.9 23.1 15.0 0.0 0 1 6 5 5
-4398.8 -3631.3 -6.9 103 0 13.3 22.5 7.5 2.5 2 1 3 1 1
-4448.0 -3407.7 -14.7 309 0 16.8 17.0 10.0 2.5 4 1 4 2 2
-4425.9 -3489.6 -12.7 40 0 23.2 10.9 10.0 2.5 2 0 4 2 2
-4192.3 -3685.7 -3.8 24 0 17.7 14.2 12.5 2.5 2 0 5 0 0
-4267.5 -3606.4 -9.5 26 0 8.5 21.1 7.5 2.5 2 1 3 5 5
-4342.2 -3620.1 -6.8 268 0 14.1 10.6 5.0 2.5 2 0 2 2 2
-4318.5 -3649.9 -5.6 115 0 16.3 12.9 5.0 2.5 2 0 2 2 2
-4263.6 -3643.1 -6.2 0 0 11.2 17.0 7.5 0.0 0 1 3 0 0
-4262.2 -3722.6 2.6 2 0 12.0 16.5 5.0 0.0 0 1 2 2 2
-4273.2 -3760.7 7.1 17 0 10.8 14.1 7.5 2.5 2 1 3 3 3
-4081.9 -3723.1 -1.8 28 0 15.1 20.0 10.0 2.5 2 1 4 3 3
-4158.3 -3553.8 -6.3 38 0 18.8 11.3 2.5 2.5 2 0 1 5 5
-4037.4 -3588.6 -0.2 38 0 14.6 11.3 7.5 2.5 2 0 3 3 3
-3910.5 -3671.3 -0.3 34 0 11.3 20.8 7.5 2.5 2 1 3 3 3
-3887.0 -3752.3 -2.2 299 0 20.8 18.5 10.0 2.5 2 0 4 2 2
-3863.2 -3780.1 -2.3 118 0 25.3 13.5 10.0 2.5 2 0 4 1 1
-3536.9 -3527.4 23.8 86 0 18.8 15.1 7.5 0.0 0 0 3 3 3
-3438.3 -3688.7 8.4 264 0 16.6 12.5 5.0 0.0 0 0 2 5 5
-3430.3 -3752.4 2.7 168 0 68.6 46.8 12.5 0.0 0 0 5 3 3
