6628.7 1140.3 20.9 273 0 12.4 51.5 14.0 3.5 2 0 4 5 5
6569.7 1138.1 22.2 161 0 13.0 44.0 14.0 0.0 0 0 4 4 4
6558.4 1162.4 24.4 71 0 8.0 19.5 10.5 3.5 2 0 3 2 2
6659.6 1145.7 25.3 110 0 23.6 12.3 10.5 3.5 2 0 3 2 2
6585.6 1056.5 21.2 94 0 23.1 30.3 14.0 0.0 0 1 4 5 5
6592.6 1012.6 21.3 77 0 13.5 14.0 14.0 0.0 0 1 4 3 3
6528.4 998.2 22.7 90 0 7.6 12.2 14.0 0.0 0 0 4 2 2
6606.1 1048.0 21.0 179 0 12.5 11.1 14.0 3.5 2 0 4 2 2
6678.6 1139.6 25.7 107 0 10.3 51.0 10.5 3.5 2 0 3 2 2
6727.4 1169.1 25.4 265 0 11.2 38.6 14.0 0.0 0 1 4 1 1
6531.5 1152.6 24.1 294 0 17.6 30.8 14.0 3.5 2 0 4 0 0
6482.3 903.9 31.2 177 0 11.0 28.9 14.0 3.5 4 1 4 5 5
6502.5 865.8 30.9 109 0 12.0 26.7 14.0 3.5 2 1 4 1 1
6532.7 936.8 28.5 0 0 10.5 10.7 14.0 3.5 2 1 4 2 2
6478.6 933.5 30.6 175 0 26.2 12.1 14.0 0.0 0 0 4 0 0
6563.3 918.7 28.1 349 0 9.2 6.5 14.0 3.5 4 0 4 5 5
6562.4 888.2 28.8 356 0 28.5 14.0 14.0 3.5 2 0 4 4 4
6562.6 939.2 26.4 351 0 10.9 6.3 14.0 3.5 2 0 4 5 5
6480.8 973.6 28.0 266 0 10.3 21.4 14.0 3.5 2 1 4 1 1
6473.5 886.2 32.0 196 0 18.7 13.9 14.0 3.5 2 0 4 1 1
6527.9 982.7 24.6 265 0 16.1 20.4 14.0 3.5 2 1 4 1 1
6555.4 908.3 29.1 0 0 9.0 7.4 14.0 3.5 2 0 4 5 5
6552.7 948.7 26.3 356 0 13.5 8.6 14.0 3.5 2 0 4 3 3
6693.0 1004.0 22.8 88 0 21.3 10.2 14.0 3.5 2 0 4 2 2
6572.9 1048.1 21.3 271 0 35.2 10.4 14.0 3.5 2 0 4 5 5
6548.4 1032.0 21.8 170 0 10.1 6.9 14.0 3.5 2 0 4 4 4
6594.6 1032.9 21.3 348 0 7.3 13.6 14.0 3.5 2 1 4 4 4
6586.2 987.1 22.6 253 0 11.2 16.0 14.0 0.0 0 1 4 4 4
6598.7 995.9 22.0 253 0 6.3 10.0 14.0 3.5 2 1 4 2 2
6527.3 1092.1 23.6 358 0 9.2 19.8 14.0 3.5 2 1 4 0 0
6546.5 1084.1 22.7 83 0 18.4 15.7 14.0 3.5 4 0 4 1 1
6500.4 1085.2 24.6 91 0 11.0 11.5 14.0 3.5 2 1 4 2 2
6501.3 1178.5 25.9 128 0 17.9 12.4 10.5 3.5 2 0 3 1 1
6475.4 1183.0 27.2 315 0 6.7 17.2 14.0 3.5 2 1 4 2 2
6480.2 1178.2 26.9 314 0 6.8 19.5 14.0 3.5 2 1 4 1 1
6446.6 1148.1 27.5 72 0 11.7 32.4 14.0 3.5 2 1 4 2 2
6451.6 1202.6 28.3 325 0 11.0 8.5 14.0 3.5 2 0 4 0 0
6422.8 1157.5 28.6 82 0 10.6 16.0 14.0 3.5 2 1 4 5 5
6426.2 1201.1 28.8 250 0 7.3 10.5 14.0 3.5 2 1 4 4 4
6409.6 1196.4 29.5 244 0 10.8 13.4 14.0 3.5 2 1 4 1 1
6438.6 1087.8 27.3 62 0 18.2 12.4 14.0 3.5 2 0 4 2 2
6419.7 1077.1 27.8 66 0 13.1 12.5 14.0 3.5 2 0 4 0 0
6404.8 1131.8 28.0 247 0 18.6 21.8 14.0 0.0 0 1 4 0 0
6401.3 1072.5 28.3 65 1 11.7 19.6 14.0 3.5 2 1 4 4 4
6377.7 1073.6 28.6 81 1 17.9 12.9 14.0 3.5 2 0 4 2 2
6323.6 1087.2 26.5 165 0 15.2 20.9 14.0 3.5 4 1 4 5 5
6328.7 1158.1 27.6 10 0 19.8 16.9 14.0 3.5 2 0 4 1 1
6378.3 1194.6 30.5 248 1 12.9 17.6 14.0 3.5 2 1 4 5 5
6369.5 1129.6 30.1 70 1 10.4 14.5 14.0 3.5 2 1 4 3 3
6357.4 1180.6 31.2 174 1 13.2 10.8 14.0 3.5 2 0 4 0 0
6608.9 997.4 21.6 253 0 10.6 19.6 14.0 0.0 0 1 4 0 0
6639.1 966.8 22.7 82 0 18.8 9.4 14.0 0.0 0 0 4 4 4
6131.4 880.2 34.7 12 0 31.3 10.4 10.5 0.0 0 0 3 2 2
6118.5 824.3 36.9 25 0 14.9 10.1 10.5 3.5 2 0 3 3 3
6901.9 468.0 25.8 351 0 9.7 34.0 14.0 3.5 2 1 4 3 3
6826.0 459.3 24.8 169 0 7.6 38.2 14.0 3.5 2 1 4 3 3
6826.8 475.4 24.5 169 0 8.8 32.2 14.0 3.5 2 1 4 2 2
6912.5 466.6 28.2 77 0 7.8 19.1 14.0 3.5 2 1 4 1 1
6888.1 498.3 26.1 56 0 11.6 18.9 14.0 3.5 2 1 4 0 0
6908.5 506.8 27.6 63 0 23.9 11.7 14.0 3.5 2 0 4 2 2
6898.4 518.5 26.7 39 0 9.6 22.9 14.0 3.5 2 1 4 3 3
6888.2 441.9 24.9 336 0 10.2 37.0 14.0 3.5 2 1 4 0 0
6864.9 532.6 25.5 230 0 9.9 20.0 14.0 3.5 2 1 4 0 0
6639.9 1003.8 21.8 257 0 8.5 24.3 14.0 3.5 2 1 4 3 3
6624.4 1003.0 21.6 259 0 6.6 11.5 14.0 0.0 0 1 4 3 3
6631.2 1004.4 21.6 257 0 6.1 12.6 14.0 3.5 2 1 4 0 0
6665.6 978.9 22.8 344 0 7.0 16.0 14.0 3.5 2 1 4 4 4
6666.5 1001.5 21.8 347 0 20.4 19.1 14.0 3.5 2 0 4 5 5
6676.6 981.5 22.8 333 0 9.2 8.6 14.0 3.5 4 0 4 5 5
6676.3 965.2 23.2 336 0 14.1 11.9 14.0 3.5 2 0 4 0 0
6682.3 972.0 23.1 335 0 8.3 6.5 14.0 3.5 2 0 4 1 1
6636.9 1226.5 28.3 290 0 9.7 18.9 10.5 3.5 2 1 3 1 1
6802.5 1263.1 24.5 85 0 7.1 20.7 14.0 3.5 2 1 4 4 4
6810.4 1263.8 24.5 85 0 8.6 20.7 14.0 3.5 2 1 4 2 2
6816.2 1291.7 24.5 265 0 7.9 27.3 14.0 0.0 0 1 4 0 0
6824.1 1292.5 24.8 265 0 8.1 27.3 14.0 3.5 2 1 4 1 1
6840.2 1293.9 24.6 265 0 7.1 27.3 14.0 3.5 2 1 4 0 0
6847.4 1294.6 24.7 265 0 7.4 27.3 14.0 3.5 2 1 4 4 4
6823.5 1304.2 24.8 265 0 14.4 11.7 14.0 0.0 0 0 4 3 3
6810.0 1255.7 24.9 85 0 6.4 8.1 14.0 3.5 2 1 4 4 4
6822.2 1256.8 24.8 85 0 18.2 8.1 14.0 3.5 2 0 4 4 4
6837.2 1258.1 24.6 85 0 11.8 8.1 14.0 3.5 2 0 4 4 4
6701.3 1196.1 25.2 17 0 19.3 12.8 10.5 3.5 2 0 3 1 1
6709.5 1222.5 25.0 17 0 36.0 13.3 10.5 3.5 2 0 3 4 4
6740.6 1317.0 23.9 22 0 55.8 15.6 10.5 3.5 2 0 3 3 3
2448.7 -5658.4 -84.7 175 0 14.6 27.7 7.5 2.5 2 1 3 3 3
1753.7 -4137.9 -62.0 355 0 12.0 7.1 5.0 2.5 2 0 2 3 3
1784.6 -4129.7 -59.5 265 0 6.7 12.8 7.5 2.5 2 1 3 2 2
-1607.9 -5580.5 -92.0 154 0 20.7 41.8 3.5 3.5 2 1 1 4 4
-1609.1 -5539.2 -91.8 64 0 50.1 17.6 3.5 3.5 2 0 1 3 3
-1567.9 -5535.0 -89.8 334 0 62.5 13.4 3.5 3.5 2 0 1 2 2
-1636.4 -5570.2 -92.9 156 0 63.3 6.3 3.5 3.5 2 0 1 4 4
-1144.2 -5008.7 -87.8 329 0 61.8 18.9 3.5 3.5 2 0 1 4 4
-1052.7 -5013.7 -85.2 296 0 7.1 48.9 7.0 3.5 2 1 2 0 0
-1121.4 -5148.8 -84.0 117 0 12.0 42.7 14.0 3.5 2 1 4 4 4
6568.5 863.3 28.8 355 0 10.5 41.1 14.0 3.5 2 1 4 5 5
6827.7 448.2 24.5 168 0 7.0 39.0 14.0 3.5 2 1 4 0 0
6611.0 1180.5 26.2 103 0 23.2 13.6 10.5 0.0 0 0 3 1 1
6588.8 1185.8 26.1 72 0 7.7 18.9 10.5 3.5 2 1 3 5 5
6573.9 1167.9 24.4 70 0 25.0 13.0 10.5 3.5 2 0 3 1 1
6601.7 1230.1 26.4 314 0 16.7 44.3 10.5 3.5 2 1 3 2 2
6811.9 983.6 28.1 62 0 14.5 17.1 10.5 3.5 4 1 3 5 5
6909.0 837.6 25.7 184 0 14.0 41.6 10.5 3.5 2 1 3 0 0
5988.5 2478.3 77.3 97 0 12.0 7.9 5.0 2.5 2 0 2 1 1
5835.6 2421.2 77.5 234 0 9.4 7.2 7.5 2.5 2 0 3 1 1
5697.3 2310.3 63.5 46 0 11.7 10.0 2.5 2.5 2 0 1 1 1
5600.9 2241.1 51.4 141 0 10.0 9.7 10.0 2.5 2 0 4 4 4
5474.0 2173.7 34.5 357 0 7.7 10.5 7.5 2.5 2 1 3 0 0
5457.1 2225.3 29.7 0 0 9.6 11.0 7.5 0.0 0 1 3 1 1
5505.2 1859.2 31.4 159 0 8.2 16.5 7.5 2.5 2 1 3 0 0
5533.5 1871.6 34.0 57 0 12.1 9.8 10.0 2.5 2 0 4 3 3
5577.0 2087.0 57.8 132 0 7.1 11.7 7.5 2.5 2 1 3 3 3
5288.4 1982.0 38.0 58 0 11.9 10.1 5.0 2.5 2 0 2 5 5
5335.2 1934.0 38.3 143 0 6.3 11.6 5.0 2.5 4 1 2 4 4
5376.5 1924.9 35.9 65 0 14.0 15.3 5.0 2.5 2 1 2 3 3
6555.2 2586.7 44.7 278 0 6.2 14.6 5.0 2.5 2 1 2 2 2
6420.0 2705.8 53.6 219 0 11.0 8.0 7.5 2.5 4 0 3 0 0
5898.1 2698.8 91.2 111 0 13.5 19.4 12.5 2.5 4 1 5 1 1
5798.4 2530.9 75.7 149 0 7.6 15.7 7.5 2.5 2 1 3 2 2
6297.9 2591.1 50.8 75 0 15.8 8.9 7.5 2.5 2 0 3 5 5
6624.9 2495.3 31.9 131 0 15.7 10.9 7.5 2.5 4 0 3 2 2
-5879.3 -2604.9 -75.1 93 0 9.8 15.3 3.5 2.5 2 1 1 5 5
6730.2 1180.3 23.7 102 0 12.1 25.2 7.0 3.5 2 1 2 3 3
6526.6 4926.8 56.2 245 0 13.0 17.4 7.5 2.5 2 1 3 0 0
6492.8 4917.4 59.6 244 0 12.8 10.7 10.0 2.5 2 0 4 5 5
6305.9 -6751.1 -65.9 166 0 12.1 19.5 5.0 0.0 0 1 2 1 1
1305.1 -5891.1 -97.4 301 0 7.9 41.2 12.5 2.5 2 1 5 2 2
1363.0 -5821.6 -95.5 55 0 12.5 27.6 12.5 2.5 2 1 5 5 5
1580.6 -5667.0 -96.9 66 0 29.4 21.7 10.0 0.0 0 0 4 4 4
