2335.0 1203.1 -33.4 30 0 13.0 12.8 10.5 2.5 2 0 3 2 2
-2927.7 3564.9 -32.1 340 0 13.7 8.3 14.0 3.5 2 0 4 3 3
-3003.6 3562.5 -25.7 76 0 9.0 44.4 14.0 3.5 2 0 4 5 5
-2954.4 3613.1 -28.3 352 0 24.6 10.0 14.0 3.5 2 0 4 1 1
-2980.2 3561.5 -28.7 71 0 8.3 34.5 14.0 3.5 2 0 4 1 1
-2946.2 3582.5 -30.5 339 0 36.4 10.3 14.0 3.5 2 0 4 5 5
-2954.9 3557.4 -29.7 68 0 9.7 23.4 14.0 3.5 2 0 4 2 2
-2973.0 3617.2 -26.7 263 0 9.8 23.1 14.0 3.5 2 0 4 3 3
-3050.4 3891.3 -37.2 178 0 10.9 7.8 17.5 3.5 2 0 5 5 5
-3029.4 3905.5 -37.6 358 0 12.8 9.7 17.5 3.5 2 0 5 4 4
-6905.4 3523.6 -35.4 184 0 21.8 21.7 12.5 2.5 2 0 5 4 4
-6839.2 3586.4 -36.6 271 0 13.7 24.1 12.5 2.5 2 0 5 3 3
-3343.0 3095.3 -6.0 23 0 12.0 7.1 10.5 3.5 2 0 3 0 0
-3381.8 3040.2 4.7 302 0 9.0 13.6 10.5 3.5 2 0 3 0 0
-3405.0 3042.1 5.6 208 0 19.1 8.9 10.5 3.5 2 0 3 1 1
-3269.1 3116.8 -4.6 59 0 13.2 10.0 10.5 3.5 2 0 3 2 2
-3264.5 3107.1 -4.7 294 0 12.7 19.7 10.5 0.0 0 0 3 1 1
-3280.4 3051.5 -5.6 100 0 11.3 19.0 10.5 3.5 4 0 3 2 2
-3157.4 3003.3 -0.3 167 0 12.0 24.5 14.0 3.5 2 1 4 2 2
-3209.4 3155.1 -2.5 56 0 24.5 12.9 10.5 3.5 2 0 3 5 5
-3155.9 3158.9 -7.8 269 1 10.4 12.6 14.0 0.0 0 1 4 2 2
-3175.2 3186.8 -2.9 49 0 10.4 9.5 10.5 3.5 2 0 3 5 5
-3146.0 3244.3 -6.7 2 0 11.2 15.1 10.5 3.5 4 0 3 2 2
-3156.1 3227.4 -5.3 174 0 7.8 12.1 10.5 3.5 2 0 3 4 4
-3140.0 3170.8 -7.9 94 0 9.3 8.1 10.5 3.5 2 0 3 5 5
-3110.7 3188.8 -8.2 59 0 15.7 11.0 10.5 3.5 2 0 3 3 3
-3076.3 3198.0 -11.1 79 0 12.1 10.4 10.5 3.5 2 0 3 2 2
-3240.0 2752.6 20.8 242 0 14.3 9.8 10.0 2.5 2 0 4 3 3
-3222.3 2771.5 16.4 149 0 7.7 16.7 2.5 2.5 2 1 1 2 2
-3220.5 2788.0 15.8 231 0 11.7 7.3 5.0 2.5 2 0 2 5 5
-3312.9 2858.0 11.5 68 0 6.8 9.7 10.5 3.5 4 0 3 4 4
-3147.7 3091.5 -5.4 182 1 11.4 16.8 14.0 3.5 2 1 4 4 4
-3148.2 3070.2 -1.7 182 1 10.3 13.9 14.0 3.5 2 1 4 3 3
-3032.1 3967.1 -39.3 357 0 6.7 9.1 17.5 3.5 2 1 5 3 3
-3045.5 3969.1 -39.3 266 0 6.6 8.3 17.5 3.5 2 1 5 1 1
-3012.8 3871.2 -35.7 346 0 11.0 8.0 17.5 3.5 2 0 5 1 1
-3014.3 3894.8 -36.7 2 0 11.0 6.0 17.5 3.5 2 0 5 0 0
-3021.6 3904.3 -37.4 358 0 16.0 6.9 17.5 0.0 0 0 5 1 1
-3040.1 3906.3 -37.6 358 0 8.5 9.1 17.5 3.5 4 1 5 5 5
-3058.2 3904.1 -37.3 179 0 13.6 6.5 17.5 3.5 2 0 5 1 1
-3066.6 3904.1 -36.7 177 0 12.9 6.2 17.5 3.5 2 0 5 5 5
-3041.2 3947.5 -39.6 357 0 7.4 21.3 17.5 3.5 4 1 5 2 2
-3068.2 3965.0 -38.6 267 0 19.1 6.1 17.5 3.5 2 0 5 5 5
-3092.9 3964.2 -37.6 265 0 26.9 7.4 17.5 3.5 2 0 5 5 5
-3111.3 3961.5 -35.7 264 0 8.8 7.0 17.5 3.5 2 0 5 5 5
-3418.5 3084.8 0.1 6 0 7.0 13.7 10.5 3.5 2 0 3 0 0
-3431.0 3062.1 4.1 8 0 7.6 8.8 10.5 0.0 0 0 3 1 1
-3439.8 3041.6 8.6 278 0 10.7 8.5 10.5 0.0 0 0 3 1 1
-3187.5 2896.2 1.3 236 0 10.8 11.6 7.5 2.5 4 1 3 3 3
-3194.7 2901.5 1.5 240 0 7.0 6.6 7.5 2.5 2 0 3 0 0
-3431.8 2951.1 10.1 87 0 7.8 10.8 10.5 0.0 0 0 3 0 0
-3377.3 2967.4 9.3 74 0 11.6 9.4 10.5 3.5 2 0 3 0 0
-3373.8 2953.6 9.2 88 0 7.3 9.8 10.5 3.5 2 0 3 3 3
-3368.7 2941.3 9.1 95 0 12.4 9.9 10.5 3.5 4 0 3 4 4
-3362.0 2954.8 9.1 91 0 6.7 8.8 10.5 3.5 2 0 3 0 0
-3348.5 2951.2 8.8 93 0 8.4 11.2 10.5 3.5 2 0 3 0 0
-3310.1 2925.9 8.5 62 0 6.5 10.1 10.5 3.5 2 0 3 3 3
-3304.0 2942.1 6.4 70 0 10.6 8.3 10.5 3.5 4 0 3 4 4
-3155.2 2922.6 0.7 268 0 14.3 17.0 2.5 2.5 2 1 1 0 0
-3183.4 2869.5 3.0 64 0 7.2 9.6 7.5 0.0 0 1 3 0 0
-3206.2 2857.6 4.9 157 0 9.0 12.8 5.0 2.5 2 1 2 2 2
-3284.1 2788.1 21.0 17 0 7.3 11.0 7.5 2.5 2 1 3 4 4
-3312.1 2772.2 25.2 186 0 7.6 15.0 5.0 2.5 4 1 2 1 1
-3300.1 2734.1 26.9 178 0 10.9 13.3 7.5 2.5 2 1 3 0 0
-3078.8 3589.8 -15.4 182 1 14.1 11.3 14.0 3.5 2 0 4 5 5
-3073.0 3613.6 -14.5 263 1 11.0 15.3 14.0 3.5 2 1 4 3 3
-3057.4 3657.2 -18.2 174 1 15.9 14.1 14.0 0.0 0 0 4 2 2
-3007.6 3649.4 -22.2 349 1 11.7 11.5 14.0 3.5 2 0 4 1 1
-3052.3 3698.6 -20.4 198 0 16.3 15.8 14.0 3.5 2 0 4 1 1
-3000.4 3853.8 -34.3 162 0 7.1 18.5 17.5 3.5 2 1 5 5 5
-2977.8 3825.8 -32.8 175 0 11.3 7.2 17.5 3.5 2 0 5 2 2
-3055.3 3036.6 -1.0 356 1 10.1 13.8 14.0 3.5 2 1 4 3 3
-2850.6 3199.0 -26.0 218 0 9.8 11.5 7.5 2.5 2 1 3 5 5
-2833.3 3272.8 -29.6 81 0 11.3 25.8 14.0 3.5 2 1 4 1 1
-2927.2 3228.3 -24.6 109 0 6.8 19.7 7.5 2.5 2 1 3 1 1
-2886.3 3329.6 -31.7 142 0 15.3 11.3 14.0 0.0 0 0 4 4 4
-2763.3 3454.7 -34.9 257 0 13.5 15.4 14.0 0.0 0 1 4 1 1
-2773.0 3506.8 -35.9 109 0 8.9 8.7 20.0 3.5 4 0 5 0 0
-2745.4 3591.1 -30.3 274 1 10.9 16.3 17.5 3.5 4 1 5 0 0
-3506.2 2812.6 9.1 167 0 9.2 14.3 7.5 2.5 2 1 3 5 5
-3410.5 3072.1 2.0 217 0 6.4 9.9 10.5 3.5 2 1 3 2 2
-3442.1 3131.7 -5.4 326 0 11.2 12.4 10.5 3.5 2 1 3 2 2
-3457.7 3189.5 -14.0 325 0 8.4 17.9 10.5 0.0 0 1 3 3 3
-3516.3 3207.9 -19.3 253 0 10.2 11.6 10.5 3.5 2 1 3 3 3
-3526.9 3208.1 -19.7 253 0 6.3 14.8 10.5 3.5 4 1 3 4 4
-3540.2 3222.3 -21.5 190 0 6.3 10.5 10.5 3.5 2 1 3 2 2
-3527.1 3220.8 -21.0 192 0 7.8 6.1 10.5 3.5 2 0 3 4 4
-3556.5 3226.2 -22.9 355 0 7.3 12.4 7.5 2.5 2 1 3 3 3
-3557.7 3245.0 -26.1 358 0 11.2 16.1 5.0 2.5 2 1 2 1 1
-3160.3 3212.1 -4.1 166 0 6.1 8.0 10.5 3.5 2 1 3 5 5
-3074.8 3236.8 -11.8 161 0 8.5 12.3 10.5 3.5 2 1 3 4 4
-3072.7 3267.2 -11.2 247 0 10.2 6.6 10.5 3.5 2 0 3 1 1
-3053.5 3268.4 -12.8 233 0 6.4 7.3 10.5 3.5 2 1 3 4 4
-3018.4 3244.9 -15.8 31 0 17.1 8.1 10.5 3.5 2 0 3 4 4
-2958.1 3445.6 -30.9 169 0 9.7 12.4 10.5 0.0 0 1 3 3 3
-2982.1 3300.1 -15.0 359 0 8.8 10.8 10.5 3.5 2 1 3 5 5
-2997.7 3299.7 -14.8 18 0 6.2 6.4 10.5 3.5 2 1 3 5 5
-2982.8 3319.1 -15.0 352 0 6.5 13.2 10.5 3.5 2 1 3 5 5
-2894.2 3365.1 -30.6 257 0 14.4 8.4 14.0 3.5 2 0 4 4 4
-2866.3 3348.9 -31.7 244 0 8.1 24.5 14.0 3.5 2 1 4 3 3
-2858.5 3376.8 -34.1 260 0 13.9 7.2 14.0 3.5 2 0 4 4 4
-3492.9 3330.2 -30.1 221 0 6.2 17.8 10.5 0.0 0 1 3 5 5
-3467.8 3335.3 -29.2 263 0 8.7 8.1 10.5 3.5 2 0 3 5 5
-3467.3 3284.5 -23.7 174 0 12.6 9.1 10.5 3.5 4 0 3 4 4
-3417.6 3256.1 -19.4 115 0 9.3 9.4 10.5 3.5 2 1 3 2 2
-3371.0 3248.1 -19.0 356 0 6.8 18.7 10.5 3.5 2 1 3 2 2
-3387.3 3334.2 -21.1 239 0 9.4 11.5 10.5 3.5 2 1 3 3 3
-3360.6 3287.2 -19.1 169 0 11.5 14.5 10.5 3.5 2 1 3 4 4
-3345.1 3328.0 -20.1 258 0 9.5 9.3 10.5 3.5 2 0 3 1 1
-3368.8 3315.5 -20.2 164 0 17.9 12.6 12.0 0.0 0 0 3 0 0
-3375.4 3386.7 -26.9 184 0 9.4 8.0 10.5 3.5 2 0 3 3 3
-3357.6 3377.9 -24.5 185 0 6.8 12.0 10.5 3.5 2 1 3 2 2
-3330.0 3370.8 -22.7 263 0 14.1 17.7 10.5 3.5 2 1 3 2 2
-3314.4 3349.5 -21.3 348 0 7.1 18.0 10.5 0.0 0 1 3 3 3
-3321.3 3338.8 -20.5 258 0 14.4 6.4 10.5 3.5 2 0 3 2 2
-3318.8 3316.2 -19.6 89 0 11.8 8.4 12.0 3.5 2 0 3 1 1
-3336.3 3272.6 -16.2 74 0 9.3 7.2 10.5 3.5 4 0 3 2 2
-3324.4 3283.0 -16.1 74 0 10.3 7.8 10.5 3.5 2 0 3 0 0
-3286.9 3309.1 -17.7 69 0 14.1 7.9 10.5 3.5 2 0 3 0 0
-3274.1 3326.9 -18.2 343 0 17.1 8.3 10.5 3.5 2 0 3 4 4
-3285.5 3370.5 -21.0 257 0 13.0 15.3 10.5 3.5 2 1 3 1 1
-3253.2 3400.8 -21.3 257 0 14.6 13.6 10.5 3.5 2 0 3 2 2
-3177.9 3393.0 -23.8 251 0 13.0 7.9 10.5 3.5 2 0 3 2 2
-3140.1 3405.5 -27.5 256 0 6.9 12.3 10.5 0.0 0 1 3 3 3
-3125.7 3326.4 -16.5 7 0 7.6 12.7 10.5 3.5 2 1 3 4 4
-3166.6 3305.2 -12.2 257 0 7.8 7.5 10.5 3.5 4 0 3 0 0
-3148.2 3302.5 -12.1 353 0 6.3 6.9 10.5 3.5 4 1 3 5 5
-3236.4 3373.1 -19.7 74 0 10.7 16.0 10.5 0.0 0 1 3 3 3
-2974.8 3347.8 -21.2 68 0 7.8 6.5 10.5 3.5 2 0 3 3 3
-2963.1 3349.9 -21.7 68 0 10.6 7.6 10.5 3.5 2 0 3 2 2
-2916.0 3372.0 -29.4 88 0 10.0 8.2 10.5 0.0 0 0 3 0 0
-2897.2 3379.8 -31.3 88 0 9.4 8.1 10.5 3.5 4 0 3 3 3
-2339.6 3806.7 -10.8 210 0 7.0 12.1 14.0 3.5 2 1 4 2 2
-2332.2 3818.1 -12.0 218 1 11.9 12.8 21.0 0.0 0 1 6 4 4
-2321.4 3853.3 -14.9 186 0 6.4 13.5 17.5 3.5 2 1 5 1 1
-2319.1 3873.5 -17.0 190 0 9.6 8.8 17.5 3.5 2 0 5 0 0
-2355.9 3901.1 -19.7 206 0 7.0 11.6 17.5 3.5 2 1 5 4 4
-2318.9 3910.0 -21.8 187 0 10.3 6.2 14.0 3.5 2 0 4 2 2
-2317.4 3926.5 -24.0 202 0 10.4 15.8 17.5 3.5 2 1 5 1 1
-2295.8 3919.2 -21.9 193 0 6.6 9.5 17.5 3.5 2 1 5 3 3
-2304.6 3932.2 -24.9 179 0 8.1 11.9 17.5 3.5 2 1 5 4 4
-2291.4 3936.2 -23.9 180 0 10.5 9.0 14.0 3.5 2 0 4 3 3
-2307.9 3946.5 -26.8 202 0 7.1 11.9 17.5 3.5 2 1 5 3 3
-2294.8 3972.6 -27.7 186 0 7.2 13.3 14.0 3.5 2 1 4 1 1
-2316.4 3974.5 -27.9 202 0 18.3 7.4 17.5 3.5 2 0 5 1 1
-2307.4 3972.6 -27.9 202 0 12.7 6.0 14.0 3.5 2 0 4 5 5
-2333.7 3960.8 -27.0 201 0 16.2 14.6 17.5 3.5 2 0 5 5 5
-2324.7 3978.4 -27.7 204 0 15.4 7.0 17.5 3.5 2 0 5 5 5
-2336.6 3986.2 -27.4 202 0 10.0 12.2 17.5 3.5 2 1 5 3 3
-2333.9 4024.7 -27.8 198 0 16.7 16.2 14.0 3.5 2 0 4 3 3
-2352.5 3956.2 -24.8 200 0 6.9 8.8 14.0 3.5 2 1 4 1 1
-2347.8 3970.1 -25.7 191 0 9.2 7.1 17.5 3.5 2 0 5 2 2
-2360.5 3989.9 -26.2 195 0 10.6 13.1 17.5 3.5 2 1 5 0 0
-2381.0 4018.8 -26.6 177 0 13.1 16.5 17.5 3.5 2 1 5 3 3
-2450.7 3969.9 -26.1 185 0 24.5 11.3 21.0 0.0 0 0 6 5 5
-2477.5 3975.4 -26.6 177 0 9.5 9.1 14.0 3.5 2 0 4 1 1
-2492.2 3938.9 -23.8 151 0 8.4 15.9 17.5 3.5 2 1 5 4 4
-2516.5 3967.2 -27.3 166 0 11.0 9.0 17.5 3.5 2 0 5 4 4
-2541.6 3960.2 -28.2 164 0 14.7 14.5 14.0 3.5 2 0 4 5 5
-2504.3 3892.6 -9.3 157 0 8.1 13.0 21.0 0.0 0 1 6 5 5
-2550.4 3873.3 -1.8 170 0 8.0 15.8 14.0 3.5 2 1 4 2 2
-2569.4 3932.4 -23.2 164 1 10.2 14.2 17.5 3.5 2 1 5 2 2
-2627.5 3930.0 -17.0 178 1 10.1 11.5 21.0 0.0 0 1 6 5 5
-2635.0 3956.1 -24.5 190 1 10.9 14.5 21.0 0.0 0 1 6 5 5
-2658.2 3964.8 -24.9 198 1 15.8 11.9 21.0 0.0 0 0 6 4 4
-2719.9 3977.4 -21.7 178 0 9.3 10.7 21.0 0.0 0 1 6 2 2
-2725.5 4012.5 -25.0 177 0 10.6 7.6 17.5 3.5 2 0 5 3 3
-2742.8 4010.5 -24.5 177 0 8.8 7.6 17.5 3.5 2 0 5 1 1
-2763.1 4008.7 -24.1 174 0 10.0 17.8 21.0 0.0 0 1 6 0 0
-2770.7 3952.8 -17.0 156 0 7.5 13.8 21.0 0.0 0 1 6 1 1
-2777.3 4006.1 -23.0 169 0 9.5 12.8 17.5 3.5 4 1 5 1 1
-2934.0 4005.2 -32.8 173 0 11.0 25.2 21.0 0.0 0 1 6 2 2
-3941.5 3253.5 -22.7 268 0 12.4 6.5 10.0 2.5 2 0 4 0 0
-3941.8 3261.3 -23.5 268 0 12.9 6.4 5.0 2.5 2 0 2 5 5
-3932.2 3213.8 -18.6 98 0 7.5 10.6 7.5 2.5 4 1 3 3 3
-3967.0 3240.6 -24.2 182 0 7.2 9.6 7.5 2.5 2 1 3 4 4
-3979.6 3241.8 -26.0 180 0 7.5 10.0 7.5 2.5 2 1 3 3 3
-3901.7 2991.1 -11.7 53 0 9.5 6.4 7.5 2.5 2 0 3 2 2
-3908.5 3014.3 -12.7 295 0 9.3 7.5 7.5 2.5 2 0 3 5 5
-3927.0 3021.5 -12.7 284 0 8.3 6.1 5.0 2.5 4 0 2 4 4
-3565.5 3268.1 -27.7 358 0 8.4 6.9 5.0 2.5 4 0 2 3 3
-3564.2 3279.2 -28.7 357 0 9.4 8.6 5.0 2.5 2 0 2 1 1
-3552.4 3163.9 -17.7 170 0 15.2 14.0 10.5 3.5 2 0 3 2 2
-3531.1 3106.5 -5.0 89 0 8.5 13.3 10.5 3.5 2 1 3 0 0
-3488.6 3088.9 1.1 86 0 9.8 9.3 10.5 3.5 2 0 3 1 1
-3400.9 2975.7 9.8 84 0 8.9 7.0 10.5 3.5 2 0 3 0 0
-3370.6 2930.7 9.3 169 0 6.3 13.9 10.5 0.0 0 1 3 4 4
-3358.9 2970.2 9.1 75 0 11.5 9.7 10.5 3.5 4 0 3 0 0
-3361.8 2914.6 9.8 154 0 8.9 11.1 10.5 3.5 2 1 3 1 1
-3887.9 2868.5 9.6 204 0 9.2 8.0 7.5 2.5 2 0 3 0 0
-3841.9 2839.3 17.4 156 0 6.7 12.4 7.5 2.5 2 1 3 2 2
-3790.1 2839.3 19.8 303 0 8.2 10.4 10.0 2.5 2 1 4 2 2
-3766.1 2831.1 19.5 270 0 9.3 15.4 7.5 2.5 2 1 3 1 1
-3798.1 2775.2 24.0 166 0 8.1 14.6 10.0 2.5 2 1 4 5 5
-3794.0 2758.4 24.2 179 0 9.2 14.7 7.5 2.5 2 1 3 3 3
-3786.0 2737.6 21.0 177 0 7.8 11.5 7.5 2.5 2 1 3 5 5
-3756.8 2758.5 21.2 33 0 8.3 16.5 5.0 2.5 2 1 2 0 0
-3731.6 2717.0 13.7 334 0 7.2 9.2 5.0 2.5 4 1 2 1 1
-3732.1 2783.2 18.6 47 0 8.8 8.0 7.5 2.5 2 0 3 0 0
-3710.1 2776.8 14.1 68 0 10.8 9.2 10.0 2.5 2 0 4 1 1
-3684.0 2776.4 10.6 36 0 7.6 11.7 5.0 2.5 2 1 2 0 0
-3713.1 2794.8 15.4 123 0 9.2 9.9 5.0 0.0 0 1 2 3 3
-3673.8 2785.5 10.2 108 0 12.4 9.9 5.0 2.5 2 0 2 1 1
-3665.0 2800.6 10.7 105 0 15.4 11.2 7.5 2.5 4 0 3 2 2
-3718.7 2839.4 17.7 252 0 11.0 6.2 5.0 2.5 4 0 2 3 3
-3703.2 2820.3 15.5 258 0 6.4 7.3 5.0 2.5 2 1 2 2 2
-3676.1 2837.4 13.4 272 0 9.9 10.7 5.0 2.5 2 1 2 3 3
-3669.7 2835.0 13.3 182 0 7.9 7.7 7.5 2.5 2 0 3 2 2
-3682.4 2861.4 15.6 181 0 7.3 10.5 5.0 2.5 2 1 2 3 3
-3637.8 2781.7 7.8 95 0 14.6 16.5 5.0 2.5 4 1 2 5 5
-3642.3 2805.4 9.8 95 0 16.9 17.9 12.5 0.0 0 1 5 0 0
-3642.9 2836.1 13.0 2 0 8.5 6.1 7.5 2.5 2 0 3 2 2
-3633.0 2832.0 12.2 20 0 11.7 8.3 7.5 2.5 2 0 3 0 0
-3619.0 2799.7 8.6 51 1 12.7 10.6 10.0 2.5 2 0 4 1 1
-3619.0 2866.1 14.9 270 0 7.9 8.6 7.5 0.0 0 1 3 0 0
-3604.1 2871.8 14.8 272 0 6.5 9.2 5.0 0.0 0 1 2 2 2
-3684.9 2903.7 11.9 226 0 10.6 10.0 7.5 2.5 2 0 3 3 3
-3741.9 2934.1 2.0 149 0 9.2 14.1 10.0 2.5 2 1 4 0 0
-3676.5 3043.4 0.1 357 0 9.1 11.4 5.0 2.5 2 1 2 4 4
-3672.1 3059.1 -2.8 9 0 12.0 9.2 7.5 0.0 0 0 3 3 3
-3728.5 3057.3 1.8 135 0 7.4 8.8 5.0 2.5 2 1 2 1 1
-3733.3 3086.6 -0.5 138 0 6.3 10.0 7.5 2.5 2 1 3 1 1
-3548.6 2901.2 12.7 74 0 7.6 7.0 5.0 2.5 2 0 2 2 2
-3556.1 2890.9 12.9 79 0 9.2 7.7 5.0 0.0 0 0 2 3 3
-3563.1 2878.6 13.1 58 0 7.4 9.0 5.0 2.5 2 1 2 0 0
-3572.5 2957.7 15.3 187 0 8.7 10.2 7.5 2.5 2 1 3 0 0
-3580.0 3005.9 4.7 195 0 9.2 14.0 7.5 2.5 2 1 3 5 5
-3429.0 2926.4 10.5 88 0 11.2 7.1 10.5 3.5 2 0 3 1 1
-3638.0 2910.4 15.0 10 0 15.8 7.7 7.5 2.5 2 0 3 3 3
-3675.1 3095.3 -7.8 12 0 7.1 8.0 5.0 0.0 0 1 2 3 3
-3643.6 3143.1 -16.6 5 0 9.8 11.2 7.5 2.5 2 1 3 1 1
-3627.7 3111.6 -12.3 226 0 7.8 11.5 5.0 2.5 2 1 2 5 5
-3640.3 3166.3 -20.4 2 0 11.9 14.8 7.5 2.5 2 1 3 0 0
-3674.5 3162.2 -18.3 178 0 7.5 6.8 5.0 2.5 2 0 2 1 1
-3658.1 3181.4 -21.9 356 0 10.5 7.0 7.5 2.5 2 0 3 3 3
-3673.8 3197.5 -23.1 268 0 8.7 12.9 7.5 2.5 2 1 3 5 5
-3227.6 2547.1 18.6 145 0 14.3 11.3 5.0 2.5 2 0 2 0 0
-3232.8 2511.9 20.2 216 0 11.1 7.7 7.5 2.5 2 0 3 4 4
-3192.2 2569.4 11.9 268 0 19.4 13.8 7.5 2.5 2 0 3 5 5
-3178.7 2520.6 9.0 89 0 13.3 12.5 5.0 2.5 2 0 2 1 1
-3198.0 2649.2 13.6 273 0 18.8 14.7 12.5 2.5 2 0 5 3 3
-3278.6 2627.1 24.3 233 0 15.0 20.7 12.5 2.5 2 1 5 3 3
-3247.3 2644.4 21.1 245 0 12.1 15.0 7.5 2.5 2 1 3 5 5
-3265.0 2665.5 23.9 297 0 11.8 17.8 5.0 2.5 4 1 2 2 2
-3276.6 2679.1 25.8 42 0 11.4 8.2 7.5 2.5 4 0 3 2 2
-3284.4 2698.4 26.5 82 0 14.8 9.1 2.5 2.5 2 0 1 1 1
-3190.0 2685.0 14.2 58 0 9.8 19.7 7.5 2.5 2 1 3 5 5
-3135.3 2574.0 7.3 270 0 17.2 20.2 12.5 2.5 2 1 5 5 5
-3106.4 2572.8 5.9 272 0 12.2 19.9 2.5 2.5 2 1 1 0 0
-3059.4 2542.4 3.5 91 0 15.2 21.9 12.5 2.5 4 1 5 5 5
-3159.7 2622.1 6.3 186 0 13.5 15.7 7.5 2.5 2 1 3 4 4
-3152.8 2753.5 10.6 26 0 14.1 12.1 7.5 2.5 2 0 3 4 4
2395.9 -498.4 -9.9 163 0 22.1 11.5 10.0 2.5 2 0 4 0 0
2874.2 -996.8 89.4 355 0 13.1 9.8 7.5 2.5 2 0 3 2 2
2809.3 -998.4 93.7 186 0 8.6 14.9 2.5 2.5 2 1 1 3 3
2799.9 -1072.5 115.5 81 0 15.4 13.4 7.5 2.5 2 0 3 5 5
3253.2 -958.8 92.4 275 0 9.0 6.5 7.5 2.5 2 0 3 2 2
2796.7 -1006.0 97.6 162 0 11.0 11.1 7.5 2.5 4 1 3 1 1
2740.6 -844.2 54.0 158 0 13.2 23.6 12.5 2.5 2 1 5 2 2
2782.8 -1029.5 107.6 249 0 12.4 15.5 10.0 2.5 2 1 4 0 0
2751.6 -945.5 82.1 94 0 14.4 14.9 5.0 2.5 2 1 2 5 5
2696.6 -886.0 62.7 188 0 14.1 11.2 7.5 0.0 0 0 3 1 1
2771.0 -859.1 61.5 322 0 12.6 17.8 5.0 2.5 2 1 2 0 0
2862.0 -959.0 80.6 4 0 15.6 8.8 7.5 2.5 2 0 3 1 1
2832.3 -1032.0 102.8 356 0 8.3 11.7 5.0 2.5 2 1 2 5 5
2854.7 -996.4 88.8 3 0 11.7 15.6 7.5 2.5 2 1 3 3 3
2789.1 -969.0 86.6 90 0 11.0 12.2 2.5 2.5 2 1 1 2 2
2824.2 -895.7 71.0 286 0 12.0 15.7 7.5 2.5 2 1 3 0 0
2726.5 -1080.6 112.5 71 0 15.2 36.1 12.5 0.0 0 1 5 1 1
2712.2 -939.8 80.4 173 0 14.0 20.3 12.5 2.5 4 1 5 2 2
3471.0 -918.9 46.4 126 0 24.1 9.4 10.0 2.5 2 0 4 4 4
3513.3 -890.8 37.2 37 0 16.9 12.3 10.0 2.5 2 0 4 0 0
3481.5 -832.2 33.3 229 0 8.9 12.6 7.5 0.0 0 1 3 3 3
3484.9 -854.3 35.4 220 0 15.1 12.8 5.0 0.0 0 0 2 1 1
3536.7 -957.9 52.2 230 0 6.9 11.3 10.0 2.5 2 1 4 0 0
3502.8 -883.7 37.7 38 0 11.7 12.6 7.5 2.5 2 1 3 0 0
-3024.8 3956.1 -39.2 1 0 18.5 6.4 17.5 3.5 2 0 5 4 4
-5718.4 3288.5 17.8 136 0 14.6 10.1 7.5 2.5 2 0 3 5 5
1637.5 -6072.3 -268.5 29 0 8.5 9.6 7.5 2.5 2 1 3 3 3
-306.4 3498.5 -11.4 340 0 11.7 11.1 14.0 0.0 0 0 4 5 5
-337.6 3542.9 -12.8 312 0 17.3 25.0 14.0 3.5 2 1 4 4 4
-305.4 3554.4 -5.4 221 0 10.5 15.6 14.0 3.5 2 1 4 1 1
3344.8 176.8 -28.5 35 0 25.7 40.1 15.0 0.0 0 1 6 2 2
3527.0 188.6 -16.3 338 0 11.0 50.1 10.0 2.5 2 1 4 0 0
3494.6 202.4 -16.6 248 0 49.5 10.5 12.5 2.5 4 0 5 1 1
3041.0 268.0 -34.0 296 0 10.8 18.7 10.5 3.5 2 1 3 1 1
-457.3 3258.4 15.4 149 0 7.6 27.5 5.0 2.5 2 1 2 3 3
-459.7 3398.8 -1.3 104 0 9.7 8.9 14.0 3.5 2 0 4 0 0
-438.5 3421.9 -4.7 359 0 12.3 9.8 14.0 0.0 0 0 4 5 5
911.5 2473.8 -22.2 315 0 11.5 21.5 2.5 2.5 2 1 1 4 4
1565.2 -6826.6 -251.0 250 0 8.1 32.5 14.0 3.5 2 1 4 2 2
1011.9 -6796.6 -259.0 292 0 20.5 32.4 12.5 0.0 0 1 5 5 5
1597.8 -6760.6 -254.8 19 0 9.5 28.0 14.0 0.0 0 1 4 0 0
1560.5 -6895.9 -252.7 93 0 10.1 32.6 14.0 3.5 2 1 4 0 0
1573.6 -6897.8 -252.0 93 0 8.7 32.2 14.0 3.5 2 1 4 2 2
1530.3 -6707.7 -256.9 200 0 13.2 33.9 14.0 3.5 2 1 4 5 5
1517.5 -6742.3 -254.6 193 0 11.8 49.5 14.0 3.5 2 1 4 1 1
1622.4 -6897.7 -253.1 76 0 29.6 11.6 14.0 3.5 4 0 4 5 5
1589.3 -6768.8 -253.8 16 0 6.4 16.9 14.0 3.5 2 1 4 4 4
1589.0 -6889.2 -252.0 93 0 9.4 12.5 14.0 3.5 2 1 4 0 0
1586.8 -6722.8 -256.9 290 0 12.3 14.5 14.0 3.5 2 1 4 1 1
1521.3 -6078.6 -268.8 102 0 11.2 31.6 10.0 2.5 2 1 4 3 3
1607.7 -6863.6 -251.4 4 0 11.5 23.5 14.0 0.0 0 1 4 1 1
1575.2 -6820.5 -250.9 251 0 8.1 34.8 14.0 0.0 0 1 4 2 2
1287.7 -6814.0 -266.4 108 0 24.9 42.2 14.0 3.5 2 1 4 4 4
-6813.5 3373.0 -15.5 323 0 9.3 22.4 12.5 0.0 0 1 5 5 5
-6800.5 3391.3 -14.3 173 0 8.5 17.0 7.5 2.5 2 1 3 2 2
-6797.6 3369.1 -14.1 169 0 22.0 11.3 5.0 0.0 0 0 2 3 3
-6829.7 3494.8 -29.1 71 0 37.3 15.8 12.5 2.5 2 0 5 5 5
-6798.8 3304.2 -19.0 346 0 21.2 13.5 12.5 0.0 0 0 5 1 1
-6784.6 3327.1 -17.5 166 0 16.7 12.5 5.0 2.5 4 0 2 0 0
-6807.2 3410.3 -16.5 60 0 22.4 14.9 12.5 2.5 2 0 5 5 5
-6807.6 3326.8 -14.6 342 0 18.4 12.2 10.0 0.0 0 0 4 3 3
2782.6 400.1 -33.5 174 0 72.3 52.3 17.5 0.0 0 0 5 2 2
2851.1 627.2 -30.6 78 0 24.4 38.8 17.5 0.0 0 1 5 5 5
-5292.1 3718.0 12.0 7 0 16.4 12.0 7.5 2.5 2 0 3 1 1
-5307.3 3764.6 9.7 306 0 26.2 19.8 12.5 2.5 4 0 5 2 2
-5345.5 3695.3 9.3 84 0 14.9 11.9 5.0 2.5 2 0 2 0 0
-5383.6 3735.4 3.8 196 0 17.2 14.7 10.0 2.5 2 0 4 3 3
-5382.4 3698.1 5.1 177 0 20.2 6.5 7.5 2.5 2 0 3 5 5
-5316.5 4168.6 -34.8 0 0 54.5 62.4 10.0 0.0 0 1 4 3 3
-5423.7 3903.4 5.7 270 0 15.0 15.1 7.5 2.5 2 1 3 4 4
-5324.1 3874.5 8.1 262 0 26.8 12.6 10.0 2.5 2 0 4 2 2
-5314.8 3890.3 3.3 83 0 9.4 10.4 2.5 2.5 4 1 1 4 4
-5417.8 3851.6 7.2 265 0 6.8 14.0 5.0 2.5 2 1 2 5 5
-5367.9 3893.0 2.8 85 0 11.3 9.8 5.0 2.5 2 0 2 3 3
-5387.4 3829.1 7.8 85 0 8.2 11.0 2.5 2.5 4 1 1 1 1
-5329.4 3781.6 7.2 315 0 6.7 26.3 5.0 2.5 4 1 2 4 4
-5362.9 3755.3 6.0 192 0 17.5 12.6 5.0 2.5 2 0 2 1 1
-5191.9 3790.9 14.7 283 0 12.8 12.1 7.5 2.5 2 0 3 4 4
-5157.1 3771.0 15.4 12 0 11.5 17.3 2.5 2.5 2 1 1 2 2
-5226.2 3742.9 13.2 341 0 17.0 8.1 10.0 2.5 2 0 4 2 2
-5222.8 3851.8 11.4 321 0 11.8 14.7 2.5 2.5 2 1 1 5 5
-5174.4 3902.2 1.0 42 0 12.0 9.6 5.0 2.5 2 0 2 3 3
-5217.0 3756.3 14.7 154 0 6.9 16.3 7.5 2.5 4 1 3 2 2
-5163.0 3793.5 14.1 25 0 9.8 16.7 7.5 2.5 2 1 3 4 4
-5177.9 3707.4 11.7 144 0 16.4 7.6 5.0 2.5 2 0 2 4 4
-5154.9 3705.2 10.8 0 0 16.0 6.2 2.5 2.5 2 0 1 1 1
-5155.5 3611.2 -4.0 66 0 12.3 19.8 5.0 2.5 2 1 2 0 0
-5004.1 3655.3 -7.3 83 0 6.8 12.7 5.0 2.5 2 1 2 4 4
-5070.6 3632.7 -8.8 247 0 9.2 10.0 5.0 2.5 2 1 2 1 1
-5017.6 3643.8 -8.2 77 0 9.4 13.5 10.0 2.5 2 1 4 3 3
-5026.0 3882.9 1.0 276 0 17.2 14.8 10.0 2.5 2 0 4 2 2
-5047.0 3843.1 0.9 83 0 10.4 15.7 5.0 2.5 2 1 2 2 2
-5051.4 3836.4 0.6 174 0 12.4 10.4 7.5 0.0 0 0 3 4 4
-5078.5 3885.7 -0.4 261 0 13.1 15.5 7.5 2.5 2 1 3 2 2
-5067.2 3666.1 -5.4 70 0 15.6 20.6 10.0 2.5 2 1 4 3 3
-5057.9 3822.9 -0.2 188 0 7.4 6.8 10.0 2.5 2 0 4 0 0
-5126.2 3719.0 6.2 234 0 9.1 6.0 7.5 2.5 2 0 3 5 5
-5126.7 3699.0 4.3 233 0 7.0 11.8 5.0 2.5 2 1 2 4 4
-5134.6 3802.4 8.7 146 0 15.7 10.0 7.5 2.5 2 0 3 3 3
-5118.8 3835.5 6.0 163 0 10.4 9.9 2.5 2.5 2 0 1 5 5
-5103.5 3820.1 5.2 343 0 15.3 8.3 7.5 2.5 2 0 3 1 1
-5085.6 3821.9 1.7 347 0 20.0 16.0 12.5 2.5 4 0 5 0 0
-5076.0 3750.6 -1.6 355 0 18.0 13.0 5.0 2.5 2 0 2 4 4
-4974.7 3719.4 -2.9 354 0 20.5 8.9 5.0 2.5 2 0 2 2 2
-5000.9 3773.6 1.4 180 0 9.9 8.1 5.0 2.5 2 0 2 4 4
-4955.1 3622.6 -10.7 248 0 15.3 17.1 7.5 2.5 2 1 3 1 1
-4966.4 3555.3 -5.1 78 0 12.7 9.7 7.5 2.5 2 0 3 2 2
-4978.4 3537.2 2.9 257 0 15.0 8.2 5.0 2.5 4 0 2 5 5
-4957.5 3488.5 25.0 264 0 11.1 8.0 2.5 2.5 2 0 1 0 0
-4949.1 3386.6 32.0 156 0 13.9 17.9 5.0 2.5 2 1 2 5 5
-4935.4 3348.6 23.6 176 0 8.5 11.5 10.0 2.5 2 1 4 4 4
-4969.2 3386.3 31.4 189 0 14.7 11.0 7.5 2.5 2 0 3 3 3
-5035.1 3304.7 19.6 176 0 24.4 12.5 10.0 2.5 2 0 4 1 1
-4953.9 3339.2 19.4 213 0 13.2 14.7 7.5 2.5 2 1 3 4 4
-4913.8 3306.7 13.4 47 0 17.9 13.4 10.0 2.5 2 0 4 5 5
-4990.2 3436.4 29.7 135 0 9.6 13.0 5.0 2.5 2 1 2 3 3
-4839.8 3271.7 4.2 43 0 9.0 30.3 12.5 2.5 2 1 5 4 4
-4823.4 3229.4 -2.0 208 0 12.8 20.3 10.0 2.5 2 1 4 1 1
-4808.1 3248.8 -1.4 72 0 9.1 34.3 12.5 2.5 2 1 5 4 4
-4901.4 3188.0 -8.4 167 0 16.0 10.4 7.5 2.5 2 0 3 2 2
-4883.0 3125.7 -21.5 161 0 15.8 17.9 12.5 2.5 2 1 5 2 2
-4858.7 3120.1 -22.0 339 0 7.6 16.3 2.5 2.5 2 1 1 3 3
-4860.9 3153.2 -16.0 68 0 15.4 12.9 7.5 2.5 2 0 3 5 5
-4868.6 3193.7 -9.0 249 0 32.2 11.4 12.5 2.5 2 0 5 2 2
-4896.2 3171.7 -11.7 178 0 10.5 13.0 5.0 2.5 2 1 2 0 0
-4891.3 3153.1 -16.2 171 0 10.1 14.3 2.5 2.5 2 1 1 0 0
-5128.5 3202.7 15.6 58 0 6.4 8.0 5.0 2.5 2 1 2 4 4
-5102.0 3172.2 4.6 82 0 14.4 18.6 10.0 2.5 2 1 4 5 5
-5103.0 3148.4 1.2 212 0 10.8 9.9 7.5 2.5 2 0 3 0 0
-5057.7 3138.0 -2.5 245 0 8.9 9.5 10.0 0.0 0 1 4 0 0
-5065.9 3093.7 -8.3 130 0 13.6 12.6 5.0 0.0 0 0 2 1 1
-5022.8 3102.5 -7.7 38 0 9.4 9.5 5.0 0.0 0 1 2 1 1
-5005.5 3168.8 -4.4 267 0 7.5 8.2 2.5 2.5 2 1 1 0 0
-4968.1 3177.3 -7.4 271 0 11.0 6.5 10.0 2.5 2 0 4 1 1
-4965.3 3159.5 -9.0 322 0 12.1 13.8 5.0 2.5 2 1 2 0 0
-4947.2 3157.4 -12.2 269 0 11.2 11.0 7.5 2.5 2 0 3 3 3
-4945.9 3124.9 -14.4 341 0 12.2 14.6 5.0 2.5 2 1 2 1 1
-4968.8 3116.1 -12.2 92 0 9.4 14.4 2.5 2.5 2 1 1 0 0
-5018.5 3217.0 5.8 54 0 13.1 6.6 10.0 2.5 2 0 4 0 0
-4997.1 3290.0 13.2 213 0 15.8 9.8 5.0 2.5 2 0 2 4 4
-4990.0 3254.7 8.0 52 0 8.0 6.5 7.5 2.5 2 0 3 5 5
-5047.2 3238.1 12.3 185 0 7.7 11.6 7.5 2.5 2 1 3 3 3
-5096.9 3248.5 21.1 59 0 13.9 9.7 10.0 0.0 0 0 4 5 5
-5107.7 3536.6 -1.5 93 0 15.5 13.3 5.0 2.5 2 0 2 3 3
-5027.4 3553.3 -5.6 76 0 12.9 9.8 10.0 2.5 2 0 4 4 4
-5077.8 3388.5 29.2 329 0 15.8 17.3 10.0 2.5 2 1 4 4 4
-5059.9 3315.8 25.2 328 0 15.1 11.8 7.5 2.5 2 0 3 5 5
-5048.2 3301.8 22.9 352 0 8.1 17.4 5.0 2.5 2 1 2 4 4
-5053.8 3435.3 24.0 160 0 18.3 13.9 10.0 2.5 2 0 4 2 2
-5044.9 3481.4 16.9 122 0 18.2 12.1 2.5 2.5 2 0 1 0 0
-5092.7 3438.6 24.5 305 0 7.2 14.0 2.5 2.5 2 1 1 2 2
-5108.7 3421.9 27.0 330 0 12.6 17.4 5.0 2.5 2 1 2 1 1
-5039.7 3332.2 26.7 134 0 12.7 8.6 5.0 2.5 2 0 2 4 4
-5034.6 3406.0 30.9 157 0 13.5 12.2 7.5 2.5 2 0 3 5 5
-5047.0 3406.1 30.7 222 0 10.6 19.9 5.0 2.5 2 1 2 0 0
-5071.0 3359.6 28.0 325 0 7.2 9.5 7.5 2.5 2 1 3 0 0
6759.4 -3615.2 266.1 279 0 15.7 35.2 10.0 0.0 0 1 4 1 1
-3882.9 4821.3 -8.8 80 0 10.4 14.7 10.0 2.5 2 1 4 5 5
-3846.1 4819.1 -11.1 68 0 7.0 6.9 7.5 2.5 2 0 3 3 3
-4050.8 4876.0 27.9 76 0 12.7 8.6 5.0 2.5 4 0 2 0 0
-3826.2 4935.7 19.6 238 0 7.8 14.5 5.0 2.5 2 1 2 3 3
-3943.7 4781.1 -14.6 5 0 8.1 12.5 10.0 2.5 2 1 4 5 5
-3997.0 4869.4 13.4 255 0 11.3 17.6 7.5 2.5 2 1 3 0 0
-3959.8 4849.8 7.7 143 0 11.6 7.8 7.5 2.5 2 0 3 2 2
-3930.4 4829.1 -0.0 77 0 9.8 12.8 7.5 2.5 2 1 3 4 4
-3932.7 4868.0 8.7 270 0 10.2 12.4 5.0 2.5 2 1 2 5 5
-3943.6 4892.1 18.6 252 0 11.9 10.2 5.0 2.5 2 0 2 3 3
-3821.5 4809.7 -13.5 86 0 13.2 15.2 2.5 2.5 2 1 1 2 2
-3878.8 4911.9 13.9 241 0 8.2 11.1 7.5 2.5 4 1 3 5 5
-3857.1 4913.9 12.7 225 0 16.2 10.8 10.0 2.5 2 0 4 0 0
2184.5 3991.1 118.7 75 0 6.9 17.9 5.0 2.5 2 1 2 4 4
2013.7 4764.2 123.9 271 0 12.4 40.3 10.0 0.0 0 1 4 2 2
2180.1 4470.9 177.7 127 0 13.8 6.6 5.0 2.5 2 0 2 4 4
2818.3 4480.4 173.9 28 0 10.4 20.2 2.5 2.5 2 1 1 0 0
-4745.7 5038.3 111.1 93 0 14.4 13.8 7.5 2.5 2 0 3 5 5
-4773.9 5047.3 110.8 115 0 6.9 9.5 7.5 2.5 2 1 3 0 0
-4437.2 5279.5 96.3 129 0 13.2 44.5 12.5 2.5 2 1 5 2 2
-5797.5 3626.6 1.8 171 0 8.3 16.7 5.0 2.5 2 1 2 0 0
6015.6 568.4 32.4 180 0 27.2 10.6 10.0 2.5 4 0 4 1 1
5313.7 859.8 7.7 1 0 11.3 17.0 7.5 2.5 4 1 3 4 4
2872.1 463.2 -32.8 75 0 8.9 11.2 17.5 3.5 2 1 5 0 0
-6633.3 2934.6 28.6 264 0 9.8 15.0 5.0 2.5 4 1 2 0 0
-6658.6 2995.6 18.4 163 0 10.5 6.3 2.5 2.5 2 0 1 5 5
-6647.2 2974.4 21.4 326 0 14.7 17.8 10.0 2.5 2 1 4 1 1
-6596.3 2970.5 27.7 340 0 9.8 15.0 5.0 2.5 2 1 2 4 4
-6624.8 2952.0 27.4 149 0 10.9 16.6 7.5 2.5 2 1 3 3 3
-6660.8 3027.8 14.1 73 0 8.3 9.8 7.5 2.5 2 1 3 1 1
-6643.7 3050.7 7.2 85 0 9.9 14.2 5.0 2.5 2 1 2 1 1
-6639.3 3039.3 13.1 73 0 16.0 8.0 5.0 2.5 4 0 2 4 4
-6627.0 3028.8 18.5 240 0 12.8 13.6 7.5 2.5 2 1 3 5 5
-6607.4 3031.9 20.3 247 0 15.0 9.0 5.0 2.5 2 0 2 1 1
-6682.2 3063.0 -0.5 90 0 21.0 14.5 10.0 2.5 2 0 4 4 4
-6683.5 3041.8 6.6 51 0 20.9 11.3 2.5 2.5 2 0 1 5 5
-6559.7 3043.4 20.3 69 0 9.8 7.0 7.5 0.0 0 0 3 1 1
-6586.7 3041.2 16.6 95 0 14.8 8.5 10.0 2.5 2 0 4 4 4
-6602.9 3049.4 12.6 73 0 14.0 7.7 5.0 2.5 2 0 2 5 5
-6647.2 3025.0 16.8 238 0 10.2 12.6 7.5 2.5 2 1 3 4 4
-6675.3 2996.8 15.9 336 0 13.3 12.0 5.0 2.5 2 0 2 3 3
-6713.5 2989.9 14.3 247 0 11.1 17.8 7.5 2.5 4 1 3 5 5
-6765.0 2985.0 8.0 73 0 22.0 13.1 12.5 2.5 2 0 5 0 0
-6741.7 3016.7 8.6 247 0 25.8 15.2 12.5 2.5 2 0 5 5 5
-6735.4 3055.7 0.1 179 0 15.7 21.3 15.0 0.0 0 1 6 4 4
-6813.2 3103.5 -17.1 245 0 24.4 8.5 7.5 2.5 2 0 3 2 2
-6855.5 3068.5 -15.4 141 0 9.2 29.2 12.5 2.5 2 1 5 5 5
-6906.8 3080.9 -28.2 292 0 17.3 18.3 10.0 0.0 0 1 4 3 3
-6889.2 3045.6 -18.2 324 0 12.3 20.4 7.5 2.5 2 1 3 5 5
-6894.4 3162.0 -35.2 252 0 12.3 28.8 12.5 2.5 2 1 5 5 5
-6789.5 3799.5 -19.1 85 0 9.0 30.3 10.0 0.0 0 1 4 3 3
-6741.1 3789.9 -20.1 85 0 23.9 13.2 12.5 2.5 2 0 5 0 0
-6714.6 3792.2 -20.4 85 0 24.8 13.5 10.0 2.5 4 0 4 1 1
-6680.7 3785.9 -21.7 86 0 22.9 12.8 10.0 2.5 2 0 4 1 1
-6654.8 3787.8 -22.1 85 0 24.5 13.2 10.0 2.5 2 0 4 4 4
-6594.9 3814.4 -20.6 86 0 8.5 20.2 10.0 0.0 0 1 4 3 3
-6573.6 3870.6 -23.2 313 0 15.9 22.2 10.0 2.5 2 1 4 4 4
-6853.1 3938.1 -18.3 54 0 51.3 13.1 10.0 0.0 0 0 4 2 2
-6897.9 3596.9 -38.7 178 0 10.1 13.2 2.5 2.5 2 1 1 5 5
-6756.4 3591.1 -45.8 288 0 11.6 9.0 7.5 2.5 2 0 3 1 1
-6725.9 3549.0 -36.6 1 0 18.6 19.6 12.5 2.5 2 1 5 4 4
-6758.3 3560.3 -39.5 269 0 12.1 32.1 15.0 0.0 0 1 6 4 4
-6894.3 3408.5 -20.9 173 0 11.6 23.0 10.0 2.5 2 1 4 3 3
-6453.7 3523.4 -21.2 77 0 23.8 10.9 10.0 2.5 2 0 4 2 2
-5754.9 3691.4 8.4 87 0 7.5 29.7 5.0 2.5 2 1 2 2 2
-5777.3 3727.9 7.5 179 0 11.6 11.1 2.5 2.5 4 0 1 4 4
-6369.7 3802.9 -35.4 79 0 34.8 24.9 2.5 2.5 2 0 1 2 2
-437.0 -6846.5 -274.4 15 0 16.0 84.5 12.5 0.0 0 1 5 2 2
-1822.8 5218.9 -10.2 44 0 9.6 12.9 10.0 2.5 2 1 4 3 3
-1813.6 5260.6 -6.4 276 0 10.5 10.4 10.0 2.5 2 0 4 5 5
-1772.0 5248.7 -3.7 306 0 14.6 6.2 7.5 2.5 2 0 3 3 3
586.3 2233.6 -7.1 231 0 11.7 10.8 7.5 2.5 2 0 3 5 5
595.6 2242.5 -5.8 236 0 10.7 12.2 7.5 2.5 2 1 3 2 2
606.4 2250.1 -4.3 238 0 12.4 12.5 7.5 2.5 2 1 3 4 4
616.7 2256.9 -4.7 237 0 6.7 11.7 7.5 2.5 2 1 3 1 1
-5658.6 1391.1 53.8 93 0 13.7 19.0 7.5 2.5 2 1 3 4 4
580.6 2208.9 -5.9 230 0 8.7 7.5 5.0 2.5 2 0 2 4 4
-5655.8 1439.3 53.0 354 0 26.4 7.9 10.0 0.0 0 0 4 1 1
-5654.9 1458.6 52.1 355 0 6.2 10.7 7.5 2.5 2 1 3 3 3
578.2 2234.6 -9.7 33 0 6.9 11.5 7.5 2.5 2 1 3 4 4
536.9 2249.0 -11.1 237 0 14.0 16.0 5.0 2.5 2 1 2 5 5
449.0 1842.4 14.4 223 0 11.0 8.5 5.0 2.5 4 0 2 2 2
463.7 1860.0 14.6 222 0 14.0 7.7 7.5 2.5 2 0 3 2 2
349.0 1862.8 7.9 336 0 10.6 14.7 2.5 2.5 2 1 1 3 3
-5705.6 1446.8 47.9 174 0 7.3 24.6 10.0 2.5 2 1 4 3 3
469.2 1925.6 11.4 205 0 7.9 12.6 7.5 2.5 2 1 3 3 3
518.6 1904.7 25.2 2 0 8.1 10.9 7.5 2.5 2 1 3 0 0
472.5 1954.7 9.0 168 0 10.3 14.5 7.5 2.5 2 1 3 5 5
498.8 2002.8 8.7 354 0 13.6 10.4 7.5 2.5 2 0 3 0 0
494.1 2018.2 4.6 71 0 13.3 12.9 7.5 0.0 0 0 3 2 2
-6102.8 4113.6 -19.5 340 0 7.2 8.8 7.5 0.0 0 1 3 4 4
-6119.8 4113.9 -17.0 254 0 11.0 8.3 7.5 2.5 2 0 3 0 0
-6060.0 4080.3 -34.1 325 0 15.4 10.5 5.0 2.5 2 0 2 4 4
-6166.4 4097.3 -17.3 199 0 12.2 13.4 7.5 2.5 2 1 3 1 1
-5827.8 3759.9 -3.9 21 0 6.0 19.3 7.5 0.0 0 1 3 2 2
-5820.4 3768.1 -2.3 29 0 9.1 11.6 7.5 2.5 2 1 3 0 0
-6160.8 4062.9 -26.4 110 0 19.2 11.1 2.5 0.0 0 0 1 2 2
-6805.2 3946.1 -16.8 234 0 50.2 12.1 10.0 2.5 2 0 4 1 1
-5866.2 3750.0 -7.4 240 0 13.1 10.4 5.0 2.5 2 0 2 1 1
-5565.6 4316.8 -24.3 219 0 15.3 6.2 2.5 2.5 2 0 1 2 2
-5542.5 4307.3 -28.5 358 0 9.3 11.6 2.5 2.5 4 1 1 0 0
-5485.9 4689.2 88.2 17 0 8.5 10.0 7.5 2.5 2 1 3 5 5
-5531.0 4663.6 85.3 46 0 10.1 6.6 5.0 2.5 2 0 2 2 2
-5564.9 4697.2 98.8 328 0 9.6 6.4 2.5 2.5 2 0 1 4 4
-5565.9 4656.3 93.1 41 0 9.9 7.5 7.5 2.5 2 0 3 4 4
-5608.8 4667.5 101.8 150 0 6.6 9.0 7.5 2.5 2 1 3 4 4
-5577.3 4578.9 73.4 118 0 6.5 10.2 5.0 2.5 2 1 2 4 4
-5409.9 4461.2 5.6 60 0 12.5 41.4 12.5 2.5 2 1 5 4 4
-5399.6 4368.0 -24.1 60 0 17.4 26.3 12.5 2.5 2 1 5 1 1
-5396.7 4345.3 -33.3 240 0 19.7 7.7 5.0 2.5 2 0 2 0 0
-5507.0 4333.8 -26.5 40 0 12.9 11.2 7.5 2.5 2 0 3 0 0
-5472.3 4332.1 -32.2 241 0 9.1 10.7 7.5 2.5 2 1 3 3 3
-5491.2 4324.3 -31.4 243 0 11.0 10.3 2.5 2.5 2 0 1 2 2
-5529.7 4280.9 -36.3 237 0 10.6 9.5 7.5 2.5 2 0 3 1 1
-5535.8 4316.8 -26.9 72 0 19.1 14.7 12.5 2.5 2 0 5 1 1
-5574.5 4296.1 -29.2 227 0 22.8 14.8 12.5 2.5 2 0 5 2 2
-5587.4 4266.4 -30.4 80 0 11.8 19.6 5.0 0.0 0 1 2 2 2
-5540.0 4270.3 -37.1 232 0 6.7 10.0 7.5 2.5 2 1 3 4 4
-5661.2 4116.4 -43.6 153 0 8.6 9.1 5.0 2.5 2 1 2 1 1
-5586.9 4142.6 -42.7 51 0 9.9 13.0 7.5 2.5 2 1 3 1 1
-5557.1 4136.7 -45.4 55 0 19.3 13.6 12.5 2.5 2 0 5 2 2
-5603.1 4114.4 -44.3 57 0 7.4 19.5 2.5 2.5 2 1 1 2 2
-5635.6 4141.9 -40.8 139 0 9.4 13.0 5.0 2.5 2 1 2 0 0
-5625.6 4170.5 -39.9 218 0 16.9 17.2 7.5 2.5 2 1 3 4 4
-5598.3 4207.3 -39.7 260 0 8.9 13.6 7.5 2.5 2 1 3 3 3
-5573.6 4211.8 -41.0 347 0 18.2 9.4 2.5 2.5 4 0 1 4 4
-5595.7 4250.9 -38.5 258 0 9.6 26.2 15.0 0.0 0 1 6 1 1
-5606.6 4240.8 -38.0 256 0 10.0 23.1 7.5 2.5 2 1 3 5 5
-5625.2 4219.9 -36.5 163 0 8.7 11.1 7.5 2.5 2 1 3 0 0
-5623.7 4203.5 -37.8 169 0 9.6 13.4 7.5 2.5 2 1 3 5 5
-5764.3 4277.2 -15.5 329 0 13.6 8.6 7.5 2.5 2 0 3 2 2
-5756.6 4299.0 -12.1 155 0 10.6 6.2 10.0 2.5 2 0 4 3 3
-5722.1 4262.4 -26.7 160 0 13.1 6.9 5.0 2.5 2 0 2 1 1
-5667.8 4268.7 -30.0 265 0 7.4 12.8 5.0 2.5 2 1 2 3 3
-5673.2 4273.6 -27.6 346 0 10.6 7.3 2.5 2.5 2 0 1 5 5
-5640.2 4391.1 5.2 266 0 7.6 8.9 7.5 2.5 4 1 3 5 5
-5615.1 4424.9 15.4 337 0 9.3 11.5 2.5 2.5 2 1 1 4 4
-5616.4 4407.8 8.9 351 0 9.0 10.6 7.5 2.5 2 1 3 0 0
-5667.5 4410.6 11.6 234 0 9.1 9.8 2.5 2.5 2 1 1 4 4
-5655.3 4333.4 -13.0 135 0 16.9 11.3 5.0 0.0 0 0 2 5 5
-5655.2 4358.4 -3.3 128 0 12.0 7.2 10.0 2.5 2 0 4 2 2
-5606.0 4326.3 -15.1 47 0 6.5 7.8 5.0 2.5 2 1 2 0 0
-5575.3 4319.8 -21.3 30 0 18.2 10.0 10.0 2.5 2 0 4 5 5
-5617.5 4288.3 -23.9 57 0 18.3 8.2 7.5 2.5 2 0 3 4 4
-5638.2 4277.3 -25.4 97 0 13.9 10.0 10.0 2.5 2 0 4 3 3
-5659.1 4284.1 -24.3 101 0 6.3 11.8 10.0 2.5 2 1 4 0 0
-5638.8 4301.9 -19.8 82 0 12.2 9.8 5.0 2.5 2 0 2 0 0
-5676.3 4347.2 -6.6 87 0 9.9 6.2 7.5 0.0 0 0 3 2 2
-5727.5 4291.5 -19.0 31 0 9.0 16.2 5.0 0.0 0 1 2 2 2
-5733.3 4249.6 -28.0 357 0 19.0 7.5 7.5 2.5 2 0 3 3 3
-5734.5 4231.7 -30.4 17 0 10.7 7.1 7.5 2.5 2 0 3 3 3
-6113.8 4165.7 -1.4 332 0 8.2 6.7 5.0 2.5 2 0 2 0 0
-5850.0 4210.0 -18.9 68 0 10.7 7.8 5.0 2.5 2 0 2 1 1
-5876.0 4273.2 1.2 156 0 6.9 17.7 12.5 2.5 2 1 5 5 5
-5792.9 4223.5 -22.2 88 0 6.2 7.1 7.5 2.5 2 1 3 5 5
-5823.3 4218.7 -20.4 73 0 16.8 8.6 5.0 2.5 2 0 2 4 4
490.2 1559.2 36.9 86 0 6.8 6.4 10.0 2.5 2 0 4 0 0
181.6 1471.5 11.5 149 0 9.9 7.3 7.5 2.5 2 0 3 5 5
171.9 1437.5 11.5 308 0 13.6 7.5 5.0 2.5 2 0 2 5 5
192.6 1394.5 16.4 15 0 9.3 15.6 7.5 2.5 2 1 3 3 3
351.9 1639.5 16.4 265 0 7.4 16.1 2.5 2.5 2 1 1 0 0
372.3 1581.5 17.7 162 0 7.8 11.0 5.0 2.5 2 1 2 2 2
390.5 1555.0 21.4 125 0 8.5 13.8 10.0 2.5 2 1 4 4 4
199.9 1436.7 12.5 115 0 7.5 8.8 5.0 2.5 4 1 2 0 0
160.6 1372.8 13.6 78 0 14.6 9.9 10.0 2.5 2 0 4 2 2
237.9 1393.3 16.2 93 0 7.5 13.7 5.0 2.5 2 1 2 4 4
227.7 1363.2 17.5 333 0 11.0 14.4 10.0 2.5 2 1 4 4 4
244.8 1345.5 17.8 341 0 7.9 11.1 2.5 2.5 2 1 1 1 1
274.8 1292.5 41.8 282 0 6.4 11.7 7.5 2.5 4 1 3 2 2
279.8 1370.1 25.0 16 0 10.0 9.8 5.0 2.5 2 0 2 4 4
298.3 1400.1 23.7 104 0 17.5 9.3 7.5 2.5 2 0 3 5 5
293.0 1376.6 27.8 234 0 8.3 14.2 7.5 2.5 2 1 3 1 1
421.2 1319.4 60.9 187 0 10.0 9.6 10.0 2.5 2 0 4 1 1
378.5 1375.5 34.8 357 0 8.3 7.4 7.5 2.5 2 0 3 0 0
441.1 1372.0 57.2 307 0 13.2 6.1 5.0 0.0 0 0 2 5 5
506.4 1308.0 63.5 99 0 7.5 30.3 5.0 2.5 2 1 2 5 5
491.6 1473.0 55.6 89 0 13.4 8.7 7.5 2.5 2 0 3 3 3
542.8 1385.3 66.6 62 0 8.3 13.7 7.5 2.5 2 1 3 3 3
543.0 1425.1 63.2 234 0 9.1 14.0 10.0 0.0 0 1 4 4 4
549.2 1493.8 52.4 18 0 9.8 13.1 7.5 2.5 2 1 3 4 4
502.4 1637.6 28.5 33 0 10.5 12.8 5.0 0.0 0 1 2 4 4
528.5 1594.0 41.1 161 0 21.0 10.9 5.0 2.5 2 0 2 0 0
482.9 1700.8 21.6 181 0 9.0 18.7 7.5 2.5 2 1 3 1 1
537.1 1752.0 29.2 20 0 9.3 7.0 2.5 2.5 2 0 1 3 3
552.7 1649.6 42.2 210 0 10.4 8.2 7.5 2.5 2 0 3 2 2
533.7 1709.2 29.7 340 0 15.3 11.1 5.0 2.5 2 0 2 3 3
552.4 1771.0 35.0 193 0 8.7 15.3 7.5 2.5 4 1 3 1 1
-5808.0 4231.6 -18.7 80 0 8.4 6.0 7.5 2.5 4 0 3 1 1
-5824.1 4184.3 -30.9 260 0 7.7 9.5 5.0 2.5 4 1 2 2 2
-5768.2 4306.7 -5.1 38 0 12.5 6.9 5.0 2.5 4 0 2 0 0
-5791.9 4268.8 -14.9 262 0 11.2 11.4 5.0 0.0 0 1 2 3 3
-5837.2 4190.9 -26.1 66 0 12.2 16.2 7.5 2.5 4 1 3 4 4
-6900.7 3587.3 -36.6 179 0 8.3 28.6 2.5 2.5 2 1 1 5 5
-5060.0 4948.1 83.4 126 0 12.9 10.6 7.5 2.5 2 0 3 0 0
-4910.1 5179.3 131.7 83 0 10.2 10.6 10.0 2.5 2 1 4 4 4
-4914.1 5367.3 183.9 86 0 15.0 10.9 7.5 2.5 2 0 3 3 3
-4935.3 5221.7 144.8 177 0 11.5 12.7 7.5 2.5 2 1 3 2 2
-5118.0 5171.5 115.1 59 0 16.5 19.8 10.0 2.5 2 1 4 0 0
-5077.3 5223.6 125.5 200 0 8.7 8.2 5.0 0.0 0 0 2 3 3
-5068.4 5286.6 146.8 263 0 9.1 9.5 7.5 2.5 2 1 3 4 4
-5088.6 5290.4 151.0 263 0 10.4 7.1 2.5 2.5 2 0 1 3 3
-5011.3 5277.8 147.6 253 0 11.4 9.0 5.0 2.5 2 0 2 5 5
-5035.2 5237.5 134.2 7 0 6.3 7.8 10.0 2.5 2 1 4 1 1
-4933.7 5267.2 157.6 220 0 13.0 9.8 5.0 2.5 4 0 2 1 1
-5027.3 5274.2 143.6 297 0 6.7 12.7 5.0 2.5 2 1 2 3 3
-6420.0 3130.7 24.8 75 0 15.2 11.8 2.5 0.0 0 0 1 4 4
-6393.3 3142.4 29.6 32 0 13.3 11.7 7.5 2.5 2 0 3 1 1
-6403.5 3167.4 24.7 306 0 10.7 18.8 7.5 2.5 2 1 3 3 3
-6398.3 3199.5 20.0 309 0 8.3 9.3 7.5 2.5 4 1 3 3 3
-6399.3 3259.2 -0.6 334 0 10.3 18.3 7.5 2.5 2 1 3 5 5
-6498.2 3314.1 -29.1 245 0 14.5 13.6 5.0 2.5 2 0 2 4 4
-6588.8 3356.6 -23.2 268 0 11.4 13.3 10.0 2.5 2 1 4 1 1
-6565.5 3244.1 -26.1 242 0 24.4 27.6 12.5 0.0 0 1 5 4 4
-6623.6 3216.7 -30.4 264 0 12.8 9.3 5.0 2.5 2 0 2 4 4
-6602.8 3237.8 -28.8 72 0 16.2 20.6 12.5 2.5 2 1 5 5 5
-6663.5 3249.5 -31.8 258 0 9.1 19.8 7.5 2.5 2 1 3 4 4
-6646.7 3233.2 -31.5 75 0 13.3 13.3 7.5 2.5 2 1 3 1 1
-6680.1 3245.0 -32.0 259 0 14.6 13.9 2.5 2.5 2 0 1 1 1
-6592.2 3150.9 -16.2 298 0 21.8 16.1 15.0 0.0 0 0 6 0 0
-6611.1 3200.1 -26.0 256 0 16.0 16.0 10.0 2.5 2 0 4 2 2
-6638.7 3140.6 -13.9 261 0 13.2 18.3 10.0 2.5 2 1 4 3 3
-6587.4 3092.3 -3.8 137 0 16.3 17.5 12.5 2.5 2 1 5 2 2
-6636.0 3088.0 -4.0 77 0 14.9 16.2 2.5 2.5 4 1 1 5 5
-6620.0 3145.9 -15.2 214 0 9.1 15.6 7.5 2.5 2 1 3 4 4
-6695.1 3152.7 -21.5 170 0 9.8 15.0 7.5 2.5 2 1 3 0 0
-6468.7 3172.7 3.8 102 0 13.3 17.5 7.5 2.5 2 1 3 0 0
-6514.4 3180.1 -10.1 163 0 14.5 12.8 7.5 2.5 2 0 3 5 5
-6507.2 3147.8 -8.1 317 0 19.1 26.0 7.5 2.5 2 1 3 3 3
-6534.9 3200.6 -24.0 2 0 12.4 29.0 10.0 2.5 2 1 4 3 3
-6515.4 3246.4 -18.0 173 0 16.8 13.5 7.5 2.5 2 0 3 2 2
-6495.5 3242.6 -11.8 160 0 14.6 15.6 7.5 2.5 2 1 3 2 2
-6520.6 3100.3 2.3 347 0 12.3 19.4 7.5 2.5 2 1 3 1 1
-6533.0 3128.6 -9.6 341 0 16.0 18.9 12.5 2.5 2 1 5 2 2
-6692.8 3344.9 -20.6 173 0 30.7 14.3 10.0 2.5 2 0 4 2 2
-6619.1 3334.0 -23.9 224 0 17.8 16.3 12.5 2.5 2 0 5 4 4
-6620.0 3302.4 -24.5 58 0 12.5 28.4 10.0 2.5 2 1 4 5 5
-6666.7 3307.5 -24.9 197 0 12.2 16.6 5.0 2.5 2 1 2 0 0
-6494.8 3098.6 15.1 222 0 14.0 8.2 10.0 2.5 2 0 4 2 2
3342.2 382.2 -30.3 330 0 10.1 30.3 3.5 0.0 0 1 1 1 1
3338.7 291.5 -28.4 86 0 33.0 22.4 14.0 0.0 0 0 4 2 2
3334.0 349.0 -29.2 342 0 16.0 9.6 3.5 3.5 2 0 1 4 4
3309.2 324.0 -29.7 180 0 10.2 23.9 14.0 3.5 2 1 4 3 3
-5893.4 2830.1 -13.9 147 0 24.4 23.8 17.5 0.0 0 0 7 4 4
-5887.2 2946.9 4.8 75 0 9.4 18.9 2.5 2.5 2 1 1 1 1
-5905.7 3804.5 -26.3 63 0 11.7 21.0 7.5 2.5 2 1 3 3 3
-5865.3 3925.6 -41.9 329 0 19.6 10.9 2.5 2.5 2 0 1 0 0
-6308.4 2827.0 -1.8 59 0 13.6 17.5 5.0 2.5 2 1 2 1 1
4229.3 1427.8 -23.3 13 0 9.0 32.1 2.5 2.5 2 1 1 1 1
2709.7 501.9 -33.5 180 0 20.4 11.2 17.5 3.5 2 0 5 5 5
