330.7 -789.3 -120.4 325 0 7.2 7.5 2.5 2.5 2 1 1 3 3
-895.9 -1007.7 -215.0 312 0 13.4 6.7 2.5 0.0 0 0 1 5 5
403.6 -440.4 -105.7 148 0 9.0 11.2 5.0 2.5 2 1 2 2 2
-251.0 -770.8 -183.0 261 0 6.2 7.0 7.5 2.5 2 1 3 5 5
-1814.5 -104.8 -314.4 309 0 7.9 6.4 7.5 2.5 2 0 3 0 0
270.7 -1270.3 -218.5 221 0 9.8 6.1 7.5 2.5 4 0 3 4 4
558.4 -965.6 -159.9 89 0 8.4 12.8 5.0 2.5 2 1 2 0 0
443.8 -679.6 -137.9 4 0 9.9 8.3 7.5 2.5 2 0 3 0 0
-1253.4 -703.9 -227.6 97 0 9.5 6.6 10.0 0.0 0 0 4 5 5
259.9 665.4 175.4 165 0 7.3 6.7 7.5 2.5 2 0 3 1 1
-761.4 -1272.1 -206.3 258 0 6.9 6.9 5.0 2.5 2 0 2 1 1
304.0 -601.2 -121.8 228 0 6.9 9.6 7.5 2.5 2 1 3 5 5
-35.9 -1208.3 -228.0 204 0 12.8 8.9 7.5 2.5 2 0 3 0 0
76.1 -716.1 -136.4 159 0 13.0 8.7 7.5 2.5 4 0 3 1 1
564.1 -1058.1 -168.8 223 0 6.2 14.5 7.5 2.5 2 1 3 0 0
-505.3 -1353.8 -227.4 104 0 10.1 9.7 7.5 2.5 2 0 3 5 5
-418.3 -691.1 -243.9 194 0 10.4 7.6 5.0 2.5 2 0 2 0 0
404.9 -867.1 -130.4 337 0 11.4 10.7 10.0 2.5 4 0 4 0 0
492.8 -849.1 -144.8 73 0 6.5 9.4 7.5 2.5 2 1 3 3 3
458.4 -710.3 -139.3 54 0 8.6 9.7 7.5 2.5 2 1 3 5 5
540.5 -398.7 -102.1 273 0 10.3 8.1 7.5 2.5 4 0 3 1 1
217.4 -831.1 -145.7 348 0 8.8 12.4 10.0 2.5 2 1 4 1 1
429.9 316.3 111.2 162 0 11.7 10.4 5.0 2.5 2 0 2 0 0
-411.9 -1047.0 -237.5 10 0 15.1 8.1 7.5 2.5 2 0 3 5 5
527.5 731.1 134.8 39 0 6.3 7.3 7.5 2.5 2 1 3 0 0
308.7 -215.7 -90.6 118 0 9.0 8.4 7.5 2.5 2 0 3 3 3
458.0 -472.1 -117.7 19 0 9.6 6.8 5.0 2.5 2 0 2 2 2
-950.4 -828.3 -224.3 36 0 7.4 9.9 7.5 2.5 4 1 3 5 5
346.7 -758.3 -119.5 180 0 8.3 9.8 10.0 2.5 2 1 4 4 4
316.1 -714.5 -122.0 184 0 13.8 11.6 7.5 2.5 2 0 3 1 1
523.3 431.2 117.9 268 0 11.6 9.1 5.0 2.5 4 0 2 3 3
-84.2 -473.0 -192.6 74 0 12.1 11.9 5.0 0.0 0 0 2 1 1
195.8 880.7 198.9 89 0 7.6 10.0 5.0 0.0 0 1 2 5 5
141.7 -718.7 -130.1 303 0 8.2 6.4 5.0 2.5 2 0 2 3 3
-602.0 -1250.0 -239.8 97 0 13.8 9.8 5.0 2.5 2 0 2 4 4
-152.9 -1181.5 -231.3 272 0 13.9 10.9 7.5 2.5 2 0 3 5 5
235.2 -1306.1 -220.3 277 0 7.8 6.4 10.0 2.5 4 0 4 1 1
155.6 -595.8 -130.9 86 0 12.7 9.0 5.0 2.5 2 0 2 3 3
-1104.8 -751.6 -202.6 292 0 10.4 6.7 7.5 2.5 2 0 3 2 2
324.3 575.9 160.6 62 0 7.8 6.5 7.5 2.5 2 0 3 5 5
-927.1 -822.2 -230.8 213 0 10.7 7.8 7.5 2.5 2 0 3 5 5
72.0 913.5 191.8 99 0 8.0 9.2 10.0 2.5 2 1 4 4 4
-15.8 -1178.9 -223.0 13 0 12.5 9.6 7.5 2.5 2 0 3 0 0
449.1 599.8 138.3 336 0 11.1 8.0 2.5 2.5 2 0 1 3 3
-598.1 -1016.3 -242.0 71 0 6.7 10.9 7.5 2.5 2 1 3 1 1
248.1 -1198.6 -208.0 101 0 8.8 9.2 7.5 2.5 2 1 3 4 4
581.1 -963.3 -167.2 292 0 10.3 11.3 10.0 2.5 4 1 4 0 0
-112.7 -777.3 -169.5 322 0 6.8 8.0 7.5 2.5 2 1 3 0 0
406.6 -640.2 -135.4 188 0 6.8 12.6 10.0 2.5 2 1 4 1 1
107.0 1018.4 181.6 242 0 10.5 8.1 7.5 2.5 2 0 3 1 1
-87.5 -423.3 -175.0 182 0 11.7 11.3 7.5 0.0 0 0 3 2 2
261.2 -633.9 -117.7 144 0 10.0 6.9 7.5 2.5 2 0 3 1 1
-225.7 -1192.7 -235.0 272 0 7.3 8.1 7.5 2.5 2 1 3 4 4
260.4 803.3 193.3 231 0 8.7 20.9 5.0 2.5 4 1 2 4 4
-253.1 -475.4 -232.5 46 0 6.8 8.1 7.5 2.5 2 1 3 1 1
306.3 -651.3 -121.7 172 0 8.3 6.9 7.5 2.5 2 0 3 5 5
252.2 -883.0 -149.5 298 0 9.7 8.7 5.0 2.5 2 0 2 0 0
-877.0 -1053.5 -217.2 162 0 10.5 11.9 5.0 2.5 2 1 2 5 5
400.2 -986.9 -144.3 110 0 14.9 8.5 7.5 2.5 2 0 3 0 0
-696.2 -1143.2 -241.9 170 0 6.2 6.9 2.5 2.5 2 1 1 1 1
-202.3 -408.8 -199.3 86 0 10.3 10.1 7.5 2.5 2 0 3 1 1
-161.2 -1241.9 -239.8 126 0 10.1 12.7 7.5 2.5 2 1 3 2 2
165.9 -777.5 -138.0 149 0 7.6 11.5 10.0 2.5 2 1 4 1 1
-382.9 -1180.8 -242.6 285 0 10.4 7.0 5.0 2.5 2 0 2 1 1
-541.3 -166.5 -189.5 133 0 9.9 7.3 5.0 2.5 2 0 2 3 3
-189.1 -1187.8 -231.4 271 0 8.2 6.4 2.5 2.5 2 0 1 5 5
265.7 -811.8 -134.6 61 0 7.3 13.2 5.0 0.0 0 1 2 4 4
299.2 -20.8 -31.9 22 0 7.7 10.8 7.5 2.5 2 1 3 2 2
349.6 -193.0 -79.1 273 0 7.7 11.8 7.5 2.5 2 1 3 4 4
445.9 937.9 187.8 121 0 7.2 9.6 5.0 2.5 2 1 2 3 3
-242.9 -1129.8 -230.1 168 0 10.8 6.8 7.5 2.5 2 0 3 4 4
498.3 -1082.9 -158.6 359 0 8.3 10.0 2.5 2.5 2 1 1 5 5
-201.1 -1109.1 -228.0 262 0 8.3 14.0 7.5 2.5 2 1 3 2 2
432.2 -649.2 -138.2 285 0 9.5 8.0 7.5 2.5 2 0 3 1 1
229.0 -572.8 -123.2 178 0 8.5 13.5 7.5 2.5 2 1 3 3 3
-345.7 -352.2 -203.9 223 0 6.4 7.5 5.0 0.0 0 1 2 2 2
163.5 -416.3 -135.4 206 0 8.5 9.2 7.5 2.5 2 1 3 2 2
465.6 499.7 129.5 313 0 9.7 9.1 10.0 2.5 2 0 4 5 5
-582.2 -290.3 -231.5 80 0 8.7 12.3 2.5 2.5 4 1 1 1 1
433.3 -924.8 -133.9 355 0 10.6 11.9 5.0 2.5 2 1 2 4 4
-132.5 -1114.7 -225.9 241 0 6.9 8.5 7.5 2.5 2 1 3 0 0
138.7 893.9 195.6 25 0 8.7 7.4 5.0 2.5 2 0 2 5 5
-14.8 -565.2 -173.1 348 0 7.7 11.9 7.5 2.5 4 1 3 5 5
442.0 -450.5 -113.5 276 0 9.5 8.7 10.0 2.5 2 0 4 2 2
406.1 -679.9 -132.5 107 0 12.8 7.9 5.0 2.5 2 0 2 2 2
-994.7 -778.5 -216.5 146 0 14.8 6.5 7.5 0.0 0 0 3 1 1
312.4 -321.7 -95.6 100 0 9.3 15.7 7.5 2.5 2 1 3 0 0
292.9 -515.3 -115.2 1 0 8.5 13.7 7.5 2.5 2 1 3 0 0
366.7 501.2 147.1 167 0 7.6 9.9 10.0 2.5 2 1 4 0 0
-285.7 -380.0 -206.4 336 0 9.5 8.0 7.5 2.5 2 0 3 3 3
516.2 -565.5 -132.7 192 0 9.2 10.1 7.5 2.5 4 1 3 2 2
479.2 -945.0 -141.6 154 0 8.3 9.2 5.0 2.5 2 1 2 5 5
515.2 -1098.3 -160.3 2 0 6.6 7.8 7.5 2.5 4 1 3 0 0
247.8 -1027.1 -178.8 167 0 7.4 6.8 7.5 0.0 0 0 3 4 4
412.7 -481.2 -115.4 78 0 8.6 13.5 2.5 2.5 4 1 1 3 3
435.1 -1158.2 -177.2 173 0 10.2 8.1 5.0 2.5 2 0 2 0 0
-356.9 -764.5 -226.9 284 0 8.1 10.0 5.0 2.5 2 1 2 5 5
-242.1 -1095.5 -228.3 174 0 7.5 15.0 5.0 2.5 2 1 2 5 5
-1160.6 -303.9 -268.3 15 0 10.3 7.4 2.5 2.5 2 0 1 3 3
-225.9 -1171.5 -232.2 86 0 9.0 14.1 10.0 2.5 4 1 4 0 0
-733.8 -1271.0 -216.6 58 0 8.9 13.9 2.5 2.5 2 1 1 5 5
-612.2 -785.2 -250.6 128 0 9.1 6.9 10.0 2.5 2 0 4 5 5
179.5 -1338.5 -220.5 195 0 18.1 10.7 7.5 2.5 2 0 3 0 0
-282.2 -330.9 -183.9 199 0 9.1 9.6 5.0 2.5 2 1 2 2 2
-674.2 -1170.2 -243.7 139 0 16.5 7.5 5.0 2.5 2 0 2 4 4
107.1 -809.3 -149.6 205 0 12.9 10.4 7.5 2.5 2 0 3 2 2
482.6 -785.9 -142.3 162 0 8.5 13.2 7.5 2.5 2 1 3 5 5
-428.3 -590.5 -256.7 190 0 8.6 12.1 7.5 2.5 4 1 3 5 5
-39.4 -521.8 -186.6 163 0 9.0 14.3 2.5 2.5 2 1 1 4 4
368.4 -787.4 -120.1 103 0 9.2 13.3 7.5 0.0 0 1 3 5 5
-193.2 -1148.2 -229.0 80 0 7.7 10.9 5.0 2.5 4 1 2 0 0
-1456.3 -501.9 -308.4 78 0 9.2 7.2 5.0 2.5 2 0 2 4 4
-139.7 -837.0 -182.4 58 0 11.6 9.6 7.5 2.5 2 0 3 2 2
324.1 -550.5 -118.3 167 0 10.0 14.3 7.5 2.5 2 1 3 5 5
461.9 -673.1 -141.5 348 0 11.2 7.9 7.5 2.5 4 0 3 2 2
127.4 -172.0 -89.2 86 0 12.9 10.9 2.5 2.5 4 0 1 3 3
483.7 367.5 116.4 24 0 9.7 10.1 7.5 2.5 2 1 3 2 2
314.0 -115.7 -70.0 190 0 11.9 10.0 10.0 2.5 2 0 4 5 5
-408.7 -1156.0 -241.9 135 0 6.7 8.1 5.0 2.5 2 1 2 3 3
498.2 -1143.7 -172.1 95 0 11.8 7.6 7.5 2.5 4 0 3 2 2
275.8 -305.4 -108.0 196 0 11.2 7.4 7.5 2.5 2 0 3 3 3
478.9 -435.2 -110.7 280 0 7.9 6.8 10.0 0.0 0 0 4 2 2
-127.4 -672.7 -156.5 171 0 9.8 13.4 7.5 2.5 2 1 3 3 3
371.7 -580.5 -121.6 117 0 8.4 10.2 5.0 2.5 2 1 2 2 2
-471.6 -354.1 -225.0 207 0 8.3 11.1 10.0 0.0 0 1 4 4 4
140.1 -945.8 -175.1 14 0 7.6 11.6 5.0 2.5 2 1 2 5 5
-315.0 -925.3 -222.9 290 0 10.9 9.5 7.5 2.5 4 0 3 1 1
-1008.7 -840.6 -213.9 101 0 14.4 7.9 7.5 2.5 2 0 3 1 1
-1616.2 -675.8 -244.8 280 0 10.8 6.5 5.0 2.5 2 0 2 4 4
322.2 449.4 135.9 214 0 7.9 13.2 7.5 2.5 2 1 3 1 1
-1406.4 -623.0 -273.1 165 0 7.5 12.9 10.0 2.5 2 1 4 0 0
-1624.1 -696.8 -234.8 179 0 7.2 11.1 7.5 2.5 4 1 3 5 5
-295.0 -1044.0 -233.1 80 0 6.5 8.4 7.5 2.5 2 1 3 2 2
-922.6 -938.8 -220.9 153 0 11.9 12.4 7.5 2.5 2 1 3 3 3
6350.7 -2711.7 517.8 143 0 10.4 41.4 12.5 2.5 2 1 5 3 3
6445.7 -2652.4 522.5 323 0 9.4 45.6 10.0 0.0 0 1 4 3 3
6400.2 -2660.3 522.1 246 0 6.1 8.2 7.5 0.0 0 1 3 2 2
6307.9 -2409.5 521.0 160 0 6.4 9.9 7.5 0.0 0 1 3 3 3
6328.5 -2409.1 520.9 65 0 8.6 8.1 7.5 2.5 2 0 3 3 3
6382.8 -2366.0 522.0 297 0 9.0 6.5 7.5 2.5 2 0 3 3 3
6141.6 -2466.8 500.9 86 0 23.1 15.3 15.0 0.0 0 0 6 3 3
6074.7 -2406.4 504.2 329 0 12.3 33.5 10.0 2.5 2 1 4 1 1
6334.5 -2294.4 524.0 286 0 12.1 26.6 10.0 2.5 2 1 4 1 1
6322.2 -2354.6 522.1 195 0 21.6 9.3 2.5 2.5 2 0 1 5 5
6398.3 -2343.7 522.2 67 0 11.9 23.5 12.5 2.5 2 1 5 3 3
5252.2 -3196.3 113.5 219 0 13.4 11.4 2.5 2.5 2 0 1 3 3
5282.7 -3155.4 124.7 235 0 18.1 11.1 5.0 2.5 2 0 2 0 0
5294.0 -2814.9 211.7 343 0 11.5 17.8 5.0 2.5 2 1 2 1 1
5352.4 -2743.0 232.1 200 0 12.1 12.8 5.0 0.0 0 1 2 2 2
5211.7 -2816.8 197.2 14 0 17.6 23.8 10.0 0.0 0 1 4 3 3
5217.3 -2894.2 194.5 76 0 13.3 11.1 5.0 2.5 2 0 2 5 5
5245.1 -2788.4 209.0 72 0 17.3 12.5 7.5 2.5 2 0 3 1 1
4181.9 1086.7 -89.0 299 0 6.2 6.6 2.5 2.5 2 1 1 3 3
4160.8 1105.5 -94.8 113 0 8.4 9.8 5.0 2.5 2 1 2 2 2
3939.6 1079.1 -87.5 43 0 9.6 6.3 7.5 2.5 2 0 3 0 0
4556.5 1247.8 -85.8 241 0 6.5 8.0 7.5 2.5 2 1 3 3 3
3929.1 1096.6 -93.4 63 0 16.5 8.7 5.0 2.5 2 0 2 5 5
3285.5 1107.6 -10.6 9 0 11.4 9.7 7.5 2.5 2 0 3 1 1
4930.3 1101.6 -40.9 34 0 7.9 6.9 7.5 2.5 2 0 3 1 1
3563.5 1232.3 -67.1 70 0 10.4 12.1 10.0 2.5 2 1 4 4 4
4380.8 1260.2 -95.2 357 0 8.3 9.6 5.0 2.5 4 1 2 1 1
4679.0 1152.5 -41.8 119 0 8.4 8.1 2.5 2.5 2 0 1 1 1
3912.9 1142.8 -116.6 251 0 8.4 8.7 2.5 2.5 2 1 1 0 0
3463.3 1242.1 -41.3 25 0 10.3 7.7 7.5 2.5 2 0 3 0 0
4871.6 1117.4 -34.7 122 0 10.5 8.3 7.5 2.5 2 0 3 3 3
3389.4 1095.4 -27.5 182 0 8.3 8.0 5.0 2.5 2 0 2 3 3
4057.2 1077.9 -74.2 93 0 6.7 7.9 7.5 2.5 2 1 3 1 1
3543.9 1154.8 -70.7 30 0 6.2 6.3 7.5 2.5 2 1 3 2 2
3974.5 1167.9 -119.7 15 0 7.5 11.3 5.0 2.5 2 1 2 2 2
3464.3 1167.1 -46.9 254 0 7.3 8.9 5.0 2.5 2 1 2 1 1
3563.0 1271.7 -57.6 37 0 8.0 7.3 2.5 0.0 0 0 1 0 0
3743.7 1298.6 -103.0 36 0 8.7 8.9 5.0 2.5 2 1 2 3 3
4460.6 1306.3 -80.2 269 0 10.5 14.7 2.5 0.0 0 1 1 3 3
3487.5 1097.2 -49.6 74 0 6.8 11.6 7.5 2.5 2 1 3 1 1
3519.4 1188.9 -62.6 307 0 6.3 7.8 7.5 0.0 0 1 3 2 2
4580.1 1170.3 -71.5 9 0 11.1 7.5 7.5 2.5 4 0 3 4 4
4360.0 1282.4 -91.6 157 0 7.8 14.6 10.0 2.5 2 1 4 2 2
3465.4 1197.7 -49.3 255 0 9.5 7.6 7.5 0.0 0 0 3 1 1
3502.9 1305.0 -43.6 206 0 10.0 10.1 10.0 2.5 2 1 4 1 1
5376.3 1708.9 15.1 277 0 8.6 9.2 7.5 2.5 2 1 3 3 3
5041.4 2281.0 -141.4 150 0 10.0 11.6 5.0 2.5 2 1 2 4 4
5252.6 1607.0 7.5 119 0 6.1 9.3 7.5 2.5 2 1 3 5 5
4956.8 2098.7 -131.3 356 0 7.6 12.1 7.5 2.5 2 1 3 3 3
5373.8 2074.7 -6.7 4 0 10.5 8.5 5.0 2.5 2 0 2 3 3
3725.6 1683.1 -56.2 33 0 7.2 12.7 5.0 2.5 2 1 2 3 3
4127.0 1834.5 -134.2 44 0 9.7 12.5 10.0 0.0 0 1 4 1 1
5221.8 1796.8 31.2 83 0 7.6 7.4 5.0 2.5 2 0 2 3 3
5214.5 2068.5 -26.9 21 0 7.1 15.8 5.0 2.5 2 1 2 5 5
4203.3 2088.9 -156.4 184 0 11.7 7.2 7.5 2.5 2 0 3 0 0
5033.3 2187.7 -116.6 22 0 9.9 15.6 5.0 2.5 2 1 2 2 2
4898.1 2222.2 -172.0 55 0 14.0 12.4 5.0 2.5 2 0 2 0 0
3674.9 1399.7 -48.0 75 0 7.0 12.2 7.5 2.5 2 1 3 0 0
5387.9 2701.2 -178.4 131 0 9.3 7.1 7.5 2.5 2 0 3 2 2
4239.3 2133.2 -163.7 216 0 11.7 6.2 10.0 2.5 2 0 4 5 5
3847.1 1848.8 -77.5 212 0 10.5 7.0 2.5 2.5 2 0 1 3 3
4164.7 1879.8 -140.2 343 0 8.3 12.6 10.0 0.0 0 1 4 4 4
5367.1 1629.2 1.0 71 0 7.9 7.3 5.0 2.5 2 0 2 2 2
4825.2 2635.9 -238.3 187 0 9.0 11.3 5.0 2.5 2 1 2 1 1
4152.7 1973.2 -142.4 183 0 9.8 8.2 10.0 2.5 2 0 4 1 1
5255.2 2469.2 -104.5 60 0 11.6 7.1 2.5 2.5 2 0 1 4 4
5370.8 2122.1 -16.2 52 0 10.4 12.5 7.5 0.0 0 1 3 3 3
3921.2 1591.8 -100.8 33 0 7.7 7.1 10.0 2.5 2 0 4 1 1
3725.2 1768.3 -59.4 307 0 7.2 13.1 2.5 2.5 2 1 1 3 3
4137.4 1884.1 -135.4 245 0 7.7 12.9 5.0 2.5 2 1 2 3 3
5309.3 2176.3 -37.3 348 0 13.8 7.9 5.0 2.5 2 0 2 0 0
3568.9 1458.2 -33.7 218 0 11.5 8.7 5.0 2.5 2 0 2 2 2
4109.4 1815.0 -134.3 114 0 12.4 9.7 7.5 2.5 2 0 3 5 5
4845.8 2120.9 -176.3 252 0 13.6 9.2 10.0 2.5 2 0 4 1 1
5251.7 2002.6 -10.2 310 0 11.6 7.4 7.5 2.5 2 0 3 2 2
4989.9 2173.8 -125.8 86 0 10.4 12.5 7.5 2.5 2 1 3 5 5
4259.2 1374.0 -150.2 21 0 15.6 9.5 5.0 2.5 2 0 2 2 2
4408.9 1468.0 -130.9 233 0 11.4 8.6 7.5 2.5 4 0 3 5 5
4854.1 1936.3 -160.5 217 0 20.7 11.0 7.5 2.5 2 0 3 4 4
4278.9 2195.3 -166.0 297 0 6.0 9.7 5.0 2.5 2 1 2 3 3
3979.7 1792.5 -112.5 344 0 8.3 8.6 2.5 2.5 2 1 1 4 4
5265.8 2924.1 -254.5 74 0 8.5 16.6 5.0 2.5 2 1 2 0 0
3436.5 1409.3 -4.2 28 0 10.2 6.2 2.5 0.0 0 0 1 4 4
4236.0 2246.2 -150.8 92 0 10.3 12.7 7.5 2.5 2 1 3 1 1
4980.3 2303.2 -159.8 38 0 14.5 9.3 5.0 2.5 2 0 2 4 4
4824.8 2593.5 -237.6 111 0 9.7 14.0 5.0 2.5 2 1 2 2 2
4925.6 2085.7 -141.6 91 0 10.6 11.8 7.5 2.5 2 1 3 2 2
5282.7 2629.2 -163.4 192 0 8.2 10.9 7.5 2.5 2 1 3 5 5
4147.5 2015.9 -140.4 2 0 9.9 6.2 7.5 2.5 2 0 3 2 2
3734.3 1524.2 -43.9 204 0 6.6 6.9 7.5 2.5 2 1 3 5 5
5223.5 2491.9 -118.0 297 0 11.7 12.3 7.5 2.5 2 1 3 1 1
4865.8 2251.1 -182.8 191 0 15.7 11.7 2.5 2.5 2 0 1 2 2
3412.4 1447.1 10.5 108 0 6.4 11.1 7.5 2.5 4 1 3 4 4
4866.7 2710.2 -218.8 243 0 8.0 9.7 7.5 2.5 2 1 3 3 3
4917.7 2239.4 -165.0 42 0 9.6 10.1 7.5 2.5 2 1 3 0 0
3637.2 1405.7 -44.1 222 0 11.0 8.3 7.5 2.5 2 0 3 0 0
5304.1 2643.7 -164.7 240 0 7.8 7.2 2.5 0.0 0 0 1 3 3
5173.3 2443.6 -127.6 179 0 7.4 7.1 5.0 0.0 0 0 2 2 2
4878.8 2184.3 -174.4 5 0 13.1 11.2 7.5 2.5 2 0 3 3 3
4488.1 1588.6 -146.7 206 0 13.9 9.8 2.5 0.0 0 0 1 1 1
4780.9 2429.0 -217.3 226 0 8.6 7.3 7.5 2.5 2 0 3 1 1
4201.7 1873.1 -152.5 179 0 8.2 6.9 10.0 2.5 2 0 4 2 2
4910.2 2713.5 -203.0 170 0 10.5 9.6 7.5 2.5 2 0 3 5 5
4898.2 1994.6 -150.5 287 0 11.8 19.9 5.0 2.5 2 1 2 1 1
3651.0 1590.6 -37.0 125 0 7.7 10.7 7.5 2.5 2 1 3 2 2
3681.9 1733.5 -54.5 123 0 7.8 12.2 10.0 2.5 2 1 4 5 5
5296.8 2360.9 -73.6 270 0 8.5 12.4 5.0 2.5 2 1 2 3 3
5318.7 2184.3 -35.6 173 0 8.8 9.2 7.5 2.5 2 1 3 2 2
5177.4 2287.2 -108.0 347 0 7.0 22.1 5.0 2.5 2 1 2 4 4
3526.0 1373.0 -37.4 37 0 7.9 7.0 5.0 2.5 2 0 2 2 2
5379.5 1717.3 17.2 276 0 7.2 7.1 10.0 0.0 0 0 4 4 4
3504.2 1497.8 -13.6 209 0 10.3 6.8 7.5 2.5 4 0 3 2 2
5238.9 2016.7 -14.5 317 0 13.7 9.8 7.5 2.5 2 0 3 5 5
4160.9 1954.0 -143.7 175 0 13.7 8.2 5.0 0.0 0 0 2 1 1
4155.0 1709.1 -177.3 175 0 7.2 10.9 5.0 0.0 0 1 2 1 1
5367.2 2036.4 0.2 125 0 9.9 7.5 2.5 2.5 2 0 1 2 2
4933.1 2200.0 -151.5 267 0 10.9 10.7 5.0 2.5 2 0 2 5 5
4380.3 1542.3 -171.6 298 0 9.5 8.7 7.5 2.5 2 0 3 4 4
5335.9 2620.3 -149.6 341 0 7.2 6.6 5.0 2.5 2 0 2 1 1
4233.2 2179.5 -153.6 226 0 10.9 7.5 2.5 2.5 2 0 1 5 5
4508.3 1699.3 -179.7 57 0 12.4 6.4 10.0 2.5 2 0 4 4 4
4805.1 2401.0 -210.8 70 0 11.0 8.5 2.5 2.5 2 0 1 4 4
3933.9 1816.0 -103.3 268 0 8.6 11.3 5.0 2.5 2 1 2 1 1
5366.3 1825.6 24.2 52 0 6.3 7.9 10.0 0.0 0 1 4 1 1
5036.9 2533.5 -143.6 39 0 15.7 9.4 5.0 2.5 2 0 2 3 3
4873.8 2624.3 -220.7 14 0 8.0 13.9 10.0 2.5 2 1 4 4 4
4900.6 2292.9 -183.2 330 0 9.4 8.9 5.0 2.5 2 0 2 3 3
5246.0 2284.5 -81.3 133 0 8.7 14.8 5.0 0.0 0 1 2 0 0
5100.6 2303.8 -133.3 255 0 16.8 10.7 7.5 2.5 2 0 3 2 2
3599.1 1324.6 -55.8 311 0 8.0 13.2 5.0 2.5 2 1 2 4 4
4872.4 2146.4 -172.7 11 0 7.9 12.9 10.0 0.0 0 1 4 0 0
5317.3 2540.0 -117.5 60 0 11.4 6.3 10.0 2.5 2 0 4 3 3
5316.0 2245.2 -46.8 245 0 12.0 9.9 7.5 2.5 2 0 3 1 1
5315.9 2160.9 -31.4 344 0 9.4 6.1 5.0 2.5 2 0 2 4 4
3967.4 1832.7 -112.2 281 0 10.0 10.9 7.5 2.5 2 1 3 2 2
4189.7 1843.4 -151.0 251 0 7.5 11.0 7.5 2.5 2 1 3 0 0
5203.1 2926.0 -236.7 30 0 6.2 21.0 5.0 2.5 2 1 2 4 4
4900.3 2153.9 -157.3 190 0 10.5 11.7 2.5 2.5 2 1 1 3 3
5313.6 1753.0 29.9 264 0 8.7 8.6 2.5 2.5 2 0 1 3 3
4990.2 2232.3 -137.4 274 0 9.1 9.2 7.5 2.5 2 1 3 4 4
4224.1 1910.9 -157.2 331 0 10.5 6.9 7.5 2.5 2 0 3 5 5
4340.8 1981.3 -208.8 75 0 6.1 15.0 2.5 2.5 2 1 1 2 2
5143.0 2579.9 -134.0 346 0 6.7 10.0 7.5 2.5 2 1 3 0 0
4877.6 2562.8 -202.5 215 0 8.3 8.7 5.0 2.5 4 1 2 3 3
3641.9 1536.2 -33.7 129 0 8.7 29.0 10.0 2.5 2 1 4 3 3
3857.4 1855.7 -76.2 134 0 7.1 16.7 10.0 2.5 2 1 4 1 1
5141.7 2320.4 -124.1 255 0 12.8 8.2 7.5 2.5 2 0 3 2 2
4356.2 2122.0 -203.1 8 0 6.5 6.2 7.5 0.0 0 0 3 5 5
4987.8 2314.3 -160.3 33 0 10.7 7.0 5.0 2.5 4 0 2 1 1
4186.8 1902.8 -149.0 135 0 10.5 9.2 2.5 2.5 4 0 1 2 2
5309.9 1657.5 10.0 274 0 12.8 6.2 7.5 2.5 2 0 3 0 0
4172.1 2034.1 -148.1 89 0 6.3 9.6 5.0 2.5 4 1 2 3 3
3705.1 1482.4 -43.6 215 0 8.2 7.8 2.5 2.5 2 0 1 1 1
5394.5 2151.8 -22.0 43 0 8.6 12.1 5.0 2.5 2 1 2 1 1
5189.3 1957.8 -7.3 337 0 7.6 7.4 7.5 2.5 2 0 3 5 5
4890.7 2161.7 -162.1 186 0 8.9 8.0 7.5 2.5 2 0 3 0 0
4816.9 2438.5 -210.5 309 0 9.2 13.0 5.0 2.5 4 1 2 2 2
4293.6 2119.6 -185.1 130 0 8.6 15.9 7.5 2.5 2 1 3 2 2
5368.4 1830.8 23.5 143 0 7.4 10.5 7.5 2.5 4 1 3 4 4
4210.6 1852.1 -156.1 153 0 10.0 7.2 7.5 2.5 2 0 3 3 3
4826.8 2113.1 -182.7 255 0 11.3 11.1 2.5 2.5 4 0 1 4 4
4895.6 2441.5 -186.1 335 0 9.8 8.5 7.5 2.5 2 0 3 1 1
3634.4 1435.7 -38.4 58 0 10.4 9.2 5.0 2.5 2 0 2 2 2
5177.1 2488.6 -129.0 195 0 6.9 6.6 7.5 2.5 2 0 3 2 2
4201.4 2059.1 -157.7 252 0 6.2 18.9 7.5 2.5 2 1 3 3 3
3655.6 1658.2 -42.2 286 0 12.7 7.9 7.5 2.5 2 0 3 2 2
4761.8 1422.2 -151.2 56 0 8.1 7.9 10.0 2.5 4 0 4 4 4
4857.7 2076.6 -170.8 97 0 18.1 11.9 7.5 2.5 4 0 3 4 4
3639.2 1514.9 -33.5 301 0 10.5 10.9 5.0 2.5 4 1 2 1 1
4718.3 2385.3 -221.1 239 0 9.1 16.9 7.5 2.5 2 1 3 5 5
3516.0 1405.2 -34.6 299 0 9.7 12.4 5.0 2.5 2 1 2 1 1
5326.1 2128.9 -20.7 295 0 10.8 21.9 5.0 2.5 2 1 2 4 4
4320.0 2477.6 -228.6 318 0 10.0 8.0 7.5 2.5 2 0 3 4 4
3483.0 2498.3 -224.9 294 0 10.0 8.4 10.0 2.5 2 0 4 0 0
6039.7 1737.9 126.3 89 0 18.4 11.9 7.5 2.5 2 0 3 2 2
5812.7 1770.8 73.9 333 0 7.6 20.2 5.0 2.5 2 1 2 5 5
5830.4 1775.2 79.4 182 0 13.7 26.9 10.0 2.5 4 1 4 0 0
5836.0 1794.1 79.9 172 0 10.1 20.4 2.5 2.5 2 1 1 5 5
5865.6 1758.2 83.9 189 0 21.3 12.6 12.5 0.0 0 0 5 1 1
5885.7 1770.1 85.7 119 0 12.2 25.3 10.0 0.0 0 1 4 4 4
5882.9 1880.2 80.2 192 0 13.7 15.5 5.0 2.5 2 1 2 4 4
5835.0 1724.3 79.4 350 0 8.0 8.9 7.5 2.5 2 1 3 2 2
5836.6 1716.9 79.1 343 0 6.1 11.4 5.0 2.5 2 1 2 1 1
5816.2 1749.3 76.9 81 0 7.3 13.2 7.5 2.5 2 1 3 3 3
5928.6 1818.1 91.2 287 0 11.0 14.1 10.0 2.5 2 1 4 3 3
5935.6 1744.9 92.5 66 0 12.3 26.7 15.0 0.0 0 1 6 5 5
5965.3 1806.1 98.5 268 0 10.2 14.8 7.5 2.5 2 1 3 0 0
6007.9 1826.5 105.7 32 0 11.4 11.6 7.5 2.5 2 1 3 2 2
5843.1 1733.3 81.3 167 0 12.5 10.9 7.5 2.5 2 0 3 2 2
5846.6 1722.6 82.3 182 0 10.2 14.1 5.0 2.5 2 1 2 1 1
5853.6 1698.0 83.6 177 0 10.8 11.6 2.5 2.5 2 1 1 1 1
5874.5 1710.1 86.3 183 0 10.5 18.1 5.0 2.5 2 1 2 2 2
5870.5 1660.6 86.0 178 0 14.8 18.9 12.5 2.5 2 1 5 0 0
5810.7 1813.9 76.2 167 0 13.4 13.8 5.0 2.5 2 1 2 0 0
5806.5 1881.0 69.0 217 0 7.6 10.5 2.5 2.5 2 1 1 5 5
5786.4 1887.7 64.4 60 0 10.3 10.5 7.5 2.5 2 1 3 5 5
5783.3 1875.8 64.2 358 0 11.2 13.2 5.0 0.0 0 1 2 3 3
5779.4 1897.5 61.7 49 0 8.7 14.9 5.0 2.5 2 1 2 0 0
5855.9 1640.8 79.7 348 0 7.1 11.5 5.0 2.5 2 1 2 2 2
5859.9 1632.6 80.5 346 0 7.9 10.5 7.5 2.5 2 1 3 3 3
5765.2 1717.5 67.3 274 0 9.3 15.3 7.5 2.5 2 1 3 1 1
5762.6 1652.8 65.4 90 0 13.1 12.3 5.0 2.5 2 0 2 3 3
5885.7 1578.8 85.3 172 0 8.9 16.6 7.5 2.5 2 1 3 5 5
5932.9 1616.6 97.1 277 0 13.0 11.4 5.0 2.5 2 0 2 3 3
5937.4 1547.7 99.7 154 0 7.2 15.7 7.5 2.5 2 1 3 4 4
5726.6 1746.2 58.8 7 0 18.1 13.6 5.0 2.5 2 0 2 1 1
5689.7 1623.1 48.1 271 0 19.6 13.8 10.0 2.5 2 0 4 4 4
5661.7 1468.4 42.5 68 0 9.0 7.9 10.0 2.5 2 0 4 3 3
5927.7 2038.6 65.1 115 0 15.6 12.4 5.0 2.5 2 0 2 2 2
5900.3 2068.0 54.2 27 0 14.3 12.3 5.0 2.5 2 0 2 0 0
5937.0 2112.6 49.3 26 0 9.6 10.4 5.0 2.5 2 1 2 2 2
5725.8 1938.9 49.8 91 0 7.8 14.7 7.5 2.5 2 1 3 3 3
5708.4 1992.1 40.6 276 0 11.9 19.3 2.5 2.5 2 1 1 2 2
5703.9 1878.5 52.5 276 0 8.0 11.2 2.5 2.5 2 1 1 1 1
5845.2 2042.7 48.8 108 0 10.4 9.5 5.0 2.5 2 0 2 5 5
5832.2 2115.2 31.4 22 0 13.2 9.5 7.5 2.5 2 0 3 4 4
6040.1 2175.4 36.0 113 0 15.9 13.2 12.5 2.5 2 0 5 3 3
5962.2 2241.0 25.1 75 0 9.3 14.3 5.0 2.5 2 1 2 2 2
5875.3 2268.7 16.6 65 0 7.8 14.5 5.0 2.5 4 1 2 1 1
5851.5 2208.7 19.6 39 0 14.1 16.5 7.5 2.5 4 1 3 4 4
5838.0 2161.8 25.0 346 0 10.9 12.9 7.5 2.5 4 1 3 1 1
5744.2 2061.8 33.5 338 0 10.9 18.7 2.5 2.5 2 1 1 2 2
5670.5 2067.7 23.1 261 0 10.2 12.1 7.5 2.5 2 1 3 0 0
5641.4 2037.2 22.2 183 0 15.1 10.9 7.5 0.0 0 0 3 0 0
5639.2 1828.7 39.2 157 0 11.4 10.7 5.0 2.5 2 0 2 0 0
5565.9 1958.2 12.1 90 0 12.5 17.0 5.0 2.5 4 1 2 2 2
5606.7 2180.9 4.3 105 0 7.2 11.0 7.5 2.5 2 1 3 4 4
5444.8 2045.7 -1.3 128 0 18.5 8.1 5.0 2.5 4 0 2 3 3
5457.4 1982.8 11.0 342 0 8.2 6.7 7.5 2.5 2 0 3 2 2
5465.6 1949.9 13.9 9 0 13.9 8.4 7.5 2.5 2 0 3 1 1
5404.7 1935.9 16.5 183 0 11.1 17.0 2.5 2.5 2 1 1 2 2
-1061.8 2808.6 -264.9 107 0 12.9 10.1 7.5 2.5 2 0 3 5 5
-1002.6 2826.2 -244.5 45 0 8.2 9.7 5.0 0.0 0 1 2 3 3
-986.7 2816.4 -245.7 21 0 8.5 11.0 5.0 2.5 2 1 2 4 4
-936.0 2948.4 -212.7 0 0 8.3 12.2 5.0 0.0 0 1 2 0 0
-930.1 2914.7 -221.1 252 0 15.2 7.7 7.5 2.5 2 0 3 5 5
-921.3 3056.4 -190.3 162 0 10.3 31.1 12.5 2.5 2 1 5 3 3
-930.4 3073.0 -191.0 166 0 8.6 16.3 2.5 2.5 2 1 1 5 5
-945.0 2625.6 -268.7 102 0 9.0 7.9 5.0 2.5 2 0 2 2 2
-911.2 2613.1 -265.6 17 0 7.8 11.9 5.0 2.5 2 1 2 3 3
-844.2 2610.4 -255.3 110 0 20.6 10.7 2.5 2.5 4 0 1 1 1
-825.2 2653.8 -249.4 270 0 11.5 10.1 5.0 0.0 0 0 2 2 2
-823.1 2768.4 -235.1 73 0 15.7 11.2 7.5 2.5 2 0 3 4 4
-830.7 2682.6 -246.8 210 0 7.9 11.1 7.5 2.5 2 1 3 0 0
-795.1 2713.6 -231.4 232 0 9.1 16.5 7.5 2.5 2 1 3 5 5
-760.2 2817.1 -211.5 355 0 12.7 17.0 5.0 2.5 2 1 2 2 2
-850.5 2838.3 -231.8 309 0 15.9 13.0 7.5 2.5 2 0 3 2 2
-826.3 2846.9 -224.4 198 0 9.5 17.9 7.5 2.5 2 1 3 4 4
-828.5 2894.5 -216.5 186 0 10.2 16.2 10.0 2.5 2 1 4 4 4
-776.1 2877.8 -207.0 328 0 10.6 8.0 2.5 2.5 2 0 1 0 0
-806.1 2955.2 -203.9 285 0 14.4 18.6 10.0 0.0 0 1 4 4 4
-784.1 2945.9 -198.3 323 0 7.7 13.8 5.0 2.5 2 1 2 0 0
-767.7 2991.4 -189.0 212 0 17.2 8.9 5.0 2.5 2 0 2 5 5
-768.8 2950.0 -191.4 77 0 12.0 12.7 2.5 2.5 2 1 1 5 5
-728.5 3075.9 -185.7 293 0 21.6 10.4 2.5 2.5 2 0 1 5 5
-662.6 3019.9 -169.2 18 0 16.6 12.2 7.5 2.5 2 0 3 1 1
-648.1 3015.2 -167.1 142 0 9.7 17.1 2.5 2.5 2 1 1 3 3
-657.9 3052.9 -171.8 164 0 7.9 18.3 7.5 2.5 4 1 3 0 0
-628.2 3136.7 -190.7 108 0 9.5 7.0 5.0 2.5 2 0 2 0 0
-811.6 2561.9 -258.8 213 0 12.7 9.2 5.0 0.0 0 0 2 1 1
-785.3 2577.1 -253.4 78 0 9.0 12.5 7.5 2.5 2 1 3 1 1
-675.6 2661.7 -221.1 352 0 9.8 12.1 5.0 2.5 2 1 2 0 0
-669.1 2627.2 -237.0 353 0 8.3 13.0 7.5 2.5 2 1 3 4 4
-747.0 2729.3 -212.5 165 0 10.5 6.9 2.5 2.5 2 0 1 1 1
-710.1 2761.3 -203.1 346 0 16.5 12.2 7.5 2.5 2 0 3 5 5
-652.1 2807.4 -183.7 347 0 14.1 11.9 7.5 0.0 0 0 3 1 1
-757.4 2581.9 -251.9 79 0 19.0 7.7 10.0 2.5 2 0 4 0 0
-869.5 2474.1 -266.4 57 0 10.7 9.8 10.0 2.5 4 0 4 2 2
-1015.8 2625.7 -278.8 120 0 11.7 11.3 5.0 2.5 2 0 2 2 2
-904.4 2476.0 -270.5 208 0 17.8 14.3 10.0 0.0 0 0 4 2 2
5412.4 1879.0 20.4 183 0 10.5 12.0 7.5 2.5 2 1 3 0 0
5440.2 1841.0 19.7 44 0 10.7 31.2 10.0 2.5 2 1 4 3 3
5464.0 1844.1 19.8 316 0 46.2 9.8 10.0 2.5 2 0 4 2 2
5467.5 1900.3 19.4 15 0 22.3 8.6 10.0 2.5 2 0 4 0 0
5516.5 1791.4 22.0 348 0 14.1 16.6 5.0 2.5 2 1 2 3 3
5565.3 1761.2 25.6 334 0 14.3 11.2 5.0 2.5 2 0 2 3 3
5581.4 1702.2 21.3 17 0 16.7 12.5 10.0 2.5 2 0 4 4 4
5584.1 1687.0 22.3 3 0 9.9 11.7 5.0 2.5 2 1 2 0 0
5644.8 2117.0 14.2 168 0 7.3 9.8 7.5 2.5 2 1 3 4 4
5919.0 2171.6 36.1 179 0 10.1 11.0 5.0 2.5 2 1 2 3 3
5615.0 1666.7 33.0 186 0 19.4 15.5 10.0 2.5 2 0 4 5 5
5595.2 1585.0 24.9 11 0 6.8 11.2 2.5 0.0 0 1 1 3 3
5594.1 1562.5 24.2 324 0 6.5 11.0 7.5 0.0 0 1 3 5 5
5601.9 1483.8 30.5 16 0 19.2 11.9 7.5 2.5 2 0 3 1 1
5587.2 1464.5 28.5 10 0 9.3 10.5 7.5 0.0 0 1 3 4 4
5581.3 1429.1 26.6 0 0 14.1 15.8 2.5 2.5 2 1 1 0 0
5612.7 1428.0 35.7 355 0 13.1 8.9 2.5 2.5 2 0 1 1 1
5540.8 1455.1 19.5 277 0 8.0 20.1 5.0 2.5 2 1 2 3 3
5543.3 1395.9 20.5 75 0 10.3 10.8 7.5 2.5 2 1 3 1 1
5415.7 1379.2 -13.2 164 0 9.5 21.1 7.5 2.5 2 1 3 0 0
5496.0 1326.0 0.7 254 0 12.9 14.7 10.0 2.5 2 1 4 2 2
5687.6 1327.4 51.5 253 0 12.9 14.2 2.5 2.5 2 1 1 1 1
5578.4 1301.4 19.9 359 0 12.1 13.7 10.0 2.5 2 1 4 1 1
5529.3 1329.7 11.4 279 0 10.0 9.4 5.0 2.5 2 0 2 0 0
5487.1 1249.8 -5.8 176 0 16.4 10.7 7.5 2.5 2 0 3 5 5
5592.9 1128.0 20.2 95 0 8.8 14.9 7.5 2.5 4 1 3 5 5
5567.5 1168.3 13.3 166 0 6.6 7.0 5.0 2.5 2 1 2 4 4
5615.9 1253.4 27.9 272 0 19.3 16.3 15.0 0.0 0 0 6 0 0
5697.2 1212.8 48.9 13 0 7.7 11.5 7.5 2.5 4 1 3 0 0
5674.7 1160.1 43.4 74 0 7.0 8.2 7.5 2.5 2 1 3 5 5
5683.3 1132.5 45.3 7 0 12.8 7.5 7.5 2.5 2 0 3 5 5
5800.3 1340.3 73.6 160 0 10.7 10.1 7.5 0.0 0 0 3 1 1
5834.5 1348.5 78.4 80 0 8.9 20.8 12.5 2.5 2 1 5 3 3
5906.3 1396.0 90.2 333 0 18.1 14.9 12.5 2.5 2 0 5 0 0
5918.9 1340.1 90.9 352 0 9.8 18.1 7.5 2.5 2 1 3 0 0
5914.2 1364.9 92.3 348 0 15.7 11.4 7.5 2.5 2 0 3 1 1
5939.9 1376.4 98.2 9 0 7.9 9.9 5.0 0.0 0 1 2 1 1
5937.4 1419.1 96.8 0 0 13.1 11.6 7.5 2.5 2 0 3 1 1
5908.7 1445.5 90.7 291 0 10.3 14.6 7.5 2.5 2 1 3 1 1
5984.2 1344.6 105.7 130 0 20.6 18.9 12.5 2.5 2 0 5 4 4
2255.9 4451.8 4.9 319 0 11.5 13.8 10.0 2.5 4 1 4 2 2
2248.5 4313.4 28.8 85 0 13.9 10.9 5.0 2.5 2 0 2 2 2
2192.8 4342.9 6.6 90 0 10.7 11.8 7.5 2.5 2 1 3 3 3
1813.5 3761.0 -79.2 184 0 8.0 14.8 7.5 2.5 2 1 3 5 5
1542.8 3859.0 -13.5 193 0 12.2 6.5 5.0 0.0 0 0 2 5 5
1522.6 3963.9 -21.6 177 0 15.5 12.1 7.5 2.5 2 0 3 3 3
1455.9 3837.1 -20.4 90 0 12.3 10.4 2.5 2.5 2 0 1 0 0
1886.8 4987.8 -45.8 128 0 7.7 26.7 10.0 2.5 2 1 4 4 4
1928.6 4965.3 -36.9 130 0 33.0 15.7 12.5 2.5 2 0 5 2 2
1980.0 4996.4 -34.0 353 0 9.6 22.7 5.0 2.5 2 1 2 3 3
1977.6 5063.5 -30.8 352 0 27.4 10.4 15.0 0.0 0 0 6 0 0
1958.5 5105.1 -33.5 18 0 19.0 16.2 12.5 2.5 2 0 5 5 5
1933.1 5112.2 -34.4 198 0 21.5 10.2 5.0 2.5 2 0 2 5 5
1956.3 5184.9 -27.3 86 0 17.6 10.3 2.5 2.5 4 0 1 5 5
2297.3 5204.5 -23.8 349 0 9.7 12.3 5.0 2.5 2 1 2 3 3
2262.4 5227.0 -17.6 227 0 6.9 7.9 5.0 2.5 2 1 2 4 4
2269.2 5264.7 -10.2 152 0 8.9 22.8 5.0 0.0 0 1 2 0 0
2303.0 5285.7 -8.7 249 0 28.2 8.4 7.5 2.5 2 0 3 0 0
2252.9 5304.4 0.4 83 0 9.0 11.6 7.5 2.5 2 1 3 1 1
2135.5 5236.3 -15.0 91 0 6.8 11.1 2.5 2.5 2 1 1 4 4
2160.6 5237.4 -13.7 74 0 8.7 12.1 7.5 2.5 2 1 3 0 0
2170.2 5236.4 -13.5 74 0 9.8 12.8 10.0 2.5 2 1 4 1 1
2148.5 5309.2 -2.1 228 0 9.4 13.7 7.5 2.5 2 1 3 1 1
2155.4 5266.6 -8.0 99 0 14.6 9.3 7.5 2.5 2 0 3 4 4
2263.0 5349.5 10.0 182 0 8.2 15.9 5.0 2.5 2 1 2 3 3
2275.3 5317.2 2.6 72 0 13.0 8.8 7.5 2.5 2 0 3 0 0
2298.4 5319.2 2.3 74 0 14.7 17.8 15.0 0.0 0 1 6 2 2
2193.2 5407.9 19.6 182 0 10.5 10.5 7.5 2.5 2 1 3 5 5
2222.5 5388.7 18.8 93 0 7.9 9.5 2.5 2.5 2 1 1 0 0
2230.4 5382.7 18.2 96 0 7.9 10.7 5.0 2.5 2 1 2 4 4
2100.9 5429.6 11.0 90 0 9.7 11.4 10.0 2.5 2 1 4 2 2
2090.3 5525.9 26.6 228 0 10.7 7.5 5.0 2.5 4 0 2 4 4
2144.0 5512.9 29.0 86 0 7.6 7.9 5.0 2.5 2 1 2 1 1
2165.4 5481.3 24.7 179 0 11.5 10.8 2.5 0.0 0 0 1 3 3
2143.6 5492.1 25.3 90 0 11.6 8.9 7.5 2.5 2 0 3 1 1
2208.6 5490.7 30.1 14 0 10.5 9.4 7.5 2.5 4 0 3 1 1
2168.3 5561.5 38.7 220 0 10.6 9.4 5.0 2.5 2 0 2 4 4
2187.7 5596.5 47.9 252 0 13.4 9.7 7.5 2.5 4 0 3 0 0
1946.7 4842.6 -69.3 332 0 8.2 11.6 10.0 2.5 2 1 4 5 5
2482.7 5678.9 46.8 169 0 13.8 10.1 7.5 2.5 2 0 3 5 5
2503.4 5698.2 49.8 116 0 12.2 30.9 10.0 2.5 2 1 4 4 4
2513.4 5742.3 55.3 296 0 7.9 22.6 2.5 2.5 2 1 1 2 2
2534.2 5686.5 47.4 1 0 9.5 27.8 12.5 2.5 2 1 5 2 2
2493.6 5646.8 41.0 274 0 32.9 11.2 12.5 2.5 4 0 5 4 4
2454.1 5612.0 38.0 167 0 17.0 10.4 7.5 2.5 2 0 3 2 2
2531.2 5590.1 32.8 357 0 7.8 57.6 10.0 2.5 2 1 4 4 4
2515.6 5604.1 35.8 357 0 9.7 37.5 12.5 2.5 2 1 5 3 3
2108.1 5196.3 -27.2 210 0 19.2 14.4 10.0 2.5 2 0 4 1 1
2038.3 5228.3 -19.0 63 0 17.3 13.6 5.0 2.5 2 0 2 1 1
1689.9 5547.2 18.5 166 0 11.3 16.2 7.5 0.0 0 1 3 4 4
1694.3 5603.9 28.3 6 0 11.6 13.9 7.5 2.5 4 1 3 2 2
1618.9 5604.9 31.4 341 0 12.9 15.8 7.5 2.5 2 1 3 2 2
1637.7 5630.1 35.9 196 0 9.6 16.9 10.0 2.5 2 1 4 1 1
1761.4 5530.1 7.4 28 0 11.6 10.5 5.0 0.0 0 0 2 2 2
1819.8 5561.0 1.1 234 0 7.8 11.5 7.5 2.5 2 1 3 2 2
1684.2 5707.9 29.7 102 0 8.6 9.0 7.5 2.5 2 1 3 3 3
1506.4 5675.3 30.9 284 0 15.0 9.1 7.5 2.5 2 0 3 0 0
1443.5 5717.6 28.1 98 0 15.6 11.0 7.5 2.5 2 0 3 5 5
480.9 5402.1 -118.7 46 0 10.8 10.5 10.0 2.5 2 0 4 2 2
142.4 6203.8 31.2 241 0 9.9 7.3 7.5 2.5 2 0 3 3 3
180.9 6199.7 27.6 1 0 8.0 13.7 5.0 2.5 2 1 2 0 0
-151.1 6124.8 56.7 119 0 7.4 15.0 7.5 2.5 4 1 3 3 3
-301.0 6022.6 63.8 76 0 10.0 14.0 7.5 2.5 2 1 3 4 4
-384.8 6218.8 104.3 96 0 8.3 14.8 7.5 2.5 2 1 3 5 5
2108.4 5614.1 48.1 283 0 11.8 11.0 5.0 2.5 2 0 2 5 5
-545.8 3152.2 -202.6 45 0 10.9 14.3 7.5 2.5 2 1 3 4 4
672.6 -1184.2 -194.6 288 0 12.4 9.1 10.0 2.5 2 0 4 3 3
626.7 -1042.7 -182.5 16 0 7.4 6.4 2.5 2.5 2 0 1 1 1
584.2 -688.4 -141.6 150 0 15.1 10.2 7.5 0.0 0 0 3 1 1
713.9 -758.9 -137.4 33 0 9.8 9.2 10.0 2.5 2 0 4 0 0
657.4 -619.7 -113.8 182 0 7.7 7.4 7.5 2.5 2 0 3 0 0
665.1 -509.5 -106.0 138 0 17.5 9.7 7.5 2.5 2 0 3 3 3
623.7 -405.9 -99.4 183 0 8.9 15.8 7.5 2.5 2 1 3 0 0
731.0 -171.6 -60.6 268 0 6.3 11.1 5.0 2.5 2 1 2 5 5
691.1 -374.5 -89.3 292 0 8.8 8.9 5.0 2.5 2 1 2 1 1
731.7 -222.2 -74.6 356 0 7.4 9.7 7.5 2.5 2 1 3 1 1
823.3 -446.7 -103.6 346 0 11.7 10.0 7.5 0.0 0 0 3 4 4
865.1 -1129.0 -193.8 155 0 8.8 7.0 5.0 2.5 2 0 2 5 5
967.7 -1291.4 -194.9 97 0 10.4 17.1 7.5 2.5 2 1 3 5 5
953.9 -1225.9 -189.6 211 0 8.2 23.1 15.0 0.0 0 1 6 2 2
982.0 -1116.8 -175.2 253 0 11.2 10.3 5.0 2.5 2 0 2 5 5
971.7 -1066.6 -172.4 55 0 6.5 28.5 7.5 2.5 2 1 3 5 5
991.7 -1063.6 -168.9 50 0 9.3 38.3 10.0 2.5 2 1 4 1 1
1003.2 -1053.9 -165.3 45 0 8.4 32.9 12.5 2.5 2 1 5 4 4
1007.3 -1039.3 -161.5 46 0 8.4 18.7 5.0 2.5 2 1 2 2 2
1002.5 -1007.2 -159.1 314 0 28.7 10.1 12.5 2.5 2 0 5 2 2
934.0 -993.5 -170.3 186 0 20.3 7.9 7.5 2.5 2 0 3 3 3
1082.4 -1075.6 -152.2 175 0 13.2 8.9 7.5 2.5 2 0 3 0 0
1092.8 -943.5 -119.4 53 0 9.0 13.7 10.0 2.5 2 1 4 5 5
1113.6 -923.6 -109.0 48 0 6.1 7.8 7.5 2.5 2 1 3 5 5
6563.6 -3653.8 471.4 279 0 26.9 59.0 10.0 2.5 2 1 4 1 1
6536.4 -3721.4 474.4 165 0 19.6 9.9 5.0 2.5 2 0 2 4 4
6699.7 -3610.4 464.1 90 0 7.4 26.9 10.0 2.5 2 1 4 2 2
6902.8 -3420.7 480.3 352 0 30.9 10.6 12.5 0.0 0 0 5 1 1
6906.4 -3420.8 484.0 170 0 9.5 32.4 10.0 2.5 2 1 4 4 4
6915.4 -3396.8 487.6 260 0 22.0 8.1 2.5 2.5 2 0 1 0 0
6909.8 -3303.4 486.4 4 0 10.3 26.7 12.5 2.5 2 1 5 2 2
950.9 -702.6 -156.3 329 0 6.8 7.0 5.0 2.5 2 1 2 0 0
929.5 -616.7 -149.1 195 0 8.6 8.4 7.5 2.5 2 0 3 1 1
979.8 -334.1 -87.8 95 0 8.6 13.1 7.5 2.5 2 1 3 1 1
1001.0 -226.3 -65.4 201 0 8.1 11.7 7.5 2.5 2 1 3 2 2
1131.1 -500.9 -119.5 322 0 7.2 12.1 7.5 2.5 2 1 3 1 1
1073.7 -581.8 -130.3 90 0 8.4 13.0 7.5 2.5 2 1 3 3 3
1248.4 -754.3 -76.7 240 0 8.1 15.9 5.0 0.0 0 1 2 5 5
1077.4 -1240.4 -187.9 81 0 13.2 9.3 7.5 2.5 2 0 3 3 3
1178.7 -1129.4 -149.4 195 0 10.2 7.4 7.5 2.5 2 0 3 5 5
1263.3 -977.9 -107.6 90 0 12.2 6.8 2.5 2.5 4 0 1 2 2
1245.7 -936.7 -97.1 90 0 12.4 9.5 7.5 2.5 2 0 3 3 3
1295.3 -966.6 -105.4 90 0 7.4 10.7 7.5 2.5 2 1 3 3 3
1313.6 -787.1 -67.6 302 0 9.9 10.2 5.0 2.5 2 1 2 4 4
1282.1 -619.3 -52.1 202 0 10.9 8.0 2.5 2.5 2 0 1 1 1
1400.4 -627.8 -27.2 83 0 10.0 12.4 2.5 2.5 2 1 1 3 3
1353.2 -478.3 -54.3 32 0 8.7 6.5 5.0 2.5 2 0 2 3 3
1359.5 -362.0 -78.8 229 0 11.8 7.3 5.0 2.5 4 0 2 4 4
1257.7 -207.6 -78.8 24 0 12.5 8.0 2.5 2.5 2 0 1 4 4
1319.0 -149.9 -67.1 357 0 12.3 7.8 7.5 2.5 4 0 3 2 2
204.1 4547.1 -336.5 57 0 15.3 8.1 7.5 2.5 2 0 3 5 5
242.4 4552.1 -325.7 278 0 9.9 9.6 7.5 0.0 0 0 3 1 1
235.0 4463.0 -300.5 226 0 10.9 12.1 7.5 2.5 2 1 3 0 0
304.3 4111.3 -221.5 108 0 13.0 8.6 7.5 2.5 2 0 3 4 4
310.9 4198.6 -243.4 69 0 11.3 8.5 5.0 2.5 2 0 2 0 0
62.2 4352.8 -323.8 301 0 6.0 8.2 10.0 2.5 2 1 4 0 0
94.6 4341.9 -321.4 272 0 12.8 8.3 10.0 2.5 2 0 4 0 0
166.2 4371.4 -316.9 39 0 8.5 15.4 5.0 2.5 2 1 2 4 4
114.2 4421.6 -331.3 175 0 13.4 8.3 7.5 2.5 2 0 3 0 0
-303.2 4641.0 -368.8 216 0 6.1 8.5 7.5 2.5 2 1 3 0 0
-265.3 4649.6 -363.8 250 0 10.2 7.5 5.0 2.5 2 0 2 2 2
-209.3 4626.7 -370.5 4 0 8.5 13.9 7.5 2.5 2 1 3 0 0
-178.8 4667.2 -356.9 171 0 6.6 9.7 10.0 2.5 2 1 4 2 2
-138.1 4682.8 -358.7 359 0 10.6 11.3 2.5 2.5 2 1 1 3 3
-483.5 4640.6 -379.0 208 0 7.9 9.9 7.5 2.5 2 1 3 3 3
-492.4 4556.0 -398.4 137 0 8.2 8.6 7.5 2.5 2 1 3 5 5
-513.6 4558.9 -400.9 128 0 8.9 16.8 7.5 2.5 2 1 3 4 4
-518.4 4594.2 -397.0 170 0 7.2 11.8 7.5 2.5 2 1 3 1 1
-525.6 4621.7 -394.7 248 0 7.3 10.3 7.5 2.5 2 1 3 0 0
-426.2 4646.4 -373.1 42 0 6.7 9.3 5.0 2.5 2 1 2 0 0
-352.9 4692.5 -355.0 11 0 11.1 22.6 10.0 2.5 2 1 4 2 2
-361.2 4635.4 -375.6 194 0 8.5 11.7 7.5 2.5 2 1 3 1 1
-534.8 4760.5 -363.8 6 0 6.3 9.9 5.0 0.0 0 1 2 5 5
-557.8 4794.9 -361.6 299 0 9.2 6.7 10.0 2.5 2 0 4 1 1
-519.0 4709.5 -369.4 165 0 8.2 8.6 7.5 2.5 4 1 3 3 3
-502.7 4694.0 -370.7 171 0 17.3 13.5 7.5 0.0 0 0 3 5 5
-496.2 4548.0 -400.4 124 0 9.1 6.3 5.0 2.5 2 0 2 2 2
-485.8 4596.2 -393.7 315 0 6.6 16.8 10.0 0.0 0 1 4 0 0
-958.5 5578.6 -205.1 265 0 8.4 8.0 7.5 2.5 2 0 3 2 2
-916.5 5513.5 -214.8 103 0 7.9 10.3 7.5 2.5 2 1 3 3 3
-882.5 5545.7 -210.9 288 0 8.2 6.5 2.5 2.5 2 0 1 5 5
-704.0 5380.1 -243.9 85 0 7.1 8.6 5.0 2.5 2 1 2 0 0
-557.8 5258.6 -253.2 42 0 7.7 6.8 2.5 2.5 2 0 1 2 2
-152.8 5164.2 -226.8 100 0 7.6 12.8 10.0 2.5 2 1 4 0 0
-979.9 4883.1 -388.0 2 0 8.7 10.2 10.0 2.5 2 1 4 0 0
-999.9 4968.3 -370.5 15 0 8.5 13.6 7.5 2.5 2 1 3 2 2
-1116.9 4812.6 -405.3 177 0 6.0 12.2 7.5 2.5 2 1 3 1 1
-1022.6 4753.9 -422.3 232 0 6.3 7.9 7.5 2.5 2 1 3 2 2
-957.8 4780.9 -411.3 100 0 11.4 12.9 5.0 2.5 2 1 2 3 3
-928.9 4791.2 -408.5 4 0 7.8 12.1 7.5 2.5 2 1 3 1 1
-1234.2 4937.3 -361.0 5 0 9.8 14.9 5.0 2.5 2 1 2 0 0
-1303.4 4675.2 -423.0 190 0 8.7 10.1 5.0 2.5 2 1 2 5 5
-1252.6 4683.6 -429.9 274 0 6.8 7.9 7.5 2.5 2 1 3 5 5
-1238.6 4753.4 -415.9 167 0 8.6 12.1 10.0 2.5 2 1 4 5 5
-1251.3 4775.6 -414.4 267 0 9.1 10.1 7.5 2.5 2 1 3 0 0
-1175.3 4743.9 -425.6 267 0 12.4 8.8 7.5 2.5 2 0 3 3 3
-1399.9 4798.7 -406.5 164 0 6.7 7.8 7.5 2.5 2 1 3 1 1
-1418.3 4981.4 -347.9 65 0 6.1 7.8 7.5 2.5 2 1 3 0 0
-1376.6 4922.0 -367.6 326 0 7.5 10.0 7.5 2.5 2 1 3 0 0
-1309.4 4905.7 -367.5 93 0 10.7 8.2 7.5 2.5 4 0 3 0 0
-1669.9 4890.4 -348.3 335 0 8.3 7.2 10.0 2.5 2 0 4 5 5
-1589.2 4777.5 -374.0 72 0 10.6 8.0 5.0 2.5 4 0 2 1 1
-1626.3 5005.3 -332.0 245 0 10.0 8.8 7.5 2.5 4 0 3 3 3
-1546.5 4616.1 -393.8 290 0 9.2 11.1 7.5 0.0 0 1 3 4 4
-1490.4 4666.3 -396.7 251 0 7.8 14.5 7.5 2.5 2 1 3 5 5
-1577.4 4662.5 -390.5 182 0 22.9 7.2 5.0 2.5 2 0 2 4 4
-1783.2 4559.8 -393.9 245 0 8.1 8.8 5.0 2.5 2 1 2 2 2
-1670.2 4527.7 -398.0 98 0 10.7 8.0 7.5 2.5 2 0 3 2 2
-1638.9 4523.2 -399.5 14 0 6.2 6.2 10.0 2.5 2 1 4 0 0
-1684.5 4592.4 -389.2 356 0 12.7 8.8 2.5 2.5 2 0 1 5 5
-1688.1 4603.3 -387.8 358 0 6.3 7.1 7.5 2.5 2 1 3 4 4
-1707.2 4661.8 -383.2 184 0 8.1 7.9 5.0 2.5 2 0 2 3 3
-1700.5 4690.5 -382.3 276 0 8.3 20.2 7.5 2.5 2 1 3 0 0
-1637.3 4395.2 -421.9 261 0 10.0 9.9 7.5 2.5 4 0 3 5 5
-1865.7 4482.9 -401.0 99 0 12.8 11.4 7.5 2.5 2 0 3 5 5
-1966.0 4711.3 -372.5 281 0 7.4 7.9 2.5 2.5 4 1 1 1 1
-1936.9 4720.9 -370.3 253 0 10.3 13.8 10.0 2.5 2 1 4 1 1
-1935.6 4842.6 -355.9 287 0 9.5 13.1 7.5 2.5 2 1 3 0 0
-1715.3 4194.5 -459.6 92 0 11.1 7.0 7.5 2.5 2 0 3 3 3
-1058.6 5051.1 -348.3 296 0 6.2 9.2 7.5 2.5 2 1 3 5 5
-2125.1 4877.3 -356.9 92 0 12.1 11.9 5.0 2.5 2 0 2 3 3
-2016.4 4624.6 -389.6 101 0 8.5 11.6 5.0 2.5 2 1 2 0 0
-2033.2 4631.8 -389.5 93 0 7.0 13.9 10.0 2.5 2 1 4 0 0
-2469.0 4254.0 -486.6 297 0 10.8 6.3 7.5 2.5 2 0 3 3 3
-2105.6 4515.1 -401.4 186 0 15.2 7.0 7.5 2.5 2 0 3 3 3
-2082.0 4492.1 -404.2 333 0 11.3 8.0 2.5 2.5 2 0 1 3 3
-2353.3 4019.1 -465.9 291 0 10.5 7.8 7.5 2.5 2 0 3 3 3
-2431.4 4055.8 -464.7 315 0 7.2 6.7 5.0 0.0 0 0 2 1 1
-2481.8 4216.5 -480.2 283 0 8.1 6.3 5.0 2.5 2 0 2 0 0
-2295.9 3950.8 -460.7 3 0 10.0 9.6 5.0 2.5 2 0 2 4 4
-2142.0 3921.0 -453.8 0 0 12.3 17.1 2.5 2.5 2 1 1 0 0
-2171.8 3973.7 -473.2 68 0 18.2 12.5 5.0 2.5 2 0 2 5 5
-2119.5 3955.7 -463.7 244 0 7.3 9.3 10.0 2.5 2 1 4 0 0
-1880.8 3989.6 -462.8 110 0 15.5 10.9 10.0 2.5 4 0 4 2 2
-1997.7 4007.7 -468.1 173 0 10.4 15.3 2.5 2.5 2 1 1 5 5
-668.8 3969.9 -380.1 289 0 13.1 8.2 5.0 2.5 2 0 2 2 2
-855.5 3875.0 -408.7 80 0 11.2 7.0 7.5 2.5 2 0 3 5 5
-1041.5 3811.6 -430.5 59 0 11.0 11.7 7.5 0.0 0 1 3 3 3
-848.8 4300.8 -387.8 72 0 9.7 17.1 2.5 2.5 2 1 1 1 1
-985.5 4253.1 -373.5 259 0 11.8 9.7 5.0 2.5 2 0 2 2 2
-800.8 4358.0 -394.6 221 0 8.0 9.5 2.5 2.5 2 1 1 0 0
-807.5 4295.1 -388.6 208 0 16.1 9.2 7.5 2.5 2 0 3 5 5
-725.3 4098.8 -371.0 133 0 9.6 9.6 2.5 2.5 4 0 1 2 2
-777.7 4126.6 -374.9 167 0 8.1 11.9 2.5 2.5 2 1 1 1 1
-670.1 4056.6 -366.2 187 0 8.3 16.9 5.0 2.5 2 1 2 1 1
-628.9 4049.9 -364.9 10 0 7.0 24.0 5.0 2.5 2 1 2 5 5
-629.4 4062.3 -367.1 22 0 8.1 33.4 12.5 2.5 2 1 5 3 3
-639.8 4076.3 -368.5 21 0 8.0 34.4 10.0 0.0 0 1 4 0 0
-679.8 4063.2 -367.1 87 0 7.3 7.4 5.0 2.5 2 1 2 5 5
-755.6 4027.7 -381.7 190 0 9.4 24.1 7.5 2.5 2 1 3 0 0
-657.7 4126.6 -374.2 120 0 14.3 8.9 5.0 2.5 2 0 2 4 4
-654.6 4143.4 -376.7 127 0 10.4 7.5 7.5 2.5 2 0 3 3 3
-685.7 4200.7 -385.5 233 0 9.9 8.8 7.5 2.5 2 0 3 4 4
-573.9 4060.2 -365.4 124 0 9.3 11.7 2.5 2.5 2 1 1 5 5
-587.8 4068.9 -366.6 122 0 13.9 9.8 10.0 2.5 2 0 4 3 3
-602.8 4019.4 -369.1 2 0 8.2 14.2 5.0 2.5 2 1 2 1 1
-664.2 4029.9 -370.5 195 0 10.2 20.8 7.5 2.5 2 1 3 5 5
-437.9 4079.2 -364.1 248 0 12.7 13.0 7.5 2.5 2 1 3 5 5
-442.7 4120.4 -369.7 98 0 11.3 14.6 2.5 2.5 2 1 1 0 0
-467.5 4109.0 -369.8 107 0 8.2 18.4 7.5 2.5 2 1 3 2 2
-484.1 4018.6 -358.6 227 0 14.8 11.1 7.5 2.5 2 0 3 2 2
-469.1 4027.6 -359.0 248 0 9.9 10.7 7.5 2.5 2 1 3 0 0
-484.6 4045.6 -363.3 47 0 9.8 8.5 10.0 2.5 2 0 4 4 4
-305.4 4332.5 -386.7 239 0 17.8 10.3 5.0 2.5 2 0 2 2 2
-311.9 4246.3 -373.1 47 0 11.0 10.6 7.5 0.0 0 0 3 3 3
-347.5 4246.3 -380.7 94 0 14.4 9.9 10.0 0.0 0 0 4 3 3
-379.3 4287.8 -389.5 268 0 18.2 12.1 5.0 2.5 2 0 2 4 4
-375.7 4221.0 -380.7 43 0 11.9 13.0 10.0 2.5 4 1 4 1 1
-395.3 4181.3 -375.7 0 0 15.9 8.4 7.5 2.5 2 0 3 2 2
-155.5 4407.1 -377.8 35 0 7.6 7.6 2.5 2.5 2 0 1 5 5
-172.1 4391.3 -377.1 39 0 8.5 8.7 2.5 2.5 2 1 1 2 2
-191.3 4363.3 -374.5 38 0 9.9 10.8 2.5 2.5 2 1 1 5 5
-248.5 4300.8 -372.4 45 0 7.6 8.4 10.0 2.5 4 1 4 4 4
-236.5 4378.8 -384.0 249 0 14.8 10.4 7.5 2.5 2 0 3 4 4
-75.4 4496.5 -376.7 250 0 10.2 7.8 7.5 2.5 2 0 3 1 1
-60.5 4439.5 -365.5 57 0 6.5 10.2 7.5 2.5 2 1 3 2 2
-114.5 4464.1 -376.3 237 0 12.3 10.5 7.5 0.0 0 0 3 5 5
-117.0 4410.3 -370.0 47 0 11.4 9.3 2.5 2.5 2 0 1 5 5
-384.5 4096.4 -363.0 216 0 10.8 6.3 7.5 2.5 2 0 3 2 2
-339.1 4120.3 -360.4 304 0 10.2 12.3 7.5 2.5 2 1 3 3 3
-359.8 4179.3 -371.1 241 0 9.3 16.2 7.5 2.5 2 1 3 1 1
-360.7 4205.6 -373.9 229 0 9.7 15.3 5.0 2.5 2 1 2 4 4
-219.4 4302.6 -363.2 232 0 8.3 10.3 7.5 2.5 2 1 3 3 3
-218.5 4324.6 -367.8 216 0 12.2 9.0 5.0 2.5 4 0 2 2 2
-154.4 4361.3 -360.0 225 0 10.2 9.3 2.5 2.5 2 0 1 3 3
-74.1 4412.1 -358.9 217 0 7.4 8.4 7.5 2.5 2 1 3 2 2
-62.6 4422.3 -359.7 242 0 12.7 8.2 5.0 0.0 0 0 2 2 2
-617.1 3886.8 -365.3 263 0 10.4 7.1 5.0 2.5 2 0 2 1 1
-369.6 3944.1 -339.7 113 0 8.5 6.4 5.0 2.5 2 0 2 5 5
-362.6 3969.6 -343.8 131 0 6.9 9.9 7.5 2.5 2 1 3 3 3
-350.1 3974.9 -342.3 56 0 9.6 8.3 7.5 2.5 2 0 3 5 5
-389.4 4016.7 -353.1 142 0 8.7 6.4 7.5 2.5 2 0 3 4 4
-403.8 4035.3 -357.0 159 0 8.6 11.2 7.5 2.5 2 1 3 3 3
-320.3 3993.2 -338.8 33 0 10.5 8.2 7.5 2.5 2 0 3 2 2
-314.3 4082.2 -352.2 21 0 17.4 11.6 7.5 0.0 0 0 3 3 3
-721.3 3461.5 -344.0 192 0 7.8 15.2 5.0 2.5 2 1 2 0 0
-2067.4 3960.3 -462.3 269 0 13.1 13.8 7.5 2.5 2 1 3 4 4
-2019.8 3940.3 -456.6 89 0 6.7 6.7 7.5 2.5 4 0 3 2 2
-1915.1 3945.5 -450.7 193 0 11.6 22.1 10.0 2.5 2 1 4 1 1
-1844.7 3924.0 -443.8 90 0 16.1 10.6 5.0 2.5 2 0 2 2 2
-1812.1 3921.7 -446.3 112 0 19.2 9.9 7.5 2.5 2 0 3 2 2
-1761.9 3930.9 -452.1 294 0 18.2 8.2 7.5 2.5 2 0 3 5 5
-1313.1 3798.0 -445.4 267 0 10.7 9.0 7.5 2.5 2 0 3 3 3
-1087.9 3788.3 -430.6 303 0 7.2 8.1 5.0 2.5 2 1 2 3 3
-1053.7 3782.2 -425.9 271 0 6.3 11.2 7.5 2.5 4 1 3 4 4
-900.8 3848.4 -408.3 265 0 8.6 7.8 5.0 2.5 2 0 2 5 5
-715.7 4436.8 -406.4 194 0 8.9 22.1 7.5 0.0 0 1 3 1 1
-635.8 4441.4 -413.2 34 0 16.5 31.9 12.5 2.5 2 1 5 0 0
-660.3 4406.6 -408.3 52 0 9.1 11.8 5.0 2.5 2 1 2 2 2
-599.5 4383.4 -410.6 167 0 8.9 11.9 10.0 2.5 2 1 4 4 4
-546.9 3394.9 -306.6 59 0 15.0 10.6 7.5 2.5 2 0 3 5 5
-559.2 3436.9 -311.5 274 0 10.7 11.1 7.5 2.5 2 1 3 1 1
-2091.9 3656.5 -361.4 302 0 14.9 11.2 7.5 2.5 2 0 3 4 4
-2309.1 3624.6 -367.1 66 0 9.7 9.6 7.5 2.5 4 0 3 2 2
-709.0 4638.4 -392.2 317 0 7.2 18.2 2.5 2.5 2 1 1 4 4
-733.5 4692.1 -384.4 180 0 14.4 8.1 7.5 2.5 2 0 3 5 5
-366.7 3065.0 -218.5 180 0 12.1 7.1 2.5 2.5 2 0 1 5 5
-700.6 2840.7 -190.0 330 0 9.0 7.1 2.5 2.5 2 0 1 1 1
-712.3 2618.1 -238.4 86 0 8.0 6.6 2.5 2.5 2 0 1 4 4
-514.0 2863.3 -192.5 355 0 13.9 8.3 7.5 2.5 2 0 3 1 1
-537.1 2791.3 -197.4 63 0 7.2 7.3 7.5 2.5 2 1 3 1 1
-882.7 2687.1 -253.6 265 0 8.2 8.1 7.5 2.5 2 0 3 5 5
-584.2 3136.8 -192.7 22 0 10.2 11.4 2.5 2.5 2 1 1 3 3
-609.6 2720.4 -202.9 58 0 10.4 6.9 2.5 2.5 2 0 1 0 0
-484.4 3142.7 -199.5 259 0 10.5 11.3 7.5 2.5 2 1 3 3 3
-505.9 3156.6 -201.4 127 0 8.4 7.7 5.0 2.5 2 0 2 0 0
-515.0 3024.7 -191.7 173 0 14.0 8.2 10.0 2.5 2 0 4 4 4
-415.0 2843.8 -231.5 162 0 13.0 6.4 7.5 2.5 2 0 3 4 4
-448.8 2852.0 -214.0 339 0 13.3 6.9 7.5 2.5 2 0 3 0 0
-495.4 2899.5 -198.1 195 0 13.3 6.9 2.5 2.5 2 0 1 4 4
-441.2 2943.5 -210.8 343 0 7.6 6.7 2.5 2.5 2 0 1 0 0
-444.3 2955.4 -209.4 342 0 13.1 8.2 10.0 2.5 2 0 4 4 4
-479.1 2936.6 -202.0 183 0 11.5 8.3 10.0 2.5 2 0 4 0 0
-416.5 3260.4 -241.3 234 0 7.3 12.4 2.5 2.5 2 1 1 2 2
-452.5 3171.9 -211.2 130 0 8.6 6.6 7.5 2.5 2 0 3 4 4
-461.0 3151.0 -204.9 129 0 7.2 6.2 7.5 2.5 2 0 3 5 5
-451.4 3270.2 -240.5 314 0 9.8 13.4 5.0 2.5 2 1 2 1 1
-365.4 3182.9 -232.7 303 0 14.2 6.6 7.5 2.5 4 0 3 5 5
-401.7 3031.7 -211.1 182 0 7.3 8.3 5.0 2.5 2 1 2 1 1
-277.7 3055.4 -239.8 20 0 8.8 8.2 5.0 2.5 2 0 2 5 5
-270.4 3202.0 -268.3 138 0 13.2 6.3 7.5 2.5 2 0 3 5 5
-330.6 3128.8 -229.1 1 0 12.3 7.6 7.5 2.5 2 0 3 2 2
-303.3 3193.8 -253.9 311 0 15.2 7.0 7.5 2.5 2 0 3 3 3
-381.8 3328.4 -267.3 233 0 6.6 10.6 10.0 2.5 2 1 4 0 0
-391.8 3357.6 -269.5 90 0 11.1 7.3 2.5 2.5 2 0 1 2 2
-426.0 3383.0 -273.7 301 0 12.7 6.3 5.0 2.5 2 0 2 5 5
-286.0 3001.7 -243.0 2 0 6.4 6.8 7.5 2.5 2 1 3 2 2
-276.3 2970.4 -255.4 222 0 11.8 7.6 10.0 2.5 4 0 4 4 4
-305.0 2975.9 -244.8 150 0 7.5 12.0 7.5 2.5 2 1 3 3 3
-93.1 3498.0 -274.7 64 0 8.4 10.9 7.5 2.5 2 1 3 4 4
-24.2 3773.6 -239.9 340 0 9.6 10.2 10.0 2.5 2 1 4 5 5
-27.9 3791.8 -234.9 341 0 8.1 16.2 10.0 2.5 2 1 4 3 3
-44.8 3713.4 -256.0 148 0 10.4 18.0 7.5 2.5 4 1 3 1 1
533.8 3813.4 -244.4 250 0 6.7 11.5 2.5 2.5 2 1 1 4 4
499.4 3831.4 -230.1 270 0 7.1 14.4 7.5 2.5 4 1 3 2 2
195.9 3992.3 -170.1 90 0 8.3 14.8 7.5 2.5 2 1 3 5 5
113.8 3998.6 -167.1 93 0 11.6 14.3 10.0 2.5 2 1 4 3 3
2593.8 4522.7 82.1 175 0 7.9 19.2 2.5 2.5 2 1 1 5 5
2583.8 4707.7 25.6 96 0 13.9 11.6 2.5 2.5 2 0 1 0 0
2491.8 4966.4 -49.5 87 0 12.1 9.2 5.0 2.5 2 0 2 1 1
2607.1 4996.8 -41.4 87 0 10.6 11.0 5.0 2.5 2 1 2 5 5
2711.8 4955.6 -43.8 77 0 7.0 6.9 7.5 2.5 2 0 3 5 5
2266.4 4395.1 19.3 43 0 7.8 10.0 2.5 2.5 2 1 1 3 3
2307.8 4418.0 27.1 27 0 13.3 11.6 7.5 2.5 2 0 3 1 1
2267.0 4499.7 -2.6 4 0 8.2 10.4 5.0 2.5 2 1 2 5 5
2379.2 4365.2 59.8 34 0 14.9 11.4 7.5 2.5 2 0 3 1 1
2421.0 4297.4 83.3 19 0 15.2 9.2 10.0 2.5 2 0 4 5 5
2414.9 4519.0 51.2 318 0 7.6 7.5 7.5 2.5 2 0 3 0 0
2451.4 4575.8 46.5 110 0 6.6 10.2 10.0 2.5 2 1 4 4 4
2230.2 4098.4 69.9 52 0 9.9 11.1 7.5 2.5 4 1 3 0 0
2287.3 4144.5 75.2 52 0 11.9 8.1 5.0 2.5 2 0 2 3 3
2266.2 4208.6 54.6 322 0 8.7 9.9 7.5 2.5 2 1 3 1 1
2356.7 4180.9 85.5 56 0 8.5 9.1 7.5 2.5 4 1 3 0 0
2175.6 4272.0 15.1 269 0 12.6 10.1 2.5 2.5 2 0 1 5 5
1931.9 4362.0 -57.4 0 0 8.1 11.1 5.0 2.5 2 1 2 2 2
2022.9 4346.1 -39.2 242 0 12.5 7.8 10.0 2.5 2 0 4 1 1
2032.3 4363.7 -42.4 92 0 12.6 9.1 7.5 2.5 2 0 3 3 3
2012.5 4390.6 -49.9 185 0 8.6 12.1 5.0 2.5 2 1 2 2 2
2030.5 4456.0 -59.4 196 0 11.5 8.5 7.5 0.0 0 0 3 1 1
2082.4 4445.9 -45.3 2 0 10.6 11.8 7.5 2.5 2 1 3 4 4
2121.2 4366.4 -17.3 99 0 11.6 12.7 2.5 2.5 2 1 1 5 5
2091.7 4222.9 6.2 290 0 8.8 6.6 2.5 2.5 2 0 1 0 0
1994.5 4151.0 14.7 96 0 10.4 8.0 7.5 2.5 2 0 3 1 1
1917.7 4237.0 -14.2 187 0 7.0 13.7 7.5 2.5 2 1 3 0 0
1710.7 4375.6 -86.3 94 0 14.4 9.2 10.0 2.5 2 0 4 0 0
1758.5 4300.4 -53.6 182 0 6.7 7.1 7.5 2.5 2 1 3 0 0
1766.1 4299.2 -52.3 185 0 8.8 7.8 2.5 2.5 2 0 1 2 2
1813.6 4387.0 -72.4 248 0 12.8 8.3 7.5 2.5 2 0 3 0 0
1862.8 4351.6 -56.9 168 0 8.6 12.6 2.5 2.5 2 1 1 1 1
2176.4 4627.1 -61.0 253 0 8.4 8.5 7.5 2.5 2 1 3 1 1
2078.4 4059.0 40.9 215 0 11.7 8.0 7.5 2.5 2 0 3 5 5
1639.7 4365.5 -90.0 77 0 11.1 9.5 7.5 0.0 0 0 3 0 0
1684.3 4496.0 -114.8 153 0 10.5 13.3 7.5 2.5 2 1 3 0 0
1752.9 4484.5 -102.4 306 0 16.9 8.1 7.5 2.5 2 0 3 2 2
1684.1 4419.2 -96.3 277 0 13.4 9.2 5.0 2.5 2 0 2 3 3
1586.4 3855.5 -15.4 85 0 8.0 13.4 7.5 2.5 4 1 3 0 0
1653.0 3915.2 -8.3 262 0 8.1 11.6 5.0 0.0 0 1 2 3 3
1557.2 3927.1 -14.5 338 0 6.0 10.3 5.0 2.5 2 1 2 2 2
1553.9 4142.9 -29.1 237 0 8.7 6.2 5.0 2.5 2 0 2 5 5
1605.5 4154.0 -24.4 266 0 9.6 7.0 7.5 2.5 2 0 3 3 3
1770.7 4117.9 7.5 356 0 8.2 11.0 7.5 2.5 2 1 3 0 0
1873.8 3647.1 -117.7 89 0 6.2 10.9 7.5 2.5 2 1 3 5 5
1912.4 3670.6 -116.3 270 0 10.6 13.3 7.5 2.5 2 1 3 4 4
1965.9 3651.7 -124.7 318 0 6.7 15.0 7.5 2.5 2 1 3 2 2
2022.8 3609.9 -142.5 79 0 7.1 13.6 7.5 2.5 4 1 3 2 2
1806.7 3897.9 -20.3 78 0 10.0 7.0 5.0 2.5 2 0 2 3 3
1640.9 5180.7 -55.4 237 0 10.0 6.3 7.5 2.5 2 0 3 2 2
1712.5 5144.4 -68.4 192 0 7.9 13.5 7.5 2.5 2 1 3 1 1
1671.9 4986.6 -75.9 195 0 7.8 6.6 5.0 2.5 2 0 2 2 2
1864.0 4570.7 -116.7 88 0 20.4 11.1 2.5 2.5 2 0 1 3 3
2238.8 4665.6 -53.3 15 0 7.0 8.2 7.5 2.5 2 1 3 4 4
2271.5 4680.2 -46.5 250 0 15.9 13.0 5.0 2.5 2 0 2 4 4
2396.9 4925.1 -49.4 221 0 10.9 10.4 2.5 2.5 2 0 1 3 3
2363.7 4915.9 -53.8 39 0 17.2 9.0 7.5 2.5 4 0 3 5 5
2348.4 4878.8 -56.3 179 0 11.3 12.1 7.5 2.5 2 1 3 4 4
1436.7 4533.8 -138.5 68 0 7.3 6.4 7.5 2.5 2 0 3 4 4
1419.7 4630.0 -104.9 264 0 10.4 9.3 5.0 2.5 2 0 2 0 0
1597.4 4639.5 -119.8 261 0 11.5 7.5 5.0 2.5 2 0 2 5 5
1232.4 4504.5 -116.7 293 0 12.6 10.5 5.0 2.5 2 0 2 3 3
1238.6 4475.2 -127.0 202 0 10.4 14.5 10.0 2.5 2 1 4 0 0
1257.5 4497.1 -119.6 266 0 14.9 8.8 10.0 2.5 2 0 4 3 3
1309.0 4448.0 -140.7 57 0 6.4 8.4 7.5 0.0 0 1 3 2 2
1273.5 4451.0 -134.7 168 0 8.5 14.9 5.0 2.5 2 1 2 2 2
1269.9 4520.4 -113.3 227 0 17.3 6.2 7.5 2.5 2 0 3 0 0
1298.2 4535.9 -112.2 227 0 9.6 6.6 7.5 2.5 2 0 3 2 2
1347.8 4471.7 -143.5 28 0 10.8 7.0 7.5 2.5 2 0 3 5 5
1369.0 4514.0 -138.1 325 0 9.8 11.0 7.5 2.5 2 1 3 3 3
999.8 4599.8 -122.3 315 0 8.5 6.4 2.5 2.5 2 0 1 3 3
973.0 4608.0 -126.2 294 0 9.9 8.4 7.5 2.5 2 0 3 4 4
965.5 4510.4 -151.5 124 0 8.8 16.7 7.5 2.5 4 1 3 0 0
1147.2 4415.8 -171.9 346 0 7.6 15.4 5.0 2.5 2 1 2 3 3
1131.8 4474.7 -152.9 2 0 7.6 17.9 7.5 2.5 2 1 3 5 5
934.3 4523.4 -146.0 87 0 14.6 8.9 5.0 2.5 2 0 2 4 4
962.3 4563.1 -135.3 111 0 11.3 8.0 7.5 0.0 0 0 3 4 4
874.3 4452.3 -172.6 80 0 6.5 9.2 5.0 0.0 0 1 2 2 2
896.3 4517.7 -146.8 63 0 23.1 8.5 5.0 2.5 2 0 2 5 5
929.9 4483.9 -165.9 275 0 9.7 8.6 7.5 2.5 4 0 3 3 3
810.2 4532.1 -144.1 338 0 14.9 9.7 7.5 2.5 2 0 3 0 0
808.8 4559.6 -141.8 68 0 12.4 8.9 7.5 2.5 2 0 3 3 3
832.0 4570.6 -140.7 66 0 19.2 8.2 5.0 2.5 2 0 2 0 0
856.9 4546.4 -141.3 61 0 16.4 9.6 5.0 2.5 2 0 2 3 3
887.1 4604.7 -135.5 57 0 32.8 8.4 12.5 2.5 2 0 5 0 0
753.0 4547.2 -152.5 51 0 8.1 8.7 7.5 2.5 2 1 3 3 3
804.6 4440.7 -174.3 262 0 8.7 8.1 5.0 0.0 0 0 2 2 2
708.8 4495.6 -156.2 237 0 9.5 8.4 7.5 2.5 2 0 3 4 4
722.1 4504.2 -156.7 243 0 13.7 9.1 5.0 2.5 2 0 2 0 0
735.4 4509.4 -157.2 246 0 11.3 7.8 2.5 2.5 2 0 1 0 0
749.6 4516.2 -157.2 245 0 13.6 7.6 7.5 2.5 2 0 3 1 1
687.5 4238.6 -224.5 162 0 8.6 9.6 2.5 2.5 2 1 1 5 5
600.8 4422.2 -162.8 243 0 11.8 8.7 7.5 2.5 2 0 3 5 5
674.1 4474.5 -156.7 246 0 7.0 13.6 10.0 2.5 2 1 4 5 5
479.0 4154.0 -204.4 245 0 9.7 7.2 5.0 2.5 4 0 2 0 0
475.1 4179.8 -199.5 180 0 8.8 6.0 2.5 2.5 2 0 1 3 3
478.1 4207.2 -195.7 175 0 11.9 7.3 10.0 2.5 2 0 4 3 3
513.1 4262.4 -185.0 225 0 6.4 8.9 5.0 2.5 2 1 2 5 5
507.6 4379.3 -175.6 220 0 8.8 10.5 7.5 2.5 2 1 3 2 2
551.1 4378.4 -170.8 348 0 10.2 20.8 5.0 2.5 2 1 2 1 1
572.5 4335.9 -168.8 176 0 11.6 9.4 2.5 2.5 2 0 1 4 4
573.7 4371.7 -164.2 178 0 8.0 13.4 2.5 2.5 2 1 1 3 3
625.5 4132.9 -234.5 146 0 8.1 14.5 5.0 2.5 2 1 2 0 0
587.7 4156.4 -218.5 138 0 8.5 13.9 5.0 2.5 4 1 2 2 2
2008.4 4064.1 39.7 86 0 14.1 8.5 7.5 2.5 2 0 3 2 2
1453.3 3765.3 -19.8 188 0 9.5 17.3 7.5 2.5 2 1 3 4 4
981.5 4276.7 -239.3 89 0 14.4 11.0 2.5 2.5 4 0 1 5 5
951.0 3670.1 -263.1 161 0 7.5 14.5 10.0 2.5 2 1 4 3 3
917.2 3590.9 -295.5 74 0 7.6 14.5 2.5 2.5 2 1 1 1 1
812.3 3837.1 -304.9 332 0 16.8 12.8 7.5 2.5 2 0 3 4 4
355.8 3999.0 -189.3 354 0 12.9 6.5 7.5 2.5 2 0 3 3 3
339.3 4016.2 -187.5 259 0 9.2 18.2 2.5 2.5 2 1 1 0 0
321.1 4084.3 -208.3 283 0 11.6 8.6 7.5 2.5 2 0 3 0 0
1715.9 3908.9 -7.0 336 0 9.6 15.8 5.0 0.0 0 1 2 5 5
3160.3 4742.2 10.1 30 0 6.3 9.8 5.0 2.5 2 1 2 1 1
3186.8 4765.6 -0.6 32 0 7.1 13.9 5.0 2.5 2 1 2 4 4
3088.3 4753.8 11.7 211 0 6.5 14.5 2.5 2.5 2 1 1 5 5
3068.0 4621.9 65.4 5 0 7.2 13.9 7.5 2.5 2 1 3 0 0
3122.1 4807.7 -10.0 279 0 9.3 7.7 7.5 2.5 2 0 3 4 4
3437.9 4781.8 -14.8 308 0 8.5 6.3 7.5 2.5 2 0 3 3 3
3379.7 4776.2 -10.7 113 0 7.5 13.5 5.0 2.5 2 1 2 0 0
3294.3 4816.0 -12.7 273 0 8.8 6.9 2.5 2.5 2 0 1 4 4
3248.1 4797.5 -10.9 100 0 10.6 13.0 7.5 2.5 2 1 3 1 1
3206.3 4811.2 -12.1 102 0 15.3 11.9 7.5 2.5 2 0 3 3 3
3518.9 4619.9 18.7 177 0 7.3 10.3 7.5 2.5 4 1 3 2 2
3624.9 4635.6 5.1 279 0 9.8 7.2 7.5 2.5 2 0 3 5 5
3536.5 4704.2 -10.8 103 0 10.6 10.9 7.5 2.5 2 1 3 4 4
3507.6 4724.2 -10.6 289 0 9.5 6.9 5.0 2.5 2 0 2 3 3
3438.4 4735.1 -8.3 131 0 6.4 8.1 7.5 2.5 2 1 3 4 4
3331.9 4722.3 7.4 196 0 6.8 6.1 5.0 2.5 2 0 2 5 5
3372.1 4726.2 1.6 284 0 7.0 12.7 5.0 2.5 2 1 2 5 5
3437.7 4700.0 0.4 304 0 10.9 6.6 10.0 2.5 2 0 4 0 0
3833.4 4633.1 -0.3 79 0 13.0 7.9 2.5 2.5 2 0 1 2 2
3616.1 4757.2 -17.2 185 0 10.8 13.7 5.0 2.5 2 1 2 4 4
3681.4 4765.7 -11.6 359 0 15.5 10.9 7.5 2.5 2 0 3 0 0
3192.2 4547.4 89.3 343 0 8.2 15.5 10.0 2.5 2 1 4 5 5
4311.2 4535.8 23.7 39 0 11.7 14.2 7.5 2.5 2 1 3 4 4
4201.9 4543.3 11.9 278 0 9.8 16.7 7.5 2.5 4 1 3 3 3
4228.6 4523.2 12.1 105 0 12.4 8.9 10.0 2.5 2 0 4 1 1
4142.7 4562.5 8.6 52 0 8.7 13.4 10.0 0.0 0 1 4 3 3
3971.8 4442.0 33.4 197 0 9.2 14.4 7.5 0.0 0 1 3 2 2
4077.4 4522.0 11.2 289 0 9.2 8.0 7.5 0.0 0 0 3 1 1
4077.2 4552.1 4.5 18 0 12.9 19.8 15.0 0.0 0 1 6 0 0
4348.1 4470.7 20.6 123 0 7.6 9.7 5.0 2.5 2 1 2 2 2
4274.4 4382.5 27.0 8 0 6.4 15.4 5.0 2.5 2 1 2 4 4
4259.4 4432.6 15.1 268 0 7.9 11.2 2.5 0.0 0 1 1 2 2
4215.9 4453.4 14.8 289 0 10.1 8.5 2.5 2.5 4 0 1 3 3
4625.5 4196.3 36.4 177 0 6.6 6.6 5.0 0.0 0 0 2 0 0
4690.5 4244.2 23.5 28 0 10.6 10.3 5.0 2.5 2 0 2 5 5
4682.3 4270.2 23.7 3 0 11.2 9.7 2.5 2.5 2 0 1 1 1
4620.2 4444.2 34.0 200 0 7.2 11.2 7.5 2.5 2 1 3 0 0
4086.4 4759.7 19.8 264 0 9.1 21.6 12.5 2.5 2 1 5 1 1
4123.7 4634.9 10.5 34 0 10.5 14.0 5.0 0.0 0 1 2 3 3
4135.7 4694.1 18.8 322 0 13.5 9.5 2.5 2.5 2 0 1 3 3
4680.0 4530.3 64.2 93 0 6.4 9.1 7.5 2.5 2 1 3 1 1
3903.8 4780.6 3.1 126 0 10.8 7.7 10.0 2.5 2 0 4 0 0
3984.2 4800.3 12.0 10 0 8.4 7.5 5.0 2.5 2 0 2 3 3
3931.3 4892.9 16.4 204 0 8.4 9.4 10.0 2.5 2 1 4 5 5
3920.9 4889.2 15.7 204 0 8.3 6.1 2.5 2.5 2 0 1 5 5
3804.0 4878.7 5.2 208 0 12.7 9.4 7.5 2.5 2 0 3 1 1
3827.7 4815.0 -0.9 84 0 6.0 12.0 5.0 2.5 2 1 2 3 3
3882.4 4826.1 5.7 212 0 8.9 13.3 2.5 2.5 2 1 1 0 0
4019.5 5050.7 50.6 292 0 14.7 11.9 5.0 2.5 2 0 2 2 2
3991.5 5003.6 43.9 171 0 9.3 11.6 10.0 2.5 2 1 4 1 1
3992.6 5080.9 50.8 270 0 14.2 8.7 2.5 0.0 0 0 1 1 1
3967.1 5071.8 46.3 337 0 9.5 10.1 2.5 2.5 2 1 1 2 2
3852.1 4998.7 22.4 108 0 8.0 10.6 2.5 2.5 2 1 1 5 5
4070.1 5061.3 62.1 266 0 6.9 9.6 7.5 2.5 2 1 3 4 4
4106.0 4985.7 66.3 344 0 10.8 10.9 7.5 2.5 4 1 3 3 3
4063.4 4989.8 54.7 84 0 8.8 12.2 2.5 2.5 2 1 1 1 1
4012.5 4911.5 33.9 157 0 11.2 9.7 2.5 2.5 2 0 1 5 5
4302.0 4865.9 135.9 49 0 7.7 13.1 5.0 2.5 2 1 2 3 3
4237.3 4942.1 119.6 180 0 6.4 6.5 7.5 2.5 4 1 3 5 5
4226.2 5026.7 119.1 248 0 8.2 11.4 7.5 2.5 2 1 3 0 0
4139.2 4939.8 72.0 327 0 12.6 10.3 7.5 0.0 0 0 3 0 0
4209.7 5085.8 112.2 138 0 8.6 17.2 2.5 2.5 2 1 1 1 1
4287.1 5017.4 144.4 1 0 6.3 9.9 7.5 2.5 2 1 3 1 1
4279.6 5031.0 142.4 271 0 13.7 8.8 7.5 2.5 2 0 3 1 1
4300.2 5084.6 153.3 209 0 13.6 11.4 2.5 2.5 2 0 1 5 5
4281.7 4977.7 144.1 1 0 11.8 7.1 7.5 2.5 2 0 3 4 4
4447.0 5323.4 188.0 68 0 6.8 19.1 5.0 0.0 0 1 2 4 4
4405.0 5342.2 175.0 270 0 9.7 6.2 10.0 2.5 4 0 4 0 0
4384.3 5186.6 166.7 296 0 10.6 12.6 2.5 2.5 2 1 1 3 3
4321.6 5245.4 144.1 302 0 8.1 12.8 7.5 2.5 4 1 3 3 3
4290.6 5273.0 136.9 221 0 8.1 11.1 7.5 2.5 2 1 3 2 2
4223.9 5351.4 109.8 117 0 9.9 8.6 7.5 2.5 2 0 3 5 5
4622.3 5574.0 253.1 295 0 9.9 18.6 7.5 2.5 2 1 3 3 3
4551.8 5541.7 240.2 202 0 16.7 12.7 5.0 2.5 2 0 2 0 0
4445.4 5403.0 195.2 162 0 11.5 11.1 5.0 2.5 2 0 2 5 5
4647.9 5604.1 243.9 132 0 9.1 7.7 2.5 2.5 2 0 1 4 4
4636.1 5601.9 248.7 285 0 7.7 14.6 5.0 2.5 2 1 2 5 5
4599.2 5609.2 247.1 292 0 15.4 6.5 5.0 2.5 2 0 2 2 2
4627.0 5599.3 249.0 2 0 14.4 10.0 10.0 2.5 2 0 4 5 5
4529.8 5619.0 230.1 176 0 7.6 12.1 7.5 2.5 2 1 3 4 4
4607.6 5674.8 247.3 269 0 10.6 6.9 10.0 2.5 2 0 4 0 0
3730.1 5552.7 101.2 69 0 8.2 7.6 7.5 2.5 2 0 3 3 3
3749.0 5597.2 108.7 322 0 8.7 14.9 7.5 2.5 2 1 3 3 3
3857.0 5939.6 186.4 25 0 14.4 11.3 7.5 2.5 2 0 3 0 0
3966.2 5806.6 188.8 57 0 14.1 14.3 7.5 2.5 2 1 3 2 2
4045.9 5689.1 193.3 10 0 15.2 8.2 5.0 2.5 2 0 2 3 3
4202.9 5639.1 180.2 63 0 14.3 7.9 7.5 2.5 2 0 3 4 4
4300.0 5508.0 141.1 84 0 9.7 17.7 7.5 2.5 2 1 3 5 5
3628.7 5395.3 74.4 97 0 10.4 15.5 2.5 2.5 2 1 1 3 3
3726.0 5483.6 80.4 194 0 8.4 6.5 10.0 2.5 2 0 4 0 0
3805.5 5115.5 28.7 251 0 8.5 12.3 2.5 0.0 0 1 1 0 0
3672.9 5196.2 38.5 226 0 6.1 14.8 5.0 2.5 2 1 2 0 0
3712.5 5233.7 38.1 357 0 8.6 11.5 2.5 2.5 2 1 1 2 2
3599.7 4951.0 -6.2 246 0 7.5 15.0 7.5 2.5 2 1 3 5 5
3636.8 4957.0 -1.5 86 0 9.9 8.8 5.0 2.5 2 0 2 2 2
3646.0 4984.8 3.5 242 0 10.5 7.4 7.5 2.5 2 0 3 3 3
3684.1 5032.4 18.6 157 0 8.2 7.4 10.0 2.5 2 0 4 3 3
3718.0 5075.2 26.1 138 0 7.1 9.5 5.0 2.5 2 1 2 4 4
3730.9 5025.0 13.7 68 0 8.4 10.6 7.5 2.5 2 1 3 1 1
3752.1 5048.0 16.6 4 0 11.4 11.7 7.5 2.5 2 1 3 1 1
3760.8 5067.7 21.6 41 0 14.8 10.0 7.5 0.0 0 0 3 0 0
3432.8 4968.1 -11.5 309 0 7.5 7.1 7.5 2.5 2 0 3 0 0
3501.0 4928.7 -12.5 102 0 10.8 8.0 7.5 2.5 2 0 3 1 1
3553.1 4928.9 -10.5 111 0 9.9 7.7 7.5 2.5 2 0 3 0 0
4711.5 4378.0 31.7 205 0 10.4 11.4 7.5 2.5 2 1 3 4 4
4084.2 3875.7 66.6 14 0 10.5 13.5 5.0 2.5 2 1 2 1 1
4070.5 3835.8 50.8 82 0 12.0 8.3 2.5 2.5 2 0 1 5 5
3921.8 3717.9 4.3 12 0 10.8 9.8 10.0 2.5 2 0 4 1 1
3932.1 5115.4 48.0 132 0 9.4 6.2 5.0 2.5 2 0 2 3 3
3963.0 5143.5 55.3 348 0 8.7 11.2 10.0 2.5 2 1 4 5 5
3955.6 5195.6 67.5 201 0 8.1 11.1 7.5 2.5 4 1 3 4 4
4041.2 5241.2 82.0 164 0 7.5 14.6 5.0 2.5 4 1 2 2 2
4178.9 5365.2 105.0 64 0 7.2 12.0 5.0 2.5 2 1 2 4 4
-3998.0 5905.2 -454.8 85 0 8.3 6.9 7.5 2.5 4 0 3 2 2
-4479.2 5184.1 -511.3 309 0 7.8 10.6 2.5 2.5 2 1 1 3 3
-4523.7 5282.0 -518.0 215 0 9.6 6.8 10.0 2.5 2 0 4 0 0
-4763.1 5325.2 -527.6 167 0 8.9 9.3 7.5 2.5 2 1 3 5 5
-4754.4 5359.5 -521.6 164 0 6.1 10.8 10.0 2.5 2 1 4 1 1
-4692.6 5289.0 -532.2 123 0 8.3 10.5 7.5 2.5 2 1 3 4 4
-4639.9 5305.0 -528.6 2 0 7.8 12.4 10.0 2.5 2 1 4 3 3
-4649.6 5381.2 -518.1 268 0 12.1 10.2 7.5 2.5 2 0 3 0 0
-4711.8 5383.2 -517.9 275 0 7.3 7.0 2.5 2.5 2 0 1 4 4
-3836.1 5715.5 -445.5 6 0 6.7 10.9 7.5 2.5 2 1 3 0 0
5755.6 1222.1 62.8 212 0 16.1 7.9 7.5 0.0 0 0 3 1 1
5796.7 1233.8 69.8 282 0 9.3 13.0 2.5 2.5 4 1 1 1 1
5854.6 1215.6 79.9 21 0 11.3 13.5 7.5 2.5 2 1 3 1 1
5800.1 1116.8 71.6 159 0 8.1 14.6 5.0 2.5 2 1 2 2 2
5724.3 1164.2 57.4 84 0 6.3 9.1 5.0 2.5 4 1 2 1 1
5429.8 1575.4 -2.8 111 0 10.0 10.5 7.5 2.5 2 1 3 5 5
6564.0 1613.9 391.0 147 0 8.2 8.6 10.0 2.5 2 1 4 5 5
1384.5 -1218.0 -141.4 241 0 9.1 11.7 5.0 2.5 2 1 2 3 3
1535.1 -1034.7 -80.3 251 0 8.1 9.5 2.5 2.5 2 1 1 0 0
1323.1 -912.0 -93.3 40 0 8.3 6.0 7.5 2.5 4 0 3 2 2
1426.5 -768.7 -49.9 328 0 11.3 14.1 10.0 2.5 2 1 4 0 0
1475.2 -722.8 -31.5 204 0 11.6 10.6 10.0 2.5 2 0 4 4 4
1539.1 -600.5 4.4 322 0 17.0 8.4 5.0 2.5 2 0 2 0 0
1556.6 -666.5 -4.7 32 0 11.1 15.3 5.0 2.5 2 1 2 0 0
1496.9 -542.8 3.8 254 0 10.3 13.1 5.0 2.5 2 1 2 4 4
1545.6 -508.5 16.6 252 0 8.3 14.6 7.5 2.5 2 1 3 5 5
6605.6 1628.5 386.2 13 0 8.6 10.9 7.5 2.5 2 1 3 2 2
6606.4 1640.1 383.1 15 0 9.4 6.7 5.0 2.5 2 0 2 4 4
6355.0 1119.4 256.8 357 0 11.5 8.8 7.5 2.5 2 0 3 4 4
1564.6 -1225.5 -116.9 149 0 7.9 14.6 5.0 2.5 2 1 2 0 0
1639.8 -1000.9 -56.8 289 0 17.7 10.0 5.0 2.5 2 0 2 2 2
1686.9 -1042.3 -62.9 15 0 11.6 14.7 7.5 2.5 2 1 3 1 1
1640.9 -1119.5 -91.7 54 0 11.4 17.1 5.0 0.0 0 1 2 2 2
1677.7 -897.6 -9.0 70 0 10.8 17.3 7.5 2.5 2 1 3 1 1
1681.3 -862.9 -5.2 322 0 20.9 8.9 10.0 2.5 2 0 4 3 3
1644.1 -856.6 -9.9 182 0 20.4 9.5 5.0 2.5 2 0 2 1 1
1650.6 -534.3 34.6 201 0 8.3 10.3 7.5 2.5 2 1 3 1 1
1685.4 -409.1 21.1 88 0 10.2 9.7 5.0 2.5 2 0 2 5 5
1696.0 -380.2 17.8 323 0 13.4 10.5 7.5 2.5 2 0 3 3 3
1718.1 -518.4 38.0 263 0 16.1 8.7 7.5 2.5 2 0 3 3 3
1567.6 -890.7 -38.7 217 0 7.6 7.7 7.5 2.5 2 1 3 3 3
1695.3 -768.8 10.6 77 0 9.2 14.7 5.0 2.5 2 1 2 1 1
1756.8 -732.2 22.8 352 0 9.5 11.9 5.0 2.5 2 1 2 0 0
1771.8 -745.9 20.7 348 0 15.9 12.2 2.5 0.0 0 0 1 1 1
1777.5 -887.8 -2.2 13 0 18.0 12.3 2.5 2.5 2 0 1 3 3
1746.1 -909.0 -5.3 163 0 9.5 12.5 5.0 2.5 2 1 2 4 4
1771.7 -982.0 -30.2 69 0 10.2 8.3 10.0 0.0 0 0 4 5 5
1770.8 -1120.3 -77.8 84 0 12.2 9.9 7.5 2.5 2 0 3 5 5
5872.8 1098.8 78.8 49 0 10.6 17.9 10.0 0.0 0 1 4 4 4
5915.8 1086.9 85.2 121 0 11.8 9.0 5.0 2.5 2 0 2 0 0
6035.0 1103.2 108.2 274 0 17.5 15.9 12.5 2.5 2 0 5 1 1
5918.5 1167.2 88.3 294 0 21.0 16.5 12.5 2.5 2 0 5 5 5
6073.2 1113.2 114.1 0 0 10.3 9.1 7.5 2.5 4 0 3 1 1
6066.7 1164.1 109.7 1 0 12.2 12.5 7.5 2.5 2 1 3 4 4
6043.8 1213.6 105.1 0 0 9.9 7.9 7.5 2.5 2 0 3 1 1
6016.8 1254.8 101.7 299 0 12.6 10.0 7.5 2.5 2 0 3 0 0
6093.4 1154.5 120.5 177 0 22.8 6.2 5.0 2.5 2 0 2 3 3
6081.7 1183.5 114.7 183 0 8.7 10.7 10.0 2.5 2 1 4 4 4
6057.0 1270.0 113.3 122 0 14.0 9.2 7.5 2.5 2 0 3 0 0
6088.4 1294.9 123.2 245 0 9.1 7.8 5.0 2.5 2 0 2 4 4
1558.8 -1090.1 -89.9 355 0 10.6 9.1 5.0 0.0 0 0 2 1 1
925.2 -1151.8 -185.0 19 0 9.9 12.6 7.5 0.0 0 1 3 1 1
666.3 -1149.5 -192.0 91 0 8.6 14.7 7.5 2.5 2 1 3 5 5
5278.8 -410.4 121.6 153 0 11.5 18.9 7.5 2.5 2 1 3 3 3
5236.5 -369.8 111.9 203 0 7.8 12.7 2.5 2.5 2 1 1 5 5
5316.8 -277.2 80.1 2 0 8.2 15.0 2.5 2.5 2 1 1 2 2
5302.0 -254.9 74.0 341 0 9.2 15.0 5.0 2.5 2 1 2 1 1
5188.6 -213.2 65.9 240 0 14.9 9.5 2.5 0.0 0 0 1 2 2
5079.6 -248.8 83.9 299 0 7.4 8.6 10.0 0.0 0 1 4 3 3
4998.3 -133.2 50.7 281 0 16.0 7.2 2.5 2.5 2 0 1 0 0
4966.3 -148.4 54.7 200 0 13.5 7.8 10.0 2.5 2 0 4 3 3
5050.4 -327.8 94.3 330 0 7.3 16.6 2.5 2.5 2 1 1 0 0
4982.4 -373.4 86.7 30 0 8.6 8.7 5.0 2.5 2 1 2 2 2
4929.4 -407.8 98.1 203 0 11.8 8.7 10.0 2.5 2 0 4 3 3
4826.2 -364.8 90.0 96 0 14.5 6.1 5.0 2.5 2 0 2 0 0
4613.8 -425.0 121.0 82 0 13.9 8.9 2.5 2.5 2 0 1 1 1
3822.1 -791.9 260.1 187 0 13.1 8.7 5.0 2.5 4 0 2 5 5
3841.6 -938.7 259.0 92 0 13.9 9.1 7.5 0.0 0 0 3 5 5
3671.5 -1035.3 264.3 163 0 13.0 47.1 10.0 2.5 2 1 4 2 2
3393.3 -1154.8 259.0 149 0 10.6 15.5 7.5 2.5 2 1 3 3 3
3482.3 -1270.8 244.2 97 0 18.7 8.0 2.5 2.5 2 0 1 3 3
3440.1 -1090.8 268.5 347 0 14.9 13.6 7.5 2.5 2 0 3 4 4
3379.5 -1316.4 212.4 25 0 7.4 10.0 10.0 0.0 0 1 4 1 1
4032.3 -1177.9 264.8 343 0 15.3 10.0 5.0 0.0 0 0 2 5 5
3725.9 -1144.1 257.0 4 0 10.3 21.3 5.0 2.5 2 1 2 1 1
6912.4 3563.1 -6.2 84 0 17.1 9.7 5.0 2.5 2 0 2 3 3
6913.2 3699.8 -6.3 284 0 9.8 11.0 7.5 2.5 2 1 3 4 4
6838.4 3702.6 3.1 357 0 11.0 6.8 7.5 2.5 2 0 3 4 4
6837.6 3739.9 1.2 354 0 9.3 8.6 5.0 0.0 0 0 2 3 3
6906.3 3882.7 -13.6 340 0 7.8 7.7 2.5 2.5 2 0 1 5 5
6637.2 3576.9 -84.0 172 0 8.1 17.4 5.0 0.0 0 1 2 5 5
6678.5 3677.7 -76.5 297 0 7.5 12.5 10.0 2.5 4 1 4 1 1
6719.2 3788.4 -58.0 259 0 8.0 13.4 5.0 2.5 2 1 2 1 1
6677.7 3760.5 -79.2 90 0 16.7 9.2 10.0 2.5 2 0 4 4 4
6659.7 3845.4 -90.8 80 0 10.9 14.8 2.5 2.5 4 1 1 4 4
3688.1 -1126.3 256.5 177 0 11.6 16.7 7.5 2.5 4 1 3 2 2
3688.7 -1159.3 254.5 89 0 7.8 10.5 7.5 2.5 2 1 3 3 3
3719.6 -1167.2 257.3 102 0 6.3 12.1 7.5 2.5 2 1 3 0 0
3733.4 -1056.8 263.0 358 0 9.6 10.2 7.5 2.5 2 1 3 3 3
4133.4 -171.4 214.6 202 0 19.2 13.9 12.5 2.5 4 0 5 4 4
4097.4 -211.4 226.8 177 0 9.2 8.9 7.5 2.5 2 0 3 0 0
4010.0 -291.9 248.2 273 0 9.1 14.3 7.5 2.5 2 1 3 3 3
4182.8 -286.1 209.3 302 0 7.7 8.9 2.5 0.0 0 1 1 0 0
4160.3 -300.2 214.9 127 0 17.0 6.0 5.0 2.5 4 0 2 4 4
3992.8 -317.9 254.3 19 0 11.8 8.5 2.5 0.0 0 0 1 0 0
3842.4 -419.2 271.9 191 0 10.2 13.1 10.0 2.5 2 1 4 5 5
3775.9 -494.2 276.8 140 0 8.6 10.8 5.0 2.5 2 1 2 1 1
3927.2 -361.6 267.9 260 0 9.5 11.2 5.0 2.5 2 1 2 5 5
3044.5 -599.7 314.0 80 0 11.5 8.4 7.5 2.5 4 0 3 0 0
3080.7 -498.6 297.7 170 0 14.2 10.6 5.0 2.5 2 0 2 2 2
3073.1 -571.7 311.4 0 0 12.2 13.1 2.5 2.5 2 1 1 2 2
3119.3 -473.0 301.6 277 0 6.8 10.2 7.5 2.5 4 1 3 3 3
6778.0 5746.0 -63.6 98 0 9.6 10.0 10.0 2.5 4 1 4 2 2
6821.7 5818.3 -58.7 356 0 10.3 6.5 7.5 2.5 2 0 3 3 3
3489.9 -296.1 286.7 221 0 22.1 9.3 2.5 2.5 2 0 1 5 5
3509.6 -275.5 284.3 245 0 11.1 7.2 7.5 2.5 2 0 3 2 2
6798.3 5542.9 -80.4 64 0 9.9 11.6 7.5 2.5 2 1 3 2 2
2996.6 -606.7 308.3 192 0 12.2 9.2 7.5 2.5 4 0 3 4 4
3339.7 -527.8 301.6 272 0 13.1 17.0 5.0 2.5 2 1 2 4 4
3317.2 -659.2 302.9 338 0 15.8 10.9 10.0 2.5 2 0 4 2 2
3244.6 -631.5 307.7 161 0 6.3 9.3 10.0 2.5 2 1 4 2 2
3350.6 -615.1 303.0 91 0 9.7 15.1 7.5 2.5 2 1 3 3 3
3355.3 -628.2 304.3 211 0 13.7 9.8 10.0 2.5 2 0 4 4 4
3350.4 -678.3 303.4 179 0 10.1 8.5 7.5 2.5 2 0 3 3 3
3375.1 -623.0 305.7 221 0 16.2 7.5 5.0 2.5 2 0 2 3 3
3246.9 -569.3 302.8 186 0 19.0 8.7 7.5 2.5 2 0 3 5 5
3510.2 -322.7 294.7 39 0 20.4 9.4 5.0 2.5 2 0 2 4 4
3560.4 -248.9 284.6 331 0 7.1 16.2 7.5 2.5 2 1 3 5 5
4021.2 -236.9 247.7 36 0 10.3 9.3 2.5 2.5 2 0 1 4 4
4068.9 -223.5 236.0 13 0 15.4 10.7 7.5 2.5 2 0 3 5 5
3631.4 -889.0 282.1 256 0 7.8 10.3 5.0 2.5 4 1 2 4 4
3639.5 -938.2 276.7 141 0 11.7 9.5 5.0 2.5 2 0 2 4 4
3902.3 -429.9 263.1 37 0 8.6 8.8 7.5 2.5 2 1 3 5 5
3882.7 -413.1 267.9 312 0 7.2 8.6 10.0 2.5 2 1 4 4 4
3633.0 -1234.3 247.4 29 0 8.4 7.6 2.5 2.5 2 0 1 1 1
3115.8 -1060.6 297.8 208 0 6.6 11.5 5.0 2.5 2 1 2 3 3
3209.3 -796.4 314.9 96 0 31.4 19.2 15.0 0.0 0 0 6 2 2
5068.5 -896.8 274.0 305 0 13.9 9.2 7.5 2.5 2 0 3 0 0
5046.5 -886.5 272.5 289 0 8.1 10.4 7.5 2.5 2 1 3 5 5
4968.9 -962.9 286.3 2 0 22.1 22.6 12.5 0.0 0 1 5 3 3
4928.8 -980.8 285.5 85 0 10.6 7.1 5.0 2.5 2 0 2 2 2
4938.6 -980.6 286.0 84 0 7.5 13.3 7.5 2.5 2 1 3 4 4
4929.0 -942.5 285.9 173 0 8.3 9.2 7.5 2.5 2 1 3 4 4
4949.1 -953.8 285.8 353 0 19.4 18.4 12.5 2.5 2 0 5 4 4
4985.9 -928.0 286.3 77 0 11.0 6.1 5.0 2.5 2 0 2 5 5
4992.2 -876.8 272.8 281 0 13.5 7.4 5.0 0.0 0 0 2 0 0
4915.3 -879.2 271.3 86 0 43.6 9.4 10.0 2.5 2 0 4 2 2
4870.4 -863.4 268.7 162 0 9.0 11.9 5.0 2.5 2 1 2 5 5
4996.1 -1029.6 278.9 256 0 6.8 25.1 7.5 2.5 2 1 3 2 2
5643.5 4874.1 82.7 222 0 12.7 10.9 2.5 0.0 0 0 1 2 2
5506.3 4950.6 53.9 76 0 12.7 21.6 12.5 2.5 2 1 5 2 2
5654.5 5045.7 102.9 140 0 14.2 11.6 5.0 2.5 2 0 2 4 4
5530.1 5079.6 63.7 15 0 11.7 11.8 10.0 2.5 2 1 4 4 4
5628.6 5197.5 100.4 39 0 9.3 16.2 5.0 2.5 2 1 2 1 1
5565.8 5291.0 106.5 350 0 14.2 12.3 5.0 2.5 2 0 2 2 2
5719.2 5309.4 138.2 69 0 12.5 15.5 7.5 2.5 4 1 3 2 2
5759.9 5347.2 135.3 267 0 7.3 10.1 7.5 2.5 4 1 3 1 1
5715.6 5416.3 148.4 19 0 10.2 16.6 7.5 2.5 2 1 3 4 4
5711.5 5381.9 145.2 19 0 10.1 12.8 7.5 2.5 2 1 3 1 1
5654.7 5461.4 149.4 297 0 9.1 13.2 7.5 2.5 2 1 3 2 2
5586.4 5426.7 148.6 86 0 12.0 8.6 10.0 2.5 2 0 4 2 2
5524.3 5475.6 145.2 263 0 9.6 17.4 7.5 2.5 2 1 3 1 1
5422.4 5453.9 131.8 35 0 9.0 9.0 5.0 2.5 2 0 2 2 2
5453.5 5658.8 79.3 52 0 12.1 11.3 5.0 2.5 4 0 2 4 4
6513.4 -81.0 197.5 346 0 12.1 12.2 7.5 2.5 2 1 3 5 5
6510.5 -70.1 198.8 343 0 10.4 7.7 10.0 2.5 2 0 4 3 3
6492.2 -43.1 195.7 335 0 17.9 8.7 7.5 0.0 0 0 3 2 2
6471.1 -29.7 192.2 327 0 9.8 7.3 2.5 2.5 2 0 1 2 2
6512.1 37.5 194.2 21 0 11.5 10.6 5.0 2.5 2 0 2 4 4
6517.0 67.1 191.5 6 0 14.3 9.3 5.0 2.5 2 0 2 3 3
6524.4 135.1 186.5 351 0 6.6 6.2 5.0 0.0 0 0 2 5 5
6540.4 -124.0 205.5 162 0 8.1 8.7 7.5 2.5 4 1 3 5 5
6537.4 -115.7 204.7 160 0 8.2 9.7 7.5 2.5 2 1 3 1 1
6528.4 -94.6 203.2 166 0 7.0 9.3 10.0 2.5 2 1 4 4 4
6554.5 -70.1 208.4 123 0 8.2 15.1 7.5 2.5 2 1 3 1 1
6524.7 -71.0 203.5 155 0 10.0 15.2 10.0 2.5 2 1 4 5 5
6518.4 -25.7 202.5 207 0 8.1 30.3 5.0 2.5 2 1 2 2 2
6500.4 -22.4 198.9 163 0 23.6 10.9 10.0 2.5 2 0 4 1 1
6597.8 -26.0 216.1 296 0 7.5 8.2 7.5 0.0 0 1 3 5 5
6581.9 280.2 183.0 167 0 12.2 8.1 5.0 2.5 2 0 2 5 5
6550.1 249.9 177.7 22 0 10.3 9.0 10.0 2.5 2 0 4 2 2
6554.6 263.2 176.7 24 0 8.5 13.1 5.0 2.5 2 1 2 5 5
6545.9 312.5 175.2 168 0 11.7 10.0 5.0 2.5 2 0 2 4 4
6477.1 229.4 169.8 251 0 9.4 10.9 7.5 2.5 2 1 3 4 4
6525.4 275.5 172.2 283 0 9.2 13.9 7.5 2.5 2 1 3 2 2
6295.8 238.8 144.6 241 0 6.2 8.6 5.0 2.5 2 1 2 1 1
6319.6 216.1 148.3 36 0 13.2 10.4 5.0 2.5 2 0 2 3 3
6306.7 291.3 143.3 317 0 7.9 10.2 5.0 2.5 2 1 2 4 4
6319.5 336.8 142.7 106 0 8.9 11.2 5.0 2.5 4 1 2 4 4
6283.7 274.8 139.5 11 0 9.5 8.4 7.5 2.5 2 0 3 1 1
6369.5 317.7 151.0 282 0 9.9 7.9 10.0 2.5 2 0 4 0 0
6410.3 265.8 156.5 29 0 10.9 16.6 10.0 2.5 4 1 4 5 5
1232.1 -1015.0 -115.1 321 0 8.9 14.4 5.0 2.5 2 1 2 5 5
1230.4 -1126.0 -146.0 267 0 12.7 19.3 5.0 2.5 2 1 2 2 2
1338.2 -1279.8 -158.0 4 0 9.1 10.6 7.5 0.0 0 1 3 5 5
1302.8 -1309.7 -170.3 238 0 10.7 16.8 10.0 2.5 2 1 4 1 1
1290.1 -1343.7 -176.5 121 0 8.2 13.4 10.0 2.5 2 1 4 1 1
1577.3 -936.8 -48.5 15 0 19.6 11.7 7.5 2.5 2 0 3 4 4
1545.3 -930.6 -51.2 105 0 8.9 12.4 5.0 2.5 2 1 2 5 5
1329.5 -927.3 -95.6 42 0 7.3 6.3 7.5 2.5 2 0 3 2 2
1464.5 -1298.5 -151.4 265 0 10.1 11.1 10.0 0.0 0 1 4 1 1
1501.6 -1348.5 -164.9 45 0 14.7 9.9 7.5 2.5 4 0 3 5 5
1434.1 -1213.6 -132.0 295 0 17.3 12.4 5.0 2.5 4 0 2 3 3
742.0 -1254.1 -208.4 87 0 11.4 6.6 2.5 0.0 0 0 1 2 2
1187.3 -562.4 -86.2 121 0 7.6 10.2 5.0 2.5 2 1 2 1 1
1179.2 -511.5 -102.6 327 0 7.6 16.9 2.5 2.5 4 1 1 3 3
1132.3 -555.7 -105.9 121 0 6.1 7.6 7.5 2.5 2 1 3 3 3
969.8 -1233.3 -189.2 184 0 22.2 9.3 10.0 2.5 2 0 4 5 5
983.7 -1217.1 -188.2 180 0 11.4 7.2 7.5 2.5 2 0 3 2 2
936.3 -1237.6 -191.8 4 0 12.5 13.6 2.5 2.5 2 1 1 4 4
959.0 -1180.4 -184.8 168 0 12.1 9.2 10.0 2.5 2 0 4 3 3
953.7 -1156.7 -182.2 159 0 12.5 7.9 5.0 2.5 2 0 2 4 4
1733.2 -1265.5 -115.5 222 0 8.4 11.3 7.5 0.0 0 1 3 2 2
1656.7 -1064.6 -77.4 228 0 9.9 14.0 7.5 2.5 2 1 3 1 1
1230.7 -227.7 -84.0 78 0 9.6 13.8 7.5 2.5 2 1 3 2 2
1281.3 -165.6 -65.4 187 0 7.0 11.1 10.0 2.5 2 1 4 4 4
1466.7 -177.7 -76.7 77 0 9.5 12.2 5.0 2.5 2 1 2 0 0
1653.4 -331.7 0.3 175 0 7.6 14.2 5.0 2.5 2 1 2 2 2
1744.4 -855.9 1.8 327 0 14.0 9.3 7.5 0.0 0 0 3 0 0
1314.1 -883.1 -89.2 31 0 19.7 17.7 10.0 2.5 2 0 4 3 3
1179.9 -886.2 -98.2 241 0 10.8 6.8 7.5 2.5 2 0 3 4 4
1047.1 -247.4 -83.6 289 0 14.4 11.9 7.5 2.5 2 0 3 3 3
859.7 -282.1 -77.6 59 0 8.1 11.4 7.5 2.5 2 1 3 0 0
642.5 -465.3 -105.3 204 0 6.8 8.6 7.5 2.5 2 1 3 0 0
1056.5 -1340.2 -195.0 54 0 9.4 10.4 7.5 2.5 2 1 3 1 1
904.4 -1073.8 -180.5 200 0 13.4 9.3 5.0 2.5 2 0 2 2 2
939.8 -1109.0 -176.2 10 0 7.2 6.9 7.5 2.5 2 0 3 3 3
980.8 -1084.3 -171.6 33 0 6.7 11.5 5.0 2.5 2 1 2 3 3
4983.2 -979.1 287.4 170 0 7.4 17.6 7.5 2.5 2 1 3 4 4
4291.8 -411.8 192.9 5 0 11.1 12.8 5.0 2.5 2 1 2 4 4
4297.5 -363.0 190.1 345 0 17.6 11.1 2.5 2.5 2 0 1 2 2
4419.5 -414.4 171.9 146 0 13.1 9.7 5.0 2.5 2 0 2 4 4
4389.4 -347.2 176.3 235 0 9.2 11.4 5.0 2.5 2 1 2 4 4
4699.7 -488.1 129.9 20 0 7.5 6.3 7.5 2.5 2 0 3 3 3
4742.6 -715.3 199.5 164 0 9.1 13.4 2.5 2.5 2 1 1 1 1
4785.2 -730.0 204.4 65 0 7.2 7.6 2.5 2.5 2 1 1 2 2
4819.7 -712.4 205.2 76 0 8.3 7.5 5.0 2.5 4 0 2 0 0
4838.3 -709.1 207.2 49 0 9.2 9.2 7.5 0.0 0 0 3 3 3
614.7 459.8 117.7 287 0 8.1 7.7 10.0 2.5 2 0 4 5 5
636.2 479.7 117.3 44 0 9.8 9.1 5.0 2.5 2 0 2 3 3
657.4 533.9 116.5 184 0 16.7 12.5 2.5 2.5 2 0 1 4 4
710.4 261.5 125.4 57 0 8.6 14.4 5.0 2.5 2 1 2 0 0
741.5 283.3 137.6 55 0 8.2 6.6 10.0 2.5 2 0 4 3 3
731.6 368.5 129.9 103 0 9.0 9.6 10.0 2.5 2 1 4 3 3
737.7 427.4 127.6 305 0 6.0 9.0 7.5 2.5 2 1 3 3 3
893.5 621.1 112.8 73 0 15.8 10.2 5.0 2.5 4 0 2 2 2
865.5 918.0 93.3 149 0 8.2 9.1 5.0 0.0 0 1 2 0 0
950.4 945.9 74.7 119 0 6.6 15.5 10.0 2.5 2 1 4 1 1
934.9 615.4 117.4 264 0 9.5 8.4 7.5 2.5 2 0 3 1 1
962.5 586.2 124.7 262 0 8.5 6.8 7.5 0.0 0 0 3 0 0
898.2 482.7 138.3 144 0 6.0 8.3 2.5 2.5 2 1 1 2 2
997.0 588.3 126.9 260 0 8.5 8.7 2.5 2.5 2 1 1 0 0
1018.7 556.0 134.7 345 0 6.1 8.3 7.5 2.5 4 1 3 0 0
1048.8 724.8 111.2 108 0 8.4 9.4 7.5 2.5 2 1 3 0 0
1040.1 222.2 80.0 137 0 11.7 9.6 7.5 2.5 2 0 3 2 2
1116.1 40.8 11.1 83 0 12.3 12.3 10.0 2.5 2 1 4 0 0
1103.8 644.7 121.1 63 0 8.0 8.0 7.5 0.0 0 0 3 4 4
1140.5 877.1 93.0 154 0 6.5 8.7 2.5 2.5 2 1 1 4 4
1171.6 91.5 18.5 145 0 9.6 9.4 10.0 2.5 4 0 4 2 2
1189.5 263.9 82.0 142 0 9.7 10.2 2.5 2.5 2 1 1 1 1
1196.2 357.2 117.4 105 0 9.9 9.8 10.0 2.5 2 0 4 0 0
1205.4 640.6 123.2 306 0 8.1 7.0 7.5 2.5 2 0 3 5 5
1181.5 955.2 77.2 187 0 6.2 9.9 10.0 2.5 2 1 4 5 5
1294.7 677.6 115.6 104 0 11.7 8.4 2.5 2.5 4 0 1 3 3
1314.8 332.7 94.5 91 0 9.7 8.2 7.5 2.5 2 0 3 1 1
1297.6 245.7 53.0 288 0 7.5 9.2 2.5 2.5 2 1 1 0 0
1367.0 579.6 136.5 156 0 6.1 11.8 5.0 2.5 2 1 2 5 5
1394.7 635.8 128.0 344 0 6.4 6.7 7.5 0.0 0 1 3 4 4
1326.8 957.0 86.5 115 0 8.0 12.7 7.5 0.0 0 1 3 0 0
1404.7 750.1 121.6 55 0 10.0 8.8 2.5 2.5 2 0 1 0 0
1419.2 783.3 121.2 221 0 12.5 7.0 2.5 2.5 2 0 1 0 0
1446.7 723.7 128.7 90 0 10.7 7.2 5.0 2.5 4 0 2 2 2
1409.3 427.0 128.5 333 0 8.1 9.1 2.5 2.5 2 1 1 4 4
1474.8 259.7 78.0 209 0 11.1 12.1 7.5 2.5 2 1 3 5 5
1425.6 85.5 23.7 119 0 7.2 11.5 2.5 2.5 2 1 1 2 2
1548.3 430.0 143.9 120 0 9.0 10.7 5.0 2.5 4 1 2 2 2
1529.9 805.7 121.3 87 0 11.2 13.4 5.0 2.5 2 1 2 3 3
1616.2 187.3 69.7 5 0 9.6 11.1 10.0 2.5 2 1 4 1 1
1677.8 -124.5 -16.0 109 0 7.4 10.0 7.5 2.5 2 1 3 1 1
1681.8 193.0 68.0 136 0 8.7 7.7 5.0 2.5 4 0 2 1 1
1731.4 128.3 37.0 92 0 14.5 13.5 5.0 2.5 2 0 2 4 4
5238.2 309.5 68.3 226 0 7.6 9.4 7.5 2.5 2 1 3 4 4
4592.5 347.7 3.9 301 0 6.6 13.0 2.5 2.5 2 1 1 4 4
4558.9 286.1 23.9 119 0 9.8 13.0 7.5 2.5 2 1 3 2 2
4628.2 354.4 -9.6 145 0 8.6 8.1 10.0 2.5 4 0 4 4 4
4552.2 400.6 -0.1 327 0 10.1 15.6 7.5 2.5 2 1 3 2 2
4510.7 337.4 20.6 125 0 13.9 9.7 7.5 0.0 0 0 3 1 1
4481.9 378.3 16.5 331 0 16.5 11.2 5.0 2.5 2 0 2 1 1
4485.4 406.3 12.5 119 0 16.6 6.2 5.0 2.5 2 0 2 0 0
4442.4 517.7 -0.4 277 0 13.9 11.9 10.0 0.0 0 0 4 4 4
4452.8 344.0 24.2 158 0 11.8 7.7 5.0 2.5 4 0 2 4 4
4474.0 270.4 40.7 193 0 10.7 16.6 5.0 2.5 2 1 2 2 2
4528.3 144.0 57.5 197 0 12.6 12.2 7.5 2.5 2 0 3 1 1
4637.1 165.8 29.9 319 0 21.8 9.5 5.0 2.5 4 0 2 1 1
4654.7 76.9 38.6 73 0 8.6 13.9 7.5 2.5 2 1 3 3 3
4560.9 165.4 49.7 317 0 10.1 8.6 5.0 2.5 2 0 2 1 1
4590.1 104.4 53.3 249 0 13.7 20.0 12.5 0.0 0 1 5 4 4
4560.5 78.4 60.9 210 0 7.9 9.6 7.5 2.5 2 1 3 4 4
4683.5 -16.3 35.7 67 0 9.7 14.9 2.5 2.5 2 1 1 0 0
6495.1 3674.6 -140.3 7 0 6.8 11.6 10.0 2.5 2 1 4 1 1
5001.5 -934.0 285.2 91 0 10.9 13.4 7.5 2.5 2 1 3 0 0
4607.4 -1273.2 158.3 58 0 9.3 13.6 5.0 2.5 2 1 2 4 4
5017.8 -947.1 283.7 142 0 6.9 22.2 10.0 2.5 2 1 4 5 5
5051.1 -950.2 280.8 114 0 13.6 13.3 5.0 2.5 2 0 2 4 4
4977.6 -872.3 269.8 12 0 13.8 30.5 10.0 2.5 2 1 4 2 2
4984.7 -838.7 253.9 13 0 31.6 38.8 12.5 0.0 0 1 5 3 3
6784.7 -483.5 286.4 71 0 13.3 9.3 10.0 2.5 2 0 4 0 0
4961.8 200.9 15.5 300 0 10.6 12.5 5.0 2.5 2 1 2 0 0
4931.8 231.2 11.4 292 0 9.0 13.3 5.0 2.5 2 1 2 1 1
4952.1 238.7 13.4 105 0 17.4 10.2 2.5 2.5 2 0 1 3 3
4939.5 262.3 13.8 109 0 13.5 15.2 7.5 2.5 2 1 3 1 1
4988.1 191.0 19.4 282 0 10.4 7.9 2.5 2.5 2 0 1 1 1
6242.1 247.8 133.1 99 0 7.2 9.3 7.5 0.0 0 1 3 3 3
6271.2 394.9 131.4 178 0 9.2 12.4 5.0 2.5 2 1 2 4 4
6286.1 843.0 125.7 291 0 16.1 14.0 7.5 2.5 4 0 3 1 1
6219.8 787.7 104.1 62 0 10.1 13.5 5.0 2.5 2 1 2 1 1
5912.9 980.2 70.8 73 0 8.2 13.0 7.5 2.5 2 1 3 1 1
5986.4 965.7 88.2 91 0 14.1 9.2 5.0 2.5 2 0 2 2 2
5959.1 876.2 74.1 159 0 10.9 10.2 10.0 2.5 4 0 4 0 0
5966.5 950.1 82.7 71 0 9.9 10.1 5.0 2.5 2 1 2 0 0
6015.7 1035.2 97.0 338 0 9.0 12.7 10.0 2.5 2 1 4 1 1
5967.0 951.0 82.5 73 0 11.9 16.1 2.5 2.5 2 1 1 5 5
5953.7 1011.4 82.7 155 0 24.9 19.4 12.5 2.5 4 0 5 2 2
5942.8 1067.6 87.5 136 0 20.3 17.9 7.5 0.0 0 0 3 3 3
6022.5 1042.5 95.7 337 0 19.3 26.5 12.5 2.5 2 1 5 4 4
6055.1 951.8 102.9 152 0 12.6 20.7 10.0 2.5 2 1 4 4 4
5708.3 413.1 45.4 93 0 10.0 14.8 7.5 2.5 2 1 3 3 3
5738.1 114.4 96.2 345 0 9.3 14.1 2.5 2.5 2 1 1 3 3
5772.9 159.1 85.6 94 0 7.7 8.3 10.0 2.5 2 1 4 1 1
5845.4 319.3 73.4 175 0 9.8 8.3 5.0 0.0 0 0 2 1 1
5508.6 853.8 -16.8 74 0 11.2 11.2 7.5 2.5 2 0 3 0 0
5858.7 291.7 77.4 82 0 9.1 11.5 5.0 2.5 2 1 2 0 0
6332.8 103.0 150.4 260 0 9.1 11.5 7.5 2.5 2 1 3 3 3
6328.7 66.5 151.1 78 0 9.2 10.3 7.5 2.5 2 1 3 5 5
6290.8 115.5 138.0 203 0 10.4 8.1 5.0 2.5 2 0 2 3 3
6353.6 110.4 157.0 253 0 8.7 11.6 7.5 2.5 2 1 3 3 3
6412.1 128.6 169.0 357 0 11.6 9.0 7.5 2.5 2 0 3 1 1
6252.2 -52.4 154.2 335 0 11.2 12.6 7.5 2.5 2 1 3 5 5
5397.1 2381.6 -29.6 199 0 13.9 17.5 2.5 2.5 4 1 1 3 3
5459.8 2424.0 -28.3 164 0 13.1 9.8 5.0 2.5 2 0 2 4 4
5450.3 2301.2 -29.6 181 0 8.0 20.5 2.5 2.5 2 1 1 3 3
5543.7 2526.7 -71.2 251 0 9.8 8.7 5.0 2.5 2 0 2 0 0
5603.8 2350.2 -2.8 313 0 12.5 9.1 2.5 2.5 2 0 1 4 4
5733.8 2376.3 14.2 171 0 10.9 7.7 7.5 2.5 2 0 3 2 2
5798.2 2379.0 15.5 72 0 10.8 10.6 5.0 2.5 2 0 2 1 1
5879.8 2322.0 12.7 337 0 12.4 9.6 7.5 2.5 2 0 3 5 5
5854.2 2357.4 10.8 247 0 7.2 12.3 5.0 0.0 0 1 2 3 3
5841.7 2293.6 12.6 161 0 10.4 8.5 10.0 2.5 2 0 4 3 3
5945.1 2345.8 14.2 101 0 18.9 11.0 2.5 2.5 2 0 1 4 4
6083.4 2416.0 -22.7 241 0 7.6 13.7 2.5 2.5 2 1 1 2 2
6235.2 2461.9 -19.1 214 0 16.7 13.4 5.0 2.5 2 0 2 2 2
6301.4 2452.7 -3.5 316 0 10.5 17.4 7.5 0.0 0 1 3 0 0
6395.7 2640.5 40.9 98 0 9.9 10.6 5.0 0.0 0 1 2 3 3
6400.3 2657.7 41.7 7 0 14.3 9.1 10.0 2.5 2 0 4 4 4
6362.7 2678.3 33.2 293 0 12.1 11.1 5.0 2.5 2 0 2 4 4
6414.9 2731.4 34.1 329 0 9.6 20.8 5.0 2.5 2 1 2 3 3
6349.4 2697.7 28.7 230 0 15.2 9.1 2.5 2.5 2 0 1 3 3
6360.5 2719.9 26.8 226 0 10.2 7.9 7.5 2.5 4 0 3 4 4
6353.8 2770.3 12.0 109 0 13.3 11.9 5.0 2.5 2 0 2 1 1
6363.8 2799.7 10.1 239 0 14.1 9.1 2.5 2.5 2 0 1 2 2
6348.7 2742.8 18.0 46 0 21.1 8.8 5.0 2.5 2 0 2 1 1
6270.8 2691.1 2.9 98 0 13.4 13.1 7.5 2.5 4 0 3 5 5
6278.4 2752.3 5.6 129 0 8.5 13.3 10.0 2.5 2 1 4 0 0
6253.4 2779.1 -6.5 193 0 11.8 11.6 5.0 2.5 2 0 2 4 4
6188.8 2837.0 -57.4 305 0 11.1 13.0 7.5 2.5 2 1 3 5 5
6082.4 2655.8 -77.1 269 0 10.8 11.0 2.5 2.5 2 1 1 5 5
6303.4 2573.9 5.7 147 0 11.0 11.4 7.5 2.5 2 1 3 3 3
6324.5 2624.6 19.0 162 0 12.8 13.4 5.0 2.5 4 1 2 1 1
6324.5 2639.6 20.1 175 0 12.6 11.7 7.5 2.5 2 0 3 3 3
6228.2 2302.3 0.9 170 0 10.5 16.3 5.0 2.5 4 1 2 1 1
6224.5 2396.1 -18.7 112 0 9.5 16.8 10.0 2.5 2 1 4 1 1
6417.8 2777.7 27.6 224 0 10.3 15.2 7.5 2.5 2 1 3 2 2
6574.7 2824.9 31.2 225 0 11.6 11.0 5.0 2.5 2 0 2 2 2
6557.8 2795.7 39.2 172 0 8.1 17.9 7.5 2.5 2 1 3 3 3
6572.0 3180.9 -19.2 215 0 13.4 13.3 7.5 2.5 4 0 3 2 2
6619.5 3195.8 -9.2 317 0 11.3 17.9 5.0 2.5 2 1 2 1 1
6472.1 3441.5 -126.4 58 0 10.4 9.7 5.0 0.0 0 0 2 5 5
5483.0 2788.2 -190.1 67 0 11.6 8.9 7.5 2.5 2 0 3 2 2
5560.5 2852.1 -181.0 294 0 10.0 8.9 5.0 2.5 2 0 2 1 1
5601.8 2837.9 -167.5 304 0 9.0 12.2 7.5 0.0 0 1 3 3 3
5518.4 2675.9 -148.1 102 0 10.4 10.7 5.0 2.5 2 1 2 4 4
5496.3 2598.1 -119.4 88 0 15.3 10.0 2.5 2.5 4 0 1 3 3
5460.5 2597.6 -122.7 50 0 11.4 8.4 7.5 2.5 2 0 3 0 0
5425.4 2653.5 -154.8 156 0 6.3 16.2 5.0 2.5 2 1 2 5 5
5424.3 2575.3 -117.4 86 0 14.2 7.1 5.0 2.5 2 0 2 4 4
6226.9 276.5 129.1 156 0 11.1 7.1 7.5 2.5 2 0 3 1 1
6230.9 313.1 128.4 137 0 8.5 8.4 7.5 2.5 2 0 3 5 5
6320.7 406.2 136.9 16 0 10.2 8.1 7.5 2.5 2 0 3 5 5
6306.9 382.8 137.2 325 0 7.4 10.9 7.5 0.0 0 1 3 0 0
6455.8 489.8 160.6 330 0 11.9 7.5 5.0 2.5 2 0 2 3 3
6480.1 501.4 164.2 191 0 10.0 18.7 5.0 2.5 2 1 2 5 5
5988.7 -84.0 155.0 359 0 12.4 9.7 2.5 0.0 0 0 1 0 0
5995.1 -125.8 166.1 43 0 8.3 8.2 7.5 2.5 2 0 3 3 3
5434.5 113.5 75.6 58 0 15.9 9.3 7.5 2.5 2 0 3 4 4
5516.6 169.4 79.9 115 0 15.0 9.3 5.0 2.5 2 0 2 2 2
5514.3 274.4 44.9 79 0 12.2 10.8 7.5 2.5 2 0 3 2 2
1615.5 1555.3 -11.2 189 0 8.8 14.4 5.0 2.5 2 1 2 3 3
1592.0 1475.0 0.8 205 0 15.6 8.2 5.0 2.5 4 0 2 0 0
1576.2 1615.0 -7.1 29 0 13.7 10.4 7.5 2.5 2 0 3 3 3
1628.5 1478.5 0.1 249 0 13.2 14.8 7.5 2.5 4 1 3 3 3
1679.3 1534.9 -15.3 116 0 14.5 9.8 5.0 2.5 2 0 2 5 5
1686.8 1577.1 -19.8 285 0 7.9 8.9 2.5 0.0 0 1 1 3 3
1652.4 1472.6 0.8 256 0 8.1 9.7 5.0 2.5 2 1 2 3 3
1761.0 1366.9 -18.4 11 0 12.6 8.8 2.5 2.5 2 0 1 0 0
1718.6 1499.9 -16.2 28 0 8.6 7.9 7.5 2.5 2 0 3 3 3
1869.2 1446.1 -18.9 13 0 13.5 8.7 5.0 2.5 2 0 2 2 2
5271.1 294.6 69.3 2 0 9.6 14.6 5.0 2.5 2 1 2 2 2
5260.3 325.4 70.4 268 0 14.2 12.0 10.0 2.5 2 0 4 1 1
6681.2 1761.8 357.3 245 0 39.3 12.8 12.5 2.5 2 0 5 2 2
6894.3 1778.3 364.4 29 0 10.7 12.7 7.5 0.0 0 1 3 2 2
6838.9 1800.4 359.9 196 0 6.5 9.1 5.0 2.5 2 1 2 2 2
6835.4 1818.3 356.1 179 0 8.4 9.4 10.0 2.5 2 1 4 3 3
6872.0 1819.5 356.0 1 0 11.7 20.8 5.0 2.5 2 1 2 1 1
6848.3 1850.3 348.8 271 0 18.3 9.9 5.0 2.5 2 0 2 1 1
2505.8 5666.4 44.4 103 0 18.1 12.4 2.5 2.5 2 0 1 1 1
-3167.0 2436.5 -370.9 349 0 7.4 18.6 10.0 2.5 2 1 4 4 4
2695.1 5721.2 49.4 351 0 8.9 48.9 10.0 0.0 0 1 4 5 5
2654.0 5744.9 56.1 270 0 12.7 11.7 5.0 2.5 2 0 2 4 4
2621.9 5716.6 53.9 167 0 7.4 22.9 7.5 2.5 2 1 3 4 4
2605.4 5712.0 52.0 238 0 12.7 7.9 10.0 2.5 4 0 4 4 4
1926.8 4946.3 -38.5 132 0 21.5 10.7 7.5 2.5 2 0 3 1 1
2500.1 5623.1 38.4 262 0 28.6 7.6 2.5 2.5 4 0 1 0 0
4039.2 6293.2 288.2 1 0 84.9 15.1 10.0 2.5 2 0 4 3 3
3932.7 6557.8 293.2 164 0 10.7 41.4 10.0 0.0 0 1 4 2 2
3979.0 6512.9 294.9 44 0 12.2 17.9 5.0 2.5 2 1 2 0 0
5986.7 6401.2 -62.4 53 0 8.4 17.5 5.0 2.5 2 1 2 1 1
6004.6 6528.0 -66.0 286 0 12.0 18.8 5.0 2.5 2 1 2 0 0
6028.9 6566.1 -63.9 42 0 26.4 8.4 5.0 2.5 2 0 2 5 5
4757.5 710.3 -34.2 7 0 10.7 8.7 7.5 2.5 2 0 3 1 1
4715.2 692.3 -48.9 94 0 9.2 19.4 7.5 0.0 0 1 3 0 0
4672.0 887.2 -71.4 197 0 9.4 16.7 5.0 0.0 0 1 2 4 4
4637.4 943.0 -78.0 181 0 16.8 21.5 10.0 2.5 2 1 4 5 5
4729.2 804.4 -49.4 300 0 9.2 15.8 2.5 2.5 2 1 1 4 4
4436.3 651.2 -23.1 32 0 13.2 8.9 7.5 2.5 2 0 3 0 0
4344.5 787.5 -45.0 90 0 9.8 12.2 10.0 2.5 2 1 4 2 2
4370.5 810.1 -46.9 4 0 16.3 17.9 12.5 2.5 2 1 5 0 0
4337.2 267.6 54.5 64 0 12.8 8.6 5.0 2.5 2 0 2 4 4
4262.5 381.0 20.4 247 0 12.4 7.8 10.0 0.0 0 0 4 2 2
4272.1 488.6 -6.1 104 0 9.4 10.7 7.5 2.5 2 1 3 3 3
4354.1 498.3 -3.5 90 0 16.0 18.0 12.5 2.5 2 1 5 1 1
4409.9 448.3 8.8 104 0 11.7 11.7 7.5 0.0 0 0 3 2 2
4406.7 657.5 -22.8 157 0 7.3 11.7 5.0 2.5 2 1 2 1 1
1793.9 -1320.2 -114.0 111 0 6.5 8.0 7.5 2.5 2 1 3 3 3
1788.0 -1291.9 -109.9 132 0 6.7 11.7 2.5 2.5 2 1 1 2 2
1784.2 -1250.5 -106.4 192 0 6.7 10.9 5.0 2.5 2 1 2 1 1
1960.3 -1248.3 -60.7 341 0 10.2 8.6 7.5 2.5 2 0 3 1 1
2009.2 -1316.3 -49.5 15 0 10.8 10.4 5.0 2.5 2 0 2 3 3
2005.0 -1130.1 -33.2 340 0 8.0 8.0 5.0 2.5 4 1 2 2 2
1966.3 -1138.7 -42.7 175 0 16.1 11.2 7.5 2.5 4 0 3 1 1
1944.8 -1064.2 -41.2 332 0 14.4 7.7 5.0 2.5 2 0 2 4 4
1974.0 -1044.4 -30.5 45 0 8.8 7.8 5.0 0.0 0 0 2 0 0
1904.7 -776.2 29.4 89 0 10.7 12.7 2.5 2.5 2 1 1 1 1
1922.0 -740.0 37.6 257 0 13.0 11.0 10.0 2.5 4 0 4 0 0
1962.3 -776.7 36.1 350 0 8.9 13.6 7.5 2.5 2 1 3 4 4
1911.3 -656.4 47.7 106 0 13.0 12.5 7.5 2.5 2 0 3 0 0
1935.6 -670.6 49.1 110 0 15.4 10.3 5.0 0.0 0 0 2 4 4
1972.1 -659.8 52.5 0 0 7.1 16.2 5.0 2.5 2 1 2 5 5
1970.8 -625.8 55.5 3 0 13.4 9.6 7.5 2.5 2 0 3 5 5
1939.1 -588.3 55.3 223 0 8.0 16.7 12.5 2.5 2 1 5 1 1
1992.0 -584.7 60.2 269 0 11.0 12.3 5.0 2.5 2 1 2 2 2
1967.4 -502.4 61.1 73 0 13.9 15.3 5.0 2.5 2 1 2 4 4
1987.3 -490.6 63.0 46 0 7.7 13.8 7.5 2.5 2 1 3 3 3
1983.3 -417.9 59.6 128 0 12.3 11.7 5.0 2.5 2 0 2 3 3
1947.1 -390.1 53.9 161 0 15.8 13.7 7.5 2.5 2 0 3 1 1
1998.2 -372.4 60.9 290 0 9.8 12.0 10.0 2.5 2 1 4 1 1
2036.7 -366.8 67.2 263 0 14.9 14.8 5.0 2.5 2 0 2 0 0
2016.9 -467.8 66.1 78 0 8.5 11.1 7.5 2.5 2 1 3 1 1
2089.5 -472.5 73.3 125 0 22.9 9.4 5.0 2.5 2 0 2 4 4
2104.9 -438.5 76.7 237 0 6.5 9.1 7.5 2.5 2 1 3 5 5
2091.5 -363.2 76.2 91 0 11.5 10.4 7.5 2.5 2 0 3 0 0
2068.7 -554.4 67.3 179 0 11.3 8.2 5.0 2.5 2 0 2 0 0
2150.7 -559.7 77.5 111 0 7.9 13.8 10.0 2.5 2 1 4 0 0
2207.0 -578.3 86.9 89 0 8.4 12.6 7.5 2.5 2 1 3 2 2
2082.4 -660.3 67.5 79 0 13.7 14.3 5.0 2.5 4 1 2 1 1
2147.7 -1321.8 2.4 89 0 7.9 15.2 7.5 2.5 2 1 3 4 4
2124.7 -1201.2 -4.7 164 0 9.8 10.1 5.0 2.5 2 1 2 0 0
2194.1 -1135.8 22.7 285 0 9.1 12.8 7.5 2.5 2 1 3 3 3
2231.0 -1255.9 39.2 96 0 10.2 18.1 10.0 2.5 2 1 4 4 4
2275.6 -725.0 89.8 107 0 10.3 21.3 5.0 2.5 2 1 2 2 2
2284.5 -666.2 97.0 248 0 10.9 14.6 7.5 2.5 2 1 3 5 5
2261.5 -520.3 103.0 174 0 13.6 13.0 5.0 2.5 2 0 2 1 1
2311.7 -521.0 112.8 56 0 8.9 22.8 10.0 2.5 2 1 4 1 1
2243.9 -453.4 99.4 244 0 9.7 19.3 10.0 2.5 2 1 4 4 4
2289.8 -443.5 111.0 272 0 10.7 11.7 2.5 2.5 2 1 1 1 1
2284.5 -545.3 104.2 39 0 12.1 15.6 2.5 2.5 2 1 1 1 1
2305.4 -650.2 101.8 244 0 13.1 15.0 7.5 2.5 2 1 3 0 0
2357.2 -789.5 113.9 150 0 8.2 19.9 10.0 2.5 2 1 4 2 2
2412.3 -836.2 133.0 1 0 19.5 11.8 5.0 2.5 2 0 2 1 1
2718.2 -799.8 282.5 54 0 8.0 11.2 2.5 2.5 2 1 1 2 2
2813.4 -635.1 300.1 271 0 13.8 9.5 7.5 2.5 2 0 3 4 4
2821.9 -815.7 288.8 256 0 11.4 18.0 2.5 2.5 2 1 1 0 0
2785.2 -845.5 276.7 229 0 10.3 14.5 7.5 2.5 4 1 3 4 4
2784.2 -892.8 267.3 159 0 8.9 9.6 5.0 2.5 2 1 2 4 4
2796.1 -1298.8 19.3 289 0 15.0 10.0 7.5 2.5 2 0 3 0 0
2620.9 -1336.3 21.5 64 0 17.0 12.2 7.5 2.5 2 0 3 3 3
2734.4 -1284.8 28.9 68 0 11.4 18.9 7.5 2.5 2 1 3 1 1
2788.3 -280.9 121.3 160 0 11.9 24.3 12.5 0.0 0 1 5 1 1
2794.0 -237.6 113.0 0 0 10.7 14.1 5.0 2.5 2 1 2 0 0
2749.0 -214.5 108.2 176 0 10.1 12.4 2.5 2.5 2 1 1 3 3
2754.6 -161.1 96.8 244 0 13.7 14.4 7.5 2.5 2 1 3 1 1
2831.0 -178.9 99.4 18 0 12.6 11.3 7.5 2.5 2 0 3 1 1
2836.1 -276.8 117.8 6 0 17.6 17.5 12.5 2.5 2 0 5 1 1
2975.6 -650.5 310.8 113 0 9.4 13.6 7.5 2.5 2 1 3 4 4
2951.5 -646.2 306.3 190 0 18.8 10.5 7.5 2.5 2 0 3 2 2
-4690.8 4982.1 -513.4 248 0 15.4 8.9 5.0 2.5 4 0 2 4 4
-4799.1 4926.6 -496.9 229 0 12.1 9.5 7.5 2.5 2 0 3 2 2
-4768.9 5165.6 -528.1 175 0 7.1 11.7 5.0 2.5 2 1 2 3 3
-4766.8 5002.3 -514.7 103 0 21.3 7.9 5.0 2.5 2 0 2 1 1
-4705.1 5052.7 -510.4 218 0 9.7 21.7 2.5 2.5 2 1 1 3 3
-4718.8 5130.8 -521.9 73 0 12.2 7.7 7.5 2.5 2 0 3 1 1
-4765.5 5080.0 -522.2 67 0 10.1 18.9 5.0 2.5 2 1 2 5 5
-4951.6 5001.1 -506.6 32 0 9.0 17.5 2.5 2.5 2 1 1 0 0
-4878.4 4996.9 -509.1 259 0 10.9 7.9 5.0 2.5 2 0 2 5 5
6032.3 -2760.9 464.0 84 0 15.6 23.9 12.5 2.5 2 1 5 1 1
6052.3 -2603.3 467.4 283 0 18.9 18.4 15.0 0.0 0 0 6 1 1
6018.5 -2912.3 472.6 87 0 16.2 20.0 12.5 2.5 2 1 5 5 5
6101.0 -2858.8 471.5 354 0 24.8 20.1 12.5 2.5 2 0 5 4 4
5998.1 -3157.9 422.4 173 0 30.7 23.9 7.5 0.0 0 0 3 0 0
6806.1 -2901.1 522.5 119 0 29.2 11.5 12.5 0.0 0 0 5 0 0
6796.9 -2869.0 522.8 204 0 8.6 40.6 10.0 2.5 2 1 4 3 3
6809.2 -2840.9 523.4 206 0 13.7 42.1 10.0 2.5 2 1 4 1 1
6906.5 -2965.9 510.1 359 0 47.1 35.8 12.5 0.0 0 0 5 0 0
6912.7 -2895.7 523.8 44 0 18.6 31.9 12.5 0.0 0 1 5 2 2
6782.4 -3109.6 493.0 120 0 13.2 31.1 12.5 2.5 2 1 5 3 3
