-6102.9 -5365.0 161.8 284 0 8.1 8.5 2.5 2.5 2 0 1 5 5
-6672.6 -4984.6 143.1 90 0 9.1 10.2 7.5 2.5 2 0 3 4 4
-6186.9 -5050.3 149.1 91 0 18.3 14.8 10.0 2.5 2 0 4 1 1
-6657.6 -4781.7 139.8 12 0 7.0 11.3 7.5 2.5 2 0 3 5 5
-6855.4 -4645.2 122.8 260 0 11.3 9.8 7.5 2.5 2 0 3 2 2
-6422.0 -5114.4 153.0 100 0 7.3 11.7 10.0 2.5 2 1 4 4 4
-6268.3 -5226.9 151.6 304 0 12.5 13.0 2.5 0.0 0 1 1 4 4
-6719.6 -4755.3 138.4 200 0 6.2 9.4 7.5 2.5 2 0 3 5 5
-6910.6 -4811.8 131.1 187 0 11.3 7.1 10.0 2.5 2 0 4 5 5
-6808.7 -4744.2 133.7 178 0 7.6 18.0 5.0 2.5 2 0 2 4 4
-6818.6 -4791.5 139.9 162 0 12.3 13.0 5.0 2.5 2 0 2 0 0
-6269.2 -4946.2 145.4 323 0 10.3 9.5 7.5 2.5 2 0 3 3 3
-6230.8 -5039.4 146.4 53 0 9.4 17.1 7.5 2.5 2 0 3 5 5
-6157.9 -5354.3 162.4 205 0 6.2 10.8 7.5 2.5 2 1 3 5 5
-6468.0 -4818.0 127.5 243 0 6.8 6.2 7.5 2.5 2 0 3 1 1
-6736.4 -4999.2 140.2 73 0 10.2 7.3 5.0 2.5 2 0 2 3 3
-5879.6 -5416.5 152.2 114 0 15.4 8.8 5.0 2.5 2 0 2 2 2
-5829.6 -5480.2 149.1 220 0 8.5 6.0 5.0 2.5 2 0 2 5 5
-6493.7 -4795.7 132.4 262 0 10.2 17.3 5.0 2.5 2 0 2 5 5
-6443.8 -5317.4 159.7 88 0 11.3 16.1 7.5 2.5 4 1 3 5 5
-6604.0 -4928.5 144.1 136 0 9.5 11.8 7.5 2.5 2 0 3 3 3
-6752.2 -4907.9 141.1 93 0 12.8 9.3 2.5 2.5 2 0 1 1 1
-6388.0 -5042.8 146.5 320 0 12.3 17.9 10.0 2.5 2 1 4 4 4
-5556.4 -5586.2 138.2 194 0 8.7 13.2 5.0 2.5 2 1 2 4 4
-6508.9 -4842.7 131.8 288 0 6.2 8.3 5.0 2.5 2 0 2 0 0
-5724.0 -5493.6 146.2 283 0 10.4 7.6 10.0 2.5 2 0 4 0 0
-6155.7 -5399.4 166.2 138 0 7.4 6.8 5.0 2.5 2 0 2 5 5
-6439.5 -4816.9 126.4 286 0 11.6 8.7 2.5 2.5 2 0 1 1 1
-5887.1 -5500.5 160.7 280 0 7.0 15.4 5.0 2.5 2 1 2 4 4
-6590.8 -4753.6 136.2 309 0 19.1 8.7 5.0 2.5 2 0 2 3 3
-6483.6 -5001.1 150.5 260 0 13.3 8.7 5.0 2.5 2 0 2 3 3
-6177.9 -5289.1 157.8 293 0 12.8 7.5 5.0 2.5 4 0 2 1 1
-6787.6 -4782.0 137.4 224 0 8.8 13.7 2.5 2.5 2 0 1 0 0
-6627.5 -4935.3 143.6 121 0 8.3 10.8 10.0 2.5 2 0 4 3 3
-6361.9 -4992.6 145.0 97 0 10.5 11.1 10.0 2.5 2 0 4 2 2
-6782.5 -5022.9 138.1 192 0 6.4 6.7 7.5 2.5 2 1 3 1 1
-5585.3 -5607.5 132.7 293 0 11.7 10.4 2.5 2.5 2 0 1 2 2
-6374.2 -4882.5 142.8 323 0 9.3 9.0 2.5 2.5 2 0 1 2 2
-5948.3 -5147.5 129.2 249 0 7.3 13.7 5.0 2.5 4 1 2 0 0
-6607.7 -4975.5 145.3 278 0 11.2 8.0 7.5 0.0 0 0 3 4 4
-5734.8 -5432.8 154.4 171 0 15.3 6.5 7.5 2.5 2 0 3 1 1
-6505.3 -4883.4 144.0 115 0 10.1 9.6 10.0 2.5 4 0 4 4 4
-6687.9 -4635.7 128.3 299 0 13.9 10.5 5.0 2.5 2 0 2 5 5
-6563.3 -4817.8 132.6 328 0 9.1 10.4 7.5 2.5 4 1 3 3 3
-6224.1 -4970.2 147.2 24 0 8.5 9.7 5.0 2.5 2 1 2 3 3
-6623.7 -4714.4 132.3 15 0 9.6 6.4 7.5 2.5 2 0 3 1 1
-6423.4 -5013.2 147.9 295 0 10.1 6.9 7.5 2.5 2 0 3 0 0
-6186.3 -5134.3 149.9 110 0 7.7 7.6 10.0 2.5 2 0 4 3 3
-6758.8 -4629.5 112.9 256 0 8.3 11.2 7.5 2.5 2 1 3 3 3
-6307.4 -5073.9 145.5 217 0 7.1 11.5 2.5 2.5 2 1 1 4 4
-6759.4 -4797.5 139.3 268 0 8.8 7.2 7.5 2.5 2 0 3 3 3
-6887.5 -4689.8 124.4 164 0 6.1 8.5 10.0 2.5 2 1 4 0 0
-6267.6 -4815.1 117.2 24 0 8.9 9.7 7.5 2.5 2 1 3 3 3
-6364.5 -5011.0 145.0 102 0 15.4 10.1 10.0 2.5 4 0 4 3 3
-6473.2 -4752.8 134.5 259 0 7.5 8.4 7.5 2.5 2 1 3 2 2
-5604.1 -5552.9 144.1 76 0 8.5 13.6 10.0 2.5 2 1 4 0 0
-6518.6 -4675.9 130.8 37 0 12.3 10.2 7.5 2.5 2 0 3 3 3
-6049.9 -5405.7 167.0 296 0 12.0 7.4 7.5 0.0 0 0 3 5 5
-6375.6 -4849.0 126.9 332 0 7.0 11.0 7.5 2.5 2 1 3 5 5
-6637.3 -4966.8 143.9 279 0 14.2 7.5 5.0 2.5 4 0 2 0 0
-6218.3 -5129.7 148.6 180 0 13.2 16.7 7.5 2.5 2 1 3 0 0
-6651.1 -4834.7 137.2 113 0 14.2 12.6 2.5 2.5 2 0 1 3 3
-5734.4 -5468.3 149.8 110 0 11.5 11.9 7.5 2.5 2 1 3 3 3
-6505.8 -4902.8 144.4 102 0 7.7 7.3 10.0 2.5 2 0 4 0 0
-6248.3 -5260.1 153.4 141 0 13.3 16.3 7.5 2.5 2 1 3 4 4
-6231.8 -5459.5 180.2 167 0 6.6 15.1 5.0 2.5 2 1 2 4 4
-6685.4 -4683.2 130.5 276 0 15.1 9.0 5.0 2.5 4 0 2 0 0
-6288.7 -4983.7 146.5 142 0 6.6 11.2 7.5 2.5 2 1 3 0 0
-6231.2 -4991.7 147.3 18 0 11.4 8.2 5.0 2.5 2 0 2 4 4
-6772.9 -4949.8 137.6 277 0 8.0 8.6 7.5 2.5 2 1 3 4 4
-6420.6 -4976.8 147.2 102 0 6.4 9.7 2.5 2.5 2 1 1 5 5
-5676.4 -5500.9 149.5 87 0 11.3 10.9 7.5 2.5 2 0 3 2 2
-6562.4 -4693.8 130.6 33 0 12.4 16.1 7.5 2.5 2 1 3 4 4
-6375.6 -5256.6 153.5 81 0 11.2 13.3 5.0 2.5 2 1 2 4 4
-5941.3 -5384.1 152.4 130 0 13.3 7.2 10.0 0.0 0 0 4 1 1
-5835.1 -5457.2 151.1 26 0 8.5 9.1 5.0 2.5 2 1 2 5 5
-6515.5 -4956.8 145.4 105 0 8.2 10.2 7.5 2.5 2 1 3 5 5
-5720.4 -5374.9 156.5 8 0 12.6 7.6 2.5 2.5 2 0 1 3 3
-6516.9 -4757.3 135.6 211 0 7.3 11.0 2.5 2.5 2 1 1 2 2
-6839.1 -6460.3 237.5 17 0 9.8 15.4 5.0 0.0 0 1 2 2 2
-5820.0 -6827.2 198.0 9 0 8.0 7.8 7.5 2.5 2 0 3 0 0
-5801.7 -5650.7 125.0 293 0 9.5 13.2 7.5 2.5 2 1 3 1 1
-5671.2 -4873.7 99.3 122 0 8.1 9.2 7.5 2.5 2 1 3 3 3
-6132.0 -5749.4 153.1 17 0 6.9 7.8 5.0 2.5 2 1 2 2 2
-6731.1 -6642.2 262.7 174 0 17.5 8.4 5.0 2.5 2 0 2 4 4
-6397.2 -6660.8 203.5 17 0 9.1 9.2 7.5 2.5 2 1 3 4 4
-6889.4 -6743.7 290.3 168 0 9.1 8.5 2.5 2.5 2 0 1 4 4
-6703.6 -6714.2 262.5 193 0 6.5 11.7 7.5 2.5 2 1 3 3 3
-6860.4 -6323.1 214.9 0 0 7.0 11.1 5.0 0.0 0 1 2 5 5
-5663.3 -5018.4 115.3 73 0 13.3 9.9 7.5 2.5 2 0 3 5 5
-6022.3 -5824.0 126.8 38 0 11.7 11.0 7.5 2.5 2 0 3 2 2
-6147.9 -5781.1 151.5 2 0 15.8 9.8 5.0 2.5 2 0 2 5 5
-6731.8 -6603.1 259.2 213 0 9.5 10.9 7.5 2.5 2 1 3 3 3
-6468.6 -6641.1 211.6 153 0 8.8 10.1 2.5 2.5 2 1 1 0 0
-6854.8 -6026.7 204.7 215 0 6.8 8.0 5.0 0.0 0 1 2 0 0
-5724.5 -4936.9 108.3 112 0 11.6 7.4 7.5 2.5 2 0 3 5 5
-5537.4 -4958.0 118.9 7 0 9.6 8.6 10.0 2.5 2 0 4 1 1
-6055.9 -5795.5 133.7 83 0 10.9 11.5 2.5 2.5 4 1 1 0 0
-5966.6 -6855.6 205.7 90 0 7.8 11.2 5.0 2.5 2 1 2 2 2
-5894.7 -6891.8 212.1 87 0 13.7 11.4 7.5 2.5 2 0 3 2 2
-6830.3 -6876.4 294.6 289 0 9.0 8.4 5.0 2.5 2 0 2 5 5
-5766.9 -6629.3 175.9 26 0 12.8 10.4 7.5 2.5 4 0 3 2 2
-5939.6 -5674.1 132.2 134 0 12.3 8.5 10.0 2.5 2 0 4 4 4
-6307.7 -6860.0 210.9 188 0 7.0 14.5 5.0 2.5 2 1 2 4 4
-5809.2 -6744.4 185.8 21 0 13.0 11.8 7.5 0.0 0 0 3 2 2
-6779.0 -6205.3 192.0 206 0 7.0 15.9 7.5 2.5 2 1 3 5 5
-6203.6 -5763.2 159.5 99 0 7.1 8.3 7.5 2.5 2 1 3 0 0
-6110.0 -5755.1 145.1 210 0 14.3 15.6 2.5 2.5 2 1 1 0 0
-6426.9 -6682.9 211.9 208 0 9.4 9.9 7.5 2.5 2 1 3 1 1
-5876.8 -6639.7 178.5 152 0 6.0 10.7 7.5 2.5 2 1 3 3 3
-5377.6 -4936.3 115.5 74 0 13.3 8.1 5.0 2.5 2 0 2 1 1
-6322.2 -6878.5 214.1 166 0 8.3 9.4 7.5 2.5 2 1 3 5 5
-6238.8 -5735.6 165.2 192 0 8.8 10.7 7.5 2.5 2 1 3 5 5
-6126.3 -5800.3 140.7 208 0 16.8 11.8 7.5 2.5 4 0 3 5 5
-6253.5 -6845.9 205.9 303 0 16.8 12.3 7.5 2.5 4 0 3 3 3
-5650.0 -6886.5 197.0 77 0 10.4 6.3 7.5 0.0 0 0 3 0 0
-6155.2 -6892.9 219.5 88 0 7.9 7.0 5.0 2.5 2 0 2 2 2
-6450.1 -5818.0 167.0 119 0 8.7 16.9 2.5 2.5 2 1 1 4 4
-5900.5 -5577.0 152.5 20 0 9.9 10.8 7.5 2.5 2 1 3 1 1
-6536.3 -6675.8 231.8 92 0 7.2 8.2 10.0 2.5 2 1 4 1 1
-5957.8 -5643.3 141.3 256 0 9.8 8.1 7.5 2.5 2 0 3 0 0
-5733.4 -5039.2 112.0 42 0 14.6 8.9 7.5 2.5 2 0 3 3 3
-5873.7 -5661.7 128.2 120 0 8.4 12.5 2.5 2.5 2 1 1 1 1
-6461.5 -5928.3 165.1 92 0 8.8 8.6 10.0 2.5 4 0 4 3 3
-6774.4 -6814.0 279.2 5 0 10.7 14.1 2.5 2.5 2 1 1 1 1
-6523.0 -5784.1 180.2 202 0 16.7 9.7 7.5 2.5 2 0 3 5 5
-6817.4 -6208.6 195.5 291 0 12.9 7.8 5.0 2.5 2 0 2 2 2
-5576.3 -4961.2 116.3 114 0 12.0 12.2 7.5 2.5 2 1 3 0 0
-6436.8 -6617.7 204.1 241 0 7.7 10.6 5.0 2.5 2 1 2 3 3
-5925.5 -5612.9 145.8 253 0 9.2 10.3 10.0 2.5 2 1 4 0 0
-6247.7 -6880.7 209.6 93 0 6.6 11.9 7.5 2.5 2 1 3 5 5
-6700.4 -6659.3 259.9 5 0 6.2 8.2 7.5 0.0 0 1 3 5 5
-2181.7 -5977.7 126.5 113 0 11.2 13.8 7.5 2.5 2 1 3 4 4
-3831.2 -5507.3 100.2 290 0 15.7 9.3 7.5 2.5 2 0 3 0 0
-1450.6 -6549.3 199.3 261 0 16.7 9.0 5.0 2.5 4 0 2 3 3
-4981.0 -6075.0 100.2 68 0 16.2 8.6 5.0 2.5 2 0 2 3 3
-4104.7 -5428.8 117.6 58 0 6.4 13.0 2.5 2.5 2 1 1 5 5
-4171.7 -5385.3 117.0 328 0 10.0 6.6 7.5 2.5 2 0 3 4 4
-3857.7 -6665.3 173.2 358 0 9.4 7.9 7.5 2.5 2 0 3 4 4
-4909.4 -5429.5 108.9 120 0 9.4 7.5 7.5 2.5 4 0 3 1 1
-3677.3 -5604.5 99.0 159 0 12.1 9.7 2.5 2.5 4 0 1 3 3
-4575.9 -6264.2 95.6 116 0 8.5 14.8 7.5 2.5 2 1 3 0 0
-4849.1 -6627.8 107.3 238 0 12.6 9.1 10.0 2.5 2 0 4 4 4
-5357.6 -5708.9 124.5 46 0 6.4 10.2 5.0 0.0 0 1 2 5 5
-4675.7 -4996.3 92.5 312 0 10.3 11.1 7.5 2.5 4 1 3 0 0
-2758.1 -6125.4 123.7 93 0 12.0 10.1 7.5 2.5 2 0 3 4 4
-733.9 -6597.6 330.9 245 0 18.8 20.0 14.0 3.5 2 1 4 3 3
-758.9 -6518.0 316.2 215 0 13.3 12.9 14.0 0.0 0 0 4 4 4
-1189.4 -6410.4 200.8 275 0 8.4 9.4 10.5 3.5 2 1 3 3 3
-3586.2 -5878.1 120.7 88 0 14.5 9.4 2.5 2.5 2 0 1 4 4
-4369.8 -5411.4 113.3 60 0 9.4 7.5 5.0 2.5 2 0 2 1 1
-3430.9 -5991.3 120.8 89 0 7.1 12.9 7.5 2.5 4 1 3 5 5
-3433.1 -5911.9 110.6 0 0 6.9 13.4 5.0 2.5 2 1 2 4 4
-4240.7 -6212.0 112.0 339 0 9.2 10.8 2.5 2.5 2 1 1 1 1
-4869.6 -4472.0 114.3 81 0 9.1 7.2 7.5 0.0 0 0 3 5 5
-4739.9 -4478.0 106.0 90 0 7.9 11.8 7.5 2.5 2 1 3 1 1
-4582.1 -5574.0 106.9 353 0 13.6 6.6 5.0 2.5 2 0 2 0 0
-2576.5 -6022.5 123.8 102 0 7.2 7.9 7.5 2.5 2 1 3 3 3
-5066.0 -6056.5 104.5 352 0 7.4 13.5 2.5 2.5 4 1 1 5 5
-4546.6 -5007.1 91.0 78 0 7.4 10.4 5.0 2.5 2 1 2 4 4
-2218.7 -5875.9 138.0 286 0 10.0 8.8 7.5 2.5 2 0 3 4 4
-3283.0 -5964.4 117.7 218 0 11.6 6.7 5.0 2.5 2 0 2 2 2
-4515.5 -5729.9 117.0 140 0 7.2 12.9 10.0 2.5 2 1 4 4 4
-5383.3 -5811.8 113.5 263 0 9.1 9.8 7.5 2.5 4 1 3 3 3
-4981.8 -6172.0 111.6 59 0 7.2 43.4 10.0 0.0 0 1 4 3 3
-725.1 -6856.0 373.3 81 0 17.1 10.7 14.0 3.5 4 0 4 4 4
-4687.0 -5347.9 102.2 336 0 8.5 11.4 5.0 2.5 4 1 2 5 5
-2178.7 -6102.9 132.7 130 0 14.8 7.6 5.0 0.0 0 0 2 1 1
-1281.5 -6462.2 195.3 71 0 12.5 9.7 10.5 3.5 2 0 3 2 2
-1423.7 -6525.0 189.7 100 0 10.6 7.2 2.5 2.5 2 0 1 3 3
-4993.9 -6051.9 98.4 163 0 10.4 12.6 5.0 2.5 2 1 2 2 2
-4386.4 -5513.8 120.3 252 0 10.0 8.5 7.5 0.0 0 0 3 2 2
-4086.1 -5432.6 113.9 93 0 7.2 10.5 5.0 2.5 2 1 2 3 3
-3892.7 -6633.3 168.1 296 0 12.9 8.5 10.0 2.5 2 0 4 1 1
-4633.2 -6215.4 93.4 283 0 10.0 13.3 5.0 2.5 2 1 2 1 1
-4862.3 -6594.5 113.2 31 0 11.6 8.7 5.0 0.0 0 0 2 3 3
-5301.1 -5780.6 111.6 292 0 8.3 8.6 5.0 2.5 2 1 2 4 4
-4687.4 -5150.3 95.5 108 0 6.6 11.8 7.5 2.5 2 1 3 5 5
-5111.2 -6519.6 131.3 42 0 12.3 10.7 5.0 2.5 2 0 2 5 5
-730.9 -6782.1 371.0 267 0 13.4 8.4 14.0 0.0 0 0 4 4 4
-719.7 -6573.8 326.5 44 0 9.5 6.1 14.0 3.5 2 0 4 2 2
-736.4 -6585.1 328.4 98 0 8.9 9.8 14.0 3.5 2 1 4 5 5
-1219.6 -6503.9 216.2 333 0 8.7 18.7 10.5 3.5 2 1 3 4 4
-3545.8 -5865.9 118.6 289 0 11.0 7.0 7.5 2.5 2 0 3 2 2
-3336.9 -5998.6 120.4 66 0 12.9 7.3 5.0 2.5 2 0 2 5 5
-3459.4 -5944.6 120.0 183 0 12.4 9.9 7.5 2.5 2 0 3 5 5
-3961.2 -5500.2 113.8 270 0 7.9 6.6 7.5 2.5 2 0 3 4 4
-4859.9 -5688.9 100.7 300 0 7.6 8.7 5.0 2.5 2 1 2 5 5
-4771.4 -4355.0 122.9 98 0 10.2 6.6 7.5 2.5 2 0 3 1 1
-5163.8 -6285.3 125.7 333 0 9.1 17.2 5.0 2.5 2 1 2 1 1
-4569.5 -5581.1 107.7 68 0 6.5 12.5 7.5 2.5 2 1 3 1 1
-4582.6 -5425.6 103.9 349 0 11.8 11.7 2.5 2.5 2 0 1 4 4
-2194.8 -5866.2 144.4 270 0 8.5 6.6 7.5 2.5 2 0 3 5 5
-3259.4 -5931.5 113.2 265 0 14.6 8.5 7.5 2.5 2 0 3 2 2
-4939.3 -6200.9 111.3 319 0 13.1 6.3 7.5 2.5 4 0 3 5 5
-3871.9 -6078.7 136.5 100 0 9.7 9.5 7.5 2.5 2 0 3 2 2
-4493.3 -6355.7 110.3 299 0 10.0 16.0 2.5 2.5 2 1 1 5 5
-4899.6 -6623.2 114.1 12 0 6.7 10.6 10.0 2.5 2 1 4 1 1
-2945.4 -6102.6 133.5 354 0 8.8 16.8 7.5 2.5 2 1 3 5 5
-4966.5 -6149.0 108.0 339 0 29.8 8.3 7.5 2.5 4 0 3 5 5
-5035.0 -6548.9 127.5 185 0 6.6 11.8 5.0 2.5 2 1 2 1 1
-4807.0 -6294.9 99.4 197 0 7.9 10.6 7.5 2.5 2 1 3 4 4
-750.0 -6826.6 372.8 173 0 18.5 13.6 14.0 3.5 2 0 4 4 4
-5190.8 -5219.3 98.1 19 0 9.8 14.5 7.5 2.5 2 1 3 5 5
-712.3 -6521.2 318.3 23 0 6.5 26.2 14.0 3.5 2 1 4 5 5
-4679.6 -5316.2 100.0 6 0 14.1 9.1 7.5 2.5 2 0 3 2 2
-1254.7 -6448.1 196.3 60 0 16.1 9.6 10.5 3.5 2 0 3 5 5
-1642.8 -6538.0 227.0 77 0 8.0 12.4 7.5 2.5 2 1 3 0 0
-1401.7 -6316.5 172.2 6 0 9.0 11.0 5.0 2.5 2 1 2 2 2
-1103.5 -6422.3 223.9 332 0 6.9 7.7 10.5 3.5 2 1 3 4 4
-4996.9 -6840.4 118.3 349 0 10.4 7.4 7.5 2.5 2 0 3 3 3
-3432.9 -5774.2 100.1 164 0 6.9 9.1 7.5 0.0 0 1 3 4 4
-4120.7 -5407.1 117.1 285 0 9.4 6.1 10.0 2.5 2 0 4 4 4
-5531.0 -5667.6 133.0 323 0 16.1 6.6 5.0 0.0 0 0 2 5 5
-4845.5 -4843.8 83.7 183 0 7.2 12.3 10.0 2.5 2 1 4 5 5
-2728.2 -6091.4 119.4 20 0 6.8 10.2 7.5 2.5 2 1 3 3 3
-5223.4 -6531.2 128.8 61 0 10.4 7.1 7.5 2.5 2 0 3 5 5
-4895.1 -6287.5 116.4 49 0 7.8 14.4 7.5 2.5 2 1 3 5 5
-715.6 -6560.3 324.7 13 0 7.5 10.3 14.0 3.5 2 1 4 4 4
-2730.2 -6194.7 136.4 272 0 15.1 10.7 10.0 2.5 2 0 4 2 2
-5157.0 -6126.5 105.0 48 0 11.5 7.8 5.0 2.5 2 0 2 3 3
-5029.6 -6779.0 122.7 348 0 11.8 7.1 7.5 2.5 2 0 3 0 0
-3314.2 -5948.2 109.0 62 0 17.0 7.8 7.5 2.5 2 0 3 4 4
-4243.9 -6167.3 112.2 175 0 9.4 11.5 5.0 2.5 2 1 2 0 0
-5471.6 -5625.7 132.1 351 0 7.3 12.9 5.0 2.5 2 1 2 0 0
-875.0 -6610.1 335.3 45 0 12.2 11.8 14.0 0.0 0 0 4 3 3
-4399.7 -5947.9 116.7 83 0 21.5 7.4 10.0 2.5 2 0 4 1 1
-3003.9 -5983.5 115.8 275 0 17.9 9.7 7.5 0.0 0 0 3 0 0
-5004.4 -6187.1 117.9 46 0 10.5 28.0 10.0 2.5 2 1 4 5 5
-3155.1 -5636.3 95.7 355 0 11.9 7.8 2.5 2.5 2 0 1 0 0
-4808.5 -6540.6 109.5 16 0 11.8 8.4 5.0 2.5 2 0 2 1 1
-5002.3 -5774.4 90.4 17 0 16.3 8.6 5.0 0.0 0 0 2 2 2
-4589.4 -5388.0 103.4 10 0 9.2 7.4 10.0 2.5 2 0 4 1 1
-1714.1 -6476.9 207.6 145 0 6.0 13.0 5.0 0.0 0 1 2 2 2
-1505.6 -6597.5 221.3 43 0 7.7 11.7 5.0 2.5 2 1 2 5 5
-4435.3 -5597.9 119.7 280 0 12.5 6.2 7.5 2.5 2 0 3 2 2
-4523.4 -5487.3 107.0 258 0 10.6 7.3 5.0 0.0 0 0 2 1 1
-4374.2 -5284.1 105.8 350 0 10.0 11.4 7.5 2.5 2 1 3 0 0
-4513.8 -6332.1 105.9 283 0 6.7 17.5 10.0 2.5 2 1 4 5 5
-4733.8 -4947.2 91.8 259 0 12.6 6.3 7.5 2.5 2 0 3 2 2
-4992.4 -6523.6 130.6 269 0 7.9 9.4 7.5 2.5 2 1 3 1 1
-717.1 -6812.6 371.1 9 0 13.2 11.3 14.0 3.5 2 0 4 4 4
-5178.1 -5314.6 97.4 30 0 7.8 8.6 7.5 2.5 2 1 3 0 0
-712.5 -6509.1 315.1 20 0 8.8 33.5 14.0 3.5 4 1 4 2 2
-4775.0 -5509.4 108.9 216 0 9.5 14.3 7.5 2.5 2 1 3 3 3
-2739.1 -5862.6 109.2 296 0 9.0 7.1 7.5 2.5 2 0 3 0 0
-1260.1 -6370.6 193.4 125 0 10.6 7.5 10.5 3.5 2 0 3 4 4
-4621.2 -5968.0 95.5 95 0 7.7 9.1 5.0 2.5 2 1 2 5 5
-1425.8 -6313.4 170.3 188 0 9.7 8.8 5.0 2.5 2 0 2 5 5
-3620.5 -5822.5 114.5 85 0 11.5 8.9 10.0 2.5 4 0 4 4 4
-3660.9 -5908.8 122.5 52 0 35.9 7.5 10.0 2.5 2 0 4 1 1
-4325.7 -5478.1 122.1 198 0 12.5 7.7 10.0 2.5 2 0 4 5 5
-4408.5 -5492.9 116.5 33 0 6.3 9.5 7.5 2.5 2 1 3 5 5
-1183.2 -6480.8 216.2 90 0 6.0 8.5 10.5 3.5 2 1 3 4 4
-5022.9 -6817.3 121.3 232 0 7.3 8.0 7.5 2.5 2 1 3 3 3
-5520.5 -5698.4 132.1 317 0 13.2 10.4 7.5 2.5 2 0 3 1 1
-4601.7 -5547.8 106.2 269 0 7.9 11.6 7.5 2.5 2 1 3 4 4
-2664.5 -6135.5 125.0 93 0 11.5 9.9 2.5 2.5 2 0 1 5 5
-5467.1 -5658.2 130.4 356 0 7.7 10.1 10.0 2.5 2 1 4 2 2
-3311.5 -5972.5 116.1 250 0 8.1 6.3 2.5 2.5 2 0 1 5 5
-714.9 -6612.9 332.5 212 0 8.8 24.8 14.0 3.5 2 1 4 5 5
-3991.5 -6123.4 141.5 81 0 9.1 7.0 10.0 2.5 2 0 4 0 0
-817.1 -6648.6 345.1 192 0 19.9 33.6 14.0 0.0 0 1 4 3 3
-4548.9 -5733.5 110.5 195 0 12.0 7.0 10.0 0.0 0 0 4 3 3
-4234.5 -6128.8 114.8 179 0 6.6 13.4 7.5 2.5 2 1 3 3 3
-4199.9 -5194.9 95.8 183 0 11.1 43.0 7.5 2.5 2 1 3 5 5
-4346.9 -6404.9 115.8 283 0 8.4 8.6 7.5 2.5 2 1 3 2 2
-893.1 -6564.6 328.4 202 0 13.4 9.0 14.0 3.5 2 0 4 4 4
-5396.5 -5876.5 108.3 34 0 7.8 11.7 7.5 2.5 2 1 3 0 0
-2953.7 -5987.0 111.9 310 0 9.0 6.7 10.0 2.5 2 0 4 0 0
-3119.1 -5909.7 112.0 90 0 13.1 8.3 5.0 2.5 2 0 2 5 5
-4961.0 -6728.8 112.6 201 0 6.6 7.6 7.5 2.5 2 1 3 2 2
-4811.6 -6355.5 102.7 177 0 10.2 12.1 7.5 2.5 2 1 3 1 1
-795.5 -6589.6 332.3 105 0 9.5 15.1 14.0 3.5 2 1 4 4 4
-4621.3 -5383.0 103.0 77 0 6.7 11.9 5.0 2.5 2 1 2 3 3
-4519.6 -5992.9 102.9 128 0 15.6 9.9 10.0 2.5 2 0 4 1 1
-1722.3 -6477.7 207.2 242 0 8.1 8.8 2.5 2.5 2 1 1 5 5
-5042.7 -6897.8 124.7 87 0 12.0 11.8 7.5 2.5 2 0 3 5 5
-4538.5 -6332.5 102.0 192 0 13.0 7.9 5.0 2.5 2 0 2 5 5
-5655.1 -5651.9 125.9 301 0 7.5 9.1 5.0 2.5 2 1 2 5 5
-4838.5 -6340.1 110.6 351 0 8.9 7.9 7.5 2.5 2 0 3 2 2
-5185.5 -5287.0 98.2 10 0 6.4 9.4 7.5 2.5 2 1 3 4 4
-4726.0 -5431.6 106.3 273 0 12.1 7.7 7.5 2.5 4 0 3 4 4
-754.4 -6469.0 308.5 252 0 7.6 10.4 14.0 3.5 2 1 4 5 5
-4714.2 -5552.3 104.4 215 0 23.6 14.7 12.5 2.5 2 0 5 4 4
-2733.5 -5913.4 112.3 189 0 9.5 11.2 7.5 2.5 2 1 3 1 1
-1623.7 -6460.6 199.6 322 0 12.1 7.1 7.5 2.5 2 0 3 5 5
-3405.9 -5810.5 100.3 59 0 6.6 8.0 5.0 2.5 2 1 2 1 1
-4583.1 -5762.7 104.2 10 0 14.5 7.7 7.5 2.5 2 0 3 2 2
-4217.3 -6254.9 115.5 342 0 9.8 12.4 10.0 2.5 2 1 4 3 3
-2033.9 -6049.8 135.4 71 0 19.9 8.2 10.0 2.5 2 0 4 1 1
-5519.0 -5835.0 118.6 260 0 13.7 9.9 5.0 2.5 2 0 2 5 5
-2031.5 -6362.0 195.0 272 0 16.7 7.7 7.5 2.5 2 0 3 0 0
-4268.6 -5748.2 140.1 17 0 9.8 7.1 10.0 2.5 4 0 4 1 1
-4449.0 -6500.2 112.4 90 0 6.0 8.8 7.5 2.5 2 1 3 1 1
-902.0 -6614.2 333.6 50 0 33.3 9.8 14.0 3.5 2 0 4 5 5
-4307.6 -6003.1 116.5 51 0 15.0 8.7 5.0 2.5 2 0 2 4 4
-5170.8 -6068.8 100.7 266 0 12.3 6.7 2.5 2.5 4 0 1 0 0
-4873.7 -6451.0 119.6 260 0 9.1 14.0 2.5 2.5 2 1 1 3 3
-5195.6 -5710.5 106.6 191 0 6.8 11.8 10.0 0.0 0 1 4 0 0
-688.2 -6597.6 328.9 311 0 13.5 7.5 14.0 3.5 2 0 4 3 3
-3932.5 -6126.8 150.6 273 0 9.0 6.9 7.5 2.5 2 0 3 2 2
-747.5 -6658.8 341.8 103 0 13.7 15.2 14.0 3.5 2 1 4 4 4
-4466.8 -5217.3 106.0 323 0 9.2 7.7 10.0 2.5 2 0 4 2 2
-1126.7 -6493.1 235.5 220 0 16.2 6.3 10.5 3.5 2 0 3 1 1
-3477.8 -5808.7 105.7 5 0 9.9 16.5 10.0 2.5 2 1 4 1 1
-4126.2 -5213.2 94.1 272 0 6.3 9.9 2.5 2.5 2 1 1 4 4
-4388.4 -6357.2 113.1 78 0 8.6 11.0 10.0 2.5 2 1 4 2 2
-882.5 -6576.6 330.5 194 0 8.4 9.3 14.0 3.5 2 1 4 0 0
-3976.5 -5411.2 101.4 111 0 9.1 7.0 7.5 2.5 2 0 3 2 2
-4828.6 -5102.5 96.1 287 0 14.0 7.3 7.5 2.5 2 0 3 3 3
-2968.6 -5974.5 111.4 302 0 9.4 7.0 7.5 2.5 2 0 3 5 5
-4810.6 -6382.1 103.6 189 0 10.7 12.7 5.0 2.5 2 1 2 1 1
-4970.0 -5582.4 94.3 331 0 8.3 15.1 7.5 2.5 2 1 3 0 0
-780.5 -6550.2 325.2 185 0 9.9 23.3 14.0 3.5 2 1 4 1 1
-5485.1 -6134.3 99.6 143 0 8.0 13.7 7.5 2.5 2 1 3 2 2
-4550.1 -5981.2 100.2 348 0 13.2 9.5 7.5 2.5 2 0 3 4 4
-1737.5 -6507.5 206.4 145 0 7.4 11.6 7.5 2.5 2 1 3 0 0
-3737.2 -5902.6 119.3 70 0 16.0 9.2 7.5 2.5 2 0 3 5 5
-1144.7 -6442.6 217.0 71 0 10.7 7.0 10.5 3.5 2 0 3 4 4
-5566.6 -5683.4 131.7 152 0 13.2 8.4 7.5 2.5 2 0 3 5 5
-5119.0 -6598.4 123.5 354 0 7.4 15.8 5.0 0.0 0 1 2 2 2
-4671.4 -5434.6 104.3 337 0 12.8 7.1 2.5 2.5 4 0 1 3 3
-2679.5 -5911.3 113.7 0 0 9.0 13.4 7.5 2.5 2 1 3 4 4
-4673.4 -5540.0 105.0 228 0 37.7 17.4 10.0 2.5 4 0 4 4 4
-2736.0 -5907.9 111.7 99 0 6.2 13.2 7.5 2.5 2 1 3 2 2
-4060.5 -4551.4 161.9 318 0 8.8 8.8 5.0 2.5 2 1 2 0 0
-5367.6 -6026.4 95.9 100 0 7.8 8.6 10.0 2.5 2 1 4 5 5
-3978.8 -5150.9 91.7 42 0 8.1 8.5 7.5 2.5 2 1 3 2 2
-4562.1 -5778.6 110.3 188 0 20.8 6.1 5.0 2.5 2 0 2 4 4
-2028.7 -6008.7 138.2 324 0 9.1 13.2 7.5 2.5 2 1 3 1 1
-4484.9 -5257.1 106.1 39 0 9.0 11.3 7.5 2.5 2 1 3 1 1
-4226.3 -5599.4 139.2 271 0 7.9 17.6 5.0 2.5 2 1 2 4 4
-4268.7 -5808.5 140.8 197 0 8.5 14.9 2.5 2.5 2 1 1 0 0
-4392.7 -6483.8 120.1 78 0 9.2 10.7 2.5 2.5 2 1 1 4 4
-4883.0 -5311.0 107.9 44 0 7.5 10.7 7.5 2.5 2 1 3 1 1
-3224.4 -5687.2 98.1 194 0 7.4 11.0 5.0 2.5 4 1 2 3 3
-837.9 -6538.4 325.9 274 0 31.8 12.7 14.0 3.5 2 0 4 4 4
-5152.6 -5710.5 102.1 88 0 14.6 12.9 7.5 0.0 0 0 3 4 4
-2818.1 -5822.1 105.3 190 0 10.3 7.7 7.5 2.5 2 0 3 3 3
-1534.3 -6467.7 177.1 140 0 14.6 9.6 5.0 2.5 4 0 2 0 0
-691.1 -6576.3 326.3 309 0 8.3 14.5 14.0 3.5 4 1 4 2 2
-672.1 -6642.5 334.6 24 0 10.4 23.6 14.0 3.5 2 1 4 1 1
-4419.2 -5225.1 108.5 35 0 7.9 12.4 5.0 2.5 4 1 2 1 1
-1129.7 -6604.3 247.1 47 0 11.5 12.0 10.5 3.5 2 1 3 5 5
-1185.5 -6519.6 225.9 143 0 9.6 9.5 10.5 0.0 0 0 3 2 2
-4121.8 -5231.0 94.6 8 0 6.1 7.7 10.0 2.5 2 1 4 2 2
-878.1 -6565.5 329.0 194 0 8.4 15.6 14.0 3.5 2 1 4 2 2
-4185.9 -6784.7 142.5 346 0 6.0 12.4 2.5 2.5 2 1 1 2 2
-4773.5 -5066.5 101.0 158 0 8.0 11.2 7.5 2.5 2 1 3 1 1
-4974.0 -6598.9 119.5 115 0 13.7 9.6 2.5 2.5 2 0 1 4 4
-4977.9 -6711.8 114.6 10 0 6.1 9.2 5.0 2.5 2 1 2 4 4
-4959.6 -5605.3 94.3 329 0 9.9 9.5 7.5 2.5 2 0 3 3 3
-729.4 -6537.8 319.7 33 0 13.9 19.7 14.0 3.5 4 1 4 4 4
-4761.0 -5578.1 106.4 31 0 6.6 12.6 7.5 2.5 2 1 3 5 5
-5432.3 -6217.6 112.9 146 0 7.5 13.5 5.0 2.5 2 1 2 0 0
-4542.0 -5958.2 105.1 142 0 18.4 9.3 7.5 2.5 2 0 3 0 0
-1125.7 -6453.4 224.2 77 0 10.7 8.0 10.5 3.5 2 0 3 5 5
-3445.3 -5798.4 101.6 173 0 8.0 13.8 7.5 0.0 0 1 3 2 2
-4592.2 -5866.4 102.0 9 0 12.8 6.3 7.5 2.5 2 0 3 3 3
-4288.6 -6428.7 117.5 337 0 8.6 9.8 5.0 2.5 4 1 2 1 1
-2116.8 -6337.8 195.1 7 0 7.3 11.6 7.5 2.5 4 1 3 5 5
-3770.0 -5606.1 115.7 289 0 10.4 8.0 5.0 2.5 4 0 2 4 4
-4353.8 -5637.3 127.8 277 0 11.6 8.3 7.5 2.5 2 0 3 4 4
-4488.9 -6667.3 110.4 321 0 6.0 14.1 5.0 2.5 2 1 2 1 1
-938.2 -6589.9 326.8 197 0 15.0 15.8 14.0 3.5 2 1 4 0 0
-4654.6 -5502.8 105.9 120 0 9.4 13.1 7.5 2.5 2 1 3 5 5
-5175.7 -6153.0 108.1 142 0 9.6 13.9 2.5 2.5 2 1 1 2 2
-4863.7 -5610.6 103.7 1 0 9.6 14.2 7.5 2.5 2 1 3 3 3
-4038.1 -4594.7 154.8 340 0 7.9 6.6 10.0 2.5 2 0 4 0 0
-5241.1 -6186.2 104.5 61 0 13.1 8.7 10.0 2.5 2 0 4 3 3
-4941.6 -6497.9 130.5 355 0 6.4 9.6 7.5 2.5 2 1 3 2 2
-5249.4 -5786.1 107.2 262 0 8.2 10.6 7.5 2.5 2 1 3 4 4
-4538.1 -5211.6 100.6 282 0 7.8 9.0 5.0 2.5 2 1 2 5 5
-2043.3 -5958.0 141.8 241 0 7.8 16.0 5.0 0.0 0 1 2 2 2
-4533.7 -5277.2 102.2 151 0 8.0 10.3 5.0 0.0 0 1 2 0 0
-2072.2 -6045.2 131.7 73 0 16.9 13.3 5.0 2.5 2 0 2 4 4
-4268.4 -5578.9 135.3 234 0 7.7 7.5 5.0 2.5 2 0 2 2 2
-4414.4 -6625.5 110.3 268 0 9.3 7.7 5.0 2.5 2 0 2 4 4
-918.6 -6592.0 332.2 198 0 10.2 10.6 14.0 3.5 4 1 4 4 4
-3912.7 -5534.2 113.8 307 0 6.6 9.6 10.0 2.5 2 1 4 3 3
-3996.8 -6632.3 152.2 63 0 11.0 7.4 7.5 2.5 2 0 3 3 3
-4855.1 -5242.9 99.9 1 0 13.8 11.5 7.5 2.5 2 0 3 0 0
-4797.6 -6481.8 107.6 351 0 11.7 12.2 5.0 2.5 2 1 2 2 2
-827.8 -6585.4 332.8 97 0 30.6 13.5 14.0 3.5 2 0 4 5 5
-5066.3 -5796.6 92.0 96 0 11.7 9.5 7.5 2.5 2 0 3 1 1
-4830.5 -5719.2 96.9 250 0 8.4 12.9 7.5 2.5 2 1 3 2 2
-2803.7 -5824.6 106.1 277 0 6.2 8.6 7.5 2.5 2 1 3 4 4
-5393.4 -6342.3 133.0 97 0 7.0 10.6 5.0 2.5 2 1 2 0 0
-4479.8 -6011.9 101.7 0 0 9.6 13.4 7.5 2.5 4 1 3 0 0
-1679.7 -6426.8 196.6 278 0 10.6 7.7 10.0 0.0 0 0 4 1 1
-2514.0 -5980.9 121.0 275 0 15.9 13.7 10.0 2.5 2 0 4 4 4
-4428.1 -5271.8 108.5 180 0 6.3 12.3 7.5 2.5 2 1 3 4 4
-1184.7 -6589.2 244.7 119 0 9.7 7.3 10.5 3.5 2 0 3 0 0
-5062.1 -6867.8 127.0 160 0 12.9 8.0 10.0 2.5 2 0 4 5 5
-3460.4 -5833.7 106.2 16 0 8.1 14.6 7.5 2.5 2 1 3 0 0
-3965.2 -5234.9 86.8 307 0 14.5 9.0 5.0 2.5 2 0 2 1 1
-4218.5 -6841.3 153.9 165 0 6.5 13.0 7.5 2.5 2 1 3 5 5
-4730.5 -5543.4 106.5 52 0 17.6 10.3 7.5 2.5 2 0 3 5 5
-5421.0 -6121.4 102.3 2 0 8.2 15.1 5.0 2.5 2 1 2 1 1
-4566.0 -5922.1 107.2 174 0 9.7 7.1 7.5 2.5 2 0 3 5 5
-4843.9 -6603.8 107.4 204 0 9.8 13.5 7.5 2.5 2 1 3 3 3
-5362.0 -5796.5 112.2 258 0 10.1 16.4 7.5 2.5 2 1 3 0 0
-2102.1 -6268.6 175.0 298 0 13.4 8.6 5.0 2.5 2 0 2 1 1
-4398.5 -5563.8 121.5 165 0 12.6 12.5 7.5 2.5 2 0 3 4 4
-935.1 -6616.8 330.0 138 0 9.4 7.2 14.0 3.5 2 0 4 5 5
-4022.0 -5453.4 110.1 90 0 9.9 10.7 5.0 2.5 2 1 2 5 5
-4901.1 -5626.5 100.5 29 0 9.7 9.6 5.0 2.5 2 0 2 3 3
-2749.2 -6030.4 113.7 109 0 15.3 6.4 10.0 2.5 2 0 4 5 5
-4840.1 -6227.7 98.7 40 0 6.8 7.2 5.0 2.5 2 1 2 0 0
-804.7 -6614.4 339.4 205 0 17.4 35.6 14.0 3.5 4 1 4 5 5
-4510.3 -5348.8 103.3 148 0 8.8 10.0 5.0 2.5 2 1 2 5 5
-1195.4 -6527.7 224.5 318 0 20.6 6.8 10.5 3.5 2 0 3 1 1
-3573.8 -5772.5 107.9 353 0 11.7 7.5 7.5 2.5 2 0 3 0 0
-4349.2 -6646.3 116.1 324 0 7.9 8.8 7.5 2.5 2 1 3 3 3
-4607.1 -5067.4 92.0 101 0 9.1 12.6 7.5 2.5 4 1 3 5 5
-5013.8 -6751.8 119.4 16 0 10.9 10.9 2.5 2.5 2 0 1 2 2
-3893.5 -5467.7 100.2 40 0 10.6 12.7 7.5 2.5 2 1 3 0 0
-4043.6 -6708.0 143.5 14 0 9.1 8.8 7.5 2.5 2 0 3 0 0
-4792.5 -5277.3 101.2 101 0 9.8 7.6 7.5 2.5 2 0 3 0 0
-4931.0 -6781.0 110.2 22 0 7.3 7.1 5.0 2.5 2 0 2 0 0
-838.1 -6598.0 336.0 97 0 18.7 10.9 14.0 3.5 4 0 4 1 1
-2796.9 -5856.3 107.3 116 0 12.9 8.7 5.0 2.5 2 0 2 2 2
-5366.6 -6282.0 120.3 350 0 12.1 7.7 5.0 2.5 2 0 2 4 4
-4575.4 -5519.4 106.8 91 0 8.5 13.2 2.5 2.5 2 1 1 0 0
-2473.3 -5990.4 120.5 296 0 17.9 9.9 2.5 2.5 2 0 1 4 4
-5047.9 -6147.3 118.4 220 0 8.7 24.9 7.5 2.5 2 1 3 1 1
-1109.8 -6398.3 217.1 253 0 16.6 8.2 10.5 0.0 0 0 3 2 2
-3454.7 -5858.6 106.9 55 0 12.0 6.3 10.0 2.5 4 0 4 3 3
-3590.4 -5667.5 97.5 83 0 10.3 13.0 10.0 2.5 2 1 4 3 3
-5648.6 -5712.6 124.8 58 0 7.4 10.5 7.5 2.5 2 1 3 3 3
-2178.2 -5949.3 130.2 142 0 7.1 16.2 7.5 2.5 2 1 3 5 5
-3163.8 -5942.0 119.5 291 0 7.7 10.0 2.5 2.5 2 1 1 3 3
-4951.0 -5393.7 107.1 174 0 7.8 10.9 7.5 2.5 2 1 3 3 3
-3618.4 -5503.2 102.1 52 0 6.3 14.7 7.5 2.5 2 1 3 2 2
-4828.1 -6591.0 106.9 202 0 12.5 8.7 5.0 2.5 2 0 2 0 0
-4882.2 -6612.1 114.0 111 0 7.3 10.6 7.5 2.5 2 1 3 3 3
-5308.9 -5814.6 108.8 26 0 7.2 14.2 2.5 2.5 2 1 1 5 5
-2856.4 -5997.3 109.3 83 0 12.7 8.2 5.0 0.0 0 0 2 0 0
-697.1 -6811.7 370.0 11 0 8.1 8.8 14.0 3.5 2 1 4 4 4
-1245.2 -6373.3 193.9 110 0 9.6 6.8 10.5 3.5 2 0 3 0 0
-4322.6 -5746.0 139.0 97 0 10.8 9.2 5.0 2.5 2 0 2 5 5
-4534.4 -6448.0 110.3 235 0 11.0 8.5 2.5 2.5 4 0 1 5 5
-4319.1 -5400.4 113.6 62 0 12.4 10.4 7.5 2.5 2 0 3 4 4
-4024.0 -5550.0 130.9 231 0 9.2 10.2 5.0 0.0 0 1 2 0 0
-3881.1 -6817.7 191.2 58 0 13.5 7.7 7.5 2.5 2 0 3 5 5
-3978.1 -4762.8 126.2 199 0 6.4 14.3 7.5 2.5 2 1 3 4 4
-4963.2 -4317.7 135.8 94 0 8.5 9.1 7.5 2.5 2 1 3 0 0
-2713.6 -6057.4 115.3 148 0 6.4 11.3 7.5 2.5 2 1 3 5 5
-4830.5 -4764.8 89.7 106 0 6.6 12.3 10.0 2.5 2 1 4 0 0
-2775.0 -6080.9 118.9 174 0 7.6 9.6 2.5 2.5 2 1 1 2 2
-5249.7 -6438.7 140.2 172 0 7.3 7.0 5.0 2.5 2 0 2 4 4
-4861.8 -6234.9 101.9 112 0 7.0 9.8 5.0 2.5 2 1 2 0 0
-1920.9 -6390.2 179.6 73 0 9.1 8.1 2.5 2.5 2 0 1 2 2
-2651.0 -5970.7 117.8 159 0 11.8 7.4 7.5 2.5 4 0 3 5 5
-5007.9 -6717.4 116.8 263 0 8.4 13.1 5.0 0.0 0 1 2 2 2
-2293.5 -5886.5 126.1 203 0 6.7 13.4 10.0 2.5 2 1 4 4 4
-4067.4 -6748.7 146.3 70 0 10.5 8.7 5.0 2.5 2 0 2 0 0
-4549.7 -5702.1 110.7 173 0 7.2 7.2 10.0 2.5 2 0 4 2 2
-4777.4 -5648.1 101.4 218 0 15.1 11.0 7.5 2.5 2 0 3 3 3
-4907.5 -6648.0 112.9 256 0 11.2 13.0 7.5 2.5 2 1 3 3 3
-4560.6 -5507.8 106.6 139 0 11.3 10.4 10.0 2.5 2 0 4 3 3
-2374.2 -6002.8 119.4 111 0 11.2 9.1 10.0 2.5 2 0 4 5 5
-5020.8 -6140.2 114.5 230 0 8.2 27.5 5.0 2.5 2 1 2 0 0
-817.2 -6852.6 375.6 353 0 7.6 15.0 10.5 3.5 2 1 3 3 3
-763.6 -6575.9 326.9 98 0 14.9 16.9 14.0 3.5 2 1 4 1 1
-2831.2 6007.5 -381.2 182 0 82.1 17.9 14.0 3.5 2 0 4 4 4
-2863.3 5973.1 -380.7 274 0 40.0 16.7 14.0 3.5 2 0 4 1 1
-914.3 5932.3 -375.3 262 0 72.6 73.3 0.0 0.0 0 1 0 1 1
-817.3 5873.6 -373.2 81 0 29.2 29.4 7.5 0.0 0 1 3 5 5
-815.1 5969.2 -375.3 352 0 8.4 58.7 2.5 2.5 2 1 1 3 3
-833.2 5862.3 -373.5 253 0 12.3 25.4 2.5 0.0 0 1 1 4 4
-846.4 5827.5 -373.2 40 0 18.0 18.7 2.5 2.5 2 1 1 2 2
-897.4 5845.4 -376.0 174 0 18.0 12.7 2.5 2.5 2 0 1 5 5
-923.7 5809.8 -382.1 352 0 17.6 6.7 2.5 2.5 2 0 1 1 1
-990.4 5820.8 -378.3 178 0 6.2 11.9 7.5 2.5 2 1 3 2 2
-2934.2 6036.8 -379.3 109 0 27.2 7.8 3.5 3.5 2 0 1 5 5
