-3681.0 6817.6 -200.7 105 0 8.6 6.5 14.0 3.5 2 0 4 1 1
-4012.7 6874.0 -200.1 354 0 10.1 7.7 17.5 3.5 2 0 5 1 1
-4391.0 6777.8 -194.1 6 0 26.0 29.6 17.5 0.0 0 1 5 1 1
-3594.8 6564.1 -192.1 186 0 30.1 10.2 17.5 3.5 2 0 5 0 0
-3627.3 6631.6 -194.8 183 0 33.9 13.7 17.5 3.5 2 0 5 3 3
-3547.6 6608.2 -193.2 4 0 10.4 19.9 17.5 3.5 2 0 5 0 0
-3552.3 6623.5 -193.9 4 0 11.8 28.3 17.5 3.5 2 0 5 5 5
-3480.7 6625.8 -192.2 4 0 21.7 8.7 17.5 3.5 2 0 5 3 3
-3481.0 6604.7 -191.4 6 0 16.8 6.8 17.5 3.5 2 0 5 1 1
-3496.3 6591.4 -191.5 7 0 26.7 12.8 17.5 3.5 2 0 5 5 5
-3600.3 6501.1 -190.0 97 0 10.7 29.5 17.5 3.5 2 0 5 1 1
-3615.1 6555.3 -191.3 183 0 10.8 16.5 17.5 3.5 2 0 5 4 4
-3643.8 6515.7 -189.9 283 0 12.4 23.4 17.5 3.5 2 0 5 2 2
-3614.6 6530.2 -190.0 277 0 8.7 20.3 17.5 3.5 2 0 5 2 2
-3542.1 6647.7 -193.7 275 0 11.7 31.2 17.5 3.5 2 0 5 5 5
-3696.4 6593.5 -194.9 94 0 12.6 54.0 17.5 3.5 2 0 5 0 0
-3703.5 6673.6 -196.5 186 0 15.8 10.7 17.5 3.5 2 0 5 0 0
-3700.2 6688.7 -197.2 182 0 8.1 16.6 17.5 3.5 2 0 5 3 3
-3697.1 6697.0 -197.6 181 0 8.7 10.2 17.5 3.5 2 0 5 4 4
-3611.6 6666.5 -195.5 176 0 13.8 18.9 17.5 3.5 2 0 5 3 3
-3565.5 6667.0 -195.1 359 0 12.4 24.5 17.5 3.5 2 0 5 4 4
-3612.1 6705.5 -196.9 191 0 12.5 20.3 17.5 3.5 2 0 5 2 2
-3617.7 6688.3 -196.3 188 0 8.9 10.2 17.5 3.5 2 0 5 2 2
-3586.2 6685.1 -195.7 185 0 12.6 15.9 17.5 3.5 2 0 5 4 4
-3582.4 6700.1 -196.2 190 0 14.1 24.6 17.5 3.5 2 0 5 3 3
-3531.6 6691.6 -195.1 12 0 16.1 16.9 17.5 3.5 2 0 5 0 0
-3537.8 6673.6 -194.7 13 0 16.8 17.3 17.5 3.5 2 0 5 5 5
-3527.1 6742.9 -196.3 282 0 15.6 37.3 17.5 3.5 2 0 5 4 4
-3545.3 6766.8 -198.0 285 0 18.7 40.8 17.5 3.5 2 0 5 4 4
-3478.6 6756.8 -197.3 281 0 10.2 30.0 17.5 3.5 2 0 5 4 4
-3448.6 6721.0 -195.9 11 0 11.5 20.2 17.5 3.5 2 0 5 3 3
-3716.0 6492.7 -189.7 187 0 47.7 15.0 17.5 3.5 2 0 5 0 0
-3702.3 6482.1 -189.6 187 0 30.2 11.8 17.5 3.5 2 0 5 3 3
-3724.6 6433.0 -188.8 189 0 26.7 9.6 17.5 3.5 2 0 5 1 1
-3666.9 6484.5 -189.6 107 0 20.5 8.6 17.5 3.5 2 0 5 1 1
-3649.4 6471.1 -189.5 106 0 12.7 18.2 17.5 3.5 2 0 5 4 4
-3635.9 6490.6 -189.8 103 0 9.4 21.4 17.5 3.5 2 0 5 4 4
-3635.4 6473.5 -189.6 104 0 7.7 10.7 17.5 3.5 2 0 5 4 4
-3617.0 6467.6 -189.9 106 0 20.8 11.2 17.5 3.5 2 0 5 0 0
-3581.4 6504.2 -189.9 101 0 8.3 12.7 17.5 3.5 2 0 5 0 0
-3589.5 6588.7 -192.7 184 0 9.2 14.4 17.5 3.5 2 0 5 4 4
-3546.5 6568.5 -191.5 6 0 9.6 11.4 17.5 3.5 2 0 5 0 0
-3530.0 6554.3 -190.7 1 0 8.5 16.6 17.5 3.5 2 0 5 2 2
-3474.7 6484.0 -188.0 354 0 15.3 23.0 17.5 3.5 2 0 5 4 4
-3501.7 6541.9 -189.7 14 0 7.2 10.9 17.5 3.5 2 0 5 2 2
-3493.4 6569.5 -190.7 8 0 10.2 19.5 17.5 3.5 2 0 5 3 3
-3555.1 6418.7 -188.8 102 0 10.2 16.9 17.5 3.5 2 0 5 2 2
-3504.5 6531.3 -189.6 15 0 10.5 17.6 17.5 3.5 2 0 5 3 3
-3511.4 6511.9 -189.2 290 0 12.7 18.5 17.5 3.5 2 0 5 5 5
-3467.0 6491.5 -188.1 171 0 9.3 13.0 17.5 3.5 2 1 5 3 3
-3483.4 6567.9 -190.7 202 0 21.4 20.0 17.5 3.5 2 0 5 4 4
-3476.7 6585.1 -191.0 200 0 9.5 14.3 17.5 3.5 2 1 5 4 4
-3471.2 6607.8 -191.7 177 0 8.2 15.5 17.5 3.5 2 1 5 3 3
-3468.4 6595.1 -191.3 180 0 10.1 7.1 17.5 3.5 2 0 5 0 0
-3439.9 6616.1 -192.2 334 0 11.8 11.8 17.5 3.5 2 1 5 1 1
-3526.0 6417.9 -187.9 105 0 8.5 11.4 17.5 3.5 2 0 5 2 2
-3461.3 6561.5 -191.0 198 0 16.7 15.2 17.5 0.0 0 0 5 3 3
-3449.0 6513.2 -190.8 100 0 7.3 11.4 17.5 3.5 4 1 5 1 1
-3427.5 6525.5 -191.7 289 0 9.3 15.6 17.5 3.5 2 1 5 4 4
-3202.5 6744.9 -199.3 346 0 23.2 26.2 14.0 3.5 2 1 4 4 4
-3226.4 6740.2 -199.8 19 0 11.8 25.6 14.0 0.0 0 1 4 5 5
-3250.9 6693.9 -198.0 200 0 12.9 21.2 14.0 0.0 0 1 4 5 5
-3292.2 6745.8 -200.9 102 0 15.9 27.0 14.0 0.0 0 1 4 3 3
-3285.0 6709.7 -198.8 198 0 8.2 11.3 14.0 3.5 2 1 4 0 0
-3309.1 6796.3 -201.8 284 0 7.3 24.0 14.0 3.5 2 1 4 3 3
-3324.5 6801.0 -201.9 280 0 9.7 16.2 14.0 3.5 2 1 4 2 2
-3228.7 6645.9 -195.9 39 0 12.3 18.3 14.0 3.5 2 1 4 5 5
-3293.2 6202.3 -186.0 100 0 14.6 34.4 10.5 3.5 2 1 3 1 1
-3459.9 6813.2 -201.2 1 0 20.6 10.4 17.5 3.5 2 0 5 0 0
356.7 6722.0 -173.5 25 0 34.1 28.7 10.0 0.0 0 0 4 5 5
-3540.8 6415.6 -188.4 101 0 10.6 17.0 17.5 3.5 2 1 5 3 3
2158.1 6851.1 -162.3 141 0 8.3 10.0 7.5 2.5 2 1 3 2 2
2143.7 6840.4 -160.7 353 0 16.7 10.6 7.5 2.5 2 0 3 2 2
1881.0 6841.8 -162.5 322 0 19.9 21.3 10.0 2.5 2 1 4 0 0
1870.2 6791.4 -163.0 178 0 22.1 17.2 12.5 2.5 2 0 5 2 2
1834.8 6857.2 -166.9 177 0 10.2 11.5 10.0 0.0 0 1 4 2 2
-2667.4 6888.1 -199.4 220 0 26.0 38.4 14.0 3.5 4 1 4 2 2
-3363.6 6832.1 -202.6 284 0 27.4 34.5 14.0 0.0 0 1 4 2 2
-2795.9 6899.3 -192.8 235 0 17.6 9.9 14.0 3.5 2 0 4 3 3
-2726.5 6861.5 -194.1 57 0 7.6 31.6 14.0 0.0 0 1 4 5 5
-2768.1 6899.8 -194.1 153 0 14.5 11.1 14.0 3.5 4 0 4 5 5
-2683.7 6901.3 -197.5 334 0 10.7 33.2 14.0 0.0 0 1 4 0 0
-71.9 1191.4 51.9 305 0 37.2 32.9 10.5 0.0 0 0 3 1 1
6609.0 2719.8 -19.3 69 0 15.9 16.2 7.5 2.5 4 1 3 1 1
-3247.3 6816.8 -201.0 277 0 14.3 11.2 14.0 3.5 2 0 4 2 2
-3091.5 6480.1 -191.1 349 0 9.9 19.2 10.0 0.0 0 1 4 5 5
-3035.7 6353.6 -193.0 17 0 13.2 30.4 14.0 3.5 2 1 4 3 3
-3090.9 6430.9 -191.9 65 0 8.0 17.1 7.5 2.5 2 1 3 2 2
169.4 1214.6 29.5 153 0 7.9 19.2 10.5 3.5 2 1 3 2 2
160.4 1225.6 31.2 50 0 8.1 15.1 10.5 3.5 2 1 3 5 5
145.1 1225.6 32.3 56 0 9.5 8.4 10.5 3.5 4 0 3 3 3
-179.7 1092.4 42.9 295 0 27.6 88.8 14.0 0.0 0 1 4 4 4
-930.3 -47.3 88.2 152 0 7.2 14.8 7.5 2.5 2 1 3 5 5
-967.8 -55.9 86.2 228 0 12.7 7.3 7.5 2.5 2 0 3 0 0
-994.1 -58.1 83.9 43 0 8.8 8.0 7.5 2.5 2 0 3 1 1
-973.5 -35.5 81.1 50 0 10.4 8.1 7.5 2.5 2 0 3 3 3
-956.4 -24.0 79.5 53 0 11.3 9.8 7.5 2.5 2 0 3 1 1
-937.2 5.9 76.1 48 0 8.3 15.0 7.5 2.5 2 1 3 3 3
-904.8 -17.1 85.1 251 0 10.7 15.0 7.5 2.5 2 1 3 5 5
-893.6 -16.7 86.2 247 0 7.5 9.0 5.0 2.5 2 1 2 3 3
-844.5 -0.3 86.4 238 0 16.0 11.3 5.0 2.5 2 0 2 4 4
-826.6 40.2 75.6 15 0 10.6 9.0 2.5 2.5 2 0 1 2 2
-795.8 42.2 84.6 227 0 8.4 7.1 7.5 0.0 0 0 3 0 0
-778.1 72.3 80.6 235 0 14.6 7.9 5.0 2.5 4 0 2 4 4
-802.7 79.4 71.6 56 0 12.0 6.6 7.5 2.5 2 0 3 1 1
-837.6 137.5 58.7 47 0 10.5 13.0 7.5 2.5 2 1 3 0 0
-937.6 21.6 74.6 132 0 13.5 7.8 7.5 2.5 2 0 3 2 2
-931.4 31.1 73.3 139 0 8.8 14.5 7.5 0.0 0 1 3 5 5
-928.9 72.9 69.6 182 0 11.8 14.0 7.5 2.5 2 1 3 4 4
-801.9 -271.3 138.9 319 0 12.4 10.1 7.5 2.5 2 0 3 3 3
-807.4 -197.0 134.5 234 0 11.9 8.0 7.5 2.5 2 0 3 1 1
-814.3 -187.2 132.6 322 0 11.4 8.9 7.5 2.5 2 0 3 4 4
-804.6 -182.4 131.2 55 0 9.0 15.2 7.5 2.5 2 1 3 4 4
-829.7 -166.6 127.7 132 0 10.2 9.6 7.5 2.5 2 0 3 0 0
-845.9 -146.6 122.3 137 0 9.2 16.6 5.0 2.5 2 1 2 1 1
-856.4 -128.0 116.1 43 0 11.5 14.2 7.5 2.5 2 1 3 1 1
-874.6 -174.1 125.0 230 0 12.3 7.8 7.5 2.5 2 0 3 1 1
-912.2 -173.8 117.7 59 0 10.3 13.1 7.5 2.5 2 1 3 0 0
-1047.1 -129.1 80.1 4 0 8.6 8.6 5.0 2.5 2 1 2 1 1
-1023.0 -89.7 84.1 52 0 9.6 11.9 7.5 2.5 2 1 3 0 0
-744.3 155.8 68.4 45 1 10.4 15.0 14.0 3.5 2 1 4 3 3
-690.0 173.2 75.8 54 1 11.2 16.9 14.0 3.5 4 1 4 0 0
-761.6 -47.2 111.0 16 0 11.7 7.3 5.0 2.5 2 0 2 2 2
-749.5 -72.4 117.4 124 0 7.0 14.2 7.5 2.5 2 1 3 5 5
-734.8 -32.9 111.9 224 0 7.9 10.8 7.5 2.5 2 1 3 1 1
-722.3 -44.6 114.3 227 0 14.6 12.8 7.5 2.5 2 0 3 2 2
-711.8 -29.9 112.0 223 0 14.4 7.9 7.5 2.5 2 0 3 2 2
-695.3 -23.9 111.9 64 0 11.8 8.1 7.5 0.0 0 0 3 3 3
-731.3 -112.4 127.9 303 0 12.4 9.8 7.5 2.5 2 0 3 4 4
-707.5 -163.4 134.7 35 0 16.5 11.1 7.5 0.0 0 0 3 3 3
-749.3 -165.6 134.0 136 0 7.6 14.2 7.5 2.5 2 1 3 5 5
-750.8 -189.4 137.5 136 0 11.7 12.0 7.5 2.5 2 1 3 0 0
-760.0 -190.1 137.0 313 0 16.1 10.4 7.5 2.5 2 0 3 5 5
-611.6 66.2 114.4 339 1 13.1 14.2 14.0 3.5 2 1 4 0 0
-636.7 217.6 81.3 171 1 16.0 11.1 14.0 0.0 0 0 4 1 1
-616.4 203.8 88.1 213 1 15.3 10.3 14.0 3.5 2 0 4 2 2
-572.7 191.6 95.1 36 1 13.1 10.1 14.0 3.5 2 0 4 3 3
-588.4 131.5 105.9 56 1 11.3 10.4 14.0 3.5 2 0 4 4 4
-535.7 199.2 98.2 334 1 10.6 14.9 14.0 3.5 2 1 4 3 3
-691.9 239.2 68.8 239 1 10.3 15.9 14.0 3.5 2 1 4 1 1
-458.0 458.5 49.7 72 0 13.6 15.4 14.0 3.5 2 1 4 3 3
-446.5 453.0 52.1 80 0 7.0 6.3 14.0 3.5 2 0 4 4 4
-187.0 674.1 54.5 190 0 24.5 13.0 14.0 3.5 2 0 4 4 4
-189.6 645.5 59.8 151 0 15.8 13.4 14.0 0.0 0 0 4 2 2
-164.2 702.1 52.9 266 0 9.5 6.5 14.0 3.5 2 0 4 2 2
-201.6 665.6 54.8 2 0 14.7 9.2 14.0 3.5 2 0 4 1 1
-487.7 374.0 63.6 247 1 11.3 11.4 14.0 3.5 2 1 4 2 2
-298.5 261.0 82.8 61 1 16.8 10.5 14.0 3.5 2 0 4 5 5
-95.2 95.2 183.6 322 0 9.3 24.1 10.0 2.5 2 1 4 5 5
-959.4 153.5 73.7 179 0 9.9 11.5 7.5 2.5 2 1 3 0 0
-941.1 194.7 71.3 286 0 9.4 14.2 5.0 2.5 2 1 2 2 2
-978.9 161.9 78.8 193 0 9.2 10.1 5.0 2.5 4 1 2 0 0
-973.9 139.2 78.5 136 0 8.6 8.1 7.5 2.5 2 0 3 3 3
-977.8 212.9 82.3 129 0 7.3 14.5 5.0 2.5 2 1 2 0 0
-996.9 189.6 86.6 18 0 16.6 8.0 5.0 2.5 2 0 2 1 1
-997.5 146.2 83.6 345 0 12.3 11.5 7.5 2.5 4 0 3 4 4
-992.2 238.3 88.8 219 0 19.2 7.1 7.5 2.5 2 0 3 1 1
-942.7 260.2 82.6 223 0 8.9 7.3 7.5 2.5 2 0 3 1 1
-927.7 274.6 82.4 312 0 8.0 11.4 7.5 2.5 4 1 3 5 5
-863.8 252.6 67.7 164 0 9.7 10.9 7.5 2.5 2 1 3 1 1
-865.2 319.1 81.9 1 0 11.1 10.6 5.0 0.0 0 0 2 5 5
-888.6 357.0 85.9 228 0 9.8 23.3 7.5 2.5 2 1 3 1 1
-908.5 351.0 85.6 210 0 8.4 7.3 5.0 2.5 2 0 2 2 2
-725.7 486.6 71.3 233 1 13.0 10.2 14.0 3.5 2 0 4 5 5
-723.1 504.6 69.1 232 0 10.2 7.3 14.0 3.5 4 0 4 3 3
-702.1 465.2 71.2 335 0 6.0 9.9 14.0 3.5 2 1 4 4 4
-908.9 371.7 84.8 32 0 16.1 9.8 10.5 3.5 2 0 3 0 0
-914.8 398.0 80.0 34 0 21.1 9.6 10.5 3.5 2 0 3 5 5
-906.5 414.5 78.8 35 0 10.6 8.7 10.5 3.5 2 0 3 0 0
-935.6 322.7 85.7 328 0 9.4 16.7 10.5 3.5 2 1 3 3 3
-965.8 323.3 87.9 70 0 9.7 9.5 10.5 3.5 4 0 3 1 1
-981.3 336.7 84.0 149 0 9.1 8.5 10.5 3.5 2 0 3 5 5
-968.5 271.9 88.2 72 0 6.9 12.4 5.0 2.5 2 1 2 1 1
-1038.7 331.1 81.7 269 0 14.4 6.2 7.5 2.5 2 0 3 4 4
-1008.9 341.0 77.8 84 0 16.1 9.4 10.5 3.5 4 0 3 0 0
-996.0 372.6 74.4 254 0 12.7 7.3 10.5 3.5 2 0 3 1 1
-1028.3 369.8 72.7 253 0 11.3 6.5 10.5 3.5 2 0 3 2 2
-1038.4 383.0 71.0 266 0 7.3 8.5 10.5 0.0 0 1 3 4 4
-1056.6 373.9 72.5 250 0 8.1 8.3 10.5 3.5 4 1 3 2 2
-1098.2 365.8 69.5 261 0 6.9 11.0 7.5 2.5 2 1 3 5 5
-1131.5 334.2 70.2 312 0 11.4 8.0 7.5 2.5 2 0 3 5 5
-1129.9 297.3 75.9 179 0 15.1 8.7 5.0 2.5 4 0 2 5 5
-1333.1 -272.3 72.6 174 0 8.3 6.0 10.0 2.5 2 0 4 2 2
-1188.0 -417.6 99.0 70 0 9.5 10.6 7.5 0.0 0 1 3 3 3
-1194.6 -442.0 108.3 291 0 11.5 9.0 7.5 0.0 0 0 3 3 3
-1188.4 -462.6 114.1 175 0 9.7 9.4 7.5 2.5 4 0 3 2 2
-1240.8 -498.6 117.5 170 0 9.4 16.4 7.5 2.5 2 1 3 3 3
-1292.9 -442.0 98.6 44 0 6.5 11.1 7.5 2.5 2 1 3 2 2
-1135.2 -332.8 92.8 211 0 17.1 13.2 15.0 0.0 0 0 6 1 1
-1121.0 -275.8 84.6 227 0 14.7 8.4 5.0 2.5 2 0 2 3 3
-1081.1 -279.7 92.5 318 0 9.0 11.9 7.5 2.5 2 1 3 2 2
-797.1 -361.6 142.0 348 0 8.2 10.5 7.5 0.0 0 1 3 5 5
-986.3 -394.3 131.2 218 0 16.7 8.5 7.5 2.5 2 0 3 4 4
-973.8 -521.8 148.8 145 0 8.9 14.1 7.5 2.5 2 1 3 4 4
-940.6 -538.6 156.8 40 0 6.1 12.7 7.5 2.5 2 1 3 3 3
-921.5 -524.6 159.3 50 0 10.9 7.8 7.5 2.5 2 0 3 4 4
-910.8 -517.3 159.0 58 0 9.6 9.4 7.5 2.5 2 0 3 0 0
-1288.8 173.0 49.4 65 0 16.2 7.2 7.5 2.5 2 0 3 0 0
-1179.6 -60.9 85.7 141 0 7.2 13.2 7.5 2.5 2 1 3 4 4
-1145.2 -58.3 80.3 132 0 10.6 13.5 7.5 2.5 2 1 3 5 5
-1169.7 31.8 95.8 196 0 13.7 7.5 7.5 2.5 2 0 3 2 2
-1249.0 -460.6 109.3 332 0 8.1 7.8 7.5 2.5 2 0 3 4 4
-1300.7 -374.8 87.2 239 0 11.8 8.6 7.5 2.5 2 0 3 5 5
-1346.5 -391.6 83.6 53 0 12.5 9.2 7.5 2.5 2 0 3 4 4
-1412.5 -358.9 77.1 124 0 7.6 17.6 7.5 2.5 2 1 3 4 4
-1413.2 -296.5 72.2 222 0 11.3 10.4 5.0 2.5 2 0 2 2 2
-1449.2 -197.5 60.6 248 0 13.3 15.2 7.5 2.5 2 1 3 2 2
-1451.8 -190.4 59.7 261 0 7.2 6.8 7.5 2.5 4 0 3 5 5
-1529.7 -281.5 47.4 213 0 9.2 16.2 7.5 2.5 2 1 3 0 0
-1541.3 -300.2 46.4 196 0 6.6 9.2 7.5 2.5 2 1 3 3 3
-1590.7 -341.1 40.2 129 0 8.7 7.2 5.0 2.5 2 0 2 0 0
-1704.4 -535.1 45.6 252 0 13.7 9.2 5.0 2.5 2 0 2 2 2
-1741.5 -560.8 40.5 61 0 12.8 9.7 7.5 2.5 2 0 3 2 2
-1773.1 -575.8 40.7 57 0 11.0 6.8 7.5 2.5 2 0 3 5 5
-1791.5 -579.0 40.3 334 0 9.1 10.8 7.5 2.5 4 1 3 2 2
-1816.0 -584.9 39.2 233 0 10.4 12.0 10.5 2.5 2 1 3 2 2
-1841.2 -581.9 33.6 53 0 26.0 6.9 14.0 2.5 2 0 4 2 2
-1813.3 -566.5 36.4 54 0 16.3 8.9 7.5 2.5 2 0 3 5 5
-1839.2 -457.8 8.4 97 0 6.9 7.0 5.0 2.5 2 1 2 5 5
-1732.7 -634.4 54.1 182 0 6.8 10.0 5.0 2.5 2 1 2 5 5
-1676.4 -594.0 60.1 244 0 6.4 7.2 7.5 2.5 2 1 3 2 2
-1561.0 -594.1 84.2 107 0 16.2 10.5 7.5 2.5 2 0 3 1 1
-1564.6 -549.8 81.6 23 0 16.2 8.4 7.5 2.5 4 0 3 1 1
-1507.0 -502.8 83.7 215 0 13.8 7.5 7.5 2.5 4 0 3 4 4
-1450.7 -423.0 79.1 247 0 11.1 14.0 7.5 0.0 0 1 3 1 1
-1370.4 -485.8 87.9 44 0 14.2 8.3 7.5 2.5 2 0 3 0 0
-1374.0 -465.3 83.8 36 0 11.9 7.7 5.0 2.5 2 0 2 4 4
-1347.8 -456.6 88.9 55 0 9.8 6.4 7.5 2.5 2 0 3 3 3
-1351.0 -532.7 102.9 173 0 17.5 9.2 7.5 0.0 0 0 3 5 5
-1431.4 -572.3 96.0 72 0 12.4 7.9 7.5 2.5 2 0 3 2 2
-1450.3 -565.7 93.8 24 0 6.6 8.5 7.5 2.5 2 1 3 5 5
-1479.3 -549.3 90.0 130 0 11.2 8.7 7.5 2.5 2 0 3 1 1
-1470.3 -615.6 97.5 61 0 10.1 7.7 7.5 2.5 2 0 3 5 5
-1297.3 -469.5 106.6 206 0 7.4 8.8 5.0 2.5 2 1 2 0 0
-1299.1 -535.2 116.9 63 0 7.4 7.2 5.0 2.5 2 0 2 5 5
-1330.6 -747.7 140.7 30 0 6.1 9.8 7.5 0.0 0 1 3 3 3
-1335.6 -790.8 145.5 38 0 14.2 11.2 7.5 2.5 4 0 3 2 2
-1255.0 -697.5 148.8 257 0 7.3 9.0 5.0 2.5 2 1 2 2 2
-1067.5 -686.7 158.1 35 0 10.8 39.9 10.0 2.5 2 1 4 3 3
-1051.2 -662.1 157.7 314 0 7.7 20.4 15.0 0.0 0 1 6 3 3
-1136.1 -825.0 162.8 90 0 11.8 42.7 12.5 2.5 2 1 5 3 3
-1139.1 -756.5 161.4 284 0 13.8 19.7 10.0 2.5 4 1 4 5 5
-1201.4 -799.9 156.1 145 0 16.2 9.6 7.5 2.5 2 0 3 0 0
-1192.9 -931.8 156.3 212 0 15.3 7.7 7.5 2.5 2 0 3 4 4
-1203.6 -966.4 156.4 32 0 15.7 8.3 7.5 0.0 0 0 3 5 5
-1204.8 -1024.7 160.9 356 0 13.1 8.5 7.5 2.5 2 0 3 4 4
-1155.1 -1065.1 175.2 1 0 9.9 7.9 5.0 2.5 2 0 2 1 1
-1156.0 -1208.1 180.1 4 0 9.7 14.1 5.0 2.5 2 1 2 2 2
-1193.4 -1215.2 171.0 287 0 6.5 11.2 7.5 0.0 0 1 3 5 5
-1130.4 -1289.9 194.2 52 0 12.8 7.3 7.5 2.5 2 0 3 5 5
-1194.7 -1371.7 187.4 346 0 13.1 8.8 7.5 2.5 2 0 3 1 1
-1202.1 -1282.0 174.5 104 0 10.4 10.1 5.0 2.5 2 0 2 5 5
-1238.6 -1083.1 157.7 67 0 9.7 8.0 7.5 2.5 2 0 3 4 4
-1275.9 -1484.3 175.8 258 0 11.6 7.9 5.0 2.5 2 0 2 5 5
-1205.9 -1482.4 185.6 99 0 6.3 13.7 7.5 2.5 2 1 3 3 3
-1240.2 -1439.1 182.7 87 0 6.1 9.3 7.5 0.0 0 1 3 5 5
-1270.3 -1464.3 177.5 94 0 8.0 12.9 7.5 2.5 2 1 3 2 2
-1281.8 -1415.5 178.1 169 0 8.7 9.9 5.0 2.5 2 1 2 4 4
-1363.7 -1335.1 168.4 329 0 10.5 7.8 7.5 2.5 4 0 3 2 2
-1372.5 -1000.4 146.2 60 0 11.3 7.2 5.0 2.5 2 0 2 1 1
-1355.5 -1300.5 166.4 161 0 11.1 12.3 7.5 2.5 2 1 3 5 5
-1336.8 -1223.9 155.9 10 0 7.5 11.4 7.5 2.5 2 1 3 4 4
-1315.3 -1445.7 177.7 2 0 8.3 9.7 5.0 2.5 2 1 2 1 1
-1305.2 -1500.3 174.9 339 0 12.4 10.8 7.5 2.5 4 0 3 2 2
-1339.6 -1526.9 177.3 74 0 8.1 11.5 7.5 2.5 2 1 3 0 0
-1377.2 -1520.8 182.6 73 0 9.6 10.1 7.5 2.5 2 1 3 3 3
-1400.9 -1498.0 185.9 290 0 10.5 8.9 5.0 2.5 2 0 2 1 1
-1503.2 -1543.9 197.7 47 0 6.7 10.1 7.5 2.5 2 1 3 5 5
-1553.9 -1533.9 197.6 97 0 8.2 12.5 7.5 2.5 2 1 3 2 2
-1439.9 -1719.6 161.1 265 0 10.8 9.2 5.0 2.5 4 0 2 5 5
-1336.8 -1856.4 95.7 102 0 10.0 6.6 7.5 2.5 2 0 3 4 4
-1634.4 -1627.8 187.5 111 0 9.4 16.6 7.5 2.5 2 1 3 1 1
-1462.0 -1535.2 197.0 358 0 6.4 7.8 5.0 2.5 2 1 2 5 5
-1412.4 -1888.2 112.1 20 0 14.9 11.8 7.5 2.5 2 0 3 2 2
-1266.3 -1615.7 149.8 54 0 13.0 10.8 7.5 2.5 2 0 3 5 5
-1174.1 -1770.1 104.2 110 0 7.5 13.1 7.5 2.5 4 1 3 0 0
-1163.3 -1820.6 101.3 153 0 9.2 7.8 7.5 2.5 2 0 3 1 1
-1327.3 -2057.4 40.1 33 0 10.3 7.8 7.5 2.5 2 0 3 2 2
-1241.1 -1989.6 47.0 80 0 6.5 14.5 7.5 2.5 2 1 3 1 1
-1320.1 -1673.6 139.9 62 0 14.8 10.8 7.5 2.5 2 0 3 5 5
-1456.1 -1259.8 155.6 75 0 11.0 12.1 7.5 2.5 2 1 3 2 2
-1472.4 -1226.1 153.9 3 0 8.6 7.0 5.0 2.5 2 0 2 3 3
-1509.1 -1209.8 147.4 170 0 6.3 8.1 5.0 2.5 4 1 2 2 2
-1479.1 -1136.0 142.1 39 0 12.0 14.5 7.5 2.5 4 1 3 2 2
-1512.6 -1118.3 136.3 186 0 10.9 6.5 7.5 2.5 2 0 3 2 2
-1557.8 -1177.6 131.5 106 0 11.2 16.6 7.5 2.5 2 1 3 4 4
-1510.0 -1055.7 131.2 122 0 6.4 11.6 7.5 2.5 2 1 3 2 2
-1482.8 -1008.1 132.2 292 0 7.8 12.2 7.5 2.5 2 1 3 3 3
-1480.0 -1346.1 161.9 359 0 8.8 8.5 7.5 2.5 2 0 3 0 0
-1392.5 -804.0 136.1 122 0 8.3 12.8 5.0 2.5 2 1 2 3 3
-1385.2 -726.4 127.6 226 0 11.6 9.2 7.5 2.5 2 0 3 0 0
-1334.0 -855.7 144.8 209 0 8.2 6.2 7.5 2.5 2 0 3 5 5
-1300.4 -830.7 148.7 20 0 13.1 12.6 7.5 2.5 4 0 3 4 4
-1145.5 -646.0 152.0 219 0 10.0 10.5 7.5 2.5 2 1 3 4 4
-1015.1 395.7 69.3 250 0 13.8 6.2 10.5 0.0 0 0 3 4 4
-973.6 425.2 69.4 233 0 12.7 11.3 10.5 3.5 2 0 3 0 0
-945.4 410.2 75.8 233 0 13.1 8.8 10.5 3.5 2 0 3 3 3
-951.0 423.1 72.8 226 0 13.4 8.5 10.5 3.5 2 0 3 1 1
-964.0 437.9 68.4 227 0 14.4 15.4 10.5 3.5 4 1 3 4 4
-951.7 442.8 69.5 223 0 8.2 8.4 10.5 3.5 2 1 3 0 0
-946.0 456.6 68.1 234 0 11.3 10.9 10.5 3.5 2 0 3 5 5
-915.8 477.2 70.2 230 0 12.0 6.6 10.5 3.5 2 0 3 3 3
-905.4 484.4 71.4 229 0 10.2 8.2 10.5 3.5 2 0 3 4 4
-864.7 513.1 71.2 248 0 16.9 8.1 10.5 3.5 2 0 3 2 2
-835.8 474.0 76.6 79 0 11.3 10.0 10.5 3.5 2 0 3 3 3
-827.2 514.8 68.7 273 0 12.4 11.2 10.5 3.5 2 0 3 0 0
-811.0 505.1 69.5 276 0 10.5 7.2 10.5 3.5 2 0 3 1 1
-813.8 516.7 67.6 268 0 9.3 7.3 10.5 3.5 2 0 3 1 1
-748.7 535.0 62.9 240 0 10.6 10.3 10.5 3.5 2 0 3 1 1
-734.2 543.1 62.0 245 0 12.2 7.0 10.5 3.5 2 0 3 2 2
-724.5 549.0 61.6 244 0 7.6 9.2 10.5 3.5 2 1 3 3 3
-706.8 560.0 60.7 251 0 8.2 8.7 10.5 3.5 2 1 3 4 4
-687.3 567.3 60.4 235 0 14.5 9.4 10.5 3.5 4 0 3 3 3
-672.9 580.9 58.8 226 0 8.7 8.7 10.5 3.5 2 1 3 1 1
-662.7 593.1 56.1 231 0 9.5 12.4 10.5 3.5 4 1 3 2 2
-637.4 608.7 50.8 255 0 9.6 16.8 10.5 3.5 2 1 3 5 5
-624.5 617.5 46.8 248 0 10.1 17.2 10.5 3.5 2 1 3 1 1
-604.7 620.8 44.0 278 0 9.8 9.4 10.5 3.5 4 0 3 0 0
-395.2 685.3 36.2 242 1 11.1 10.2 14.0 3.5 2 0 4 3 3
-340.4 716.4 35.0 57 0 11.7 9.8 14.0 3.5 4 0 4 2 2
-360.8 703.6 34.9 63 0 9.2 6.6 14.0 3.5 2 0 4 5 5
-385.9 698.2 35.0 86 0 10.4 6.4 14.0 3.5 2 0 4 1 1
-257.5 454.4 77.1 236 0 12.4 7.5 10.5 3.5 2 0 3 2 2
-205.5 437.6 87.0 57 0 14.5 7.4 10.5 3.5 2 0 3 5 5
-224.1 348.0 97.8 92 0 10.0 32.2 10.5 3.5 2 1 3 0 0
-159.8 462.6 89.1 356 0 9.2 14.4 10.5 3.5 2 1 3 0 0
-137.2 490.4 86.4 65 0 12.3 9.3 10.5 3.5 2 0 3 3 3
-152.8 521.3 81.4 241 0 11.8 7.5 10.5 3.5 2 0 3 2 2
-169.5 550.6 73.7 188 0 13.2 7.0 10.5 3.5 2 0 3 1 1
-150.8 560.7 74.5 252 0 9.1 16.4 10.5 3.5 2 1 3 1 1
-195.7 518.9 76.0 164 0 10.6 13.3 10.5 0.0 0 1 3 4 4
-198.7 506.9 77.9 195 0 12.8 6.3 10.5 3.5 2 0 3 1 1
-121.9 496.2 87.1 63 0 12.8 7.7 10.5 3.5 2 0 3 3 3
-105.0 520.9 85.3 331 0 8.3 12.7 10.5 3.5 2 1 3 0 0
-164.4 641.9 61.9 143 1 11.3 10.8 14.0 3.5 2 0 4 1 1
-100.4 578.4 74.6 331 0 11.7 15.4 10.5 3.5 2 1 3 4 4
-124.7 592.7 71.9 241 0 12.2 13.4 10.5 3.5 2 1 3 3 3
-135.1 563.4 75.5 245 0 14.2 9.8 10.5 3.5 2 0 3 5 5
-288.1 951.3 37.6 201 0 12.5 19.4 14.0 3.5 2 1 4 3 3
-247.0 1011.3 42.2 212 0 8.3 8.5 14.0 0.0 0 1 4 3 3
-203.4 1007.9 42.2 61 0 20.9 7.3 14.0 3.5 2 0 4 3 3
-175.6 1041.8 45.1 121 0 8.4 16.7 14.0 0.0 0 1 4 3 3
-148.2 1034.2 44.0 77 0 13.7 20.9 14.0 3.5 2 1 4 3 3
-131.3 1001.1 42.3 183 0 9.7 21.4 10.5 3.5 4 1 3 0 0
-111.5 1019.0 41.7 214 0 7.6 7.5 10.5 3.5 2 0 3 0 0
-103.7 1030.6 41.6 212 0 19.3 13.8 10.5 3.5 2 0 3 4 4
-75.4 1069.8 42.2 307 0 13.1 37.9 10.5 3.5 4 1 3 1 1
-63.0 1071.1 41.4 237 0 6.9 8.1 10.5 3.5 2 1 3 5 5
-52.6 1076.4 40.4 233 0 11.6 11.1 10.5 0.0 0 0 3 2 2
-38.8 1079.0 40.0 233 0 11.2 6.1 10.5 3.5 2 0 3 0 0
-16.6 1082.0 37.2 239 0 13.3 14.6 10.5 3.5 2 1 3 2 2
-2.5 1092.3 37.3 227 0 10.6 10.7 10.5 3.5 2 1 3 4 4
-7.6 1101.2 38.7 232 0 10.8 8.1 10.5 3.5 2 0 3 1 1
4.9 1128.7 40.2 283 0 7.0 10.2 10.5 3.5 4 1 3 0 0
207.8 1145.1 31.0 210 0 9.0 9.3 10.5 3.5 2 1 3 5 5
-46.8 515.5 91.3 69 0 25.5 12.9 14.0 3.5 2 0 4 0 0
-3498.1 6555.7 -190.9 15 0 7.8 39.5 17.5 3.5 2 1 5 5 5
-3512.9 6613.3 -192.5 4 0 9.2 22.0 17.5 3.5 2 1 5 5 5
-3493.5 6617.7 -192.3 6 0 23.9 12.8 17.5 3.5 2 0 5 1 1
-3540.2 6528.0 -189.7 348 0 11.9 29.6 17.5 0.0 0 1 5 1 1
-3588.9 6462.2 -189.9 105 0 8.9 21.0 17.5 3.5 2 1 5 5 5
-3692.5 6560.2 -191.2 275 0 19.0 46.5 3.5 3.5 2 1 1 2 2
-3740.1 6627.2 -194.1 89 0 42.1 9.6 17.5 3.5 2 0 5 2 2
-3322.3 6647.9 -195.2 270 0 8.4 20.2 14.0 3.5 2 1 4 1 1
-3367.5 6645.8 -193.8 272 0 10.5 29.3 14.0 3.5 2 1 4 0 0
-3390.1 6651.7 -193.5 268 0 14.3 31.9 14.0 3.5 2 1 4 3 3
-3400.7 6600.7 -192.5 165 0 9.3 26.9 14.0 3.5 2 1 4 4 4
-3367.5 6577.7 -193.1 89 0 7.8 28.5 14.0 3.5 2 1 4 4 4
-3313.0 6603.6 -193.9 359 0 15.3 8.1 14.0 3.5 2 0 4 2 2
-3290.6 6595.3 -193.8 13 0 47.7 10.8 14.0 3.5 4 0 4 1 1
8.7 1145.5 41.7 186 0 8.0 9.7 10.5 0.0 0 1 3 0 0
23.4 1131.2 38.7 199 0 11.0 9.3 10.5 3.5 2 0 3 0 0
31.7 1142.5 39.5 201 0 8.4 7.1 10.5 3.5 2 0 3 2 2
95.0 1176.5 35.5 315 0 12.2 12.5 10.5 3.5 2 1 3 2 2
82.3 1187.5 36.7 309 0 11.5 8.3 10.5 3.5 2 0 3 3 3
68.3 1191.2 38.1 271 0 7.8 9.8 10.5 3.5 2 1 3 5 5
228.4 1122.4 32.0 241 0 23.0 10.7 10.5 3.5 2 0 3 4 4
250.0 1141.4 31.1 51 0 10.7 7.3 10.5 3.5 2 0 3 4 4
1477.1 1512.5 119.1 352 0 6.7 22.7 7.5 2.5 2 1 3 4 4
1434.7 1439.3 116.0 254 0 12.9 20.0 7.5 2.5 4 1 3 2 2
1283.4 1349.6 114.0 271 0 16.7 16.4 17.5 0.0 0 0 7 3 3
1319.7 1357.0 113.0 276 0 11.7 15.6 7.5 2.5 2 1 3 5 5
1196.8 1406.0 102.5 83 0 15.4 8.5 7.5 2.5 2 0 3 1 1
1232.8 1434.4 97.0 358 0 8.3 15.5 7.5 2.5 2 1 3 2 2
1107.0 1350.9 104.6 55 0 15.2 9.9 7.5 2.5 2 0 3 3 3
729.8 2358.1 184.8 84 0 10.9 9.7 5.0 2.5 2 0 2 2 2
1007.2 2357.6 131.6 59 0 14.6 22.5 10.0 2.5 2 1 4 1 1
1041.1 2543.1 180.9 108 0 15.1 15.5 7.5 2.5 2 1 3 1 1
864.0 2334.4 152.6 22 0 15.1 11.0 7.5 2.5 2 0 3 3 3
817.3 2233.4 132.8 240 0 43.9 14.1 12.5 2.5 4 0 5 0 0
747.2 2196.1 134.0 159 0 31.1 10.4 12.5 2.5 2 0 5 1 1
852.1 2128.6 100.7 104 0 33.3 13.1 10.0 2.5 2 0 4 1 1
722.9 2086.1 126.3 332 0 15.3 25.9 12.5 2.5 2 1 5 5 5
728.4 2097.0 130.0 327 0 10.0 7.2 7.5 2.5 2 0 3 1 1
717.3 2141.2 136.9 335 0 11.2 29.8 10.0 2.5 2 1 4 1 1
692.8 2180.0 140.2 231 0 9.0 24.1 7.5 0.0 0 1 3 5 5
683.1 2163.7 140.9 235 0 17.3 13.0 7.5 2.5 2 0 3 0 0
653.1 2185.2 151.2 226 0 12.9 7.4 5.0 2.5 2 0 2 4 4
669.6 2197.5 146.5 240 0 10.1 18.2 5.0 2.5 2 1 2 4 4
702.2 2208.9 145.5 319 0 12.1 11.2 7.5 2.5 2 0 3 1 1
728.1 2267.8 154.4 83 0 8.8 8.5 7.5 2.5 2 0 3 0 0
762.7 2262.0 147.9 109 0 14.1 10.1 7.5 2.5 2 0 3 2 2
786.6 2219.9 136.1 326 0 9.5 10.8 7.5 2.5 2 1 3 5 5
860.2 2165.1 106.3 203 0 11.6 8.1 7.5 2.5 2 0 3 5 5
792.3 2088.5 111.2 345 1 11.7 10.2 10.0 2.5 4 0 4 0 0
773.2 2100.1 115.0 258 0 6.6 22.9 7.5 2.5 2 1 3 3 3
751.8 2061.1 114.1 221 0 24.3 11.3 10.0 0.0 0 0 4 5 5
224.3 1791.1 85.4 59 0 13.3 11.0 7.5 2.5 2 0 3 2 2
233.5 1816.4 87.7 217 0 11.7 12.3 7.5 2.5 2 1 3 4 4
273.3 1933.0 110.3 28 0 10.4 8.7 7.5 2.5 2 0 3 4 4
209.9 1764.0 83.5 39 1 12.4 10.8 10.0 2.5 2 0 4 0 0
220.9 1747.8 81.2 45 0 10.8 6.6 7.5 2.5 2 0 3 4 4
171.4 1700.7 79.3 350 0 11.2 11.3 7.5 2.5 2 1 3 0 0
179.1 1719.3 79.9 76 0 10.2 9.3 7.5 2.5 2 0 3 5 5
167.3 1562.7 65.6 356 0 7.3 10.8 7.5 2.5 2 1 3 0 0
169.2 1557.1 64.8 272 0 8.5 7.7 5.0 2.5 2 0 2 5 5
41.3 1545.1 75.9 213 0 8.2 9.4 7.5 2.5 2 1 3 0 0
-458.6 1358.9 89.1 351 0 20.4 12.4 14.0 3.5 2 0 4 0 0
-354.7 1294.3 69.5 246 1 13.6 14.3 14.0 3.5 2 1 4 5 5
-326.9 1334.2 83.9 57 1 10.8 12.8 14.0 3.5 2 1 4 0 0
-316.3 1317.5 77.1 214 1 11.1 20.4 14.0 3.5 2 1 4 3 3
-273.9 1291.7 73.9 24 0 10.9 23.3 14.0 0.0 0 1 4 3 3
-254.0 1396.3 80.9 217 1 10.1 15.3 14.0 3.5 4 1 4 3 3
-99.8 1436.8 79.7 87 0 7.5 10.3 10.5 3.5 2 1 3 0 0
-26.8 1335.8 69.5 103 0 11.2 17.0 10.5 3.5 4 1 3 4 4
47.6 1378.0 62.3 28 0 17.6 9.7 10.5 3.5 2 0 3 2 2
-1.3 1303.9 66.2 42 0 13.5 11.7 10.5 3.5 2 0 3 3 3
15.6 1323.7 64.3 39 0 17.4 9.7 10.5 3.5 2 0 3 5 5
-19.3 1434.8 76.0 279 0 8.5 16.7 10.5 3.5 2 1 3 1 1
-8.3 1425.8 74.8 285 0 9.5 12.4 10.5 0.0 0 1 3 1 1
-0.8 1410.8 73.3 267 0 9.6 9.8 10.5 3.5 2 1 3 5 5
-2.7 1392.5 73.2 303 0 9.8 7.8 10.5 3.5 2 0 3 5 5
-35.9 1434.7 77.8 337 0 9.0 9.3 10.5 3.5 2 1 3 5 5
-49.2 1408.2 76.4 180 0 9.2 10.3 10.5 3.5 2 1 3 0 0
-64.3 1434.7 79.5 156 0 7.8 12.5 10.5 3.5 2 1 3 2 2
-35.3 1389.8 74.2 196 0 9.3 8.5 10.5 3.5 2 0 3 3 3
-61.6 1380.7 74.2 191 0 9.0 8.2 10.5 3.5 2 0 3 5 5
-2698.6 6899.6 -197.7 62 0 13.6 52.9 14.0 3.5 2 1 4 0 0
