4163.7 5891.1 12.6 304 0 9.5 19.7 7.5 2.5 2 1 3 4 4
3646.4 5489.7 19.2 251 0 12.4 9.5 10.0 2.5 2 0 4 5 5
3645.5 5364.1 16.9 11 0 9.3 14.0 7.5 2.5 2 1 3 5 5
3658.2 5426.9 16.8 357 0 21.5 8.8 2.5 2.5 2 0 1 1 1
3610.8 5335.5 16.1 104 0 12.5 11.2 7.5 2.5 2 0 3 5 5
3553.7 5428.2 19.0 156 0 7.8 15.7 7.5 2.5 2 1 3 2 2
3490.1 5308.1 14.7 2 0 10.8 8.1 7.5 2.5 2 0 3 3 3
3705.1 5539.9 17.3 215 0 12.8 9.8 5.0 2.5 2 0 2 5 5
3738.5 5568.6 16.2 234 0 15.4 17.2 7.5 2.5 2 1 3 5 5
3735.2 5658.5 15.6 260 0 8.1 13.0 10.0 0.0 0 1 4 2 2
3745.0 5602.7 16.0 63 0 10.5 10.3 7.5 2.5 2 0 3 3 3
3474.6 5276.3 14.2 101 0 7.9 8.7 5.0 2.5 2 1 2 4 4
-6848.2 -4408.7 -31.5 62 0 7.6 14.0 7.5 2.5 2 1 3 3 3
-6823.5 -4241.7 -30.1 38 0 8.5 10.1 7.5 2.5 2 1 3 0 0
-432.1 4358.2 11.8 23 0 12.5 10.7 2.5 2.5 4 0 1 1 1
-404.4 4327.8 12.3 355 0 8.6 7.7 2.5 2.5 4 0 1 1 1
-388.9 4283.3 10.2 344 0 12.5 8.3 2.5 2.5 2 0 1 0 0
-201.2 4406.5 13.4 235 0 8.3 7.7 2.5 0.0 0 0 1 2 2
1042.6 4240.4 24.8 88 0 7.9 6.6 7.5 2.5 2 0 3 0 0
