2160.8 1048.7 6.7 239 0 33.4 44.6 12.5 0.0 0 0 5 4 4
6832.9 -6188.9 -11.5 339 0 9.5 16.1 2.5 2.5 2 0 1 5 5
6800.2 -6205.6 -13.6 340 0 9.5 18.3 12.5 2.5 2 0 5 3 3
6770.7 -6201.5 -14.4 192 0 9.6 10.8 7.5 2.5 2 0 3 4 4
6806.3 -6233.1 -13.0 345 0 11.9 12.8 5.0 2.5 2 1 2 0 0
6817.3 -6244.2 -12.9 340 0 11.0 20.2 12.5 2.5 2 1 5 0 0
6766.9 -6241.3 -14.7 153 0 10.1 15.0 10.0 2.5 2 1 4 0 0
6778.5 -6276.1 -14.1 159 0 10.2 23.0 10.0 0.0 0 1 4 5 5
6911.2 -6318.8 -7.7 128 0 6.2 16.2 10.0 2.5 2 1 4 1 1
6892.9 -6311.8 -8.5 129 0 14.4 18.1 10.0 2.5 2 1 4 4 4
6850.5 -6264.0 -10.3 153 0 17.5 10.7 7.5 2.5 2 0 3 0 0
6854.8 -6401.0 -13.6 342 0 17.4 21.2 10.0 0.0 0 0 4 2 2
6911.4 -6356.3 -8.2 59 0 7.6 13.3 7.5 0.0 0 1 3 4 4
6892.0 -6454.5 -10.7 159 0 7.2 13.6 2.5 2.5 2 1 1 4 4
6877.4 -6419.5 -11.2 151 0 9.7 18.6 10.0 2.5 2 1 4 1 1
6884.2 -6442.5 -11.0 163 0 9.7 11.6 7.5 2.5 2 1 3 3 3
6904.6 -6438.5 -10.0 351 0 11.3 7.2 10.0 0.0 0 0 4 1 1
6910.1 -6374.7 -9.1 337 0 10.2 13.9 7.5 2.5 2 1 3 0 0
6865.9 -6377.6 -11.0 153 0 11.4 15.4 5.0 2.5 2 1 2 2 2
6864.3 -6348.0 -10.6 221 0 17.7 15.8 17.5 0.0 0 0 7 2 2
6761.2 -6127.4 -15.3 326 0 7.7 9.8 7.5 2.5 2 1 3 0 0
6766.6 -6182.8 -15.4 48 0 12.2 15.0 5.0 0.0 0 1 2 2 2
6755.5 -6218.3 -16.1 13 0 14.6 11.5 7.5 2.5 4 0 3 1 1
6749.8 -6238.2 -16.5 12 0 16.4 11.5 7.5 2.5 2 0 3 5 5
6775.8 -6296.7 -15.3 338 0 13.0 17.0 7.5 2.5 2 1 3 1 1
6768.3 -6328.1 -15.0 147 0 8.5 9.2 5.0 2.5 2 1 2 5 5
6773.2 -6349.2 -15.1 145 0 24.7 17.1 10.0 2.5 2 0 4 0 0
6796.2 -6368.8 -14.4 142 0 7.1 6.5 2.5 2.5 2 0 1 2 2
6828.0 -6354.8 -12.8 316 0 8.9 9.6 10.0 2.5 4 1 4 4 4
6882.1 -6494.6 -12.4 88 0 18.5 9.2 7.5 2.5 2 0 3 3 3
1984.9 894.0 5.2 197 0 13.2 17.6 7.5 2.5 2 1 3 4 4
1968.4 815.4 1.0 94 0 13.6 19.7 12.5 2.5 2 1 5 5 5
1938.2 830.0 0.0 189 0 13.7 12.4 7.5 2.5 4 0 3 1 1
2061.3 789.6 3.3 356 0 9.9 9.9 7.5 2.5 2 0 3 1 1
2053.4 808.8 4.0 260 0 9.9 15.2 7.5 2.5 2 1 3 1 1
2097.6 745.0 2.0 3 0 13.5 24.5 7.5 0.0 0 1 3 1 1
2054.7 761.1 1.4 180 0 14.8 19.6 12.5 0.0 0 1 5 3 3
2124.2 886.8 7.3 70 0 24.6 18.0 5.0 0.0 0 0 2 0 0
1992.4 801.2 1.4 98 0 16.7 10.9 7.5 2.5 2 0 3 1 1
1952.5 881.1 2.3 262 0 12.8 16.3 7.5 0.0 0 1 3 5 5
2060.3 964.4 6.8 340 0 16.6 18.7 10.0 2.5 2 1 4 2 2
1982.6 964.3 3.6 170 0 11.8 17.8 5.0 2.5 4 1 2 3 3
2012.4 793.2 2.2 96 0 12.0 11.3 7.5 2.5 2 0 3 5 5
2647.3 -1556.9 -13.2 224 0 10.1 26.7 12.5 2.5 2 1 5 5 5
862.9 2136.8 4.0 131 0 13.3 21.8 10.0 2.5 4 1 4 1 1
5616.5 -3835.9 1.0 230 0 8.7 13.1 10.0 2.5 2 1 4 2 2
5651.0 -3887.7 4.8 342 0 12.4 7.3 10.5 2.5 2 0 3 1 1
5640.3 -3770.6 -3.9 62 0 10.7 14.9 7.5 2.5 2 1 3 5 5
1359.1 6040.5 9.5 221 0 14.4 28.4 15.0 0.0 0 1 6 0 0
1349.5 6002.3 8.0 126 0 14.3 23.0 10.0 0.0 0 1 4 3 3
1406.5 5993.5 8.5 26 0 19.6 35.1 12.5 0.0 0 1 5 0 0
1394.2 5975.6 7.7 35 0 13.8 33.3 7.5 2.5 4 1 3 3 3
6895.5 -4969.4 2.3 356 0 17.0 27.0 12.5 2.5 2 1 5 1 1
