3857.4 6902.3 7.2 270 0 97.1 75.2 12.5 0.0 0 0 5 2 2
4758.1 6268.9 43.6 270 0 18.4 15.0 10.0 2.5 2 0 4 5 5
-915.0 6674.4 -51.6 47 0 7.3 7.4 7.5 2.5 2 0 3 2 2
-812.3 6832.6 -48.8 18 0 17.0 13.5 5.0 2.5 2 0 2 0 0
-922.6 6683.8 -52.0 45 0 8.0 25.4 2.5 2.5 2 0 1 2 2
-962.2 6641.7 -51.9 58 0 11.6 12.2 5.0 2.5 2 0 2 3 3
-879.5 6657.5 -51.0 241 0 10.5 10.8 7.5 2.5 2 1 3 1 1
-843.1 6682.8 -51.6 194 0 8.8 12.8 10.0 2.5 2 1 4 3 3
-900.2 6682.8 -51.6 50 0 7.2 7.0 7.5 2.5 2 0 3 0 0
-827.4 6741.0 -51.9 203 0 9.0 13.1 2.5 2.5 2 1 1 5 5
-1566.2 6770.1 -49.1 293 0 14.2 14.3 7.5 2.5 2 1 3 5 5
-884.8 6707.9 -51.8 46 0 40.9 11.1 7.5 2.5 2 0 3 2 2
-891.0 6651.0 -50.9 246 0 14.4 11.4 5.0 2.5 2 0 2 4 4
-856.7 6738.6 -51.7 42 0 36.6 8.1 7.5 2.5 2 0 3 1 1
-1555.5 6757.8 -48.9 20 0 13.1 6.3 10.0 2.5 2 0 4 4 4
-803.8 6846.4 -48.7 44 0 10.9 25.4 12.5 2.5 2 1 5 0 0
-431.0 6418.5 -21.2 42 0 9.6 14.7 7.5 0.0 0 1 3 5 5
-502.6 6467.6 -27.1 103 0 10.8 9.9 7.5 2.5 2 0 3 2 2
