-2814.3 -4366.1 16.2 66 0 60.2 39.0 10.5 0.0 0 0 3 2 2
-4412.3 -5728.0 7.0 59 0 10.2 9.6 5.0 2.5 2 0 2 5 5
-4432.1 -5629.0 4.7 221 0 6.2 9.3 7.5 2.5 2 0 3 5 5
-4351.9 -5729.6 7.6 153 0 7.7 12.7 7.5 2.5 2 0 3 4 4
-4333.1 -5725.5 7.6 57 0 7.1 15.2 5.0 2.5 2 0 2 1 1
-4312.6 -5683.4 8.3 67 0 8.9 13.0 7.5 2.5 2 0 3 5 5
-4381.5 -5659.8 6.3 167 0 11.4 6.9 10.0 2.5 2 0 4 2 2
-4276.0 -5654.7 8.1 278 0 12.8 8.3 2.5 0.0 0 0 1 0 0
6726.6 -4200.0 -21.4 300 0 8.6 17.8 5.0 2.5 2 1 2 1 1
6769.7 -4362.3 -20.4 133 0 11.7 13.7 7.5 2.5 2 1 3 0 0
6833.8 -4331.5 -22.6 304 0 12.3 8.5 2.5 2.5 2 0 1 2 2
6880.9 -4341.0 -23.5 132 0 11.1 10.9 7.5 2.5 2 0 3 3 3
