-3786.6 5890.2 -8.0 209 0 15.7 15.0 7.0 3.5 2 0 2 1 1
-6147.6 -350.2 -12.0 97 0 17.0 12.7 2.5 2.5 2 0 1 2 2
-5541.4 1317.9 -9.4 29 0 30.0 29.6 10.0 0.0 0 0 4 5 5
-5563.9 1372.7 -7.8 207 0 49.5 27.3 12.5 0.0 0 0 5 3 3
-5491.7 1371.3 -11.6 27 0 36.3 24.2 10.0 0.0 0 0 4 0 0
-5683.5 1052.4 -12.9 28 0 28.0 43.2 12.5 0.0 0 0 5 2 2
-5764.0 962.0 -10.8 208 0 34.1 35.4 12.5 0.0 0 0 5 5 5
-5766.9 984.1 -8.4 119 0 11.8 13.2 2.5 2.5 2 0 1 1 1
-5756.0 993.5 -8.1 118 0 15.3 16.1 2.5 2.5 2 0 1 0 0
-5760.5 984.4 -8.8 208 0 11.5 11.2 7.5 2.5 2 0 3 1 1
-5745.2 1021.3 -7.2 208 0 18.0 19.2 10.0 2.5 2 0 4 2 2
-5596.0 1307.8 -8.3 119 0 13.0 13.2 10.0 2.5 2 0 4 0 0
-5603.5 1295.0 -8.6 119 0 13.0 13.2 5.0 2.5 2 0 2 1 1
-5610.6 1282.7 -8.7 119 0 13.0 13.2 5.0 2.5 2 0 2 3 3
-5663.2 1356.3 -7.3 256 0 30.1 29.0 10.0 0.0 0 0 4 3 3
-5602.2 1408.0 -6.7 118 0 24.6 17.9 10.0 2.5 2 0 4 5 5
-5286.1 2589.9 -11.4 235 0 14.9 37.9 12.5 2.5 2 1 5 2 2
-6293.3 -254.7 -10.7 335 0 68.6 23.3 12.5 2.5 2 0 5 0 0
-6344.0 -120.0 -10.4 288 0 21.3 56.3 12.5 2.5 2 1 5 1 1
-6415.0 -96.9 -11.1 288 0 21.5 53.7 10.0 2.5 2 1 4 5 5
-6363.0 -317.3 -8.8 65 0 21.8 69.7 12.5 2.5 2 1 5 1 1
-6379.9 -106.9 -10.8 289 0 21.9 55.4 12.5 2.5 2 1 5 3 3
-6353.5 -215.8 -11.0 336 0 71.2 23.6 15.0 0.0 0 0 6 5 5
-6443.0 -265.1 -9.7 157 0 70.1 23.4 10.0 0.0 0 0 4 2 2
-5495.1 1621.5 -8.7 207 0 19.3 17.0 7.5 2.5 2 0 3 0 0
-6269.0 -304.6 -9.0 335 0 23.0 67.6 12.5 2.5 2 1 5 3 3
-6431.0 -163.5 -11.5 247 0 21.4 69.2 12.5 2.5 2 1 5 3 3
-5634.0 1241.4 -9.5 207 0 19.9 14.0 15.0 2.5 2 0 6 4 4
-5636.2 1230.0 -9.9 297 0 10.4 19.9 7.5 2.5 2 0 3 3 3
-5658.3 1156.6 -13.5 27 0 13.8 14.0 12.5 2.5 2 0 5 5 5
-5627.0 1261.4 -9.0 207 0 19.9 14.0 10.0 2.5 2 0 4 5 5
-5594.3 1277.7 -9.1 117 0 10.6 19.9 12.5 2.5 2 0 5 1 1
-5607.6 1272.0 -9.4 206 0 19.9 14.0 10.0 2.5 2 0 4 2 2
-5639.8 1196.6 -10.8 26 0 13.8 14.0 10.0 2.5 2 0 4 3 3
-5648.6 1175.8 -12.0 26 0 13.8 14.0 10.0 2.5 2 0 4 4 4
-4753.2 3115.2 -12.0 346 0 18.6 35.9 7.5 2.5 2 0 3 5 5
-5160.5 3072.4 -1.8 179 0 8.5 27.5 10.0 0.0 0 1 4 5 5
-4868.9 3108.6 -8.9 119 0 10.4 20.3 10.0 0.0 0 0 4 3 3
-5071.2 3178.6 -4.4 289 0 20.0 33.9 10.0 2.5 2 1 4 1 1
-5154.2 2320.9 -5.5 14 0 10.8 17.6 7.5 2.5 2 0 3 0 0
-4967.1 3080.6 -6.0 182 0 9.6 10.1 7.5 0.0 0 1 3 0 0
-5133.4 3118.3 -2.1 23 0 13.7 15.7 7.5 2.5 2 1 3 0 0
-5145.7 2747.1 -6.4 268 0 14.5 13.9 7.5 2.5 2 0 3 1 1
-5142.5 2245.9 -6.0 29 0 8.5 15.8 5.0 2.5 2 0 2 1 1
-5163.0 2801.5 -4.8 269 0 13.8 16.4 7.5 2.5 4 1 3 2 2
-5148.5 2208.1 -6.2 32 0 7.6 11.4 5.0 2.5 2 0 2 4 4
-5038.6 2709.0 -9.1 305 0 11.9 31.1 10.0 2.5 2 1 4 0 0
-4771.2 3071.6 -14.5 23 0 18.0 10.7 5.0 2.5 2 0 2 5 5
-5116.0 2429.5 -3.0 44 0 13.2 16.2 5.0 2.5 2 0 2 1 1
-5104.7 2746.9 -7.4 111 0 16.1 8.2 2.5 2.5 2 0 1 0 0
-4772.5 3145.0 -10.0 17 0 16.1 16.8 12.5 2.5 2 1 5 5 5
-5172.1 3157.4 -1.4 211 0 17.1 11.9 7.5 0.0 0 0 3 2 2
-4951.9 3040.7 -6.5 91 0 14.4 17.2 7.5 2.5 2 1 3 3 3
-5168.3 2239.8 -5.6 34 0 10.2 12.3 7.5 2.5 2 0 3 4 4
-5126.6 3137.9 -2.7 107 0 11.3 9.5 5.0 2.5 2 0 2 5 5
-4984.5 3175.4 -4.8 160 0 9.0 14.2 5.0 2.5 2 1 2 0 0
-4862.9 3033.0 -10.7 292 0 16.0 21.1 12.5 2.5 2 1 5 3 3
-4820.1 3113.8 -9.4 104 0 17.8 24.5 12.5 2.5 4 1 5 3 3
-4993.4 2742.0 -6.6 89 0 19.4 19.1 10.0 2.5 2 0 4 2 2
-5139.4 3161.1 -2.2 288 0 9.9 16.5 10.0 2.5 2 1 4 2 2
-4942.6 2663.9 -16.3 23 0 31.0 27.0 12.5 0.0 0 0 5 3 3
-5105.6 2862.4 -5.1 89 0 11.1 6.6 5.0 2.5 2 0 2 0 0
-5124.0 2825.1 -5.1 269 0 12.1 14.9 7.5 2.5 2 1 3 3 3
-5112.3 2462.5 -2.8 1 0 14.2 22.6 10.0 2.5 2 1 4 1 1
-5145.3 2343.5 -4.7 0 0 15.4 20.8 15.0 0.0 0 1 6 4 4
-5084.1 3117.0 -4.3 97 0 25.1 10.6 7.5 0.0 0 0 3 1 1
-5083.3 2431.7 -3.7 1 0 9.6 13.5 7.5 2.5 2 1 3 5 5
-4902.6 2940.8 -9.7 103 0 11.7 12.3 7.5 2.5 2 1 3 4 4
-4925.5 3137.8 -4.9 91 0 14.7 15.5 5.0 2.5 2 1 2 1 1
-5145.7 2531.4 -4.6 269 0 7.2 10.0 5.0 2.5 2 1 2 1 1
-5105.6 2849.8 -5.3 90 0 11.0 12.5 10.0 2.5 2 1 4 2 2
-4807.7 3069.3 -14.1 290 0 10.1 34.3 10.0 2.5 2 1 4 0 0
-5082.7 2452.4 -3.5 360 0 12.8 18.4 7.5 2.5 2 1 3 2 2
-4982.5 3157.1 -5.2 155 0 14.0 16.9 7.5 2.5 2 1 3 5 5
-5081.9 2381.0 -4.4 2 0 13.3 14.7 5.0 2.5 2 1 2 1 1
-5151.7 2976.6 -2.6 89 0 15.3 23.5 10.0 2.5 2 1 4 5 5
-4844.4 3108.8 -9.4 133 0 13.5 15.8 2.5 2.5 2 0 1 3 3
-5162.5 2367.3 -4.0 1 0 8.0 12.7 5.0 2.5 2 1 2 1 1
-5061.7 2471.2 -3.7 2 0 12.2 10.2 10.0 2.5 2 0 4 3 3
-5044.2 2881.6 -4.1 179 0 15.4 15.5 5.0 0.0 0 1 2 5 5
-5159.8 2747.5 -7.2 270 0 13.9 15.2 7.5 0.0 0 1 3 0 0
-5072.9 2424.8 -3.9 1 0 12.8 13.3 5.0 2.5 2 1 2 5 5
-4818.4 3092.6 -11.5 107 0 7.2 10.5 10.0 2.5 2 1 4 5 5
-5020.4 2953.5 -4.4 114 0 6.4 12.0 7.5 2.5 2 1 3 4 4
-5159.0 2174.2 -8.1 27 0 9.8 16.3 10.0 2.5 4 1 4 4 4
-4923.3 3122.3 -6.8 90 0 14.8 13.5 10.0 2.5 2 0 4 1 1
-5141.7 2540.6 -5.4 268 0 10.2 8.5 7.5 2.5 2 0 3 1 1
-4849.3 2998.7 -11.1 21 0 9.7 11.7 7.5 0.0 0 1 3 4 4
-4896.9 3169.8 -4.8 299 0 14.3 10.9 7.5 2.5 2 0 3 5 5
-5112.8 2563.6 -6.9 72 0 13.8 7.3 7.5 2.5 2 0 3 5 5
-4788.8 3090.9 -12.3 114 0 14.5 16.8 5.0 2.5 4 1 2 1 1
-5166.7 2252.1 -5.8 32 0 11.2 8.6 5.0 2.5 2 0 2 1 1
-5156.8 2732.6 -7.6 271 0 12.4 7.7 2.5 2.5 2 0 1 0 0
-5038.9 3031.7 -3.7 359 0 20.8 29.9 10.0 0.0 0 1 4 1 1
-5151.1 2184.6 -7.9 2 0 9.1 11.9 10.0 2.5 2 1 4 3 3
-5098.6 2326.2 -5.3 1 0 18.9 15.6 7.5 2.5 4 0 3 0 0
-4797.4 3100.5 -11.2 112 0 9.4 7.1 7.5 2.5 2 0 3 2 2
-5127.4 2544.8 -5.9 267 0 6.6 12.8 5.0 2.5 2 1 2 1 1
-4859.8 3094.1 -10.7 92 0 10.4 11.1 5.0 2.5 4 1 2 1 1
-4791.2 3110.9 -10.3 109 0 15.7 8.9 7.5 2.5 2 0 3 3 3
-5158.8 2209.6 -6.0 1 0 13.2 10.3 5.0 2.5 2 0 2 0 0
-5176.3 2464.6 -2.8 180 0 11.7 10.2 7.5 2.5 2 0 3 4 4
-5108.8 2305.4 -5.3 20 0 9.5 16.6 7.5 2.5 2 1 3 1 1
-4806.3 3057.7 -14.5 201 0 10.8 7.9 7.5 2.5 2 0 3 0 0
-4846.2 3087.0 -11.7 106 0 13.8 11.9 10.0 2.5 2 0 4 0 0
-5085.1 2406.6 -3.8 359 0 12.5 16.4 5.0 2.5 2 1 2 3 3
-5165.4 2965.1 -2.7 90 0 11.9 23.5 7.5 2.5 2 1 3 3 3
-5170.3 2214.5 -5.4 33 0 9.3 9.6 7.5 2.5 2 1 3 4 4
-5178.7 2419.2 -3.4 181 0 12.3 16.1 10.0 0.0 0 1 4 2 2
-5169.3 2393.8 -3.0 180 0 13.8 12.8 7.5 2.5 2 0 3 5 5
-4828.9 3082.2 -12.6 101 0 21.1 14.0 7.5 2.5 2 0 3 5 5
-5145.0 2233.5 -5.7 3 0 8.6 7.8 2.5 2.5 2 0 1 1 1
-5170.9 2484.0 -2.2 180 0 12.1 17.2 5.0 0.0 0 1 2 1 1
-5182.4 2401.5 -3.4 181 0 10.2 13.4 5.0 2.5 2 1 2 2 2
-5179.0 2741.5 -7.9 270 0 12.8 19.1 7.5 2.5 2 1 3 3 3
-5172.5 2276.9 -6.1 27 0 9.5 16.4 7.5 2.5 2 1 3 3 3
-5114.6 2325.9 -4.8 7 0 9.1 11.9 5.0 2.5 2 1 2 0 0
-5104.4 2390.0 -3.7 7 0 9.5 13.6 7.5 2.5 2 1 3 4 4
-5076.7 2564.9 -6.8 121 0 15.1 8.6 5.0 2.5 2 0 2 3 3
-5157.3 2423.3 -2.4 180 0 9.9 12.2 7.5 2.5 2 1 3 5 5
-5085.1 2531.2 -5.7 357 0 10.3 14.9 5.0 2.5 2 1 2 0 0
-5052.9 3080.2 -4.1 359 0 18.3 17.8 7.5 2.5 2 0 3 2 2
-5186.6 2530.4 -5.3 181 0 12.4 14.6 5.0 2.5 4 1 2 0 0
-4890.8 3126.3 -6.3 113 0 11.1 12.1 5.0 2.5 2 1 2 2 2
-4819.2 3027.0 -13.4 20 0 6.1 7.3 7.5 2.5 2 1 3 2 2
-4857.5 3152.2 -5.6 298 0 15.4 16.8 10.0 2.5 2 1 4 2 2
-4949.1 3109.5 -6.7 291 0 14.3 22.4 12.5 2.5 2 1 5 2 2
-5132.7 3151.4 -2.4 288 0 8.7 11.0 10.0 2.5 2 1 4 5 5
-4874.3 3086.1 -10.6 291 0 14.5 11.0 5.0 2.5 4 0 2 3 3
-5067.5 2522.8 -5.3 355 0 9.1 7.8 7.5 2.5 2 0 3 1 1
-4920.3 2994.7 -8.3 195 0 14.3 11.7 7.5 2.5 2 0 3 2 2
-5120.8 2252.4 -6.2 17 0 8.3 13.6 10.0 2.5 2 1 4 0 0
-5168.4 2820.5 -5.1 88 0 10.5 14.8 7.5 2.5 2 1 3 1 1
-4886.5 3073.0 -9.9 293 0 14.0 11.9 5.0 0.0 0 0 2 0 0
-5091.5 2360.6 -4.6 3 0 11.4 20.9 10.0 2.5 2 1 4 0 0
-5166.2 2302.0 -6.3 23 0 13.6 21.0 10.0 2.5 2 1 4 0 0
-4944.1 3167.6 -4.6 199 0 8.3 18.7 10.0 2.5 2 1 4 5 5
-5127.6 2265.9 -6.2 28 0 8.5 17.7 7.5 2.5 2 1 3 5 5
-5120.4 2341.5 -4.4 17 0 9.6 14.5 7.5 2.5 2 1 3 2 2
-5118.4 2283.4 -5.9 2 0 22.1 17.3 10.0 2.5 2 0 4 1 1
-4754.7 3092.3 -12.9 359 0 6.5 17.7 7.5 2.5 2 1 3 2 2
-4978.9 2614.8 -15.3 101 0 7.5 43.8 5.0 2.5 2 1 2 3 3
-4938.9 2944.9 -7.2 92 0 7.4 24.1 10.0 2.5 2 1 4 2 2
-4803.3 3075.4 -13.6 110 0 6.7 20.2 10.0 2.5 2 1 4 4 4
-5132.8 2260.4 -6.3 1 0 7.4 15.5 7.5 2.5 2 1 3 0 0
-5172.9 4623.6 -5.1 181 0 14.8 21.8 10.0 0.0 0 1 4 3 3
-5862.9 4551.4 -6.3 126 0 6.8 8.9 5.0 2.5 2 0 2 1 1
-5423.8 4158.1 -5.2 180 0 8.7 12.5 5.0 2.5 2 1 2 2 2
-5433.6 5043.6 -1.9 272 0 14.5 10.6 7.5 2.5 2 0 3 3 3
-5513.0 4749.1 -3.3 70 0 17.7 8.9 7.5 2.5 2 0 3 2 2
-5317.9 4446.9 -7.2 216 0 20.2 7.5 7.5 2.5 2 0 3 2 2
-5463.5 4820.6 -3.0 82 0 9.7 12.5 5.0 2.5 2 0 2 2 2
-5474.3 4379.3 -3.0 57 0 29.4 10.2 12.5 2.5 2 0 5 0 0
-5680.2 5021.3 4.2 268 0 7.4 7.9 2.5 2.5 2 0 1 0 0
-6000.8 4696.1 -4.9 195 0 12.7 8.0 10.0 2.5 2 0 4 5 5
-5723.2 4531.1 -6.5 91 0 10.0 10.6 5.0 2.5 2 0 2 0 0
-5545.6 4381.5 -0.9 183 0 7.7 7.6 5.0 2.5 2 0 2 5 5
-5765.2 4161.9 -0.8 89 0 10.1 20.0 5.0 2.5 2 0 2 4 4
-5703.2 4921.1 2.3 69 0 7.3 7.5 10.0 2.5 2 0 4 1 1
-5631.7 4211.2 -0.8 38 0 13.2 9.0 5.0 2.5 2 0 2 2 2
-5969.3 4972.8 0.4 270 0 10.6 6.5 2.5 2.5 2 0 1 2 2
-5802.1 4528.0 -7.0 29 0 10.6 15.3 10.0 2.5 2 0 4 5 5
-5606.5 4860.9 -3.5 90 0 8.6 9.9 7.5 2.5 2 0 3 2 2
-5434.1 4341.8 -3.3 348 0 12.0 14.1 5.0 2.5 2 1 2 5 5
-5908.5 5037.3 3.9 269 0 9.4 8.5 7.5 2.5 2 0 3 4 4
-6102.6 4278.7 -9.5 112 0 9.5 10.3 5.0 2.5 2 0 2 4 4
-5640.7 4294.1 0.2 270 0 10.8 9.7 2.5 2.5 2 0 1 4 4
-5711.6 4167.8 -0.8 98 0 19.1 15.6 10.0 2.5 2 0 4 2 2
-6071.4 4244.3 -5.3 302 0 8.0 9.4 7.5 2.5 2 1 3 1 1
-5776.5 4622.9 -6.0 181 0 12.6 8.5 10.0 2.5 2 0 4 5 5
-5484.9 4397.1 -2.8 61 0 24.4 7.0 10.0 2.5 2 0 4 2 2
-5538.5 4249.8 0.9 273 0 19.5 16.9 15.0 0.0 0 0 6 1 1
-5684.5 4270.0 1.5 322 0 8.7 14.9 10.0 2.5 2 0 4 4 4
-5353.3 4896.0 -6.9 0 0 8.0 7.5 5.0 2.5 2 0 2 3 3
-5525.4 4840.9 -4.0 91 0 8.3 14.8 7.5 2.5 2 0 3 0 0
-5491.6 4991.2 1.7 325 0 9.0 11.7 5.0 2.5 2 0 2 0 0
-5835.1 4483.1 -7.4 20 0 10.8 9.1 7.5 2.5 2 0 3 1 1
-5591.1 5029.7 2.9 276 0 7.2 8.6 5.0 2.5 2 0 2 5 5
-5449.6 4217.1 -1.5 88 0 14.4 10.8 2.5 2.5 2 0 1 5 5
-5374.7 5059.7 -6.8 270 0 12.6 10.0 10.0 2.5 2 0 4 4 4
-5450.9 4828.8 -2.9 70 0 9.4 8.2 5.0 2.5 2 0 2 0 0
-5655.0 4249.2 0.4 357 0 9.7 9.0 5.0 2.5 2 0 2 0 0
-5478.2 4476.1 -4.2 176 0 12.8 15.8 10.0 2.5 2 0 4 4 4
-5554.3 4754.4 -2.6 0 0 7.7 16.7 7.5 2.5 2 0 3 5 5
-5741.4 4383.0 -0.4 341 0 8.0 7.1 7.5 2.5 2 0 3 1 1
-5423.6 4406.2 -5.4 60 0 38.5 8.8 10.0 2.5 2 0 4 1 1
-5646.2 4160.4 -1.3 147 0 10.0 8.5 7.5 2.5 2 0 3 5 5
-5653.6 4855.1 -1.6 91 0 11.2 9.1 10.0 2.5 2 0 4 3 3
-5489.5 4878.7 -4.5 90 0 7.4 9.6 7.5 2.5 2 0 3 0 0
-5904.2 4498.6 -7.1 268 0 9.0 12.8 2.5 2.5 2 0 1 0 0
-6078.7 4307.1 -9.3 292 0 10.0 10.1 5.0 2.5 2 0 2 4 4
-5705.1 4674.9 -3.6 89 0 10.8 15.1 7.5 2.5 2 0 3 4 4
-5786.1 4195.8 0.0 89 0 17.4 12.2 5.0 2.5 2 0 2 2 2
-5256.3 4624.6 -8.7 198 0 12.2 9.6 7.5 2.5 4 0 3 2 2
-5768.7 4309.8 2.1 19 0 7.6 12.1 7.5 2.5 2 0 3 5 5
-5592.9 5142.5 5.4 89 0 10.8 10.2 7.5 2.5 2 0 3 3 3
-5561.2 4728.0 -3.6 1 0 6.9 9.4 5.0 2.5 2 0 2 1 1
-5872.3 4433.9 -7.3 92 0 7.1 8.9 7.5 2.5 2 0 3 4 4
-5410.8 4391.4 -5.2 255 0 13.8 14.5 5.0 2.5 2 1 2 5 5
-6098.6 4289.2 -9.8 109 0 8.7 7.3 5.0 2.5 2 0 2 1 1
-5813.0 4891.8 7.3 89 0 10.0 6.9 10.0 2.5 2 0 4 0 0
-5218.9 4568.1 -6.7 359 0 9.8 13.9 7.5 2.5 4 1 3 1 1
-5371.8 5106.4 -6.2 272 0 9.0 14.0 5.0 2.5 2 0 2 1 1
-5513.8 4358.4 -0.8 57 0 9.5 10.1 7.5 2.5 2 0 3 3 3
-5555.9 5122.6 6.6 111 0 7.6 10.3 7.5 2.5 2 1 3 4 4
-5282.1 4494.2 -6.9 272 0 10.2 8.2 7.5 2.5 4 0 3 5 5
-5174.0 5126.0 -8.3 131 0 8.8 9.0 10.0 2.5 2 1 4 2 2
-5606.7 4753.8 -2.9 175 0 10.4 11.8 5.0 2.5 2 0 2 4 4
-5582.0 4186.8 -0.3 178 0 8.0 8.4 5.0 2.5 2 1 2 2 2
-5544.9 4549.2 -5.9 181 0 12.5 17.8 5.0 2.5 2 0 2 2 2
-5750.7 4668.0 -3.4 179 0 7.5 13.5 7.5 2.5 2 0 3 3 3
-5191.6 4620.5 -6.3 4 0 12.7 11.5 7.5 2.5 4 0 3 5 5
-5145.5 4788.0 -8.6 291 0 11.5 8.5 2.5 2.5 2 0 1 5 5
-5628.6 4716.4 -3.1 267 0 14.4 12.3 7.5 2.5 2 0 3 0 0
-5463.2 5008.4 0.1 270 0 10.0 10.5 7.5 2.5 2 0 3 3 3
-6108.1 4290.4 -10.7 109 0 9.1 9.7 7.5 2.5 2 0 3 0 0
-5607.4 4178.1 -1.0 178 0 6.6 7.4 7.5 2.5 2 1 3 3 3
-5839.7 4361.8 -1.5 205 0 7.5 9.0 5.0 2.5 2 0 2 3 3
-5505.7 5028.2 4.1 272 0 12.6 8.8 5.0 2.5 2 0 2 4 4
-5769.0 5006.6 8.1 270 0 8.6 13.4 10.0 2.5 2 0 4 4 4
-5580.7 4280.9 -0.2 23 0 12.9 15.7 2.5 2.5 2 0 1 0 0
-5621.2 5019.4 1.4 273 0 6.1 12.9 10.0 2.5 2 0 4 1 1
-5458.8 4331.9 -2.3 255 0 11.5 18.1 5.0 0.0 0 1 2 4 4
-5748.4 4611.2 -7.0 360 0 10.1 7.0 10.0 2.5 2 0 4 2 2
-5679.5 4282.8 1.0 246 0 9.8 19.1 10.0 2.5 2 0 4 5 5
-5558.2 4746.3 -2.6 1 0 6.4 8.8 7.5 2.5 2 0 3 1 1
-5696.9 4899.1 1.5 118 0 7.7 6.6 5.0 2.5 2 0 2 2 2
-5692.1 5050.2 4.1 269 0 9.1 8.6 7.5 2.5 2 0 3 0 0
-5188.4 4674.9 -6.5 0 0 6.4 10.2 10.0 2.5 2 1 4 4 4
-5436.1 4897.0 -4.3 63 0 11.6 15.1 7.5 2.5 2 0 3 0 0
-5824.6 4333.3 0.3 215 0 8.9 7.4 5.0 2.5 2 0 2 5 5
-6014.5 4980.8 -2.0 180 0 11.9 11.5 7.5 2.5 2 0 3 1 1
-5543.6 4990.0 0.6 269 0 10.9 13.7 5.0 2.5 2 0 2 5 5
-5723.8 4269.2 2.1 283 0 8.4 14.6 7.5 2.5 2 0 3 3 3
-5715.4 4715.7 -1.2 271 0 13.3 8.8 7.5 2.5 2 0 3 3 3
-5727.5 4952.2 3.9 271 0 7.4 11.7 5.0 2.5 2 0 2 5 5
-5198.7 4789.7 -10.2 270 0 9.7 12.6 5.0 2.5 2 1 2 4 4
-5706.9 4653.8 -5.5 22 0 13.3 8.8 10.0 2.5 2 0 4 4 4
-5147.2 4352.3 -7.8 90 0 8.5 10.0 7.5 0.0 0 1 3 0 0
-5846.7 4308.6 -1.2 179 0 6.5 8.7 2.5 2.5 2 0 1 1 1
-5612.9 4958.0 -1.5 268 0 12.8 8.5 5.0 2.5 2 0 2 3 3
-5919.7 4758.7 -4.8 39 0 10.9 14.6 10.0 2.5 2 0 4 4 4
-5345.6 5145.1 -7.9 186 0 10.6 7.9 5.0 2.5 2 0 2 3 3
-5964.2 4639.5 -5.7 37 0 6.6 7.8 7.5 2.5 2 0 3 4 4
-5822.4 5028.9 7.2 273 0 7.8 8.0 5.0 2.5 2 0 2 3 3
-5894.9 4693.7 -7.0 35 0 8.4 7.9 5.0 2.5 2 0 2 3 3
-5663.7 5007.4 2.5 204 0 7.6 9.1 7.5 2.5 2 0 3 4 4
-5640.7 4566.1 -8.9 90 0 8.3 12.9 2.5 2.5 2 0 1 2 2
-5493.9 4348.8 -1.3 237 0 6.9 6.8 7.5 2.5 2 0 3 1 1
-5816.4 4312.1 1.1 182 0 10.3 11.3 7.5 2.5 2 0 3 1 1
-5672.2 4549.0 -6.6 0 0 10.8 12.5 7.5 2.5 2 0 3 0 0
-5636.3 5131.1 4.6 101 0 9.9 11.4 7.5 2.5 2 1 3 1 1
-5532.9 4147.0 -0.3 91 0 8.2 9.9 7.5 2.5 2 1 3 4 4
-6098.5 4907.4 -3.2 89 0 10.2 6.5 7.5 2.5 2 0 3 1 1
-5821.1 4357.5 0.1 180 0 6.1 8.9 7.5 2.5 2 1 3 4 4
-5347.6 4307.9 -6.4 1 0 12.0 10.0 7.5 2.5 4 0 3 5 5
-5821.1 4998.3 9.6 271 0 8.8 7.3 7.5 2.5 2 0 3 0 0
-5767.8 4868.8 5.0 157 0 10.0 7.5 10.0 2.5 2 0 4 4 4
-5180.2 5056.5 -7.5 91 0 10.5 6.9 5.0 2.5 4 0 2 3 3
-5202.4 4488.5 -5.4 270 0 7.7 9.2 2.5 2.5 2 1 1 4 4
-5504.1 4481.5 -4.0 175 0 8.8 14.3 2.5 2.5 2 1 1 5 5
-5677.3 4911.5 0.4 94 0 9.4 18.3 10.0 2.5 2 1 4 5 5
-5760.9 4321.0 1.8 25 0 9.7 13.4 7.5 2.5 2 1 3 4 4
-5600.3 5128.7 5.4 90 0 9.1 11.4 7.5 2.5 4 1 3 2 2
-5761.2 4966.0 6.7 312 0 10.2 15.7 5.0 2.5 2 1 2 2 2
-5632.1 4146.0 -1.5 177 0 8.9 11.6 7.5 2.5 2 1 3 1 1
-5221.6 4691.8 -7.5 180 0 10.5 12.5 5.0 2.5 2 1 2 2 2
-5983.7 5016.3 -1.3 1 0 6.1 6.2 7.5 2.5 2 1 3 5 5
-6092.3 4127.5 -3.4 106 0 18.7 10.3 5.0 2.5 2 0 2 2 2
-5211.1 4523.7 -5.6 197 0 15.7 13.6 2.5 0.0 0 0 1 4 4
-5388.3 5101.5 -4.6 269 0 6.5 6.7 2.5 2.5 4 1 1 0 0
-5231.0 4739.5 -10.0 180 0 10.7 6.9 10.0 2.5 2 0 4 1 1
-5752.4 4296.2 2.0 18 0 9.5 16.4 10.0 2.5 2 1 4 1 1
-5556.8 4715.4 -4.9 0 0 9.6 10.2 7.5 2.5 2 1 3 0 0
-5991.5 4276.5 -5.4 253 0 7.9 10.2 5.0 2.5 2 1 2 4 4
-5872.5 5078.8 3.9 50 0 7.3 6.3 7.5 2.5 2 0 3 1 1
-5787.9 4951.0 8.4 90 0 9.2 6.2 7.5 2.5 2 0 3 2 2
-5777.9 4404.4 -1.3 269 0 13.5 8.7 7.5 2.5 2 0 3 0 0
-5596.3 4272.2 -0.4 28 0 12.8 8.7 2.5 2.5 2 0 1 5 5
-5604.9 4998.3 0.8 203 0 7.3 10.9 7.5 2.5 4 1 3 1 1
-5470.0 4849.6 -3.6 86 0 9.1 8.0 7.5 2.5 2 0 3 2 2
-5420.3 4832.2 -3.5 86 0 9.5 11.0 5.0 2.5 2 1 2 1 1
-5209.4 4583.8 -6.4 359 0 9.2 7.6 7.5 2.5 2 0 3 2 2
-5666.0 4730.1 -2.1 267 0 10.2 10.3 7.5 2.5 2 1 3 0 0
-5149.5 4736.9 -7.0 14 0 9.2 11.2 7.5 2.5 2 1 3 5 5
-5765.6 4350.1 0.9 30 0 9.3 16.8 5.0 2.5 2 1 2 1 1
-5631.1 5046.4 3.6 270 0 8.0 8.2 10.0 0.0 0 1 4 1 1
-5675.5 4165.4 -1.0 87 0 7.0 9.7 10.0 0.0 0 1 4 4 4
-5436.0 4928.0 -3.5 334 0 8.9 13.0 5.0 2.5 2 1 2 0 0
-5791.1 4886.8 6.5 180 0 8.8 7.8 7.5 2.5 2 0 3 0 0
-5705.4 4199.5 0.5 88 0 20.9 11.5 5.0 2.5 2 0 2 5 5
-5916.8 4840.5 -2.5 206 0 8.1 11.2 7.5 2.5 2 1 3 2 2
-5681.0 5158.4 5.3 268 0 12.9 7.4 5.0 2.5 2 0 2 5 5
-5168.6 4457.8 -4.7 269 0 14.4 9.4 7.5 2.5 2 0 3 4 4
-5697.7 4716.8 -1.4 268 0 7.3 9.7 5.0 0.0 0 1 2 2 2
-5703.4 4930.0 2.3 89 0 7.6 8.3 5.0 2.5 2 1 2 2 2
-6042.9 4260.0 -6.3 113 0 6.6 10.6 7.5 2.5 2 1 3 0 0
-5966.3 4684.6 -4.8 35 0 13.6 10.0 10.0 2.5 2 0 4 5 5
-5841.0 4318.4 -0.8 194 0 7.6 10.1 7.5 2.5 2 1 3 4 4
-5701.6 4187.4 -0.1 13 0 6.7 15.3 5.0 2.5 4 1 2 2 2
-5957.2 4778.6 -4.2 215 0 11.1 15.4 7.5 2.5 2 1 3 5 5
-5839.8 4749.0 -4.0 311 0 10.7 16.0 7.5 2.5 2 1 3 1 1
-5660.3 4978.9 1.0 221 0 8.9 6.7 5.0 2.5 2 0 2 3 3
-5715.3 4681.5 -3.3 360 0 12.5 12.1 10.0 2.5 2 0 4 4 4
-5810.6 4832.5 2.9 181 0 6.2 6.2 7.5 2.5 2 0 3 2 2
-5153.5 4133.3 -6.2 79 0 10.7 7.6 2.5 2.5 2 0 1 2 2
-5830.2 4281.9 -0.4 89 0 10.8 11.7 5.0 2.5 2 1 2 0 0
-5563.1 5103.8 6.7 271 0 7.2 7.3 7.5 0.0 0 1 3 5 5
-5460.9 5097.5 1.6 276 0 9.4 11.2 10.0 2.5 2 1 4 0 0
-5978.7 4932.8 -2.0 37 0 10.2 11.2 5.0 2.5 2 1 2 2 2
-5950.7 4204.7 -3.4 109 0 11.6 10.6 2.5 2.5 2 0 1 1 1
-5934.3 4691.5 -6.0 35 0 13.9 11.3 5.0 2.5 2 0 2 5 5
-5796.2 4323.4 2.1 173 0 7.4 10.5 5.0 2.5 2 1 2 2 2
-5630.6 4673.2 -5.8 149 0 7.7 10.8 5.0 2.5 2 1 2 1 1
-5245.9 4421.1 -5.9 98 0 11.1 16.0 7.5 2.5 2 1 3 2 2
-5990.1 4220.6 -3.8 129 0 10.0 18.6 7.5 2.5 2 1 3 0 0
-5461.3 4508.9 -3.1 266 0 10.8 12.2 7.5 2.5 2 1 3 4 4
-5483.4 4239.7 0.2 91 0 10.8 11.8 2.5 2.5 2 1 1 5 5
-5214.8 4333.0 -7.9 89 0 7.5 7.1 10.0 2.5 2 0 4 4 4
-5780.8 4413.4 -1.7 271 0 15.1 7.9 5.0 2.5 2 0 2 0 0
-5424.8 4849.8 -3.6 57 0 12.4 8.3 7.5 2.5 2 0 3 5 5
-5747.3 4869.7 4.0 89 0 15.2 8.8 5.0 2.5 2 0 2 5 5
-6113.1 4920.6 -3.5 179 0 12.2 9.2 2.5 2.5 2 0 1 5 5
-5454.7 4412.8 -4.4 56 0 36.8 8.1 10.0 2.5 4 0 4 3 3
-5170.9 5055.5 -6.3 91 0 6.2 7.0 5.0 2.5 2 1 2 5 5
-5727.2 4824.7 2.8 47 0 6.6 15.5 2.5 0.0 0 1 1 2 2
-5669.7 4181.6 -0.6 50 0 11.7 11.7 7.5 2.5 2 0 3 5 5
-5645.8 4834.3 -1.9 90 0 7.8 9.6 5.0 2.5 2 1 2 5 5
-5853.1 4977.3 9.2 180 0 9.1 13.7 10.0 2.5 2 1 4 4 4
-5966.8 4999.9 -0.1 1 0 8.4 10.5 5.0 2.5 2 1 2 4 4
-5707.3 4249.2 1.7 248 0 9.1 13.6 7.5 2.5 2 1 3 1 1
-5810.6 4458.5 -5.2 2 0 11.8 12.1 7.5 2.5 2 1 3 3 3
-6019.2 4159.3 -2.7 179 0 6.6 8.7 7.5 2.5 2 1 3 1 1
-5436.6 4228.9 -1.4 90 0 14.6 14.3 5.0 2.5 4 0 2 2 2
-5870.6 4863.8 2.5 88 0 6.6 6.2 7.5 2.5 2 0 3 2 2
-6032.7 5002.0 -3.6 179 0 9.1 17.2 7.5 2.5 4 1 3 1 1
-5970.1 4246.8 -4.2 308 0 8.6 6.2 7.5 2.5 2 0 3 4 4
-5265.6 4487.6 -6.6 270 0 11.1 9.2 7.5 2.5 2 0 3 5 5
-5910.6 4153.7 -1.9 271 0 14.4 11.7 7.5 2.5 2 0 3 3 3
-5545.4 5107.0 7.0 271 0 9.3 7.4 2.5 0.0 0 0 1 1 1
-5626.4 4251.7 -0.4 27 0 12.7 7.6 7.5 2.5 2 0 3 3 3
-5200.9 4608.6 -6.8 4 0 9.1 13.8 2.5 0.0 0 1 1 1 1
-6095.2 4708.8 -3.6 106 0 9.7 9.8 7.5 2.5 2 1 3 5 5
-5356.9 4254.5 -6.4 260 0 9.4 7.6 7.5 2.5 4 0 3 5 5
-5209.9 4441.5 -5.4 90 0 7.3 16.0 10.0 2.5 2 1 4 3 3
-5579.9 5102.2 6.3 270 0 9.7 12.3 5.0 2.5 2 1 2 2 2
-5772.2 4377.8 0.1 271 0 9.0 14.8 7.5 2.5 2 1 3 1 1
-5718.1 4328.9 1.3 350 0 9.6 17.1 5.0 2.5 2 1 2 3 3
-5873.1 4986.8 7.5 90 0 6.0 9.5 7.5 2.5 2 1 3 0 0
-5390.5 5121.9 -4.2 92 0 11.0 6.2 10.0 2.5 2 0 4 3 3
-5167.2 4439.5 -4.6 91 0 12.2 8.5 5.0 2.5 2 0 2 1 1
-5392.9 4805.9 -6.5 50 0 13.1 7.5 7.5 2.5 2 0 3 3 3
-5712.8 5079.9 3.7 252 0 6.1 6.9 10.0 2.5 4 1 4 1 1
-6010.4 4258.6 -5.9 90 0 8.1 11.5 7.5 2.5 2 1 3 1 1
-5701.9 4192.4 0.2 91 0 10.0 6.0 5.0 2.5 2 0 2 1 1
-6017.3 4150.3 -2.8 179 0 6.0 9.3 7.5 2.5 2 1 3 4 4
-5193.4 4489.2 -5.2 270 0 9.0 10.2 10.0 0.0 0 1 4 3 3
-5826.6 4184.3 -0.5 88 0 11.8 9.9 7.5 2.5 4 0 3 5 5
-5727.9 4291.4 1.9 351 0 9.9 14.0 7.5 2.5 2 1 3 1 1
-5512.9 4383.2 -1.3 63 0 7.0 9.1 10.0 0.0 0 1 4 5 5
-5874.2 4154.4 -1.7 271 0 10.4 9.0 5.0 0.0 0 0 2 2 2
-5922.7 4833.1 -3.5 212 0 6.9 9.9 2.5 2.5 2 1 1 0 0
-5146.5 4197.1 -7.6 271 0 12.2 7.6 10.0 2.5 2 0 4 2 2
-5896.8 5065.7 3.5 270 0 12.0 9.1 5.0 2.5 2 0 2 1 1
-5805.1 4233.8 0.8 182 0 14.3 10.2 2.5 2.5 2 0 1 1 1
-5338.2 5012.1 -9.9 11 0 12.8 8.7 10.0 2.5 2 0 4 3 3
-5692.8 5034.3 4.0 291 0 6.3 15.7 2.5 2.5 2 1 1 5 5
-6002.3 4911.0 -2.8 18 0 9.4 14.1 5.0 2.5 2 1 2 4 4
-5908.9 4729.2 -6.5 307 0 13.7 19.3 10.0 2.5 2 1 4 1 1
-5547.1 4389.3 -1.0 181 0 6.5 11.2 10.0 0.0 0 1 4 0 0
-5886.3 4175.6 -3.1 89 0 12.1 21.0 7.5 2.5 2 1 3 1 1
-5624.4 4664.7 -6.7 146 0 6.3 9.4 5.0 2.5 2 1 2 0 0
-5325.3 4897.8 -8.3 0 0 6.4 10.8 7.5 2.5 2 1 3 3 3
-5846.0 4201.6 -1.1 266 0 10.4 8.3 10.0 2.5 2 0 4 1 1
-5233.6 4589.7 -7.6 346 0 11.3 8.2 7.5 2.5 2 0 3 3 3
-5781.9 4158.7 -0.8 91 0 8.8 13.0 5.0 2.5 2 1 2 5 5
-5616.8 4247.1 -0.6 27 0 13.0 9.7 5.0 2.5 2 0 2 3 3
-5432.8 4473.3 -4.0 270 0 11.1 12.5 5.0 0.0 0 1 2 0 0
-5200.1 4215.2 -9.4 97 0 6.1 6.6 5.0 0.0 0 1 2 5 5
-5618.1 5106.9 5.4 269 0 8.7 17.3 5.0 2.5 2 1 2 4 4
-5546.2 5056.8 5.6 279 0 7.9 9.7 7.5 2.5 2 1 3 1 1
-6021.1 4713.4 -4.3 224 0 13.5 8.3 7.5 2.5 2 0 3 5 5
-5430.9 4142.0 -4.4 181 0 7.2 6.7 5.0 0.0 0 0 2 0 0
-6091.9 4920.7 -3.6 0 0 12.5 11.3 2.5 2.5 4 0 1 4 4
-5429.6 4427.0 -5.0 57 0 14.7 8.5 7.5 2.5 2 0 3 0 0
-5473.3 4556.2 -6.6 2 0 7.8 11.9 5.0 2.5 4 1 2 3 3
-5175.9 4555.6 -4.8 179 0 20.4 9.2 5.0 2.5 2 0 2 3 3
-5776.6 4389.1 -0.5 272 0 12.5 7.7 10.0 2.5 2 0 4 0 0
-5736.2 4340.2 1.2 349 0 8.4 11.2 7.5 2.5 2 1 3 0 0
-5769.3 4906.4 5.3 157 0 11.7 9.9 5.0 2.5 2 0 2 0 0
-5512.0 4592.5 -8.3 359 0 11.7 6.5 5.0 2.5 2 0 2 5 5
-5888.6 4941.3 6.2 127 0 6.2 7.1 5.0 2.5 2 1 2 0 0
-5429.8 5071.2 -1.7 270 0 10.0 14.1 7.5 2.5 2 1 3 1 1
-5423.6 4806.0 -3.7 86 0 15.7 8.9 7.5 2.5 2 0 3 1 1
-5951.2 5006.4 1.1 90 0 8.9 9.7 2.5 2.5 2 1 1 0 0
-5683.8 4165.2 -0.9 78 0 7.3 14.0 7.5 2.5 2 1 3 2 2
-5719.9 4891.5 3.0 89 0 8.6 8.9 5.0 2.5 4 1 2 1 1
-5878.0 4863.6 2.1 87 0 7.1 6.2 10.0 2.5 2 0 4 5 5
-5510.8 4874.7 -4.7 102 0 8.1 17.0 7.5 0.0 0 1 3 4 4
-5232.4 4728.7 -9.4 179 0 8.6 10.5 7.5 2.5 2 1 3 0 0
-5698.9 4217.3 1.0 80 0 12.7 13.5 7.5 0.0 0 1 3 0 0
-5663.5 4832.6 -1.1 91 0 12.7 8.9 2.5 2.5 4 0 1 0 0
-5822.7 4926.1 8.4 92 0 7.4 9.3 7.5 2.5 2 1 3 4 4
-5711.0 4295.8 1.6 349 0 10.9 13.0 7.5 2.5 2 1 3 5 5
-5503.6 4411.9 -2.6 236 0 26.2 8.1 5.0 2.5 4 0 2 2 2
-5264.5 4508.6 -7.0 87 0 10.6 20.7 5.0 2.5 4 1 2 5 5
-5404.5 5137.2 -3.2 179 0 6.5 9.8 5.0 2.5 2 1 2 0 0
-5603.3 5116.3 5.6 274 0 8.6 12.7 7.5 2.5 2 1 3 1 1
-5476.3 4502.5 -3.6 270 0 9.7 10.7 7.5 2.5 2 1 3 1 1
-5550.7 4730.2 -3.9 1 0 10.5 7.5 5.0 2.5 2 0 2 3 3
-5730.3 4867.3 3.2 89 0 12.1 8.8 7.5 2.5 2 0 3 4 4
-5957.6 5103.5 -1.0 21 0 13.4 6.6 5.0 2.5 2 0 2 3 3
-5600.2 4831.8 -3.5 89 0 6.0 7.6 5.0 2.5 2 1 2 1 1
-5325.3 4956.2 -10.3 359 0 9.7 12.3 7.5 2.5 4 1 3 2 2
-5658.4 4867.7 -1.6 81 0 21.6 10.3 5.0 2.5 2 0 2 2 2
-5593.7 4237.0 -0.1 212 0 7.5 15.9 7.5 2.5 2 1 3 3 3
-5562.1 4995.7 0.9 291 0 7.8 11.4 5.0 2.5 2 1 2 1 1
-5592.6 4577.4 -8.6 276 0 18.1 14.7 12.5 2.5 2 0 5 1 1
-6088.9 4281.2 -8.7 111 0 8.9 11.8 7.5 2.5 2 1 3 0 0
-5951.5 5033.1 0.8 179 0 9.2 11.5 10.0 2.5 4 1 4 4 4
-5326.3 5102.9 -9.4 105 0 8.8 10.8 10.0 2.5 2 1 4 5 5
-5840.9 4186.4 -0.9 90 0 12.5 6.8 7.5 2.5 4 0 3 2 2
-5253.7 4592.5 -8.2 181 0 9.2 9.6 7.5 2.5 2 1 3 5 5
-5361.5 5093.1 -7.2 272 0 7.6 6.3 5.0 2.5 2 0 2 4 4
-5210.5 4745.7 -9.6 171 0 7.4 15.9 2.5 2.5 2 1 1 0 0
-5433.4 4460.1 -4.2 271 0 9.9 6.5 7.5 2.5 2 0 3 0 0
-6006.1 4213.9 -3.6 293 0 9.6 18.5 10.0 2.5 2 1 4 0 0
-5665.1 4586.1 -8.4 270 0 9.1 13.2 10.0 2.5 2 1 4 0 0
-5545.7 4708.7 -5.8 359 0 7.8 7.6 7.5 2.5 2 0 3 4 4
-5377.4 4171.4 -5.7 360 0 9.7 8.0 7.5 2.5 2 0 3 2 2
-5637.7 5121.1 4.7 89 0 7.3 7.0 5.0 2.5 4 0 2 0 0
-5773.9 4823.8 3.1 91 0 7.3 6.2 2.5 2.5 2 0 1 4 4
-5498.6 4369.3 -1.5 56 0 10.8 7.7 7.5 2.5 2 0 3 3 3
-5576.8 4811.5 -3.2 179 0 6.2 9.1 7.5 2.5 2 1 3 1 1
-5182.1 4589.4 -5.0 187 0 7.0 6.4 7.5 2.5 2 0 3 0 0
-5752.3 4536.9 -7.0 90 0 6.5 10.6 5.0 2.5 2 1 2 1 1
-5582.5 4157.8 -0.4 89 0 12.3 7.6 7.5 2.5 2 0 3 0 0
-5831.1 4207.1 -0.4 270 0 7.3 6.8 10.0 2.5 2 0 4 1 1
-5740.2 4413.0 -1.8 294 0 6.0 16.1 7.5 2.5 2 1 3 3 3
-5171.1 5043.8 -6.9 269 0 7.9 15.4 7.5 2.5 2 1 3 3 3
-5794.6 4233.3 0.8 181 0 14.0 8.2 5.0 2.5 2 0 2 1 1
-5440.0 4298.6 -1.9 359 0 7.0 12.8 2.5 2.5 2 1 1 2 2
-5961.3 4167.5 -2.6 296 0 17.9 15.5 10.0 2.5 2 0 4 5 5
-5704.4 4581.4 -7.2 269 0 9.7 12.1 5.0 2.5 2 1 2 2 2
-5903.1 4785.2 -4.5 49 0 10.5 12.7 5.0 0.0 0 1 2 1 1
-5513.1 4229.2 0.5 62 0 6.9 21.8 7.5 2.5 2 1 3 5 5
-5940.0 5152.5 -0.2 359 0 6.5 10.7 10.0 2.5 2 1 4 3 3
-5483.7 4231.4 -0.2 91 0 11.7 26.9 7.5 0.0 0 1 3 5 5
-6175.4 -38.7 -9.6 185 0 7.4 21.3 5.0 2.5 2 1 2 5 5
-6127.1 -13.0 -10.5 194 0 9.0 15.4 5.0 2.5 2 1 2 0 0
-6064.2 156.9 -11.8 213 0 6.9 12.7 7.5 2.5 2 1 3 3 3
-6105.6 -82.5 -11.4 1 0 7.0 6.6 7.5 2.5 2 0 3 1 1
-6171.4 -58.7 -9.5 193 0 22.9 14.7 10.0 2.5 2 0 4 0 0
-6158.8 -579.2 -10.3 272 0 10.2 7.3 5.0 2.5 2 0 2 1 1
-6120.6 192.0 -9.0 3 0 9.4 8.0 7.5 2.5 2 0 3 0 0
-6127.2 -236.0 -13.4 5 0 36.1 21.6 10.0 0.0 0 0 4 2 2
-6122.9 -83.0 -10.6 3 0 8.0 8.2 5.0 2.5 2 1 2 2 2
-6074.7 109.0 -10.8 13 0 16.1 10.0 5.0 2.5 2 0 2 0 0
-4385.1 6493.3 -4.2 271 0 12.8 16.0 5.0 0.0 0 1 2 4 4
-4559.1 6565.1 -1.9 268 0 10.2 15.5 2.5 0.0 0 1 1 2 2
-4806.7 6392.9 -2.2 181 0 6.6 19.0 5.0 0.0 0 1 2 0 0
-4716.0 6668.4 -6.8 137 0 7.0 20.0 7.5 0.0 0 1 3 2 2
-4610.1 6336.3 -5.1 340 0 6.4 9.7 7.5 2.5 2 1 3 0 0
-4759.8 6563.7 -2.4 267 0 20.3 10.5 5.0 2.5 2 0 2 0 0
-4636.6 6215.4 -5.1 90 0 12.3 11.2 5.0 2.5 2 0 2 4 4
-4371.5 6302.9 -4.3 360 0 12.9 9.1 7.5 2.5 2 0 3 1 1
-4671.7 6626.1 -4.2 91 0 9.3 6.6 2.5 2.5 2 0 1 1 1
-4634.2 6858.0 -0.7 177 0 7.5 10.7 7.5 2.5 2 1 3 3 3
-4570.2 6564.4 -1.9 264 0 9.5 14.5 7.5 2.5 2 1 3 4 4
-5156.6 6212.7 -1.1 240 0 9.7 7.9 2.5 2.5 2 0 1 2 2
-4367.6 6337.5 -6.7 5 0 13.5 16.2 7.5 2.5 2 1 3 4 4
-4429.2 6199.0 3.4 1 0 18.8 6.4 7.5 2.5 2 0 3 1 1
-4592.1 6366.9 -4.7 84 0 10.6 12.0 7.5 2.5 2 1 3 5 5
-4345.3 6143.0 7.4 174 0 12.5 14.1 14.0 3.5 2 1 4 3 3
-4488.7 6745.2 -4.2 268 0 12.2 15.0 5.0 2.5 4 1 2 1 1
-4337.5 6322.9 -6.1 359 0 12.0 17.5 5.0 2.5 2 1 2 5 5
-4554.9 6351.8 -7.2 1 0 10.4 8.5 5.0 2.5 4 0 2 5 5
-4794.5 6636.3 -7.3 289 0 6.9 10.4 7.5 2.5 2 1 3 2 2
-4531.5 6360.6 -8.1 81 0 8.9 9.2 7.5 2.5 2 1 3 4 4
-4927.9 6184.3 0.1 0 0 8.2 11.7 7.5 2.5 2 1 3 2 2
-4546.9 6751.9 -0.8 360 0 14.9 15.7 2.5 2.5 2 1 1 2 2
-5185.0 6522.7 -8.6 175 0 7.1 9.4 7.5 2.5 2 1 3 0 0
-4381.2 6303.0 -4.0 359 0 13.4 9.1 5.0 0.0 0 0 2 2 2
-4861.2 6392.1 0.3 26 0 7.2 10.6 7.5 2.5 2 1 3 3 3
-4663.6 6885.3 -1.4 193 0 8.2 13.8 7.5 2.5 2 1 3 5 5
-4441.3 6566.1 -2.5 1 0 10.5 13.7 5.0 2.5 2 1 2 2 2
-4852.2 6446.9 1.0 358 0 6.8 12.0 2.5 2.5 2 1 1 2 2
-4992.7 6209.6 1.7 15 0 11.6 16.5 5.0 0.0 0 1 2 5 5
-4787.2 6271.6 -4.3 91 0 6.2 7.8 5.0 2.5 2 1 2 0 0
-4531.8 6392.3 -6.5 0 0 10.1 8.0 5.0 2.5 2 0 2 0 0
-4448.5 6298.1 -3.5 178 0 7.5 10.2 5.0 2.5 2 1 2 1 1
-4956.5 6734.6 -5.2 180 0 14.0 6.7 2.5 2.5 4 0 1 5 5
-4463.6 6738.8 -6.3 270 0 6.9 12.7 10.0 2.5 2 1 4 1 1
-4744.9 6271.0 -6.1 100 0 12.9 9.3 7.5 2.5 2 0 3 2 2
-4697.2 6732.5 -5.0 256 0 6.4 14.9 7.5 2.5 2 1 3 1 1
-4537.8 6203.5 -1.4 269 0 17.1 10.4 7.5 2.5 2 0 3 3 3
-4497.1 6483.6 -3.5 272 0 12.1 17.1 5.0 2.5 2 1 2 3 3
-4599.1 6370.8 -4.0 6 0 6.7 6.7 7.5 2.5 2 0 3 5 5
-4903.4 6587.7 1.0 282 0 9.0 12.8 10.0 2.5 2 1 4 3 3
-4976.7 6260.5 2.8 0 0 8.6 11.8 2.5 2.5 2 1 1 0 0
-4502.7 6752.7 -2.4 0 0 15.1 11.1 5.0 2.5 2 0 2 0 0
-4922.9 6485.9 -1.5 183 0 6.4 12.6 5.0 2.5 2 1 2 4 4
-4689.4 6399.0 -3.4 272 0 9.6 7.4 2.5 2.5 2 0 1 3 3
-4727.5 6790.1 -7.4 89 0 10.0 14.7 2.5 2.5 2 1 1 5 5
-4583.2 6115.5 2.6 106 0 7.7 9.7 7.5 2.5 2 1 3 2 2
-4360.1 6635.7 -7.3 258 0 10.7 10.7 2.5 2.5 2 0 1 1 1
-4403.2 6128.8 7.0 1 0 9.3 10.6 5.0 0.0 0 1 2 0 0
-4557.7 6335.8 -7.8 3 0 9.7 18.0 10.0 2.5 2 1 4 2 2
-4652.4 6476.0 -0.2 270 0 11.2 11.1 5.0 2.5 2 0 2 1 1
-4523.5 6380.9 -7.6 1 0 9.4 12.6 7.5 2.5 2 1 3 1 1
-4449.2 6284.1 -2.7 181 0 10.5 9.9 10.0 2.5 2 0 4 3 3
-5034.3 6248.8 2.5 338 0 8.7 7.6 10.0 2.5 2 0 4 2 2
-5012.0 6124.3 0.3 89 0 10.4 6.5 5.0 2.5 2 0 2 2 2
-4672.4 6891.2 -2.0 21 0 6.4 9.8 7.5 0.0 0 1 3 3 3
-4845.0 6423.8 0.1 21 0 10.7 9.0 5.0 0.0 0 0 2 3 3
-5030.7 6574.2 -7.4 179 0 6.7 9.0 7.5 2.5 2 1 3 3 3
-4798.7 6256.5 -4.5 180 0 9.1 16.5 5.0 2.5 2 1 2 5 5
-5162.9 6307.5 -3.6 179 0 13.8 9.1 5.0 2.5 2 0 2 3 3
-4973.7 6323.1 -0.2 360 0 11.3 13.8 7.5 2.5 2 1 3 4 4
-4939.0 6621.2 -1.5 90 0 9.9 12.1 5.0 2.5 2 1 2 5 5
-4545.4 6260.0 -4.5 272 0 7.9 11.3 10.0 2.5 2 1 4 2 2
-5118.6 6178.2 0.1 64 0 7.8 24.2 5.0 2.5 2 1 2 1 1
-5022.9 6546.5 -6.8 180 0 7.9 11.8 7.5 2.5 2 1 3 5 5
-4580.7 6363.9 -5.3 81 0 7.2 9.4 7.5 0.0 0 1 3 1 1
-4911.8 6563.0 1.6 289 0 6.4 10.8 5.0 2.5 2 1 2 3 3
-4932.8 6350.5 2.1 320 0 11.1 13.0 5.0 2.5 2 1 2 3 3
-4716.4 6103.7 1.5 358 0 9.4 11.2 7.5 2.5 4 1 3 4 4
-4922.9 6475.1 -1.6 183 0 10.0 12.4 7.5 2.5 2 1 3 3 3
-4690.6 6390.7 -3.9 271 0 10.3 7.0 7.5 0.0 0 0 3 4 4
-4703.0 6802.9 -5.2 354 0 15.2 8.4 5.0 2.5 2 0 2 4 4
-4542.1 6499.1 -2.1 88 0 9.4 18.3 5.0 2.5 2 1 2 3 3
-4564.5 6112.6 2.8 91 0 14.0 10.6 10.0 2.5 2 0 4 4 4
-4331.7 6288.7 -3.2 1 0 12.3 8.7 7.5 2.5 2 0 3 4 4
-5010.5 6626.9 -4.9 298 0 12.0 10.0 5.0 2.5 4 0 2 1 1
-4578.5 6182.3 -1.5 88 0 12.6 9.6 7.5 2.5 2 0 3 3 3
-4809.0 6523.6 -1.3 90 0 7.1 15.7 5.0 2.5 2 1 2 0 0
-5045.4 6283.1 3.2 261 0 14.7 10.1 5.0 2.5 2 0 2 4 4
-4540.2 6845.1 -1.7 318 0 7.0 6.5 7.5 2.5 4 0 3 5 5
-5108.1 6231.4 1.6 209 0 13.4 20.8 7.5 2.5 4 1 3 3 3
-5021.3 6560.4 -6.3 181 0 8.2 11.3 10.0 2.5 2 1 4 4 4
-4658.7 6593.3 -3.6 90 0 10.3 14.8 2.5 2.5 2 1 1 4 4
-4633.5 6321.5 -5.7 360 0 8.5 7.4 7.5 0.0 0 0 3 5 5
-4825.7 6520.5 -0.6 90 0 9.3 9.1 7.5 2.5 4 0 3 5 5
-4602.0 6465.4 -1.1 271 0 11.3 9.0 5.0 2.5 2 0 2 1 1
-4651.7 6345.8 -5.0 1 0 7.5 15.8 7.5 2.5 2 1 3 5 5
-4760.2 6463.7 1.0 285 0 12.2 11.2 10.0 2.5 2 0 4 0 0
-4379.8 6454.1 -5.1 90 0 11.8 14.3 7.5 2.5 2 1 3 1 1
-4587.3 6738.8 -0.3 182 0 8.0 8.1 10.0 2.5 2 1 4 2 2
-5110.2 6183.2 0.2 67 0 8.9 21.8 7.5 2.5 2 1 3 0 0
-5034.9 6543.3 -8.6 180 0 10.3 9.4 7.5 2.5 2 0 3 1 1
-4782.5 6401.7 -2.4 271 0 8.4 17.2 5.0 0.0 0 1 2 0 0
-4668.4 6909.6 -2.2 53 0 11.4 16.1 7.5 2.5 2 1 3 2 2
-4939.0 6320.3 2.3 353 0 11.4 11.8 7.5 2.5 2 1 3 4 4
-4930.7 6467.3 -2.6 203 0 8.1 8.2 7.5 2.5 2 1 3 3 3
-4586.1 6475.3 -1.4 271 0 11.0 12.3 7.5 2.5 2 1 3 1 1
-4643.9 6328.2 -5.5 1 0 8.8 11.9 7.5 2.5 2 1 3 0 0
-4787.6 6788.7 -11.8 159 0 8.9 13.2 10.0 0.0 0 1 4 0 0
-4509.8 6378.5 -8.1 359 0 12.6 9.7 7.5 2.5 2 0 3 2 2
-4881.3 6504.4 2.1 105 0 8.6 23.5 5.0 2.5 2 1 2 2 2
-4874.7 6271.5 -1.5 216 0 13.3 16.8 7.5 2.5 2 1 3 1 1
-5101.9 6169.9 0.0 71 0 8.6 11.0 5.0 0.0 0 1 2 2 2
-4383.0 6225.2 1.1 90 0 8.3 15.0 7.5 2.5 2 1 3 3 3
-4627.6 6415.7 -2.6 299 0 10.1 7.9 2.5 2.5 2 0 1 1 1
-4527.1 6700.5 -1.9 357 0 9.4 16.3 7.5 2.5 2 1 3 4 4
-4653.6 6854.9 -2.0 0 0 10.0 13.9 5.0 2.5 2 1 2 3 3
-5128.2 6102.1 -1.0 98 0 7.0 8.0 7.5 2.5 2 1 3 1 1
-5085.1 6366.8 -2.4 179 0 14.0 14.4 7.5 2.5 4 1 3 1 1
-4463.1 6462.3 -4.3 360 0 18.6 13.1 5.0 2.5 2 0 2 1 1
-5058.5 6308.1 2.0 271 0 7.7 13.7 7.5 2.5 4 1 3 0 0
-4532.3 6847.7 -2.1 324 0 12.8 7.1 7.5 2.5 4 0 3 5 5
-5123.7 6247.9 0.5 204 0 9.5 14.4 5.0 2.5 4 1 2 1 1
-4461.1 6144.7 3.6 360 0 14.4 13.9 5.0 2.5 2 0 2 0 0
-4556.9 6383.2 -5.7 354 0 8.2 15.4 5.0 0.0 0 1 2 5 5
-4633.3 6598.3 -3.2 90 0 11.9 16.4 5.0 2.5 2 1 2 5 5
-4626.6 6331.6 -5.3 0 0 8.7 6.6 5.0 2.5 2 0 2 1 1
-4750.4 6256.2 -6.0 179 0 8.5 7.5 2.5 2.5 2 0 1 3 3
-4515.8 6248.1 -2.9 270 0 14.2 8.6 7.5 2.5 2 0 3 5 5
-4704.3 6160.7 -2.6 84 0 13.7 9.3 10.0 2.5 2 0 4 0 0
-4602.5 6455.4 -1.5 269 0 12.1 11.5 7.5 2.5 2 0 3 5 5
-4410.8 6106.9 7.4 126 0 10.3 6.6 7.5 2.5 2 0 3 3 3
-4587.1 6681.3 -2.0 181 0 8.7 11.4 5.0 2.5 2 1 2 2 2
-5051.2 6129.3 0.0 89 0 7.9 6.6 7.5 2.5 2 0 3 0 0
-4949.4 6256.8 2.0 358 0 11.1 7.5 7.5 0.0 0 0 3 5 5
-4905.2 6161.1 -1.6 179 0 11.9 16.3 2.5 0.0 0 1 1 0 0
-4554.9 6123.6 2.5 90 0 10.1 7.0 5.0 2.5 2 0 2 5 5
-4612.3 6766.4 -0.3 181 0 13.1 17.8 7.5 2.5 2 1 3 4 4
-5180.0 6273.2 -3.8 184 0 6.3 8.7 7.5 2.5 2 1 3 0 0
-4641.9 6380.9 -3.9 269 0 17.8 8.8 2.5 0.0 0 0 1 3 3
-4924.7 6341.2 1.9 319 0 10.1 12.3 7.5 2.5 2 1 3 4 4
-4530.9 6608.5 -2.9 230 0 9.8 7.0 10.0 0.0 0 0 4 1 1
-4884.8 6325.8 0.2 114 0 6.8 12.3 5.0 2.5 2 1 2 0 0
-4660.2 6789.5 -2.8 182 0 13.5 8.3 7.5 2.5 4 0 3 1 1
-4791.6 6837.1 -10.4 267 0 7.7 11.0 10.0 2.5 2 1 4 2 2
-4914.6 6507.6 -0.5 193 0 7.3 20.7 7.5 0.0 0 1 3 1 1
-5168.7 6481.0 -8.7 176 0 9.2 7.7 7.5 2.5 2 0 3 0 0
-4895.2 6292.7 0.3 1 0 10.3 9.7 7.5 0.0 0 0 3 1 1
-4621.1 6392.9 -3.4 270 0 12.4 13.8 7.5 2.5 2 1 3 0 0
-4570.0 6139.8 1.7 60 0 9.9 10.6 5.0 2.5 2 1 2 0 0
-4628.2 6829.5 -0.9 175 0 12.8 15.9 10.0 2.5 2 1 4 4 4
-4670.0 6841.2 -2.7 359 0 11.5 9.3 5.0 2.5 2 0 2 3 3
-4948.2 6621.0 -1.3 90 0 7.2 10.3 7.5 0.0 0 1 3 1 1
-4464.2 6415.5 -5.1 94 0 9.2 12.7 7.5 0.0 0 1 3 1 1
-4508.9 6828.8 -2.8 320 0 7.2 8.2 7.5 0.0 0 1 3 3 3
-5048.4 6137.4 0.1 90 0 8.7 8.9 10.0 2.5 2 1 4 5 5
-4706.1 6919.3 -2.9 88 0 7.8 10.9 7.5 2.5 2 1 3 1 1
-4564.0 6362.7 -6.3 90 0 6.3 9.6 5.0 0.0 0 1 2 5 5
-5020.4 6186.1 1.1 90 0 8.0 11.1 7.5 2.5 2 1 3 4 4
-4677.5 6595.7 -3.6 91 0 9.5 12.6 7.5 2.5 2 1 3 5 5
-4839.6 6295.1 -2.4 223 0 13.1 13.1 7.5 2.5 2 0 3 2 2
-4631.3 6667.7 -3.2 2 0 11.3 17.8 10.0 2.5 2 1 4 3 3
-4525.9 6280.1 -4.6 229 0 9.4 17.0 2.5 2.5 2 1 1 3 3
-5150.8 6482.5 -9.0 357 0 9.3 9.4 7.5 2.5 2 1 3 5 5
-4572.0 6904.7 -3.8 269 0 25.3 12.9 10.0 2.5 2 0 4 2 2
-4521.0 6109.4 2.8 68 0 10.5 18.6 5.0 2.5 2 1 2 3 3
-4616.8 6792.1 -0.5 173 0 10.7 17.2 2.5 2.5 2 1 1 5 5
-4949.3 6578.2 -0.1 280 0 18.7 9.2 5.0 2.5 2 0 2 5 5
-5022.1 6216.2 1.4 10 0 11.2 7.7 5.0 2.5 2 0 2 0 0
-4494.5 6800.5 -3.7 359 0 11.2 9.7 7.5 2.5 2 0 3 2 2
-4629.6 6692.3 -1.9 182 0 8.4 8.8 2.5 2.5 2 1 1 0 0
-4776.8 6508.7 -0.6 90 0 9.2 8.5 5.0 2.5 2 0 2 1 1
-5017.0 6313.9 1.0 286 0 6.1 7.0 7.5 0.0 0 1 3 0 0
-4691.4 6362.3 -4.9 270 0 7.5 6.3 10.0 2.5 2 0 4 5 5
-4771.1 6884.0 -7.0 181 0 6.5 13.4 7.5 2.5 2 1 3 0 0
-4651.6 6491.7 -0.8 91 0 9.4 10.4 7.5 2.5 2 1 3 4 4
-4491.2 6133.3 3.0 86 0 8.9 9.5 7.5 2.5 2 1 3 1 1
-4909.7 6287.8 0.7 89 0 8.8 10.6 5.0 2.5 2 1 2 4 4
-4387.6 6344.9 -6.2 280 0 7.1 12.5 5.0 2.5 2 1 2 1 1
-5084.2 6608.2 -10.6 157 0 11.6 9.2 5.0 2.5 2 0 2 0 0
-4680.4 6833.7 -3.2 360 0 16.2 8.0 7.5 2.5 2 0 3 3 3
-5075.5 6263.4 3.0 267 0 10.4 15.2 5.0 2.5 2 1 2 3 3
-4645.9 6567.9 -2.6 270 0 14.6 12.6 7.5 0.0 0 0 3 5 5
-4612.6 6348.7 -4.5 351 0 6.4 9.9 7.5 2.5 2 1 3 3 3
-4402.5 6503.7 -3.4 270 0 11.0 10.3 5.0 2.5 2 0 2 4 4
-4991.5 6136.3 0.8 176 0 7.7 15.6 7.5 2.5 2 1 3 5 5
-4642.9 6919.3 -1.6 271 0 12.5 8.7 7.5 2.5 2 0 3 2 2
-4840.6 6593.9 -1.8 288 0 7.0 9.5 10.0 0.0 0 1 4 4 4
-4564.3 6352.6 -6.7 2 0 9.9 6.8 7.5 2.5 2 0 3 4 4
-4832.4 6411.6 -0.4 36 0 20.0 11.1 5.0 2.5 2 0 2 2 2
-4943.3 6478.6 -4.3 1 0 10.0 8.2 10.0 2.5 2 0 4 5 5
-4689.0 6627.6 -4.5 182 0 10.2 9.9 7.5 2.5 2 0 3 1 1
-4557.0 6476.3 -2.2 270 0 6.9 10.2 7.5 2.5 2 1 3 3 3
-4364.9 6232.8 1.2 1 0 13.7 13.5 7.5 2.5 2 0 3 1 1
-4776.5 6233.5 -5.2 141 0 13.5 6.5 7.5 2.5 2 0 3 2 2
-4469.6 6320.1 -5.2 270 0 7.0 17.4 10.0 2.5 2 1 4 0 0
-4752.6 6922.3 -5.2 254 0 9.0 17.2 7.5 2.5 2 1 3 4 4
-4367.8 6493.4 -4.5 270 0 14.4 18.5 7.5 2.5 2 1 3 3 3
-4845.9 6170.8 -2.9 357 0 7.4 12.6 5.0 2.5 2 1 2 1 1
-4891.7 6229.1 -1.1 212 0 8.9 17.5 5.0 2.5 2 1 2 5 5
-5130.9 6219.2 1.0 183 0 8.9 10.2 7.5 2.5 2 1 3 1 1
-4731.0 6510.9 -0.6 90 0 15.2 11.1 7.5 0.0 0 0 3 3 3
-4433.5 6534.1 -2.1 0 0 6.7 8.7 5.0 2.5 2 1 2 4 4
-4938.7 6120.2 -0.5 353 0 11.6 9.6 7.5 2.5 2 0 3 0 0
-4911.5 6317.6 0.8 247 0 8.7 11.5 5.0 2.5 2 1 2 1 1
-5021.2 6229.4 1.6 1 0 11.5 6.8 7.5 2.5 2 0 3 3 3
-4771.4 6110.9 -1.4 103 0 8.4 10.4 7.5 2.5 2 1 3 1 1
-5111.8 6258.2 0.9 183 0 12.0 16.2 7.5 2.5 2 1 3 5 5
-4847.6 6506.6 0.6 28 0 6.5 11.5 7.5 2.5 2 1 3 4 4
-4421.5 6121.4 6.7 2 0 8.5 8.3 10.0 2.5 2 0 4 4 4
-5039.2 6346.2 -0.5 273 0 13.3 9.2 7.5 2.5 2 0 3 0 0
-4782.5 6906.5 -7.0 269 0 7.3 8.5 5.0 0.0 0 1 2 5 5
-5109.8 6146.5 -0.4 91 0 9.8 13.1 7.5 2.5 2 1 3 3 3
-4422.0 6316.9 -3.5 269 0 16.4 9.8 7.5 2.5 2 0 3 3 3
-4946.6 6355.2 0.5 319 0 8.6 9.6 5.0 2.5 4 1 2 2 2
-4642.1 6877.8 -1.1 177 0 11.9 12.0 2.5 2.5 4 1 1 5 5
-4346.5 6225.2 2.3 359 0 10.9 12.1 7.5 2.5 2 1 3 5 5
-5098.9 6285.1 0.3 271 0 14.0 8.5 7.5 2.5 2 0 3 3 3
-4887.7 6422.4 1.6 89 0 8.8 9.4 7.5 2.5 2 1 3 3 3
-4653.8 6551.4 -2.2 178 0 6.1 8.4 2.5 2.5 4 1 1 1 1
-4915.5 6231.3 0.4 2 0 10.5 14.2 5.0 2.5 2 1 2 0 0
-4633.3 6906.7 -1.4 277 0 15.0 7.8 5.0 2.5 2 0 2 2 2
-4601.0 6322.4 -6.0 0 0 9.8 17.9 2.5 2.5 2 1 1 5 5
-4433.6 6297.2 -2.7 177 0 7.9 9.8 7.5 2.5 4 1 3 3 3
-4658.8 6208.6 -5.0 74 0 13.1 11.1 5.0 2.5 2 0 2 1 1
-4954.4 6464.3 -5.6 0 0 7.1 8.8 2.5 2.5 2 1 1 2 2
-4548.2 6480.4 -2.6 271 0 8.8 14.6 7.5 2.5 4 1 3 0 0
-4585.2 6869.3 -1.1 269 0 6.0 8.8 5.0 2.5 2 1 2 0 0
-4460.3 6285.7 -3.4 179 0 9.4 9.8 7.5 2.5 2 1 3 0 0
-4611.9 6518.6 -1.7 90 0 11.1 10.8 7.5 2.5 2 0 3 2 2
-4583.7 6820.1 -0.8 250 0 9.9 15.0 7.5 0.0 0 1 3 4 4
-4867.5 6506.8 1.3 202 0 10.6 6.7 7.5 2.5 2 0 3 2 2
-5178.6 6194.2 -1.1 161 0 7.3 12.4 5.0 2.5 2 1 2 0 0
-4587.4 6349.5 -5.6 82 0 8.9 11.7 7.5 2.5 2 1 3 1 1
-4578.2 6135.2 1.9 59 0 7.8 9.7 5.0 2.5 2 1 2 2 2
-4503.1 6705.6 -2.2 84 0 16.8 12.2 5.0 2.5 2 0 2 1 1
-5131.0 6145.5 -0.4 89 0 11.8 18.6 7.5 2.5 2 1 3 4 4
-5047.2 6309.4 1.1 180 0 13.1 16.2 5.0 0.0 0 1 2 0 0
-4651.6 6300.6 -6.6 1 0 7.4 7.1 7.5 2.5 2 0 3 0 0
-4972.3 6365.1 -2.7 270 0 12.5 11.5 7.5 2.5 2 0 3 1 1
-4844.3 6496.6 0.3 27 0 11.4 6.6 10.0 2.5 2 0 4 4 4
-5005.4 6338.7 -0.8 269 0 9.4 8.8 5.0 2.5 2 0 2 0 0
-5140.3 6203.9 0.0 249 0 9.0 31.9 10.0 0.0 0 1 4 2 2
-4376.1 6273.7 -2.2 1 0 11.1 11.1 7.5 2.5 2 0 3 1 1
-4556.9 6864.8 -1.6 0 0 9.1 14.9 10.0 2.5 2 1 4 4 4
-4942.5 6334.4 1.8 355 0 8.3 10.9 7.5 2.5 2 1 3 1 1
-5083.1 6287.2 1.8 270 0 9.0 8.5 7.5 2.5 2 0 3 5 5
-4609.9 6586.0 -2.4 267 0 15.6 20.4 10.0 2.5 2 1 4 0 0
-5178.4 6369.0 -3.1 181 0 12.5 11.5 2.5 0.0 0 0 1 1 1
-5003.0 6506.9 -6.2 79 0 9.9 21.9 7.5 2.5 2 1 3 2 2
-4645.9 6894.5 -1.3 180 0 7.8 15.7 7.5 2.5 2 1 3 0 0
-4868.6 6570.3 0.4 273 0 27.1 34.3 10.0 0.0 0 1 4 4 4
-4834.0 6558.9 -0.3 271 0 7.2 12.4 5.0 2.5 2 1 2 4 4
-4577.9 6656.7 -2.8 180 0 9.7 19.9 5.0 2.5 2 1 2 0 0
-4550.7 6631.0 -3.3 63 0 7.3 18.1 7.5 2.5 2 1 3 4 4
-4825.5 6470.8 1.0 25 0 6.6 11.5 2.5 2.5 2 1 1 3 3
-4655.7 6106.7 2.7 179 0 14.8 18.2 10.0 2.5 4 1 4 0 0
-4455.5 6316.2 -4.7 223 0 6.5 17.2 7.5 2.5 2 1 3 0 0
-4759.7 6577.3 -3.3 273 0 6.8 12.7 10.0 2.5 2 1 4 2 2
-4845.3 6472.1 0.9 27 0 8.1 24.2 7.5 2.5 2 1 3 0 0
-4594.7 6490.7 -1.2 90 0 21.7 13.8 12.5 2.5 2 0 5 2 2
-4770.7 6270.8 -5.3 120 0 9.7 14.7 10.0 0.0 0 1 4 0 0
-4541.1 6660.7 -2.8 89 0 12.1 16.0 7.5 2.5 2 1 3 2 2
-5116.0 6309.3 -2.2 269 0 8.1 17.1 7.5 2.5 2 1 3 2 2
-5004.4 6796.7 -8.2 91 0 8.3 9.9 5.0 2.5 2 1 2 3 3
-5029.0 6372.9 -2.1 272 0 6.1 11.6 5.0 2.5 2 1 2 4 4
-3951.7 5271.4 -11.7 33 0 22.2 28.6 14.0 3.5 2 1 4 1 1
-4221.3 5430.2 -1.6 211 0 11.2 18.3 10.5 3.5 2 1 3 2 2
-3941.9 5266.6 -12.4 8 0 14.9 39.2 14.0 3.5 2 1 4 3 3
-3921.6 5480.7 -8.2 199 0 17.8 13.2 14.0 3.5 2 0 4 5 5
-3992.8 5966.9 -5.1 186 0 10.3 10.8 14.0 3.5 2 1 4 2 2
-4212.8 5197.6 -2.3 66 0 11.6 15.2 14.0 3.5 2 1 4 1 1
-3894.5 5825.0 -6.2 195 0 8.6 14.4 14.0 0.0 0 1 4 5 5
-3936.5 5848.1 -5.0 114 0 13.8 10.3 14.0 3.5 4 0 4 5 5
-3658.3 6012.5 -12.2 29 0 6.8 13.1 14.0 0.0 0 1 4 0 0
-3760.6 5936.8 -7.2 211 0 6.8 9.3 14.0 0.0 0 1 4 2 2
-3925.6 6097.0 -4.0 272 0 9.9 11.5 14.0 3.5 2 1 4 3 3
-4035.7 5595.8 -7.3 0 0 12.0 12.9 14.0 3.5 4 1 4 5 5
-3934.4 5641.4 -7.1 295 0 7.9 9.0 14.0 3.5 2 1 4 4 4
-3827.9 5693.2 -12.8 27 0 12.6 10.6 14.0 3.5 2 0 4 0 0
-3701.9 6079.1 -8.5 312 0 9.8 16.4 14.0 3.5 2 1 4 4 4
-4262.9 5964.7 -5.4 194 0 8.3 7.7 14.0 3.5 2 0 4 1 1
-4235.6 5473.7 -1.6 91 0 9.1 14.7 10.5 3.5 4 1 3 0 0
-4056.8 5445.0 -5.9 1 0 15.0 12.5 14.0 3.5 2 0 4 4 4
-4103.5 5358.1 -4.0 270 0 11.9 9.2 14.0 3.5 2 0 4 3 3
-4005.1 6025.5 -5.0 178 0 9.6 13.1 14.0 3.5 2 1 4 3 3
-4319.0 5661.2 -4.8 197 0 13.5 10.3 14.0 3.5 2 0 4 4 4
-4192.1 5918.9 -5.6 0 0 10.8 10.6 14.0 3.5 4 0 4 0 0
-3962.5 5518.7 -8.5 131 0 7.4 7.8 14.0 3.5 2 1 4 2 2
-4258.0 5738.1 -9.8 181 0 15.6 11.8 14.0 3.5 2 0 4 1 1
-3928.6 5607.5 -7.6 205 0 9.7 15.9 14.0 3.5 2 1 4 1 1
-4165.4 5410.9 -4.2 359 0 7.1 14.4 10.5 3.5 2 1 3 5 5
-3830.6 5678.9 -13.0 27 0 11.3 14.2 14.0 3.5 2 1 4 3 3
-4262.0 5186.2 -2.6 297 0 10.0 14.3 14.0 3.5 2 1 4 0 0
-3925.3 5668.1 -7.6 116 0 17.8 10.8 14.0 3.5 2 0 4 5 5
-4032.8 5425.9 -7.2 198 0 35.9 10.8 14.0 3.5 2 0 4 0 0
-4095.2 5285.7 -4.2 18 0 15.5 10.0 14.0 3.5 2 0 4 5 5
-4038.6 5878.2 -6.7 91 0 17.2 14.8 14.0 3.5 2 0 4 1 1
-4068.5 5506.8 -7.5 272 0 13.0 14.9 14.0 3.5 2 1 4 1 1
-4015.7 6048.1 -4.7 180 0 10.4 12.1 14.0 0.0 0 1 4 5 5
-4201.2 5209.7 -2.3 65 0 11.4 12.1 14.0 3.5 2 1 4 5 5
-3860.9 5773.1 -9.9 182 0 6.5 6.8 14.0 3.5 2 1 4 1 1
-3985.5 5495.8 -8.6 106 0 8.5 14.3 14.0 3.5 2 1 4 5 5
-3727.8 5894.5 -8.9 25 0 10.5 13.7 14.0 3.5 2 1 4 1 1
-3736.9 5941.2 -7.3 32 0 11.0 15.2 14.0 3.5 2 1 4 4 4
-4102.5 5175.2 -5.1 294 0 22.8 12.1 14.0 3.5 2 0 4 4 4
-3898.7 6100.5 -4.6 345 0 11.2 12.7 14.0 3.5 2 1 4 5 5
-3906.0 5631.5 -7.8 297 0 30.8 14.0 14.0 3.5 2 0 4 4 4
-4289.5 5974.5 -3.1 204 0 12.8 9.6 14.0 3.5 2 0 4 5 5
-4200.5 5533.4 -4.6 288 0 8.0 12.5 10.5 3.5 2 1 3 4 4
-3892.3 5733.3 -7.3 200 0 8.1 10.4 14.0 3.5 2 1 4 2 2
-4259.6 5601.1 -5.2 115 0 16.4 9.6 14.0 3.5 2 0 4 3 3
-4047.0 5458.4 -6.5 1 0 14.0 9.0 14.0 3.5 2 0 4 1 1
-4269.3 5233.3 -1.5 159 0 18.5 10.7 14.0 0.0 0 0 4 2 2
-4282.4 5551.9 -3.6 270 0 15.8 13.7 10.5 3.5 2 0 3 2 2
-4186.6 6009.2 -6.3 273 0 7.3 8.4 14.0 3.5 2 1 4 2 2
-4122.0 5359.7 -2.7 1 0 11.8 8.9 14.0 3.5 2 0 4 4 4
-4169.6 5308.4 -4.2 269 0 14.3 22.5 14.0 3.5 2 1 4 3 3
-3918.7 5526.3 -8.4 18 0 11.2 20.6 14.0 3.5 2 1 4 0 0
-3747.6 5805.6 -11.9 32 0 25.5 10.9 14.0 3.5 2 0 4 5 5
-4152.9 5387.3 -5.0 356 0 8.5 9.9 10.5 3.5 2 1 3 5 5
-3857.3 5642.5 -10.9 291 0 9.4 14.6 14.0 3.5 4 1 4 3 3
-3903.7 6005.0 -6.0 360 0 9.7 8.6 14.0 3.5 2 0 4 1 1
-4127.6 5496.8 -5.6 182 0 10.9 12.6 10.5 3.5 2 1 3 1 1
-4050.6 5555.8 -8.1 11 0 13.2 17.8 14.0 3.5 2 1 4 4 4
-3868.7 5691.6 -10.0 112 0 22.6 22.7 14.0 3.5 2 1 4 4 4
-4112.1 5293.0 -3.3 12 0 8.7 14.9 14.0 3.5 2 1 4 0 0
-4091.3 5304.1 -4.3 0 0 10.6 12.1 14.0 3.5 2 1 4 1 1
-4251.6 5760.8 -9.5 181 0 8.4 21.6 14.0 3.5 2 1 4 4 4
-4094.0 5514.0 -7.0 271 0 6.8 8.9 14.0 3.5 2 1 4 5 5
-4168.6 5849.1 -6.6 238 0 8.1 7.6 14.0 3.5 2 0 4 3 3
-4178.9 5214.7 -3.2 67 0 10.2 12.3 14.0 3.5 2 1 4 0 0
-3977.2 5492.8 -8.5 110 0 6.3 19.0 14.0 3.5 2 1 4 0 0
-3716.2 5886.1 -10.1 31 0 9.5 8.8 14.0 3.5 2 0 4 1 1
-3612.6 6078.9 -16.9 30 0 9.0 9.1 14.0 3.5 2 1 4 2 2
-4035.4 5609.8 -7.0 0 0 12.3 8.1 14.0 3.5 2 0 4 4 4
-3887.5 5622.8 -8.0 295 0 7.7 15.4 14.0 3.5 2 1 4 0 0
-4288.9 5842.2 -9.2 116 0 7.0 9.3 14.0 3.5 4 1 4 3 3
-4175.9 5337.8 -3.7 269 0 9.6 12.1 14.0 3.5 2 1 4 0 0
-3974.8 5912.8 -4.1 204 0 13.4 11.9 14.0 3.5 2 0 4 3 3
-4266.1 5904.3 -7.4 2 0 9.8 11.3 14.0 3.5 2 1 4 2 2
-4191.1 5530.0 -4.8 290 0 10.1 12.0 10.5 3.5 2 1 3 1 1
-3909.4 5757.3 -6.9 185 0 9.5 19.4 14.0 3.5 2 1 4 2 2
-3642.3 5993.9 -15.0 29 0 12.7 10.9 14.0 3.5 2 0 4 1 1
-4017.0 5937.6 -5.7 1 0 13.4 22.1 14.0 3.5 2 1 4 0 0
-4232.7 5332.0 -0.9 267 0 9.8 18.7 14.0 3.5 2 1 4 2 2
-4037.6 5479.0 -7.4 5 0 10.3 13.3 14.0 3.5 2 1 4 4 4
-4088.0 5365.3 -5.0 109 0 15.0 11.0 14.0 3.5 2 0 4 2 2
-3953.2 6027.8 -4.6 184 0 6.2 10.4 14.0 3.5 2 1 4 2 2
-4152.4 6125.8 -4.2 3 0 9.9 9.1 14.0 3.5 2 0 4 0 0
-4113.9 5977.4 -7.3 140 0 7.5 8.1 14.0 3.5 2 1 4 0 0
-3915.9 5538.2 -8.3 20 0 10.8 11.2 14.0 3.5 2 1 4 1 1
-4293.0 5661.9 -6.1 197 0 11.5 15.4 14.0 3.5 2 1 4 5 5
-4113.8 5452.9 -3.4 0 0 9.9 17.7 10.5 0.0 0 1 3 3 3
-3902.8 5990.9 -6.2 336 0 8.8 13.4 14.0 0.0 0 1 4 2 2
-4296.7 5852.8 -9.3 199 0 11.6 7.0 14.0 3.5 2 0 4 3 3
-3951.9 5745.9 -6.9 19 0 14.1 15.4 10.5 0.0 0 1 3 2 2
-4057.0 5577.7 -7.6 1 0 12.8 11.7 14.0 3.5 2 0 4 3 3
-4104.1 5272.2 -3.7 18 0 9.9 14.0 14.0 0.0 0 1 4 5 5
-4155.4 5518.7 -5.4 282 0 9.4 13.9 10.5 3.5 2 1 3 1 1
-4015.3 5343.7 -7.2 286 0 13.2 43.1 14.0 3.5 2 1 4 0 0
-3694.9 5904.4 -8.2 31 0 12.9 17.5 14.0 3.5 2 1 4 4 4
-4212.4 5788.6 -8.2 187 0 8.0 10.7 14.0 3.5 2 1 4 3 3
-3866.7 5864.7 -6.5 197 0 8.1 12.6 14.0 3.5 2 1 4 0 0
-3874.7 5951.2 -6.7 1 0 9.1 9.5 14.0 3.5 4 1 4 2 2
-3705.7 5877.3 -11.2 33 0 6.9 9.8 14.0 3.5 2 1 4 2 2
-4302.4 5624.5 -4.5 91 0 10.7 16.0 14.0 3.5 2 1 4 3 3
-3942.0 6104.5 -3.4 272 0 7.0 9.4 14.0 3.5 2 1 4 3 3
-4011.1 5629.8 -6.6 1 0 14.0 12.2 14.0 3.5 2 0 4 4 4
-3791.4 5749.4 -14.1 39 0 6.1 8.4 14.0 3.5 2 1 4 5 5
-4177.8 5350.8 -3.6 269 0 11.0 9.0 14.0 3.5 2 0 4 1 1
-3986.7 5942.9 -4.8 294 0 7.9 6.4 14.0 3.5 2 0 4 3 3
-4256.0 5925.2 -6.5 23 0 11.4 11.7 14.0 3.5 2 1 4 2 2
-4247.8 5518.9 -2.8 282 0 6.0 9.9 10.5 3.5 2 1 3 4 4
-3990.8 5750.6 -5.4 19 0 6.8 7.1 14.0 0.0 0 1 4 4 4
-4192.4 5472.9 -3.0 92 0 12.6 9.0 10.5 3.5 2 0 3 2 2
-4191.6 5295.6 -2.5 269 0 8.7 14.9 14.0 3.5 2 1 4 2 2
-4280.3 5434.3 -3.1 90 0 11.8 11.0 10.5 3.5 2 0 3 0 0
-3645.1 5980.3 -15.1 35 0 9.9 9.4 14.0 3.5 2 0 4 5 5
-4183.3 5438.3 -3.4 269 0 8.8 16.1 10.5 3.5 2 1 3 3 3
-4265.7 5314.3 -0.7 270 0 12.8 12.2 14.0 3.5 2 0 4 4 4
-3879.9 6007.5 -6.5 358 0 15.5 19.9 14.0 3.5 2 1 4 3 3
-3920.3 5694.8 -7.5 194 0 9.6 11.8 14.0 3.5 2 1 4 2 2
-4019.2 5428.6 -8.5 194 0 24.2 37.9 14.0 0.0 0 1 4 5 5
-4231.9 6008.3 -4.4 270 0 9.4 13.7 14.0 3.5 4 1 4 0 0
-4113.8 5388.1 -3.7 121 0 14.6 7.7 14.0 3.5 2 0 4 4 4
-3955.3 6039.4 -4.3 181 0 10.0 8.8 14.0 3.5 2 0 4 5 5
-4191.0 5187.2 -2.8 244 0 6.6 13.6 10.5 3.5 2 1 3 0 0
-4039.4 6027.6 -6.0 360 0 11.3 26.6 14.0 3.5 2 1 4 5 5
-4101.9 5966.9 -6.9 193 0 6.7 12.5 14.0 3.5 2 1 4 1 1
-3927.5 5542.9 -8.3 19 0 12.0 9.9 14.0 0.0 0 0 4 5 5
-4290.7 5682.4 -6.8 180 0 15.3 10.0 14.0 3.5 2 0 4 4 4
-3765.4 6074.8 -8.3 208 0 12.4 7.4 14.0 3.5 2 0 4 0 0
-3764.8 5810.4 -9.0 30 0 15.8 17.6 14.0 3.5 2 1 4 1 1
-3750.5 5972.5 -7.8 217 0 7.7 23.2 14.0 3.5 2 1 4 0 0
-4251.7 5851.1 -8.6 20 0 10.6 16.1 14.0 3.5 2 1 4 2 2
-3901.7 6128.2 -3.5 290 0 6.7 6.8 14.0 3.5 2 1 4 3 3
-4315.8 5495.6 -3.8 180 0 20.6 12.1 10.5 3.5 2 0 3 1 1
-3880.3 6107.4 -5.1 272 0 10.7 10.6 14.0 3.5 2 0 4 4 4
-3893.9 5551.5 -9.4 109 0 7.7 14.4 14.0 3.5 4 1 4 3 3
-3967.5 5491.8 -8.5 108 0 11.1 10.8 14.0 3.5 2 0 4 0 0
-3890.3 5645.1 -8.1 295 0 28.9 17.4 14.0 3.5 2 0 4 1 1
-4018.2 5307.0 -7.5 195 0 15.1 8.3 14.0 3.5 2 0 4 3 3
-4315.7 5981.5 -1.0 181 0 11.9 15.1 14.0 3.5 2 1 4 3 3
-3957.7 5942.6 -4.8 184 0 8.9 14.6 14.0 3.5 2 1 4 5 5
-4211.4 5805.7 -7.9 183 0 9.8 9.4 14.0 3.5 2 0 4 0 0
-3881.1 5966.9 -6.6 3 0 10.9 16.6 14.0 3.5 4 1 4 2 2
-3765.7 6032.6 -7.7 211 0 10.6 7.0 14.0 3.5 2 0 4 3 3
-4170.2 5951.4 -6.0 93 0 8.9 14.4 14.0 3.5 2 1 4 3 3
-3776.2 6150.5 -6.5 267 0 8.9 15.8 14.0 3.5 2 1 4 5 5
-3618.5 6060.6 -16.2 35 0 10.3 14.4 14.0 3.5 2 1 4 4 4
-3928.3 5441.8 -8.9 293 0 10.7 7.5 14.0 3.5 4 0 4 3 3
-3970.6 6081.9 -3.2 93 0 7.4 9.1 14.0 3.5 2 1 4 0 0
-3967.1 5565.5 -8.0 208 0 6.3 10.9 14.0 3.5 2 1 4 0 0
-3837.0 5629.6 -14.6 21 0 7.2 13.0 14.0 3.5 2 1 4 1 1
-4247.4 5921.5 -6.3 96 0 9.6 13.4 14.0 3.5 2 1 4 5 5
-4259.4 5509.9 -2.5 284 0 14.2 6.6 10.5 3.5 2 0 3 0 0
-4256.4 5423.0 -1.6 268 0 9.2 12.0 10.5 3.5 2 1 3 3 3
-4166.5 5585.6 -7.4 115 0 10.7 13.5 14.0 3.5 2 1 4 3 3
-3890.1 6020.2 -5.8 358 0 8.3 7.0 14.0 3.5 2 0 4 1 1
-4253.8 5535.6 -3.5 286 0 14.7 14.7 10.5 3.5 2 0 3 3 3
-4019.9 5449.5 -7.9 179 0 12.0 14.3 14.0 0.0 0 1 4 2 2
-4208.6 6015.8 -5.0 1 0 8.2 8.6 14.0 3.5 2 1 4 0 0
-4086.9 5318.1 -4.6 20 0 9.0 13.5 14.0 3.5 2 1 4 2 2
-4088.3 5969.0 -6.8 126 0 10.5 9.1 14.0 3.5 2 0 4 2 2
-3759.3 6064.1 -7.8 213 0 10.1 8.2 14.0 3.5 4 0 4 4 4
-3906.5 5590.3 -7.8 113 0 7.2 9.1 14.0 3.5 2 1 4 3 3
-4095.4 5889.5 -6.2 108 0 15.3 20.3 14.0 3.5 2 1 4 1 1
-3893.8 6141.8 -3.5 270 0 6.3 13.0 14.0 3.5 2 1 4 5 5
-3926.5 5659.5 -7.4 294 0 14.4 9.9 14.0 3.5 2 0 4 5 5
-4088.8 5550.2 -7.2 118 0 7.9 10.8 14.0 3.5 2 1 4 3 3
-4204.7 5504.9 -3.3 292 0 13.9 8.9 10.5 3.5 2 0 3 0 0
-3941.5 5681.1 -7.3 21 0 19.3 7.3 14.0 3.5 2 0 4 2 2
-3990.3 5341.7 -7.4 18 0 10.0 31.0 14.0 3.5 2 1 4 3 3
-3900.2 5954.1 -6.1 3 0 7.0 13.9 14.0 0.0 0 1 4 0 0
-4026.9 5492.4 -8.4 14 0 12.4 20.8 14.0 3.5 4 1 4 4 4
-3789.2 6060.3 -7.5 216 0 6.8 10.6 14.0 3.5 2 1 4 1 1
-4258.6 5271.6 -1.1 155 0 13.4 9.0 14.0 3.5 2 0 4 3 3
-4154.9 5958.1 -6.5 4 0 15.0 9.6 14.0 3.5 2 0 4 1 1
-4147.1 6096.3 -5.6 91 0 11.9 8.3 14.0 3.5 2 0 4 5 5
-3626.5 6050.3 -15.2 30 0 9.5 15.2 14.0 3.5 2 1 4 1 1
-3988.8 6082.9 -3.5 95 0 9.3 8.6 14.0 3.5 4 0 4 2 2
-3971.3 5586.0 -7.7 201 0 8.6 11.5 14.0 3.5 2 1 4 4 4
-4183.2 5560.8 -6.5 116 0 8.4 18.8 14.0 3.5 2 1 4 0 0
-3861.9 5604.8 -11.4 24 0 9.5 16.0 14.0 3.5 2 1 4 4 4
-4233.7 5921.0 -6.1 96 0 8.5 14.4 14.0 3.5 2 1 4 3 3
-4237.9 5511.0 -2.5 292 0 11.8 13.8 10.5 3.5 2 1 3 0 0
-4041.8 5581.2 -7.6 0 0 10.9 12.4 14.0 3.5 2 1 4 2 2
-3866.7 5678.1 -8.9 107 0 7.6 8.0 14.0 3.5 2 1 4 3 3
-4240.6 5422.8 0.2 270 0 10.5 11.5 10.5 3.5 2 1 3 3 3
-4056.2 5273.2 -6.1 185 0 8.6 9.6 14.0 3.5 2 1 4 1 1
-4134.0 5582.6 -7.6 44 0 11.1 15.0 14.0 3.5 4 1 4 0 0
-3855.9 5842.9 -6.9 206 0 34.8 27.6 14.0 0.0 0 0 4 1 1
-3881.5 6048.7 -5.4 3 0 9.0 11.9 14.0 3.5 2 1 4 0 0
-4269.4 5464.7 -1.6 89 0 15.6 13.6 10.5 3.5 2 0 3 5 5
-4004.3 5453.2 -8.2 162 0 8.5 6.3 14.0 3.5 2 0 4 3 3
-4227.7 5980.4 -4.5 360 0 8.4 11.0 14.0 3.5 2 1 4 2 2
-4083.1 5329.5 -4.8 19 0 8.6 12.7 14.0 3.5 4 1 4 2 2
-3976.4 5484.8 -8.9 290 0 7.3 10.5 14.0 3.5 2 1 4 5 5
-4212.0 5576.6 -5.7 119 0 19.5 8.8 14.0 3.5 2 0 4 1 1
-4219.9 6117.4 -0.5 272 0 8.7 12.9 14.0 3.5 2 1 4 0 0
-4101.0 5941.7 -6.7 179 0 14.6 12.3 14.0 3.5 2 0 4 1 1
-3956.3 5488.7 -8.4 108 0 9.2 12.8 14.0 3.5 2 1 4 0 0
-3967.2 5304.6 -9.0 274 0 6.3 9.8 14.0 3.5 2 1 4 2 2
-3750.4 6073.6 -8.2 217 0 9.5 6.3 14.0 3.5 2 0 4 3 3
-4074.9 5869.0 -7.7 285 0 8.2 13.6 14.0 3.5 2 1 4 0 0
-4195.0 5383.5 -2.5 89 0 9.2 7.2 10.5 3.5 2 0 3 2 2
-3930.8 6142.7 -2.2 268 0 12.0 8.0 14.0 3.5 2 0 4 5 5
-3910.5 5654.1 -7.6 297 0 12.9 16.6 14.0 3.5 2 1 4 3 3
-4095.2 5558.2 -6.9 116 0 9.5 10.3 14.0 3.5 2 1 4 3 3
-4144.1 5330.4 -2.1 271 0 12.2 12.2 14.0 3.5 2 1 4 4 4
-4209.3 5488.4 -2.8 111 0 13.1 8.0 10.5 0.0 0 0 3 1 1
-4186.9 5497.4 -3.6 270 0 13.0 10.3 10.5 3.5 2 0 3 5 5
-4292.1 5766.9 -10.3 180 0 12.7 13.7 14.0 3.5 2 1 4 2 2
-4265.4 5301.5 -0.8 268 0 12.3 8.2 14.0 3.5 2 0 4 1 1
-3988.3 5462.9 -8.8 339 0 7.8 10.5 14.0 3.5 2 1 4 0 0
-4119.1 5406.3 -3.4 204 0 6.7 9.5 14.0 3.5 2 1 4 0 0
-4169.3 5193.0 -3.7 272 0 8.4 9.4 10.5 3.5 2 1 3 3 3
-3918.4 5548.9 -8.2 108 0 11.7 11.9 14.0 0.0 0 1 4 2 2
-4310.3 6034.5 2.6 223 0 17.6 11.2 14.0 0.0 0 0 4 2 2
-4047.3 5863.1 -8.1 294 0 12.2 14.4 14.0 3.5 2 1 4 1 1
-4212.1 5299.7 -1.4 270 0 9.8 11.7 14.0 3.5 2 1 4 1 1
-3866.1 5595.4 -11.1 22 0 9.8 15.5 14.0 3.5 2 1 4 2 2
-4243.3 5861.7 -8.0 27 0 8.8 19.7 14.0 3.5 2 1 4 3 3
-4227.0 5526.2 -3.6 293 0 18.7 17.1 10.5 3.5 2 0 3 3 3
-4027.6 5561.1 -8.0 15 0 8.5 11.9 14.0 3.5 2 1 4 3 3
-4049.0 5290.7 -6.8 197 0 9.2 18.8 14.0 3.5 2 1 4 4 4
-4129.6 5558.5 -6.8 115 0 18.7 10.5 14.0 3.5 2 0 4 5 5
-3899.1 6082.0 -4.6 335 0 11.5 10.0 14.0 3.5 4 0 4 1 1
-3881.3 5546.7 -11.8 104 0 9.1 7.3 14.0 3.5 2 0 4 5 5
-4287.0 6003.0 -1.3 180 0 11.7 11.6 14.0 3.5 2 0 4 3 3
-4079.8 5338.4 -5.0 18 0 7.7 12.9 14.0 3.5 2 1 4 2 2
-3988.7 5981.1 -5.1 179 0 9.7 12.9 14.0 3.5 2 1 4 5 5
-3822.8 5887.2 -7.2 186 0 13.4 11.2 14.0 3.5 2 0 4 4 4
-4211.4 5159.6 -2.8 208 0 10.9 8.5 10.5 3.5 2 0 3 3 3
-4202.7 5587.7 -6.2 133 0 18.9 9.4 14.0 3.5 2 0 4 0 0
-4206.2 6079.4 -2.6 0 0 12.0 9.6 14.0 3.5 2 0 4 4 4
-3947.8 5485.0 -8.4 111 0 7.6 8.5 14.0 3.5 2 1 4 4 4
-3962.2 5280.0 -9.3 11 0 9.0 11.9 14.0 3.5 2 1 4 1 1
-4071.9 6083.1 -5.0 184 0 8.9 12.8 14.0 3.5 2 1 4 0 0
-3775.5 6115.3 -7.4 136 0 11.1 18.1 14.0 3.5 2 1 4 5 5
-3917.2 5566.8 -8.0 114 0 10.0 10.4 14.0 3.5 2 1 4 5 5
-3733.9 5871.1 -11.0 29 0 9.2 7.0 14.0 3.5 2 0 4 4 4
-3936.0 5420.4 -9.4 294 0 6.7 16.8 14.0 3.5 2 1 4 4 4
-3723.8 6124.6 -7.7 209 0 7.0 9.6 14.0 3.5 2 1 4 1 1
-4057.2 5517.7 -8.4 105 0 8.7 16.1 14.0 3.5 2 1 4 2 2
-4172.5 5464.7 -4.2 91 0 9.7 13.7 10.5 3.5 2 1 3 5 5
-4016.4 5962.8 -5.8 360 0 12.2 18.8 14.0 0.0 0 1 4 5 5
-4276.3 5807.6 -9.9 285 0 8.5 16.5 14.0 3.5 2 1 4 5 5
-4294.1 5304.5 -0.6 255 0 14.3 15.4 14.0 3.5 2 1 4 5 5
-3717.5 6037.5 -10.6 131 0 7.5 19.4 14.0 3.5 4 1 4 5 5
-4046.8 5701.9 -6.5 338 0 13.9 12.8 14.0 0.0 0 0 4 2 2
-4160.0 5175.2 -3.8 274 0 7.8 9.2 10.5 3.5 2 1 3 0 0
-3926.1 5465.6 -8.4 199 0 11.5 13.7 14.0 3.5 2 1 4 1 1
-3900.5 5586.3 -7.9 114 0 6.1 9.5 14.0 3.5 2 1 4 3 3
-4025.5 5861.8 -7.7 287 0 7.4 14.5 14.0 0.0 0 1 4 1 1
-3920.1 5863.9 -5.1 21 0 9.4 13.1 14.0 3.5 2 1 4 3 3
-4303.2 5900.1 -6.8 127 0 7.5 14.3 14.0 3.5 2 1 4 2 2
-4024.5 5569.9 -7.8 15 0 8.8 17.8 14.0 3.5 2 1 4 0 0
-4218.6 5460.7 -1.9 102 0 8.8 19.9 10.5 3.5 4 1 3 5 5
-4099.4 5624.4 -7.1 2 0 14.0 12.4 14.0 3.5 2 0 4 3 3
-3851.0 6096.1 -5.8 360 0 12.5 6.9 14.0 0.0 0 0 4 2 2
-3891.1 5545.5 -9.6 19 0 7.4 9.5 14.0 3.5 4 1 4 4 4
-3662.1 6060.1 -11.8 36 0 10.8 17.5 14.0 3.5 2 1 4 5 5
-4038.1 5373.8 -6.4 203 0 13.7 8.9 14.0 3.5 2 0 4 0 0
-4287.4 6033.3 0.8 182 0 14.0 9.2 14.0 3.5 4 0 4 3 3
-3817.8 5905.6 -7.2 196 0 12.4 11.8 14.0 3.5 2 0 4 1 1
-4191.6 5131.8 -3.2 91 0 7.7 7.6 10.5 3.5 2 0 3 5 5
-3797.3 6053.7 -7.3 214 0 9.2 15.7 14.0 3.5 2 1 4 3 3
-4131.4 5991.4 -7.7 138 0 21.9 9.6 14.0 3.5 2 0 4 5 5
-4028.6 6139.4 -2.2 273 0 7.6 6.1 14.0 3.5 2 0 4 4 4
-3907.7 5564.2 -8.1 112 0 6.3 9.2 14.0 3.5 2 1 4 0 0
-3634.6 6040.9 -14.3 33 0 10.1 12.3 14.0 3.5 4 1 4 0 0
-4304.7 5406.7 -6.2 0 0 8.2 14.3 10.5 3.5 2 1 3 1 1
-4027.1 5830.5 -8.5 287 0 13.9 7.9 14.0 3.5 4 0 4 5 5
-4105.1 5466.2 -4.4 8 0 9.0 10.7 10.5 3.5 2 1 3 1 1
-3992.5 6077.2 -3.7 183 0 6.8 12.9 14.0 3.5 4 1 4 3 3
-4173.8 5539.6 -6.3 111 0 13.0 20.6 14.0 3.5 2 1 4 5 5
-4261.4 5661.5 -7.5 183 0 16.9 11.3 14.0 3.5 2 0 4 4 4
-4260.7 5941.5 -6.0 91 0 9.1 6.2 14.0 3.5 2 0 4 1 1
-4156.4 5472.4 -4.9 1 0 11.7 10.6 10.5 3.5 2 0 3 4 4
-3771.2 5986.2 -7.9 218 0 8.6 13.5 14.0 3.5 2 1 4 3 3
-4057.8 5346.7 -6.1 197 0 35.2 7.6 14.0 3.5 2 0 4 1 1
-3890.0 5834.1 -6.1 194 0 8.0 15.8 14.0 3.5 2 1 4 2 2
-4313.9 5328.2 -5.0 67 0 9.0 8.0 10.5 3.5 2 0 3 1 1
-3931.1 6043.1 -4.8 183 0 8.2 10.2 14.0 0.0 0 1 4 1 1
-4014.7 5687.1 -6.2 0 0 16.2 18.7 14.0 3.5 2 1 4 5 5
-4242.1 5183.2 -2.1 22 0 7.2 12.6 14.0 3.5 4 1 4 4 4
-4216.8 5968.8 -4.6 5 0 10.4 8.5 14.0 3.5 2 0 4 0 0
-4142.4 5193.6 -2.6 272 0 12.4 11.3 10.5 3.5 2 0 3 2 2
-4119.9 5951.6 -6.8 199 0 10.8 12.8 14.0 3.5 2 1 4 2 2
-3915.5 5453.9 -8.4 291 0 7.7 10.3 14.0 3.5 2 1 4 0 0
-3892.9 5604.7 -7.9 291 0 6.5 7.1 14.0 3.5 2 1 4 2 2
-3912.7 5872.9 -5.3 19 0 11.8 7.9 14.0 3.5 4 0 4 2 2
-4207.0 5445.3 -2.6 276 0 30.7 9.1 10.5 3.5 2 0 3 4 4
-4332.3 5922.5 -4.3 187 0 10.2 16.7 14.0 3.5 4 1 4 0 0
-3982.7 5785.5 -5.7 2 0 14.0 16.9 14.0 3.5 2 1 4 5 5
-4066.3 5171.9 -7.1 112 0 6.4 15.3 14.0 3.5 2 1 4 3 3
-3835.4 6096.4 -6.3 1 0 12.3 13.6 14.0 3.5 2 1 4 5 5
-4321.5 5592.0 -3.4 115 0 13.6 6.6 14.0 3.5 2 0 4 3 3
-4241.3 5836.3 -8.3 199 0 10.9 13.2 14.0 3.5 2 1 4 3 3
-4043.4 5390.8 -6.2 198 0 32.3 9.6 14.0 3.5 2 0 4 3 3
-4272.7 6027.9 -1.0 182 0 10.3 14.0 14.0 0.0 0 1 4 2 2
-3991.1 5451.8 -8.6 242 0 10.2 12.0 14.0 3.5 2 1 4 2 2
-4260.8 5572.1 -4.7 106 0 8.2 24.7 14.0 0.0 0 1 4 4 4
-4290.4 6067.2 2.1 178 0 10.6 18.5 14.0 3.5 2 1 4 3 3
-4301.9 5427.5 -5.6 9 0 30.5 9.7 10.5 3.5 2 0 3 4 4
-3942.9 5394.5 -10.1 96 0 10.6 9.2 14.0 3.5 2 0 4 2 2
-3973.4 6071.0 -3.5 179 0 6.8 7.1 14.0 3.5 2 1 4 0 0
-3698.6 6140.6 -7.6 307 0 8.3 9.8 14.0 3.5 2 1 4 1 1
-3954.9 5611.4 -7.1 184 0 8.0 8.3 14.0 3.5 2 1 4 3 3
-4158.6 5540.2 -6.7 117 0 11.4 16.8 14.0 3.5 2 1 4 3 3
-4180.3 5307.9 -3.2 269 0 7.2 12.4 14.0 3.5 2 1 4 2 2
-4176.5 5513.9 -4.6 282 0 17.4 14.0 10.5 3.5 4 0 3 1 1
-3761.7 5995.1 -8.3 227 0 7.1 11.9 14.0 3.5 2 1 4 4 4
-4127.4 5510.4 -6.5 181 0 14.2 12.5 10.5 3.5 2 0 3 4 4
-4045.2 5344.5 -6.6 198 0 34.3 11.0 14.0 3.5 2 0 4 1 1
-3902.4 6024.0 -5.6 358 0 13.7 11.9 14.0 3.5 2 0 4 4 4
-3739.6 6035.4 -8.1 128 0 6.5 11.1 14.0 0.0 0 1 4 3 3
-3993.0 5682.6 -7.2 2 0 15.1 9.7 14.0 3.5 2 0 4 3 3
-4196.0 5982.6 -5.5 4 0 12.6 8.6 14.0 3.5 2 0 4 2 2
-4193.0 5570.7 -6.1 115 0 11.1 9.5 14.0 3.5 2 0 4 5 5
-4192.6 6095.3 -2.8 105 0 6.9 16.3 14.0 3.5 2 1 4 5 5
-3971.3 6127.7 -2.1 271 0 11.8 14.2 14.0 3.5 2 1 4 5 5
-3899.9 5607.1 -7.8 293 0 7.3 7.8 14.0 3.5 2 1 4 3 3
-3889.3 5891.8 -6.1 21 0 11.2 17.4 14.0 3.5 2 1 4 5 5
-4038.0 5520.1 -8.4 18 0 10.2 9.7 14.0 3.5 2 0 4 2 2
-4094.3 5237.0 -5.2 197 0 14.5 11.8 14.0 3.5 2 0 4 5 5
-3844.4 6026.0 -6.6 2 0 8.4 14.2 14.0 3.5 2 1 4 4 4
-3956.1 5658.8 -7.0 201 0 7.8 6.0 14.0 3.5 2 0 4 0 0
-4243.1 6028.5 -2.5 358 0 13.1 9.6 14.0 3.5 2 0 4 0 0
-4012.5 5473.1 -8.7 181 0 7.0 11.0 14.0 3.5 2 1 4 0 0
-3912.4 5769.8 -6.6 182 0 10.8 13.1 14.0 3.5 2 1 4 0 0
-4243.6 5571.6 -4.7 122 0 24.3 9.4 14.0 3.5 2 0 4 5 5
-3994.0 5500.7 -8.6 90 0 9.2 8.8 14.0 3.5 4 0 4 0 0
-3789.3 6101.4 -8.1 131 0 6.9 14.5 14.0 3.5 2 1 4 4 4
-4292.8 5402.9 -5.1 271 0 8.0 15.2 10.5 3.5 2 1 3 3 3
-3932.4 5392.5 -10.9 97 0 9.1 9.1 14.0 3.5 4 0 4 0 0
-4109.9 5528.6 -7.1 92 0 12.2 14.4 14.0 3.5 2 1 4 3 3
-4133.2 5289.7 -2.4 359 0 6.6 10.8 14.0 3.5 2 1 4 5 5
-4108.4 5515.2 -6.6 272 0 9.9 15.3 10.5 3.5 2 1 3 4 4
-4096.0 5612.2 -6.6 3 0 8.7 12.6 14.0 3.5 2 1 4 4 4
-3678.5 6035.0 -10.8 31 0 6.3 11.5 14.0 3.5 2 1 4 0 0
-3993.4 5690.9 -7.2 91 0 10.8 10.0 14.0 3.5 2 0 4 5 5
-4201.8 5554.1 -5.5 117 0 10.2 11.4 14.0 3.5 2 1 4 3 3
-4242.2 6050.9 -1.4 0 0 10.5 16.7 14.0 3.5 2 1 4 4 4
-3905.7 5516.4 -8.2 289 0 12.5 7.7 14.0 3.5 2 0 4 4 4
-4090.2 5499.3 -6.9 192 0 13.5 8.0 14.0 3.5 2 0 4 0 0
-4284.8 5210.4 -1.9 1 0 13.0 17.6 14.0 3.5 2 1 4 5 5
-3972.0 5838.6 -5.7 292 0 14.1 18.4 14.0 3.5 2 1 4 2 2
-4036.1 5538.3 -8.4 17 0 17.5 9.9 14.0 3.5 2 0 4 3 3
-4249.9 5621.0 -6.2 109 0 11.4 12.5 14.0 3.5 2 1 4 1 1
-3805.0 5747.2 -13.8 30 0 15.6 8.3 14.0 3.5 2 0 4 1 1
-3865.7 5574.9 -12.0 5 0 8.4 16.4 14.0 3.5 2 1 4 3 3
-4222.2 5860.6 -7.6 295 0 7.9 6.0 14.0 3.5 2 0 4 4 4
-4006.5 5493.4 -8.8 273 0 11.8 13.2 14.0 3.5 2 1 4 3 3
-3886.8 5744.4 -8.5 205 0 14.1 21.2 14.0 3.5 4 1 4 0 0
-3830.5 5940.4 -7.1 185 0 9.1 13.7 14.0 0.0 0 1 4 1 1
-4248.8 5563.5 -4.3 120 0 20.1 9.2 14.0 3.5 2 0 4 3 3
-4318.4 6103.1 7.2 180 0 11.9 9.5 14.0 3.5 2 0 4 0 0
-3662.5 5999.8 -12.2 28 0 16.6 9.0 14.0 3.5 2 0 4 2 2
-4016.8 5527.8 -8.5 16 0 17.4 8.4 10.5 3.5 2 0 3 3 3
-3924.7 5457.8 -8.5 294 0 7.8 6.2 14.0 3.5 2 0 4 3 3
-3970.9 6044.3 -4.1 181 0 13.3 10.0 14.0 3.5 2 0 4 5 5
-4096.8 5525.2 -7.3 93 0 10.8 10.7 14.0 3.5 2 0 4 5 5
-4312.3 5704.8 -6.1 207 0 10.2 12.7 14.0 3.5 2 1 4 5 5
-3971.1 5766.6 -5.5 19 0 10.0 14.1 14.0 3.5 2 1 4 3 3
-3770.7 5799.7 -9.3 27 0 6.7 9.3 14.0 3.5 2 1 4 0 0
-4200.3 5456.6 -2.7 109 0 14.9 9.1 10.5 3.5 2 0 3 2 2
-3723.6 5968.1 -7.8 31 0 10.7 6.3 14.0 3.5 4 0 4 1 1
-4069.0 5721.7 -7.8 1 0 12.0 9.8 14.0 3.5 2 0 4 4 4
-4275.7 5141.5 -4.0 0 0 9.0 17.6 14.0 3.5 4 1 4 2 2
-4154.2 5139.1 -3.3 0 0 7.7 17.5 10.5 3.5 2 1 3 2 2
-4190.7 5546.0 -5.8 113 0 13.2 15.2 14.0 3.5 2 1 4 5 5
-4239.4 6064.5 -0.9 0 0 6.8 8.0 14.0 3.5 4 1 4 2 2
-3893.5 5513.7 -8.9 291 0 7.3 8.2 14.0 0.0 0 1 4 2 2
-4217.7 5762.9 -9.0 183 0 8.8 22.5 14.0 3.5 2 1 4 3 3
-4283.5 5230.4 -1.2 358 0 7.3 12.6 14.0 3.5 2 1 4 5 5
-3977.8 5803.7 -5.6 91 0 10.5 15.1 14.0 3.5 2 1 4 1 1
-3710.0 6117.4 -8.0 217 0 10.9 7.1 14.0 3.5 2 0 4 0 0
-3794.5 5895.3 -7.7 209 0 14.1 8.2 14.0 3.5 2 0 4 3 3
-3810.3 5735.5 -14.2 34 0 8.0 8.0 14.0 3.5 2 0 4 0 0
-4167.4 5522.7 -5.2 278 0 11.8 8.2 10.5 3.5 2 0 3 0 0
-3887.4 5572.8 -8.9 101 0 6.1 9.1 14.0 3.5 4 1 4 0 0
-3743.9 6060.2 -8.0 209 0 8.3 9.4 14.0 3.5 2 1 4 1 1
-3753.1 5998.6 -9.0 220 0 9.5 7.0 14.0 3.5 2 0 4 2 2
-4032.5 5337.7 -6.9 197 0 32.0 6.9 14.0 3.5 2 0 4 4 4
-3996.8 5491.4 -9.0 242 0 7.5 24.2 14.0 3.5 2 1 4 5 5
-3827.8 5955.1 -7.2 202 0 10.4 12.9 14.0 3.5 2 1 4 4 4
-4258.5 5520.6 -2.9 284 0 15.0 9.7 10.5 3.5 2 0 3 2 2
-3926.6 5451.3 -8.7 288 0 9.6 7.4 14.0 3.5 2 0 4 2 2
-3954.4 6056.2 -4.0 180 0 6.2 9.1 14.0 3.5 4 1 4 1 1
-3949.0 6114.6 -2.8 265 0 9.9 8.6 14.0 0.0 0 0 4 4 4
-4150.9 5220.8 -4.3 89 0 12.8 8.8 14.0 3.5 2 0 4 3 3
-3880.4 5902.6 -6.4 20 0 8.3 17.7 14.0 3.5 2 1 4 1 1
-3983.6 5757.7 -5.4 17 0 7.7 11.1 14.0 3.5 4 1 4 4 4
-4188.0 5451.6 -3.4 109 0 9.6 12.8 10.5 3.5 2 1 3 3 3
-3712.9 5974.4 -8.2 38 0 8.9 20.6 14.0 3.5 2 1 4 1 1
-4089.8 5250.5 -5.3 200 0 11.2 15.2 14.0 3.5 2 1 4 4 4
-3847.8 6017.3 -6.8 0 0 9.3 15.4 14.0 3.5 2 1 4 5 5
-3894.2 5527.6 -9.9 288 0 9.5 11.8 14.0 3.5 2 1 4 3 3
-3684.0 6029.6 -9.8 32 0 6.8 6.0 14.0 3.5 2 0 4 0 0
-4038.6 5722.0 -6.5 0 0 10.0 12.5 14.0 3.5 2 1 4 4 4
-4283.6 5178.5 -2.9 290 0 12.7 9.5 14.0 3.5 2 0 4 3 3
-4247.3 6000.1 -4.2 279 0 6.7 11.8 14.0 3.5 2 1 4 1 1
-4181.1 5164.4 -3.0 295 0 8.1 11.0 10.5 3.5 2 1 3 5 5
-4050.0 5504.6 -7.8 285 0 7.5 10.9 14.0 3.5 2 1 4 3 3
-4293.7 5250.8 -0.9 359 0 15.8 10.2 14.0 3.5 2 0 4 5 5
-4210.1 5858.3 -7.2 206 0 10.2 21.1 14.0 3.5 2 1 4 1 1
-3770.2 6086.7 -8.6 208 0 11.4 8.8 14.0 3.5 2 0 4 3 3
-3773.7 5854.3 -7.9 26 0 17.2 11.6 14.0 3.5 2 0 4 2 2
-4236.8 5217.7 -1.8 88 0 12.1 9.3 14.0 3.5 2 0 4 4 4
-4276.6 5426.5 -3.4 271 0 10.0 15.8 10.5 3.5 2 1 3 1 1
-3918.8 5378.4 -13.0 94 0 11.6 7.2 14.0 3.5 4 0 4 3 3
-3948.3 5805.3 -5.2 15 0 15.2 12.9 14.0 3.5 2 0 4 1 1
-3695.7 6114.7 -8.2 302 0 9.7 9.5 14.0 3.5 2 0 4 0 0
-3811.0 5722.4 -14.7 29 0 12.9 13.3 14.0 3.5 2 1 4 5 5
-4088.1 5422.1 -4.6 195 0 10.1 10.5 14.0 3.5 2 1 4 1 1
-4294.6 5119.6 -4.7 89 0 9.3 12.1 14.0 3.5 2 1 4 4 4
-3897.0 5690.7 -7.6 109 0 9.2 8.5 14.0 3.5 2 0 4 0 0
-3995.4 5710.4 -6.1 1 0 8.5 6.8 14.0 3.5 2 0 4 5 5
-3824.4 5966.4 -7.4 199 0 7.4 15.6 14.0 3.5 2 1 4 4 4
-4090.7 5464.3 -5.1 184 0 7.5 9.6 14.0 3.5 2 1 4 3 3
-3805.8 6115.5 -7.1 158 0 8.8 16.2 14.0 0.0 0 1 4 5 5
-3930.8 5427.0 -9.1 19 0 12.8 6.7 14.0 3.5 2 0 4 2 2
-4142.8 5204.2 -2.4 90 0 11.4 8.7 14.0 3.5 2 0 4 4 4
-3874.1 5931.0 -6.7 1 0 13.4 13.2 14.0 3.5 2 0 4 1 1
-4188.3 5391.3 -2.9 91 0 8.5 6.4 10.5 3.5 2 0 3 2 2
-3776.9 5979.2 -7.8 218 0 8.0 11.1 14.0 3.5 2 1 4 1 1
-4133.3 5899.5 -5.3 112 0 6.2 8.9 14.0 3.5 2 1 4 0 0
-3845.4 5806.2 -8.1 198 0 17.5 16.6 14.0 3.5 2 0 4 0 0
-4142.4 5345.4 -2.0 269 0 7.4 11.2 14.0 3.5 2 1 4 0 0
-4096.3 5758.6 -10.1 359 0 13.9 16.4 14.0 0.0 0 1 4 3 3
-3968.8 5687.5 -7.2 19 0 14.0 7.9 10.5 3.5 2 0 3 0 0
-3858.8 5725.1 -10.4 210 0 10.7 12.9 14.0 3.5 2 1 4 5 5
-4229.7 5573.8 -5.0 129 0 21.0 8.1 14.0 3.5 2 0 4 4 4
-4271.5 6117.6 3.9 270 0 6.9 9.9 14.0 3.5 2 1 4 1 1
-4192.9 5843.5 -7.0 206 0 14.1 15.0 14.0 3.5 2 1 4 0 0
-3764.2 5876.7 -8.4 31 0 13.9 9.5 14.0 3.5 2 0 4 4 4
-4005.5 5573.0 -8.0 289 0 9.9 19.6 10.5 3.5 2 1 3 5 5
-3884.4 5803.8 -7.9 188 0 11.7 12.5 14.0 0.0 0 1 4 4 4
-4088.2 5406.4 -4.6 292 0 18.0 12.6 14.0 3.5 2 0 4 0 0
-3940.5 5820.1 -5.0 15 0 12.7 16.5 14.0 3.5 2 1 4 4 4
-4102.5 5544.4 -7.0 113 0 9.2 13.5 14.0 3.5 2 1 4 3 3
-4025.5 5596.2 -7.3 359 0 11.0 6.5 14.0 3.5 4 0 4 0 0
-3773.7 5791.7 -10.3 26 0 9.6 8.4 14.0 3.5 2 0 4 5 5
-4205.5 5344.1 -1.8 267 0 10.2 11.5 14.0 0.0 0 1 4 5 5
-3964.5 5877.7 -4.2 196 0 11.0 11.5 14.0 3.5 2 1 4 1 1
-4096.1 5448.5 -4.5 185 0 6.9 11.4 14.0 3.5 2 1 4 3 3
-4106.2 5334.1 -3.8 91 0 10.8 13.7 14.0 3.5 2 1 4 5 5
-3985.6 5994.8 -5.1 179 0 11.2 12.3 14.0 3.5 2 1 4 5 5
-4236.6 5775.3 -8.9 181 0 6.5 11.0 14.0 3.5 2 1 4 2 2
-3990.9 5538.2 -8.4 199 0 13.0 13.4 14.0 3.5 2 1 4 1 1
-3716.2 5860.3 -12.8 31 0 9.9 19.8 14.0 3.5 2 1 4 1 1
-3781.0 5921.2 -7.9 206 0 8.4 10.7 14.0 0.0 0 1 4 5 5
-3808.5 5793.9 -8.7 19 0 17.3 21.0 14.0 3.5 2 1 4 1 1
-4121.8 5336.7 -2.7 360 0 9.0 9.3 14.0 3.5 4 1 4 2 2
-3731.7 6055.5 -8.2 212 0 11.2 8.0 14.0 3.5 2 0 4 1 1
-4214.5 5847.7 -7.8 293 0 8.7 15.6 14.0 3.5 2 1 4 4 4
-4136.7 5863.7 -6.8 271 0 6.7 11.9 14.0 3.5 2 1 4 1 1
-3825.0 5752.5 -11.7 26 0 10.4 10.2 14.0 3.5 2 0 4 5 5
-4217.5 5564.7 -5.2 126 0 6.8 10.6 14.0 3.5 2 1 4 3 3
-3691.1 5946.8 -10.3 32 0 11.9 17.4 14.0 3.5 2 1 4 2 2
-4018.3 5891.4 -5.6 100 0 8.9 13.3 14.0 0.0 0 1 4 5 5
-4263.9 5808.0 -9.4 278 0 6.5 10.4 14.0 3.5 2 1 4 0 0
-4092.7 5417.1 -4.2 291 0 12.0 7.8 14.0 3.5 2 0 4 2 2
-3952.9 6063.4 -3.8 184 0 6.0 7.7 14.0 3.5 2 1 4 0 0
-4308.8 5734.4 -8.0 189 0 16.6 11.9 14.0 3.5 2 0 4 1 1
-3785.1 5787.7 -10.0 28 0 9.7 6.7 14.0 3.5 2 0 4 5 5
-3977.5 5883.8 -5.0 198 0 18.8 11.0 14.0 3.5 2 0 4 0 0
-4095.2 5456.2 -4.5 181 0 6.6 8.3 14.0 3.5 2 1 4 5 5
-4099.6 6033.6 -6.6 270 0 10.5 9.1 14.0 3.5 2 0 4 4 4
-3914.6 5725.0 -7.3 183 0 16.5 14.3 14.0 3.5 2 0 4 0 0
-4275.1 5582.5 -4.5 116 0 14.7 17.1 14.0 3.5 2 1 4 0 0
-3913.5 5487.8 -8.2 112 0 14.1 8.8 14.0 3.5 2 0 4 3 3
-3959.7 5987.5 -5.2 179 0 13.7 15.9 14.0 3.5 2 1 4 4 4
-4317.0 5243.7 -0.8 144 0 6.9 8.7 14.0 3.5 2 1 4 0 0
-4143.5 5912.9 -5.6 131 0 17.4 12.5 14.0 3.5 2 0 4 0 0
-3745.8 5837.9 -11.5 28 0 14.1 15.1 7.0 3.5 2 1 2 1 1
-3641.0 6019.8 -14.2 28 0 22.6 15.9 14.0 0.0 0 0 4 2 2
-4110.6 5141.7 -5.4 201 0 10.7 10.6 14.0 3.5 2 0 4 2 2
-3823.6 5706.9 -13.3 32 0 12.0 7.4 14.0 3.5 2 0 4 1 1
-4106.1 5322.2 -3.5 359 0 8.6 11.3 14.0 0.0 0 1 4 0 0
-4250.2 5940.8 -5.8 92 0 9.8 11.6 14.0 3.5 4 1 4 0 0
-4127.1 5863.8 -7.1 273 0 10.0 13.7 14.0 3.5 2 1 4 3 3
-4223.9 5168.8 -2.6 208 0 11.9 8.6 10.5 3.5 2 0 3 2 2
-3893.7 5789.1 -8.2 191 0 13.3 19.0 14.0 3.5 2 1 4 1 1
-3678.5 5949.2 -11.8 36 0 6.9 15.6 14.0 3.5 2 1 4 3 3
-4269.6 5782.3 -10.0 275 0 9.7 12.6 14.0 3.5 2 1 4 0 0
-4091.1 5479.0 -5.9 184 0 7.8 11.2 14.0 3.5 2 1 4 3 3
-3989.6 6029.2 -4.7 178 0 11.2 9.5 14.0 3.5 2 0 4 0 0
-3729.5 6144.7 -7.3 217 0 9.4 13.6 14.0 3.5 4 1 4 3 3
-4130.2 5937.7 -6.4 180 0 11.1 16.2 14.0 3.5 2 1 4 0 0
-4282.5 5746.3 -10.0 180 0 12.3 14.9 14.0 3.5 2 1 4 3 3
-3788.1 5766.7 -12.6 27 0 13.8 10.0 14.0 3.5 2 0 4 5 5
-3996.5 5870.3 -5.9 112 0 10.1 14.2 14.0 3.5 2 1 4 0 0
-4322.9 5947.8 -2.5 209 0 9.1 10.0 14.0 0.0 0 1 4 1 1
-4063.1 6123.7 -3.4 182 0 13.1 11.4 14.0 0.0 0 0 4 5 5
-4280.9 5189.0 -2.4 359 0 7.7 13.3 14.0 3.5 2 1 4 3 3
-3962.7 5438.4 -8.9 289 0 18.8 17.8 14.0 3.5 2 0 4 3 3
-4203.7 5265.8 -1.7 90 0 8.6 15.8 14.0 3.5 2 1 4 2 2
-4233.0 5442.2 -0.5 359 0 9.1 19.6 10.5 3.5 2 1 3 5 5
-4118.1 5898.5 -5.5 113 0 8.8 15.3 14.0 3.5 2 1 4 3 3
-4143.8 5260.2 -4.4 354 0 7.1 18.7 14.0 3.5 2 1 4 1 1
-4230.5 5267.1 -1.4 86 0 7.6 14.6 14.0 3.5 2 1 4 1 1
-4060.1 5263.5 -7.1 198 0 10.6 24.0 14.0 3.5 2 1 4 2 2
-4302.2 5591.7 -3.5 116 0 13.6 14.3 14.0 3.5 4 1 4 0 0
-4072.1 5298.2 -5.9 202 0 10.5 17.2 14.0 3.5 2 1 4 1 1
-3961.2 5770.1 -5.8 179 0 6.1 17.6 10.5 3.5 2 1 3 5 5
-3883.7 5852.1 -6.3 201 0 14.5 18.6 14.0 3.5 2 1 4 4 4
-4243.0 5165.4 -2.8 359 0 9.0 17.5 14.0 3.5 2 1 4 5 5
-4313.6 5116.9 -4.9 116 0 8.7 19.0 14.0 3.5 2 1 4 4 4
-4060.9 5164.2 -7.7 110 0 7.5 20.7 10.5 3.5 2 1 3 0 0
-4279.7 5536.0 -3.5 290 0 10.4 12.8 10.5 3.5 2 1 3 0 0
-3804.1 6020.9 -7.2 207 0 10.5 16.4 14.0 3.5 2 1 4 2 2
-5940.5 1040.9 -9.9 28 0 53.8 16.8 10.0 2.5 2 0 4 2 2
-5980.8 407.4 -11.8 283 0 10.0 21.9 10.0 0.0 0 1 4 3 3
-5799.6 1313.5 -10.3 340 0 33.1 120.0 5.0 0.0 0 1 2 4 4
-5951.1 898.7 -8.9 20 0 29.3 44.8 5.0 0.0 0 1 2 4 4
-6065.8 770.9 -9.2 180 0 14.3 17.6 10.0 2.5 2 1 4 4 4
-6119.5 984.2 -10.6 158 0 14.3 8.2 7.5 2.5 4 0 3 0 0
-5889.2 954.7 -8.3 204 0 29.2 53.3 5.0 0.0 0 1 2 1 1
-6163.9 1254.4 -11.1 120 0 13.5 20.4 7.5 2.5 2 1 3 4 4
-5790.9 890.2 -9.1 32 0 6.4 7.2 7.5 2.5 2 1 3 5 5
-5965.9 797.5 -7.1 34 0 8.0 6.0 7.5 2.5 4 0 3 2 2
-5814.2 1213.5 -9.4 34 0 18.3 24.4 5.0 2.5 2 1 2 0 0
-5929.2 1102.8 -9.5 28 0 15.3 36.0 12.5 2.5 2 1 5 1 1
-6047.8 761.6 -8.0 180 0 6.5 7.1 7.5 2.5 2 1 3 4 4
-5824.6 972.3 -8.2 24 0 25.2 33.3 7.5 0.0 0 1 3 0 0
-6100.2 1231.2 -11.3 29 0 18.7 14.4 10.0 2.5 2 0 4 4 4
-5869.2 808.8 -8.5 208 0 12.9 6.9 2.5 2.5 2 0 1 0 0
-6014.1 760.0 -7.1 0 0 11.5 12.5 7.5 2.5 2 1 3 4 4
-5806.8 1239.6 -9.5 31 0 28.5 17.3 5.0 0.0 0 0 2 4 4
-5980.9 931.6 -10.3 29 0 42.3 74.2 5.0 0.0 0 1 2 1 1
-5875.7 1106.6 -8.0 29 0 60.1 37.8 5.0 0.0 0 0 2 1 1
-5670.6 1290.7 -7.6 301 0 6.3 10.4 7.5 2.5 2 1 3 2 2
-5882.0 774.9 -7.6 205 0 15.0 12.3 5.0 2.5 2 0 2 0 0
-6059.5 942.4 -9.9 210 0 12.6 34.5 5.0 0.0 0 1 2 1 1
-6049.5 833.6 -10.7 289 0 12.7 8.2 10.0 2.5 2 0 4 0 0
-5874.5 791.9 -8.1 205 0 17.4 11.3 7.5 2.5 4 0 3 2 2
-5824.5 1015.0 -8.0 295 0 10.6 19.1 5.0 0.0 0 1 2 1 1
-5888.2 681.7 -9.6 25 0 43.5 14.7 10.0 2.5 2 0 4 1 1
-5864.9 820.1 -8.5 209 0 9.8 8.0 5.0 2.5 2 0 2 0 0
-5782.6 1270.7 -9.5 29 0 31.8 20.4 5.0 0.0 0 0 2 5 5
-6049.7 880.7 -10.3 118 0 76.0 41.8 5.0 0.0 0 0 2 5 5
-5711.3 1228.6 -9.0 211 0 17.3 10.1 10.0 2.5 2 0 4 1 1
-6052.2 825.4 -10.7 291 0 12.0 7.7 2.5 2.5 2 0 1 2 2
-6088.0 1287.5 -9.8 29 0 13.0 29.4 7.5 2.5 2 1 3 2 2
-6066.8 746.1 -8.5 181 0 12.4 14.7 7.5 2.5 2 1 3 3 3
-5776.7 978.7 -8.8 208 0 15.3 7.3 7.5 2.5 2 0 3 1 1
-5872.1 721.8 -9.3 28 0 42.1 14.6 12.5 2.5 2 0 5 0 0
-6062.5 872.8 -10.8 116 0 33.3 12.4 5.0 2.5 2 0 2 2 2
-5774.2 905.8 -9.6 33 0 15.8 7.7 2.5 2.5 2 0 1 5 5
-6007.2 1155.8 -11.0 208 0 48.4 28.4 5.0 0.0 0 0 2 4 4
-6093.5 1158.2 -11.6 206 0 28.0 34.5 5.0 0.0 0 1 2 5 5
-5926.8 1070.1 -8.2 29 0 6.3 8.7 10.0 2.5 2 1 4 2 2
-6051.6 741.4 -7.5 179 0 7.1 6.3 5.0 2.5 2 0 2 3 3
-5854.8 763.5 -8.3 27 0 46.0 14.7 12.5 2.5 2 0 5 5 5
-6018.8 734.0 -6.6 90 0 14.6 17.2 7.5 2.5 2 1 3 3 3
-6066.7 1207.0 -11.6 209 0 28.2 33.2 5.0 0.0 0 1 2 3 3
-5979.2 1117.0 -10.7 28 0 25.4 11.8 10.0 2.5 2 0 4 4 4
-5971.0 1139.5 -10.3 28 0 19.7 7.9 10.0 2.5 2 0 4 3 3
-5778.2 944.2 -9.2 299 0 11.3 17.9 7.5 0.0 0 1 3 1 1
-5799.3 874.2 -8.8 29 0 24.2 6.6 7.5 2.5 2 0 3 2 2
-5764.8 923.4 -10.1 32 0 22.4 15.8 10.0 2.5 2 0 4 1 1
-6138.6 1078.7 -11.3 207 0 34.5 33.2 5.0 0.0 0 0 2 1 1
-6086.4 1257.0 -10.7 29 0 29.9 71.1 5.0 0.0 0 1 2 5 5
-5897.6 741.5 -7.5 193 0 16.7 18.2 7.5 2.5 2 1 3 5 5
-5835.8 804.6 -8.3 28 0 39.5 24.0 10.0 0.0 0 0 4 2 2
-5751.5 1218.0 -9.4 27 0 7.9 12.5 5.0 2.5 2 1 2 3 3
-5959.0 526.4 -10.4 133 0 7.9 20.7 2.5 2.5 2 1 1 0 0
-3301.2 6879.1 -11.1 316 0 8.4 15.0 7.5 2.5 2 1 3 4 4
-3317.7 6894.0 -9.5 312 0 7.9 6.6 2.5 2.5 2 0 1 4 4
-3356.1 6643.9 -10.6 194 0 30.9 28.0 10.0 0.0 0 0 4 2 2
-3340.0 6882.7 -9.0 285 0 16.5 9.4 7.5 0.0 0 0 3 1 1
-3308.7 6630.6 -11.1 13 0 10.0 18.5 5.0 2.5 2 1 2 1 1
-6201.2 -527.6 -9.6 8 0 28.8 9.9 10.0 0.0 0 0 4 5 5
-6180.6 -489.7 -11.2 189 0 13.2 14.1 7.5 2.5 2 1 3 3 3
-6194.1 -573.3 -8.8 274 0 9.7 7.7 7.5 2.5 2 0 3 3 3
-6191.3 -495.0 -10.3 98 0 16.3 12.3 5.0 2.5 2 0 2 3 3
-3347.1 6710.0 -9.7 16 0 8.8 13.1 7.5 2.5 2 1 3 3 3
-3374.5 6564.9 -8.8 15 0 9.1 24.0 12.5 0.0 0 1 5 4 4
-3364.4 6466.6 -15.8 29 0 6.4 20.9 10.0 0.0 0 1 4 5 5
-3650.0 6919.2 -6.8 270 0 9.3 12.9 10.0 2.5 2 1 4 2 2
-3360.0 6587.5 -9.4 15 0 10.0 11.3 7.5 2.5 2 1 3 2 2
-3460.4 6448.6 -8.8 118 0 10.3 6.3 7.5 2.5 2 0 3 4 4
-3451.1 6480.0 -6.8 210 0 7.4 9.2 5.0 2.5 2 1 2 0 0
-3562.2 6734.5 -5.4 179 0 8.6 7.5 5.0 2.5 2 0 2 4 4
-3575.5 6832.1 -7.7 90 0 10.8 8.8 5.0 0.0 0 0 2 3 3
-3582.5 6846.6 -7.9 181 0 8.6 11.9 10.0 2.5 2 1 4 3 3
-3570.8 6734.0 -5.2 179 0 8.3 7.3 7.5 2.5 2 0 3 1 1
-3663.2 6911.1 -6.1 256 0 11.6 8.1 5.0 2.5 2 0 2 4 4
-3564.3 6819.7 -7.7 272 0 9.3 10.5 7.5 2.5 2 1 3 2 2
-3385.6 6662.1 -8.8 199 0 11.4 9.5 5.0 2.5 2 0 2 2 2
-3413.8 6783.1 -8.0 277 0 12.6 8.2 2.5 2.5 2 0 1 5 5
-3447.1 6487.7 -6.2 205 0 10.0 9.5 7.5 2.5 2 0 3 0 0
-3461.7 6781.3 -8.7 269 0 14.3 18.1 10.0 2.5 2 1 4 3 3
-3346.9 6689.1 -9.5 10 0 18.5 13.1 7.5 2.5 2 0 3 1 1
-3378.1 6609.4 -8.9 286 0 13.9 16.6 2.5 0.0 0 1 1 0 0
-3437.7 6480.6 -6.4 205 0 6.7 8.3 7.5 0.0 0 1 3 4 4
-3468.3 6717.2 -6.5 86 0 15.0 10.0 5.0 2.5 4 0 2 2 2
-3404.9 6518.1 -7.1 18 0 6.4 7.8 2.5 2.5 2 1 1 4 4
-3556.8 6806.5 -7.7 268 0 8.5 7.5 5.0 2.5 4 0 2 3 3
-3378.8 6667.9 -8.8 108 0 8.4 10.2 7.5 2.5 4 1 3 2 2
-3292.6 6903.2 -12.2 305 0 15.9 9.1 2.5 2.5 2 0 1 4 4
-3478.6 6700.3 -5.8 87 0 7.7 13.1 10.0 2.5 2 1 4 5 5
-3357.4 6824.7 -9.4 26 0 10.6 10.5 5.0 2.5 2 0 2 4 4
-3365.6 6619.3 -9.8 194 0 7.9 12.2 5.0 2.5 2 1 2 2 2
-3464.8 6705.9 -6.1 85 0 12.0 9.4 7.5 2.5 2 0 3 3 3
-3610.7 6830.5 -5.4 3 0 12.9 12.8 7.5 0.0 0 0 3 0 0
-3490.0 6771.0 -8.2 237 0 7.4 6.6 5.0 2.5 2 0 2 0 0
-3348.6 6732.8 -9.9 13 0 13.0 13.5 7.5 2.5 2 1 3 1 1
-3443.2 6475.3 -7.0 210 0 7.4 12.6 10.0 2.5 4 1 4 2 2
-3355.5 6597.4 -9.6 15 0 7.5 12.7 5.0 2.5 4 1 2 3 3
-3423.0 6867.4 -7.8 92 0 6.5 8.5 7.5 2.5 2 1 3 1 1
-3404.0 6543.4 -7.4 27 0 11.8 13.4 7.5 2.5 2 1 3 2 2
-3363.3 6572.0 -9.2 16 0 13.3 8.5 2.5 2.5 4 0 1 1 1
-3427.0 6525.5 -6.9 197 0 11.8 14.9 10.0 2.5 2 1 4 0 0
-3432.8 6919.5 -7.0 19 0 17.1 22.7 7.5 2.5 2 1 3 1 1
-3354.4 6607.4 -9.7 12 0 7.7 13.0 7.5 0.0 0 1 3 5 5
-3591.8 6809.1 -6.2 358 0 10.7 11.8 7.5 2.5 2 1 3 2 2
-3372.6 6624.5 -9.2 285 0 12.3 14.4 5.0 2.5 2 1 2 2 2
-3418.9 6888.8 -7.6 265 0 10.2 10.6 7.5 2.5 2 1 3 1 1
-3668.5 6894.8 -5.6 179 0 11.9 11.2 2.5 2.5 2 0 1 2 2
-3576.0 6824.0 -7.3 270 0 9.7 8.7 7.5 2.5 2 0 3 0 0
-3452.6 6452.7 -8.3 120 0 12.8 6.8 5.0 2.5 2 0 2 0 0
-3499.5 6714.6 -6.4 91 0 14.2 17.5 5.0 2.5 2 1 2 2 2
-3350.2 6836.9 -9.4 46 0 10.0 19.1 7.5 2.5 2 1 3 5 5
-3546.8 6698.9 -4.7 88 0 13.0 13.6 5.0 2.5 2 1 2 0 0
-3437.6 6502.8 -6.4 206 0 13.8 12.6 5.0 2.5 2 0 2 5 5
-3427.8 6765.2 -8.0 284 0 8.3 6.9 7.5 2.5 2 0 3 2 2
-3441.5 6444.6 -9.0 118 0 12.8 9.0 5.0 2.5 2 0 2 1 1
-3563.7 6906.4 -8.8 271 0 7.2 7.0 7.5 2.5 2 0 3 3 3
-3539.2 6712.3 -5.1 90 0 7.3 7.7 5.0 2.5 2 1 2 4 4
-3680.1 6884.9 -4.9 178 0 20.6 9.4 7.5 2.5 4 0 3 2 2
-3376.9 6439.2 -18.4 27 0 6.5 19.1 2.5 2.5 2 1 1 1 1
-3395.6 6447.1 -12.6 30 0 6.6 7.4 7.5 2.5 2 1 3 4 4
-3396.2 6718.6 -8.1 107 0 11.6 19.1 10.0 2.5 2 1 4 0 0
-3459.6 6745.9 -7.5 175 0 8.7 10.0 7.5 2.5 2 1 3 3 3
-3590.7 6853.0 -7.2 3 0 9.5 12.8 5.0 2.5 4 1 2 2 2
-3414.8 6865.8 -7.7 92 0 9.5 11.9 7.5 2.5 4 1 3 4 4
-4150.9 4952.0 -8.7 199 0 11.3 13.4 14.0 0.0 0 1 4 1 1
-4222.7 4676.5 -11.7 206 0 8.4 15.2 10.5 3.5 2 1 3 4 4
-4298.7 4597.3 -8.8 276 0 16.1 10.9 7.0 3.5 2 0 2 1 1
-4235.7 4631.3 -7.9 293 0 17.7 12.6 7.0 3.5 2 0 2 0 0
-4080.4 5090.3 -8.6 60 0 6.6 19.9 14.0 3.5 2 1 4 4 4
-4110.9 5001.6 -10.1 20 0 11.2 9.5 14.0 3.5 2 0 4 2 2
-4014.6 5265.2 -8.3 115 0 10.5 7.1 14.0 3.5 2 0 4 5 5
-4206.5 4763.5 -10.8 104 0 8.9 17.1 14.0 3.5 2 1 4 4 4
-4187.5 4855.5 -13.2 195 0 9.7 9.6 14.0 3.5 2 0 4 5 5
-4094.3 5077.5 -8.1 22 0 6.3 10.5 14.0 3.5 2 1 4 0 0
-4290.0 4712.5 -5.5 319 0 8.0 9.8 3.5 3.5 2 1 1 4 4
-4254.0 4668.7 -5.8 294 0 14.3 11.5 10.5 3.5 2 0 3 5 5
-4248.1 4745.4 -7.6 276 0 18.9 14.5 17.5 3.5 2 0 5 3 3
-4222.9 4658.9 -8.6 293 0 12.6 14.6 14.0 3.5 2 1 4 5 5
-4138.3 5115.5 -5.0 200 0 10.8 15.7 14.0 3.5 2 1 4 3 3
-4019.9 5243.0 -8.7 105 0 7.8 6.7 14.0 3.5 2 0 4 2 2
-4222.7 4783.0 -8.1 107 0 7.2 9.3 14.0 3.5 2 1 4 2 2
-4259.9 4722.6 -6.7 306 0 6.9 6.8 10.5 3.5 2 0 3 1 1
-4218.3 4667.9 -10.0 289 0 14.4 7.7 14.0 3.5 2 0 4 1 1
-4240.6 5011.6 -8.6 104 0 10.3 8.8 5.0 2.5 2 0 2 0 0
-4094.7 5104.0 -7.2 357 0 6.5 8.7 14.0 3.5 2 1 4 3 3
-4182.5 4870.7 -13.2 198 0 18.1 13.0 14.0 3.5 2 0 4 3 3
-4138.5 4852.4 -15.5 21 0 10.1 11.5 14.0 3.5 2 1 4 0 0
-4198.6 4902.7 -11.3 192 0 16.0 14.7 14.0 3.5 4 0 4 2 2
-4189.2 4844.2 -13.4 193 0 10.5 10.7 14.0 3.5 2 1 4 3 3
-4319.0 4600.2 -6.8 289 0 8.5 6.3 7.0 3.5 4 0 2 0 0
-4095.5 5059.7 -8.8 24 0 10.2 15.4 14.0 0.0 0 1 4 0 0
-4173.9 4984.8 -8.1 104 0 12.8 10.8 14.0 3.5 2 0 4 3 3
-4200.3 5041.2 -6.7 19 0 10.9 15.4 7.5 2.5 2 1 3 1 1
-3449.0 6570.4 -6.7 153 0 6.1 26.8 15.0 0.0 0 1 6 4 4
-3413.4 6636.2 -7.8 286 0 14.9 11.9 5.0 2.5 2 0 2 2 2
-3467.6 6589.4 -5.4 167 0 13.8 9.7 7.5 0.0 0 0 3 4 4
-3437.3 6655.1 -7.5 279 0 18.7 14.3 7.5 2.5 2 0 3 3 3
-6761.4 -3581.7 -4.2 8 0 13.8 9.8 5.0 2.5 2 0 2 1 1
-6272.2 -922.4 -7.4 181 0 20.5 19.4 12.5 2.5 2 0 5 4 4
-6232.8 -1056.7 -6.7 88 0 10.9 25.0 10.0 0.0 0 1 4 0 0
-6213.1 -856.1 -5.9 298 0 10.7 19.5 7.5 2.5 2 1 3 2 2
-6450.2 -545.0 -2.1 190 0 7.2 17.0 10.0 2.5 2 1 4 0 0
-6419.6 -525.2 -2.4 3 0 22.8 9.7 2.5 0.0 0 0 1 5 5
-6405.9 -457.9 -3.7 106 0 9.8 21.8 10.0 2.5 4 1 4 4 4
-6405.9 -479.4 -3.6 280 0 15.3 22.9 10.0 2.5 2 1 4 0 0
-6885.2 -4961.1 -14.0 186 0 12.3 13.9 7.5 2.5 2 1 3 3 3
-6877.1 -4954.3 -15.0 96 0 16.0 13.6 5.0 2.5 2 0 2 2 2
-6875.8 -4990.4 -12.9 273 0 18.1 17.4 10.0 2.5 2 0 4 1 1
-6902.6 -5157.2 -15.8 163 0 15.5 31.8 12.5 2.5 2 1 5 3 3
-6899.8 -5132.3 -9.5 194 0 7.9 9.7 2.5 2.5 2 1 1 0 0
-6896.7 -5108.7 -9.7 186 0 11.6 13.0 5.0 0.0 0 1 2 4 4
-6883.4 -5106.6 -11.9 189 0 10.4 13.2 7.5 2.5 2 1 3 4 4
-6281.5 -2063.0 -8.7 97 0 10.3 17.2 10.0 0.0 0 1 4 0 0
-6273.0 -1995.2 -8.8 2 0 11.9 8.6 7.5 2.5 4 0 3 2 2
-5739.6 2436.7 -9.4 243 0 7.9 56.7 10.0 2.5 2 1 4 5 5
-5552.3 2124.0 -12.0 206 0 12.0 26.6 10.0 2.5 4 1 4 0 0
-5574.6 2316.2 -11.4 21 0 25.5 15.0 5.0 2.5 2 0 2 0 0
-5599.5 2246.4 -11.5 19 0 45.8 43.8 5.0 0.0 0 0 2 3 3
-5396.2 2261.1 -9.4 201 0 18.9 31.9 5.0 2.5 4 1 2 0 0
-5427.0 2248.0 -9.9 20 0 86.3 36.8 5.0 0.0 0 0 2 3 3
-5424.9 2168.0 -10.7 16 0 35.8 65.8 5.0 0.0 0 1 2 5 5
-5457.8 2108.8 -10.9 17 0 76.5 51.2 5.0 0.0 0 0 2 2 2
-5709.4 1611.2 -8.2 122 0 12.6 15.3 15.0 0.0 0 1 6 2 2
-5710.9 1677.2 -9.1 210 0 14.6 48.4 10.0 2.5 2 1 4 2 2
-6056.2 1624.9 -9.2 209 0 15.3 39.8 5.0 0.0 0 1 2 2 2
-5994.1 1694.7 -8.9 299 0 38.9 27.0 5.0 0.0 0 0 2 3 3
-6047.4 1661.6 -8.8 210 0 51.3 47.6 5.0 0.0 0 0 2 0 0
-6103.6 1591.6 -10.0 209 0 32.9 37.2 5.0 0.0 0 1 2 4 4
-6069.8 1515.9 -10.3 119 0 16.1 54.0 5.0 0.0 0 1 2 2 2
-5969.9 1391.6 -9.9 209 0 22.0 79.3 5.0 0.0 0 1 2 3 3
-6199.4 1393.2 -10.9 208 0 47.6 76.1 5.0 0.0 0 1 2 4 4
-6173.8 1450.4 -9.9 204 0 29.2 13.7 5.0 2.5 2 0 2 0 0
-6065.1 1484.5 -10.7 299 0 13.0 100.1 5.0 0.0 0 1 2 3 3
-6006.9 1435.8 -10.3 300 0 23.5 78.1 5.0 0.0 0 1 2 2 2
-5854.6 1600.3 -10.1 298 0 7.5 21.9 2.5 2.5 2 1 1 5 5
-5850.1 1493.0 -10.4 28 0 109.4 58.6 5.0 0.0 0 0 2 3 3
-5678.5 1389.6 -8.0 208 0 31.3 6.7 2.5 2.5 2 0 1 3 3
-5744.0 1376.8 -11.1 118 0 14.8 39.2 12.5 2.5 2 1 5 5 5
-5850.9 1422.2 -10.4 28 0 12.7 16.8 2.5 2.5 2 1 1 0 0
-5834.1 1477.8 -10.7 297 0 25.8 41.1 5.0 0.0 0 1 2 2 2
-5753.9 1480.1 -11.9 27 0 47.1 69.0 5.0 0.0 0 1 2 4 4
-5776.9 1884.1 -8.2 214 0 12.6 38.1 5.0 2.5 4 1 2 0 0
-5785.9 1862.0 -7.1 215 0 29.3 44.1 5.0 0.0 0 1 2 0 0
-5693.1 1754.2 -10.4 111 0 31.2 95.6 5.0 0.0 0 1 2 1 1
-6897.8 -1637.4 -3.5 180 0 7.7 13.0 7.5 2.5 2 1 3 0 0
-6783.5 -1561.9 -5.5 269 0 11.4 17.0 7.5 2.5 2 1 3 0 0
-6801.0 -1792.3 -5.5 212 0 17.1 9.4 2.5 2.5 2 0 1 1 1
-6788.9 -1770.0 -4.9 215 0 13.4 9.8 7.5 2.5 2 0 3 0 0
-6750.6 -1782.0 -5.8 5 0 11.0 12.3 7.5 2.5 2 1 3 2 2
-6745.0 -1904.7 -5.3 274 0 10.6 13.4 2.5 2.5 2 1 1 5 5
-6767.7 -1836.4 -5.9 309 0 6.5 16.8 7.5 2.5 4 1 3 5 5
-5027.7 2771.7 -8.3 14 0 8.8 57.7 10.0 2.5 2 1 4 3 3
-5088.2 2730.0 -8.9 293 0 32.8 23.6 10.0 0.0 0 0 4 1 1
-4382.4 4421.4 -14.2 126 0 11.7 43.3 12.5 0.0 0 1 5 1 1
-5166.1 2565.5 -7.2 256 0 6.6 8.7 2.5 2.5 2 1 1 0 0
