114.0 -6321.3 7.4 340 0 10.6 15.0 7.5 2.5 2 0 3 3 3
620.4 -6128.8 -11.8 153 0 20.4 7.9 7.5 2.5 2 0 3 0 0
1063.3 -6054.0 3.1 260 0 10.4 7.1 7.5 2.5 2 0 3 1 1
-6337.4 -1365.2 -0.2 94 0 14.9 24.5 10.5 3.5 2 1 3 0 0
4713.5 -804.3 -4.9 165 0 7.7 28.5 10.5 3.5 2 1 3 3 3
3920.9 -1066.6 -4.0 311 0 7.8 33.2 7.0 3.5 2 1 2 0 0
-5096.9 -5483.4 -15.4 80 0 18.8 78.7 12.5 2.5 2 1 5 5 5
-4698.9 -5791.9 -4.4 173 0 18.4 23.8 15.0 0.0 0 1 6 1 1
-4562.0 -5721.3 -13.0 258 0 17.5 23.6 10.0 0.0 0 1 4 3 3
-4637.8 -5184.9 14.8 329 0 10.9 11.9 7.5 2.5 2 1 3 5 5
-4663.2 -5199.0 13.3 149 0 8.8 17.2 2.5 2.5 2 1 1 2 2
-4622.1 -5213.7 15.8 329 0 29.6 15.8 12.5 2.5 2 0 5 4 4
-5280.4 -5518.3 -11.7 82 0 36.3 165.8 10.0 0.0 0 0 4 5 5
-5656.7 -6103.8 -14.4 263 0 13.8 25.8 12.5 2.5 2 1 5 2 2
-5598.7 -6131.4 -13.9 83 0 58.3 38.2 12.5 0.0 0 0 5 3 3
-5472.5 -6202.6 -2.0 173 0 31.0 18.8 10.0 2.5 2 0 4 3 3
-5487.2 -6083.9 -9.0 263 0 37.8 76.6 12.5 0.0 0 1 5 3 3
-5413.4 -6228.5 -5.5 83 0 42.1 43.8 12.5 0.0 0 1 5 1 1
-5354.3 -6111.6 -10.2 353 0 55.6 62.6 15.0 0.0 0 1 6 3 3
-4357.9 -5868.8 -14.2 267 0 17.9 42.5 10.0 2.5 2 1 4 4 4
-4340.5 -5964.9 -9.6 355 0 61.0 24.2 10.0 2.5 2 0 4 1 1
-4410.8 -5899.9 -10.4 267 0 70.9 136.5 12.5 0.0 0 1 5 3 3
-4938.6 -6085.9 -8.9 351 0 81.7 46.7 17.5 0.0 0 0 7 1 1
-5008.6 -5608.1 -12.9 80 0 23.5 17.5 7.5 0.0 0 0 3 4 4
-5032.2 -5612.2 -14.3 80 0 24.4 17.5 12.5 2.5 2 0 5 4 4
-5061.1 -5517.2 -12.8 170 0 133.8 138.4 12.5 0.0 0 1 5 5 5
-5332.2 -5648.5 -10.3 82 0 7.9 8.3 7.5 2.5 4 1 3 1 1
-5295.6 -5637.6 -11.4 352 0 13.7 24.9 12.5 2.5 2 1 5 0 0
-5263.5 -5618.7 -14.7 262 0 22.1 19.7 12.5 2.5 2 0 5 2 2
-5305.3 -5553.9 -9.1 352 0 92.6 33.4 12.5 0.0 0 0 5 3 3
-5417.7 -5511.9 -6.9 262 0 10.9 31.9 10.0 2.5 2 1 4 2 2
-5610.3 -5593.7 -14.8 173 0 8.4 30.8 12.5 2.5 4 1 5 4 4
-5563.4 -5584.4 -13.8 172 0 6.3 9.2 5.0 2.5 2 1 2 2 2
-5571.0 -5532.1 -16.6 262 0 33.9 49.7 10.0 0.0 0 1 4 0 0
-5534.8 -5644.5 -9.4 83 0 10.0 9.5 7.5 2.5 2 0 3 2 2
-5545.4 -5645.7 -9.3 83 0 11.5 9.5 2.5 2.5 4 0 1 5 5
-5603.3 -5622.4 -13.3 174 0 33.9 81.6 15.0 0.0 0 1 6 2 2
-5599.1 -5651.9 -10.2 174 0 19.3 48.3 12.5 2.5 2 1 5 4 4
-5539.8 -5684.2 -8.6 82 0 53.3 26.0 10.0 2.5 2 0 4 4 4
-4949.9 -5864.9 -12.6 170 0 27.5 11.6 12.5 2.5 2 0 5 5 5
-4961.4 -5657.8 -15.5 265 0 11.3 17.7 7.5 0.0 0 1 3 3 3
-4947.6 -5656.7 -15.1 265 0 16.6 17.7 12.5 2.5 2 1 5 1 1
-4742.0 -5831.3 -10.7 352 0 16.7 8.8 7.5 2.5 2 0 3 3 3
-4751.4 -5828.1 -9.9 352 0 7.7 18.9 7.5 2.5 2 1 3 4 4
-4768.6 -5765.4 -12.9 352 0 17.6 15.4 10.0 2.5 2 0 4 3 3
-4769.8 -5715.1 -14.6 352 0 22.1 17.6 12.5 2.5 2 0 5 2 2
-4782.4 -5928.0 -6.2 82 0 49.5 22.0 17.5 0.0 0 0 7 2 2
-4724.3 -5878.3 -9.3 352 0 32.7 52.1 12.5 0.0 0 1 5 4 4
-4774.6 -5856.4 -5.6 352 0 9.4 33.8 10.0 2.5 2 1 4 4 4
-4860.1 -5940.0 -18.3 82 0 94.9 226.0 7.5 0.0 0 1 3 3 3
-5431.1 -5807.8 -16.0 265 0 45.1 75.1 15.0 0.0 0 0 6 3 3
-5615.3 -6010.2 -20.4 264 0 26.7 52.4 15.0 0.0 0 1 6 2 2
-5488.1 -5762.8 -15.0 264 0 25.1 35.2 7.5 0.0 0 0 3 1 1
-5014.0 -5840.7 -17.0 351 0 11.5 6.0 5.0 2.5 2 0 2 5 5
-5020.0 -5841.7 -17.5 351 0 11.5 6.4 5.0 2.5 2 0 2 1 1
-5030.3 -5864.3 -21.6 352 0 11.2 40.0 12.5 2.5 2 1 5 4 4
-5077.0 -5876.8 -21.6 82 0 16.0 11.2 7.5 2.5 2 0 3 3 3
-5095.3 -5879.4 -19.6 82 0 10.3 11.9 7.5 2.5 2 1 3 1 1
-5111.0 -5881.7 -18.5 82 0 18.7 11.1 5.0 2.5 2 0 2 3 3
-5149.0 -5887.5 -14.9 82 0 11.8 10.7 7.5 2.5 2 0 3 0 0
-5085.8 -5930.9 -16.9 82 0 120.1 47.9 15.0 0.0 0 0 6 2 2
-5369.6 -5760.9 -16.4 263 0 16.8 12.5 5.0 2.5 2 0 2 5 5
-5292.5 -5806.1 -22.0 82 0 10.2 7.6 10.0 2.5 2 0 4 3 3
-5338.0 -5886.7 -19.9 172 0 22.5 35.6 10.0 0.0 0 1 4 5 5
-5315.9 -5909.1 -17.3 172 0 10.8 12.3 2.5 0.0 0 1 1 3 3
-5301.6 -5922.2 -16.6 172 0 19.0 85.5 12.5 2.5 2 1 5 3 3
-5245.5 -5964.1 -15.3 82 0 70.8 39.6 10.0 0.0 0 0 4 5 5
-5325.5 -6006.6 -10.1 260 0 9.6 6.3 7.5 2.5 2 0 3 5 5
-5308.4 -5990.4 -9.0 260 0 10.5 12.7 10.0 2.5 2 1 4 1 1
-5511.1 -6037.1 -16.7 354 0 9.2 6.8 7.5 2.5 2 0 3 3 3
-5385.9 -5893.3 -16.0 351 0 7.5 10.1 7.5 2.5 2 1 3 0 0
-5406.1 -5945.1 -17.6 171 0 6.6 12.5 7.5 2.5 2 1 3 1 1
-5390.6 -5965.4 -17.1 262 0 38.2 63.8 10.0 0.0 0 1 4 4 4
-5474.0 -5968.1 -18.0 262 0 16.1 14.4 5.0 2.5 2 0 2 4 4
-5507.9 -5876.9 -13.5 172 0 11.7 7.0 2.5 2.5 2 0 1 2 2
-5668.6 -6036.2 -19.4 173 0 17.7 11.7 10.0 2.5 2 0 4 0 0
-5697.0 -5992.3 -18.5 173 0 151.8 20.8 10.0 0.0 0 0 4 3 3
-5644.8 -5976.8 -20.5 174 0 28.2 65.7 12.5 0.0 0 1 5 0 0
-5578.1 -5999.9 -20.0 264 0 22.2 34.7 12.5 0.0 0 1 5 4 4
-5576.5 -6052.5 -18.1 84 0 6.8 17.8 10.0 2.5 2 1 4 3 3
-5548.3 -5995.1 -19.7 264 0 33.2 53.7 12.5 0.0 0 1 5 0 0
-5548.1 -5875.4 -13.7 354 0 40.7 49.5 10.0 0.0 0 1 4 5 5
-5419.7 -5714.8 -15.3 264 0 25.7 21.0 10.0 2.5 2 0 4 1 1
-5428.9 -5749.5 -15.6 174 0 23.2 26.9 7.5 0.0 0 1 3 3 3
-5417.1 -5764.4 -16.0 264 0 31.5 23.2 10.0 0.0 0 0 4 5 5
-5448.4 -5801.6 -15.9 175 0 7.3 29.0 5.0 2.5 2 1 2 1 1
-5459.1 -5715.7 -15.8 262 0 17.5 11.7 7.5 2.5 4 0 3 0 0
-5457.2 -5793.6 -15.3 82 0 14.9 22.9 10.0 2.5 2 1 4 3 3
-5470.9 -5809.0 -15.2 262 0 21.3 75.7 15.0 0.0 0 1 6 2 2
-5223.2 -5900.1 -17.2 81 0 44.2 11.9 10.0 2.5 2 0 4 2 2
-5235.6 -5858.8 -20.1 261 0 38.9 22.4 10.0 0.0 0 0 4 4 4
-5227.2 -5815.1 -23.3 263 0 10.5 21.0 7.5 2.5 2 1 3 5 5
-5245.4 -5816.9 -23.8 263 0 22.5 36.6 10.0 0.0 0 1 4 3 3
-5239.2 -5692.6 -19.9 262 0 6.1 53.7 7.5 2.5 2 1 3 5 5
-5233.7 -5756.1 -21.7 172 0 19.8 6.1 2.5 2.5 2 0 1 0 0
-5226.4 -5800.5 -24.4 83 0 17.0 18.3 10.0 0.0 0 1 4 2 2
-5201.8 -5772.6 -22.6 83 0 21.2 22.5 10.0 2.5 2 1 4 5 5
-5182.3 -5758.4 -21.5 83 0 12.3 15.4 7.5 2.5 4 1 3 4 4
-5181.6 -5768.6 -22.2 83 0 12.4 8.4 5.0 2.5 2 0 2 3 3
-5059.0 -5763.0 -19.5 81 0 29.4 15.5 10.0 2.5 2 0 4 2 2
-5133.1 -5796.7 -23.4 261 0 125.9 69.5 12.5 0.0 0 0 5 5 5
-4999.8 -5946.5 -10.8 171 0 24.0 24.0 7.5 2.5 2 1 3 5 5
-5026.2 -5968.8 -11.1 81 0 37.4 13.6 10.0 0.0 0 0 4 3 3
-5065.4 -5944.2 -14.8 261 0 24.0 30.7 10.0 0.0 0 1 4 4 4
-5111.6 -5952.5 -14.3 261 0 62.4 30.1 10.0 0.0 0 0 4 0 0
-5144.3 -6002.7 -7.3 81 0 21.1 7.2 7.5 2.5 2 0 3 4 4
-5160.7 -5988.8 -5.1 81 0 10.4 24.0 12.5 2.5 2 1 5 0 0
-5185.9 -5995.3 -4.8 81 0 32.7 25.5 10.0 0.0 0 0 4 1 1
-5218.6 -5999.1 -4.4 81 0 26.0 23.2 12.5 0.0 0 0 5 5 5
-5258.6 -6012.9 -5.9 81 0 40.1 13.6 10.0 2.5 2 0 4 5 5
-5281.0 -6177.0 -8.0 353 0 6.8 17.1 7.5 2.5 2 1 3 2 2
-5245.8 -6051.8 -10.4 353 0 10.8 38.4 7.5 2.5 2 1 3 1 1
-5261.2 -6189.3 -8.2 83 0 6.0 11.1 5.0 2.5 2 1 2 5 5
-5269.3 -6148.0 -10.6 173 0 61.8 32.3 10.0 0.0 0 0 4 0 0
-5286.5 -6131.8 -10.8 353 0 84.2 47.7 15.0 0.0 0 0 6 3 3
-5504.6 -5684.5 -8.0 81 0 7.9 17.3 5.0 2.5 2 1 2 0 0
-5473.1 -5677.1 -11.0 81 0 24.9 16.1 12.5 2.5 2 0 5 5 5
-4531.2 -5912.7 -10.7 85 0 8.4 7.7 10.0 2.5 2 0 4 5 5
-4551.2 -5910.8 -11.4 174 0 7.7 15.5 7.5 2.5 2 1 3 0 0
-4434.7 -6081.7 -10.4 358 0 8.0 42.6 12.5 2.5 2 1 5 3 3
-4477.3 -5877.9 -9.5 267 0 13.0 29.9 12.5 2.5 2 1 5 1 1
-4482.1 -5913.2 -8.0 177 0 10.1 32.7 17.5 0.0 0 1 7 5 5
-4458.1 -5957.3 -5.2 177 0 26.3 14.7 12.5 2.5 2 0 5 2 2
852.3 -2421.9 -3.7 177 0 6.8 19.0 2.5 2.5 2 1 1 0 0
-6237.2 -1885.3 -8.5 355 0 12.6 9.9 2.5 2.5 2 0 1 0 0
-6270.6 -1870.6 -8.8 268 0 11.6 17.4 5.0 2.5 2 1 2 2 2
-6153.1 -1593.0 -12.2 86 0 11.6 20.4 14.0 3.5 2 1 4 0 0
-6113.2 -1551.9 -13.9 358 0 29.5 7.8 14.0 3.5 2 0 4 2 2
-6290.5 -1184.3 1.3 289 0 24.9 14.2 10.5 3.5 2 0 3 2 2
-6622.0 -1165.1 -2.9 355 0 12.7 9.9 10.5 3.5 2 0 3 2 2
-6427.7 -1126.9 -4.9 8 0 39.5 32.0 14.0 0.0 0 0 4 3 3
-6154.0 -1477.9 -6.2 89 0 11.0 30.4 12.5 2.5 2 1 5 1 1
-6141.6 -1451.8 -8.0 269 0 8.1 41.7 14.0 3.5 2 1 4 1 1
-6129.0 -1460.3 -8.6 270 0 7.8 33.0 14.0 3.5 2 1 4 4 4
-6124.5 -1516.0 -11.6 359 0 32.3 8.1 14.0 3.5 2 0 4 3 3
-6113.4 -1518.6 -12.1 1 0 28.5 8.4 14.0 3.5 2 0 4 4 4
-6169.6 -1532.8 -11.2 171 0 13.0 35.5 14.0 3.5 2 1 4 5 5
-6131.3 -1580.8 -13.2 68 0 6.4 16.6 14.0 3.5 2 1 4 1 1
