4019.7 -2534.5 -2.3 16 0 37.1 21.4 10.5 0.0 0 0 3 3 3
3523.0 -2398.3 -0.8 92 0 22.0 21.1 10.5 3.5 2 0 3 5 5
3535.1 -2472.3 -2.9 176 0 32.0 31.3 10.5 3.5 2 0 3 4 4
3606.7 -2469.8 -3.9 12 0 21.0 38.4 10.5 3.5 2 0 3 2 2
3082.0 -1982.6 -0.3 203 0 7.0 31.4 10.5 3.5 2 0 3 5 5
3073.3 -1992.1 -0.4 199 0 12.1 36.3 10.5 3.5 2 0 3 2 2
3082.6 -2022.6 -0.6 199 0 8.2 17.6 10.5 3.5 2 0 3 3 3
3067.2 -2007.8 -0.2 199 0 17.0 11.7 10.5 3.5 2 0 3 1 1
3052.3 -2055.9 -0.5 199 0 13.9 36.9 10.5 3.5 2 0 3 5 5
3057.6 -2035.4 -0.2 204 0 24.9 6.9 10.5 3.5 2 0 3 3 3
3556.0 -2404.2 -2.0 197 0 11.0 32.5 10.5 3.5 2 0 3 2 2
4517.1 -2631.3 -1.4 81 0 28.5 10.4 7.5 2.5 2 0 3 3 3
4543.6 -2620.1 -2.0 51 0 12.3 8.3 7.5 0.0 0 0 3 0 0
4606.2 -2601.2 -3.9 23 0 12.4 28.5 10.0 2.5 2 1 4 5 5
4609.1 -2566.4 -3.8 21 0 46.1 11.7 7.5 2.5 4 0 3 0 0
4529.6 -2499.4 -4.0 202 0 10.6 29.6 10.0 2.5 2 1 4 1 1
4574.2 -2511.7 -3.9 294 0 28.0 8.9 7.5 2.5 2 0 3 3 3
4668.8 -2788.4 1.5 205 0 6.3 42.0 10.0 2.5 2 1 4 3 3
4668.7 -2776.6 0.9 193 0 8.4 33.8 7.5 2.5 2 1 3 3 3
4713.6 -2776.5 0.0 26 0 8.6 20.3 5.0 2.5 2 1 2 3 3
4678.8 -2764.2 0.1 198 0 10.7 8.5 10.0 2.5 2 0 4 1 1
5429.2 -2879.0 -4.8 80 0 18.9 15.8 12.5 2.5 2 0 5 2 2
5455.8 -2869.3 -5.5 64 0 18.9 15.2 12.5 2.5 2 0 5 4 4
5467.5 -2855.9 -5.9 68 0 9.8 11.1 10.0 0.0 0 1 4 1 1
5484.6 -2845.9 -7.4 71 0 7.5 11.7 7.5 2.5 2 1 3 2 2
3004.3 -2104.0 -1.2 205 0 7.8 16.4 10.5 3.5 2 0 3 5 5
2304.0 -2397.2 2.2 184 0 14.0 15.6 5.0 2.5 2 0 2 2 2
2258.0 -2411.3 2.5 5 0 17.3 13.6 2.5 2.5 2 0 1 5 5
2528.1 -2230.7 -1.3 188 0 19.4 32.9 10.0 0.0 0 0 4 2 2
2566.5 -2280.0 -0.9 9 0 16.8 13.9 5.0 2.5 2 0 2 3 3
2555.5 -2334.0 -1.4 355 0 13.5 17.0 5.0 2.5 2 0 2 1 1
2517.8 -2344.6 -0.9 176 0 18.4 11.4 5.0 2.5 2 0 2 2 2
2617.7 -2408.4 -2.2 178 0 9.0 16.1 10.0 2.5 2 0 4 4 4
2653.1 -2378.4 -1.0 179 0 14.6 16.0 12.5 2.5 2 0 5 4 4
3250.7 -2319.1 -2.6 277 0 19.4 49.4 10.5 3.5 2 0 3 0 0
3603.2 -2425.6 -2.0 105 0 9.8 25.2 10.5 3.5 2 0 3 2 2
3597.6 -2521.2 -3.2 346 0 11.8 23.5 10.5 3.5 2 0 3 1 1
3554.0 -2528.9 -2.9 164 0 16.1 15.7 10.5 3.5 2 0 3 3 3
3615.9 -2434.0 -1.8 108 0 11.3 10.9 10.5 3.5 2 0 3 0 0
3626.5 -2437.4 -1.4 106 0 8.1 10.4 10.5 3.5 2 0 3 2 2
3660.0 -2460.1 -0.9 177 0 14.6 6.7 10.5 3.5 2 0 3 3 3
3685.3 -2467.0 -0.5 89 0 11.3 15.8 10.5 3.5 2 0 3 1 1
3675.7 -2415.8 -0.3 270 0 9.2 17.3 10.5 3.5 2 0 3 1 1
3694.2 -2419.5 -0.4 267 0 12.3 9.4 10.5 3.5 2 0 3 0 0
3711.7 -2366.9 -0.5 259 0 12.0 14.0 10.5 3.5 2 0 3 0 0
3706.8 -2427.1 -1.0 269 0 9.0 9.8 10.5 3.5 2 0 3 2 2
3697.3 -2462.3 -1.0 88 0 9.2 12.6 10.5 3.5 2 0 3 3 3
3745.3 -2461.3 -2.9 291 0 7.9 16.0 10.5 3.5 2 0 3 4 4
3741.1 -2437.8 -2.2 19 0 9.3 9.9 10.5 3.5 2 0 3 3 3
3772.2 -2450.4 -3.5 22 0 11.5 13.4 10.5 3.5 2 0 3 1 1
2358.7 -2618.6 -2.1 286 0 27.4 81.4 12.5 0.0 0 1 5 1 1
2484.2 -2617.6 -2.6 123 0 19.2 11.9 5.0 2.5 2 0 2 2 2
2526.4 -2651.5 -4.1 33 0 21.9 14.9 10.0 2.5 2 0 4 4 4
2305.1 -2370.2 2.0 184 0 17.4 13.9 2.5 2.5 2 0 1 5 5
2283.7 -2376.7 1.4 93 0 30.2 181.3 12.5 0.0 0 0 5 2 2
3523.1 -2438.0 -1.0 6 0 9.1 15.4 10.5 3.5 2 0 3 1 1
3501.3 -2367.4 -0.2 183 0 11.9 21.0 10.5 3.5 2 0 3 1 1
3552.4 -2353.9 -0.2 325 0 12.3 8.9 10.5 0.0 0 0 3 3 3
3529.7 -2354.5 -0.0 19 0 8.5 11.4 10.5 3.5 2 0 3 4 4
3538.5 -2313.1 0.2 340 0 10.4 16.8 10.5 3.5 2 0 3 3 3
3467.3 -2337.0 -0.2 195 0 6.3 12.1 10.5 0.0 0 0 3 3 3
3472.9 -2312.4 -0.0 181 0 13.2 12.6 10.5 3.5 2 0 3 2 2
3452.8 -2331.2 -0.3 20 0 10.4 15.1 10.5 3.5 2 0 3 3 3
3328.2 -2418.8 -2.6 19 0 18.4 29.8 10.5 3.5 2 0 3 0 0
3293.1 -2460.1 -0.8 78 0 10.5 12.5 10.5 3.5 2 0 3 0 0
3417.8 -2398.1 -2.1 92 0 14.3 7.1 10.5 3.5 2 0 3 3 3
3410.1 -2394.3 -2.3 3 0 6.9 15.4 10.5 3.5 2 0 3 4 4
3345.9 -2383.9 -2.8 3 0 9.4 11.5 10.5 3.5 2 0 3 3 3
3301.4 -2371.7 -2.9 271 0 8.5 12.8 10.5 3.5 2 0 3 1 1
3285.3 -2359.3 -2.9 272 0 15.0 24.9 10.5 3.5 2 0 3 1 1
3256.0 -2373.9 -2.8 191 0 9.4 12.4 10.5 3.5 2 0 3 4 4
3211.2 -2366.6 -2.6 189 0 13.8 12.4 10.5 3.5 2 0 3 2 2
3198.6 -2348.8 -2.2 180 0 14.6 8.4 10.5 3.5 2 0 3 0 0
3204.5 -2393.2 -2.0 276 0 14.2 18.5 10.5 3.5 2 0 3 0 0
3184.9 -2386.1 -2.0 276 0 21.7 22.0 10.5 3.5 2 0 3 2 2
3145.4 -2386.3 -1.7 187 0 10.4 19.1 10.5 3.5 2 0 3 3 3
3190.2 -2359.9 -2.3 6 0 21.8 10.8 10.5 3.5 2 0 3 4 4
3177.2 -2357.9 -2.2 6 0 20.2 8.0 10.5 3.5 2 0 3 5 5
3151.8 -2357.4 -2.1 183 0 19.0 15.8 10.5 3.5 2 0 3 5 5
3130.7 -2362.9 -2.1 100 0 22.5 12.1 10.5 3.5 2 0 3 3 3
3119.6 -2354.9 -2.3 9 0 12.6 17.1 10.5 3.5 2 0 3 2 2
3013.9 -2341.3 -2.2 10 0 11.8 11.8 10.5 3.5 2 0 3 4 4
2987.9 -2356.2 -1.9 92 0 10.4 19.6 10.5 3.5 2 0 3 0 0
2786.9 -2172.1 -1.2 18 0 13.2 14.3 7.5 2.5 2 1 3 0 0
2801.8 -2112.6 -2.7 8 0 13.5 16.2 5.0 2.5 2 1 2 3 3
2541.5 -2382.6 -2.1 5 0 15.0 8.4 2.5 2.5 2 0 1 1 1
2496.5 -2413.5 -0.4 84 0 16.4 20.4 10.0 2.5 2 1 4 2 2
2511.9 -2408.7 -1.0 88 0 8.5 11.0 5.0 2.5 2 1 2 5 5
2491.3 -2335.5 -0.0 170 0 9.8 10.8 5.0 2.5 2 1 2 2 2
2458.5 -2337.4 1.2 267 0 7.2 23.3 10.0 2.5 2 1 4 3 3
2445.9 -2305.2 2.1 9 0 14.7 25.4 17.5 0.0 0 1 7 2 2
2450.3 -2272.1 1.9 8 0 10.8 19.4 5.0 2.5 2 1 2 0 0
2464.6 -2238.3 1.3 360 0 7.9 9.3 5.0 2.5 2 1 2 3 3
2460.5 -2222.2 1.6 4 0 8.1 10.7 5.0 2.5 4 1 2 0 0
2454.4 -2208.1 2.0 11 0 10.9 19.5 7.5 2.5 2 1 3 4 4
2454.1 -2168.5 1.7 280 0 13.4 13.2 5.0 2.5 2 0 2 4 4
2432.3 -2142.8 2.9 251 0 11.9 11.0 5.0 2.5 2 0 2 1 1
2399.5 -2186.9 4.7 282 0 9.1 8.2 5.0 0.0 0 0 2 2 2
2423.7 -2216.6 3.7 8 0 7.3 12.0 5.0 2.5 2 1 2 4 4
2393.3 -2207.8 5.0 271 0 15.5 9.6 5.0 2.5 2 0 2 2 2
2394.9 -2279.2 3.7 10 0 8.8 24.3 5.0 0.0 0 1 2 0 0
2220.7 -2349.4 1.9 279 0 11.4 18.4 2.5 2.5 2 1 1 3 3
2188.9 -2328.9 2.2 285 0 16.4 12.4 2.5 2.5 2 0 1 4 4
3449.3 -2448.7 -1.1 90 0 6.1 13.8 10.5 3.5 2 0 3 3 3
3458.4 -2422.6 -1.1 269 0 7.0 17.6 10.5 3.5 2 0 3 4 4
3420.9 -2423.2 -1.7 180 0 18.3 8.8 10.5 3.5 2 0 3 2 2
3434.9 -2429.8 -1.4 177 0 10.7 7.0 10.5 3.5 2 0 3 4 4
3437.6 -2414.3 -1.6 270 0 6.2 8.9 10.5 3.5 2 0 3 5 5
3435.6 -2364.6 -1.1 171 0 7.4 9.4 10.5 3.5 2 0 3 4 4
3448.2 -2353.9 -0.8 26 0 14.2 12.2 10.5 3.5 2 0 3 0 0
3420.0 -2323.1 -0.6 6 0 6.0 8.2 10.5 3.5 2 0 3 1 1
3404.2 -2389.3 -2.2 89 0 9.1 8.8 10.5 3.5 2 0 3 0 0
3388.7 -2377.2 -2.1 91 0 12.3 14.5 10.5 3.5 2 0 3 3 3
3356.7 -2344.1 -1.9 285 0 19.3 13.3 10.5 3.5 2 0 3 2 2
3232.2 -2315.0 -2.0 269 0 8.2 23.5 10.5 3.5 2 0 3 2 2
3224.5 -2303.2 -1.7 270 0 12.1 9.9 10.5 3.5 2 0 3 4 4
3234.0 -2241.2 -1.0 358 0 10.5 17.4 10.5 3.5 2 0 3 2 2
4892.9 -2824.3 -0.4 34 0 24.7 17.8 10.0 2.5 2 0 4 1 1
5714.7 -2718.9 1.3 180 0 27.3 28.8 10.0 0.0 0 1 4 1 1
5758.4 -2734.9 0.4 89 0 18.8 10.5 5.0 2.5 2 0 2 4 4
5747.3 -2693.7 0.7 268 0 17.8 10.4 2.5 2.5 2 0 1 4 4
5779.9 -2673.4 -0.5 268 0 10.2 49.3 15.0 0.0 0 1 6 3 3
5827.6 -2728.7 -1.9 356 0 13.2 44.9 10.0 2.5 2 1 4 4 4
5815.8 -2671.1 -1.7 268 0 12.1 49.4 17.5 0.0 0 1 7 0 0
3669.1 -2482.7 -1.3 88 0 13.9 14.3 10.5 3.5 2 0 3 0 0
2597.2 -2354.7 -2.4 359 0 8.4 8.6 10.5 2.5 2 1 3 0 0
2091.8 -2336.2 2.9 103 0 11.2 14.7 7.0 2.5 4 1 2 1 1
2115.6 -2320.7 2.5 12 0 15.2 10.9 14.0 2.5 2 0 4 5 5
2170.8 -2397.3 2.1 103 0 11.6 24.6 10.0 2.5 2 1 4 2 2
3303.1 -2319.6 -2.1 284 0 7.0 15.6 10.5 3.5 2 0 3 3 3
3285.6 -2334.4 -2.4 273 0 11.9 16.4 10.5 3.5 2 0 3 4 4
3240.8 -1828.8 -2.6 105 0 8.0 23.3 7.5 2.5 2 1 3 3 3
3246.9 -1792.0 -0.5 196 0 26.0 7.9 7.5 2.5 2 0 3 1 1
3251.1 -1775.1 0.3 197 0 8.0 25.9 10.0 2.5 2 1 4 4 4
3268.1 -1762.5 1.3 283 0 25.0 9.3 5.0 2.5 2 0 2 4 4
3297.1 -1787.9 -1.5 14 0 9.1 19.1 2.5 2.5 2 1 1 1 1
3303.7 -1777.0 -0.7 15 0 7.9 22.6 7.5 2.5 2 1 3 2 2
3289.9 -1829.9 -5.4 17 0 8.4 35.8 17.5 0.0 0 1 7 4 4
3341.5 -1878.3 -6.9 270 0 8.9 10.8 14.0 3.5 2 1 4 2 2
3432.6 -1985.1 -0.9 2 0 14.8 7.9 5.0 2.5 2 0 2 1 1
4044.9 -2583.1 -1.7 16 0 9.6 9.7 10.5 0.0 0 1 3 3 3
4131.6 -2668.3 0.2 1 0 7.8 13.5 7.5 2.5 2 1 3 4 4
4126.1 -2654.2 0.4 274 0 14.8 8.9 10.0 2.5 2 0 4 5 5
4098.7 -2688.3 0.4 185 0 14.0 8.2 7.5 2.5 2 0 3 2 2
4106.0 -2649.9 0.8 273 0 9.4 23.6 5.0 2.5 2 1 2 4 4
4129.2 -2678.5 0.1 2 0 9.4 15.8 5.0 2.5 2 1 2 2 2
2261.2 -2366.2 1.8 6 0 13.1 21.1 7.5 0.0 0 1 3 4 4
2273.0 -2399.8 2.3 360 0 9.7 10.3 5.0 2.5 2 1 2 4 4
2388.6 -1812.8 0.5 170 0 14.5 19.9 7.5 2.5 2 1 3 4 4
-2810.2 -3707.0 3.1 159 0 10.2 8.8 14.0 3.5 2 0 4 3 3
-2699.6 -3745.7 0.3 164 0 9.2 8.6 14.0 3.5 2 0 4 5 5
-2743.5 -3673.0 2.9 328 0 11.4 7.6 14.0 3.5 2 0 4 4 4
-2819.4 -3705.6 2.8 170 0 9.4 6.1 14.0 3.5 2 0 4 2 2
-2784.9 -3748.3 2.4 355 0 12.6 10.8 14.0 3.5 2 0 4 3 3
-2652.4 -3727.5 -0.8 165 0 10.1 10.3 14.0 3.5 2 1 4 0 0
-2682.7 -3739.8 0.1 340 0 10.1 7.4 14.0 3.5 2 0 4 2 2
-2823.9 -3837.1 1.3 167 0 11.6 10.3 14.0 3.5 2 0 4 2 2
-2657.5 -3708.8 -0.6 165 0 12.4 9.1 14.0 3.5 2 0 4 5 5
-2635.9 -3605.9 -0.3 246 0 6.7 15.2 14.0 3.5 4 1 4 0 0
-2842.2 -3663.7 2.6 249 0 8.9 11.4 14.0 3.5 2 1 4 3 3
-2645.1 -3806.6 -0.4 353 0 9.0 20.1 14.0 3.5 2 1 4 4 4
-2696.7 -3728.9 0.2 256 0 8.5 8.6 14.0 0.0 0 1 4 2 2
-2765.7 -3746.3 2.6 360 0 15.7 16.8 14.0 3.5 2 1 4 5 5
-2659.5 -3792.7 -0.2 346 0 9.0 22.4 14.0 3.5 2 1 4 5 5
-2673.0 -3735.8 -0.2 338 0 10.4 8.7 14.0 3.5 2 0 4 5 5
-2857.7 -3715.5 2.0 242 0 9.8 12.7 14.0 3.5 2 1 4 0 0
-2796.8 -3658.4 2.9 239 0 11.5 10.9 14.0 3.5 2 0 4 4 4
-2647.2 -3787.7 -0.5 343 0 8.4 10.2 14.0 3.5 2 1 4 3 3
-2830.1 -3753.3 1.9 165 0 11.3 13.0 14.0 3.5 4 1 4 2 2
-2663.2 -3734.0 -0.5 341 0 10.3 8.1 14.0 0.0 0 0 4 5 5
-2834.1 -3710.4 2.4 154 0 7.8 9.7 14.0 3.5 2 1 4 4 4
-2757.9 -3696.3 3.6 65 0 12.1 19.8 14.0 3.5 2 1 4 4 4
-2812.3 -3696.8 2.8 158 0 8.5 9.6 14.0 3.5 2 1 4 1 1
-2671.8 -3777.8 0.0 343 0 10.6 9.9 14.0 3.5 2 0 4 5 5
-2851.5 -3689.2 2.4 156 0 11.2 10.5 14.0 3.5 2 0 4 0 0
-2623.1 -3607.0 -0.3 337 0 16.6 7.2 14.0 3.5 2 0 4 4 4
-2612.7 -3604.0 -0.3 338 0 14.3 9.1 14.0 3.5 2 0 4 3 3
-2578.2 -3683.0 0.5 346 0 9.7 22.1 14.0 3.5 2 1 4 1 1
-2640.0 -3687.8 -0.1 163 0 6.3 17.2 14.0 3.5 4 1 4 4 4
-2822.4 -3796.3 1.7 173 0 13.1 16.9 14.0 3.5 2 1 4 5 5
3123.7 -2415.7 -1.0 8 0 6.6 14.2 10.5 3.5 2 1 3 5 5
2499.5 -2220.3 -0.3 190 0 7.5 14.7 7.5 2.5 2 1 3 4 4
3073.1 -2447.9 -0.5 93 0 9.7 21.2 10.5 3.5 2 1 3 3 3
2602.4 -2317.4 -1.4 10 0 17.2 8.4 5.0 0.0 0 0 2 1 1
3057.7 -2315.2 -3.5 182 0 31.1 29.1 10.5 3.5 2 0 3 5 5
2604.1 -2576.1 -4.0 90 0 15.4 19.0 12.5 0.0 0 1 5 1 1
3145.7 -2264.1 -1.5 5 0 8.5 9.2 10.5 3.5 2 1 3 0 0
2533.1 -2452.3 -0.2 178 0 15.9 11.6 5.0 2.5 2 0 2 4 4
3728.6 -2489.6 -2.5 99 0 6.2 24.9 10.5 3.5 4 1 3 5 5
3610.3 -2490.5 -3.6 187 0 8.3 19.4 10.5 3.5 2 1 3 0 0
2639.3 -2272.5 -2.4 190 0 11.1 15.6 10.0 0.0 0 1 4 1 1
2614.8 -2185.5 -1.5 2 0 22.3 58.9 10.0 2.5 2 1 4 0 0
2771.3 -2524.9 2.0 12 0 9.1 13.1 2.5 2.5 2 1 1 3 3
2739.0 -2447.3 3.1 285 0 8.1 10.6 5.0 2.5 2 1 2 2 2
3205.5 -2034.4 -1.8 5 0 27.4 7.8 10.5 3.5 2 0 3 3 3
3047.4 -2377.1 -1.4 182 0 15.7 9.0 10.5 3.5 2 0 3 1 1
3079.6 -2423.4 -0.9 97 0 11.3 9.9 10.5 3.5 2 0 3 3 3
2682.8 -2401.7 -0.8 9 0 10.8 10.5 5.0 2.5 2 0 2 5 5
3057.4 -2378.2 -1.6 181 0 19.7 7.7 10.5 3.5 2 0 3 1 1
2707.3 -2635.1 -0.3 0 0 9.3 6.0 5.0 2.5 2 0 2 3 3
2657.9 -2587.1 -0.9 273 0 9.5 13.5 2.5 2.5 2 1 1 4 4
3141.5 -2415.8 -0.9 189 0 11.7 12.7 10.5 3.5 2 1 3 4 4
2704.7 -2565.5 1.4 86 0 7.8 7.0 7.5 0.0 0 0 3 3 3
3021.2 -2352.4 -1.7 182 0 8.1 6.2 10.5 3.5 2 0 3 5 5
3038.2 -2422.3 0.0 94 0 6.3 8.3 10.5 0.0 0 1 3 5 5
3103.6 -2374.9 -1.9 4 0 8.1 6.5 10.5 3.5 2 0 3 0 0
2601.7 -2488.9 -1.8 188 0 8.5 11.2 7.5 2.5 2 1 3 5 5
3198.8 -1993.6 -1.6 322 0 16.7 8.3 10.5 3.5 2 0 3 1 1
3141.4 -2179.9 -1.2 9 0 9.5 13.3 10.5 3.5 2 1 3 4 4
3131.7 -2389.8 -1.6 9 0 17.0 12.6 10.5 3.5 2 0 3 1 1
3197.9 -2450.6 -0.5 182 0 14.2 16.2 10.5 3.5 2 1 3 4 4
3716.2 -2461.9 -1.5 2 0 10.2 9.6 10.5 3.5 2 0 3 2 2
3142.0 -2231.9 -1.3 5 0 12.3 10.1 10.5 3.5 2 0 3 5 5
3129.1 -1977.1 -0.5 264 0 23.3 10.1 10.5 3.5 2 0 3 3 3
3139.4 -2436.5 -0.4 194 0 10.5 12.2 10.5 3.5 2 1 3 4 4
3028.2 -2347.5 -2.5 177 0 17.8 11.5 10.5 3.5 2 0 3 3 3
3239.6 -2448.8 -1.1 89 0 10.2 12.2 10.5 3.5 4 1 3 2 2
2596.2 -2550.8 -3.2 187 0 7.2 14.2 7.5 2.5 2 1 3 1 1
2729.8 -2419.9 2.9 272 0 11.0 16.3 2.5 2.5 2 1 1 3 3
2619.8 -2576.1 -4.6 93 0 7.0 8.7 10.0 2.5 4 1 4 4 4
2514.4 -2167.6 1.2 100 0 8.0 9.9 2.5 2.5 2 1 1 2 2
2675.3 -2654.6 -0.5 101 0 9.0 12.2 10.0 2.5 2 1 4 4 4
2720.6 -2550.5 1.1 89 0 8.0 11.9 7.5 2.5 2 1 3 2 2
2577.2 -2621.0 -2.5 2 0 9.7 10.0 5.0 2.5 2 1 2 5 5
3194.7 -2481.4 0.5 181 0 13.8 11.0 10.5 3.5 2 0 3 5 5
3047.2 -2422.7 -0.2 94 0 9.3 9.7 10.5 3.5 2 1 3 5 5
3161.6 -2494.3 0.6 2 0 15.1 12.4 10.5 3.5 2 0 3 5 5
2745.5 -2577.7 1.1 3 0 10.7 14.3 5.0 2.5 2 1 2 5 5
2516.5 -2629.3 -2.6 131 0 6.9 13.1 7.5 0.0 0 1 3 2 2
2728.2 -2446.5 2.8 282 0 9.9 11.8 7.5 2.5 2 1 3 4 4
3051.1 -2248.0 -2.9 196 0 15.3 12.8 10.5 3.5 4 0 3 3 3
2557.1 -2452.4 0.0 360 0 17.6 11.8 10.0 2.5 2 0 4 1 1
3147.8 -1977.2 -0.6 263 0 11.7 7.8 10.5 3.5 2 0 3 1 1
3145.1 -2428.0 -0.6 197 0 6.4 9.0 10.5 3.5 2 1 3 2 2
2987.0 -2438.1 -0.1 185 0 15.8 17.1 10.5 3.5 4 1 3 4 4
2740.0 -2254.5 0.3 359 0 11.1 6.1 10.0 2.5 2 0 4 2 2
3171.9 -2433.5 -0.7 117 0 10.5 10.9 10.5 3.5 2 1 3 1 1
2700.2 -2459.8 1.8 277 0 11.4 15.0 5.0 2.5 2 1 2 2 2
3035.3 -2287.1 -3.8 196 0 9.4 13.8 10.5 3.5 2 1 3 2 2
2717.2 -2587.7 1.1 184 0 8.3 7.8 5.0 2.5 2 0 2 5 5
3130.1 -2229.5 -1.5 5 0 12.2 10.6 10.5 3.5 2 0 3 1 1
3022.7 -2418.8 -0.1 194 0 15.0 10.2 10.5 3.5 2 0 3 5 5
2599.1 -2437.8 -1.2 3 0 9.9 12.7 10.0 2.5 2 1 4 5 5
3059.9 -2289.4 -3.5 193 0 15.8 8.7 10.5 3.5 2 0 3 3 3
3121.7 -2426.0 -0.6 4 0 6.1 18.5 10.5 3.5 2 1 3 2 2
3251.7 -2447.4 -1.3 88 0 11.4 14.3 10.5 3.5 2 1 3 3 3
2621.7 -2106.6 -1.8 358 0 11.9 12.6 2.5 0.0 0 1 1 2 2
3188.0 -2495.2 0.6 179 0 8.9 7.7 10.5 3.5 2 0 3 4 4
2599.9 -2500.2 -1.8 183 0 9.8 10.0 7.5 2.5 2 1 3 5 5
3118.7 -2270.1 -2.1 3 0 9.8 16.1 10.5 3.5 2 1 3 2 2
3094.0 -2126.9 -0.7 290 0 11.4 9.2 10.5 3.5 2 0 3 2 2
2705.8 -2612.7 0.3 274 0 8.2 9.5 7.5 2.5 2 1 3 0 0
2507.2 -2626.5 -2.8 128 0 8.6 11.3 10.0 2.5 2 1 4 4 4
2518.7 -2124.4 1.8 185 0 14.3 17.9 10.0 2.5 2 1 4 5 5
2655.5 -2622.4 -1.0 187 0 13.5 9.1 5.0 2.5 2 0 2 4 4
2684.3 -2421.2 -0.4 3 0 8.8 10.7 2.5 2.5 2 1 1 3 3
2530.3 -2421.8 -1.4 182 0 9.2 9.8 7.5 2.5 2 1 3 3 3
2645.5 -2415.2 -1.4 184 0 9.6 14.8 7.5 2.5 2 1 3 2 2
3079.5 -2154.2 -1.1 196 0 14.2 11.7 10.5 3.5 2 0 3 1 1
2596.5 -2410.7 -3.5 10 0 13.3 13.4 5.0 2.5 2 1 2 2 2
3095.0 -2286.2 -2.7 11 0 12.2 10.0 10.5 3.5 2 0 3 0 0
2725.0 -2665.7 -1.5 8 0 9.4 8.5 10.0 2.5 2 0 4 2 2
3100.2 -2102.3 -0.7 104 0 7.4 7.0 10.5 0.0 0 0 3 5 5
2519.5 -2524.2 0.9 184 0 13.1 12.2 5.0 2.5 2 0 2 0 0
2598.5 -2518.0 -2.2 186 0 8.1 10.7 7.5 2.5 4 1 3 2 2
3117.6 -2279.1 -2.1 2 0 7.7 12.1 10.5 3.5 2 1 3 3 3
3648.3 -2486.9 -2.2 94 0 12.1 15.1 10.5 3.5 2 1 3 5 5
2676.2 -2590.5 1.4 276 0 8.7 7.6 7.5 2.5 2 0 3 2 2
3063.0 -2204.0 -1.8 197 0 11.3 16.1 10.5 3.5 4 1 3 5 5
3141.6 -2119.9 -1.3 95 0 37.0 9.8 10.5 3.5 2 0 3 3 3
3144.6 -2129.3 -1.2 279 0 11.1 10.3 10.5 3.5 2 0 3 1 1
3619.6 -2502.7 -2.9 186 0 9.3 8.8 10.5 0.0 0 0 3 1 1
2514.7 -2144.6 1.6 180 0 13.8 12.5 10.0 2.5 2 0 4 4 4
3085.3 -2380.1 -1.8 5 0 20.7 7.4 10.5 3.5 2 0 3 2 2
2540.9 -2438.1 -0.6 169 0 8.0 9.3 5.0 2.5 4 1 2 4 4
2792.6 -2340.9 3.5 285 0 9.8 20.3 2.5 2.5 2 1 1 5 5
2642.9 -2461.0 -0.8 179 0 13.5 14.0 7.5 2.5 2 1 3 2 2
3082.6 -2140.2 -0.9 199 0 11.6 12.3 10.5 3.5 2 1 3 1 1
2493.1 -2577.3 -1.0 209 0 9.2 7.3 2.5 2.5 2 0 1 0 0
2627.5 -2576.1 -4.5 91 0 6.2 8.8 7.5 2.5 2 1 3 4 4
2507.6 -2527.6 0.6 179 0 7.0 8.7 10.0 2.5 2 1 4 5 5
3145.2 -2142.4 -1.2 279 0 11.8 11.6 10.5 3.5 2 0 3 4 4
2605.4 -2289.6 -1.4 2 0 11.4 12.1 7.5 2.5 2 1 3 1 1
3118.5 -2383.3 -1.7 6 0 8.4 11.4 10.5 3.5 2 1 3 1 1
3071.4 -2179.8 -1.4 198 0 10.0 8.0 10.5 3.5 4 0 3 0 0
3065.6 -2377.7 -1.5 180 0 8.5 8.5 10.5 3.5 2 1 3 5 5
3143.4 -2209.3 -1.2 5 0 12.8 18.8 10.5 3.5 4 1 3 4 4
2643.5 -2560.4 -2.3 105 0 9.2 8.6 5.0 2.5 4 0 2 1 1
3222.8 -2453.3 -0.8 84 0 10.0 15.7 10.5 3.5 4 1 3 5 5
2717.7 -2634.8 -0.4 1 0 6.8 9.1 5.0 0.0 0 1 2 1 1
3105.8 -2114.1 -0.9 106 0 23.1 8.0 10.5 3.5 2 0 3 0 0
2565.9 -2422.3 -1.6 8 0 14.4 17.0 5.0 2.5 2 1 2 0 0
3058.6 -2432.8 -0.5 93 0 12.0 17.8 10.5 3.5 2 1 3 3 3
3079.7 -2412.1 -1.2 89 0 14.0 10.5 10.5 3.5 2 0 3 2 2
2514.5 -2584.5 -1.2 185 0 9.4 6.9 5.0 2.5 2 0 2 5 5
3157.0 -2425.7 -0.7 199 0 11.0 6.7 10.5 0.0 0 0 3 3 3
3165.2 -2144.2 -1.4 5 0 16.3 12.5 10.5 3.5 2 0 3 0 0
3108.7 -2455.0 -0.1 99 0 17.4 7.5 10.5 3.5 2 0 3 5 5
3088.8 -2197.6 -1.4 197 0 14.7 11.0 10.5 3.5 2 0 3 1 1
3112.8 -2125.7 -0.8 282 0 7.2 8.5 10.5 3.5 2 1 3 0 0
3030.9 -2382.9 -0.5 271 0 10.0 13.1 10.5 0.0 0 1 3 4 4
3220.9 -2397.5 -2.4 187 0 18.2 9.9 10.5 3.5 2 0 3 1 1
3124.5 -2250.8 -1.8 5 0 10.7 10.4 10.5 3.5 2 0 3 3 3
3172.7 -1974.6 -1.2 279 0 29.6 10.1 10.5 3.5 2 0 3 5 5
3178.3 -2100.8 -1.6 12 0 22.7 10.1 10.5 3.5 2 0 3 3 3
2562.6 -2592.5 -1.5 7 0 10.2 6.6 2.5 2.5 2 0 1 3 3
2732.8 -2495.0 1.8 14 0 10.7 16.0 5.0 2.5 2 1 2 5 5
2537.5 -2648.2 -3.3 123 0 10.6 13.8 5.0 2.5 2 1 2 1 1
3040.7 -2342.0 -3.0 179 0 16.3 14.6 10.5 3.5 2 0 3 2 2
3022.3 -1688.3 3.8 175 0 8.8 6.5 7.5 2.5 4 0 3 2 2
2643.0 -2646.1 -3.0 193 0 9.3 17.3 2.5 0.0 0 1 1 2 2
2679.3 -2280.7 0.1 277 0 7.4 16.1 12.5 2.5 2 1 5 5 5
2784.3 -2461.8 3.5 7 0 11.4 11.9 5.0 2.5 2 1 2 0 0
2625.5 -2266.2 -1.4 11 0 6.7 15.2 7.5 2.5 2 1 3 0 0
2760.4 -2551.1 1.1 12 0 7.9 14.6 7.5 2.5 2 1 3 5 5
3114.7 -2102.2 -1.0 106 0 19.4 16.9 10.5 3.5 2 0 3 4 4
2996.1 -2394.4 -0.3 180 0 10.7 15.2 10.5 0.0 0 1 3 1 1
2601.2 -2247.7 -1.6 7 0 9.1 38.5 7.5 2.5 2 1 3 4 4
2739.7 -2605.9 0.3 8 0 9.6 12.0 5.0 2.5 4 1 2 5 5
2616.7 -2213.3 -1.3 282 0 12.9 40.7 5.0 2.5 2 1 2 5 5
3030.4 -2450.5 0.1 101 0 14.5 14.3 10.5 3.5 2 0 3 0 0
2514.3 -2502.8 1.3 184 0 8.2 19.8 7.5 2.5 2 1 3 1 1
3157.6 -2109.4 -1.4 97 0 7.6 15.7 10.5 3.5 2 1 3 3 3
2580.9 -2579.2 -1.0 7 0 9.0 19.1 5.0 2.5 2 1 2 1 1
3158.9 -2472.0 0.4 271 0 9.6 12.1 10.5 3.5 2 1 3 0 0
2653.8 -2398.2 -1.2 185 0 6.3 15.6 7.5 0.0 0 1 3 3 3
2735.7 -2267.6 0.3 359 0 12.9 12.4 7.5 2.5 2 0 3 3 3
3108.9 -2223.5 -1.7 15 0 11.4 10.9 10.5 3.5 2 0 3 1 1
2696.6 -2582.2 1.2 272 0 10.9 13.1 7.5 0.0 0 1 3 5 5
3188.1 -2105.8 -1.8 17 0 6.1 11.4 10.5 0.0 0 1 3 2 2
2765.2 -2434.9 3.7 273 0 9.0 16.8 5.0 2.5 2 1 2 0 0
3120.5 -2437.1 -0.5 11 0 8.6 20.0 10.5 3.5 2 1 3 0 0
106.1 -3308.3 -3.5 242 0 14.0 109.8 15.0 0.0 0 1 6 2 2
3759.9 -2445.3 -3.0 22 0 11.5 11.2 10.5 3.5 2 0 3 4 4
4175.6 -2775.6 -1.5 195 0 13.3 29.1 7.5 0.0 0 1 3 4 4
-28.5 -2752.7 0.6 255 0 29.0 8.5 14.0 0.0 0 0 4 0 0
-18.9 -2701.5 -1.4 338 0 14.4 27.5 15.0 0.0 0 1 6 2 2
-2290.2 -3691.7 -2.1 127 0 84.9 76.8 10.0 0.0 0 0 4 2 2
-2350.0 -3830.7 -4.8 83 0 21.1 19.0 12.5 2.5 2 0 5 3 3
