6629.8 5367.5 -82.0 324 0 10.0 8.8 10.5 3.5 2 0 3 0 0
6615.1 5376.5 -82.6 322 0 7.8 9.4 10.5 3.5 2 0 3 2 2
6588.3 5418.7 -83.5 316 0 6.0 33.7 3.5 3.5 2 0 1 5 5
6570.7 5453.0 -83.0 319 0 7.8 9.1 3.5 3.5 2 0 1 1 1
6895.9 5717.9 -49.8 78 0 9.5 10.3 14.0 3.5 2 1 4 3 3
1925.3 -5022.4 -84.7 85 0 9.3 8.2 2.5 0.0 0 0 1 2 2
1897.0 2802.5 -25.6 281 0 9.0 11.1 10.0 2.5 2 1 4 2 2
2080.4 2672.4 -26.0 163 0 15.4 14.2 7.5 2.5 2 0 3 3 3
2140.9 2712.6 -23.4 246 0 17.9 13.0 2.5 2.5 2 0 1 0 0
1998.9 2868.6 -28.5 117 0 13.2 15.9 5.0 2.5 2 1 2 0 0
3163.5 2893.2 33.4 34 0 17.9 11.0 10.0 2.5 2 0 4 1 1
2584.9 2615.2 15.0 63 0 7.9 12.7 2.5 2.5 2 1 1 0 0
2380.2 3011.2 -35.5 71 0 15.9 11.5 7.5 2.5 2 0 3 2 2
6498.6 5423.3 -84.9 177 0 6.2 21.8 10.5 3.5 2 1 3 2 2
1924.3 -3623.8 -75.6 79 0 11.9 8.9 2.5 2.5 2 0 1 5 5
2040.3 -3244.7 -32.9 292 0 8.2 9.0 7.5 2.5 2 1 3 2 2
6501.2 5385.0 -83.8 177 0 20.9 30.6 10.5 0.0 0 1 3 3 3
5395.5 3368.9 -86.0 254 0 8.1 14.8 7.5 2.5 2 1 3 5 5
5466.4 3409.4 -83.5 289 0 9.3 30.6 10.0 0.0 0 1 4 0 0
6004.6 4011.9 -85.1 185 0 6.9 15.3 5.0 2.5 2 1 2 0 0
5997.7 3971.6 -84.3 185 0 10.0 9.5 7.5 2.5 2 0 3 0 0
6040.1 4099.0 -85.1 8 0 10.2 12.8 7.5 2.5 4 1 3 0 0
6020.8 4077.2 -84.4 71 0 10.0 14.5 2.5 2.5 2 1 1 1 1
5905.5 4051.9 -76.8 176 0 7.7 10.2 10.0 2.5 4 1 4 5 5
5854.8 3945.3 -83.8 3 0 19.4 12.8 7.5 0.0 0 0 3 5 5
5766.1 3797.2 -90.8 322 0 7.6 12.4 7.5 2.5 2 1 3 1 1
5438.1 3588.1 -87.4 216 0 8.4 13.8 7.5 2.5 2 1 3 2 2
5482.8 3607.4 -88.1 273 0 6.2 10.0 7.5 2.5 4 1 3 2 2
5515.0 3607.8 -91.3 273 0 15.3 11.3 10.0 2.5 2 0 4 3 3
5423.6 4135.2 9.8 76 0 7.3 10.1 5.0 2.5 2 1 2 4 4
5937.6 3462.6 -79.1 255 0 9.2 15.1 7.5 0.0 0 1 3 2 2
5825.3 3196.1 -41.3 220 0 6.9 7.3 7.5 2.5 2 1 3 5 5
5038.9 3461.4 -71.1 77 0 10.3 10.6 7.5 2.5 2 1 3 0 0
5187.3 3394.6 -89.5 58 0 9.9 15.4 5.0 2.5 2 1 2 2 2
5774.9 3849.5 -88.0 56 0 10.6 13.7 5.0 2.5 2 1 2 2 2
1206.5 -5398.1 -93.8 184 0 17.4 11.5 5.0 2.5 4 0 2 1 1
1210.9 -5420.2 -93.5 107 0 6.5 9.0 2.5 2.5 2 1 1 0 0
1231.1 -5369.3 -94.2 285 0 7.5 7.4 7.5 2.5 2 0 3 3 3
995.5 -5267.6 -113.7 266 0 11.1 10.6 7.5 2.5 2 0 3 3 3
974.9 -5238.2 -115.4 176 0 10.5 16.7 7.5 2.5 2 1 3 3 3
1270.1 -5345.7 -96.3 115 0 10.3 18.1 10.0 2.5 2 1 4 2 2
1190.7 -5151.7 -103.1 92 0 14.3 9.0 5.0 2.5 2 0 2 3 3
1128.9 -5210.1 -102.6 239 0 7.9 10.0 7.5 2.5 4 1 3 5 5
-377.4 -6905.4 -0.7 68 0 9.6 17.3 7.5 2.5 2 1 3 3 3
2372.7 -6860.3 -105.7 9 0 16.3 10.9 7.5 2.5 2 0 3 3 3
2426.4 -6911.2 -105.6 100 0 13.2 9.5 7.5 2.5 2 0 3 5 5
3202.1 -6885.0 -71.4 359 0 9.2 12.7 10.0 2.5 2 1 4 1 1
3172.4 -6877.9 -69.2 210 0 8.1 8.8 7.5 2.5 2 1 3 0 0
3781.4 -6902.9 -110.2 137 0 7.1 9.0 2.5 2.5 2 1 1 1 1
3840.4 -6873.1 -106.8 244 0 8.3 6.4 7.5 2.5 2 0 3 5 5
3839.1 -6901.4 -108.7 62 0 8.2 8.4 10.0 2.5 2 1 4 5 5
2870.1 -5779.0 28.5 341 0 10.0 6.2 7.5 2.5 2 0 3 0 0
2439.0 -6299.2 22.7 142 0 8.2 8.1 10.0 2.5 2 0 4 1 1
2459.0 -6273.0 22.2 220 0 9.8 7.2 7.5 2.5 2 0 3 0 0
2517.2 -6292.1 21.6 5 0 13.2 14.8 7.5 2.5 2 1 3 3 3
2515.2 -6316.5 22.7 88 0 10.4 10.4 2.5 2.5 2 0 1 4 4
2403.0 -6477.8 5.3 55 0 7.1 8.3 7.5 2.5 2 1 3 3 3
2447.8 -6400.2 25.1 225 0 9.5 6.2 10.0 2.5 2 0 4 4 4
2500.6 -6377.4 24.6 338 0 9.2 8.0 7.5 2.5 2 0 3 5 5
2522.0 -6415.4 25.5 340 0 7.7 9.4 5.0 2.5 2 1 2 3 3
2497.5 -6402.6 25.3 334 0 7.3 10.6 5.0 2.5 4 1 2 1 1
2489.2 -6441.2 26.3 11 0 6.6 10.1 7.5 2.5 2 1 3 4 4
2466.9 -6475.6 18.4 183 0 8.2 9.1 5.0 2.5 2 1 2 3 3
2511.1 -6457.8 27.1 5 0 8.1 7.8 7.5 2.5 2 0 3 2 2
2497.3 -6534.5 24.0 22 0 10.2 7.7 7.5 2.5 2 0 3 4 4
2313.7 -6829.9 -104.2 156 0 7.2 9.9 10.0 2.5 2 1 4 0 0
2808.3 -6758.9 4.2 353 0 7.8 9.7 7.5 2.5 2 1 3 5 5
2769.5 -6868.6 -28.0 10 0 8.6 8.5 2.5 2.5 2 0 1 5 5
2861.2 -6890.5 -19.6 343 0 9.4 10.8 5.0 0.0 0 1 2 1 1
2948.8 -6911.5 -31.1 74 0 11.4 8.0 5.0 2.5 2 0 2 3 3
2953.5 -6883.6 -32.9 164 0 12.6 8.8 7.5 2.5 2 0 3 3 3
2031.7 -6442.4 -92.8 138 0 6.3 6.4 5.0 2.5 2 1 2 0 0
2395.9 -6772.4 -83.5 24 0 6.1 14.2 2.5 2.5 2 1 1 3 3
3192.0 -6898.2 -71.5 90 0 7.7 6.4 5.0 0.0 0 0 2 3 3
2182.1 -5631.1 -73.3 29 0 13.8 9.2 7.5 2.5 2 0 3 0 0
2045.9 -5755.0 -84.5 168 0 6.3 17.0 5.0 2.5 2 1 2 0 0
2313.7 -6016.2 -24.6 18 0 6.9 7.8 7.5 2.5 2 1 3 2 2
2026.3 -6091.3 -90.6 107 0 7.2 13.4 7.5 2.5 2 1 3 5 5
2016.5 -6040.9 -84.7 181 0 12.7 6.3 10.0 2.5 2 0 4 2 2
2059.8 -5955.8 -74.4 182 0 9.0 8.0 5.0 0.0 0 0 2 0 0
2067.9 -6020.5 -76.7 163 0 15.7 10.6 2.5 2.5 4 0 1 5 5
2073.8 -6067.0 -81.8 152 0 12.7 6.8 5.0 2.5 2 0 2 5 5
2072.6 -6128.3 -87.0 185 0 15.5 10.3 7.5 2.5 2 0 3 4 4
1802.9 -6300.8 -82.0 263 0 8.1 14.5 5.0 2.5 2 1 2 5 5
1807.2 -6228.1 -69.2 87 0 10.5 9.1 7.5 2.5 4 0 3 4 4
1885.0 -6246.2 -88.5 85 0 13.7 8.6 10.0 2.5 2 0 4 5 5
1957.5 -6223.4 -87.5 9 0 12.4 15.2 5.0 2.5 2 1 2 4 4
1982.4 -6215.6 -87.0 42 0 8.6 9.4 7.5 0.0 0 1 3 1 1
1976.4 -6246.6 -91.3 265 0 7.3 8.3 7.5 2.5 2 1 3 5 5
1990.7 -6226.7 -88.9 220 0 10.2 6.8 7.5 2.5 2 0 3 2 2
1933.1 -6343.0 -95.7 177 0 19.3 9.1 7.5 2.5 2 0 3 4 4
1990.3 -6349.7 -95.3 57 0 16.4 13.4 5.0 0.0 0 0 2 4 4
2440.0 -5159.2 -85.5 168 0 9.0 11.5 5.0 2.5 2 1 2 5 5
2287.5 -4851.3 -86.7 271 0 8.4 6.2 10.0 2.5 2 0 4 5 5
2412.5 -4964.8 -91.4 259 0 6.1 6.4 5.0 0.0 0 1 2 4 4
2399.3 -4953.1 -91.5 355 0 12.3 9.3 5.0 2.5 2 0 2 0 0
2383.8 -4913.7 -91.6 329 0 6.0 14.0 7.5 2.5 2 1 3 3 3
2341.7 -4979.1 -89.9 84 0 8.8 17.2 2.5 2.5 4 1 1 5 5
2315.8 -4983.4 -89.3 52 0 6.0 7.0 5.0 2.5 2 1 2 5 5
2283.4 -5120.1 -87.0 261 0 7.0 12.7 2.5 2.5 2 1 1 1 1
2255.6 -5190.6 -86.6 179 0 9.5 11.9 5.0 2.5 2 1 2 3 3
2248.8 -5389.9 -87.6 233 0 10.8 6.3 10.0 2.5 2 0 4 2 2
2486.1 -4942.4 -90.3 269 0 11.4 11.8 5.0 2.5 2 1 2 5 5
2493.5 -4947.6 -90.0 179 0 11.1 12.0 7.5 2.5 2 1 3 5 5
2547.1 -4682.3 -83.3 93 0 7.9 9.5 2.5 2.5 2 1 1 5 5
2611.2 -4759.8 -90.6 86 0 9.1 14.9 10.0 2.5 4 1 4 3 3
2701.1 -4752.3 -89.1 163 0 6.6 13.5 2.5 2.5 2 1 1 1 1
2703.8 -4642.4 -90.3 94 0 8.5 11.8 10.0 2.5 2 1 4 4 4
3185.2 -4294.7 -84.3 258 0 7.2 8.5 7.5 2.5 2 1 3 4 4
3074.4 -4339.7 -84.5 58 0 10.0 8.9 7.5 2.5 2 0 3 0 0
2753.2 -4260.9 -81.9 65 0 6.6 8.1 5.0 2.5 2 1 2 0 0
2227.2 -4353.9 -72.7 86 0 10.0 13.2 7.5 2.5 2 1 3 5 5
2346.5 -4397.8 -76.7 338 0 15.7 9.5 7.5 0.0 0 0 3 1 1
2388.8 -4670.3 -78.3 22 0 9.5 6.4 7.5 2.5 2 0 3 4 4
2449.4 -4636.7 -86.7 35 0 11.3 9.8 7.5 2.5 4 0 3 3 3
2578.4 -4514.9 -89.9 259 0 6.3 6.3 5.0 2.5 4 1 2 3 3
2547.4 -4518.9 -91.7 249 0 10.0 8.2 2.5 2.5 2 0 1 1 1
2587.2 -4508.7 -90.8 252 0 11.3 9.7 7.5 0.0 0 0 3 0 0
2677.8 -4539.9 -96.5 51 0 10.6 14.2 5.0 2.5 2 1 2 3 3
2950.8 -4391.1 -85.8 71 0 6.3 7.2 2.5 2.5 2 1 1 2 2
3102.1 -4593.2 -82.1 205 0 15.3 8.0 7.5 2.5 2 0 3 1 1
3652.9 -4559.3 -79.3 94 0 9.4 9.9 2.5 2.5 4 1 1 2 2
3915.3 -4681.4 -30.8 148 0 8.0 10.0 7.5 2.5 2 1 3 2 2
3868.7 -4675.5 -36.6 87 0 7.9 10.2 10.0 2.5 2 1 4 0 0
3815.9 -4647.7 -46.4 181 0 12.4 9.7 5.0 0.0 0 0 2 4 4
3766.8 -4713.8 -39.2 244 0 13.3 10.3 7.5 2.5 4 0 3 1 1
3726.4 -4727.4 -42.0 270 0 14.6 10.9 7.5 2.5 2 0 3 4 4
3504.4 -4914.8 -45.9 221 0 8.1 9.3 10.0 0.0 0 1 4 5 5
3538.2 -4948.8 -41.0 334 0 9.6 11.0 7.5 2.5 2 1 3 3 3
3726.2 -5587.0 109.7 60 0 9.4 7.3 5.0 2.5 2 0 2 3 3
3837.5 -5010.5 20.1 25 0 9.4 9.1 2.5 2.5 2 0 1 1 1
3794.4 -4918.0 -16.3 329 0 10.7 8.1 10.0 0.0 0 0 4 0 0
3672.9 -4809.4 -43.3 84 0 6.4 8.8 5.0 2.5 2 1 2 3 3
3638.5 -4811.4 -45.0 177 0 8.4 11.1 5.0 2.5 4 1 2 3 3
3622.2 -4761.4 -48.6 166 0 13.4 9.0 5.0 2.5 2 0 2 4 4
3210.6 -4527.2 -65.1 184 0 7.5 14.1 7.5 2.5 4 1 3 3 3
3234.1 -4595.4 -83.5 15 0 10.1 12.5 5.0 2.5 2 1 2 0 0
3182.1 -4605.4 -85.6 92 0 17.5 10.5 7.5 2.5 2 0 3 3 3
3343.5 -4716.2 -85.9 80 0 6.8 8.4 7.5 2.5 4 1 3 3 3
3134.2 -4818.8 -78.5 335 0 10.5 12.7 10.0 2.5 4 1 4 2 2
3257.4 -4798.2 -81.6 63 0 8.7 9.8 2.5 2.5 4 1 1 0 0
3347.0 -4850.3 -76.2 0 0 8.9 7.9 5.0 2.5 2 0 2 3 3
3283.1 -4888.1 -78.6 195 0 11.4 7.2 5.0 2.5 2 0 2 5 5
2831.1 -5253.6 -77.6 209 0 13.3 9.3 10.0 2.5 2 0 4 5 5
2693.3 -5199.9 -93.0 273 0 6.9 8.4 7.5 2.5 4 1 3 0 0
2852.8 -4983.2 -83.7 35 0 8.9 10.9 7.5 2.5 2 1 3 0 0
2677.2 -5089.5 -93.3 247 0 11.1 9.1 7.5 2.5 2 0 3 3 3
2549.4 -5114.2 -88.6 149 0 8.1 13.8 7.5 2.5 2 1 3 3 3
2332.9 -5124.8 -86.6 74 0 7.6 11.1 2.5 2.5 2 1 1 0 0
2356.5 -5177.5 -85.5 193 0 7.0 10.8 2.5 2.5 2 1 1 4 4
2220.8 -3959.1 -84.9 155 0 12.8 9.2 5.0 2.5 2 0 2 4 4
2263.3 -3858.1 -75.8 0 0 6.8 7.9 7.5 2.5 2 1 3 0 0
2472.3 -3924.9 -89.2 176 0 6.3 6.7 5.0 2.5 2 1 2 0 0
2497.7 -3956.8 -91.0 61 0 7.8 6.3 5.0 0.0 0 0 2 4 4
2519.2 -3889.7 -88.7 254 0 10.7 9.4 5.0 2.5 2 0 2 4 4
2498.5 -3903.0 -88.9 171 0 10.7 14.6 7.5 2.5 2 1 3 5 5
2531.5 -3564.3 -93.2 228 0 11.3 14.8 7.5 0.0 0 1 3 2 2
3712.3 -4028.1 -87.5 62 0 8.8 6.7 5.0 2.5 2 0 2 4 4
3713.3 -3982.7 -91.9 339 0 8.4 12.7 7.5 2.5 2 1 3 4 4
3800.8 -3963.5 -86.5 70 0 14.2 9.2 7.5 2.5 2 0 3 1 1
3924.1 -4042.2 -62.0 342 0 9.4 8.1 2.5 2.5 2 0 1 5 5
3776.1 -4091.7 -69.6 70 0 11.4 18.4 7.5 2.5 2 1 3 5 5
3257.0 -4033.9 -84.7 359 0 9.0 11.6 5.0 2.5 2 1 2 3 3
3078.5 -3999.6 -85.9 343 0 8.5 12.3 7.5 2.5 2 1 3 2 2
2515.4 -4068.7 -80.5 91 0 8.0 8.7 7.5 2.5 2 1 3 2 2
2456.1 -4076.0 -80.8 94 0 11.7 8.9 7.5 2.5 2 0 3 0 0
2173.3 -3735.8 -97.1 39 0 14.6 10.2 10.0 2.5 2 0 4 1 1
2055.4 -4047.3 -77.9 69 0 8.0 7.2 2.5 2.5 2 0 1 3 3
2175.1 -4097.6 -83.1 357 0 9.1 9.6 2.5 2.5 2 1 1 2 2
2157.3 -4098.7 -82.8 177 0 9.0 7.1 10.0 2.5 2 0 4 4 4
2977.3 -4086.9 -82.0 79 0 13.3 8.2 7.5 2.5 2 0 3 4 4
1343.1 -5441.6 -90.8 104 0 11.1 10.7 7.5 2.5 4 0 3 4 4
1380.5 -5858.2 -75.9 41 0 15.8 12.9 5.0 2.5 2 0 2 3 3
1538.4 -5422.6 -85.3 108 0 9.5 14.4 10.0 2.5 2 1 4 5 5
1750.3 -5485.9 -77.1 283 0 12.5 10.3 7.5 0.0 0 0 3 5 5
1754.2 -5458.9 -86.1 126 0 14.5 8.0 7.5 2.5 2 0 3 2 2
1651.2 -5464.1 -80.0 175 0 8.4 7.1 5.0 2.5 2 0 2 5 5
1586.3 -5495.6 -79.9 12 0 8.6 7.7 7.5 2.5 2 0 3 3 3
1513.2 -5530.2 -86.1 60 0 10.9 8.6 2.5 2.5 2 0 1 0 0
1383.0 -5408.4 -94.6 116 0 14.6 10.3 7.5 2.5 2 0 3 0 0
2185.3 -4999.1 -84.8 89 0 10.5 11.5 7.5 2.5 2 1 3 5 5
2148.1 -4980.4 -82.2 182 0 9.6 9.2 7.5 0.0 0 0 3 1 1
2115.4 -5072.2 -84.9 180 0 6.1 17.7 7.5 2.5 4 1 3 0 0
2069.4 -5084.5 -83.6 271 0 8.6 12.8 10.0 2.5 2 1 4 2 2
1607.4 -5087.9 -82.8 42 0 7.2 12.2 7.5 0.0 0 1 3 2 2
1412.4 -5066.3 -84.4 69 0 9.3 11.5 5.0 0.0 0 1 2 5 5
1427.7 -5290.5 -93.3 40 0 14.0 14.9 10.0 2.5 2 1 4 2 2
1562.1 -5301.6 -85.3 93 0 10.1 10.7 7.5 2.5 2 1 3 4 4
1515.1 -5145.5 -81.7 90 0 8.8 8.4 7.5 2.5 2 0 3 4 4
1721.1 -5000.9 -97.9 76 0 7.4 12.0 7.5 2.5 2 1 3 2 2
1800.8 -5089.9 -87.8 86 0 10.3 8.9 2.5 2.5 2 0 1 5 5
1738.6 -5073.2 -89.4 259 0 6.8 9.3 7.5 2.5 4 1 3 0 0
1885.5 -5589.5 -76.6 272 0 6.5 9.1 7.5 2.5 2 1 3 0 0
1951.6 -5603.1 -81.9 169 0 10.4 12.2 10.0 0.0 0 1 4 1 1
1944.6 -5298.3 -79.4 73 0 10.6 8.3 10.0 0.0 0 0 4 3 3
1931.5 -5246.5 -71.4 260 0 11.4 8.0 5.0 2.5 2 0 2 1 1
1875.7 -5330.8 -82.6 66 0 13.5 9.2 7.5 2.5 2 0 3 5 5
1800.5 -5277.5 -83.7 353 0 9.6 12.2 5.0 2.5 2 1 2 5 5
1802.8 -5348.3 -85.3 89 0 11.7 8.4 7.5 0.0 0 0 3 5 5
1320.7 2310.4 -25.5 38 0 8.9 6.3 5.0 2.5 4 0 2 3 3
1286.0 2212.2 -35.9 70 0 10.1 10.4 7.5 0.0 0 1 3 0 0
6275.7 3983.6 -84.3 108 0 14.1 11.1 5.0 2.5 2 0 2 2 2
6308.8 3875.9 -71.9 343 0 9.3 6.9 7.5 2.5 2 0 3 4 4
6378.8 2197.1 -21.9 63 0 10.2 12.3 7.5 2.5 2 1 3 1 1
6317.5 2274.3 -12.9 21 0 9.8 15.2 10.0 0.0 0 1 4 1 1
5312.3 5693.1 -59.3 175 0 9.2 12.7 7.5 2.5 2 1 3 0 0
5281.4 5777.0 -54.2 271 0 17.5 11.9 5.0 2.5 2 0 2 3 3
5230.6 5725.0 -48.7 177 0 16.0 10.6 10.0 2.5 2 0 4 1 1
5132.7 5291.2 -32.2 3 0 12.2 16.0 5.0 2.5 2 1 2 3 3
5188.1 5323.0 -43.2 92 0 10.7 7.8 7.5 2.5 2 0 3 1 1
5181.7 5354.6 -49.2 171 0 7.0 11.4 7.5 2.5 2 1 3 5 5
5287.8 5366.9 -53.6 7 0 10.2 12.3 5.0 2.5 2 1 2 2 2
5141.2 5488.0 -55.4 106 0 7.8 12.4 7.5 0.0 0 1 3 0 0
5072.8 5523.8 -42.1 175 0 12.5 16.7 5.0 2.5 2 1 2 3 3
5209.9 5575.1 -58.7 350 0 6.9 17.7 7.5 2.5 2 1 3 0 0
5159.8 5554.3 -58.0 260 0 10.2 16.8 5.0 2.5 2 1 2 5 5
5438.7 5721.0 -63.0 268 0 8.8 15.5 5.0 2.5 2 1 2 5 5
5389.0 5699.6 -61.8 111 0 14.0 6.7 5.0 2.5 2 0 2 4 4
5526.9 5499.2 -82.0 270 0 7.4 15.4 7.5 2.5 2 1 3 0 0
5486.5 5454.1 -80.4 178 0 8.3 13.5 7.5 2.5 2 1 3 3 3
5428.3 5643.3 -68.4 43 0 6.9 9.0 7.5 2.5 2 1 3 3 3
5450.1 5662.8 -68.3 69 0 7.6 12.0 2.5 2.5 2 1 1 5 5
5420.4 5696.6 -64.0 266 0 11.8 14.2 10.0 2.5 2 1 4 4 4
5381.7 5634.9 -66.7 175 0 14.0 9.8 2.5 2.5 2 0 1 4 4
5425.5 5577.6 -73.8 104 0 12.5 12.8 5.0 2.5 2 1 2 1 1
5395.4 5510.7 -72.6 14 0 9.8 11.4 7.5 2.5 4 1 3 3 3
6631.0 4217.1 -90.7 274 0 8.7 11.5 7.5 2.5 2 1 3 0 0
6618.2 4118.3 -80.4 274 0 8.4 10.5 7.5 2.5 4 1 3 4 4
6610.3 4116.7 -80.9 274 0 7.2 8.5 5.0 2.5 2 1 2 5 5
6691.9 4075.4 -82.6 4 0 11.7 10.8 2.5 2.5 2 0 1 0 0
6350.6 -3638.5 -81.4 1 0 10.7 9.4 7.5 2.5 2 0 3 4 4
5923.1 -3806.7 -88.2 175 0 9.8 12.3 5.0 2.5 2 1 2 3 3
5896.2 -3793.4 -88.7 63 0 8.1 10.3 10.0 2.5 2 1 4 4 4
6364.6 -4151.7 -77.5 90 0 10.3 9.2 7.5 2.5 2 0 3 3 3
6341.2 -4269.6 -52.2 172 0 8.1 7.5 7.5 2.5 2 0 3 4 4
6160.4 -3760.7 -86.6 188 0 10.5 11.0 7.5 2.5 2 1 3 1 1
6268.7 -3735.5 -82.9 358 0 8.3 11.9 2.5 2.5 2 1 1 5 5
6271.9 -3543.8 -84.3 91 0 15.3 9.8 7.5 2.5 2 0 3 4 4
6323.7 -3606.3 -82.7 180 0 9.2 10.6 7.5 2.5 4 1 3 1 1
3099.9 2186.6 -73.4 278 0 8.8 28.5 5.0 2.5 2 1 2 5 5
2931.1 2107.5 -70.3 360 0 20.3 10.9 2.5 2.5 2 0 1 1 1
2745.3 2237.5 -67.7 2 0 12.6 17.6 2.5 2.5 2 1 1 0 0
2822.7 2306.7 -67.7 269 0 14.0 18.4 10.0 2.5 2 1 4 3 3
2874.3 2242.4 -73.4 91 0 17.6 12.6 5.0 2.5 2 0 2 5 5
2965.5 2226.2 -73.6 175 0 20.1 11.1 7.5 2.5 2 0 3 4 4
3001.2 1851.5 -60.5 128 0 8.6 30.7 10.0 0.0 0 1 4 4 4
3085.3 2081.6 -74.0 15 0 6.3 10.4 7.5 0.0 0 1 3 2 2
2981.1 2026.6 -70.1 190 0 9.3 12.1 5.0 2.5 2 1 2 4 4
3008.4 2016.7 -70.0 100 0 15.6 8.7 5.0 2.5 2 0 2 3 3
3015.8 1997.8 -70.2 10 0 8.9 39.2 10.0 2.5 2 1 4 3 3
932.9 2603.0 13.7 328 0 7.0 8.2 10.0 2.5 2 1 4 4 4
1822.6 2694.1 -29.3 139 0 8.2 18.6 7.5 2.5 2 1 3 5 5
1520.2 2468.6 -33.4 86 0 19.4 12.8 5.0 2.5 2 0 2 1 1
-817.4 -5484.2 -66.4 83 0 9.6 10.2 7.5 2.5 2 1 3 2 2
576.1 -6864.0 29.5 86 0 6.1 8.2 10.0 2.5 2 1 4 3 3
439.4 -4828.1 -93.0 265 0 15.0 9.5 5.0 2.5 2 0 2 2 2
307.1 -4793.7 -103.0 301 0 14.9 11.4 2.5 2.5 2 0 1 2 2
225.2 -4853.8 -99.0 72 0 14.5 18.4 12.5 2.5 2 1 5 3 3
-216.0 -4493.3 -94.5 201 0 14.4 10.7 7.5 2.5 2 0 3 1 1
-320.7 -4637.3 -93.1 257 0 13.6 10.6 10.0 2.5 4 0 4 1 1
-529.5 -4891.3 -72.5 60 0 16.9 11.3 7.5 2.5 2 0 3 3 3
-718.8 -4889.8 -105.2 208 0 6.3 13.8 5.0 2.5 2 1 2 4 4
-593.6 -5011.7 -85.2 83 0 16.6 11.4 5.0 2.5 2 0 2 5 5
-688.3 -5277.8 -66.5 352 0 9.4 11.9 7.5 2.5 2 1 3 5 5
-770.1 -5364.2 -51.8 60 0 9.8 9.6 10.0 0.0 0 0 4 4 4
-756.6 -5491.1 -69.2 84 0 14.5 9.2 7.5 2.5 4 0 3 2 2
1019.6 -1644.9 -44.7 74 0 10.0 12.3 7.5 2.5 2 1 3 5 5
756.9 -1767.4 -52.5 266 0 16.5 14.8 10.0 0.0 0 0 4 4 4
793.6 -1821.5 -53.4 334 0 10.0 15.0 5.0 0.0 0 1 2 2 2
579.8 -1890.1 -46.8 43 0 16.1 13.9 2.5 2.5 2 0 1 5 5
554.8 -1985.1 -45.4 259 0 15.9 12.3 2.5 2.5 2 0 1 5 5
475.2 -1944.0 -39.2 80 0 15.3 13.3 7.5 2.5 2 0 3 4 4
236.8 -2594.4 -30.5 103 0 12.1 14.0 7.5 2.5 2 1 3 5 5
237.7 -2399.0 -36.3 246 0 18.8 13.0 5.0 2.5 2 0 2 1 1
200.3 -2393.9 -39.9 71 0 14.9 14.8 7.5 2.5 4 0 3 1 1
152.9 -2110.6 -49.3 62 0 19.3 12.3 2.5 2.5 2 0 1 1 1
101.1 -2449.1 -40.6 116 0 10.9 26.2 12.5 2.5 2 1 5 4 4
136.6 -2253.1 -49.8 316 0 12.0 19.7 2.5 2.5 2 1 1 5 5
88.9 -2255.3 -46.6 134 0 13.1 21.3 12.5 2.5 2 1 5 2 2
1069.7 -1601.7 -40.3 70 0 12.2 11.2 7.5 2.5 2 0 3 5 5
1068.2 -1647.9 -46.0 168 0 7.6 12.2 7.5 2.5 2 1 3 2 2
1390.5 -1370.3 -25.8 133 0 7.1 27.4 10.0 2.5 2 1 4 5 5
1390.8 -1295.1 -22.3 117 0 11.2 11.5 10.0 0.0 0 1 4 1 1
1806.2 -1391.0 -62.9 73 0 37.0 24.4 7.5 0.0 0 0 3 5 5
1414.6 -923.3 -82.9 235 0 47.5 21.9 10.0 2.5 2 0 4 5 5
1649.2 -895.5 -62.6 30 0 18.4 12.2 5.0 2.5 2 0 2 1 1
1407.7 -1145.7 -44.2 72 0 21.1 13.2 10.0 2.5 2 0 4 4 4
1503.7 -1243.6 -23.5 175 0 13.6 20.1 7.5 2.5 2 1 3 4 4
1618.6 -1143.6 -33.9 237 0 15.4 16.3 7.5 2.5 2 1 3 5 5
1591.6 -1181.0 -27.7 231 0 15.4 18.1 10.0 2.5 2 1 4 5 5
1438.6 -1235.2 -24.9 289 0 20.0 20.8 12.5 2.5 2 1 5 2 2
1475.7 -1304.1 -23.4 107 0 17.9 13.8 5.0 2.5 2 0 2 5 5
1586.1 -1511.6 -61.0 244 0 46.5 24.3 12.5 0.0 0 0 5 0 0
1329.4 -1467.1 -32.4 229 0 9.8 13.2 5.0 2.5 2 1 2 2 2
1301.4 -1480.4 -30.3 246 0 15.7 10.0 5.0 2.5 2 0 2 4 4
1151.4 -1597.3 -37.6 51 0 6.3 7.3 10.0 2.5 2 1 4 3 3
1161.4 -1590.3 -36.5 64 0 12.6 8.6 2.5 2.5 2 0 1 4 4
1214.4 -1527.8 -30.0 63 0 12.9 12.8 7.5 2.5 2 0 3 4 4
1202.7 -1547.8 -30.1 356 0 11.1 18.3 5.0 2.5 2 1 2 5 5
6684.6 5115.0 -61.3 283 0 12.1 30.3 12.5 2.5 2 1 5 5 5
6688.0 5042.7 -61.9 99 0 12.7 32.2 10.0 0.0 0 1 4 3 3
5417.1 -5681.3 -40.8 91 0 12.8 12.9 10.0 0.0 0 1 4 5 5
5391.1 -5653.5 -36.4 267 0 15.2 8.9 5.0 0.0 0 0 2 5 5
5381.0 -5788.5 -65.1 90 0 14.1 11.1 10.0 2.5 2 0 4 4 4
5161.9 -3168.5 -59.4 173 0 20.5 14.3 10.0 2.5 2 0 4 2 2
5071.0 -3699.5 -85.3 90 0 14.2 14.2 5.0 2.5 2 1 2 3 3
5153.2 -3115.2 -52.2 218 0 12.7 21.9 12.5 2.5 2 1 5 0 0
5337.5 -6689.7 -17.7 97 0 13.6 11.7 5.0 2.5 2 0 2 4 4
5200.2 -6360.1 -63.4 79 0 15.6 27.6 12.5 2.5 2 1 5 0 0
5318.8 -6591.0 -14.0 89 0 19.9 12.5 7.5 2.5 2 0 3 0 0
5291.5 -6458.0 -27.5 84 0 11.0 10.3 5.0 2.5 2 0 2 3 3
5428.9 -6555.4 -3.8 149 0 11.4 7.9 5.0 2.5 2 0 2 1 1
5480.2 -6722.1 -21.5 180 0 6.5 12.4 2.5 2.5 2 1 1 0 0
5401.4 -6724.3 -22.7 112 0 13.4 12.5 2.5 2.5 2 0 1 5 5
5531.3 -4903.8 75.4 270 0 8.0 14.5 7.5 2.5 2 1 3 0 0
5508.2 -4927.7 72.8 196 0 8.9 18.7 7.5 2.5 2 1 3 1 1
5600.7 -4974.3 67.7 165 0 9.5 17.7 2.5 2.5 2 1 1 2 2
5583.9 -4878.6 80.2 278 0 11.0 14.5 7.5 2.5 2 1 3 1 1
5813.5 -4734.4 81.9 67 0 11.2 13.0 5.0 2.5 4 1 2 2 2
5769.8 -4721.5 79.7 165 0 16.9 79.9 10.0 2.5 2 1 4 5 5
5836.2 -4668.0 85.7 338 0 12.6 24.2 15.0 0.0 0 1 6 2 2
5767.0 -4604.5 88.7 206 0 9.7 35.8 12.5 0.0 0 1 5 1 1
5774.2 -4637.1 89.9 162 0 6.8 15.8 7.5 2.5 2 1 3 0 0
5759.5 -4693.1 89.8 165 0 32.8 28.1 12.5 0.0 0 0 5 5 5
4990.2 -3654.4 -94.2 103 0 10.9 16.4 5.0 2.5 2 1 2 2 2
5025.6 -3590.3 -93.5 0 0 14.2 20.0 10.0 2.5 2 1 4 1 1
5099.4 -3311.6 -76.1 352 0 16.3 13.1 7.5 2.5 2 0 3 4 4
4996.6 -3355.9 -67.0 166 0 6.1 14.8 5.0 2.5 2 1 2 0 0
5016.0 -3460.8 -78.8 175 0 9.2 9.4 5.0 2.5 2 1 2 2 2
5027.1 -3416.7 -75.0 163 0 9.9 18.5 10.0 0.0 0 1 4 3 3
5124.9 -3473.7 -90.3 150 0 8.2 7.1 10.0 2.5 2 0 4 0 0
5099.0 -3394.3 -81.0 180 0 6.2 13.3 5.0 2.5 2 1 2 4 4
5097.1 -3412.3 -82.9 192 0 9.7 13.5 7.5 2.5 2 1 3 5 5
5129.0 -3395.1 -84.5 280 0 8.4 21.5 7.5 2.5 2 1 3 5 5
5099.2 -3374.3 -79.1 185 0 9.5 13.1 5.0 2.5 2 1 2 4 4
5080.3 -3445.2 -82.1 65 0 12.7 10.5 5.0 2.5 4 0 2 1 1
5061.0 -3430.7 -78.8 88 0 15.4 10.4 7.5 2.5 2 0 3 5 5
5083.7 -3396.8 -79.0 270 0 14.1 9.5 5.0 2.5 2 0 2 5 5
5075.7 -3493.1 -89.0 256 0 18.9 9.0 5.0 2.5 2 0 2 4 4
6911.5 -5990.1 -62.5 181 0 17.8 14.1 12.5 2.5 2 0 5 3 3
6828.9 -5967.2 -69.5 184 0 13.7 12.4 5.0 2.5 2 0 2 1 1
6360.1 -6049.4 -79.3 181 0 22.6 20.0 17.5 0.0 0 0 7 4 4
6431.7 -6044.4 -78.3 0 0 64.7 46.0 12.5 0.0 0 0 5 5 5
6893.5 -5747.5 -68.8 21 0 11.4 15.0 5.0 0.0 0 1 2 2 2
6854.7 -5632.5 -62.8 128 0 12.6 9.4 2.5 2.5 2 0 1 5 5
6893.7 -5692.9 -65.9 327 0 10.1 9.8 10.0 2.5 4 0 4 5 5
6895.2 -5644.3 -62.5 4 0 10.6 7.7 10.0 2.5 2 0 4 0 0
6778.6 -5555.7 -52.8 51 0 8.9 9.9 5.0 2.5 4 1 2 3 3
6812.5 -5509.7 -45.8 324 0 7.9 12.5 7.5 2.5 2 1 3 3 3
6680.1 -4129.3 -62.6 133 0 6.8 10.6 10.0 2.5 2 1 4 3 3
3217.1 2280.3 -75.3 38 0 9.6 13.6 7.5 2.5 2 1 3 5 5
3185.9 2196.1 -72.2 264 0 8.8 6.9 5.0 2.5 2 0 2 2 2
3194.2 2216.9 -73.9 246 0 9.9 7.6 5.0 0.0 0 0 2 4 4
3208.1 2190.7 -71.7 1 0 8.5 13.7 2.5 2.5 2 1 1 0 0
3162.1 2201.8 -73.7 235 0 8.7 16.7 7.5 2.5 2 1 3 0 0
3166.6 2221.7 -75.0 88 0 7.9 11.6 7.5 2.5 2 1 3 5 5
3060.8 2315.1 -75.2 266 0 14.4 9.8 5.0 2.5 2 0 2 2 2
3186.4 2574.8 -59.3 348 0 7.0 10.5 7.5 2.5 2 1 3 1 1
3215.9 2523.6 -68.8 6 0 12.2 15.3 10.0 2.5 2 1 4 4 4
2501.0 1418.2 8.4 80 0 7.7 13.2 7.5 2.5 2 1 3 3 3
2506.7 1288.3 11.2 279 0 7.3 14.8 5.0 2.5 2 1 2 1 1
2490.7 1248.6 13.6 101 0 6.5 14.9 5.0 2.5 2 1 2 5 5
2486.5 1157.3 13.7 193 0 9.9 6.4 7.5 2.5 2 0 3 5 5
2567.1 1221.9 6.3 312 0 8.2 8.0 7.5 2.5 2 0 3 5 5
2533.9 1196.2 7.1 52 0 10.4 11.2 5.0 2.5 2 1 2 5 5
2518.1 1170.6 11.9 87 0 6.2 16.6 2.5 2.5 2 1 1 2 2
2517.9 1220.2 10.5 154 0 9.3 12.3 5.0 2.5 2 1 2 4 4
2533.2 1216.7 8.5 240 0 6.5 10.0 7.5 2.5 2 1 3 4 4
3386.8 667.7 10.5 64 0 6.2 8.5 7.5 2.5 2 1 3 5 5
3460.5 510.0 16.2 235 0 6.1 9.9 7.5 2.5 2 1 3 4 4
3453.6 494.1 15.8 163 0 15.8 9.0 5.0 0.0 0 0 2 1 1
4658.9 3581.8 -49.8 90 0 11.8 8.3 7.5 2.5 2 0 3 5 5
4725.3 3356.6 -48.8 22 0 11.5 6.4 10.0 2.5 2 0 4 1 1
4820.4 3318.0 -76.6 141 0 7.3 13.3 5.0 2.5 2 1 2 2 2
4766.4 3151.7 -78.8 238 0 26.7 11.1 10.0 2.5 2 0 4 3 3
5119.9 4391.8 -46.3 71 0 11.0 7.5 7.5 2.5 2 0 3 1 1
5237.8 4432.1 -54.2 13 0 13.4 11.1 5.0 2.5 2 0 2 5 5
5171.8 4212.7 -52.3 180 0 13.1 13.0 7.5 2.5 2 0 3 0 0
5303.2 4247.5 -42.2 103 0 7.2 16.4 7.5 2.5 2 1 3 1 1
5135.6 4291.8 -54.6 275 0 6.4 13.1 7.5 2.5 2 1 3 1 1
4895.6 4332.2 -13.5 115 0 9.8 12.7 5.0 2.5 2 1 2 5 5
5148.2 3851.6 -23.3 216 0 8.1 14.0 7.5 2.5 2 1 3 4 4
5625.9 3837.7 -78.3 111 0 12.8 10.1 5.0 2.5 2 0 2 0 0
5664.1 3856.2 -79.6 71 0 16.0 13.1 5.0 2.5 2 0 2 3 3
5718.6 3814.2 -87.9 59 0 7.8 12.5 10.0 2.5 2 1 4 0 0
5745.9 3834.4 -87.4 61 0 6.3 12.2 5.0 2.5 2 1 2 3 3
5673.7 3929.0 -67.6 324 0 8.1 12.6 5.0 2.5 2 1 2 2 2
5803.2 3943.5 -82.5 256 0 7.3 16.8 10.0 2.5 2 1 4 4 4
5846.7 3879.4 -90.2 243 0 14.3 8.0 7.5 2.5 2 0 3 2 2
6003.1 4070.2 -83.4 90 0 7.1 14.2 5.0 2.5 2 1 2 1 1
5942.1 4070.9 -77.5 237 0 9.2 7.7 7.5 2.5 2 0 3 1 1
5931.6 4290.6 -54.0 287 0 14.5 8.1 5.0 2.5 2 0 2 4 4
5903.3 4266.2 -48.6 172 0 11.2 8.3 7.5 2.5 2 0 3 2 2
5959.1 4258.3 -58.8 15 0 9.2 17.3 7.5 2.5 4 1 3 0 0
6248.6 3996.4 -84.8 183 0 10.1 8.2 2.5 2.5 2 0 1 2 2
6143.4 4164.3 -89.0 28 0 10.1 8.7 7.5 2.5 2 0 3 3 3
6188.7 4190.9 -90.5 39 0 12.7 8.4 7.5 2.5 2 0 3 5 5
6031.7 4225.2 -75.5 207 0 12.2 6.6 7.5 2.5 2 0 3 1 1
6037.0 4151.2 -83.8 267 0 10.0 19.5 5.0 2.5 2 1 2 0 0
6084.8 4118.6 -87.6 45 0 9.2 7.5 7.5 2.5 2 0 3 1 1
6063.2 3845.4 -90.4 75 0 9.2 10.4 5.0 2.5 2 1 2 2 2
6142.5 3843.9 -85.7 144 0 10.9 8.0 7.5 2.5 2 0 3 4 4
6181.8 3693.1 -83.9 79 0 6.0 12.5 7.5 2.5 2 1 3 0 0
6092.9 3461.3 -80.2 162 0 20.3 11.2 2.5 2.5 2 0 1 5 5
5624.1 3494.8 -80.3 50 0 15.4 9.2 2.5 2.5 2 0 1 4 4
5585.5 3632.9 -91.5 212 0 24.0 11.1 7.5 2.5 2 0 3 5 5
4460.2 3625.8 -58.1 148 0 11.2 23.5 10.0 2.5 2 1 4 2 2
4580.4 3419.7 -49.1 24 0 11.7 9.0 7.5 2.5 2 0 3 3 3
4553.7 3443.7 -51.7 126 0 9.6 8.1 7.5 2.5 2 0 3 4 4
4530.1 3464.7 -55.4 128 0 6.7 11.3 5.0 0.0 0 1 2 4 4
4492.9 3065.1 -81.3 95 0 11.2 7.1 5.0 2.5 2 0 2 2 2
4556.7 3126.8 -79.4 73 0 16.8 9.9 7.5 2.5 2 0 3 0 0
4664.8 3209.8 -77.7 210 0 16.5 14.6 2.5 2.5 2 0 1 5 5
4753.7 3258.4 -78.1 54 0 20.1 10.2 5.0 2.5 4 0 2 2 2
4867.0 3497.3 -59.1 266 0 8.3 15.5 2.5 2.5 2 1 1 4 4
4937.2 3097.9 -50.8 53 0 8.9 18.7 7.5 2.5 2 1 3 1 1
4095.4 2899.6 -79.9 246 0 25.3 29.1 10.0 0.0 0 1 4 1 1
4890.6 3197.1 -77.2 255 0 12.2 6.8 7.5 2.5 2 0 3 4 4
4842.4 3164.8 -74.1 236 0 12.0 14.7 10.0 2.5 2 1 4 0 0
5000.5 3207.1 -78.2 167 0 7.9 14.0 7.5 0.0 0 1 3 4 4
5297.1 3282.1 -84.5 302 0 12.5 19.8 2.5 2.5 4 1 1 1 1
5250.5 3221.9 -78.6 170 0 10.2 23.3 7.5 2.5 2 1 3 3 3
6725.0 667.2 -101.9 242 0 10.8 6.4 10.0 2.5 2 0 4 4 4
6864.8 648.2 -102.6 88 0 9.0 10.2 7.5 2.5 2 1 3 4 4
6042.7 836.1 -11.3 358 0 12.9 9.8 7.5 2.5 2 0 3 3 3
5886.8 1045.2 -10.4 94 0 12.4 15.3 7.5 2.5 2 1 3 0 0
6108.7 1222.3 -6.5 330 0 9.2 11.9 7.5 2.5 2 1 3 2 2
6034.7 1028.6 1.2 8 0 8.1 7.1 7.5 2.5 2 0 3 1 1
6000.8 1009.8 -6.4 57 0 11.9 12.2 10.0 2.5 2 1 4 1 1
6369.6 1192.8 14.6 89 0 15.2 13.4 2.5 2.5 2 0 1 5 5
6335.9 1050.3 19.0 1 0 7.7 11.0 5.0 2.5 2 1 2 2 2
6822.6 -563.5 -112.5 51 0 12.3 44.2 10.0 0.0 0 1 4 2 2
6771.2 -523.5 -110.9 221 0 17.1 15.0 10.0 2.5 2 0 4 2 2
6698.2 612.0 -102.1 81 0 9.3 12.3 10.0 2.5 2 1 4 2 2
6735.8 1930.8 -1.5 82 0 11.6 7.9 7.5 2.5 2 0 3 1 1
6716.9 1883.3 2.6 264 0 10.9 10.5 2.5 2.5 2 0 1 4 4
6642.3 1842.9 -10.3 107 0 6.8 9.8 5.0 0.0 0 1 2 4 4
6632.6 1833.8 -9.4 260 0 7.0 8.4 10.0 2.5 2 1 4 3 3
6833.3 1671.1 15.9 342 0 10.8 18.8 5.0 2.5 2 1 2 4 4
6909.6 2030.4 -8.9 355 0 11.3 10.3 7.5 2.5 2 0 3 5 5
6623.4 1408.3 6.0 285 0 6.1 9.9 5.0 2.5 2 1 2 0 0
6779.8 1281.4 -5.8 269 0 10.5 19.7 10.0 2.5 2 1 4 0 0
6810.5 1206.7 -0.1 173 0 17.3 12.0 7.5 2.5 2 0 3 5 5
6730.0 1236.6 6.0 182 0 11.7 14.3 7.5 0.0 0 1 3 2 2
6723.9 983.5 -0.1 223 0 9.2 6.4 10.0 2.5 4 0 4 3 3
6870.8 300.2 -96.4 355 0 12.7 12.7 5.0 2.5 2 1 2 1 1
1540.4 -347.6 -12.0 105 0 9.3 11.5 2.5 2.5 2 1 1 5 5
1520.7 -549.7 -34.9 1 0 8.9 8.6 7.5 2.5 2 0 3 4 4
1477.7 -748.9 -70.0 86 0 8.1 10.1 5.0 2.5 2 1 2 4 4
2246.2 2682.4 -14.1 91 0 13.0 7.3 7.5 2.5 2 0 3 1 1
2266.1 2737.1 -27.0 359 0 8.9 17.6 7.5 2.5 2 1 3 0 0
2265.7 2771.4 -32.6 360 0 7.1 10.8 5.0 2.5 2 1 2 5 5
2511.3 2547.6 28.0 247 0 10.8 12.5 7.5 2.5 2 1 3 2 2
2219.4 3094.1 -18.4 176 0 8.2 16.7 10.0 2.5 2 1 4 3 3
2352.4 3086.4 -31.5 359 0 6.7 17.7 5.0 0.0 0 1 2 0 0
6573.2 5113.5 -63.0 180 0 99.7 59.0 12.5 0.0 0 0 5 3 3
6836.7 1147.4 5.2 332 0 8.2 10.8 2.5 0.0 0 1 1 2 2
