3097.7 -4341.6 -192.5 26 0 13.3 44.3 12.5 2.5 2 0 5 0 0
-2497.3 -38.7 -94.5 8 0 50.6 37.7 10.0 0.0 0 0 4 5 5
3855.4 -5134.1 -175.0 201 0 6.8 7.7 7.5 2.5 2 1 3 4 4
3591.4 2914.1 -127.7 252 0 11.4 7.8 5.0 2.5 2 0 2 4 4
3521.6 2910.0 -126.8 268 0 7.3 7.8 7.5 2.5 2 0 3 2 2
3514.4 2909.9 -127.1 268 0 6.3 8.1 7.5 2.5 2 0 3 2 2
3532.8 2877.8 -120.6 290 0 11.0 8.1 5.0 2.5 2 0 2 0 0
3496.6 2921.0 -130.0 269 0 7.5 11.8 10.0 2.5 2 1 4 0 0
-3474.7 -5233.3 -198.0 4 0 23.7 30.6 12.5 0.0 0 1 5 0 0
1096.3 2996.2 -133.6 65 0 33.0 39.2 10.5 0.0 0 1 3 3 3
705.2 -4415.9 -187.0 5 0 27.0 61.7 12.5 0.0 0 1 5 1 1
4970.2 -4246.0 -198.5 36 0 31.6 86.0 10.0 0.0 0 1 4 1 1
-2535.4 -92.3 -87.5 96 0 8.8 25.3 5.0 2.5 2 1 2 5 5
-2546.4 -66.2 -84.7 110 0 6.1 26.3 7.5 2.5 2 1 3 2 2
-2479.3 -28.3 -97.0 273 0 9.4 42.3 12.5 2.5 2 1 5 4 4
-2480.8 -99.8 -96.8 232 0 9.7 10.1 5.0 2.5 2 1 2 5 5
-2474.7 -6.5 -99.4 136 0 9.0 7.1 5.0 2.5 2 0 2 5 5
-5730.4 5858.2 -121.7 190 0 7.8 21.2 7.5 2.5 2 1 3 5 5
-5679.7 5857.6 -118.3 219 0 22.1 8.3 10.0 0.0 0 0 4 4 4
-5633.8 5889.9 -118.4 328 0 7.6 12.2 5.0 2.5 2 1 2 4 4
-5620.2 5922.7 -123.0 339 0 7.9 11.0 5.0 2.5 2 1 2 4 4
-6055.7 5820.8 -150.3 153 0 9.2 16.5 7.5 2.5 2 1 3 1 1
-5938.0 5861.5 -137.6 235 0 15.1 8.0 10.0 2.5 2 0 4 3 3
-5902.1 5995.7 -154.7 3 0 9.8 6.6 7.5 2.5 2 0 3 5 5
-5816.2 5958.1 -136.8 141 0 8.1 18.9 5.0 0.0 0 1 2 4 4
-5798.7 5812.4 -119.6 78 0 10.7 18.0 7.5 2.5 4 1 3 2 2
-5815.1 5854.7 -123.7 172 0 7.7 14.3 7.5 2.5 2 1 3 0 0
-5604.9 6032.9 -128.1 97 0 7.4 6.2 5.0 2.5 2 0 2 0 0
-5884.8 6123.4 -164.6 63 0 9.3 11.0 7.5 2.5 4 1 3 2 2
-5931.8 6057.4 -165.9 174 0 8.6 18.0 5.0 2.5 2 1 2 2 2
-6119.0 6044.9 -164.8 154 0 9.0 12.1 7.5 2.5 2 1 3 2 2
-6004.3 5861.8 -147.7 35 0 6.3 6.8 7.5 2.5 4 1 3 3 3
-6019.2 5846.6 -149.2 47 0 8.0 12.5 7.5 2.5 2 1 3 0 0
-6026.4 6557.2 -100.1 159 0 8.5 15.5 7.5 2.5 4 1 3 3 3
-6042.3 6741.1 -107.4 89 0 13.0 9.5 10.0 2.5 2 0 4 4 4
-6126.6 6680.0 -116.7 325 0 10.0 13.3 7.5 0.0 0 1 3 0 0
-5611.2 6411.1 -123.3 84 0 6.7 11.9 7.5 2.5 2 1 3 2 2
-6104.9 6315.5 -157.5 124 0 7.0 11.7 7.5 2.5 2 1 3 3 3
-6020.8 6240.6 -179.6 94 0 7.9 14.0 7.5 2.5 2 1 3 1 1
-5907.5 6224.7 -170.4 90 0 9.6 12.4 7.5 2.5 4 1 3 0 0
-5811.8 6245.6 -149.9 36 0 12.1 12.0 10.0 2.5 2 0 4 5 5
-5585.5 6299.0 -116.6 336 0 8.9 11.6 7.5 2.5 2 1 3 2 2
-5619.7 6629.7 -78.8 147 0 8.5 22.4 5.0 2.5 4 1 2 2 2
-5659.0 6640.6 -76.7 150 0 7.1 10.4 5.0 0.0 0 1 2 4 4
-6478.8 3839.8 -179.1 130 0 6.3 12.4 5.0 2.5 2 1 2 3 3
-4755.2 4364.1 -20.8 181 0 10.8 13.0 5.0 2.5 2 1 2 4 4
-5228.3 4240.0 -8.5 275 0 10.8 6.9 10.0 2.5 2 0 4 1 1
-5299.1 4204.7 -20.4 154 0 10.6 18.1 5.0 2.5 2 1 2 5 5
-5425.6 4124.3 -34.3 156 0 9.4 6.6 7.5 2.5 4 0 3 1 1
-5324.2 4127.5 -27.0 336 0 7.7 11.8 7.5 2.5 2 1 3 4 4
-5377.4 4143.4 -31.1 287 0 10.2 14.2 10.0 2.5 2 1 4 0 0
-5344.0 3882.5 -20.7 258 0 14.1 34.6 12.5 2.5 2 1 5 0 0
-5249.3 3637.7 -9.9 334 0 11.3 8.8 10.0 2.5 2 0 4 4 4
-6283.6 3956.0 -179.9 9 0 7.5 11.3 7.5 2.5 2 1 3 5 5
-6198.9 4072.2 -176.7 305 0 9.4 17.8 10.0 2.5 4 1 4 5 5
-6527.4 4437.9 -180.7 137 0 8.7 7.4 7.5 2.5 2 0 3 4 4
-6508.9 4449.6 -183.8 320 0 13.8 8.3 7.5 2.5 2 0 3 0 0
-6419.4 4143.5 -175.5 17 0 10.7 6.0 7.5 2.5 2 0 3 3 3
-6438.2 4086.8 -175.8 14 0 13.7 8.8 2.5 2.5 2 0 1 5 5
-5444.3 4843.7 -32.5 309 0 8.5 9.9 10.0 2.5 2 1 4 5 5
-5417.4 4784.6 -33.8 123 0 8.3 13.0 7.5 2.5 2 1 3 4 4
-4625.6 4694.3 61.3 121 0 11.6 8.8 5.0 2.5 2 0 2 5 5
-4769.9 4853.4 21.2 102 0 12.6 11.3 5.0 2.5 4 0 2 2 2
-4488.6 4948.0 83.8 102 0 9.3 12.4 7.5 2.5 2 1 3 3 3
-4514.7 4805.1 88.5 123 0 7.6 8.2 2.5 2.5 2 1 1 4 4
-4603.2 4561.5 37.4 78 0 6.6 13.0 7.5 2.5 2 1 3 2 2
-5759.1 4778.8 -63.6 151 0 8.3 17.2 7.5 2.5 2 1 3 2 2
-5700.7 4676.8 -52.4 147 0 7.7 14.1 10.0 2.5 2 1 4 4 4
-5627.0 4750.1 -49.9 42 0 8.1 16.3 5.0 2.5 2 1 2 4 4
-5602.6 4832.3 -43.8 58 0 8.4 6.7 10.0 0.0 0 0 4 4 4
-5602.5 4681.2 -52.6 46 0 11.9 8.1 5.0 2.5 2 0 2 2 2
-6244.2 4646.2 -173.7 210 0 12.6 9.4 7.5 2.5 2 0 3 1 1
-6189.7 4700.4 -173.4 163 0 10.2 13.2 5.0 0.0 0 1 2 4 4
-6067.6 4768.0 -162.4 162 0 7.8 7.6 7.5 2.5 2 0 3 4 4
-6055.7 4671.5 -150.1 325 0 7.1 9.3 7.5 2.5 2 1 3 3 3
-6282.8 4825.2 -177.3 174 0 9.2 9.5 5.0 2.5 2 1 2 4 4
-6241.8 4784.3 -179.3 169 0 11.2 9.5 7.5 2.5 2 0 3 5 5
-6298.5 4560.9 -168.9 221 0 9.4 7.6 2.5 2.5 2 0 1 5 5
-6273.4 4534.0 -154.9 296 0 9.4 8.2 7.5 2.5 2 0 3 3 3
-6363.4 5063.4 -183.0 25 0 11.3 6.1 5.0 0.0 0 0 2 3 3
-6304.8 5094.5 -173.6 96 0 6.5 11.9 7.5 2.5 2 1 3 1 1
-6242.3 5032.2 -163.8 7 0 8.4 7.0 7.5 2.5 2 0 3 4 4
-5806.1 4918.0 -78.0 251 0 11.8 18.2 2.5 2.5 2 1 1 1 1
-5913.3 4891.8 -122.2 132 0 15.1 12.5 5.0 2.5 2 0 2 5 5
-5991.2 4932.3 -131.4 206 0 15.2 11.2 7.5 2.5 2 0 3 2 2
-6082.7 4867.5 -145.9 303 0 14.8 12.7 7.5 2.5 2 0 3 1 1
-6232.8 4855.3 -170.4 356 0 7.8 12.0 7.5 2.5 2 1 3 0 0
-6471.9 5224.5 -185.7 89 0 6.5 6.1 10.0 2.5 2 0 4 0 0
-6323.3 5191.4 -186.3 323 0 9.8 14.7 5.0 2.5 2 1 2 0 0
-6318.2 5139.8 -177.7 174 0 7.9 6.5 7.5 0.0 0 0 3 3 3
-6313.9 5126.0 -176.2 157 0 7.9 9.9 7.5 2.5 2 1 3 5 5
-6362.0 5510.8 -155.9 25 0 9.8 11.0 7.5 2.5 2 1 3 0 0
-6304.4 5553.6 -155.5 167 0 9.0 16.2 5.0 2.5 2 1 2 5 5
-6289.2 5453.1 -163.2 61 0 11.9 6.3 7.5 2.5 2 0 3 1 1
-6321.0 5465.3 -161.7 240 0 13.8 11.3 10.0 2.5 2 0 4 4 4
-6342.8 5437.9 -161.5 151 0 6.1 10.6 7.5 2.5 2 1 3 3 3
-6393.8 5605.6 -145.7 8 0 8.3 13.7 7.5 2.5 4 1 3 3 3
-6545.4 5560.7 -176.5 147 0 8.3 11.1 5.0 2.5 4 1 2 0 0
-6442.9 5526.5 -163.4 272 0 9.6 15.1 2.5 2.5 4 1 1 2 2
-6399.1 5543.4 -157.7 218 0 8.5 9.5 5.0 2.5 2 1 2 2 2
-6200.8 5500.7 -160.8 270 0 12.2 7.6 2.5 2.5 2 0 1 4 4
-6201.6 5511.3 -160.3 264 0 14.1 8.9 5.0 2.5 2 0 2 5 5
-6227.5 5488.4 -162.0 253 0 6.9 7.5 7.5 2.5 2 1 3 1 1
-5936.9 5084.9 -96.1 295 0 8.1 14.7 7.5 2.5 2 1 3 0 0
-6066.7 5141.2 -128.8 26 0 11.7 7.0 2.5 2.5 2 0 1 5 5
-6059.9 5168.3 -126.3 297 0 8.5 16.5 10.0 2.5 4 1 4 1 1
-6195.7 5156.5 -154.8 109 0 11.6 7.3 10.0 2.5 2 0 4 5 5
-6159.5 5174.3 -151.2 64 0 7.6 11.6 7.5 2.5 2 1 3 2 2
-6120.4 5219.8 -150.0 330 0 11.0 17.8 5.0 2.5 2 1 2 2 2
-6143.6 5303.8 -174.3 67 0 14.7 12.2 7.5 2.5 2 0 3 0 0
-6068.6 5307.5 -168.7 119 0 12.1 7.5 5.0 2.5 2 0 2 2 2
-6335.9 6140.3 -179.9 46 0 10.4 7.4 7.5 0.0 0 0 3 2 2
-6375.0 6081.0 -166.0 2 0 6.1 8.5 7.5 2.5 4 1 3 4 4
-6467.3 6057.1 -163.1 173 0 13.7 8.5 7.5 2.5 2 0 3 4 4
-6432.3 6003.5 -154.3 38 0 6.8 10.4 7.5 2.5 4 1 3 2 2
-6526.1 5867.1 -173.7 99 0 9.0 13.6 7.5 2.5 2 1 3 0 0
-6423.9 5765.1 -144.5 67 0 7.7 8.3 10.0 2.5 2 1 4 0 0
-6489.0 6278.3 -175.3 234 0 6.3 11.7 7.5 2.5 4 1 3 5 5
-6275.5 6183.9 -179.8 243 0 6.1 7.3 10.0 0.0 0 1 4 2 2
-5183.9 5308.0 -23.4 359 0 9.0 14.0 10.0 0.0 0 1 4 2 2
-5067.0 5121.1 33.7 4 0 7.6 15.2 5.0 2.5 2 1 2 3 3
-5027.0 5247.4 24.6 338 0 8.4 13.2 7.5 2.5 4 1 3 5 5
-5003.2 5308.9 19.4 216 0 10.1 7.9 5.0 2.5 2 0 2 4 4
-4849.6 5461.7 27.2 102 0 7.3 7.3 7.5 2.5 4 0 3 4 4
-4551.4 5436.6 138.2 131 0 6.7 8.2 7.5 2.5 2 1 3 0 0
-5322.5 4946.2 -15.2 174 0 9.3 18.3 10.0 2.5 4 1 4 1 1
-5434.9 5056.9 -8.3 172 0 7.7 13.2 2.5 2.5 4 1 1 1 1
-5393.6 5078.9 -6.6 349 0 7.3 10.5 5.0 2.5 2 1 2 2 2
-5391.6 5109.4 -5.9 337 0 9.3 14.3 5.0 2.5 2 1 2 2 2
-5102.3 5307.2 -1.3 61 0 8.5 7.0 5.0 2.5 2 0 2 5 5
-5262.3 5160.0 6.5 253 0 9.2 10.2 10.0 2.5 2 1 4 3 3
-5319.6 4833.0 -24.1 92 0 11.2 12.5 10.0 2.5 2 1 4 3 3
-6007.4 5755.5 -138.1 61 0 22.3 9.3 5.0 0.0 0 0 2 0 0
-5595.7 5539.2 -4.6 262 0 8.9 6.9 7.5 2.5 2 0 3 5 5
-5728.1 5704.2 -86.1 307 0 8.3 11.8 2.5 2.5 2 1 1 1 1
-5792.0 5708.8 -107.3 136 0 10.0 14.4 7.5 0.0 0 1 3 3 3
-5902.1 5796.2 -126.2 15 0 9.2 16.0 5.0 0.0 0 1 2 1 1
-5881.9 5783.5 -120.7 45 0 7.5 8.8 5.0 2.5 2 1 2 5 5
-5919.2 5775.3 -123.5 62 0 13.1 7.5 7.5 2.5 4 0 3 3 3
-5202.7 5643.6 29.5 43 0 9.6 8.8 2.5 2.5 2 0 1 4 4
-5199.7 5687.9 41.0 252 0 8.7 13.7 5.0 2.5 2 1 2 2 2
-5225.5 5474.2 -19.8 74 0 7.5 9.6 5.0 2.5 2 1 2 3 3
-5310.7 5620.1 11.6 51 0 8.1 15.6 5.0 2.5 2 1 2 3 3
-5338.8 5665.1 18.7 225 0 8.8 9.2 5.0 2.5 2 1 2 5 5
-5372.6 5615.7 8.1 148 0 9.0 6.6 5.0 2.5 2 0 2 0 0
-5560.0 5542.9 -2.2 266 0 8.3 6.6 5.0 2.5 2 0 2 4 4
-5448.1 5559.0 -2.5 318 0 7.7 9.8 7.5 0.0 0 1 3 2 2
-5467.4 5543.1 -4.2 144 0 9.4 12.7 7.5 0.0 0 1 3 4 4
-4868.4 5663.7 90.1 81 0 10.8 11.1 5.0 2.5 2 1 2 5 5
-5010.4 5451.3 2.5 123 0 6.3 10.9 7.5 2.5 2 1 3 5 5
-5151.6 5589.8 16.8 283 0 8.8 6.6 2.5 2.5 2 0 1 2 2
-5539.9 5942.6 -121.8 135 0 11.3 19.4 5.0 2.5 2 1 2 4 4
-5519.5 5858.6 -92.0 139 0 8.2 7.2 5.0 2.5 2 0 2 4 4
-5458.8 5940.0 -106.5 177 0 8.9 12.7 5.0 2.5 2 1 2 0 0
-5296.5 5937.3 -77.7 32 0 6.0 7.3 7.5 2.5 2 1 3 1 1
-5142.6 5970.0 -62.5 178 0 7.1 19.4 2.5 2.5 2 1 1 4 4
-5083.6 6029.6 -58.5 65 0 8.6 11.8 7.5 2.5 2 1 3 5 5
-4729.6 5693.6 133.9 284 0 8.7 13.4 7.5 2.5 2 1 3 2 2
-4793.1 5679.9 110.6 256 0 6.0 10.1 10.0 2.5 2 1 4 2 2
-4891.1 5702.1 86.9 333 0 6.2 8.6 2.5 2.5 2 1 1 0 0
-4996.8 6223.1 -28.9 84 0 11.5 7.0 2.5 2.5 2 0 1 1 1
-5308.6 6199.0 -76.0 143 0 6.4 13.3 10.0 2.5 2 1 4 2 2
-5572.3 6278.9 -111.2 71 0 6.1 6.6 7.5 2.5 2 1 3 0 0
-6207.1 6135.6 -172.3 96 0 11.5 7.3 7.5 2.5 2 0 3 2 2
-5766.1 5896.8 -127.3 301 0 9.9 6.5 7.5 2.5 4 0 3 3 3
-5446.2 6531.6 -77.8 180 0 7.7 14.7 5.0 2.5 2 1 2 5 5
-5377.9 6476.1 -79.0 89 0 13.0 8.9 7.5 2.5 2 0 3 4 4
-5131.5 6523.0 -37.9 323 0 8.3 7.2 7.5 2.5 2 0 3 1 1
-5169.5 6570.7 -30.4 319 0 9.3 18.2 5.0 2.5 2 1 2 4 4
-5031.9 6459.6 -39.8 345 0 6.8 9.1 7.5 0.0 0 1 3 4 4
-4822.9 6482.9 17.1 95 0 10.0 8.3 10.0 2.5 2 0 4 3 3
-4823.0 6354.3 9.2 267 0 6.8 10.4 10.0 2.5 2 1 4 1 1
-4991.5 6291.5 -26.0 270 0 8.5 8.6 10.0 2.5 2 1 4 4 4
-5364.5 6868.2 -17.1 71 0 7.5 7.9 5.0 2.5 2 1 2 0 0
-5240.1 6859.9 5.4 60 0 15.3 11.6 7.5 2.5 2 0 3 2 2
-5602.5 6786.9 -96.6 114 0 12.3 8.2 2.5 2.5 2 0 1 5 5
-5964.1 6762.1 -104.4 351 0 7.6 11.2 2.5 2.5 2 1 1 2 2
-6089.8 6768.1 -116.2 263 0 7.7 6.7 7.5 2.5 2 0 3 5 5
-6149.6 6758.7 -119.9 277 0 11.6 7.3 5.0 2.5 2 0 2 0 0
-6186.0 6764.5 -124.9 269 0 9.1 7.0 7.5 2.5 2 0 3 2 2
-6184.0 6641.8 -126.7 170 0 8.1 11.3 7.5 2.5 2 1 3 3 3
-6243.8 6747.0 -132.9 76 0 9.7 9.2 7.5 2.5 2 0 3 0 0
-6311.9 6728.9 -139.2 160 0 7.6 12.2 5.0 2.5 2 1 2 3 3
-6446.0 6798.3 -168.4 325 0 6.2 8.6 5.0 2.5 2 1 2 1 1
-4195.1 4751.7 92.7 227 0 10.7 12.5 5.0 2.5 2 1 2 2 2
-4149.5 4822.6 111.4 289 0 6.2 13.8 7.5 2.5 2 1 3 3 3
-4211.6 4567.8 80.1 237 0 6.5 11.3 5.0 2.5 2 1 2 2 2
-4180.5 4422.7 49.2 20 0 9.2 14.7 7.5 0.0 0 1 3 1 1
-4236.3 4551.0 74.4 234 0 11.0 6.4 5.0 0.0 0 0 2 4 4
-4199.6 4499.0 67.8 356 0 9.5 13.0 5.0 2.5 2 1 2 2 2
-3822.0 4284.6 173.9 174 0 7.3 11.8 7.5 2.5 2 1 3 1 1
-3815.7 4278.4 173.2 272 0 6.8 11.0 5.0 0.0 0 1 2 0 0
-3868.7 4258.8 170.7 241 0 9.1 7.9 7.5 2.5 2 0 3 2 2
-3795.2 4196.4 163.9 353 0 8.3 23.7 10.0 2.5 2 1 4 0 0
-3738.5 4364.0 176.6 54 0 11.0 7.8 5.0 2.5 4 0 2 1 1
-3827.9 4372.0 178.9 122 0 6.6 9.4 7.5 2.5 2 1 3 0 0
-3997.1 4666.1 163.0 50 0 13.8 8.8 5.0 2.5 2 0 2 3 3
-4012.9 4832.2 173.8 114 0 8.0 9.4 5.0 2.5 2 1 2 4 4
-3696.0 4419.8 179.1 299 0 6.2 12.2 10.0 2.5 2 1 4 0 0
-3715.8 4387.3 177.1 36 0 15.0 8.1 7.5 2.5 2 0 3 3 3
-3799.1 4253.5 172.2 15 0 10.6 6.8 5.0 2.5 2 0 2 4 4
-3781.8 4270.4 173.1 3 0 10.2 14.4 7.5 0.0 0 1 3 1 1
-3774.8 4286.2 173.1 35 0 7.9 10.1 10.0 2.5 2 1 4 1 1
-2462.8 5106.7 192.6 293 0 17.0 10.1 5.0 2.5 2 0 2 2 2
-2432.3 5072.3 192.1 295 0 14.8 7.3 5.0 2.5 2 0 2 3 3
-2461.9 5081.3 191.7 204 0 9.0 13.7 7.5 2.5 2 1 3 5 5
-2433.0 5055.9 190.3 21 0 8.2 18.5 10.0 2.5 2 1 4 4 4
-2374.7 5005.2 179.8 164 0 8.2 16.5 2.5 2.5 2 1 1 2 2
-2534.6 4588.5 157.1 323 0 13.7 9.3 2.5 2.5 2 0 1 2 2
-2539.4 4388.8 147.9 258 0 10.5 8.8 5.0 2.5 2 0 2 1 1
-3416.9 3950.2 101.9 74 0 9.6 12.7 7.5 2.5 4 1 3 0 0
-2020.4 4566.3 69.2 147 0 9.5 7.1 2.5 2.5 2 0 1 4 4
-2033.3 4587.7 68.7 152 0 9.2 8.3 2.5 0.0 0 0 1 5 5
-2003.8 4606.7 65.7 293 0 7.1 6.9 7.5 2.5 2 0 3 1 1
-2016.7 4608.6 66.7 269 0 6.2 8.7 5.0 2.5 2 1 2 1 1
-2030.6 4607.6 67.8 247 0 9.3 9.4 10.0 2.5 2 1 4 5 5
-2145.4 4738.1 71.3 80 0 12.0 8.2 5.0 2.5 2 0 2 0 0
-2149.6 4760.3 73.6 259 0 12.3 8.9 7.5 2.5 2 0 3 3 3
-2124.4 4752.4 72.8 352 0 8.3 11.0 7.5 2.5 2 1 3 3 3
-1986.9 3968.6 51.0 103 0 11.9 25.9 12.5 2.5 2 1 5 5 5
-1955.0 4158.3 55.1 94 0 9.0 7.0 7.5 2.5 2 0 3 4 4
-2038.2 4444.3 74.8 89 0 8.8 14.5 7.5 2.5 2 1 3 0 0
-2041.8 4466.3 74.7 178 0 10.5 9.1 7.5 2.5 4 0 3 0 0
-1179.6 4897.6 27.1 340 0 8.9 7.1 7.5 2.5 2 0 3 2 2
-1260.9 4893.3 8.8 308 0 8.0 12.0 2.5 0.0 0 1 1 0 0
-1294.2 4845.9 0.1 252 0 11.0 11.8 7.5 2.5 2 1 3 5 5
-1516.0 4819.2 11.2 92 0 6.5 7.7 2.5 2.5 2 1 1 4 4
-1487.9 4875.7 13.3 243 0 7.9 17.7 2.5 2.5 2 1 1 0 0
-815.1 4594.8 -26.9 15 0 6.5 9.0 7.5 2.5 2 1 3 2 2
-845.4 4530.4 -25.9 271 0 9.0 7.7 5.0 2.5 2 0 2 3 3
-779.5 4302.4 -17.5 71 0 14.5 14.7 7.5 2.5 2 1 3 0 0
-912.1 3917.4 -70.5 58 0 13.5 11.9 10.0 2.5 2 0 4 0 0
-988.7 4079.4 -67.8 230 0 9.6 6.0 7.5 2.5 2 0 3 4 4
-1186.5 4569.8 2.6 287 0 6.8 9.3 7.5 2.5 2 1 3 5 5
-1250.9 4543.6 -15.6 226 0 10.6 7.7 7.5 2.5 2 0 3 5 5
-667.2 4745.0 -3.2 268 0 10.8 8.0 5.0 2.5 2 0 2 2 2
-714.6 4792.4 -1.1 89 0 11.8 11.5 7.5 2.5 2 0 3 0 0
-699.3 4607.0 -18.1 311 0 6.9 12.2 10.0 2.5 4 1 4 4 4
-705.7 4568.2 -19.3 34 0 16.0 8.6 7.5 2.5 2 0 3 2 2
-399.8 5234.3 58.2 141 0 10.4 13.0 5.0 2.5 2 1 2 5 5
-499.3 5246.5 40.6 176 0 8.6 15.6 7.5 2.5 2 1 3 1 1
-455.2 5184.8 51.2 4 0 8.7 11.5 10.0 0.0 0 1 4 2 2
-711.8 5211.7 -14.4 297 0 8.1 6.6 7.5 2.5 2 0 3 1 1
-768.4 5234.5 -12.2 283 0 7.4 13.7 10.0 0.0 0 1 4 1 1
-872.9 5067.3 -5.9 36 0 16.9 6.9 2.5 2.5 2 0 1 2 2
-956.1 4993.8 5.5 316 0 9.1 17.1 10.0 2.5 2 1 4 2 2
-904.8 4972.3 -10.0 294 0 9.9 16.2 5.0 2.5 2 1 2 4 4
-1027.1 4853.0 14.2 125 0 8.3 14.9 10.0 2.5 4 1 4 2 2
-266.0 5183.6 93.8 85 0 12.4 8.5 2.5 2.5 2 0 1 3 3
-166.9 4951.8 113.1 270 0 9.1 7.4 2.5 2.5 2 0 1 5 5
-214.2 5035.6 101.4 184 0 7.7 17.7 10.0 2.5 2 1 4 0 0
-344.2 5130.9 80.3 124 0 9.9 11.7 2.5 2.5 2 1 1 2 2
-133.9 5195.6 104.0 1 0 9.0 10.0 7.5 2.5 2 1 3 1 1
-152.4 5199.4 103.6 269 0 14.4 8.0 7.5 2.5 2 0 3 1 1
-141.3 5131.3 97.5 224 0 9.2 13.0 10.0 0.0 0 1 4 2 2
-240.9 4867.7 139.5 290 0 10.0 7.0 7.5 2.5 2 0 3 0 0
-193.2 4749.3 122.6 272 0 9.3 7.5 7.5 2.5 2 0 3 0 0
-178.8 4858.7 135.5 262 0 11.0 10.2 5.0 2.5 2 0 2 4 4
-153.6 4841.7 131.5 99 0 13.1 8.5 5.0 0.0 0 0 2 4 4
-84.0 4796.4 114.9 71 0 10.3 7.8 7.5 2.5 2 0 3 4 4
-89.0 4834.5 120.8 336 0 6.6 9.4 7.5 2.5 2 1 3 0 0
-69.1 4970.8 92.0 96 0 8.3 6.1 5.0 2.5 2 0 2 1 1
-334.4 4841.7 123.2 90 0 10.6 12.3 7.5 2.5 2 1 3 4 4
-313.9 4912.4 121.8 243 0 10.3 6.8 10.0 0.0 0 0 4 2 2
-325.9 4368.1 43.0 279 0 11.6 9.0 5.0 2.5 2 0 2 4 4
-417.7 4424.3 45.2 137 0 8.4 12.1 10.0 2.5 2 1 4 2 2
-561.2 4884.3 49.5 171 0 8.2 14.6 7.5 2.5 2 1 3 2 2
-464.0 4871.4 72.8 90 0 10.9 7.4 5.0 2.5 2 0 2 1 1
-132.7 4632.8 98.4 64 0 9.2 6.3 5.0 2.5 2 0 2 5 5
166.0 4788.6 59.9 249 0 7.0 11.6 7.5 2.5 2 1 3 2 2
-270.8 4409.1 53.8 332 0 10.4 8.8 7.5 2.5 2 0 3 4 4
-302.5 4482.1 66.6 276 0 12.1 6.9 2.5 2.5 2 0 1 1 1
-307.1 4432.4 56.1 120 0 10.7 6.3 7.5 2.5 2 0 3 1 1
-394.8 4346.0 35.5 183 0 7.0 8.1 5.0 2.5 4 1 2 0 0
134.5 5059.9 83.6 149 0 7.7 14.3 10.0 2.5 2 1 4 2 2
-6638.9 1132.0 -177.8 247 0 10.0 15.2 7.5 0.0 0 1 3 4 4
-6675.0 1099.1 -179.4 168 0 6.1 17.9 5.0 0.0 0 1 2 2 2
-6654.7 1106.7 -179.2 154 0 7.4 8.7 7.5 2.5 2 1 3 4 4
-6691.5 1100.9 -176.8 175 0 9.2 11.5 7.5 2.5 2 1 3 3 3
-6728.4 1109.2 -175.0 161 0 13.0 19.2 5.0 2.5 2 1 2 0 0
-6813.1 1074.0 -174.0 244 0 22.2 11.7 10.0 2.5 4 0 4 1 1
-6480.4 1224.7 -158.3 248 0 8.7 7.5 5.0 2.5 2 0 2 0 0
-6502.9 1221.0 -156.2 175 0 9.9 9.2 7.5 2.5 2 0 3 3 3
-6494.6 1193.8 -164.8 179 0 7.6 6.5 7.5 2.5 2 0 3 5 5
-6485.6 1194.1 -165.8 176 0 8.2 6.2 5.0 2.5 2 0 2 0 0
-6477.7 1195.1 -166.4 165 0 8.8 8.8 5.0 2.5 4 1 2 0 0
-6463.6 1164.3 -175.8 84 0 6.7 14.7 7.5 2.5 2 1 3 3 3
-6481.2 1159.4 -175.3 80 0 6.9 6.8 5.0 2.5 2 0 2 0 0
-6509.7 1155.9 -176.6 182 0 10.8 14.6 7.5 2.5 4 1 3 0 0
-6606.7 1199.3 -158.8 216 0 7.4 6.4 7.5 2.5 2 0 3 3 3
-6566.6 1163.8 -169.4 359 0 8.0 10.9 7.5 2.5 2 1 3 3 3
-6588.2 1130.6 -178.3 72 0 16.7 10.9 5.0 2.5 2 0 2 1 1
-6580.8 1087.7 -188.6 71 0 7.5 13.9 7.5 2.5 2 1 3 5 5
-6642.5 1067.9 -186.2 78 0 7.5 12.0 7.5 2.5 2 1 3 4 4
-6677.5 1813.2 -165.9 360 0 7.0 9.9 10.0 2.5 4 1 4 4 4
-6610.9 1783.5 -175.1 78 0 13.1 8.4 7.5 2.5 4 0 3 5 5
-6597.3 1779.6 -176.0 147 0 8.3 7.3 5.0 2.5 4 0 2 5 5
-6551.8 1845.9 -184.6 337 0 8.8 8.9 7.5 2.5 2 1 3 5 5
-6516.2 1827.0 -183.6 354 0 7.4 9.0 2.5 2.5 2 1 1 3 3
-6501.3 1785.4 -177.1 53 0 8.9 10.1 7.5 2.5 2 1 3 4 4
-6512.6 1760.7 -172.4 65 0 9.7 9.3 10.0 2.5 2 0 4 2 2
-6472.3 1775.2 -174.7 56 0 6.9 6.5 10.0 2.5 2 0 4 2 2
-6436.3 1785.0 -180.2 87 0 11.9 7.7 5.0 2.5 2 0 2 2 2
-6403.3 1710.6 -177.8 162 0 6.3 7.5 2.5 2.5 2 1 1 1 1
-6375.5 1735.1 -181.1 339 0 8.1 6.7 7.5 2.5 2 0 3 5 5
-6356.8 1754.7 -185.2 339 0 10.8 7.4 7.5 2.5 2 0 3 5 5
-6342.2 1556.1 -188.1 53 0 10.5 23.2 10.0 0.0 0 1 4 4 4
-6416.6 1636.3 -176.3 238 0 14.1 9.1 7.5 2.5 2 0 3 0 0
-6427.3 1562.2 -177.1 119 0 10.1 7.3 10.0 2.5 2 0 4 3 3
-6379.4 1506.2 -180.7 149 0 13.8 8.8 5.0 2.5 2 0 2 4 4
-6306.5 1392.7 -180.8 342 0 6.1 8.9 7.5 2.5 2 1 3 1 1
-6338.5 1428.3 -177.9 339 0 6.3 8.4 7.5 2.5 2 1 3 0 0
-6341.1 1422.5 -177.6 252 0 7.1 8.7 5.0 2.5 2 1 2 5 5
-6339.8 1383.8 -175.6 172 0 12.9 6.5 2.5 2.5 2 0 1 3 3
-6304.3 1326.9 -182.8 98 0 15.8 10.1 7.5 2.5 2 0 3 0 0
-6281.9 1253.0 -184.7 33 0 13.3 8.7 5.0 2.5 2 0 2 3 3
-6290.6 1241.9 -182.8 53 0 7.7 6.5 7.5 2.5 2 0 3 2 2
-6297.0 1236.1 -181.4 55 0 6.8 6.4 2.5 2.5 2 0 1 5 5
-6333.8 1208.4 -177.7 141 0 9.2 11.0 7.5 2.5 2 1 3 5 5
-6353.5 1269.0 -172.5 178 0 16.0 14.1 5.0 2.5 2 0 2 5 5
-6445.2 1215.6 -165.0 342 0 6.7 10.1 2.5 2.5 4 1 1 3 3
-6452.7 1172.3 -173.9 87 0 11.3 9.3 2.5 2.5 2 0 1 3 3
-6492.5 1870.2 -180.0 46 0 6.1 8.8 5.0 2.5 2 1 2 1 1
-6499.5 1863.1 -181.9 45 0 9.9 9.2 7.5 2.5 2 0 3 1 1
-6487.9 1857.9 -183.2 138 0 8.1 9.8 7.5 2.5 2 1 3 1 1
-6404.0 1859.1 -187.7 38 0 14.7 20.8 7.5 2.5 2 1 3 4 4
-6455.2 1993.3 -178.4 218 0 8.8 6.8 7.5 2.5 2 0 3 2 2
-6456.9 1958.4 -179.0 144 0 14.9 8.2 7.5 2.5 2 0 3 2 2
-6424.8 2026.4 -181.5 345 0 7.9 7.1 5.0 2.5 2 0 2 3 3
-6480.8 1872.8 -181.5 155 0 9.1 15.1 5.0 2.5 2 1 2 1 1
-6480.1 1989.0 -173.8 326 0 6.7 11.9 5.0 2.5 2 1 2 5 5
-6482.4 1958.1 -174.1 329 0 12.9 9.5 7.5 2.5 2 0 3 5 5
-6479.8 1934.3 -174.8 338 0 9.7 6.4 7.5 2.5 2 0 3 2 2
-6497.1 1917.1 -173.5 74 0 7.5 11.8 7.5 2.5 2 1 3 2 2
-6521.8 1932.7 -169.7 163 0 8.5 10.5 5.0 2.5 2 1 2 3 3
-6550.3 1908.1 -172.3 279 0 8.8 12.7 5.0 2.5 2 1 2 3 3
-6557.3 1882.0 -175.4 253 0 9.2 6.1 10.0 2.5 2 0 4 0 0
-6525.6 1922.8 -170.3 254 0 9.6 12.2 7.5 2.5 2 1 3 0 0
-6589.1 2824.1 -175.3 72 0 6.5 8.2 5.0 2.5 2 1 2 3 3
-6675.5 2832.5 -157.2 125 0 8.4 11.9 7.5 2.5 2 1 3 0 0
-6687.2 2745.9 -160.0 97 0 11.8 16.6 5.0 2.5 2 1 2 2 2
-6638.3 2739.3 -171.5 92 0 6.2 7.6 7.5 2.5 4 1 3 3 3
-6590.8 2762.9 -177.8 183 0 12.9 8.5 7.5 2.5 2 0 3 3 3
-6488.7 2839.7 -191.4 13 0 8.3 7.1 7.5 2.5 2 0 3 1 1
-6556.5 2818.9 -182.2 141 0 13.5 8.3 7.5 2.5 2 0 3 2 2
-6543.0 2803.0 -183.9 153 0 10.1 6.1 5.0 2.5 2 0 2 2 2
-6627.9 2697.3 -175.8 176 0 7.1 6.2 5.0 2.5 2 0 2 4 4
-6581.5 2679.3 -180.9 88 0 13.0 15.7 5.0 2.5 2 1 2 4 4
-6541.3 2671.5 -185.6 89 0 10.0 18.7 5.0 2.5 2 1 2 1 1
-6515.5 2695.0 -188.3 346 0 10.9 9.2 10.0 2.5 2 0 4 4 4
-6451.5 2408.6 -182.7 353 0 11.1 6.9 7.5 2.5 2 0 3 0 0
-6459.2 2375.3 -184.4 54 0 6.1 8.2 7.5 2.5 2 1 3 3 3
-6600.4 2160.9 -158.8 59 0 6.7 9.7 7.5 2.5 2 1 3 5 5
-6537.3 2125.4 -164.5 271 0 7.9 6.7 5.0 2.5 2 0 2 0 0
-6575.7 2098.0 -151.9 109 0 7.7 6.9 7.5 2.5 2 0 3 2 2
-6558.6 2133.3 -162.3 286 0 10.0 6.1 2.5 2.5 2 0 1 4 4
-6627.9 2082.2 -136.1 125 0 9.4 7.5 7.5 2.5 2 0 3 5 5
-6604.6 2036.8 -130.6 231 0 7.0 10.5 5.0 2.5 2 1 2 0 0
-6511.9 2117.0 -167.7 284 0 8.6 7.0 7.5 2.5 2 0 3 2 2
-6515.9 2044.5 -154.8 322 0 8.2 8.8 7.5 2.5 2 1 3 4 4
-6522.9 1991.6 -163.0 157 0 6.6 11.4 2.5 2.5 2 1 1 3 3
-6601.4 1894.9 -162.8 269 0 12.3 8.5 5.0 2.5 2 0 2 3 3
-6582.2 1874.1 -171.6 272 0 7.4 6.3 5.0 2.5 2 0 2 4 4
-6641.5 1907.7 -152.2 274 0 9.6 7.5 7.5 2.5 4 0 3 3 3
-6708.3 1917.5 -142.3 302 0 7.0 6.0 7.5 2.5 2 0 3 1 1
-6867.4 1799.6 -119.4 271 0 7.2 13.3 5.0 0.0 0 1 2 4 4
-6802.4 1819.6 -141.3 241 0 8.1 7.0 10.0 2.5 2 0 4 1 1
-6678.7 1837.3 -167.0 64 0 8.4 8.2 10.0 2.5 2 0 4 4 4
-6536.2 2271.7 -184.5 328 0 8.2 6.7 5.0 0.0 0 0 2 1 1
-6476.4 2269.3 -190.1 262 0 8.5 9.4 7.5 2.5 2 1 3 3 3
-6535.5 2199.5 -182.6 14 0 11.4 10.8 5.0 2.5 2 0 2 3 3
-6521.2 2184.3 -181.3 185 0 10.9 6.3 5.0 0.0 0 0 2 0 0
-6436.6 2218.7 -189.8 320 0 6.7 10.8 5.0 2.5 2 1 2 2 2
-6479.7 2199.7 -186.9 150 0 7.4 8.1 10.0 2.5 2 1 4 1 1
-6447.9 2195.7 -188.1 349 0 10.2 14.0 5.0 2.5 2 1 2 5 5
-6473.5 2184.9 -186.2 184 0 6.2 6.9 7.5 2.5 2 1 3 4 4
-6438.1 2171.9 -187.1 327 0 11.1 8.9 7.5 0.0 0 0 3 3 3
-6534.2 2155.8 -172.1 271 0 14.1 8.1 7.5 2.5 2 0 3 3 3
-6521.8 2156.7 -175.0 181 0 8.9 8.4 7.5 2.5 4 0 3 4 4
-6468.7 2150.5 -180.9 98 0 13.1 9.0 7.5 2.5 2 0 3 2 2
-6484.2 2119.3 -174.7 190 0 6.6 10.3 7.5 0.0 0 1 3 4 4
-6434.1 2148.9 -185.1 11 0 6.2 6.8 2.5 2.5 2 1 1 5 5
-6435.7 2124.7 -182.4 1 0 11.7 6.4 5.0 2.5 2 0 2 1 1
-6433.7 2066.5 -180.4 360 0 7.2 9.1 5.0 2.5 2 1 2 1 1
-6642.2 4596.5 -178.0 5 0 8.5 11.3 7.5 2.5 2 1 3 5 5
-6654.8 4564.6 -179.0 103 0 8.4 16.3 10.0 2.5 2 1 4 5 5
-6644.8 4584.9 -178.4 9 0 7.8 8.1 7.5 2.5 2 1 3 0 0
-6673.8 4571.0 -176.4 98 0 15.5 10.3 5.0 2.5 2 0 2 5 5
-6749.5 3791.7 -186.9 155 0 8.4 19.2 7.5 0.0 0 1 3 5 5
-6787.2 3744.9 -180.3 109 0 8.9 10.3 2.5 2.5 2 1 1 4 4
-6823.8 3530.6 -188.0 299 0 9.0 15.2 7.5 2.5 4 1 3 3 3
-6870.3 3654.1 -172.2 222 0 12.3 13.1 7.5 2.5 2 1 3 0 0
-6874.0 3565.0 -178.1 229 0 7.4 13.3 10.0 2.5 2 1 4 4 4
-6869.7 3495.7 -175.7 297 0 6.8 15.5 7.5 2.5 2 1 3 4 4
-6903.4 3462.4 -162.0 207 0 13.0 7.4 5.0 0.0 0 0 2 3 3
-6888.3 3445.2 -161.4 151 0 9.1 6.3 7.5 2.5 2 0 3 2 2
-6846.1 3419.6 -164.1 15 0 9.3 18.8 7.5 2.5 2 1 3 4 4
-6850.9 2791.5 -101.8 88 0 8.5 7.0 7.5 2.5 2 0 3 0 0
-6821.1 2807.4 -107.7 55 0 7.3 10.4 7.5 2.5 2 1 3 3 3
-6865.5 2886.2 -106.6 246 0 10.9 12.1 7.5 2.5 2 1 3 1 1
-6605.5 3167.0 -174.7 248 0 10.6 12.6 7.5 2.5 2 1 3 2 2
-6572.4 3099.9 -180.1 346 0 11.0 15.9 7.5 2.5 2 1 3 3 3
-6574.1 3073.9 -180.5 6 0 9.9 8.2 5.0 0.0 0 0 2 0 0
-6594.0 3048.2 -179.3 312 0 6.0 10.1 2.5 2.5 2 1 1 4 4
-6640.5 3049.8 -172.2 224 0 7.1 9.8 5.0 2.5 2 1 2 0 0
-6634.9 3015.8 -170.6 252 0 9.0 7.6 7.5 2.5 2 0 3 5 5
-6657.1 2986.6 -163.1 188 0 6.5 7.0 7.5 2.5 4 1 3 4 4
-6646.0 2967.4 -165.4 180 0 8.9 13.7 7.5 2.5 4 1 3 3 3
-6602.6 2971.4 -170.8 325 0 7.6 11.8 5.0 2.5 4 1 2 2 2
-6619.0 2927.6 -167.2 196 0 9.0 7.7 5.0 2.5 4 0 2 3 3
-6767.5 2792.8 -126.4 183 0 11.7 6.1 5.0 0.0 0 0 2 5 5
-6759.1 2889.4 -130.0 134 0 6.2 7.6 2.5 2.5 4 1 1 5 5
-6704.1 2855.3 -145.0 208 0 9.4 6.8 2.5 2.5 2 0 1 0 0
-6562.5 4737.3 -176.4 291 0 12.0 8.9 7.5 2.5 2 0 3 0 0
-6517.5 4712.1 -179.2 296 0 11.3 10.1 10.0 2.5 2 0 4 1 1
-6558.6 4834.4 -173.1 2 0 6.3 9.5 7.5 2.5 2 1 3 1 1
-6561.1 4840.4 -172.6 76 0 9.5 12.0 5.0 2.5 2 1 2 4 4
-6566.9 4808.9 -174.3 28 0 13.5 12.6 7.5 2.5 2 0 3 5 5
-6581.7 4748.7 -174.9 288 0 8.7 13.6 10.0 2.5 2 1 4 0 0
-6599.8 4713.8 -174.0 35 0 11.7 18.5 7.5 0.0 0 1 3 1 1
-6611.9 4706.5 -173.9 35 0 9.2 14.6 5.0 2.5 2 1 2 5 5
-6616.6 4698.7 -174.0 37 0 6.3 17.1 2.5 0.0 0 1 1 1 1
-6704.3 5067.4 -152.5 348 0 9.4 12.9 5.0 2.5 2 1 2 3 3
-6612.4 5125.7 -178.6 244 0 6.1 9.4 7.5 2.5 2 1 3 4 4
-6651.7 5064.8 -169.7 73 0 8.4 10.5 7.5 2.5 2 1 3 2 2
-6631.1 5053.4 -175.7 188 0 7.8 8.9 2.5 0.0 0 1 1 3 3
-6595.1 5050.1 -180.5 13 0 14.6 8.3 7.5 2.5 2 0 3 4 4
-6597.4 5012.0 -178.9 34 0 8.9 6.8 7.5 2.5 2 0 3 4 4
-6633.5 5005.3 -171.6 186 0 7.7 8.6 7.5 2.5 2 1 3 3 3
-6679.5 4987.3 -154.0 181 0 14.5 8.1 5.0 2.5 2 0 2 1 1
-6705.6 4992.0 -140.8 347 0 12.5 6.3 2.5 2.5 2 0 1 1 1
-6643.7 4909.1 -156.2 260 0 9.1 7.4 7.5 2.5 4 0 3 5 5
-6608.6 4959.8 -170.9 337 0 13.3 7.2 7.5 0.0 0 0 3 2 2
-6583.9 4945.2 -175.1 247 0 7.3 15.6 7.5 2.5 2 1 3 2 2
-6580.1 4904.6 -169.3 281 0 6.5 13.9 5.0 2.5 2 1 2 4 4
-6697.0 4903.2 -139.6 198 0 8.6 8.1 7.5 2.5 2 0 3 5 5
-6689.8 4879.0 -139.0 213 0 7.2 6.8 10.0 2.5 2 0 4 2 2
-6697.2 4855.3 -144.3 218 0 12.9 11.4 7.5 2.5 2 0 3 3 3
-6669.2 4653.4 -170.8 5 0 7.8 8.4 10.0 2.5 2 1 4 5 5
-6666.8 4681.3 -169.5 356 0 7.0 6.9 7.5 2.5 2 0 3 2 2
-6665.2 4700.3 -169.0 3 0 9.9 9.9 10.0 2.5 2 0 4 0 0
-6710.3 4735.1 -158.7 247 0 12.0 9.8 7.5 2.5 2 0 3 4 4
-6743.5 4728.2 -151.2 260 0 6.3 12.0 7.5 2.5 2 1 3 0 0
-6737.8 4635.6 -163.4 151 0 10.0 14.7 10.0 2.5 2 1 4 4 4
-6716.8 4646.5 -164.2 100 0 6.3 11.9 2.5 2.5 2 1 1 4 4
-6713.7 4635.0 -166.6 179 0 12.0 7.1 7.5 2.5 2 0 3 3 3
-6707.6 4581.3 -171.0 90 0 11.7 7.1 7.5 2.5 2 0 3 1 1
-6685.0 4601.3 -172.1 100 0 9.6 9.2 5.0 2.5 2 0 2 2 2
-6591.4 4624.8 -181.8 270 0 7.3 12.8 7.5 2.5 2 1 3 0 0
-6742.6 4446.1 -176.0 19 0 8.8 9.6 7.5 2.5 2 1 3 2 2
-6775.4 4513.0 -179.6 220 0 8.1 9.4 7.5 2.5 2 1 3 4 4
-6791.8 4504.7 -176.9 212 0 6.5 7.9 5.0 2.5 2 1 2 0 0
-6810.7 4469.5 -175.4 207 0 7.8 9.3 10.0 2.5 2 1 4 0 0
-6807.7 4450.7 -176.7 206 0 9.4 9.4 2.5 2.5 2 0 1 5 5
-6812.4 4440.3 -176.7 201 0 9.9 12.8 5.0 2.5 2 1 2 4 4
-6786.9 4407.0 -172.2 38 0 6.6 7.8 7.5 0.0 0 1 3 2 2
-6818.8 4409.2 -173.7 209 0 16.4 10.4 10.0 2.5 2 0 4 0 0
-6810.7 4389.1 -172.9 177 0 7.0 8.9 7.5 0.0 0 1 3 2 2
-6794.9 4356.6 -171.7 80 0 11.7 9.2 7.5 2.5 2 0 3 0 0
-6736.9 4324.0 -161.0 116 0 15.2 47.5 12.5 2.5 2 1 5 1 1
-6619.6 5331.6 -181.4 73 0 6.1 8.7 5.0 2.5 2 1 2 3 3
-6623.2 5355.2 -183.0 306 0 7.7 10.1 7.5 2.5 2 1 3 5 5
-6684.1 5322.7 -174.8 155 0 14.2 29.6 12.5 2.5 2 1 5 4 4
-6745.7 5356.1 -163.7 109 0 6.9 6.5 7.5 2.5 2 0 3 3 3
-6721.6 5464.5 -179.0 230 0 7.9 6.1 5.0 2.5 2 0 2 5 5
-6701.3 5442.8 -179.2 298 0 8.0 22.0 7.5 0.0 0 1 3 2 2
-6761.6 5446.7 -173.9 191 0 10.2 28.8 12.5 2.5 2 1 5 5 5
-6779.2 5450.8 -168.4 190 0 6.8 14.0 7.5 2.5 4 1 3 3 3
-6772.2 5415.0 -165.7 93 0 7.5 27.4 7.5 2.5 2 1 3 3 3
-6743.5 5402.4 -170.5 128 0 7.7 16.2 5.0 2.5 2 1 2 3 3
-6742.0 5192.7 -169.5 71 0 9.9 50.5 10.0 0.0 0 1 4 3 3
-6591.4 5192.6 -179.1 241 0 6.2 6.2 10.0 2.5 2 1 4 4 4
-6575.2 5148.3 -181.6 53 0 10.3 9.8 7.5 2.5 2 0 3 1 1
-6623.8 5174.3 -176.6 156 0 7.5 15.0 7.5 2.5 2 1 3 5 5
-6701.6 5876.1 -187.5 263 0 22.8 35.4 12.5 2.5 2 1 5 1 1
-6686.6 5819.8 -183.4 354 0 16.2 40.6 10.0 2.5 2 1 4 3 3
-6786.3 5811.9 -176.6 172 0 8.5 11.5 5.0 2.5 2 1 2 1 1
-6729.0 5798.0 -179.0 81 0 7.4 38.2 10.0 2.5 2 1 4 1 1
-6739.4 5863.0 -182.1 259 0 13.0 7.4 7.5 2.5 2 0 3 4 4
-6780.7 5854.7 -179.4 335 0 7.2 18.2 2.5 2.5 2 1 1 3 3
-6756.4 5844.3 -180.0 262 0 30.9 10.6 7.5 2.5 4 0 3 2 2
-6768.7 5827.5 -177.8 171 0 6.2 7.7 7.5 2.5 4 1 3 3 3
-6763.8 5798.3 -175.9 174 0 7.0 10.9 10.0 2.5 2 1 4 1 1
-6771.7 5769.0 -176.5 89 0 12.6 7.0 7.5 2.5 2 0 3 2 2
-6790.8 5702.3 -178.4 281 0 7.9 12.8 5.0 2.5 2 1 2 5 5
-6820.4 5712.8 -176.2 284 0 7.6 7.3 7.5 2.5 2 0 3 1 1
-6857.0 5679.4 -167.4 117 0 12.9 10.5 7.5 2.5 2 0 3 1 1
-6797.1 5636.8 -176.1 335 0 7.7 8.8 7.5 2.5 2 1 3 0 0
-6835.2 5572.8 -169.5 176 0 6.8 6.3 7.5 2.5 2 0 3 0 0
-6823.4 5951.9 -181.5 20 0 9.8 6.8 2.5 2.5 2 0 1 5 5
-6829.3 5985.3 -182.0 248 0 8.2 10.1 7.5 2.5 2 1 3 0 0
-6839.8 5972.7 -180.2 338 0 6.6 9.9 7.5 2.5 2 1 3 1 1
-6855.4 5997.4 -179.7 271 0 16.6 9.6 7.5 2.5 2 0 3 5 5
-6905.9 5990.6 -176.7 258 0 8.7 8.3 5.0 2.5 4 0 2 3 3
-6878.0 5998.4 -178.0 201 0 7.1 6.2 2.5 2.5 4 0 1 5 5
-6890.0 6001.5 -177.6 201 0 12.4 11.0 7.5 2.5 2 0 3 3 3
-6861.6 5942.2 -178.4 184 0 7.3 8.3 7.5 2.5 2 1 3 1 1
-6864.5 5915.3 -177.4 111 0 9.7 11.9 7.5 2.5 2 1 3 0 0
-6915.1 5822.6 -160.4 183 0 8.0 8.1 2.5 2.5 4 1 1 1 1
-6904.1 5841.8 -164.1 211 0 9.6 8.8 5.0 2.5 2 0 2 5 5
-6878.5 5878.6 -171.6 276 0 7.0 7.7 2.5 2.5 2 1 1 3 3
-6838.9 5889.0 -178.3 257 0 8.6 12.6 7.5 2.5 2 1 3 3 3
-6824.4 5899.7 -180.3 270 0 6.5 8.8 7.5 2.5 4 1 3 5 5
-6825.2 5882.8 -179.3 266 0 9.9 7.0 2.5 2.5 2 0 1 4 4
-6811.5 5842.6 -177.6 69 0 6.2 7.4 2.5 2.5 2 1 1 3 3
-6868.7 5783.4 -165.8 124 0 6.8 6.5 7.5 2.5 4 0 3 4 4
-6864.5 5774.9 -167.4 121 0 7.2 13.6 5.0 2.5 2 1 2 1 1
-6850.9 5789.5 -168.6 38 0 8.1 9.0 5.0 2.5 2 1 2 3 3
-6020.9 2807.4 -104.3 343 0 11.5 47.0 12.5 2.5 2 1 5 4 4
-5937.1 2734.9 -110.9 86 0 46.1 10.5 7.5 2.5 2 0 3 3 3
-6022.2 2766.3 -107.5 345 0 7.5 18.6 2.5 0.0 0 1 1 4 4
-6096.4 2798.3 -106.2 302 0 6.8 11.2 7.5 2.5 2 1 3 3 3
-6128.4 2728.2 -118.1 149 0 6.4 10.4 7.5 0.0 0 1 3 3 3
-6089.3 2736.6 -114.3 81 0 6.9 7.9 7.5 2.5 2 1 3 2 2
-6063.7 2682.1 -113.2 269 0 8.0 6.3 5.0 2.5 2 0 2 1 1
-6078.5 2680.8 -115.1 267 0 6.8 6.1 7.5 2.5 2 0 3 1 1
-6070.6 2666.5 -113.2 263 0 16.9 7.9 7.5 2.5 2 0 3 3 3
-5968.2 2740.9 -109.4 352 0 9.3 52.6 10.0 2.5 2 1 4 4 4
-6038.9 2721.8 -110.9 77 0 37.4 8.3 12.5 2.5 2 0 5 0 0
-6072.7 2713.9 -114.3 75 0 25.5 7.4 7.5 2.5 2 0 3 4 4
-6115.6 2702.7 -118.0 75 0 9.7 7.0 5.0 0.0 0 0 2 3 3
-6164.5 2692.8 -122.1 167 0 6.6 7.6 7.5 2.5 2 1 3 5 5
-6166.7 2773.6 -118.4 83 0 10.6 17.0 7.5 2.5 2 1 3 1 1
-6329.6 2848.7 -165.9 256 0 7.1 13.6 2.5 2.5 2 1 1 5 5
-6340.4 3115.7 -164.5 247 0 7.5 10.5 5.0 2.5 2 1 2 4 4
-6439.0 3196.7 -170.6 232 0 8.5 15.1 7.5 2.5 2 1 3 2 2
-6466.1 3294.9 -164.4 31 0 8.9 14.7 10.0 2.5 2 1 4 3 3
-6474.0 3340.0 -152.7 225 0 8.9 10.9 7.5 2.5 2 1 3 4 4
805.0 1930.7 -120.0 136 0 6.9 13.2 2.5 2.5 2 1 1 4 4
990.8 1566.4 -51.6 183 0 10.6 20.3 7.5 2.5 2 1 3 2 2
901.7 1549.6 -69.8 259 0 12.9 8.3 7.5 2.5 2 0 3 0 0
753.3 1565.1 -100.9 25 0 13.4 6.9 7.5 2.5 2 0 3 0 0
716.5 1719.8 -120.7 115 0 8.2 16.7 7.5 2.5 2 1 3 4 4
675.6 1435.9 -122.5 109 0 10.4 11.2 2.5 0.0 0 1 1 3 3
545.3 985.4 -123.5 262 0 10.9 12.3 7.5 2.5 2 1 3 5 5
567.2 914.5 -131.4 340 0 12.3 8.0 5.0 2.5 2 0 2 2 2
665.5 1219.9 -81.2 253 0 10.1 21.7 5.0 2.5 2 1 2 0 0
4084.9 -373.3 23.3 170 0 14.9 42.5 12.5 2.5 2 1 5 4 4
3319.0 -172.2 32.8 80 0 14.7 28.0 7.5 2.5 2 1 3 3 3
2890.0 -26.2 -5.5 142 0 8.5 16.6 10.0 2.5 4 1 4 5 5
2816.0 -23.2 -10.4 143 0 9.2 25.3 2.5 2.5 2 1 1 0 0
2838.8 25.1 -16.9 338 0 14.0 27.0 12.5 2.5 2 1 5 1 1
2804.0 284.2 -19.4 107 0 14.0 27.3 7.5 2.5 4 1 3 5 5
3105.5 -352.6 28.9 146 0 29.0 15.5 15.0 0.0 0 0 6 5 5
3002.2 -351.5 30.1 235 0 8.3 12.8 5.0 2.5 4 1 2 4 4
2192.3 175.7 -19.7 137 0 26.1 17.2 12.5 2.5 2 0 5 2 2
1168.3 -778.4 -131.4 88 0 21.2 11.0 2.5 2.5 2 0 1 3 3
1243.1 -777.3 -130.1 80 0 10.8 10.8 7.5 2.5 2 1 3 4 4
1266.4 -729.3 -132.0 345 0 9.2 7.6 10.0 2.5 2 0 4 0 0
1512.8 -396.9 -78.3 126 0 15.3 23.3 12.5 2.5 2 1 5 4 4
1350.7 -293.9 -122.1 128 0 10.8 19.2 7.5 2.5 2 1 3 4 4
66.5 -767.8 -89.5 82 0 29.2 23.6 10.0 0.0 0 0 4 0 0
321.8 -604.6 -124.4 109 0 20.6 8.3 7.5 2.5 2 0 3 1 1
375.1 -616.6 -125.8 90 0 21.8 8.0 7.5 2.5 2 0 3 3 3
349.9 -617.2 -122.6 92 0 19.7 10.0 5.0 2.5 2 0 2 5 5
406.7 -713.5 -119.9 90 0 13.3 21.1 10.0 2.5 2 1 4 5 5
590.2 -670.8 -142.5 94 0 19.2 12.7 2.5 2.5 2 0 1 5 5
917.7 -928.9 -144.0 4 0 10.5 14.2 7.5 2.5 4 1 3 5 5
907.1 -882.4 -147.3 204 0 8.6 13.9 7.5 2.5 2 1 3 0 0
858.6 -658.7 -142.5 147 0 10.7 7.6 5.0 2.5 2 0 2 5 5
938.8 -522.9 -110.0 140 0 11.5 13.3 2.5 2.5 2 1 1 5 5
913.8 -648.9 -140.3 33 0 45.1 19.0 10.0 2.5 2 0 4 4 4
3928.3 3339.7 -110.1 7 0 12.7 63.5 10.0 2.5 2 1 4 4 4
3291.8 2840.4 -131.9 78 0 20.0 12.3 7.5 2.5 2 0 3 2 2
2926.2 3331.6 -123.4 191 0 48.7 15.9 12.5 2.5 2 0 5 4 4
2994.7 3188.8 -131.7 88 0 17.9 16.0 12.5 2.5 2 0 5 0 0
5421.2 -4138.9 -192.2 323 0 20.6 11.4 10.0 2.5 2 0 4 2 2
5405.1 -4117.1 -192.9 322 0 21.2 12.6 12.5 2.5 2 0 5 4 4
908.3 3098.9 -117.1 173 0 9.8 17.5 14.0 3.5 2 1 4 0 0
888.8 3093.3 -116.0 179 0 8.7 12.2 14.0 0.0 0 1 4 3 3
923.5 3130.9 -114.4 264 0 6.5 9.8 14.0 3.5 2 1 4 3 3
915.8 3130.2 -114.0 264 0 6.4 10.4 14.0 3.5 2 1 4 4 4
893.8 3172.7 -105.1 165 0 10.1 22.4 10.5 3.5 2 1 3 3 3
935.8 3195.7 -106.3 252 0 8.2 7.7 10.5 3.5 2 0 3 4 4
846.4 2945.0 -136.8 165 0 8.1 12.8 14.0 3.5 2 1 4 5 5
879.5 2973.1 -134.8 264 0 11.2 8.4 14.0 3.5 2 0 4 2 2
837.7 2931.2 -136.6 153 0 14.1 10.9 14.0 3.5 2 0 4 3 3
883.7 2935.6 -138.8 90 0 7.7 12.6 14.0 3.5 2 1 4 2 2
910.7 2938.3 -140.4 12 0 13.2 15.3 14.0 3.5 2 1 4 2 2
866.7 3054.0 -119.2 170 0 6.7 8.8 14.0 3.5 2 1 4 2 2
905.8 3038.0 -125.1 102 0 10.5 12.3 14.0 3.5 2 1 4 1 1
949.0 3035.9 -129.3 20 0 11.3 13.8 14.0 3.5 2 1 4 0 0
902.4 3062.7 -122.9 201 0 11.4 14.2 14.0 3.5 4 1 4 5 5
934.2 3094.9 -120.5 260 0 9.1 12.5 14.0 3.5 2 1 4 4 4
929.9 3066.9 -122.6 17 0 7.5 14.6 14.0 3.5 2 1 4 5 5
340.4 2902.8 -128.3 269 0 13.6 8.6 7.5 2.5 2 0 3 2 2
404.9 2813.9 -135.6 95 0 12.1 18.1 5.0 2.5 2 1 2 5 5
-731.7 1981.9 -130.0 228 0 159.6 47.1 12.5 0.0 0 0 5 4 4
-838.6 1990.1 -122.4 191 0 9.4 83.3 15.0 0.0 0 1 6 2 2
-820.8 1948.6 -122.6 158 0 11.8 11.9 5.0 2.5 2 1 2 0 0
-717.4 2047.3 -123.5 261 0 9.7 15.2 5.0 2.5 2 1 2 5 5
-647.3 2126.6 -118.6 238 0 49.4 21.3 10.0 2.5 4 0 4 3 3
-846.0 2236.5 -138.7 32 0 10.9 12.5 10.0 2.5 2 1 4 4 4
-813.2 2290.1 -136.0 225 0 12.8 8.9 7.5 2.5 2 0 3 1 1
