4128.2 4175.7 -18.4 227 0 6.2 11.1 7.5 2.5 2 1 3 4 4
4113.1 4327.4 -17.3 132 0 11.9 8.8 7.5 2.5 2 0 3 1 1
4165.8 4318.0 -13.4 318 0 7.9 8.2 5.0 2.5 2 0 2 4 4
3907.4 4300.4 -20.1 151 0 8.0 12.0 7.5 2.5 2 1 3 2 2
5147.0 5694.8 -30.1 72 0 12.8 7.6 10.5 2.5 2 0 3 1 1
4129.1 4374.1 -19.6 234 0 8.4 6.5 5.0 2.5 2 0 2 2 2
-507.9 -3345.3 -28.7 301 0 44.3 53.8 10.0 0.0 0 1 4 0 0
-3107.7 -3274.1 -34.8 359 0 9.2 12.9 7.5 2.5 4 1 3 1 1
-3196.2 -2642.5 -25.4 96 0 23.2 13.6 2.5 2.5 2 0 1 2 2
-3093.7 -3266.7 -33.2 175 0 10.5 10.6 7.5 2.5 2 1 3 2 2
-3272.2 -2584.8 -30.8 273 0 17.1 44.0 2.5 0.0 0 1 1 1 1
-3425.4 -3432.8 -21.1 105 0 14.6 7.9 5.0 2.5 2 0 2 3 3
-3499.4 -3445.9 -10.8 277 0 15.5 18.7 12.5 2.5 2 1 5 4 4
-3478.2 -3471.3 -11.9 287 0 15.5 10.8 10.0 2.5 2 0 4 5 5
-3482.0 -3501.5 -12.3 90 0 12.7 7.0 7.5 2.5 2 0 3 2 2
-3444.6 -3428.9 -18.0 103 0 12.3 8.1 5.0 0.0 0 0 2 4 4
-2741.4 -3143.2 -30.1 307 0 13.9 11.4 7.5 2.5 4 0 3 5 5
-2774.6 -3151.4 -30.9 223 0 14.2 10.4 7.5 2.5 2 0 3 4 4
-2785.8 -3148.5 -31.0 23 0 10.2 11.4 7.5 2.5 2 1 3 0 0
-2767.9 -3138.2 -31.1 214 0 11.9 12.4 5.0 2.5 2 1 2 5 5
5098.2 4818.9 -18.8 41 0 12.2 9.6 7.5 2.5 4 0 3 4 4
4213.9 2981.7 -17.8 218 0 10.6 12.2 5.0 2.5 2 1 2 2 2
4210.9 2951.1 -15.1 210 0 10.0 9.3 7.5 2.5 2 0 3 5 5
4194.0 2945.7 -16.0 222 0 7.9 13.5 7.5 2.5 4 1 3 0 0
4185.3 2890.8 -15.1 183 0 33.0 16.2 12.5 2.5 2 0 5 1 1
4188.4 2923.3 -15.3 186 0 21.2 13.2 12.5 2.5 2 0 5 2 2
4138.7 2905.6 -20.5 97 0 9.0 9.7 7.5 2.5 2 1 3 0 0
4167.5 2866.5 -20.1 6 0 6.2 16.8 7.5 2.5 4 1 3 0 0
4167.2 2850.8 -19.9 356 0 21.3 10.8 10.0 2.5 2 0 4 5 5
4386.7 -6895.2 -29.2 76 0 61.9 149.9 10.0 0.0 0 1 4 4 4
4173.2 -6651.2 -27.4 253 0 29.7 144.4 15.0 0.0 0 1 6 1 1
-5732.0 5406.7 -26.2 88 0 8.4 9.2 7.5 2.5 2 1 3 2 2
-5732.6 5419.0 -25.9 96 0 8.7 11.0 7.5 2.5 2 1 3 2 2
-5724.1 5451.7 -25.6 299 0 12.9 11.4 7.5 2.5 2 0 3 4 4
-5811.5 5463.5 -20.7 237 0 15.3 11.1 5.0 2.5 2 0 2 1 1
-6194.3 5270.1 -0.0 152 0 11.9 20.3 5.0 2.5 2 1 2 5 5
-6141.7 5487.7 27.9 199 0 9.5 32.8 10.0 2.5 2 1 4 2 2
-6030.4 5357.1 13.4 161 0 10.3 20.5 7.5 2.5 2 1 3 1 1
-5959.3 5443.7 6.0 306 0 11.0 21.3 5.0 2.5 2 1 2 5 5
-5922.9 5375.9 -5.1 118 0 11.4 25.0 12.5 2.5 4 1 5 5 5
-5809.8 5370.1 -24.2 359 0 17.7 31.5 10.0 0.0 0 1 4 2 2
