4781.1 -1468.3 -3.2 268 0 10.4 12.5 7.5 2.5 2 0 3 2 2
4741.7 -1488.5 -6.4 198 0 21.6 9.0 2.5 2.5 2 0 1 3 3
4786.3 -843.0 -8.6 341 0 10.2 17.1 10.0 2.5 2 1 4 0 0
4777.3 -823.9 -9.0 287 0 6.5 19.8 2.5 0.0 0 1 1 0 0
4745.0 -831.9 -7.8 254 0 12.3 13.7 7.5 2.5 2 1 3 2 2
4733.4 -837.0 -7.1 253 0 8.1 10.4 5.0 2.5 4 1 2 2 2
4774.9 -1509.1 -7.3 91 0 17.3 8.7 7.5 2.5 2 0 3 1 1
4829.2 -959.0 -6.1 63 0 9.2 11.6 14.0 3.5 2 1 4 0 0
4819.7 -976.5 -6.0 62 0 14.6 8.2 14.0 3.5 2 0 4 1 1
4962.8 -960.1 -13.0 307 0 10.5 19.4 10.5 3.5 2 1 3 4 4
4965.5 -997.2 -11.5 349 0 8.5 15.2 10.5 0.0 0 1 3 0 0
4927.6 -985.3 -10.6 179 0 10.7 12.2 10.5 3.5 2 1 3 0 0
5021.9 -378.6 8.8 111 0 8.2 20.2 10.5 3.5 4 1 3 5 5
5211.3 -558.8 -11.1 199 0 14.2 19.0 10.5 3.5 2 1 3 3 3
5107.8 -334.5 -8.2 137 0 10.1 14.4 14.0 3.5 2 1 4 0 0
5034.8 -335.1 1.9 298 0 44.6 9.0 10.5 3.5 2 0 3 4 4
5219.8 -628.4 -11.5 268 0 9.5 10.0 14.0 3.5 2 1 4 1 1
3230.4 2077.9 9.8 132 0 80.0 115.8 12.5 0.0 0 1 5 1 1
3245.3 3588.5 -3.8 6 0 9.6 6.3 5.0 2.5 2 0 2 5 5
3214.5 3553.0 -0.0 93 0 13.1 7.2 7.5 2.5 2 0 3 3 3
