-5295.4 -698.7 -12.7 79 0 21.0 9.6 14.0 3.5 2 0 4 2 2
-5339.4 -690.7 -12.1 169 0 33.1 31.2 14.0 0.0 0 0 4 0 0
-5303.1 -666.5 -11.8 259 0 18.3 9.7 14.0 3.5 2 0 4 4 4
-5407.6 -541.9 -8.4 86 0 13.9 30.6 7.5 2.5 2 1 3 4 4
-5344.1 -609.8 -11.0 71 0 18.3 18.1 14.0 0.0 0 0 4 4 4
-5323.6 -845.7 -14.9 86 0 10.6 30.6 14.0 3.5 2 0 4 4 4
-5336.2 -839.8 -14.5 82 0 9.8 89.3 14.0 3.5 2 0 4 4 4
-5492.0 -668.0 -9.8 262 0 33.6 9.0 14.0 3.5 2 0 4 0 0
-5909.0 6629.5 -14.0 339 0 15.1 24.6 10.0 2.5 2 1 4 3 3
-5890.3 6558.5 -10.7 251 0 21.8 7.8 2.5 0.0 0 0 1 3 3
-5989.6 6485.5 -7.6 175 0 8.1 10.8 5.0 2.5 2 1 2 0 0
-6234.9 6478.0 -19.9 185 0 13.2 15.5 5.0 2.5 2 1 2 5 5
-5223.7 -516.3 -9.4 270 0 7.8 12.1 14.0 3.5 2 1 4 3 3
-5272.4 -646.3 -12.3 263 0 17.1 13.6 14.0 3.5 2 0 4 2 2
-5239.7 -630.4 -12.0 265 0 10.7 12.0 14.0 3.5 2 0 4 2 2
-5274.6 -538.1 -10.3 181 0 23.2 9.2 14.0 3.5 2 0 4 5 5
-5230.5 -662.0 -12.8 353 0 12.2 10.7 14.0 3.5 2 0 4 0 0
-5238.9 -4181.1 6.8 270 0 19.1 9.4 7.5 2.5 4 0 3 2 2
-5292.6 -4233.1 8.3 150 0 12.3 17.7 5.0 2.5 2 1 2 0 0
-5247.8 -4287.7 10.8 145 0 13.5 9.0 7.5 2.5 2 0 3 2 2
-4926.7 -3912.2 8.7 69 0 15.7 12.7 7.5 2.5 2 0 3 1 1
-4970.1 -4175.2 9.0 75 0 7.9 8.0 10.0 0.0 0 1 4 5 5
-5160.4 -4316.1 11.1 123 0 19.0 11.2 7.5 2.5 2 0 3 5 5
-5323.7 -4156.9 2.4 180 0 10.6 17.9 5.0 2.5 2 1 2 5 5
-3833.5 -6763.7 -10.3 328 0 7.2 15.9 14.0 3.5 2 1 4 0 0
-3816.2 -6758.1 -10.6 334 0 7.7 16.9 14.0 3.5 2 1 4 4 4
-3754.9 -6871.8 -12.0 336 0 8.3 23.0 14.0 3.5 2 1 4 5 5
-3960.2 -6717.9 -9.7 166 0 10.3 23.2 14.0 3.5 2 1 4 2 2
-3900.8 -6743.1 -9.9 263 0 22.7 10.2 14.0 3.5 2 0 4 1 1
-3899.3 -6810.9 -8.9 54 0 11.3 22.4 14.0 0.0 0 1 4 0 0
-3792.5 -6827.2 -9.7 156 0 6.5 9.0 14.0 3.5 4 1 4 2 2
-3787.5 -6852.8 -10.9 233 0 9.2 10.9 14.0 3.5 2 1 4 4 4
-3963.8 -6770.3 -7.7 171 0 8.0 19.5 14.0 3.5 2 1 4 2 2
-3940.2 -6804.7 -8.0 146 0 32.1 11.7 14.0 3.5 2 0 4 5 5
-3974.1 -6767.1 -7.1 174 0 12.4 8.5 14.0 3.5 2 0 4 1 1
-3751.4 -6902.8 -12.8 55 0 11.7 10.5 14.0 3.5 2 0 4 5 5
-3773.5 -6862.2 -11.2 326 0 7.4 11.9 14.0 3.5 2 1 4 3 3
-3905.9 -6846.7 -8.3 56 0 12.9 33.6 14.0 0.0 0 1 4 5 5
-3748.4 -6881.2 -12.5 335 0 9.2 12.4 14.0 3.5 4 1 4 3 3
-3832.8 -6789.4 -10.0 62 0 7.1 6.7 14.0 3.5 2 0 4 5 5
-3836.0 -6914.7 -11.2 155 0 8.8 45.0 14.0 3.5 4 1 4 1 1
-5151.7 -1389.4 -8.5 250 0 13.9 10.7 14.0 3.5 2 0 4 1 1
-5128.0 -1492.6 -7.4 63 0 17.4 9.3 14.0 3.5 2 0 4 0 0
-5097.9 -1393.2 -8.6 72 0 17.6 10.9 14.0 3.5 2 0 4 5 5
-5108.3 -1333.2 -10.0 67 0 13.5 13.5 14.0 3.5 2 1 4 3 3
-5173.5 -1484.9 -7.4 160 0 10.7 14.9 14.0 0.0 0 1 4 0 0
-5165.8 -1221.6 -13.2 248 0 17.4 12.1 14.0 3.5 2 0 4 2 2
-5181.8 -1456.7 -7.6 164 0 8.6 22.5 14.0 3.5 2 1 4 1 1
-687.4 -6831.1 -14.8 181 0 85.9 110.9 7.5 0.0 0 1 3 0 0
-1161.1 -3668.6 -3.3 285 0 9.6 8.3 7.5 2.5 2 0 3 1 1
-1046.9 -3462.2 -5.7 178 0 7.7 9.4 7.5 2.5 2 1 3 0 0
-611.5 -3135.6 -10.8 68 0 15.5 17.6 10.0 2.5 2 1 4 2 2
-935.4 -3725.4 -3.5 353 0 7.5 9.8 7.5 2.5 2 1 3 2 2
-891.0 -3723.9 -3.4 88 0 8.9 8.6 5.0 2.5 2 0 2 4 4
-1023.1 -3676.8 -3.4 17 0 6.3 8.3 7.5 2.5 4 1 3 3 3
-681.4 -3306.7 -6.8 85 0 10.0 67.3 10.0 2.5 2 1 4 4 4
-1001.6 -3517.7 -3.7 174 0 8.7 13.2 10.0 2.5 2 1 4 3 3
-803.5 -3337.7 -5.2 169 0 9.6 53.5 10.0 2.5 2 1 4 2 2
-1117.7 -3663.3 -3.0 106 0 12.0 8.7 5.0 2.5 4 0 2 0 0
-537.2 -3494.3 -5.5 356 0 11.8 8.9 5.0 0.0 0 0 2 5 5
-1123.1 -3837.8 -2.5 357 0 10.7 19.8 5.0 0.0 0 1 2 1 1
-900.1 -3645.8 -4.0 0 0 9.2 12.4 7.5 2.5 2 1 3 2 2
-967.0 -3551.6 -3.7 355 0 7.4 8.9 7.5 2.5 2 1 3 2 2
-974.1 -3586.5 -3.2 272 0 14.8 10.4 7.5 2.5 2 0 3 0 0
-1212.8 -3621.3 -4.8 93 0 9.6 11.6 5.0 2.5 2 1 2 5 5
-666.8 -3155.5 -11.1 69 0 15.2 14.8 5.0 2.5 2 0 2 2 2
-796.9 -3113.1 -8.4 20 0 9.3 14.8 5.0 2.5 2 1 2 2 2
-1101.6 -3763.0 -1.9 14 0 12.0 13.4 10.0 2.5 2 1 4 0 0
-1011.9 -3635.5 -2.8 6 0 9.0 7.8 5.0 2.5 2 0 2 2 2
-729.6 -3045.4 -9.5 13 0 12.6 17.9 7.5 2.5 4 1 3 3 3
-647.6 -3027.1 -12.0 183 0 21.8 17.4 12.5 2.5 2 0 5 3 3
-1129.9 -3714.7 -2.4 106 0 11.7 8.9 7.5 2.5 2 0 3 5 5
-1196.6 -3674.7 -3.8 284 0 11.8 8.1 7.5 2.5 4 0 3 3 3
-831.1 -3073.8 -8.3 279 0 13.0 10.3 7.5 2.5 2 0 3 3 3
-965.7 -3803.3 -1.1 82 0 10.1 20.0 2.5 0.0 0 1 1 2 2
-1019.4 -3494.0 -4.4 358 0 9.8 11.8 7.5 2.5 2 1 3 1 1
-785.5 -3056.3 -8.6 180 0 11.1 10.5 10.0 2.5 4 0 4 3 3
-1164.2 -3702.7 -3.0 15 0 8.5 8.4 7.5 2.5 2 0 3 5 5
-1069.1 -3582.9 -1.9 0 0 9.2 18.6 10.0 2.5 2 1 4 3 3
-873.1 -3170.5 -10.5 84 0 7.6 11.9 7.5 2.5 2 1 3 2 2
-1094.1 -3691.0 -2.2 284 0 11.7 11.3 7.5 0.0 0 0 3 4 4
-1022.0 -3773.6 -1.3 103 0 7.9 9.6 7.5 2.5 2 1 3 2 2
-590.0 -3116.5 -10.4 337 0 18.1 15.4 10.0 2.5 2 0 4 0 0
-1273.1 -3620.1 -5.1 88 0 8.6 10.0 5.0 2.5 4 1 2 5 5
-666.4 -3094.6 -11.2 253 0 15.5 18.9 10.0 2.5 2 1 4 3 3
-957.2 -3741.3 -3.1 61 0 11.1 11.2 2.5 2.5 2 1 1 0 0
-1049.4 -3520.8 -3.8 172 0 8.1 9.7 7.5 2.5 2 1 3 3 3
-1065.6 -3726.6 -2.1 200 0 8.5 9.7 10.0 2.5 2 1 4 4 4
-647.8 -3091.9 -11.3 252 0 18.0 14.2 7.5 2.5 4 0 3 1 1
-1228.1 -3620.8 -4.9 92 0 9.8 10.7 7.5 2.5 2 1 3 4 4
-969.7 -3514.5 -3.7 340 0 7.9 9.9 5.0 2.5 2 1 2 2 2
-701.2 -3307.0 -4.3 78 0 23.8 9.6 5.0 2.5 2 0 2 2 2
-1111.1 -3633.9 -2.3 111 0 9.3 7.6 7.5 2.5 4 0 3 0 0
-513.7 -3499.9 -7.2 173 0 13.2 9.9 5.0 2.5 4 0 2 0 0
-998.7 -3536.2 -3.7 170 0 8.4 8.9 5.0 2.5 2 1 2 2 2
-834.4 -3778.1 -0.6 88 0 15.2 9.5 5.0 2.5 2 0 2 5 5
-673.7 -3136.5 -10.9 69 0 6.8 13.7 7.5 2.5 2 1 3 2 2
-785.5 -3314.8 -5.7 259 0 47.5 8.3 12.5 2.5 2 0 5 2 2
-558.7 -3519.3 -5.8 181 0 16.4 11.5 10.0 2.5 2 0 4 3 3
-1122.8 -3812.7 -2.4 0 0 10.4 17.7 5.0 2.5 2 1 2 4 4
-892.5 -3657.7 -3.8 356 0 9.2 8.3 10.0 0.0 0 0 4 5 5
-759.6 -2985.9 -7.5 261 0 9.9 13.6 5.0 2.5 2 1 2 3 3
-1032.6 -3748.5 -1.8 204 0 10.1 11.4 7.5 2.5 2 1 3 1 1
-914.4 -3529.6 -3.7 351 0 9.6 11.3 2.5 2.5 2 1 1 5 5
-1121.0 -3678.1 -2.7 288 0 11.1 8.7 2.5 2.5 2 0 1 3 3
-1205.5 -3711.0 -3.5 104 0 11.4 9.6 5.0 0.0 0 0 2 2 2
-944.1 -3609.1 -3.6 0 0 13.1 19.5 10.0 2.5 2 1 4 3 3
-818.1 -3134.9 -8.3 110 0 9.9 19.8 7.5 2.5 4 1 3 0 0
-974.5 -3679.9 -4.2 167 0 8.2 9.3 5.0 2.5 2 1 2 5 5
-929.8 -3678.3 -4.6 178 0 8.9 9.8 7.5 2.5 2 1 3 2 2
-601.1 -3008.2 -14.6 359 0 14.7 33.0 10.0 2.5 2 1 4 4 4
-790.6 -3034.0 -8.6 197 0 14.3 17.6 10.0 2.5 2 1 4 3 3
-951.7 -3546.9 -3.7 173 0 8.8 11.6 5.0 2.5 2 1 2 2 2
-1135.1 -3728.8 -2.2 108 0 9.6 8.3 7.5 0.0 0 0 3 5 5
-1056.6 -3387.6 -8.5 180 0 10.5 14.0 10.0 2.5 2 1 4 0 0
-1192.8 -3660.6 -3.9 284 0 11.3 8.4 10.0 2.5 2 0 4 0 0
-1073.6 -3639.4 -1.8 14 0 8.9 10.5 5.0 2.5 2 1 2 5 5
-1106.3 -3732.9 -1.8 110 0 11.9 10.7 7.5 2.5 2 0 3 5 5
-921.1 -3751.8 -2.4 262 0 11.3 24.1 7.5 2.5 2 1 3 3 3
-1013.2 -3528.9 -3.4 346 0 7.6 9.6 5.0 2.5 4 1 2 2 2
-743.3 -3105.2 -9.7 110 0 29.4 15.0 10.0 2.5 2 0 4 4 4
-1161.0 -3687.4 -3.2 11 0 8.3 10.1 7.5 2.5 2 1 3 5 5
-1073.9 -3746.2 -1.4 197 0 8.4 10.0 10.0 2.5 2 1 4 5 5
-630.3 -3084.1 -11.1 251 0 14.9 17.3 10.0 2.5 2 1 4 1 1
-1014.1 -3593.0 -2.4 352 0 8.4 11.2 10.0 2.5 2 1 4 0 0
-730.9 -3163.9 -10.4 160 0 15.4 19.9 10.0 2.5 2 1 4 1 1
-647.7 -3150.0 -11.4 71 0 16.1 17.6 10.0 2.5 2 1 4 4 4
-966.5 -3721.2 -3.6 171 0 8.2 9.5 7.5 2.5 2 1 3 5 5
-1048.3 -3535.9 -3.5 179 0 11.0 13.0 10.0 2.5 2 1 4 3 3
-1062.6 -3699.1 -2.6 198 0 11.8 14.9 5.0 0.0 0 1 2 0 0
-628.9 -3143.0 -11.3 69 0 18.0 13.2 2.5 2.5 4 0 1 1 1
-948.4 -3665.0 -4.2 350 0 9.5 14.1 5.0 2.5 2 1 2 0 0
-1005.0 -3501.8 -3.9 169 0 7.6 12.6 7.5 2.5 2 1 3 1 1
-768.0 -3738.0 -3.6 263 0 9.2 10.8 7.5 2.5 2 1 3 5 5
-756.5 -3350.5 -3.3 167 0 8.8 36.6 5.0 2.5 2 1 2 2 2
-900.9 -3632.7 -3.8 358 0 9.8 9.4 5.0 2.5 2 0 2 2 2
-965.0 -3536.1 -3.7 355 0 6.6 10.5 7.5 2.5 4 1 3 3 3
-1113.3 -3785.4 -2.0 8 0 8.4 9.3 5.0 2.5 2 1 2 4 4
-897.2 -3673.5 -4.2 354 0 8.1 9.9 7.5 0.0 0 1 3 0 0
-989.2 -3573.1 -3.3 83 0 12.6 7.5 7.5 2.5 2 0 3 4 4
-1045.7 -3655.0 -3.0 196 0 12.0 14.6 7.5 2.5 2 1 3 1 1
-788.4 -2997.1 -7.3 179 0 12.9 16.7 2.5 2.5 2 1 1 5 5
-684.7 -3377.5 -1.4 349 0 7.9 17.8 7.5 2.5 2 1 3 3 3
-1132.1 -3695.2 -2.5 196 0 9.3 10.5 7.5 2.5 2 1 3 2 2
-1069.7 -3237.1 -9.9 188 0 9.0 13.0 5.0 2.5 2 1 2 2 2
-970.1 -3501.8 -3.8 350 0 6.9 11.9 7.5 2.5 2 1 3 3 3
-1085.4 -3671.1 -2.4 102 0 10.8 8.5 10.0 2.5 2 0 4 0 0
-839.5 -3118.5 -8.8 107 0 9.5 13.1 7.5 2.5 2 1 3 4 4
-979.2 -3665.1 -4.0 176 0 9.2 9.8 7.5 2.5 4 1 3 1 1
-1060.0 -3786.6 -1.3 16 0 8.8 7.7 5.0 2.5 2 0 2 4 4
-1013.7 -3655.8 -3.2 18 0 7.8 13.3 7.5 2.5 4 1 3 2 2
-1149.5 -3640.2 -3.6 105 0 10.6 14.1 5.0 2.5 4 1 2 3 3
-939.2 -3569.9 -3.7 81 0 11.1 8.8 7.5 0.0 0 0 3 2 2
-1173.3 -3718.8 -2.9 105 0 10.3 8.0 2.5 2.5 4 0 1 5 5
-1071.2 -3623.9 -1.7 10 0 9.9 8.7 5.0 2.5 2 0 2 2 2
-1093.1 -3713.7 -2.0 21 0 10.1 12.8 2.5 2.5 2 1 1 1 1
-1040.7 -3766.0 -1.2 192 0 9.6 11.5 5.0 2.5 2 1 2 0 0
-600.7 -3083.0 -10.5 343 0 18.2 15.6 7.5 2.5 2 0 3 0 0
-1288.1 -3620.2 -5.2 85 0 8.9 9.7 7.5 2.5 2 1 3 5 5
-787.0 -3100.1 -8.6 28 0 16.2 9.3 10.0 2.5 2 0 4 1 1
-980.6 -3749.8 -2.4 28 0 10.1 10.4 7.5 2.5 2 1 3 3 3
-3852.3 -6815.9 -9.8 56 0 11.6 28.2 3.5 3.5 2 1 1 4 4
-5492.7 -640.8 -10.0 78 0 11.5 16.5 10.5 0.0 0 1 3 3 3
-5514.7 -596.4 -9.6 353 0 14.4 12.9 10.5 3.5 2 0 3 4 4
-5651.6 -548.4 -17.1 270 0 12.2 26.2 10.5 3.5 2 1 3 0 0
-5629.4 -572.0 -15.3 85 0 12.1 12.0 10.5 3.5 2 0 3 2 2
-5608.1 -524.6 -16.1 263 0 10.4 22.7 10.5 0.0 0 1 3 2 2
-5547.1 -535.2 -12.2 273 0 15.3 8.9 10.5 3.5 2 0 3 5 5
-5566.8 -556.8 -11.5 263 0 9.8 10.0 10.5 0.0 0 1 3 3 3
-5553.0 -613.8 -9.5 168 0 14.0 15.6 10.5 3.5 4 1 3 1 1
-5560.7 -651.5 -9.3 91 0 11.2 16.8 10.5 3.5 2 1 3 4 4
-5466.9 5627.3 -0.3 335 0 10.3 22.4 5.0 2.5 4 1 2 2 2
-5280.7 3430.3 -0.6 20 0 9.9 16.9 2.5 2.5 2 1 1 5 5
-5329.5 3454.5 -1.1 274 0 8.2 13.7 7.5 2.5 4 1 3 3 3
-5420.0 3483.9 -4.7 75 0 14.8 10.0 7.5 2.5 2 0 3 1 1
-5404.5 3576.0 -3.8 271 0 9.0 9.4 10.0 2.5 4 1 4 0 0
-5467.4 3568.5 -5.1 238 0 8.5 7.1 2.5 2.5 2 0 1 1 1
-5456.5 3610.2 -5.9 63 0 12.0 26.0 12.5 2.5 2 1 5 0 0
-5498.6 3583.3 -7.0 70 0 6.4 15.1 7.5 2.5 2 1 3 3 3
-5582.2 3507.6 -6.5 259 0 7.2 13.2 2.5 2.5 2 1 1 1 1
-5602.7 3503.3 -6.3 246 0 7.9 14.1 7.5 2.5 2 1 3 5 5
-5647.2 3478.0 -5.8 242 0 9.9 9.8 7.5 2.5 4 0 3 3 3
-5703.9 3439.5 -5.1 260 0 8.7 13.9 5.0 2.5 2 1 2 0 0
-5686.1 3477.2 -7.4 58 0 10.1 20.9 5.0 0.0 0 1 2 5 5
-5792.8 3490.7 -6.9 353 0 9.1 13.3 5.0 2.5 2 1 2 2 2
-5754.0 3414.0 -3.4 252 0 9.8 20.4 10.0 2.5 2 1 4 5 5
-5787.2 3448.0 -6.1 176 0 11.7 18.0 10.0 0.0 0 1 4 2 2
-5801.9 3343.6 0.2 293 0 15.4 7.5 2.5 2.5 2 0 1 5 5
-5848.1 3466.8 -6.1 24 0 13.7 14.7 2.5 2.5 2 1 1 0 0
-5873.9 3442.2 -5.7 292 0 10.4 14.3 5.0 2.5 2 1 2 4 4
-5890.5 3444.5 -5.5 299 0 6.1 11.4 5.0 2.5 2 1 2 4 4
-6038.1 3382.3 -2.7 5 0 9.0 15.6 5.0 2.5 2 1 2 2 2
-6142.6 3482.4 -4.4 278 0 10.4 7.2 7.5 2.5 2 0 3 2 2
-6149.1 3470.6 -4.2 185 0 7.1 10.6 7.5 2.5 4 1 3 1 1
-6142.5 3278.6 -0.4 181 0 12.6 6.4 10.0 2.5 4 0 4 5 5
-6161.0 3301.6 -0.8 155 0 8.2 7.1 2.5 2.5 4 0 1 5 5
-6172.3 3317.0 -1.1 148 0 12.5 12.2 5.0 2.5 2 0 2 5 5
-6204.8 3289.5 0.2 233 0 11.5 10.3 7.5 2.5 2 0 3 5 5
-6195.4 3276.1 0.3 268 0 8.5 11.8 5.0 2.5 2 1 2 1 1
-6235.4 3304.7 0.6 57 0 6.3 10.5 10.0 2.5 2 1 4 2 2
-5511.6 -756.0 -8.3 172 0 14.8 9.1 14.0 3.5 2 0 4 4 4
-5506.5 -793.8 -11.1 170 0 29.4 7.8 14.0 3.5 2 0 4 1 1
-5488.2 -790.8 -11.1 346 0 25.2 8.0 14.0 3.5 2 0 4 0 0
-5498.3 -833.5 -12.7 162 0 32.5 7.1 14.0 3.5 4 0 4 1 1
-5483.8 -868.6 -13.0 157 0 11.5 8.7 14.0 3.5 2 0 4 1 1
-5380.9 -798.6 -13.4 168 0 10.7 8.0 14.0 3.5 2 0 4 1 1
-5330.6 -776.9 -13.9 266 0 9.2 21.2 14.0 0.0 0 1 4 3 3
-5322.3 -806.3 -14.3 356 0 15.1 9.2 14.0 3.5 4 0 4 0 0
-5397.5 -740.1 -11.0 170 0 7.5 17.1 14.0 3.5 2 1 4 2 2
-5392.3 -755.0 -12.3 169 0 24.0 12.2 14.0 0.0 0 0 4 4 4
-5411.9 -723.7 -10.0 80 0 11.3 7.5 14.0 3.5 4 0 4 4 4
-5420.0 -669.7 -10.2 265 0 8.4 42.1 14.0 3.5 2 1 4 2 2
-5437.1 -675.2 -9.9 263 0 8.9 23.8 14.0 3.5 2 1 4 3 3
-5444.8 -659.8 -10.0 258 0 21.5 9.4 14.0 3.5 2 0 4 4 4
-5447.1 -676.8 -9.7 262 0 7.2 31.2 14.0 3.5 2 1 4 1 1
-5441.6 -714.7 -9.3 82 0 7.2 7.1 14.0 3.5 2 0 4 4 4
-5453.2 -716.3 -9.3 80 0 12.5 9.3 14.0 0.0 0 0 4 0 0
-5449.6 -730.8 -9.2 79 0 19.9 11.5 14.0 0.0 0 0 4 0 0
-5478.3 -747.3 -8.5 79 0 29.2 10.1 14.0 3.5 2 0 4 2 2
-5463.9 -728.9 -8.5 350 0 8.1 25.5 14.0 3.5 2 1 4 3 3
-5476.8 -680.7 -9.6 263 0 10.5 34.2 14.0 3.5 2 1 4 5 5
-5492.5 -684.0 -9.0 261 0 7.6 32.0 14.0 3.5 2 1 4 5 5
-5518.1 -738.5 -7.5 168 0 9.3 26.4 14.0 3.5 4 1 4 3 3
-5505.3 -683.6 -8.8 262 0 10.7 39.4 14.0 3.5 2 1 4 4 4
-5518.4 -725.8 -7.3 173 0 10.6 9.8 14.0 3.5 2 0 4 3 3
-5519.8 -686.5 -8.5 262 0 11.1 27.3 14.0 3.5 4 1 4 3 3
-1335.7 -1190.6 -9.0 345 0 9.9 12.0 5.0 2.5 2 1 2 4 4
-1400.9 -1228.4 -9.3 78 0 22.3 10.6 2.5 2.5 2 0 1 0 0
-1332.8 -1217.3 -9.2 76 0 15.2 8.4 5.0 2.5 2 0 2 1 1
-1335.2 -1384.3 -12.6 79 0 19.5 11.5 5.0 2.5 2 0 2 2 2
-1401.7 -1240.6 -9.9 260 0 19.1 9.4 7.5 0.0 0 0 3 5 5
-1394.1 -1313.1 -11.6 176 0 9.5 17.7 7.5 2.5 2 1 3 0 0
-1344.1 -1237.7 -10.2 259 0 14.5 16.6 7.5 0.0 0 1 3 3 3
-4852.6 -6865.2 -9.8 359 0 11.3 20.2 7.5 2.5 2 1 3 3 3
-4916.2 3810.2 -9.3 270 0 6.9 10.9 5.0 0.0 0 1 2 5 5
-4901.0 3876.0 -10.5 335 0 8.6 8.1 5.0 2.5 2 0 2 4 4
-4921.4 3879.3 -10.6 250 0 6.3 13.2 7.5 2.5 2 1 3 2 2
-4878.8 3752.9 -8.1 358 0 9.4 25.3 2.5 2.5 4 1 1 1 1
-4887.9 3795.5 -8.9 268 0 7.5 9.0 5.0 2.5 2 1 2 4 4
-4998.2 3825.4 -8.6 268 0 12.6 6.5 7.5 2.5 2 0 3 5 5
-4957.4 3827.8 -9.3 271 0 10.5 17.5 7.5 2.5 2 1 3 4 4
-4935.6 3827.4 -9.6 270 0 8.7 9.8 7.5 2.5 2 1 3 1 1
-4967.6 3756.5 -7.3 181 0 13.0 10.3 2.5 2.5 2 0 1 1 1
