6836.5 2838.1 -75.1 277 0 16.8 9.5 7.5 2.5 2 0 3 3 3
6736.2 2890.1 -80.7 239 0 33.7 24.8 10.0 0.0 0 0 4 0 0
-6856.1 5600.7 -12.2 226 0 7.5 18.0 10.5 3.5 2 0 3 1 1
-6838.4 5655.0 -12.6 307 0 9.3 16.4 10.5 3.5 2 0 3 2 2
-6818.6 5692.2 -7.4 175 0 10.7 9.8 10.5 3.5 2 0 3 0 0
-6770.2 5664.8 -2.1 89 0 12.7 14.9 10.5 3.5 2 1 3 3 3
-6814.7 5789.4 2.2 178 0 8.6 14.6 10.5 3.5 2 1 3 2 2
2336.7 1573.8 -47.1 172 0 10.2 16.3 7.5 2.5 2 1 3 4 4
2465.8 1551.0 -61.3 354 0 11.6 17.0 2.5 2.5 2 1 1 3 3
2506.0 1452.0 -72.0 356 0 11.9 14.5 7.5 2.5 2 1 3 2 2
2455.7 1443.4 -70.2 85 0 16.6 6.6 7.5 2.5 2 0 3 3 3
2553.4 1629.8 -61.2 252 0 10.7 8.4 7.5 2.5 2 0 3 2 2
2555.3 1600.0 -60.5 162 0 12.8 13.2 5.0 2.5 2 1 2 3 3
2526.7 1610.3 -61.9 163 0 8.1 13.0 5.0 2.5 2 1 2 5 5
2530.9 1594.0 -61.6 164 0 8.6 13.8 7.5 2.5 2 1 3 4 4
2536.9 1575.7 -60.8 163 0 7.1 15.2 10.0 0.0 0 1 4 1 1
2547.4 1554.3 -61.0 180 0 11.6 11.2 5.0 2.5 2 0 2 2 2
2537.1 1524.0 -64.0 352 0 8.4 15.2 5.0 2.5 2 1 2 2 2
2526.6 1566.3 -62.7 353 0 10.2 21.8 2.5 2.5 4 1 1 4 4
2523.5 1248.9 -77.6 92 0 8.3 11.9 7.5 2.5 2 1 3 5 5
2457.3 1282.6 -76.1 4 0 11.9 16.3 10.0 2.5 2 1 4 1 1
-5138.5 -3138.9 -33.8 71 0 8.9 8.6 7.5 2.5 4 0 3 3 3
-4525.3 -2923.0 -8.6 95 0 12.1 11.5 5.0 2.5 2 0 2 2 2
6821.9 -4990.9 -91.3 266 0 9.5 19.7 10.0 2.5 2 1 4 1 1
6911.0 -5040.2 -92.7 42 0 63.1 70.3 12.5 0.0 0 1 5 3 3
-4424.8 2992.8 -66.1 122 0 10.6 13.2 5.0 2.5 2 1 2 2 2
-4479.7 3005.5 -57.0 258 0 12.4 9.5 7.5 2.5 2 0 3 2 2
-4436.4 3046.8 -53.6 229 0 15.7 8.2 7.5 2.5 2 0 3 5 5
-4395.7 3033.5 -62.2 338 0 8.8 10.6 7.5 2.5 2 1 3 5 5
-4273.9 3216.9 -58.0 333 0 8.5 11.1 7.5 2.5 4 1 3 5 5
-4235.8 3225.9 -65.4 182 0 15.0 6.6 10.0 2.5 2 0 4 3 3
-4195.2 3276.1 -67.3 268 0 8.2 8.5 5.0 2.5 2 1 2 4 4
-4134.7 3085.1 -75.2 274 0 8.5 11.5 7.5 0.0 0 1 3 1 1
-4088.0 3143.3 -72.2 286 0 10.6 16.5 7.5 2.5 2 1 3 2 2
-4121.4 3215.7 -70.9 2 0 10.2 9.3 7.5 2.5 2 0 3 3 3
-4162.6 3133.2 -71.1 282 0 12.7 8.6 7.5 2.5 2 0 3 2 2
-4194.0 3123.4 -70.6 260 0 15.2 9.8 5.0 2.5 2 0 2 3 3
-4158.8 3080.8 -73.8 353 0 8.1 15.6 5.0 2.5 2 1 2 2 2
-4000.7 2993.9 -78.4 185 0 10.7 19.2 5.0 2.5 2 1 2 0 0
-4002.5 3115.9 -75.1 78 0 8.6 10.0 10.0 2.5 2 1 4 4 4
-4015.6 3114.5 -74.8 76 0 11.3 12.5 7.5 2.5 2 1 3 1 1
-3964.2 3015.7 -76.9 276 0 15.5 30.4 10.0 2.5 2 1 4 4 4
-3965.4 2918.2 -77.6 69 0 13.3 8.3 5.0 0.0 0 0 2 4 4
-3953.2 2954.1 -77.9 79 0 12.3 25.7 12.5 0.0 0 1 5 1 1
1377.0 608.5 -79.2 313 0 11.1 29.3 10.0 0.0 0 1 4 5 5
6720.9 -5018.6 -90.2 245 0 10.3 18.2 7.5 2.5 2 1 3 4 4
6731.8 -5006.3 -90.3 246 0 10.9 19.6 7.5 2.5 2 1 3 0 0
6746.2 -5059.0 -89.3 93 0 8.0 8.2 5.0 2.5 2 1 2 5 5
6773.8 -5055.2 -89.0 69 0 15.0 9.8 7.5 2.5 2 0 3 3 3
6784.4 -5042.5 -89.4 69 0 11.2 17.6 10.0 2.5 2 1 4 5 5
6813.6 -5033.0 -90.2 85 0 6.1 22.2 10.0 2.5 2 1 4 1 1
6825.4 -4971.4 -92.3 276 0 9.0 10.3 10.0 2.5 2 1 4 3 3
-1550.2 1125.1 -42.2 189 0 8.8 11.0 7.5 0.0 0 1 3 2 2
-1730.4 1069.9 -48.7 4 0 8.4 11.7 7.5 2.5 2 1 3 5 5
-1729.9 1045.5 -48.7 346 0 8.6 13.9 7.5 2.5 2 1 3 0 0
-1661.0 988.9 -53.1 2 0 16.9 9.1 2.5 0.0 0 0 1 3 3
-2112.4 1094.7 -69.9 69 0 16.8 17.3 12.5 2.5 2 1 5 5 5
-4267.7 3883.4 3.8 279 0 15.5 8.9 5.0 2.5 2 0 2 3 3
-4159.1 3931.6 -4.3 2 0 12.9 8.5 5.0 0.0 0 0 2 1 1
-4200.5 3877.6 -2.3 172 0 6.1 10.0 5.0 2.5 2 1 2 5 5
-4151.9 3897.0 -7.6 320 0 9.3 9.7 10.0 2.5 2 1 4 2 2
-4211.3 3739.6 -3.5 275 0 8.6 6.4 10.0 2.5 2 0 4 1 1
-4158.4 3742.4 -15.8 33 0 11.5 8.1 7.5 2.5 2 0 3 2 2
-4099.6 3650.2 -41.6 262 0 13.8 9.3 7.5 2.5 2 0 3 5 5
-4131.7 3606.1 -38.6 352 0 7.5 9.2 5.0 2.5 4 1 2 1 1
-4152.5 3644.7 -30.5 345 0 10.8 8.3 7.5 2.5 2 0 3 5 5
-4182.9 3601.9 -31.9 172 0 7.5 12.5 2.5 2.5 2 1 1 3 3
-4092.5 3478.5 -56.1 34 0 10.5 9.2 7.5 2.5 2 0 3 3 3
-4109.0 3489.0 -56.1 215 0 11.0 8.5 10.0 2.5 2 0 4 0 0
-645.2 -1702.4 78.7 94 0 8.9 12.8 7.5 2.5 2 1 3 3 3
-605.0 -1785.2 86.6 76 0 10.1 11.3 5.0 2.5 2 1 2 4 4
-671.8 -1766.7 78.8 250 0 7.7 11.6 7.5 2.5 2 1 3 3 3
2719.1 -5163.2 -79.2 272 0 8.6 19.1 10.5 2.5 2 1 3 4 4
2730.8 -5195.5 -77.5 2 0 14.5 13.2 10.5 2.5 2 0 3 3 3
2651.9 -5245.6 -64.3 182 0 9.6 16.5 14.0 2.5 2 1 4 4 4
2618.1 -5312.4 -65.3 61 0 7.7 18.4 10.5 2.5 2 1 3 4 4
2578.9 -5177.2 -62.0 272 0 10.3 18.5 14.0 0.0 0 1 4 5 5
323.8 584.1 -84.0 209 0 10.3 33.5 10.0 2.5 2 1 4 3 3
372.3 457.5 -78.7 70 0 8.6 7.2 5.0 2.5 2 0 2 4 4
377.8 474.1 -79.3 343 0 12.1 18.5 7.5 2.5 2 1 3 0 0
344.9 462.0 -79.4 251 0 16.9 12.4 5.0 2.5 2 0 2 2 2
226.8 -497.0 -49.7 67 0 14.1 21.0 7.5 2.5 2 1 3 5 5
-38.8 138.4 -82.4 270 0 20.2 15.6 10.0 2.5 2 0 4 4 4
-61.8 118.3 -82.4 178 0 15.0 11.2 5.0 2.5 2 0 2 4 4
-18.9 28.2 -75.7 91 0 9.1 11.4 5.0 2.5 2 1 2 5 5
17.0 121.6 -78.2 359 0 7.9 9.9 7.5 2.5 2 1 3 0 0
15.6 112.9 -77.6 352 0 7.8 8.9 7.5 2.5 2 1 3 0 0
44.8 85.5 -74.5 352 0 10.3 11.2 5.0 2.5 2 1 2 1 1
80.1 169.1 -76.3 86 0 11.7 20.2 7.5 2.5 2 1 3 5 5
94.6 1018.4 -69.0 288 0 8.7 10.9 5.0 2.5 2 1 2 5 5
114.0 1008.4 -72.0 86 0 20.9 10.3 5.0 2.5 2 0 2 2 2
-1016.9 639.6 -78.8 239 0 8.0 28.6 5.0 2.5 2 1 2 1 1
-982.2 629.9 -78.3 336 0 8.9 17.2 5.0 2.5 4 1 2 5 5
213.4 -2109.0 39.4 71 0 8.0 8.3 5.0 2.5 2 1 2 4 4
194.5 -2283.1 33.0 348 0 13.8 9.0 7.5 2.5 2 0 3 0 0
-533.3 465.9 -70.9 96 0 19.0 10.6 5.0 2.5 2 0 2 4 4
-463.8 454.2 -71.7 89 0 11.5 21.3 10.0 2.5 2 1 4 5 5
-450.3 454.9 -71.8 84 0 8.6 14.4 5.0 0.0 0 1 2 5 5
-419.7 455.8 -73.9 103 0 12.1 10.2 7.5 2.5 2 0 3 5 5
-4461.9 782.9 -62.4 238 0 10.5 10.1 10.0 2.5 2 0 4 3 3
-4431.9 703.1 -65.5 265 0 11.4 16.1 7.5 2.5 2 1 3 2 2
-4460.5 735.8 -65.5 104 0 21.6 7.6 5.0 0.0 0 0 2 3 3
-4409.8 762.6 -64.4 283 0 10.0 10.0 7.5 2.5 2 1 3 0 0
-110.3 -2620.8 33.0 77 0 9.2 11.1 7.5 2.5 2 1 3 0 0
-3063.4 3529.6 -74.6 139 0 10.3 6.8 5.0 0.0 0 0 2 0 0
-3064.4 3516.4 -74.8 139 0 8.3 9.4 2.5 2.5 4 1 1 2 2
-3015.6 3546.9 -75.5 65 0 56.4 21.9 10.0 2.5 2 0 4 1 1
-2772.2 3565.2 -80.5 249 0 12.4 28.9 10.0 2.5 2 1 4 4 4
-3225.7 1213.1 -70.0 208 0 7.8 8.2 5.0 2.5 2 1 2 5 5
-3221.5 1198.7 -70.3 231 0 11.7 11.4 7.5 2.5 4 0 3 4 4
-3224.8 1129.3 -69.0 109 0 7.1 17.8 10.0 2.5 2 1 4 4 4
-3289.7 1133.1 -70.3 190 0 10.0 9.0 7.5 0.0 0 0 3 4 4
-3301.6 1102.4 -70.1 201 0 13.8 7.5 7.5 2.5 2 0 3 5 5
-3326.1 1045.7 -66.7 77 0 12.1 8.5 7.5 2.5 2 0 3 4 4
-3423.6 1069.8 -67.9 5 0 9.4 9.0 5.0 2.5 2 0 2 1 1
-3456.9 981.7 -64.1 218 0 11.4 9.0 10.0 2.5 2 0 4 3 3
-3728.0 580.5 -16.4 51 0 6.9 9.1 7.5 2.5 2 1 3 2 2
-4975.4 869.1 -69.0 137 0 15.7 10.4 7.5 2.5 4 0 3 3 3
785.8 -3193.9 -21.8 54 0 20.5 20.0 12.5 2.5 4 0 5 3 3
541.2 -3291.9 -23.2 84 0 14.9 13.7 5.0 2.5 2 0 2 5 5
583.7 -3254.3 -23.1 252 0 7.6 10.3 2.5 2.5 4 1 1 4 4
543.6 -3473.8 -22.4 161 0 7.4 13.8 5.0 2.5 2 1 2 5 5
526.1 -3465.6 -22.1 158 0 27.9 10.4 10.0 2.5 2 0 4 4 4
577.0 -3485.0 -22.8 355 0 10.8 19.7 2.5 0.0 0 1 1 1 1
587.1 -3469.4 12.3 344 0 13.7 7.8 7.5 2.5 2 0 3 2 2
570.7 -3456.4 15.2 337 0 10.7 11.5 5.0 2.5 2 1 2 0 0
578.3 -3445.3 -16.2 342 0 27.0 10.2 10.0 2.5 2 0 4 3 3
590.9 -3404.0 -24.6 174 0 8.3 6.7 7.5 2.5 2 0 3 0 0
610.5 -3453.7 -17.7 173 0 11.4 13.7 7.5 2.5 2 1 3 2 2
600.4 -3463.4 -12.6 168 0 24.6 11.3 10.0 2.5 2 0 4 3 3
652.7 -3303.0 -23.5 79 0 18.9 20.9 7.5 2.5 2 1 3 0 0
629.7 -3312.0 -23.7 74 0 13.8 22.0 7.5 2.5 2 1 3 0 0
636.6 -3322.0 -23.6 251 0 10.3 13.6 5.0 2.5 2 1 2 5 5
679.0 -3402.8 -17.9 269 0 15.1 14.5 5.0 2.5 4 0 2 1 1
848.9 -3314.8 -1.7 80 0 11.3 10.4 5.0 2.5 2 0 2 2 2
791.4 -3207.5 -18.8 229 0 14.1 9.4 2.5 2.5 2 0 1 2 2
752.4 -3245.8 -21.4 223 0 11.1 13.6 7.5 2.5 4 1 3 2 2
721.2 -3177.3 -21.3 271 0 9.4 16.6 7.5 2.5 2 1 3 3 3
743.4 -3233.4 -23.9 63 0 15.2 15.6 5.0 2.5 2 1 2 1 1
678.1 -3186.4 -21.4 268 0 11.8 14.0 10.0 2.5 4 1 4 4 4
661.8 -3187.1 -21.3 268 0 20.9 14.0 10.0 2.5 2 0 4 3 3
645.6 -3225.4 -23.9 176 0 39.3 55.4 10.0 0.0 0 1 4 2 2
187.0 -2807.8 42.5 160 0 13.0 10.5 5.0 2.5 4 0 2 3 3
277.4 -2786.7 38.3 23 0 10.1 17.2 7.5 2.5 2 1 3 0 0
2009.0 -3953.0 0.7 357 0 10.8 15.4 5.0 2.5 4 1 2 3 3
1612.5 -3934.7 20.0 268 0 9.9 10.4 5.0 2.5 2 1 2 5 5
-6295.9 4180.5 -52.9 58 0 8.0 15.9 7.5 2.5 2 1 3 5 5
-5721.6 1967.1 -76.3 171 0 7.8 13.2 7.5 2.5 4 1 3 3 3
-5663.0 1927.0 -77.5 2 0 9.5 17.1 2.5 2.5 4 1 1 2 2
-5556.0 1879.0 -80.0 355 0 11.0 7.1 7.5 2.5 2 0 3 0 0
-5592.4 1825.4 -78.6 2 0 8.3 9.0 10.0 2.5 2 1 4 2 2
-5636.6 1783.5 -77.5 170 0 10.5 15.9 5.0 2.5 2 1 2 0 0
-5678.9 1552.6 -72.0 357 0 6.2 10.4 7.5 2.5 2 1 3 5 5
-5715.5 1472.1 -68.7 278 0 15.1 8.4 10.0 0.0 0 0 4 0 0
-5989.5 1332.0 -68.5 348 0 8.2 14.0 5.0 2.5 2 1 2 0 0
-6094.7 1236.0 -69.9 90 0 10.6 8.0 2.5 2.5 2 0 1 2 2
-6155.6 1271.2 -66.8 166 0 11.3 11.2 10.0 0.0 0 0 4 5 5
-6268.9 1115.6 -63.0 84 0 12.6 8.4 5.0 2.5 2 0 2 0 0
-6573.3 595.5 -65.4 45 0 11.3 8.4 5.0 2.5 4 0 2 5 5
-6608.0 561.7 -67.0 66 0 12.7 8.8 5.0 2.5 2 0 2 1 1
-6691.9 571.2 -69.5 262 0 12.6 8.4 7.5 2.5 4 0 3 5 5
-6731.5 664.3 -71.2 177 0 12.2 6.5 5.0 2.5 2 0 2 1 1
-6698.8 715.6 -67.4 352 0 12.9 8.9 7.5 2.5 2 0 3 4 4
-6437.7 933.8 -60.3 83 0 7.4 11.8 7.5 2.5 2 1 3 1 1
-6493.9 993.4 -63.1 167 0 8.5 13.0 10.0 2.5 4 1 4 4 4
1611.8 761.7 -73.3 172 0 18.5 7.7 2.5 2.5 4 0 1 1 1
1636.3 764.3 -73.1 266 0 9.6 17.7 5.0 2.5 2 1 2 2 2
1724.8 745.9 -75.3 358 0 17.2 42.1 10.0 2.5 2 1 4 4 4
1674.8 660.7 -68.0 148 0 6.7 33.9 5.0 2.5 2 1 2 3 3
1185.9 546.4 -82.5 94 0 9.5 7.9 7.5 0.0 0 0 3 3 3
1196.2 558.0 -83.0 94 0 8.1 14.1 10.0 2.5 2 1 4 1 1
1303.0 540.1 -78.4 94 0 6.3 7.5 7.5 2.5 4 1 3 3 3
1291.8 544.0 -80.6 94 0 14.7 33.4 12.5 2.5 2 1 5 5 5
1315.9 548.0 -80.1 94 0 6.1 31.3 12.5 2.5 2 1 5 1 1
1448.7 541.7 -74.2 90 0 13.3 10.7 5.0 2.5 2 0 2 1 1
1461.8 583.3 -75.5 357 0 11.6 37.6 10.0 0.0 0 1 4 5 5
1516.7 636.9 -73.3 335 0 7.8 17.6 5.0 0.0 0 1 2 5 5
1457.7 614.9 -74.8 161 0 7.8 45.4 10.0 2.5 2 1 4 3 3
1526.9 552.6 -73.9 89 0 9.3 12.6 2.5 2.5 2 1 1 3 3
1625.9 550.2 -73.7 84 0 12.7 9.2 2.5 2.5 2 0 1 0 0
1704.8 566.5 -73.3 90 0 20.0 9.5 7.5 0.0 0 0 3 5 5
1811.8 613.3 -70.5 14 0 9.3 10.6 5.0 2.5 2 1 2 4 4
1807.5 573.5 -74.8 98 0 10.1 9.9 7.5 2.5 2 0 3 1 1
1916.3 740.1 -48.2 273 0 25.3 9.7 5.0 2.5 2 0 2 3 3
1945.9 711.2 -50.1 359 0 25.2 9.1 2.5 2.5 2 0 1 4 4
1881.9 663.0 -54.8 92 0 37.1 10.7 12.5 2.5 2 0 5 3 3
1925.2 665.3 -53.6 88 0 28.4 9.1 12.5 2.5 4 0 5 3 3
2122.3 742.9 -69.7 90 0 11.3 8.9 7.5 0.0 0 0 3 0 0
2145.8 796.7 -75.3 269 0 8.7 15.0 5.0 2.5 2 1 2 5 5
2368.5 794.9 -79.9 88 0 16.9 8.3 5.0 2.5 2 0 2 1 1
2191.2 807.7 -78.0 268 0 12.1 8.0 10.0 2.5 2 0 4 1 1
2203.9 630.0 -70.3 92 0 10.6 6.5 7.5 0.0 0 0 3 2 2
2374.0 655.1 -79.3 85 0 6.8 11.3 7.5 2.5 2 1 3 5 5
2427.6 731.6 -81.9 85 0 16.4 7.7 5.0 2.5 2 0 2 0 0
2295.8 712.3 -72.6 355 0 10.0 12.2 7.5 2.5 2 1 3 4 4
2276.2 643.3 -71.8 85 0 10.2 11.8 7.5 2.5 2 1 3 0 0
1469.6 5936.8 -67.0 36 0 8.1 8.2 7.5 2.5 2 1 3 4 4
1556.5 5911.4 -62.2 113 0 6.9 8.1 2.5 2.5 2 1 1 1 1
1615.2 5947.7 -56.3 269 0 10.6 8.6 5.0 2.5 2 0 2 2 2
1665.9 5912.3 -49.1 98 0 10.3 14.0 7.5 2.5 2 1 3 2 2
1513.1 5990.8 -66.5 26 0 12.1 13.1 5.0 2.5 2 1 2 1 1
1503.4 5946.2 -65.5 220 0 12.9 17.4 7.5 2.5 2 1 3 3 3
1613.3 5867.1 -52.4 6 0 19.2 10.4 2.5 2.5 2 0 1 0 0
1630.1 5750.8 -39.7 79 0 13.7 9.7 7.5 2.5 2 0 3 2 2
1525.2 5734.9 -54.8 252 0 9.6 15.8 7.5 2.5 2 1 3 5 5
1566.0 5634.0 -43.7 73 0 12.0 8.4 7.5 2.5 4 0 3 3 3
1463.1 5415.9 -27.6 40 0 12.2 10.1 10.0 2.5 2 0 4 4 4
-3932.7 2909.6 -77.7 295 0 9.6 12.5 5.0 2.5 4 1 2 5 5
-3854.9 2895.0 -78.6 107 0 9.6 20.1 2.5 2.5 2 1 1 2 2
-3296.4 4098.5 -26.6 60 0 7.0 8.2 2.5 2.5 2 1 1 4 4
-3329.7 4180.0 -17.5 7 0 11.7 10.9 2.5 2.5 2 0 1 3 3
-3315.3 3967.5 -43.7 46 0 10.7 15.9 10.0 2.5 2 1 4 4 4
-6474.5 -6660.9 -29.8 260 0 13.8 33.3 12.5 2.5 2 1 5 3 3
-6605.1 -6552.4 -34.4 125 0 12.3 17.7 7.5 2.5 2 1 3 4 4
-6583.8 -6680.7 -35.0 80 0 13.8 20.5 12.5 2.5 4 1 5 0 0
-6360.3 -5865.1 -6.4 90 0 10.0 27.9 10.0 2.5 4 1 4 2 2
-6334.2 -5997.7 3.7 72 0 18.2 13.7 7.5 2.5 2 0 3 2 2
-6271.9 -5831.6 -4.3 358 0 22.0 22.4 10.0 0.0 0 1 4 3 3
-5855.7 -4726.4 14.5 353 0 10.2 6.9 5.0 2.5 2 0 2 4 4
-5988.9 -4527.2 24.8 85 0 14.7 13.7 5.0 2.5 2 0 2 1 1
-6102.4 -4552.1 37.4 90 0 9.4 23.1 5.0 2.5 2 1 2 5 5
-5874.9 -4404.2 9.2 83 0 20.0 13.8 10.0 2.5 2 0 4 5 5
-6031.8 -4374.2 34.1 102 0 19.1 17.6 10.0 2.5 2 0 4 2 2
-6908.8 -5538.5 -15.9 181 0 12.8 13.0 5.0 2.5 2 1 2 4 4
-6854.9 -5516.9 -12.2 92 0 18.1 11.3 5.0 2.5 2 0 2 4 4
-6820.0 -5502.8 -10.1 58 0 7.6 7.8 5.0 2.5 2 1 2 0 0
-5231.7 1522.4 -82.7 4 0 8.6 9.6 2.5 0.0 0 1 1 5 5
-5213.6 1338.8 -81.4 167 0 15.7 10.9 7.5 2.5 2 0 3 1 1
-5222.1 1332.0 -81.1 343 0 16.0 13.6 7.5 2.5 4 0 3 2 2
-5282.5 1344.8 -79.1 164 0 9.2 8.0 10.0 2.5 2 0 4 0 0
-5581.1 1998.8 -79.7 73 0 8.9 7.1 10.0 2.5 2 0 4 1 1
-5613.2 1986.7 -79.6 180 0 8.2 12.4 7.5 0.0 0 1 3 2 2
-5573.8 2053.1 -78.7 267 0 12.2 15.4 5.0 0.0 0 1 2 0 0
-6912.5 604.5 -72.3 343 0 10.9 16.8 10.0 2.5 2 1 4 1 1
-6459.8 755.1 -58.9 25 0 7.6 8.6 7.5 2.5 2 1 3 2 2
-6361.2 733.3 -68.3 265 0 10.6 13.3 7.5 2.5 2 1 3 5 5
-6241.3 796.7 -70.5 83 0 7.5 6.9 7.5 2.5 2 0 3 1 1
-5291.4 864.7 -74.5 82 0 12.8 23.1 12.5 2.5 4 1 5 4 4
-5709.3 1369.9 -71.7 179 0 6.8 8.2 7.5 2.5 2 1 3 3 3
-5673.8 1280.7 -73.5 90 0 13.5 9.5 7.5 2.5 2 0 3 3 3
-5659.6 1354.1 -72.1 357 0 8.7 11.2 7.5 2.5 2 1 3 4 4
-5612.6 1391.6 -70.9 268 0 15.5 11.4 7.5 2.5 2 0 3 1 1
-5554.9 1334.4 -72.5 4 0 14.0 15.4 5.0 2.5 2 1 2 4 4
-5276.4 1584.6 -81.2 230 0 8.3 16.4 7.5 2.5 2 1 3 3 3
-5316.5 1957.0 -71.2 261 0 16.3 11.9 5.0 2.5 2 0 2 3 3
-5196.9 2094.7 -66.3 353 0 12.1 14.7 10.0 2.5 2 1 4 1 1
-5275.2 2124.3 -66.3 78 0 10.6 13.6 7.5 2.5 4 1 3 3 3
-5190.4 2072.3 -67.3 61 0 7.9 9.4 2.5 2.5 2 1 1 5 5
-5235.3 1998.8 -67.1 64 0 8.9 8.1 7.5 2.5 2 0 3 4 4
-5579.5 1899.1 -79.7 267 0 17.1 10.4 10.0 2.5 2 0 4 5 5
-5533.4 2127.4 -79.0 90 0 9.5 17.9 2.5 2.5 2 1 1 5 5
-5511.8 1567.9 -69.4 164 0 9.2 21.1 7.5 2.5 2 1 3 1 1
-5522.3 1479.9 -74.7 77 0 16.2 12.2 5.0 2.5 2 0 2 4 4
-5869.9 1625.8 -71.2 50 0 8.9 6.3 7.5 0.0 0 0 3 1 1
-5972.8 1617.5 -71.3 268 0 9.2 14.2 7.5 2.5 2 1 3 3 3
-6721.6 -255.2 -75.7 9 0 10.2 13.0 5.0 2.5 2 1 2 2 2
-6744.8 -205.8 -80.0 356 0 6.7 6.2 7.5 2.5 2 0 3 1 1
-5591.3 882.0 -74.2 165 0 10.5 18.3 5.0 0.0 0 1 2 1 1
-5553.9 803.0 -78.1 252 0 10.1 8.8 7.5 0.0 0 0 3 2 2
-6115.4 687.0 -74.1 175 0 8.3 13.1 5.0 2.5 2 1 2 3 3
-6016.5 519.2 -78.8 355 0 10.8 12.6 7.5 2.5 2 1 3 4 4
-5978.8 600.6 -80.2 358 0 14.3 16.2 5.0 0.0 0 1 2 0 0
-5914.3 918.0 -76.6 74 0 9.4 11.8 7.5 2.5 2 1 3 2 2
-5686.0 688.7 -76.5 91 0 15.0 12.5 2.5 2.5 2 0 1 0 0
-5337.2 953.3 -67.0 333 0 10.3 16.9 10.0 0.0 0 1 4 3 3
-5429.1 849.6 -75.1 133 0 8.9 13.2 7.5 2.5 2 1 3 1 1
-5549.6 967.2 -75.4 358 0 9.3 9.9 5.0 2.5 2 1 2 1 1
-5628.0 1078.1 -75.3 309 0 6.2 14.2 5.0 2.5 2 1 2 3 3
-5790.9 1066.7 -72.6 87 0 10.4 7.6 10.0 2.5 2 0 4 4 4
-6616.0 1326.3 -40.3 48 0 11.7 10.2 7.5 2.5 2 0 3 4 4
-6856.8 1561.2 7.2 273 0 11.7 7.7 2.5 2.5 2 0 1 5 5
-6804.4 2114.5 18.9 243 0 8.5 8.5 5.0 2.5 2 1 2 3 3
-6830.2 2073.0 18.7 55 0 11.7 13.1 7.5 0.0 0 1 3 3 3
-6730.7 2033.3 19.8 87 0 18.6 13.5 17.5 0.0 0 0 7 5 5
-6496.0 2063.5 21.0 194 0 10.3 10.7 5.0 2.5 2 1 2 3 3
-6454.0 2026.0 21.8 11 0 14.3 10.1 2.5 2.5 2 0 1 3 3
-6515.6 2025.2 23.4 180 0 9.9 14.2 5.0 2.5 2 1 2 5 5
-6298.8 1721.8 -38.4 30 0 6.2 9.6 5.0 2.5 2 1 2 3 3
-6457.1 1572.7 -32.7 83 0 9.4 10.8 5.0 2.5 2 1 2 3 3
-6521.0 1675.0 -8.2 136 0 8.8 11.6 7.5 2.5 2 1 3 1 1
-6614.2 1859.2 20.4 332 0 7.6 6.8 7.5 2.5 2 0 3 0 0
-6852.9 1946.5 21.8 80 0 9.0 8.4 7.5 2.5 2 0 3 4 4
-6805.4 1847.6 15.4 292 0 10.1 17.0 2.5 2.5 2 1 1 0 0
-6856.7 1850.3 24.6 211 0 13.2 8.4 10.0 2.5 2 0 4 1 1
-6655.3 1134.0 -38.1 60 0 11.9 9.8 2.5 2.5 2 0 1 2 2
-6741.0 1218.4 -15.5 8 0 13.4 9.8 7.5 2.5 2 0 3 0 0
-6799.6 1212.1 -2.3 102 0 8.9 8.1 7.5 2.5 4 0 3 2 2
-6882.7 1301.4 13.3 102 0 6.3 13.6 5.0 2.5 2 1 2 1 1
-6846.7 1365.4 -0.6 359 0 13.8 8.4 2.5 2.5 2 0 1 4 4
-6840.4 250.7 -75.4 99 0 14.1 12.9 5.0 2.5 2 0 2 2 2
-6188.2 967.5 -69.0 149 0 8.3 18.4 2.5 0.0 0 1 1 1 1
-6160.8 871.4 -70.9 180 0 9.1 18.5 7.5 2.5 2 1 3 3 3
-6064.6 793.9 -73.9 86 0 16.3 11.6 5.0 2.5 2 0 2 4 4
-6191.9 540.8 -71.1 81 0 15.7 15.0 10.0 2.5 2 0 4 5 5
-6327.3 673.5 -62.8 359 0 7.2 23.0 5.0 2.5 2 1 2 3 3
-6323.1 559.4 -65.0 105 0 10.4 17.6 5.0 2.5 2 1 2 4 4
-6503.0 385.1 -72.0 357 0 10.1 18.6 7.5 2.5 2 1 3 4 4
-6416.7 429.5 -75.8 79 0 18.2 11.7 7.5 2.5 2 0 3 0 0
-6584.0 375.2 -65.9 69 0 6.9 10.8 7.5 2.5 2 1 3 4 4
-6699.6 494.8 -69.3 139 0 10.6 13.4 7.5 2.5 2 1 3 0 0
-6788.6 383.0 -69.3 61 0 16.0 15.3 5.0 2.5 2 0 2 2 2
-6858.5 396.2 -64.9 174 0 12.3 11.3 2.5 2.5 2 0 1 4 4
-6869.9 349.5 -63.6 185 0 15.3 10.4 7.5 2.5 2 0 3 2 2
-6152.1 3308.5 -45.7 355 0 13.8 51.4 12.5 2.5 4 1 5 4 4
-6146.8 3279.2 -46.8 77 0 15.2 11.8 5.0 2.5 4 0 2 0 0
-6535.7 2957.1 -23.2 90 0 14.7 9.5 5.0 2.5 2 0 2 5 5
-6552.0 2845.8 -30.1 79 0 11.9 10.9 2.5 2.5 2 0 1 3 3
-6512.7 2891.2 -29.1 270 0 10.0 14.8 5.0 2.5 2 1 2 4 4
-6462.0 2972.6 -23.0 78 0 12.1 8.5 5.0 2.5 2 0 2 1 1
-6386.7 3020.4 -21.8 62 0 7.7 10.1 7.5 2.5 2 1 3 3 3
-6427.7 2999.4 -18.6 62 0 10.9 10.7 7.5 2.5 2 0 3 0 0
-6775.6 3317.8 -10.5 97 0 13.2 10.2 7.5 2.5 4 0 3 5 5
-6543.3 3539.1 -53.4 272 0 11.4 13.7 7.5 2.5 2 1 3 5 5
-4315.5 -5469.8 9.0 7 0 6.3 8.3 10.0 2.5 2 1 4 1 1
-4346.6 -5462.4 7.7 277 0 12.5 9.1 5.0 2.5 2 0 2 2 2
-4362.6 -5341.5 27.1 219 0 12.2 8.0 7.5 2.5 2 0 3 0 0
-4297.1 -5364.7 31.7 314 0 8.1 10.6 7.5 2.5 2 1 3 3 3
-4397.2 -5405.5 14.7 149 0 12.4 8.5 5.0 2.5 2 0 2 2 2
-4041.5 -4685.9 64.0 266 0 7.4 9.6 7.5 2.5 2 1 3 2 2
-4024.0 -4712.4 62.9 356 0 7.1 6.7 10.0 2.5 2 0 4 0 0
-4029.3 -4790.6 57.1 102 0 8.1 12.5 5.0 2.5 2 1 2 3 3
-3997.5 -4838.1 63.3 2 0 6.1 7.5 7.5 2.5 2 1 3 0 0
-3849.6 -4857.6 61.6 182 0 7.9 8.8 7.5 2.5 2 1 3 1 1
-3907.8 -4883.8 61.9 273 0 7.9 10.0 5.0 2.5 2 1 2 1 1
-4269.6 -5197.3 30.7 90 0 9.3 11.1 10.0 0.0 0 1 4 5 5
-6655.3 1134.0 -38.1 60 0 11.9 9.8 5.0 2.5 2 0 2 4 4
-6429.8 5169.3 -34.9 164 0 7.4 16.2 7.5 2.5 2 1 3 5 5
-6372.1 5071.2 -48.9 351 0 7.8 18.5 10.0 0.0 0 1 4 2 2
-6431.6 4995.2 -52.6 334 0 6.9 24.6 5.0 0.0 0 1 2 5 5
-6505.2 5208.2 -13.3 281 0 9.2 8.2 14.0 0.0 0 0 4 4 4
-6520.4 5117.2 -34.2 268 0 8.3 7.7 10.0 2.5 2 0 4 5 5
-6530.3 5099.6 -37.0 187 0 12.6 11.3 7.5 2.5 2 0 3 3 3
-6522.8 5041.8 -41.6 4 0 16.7 11.2 2.5 2.5 2 0 1 1 1
-6566.5 5163.7 -17.4 97 0 14.7 15.5 14.0 3.5 2 1 4 4 4
-6578.2 5168.8 -13.7 97 0 12.3 6.9 14.0 3.5 2 0 4 1 1
-6582.5 4733.6 -59.0 73 0 15.6 8.1 10.0 2.5 4 0 4 1 1
-6509.0 4765.3 -59.9 73 0 17.6 8.1 5.0 2.5 4 0 2 1 1
-6509.8 4801.1 -60.2 235 0 11.6 12.3 10.0 2.5 2 1 4 0 0
-6552.6 5024.1 -38.3 87 0 6.3 10.7 7.5 2.5 2 1 3 4 4
-6585.3 5005.3 -32.3 59 0 17.8 6.9 7.5 2.5 2 0 3 2 2
