6385.4 -1688.9 -15.1 159 0 47.5 13.3 12.5 2.5 2 0 5 2 2
6257.5 -1839.4 -43.7 80 0 23.6 30.7 10.0 0.0 0 1 4 5 5
1503.0 -4918.9 -245.3 356 0 9.0 18.9 7.5 2.5 2 0 3 5 5
1449.3 -4944.4 -246.7 126 0 8.3 26.8 7.5 2.5 2 0 3 5 5
1440.0 -4970.7 -247.5 107 0 9.8 23.5 5.0 2.5 2 0 2 0 0
1469.3 -4970.8 -247.5 73 0 7.4 19.8 7.5 2.5 2 0 3 1 1
1495.1 -4955.9 -247.1 72 0 32.2 16.0 12.5 2.5 2 0 5 1 1
946.8 -5549.1 -247.0 308 0 8.6 31.5 10.0 2.5 2 0 4 3 3
888.5 -5704.7 -249.3 217 0 8.6 13.8 10.0 2.5 2 0 4 0 0
851.2 -5726.2 -247.5 205 0 7.3 8.5 7.5 2.5 2 0 3 0 0
883.6 -5723.7 -249.4 210 0 15.4 13.4 7.5 2.5 2 0 3 0 0
928.4 -5745.5 -251.2 31 0 6.9 8.6 7.5 2.5 2 0 3 3 3
927.5 -5757.0 -251.4 30 0 11.3 10.1 7.5 2.5 2 0 3 4 4
863.4 -5731.3 -248.8 211 0 6.2 20.4 5.0 2.5 2 0 2 0 0
828.0 -5741.2 -246.1 359 0 21.4 14.8 10.0 2.5 2 0 4 0 0
832.9 -5781.1 -247.0 210 0 14.3 11.0 7.5 2.5 4 0 3 3 3
812.2 -5827.0 -246.6 195 0 11.4 9.0 7.5 2.5 2 0 3 4 4
850.7 -5638.0 -246.0 121 0 12.1 10.5 7.5 2.5 2 0 3 0 0
836.2 -5703.4 -246.1 11 0 13.3 10.9 7.5 2.5 2 0 3 0 0
963.0 -5584.1 -248.8 48 0 17.0 6.5 5.0 0.0 0 0 2 2 2
926.8 -5583.7 -246.7 43 0 7.5 15.5 7.5 2.5 4 1 3 4 4
869.7 -5679.4 -247.4 61 0 12.0 14.6 7.5 2.5 2 1 3 1 1
900.2 -5559.9 -245.8 229 0 11.4 13.6 7.5 2.5 2 1 3 0 0
924.1 -5599.7 -246.8 38 0 9.8 13.2 5.0 2.5 2 1 2 5 5
785.4 -5578.9 -237.2 323 0 7.8 7.3 7.5 2.5 4 0 3 3 3
819.4 -5648.0 -244.2 4 0 7.9 19.8 5.0 2.5 2 1 2 2 2
763.5 -5555.5 -232.4 1 0 31.2 14.5 10.0 2.5 2 0 4 1 1
-3.5 -5385.0 -234.3 148 0 15.0 10.3 10.0 2.5 2 0 4 1 1
54.6 -5473.7 -233.2 137 0 16.1 8.9 5.0 2.5 2 0 2 5 5
-30.0 -5477.2 -239.5 86 0 12.2 22.0 12.5 2.5 2 1 5 2 2
141.8 -5386.9 -219.0 301 0 6.7 10.4 7.5 2.5 2 1 3 3 3
121.9 -5352.8 -213.4 200 0 15.5 10.3 7.5 2.5 2 0 3 5 5
101.9 -5437.5 -227.2 0 0 8.9 13.9 7.5 2.5 4 1 3 1 1
113.5 -5490.3 -227.5 56 0 8.7 8.5 10.0 2.5 2 0 4 1 1
164.4 -5484.9 -221.4 74 0 17.8 10.6 5.0 2.5 2 0 2 4 4
299.4 -5546.4 -203.8 131 0 12.6 12.6 7.5 0.0 0 0 3 1 1
429.9 -5626.2 -190.0 104 0 14.0 15.9 5.0 2.5 2 1 2 0 0
471.4 -5380.8 -202.3 242 0 6.6 6.4 7.5 2.5 2 0 3 0 0
769.0 -5452.7 -244.0 94 0 10.3 9.5 5.0 2.5 2 0 2 5 5
1371.4 -4923.4 -248.7 19 0 7.1 10.0 7.5 2.5 4 1 3 2 2
1315.7 -4937.6 -248.3 201 0 7.6 23.2 7.5 0.0 0 1 3 2 2
1325.0 -5062.6 -241.7 61 0 15.0 8.2 10.0 2.5 2 0 4 3 3
1268.9 -5091.2 -243.1 189 0 13.0 12.2 7.5 2.5 2 0 3 3 3
1516.2 -4870.9 -243.9 19 0 8.3 11.6 5.0 0.0 0 1 2 4 4
1465.0 -4853.5 -242.5 258 0 6.5 10.9 5.0 0.0 0 1 2 2 2
1421.4 -4883.2 -245.8 169 0 8.0 13.5 5.0 2.5 2 1 2 4 4
1555.4 -4925.4 -247.0 295 0 11.8 19.7 5.0 2.5 2 1 2 3 3
1449.0 -5034.9 -246.7 286 0 10.4 7.7 5.0 2.5 4 0 2 1 1
1473.7 -5061.1 -247.1 309 0 19.9 7.4 7.5 2.5 2 0 3 5 5
1481.2 -5097.2 -246.4 1 0 14.5 7.7 7.5 2.5 2 0 3 4 4
1450.1 -5182.7 -243.4 230 0 13.8 7.0 10.0 2.5 2 0 4 1 1
1503.4 -5091.2 -248.7 199 0 11.6 8.6 5.0 2.5 2 0 2 4 4
1525.6 -5181.1 -248.8 100 0 11.0 13.3 7.5 2.5 4 1 3 4 4
-265.1 -5442.0 -245.4 186 0 23.0 9.5 2.5 2.5 4 0 1 3 3
-593.4 -5339.8 -250.9 122 0 7.4 21.4 10.0 2.5 2 1 4 5 5
-252.1 -5664.5 -237.6 14 0 7.6 6.7 7.5 2.5 2 0 3 5 5
-371.0 -5634.3 -243.1 209 0 11.1 16.3 7.5 2.5 2 1 3 5 5
-326.3 -5600.2 -244.2 224 0 13.6 14.3 10.0 2.5 2 1 4 4 4
-280.1 -5598.8 -242.6 30 0 11.9 8.8 7.5 2.5 2 0 3 3 3
-308.1 -5654.3 -240.7 114 0 10.9 13.9 2.5 2.5 2 1 1 4 4
-449.0 -5178.7 -242.4 229 0 11.2 12.2 7.5 2.5 2 1 3 5 5
-349.6 -5191.1 -246.2 322 0 11.6 22.5 15.0 0.0 0 1 6 5 5
-416.5 -5247.3 -245.5 220 0 9.7 7.8 5.0 2.5 2 0 2 4 4
-416.8 -5298.5 -246.2 141 0 9.0 16.4 5.0 0.0 0 1 2 2 2
-408.2 -5403.1 -247.9 159 0 7.7 10.4 10.0 2.5 2 1 4 2 2
-331.8 -5475.4 -246.6 87 0 6.9 21.6 2.5 2.5 2 1 1 3 3
-303.6 -5383.5 -244.6 142 0 14.4 12.1 7.5 2.5 4 0 3 4 4
-286.6 -5401.3 -244.1 142 0 20.4 10.3 7.5 2.5 2 0 3 1 1
-291.9 -5413.2 -245.0 323 0 14.0 8.7 5.0 2.5 4 0 2 0 0
-272.5 -5436.4 -244.7 15 0 10.9 7.2 7.5 2.5 2 0 3 3 3
-732.7 -5182.3 -249.3 38 0 15.4 10.7 2.5 2.5 2 0 1 2 2
-706.0 -5146.0 -246.1 43 0 7.7 13.5 2.5 2.5 2 1 1 2 2
-697.0 -5141.6 -244.7 59 0 7.7 8.8 2.5 2.5 2 1 1 3 3
-695.8 -5121.9 -243.6 61 0 7.9 8.3 7.5 2.5 2 1 3 2 2
-688.8 -5136.4 -243.8 62 0 9.3 14.8 7.0 2.5 2 1 2 1 1
-637.8 -5122.9 -242.4 150 0 14.7 9.0 7.5 2.5 2 0 3 2 2
-599.2 -5158.4 -237.0 178 0 7.8 26.8 10.0 2.5 2 1 4 0 0
-554.1 -5230.4 -242.0 92 0 13.9 9.8 2.5 2.5 2 0 1 0 0
-165.3 -5602.2 -238.0 359 0 11.3 20.7 2.5 2.5 2 1 1 4 4
-326.9 -5429.7 -245.6 196 0 10.3 13.5 7.5 2.5 2 1 3 1 1
1421.0 -4970.8 -248.0 150 0 12.0 22.1 10.0 2.5 2 1 4 2 2
782.3 -5594.8 -237.5 332 0 13.8 37.8 10.0 0.0 0 1 4 2 2
-1272.4 -5576.1 -249.5 277 0 7.7 10.2 10.0 2.5 2 1 4 3 3
-1200.1 -5542.2 -250.1 276 0 9.8 19.2 5.0 2.5 2 1 2 4 4
-1156.0 -5568.0 -250.2 72 0 8.0 10.4 10.0 0.0 0 1 4 0 0
-1237.4 -5576.0 -249.6 274 0 24.8 8.5 5.0 0.0 0 0 2 5 5
-1203.9 -5583.5 -250.3 5 0 8.6 20.8 7.5 2.5 2 1 3 3 3
-1292.9 -5586.7 -249.1 225 0 9.0 25.4 7.5 2.5 2 1 3 3 3
-1301.9 -5593.6 -249.9 224 0 11.6 22.8 15.0 0.0 0 1 6 2 2
-120.5 -4953.9 -240.5 226 0 8.7 11.4 5.0 0.0 0 1 2 0 0
-31.0 -4703.9 -234.2 323 0 10.2 8.2 7.5 2.5 2 0 3 3 3
-66.2 -4656.4 -229.9 270 0 6.7 9.6 7.5 2.5 2 1 3 2 2
13.6 -4781.4 -238.9 0 0 10.1 13.3 5.0 2.5 2 1 2 4 4
-5.0 -4729.0 -237.8 43 0 8.5 13.3 7.5 2.5 2 1 3 1 1
35.8 -5415.0 -231.3 113 0 12.2 8.5 7.5 2.5 2 0 3 0 0
-332.7 -4943.1 -242.8 91 0 13.8 10.1 7.5 2.5 2 0 3 4 4
-242.0 -4991.4 -239.7 85 0 18.6 11.1 2.5 2.5 2 0 1 2 2
-296.4 -5045.9 -243.1 310 0 11.1 8.9 2.5 2.5 2 0 1 1 1
-342.8 -5101.2 -244.8 141 0 14.7 7.7 5.0 2.5 2 0 2 3 3
683.9 -4585.3 -222.6 119 0 8.5 12.5 7.5 2.5 2 1 3 4 4
690.1 -4548.1 -226.4 255 0 8.5 25.8 7.5 2.5 2 1 3 3 3
357.2 -4750.9 -210.4 100 0 8.5 9.3 5.0 0.0 0 1 2 3 3
202.8 -4881.3 -230.3 14 0 7.8 14.8 5.0 0.0 0 1 2 1 1
192.8 -4826.2 -235.1 291 0 13.9 9.3 2.5 2.5 4 0 1 1 1
71.1 -5031.1 -230.2 90 0 9.7 13.7 7.5 2.5 2 1 3 5 5
-76.9 -4288.8 -242.6 258 0 9.8 22.7 5.0 2.5 2 1 2 5 5
-103.9 -4332.5 -244.3 204 0 22.1 13.8 12.5 2.5 2 0 5 5 5
-523.9 -4669.2 -248.9 8 0 11.4 14.7 7.5 2.5 2 1 3 3 3
-644.3 -5078.5 -243.9 202 0 8.6 18.4 5.0 0.0 0 1 2 3 3
216.8 -3873.5 -211.6 245 0 15.0 19.0 10.0 2.5 2 1 4 1 1
390.4 -4063.4 -224.2 254 0 11.2 17.2 7.5 2.5 2 1 3 2 2
222.1 -3723.7 -209.5 192 0 11.7 14.7 5.0 2.5 2 1 2 0 0
210.2 -3905.7 -211.9 33 0 8.3 16.2 5.0 2.5 2 1 2 3 3
194.0 -3983.4 -214.5 10 0 12.0 20.4 5.0 2.5 2 1 2 5 5
166.4 -4000.0 -216.9 188 0 12.4 24.1 10.0 2.5 2 1 4 1 1
377.8 -4047.2 -223.9 152 0 17.0 6.6 5.0 2.5 2 0 2 4 4
411.3 -4298.8 -223.0 296 0 9.7 6.2 5.0 0.0 0 0 2 4 4
394.0 -4291.4 -222.1 281 0 19.5 11.2 2.5 2.5 2 0 1 5 5
494.5 -4360.8 -224.4 93 0 12.7 6.8 5.0 2.5 2 0 2 5 5
464.1 -4341.6 -226.9 268 0 7.9 17.9 7.5 2.5 2 1 3 2 2
169.0 -4303.3 -239.7 152 0 12.3 9.6 7.5 0.0 0 0 3 2 2
-130.6 -4465.4 -238.6 284 0 6.7 12.8 2.5 2.5 4 1 1 5 5
1230.0 -5399.9 -248.3 29 0 14.3 15.2 5.0 0.0 0 1 2 5 5
692.8 -3736.2 -241.3 55 0 9.3 12.9 5.0 2.5 2 1 2 4 4
520.1 -3941.8 -231.9 3 0 11.1 7.6 7.5 2.5 2 0 3 2 2
-243.1 -5225.0 -249.8 179 0 9.1 12.7 10.0 2.5 2 1 4 3 3
-197.6 -5258.8 -248.8 122 0 16.3 10.2 7.5 2.5 2 0 3 1 1
1156.3 -5493.1 -249.8 61 0 7.2 6.7 7.5 2.5 2 0 3 0 0
1277.4 -5323.8 -247.0 52 0 9.9 7.8 2.5 2.5 2 0 1 1 1
1212.3 -5421.8 -248.0 37 0 14.9 8.5 2.5 2.5 2 0 1 1 1
1232.6 -5420.0 -246.9 224 0 14.6 10.3 10.0 2.5 2 0 4 2 2
1265.3 -5478.1 -246.3 268 0 13.4 9.6 7.5 2.5 2 0 3 0 0
1058.3 -5573.9 -249.7 224 0 11.1 7.6 5.0 2.5 2 0 2 5 5
-1086.5 -5106.1 -241.1 352 0 13.2 15.3 7.5 2.5 2 1 3 3 3
-1032.0 -5055.7 -241.6 141 0 8.4 13.6 7.5 2.5 2 1 3 4 4
-1021.7 -5093.2 -241.6 47 0 9.1 10.5 7.5 0.0 0 1 3 3 3
-1038.5 -5211.7 -241.4 354 0 10.7 8.2 7.5 2.5 2 0 3 2 2
-1241.3 -5345.7 -249.6 19 0 10.0 8.7 7.5 2.5 4 0 3 5 5
-1133.1 -5415.1 -243.1 18 0 9.7 9.0 5.0 2.5 4 0 2 4 4
-1057.6 -5514.5 -248.1 48 0 10.3 14.0 2.5 2.5 2 1 1 3 3
-1205.5 -5454.0 -249.6 304 0 8.9 14.6 7.5 0.0 0 1 3 1 1
-1213.9 -5415.7 -249.2 336 0 10.8 6.9 5.0 2.5 4 0 2 2 2
-1607.3 -5858.0 -240.6 112 0 8.8 18.2 5.0 2.5 2 1 2 0 0
-1366.8 -5697.4 -251.8 326 0 10.3 15.9 2.5 2.5 2 1 1 1 1
-1394.3 -5686.6 -253.0 319 0 13.1 9.2 7.5 2.5 2 0 3 0 0
-1349.8 -5710.2 -249.7 246 0 8.7 6.4 5.0 2.5 2 0 2 4 4
-1334.5 -5705.0 -250.0 301 0 9.3 9.9 7.5 2.5 4 1 3 0 0
-793.3 -5469.0 -243.6 50 0 8.6 13.5 2.5 0.0 0 1 1 1 1
-834.4 -5465.2 -239.2 83 0 13.7 10.4 5.0 2.5 2 0 2 0 0
-865.3 -5358.9 -234.8 354 0 7.6 8.4 10.0 2.5 2 1 4 2 2
-900.5 -5388.6 -235.1 43 0 12.4 10.2 7.5 2.5 2 0 3 2 2
-995.9 -5454.2 -236.7 36 0 8.1 6.0 7.5 2.5 4 0 3 1 1
-979.1 -5438.3 -237.1 360 0 17.4 10.5 7.5 2.5 2 0 3 5 5
-872.9 -5434.0 -239.6 270 0 7.8 6.8 10.0 0.0 0 0 4 3 3
-935.9 -5474.2 -237.6 123 0 9.2 15.3 7.5 2.5 2 1 3 5 5
-1175.5 -4900.2 -248.2 11 0 11.9 9.2 5.0 2.5 2 0 2 0 0
-1082.1 -4958.6 -241.6 127 0 12.9 11.2 2.5 2.5 2 0 1 1 1
-1755.8 -6232.9 -257.4 4 0 10.3 7.8 10.0 0.0 0 0 4 0 0
-1786.8 -6042.4 -253.1 244 0 7.6 13.7 5.0 2.5 2 1 2 1 1
-1754.4 -6006.5 -247.7 202 0 9.3 6.7 5.0 2.5 4 0 2 0 0
-1725.8 -5980.1 -246.5 258 0 12.6 10.4 7.5 2.5 4 0 3 3 3
-1746.4 -6024.3 -248.8 216 0 9.2 18.5 5.0 2.5 2 1 2 1 1
-1892.3 -6226.1 -256.8 18 0 17.5 10.9 7.5 2.5 4 0 3 2 2
-1987.2 -6396.7 -257.2 267 0 12.2 17.0 5.0 2.5 4 1 2 3 3
-1958.5 -6419.9 -254.3 274 0 6.3 8.2 7.5 2.5 2 1 3 2 2
-1944.6 -5673.5 -248.9 351 0 14.6 9.2 10.0 2.5 4 0 4 3 3
-1916.5 -5600.4 -241.6 268 0 10.4 17.2 2.5 2.5 4 1 1 2 2
-1931.8 -5906.8 -255.6 201 0 6.3 19.0 5.0 2.5 2 1 2 3 3
-1000.9 -5289.9 -235.5 81 0 14.5 8.7 5.0 2.5 2 0 2 5 5
-1670.5 -6370.6 -242.8 89 0 17.0 11.7 7.5 2.5 4 0 3 0 0
-1975.4 -6447.7 -253.7 187 0 8.4 8.3 10.0 2.5 2 0 4 2 2
-1973.0 -6477.2 -255.1 80 0 8.2 11.4 5.0 0.0 0 1 2 0 0
-1932.6 -6459.9 -251.9 4 0 8.0 8.1 5.0 0.0 0 1 2 1 1
-1985.9 -6577.0 -260.2 8 0 10.3 14.0 2.5 2.5 2 1 1 0 0
-2059.3 -6602.7 -255.9 255 0 9.8 21.3 7.5 2.5 2 1 3 2 2
-1983.4 -6658.4 -261.2 358 0 6.5 7.2 2.5 2.5 2 1 1 3 3
-2715.1 -5862.9 -243.2 119 0 12.1 18.1 5.0 2.5 2 1 2 0 0
-496.9 -4933.9 -243.8 215 0 15.6 15.6 5.0 2.5 2 1 2 4 4
-2254.7 -6095.0 -257.2 26 0 7.0 6.7 7.5 2.5 2 0 3 3 3
-339.0 -5487.9 -247.0 86 0 9.9 10.6 7.5 2.5 2 1 3 1 1
1311.1 -1517.4 -162.2 209 0 11.8 24.3 10.0 0.0 0 1 4 1 1
1366.0 -1460.1 -163.8 286 0 10.5 8.0 7.5 2.5 2 0 3 2 2
-519.1 -5904.2 -240.4 98 0 9.7 13.9 7.5 2.5 2 1 3 3 3
1225.8 -5510.7 -248.3 86 0 10.9 14.9 2.5 2.5 2 1 1 0 0
1176.2 -5241.0 -247.4 181 0 18.4 9.0 7.5 2.5 2 0 3 0 0
1312.8 -5277.7 -245.8 42 0 12.5 19.8 10.0 2.5 2 1 4 5 5
1240.4 -5184.0 -243.3 99 0 7.6 6.8 7.5 2.5 2 0 3 1 1
1148.9 -5156.0 -246.1 282 0 8.8 11.4 2.5 2.5 2 1 1 3 3
1192.7 -5100.7 -248.0 93 0 7.5 10.8 7.5 2.5 2 1 3 3 3
1403.7 -4766.1 -244.8 32 0 8.7 21.4 7.5 2.5 2 1 3 1 1
1323.6 -4821.6 -247.9 121 0 8.4 9.9 7.5 2.5 4 1 3 5 5
1296.7 -4821.1 -248.1 156 0 8.4 12.3 7.5 2.5 2 1 3 0 0
1275.6 -4833.2 -248.7 354 0 10.5 13.5 10.0 2.5 2 1 4 1 1
1261.4 -5029.5 -244.9 272 0 10.0 8.4 5.0 2.5 4 0 2 3 3
1179.1 -5009.1 -247.9 18 0 9.5 8.3 2.5 2.5 2 0 1 5 5
1150.3 -5050.8 -250.8 32 0 12.8 9.5 2.5 2.5 2 0 1 0 0
1100.8 -5040.4 -251.8 205 0 9.3 16.1 10.0 2.5 2 1 4 4 4
983.0 -4971.8 -250.7 91 0 10.7 13.1 7.5 2.5 2 1 3 5 5
1313.0 -5458.1 -246.5 199 0 12.1 8.7 7.5 2.5 2 0 3 1 1
1361.5 -5404.6 -248.0 6 0 8.4 8.6 7.5 2.5 4 1 3 3 3
1343.6 -5435.2 -246.8 40 0 6.2 6.9 5.0 2.5 2 1 2 3 3
1364.3 -5504.9 -250.9 109 0 8.3 10.2 7.5 2.5 2 1 3 5 5
1272.0 -4483.4 -249.2 98 0 6.9 10.0 5.0 2.5 2 1 2 2 2
1120.1 -4672.5 -242.5 154 0 7.6 14.1 7.5 2.5 2 1 3 2 2
1020.6 -4606.0 -246.7 213 0 13.1 9.1 5.0 2.5 2 0 2 1 1
1447.3 -4717.9 -244.2 191 0 18.9 8.1 2.5 0.0 0 0 1 5 5
1513.5 -4681.2 -247.7 289 0 16.1 14.2 2.5 2.5 2 0 1 5 5
1503.8 -4733.1 -245.8 42 0 6.1 19.2 5.0 2.5 2 1 2 0 0
1514.6 -4714.6 -246.7 35 0 8.0 13.8 5.0 2.5 2 1 2 5 5
1487.5 -4687.6 -246.8 195 0 12.6 13.7 2.5 0.0 0 1 1 4 4
1426.8 -4693.3 -243.3 12 0 10.8 12.5 7.5 2.5 2 1 3 4 4
1426.9 -4665.0 -243.7 357 0 15.0 8.0 7.5 0.0 0 0 3 0 0
1284.5 -4654.7 -244.6 301 0 15.0 9.0 7.5 2.5 4 0 3 2 2
453.8 -5850.3 -167.7 201 0 16.7 9.4 10.0 2.5 2 0 4 3 3
422.5 -5956.6 -166.0 209 0 13.1 10.8 7.5 0.0 0 0 3 5 5
446.5 -5874.0 -166.5 200 0 14.5 8.7 5.0 0.0 0 0 2 2 2
440.4 -5891.7 -165.9 202 0 13.1 8.2 10.0 2.5 2 0 4 1 1
437.5 -5908.6 -166.1 190 0 11.6 8.7 7.5 2.5 2 0 3 2 2
493.4 -5756.5 -172.9 227 0 13.5 9.5 7.5 2.5 2 0 3 0 0
226.0 -5369.9 -202.8 82 0 10.1 9.6 2.5 2.5 2 0 1 5 5
224.0 -5255.4 -193.4 292 0 17.4 10.3 7.5 2.5 4 0 3 1 1
958.2 -5048.8 -240.5 80 0 7.3 16.6 7.5 2.5 2 1 3 0 0
889.0 -5232.1 -247.7 225 0 13.2 7.8 5.0 2.5 2 0 2 1 1
846.6 -5350.6 -251.7 46 0 16.1 10.4 7.5 2.5 2 0 3 5 5
1085.0 -5166.1 -246.4 89 0 8.8 15.3 5.0 2.5 2 1 2 3 3
-1093.5 -4629.9 -254.4 42 0 8.7 9.9 5.0 2.5 2 1 2 2 2
-809.5 -4883.9 -238.8 41 0 7.5 11.0 10.0 0.0 0 1 4 0 0
-800.9 -5384.5 -242.4 229 0 9.3 8.5 10.0 0.0 0 0 4 1 1
-797.8 -5358.6 -242.2 200 0 11.3 11.9 5.0 2.5 2 1 2 2 2
605.9 -5207.5 -220.4 341 0 8.7 12.9 7.5 2.5 2 1 3 4 4
585.1 -5164.4 -205.9 308 0 8.8 13.9 5.0 2.5 2 1 2 0 0
-22.0 -5187.0 -228.9 311 0 8.4 12.6 7.5 0.0 0 1 3 3 3
-22.6 -5093.4 -233.3 259 0 7.3 12.6 7.5 2.5 2 1 3 1 1
228.8 -5065.3 -205.7 260 0 9.2 6.6 7.5 2.5 2 0 3 0 0
1255.2 -5823.0 -251.1 185 0 9.6 6.7 5.0 0.0 0 0 2 0 0
1217.7 -5884.9 -245.6 221 0 10.0 7.6 5.0 2.5 2 0 2 4 4
1206.7 -5912.8 -244.0 219 0 12.7 10.3 7.5 2.5 2 0 3 5 5
1153.1 -6065.9 -247.6 183 0 13.8 15.3 5.0 0.0 0 1 2 3 3
1278.2 -5687.4 -251.7 297 0 10.1 11.3 10.0 2.5 2 1 4 5 5
1120.2 -5695.6 -255.2 106 0 9.5 11.4 5.0 2.5 4 1 2 4 4
1129.3 -5627.8 -253.9 6 0 10.7 22.2 10.0 2.5 2 1 4 1 1
1114.5 -5856.6 -249.6 187 0 9.4 7.2 5.0 2.5 2 0 2 2 2
1129.5 -5881.0 -248.7 108 0 15.1 12.2 5.0 2.5 2 0 2 0 0
1281.9 -5733.8 -252.2 89 0 7.1 6.8 10.0 2.5 2 0 4 1 1
872.2 -6833.3 -223.5 188 0 6.6 6.3 7.5 2.5 2 0 3 1 1
830.3 -6845.7 -209.9 358 0 9.1 6.7 5.0 2.5 2 0 2 3 3
799.7 -5866.5 -247.9 337 0 16.3 12.8 2.5 2.5 4 0 1 0 0
977.0 -6106.6 -252.1 189 0 9.1 16.4 5.0 2.5 2 1 2 5 5
927.6 -6150.5 -239.7 4 0 27.2 9.4 12.5 2.5 2 0 5 4 4
982.2 -6196.6 -240.3 73 0 9.7 13.0 5.0 2.5 4 1 2 2 2
946.0 -6290.7 -214.6 338 0 10.2 6.1 7.5 2.5 2 0 3 5 5
970.8 -6455.7 -226.4 206 0 8.9 6.6 7.5 2.5 2 0 3 0 0
1024.0 -6461.5 -242.4 85 0 8.3 12.7 2.5 2.5 2 1 1 0 0
965.2 -6355.7 -217.8 356 0 15.6 8.6 10.0 2.5 2 0 4 2 2
949.4 -6430.1 -213.5 20 0 8.6 9.6 2.5 2.5 2 1 1 5 5
1021.7 -6342.2 -240.8 269 0 7.8 20.5 5.0 2.5 2 1 2 1 1
924.8 -6617.6 -221.6 205 0 9.9 6.1 5.0 2.5 2 0 2 5 5
1289.2 -5391.6 -245.9 22 0 6.2 11.3 5.0 2.5 2 1 2 4 4
1162.3 -5433.6 -249.8 216 0 8.7 8.5 7.5 0.0 0 0 3 0 0
1021.5 -5557.1 -247.0 66 0 11.4 8.9 5.0 2.5 2 0 2 1 1
997.6 -5584.3 -249.3 51 0 9.8 11.3 5.0 2.5 4 1 2 3 3
938.7 -5619.5 -247.9 67 0 8.8 9.1 5.0 2.5 2 1 2 1 1
910.6 -5616.7 -246.4 41 0 12.1 13.7 5.0 2.5 2 1 2 2 2
1740.2 -4876.4 -247.1 326 0 6.2 8.0 7.5 2.5 4 1 3 4 4
1752.1 -4919.2 -246.4 115 0 7.0 8.3 10.0 2.5 4 1 4 5 5
1593.5 -4739.8 -248.8 101 0 13.5 9.9 7.5 2.5 4 0 3 2 2
-666.8 -5668.8 -237.1 182 0 10.8 9.0 7.5 2.5 2 0 3 3 3
-618.7 -5688.4 -236.8 15 0 8.5 10.8 2.5 0.0 0 1 1 5 5
-656.8 -5891.3 -244.0 3 0 13.2 10.3 5.0 2.5 4 0 2 1 1
-663.9 -5947.9 -241.5 33 0 7.4 8.2 2.5 2.5 2 1 1 0 0
-770.9 -6137.3 -193.3 358 0 10.7 14.6 5.0 2.5 2 1 2 5 5
-761.4 -6182.6 -190.0 357 0 7.7 9.0 7.5 2.5 2 1 3 3 3
-764.1 -6243.3 -187.2 14 0 16.2 10.7 2.5 2.5 2 0 1 2 2
-773.2 -6300.1 -186.4 354 0 7.7 9.8 10.0 2.5 2 1 4 5 5
-745.5 -6317.7 -197.9 266 0 6.2 16.4 5.0 2.5 2 1 2 1 1
-779.8 -6444.1 -191.6 354 0 9.9 15.8 7.5 2.5 2 1 3 2 2
-918.4 -6858.4 -147.3 87 0 9.1 13.8 7.5 2.5 2 1 3 0 0
-626.2 -6498.4 -195.7 98 0 10.1 6.6 10.0 2.5 2 0 4 3 3
-591.3 -6506.7 -188.7 92 0 10.7 12.8 5.0 2.5 2 1 2 5 5
-514.6 -6483.2 -171.9 77 0 11.5 6.8 7.5 2.5 2 0 3 3 3
-465.5 -6476.4 -160.8 5 0 9.8 18.5 10.0 2.5 4 1 4 4 4
464.4 -5703.5 -173.6 286 0 7.2 6.2 5.0 2.5 2 0 2 2 2
212.8 -5598.9 -207.1 88 0 15.6 10.2 5.0 2.5 2 0 2 4 4
-441.6 -3995.1 -232.2 312 0 13.3 14.3 7.5 2.5 2 1 3 5 5
-129.4 -4190.7 -242.2 296 0 9.4 21.9 7.5 2.5 4 1 3 3 3
-702.7 -4318.2 -250.8 134 0 6.1 8.5 7.5 2.5 2 1 3 1 1
-643.0 -4266.0 -251.0 350 0 8.8 13.9 10.0 0.0 0 1 4 4 4
-588.9 -4208.3 -246.2 71 0 14.2 10.8 5.0 0.0 0 0 2 1 1
-587.0 -4552.2 -246.9 189 0 10.7 17.9 5.0 0.0 0 1 2 4 4
-565.9 -5685.7 -243.7 73 0 9.7 7.5 5.0 2.5 2 0 2 2 2
-592.7 -5660.8 -240.4 191 0 9.4 15.6 7.5 2.5 2 1 3 2 2
-53.7 -3716.6 -230.1 67 0 7.2 7.2 5.0 2.5 2 1 2 5 5
-177.6 -3955.7 -231.6 160 0 8.8 7.7 2.5 2.5 2 0 1 3 3
-120.8 -4102.1 -240.1 191 0 11.7 6.9 7.5 2.5 2 0 3 2 2
-220.8 -4210.6 -238.6 195 0 15.4 10.0 7.5 2.5 2 0 3 4 4
-239.7 -4250.5 -239.7 134 0 11.1 16.7 10.0 2.5 2 1 4 4 4
-284.5 -4929.1 -238.8 344 0 8.6 11.5 7.5 2.5 2 1 3 1 1
1480.0 -4326.2 -244.5 200 0 9.8 13.7 7.5 2.5 2 1 3 0 0
1534.1 -4376.9 -247.1 95 0 15.1 9.0 2.5 2.5 2 0 1 4 4
1580.7 -4409.8 -248.7 271 0 14.0 9.8 5.0 2.5 2 0 2 1 1
1607.0 -4344.0 -247.5 86 0 10.5 16.4 5.0 0.0 0 1 2 3 3
1833.2 -4221.3 -240.2 3 0 9.8 19.9 7.5 2.5 2 1 3 2 2
1844.4 -4400.7 -233.8 31 0 8.1 12.8 5.0 2.5 2 1 2 2 2
1878.7 -4392.1 -227.3 116 0 6.8 14.5 10.0 2.5 2 1 4 4 4
1760.8 -4346.9 -244.5 247 0 8.3 12.4 7.5 2.5 2 1 3 2 2
1710.1 -4378.3 -245.2 197 0 7.4 7.2 5.0 2.5 2 0 2 3 3
1694.0 -4539.6 -250.1 0 0 9.0 12.5 5.0 2.5 2 1 2 0 0
1666.9 -4597.5 -250.0 90 0 18.1 8.5 5.0 2.5 2 0 2 5 5
1397.8 -4832.1 -247.1 83 0 7.7 9.9 2.5 2.5 2 1 1 4 4
1876.7 -3715.5 -225.5 273 0 7.1 10.5 7.5 2.5 2 1 3 3 3
1792.7 -3705.1 -233.1 97 0 11.3 10.7 7.5 2.5 2 0 3 5 5
1753.0 -3687.3 -234.9 180 0 10.2 16.2 2.5 2.5 2 1 1 1 1
1681.4 -3639.7 -240.9 113 0 8.0 10.0 7.5 2.5 2 1 3 0 0
1810.4 -3811.1 -237.2 337 0 10.0 11.6 10.0 2.5 2 1 4 4 4
763.7 -3810.4 -238.5 272 0 14.7 11.9 7.5 0.0 0 0 3 2 2
896.1 -3786.8 -242.3 46 0 11.9 8.2 7.5 2.5 2 0 3 4 4
1053.6 -3743.0 -242.3 108 0 15.2 11.7 7.5 0.0 0 0 3 1 1
997.3 -4013.8 -248.9 322 0 7.8 14.3 5.0 2.5 4 1 2 2 2
1135.0 -3950.1 -248.7 88 0 8.5 13.1 7.5 2.5 2 1 3 5 5
1885.9 -3917.9 -226.8 80 0 16.5 10.0 2.5 2.5 2 0 1 0 0
1825.2 -4027.4 -233.7 149 0 7.0 12.4 5.0 2.5 2 1 2 5 5
1817.3 -3978.5 -233.5 178 0 7.2 12.8 7.5 2.5 2 1 3 4 4
1772.3 -3823.4 -241.2 87 0 10.2 6.0 7.5 2.5 2 0 3 3 3
1784.4 -3892.9 -240.3 56 0 7.5 7.3 5.0 2.5 2 0 2 1 1
1649.0 -3919.1 -244.2 180 0 7.1 9.7 5.0 2.5 4 1 2 4 4
1512.4 -3988.8 -243.5 180 0 7.9 6.8 7.5 2.5 2 0 3 5 5
1581.6 -3958.9 -244.5 297 0 6.5 10.3 5.0 2.5 2 1 2 3 3
1541.8 -3960.5 -244.2 263 0 8.8 12.6 5.0 2.5 2 1 2 4 4
1431.5 -3962.6 -242.4 57 0 7.4 7.6 7.5 2.5 2 1 3 1 1
1249.3 -4075.0 -242.5 67 0 7.2 11.1 2.5 2.5 4 1 1 4 4
1478.0 -4105.3 -243.2 270 0 7.7 9.5 7.5 2.5 2 1 3 2 2
1551.8 -4212.2 -247.1 13 0 10.3 18.6 7.5 2.5 2 1 3 2 2
1463.0 -4237.3 -243.0 128 0 6.8 11.6 10.0 2.5 4 1 4 3 3
1395.8 -4259.0 -245.0 178 0 6.1 19.5 10.0 2.5 2 1 4 5 5
1363.6 -4349.4 -247.3 357 0 10.1 7.2 7.5 2.5 4 0 3 2 2
1396.4 -4423.2 -247.4 322 0 8.4 15.0 5.0 2.5 4 1 2 0 0
1214.0 -3716.8 -235.8 240 0 10.6 7.7 7.5 0.0 0 0 3 0 0
1383.6 -3756.5 -234.5 97 0 6.6 10.0 7.5 2.5 2 1 3 4 4
1489.9 -3711.4 -242.6 184 0 8.9 11.1 7.5 2.5 2 1 3 5 5
1292.7 -3679.6 -236.4 216 0 9.1 12.8 2.5 2.5 2 1 1 0 0
1626.3 -4019.7 -245.2 0 0 11.6 7.4 5.0 2.5 2 0 2 0 0
889.1 -3481.4 -234.2 274 0 8.5 13.7 7.5 2.5 2 1 3 1 1
889.7 -3339.0 -224.8 110 0 9.4 13.7 10.0 2.5 2 1 4 1 1
1589.3 -3575.7 -246.1 257 0 9.2 8.4 10.0 2.5 2 0 4 0 0
-1575.2 -4997.6 -245.4 94 0 8.0 9.7 7.5 2.5 2 1 3 1 1
-1582.2 -5241.0 -236.0 22 0 14.1 9.1 5.0 2.5 2 0 2 0 0
-1576.0 -5303.4 -243.8 177 0 15.7 8.8 7.5 2.5 2 0 3 3 3
-1599.8 -5313.3 -230.6 10 0 13.5 9.7 7.5 2.5 2 0 3 1 1
-1588.3 -5350.7 -239.5 347 0 9.9 9.4 5.0 2.5 2 0 2 0 0
-1520.9 -5517.6 -246.4 340 0 10.6 8.1 7.5 2.5 2 0 3 0 0
-1539.5 -5611.2 -248.2 8 0 14.2 10.0 7.5 2.5 2 0 3 4 4
-1568.2 -5661.7 -247.1 25 0 12.4 8.7 7.5 2.5 2 0 3 5 5
-1249.0 -5893.8 -216.4 142 0 7.7 13.6 5.0 0.0 0 1 2 3 3
-1149.0 -5986.9 -186.4 66 0 8.7 6.3 5.0 2.5 2 0 2 5 5
-1074.3 -5882.0 -198.9 253 0 8.5 10.7 5.0 2.5 2 1 2 3 3
-1084.0 -5931.5 -194.8 83 0 7.6 14.2 7.5 2.5 2 1 3 4 4
-1189.2 -5800.8 -228.9 91 0 14.9 8.8 7.5 2.5 2 0 3 4 4
-1052.2 -5719.6 -231.4 269 0 14.4 8.4 5.0 2.5 2 0 2 5 5
1862.1 -5063.8 -223.9 75 0 9.6 17.8 7.5 2.5 2 1 3 4 4
1703.4 -5061.9 -244.0 222 0 8.4 10.0 5.0 2.5 2 1 2 2 2
1682.3 -5115.0 -246.1 22 0 11.6 16.7 5.0 2.5 2 1 2 0 0
1490.9 -5646.0 -238.3 76 0 6.4 7.0 7.5 2.5 2 1 3 2 2
1540.1 -5441.7 -248.1 324 0 7.2 7.1 7.5 2.5 2 0 3 1 1
1476.4 -5537.0 -247.9 152 0 12.3 10.3 10.0 2.5 2 0 4 4 4
1842.4 -4651.8 -231.8 359 0 7.2 9.7 2.5 2.5 2 1 1 5 5
1861.0 -4788.6 -229.9 335 0 7.8 6.1 7.5 2.5 2 0 3 0 0
806.8 -5791.7 -245.7 29 0 8.6 9.7 7.5 2.5 4 1 3 0 0
760.1 -5808.8 -246.1 194 0 9.0 14.0 7.5 2.5 2 1 3 1 1
825.0 -5921.0 -250.5 357 0 11.3 14.3 7.5 2.5 2 1 3 5 5
820.6 -5892.6 -248.7 338 0 10.5 13.8 7.5 0.0 0 1 3 3 3
834.9 -5883.6 -248.5 140 0 8.2 16.1 5.0 2.5 2 1 2 0 0
825.9 -5865.2 -247.9 148 0 10.8 8.7 7.5 2.5 2 0 3 3 3
1053.3 -5996.8 -250.2 181 0 13.5 7.7 5.0 2.5 2 0 2 5 5
636.0 -4825.2 -230.5 205 0 6.7 8.5 5.0 2.5 4 1 2 0 0
709.1 -4848.3 -243.0 287 0 7.9 11.2 7.5 2.5 2 1 3 2 2
721.7 -4228.3 -233.8 24 0 6.5 7.4 7.5 2.5 2 1 3 4 4
1242.0 -6596.6 -236.2 178 0 7.8 10.8 7.5 2.5 2 1 3 5 5
1280.2 -6476.4 -233.7 250 0 8.2 10.9 7.5 2.5 2 1 3 3 3
1250.2 -6485.3 -238.6 251 0 11.2 7.7 5.0 0.0 0 0 2 2 2
1263.2 -6506.6 -236.4 90 0 15.3 11.4 5.0 2.5 2 0 2 5 5
1137.4 -6838.8 -242.6 248 0 6.0 10.4 2.5 2.5 2 1 1 0 0
1474.3 -5891.3 -236.3 87 0 11.3 10.6 5.0 2.5 2 0 2 4 4
1401.7 -6030.9 -236.4 288 0 6.7 9.2 5.0 2.5 2 1 2 2 2
1495.5 -6039.0 -212.0 115 0 7.3 12.9 7.5 2.5 2 1 3 4 4
1311.8 -6170.9 -244.2 207 0 7.2 9.6 7.5 2.5 2 1 3 0 0
1369.4 -6182.9 -241.8 38 0 13.6 7.1 7.5 2.5 2 0 3 5 5
1350.1 -6442.1 -228.7 357 0 7.3 6.1 7.5 2.5 2 0 3 0 0
1342.0 -6473.2 -227.2 90 0 9.1 14.7 7.5 2.5 2 1 3 2 2
1185.6 -6464.1 -248.6 295 0 6.6 11.1 2.5 2.5 2 1 1 0 0
-4079.1 5495.7 -230.9 225 0 9.2 20.7 14.0 3.5 2 1 4 1 1
-3705.3 5568.7 -233.9 157 0 18.6 12.7 10.5 3.5 2 0 3 4 4
-3615.7 5689.2 -226.8 180 0 9.5 23.0 5.0 2.5 2 1 2 0 0
-3552.3 5711.1 -226.0 297 0 13.2 19.6 12.5 2.5 2 1 5 0 0
-3590.0 5724.5 -225.7 291 0 27.5 14.8 10.0 2.5 2 0 4 5 5
-3670.8 6065.0 -243.2 172 0 8.1 11.0 5.0 2.5 2 1 2 1 1
-3641.5 5960.0 -249.8 40 0 7.8 31.0 10.0 0.0 0 1 4 4 4
-3679.3 5980.1 -251.9 137 0 8.5 17.4 7.5 2.5 2 1 3 3 3
-3761.7 5859.6 -243.9 58 0 23.2 13.7 7.5 2.5 2 0 3 1 1
-3801.9 5848.1 -243.5 132 0 12.0 24.1 10.0 0.0 0 1 4 1 1
-3760.4 5757.8 -234.5 358 0 7.5 21.8 10.0 2.5 2 1 4 4 4
-3721.3 5830.7 -240.4 343 0 7.5 36.7 15.0 0.0 0 1 6 5 5
-3740.5 5772.3 -235.1 288 0 28.2 6.8 10.0 2.5 2 0 4 1 1
-3725.6 5703.6 -225.3 76 0 6.6 13.4 7.5 2.5 2 1 3 4 4
-4031.8 5601.1 -236.0 271 0 6.8 29.2 14.0 0.0 0 1 4 5 5
-3991.3 5592.8 -240.3 314 0 6.9 29.9 14.0 3.5 2 1 4 1 1
-4028.8 5431.2 -234.3 122 0 9.4 10.5 14.0 3.5 2 1 4 4 4
-4007.5 5511.1 -236.7 271 0 8.6 23.4 14.0 3.5 2 1 4 5 5
-4055.4 5524.1 -232.8 220 0 8.3 24.1 14.0 3.5 4 1 4 4 4
-4073.1 5516.8 -231.7 220 0 9.2 32.7 14.0 3.5 2 1 4 3 3
-4040.3 5451.2 -233.8 143 0 6.8 21.6 14.0 3.5 2 1 4 5 5
-4012.5 5454.5 -236.8 96 0 7.9 28.0 14.0 3.5 2 1 4 0 0
-3985.9 5498.2 -239.2 284 0 10.4 32.7 14.0 0.0 0 1 4 5 5
-4006.1 5431.8 -235.9 31 0 19.8 7.6 14.0 3.5 2 0 4 4 4
-3902.4 5404.8 -238.8 227 0 12.6 22.7 17.5 0.0 0 1 7 2 2
-3832.6 5267.8 -230.4 88 0 18.3 8.6 10.5 3.5 4 0 3 5 5
-3801.9 5373.7 -236.5 164 0 8.5 25.4 10.5 3.5 2 1 3 3 3
-3804.9 5355.8 -235.5 165 0 10.9 31.5 10.5 3.5 2 1 3 5 5
-3842.2 5305.3 -231.0 263 0 15.4 9.0 10.5 3.5 4 0 3 5 5
-3777.8 5323.8 -233.6 12 0 9.6 15.6 10.5 0.0 0 1 3 3 3
-3770.7 5278.1 -235.5 103 0 8.3 36.4 10.5 0.0 0 1 3 0 0
-3812.7 5268.8 -231.8 100 0 13.3 26.2 10.5 3.5 2 1 3 1 1
-3854.8 5509.7 -243.8 331 0 8.2 10.6 10.5 3.5 2 1 3 1 1
-3832.5 5462.1 -241.5 307 0 12.0 18.4 10.5 3.5 4 1 3 4 4
-3764.1 5418.0 -239.8 8 0 7.1 8.3 10.5 3.5 2 1 3 3 3
-3763.8 5432.3 -240.5 2 0 14.5 8.1 10.5 3.5 2 0 3 4 4
-3790.2 5441.1 -240.3 294 0 38.4 12.0 10.5 3.5 4 0 3 2 2
5523.8 -2701.4 114.2 8 0 8.5 13.5 7.5 2.5 2 1 3 5 5
5627.0 -2692.0 115.8 185 0 6.3 15.7 5.0 2.5 2 1 2 1 1
5598.5 -2815.3 145.1 91 0 10.3 9.9 7.5 2.5 2 0 3 4 4
5554.3 -2313.0 29.9 4 0 8.3 11.7 10.0 2.5 2 1 4 4 4
5540.3 -2357.7 33.9 65 0 15.0 10.4 5.0 0.0 0 0 2 3 3
6038.1 -2016.3 -55.3 31 0 11.1 16.6 7.5 2.5 4 1 3 2 2
6165.0 -1967.5 -78.6 65 0 12.1 25.4 12.5 2.5 2 1 5 2 2
6161.3 -2134.3 -55.9 29 0 7.2 14.9 7.5 2.5 2 1 3 4 4
6144.0 -2109.2 -57.9 293 0 9.5 11.4 7.5 2.5 4 1 3 2 2
6001.0 -1964.6 -62.4 242 0 7.2 11.6 2.5 2.5 2 1 1 2 2
6042.8 -1994.5 -68.0 61 0 7.8 47.5 12.5 2.5 2 1 5 3 3
6043.3 -1796.6 -54.0 87 0 7.8 9.0 5.0 2.5 2 1 2 5 5
6898.1 3339.7 -4.3 282 0 12.6 7.0 7.5 2.5 2 0 3 3 3
1264.3 6800.7 174.7 101 0 10.8 34.0 17.5 0.0 0 1 7 5 5
1601.8 -610.4 -114.6 1 0 6.5 10.7 5.0 2.5 2 1 2 2 2
1379.1 809.4 55.5 187 0 6.6 11.9 7.5 2.5 4 1 3 4 4
1544.4 1111.5 31.5 103 0 7.9 7.1 5.0 2.5 2 0 2 1 1
1516.0 789.0 31.6 94 0 10.1 15.2 2.5 2.5 2 1 1 4 4
1707.1 353.7 -35.5 92 0 9.7 11.7 7.5 2.5 4 1 3 4 4
1725.3 425.8 -31.3 266 0 14.3 10.2 5.0 2.5 2 0 2 1 1
1691.7 395.0 -30.2 198 0 8.2 11.3 7.5 2.5 2 1 3 3 3
1785.7 609.3 -20.4 347 0 10.7 7.9 7.5 2.5 2 0 3 4 4
1747.7 687.6 -13.3 182 0 10.7 12.1 7.5 2.5 2 1 3 5 5
1771.4 719.5 -13.1 272 0 7.7 8.9 10.0 2.5 2 1 4 2 2
1806.0 -402.0 -104.3 8 0 8.1 8.5 7.5 2.5 2 1 3 2 2
1767.0 1033.9 3.5 88 0 8.6 9.1 5.0 0.0 0 1 2 3 3
1826.8 905.8 -5.4 86 0 8.1 11.4 7.5 2.5 2 1 3 3 3
1941.9 902.0 -11.6 88 0 6.6 8.5 7.5 2.5 2 1 3 3 3
1918.2 827.8 -11.3 178 0 9.4 8.4 7.5 2.5 2 0 3 0 0
1921.4 725.0 -20.3 90 0 6.6 8.8 7.5 2.5 2 1 3 5 5
2015.3 768.1 -22.1 182 0 7.2 15.6 7.5 2.5 2 1 3 0 0
1520.5 1651.8 65.7 78 0 6.5 11.0 7.5 2.5 2 1 3 2 2
1633.5 636.4 1.7 75 0 11.1 11.2 7.5 2.5 2 1 3 4 4
1605.5 639.8 4.8 279 0 12.1 14.4 5.0 0.0 0 1 2 0 0
1679.3 596.9 -9.4 89 0 7.1 9.2 7.5 2.5 2 1 3 4 4
1688.1 598.6 -10.7 87 0 9.0 13.7 2.5 2.5 2 1 1 1 1
1574.7 633.4 7.8 190 0 9.2 17.0 7.5 2.5 2 1 3 2 2
1583.5 546.4 -3.4 5 0 14.9 9.6 7.5 2.5 4 0 3 0 0
1548.9 474.7 -9.7 99 0 11.0 7.7 7.5 2.5 4 0 3 2 2
1670.1 415.8 -24.8 201 0 12.4 8.9 7.5 2.5 4 0 3 1 1
1836.4 -34.8 -82.9 76 0 8.9 13.2 5.0 2.5 4 1 2 1 1
1747.7 158.4 -62.1 340 0 8.8 11.7 5.0 2.5 4 1 2 2 2
1717.9 160.2 -58.6 263 0 8.3 10.2 5.0 2.5 2 1 2 0 0
1643.8 151.8 -52.5 272 0 8.1 14.8 5.0 0.0 0 1 2 5 5
1648.6 96.5 -52.3 80 0 7.0 7.7 2.5 2.5 4 1 1 2 2
1746.7 -5.6 -73.2 2 0 12.0 7.8 5.0 2.5 2 0 2 4 4
1747.3 -67.8 -78.8 90 0 9.4 11.9 7.5 2.5 2 1 3 4 4
1704.6 -11.8 -71.4 116 0 24.0 10.5 15.0 0.0 0 0 6 4 4
1548.7 344.0 -22.7 0 0 9.5 6.5 7.5 2.5 2 0 3 4 4
1451.8 564.6 11.1 283 0 7.8 12.5 7.5 2.5 2 1 3 4 4
1388.9 516.5 17.5 22 0 6.2 6.4 10.0 2.5 2 1 4 1 1
1342.2 530.9 24.1 174 0 7.8 12.3 7.5 0.0 0 1 3 0 0
1392.7 594.4 24.9 212 0 9.0 9.8 5.0 2.5 2 1 2 0 0
1352.3 646.3 40.4 89 0 9.5 15.6 2.5 0.0 0 1 1 3 3
1463.4 740.5 40.6 271 0 7.4 8.4 7.5 2.5 2 1 3 2 2
1262.4 542.9 38.8 89 0 8.7 10.1 7.5 2.5 2 1 3 1 1
1052.6 712.7 88.1 83 0 7.5 6.1 2.5 0.0 0 0 1 1 1
1152.3 182.4 30.4 96 0 6.8 7.9 7.5 2.5 2 1 3 2 2
1435.1 -10.7 -56.0 269 0 12.9 9.3 7.5 2.5 2 0 3 2 2
1394.4 181.7 -34.7 273 0 7.2 8.5 5.0 2.5 2 1 2 4 4
1579.1 -12.6 -65.6 138 0 7.4 14.0 7.5 2.5 4 1 3 1 1
1607.9 16.1 -63.6 21 0 7.9 13.0 10.0 0.0 0 1 4 1 1
1709.8 -116.7 -82.5 8 0 8.1 6.2 7.5 2.5 2 0 3 2 2
1704.3 -174.1 -89.0 98 0 8.5 12.6 5.0 2.5 2 1 2 2 2
1641.3 -154.9 -81.5 230 0 13.3 10.9 7.5 2.5 2 0 3 0 0
1574.1 -169.3 -81.3 179 0 8.5 12.4 10.0 2.5 2 1 4 4 4
1628.7 -366.9 -106.4 340 0 6.7 10.1 10.0 2.5 2 1 4 3 3
1530.0 -389.5 -95.4 85 0 8.3 15.8 5.0 2.5 2 1 2 4 4
1556.9 -254.3 -90.1 212 0 11.6 6.3 7.5 0.0 0 0 3 1 1
1473.0 -622.5 -93.8 12 0 8.6 7.0 7.5 2.5 2 0 3 5 5
1443.8 -613.5 -91.4 193 0 12.6 10.8 10.0 2.5 2 0 4 0 0
1482.9 -539.8 -94.4 264 0 8.2 12.0 7.5 2.5 2 1 3 5 5
1574.4 -547.8 -108.8 270 0 10.2 7.8 7.5 2.5 2 0 3 2 2
1426.4 -791.3 -97.3 350 0 10.0 7.8 7.5 2.5 2 0 3 3 3
1222.7 -892.2 -65.2 111 0 8.1 15.1 10.0 2.5 2 1 4 1 1
1374.1 -943.2 -99.0 195 0 10.8 11.7 2.5 2.5 2 1 1 3 3
1133.8 6847.5 175.6 58 0 13.8 9.9 7.5 2.5 2 0 3 5 5
979.4 6563.8 209.1 62 0 10.5 11.2 7.5 2.5 2 1 3 5 5
1120.9 6778.8 180.4 184 0 14.6 12.0 7.5 2.5 4 0 3 4 4
1339.0 6593.1 209.5 354 0 15.4 12.4 7.5 2.5 2 0 3 0 0
1216.4 6692.0 192.5 25 0 7.3 11.4 7.5 2.5 2 1 3 4 4
1196.2 6762.7 185.6 1 0 12.2 14.5 7.5 2.5 2 1 3 5 5
1182.1 6719.7 189.3 126 0 10.8 8.3 5.0 2.5 2 0 2 2 2
1170.4 6729.1 187.1 113 0 12.6 10.6 7.5 2.5 2 0 3 0 0
1513.1 6577.3 235.3 94 0 19.3 13.4 15.0 0.0 0 0 6 5 5
1354.2 6639.5 209.1 196 0 9.2 12.3 7.5 2.5 4 1 3 4 4
1354.0 6614.5 210.5 114 0 11.5 14.6 10.0 2.5 2 1 4 3 3
1394.3 6612.0 215.0 20 0 8.9 13.3 10.0 2.5 2 1 4 0 0
1433.3 6612.1 216.3 31 0 9.3 32.2 12.5 0.0 0 1 5 0 0
1247.8 6606.5 201.5 325 0 8.9 9.6 7.5 2.5 2 1 3 2 2
1276.0 6501.1 218.7 271 0 12.3 7.4 7.5 2.5 2 0 3 2 2
1226.9 6529.5 213.7 255 0 11.2 8.6 5.0 2.5 2 0 2 3 3
1188.0 6550.1 210.8 191 0 10.4 14.3 5.0 2.5 2 1 2 3 3
1318.7 6462.8 226.9 128 0 11.6 8.6 5.0 2.5 2 0 2 0 0
1334.6 6381.8 238.3 217 0 6.8 14.2 7.5 2.5 2 1 3 1 1
1382.0 6374.1 240.7 350 0 7.5 10.1 5.0 2.5 2 1 2 5 5
1392.1 6359.7 242.7 21 0 7.0 10.8 7.5 0.0 0 1 3 5 5
1345.5 6279.8 254.2 55 0 13.0 8.2 5.0 2.5 2 0 2 4 4
1324.0 6385.2 237.8 258 0 13.1 9.3 7.5 0.0 0 0 3 0 0
1279.0 6382.1 237.1 286 0 11.9 7.1 5.0 2.5 2 0 2 5 5
1137.7 6343.1 240.8 269 0 6.0 7.2 7.5 0.0 0 1 3 5 5
1226.4 6321.1 242.9 118 0 11.6 8.7 5.0 2.5 2 0 2 3 3
1198.9 6327.3 241.6 100 0 11.7 8.8 7.5 2.5 2 0 3 0 0
1187.6 6423.3 229.5 92 0 9.3 6.0 5.0 2.5 2 0 2 2 2
6201.0 -1491.3 -31.4 352 0 9.8 12.0 7.5 2.5 2 1 3 4 4
6201.4 -1510.1 -32.5 8 0 9.0 14.2 7.5 0.0 0 1 3 0 0
6212.5 -1578.5 -32.0 187 0 11.4 10.6 5.0 2.5 2 0 2 2 2
-4166.1 5340.3 -240.0 325 0 8.1 54.8 3.5 3.5 2 1 1 4 4
-4226.0 5321.6 -238.7 142 0 8.1 32.5 3.5 3.5 2 1 1 4 4
-4195.6 5362.7 -236.4 234 0 23.0 8.5 3.5 3.5 2 0 1 1 1
-4178.2 5351.5 -237.7 324 0 7.5 17.9 3.5 3.5 2 1 1 2 2
6216.0 -1307.4 -14.1 30 0 9.7 6.8 10.0 2.5 2 0 4 4 4
6223.2 -1352.4 -18.2 328 0 7.1 11.4 7.5 2.5 2 1 3 5 5
