-4973.4 5452.2 26.1 294 0 12.4 9.2 7.5 2.5 2 0 3 2 2
-5118.0 6078.4 22.4 182 0 10.7 14.1 7.5 2.5 2 1 3 1 1
-4963.0 5807.9 37.3 1 0 10.4 9.7 7.5 2.5 2 0 3 4 4
-5182.7 5991.0 33.9 164 0 9.9 14.0 5.0 2.5 2 1 2 2 2
-5161.6 5885.0 27.7 180 0 11.6 17.2 7.5 2.5 2 1 3 0 0
-5009.8 5944.6 26.2 91 0 18.6 17.5 10.0 2.5 2 0 4 0 0
-5046.8 5778.5 21.4 271 0 10.9 16.8 7.5 2.5 2 1 3 4 4
-5060.3 5568.2 24.4 140 0 19.1 8.5 5.0 2.5 4 0 2 3 3
-5119.7 5631.5 22.5 89 0 12.1 10.7 7.5 2.5 2 0 3 2 2
-4999.3 5871.8 30.5 265 0 14.8 17.6 12.5 0.0 0 1 5 5 5
-5085.9 6030.9 23.3 90 0 8.5 8.3 7.5 2.5 2 0 3 2 2
-5193.8 5973.8 35.6 270 0 8.2 12.5 7.5 2.5 2 1 3 3 3
-5119.9 5938.7 27.2 268 0 14.8 11.0 7.5 2.5 2 0 3 4 4
-5072.1 6049.9 21.6 358 0 14.3 18.3 10.0 2.5 2 1 4 4 4
-4980.2 5744.5 32.7 89 0 16.1 10.4 7.5 2.5 2 0 3 0 0
3102.7 5657.3 -47.0 101 0 11.5 14.7 10.0 0.0 0 1 4 3 3
3153.2 5693.2 -45.7 271 0 10.2 12.9 5.0 2.5 2 1 2 4 4
3155.4 5664.2 -45.1 98 0 8.5 8.5 2.5 2.5 2 0 1 1 1
3199.3 5668.9 -44.1 3 0 12.9 14.5 5.0 2.5 2 1 2 2 2
3121.9 5663.0 -46.5 100 0 15.7 18.1 10.0 2.5 2 1 4 0 0
3112.8 5699.9 -47.4 281 0 11.6 23.9 10.0 2.5 2 1 4 5 5
-6446.2 -2855.2 6.2 81 0 9.5 6.8 5.0 2.5 2 0 2 3 3
-6381.6 -2608.0 3.3 90 0 18.9 11.3 7.5 2.5 4 0 3 0 0
-6297.5 -2502.8 -4.3 75 0 17.7 13.6 2.5 2.5 2 0 1 4 4
-6082.0 -2269.0 -4.9 352 0 6.0 8.2 7.5 2.5 2 1 3 4 4
-6144.9 -2527.8 9.2 83 0 14.6 11.4 7.5 2.5 4 0 3 5 5
-5994.9 -2452.2 41.1 83 0 9.8 8.4 7.5 2.5 2 0 3 5 5
-5878.1 -2223.3 9.3 178 0 8.9 15.9 7.5 2.5 2 1 3 5 5
-5907.0 -2282.0 23.2 282 0 7.0 9.7 7.5 2.5 2 1 3 5 5
-5929.0 -2303.3 19.2 31 0 14.2 8.4 7.5 2.5 4 0 3 5 5
-5963.6 -2361.3 23.4 347 0 7.9 13.2 10.0 2.5 2 1 4 1 1
-5948.2 -2266.1 3.9 270 0 11.8 8.0 5.0 2.5 2 0 2 2 2
-5996.2 -2271.9 2.8 269 0 10.6 12.5 7.5 0.0 0 1 3 3 3
-6044.4 -2169.1 4.9 87 0 13.3 7.9 7.5 2.5 2 0 3 0 0
-5911.6 -2139.6 5.6 80 0 13.9 8.6 7.5 2.5 2 0 3 5 5
-5917.4 -2076.3 13.1 335 0 6.7 18.0 5.0 2.5 2 1 2 2 2
-5825.9 -1963.4 22.8 68 0 9.2 7.3 5.0 2.5 2 0 2 4 4
-5750.2 -2154.9 8.0 199 0 6.6 8.7 10.0 2.5 2 1 4 2 2
-5701.9 -2123.6 5.7 270 0 7.7 8.0 7.5 2.5 2 1 3 5 5
-5751.5 -2006.2 11.7 88 0 7.1 9.2 5.0 2.5 4 1 2 0 0
-5645.6 -2168.8 22.3 354 0 8.1 11.2 10.0 2.5 2 1 4 5 5
-5603.9 -2094.0 10.5 69 0 7.8 15.8 5.0 2.5 2 1 2 2 2
5061.8 4679.7 -41.8 230 0 11.2 6.6 7.5 2.5 2 0 3 4 4
5054.3 4687.0 -42.1 230 0 10.7 9.5 5.0 2.5 2 0 2 2 2
5062.5 4699.3 -42.0 258 0 8.0 8.6 5.0 2.5 2 1 2 5 5
5051.2 4695.8 -42.2 232 0 8.8 6.1 7.5 2.5 2 0 3 3 3
5088.1 4653.9 -43.4 352 0 15.6 8.9 10.0 2.5 2 0 4 2 2
5071.2 4637.4 -41.5 0 0 11.0 18.9 5.0 2.5 2 1 2 3 3
5059.3 4579.4 -41.9 88 0 10.9 20.8 17.5 0.0 0 1 7 5 5
5169.5 4504.2 -48.1 174 0 16.0 13.7 7.5 2.5 2 0 3 2 2
5016.0 4594.4 -42.8 176 0 12.2 14.2 7.5 2.5 2 1 3 4 4
5022.6 4631.0 -42.3 191 0 12.1 6.5 10.0 2.5 2 0 4 1 1
-1976.0 4489.2 -33.5 98 0 11.6 23.6 12.5 2.5 2 1 5 1 1
