-6386.0 6836.5 -85.3 62 0 11.4 9.7 7.5 2.5 2 0 3 4 4
-6431.1 6783.7 -102.8 333 0 37.9 18.9 10.0 2.5 2 0 4 0 0
-4772.5 6905.2 35.0 73 0 19.0 60.0 12.5 2.5 2 1 5 0 0
2528.8 5790.0 104.6 14 0 17.2 16.2 10.0 2.5 2 0 4 1 1
2524.9 5813.5 104.5 18 0 18.4 13.2 5.0 2.5 2 0 2 1 1
2517.9 5747.1 105.9 297 0 33.9 8.6 10.0 2.5 2 0 4 3 3
3043.8 5847.7 93.5 353 0 7.4 14.6 7.5 2.5 2 1 3 3 3
3021.7 5888.4 91.0 237 0 7.1 15.3 7.5 2.5 2 1 3 3 3
3303.5 5927.1 92.4 177 0 13.4 14.9 2.5 2.5 2 1 1 1 1
3154.6 5847.4 82.9 168 0 8.0 15.5 7.5 2.5 2 1 3 3 3
3172.0 5734.0 72.8 3 0 17.4 13.2 7.5 2.5 2 0 3 0 0
3160.1 5687.6 74.4 27 0 14.6 14.1 7.5 2.5 2 0 3 1 1
3149.8 5664.0 71.6 31 0 14.8 14.7 5.0 2.5 2 0 2 3 3
3131.2 5645.4 70.3 43 0 16.2 13.7 5.0 2.5 2 0 2 0 0
3011.7 5647.3 74.8 166 0 13.0 38.7 12.5 2.5 2 1 5 3 3
3046.6 5682.6 74.8 260 0 21.4 12.1 10.0 2.5 2 0 4 2 2
2928.6 5796.1 79.7 339 0 8.8 52.3 15.0 0.0 0 1 6 3 3
2933.2 5783.6 78.3 339 0 8.8 52.3 10.0 2.5 2 1 4 2 2
2937.4 5705.9 74.0 8 0 7.3 11.5 2.5 2.5 2 1 1 3 3
2881.7 5704.8 69.9 50 0 11.2 38.0 10.0 2.5 2 1 4 5 5
2804.7 5671.7 73.1 11 0 14.0 7.8 10.0 2.5 2 0 4 5 5
2747.5 5625.7 81.4 204 0 10.3 9.3 7.5 2.5 2 0 3 4 4
2788.7 5578.8 75.5 62 0 7.5 6.7 7.5 2.5 2 0 3 5 5
2800.0 5599.7 75.2 0 0 9.0 13.1 5.0 0.0 0 1 2 5 5
5034.7 6810.7 70.2 229 0 9.2 13.7 7.5 0.0 0 1 3 3 3
4961.5 6710.4 71.9 54 0 16.5 10.1 2.5 2.5 2 0 1 1 1
-4750.3 -2793.7 78.4 157 0 17.5 18.6 12.5 2.5 2 1 5 1 1
3914.4 5245.2 68.2 146 0 13.4 17.8 7.5 2.5 2 1 3 2 2
3959.2 5288.8 67.8 300 0 14.5 24.2 15.0 0.0 0 1 6 1 1
3948.4 5143.8 77.4 229 0 9.1 8.5 7.5 2.5 4 0 3 0 0
4024.8 5133.6 98.7 115 0 9.9 14.4 7.5 2.5 2 1 3 4 4
3874.2 4922.6 91.6 337 0 11.3 24.1 12.5 2.5 2 1 5 5 5
3839.3 4927.5 89.3 141 0 11.3 10.2 7.5 2.5 2 0 3 4 4
3854.0 4942.7 90.4 318 0 7.2 10.7 7.5 2.5 4 1 3 0 0
3853.2 5040.2 78.1 230 0 8.0 11.6 10.0 2.5 2 1 4 5 5
-6399.3 -6458.2 -115.5 215 0 8.7 20.2 5.0 2.5 2 1 2 2 2
