4615.9 -5421.7 -17.1 329 0 70.3 33.4 14.0 0.0 0 0 4 5 5
4600.7 -5505.5 -17.1 148 0 9.3 23.0 14.0 3.5 2 0 4 5 5
4637.4 -5488.2 -17.2 58 0 30.4 29.7 14.0 0.0 0 0 4 2 2
4531.1 -5384.4 -15.5 246 0 8.4 20.7 14.0 3.5 2 1 4 3 3
4390.7 -5437.0 -17.1 315 0 10.4 39.5 10.5 0.0 0 1 3 4 4
4659.4 -5204.4 -8.5 161 0 12.8 32.4 10.0 2.5 2 1 4 3 3
4525.9 -5352.3 -14.1 61 0 26.3 12.0 14.0 0.0 0 0 4 0 0
4672.4 -5245.2 -9.0 159 0 13.0 27.4 7.5 2.5 2 1 3 1 1
4763.7 -5216.6 -8.6 72 0 12.4 40.1 7.5 2.5 4 1 3 1 1
3796.8 -4878.5 -7.2 123 0 28.5 28.9 12.5 0.0 0 1 5 0 0
3726.9 -4932.4 -10.8 349 0 16.6 27.2 10.0 2.5 2 1 4 2 2
3697.1 -4880.9 -11.6 68 0 32.9 13.7 10.0 2.5 4 0 4 0 0
345.3 -3866.3 9.5 274 0 19.1 7.7 7.5 2.5 2 0 3 4 4
466.4 -3891.2 11.3 110 0 8.7 15.5 7.5 2.5 2 1 3 4 4
373.4 -3909.7 10.7 78 0 11.2 13.4 7.5 2.5 2 1 3 1 1
267.3 -3961.9 10.2 181 0 9.9 16.8 5.0 2.5 2 1 2 4 4
323.0 -3961.6 11.4 288 0 10.2 17.6 5.0 2.5 2 1 2 1 1
299.6 -4096.0 9.6 89 0 7.4 10.8 7.5 2.5 2 1 3 0 0
328.5 -3988.2 11.6 92 0 9.5 7.6 10.0 0.0 0 0 4 0 0
347.7 -3970.2 12.1 270 0 6.6 8.8 7.5 2.5 2 1 3 5 5
384.2 -3999.2 12.0 2 0 7.6 11.2 5.0 2.5 2 1 2 5 5
342.4 -4036.3 10.9 181 0 9.1 12.5 7.5 2.5 2 1 3 0 0
385.0 -4036.5 11.4 3 0 9.8 7.9 7.5 2.5 2 0 3 1 1
413.4 -4038.8 10.9 181 0 12.6 8.4 5.0 0.0 0 0 2 0 0
341.7 -4092.4 9.1 180 0 8.5 12.5 7.5 2.5 4 1 3 0 0
392.5 -4084.8 10.4 356 0 14.4 10.2 7.5 2.5 2 0 3 2 2
391.5 -4124.2 10.1 1 0 9.3 13.7 5.0 2.5 2 1 2 0 0
