4022.3 -5133.4 30.8 270 0 8.9 8.2 7.5 2.5 2 0 3 0 0
3795.5 -4985.0 18.3 77 0 14.2 7.6 7.5 2.5 2 0 3 3 3
3421.3 -5254.6 4.6 271 0 17.0 10.5 5.0 2.5 2 0 2 5 5
3289.6 -5630.4 9.0 28 0 11.2 8.3 7.5 2.5 2 0 3 3 3
3458.2 -4977.6 1.2 178 0 6.9 11.8 10.0 2.5 2 1 4 1 1
3687.3 -5073.0 19.3 279 0 10.0 10.4 5.0 2.5 2 1 2 1 1
3474.0 -5023.9 -3.9 180 0 11.0 19.1 7.5 2.5 2 1 3 3 3
3284.3 -5665.7 9.9 206 0 6.8 7.0 2.5 2.5 2 1 1 4 4
3835.0 -4973.2 23.2 3 0 11.0 9.5 7.5 2.5 2 0 3 5 5
3372.4 -5541.7 12.2 267 0 12.4 9.8 7.5 2.5 2 0 3 1 1
3848.0 -4944.0 19.4 357 0 9.3 11.1 5.0 2.5 2 1 2 4 4
3182.3 -5915.9 6.3 146 0 19.9 11.7 5.0 2.5 2 0 2 4 4
3376.0 -5220.3 6.7 271 0 16.3 15.1 7.5 0.0 0 0 3 5 5
3276.9 -5723.9 8.5 179 0 21.8 10.2 5.0 2.5 2 0 2 2 2
3358.2 -5373.3 15.5 155 0 8.3 10.1 2.5 2.5 2 1 1 0 0
3729.9 -5107.8 28.6 355 0 10.8 9.1 5.0 2.5 2 0 2 3 3
3430.1 -5174.2 -1.3 87 0 11.8 9.9 7.5 2.5 4 0 3 5 5
3487.0 -5270.7 4.2 184 0 13.9 9.8 7.5 2.5 2 0 3 0 0
3666.5 -5055.5 14.5 48 0 15.5 8.6 7.5 2.5 2 0 3 3 3
3445.0 -5353.6 8.7 87 0 14.3 8.7 7.5 2.5 4 0 3 0 0
4015.7 -4957.9 25.8 91 0 12.6 11.5 5.0 2.5 2 0 2 3 3
3630.0 -5112.9 11.7 270 0 12.9 8.6 7.5 2.5 2 0 3 0 0
3497.9 -4883.9 17.2 87 0 17.9 9.4 10.0 2.5 4 0 4 2 2
3977.4 -4972.7 29.4 283 0 14.9 7.3 7.5 2.5 4 0 3 4 4
3578.6 -4836.5 13.1 180 0 9.1 10.7 7.5 2.5 2 1 3 3 3
3442.0 -4782.2 33.5 92 0 8.2 15.6 7.5 2.5 2 1 3 4 4
3525.9 -5414.5 8.1 175 0 8.9 13.5 7.5 2.5 4 1 3 3 3
3508.5 -4819.0 25.7 358 0 8.2 11.9 10.0 2.5 2 1 4 5 5
3622.1 -5163.8 11.7 351 0 7.4 9.8 5.0 2.5 2 1 2 5 5
3538.0 -4872.9 14.0 345 0 12.2 9.3 7.5 0.0 0 0 3 3 3
3594.7 -5052.9 5.0 259 0 15.5 13.7 7.5 2.5 2 0 3 2 2
3879.2 -4930.2 17.4 91 0 15.0 8.1 7.5 2.5 2 0 3 0 0
3584.9 -5437.4 11.5 356 0 13.9 9.8 7.5 2.5 2 0 3 3 3
3599.8 -5177.1 10.3 179 0 11.5 9.5 5.0 2.5 2 0 2 0 0
3528.8 -5018.9 -0.8 90 0 11.9 7.9 5.0 2.5 2 0 2 2 2
3505.3 -5493.2 10.0 173 0 8.7 12.7 7.5 2.5 4 1 3 1 1
3514.4 -4991.8 1.0 2 0 10.6 16.0 10.0 2.5 2 1 4 4 4
3822.8 -4909.6 9.5 267 0 11.8 6.1 7.5 2.5 2 0 3 3 3
3569.7 -5149.6 3.7 359 0 14.2 8.5 5.0 2.5 4 0 2 5 5
3178.8 -5866.4 7.5 181 0 13.9 9.0 5.0 0.0 0 0 2 2 2
3436.3 -5579.2 12.2 271 0 10.9 17.0 5.0 0.0 0 1 2 0 0
3169.5 -5904.4 4.5 146 0 6.7 18.0 5.0 2.5 2 1 2 3 3
3580.6 1128.1 -18.3 276 0 18.6 22.2 10.5 0.0 0 1 3 0 0
3531.0 1044.2 -22.8 181 0 14.3 12.9 10.5 3.5 2 0 3 1 1
4185.2 1101.9 -25.9 152 0 9.9 38.8 14.0 3.5 2 1 4 3 3
4142.2 1111.2 -24.5 190 0 8.3 36.6 14.0 3.5 2 1 4 4 4
4104.1 1116.7 -21.7 93 0 10.1 20.6 14.0 3.5 2 1 4 3 3
4051.6 1097.8 -24.6 268 0 11.2 19.4 10.5 3.5 2 1 3 4 4
4303.5 1021.2 -31.5 124 0 7.2 33.4 2.5 2.5 4 1 1 0 0
4319.8 1078.6 -31.1 214 0 9.5 35.0 7.5 2.5 2 1 3 3 3
4316.3 1065.8 -31.2 214 0 6.7 33.8 7.5 2.5 2 1 3 2 2
4293.6 1095.4 -30.3 238 0 10.1 28.3 10.0 2.5 2 1 4 5 5
4305.1 1124.7 -30.0 255 0 8.3 19.9 10.0 2.5 2 1 4 2 2
4322.6 1140.8 -29.0 252 0 23.5 10.8 10.0 2.5 2 0 4 1 1
4303.2 1093.8 -30.2 169 0 7.9 13.0 2.5 2.5 2 1 1 2 2
4261.7 1022.2 -32.6 218 0 7.1 8.8 5.0 2.5 2 1 2 1 1
4464.5 1132.5 -28.7 219 0 15.6 11.0 5.0 0.0 0 0 2 0 0
3707.5 1133.9 -18.1 92 0 24.6 8.4 14.0 0.0 0 0 4 4 4
3790.7 1025.6 -24.9 180 0 7.2 21.2 10.5 3.5 2 1 3 5 5
3823.5 1049.1 -23.8 17 0 15.3 21.5 10.5 3.5 2 1 3 0 0
4424.0 1029.8 -31.3 127 0 15.5 15.2 7.5 2.5 2 0 3 4 4
4397.4 1022.3 -31.5 93 0 12.0 34.8 12.5 2.5 2 1 5 4 4
4534.1 1081.0 -31.4 40 0 13.2 17.0 12.5 2.5 4 1 5 1 1
4544.6 1102.2 -29.5 48 0 13.4 21.0 12.5 2.5 2 1 5 2 2
4534.4 1177.6 -27.7 1 0 9.9 22.8 10.0 0.0 0 1 4 2 2
4430.8 1126.2 -29.0 286 0 11.9 28.4 10.0 2.5 2 1 4 5 5
4383.8 1099.2 -30.1 193 0 11.7 41.5 10.0 2.5 2 1 4 5 5
4481.0 1183.8 -27.2 247 0 32.0 13.2 10.0 2.5 2 0 4 1 1
4395.2 1191.5 -26.3 74 0 7.7 18.2 7.5 2.5 2 1 3 1 1
4373.2 1165.2 -28.0 248 0 10.4 11.7 7.5 2.5 2 1 3 0 0
4478.6 1218.0 -24.6 65 0 8.8 9.1 3.5 2.5 2 1 1 1 1
4502.9 1282.4 -22.9 257 0 10.9 17.7 7.5 2.5 2 1 3 2 2
4526.8 1264.6 -23.3 69 0 10.8 14.8 7.0 2.5 2 1 2 1 1
4577.5 1245.5 -27.2 161 0 8.9 12.3 7.5 2.5 2 1 3 1 1
4588.8 1228.1 -27.4 156 0 13.6 11.5 7.5 2.5 2 0 3 4 4
4604.7 1189.2 -27.1 161 0 6.8 10.8 5.0 2.5 2 1 2 1 1
4670.5 1172.5 -30.8 77 0 11.0 13.4 7.5 2.5 2 1 3 5 5
4732.9 1191.7 -35.8 71 0 10.9 12.4 5.0 2.5 4 1 2 0 0
4716.6 1211.3 -35.0 75 0 15.5 11.1 7.5 2.5 2 0 3 1 1
4758.0 1242.6 -37.4 341 0 15.2 10.1 5.0 2.5 2 0 2 5 5
4608.5 1269.7 -29.5 267 0 14.5 9.5 7.5 2.5 2 0 3 3 3
4608.1 1290.8 -30.8 80 0 6.8 17.9 5.0 0.0 0 1 2 3 3
4600.0 1288.0 -30.3 70 0 7.6 17.5 7.5 2.5 2 1 3 4 4
4659.4 1298.7 -31.4 77 0 11.9 16.1 7.5 2.5 4 1 3 4 4
4674.0 1302.0 -31.5 68 0 10.0 8.7 5.0 2.5 2 0 2 3 3
4433.8 1155.9 -27.9 269 0 11.2 21.9 2.5 2.5 2 1 1 5 5
4187.1 908.5 -37.6 188 0 10.2 8.6 7.5 2.5 4 0 3 4 4
4205.1 852.9 -36.1 168 0 13.1 8.3 7.5 2.5 2 0 3 5 5
4207.4 785.7 -34.9 83 0 11.6 15.5 7.5 2.5 2 1 3 5 5
4175.1 798.3 -32.4 0 1 15.6 12.5 14.0 3.5 2 0 4 4 4
4137.1 750.1 -31.5 37 1 13.2 13.8 14.0 3.5 2 1 4 2 2
4110.0 710.9 -33.7 227 0 11.9 10.3 5.0 0.0 0 0 2 5 5
4076.4 657.6 -36.7 238 0 8.1 11.6 5.0 2.5 2 1 2 2 2
4047.2 657.9 -37.2 225 0 6.4 12.0 5.0 2.5 4 1 2 1 1
4009.4 726.5 -31.2 141 1 12.8 18.7 14.0 3.5 2 1 4 3 3
4065.0 749.9 -32.1 50 1 10.5 16.5 14.0 3.5 4 1 4 0 0
4065.4 906.4 -31.4 339 1 17.1 11.5 14.0 3.5 2 0 4 3 3
4001.0 910.4 -31.7 174 1 17.5 10.8 14.0 3.5 2 0 4 3 3
3941.9 779.5 -25.2 14 1 10.8 15.0 14.0 3.5 2 1 4 5 5
3937.2 748.5 -25.6 237 0 13.3 7.0 14.0 3.5 2 0 4 2 2
3965.4 775.6 -26.9 222 0 10.3 12.7 14.0 3.5 2 1 4 2 2
3989.4 826.1 -28.3 177 1 10.5 14.4 14.0 3.5 2 1 4 4 4
3983.6 886.2 -30.1 171 0 19.7 9.8 14.0 3.5 2 0 4 0 0
3975.3 861.9 -28.0 175 0 10.9 15.0 14.0 3.5 2 1 4 2 2
3890.8 866.1 -25.6 262 0 14.6 10.9 14.0 3.5 2 0 4 4 4
3913.3 868.0 -26.1 274 0 7.8 14.5 14.0 3.5 4 1 4 0 0
3925.6 867.0 -26.6 275 0 9.0 15.7 14.0 3.5 2 1 4 2 2
3844.5 1038.1 -25.0 180 0 17.6 11.0 10.5 3.5 2 0 3 3 3
3847.0 1008.1 -26.9 174 0 13.2 17.6 10.5 3.5 2 1 3 3 3
3874.8 998.6 -27.7 85 0 7.4 17.7 10.5 3.5 2 1 3 0 0
3890.3 1011.0 -28.0 83 0 9.6 12.0 10.5 3.5 2 1 3 0 0
3376.0 1275.6 -27.5 264 0 13.2 29.1 10.5 3.5 2 1 3 2 2
3393.0 1276.1 -26.6 263 0 13.5 28.3 10.5 3.5 2 1 3 2 2
3410.0 1277.1 -25.8 266 0 13.2 29.3 10.5 3.5 2 1 3 0 0
3427.5 1279.3 -24.9 265 0 13.8 31.1 10.5 3.5 2 1 3 5 5
3383.9 1303.6 -27.6 81 0 28.1 6.3 14.0 3.5 2 0 4 0 0
3406.9 1307.7 -25.7 83 0 14.5 8.6 14.0 3.5 2 0 4 4 4
3422.3 1309.2 -24.7 79 0 11.0 6.8 14.0 0.0 0 0 4 4 4
3459.7 1316.8 -22.6 80 0 19.5 6.8 14.0 3.5 2 0 4 4 4
3480.0 1320.7 -21.1 79 0 14.9 6.7 14.0 0.0 0 0 4 3 3
3503.7 1326.4 -20.7 81 0 7.0 6.6 14.0 3.5 2 0 4 3 3
3524.0 1330.7 -20.5 74 0 10.3 6.4 14.0 3.5 2 0 4 4 4
3551.3 1172.8 -18.7 187 0 6.2 30.2 14.0 3.5 2 1 4 4 4
3547.5 1162.8 -18.6 192 0 10.3 8.5 14.0 3.5 2 0 4 5 5
3587.8 1146.4 -18.0 94 0 11.1 16.7 14.0 3.5 2 1 4 0 0
3542.2 1351.8 -20.3 156 0 14.0 11.3 14.0 3.5 4 0 4 3 3
3561.3 1216.3 -19.4 196 0 7.6 15.9 14.0 3.5 2 1 4 4 4
3530.6 1126.9 -19.4 0 0 14.3 9.7 14.0 3.5 2 0 4 5 5
3515.3 1138.4 -20.1 277 0 10.2 13.0 14.0 3.5 2 1 4 1 1
3371.8 1149.1 -24.6 273 0 9.9 15.9 14.0 3.5 2 1 4 2 2
3385.2 1148.8 -23.7 270 0 6.6 26.1 14.0 3.5 2 1 4 4 4
3400.1 1147.1 -22.9 272 0 9.6 21.5 14.0 3.5 4 1 4 3 3
3410.4 1146.1 -22.6 271 0 7.4 18.7 14.0 3.5 2 1 4 4 4
3339.1 1169.6 -27.2 95 0 11.2 20.0 10.5 3.5 2 1 3 1 1
3382.7 1194.4 -24.6 92 0 11.0 14.2 10.5 3.5 2 1 3 0 0
3372.7 1196.3 -25.2 90 0 6.5 12.1 10.5 3.5 2 1 3 3 3
3384.7 1163.5 -23.8 89 0 7.4 9.8 10.5 3.5 2 1 3 0 0
3350.6 1198.7 -27.0 91 0 14.5 6.4 10.5 0.0 0 0 3 2 2
3362.8 1266.8 -27.8 266 0 12.6 6.6 10.5 3.5 2 0 3 5 5
3416.9 1290.8 -26.2 265 0 20.3 8.1 10.5 3.5 4 0 3 0 0
3439.7 1292.7 -24.5 262 0 6.4 8.4 10.5 0.0 0 1 3 4 4
3475.9 1291.5 -22.9 267 0 14.4 30.6 10.5 3.5 2 1 3 5 5
3478.8 1305.1 -22.1 258 0 7.8 6.2 10.5 3.5 2 0 3 1 1
3538.0 1204.4 -22.1 359 0 12.3 51.8 10.5 3.5 4 1 3 0 0
4494.7 1028.8 -32.2 38 0 21.0 77.1 10.0 0.0 0 1 4 1 1
4377.5 1022.9 -31.5 90 0 17.2 17.3 10.0 2.5 2 1 4 5 5
4315.4 1020.9 -31.4 123 0 8.4 27.4 5.0 2.5 2 1 2 3 3
4349.7 1023.0 -31.5 37 0 9.3 8.8 5.0 2.5 2 0 2 3 3
4149.4 1120.6 -23.4 180 0 9.7 26.4 14.0 3.5 4 1 4 4 4
4183.7 1114.2 -24.2 85 0 10.7 10.1 14.0 3.5 4 0 4 4 4
4159.4 1129.2 -21.7 89 0 11.1 8.5 14.0 3.5 2 0 4 4 4
4102.7 1142.6 -19.0 176 0 9.0 37.8 14.0 3.5 2 1 4 1 1
4098.1 1156.0 -17.2 175 0 8.3 27.6 14.0 3.5 2 1 4 2 2
4132.1 1160.4 -17.7 177 0 6.3 25.6 14.0 3.5 2 1 4 2 2
4158.4 1146.4 -20.1 90 0 18.9 8.4 14.0 3.5 2 0 4 2 2
4171.7 1177.2 -19.3 260 0 24.6 9.8 14.0 3.5 2 0 4 3 3
4125.0 1191.8 -13.5 169 0 8.5 22.7 14.0 3.5 2 1 4 3 3
4117.5 1195.7 -14.1 251 0 8.2 12.8 14.0 3.5 2 1 4 2 2
4199.0 1174.0 -24.1 272 0 9.4 46.0 14.0 3.5 2 1 4 5 5
4220.9 1125.4 -25.5 94 0 8.1 11.7 14.0 3.5 2 1 4 4 4
4218.5 1165.9 -22.8 1 0 9.0 11.8 14.0 0.0 0 1 4 0 0
4270.2 1144.8 -26.1 72 0 10.6 11.2 14.0 3.5 2 1 4 5 5
4296.6 1156.2 -26.7 64 0 11.7 16.3 14.0 3.5 2 1 4 5 5
3900.6 1047.5 -26.8 357 0 15.1 9.0 10.5 3.5 4 0 3 2 2
3893.9 1029.1 -27.3 349 0 8.2 11.1 10.5 3.5 2 1 3 0 0
3892.5 1102.4 -23.8 265 0 12.1 21.6 10.5 3.5 2 1 3 2 2
3903.6 1104.0 -23.6 264 0 6.3 13.2 10.5 3.5 2 1 3 0 0
3893.6 1138.6 -19.7 98 1 11.9 16.3 14.0 3.5 2 1 4 4 4
3859.6 1176.2 -16.1 183 0 16.1 17.9 14.0 3.5 2 1 4 5 5
3919.0 1162.7 -19.5 2 1 14.3 11.9 14.0 3.5 4 0 4 3 3
3938.4 1171.2 -18.8 0 1 12.0 12.3 14.0 3.5 2 1 4 2 2
3921.7 1212.9 -15.1 358 1 18.5 13.6 14.0 3.5 2 0 4 2 2
3899.8 1216.5 -14.5 353 0 10.3 14.7 14.0 0.0 0 1 4 5 5
3891.3 1271.1 -10.8 258 0 9.2 24.7 14.0 3.5 2 1 4 5 5
3911.5 1273.0 -9.9 261 1 10.6 14.7 14.0 3.5 2 1 4 4 4
4345.5 956.8 -33.0 170 0 15.7 8.7 5.0 2.5 2 0 2 1 1
3783.0 1085.1 -22.0 271 0 10.7 20.5 10.5 3.5 4 1 3 2 2
3764.5 1081.9 -21.6 267 0 12.4 14.1 10.5 3.5 4 1 3 0 0
3719.0 1119.7 -19.2 268 0 6.9 20.8 10.5 3.5 2 1 3 4 4
3719.6 1075.2 -20.6 88 0 7.9 19.6 10.5 3.5 2 1 3 5 5
3733.6 1074.5 -20.9 87 0 9.8 8.1 10.5 3.5 2 0 3 1 1
3706.9 1080.1 -20.1 87 0 9.6 16.8 10.5 3.5 2 1 3 2 2
3690.0 1076.3 -19.7 98 0 14.9 12.9 10.5 3.5 2 0 3 2 2
3649.8 1122.9 -18.4 270 0 11.5 21.9 10.5 3.5 2 1 3 5 5
3685.1 1121.3 -18.4 272 0 7.2 9.9 10.5 0.0 0 1 3 5 5
3634.8 1126.2 -18.4 273 0 13.0 15.7 10.5 3.5 4 1 3 5 5
3576.1 1094.6 -19.1 90 0 8.9 9.9 10.5 3.5 2 1 3 3 3
3628.9 1190.4 -17.4 0 0 13.1 14.6 14.0 3.5 2 1 4 1 1
3325.6 979.6 -21.7 169 0 8.3 14.5 10.5 3.5 2 1 3 4 4
3324.8 988.2 -21.9 162 0 7.1 12.7 10.5 3.5 2 1 3 5 5
3335.0 1010.5 -21.8 155 0 9.9 20.0 10.5 3.5 2 1 3 0 0
3297.5 1054.0 -25.1 159 0 25.9 20.9 10.5 3.5 2 0 3 2 2
3989.3 1095.5 -27.1 281 0 10.5 15.5 10.5 3.5 2 1 3 4 4
3536.2 1109.8 -20.5 184 0 24.8 16.4 10.5 3.5 2 0 3 3 3
2457.8 2503.6 -23.5 149 0 25.0 8.9 2.5 2.5 2 0 1 5 5
952.0 4285.7 -15.9 176 0 8.0 14.1 10.0 0.0 0 1 4 2 2
928.7 4006.2 -18.1 268 0 10.3 23.8 5.0 2.5 2 1 2 1 1
860.6 4000.8 -18.7 177 0 9.8 19.8 10.0 2.5 2 1 4 5 5
825.2 4569.2 -21.2 85 0 11.2 20.1 12.5 2.5 4 1 5 5 5
