-164.4 -802.8 659.7 321 0 9.0 9.2 7.5 2.5 2 0 3 2 2
-142.1 -769.4 660.4 129 0 9.5 10.1 7.5 2.5 2 1 3 2 2
965.9 -720.6 651.3 76 0 7.1 9.3 7.5 2.5 2 1 3 0 0
-155.3 -832.7 658.2 146 0 15.3 10.5 7.5 2.5 2 0 3 4 4
-104.6 -783.2 658.3 79 0 8.6 9.3 5.0 2.5 2 1 2 3 3
-200.9 -686.7 662.1 82 0 8.9 27.4 7.5 2.5 2 1 3 0 0
-107.6 -928.0 656.5 140 0 11.5 47.1 10.0 2.5 2 1 4 2 2
867.0 -844.7 662.3 16 0 8.2 18.1 7.5 2.5 2 1 3 1 1
-2949.8 -41.2 691.2 146 0 11.5 16.4 5.0 2.5 4 1 2 2 2
-74.4 -553.5 660.6 293 0 7.1 18.7 7.5 2.5 2 1 3 4 4
984.3 -717.0 650.6 66 0 10.7 14.0 7.5 0.0 0 1 3 2 2
1549.3 234.0 658.0 315 0 16.3 7.0 7.5 2.5 2 0 3 5 5
1601.0 2098.7 654.2 73 0 10.7 20.4 7.5 2.5 2 1 3 4 4
1720.0 182.8 658.1 24 0 6.2 18.0 7.5 2.5 2 1 3 1 1
-6371.4 1188.9 386.8 127 0 8.1 11.9 10.0 2.5 2 0 4 3 3
-6364.2 1279.2 387.1 222 0 11.0 15.0 7.5 2.5 2 1 3 2 2
-6162.1 1168.2 389.7 128 0 9.9 8.5 7.5 2.5 2 0 3 4 4
-6196.3 1220.6 391.0 308 0 13.5 8.3 7.5 2.5 2 0 3 3 3
-6342.2 1295.8 387.7 226 0 8.7 12.4 5.0 2.5 2 1 2 1 1
-5182.3 1722.7 403.6 181 0 11.5 26.1 12.5 2.5 2 1 5 5 5
-4899.9 2008.9 414.5 244 0 20.5 8.1 10.0 2.5 2 0 4 4 4
-5039.3 2036.7 410.4 246 0 10.1 13.5 2.5 2.5 2 0 1 1 1
-6146.3 1211.1 390.9 128 0 13.5 8.3 5.0 2.5 2 0 2 1 1
-6219.7 1204.4 391.5 128 0 9.9 8.5 10.0 2.5 2 0 4 0 0
-6336.5 1140.6 386.4 306 0 10.5 7.1 7.5 2.5 2 0 3 3 3
-6351.5 1175.8 387.6 127 0 8.1 11.9 7.5 2.5 2 0 3 0 0
-6597.7 1075.8 373.9 204 0 17.3 7.8 7.5 2.5 2 0 3 1 1
-6168.5 1138.4 389.9 217 0 7.9 11.0 2.5 2.5 2 0 1 4 4
-6157.2 1256.1 389.6 308 0 13.5 8.3 7.5 2.5 2 0 3 2 2
-6293.7 1229.7 390.8 307 0 11.0 7.9 10.0 2.5 2 0 4 5 5
-6421.0 1220.6 383.1 140 0 13.0 12.1 10.0 2.5 2 0 4 5 5
-6348.0 1231.6 388.6 127 0 8.1 11.9 7.5 2.5 2 0 3 0 0
-6295.4 1258.5 391.6 128 0 9.9 8.5 5.0 2.5 2 0 2 2 2
-4992.4 2103.6 408.4 155 0 11.8 11.0 10.0 2.5 2 0 4 0 0
-6542.4 1179.2 369.9 89 0 74.7 107.8 10.0 0.0 0 1 4 5 5
-6218.3 1177.8 390.2 307 0 11.0 7.9 5.0 2.5 2 0 2 3 3
-4988.1 1981.8 411.8 55 0 6.1 9.6 5.0 0.0 0 1 2 5 5
-6313.6 1241.9 389.9 307 0 11.0 7.9 7.5 2.5 2 0 3 5 5
-5047.9 1934.2 409.7 72 0 6.1 9.3 7.5 2.5 2 1 3 2 2
-6291.2 1191.8 391.0 127 0 8.1 11.9 5.0 2.5 2 0 2 0 0
-5106.9 1823.0 406.0 251 0 8.0 7.5 7.5 0.0 0 0 3 1 1
-4920.8 2001.5 414.3 247 0 15.0 8.2 2.5 2.5 2 0 1 4 4
-6323.6 1310.9 388.6 218 0 17.6 10.0 7.5 2.5 4 0 3 1 1
-6407.5 1206.7 384.2 138 0 10.5 20.9 5.0 0.0 0 1 2 3 3
-6201.0 1192.3 391.5 128 0 9.9 8.5 7.5 2.5 4 0 3 3 3
-5027.2 2129.8 409.4 146 0 8.2 9.4 7.5 2.5 2 1 3 0 0
-6158.2 1193.6 390.9 308 0 13.5 8.3 5.0 2.5 4 0 2 1 1
-6267.0 1298.3 391.9 128 0 13.5 8.3 5.0 0.0 0 0 2 5 5
-6293.3 1353.4 387.9 221 0 15.8 9.5 5.0 2.5 2 0 2 2 2
-6237.2 1189.9 391.1 307 0 11.0 7.9 7.5 2.5 2 0 3 0 0
-6239.6 1217.7 391.3 128 0 9.9 8.5 10.0 2.5 4 0 4 0 0
-5195.8 1764.4 400.2 73 0 12.6 6.3 5.0 2.5 2 0 2 1 1
-6266.8 1156.0 389.0 307 0 8.1 11.9 7.5 2.5 4 1 3 4 4
-6235.6 1152.0 389.1 127 0 8.1 11.9 7.5 2.5 2 1 3 3 3
-6210.7 1117.7 388.4 307 0 8.1 11.9 7.5 2.5 2 1 3 5 5
-4668.2 1996.8 405.0 155 0 7.0 10.7 7.5 2.5 2 1 3 2 2
-6602.4 1175.7 368.8 88 0 9.3 23.9 10.0 2.5 2 1 4 3 3
-6215.3 1233.7 390.9 308 0 13.5 8.3 7.5 2.5 2 0 3 5 5
-6199.5 1164.6 389.3 307 0 11.0 7.9 2.5 2.5 2 0 1 0 0
-6159.3 1221.1 390.6 128 0 13.5 8.3 7.5 2.5 2 0 3 4 4
-5010.1 2014.0 411.4 257 0 9.5 10.3 10.0 2.5 2 1 4 0 0
-6342.7 1208.7 388.5 307 0 8.1 11.9 7.5 2.5 2 1 3 4 4
-6194.2 1283.2 389.7 308 0 13.5 8.3 10.0 2.5 4 0 4 1 1
-6401.3 1247.4 384.6 226 0 14.2 14.4 7.5 2.5 2 1 3 5 5
-6289.6 1280.7 392.4 218 0 8.3 13.5 10.0 2.5 2 1 4 3 3
-6356.9 1311.5 383.9 42 0 9.2 20.8 7.5 2.5 2 1 3 0 0
-6276.7 1245.9 392.5 128 0 9.9 8.5 7.5 0.0 0 0 3 4 4
-6230.1 1131.3 387.4 307 0 8.1 11.9 7.5 2.5 2 1 3 4 4
-6310.3 1204.2 390.3 127 0 8.1 11.9 7.5 2.5 2 1 3 0 0
-6275.3 1216.6 391.6 307 0 11.0 7.9 5.0 2.5 4 0 2 3 3
-4714.1 2111.4 409.3 72 0 10.3 13.5 7.5 2.5 2 1 3 5 5
-4756.7 2076.4 409.9 251 0 9.5 22.9 2.5 2.5 2 1 1 1 1
-6607.0 1052.5 373.0 204 0 13.3 9.8 5.0 2.5 2 0 2 1 1
-6312.7 1151.0 388.0 127 0 12.5 6.5 2.5 2.5 4 0 1 2 2
-6329.0 1218.5 389.4 127 0 8.1 11.9 7.5 2.5 2 1 3 2 2
-6623.5 891.7 362.4 16 0 8.7 25.0 5.0 2.5 2 1 2 2 2
-6304.9 1183.0 389.2 307 0 8.1 11.9 10.0 0.0 0 1 4 3 3
-4886.4 2069.8 410.3 1 0 11.7 6.6 2.5 2.5 2 0 1 5 5
-6383.2 1263.3 386.0 223 0 11.4 14.3 7.5 2.5 2 1 3 5 5
-6197.5 1125.6 388.6 127 0 8.1 11.9 5.0 2.5 2 1 2 2 2
-4783.9 2141.9 408.6 339 0 8.4 14.5 7.5 2.5 2 1 3 2 2
-5094.9 1810.3 407.1 175 0 8.6 8.4 2.5 2.5 2 0 1 3 3
-6587.6 1096.1 372.8 202 0 10.6 9.4 7.5 2.5 2 0 3 2 2
-6252.6 1320.1 390.7 308 0 13.5 8.3 7.5 2.5 2 0 3 1 1
-6181.6 1179.4 390.6 128 0 9.9 8.5 10.0 2.5 2 0 4 0 0
-6230.3 1271.6 390.3 128 0 13.5 8.3 5.0 2.5 2 0 2 1 1
-4917.0 2020.3 412.7 65 0 8.0 11.5 10.0 0.0 0 1 4 1 1
-6324.1 1196.6 389.0 307 0 8.1 11.9 5.0 2.5 2 1 2 4 4
-4644.9 1987.8 403.8 154 0 16.6 12.4 7.5 2.5 2 0 3 0 0
-6605.5 1270.6 366.4 359 0 14.1 28.4 10.0 2.5 2 1 4 1 1
-6609.3 940.4 364.5 182 0 10.8 11.4 2.5 2.5 2 1 1 0 0
-6176.9 1206.8 391.5 308 0 13.5 8.3 2.5 2.5 2 0 1 1 1
-6248.3 1285.0 391.7 128 0 13.5 8.3 5.0 0.0 0 0 2 3 3
-6192.4 1245.4 390.1 128 0 13.5 8.3 7.5 2.5 2 0 3 3 3
-4947.7 2018.3 412.6 65 0 11.2 8.0 7.5 2.5 2 0 3 2 2
-6252.7 1364.4 387.8 286 0 16.3 9.9 7.5 2.5 2 0 3 3 3
-6256.4 1202.8 392.0 307 0 11.0 7.9 5.0 2.5 2 0 2 0 0
-6332.8 1162.5 387.7 127 0 8.1 11.9 7.5 2.5 2 1 3 4 4
-6439.7 1209.7 381.0 326 0 9.9 12.6 5.0 2.5 2 1 2 2 2
-5127.8 1961.7 406.0 88 0 8.8 9.8 2.5 2.5 2 1 1 1 1
-6175.7 1270.4 389.6 308 0 13.5 8.3 7.5 2.5 2 0 3 3 3
-4693.4 2070.7 408.7 327 0 9.2 15.7 5.0 0.0 0 1 2 2 2
-4808.5 1996.4 412.6 157 0 9.5 28.8 10.0 2.5 2 1 4 3 3
5325.6 6239.4 -530.2 110 0 14.3 39.0 12.5 2.5 2 1 5 2 2
5355.8 6289.9 -532.9 193 0 7.5 23.8 7.5 2.5 2 1 3 0 0
5400.1 6310.0 -535.5 13 0 22.8 7.5 7.5 2.5 4 0 3 0 0
5390.6 6353.3 -534.7 284 0 9.4 28.8 10.0 2.5 2 1 4 1 1
5380.3 6388.6 -532.3 192 0 44.3 7.7 10.0 0.0 0 0 4 5 5
5362.6 6403.5 -527.6 191 0 25.7 10.5 12.5 2.5 2 0 5 2 2
5346.6 6406.7 -524.9 193 0 23.2 8.6 7.5 2.5 2 0 3 5 5
5330.2 6398.1 -521.4 206 0 13.4 7.0 7.5 2.5 2 0 3 5 5
5426.6 6352.7 -538.3 15 0 17.1 8.3 5.0 2.5 2 0 2 4 4
5408.0 6393.4 -534.2 191 0 27.4 8.2 5.0 0.0 0 0 2 0 0
-6495.8 -1709.1 374.7 198 0 40.8 60.7 10.0 0.0 0 1 4 1 1
-6169.5 -1624.8 369.8 297 0 36.5 66.9 10.0 0.0 0 1 4 2 2
-6260.1 -1890.6 391.7 33 0 115.5 52.2 12.5 0.0 0 0 5 1 1
-6206.5 -1817.8 387.6 36 0 39.1 46.6 10.0 0.0 0 1 4 0 0
-3612.1 -5454.3 3.9 345 0 19.7 32.9 15.0 2.5 2 1 6 5 5
1195.2 -671.8 655.8 43 0 8.8 34.4 10.0 2.5 4 1 4 1 1
1184.4 -553.1 643.0 215 0 8.7 11.6 7.5 2.5 2 1 3 2 2
1542.2 296.5 657.2 190 0 18.5 8.2 5.0 2.5 2 0 2 3 3
6161.6 6782.0 -512.5 105 0 6.1 9.1 7.5 2.5 2 1 3 4 4
6147.6 6778.6 -511.0 94 0 8.9 14.1 7.5 2.5 4 1 3 0 0
6174.9 6731.2 -521.9 85 0 8.0 10.0 2.5 2.5 2 1 1 5 5
6185.8 6874.2 -508.1 253 0 14.1 13.4 7.5 2.5 2 0 3 2 2
6453.0 6672.1 -564.2 269 0 11.0 10.3 5.0 2.5 2 0 2 2 2
6584.7 6615.3 -590.3 215 0 14.7 6.4 5.0 2.5 2 0 2 1 1
6628.6 6651.0 -591.5 276 0 9.3 16.1 5.0 2.5 2 1 2 0 0
6687.8 6533.3 -613.0 91 0 7.7 19.3 5.0 2.5 2 1 2 3 3
6279.4 6588.9 -554.6 309 0 10.6 7.5 5.0 2.5 2 0 2 3 3
6323.1 6575.6 -558.7 292 0 9.1 6.3 10.0 2.5 2 0 4 4 4
6121.0 6800.0 -504.8 302 0 11.1 11.3 5.0 2.5 2 1 2 5 5
6203.3 6594.8 -548.1 186 0 10.6 15.7 7.5 2.5 2 1 3 4 4
6462.8 6802.0 -546.7 114 0 9.2 7.4 7.5 0.0 0 0 3 1 1
6440.6 6880.8 -534.6 274 0 10.3 15.7 2.5 2.5 4 1 1 0 0
6425.2 6907.5 -528.0 358 0 13.1 12.8 5.0 2.5 2 0 2 3 3
6408.8 6874.1 -532.6 280 0 14.7 10.3 5.0 2.5 2 0 2 0 0
6362.0 6779.3 -541.9 95 0 10.4 9.7 2.5 2.5 2 0 1 1 1
6376.4 6835.6 -534.5 282 0 6.8 9.3 5.0 2.5 2 1 2 0 0
6487.7 6785.3 -553.6 139 0 6.9 10.3 7.5 2.5 2 1 3 0 0
6477.4 6849.5 -544.4 288 0 10.5 9.2 10.0 2.5 2 0 4 0 0
6485.7 6877.5 -543.1 282 0 9.1 12.4 7.5 2.5 2 1 3 1 1
5835.6 6431.6 -539.4 183 0 14.4 10.8 5.0 2.5 2 0 2 1 1
5859.4 6414.7 -538.5 121 0 10.1 16.2 7.5 2.5 2 1 3 1 1
6012.8 6862.4 -483.5 303 0 12.5 16.3 5.0 0.0 0 1 2 3 3
6055.7 6829.7 -492.3 291 0 12.7 11.5 5.0 0.0 0 0 2 2 2
6089.6 6855.1 -492.9 264 0 10.3 6.5 2.5 2.5 2 0 1 5 5
6090.6 6884.3 -489.9 273 0 11.0 11.5 10.0 2.5 2 1 4 5 5
6054.9 6863.0 -487.9 291 0 14.5 10.7 7.5 2.5 2 0 3 5 5
6061.0 6887.7 -485.1 297 0 10.3 12.3 5.0 2.5 2 1 2 0 0
6027.1 6905.0 -480.4 282 0 17.8 9.3 7.5 2.5 2 0 3 4 4
6894.3 6057.8 -642.6 326 0 8.3 6.2 5.0 2.5 2 0 2 4 4
6852.7 6022.7 -648.2 29 0 10.5 18.7 7.5 2.5 2 1 3 2 2
6807.2 6045.5 -648.6 217 0 10.0 10.2 7.5 0.0 0 1 3 0 0
5963.4 6464.8 -543.0 357 0 10.1 9.8 7.5 2.5 2 0 3 0 0
6120.0 6359.3 -603.9 186 0 8.3 14.0 7.5 2.5 4 1 3 0 0
6205.8 6382.0 -593.2 110 0 15.0 10.8 2.5 2.5 2 0 1 1 1
6246.0 6759.9 -533.4 98 0 9.3 14.9 7.5 0.0 0 1 3 5 5
6476.1 6743.2 -557.2 93 0 8.8 6.8 5.0 2.5 2 0 2 3 3
6876.9 6375.7 -611.6 51 0 7.2 9.4 2.5 2.5 2 1 1 1 1
6909.1 6291.0 -617.6 183 0 11.0 11.7 7.5 2.5 2 1 3 0 0
6017.0 6549.4 -543.1 61 0 7.0 9.2 7.5 2.5 4 1 3 2 2
5926.5 6549.6 -525.0 344 0 6.1 9.4 2.5 2.5 4 1 1 0 0
5878.2 6533.9 -522.6 172 0 12.6 8.3 7.5 2.5 2 0 3 0 0
6038.4 6790.1 -496.5 179 0 9.1 12.1 10.0 2.5 2 1 4 3 3
6013.5 6647.6 -519.1 62 0 14.0 11.5 5.0 2.5 2 0 2 0 0
6098.9 6751.5 -509.3 40 0 15.4 10.2 5.0 0.0 0 0 2 1 1
6075.7 6715.9 -512.6 67 0 13.4 11.4 7.5 2.5 4 0 3 4 4
6051.4 6736.5 -506.2 28 0 13.1 9.6 7.5 2.5 2 0 3 3 3
5978.2 6792.2 -490.3 188 0 8.9 15.8 10.0 0.0 0 1 4 5 5
6007.8 6781.7 -495.7 221 0 14.7 15.2 5.0 2.5 2 1 2 3 3
5861.4 6621.8 -513.3 167 0 11.6 6.5 5.0 2.5 2 0 2 3 3
5870.0 6567.5 -518.9 182 0 15.6 9.8 2.5 2.5 2 0 1 0 0
5938.9 6680.3 -507.1 270 0 13.8 10.3 10.0 0.0 0 0 4 3 3
5953.4 6639.5 -515.2 1 0 11.1 19.7 5.0 2.5 2 1 2 5 5
5926.3 6772.1 -492.8 273 0 13.9 12.4 5.0 2.5 2 0 2 3 3
5890.1 6677.4 -504.8 160 0 10.8 19.5 5.0 2.5 4 1 2 1 1
5959.0 6835.7 -484.9 181 0 13.6 6.6 2.5 2.5 2 0 1 2 2
6910.4 6522.0 -610.9 183 0 9.3 7.3 7.5 2.5 2 0 3 1 1
6886.3 6587.9 -605.8 70 0 10.3 7.6 5.0 2.5 2 0 2 1 1
6793.9 6578.6 -603.0 99 0 6.3 8.2 7.5 2.5 4 1 3 2 2
6806.4 6794.3 -567.9 26 0 12.6 9.6 5.0 2.5 2 0 2 2 2
6761.2 6846.7 -561.5 176 0 10.1 7.1 5.0 2.5 2 0 2 3 3
6733.2 6830.1 -559.9 358 0 12.8 14.0 10.0 2.5 2 1 4 1 1
6709.0 6858.0 -559.4 354 0 13.6 15.2 2.5 2.5 2 1 1 0 0
6762.3 6719.3 -578.2 12 0 10.0 8.0 7.5 2.5 4 0 3 4 4
6766.7 6722.5 -578.4 279 0 6.9 9.2 7.5 2.5 2 1 3 4 4
6785.1 6675.3 -585.6 90 0 7.3 7.1 10.0 2.5 2 0 4 4 4
6806.0 6683.9 -585.7 236 0 10.9 8.9 7.5 0.0 0 0 3 1 1
6808.4 6660.8 -590.0 251 0 9.1 8.4 7.5 2.5 2 0 3 5 5
6779.8 6647.5 -594.5 280 0 10.1 11.3 7.5 2.5 2 1 3 2 2
6874.6 6712.3 -587.2 42 0 7.4 14.3 2.5 2.5 2 1 1 3 3
6746.7 6908.1 -560.7 160 0 16.8 12.3 7.5 0.0 0 0 3 3 3
6231.3 6400.9 -586.0 22 0 6.7 7.9 5.0 2.5 2 1 2 4 4
6182.7 6424.3 -583.6 269 0 8.3 11.1 7.5 2.5 2 1 3 3 3
6120.7 6557.9 -551.8 73 0 19.0 10.9 5.0 2.5 2 0 2 0 0
6129.1 6617.4 -541.6 156 0 6.7 11.6 5.0 2.5 2 1 2 0 0
6106.6 6668.2 -526.8 348 0 6.8 12.3 7.5 2.5 2 1 3 2 2
6105.4 6771.7 -506.4 35 0 7.6 6.1 5.0 2.5 2 0 2 3 3
6156.2 6297.9 -621.4 93 0 6.2 10.1 5.0 2.5 2 1 2 1 1
6910.3 6066.2 -640.1 86 0 7.8 9.9 5.0 2.5 2 1 2 3 3
5537.5 6324.2 -554.2 186 0 9.1 6.6 7.5 0.0 0 0 3 1 1
5798.0 6068.8 -621.5 322 0 6.5 14.5 7.5 0.0 0 1 3 5 5
5781.8 5996.1 -636.9 45 0 6.9 7.8 5.0 2.5 2 1 2 4 4
5707.7 6045.7 -617.8 171 0 10.1 12.3 5.0 2.5 2 1 2 1 1
5716.0 6115.5 -604.7 258 0 12.3 10.3 7.5 2.5 2 0 3 5 5
5543.1 6063.6 -584.8 20 0 16.3 10.6 7.5 2.5 2 0 3 4 4
5512.9 6082.6 -575.7 126 0 7.8 10.4 7.5 2.5 2 1 3 0 0
5530.5 6254.4 -555.7 216 0 13.4 13.1 2.5 2.5 2 0 1 3 3
5543.5 6174.6 -565.3 32 0 6.8 14.5 5.0 2.5 2 1 2 5 5
5625.6 6288.8 -563.2 336 0 10.7 6.7 7.5 2.5 2 0 3 2 2
5508.5 5954.4 -597.8 83 0 8.7 10.6 5.0 2.5 2 1 2 3 3
5570.6 5918.9 -615.9 137 0 10.2 11.4 7.5 2.5 2 1 3 4 4
5745.8 5988.2 -634.2 102 0 8.7 8.9 2.5 2.5 2 1 1 3 3
5945.7 5823.0 -697.3 48 0 7.1 8.4 7.5 2.5 2 1 3 2 2
5938.3 5954.2 -672.4 334 0 11.7 8.5 5.0 2.5 4 0 2 4 4
5838.7 5967.9 -653.9 158 0 8.7 15.5 2.5 2.5 2 1 1 4 4
5807.4 6640.5 -513.5 156 0 10.9 8.8 10.0 2.5 2 0 4 2 2
5764.0 6669.2 -522.4 182 0 6.1 9.3 7.5 2.5 2 1 3 3 3
5767.1 6569.4 -531.4 333 0 8.4 9.4 7.5 2.5 2 1 3 2 2
6010.3 6751.1 -500.6 270 0 9.1 13.3 5.0 2.5 2 1 2 1 1
5934.4 6715.4 -500.9 272 0 7.8 9.3 5.0 2.5 2 1 2 0 0
5833.1 6767.6 -508.3 265 0 9.8 13.7 7.5 2.5 2 1 3 2 2
5842.2 6834.1 -503.1 252 0 8.4 11.9 5.0 2.5 2 1 2 4 4
5865.2 6821.5 -497.9 247 0 8.7 8.5 2.5 0.0 0 0 1 1 1
5928.5 6862.8 -485.2 339 0 11.1 13.5 5.0 2.5 2 1 2 0 0
5846.1 6900.6 -495.7 250 0 8.7 12.0 5.0 2.5 2 1 2 2 2
5548.5 6803.9 -501.6 313 0 9.7 18.3 7.5 2.5 2 1 3 0 0
5556.9 6812.6 -499.3 316 0 10.2 10.7 7.5 2.5 4 1 3 3 3
5562.9 6822.7 -498.4 310 0 9.8 10.7 10.0 2.5 2 1 4 4 4
5578.1 6841.9 -496.8 306 0 9.2 11.2 10.0 2.5 2 1 4 2 2
5563.2 6908.5 -486.8 290 0 9.8 10.4 7.5 0.0 0 1 3 4 4
5634.8 6802.6 -507.7 100 0 12.6 8.6 10.0 2.5 2 0 4 1 1
5636.3 6821.8 -505.6 279 0 12.3 10.0 7.5 2.5 2 0 3 1 1
5600.7 6860.1 -497.5 295 0 10.4 15.8 7.5 2.5 2 1 3 0 0
5611.9 6856.1 -500.2 291 0 8.0 15.2 7.5 2.5 2 1 3 1 1
5598.0 6888.8 -494.7 297 0 13.1 10.2 7.5 2.5 2 0 3 5 5
5676.4 6843.4 -505.7 259 0 15.1 13.6 7.5 2.5 2 0 3 1 1
5691.9 6880.4 -504.1 290 0 9.2 14.2 5.0 2.5 2 1 2 2 2
5773.2 6904.2 -501.9 305 0 6.1 6.1 7.5 2.5 2 1 3 4 4
5937.5 6827.9 -487.3 270 0 7.1 11.1 7.5 2.5 2 1 3 5 5
5517.4 6716.7 -509.2 17 0 11.1 14.5 7.5 2.5 2 1 3 0 0
5528.6 6733.9 -507.9 15 0 10.9 18.0 5.0 2.5 2 1 2 1 1
5601.3 6693.7 -522.7 113 0 9.0 12.5 5.0 2.5 2 1 2 4 4
5565.6 6704.4 -517.5 21 0 9.5 18.3 10.0 0.0 0 1 4 3 3
4249.4 -1656.5 -21.4 217 0 7.6 31.6 10.0 0.0 0 1 4 2 2
4206.8 -1595.9 -29.1 123 0 12.5 23.9 10.0 2.5 2 1 4 1 1
4227.1 -1618.1 -25.3 121 0 13.2 6.4 10.0 2.5 2 0 4 1 1
4298.1 -1765.4 2.5 19 0 8.1 34.8 10.0 2.5 2 1 4 1 1
4290.7 -1743.4 -3.6 123 0 16.6 9.0 5.0 0.0 0 0 2 4 4
4351.7 -1704.4 -18.6 300 0 7.7 7.1 10.0 2.5 2 0 4 2 2
4294.4 -1596.2 -39.9 36 0 9.5 25.2 5.0 2.5 2 1 2 5 5
5711.3 -2397.0 -246.8 205 0 19.0 52.7 12.5 0.0 0 1 5 5 5
5780.8 -2373.4 -270.2 23 0 10.8 25.9 10.0 2.5 2 1 4 2 2
5729.0 -2351.8 -267.2 203 0 10.8 25.9 10.0 2.5 4 1 4 4 4
5752.7 -2330.4 -283.4 295 0 27.5 13.2 10.0 2.5 2 0 4 0 0
5367.0 -1677.3 -262.5 35 0 15.5 16.3 12.5 2.5 2 1 5 5 5
5684.1 -2248.5 -303.8 110 0 9.9 28.1 7.5 2.5 2 1 3 5 5
5729.9 -2493.4 -231.2 120 0 7.1 16.3 2.5 2.5 2 1 1 2 2
5674.9 -2480.2 -213.4 114 0 25.9 17.5 15.0 0.0 0 0 6 4 4
5698.0 -2401.6 -240.7 110 0 6.8 18.3 7.5 2.5 2 1 3 4 4
5089.0 -1607.2 -239.3 122 0 28.8 11.4 12.5 2.5 2 0 5 1 1
5128.6 -1623.0 -241.6 26 0 7.8 11.6 7.5 2.5 2 1 3 4 4
5133.1 -1592.8 -233.5 290 0 9.2 8.2 5.0 2.5 2 0 2 1 1
5107.1 -1576.2 -230.2 296 0 7.0 9.9 5.0 2.5 2 1 2 3 3
5142.1 -1556.1 -219.3 114 0 15.3 9.9 10.0 2.5 2 0 4 4 4
5169.4 -1475.5 -200.1 283 0 9.0 25.2 12.5 2.5 2 1 5 2 2
5058.7 -1582.4 -228.9 108 0 8.7 7.1 7.5 2.5 2 0 3 1 1
5078.5 -1564.2 -225.0 288 0 8.7 7.1 2.5 2.5 2 0 1 3 3
5085.9 -1555.4 -222.0 288 0 8.7 7.1 5.0 2.5 2 0 2 0 0
5092.6 -1543.3 -217.9 288 0 8.7 7.1 7.5 0.0 0 0 3 0 0
5096.4 -1565.7 -225.8 288 0 8.7 7.1 10.0 2.5 2 0 4 0 0
5093.2 -1532.5 -211.7 105 0 7.9 9.0 5.0 2.5 2 1 2 1 1
5126.2 -1549.8 -217.7 105 0 7.9 9.0 2.5 2.5 2 1 1 4 4
5765.5 -2672.7 -189.4 132 0 16.1 8.0 5.0 2.5 2 0 2 1 1
5785.6 -2638.9 -208.5 211 0 7.6 13.5 5.0 2.5 2 1 2 0 0
5790.0 -2630.3 -213.2 211 0 7.6 13.5 7.5 2.5 2 1 3 4 4
5815.1 -2695.3 -203.8 77 0 6.6 14.1 10.0 2.5 2 1 4 3 3
5845.6 -2749.0 -205.6 264 0 7.5 24.6 7.5 2.5 2 1 3 0 0
5845.7 -2710.7 -215.3 183 0 12.8 9.1 7.5 2.5 2 0 3 2 2
5809.1 -2677.2 -204.2 60 0 7.4 15.2 2.5 2.5 2 1 1 4 4
5695.8 -2677.7 -160.2 225 0 9.8 32.1 15.0 0.0 0 1 6 1 1
-6866.3 554.9 366.2 44 0 17.3 7.1 2.5 2.5 2 0 1 1 1
-4480.8 2025.9 409.9 56 0 14.6 19.0 10.0 2.5 2 1 4 2 2
-4651.3 2140.6 408.0 325 0 9.1 11.8 7.5 2.5 2 1 3 5 5
-4385.4 2085.7 418.4 300 0 10.3 9.0 7.5 2.5 4 0 3 1 1
-4301.4 2048.4 426.5 331 0 7.7 10.0 5.0 2.5 2 1 2 2 2
-3430.0 2583.7 422.8 330 0 8.4 34.1 10.0 2.5 2 1 4 0 0
-3491.4 2549.2 423.6 213 0 6.8 19.0 7.5 2.5 2 1 3 0 0
-1485.0 2396.6 350.4 56 0 8.7 37.1 10.0 2.5 2 1 4 1 1
-629.1 3279.1 317.5 227 0 15.3 7.8 10.0 2.5 2 0 4 4 4
-583.9 3377.3 324.3 179 0 30.7 14.4 12.5 2.5 2 0 5 5 5
-605.2 3377.9 322.8 3 0 17.4 10.6 5.0 2.5 2 0 2 1 1
-602.0 3406.4 319.5 1 0 9.4 13.7 10.0 2.5 2 1 4 0 0
-781.9 3204.5 311.7 69 0 6.2 19.1 7.5 2.5 4 1 3 4 4
-772.0 3204.1 312.8 69 0 6.2 19.1 5.0 2.5 2 1 2 2 2
-781.0 3239.5 309.9 339 0 19.1 6.2 7.5 2.5 2 0 3 0 0
-789.7 3235.8 309.3 339 0 19.1 6.2 7.5 2.5 2 0 3 2 2
-803.7 3265.5 308.0 249 0 6.2 19.1 7.5 2.5 2 1 3 5 5
-812.9 3231.9 308.1 159 0 19.1 6.2 7.5 2.5 2 0 3 5 5
-591.3 3538.2 311.7 279 0 11.0 15.8 2.5 2.5 2 1 1 3 3
-119.5 3985.5 340.0 5 0 7.9 12.2 7.5 2.5 2 1 3 4 4
-518.6 3587.5 313.0 181 0 16.9 7.9 7.5 2.5 4 0 3 0 0
-509.4 3618.8 311.8 188 0 10.9 14.8 10.0 2.5 2 1 4 2 2
-424.7 3590.6 334.5 161 0 20.4 10.6 7.5 2.5 2 0 3 2 2
-398.5 3591.7 341.1 340 0 7.5 10.5 7.5 2.5 2 1 3 2 2
-397.7 3606.9 341.7 254 0 7.1 6.8 2.5 0.0 0 0 1 1 1
-410.5 3618.3 336.5 253 0 8.8 24.7 10.0 2.5 2 1 4 1 1
-730.9 3696.0 257.4 258 0 10.5 15.6 7.5 2.5 2 1 3 5 5
-688.6 3645.1 278.8 347 0 9.1 12.7 5.0 2.5 4 1 2 3 3
-730.0 3628.2 278.3 91 0 19.2 8.4 2.5 2.5 2 0 1 5 5
-4498.1 2183.0 411.5 251 0 10.1 7.7 7.5 2.5 2 0 3 3 3
-4832.2 2079.3 409.5 118 0 8.2 31.8 12.5 2.5 4 1 5 5 5
-4892.1 2099.0 407.8 35 0 10.2 19.5 5.0 2.5 2 1 2 2 2
-4919.7 2080.4 409.5 35 0 13.6 11.1 10.0 2.5 2 0 4 1 1
-4902.2 2067.1 410.5 338 0 8.7 6.9 7.5 2.5 2 0 3 5 5
-4894.8 1938.9 416.6 4 0 11.7 15.1 10.0 2.5 2 1 4 4 4
-5020.3 2098.2 408.9 145 0 9.3 12.8 5.0 2.5 2 1 2 5 5
-5014.0 2035.7 410.7 334 0 14.8 10.8 7.5 2.5 2 0 3 4 4
-5054.5 2109.9 410.1 332 0 12.6 15.0 7.5 2.5 2 1 3 2 2
-5078.3 2151.9 410.7 320 0 16.7 9.2 5.0 2.5 2 0 2 1 1
-6036.2 1092.7 397.6 45 0 9.6 29.2 12.5 2.5 2 1 5 5 5
-6053.0 1123.7 396.8 27 0 11.8 8.0 5.0 2.5 2 0 2 4 4
-6190.7 1403.7 385.2 165 0 9.5 11.6 5.0 2.5 2 1 2 1 1
-6271.2 1382.4 386.1 80 0 12.6 7.2 7.5 2.5 2 0 3 3 3
-6424.3 1177.2 381.9 246 0 14.7 7.4 10.0 2.5 4 0 4 2 2
-6612.5 1346.8 363.8 11 0 9.5 14.8 7.5 2.5 2 1 3 5 5
-6707.5 1320.9 372.5 230 0 9.6 14.4 5.0 2.5 2 1 2 5 5
-6672.0 1296.7 368.7 162 0 6.6 11.1 5.0 2.5 2 1 2 2 2
5018.5 -3438.2 507.0 30 0 8.6 8.4 7.5 2.5 2 0 3 1 1
5979.0 -4043.0 333.8 237 0 7.1 42.3 15.0 0.0 0 1 6 1 1
5970.0 -4032.5 334.8 324 0 7.7 7.5 7.5 2.5 4 0 3 5 5
5955.2 -4018.8 331.7 321 0 16.7 7.1 5.0 2.5 2 0 2 0 0
5922.3 -3980.1 333.1 318 0 36.3 8.3 12.5 2.5 2 0 5 5 5
5859.9 -3924.2 343.1 315 0 17.5 7.7 7.5 2.5 2 0 3 4 4
6310.7 -4207.7 260.3 26 0 18.1 9.9 2.5 2.5 2 0 1 3 3
5190.9 -3514.6 472.5 340 0 25.6 10.9 10.0 2.5 4 0 4 4 4
5205.6 -3559.5 472.7 333 0 13.9 6.5 2.5 2.5 2 0 1 0 0
5086.3 -3453.1 493.2 240 0 14.2 25.7 12.5 0.0 0 1 5 1 1
5285.5 -1604.1 -234.1 88 0 22.9 17.0 12.5 2.5 2 0 5 4 4
-2233.2 -3461.5 256.9 40 0 9.6 12.5 10.0 2.5 2 1 4 2 2
-2829.8 -3787.7 173.2 293 0 10.3 31.5 10.0 2.5 2 1 4 4 4
-3331.5 -4249.9 97.5 3 0 13.7 16.1 7.5 2.5 2 1 3 1 1
-3256.7 -4268.0 97.1 115 0 14.7 10.5 7.5 2.5 2 0 3 5 5
-6753.9 733.1 363.0 2 0 9.1 18.1 7.5 2.5 2 1 3 4 4
-6803.2 736.2 366.0 188 0 8.8 28.6 10.0 2.5 2 1 4 0 0
2171.1 5083.0 311.3 69 0 14.0 9.8 7.5 2.5 2 0 3 3 3
2148.3 5073.3 312.4 65 0 16.0 7.9 5.0 2.5 2 0 2 1 1
2132.2 5058.1 311.8 58 0 12.7 10.5 5.0 2.5 2 0 2 2 2
2108.9 5041.1 302.5 56 0 14.0 7.5 5.0 0.0 0 0 2 5 5
2099.5 5101.5 311.1 277 0 9.4 13.3 5.0 0.0 0 1 2 0 0
2084.2 5073.7 305.1 184 0 13.1 9.2 5.0 2.5 2 0 2 1 1
2381.9 5187.1 325.4 324 0 21.4 24.8 10.0 0.0 0 1 4 2 2
2301.3 5122.3 316.7 114 0 7.1 15.4 7.5 2.5 2 1 3 2 2
2231.0 5030.8 297.5 205 0 8.6 14.8 7.5 2.5 2 1 3 1 1
2243.6 5051.1 302.0 225 0 9.6 13.1 7.5 2.5 2 1 3 5 5
2273.6 5032.2 299.7 349 0 8.2 8.7 2.5 2.5 4 1 1 0 0
2248.6 5004.0 292.7 165 0 10.1 14.3 7.5 2.5 2 1 3 5 5
2312.6 5006.5 293.7 360 0 8.0 12.2 5.0 2.5 4 1 2 5 5
2277.8 4985.3 289.1 180 0 9.2 9.0 10.0 0.0 0 0 4 5 5
2276.6 4965.2 285.0 180 0 8.2 18.8 5.0 2.5 2 1 2 5 5
2280.6 4951.0 282.3 180 0 8.9 18.1 10.0 2.5 2 1 4 2 2
2298.9 4970.6 286.2 180 0 11.7 27.4 10.0 2.5 2 1 4 3 3
2294.4 4936.7 279.6 180 0 11.0 35.8 12.5 2.5 2 1 5 0 0
2220.7 4999.8 284.7 349 0 31.2 24.9 10.0 2.5 2 0 4 2 2
2439.2 4404.9 172.9 256 0 14.0 11.0 2.5 2.5 2 0 1 1 1
2419.6 4424.3 179.8 75 0 9.9 9.6 7.5 2.5 2 0 3 1 1
2432.6 4423.1 176.4 76 0 7.1 13.4 5.0 0.0 0 1 2 5 5
2434.9 4446.2 172.3 45 0 18.7 8.7 10.0 2.5 2 0 4 0 0
2393.3 4527.8 177.8 269 0 15.7 50.0 7.5 2.5 2 1 3 2 2
2332.2 4408.5 182.6 285 0 19.7 14.0 10.0 2.5 2 0 4 2 2
2317.8 4328.0 170.1 36 0 24.6 23.0 10.0 2.5 2 0 4 0 0
2323.1 4116.4 120.4 308 0 11.8 7.8 7.5 2.5 4 0 3 5 5
2356.1 4119.1 121.0 130 0 12.8 17.7 5.0 2.5 2 1 2 0 0
2128.2 4347.6 172.4 317 0 6.9 14.2 5.0 2.5 4 1 2 0 0
2065.2 4324.7 173.3 29 0 12.9 22.6 15.0 0.0 0 1 6 3 3
2055.9 4303.0 172.3 28 0 10.8 35.3 12.5 0.0 0 1 5 3 3
2019.8 4355.0 179.5 302 0 13.2 21.8 12.5 2.5 2 1 5 5 5
2007.5 4280.7 176.8 303 0 17.1 12.8 2.5 2.5 2 0 1 3 3
1982.6 4287.6 184.4 301 0 13.5 16.2 5.0 2.5 2 1 2 1 1
2239.9 4124.2 134.4 68 0 11.9 14.7 10.0 2.5 2 1 4 3 3
2181.1 4118.8 147.4 34 0 8.9 7.5 2.5 2.5 4 0 1 3 3
2166.5 4161.5 150.4 297 0 15.9 24.1 12.5 2.5 2 1 5 3 3
1919.3 3295.1 211.8 196 0 10.8 7.1 2.5 2.5 2 0 1 2 2
1916.3 3222.9 218.8 359 0 24.0 9.2 2.5 2.5 2 0 1 4 4
1917.4 3182.6 212.1 359 0 23.6 9.7 2.5 2.5 2 0 1 3 3
1874.5 3179.7 227.3 181 0 10.5 7.7 2.5 2.5 2 0 1 0 0
1858.5 3183.4 232.8 163 0 11.0 8.6 2.5 2.5 2 0 1 3 3
1882.1 3277.5 225.8 32 0 11.7 8.4 2.5 2.5 4 0 1 4 4
1862.1 3294.1 231.4 301 0 9.6 31.0 2.5 2.5 2 1 1 5 5
1836.6 3247.8 242.1 30 0 19.9 12.1 2.5 2.5 2 0 1 5 5
1798.9 3270.6 253.2 215 0 15.4 14.6 2.5 2.5 2 0 1 1 1
1674.2 3362.8 277.5 243 0 8.6 16.2 5.0 2.5 2 1 2 1 1
1997.1 5468.8 424.8 347 0 9.7 20.6 7.5 2.5 2 1 3 3 3
2003.8 5477.5 417.8 168 0 47.5 9.1 12.5 2.5 2 0 5 0 0
1586.0 2952.2 286.7 166 0 18.9 13.2 12.5 2.5 2 0 5 0 0
1709.5 2942.2 257.5 111 0 17.3 13.5 12.5 2.5 2 0 5 2 2
2831.3 4854.8 264.2 4 0 16.8 11.6 10.0 2.5 2 0 4 0 0
2713.1 4793.8 255.3 131 0 7.0 23.3 2.5 2.5 2 1 1 2 2
2722.9 4775.5 249.7 156 0 15.5 9.1 5.0 2.5 2 0 2 2 2
2758.7 4794.9 253.9 297 0 22.9 11.7 12.5 2.5 2 0 5 0 0
2347.8 4974.8 286.9 348 0 7.8 14.0 2.5 2.5 2 1 1 0 0
2286.0 4914.5 273.8 306 0 19.9 7.1 7.5 2.5 2 0 3 2 2
2258.1 4940.9 277.7 309 0 12.6 9.2 7.5 2.5 2 0 3 1 1
2463.9 4964.9 281.2 346 0 10.4 29.4 12.5 2.5 2 1 5 3 3
2439.0 4897.5 272.2 85 0 20.1 11.2 7.5 2.5 2 0 3 1 1
2487.3 4899.3 269.1 255 0 9.1 11.4 10.0 2.5 4 1 4 5 5
2463.4 4881.8 266.8 256 0 31.9 7.5 10.0 2.5 2 0 4 0 0
3769.5 1597.5 -81.8 303 0 9.1 16.2 7.5 2.5 2 1 3 4 4
3822.7 1593.6 -84.7 332 0 11.2 9.6 7.5 2.5 4 0 3 0 0
3795.8 1604.3 -74.3 303 0 12.9 13.2 5.0 2.5 4 1 2 2 2
3791.2 1563.4 -86.6 123 0 6.7 21.3 7.5 2.5 2 1 3 4 4
3757.4 1619.8 -53.3 75 0 11.9 6.6 5.0 2.5 2 0 2 4 4
3723.1 1617.8 -44.3 55 0 25.8 8.2 5.0 2.5 2 0 2 3 3
3142.1 2107.1 155.2 61 0 7.7 25.2 7.5 2.5 2 1 3 5 5
3408.5 1972.6 63.4 72 0 7.3 24.1 2.5 2.5 2 1 1 0 0
3421.8 2052.9 58.9 15 0 36.2 10.1 12.5 2.5 2 0 5 3 3
3398.1 2080.0 67.0 282 0 8.1 59.7 17.5 0.0 0 1 7 5 5
3378.9 1974.5 75.9 96 0 8.5 40.1 15.0 0.0 0 1 6 1 1
3363.7 1988.2 81.7 186 0 16.4 7.4 7.5 2.5 2 0 3 4 4
3372.3 2094.4 75.3 0 0 13.0 7.7 7.5 2.5 2 0 3 3 3
3357.6 2080.7 76.7 87 0 7.8 28.0 5.0 2.5 2 1 2 1 1
3316.6 2053.7 97.7 91 0 7.4 12.5 10.0 0.0 0 1 4 0 0
3269.9 2038.9 123.5 340 0 11.5 10.1 5.0 0.0 0 0 2 0 0
