6665.4 -4126.8 -95.7 45 0 30.3 171.8 10.5 0.0 0 0 3 3 3
6648.1 -4339.9 -86.7 1 0 8.8 14.2 5.0 2.5 2 1 2 4 4
6453.6 -4456.2 -93.2 142 0 12.5 15.5 5.0 2.5 2 0 2 4 4
6498.1 -4440.7 -93.5 85 0 6.9 18.9 7.0 2.5 2 0 2 5 5
6457.1 -4580.6 -93.7 90 0 15.8 19.3 14.0 3.5 2 1 4 0 0
6260.3 -4392.0 -92.8 251 0 25.3 14.4 14.0 3.5 2 0 4 0 0
6203.7 -4360.0 -89.7 154 0 33.3 10.4 10.5 3.5 2 0 3 5 5
6233.9 -4369.6 -91.3 67 0 10.3 31.6 10.5 3.5 2 1 3 3 3
6247.9 -4367.6 -92.3 76 0 9.2 38.2 10.5 3.5 2 1 3 1 1
6260.2 -4362.9 -93.4 65 0 11.8 29.4 10.5 3.5 4 1 3 3 3
6271.3 -4359.3 -94.1 64 0 9.7 33.5 10.5 0.0 0 1 3 1 1
6260.1 -5663.6 -77.0 89 0 14.4 11.0 7.5 2.5 2 0 3 0 0
6194.5 -5668.9 -81.2 121 0 9.9 17.2 5.0 2.5 4 1 2 2 2
6123.0 -3759.8 -72.9 156 1 14.4 15.5 14.0 3.5 2 1 4 3 3
6376.0 -3939.7 -98.3 113 0 14.3 8.2 14.0 3.5 2 0 4 2 2
6400.3 -3980.6 -97.3 283 0 32.2 29.4 14.0 0.0 0 0 4 1 1
6349.0 -3963.9 -97.8 104 0 8.6 14.9 14.0 3.5 2 1 4 3 3
6359.2 -4001.4 -97.7 265 0 14.5 6.9 14.0 3.5 2 0 4 2 2
6313.7 -3880.5 -96.4 214 0 8.4 11.6 14.0 3.5 2 1 4 2 2
6321.7 -3898.6 -98.2 212 0 8.9 13.4 14.0 3.5 2 1 4 3 3
6302.9 -3898.2 -95.9 217 0 9.6 13.8 14.0 3.5 2 1 4 2 2
6326.6 -3985.8 -98.0 266 0 7.2 9.7 14.0 3.5 2 1 4 3 3
6324.5 -4027.2 -98.7 88 0 12.5 14.3 14.0 3.5 2 1 4 2 2
6319.8 -3965.7 -97.9 91 0 15.3 14.4 14.0 3.5 2 0 4 0 0
6315.3 -3982.4 -98.0 265 0 11.9 13.1 14.0 3.5 2 1 4 3 3
6291.1 -3930.5 -95.8 207 0 10.1 16.9 14.0 3.5 2 1 4 0 0
6277.9 -3994.9 -98.4 294 0 7.5 11.1 14.0 3.5 2 1 4 5 5
6258.2 -3988.3 -97.1 297 0 11.0 8.2 14.0 3.5 2 0 4 4 4
6230.4 -3973.9 -93.6 295 0 9.0 10.3 14.0 0.0 0 1 4 0 0
6267.6 -3991.7 -98.0 299 0 6.3 14.1 14.0 3.5 2 1 4 2 2
6232.3 -3952.1 -92.9 206 0 10.1 6.7 14.0 3.5 2 0 4 1 1
6228.3 -3945.7 -91.0 38 0 15.0 11.9 10.5 3.5 4 0 3 5 5
6285.2 -3910.1 -93.6 215 0 9.1 9.3 14.0 3.5 2 1 4 0 0
6237.8 -3930.1 -90.8 40 0 13.3 19.2 10.5 3.5 2 1 3 5 5
6270.0 -3926.8 -94.7 216 0 8.7 16.4 14.0 3.5 2 1 4 0 0
468.1 -1525.3 -37.7 89 0 13.3 9.0 7.5 2.5 2 0 3 0 0
507.4 -1498.6 -39.7 1 0 11.3 11.6 10.0 2.5 2 1 4 1 1
496.3 -1445.8 -32.2 39 0 9.9 7.2 7.5 2.5 2 0 3 1 1
406.7 -1494.6 -37.3 105 0 8.9 7.1 2.5 2.5 2 0 1 0 0
376.4 -1451.4 -27.2 157 0 7.0 12.2 10.0 2.5 2 1 4 4 4
6429.7 -4338.4 -99.6 335 0 24.1 16.6 10.0 0.0 0 0 4 1 1
6421.5 -4320.8 -99.9 335 0 14.7 16.6 5.0 2.5 2 1 2 1 1
6405.7 -4337.3 -98.3 236 0 9.4 7.5 7.5 2.5 4 0 3 1 1
6431.6 -4384.4 -95.5 305 0 18.9 19.9 17.5 0.0 0 1 7 3 3
6396.1 -4387.3 -95.1 124 0 27.5 13.9 12.5 2.5 2 0 5 5 5
6429.7 -3901.1 -99.3 307 0 15.3 35.0 14.0 3.5 2 1 4 0 0
2747.1 -3848.3 76.8 125 0 7.2 12.8 7.5 0.0 0 1 3 4 4
2715.3 -3772.4 80.9 293 0 6.3 26.7 7.5 2.5 2 1 3 1 1
1916.1 -4124.9 87.5 179 0 16.4 11.8 10.0 2.5 2 0 4 3 3
2222.5 -3985.6 85.5 181 0 15.1 12.1 7.5 0.0 0 0 3 5 5
2260.7 -3918.6 92.9 46 0 9.8 21.4 7.5 2.5 2 1 3 2 2
1653.1 -4994.3 15.2 184 0 8.5 11.5 7.5 2.5 2 1 3 2 2
1704.8 -4933.7 21.7 9 0 13.5 8.4 5.0 2.5 2 0 2 1 1
1870.7 -4838.0 36.9 102 0 13.0 10.9 7.5 0.0 0 0 3 4 4
1878.6 -4788.0 41.7 181 0 6.7 11.8 5.0 2.5 2 1 2 4 4
1956.6 -4582.7 41.8 46 0 9.1 7.3 7.5 2.5 2 0 3 5 5
2200.5 -4581.6 48.2 19 0 9.4 12.4 5.0 2.5 4 1 2 5 5
2152.1 -4540.1 57.0 215 0 11.9 7.2 5.0 0.0 0 0 2 0 0
2086.7 -4242.6 78.0 350 0 13.2 8.2 7.5 2.5 2 0 3 1 1
2004.0 -4261.5 74.5 91 0 8.8 11.6 10.0 2.5 4 1 4 2 2
2186.0 -4221.9 78.3 180 0 15.4 8.5 5.0 2.5 2 0 2 0 0
2218.0 -4200.8 79.0 3 0 8.9 6.2 5.0 2.5 2 0 2 4 4
2193.8 -4156.2 82.6 178 0 9.2 13.2 7.5 2.5 2 1 3 0 0
2251.9 -4123.5 77.1 359 0 7.9 9.0 7.5 2.5 2 1 3 2 2
2162.1 -4079.8 84.9 0 0 11.9 6.2 7.5 2.5 2 0 3 4 4
2157.6 -4044.2 89.5 306 0 7.0 14.2 2.5 2.5 2 1 1 5 5
2197.4 -3938.1 93.6 199 0 12.6 13.4 7.5 2.5 2 1 3 3 3
6386.2 -4883.0 -85.9 303 0 13.4 17.2 10.0 2.5 2 1 4 3 3
6208.9 -5044.3 -79.0 5 0 6.3 11.6 7.5 2.5 2 1 3 5 5
6144.5 -5016.9 -77.3 275 0 19.6 10.1 10.0 2.5 4 0 4 1 1
6198.0 -4999.1 -80.3 218 0 6.7 14.8 7.5 2.5 2 1 3 0 0
6261.2 -4996.7 -81.4 93 0 11.9 6.5 10.0 2.5 2 0 4 4 4
6199.4 -4981.2 -81.0 193 0 11.0 8.0 7.5 2.5 2 0 3 5 5
6173.8 -4954.0 -79.9 191 0 9.4 13.8 7.5 0.0 0 1 3 5 5
6180.1 -4930.4 -78.9 290 0 14.6 12.0 7.5 2.5 2 0 3 1 1
6324.4 -4998.9 -86.7 96 0 18.2 10.7 5.0 2.5 4 0 2 0 0
6301.8 -4994.8 -84.8 109 0 13.3 6.6 7.5 2.5 2 0 3 5 5
6289.4 -4791.8 -80.5 289 0 8.1 6.6 2.5 2.5 2 0 1 2 2
6290.1 -4780.6 -81.0 287 0 13.3 10.2 7.5 2.5 2 0 3 5 5
6245.0 -4787.3 -81.2 213 0 9.2 16.7 10.0 2.5 2 1 4 4 4
6228.9 -4952.1 -80.4 272 0 12.3 7.7 7.5 2.5 2 0 3 0 0
6326.6 -4968.5 -85.9 17 0 10.5 15.6 5.0 2.5 2 1 2 4 4
6355.5 -4974.8 -88.4 12 0 11.2 13.6 5.0 2.5 4 1 2 0 0
6359.2 -4960.9 -87.7 24 0 11.0 19.4 5.0 2.5 2 1 2 2 2
6357.5 -4922.3 -85.6 290 0 12.2 16.7 7.5 2.5 4 1 3 4 4
6325.3 -4831.2 -79.9 118 0 14.9 11.4 5.0 2.5 2 0 2 3 3
6382.7 -4788.3 -82.4 301 0 6.7 8.6 5.0 2.5 2 1 2 5 5
