6105.5 -3618.8 -20.2 3 0 17.4 61.6 10.0 0.0 0 0 4 0 0
5975.9 -3557.2 -18.7 181 0 26.9 84.5 7.5 0.0 0 0 3 2 2
482.1 -5988.3 7.0 154 0 9.5 9.2 7.5 2.5 2 0 3 0 0
414.2 -6084.6 5.5 150 0 7.5 15.2 7.5 2.5 2 1 3 4 4
337.1 -6016.1 9.4 331 0 12.4 6.0 7.5 2.5 2 0 3 1 1
325.2 -5963.5 10.6 329 0 9.7 12.5 5.0 2.5 2 0 2 2 2
291.3 -5902.6 11.2 336 0 9.3 15.0 7.5 2.5 2 0 3 5 5
141.8 -5822.5 8.9 204 0 11.5 22.2 7.5 2.5 4 1 3 3 3
188.0 -5791.1 8.8 132 0 13.7 8.1 7.5 2.5 2 0 3 1 1
-129.7 -5519.5 10.7 221 0 8.8 8.1 2.5 2.5 2 0 1 4 4
-97.8 -5554.5 9.9 315 0 9.0 15.0 7.5 2.5 2 1 3 1 1
-80.4 -5523.3 10.5 321 0 8.4 14.1 7.5 2.5 2 1 3 5 5
-73.2 -5532.3 10.3 317 0 8.8 8.1 10.0 0.0 0 0 4 4 4
-80.6 -5538.7 10.2 319 0 9.6 14.9 7.5 2.5 2 1 3 4 4
-62.4 -5577.1 9.2 318 0 8.5 25.7 5.0 2.5 2 1 2 3 3
-32.0 -5577.8 8.6 317 0 7.2 20.3 5.0 2.5 2 1 2 1 1
-14.5 -5597.4 7.6 316 0 10.0 23.2 7.5 2.5 2 1 3 3 3
-105.3 -5358.9 14.0 62 0 9.2 12.5 10.0 2.5 2 1 4 3 3
-75.0 -5430.6 11.5 128 0 6.8 38.2 12.5 0.0 0 1 5 1 1
-281.0 -4903.1 6.3 87 0 11.9 20.4 7.5 2.5 2 1 3 0 0
-397.1 -4927.6 9.7 310 0 16.9 7.9 7.5 2.5 4 0 3 0 0
-404.5 -4916.0 9.5 311 0 6.4 18.6 5.0 2.5 2 1 2 5 5
-247.7 -5028.7 8.2 136 0 19.9 18.1 10.0 2.5 2 0 4 3 3
-325.1 -5229.1 9.5 109 0 11.8 23.8 7.5 2.5 2 1 3 2 2
-311.6 -5189.7 9.0 318 0 25.6 12.9 10.0 2.5 2 0 4 3 3
-347.9 -5174.1 8.5 198 0 11.3 18.0 7.5 0.0 0 1 3 3 3
