6344.5 6530.3 236.6 46 0 7.1 8.0 7.5 2.5 2 0 3 4 4
6178.0 6564.9 236.4 294 0 10.3 9.9 2.5 2.5 2 0 1 5 5
6300.2 6815.6 223.2 310 0 7.2 10.2 7.5 2.5 2 0 3 1 1
6232.1 6856.5 230.0 219 0 10.1 8.3 7.5 2.5 2 0 3 0 0
6060.0 6512.4 245.0 52 0 12.6 20.9 10.0 2.5 2 0 4 2 2
6293.2 6827.9 223.5 311 0 13.3 8.0 7.5 2.5 2 0 3 3 3
6275.8 6830.4 225.9 305 0 11.5 7.9 10.0 2.5 2 0 4 2 2
6149.5 6512.5 242.8 190 0 6.8 6.9 2.5 0.0 0 1 1 4 4
6223.5 6842.1 232.3 217 0 10.5 14.3 7.5 2.5 2 0 3 2 2
6029.6 6554.0 244.0 265 0 17.2 15.0 12.5 2.5 2 0 5 0 0
6268.8 6793.0 227.2 127 0 9.1 11.7 7.5 2.5 2 0 3 2 2
6353.7 6558.7 231.9 242 0 13.2 12.3 10.0 2.5 2 0 4 5 5
6277.0 6803.1 226.1 128 0 12.3 6.3 7.5 2.5 2 0 3 2 2
6294.0 6665.1 227.3 30 0 6.2 13.4 7.5 2.5 2 1 3 4 4
6228.4 6514.7 240.8 94 0 17.2 7.8 7.5 2.5 4 0 3 4 4
6324.0 6793.6 219.7 303 0 7.2 7.0 7.5 2.5 2 0 3 5 5
6217.1 6535.3 234.4 212 0 15.4 7.3 10.0 0.0 0 0 4 3 3
6268.2 6844.0 226.0 299 0 8.3 16.7 5.0 2.5 2 1 2 1 1
6309.0 6790.5 221.9 307 0 8.1 9.3 2.5 2.5 2 1 1 3 3
6208.8 6578.3 234.5 256 0 6.5 13.6 5.0 2.5 2 1 2 4 4
6219.2 6547.7 234.4 23 0 8.1 33.4 12.5 2.5 2 1 5 3 3
6212.3 6536.4 234.6 24 0 10.9 9.7 10.0 2.5 2 0 4 2 2
6250.2 6809.1 229.1 118 0 9.8 18.3 7.5 2.5 4 1 3 2 2
6255.3 6572.0 233.5 254 0 10.7 8.4 7.5 2.5 2 0 3 4 4
5971.7 6559.7 242.6 223 0 8.8 42.7 12.5 2.5 4 1 5 4 4
6283.7 6787.1 223.5 119 0 8.7 16.8 5.0 2.5 2 1 2 3 3
6325.9 6774.7 219.3 39 0 9.8 15.5 2.5 2.5 2 1 1 3 3
6553.7 6377.3 225.9 47 0 13.3 7.9 7.5 2.5 4 0 3 2 2
6532.4 6457.3 226.3 174 0 9.2 10.8 7.5 2.5 2 1 3 1 1
6572.2 6481.8 220.1 304 0 35.5 13.2 12.5 2.5 2 0 5 5 5
6538.9 6420.4 226.8 221 0 7.6 14.9 7.5 2.5 4 1 3 1 1
6510.6 6366.1 232.6 242 0 13.3 8.0 10.0 2.5 2 0 4 4 4
6597.7 6446.0 219.3 318 0 32.8 18.0 12.5 2.5 2 0 5 3 3
6532.7 6364.8 229.0 67 0 14.7 9.0 5.0 2.5 2 0 2 1 1
6630.2 6400.2 218.8 47 0 15.7 38.1 7.5 0.0 0 1 3 3 3
6520.6 6432.6 228.6 171 0 11.8 19.5 5.0 2.5 2 1 2 0 0
6015.2 6563.0 244.0 307 0 12.2 7.3 7.5 2.5 2 0 3 2 2
6067.4 6585.9 248.2 282 0 10.0 7.4 7.5 2.5 2 0 3 5 5
5876.3 5172.6 182.1 126 0 10.9 18.3 5.0 2.5 2 1 2 3 3
6322.1 5389.4 183.4 38 0 23.0 10.1 2.5 2.5 2 0 1 5 5
6277.0 5308.9 183.6 311 0 12.5 22.6 10.0 2.5 4 1 4 3 3
5885.1 5210.6 184.3 334 0 10.3 13.5 2.5 2.5 2 1 1 3 3
6216.8 5333.2 182.1 59 0 13.2 8.0 7.5 2.5 4 0 3 5 5
6306.4 5353.2 181.1 29 0 15.7 9.1 5.0 0.0 0 0 2 5 5
5835.4 5231.1 192.3 255 0 17.5 10.9 7.5 2.5 2 0 3 1 1
5985.6 5261.9 176.0 345 0 7.9 10.3 5.0 2.5 4 1 2 3 3
6314.1 5366.1 183.6 33 0 14.3 9.2 5.0 0.0 0 0 2 0 0
5329.0 3964.7 206.9 238 0 37.4 13.4 14.0 0.0 0 0 4 1 1
5307.7 3928.2 208.6 186 0 19.6 7.9 14.0 3.5 2 0 4 4 4
5460.7 4030.4 199.8 65 0 20.3 8.8 14.0 3.5 2 0 4 4 4
6732.5 5453.7 185.6 274 0 8.5 24.8 2.5 2.5 2 1 1 2 2
6670.6 5395.7 186.0 158 0 13.8 40.7 12.5 2.5 2 1 5 0 0
6560.5 5422.1 181.9 125 0 14.4 10.0 7.5 2.5 2 0 3 3 3
6577.6 5437.0 183.2 311 0 23.5 9.4 7.5 2.5 2 0 3 0 0
6617.2 5353.3 184.2 299 0 13.4 49.8 12.5 2.5 2 1 5 4 4
6611.6 5372.8 183.9 26 0 21.2 18.1 17.5 0.0 0 0 7 3 3
6775.4 5441.2 187.3 357 0 21.8 17.2 12.5 2.5 2 0 5 0 0
-2717.6 -3998.5 -61.2 50 0 20.4 7.0 7.5 2.5 2 0 3 5 5
-2704.8 -4011.7 -69.6 230 0 20.1 11.2 7.5 2.5 2 0 3 1 1
4903.8 3825.7 210.4 238 0 11.6 16.9 17.5 3.5 4 1 5 3 3
4914.6 3830.2 210.8 236 0 11.2 24.3 17.5 3.5 2 1 5 5 5
4922.9 3836.0 210.8 234 0 9.1 19.5 17.5 3.5 2 1 5 1 1
4723.3 3677.5 205.2 81 0 32.4 47.9 10.5 0.0 0 1 3 0 0
4432.4 3383.0 196.4 301 0 22.2 27.6 12.5 2.5 2 1 5 3 3
4412.6 3395.9 195.9 303 0 23.4 25.9 15.0 0.0 0 1 6 2 2
4411.1 3409.9 195.5 25 0 6.4 26.8 12.5 2.5 2 1 5 2 2
547.7 -3017.8 36.9 2 0 28.3 11.0 12.5 2.5 2 0 5 4 4
548.7 -2989.6 38.9 354 0 20.4 11.3 10.0 2.5 2 0 4 5 5
548.2 -2965.7 40.0 359 0 22.8 12.2 12.5 2.5 2 0 5 3 3
533.6 -2938.1 40.3 181 0 15.2 15.8 10.0 2.5 2 1 4 5 5
535.1 -2919.0 39.8 214 0 8.3 17.2 7.5 2.5 2 1 3 0 0
545.7 -2903.8 40.0 210 0 20.3 13.4 10.0 2.5 2 0 4 2 2
557.7 -2884.1 39.4 208 0 21.3 12.6 12.5 2.5 2 0 5 5 5
501.5 -3015.9 32.0 181 0 7.8 8.3 10.0 2.5 2 1 4 4 4
501.1 -3043.1 32.5 98 0 13.2 21.3 12.5 2.5 2 1 5 3 3
513.5 -3066.8 29.5 135 0 17.6 21.7 12.5 2.5 2 1 5 2 2
488.8 -2931.5 25.5 31 0 22.1 10.2 5.0 2.5 2 0 2 5 5
478.7 -2950.4 23.4 26 0 15.6 9.4 7.5 2.5 2 0 3 5 5
481.2 -2987.2 27.0 330 0 13.0 7.0 10.0 2.5 2 0 4 3 3
464.8 -2949.7 22.0 6 0 17.5 9.6 5.0 2.5 2 0 2 4 4
456.6 -2789.6 29.5 47 0 10.2 39.2 10.0 2.5 4 1 4 0 0
450.6 -2752.6 33.8 298 0 8.3 8.0 5.0 2.5 2 0 2 4 4
352.4 -2916.7 17.5 300 0 14.0 23.4 10.0 2.5 4 1 4 0 0
364.6 -2952.2 22.9 310 0 16.2 8.5 7.5 2.5 2 0 3 1 1
325.0 -3015.5 32.2 122 0 11.6 35.3 12.5 2.5 4 1 5 5 5
342.0 -3277.2 38.0 160 0 11.2 33.2 15.0 0.0 0 1 6 5 5
391.6 -3289.7 41.2 343 0 8.4 7.8 2.5 2.5 2 0 1 2 2
393.4 -3352.5 45.7 75 0 33.6 22.0 12.5 0.0 0 0 5 1 1
668.3 -2944.4 36.1 130 0 18.0 13.7 5.0 2.5 2 0 2 5 5
693.4 -2943.1 33.9 307 0 14.3 17.0 5.0 2.5 2 1 2 0 0
665.1 -2858.0 39.1 322 0 13.0 11.0 5.0 2.5 2 0 2 3 3
634.5 -2787.1 45.6 298 0 17.2 11.4 2.5 2.5 2 0 1 0 0
648.3 -2763.2 51.5 144 0 13.3 19.7 15.0 0.0 0 1 6 5 5
581.9 -2699.5 51.5 143 0 20.4 12.7 10.0 2.5 2 0 4 5 5
545.7 -2646.4 52.8 211 0 8.9 29.6 10.0 0.0 0 1 4 0 0
549.1 -2716.2 45.5 48 0 15.8 14.5 10.0 2.5 2 0 4 3 3
103.6 -4116.9 47.0 326 0 12.3 45.0 12.5 0.0 0 1 5 1 1
10.0 -4176.2 39.5 147 0 12.3 48.6 10.0 2.5 2 1 4 5 5
44.3 -4184.4 46.7 58 0 10.2 6.1 5.0 2.5 2 0 2 2 2
-79.0 -4257.7 44.0 239 0 8.8 7.1 7.5 2.5 2 0 3 0 0
-85.6 -4201.6 27.5 332 0 17.4 46.8 10.0 2.5 2 1 4 0 0
-185.3 -4367.4 51.6 240 0 43.8 9.5 12.5 2.5 2 0 5 2 2
-230.1 -4317.9 35.4 176 0 7.6 27.9 2.5 2.5 2 1 1 0 0
-191.3 -4299.9 34.5 281 0 17.6 9.7 5.0 2.5 2 0 2 2 2
-236.5 -4292.7 27.5 169 0 9.0 15.1 7.5 2.5 2 1 3 2 2
-251.9 -4402.8 45.4 24 0 9.2 15.5 7.5 0.0 0 1 3 2 2
-301.1 -4404.1 38.5 136 0 8.8 13.7 7.5 2.5 2 1 3 3 3
-310.7 -4494.3 42.1 334 0 13.0 38.4 10.0 0.0 0 1 4 1 1
-314.2 -4473.6 41.8 245 0 7.2 9.3 10.0 2.5 2 1 4 1 1
-261.9 -4541.8 52.6 332 0 17.1 45.7 12.5 2.5 2 1 5 4 4
-302.2 -4604.0 56.9 66 0 18.5 14.9 10.0 2.5 2 0 4 3 3
-375.6 -4616.4 46.9 140 0 12.7 46.5 12.5 2.5 2 1 5 4 4
-260.0 -4679.8 68.8 326 0 12.7 27.4 15.0 0.0 0 1 6 5 5
5447.6 3647.1 232.3 6 0 10.7 34.6 10.0 0.0 0 1 4 1 1
4874.4 4578.7 207.7 109 0 9.1 34.1 14.0 0.0 0 1 4 1 1
5368.6 3606.1 235.9 186 0 30.1 21.6 10.0 0.0 0 0 4 1 1
4717.3 4235.0 234.8 91 0 23.0 14.5 10.5 3.5 2 0 3 0 0
4682.3 4216.4 237.4 99 0 10.1 30.0 10.5 3.5 2 1 3 4 4
4651.9 4211.5 236.8 289 0 9.4 30.2 10.5 3.5 2 1 3 3 3
4517.4 3991.4 208.8 227 0 10.5 36.8 14.0 3.5 2 1 4 4 4
4497.4 3943.1 207.2 140 0 22.9 38.1 14.0 0.0 0 1 4 5 5
4717.6 3772.9 210.6 67 0 11.1 28.5 14.0 3.5 4 1 4 1 1
4537.1 3877.9 215.4 277 0 8.3 18.2 12.5 2.5 2 1 5 3 3
4506.9 3829.1 215.6 139 0 22.8 8.9 10.0 2.5 2 0 4 4 4
4532.3 3797.5 217.2 141 0 48.8 9.6 10.0 0.0 0 0 4 1 1
4608.6 3810.5 215.6 17 0 11.4 36.2 12.5 2.5 2 1 5 1 1
4420.0 3301.0 191.6 20 0 18.6 12.0 7.5 2.5 2 0 3 3 3
4409.0 3282.3 189.2 32 0 17.8 12.9 2.5 2.5 2 0 1 5 5
4341.3 3216.9 177.4 133 0 15.7 55.9 15.0 2.5 2 1 6 2 2
1321.6 5061.2 185.3 12 0 6.8 13.4 14.0 3.5 4 1 4 3 3
1323.9 5126.2 185.8 279 0 30.4 28.4 14.0 0.0 0 0 4 2 2
-730.7 -2345.9 -57.6 248 0 67.6 50.1 5.0 0.0 0 0 2 5 5
-2508.6 6080.6 117.9 305 0 16.7 34.2 2.5 0.0 0 1 1 0 0
-2476.2 6064.7 118.3 125 0 17.2 16.3 5.0 0.0 0 0 2 3 3
-2433.7 6063.1 119.1 35 0 13.4 71.0 15.0 2.5 2 1 6 2 2
6093.1 -5905.3 -160.3 64 0 13.7 63.0 2.5 2.5 2 1 1 5 5
6074.6 -5913.3 -159.5 64 0 13.7 63.0 2.5 2.5 2 1 1 4 4
6013.6 -5621.1 -182.3 269 0 13.4 58.6 12.5 2.5 2 1 5 1 1
6000.5 -5675.4 -182.9 88 0 12.6 50.4 12.5 2.5 2 1 5 0 0
5972.2 -5675.6 -185.7 88 0 12.6 50.4 12.5 2.5 2 1 5 3 3
5846.4 -5650.4 -201.1 41 0 8.1 41.1 2.5 2.5 2 1 1 2 2
5809.0 -5677.1 -200.9 41 0 11.6 27.1 10.0 2.5 2 1 4 4 4
5509.2 -5787.6 -202.0 154 0 17.1 123.0 12.5 0.0 0 1 5 2 2
5634.9 -5761.2 -194.0 334 0 17.1 123.0 12.5 0.0 0 1 5 5 5
5600.8 -5829.0 -184.9 64 0 123.0 17.1 12.5 0.0 0 0 5 3 3
5605.4 -5850.3 -176.6 356 0 6.9 27.5 10.0 2.5 2 1 4 5 5
5111.2 -6119.6 -200.2 271 0 9.3 30.9 2.5 0.0 0 1 1 2 2
4816.3 -6259.4 -259.4 38 0 13.4 21.6 2.5 2.5 2 1 1 3 3
3372.5 -6432.7 -229.0 152 0 12.8 34.2 10.0 2.5 2 1 4 2 2
1368.3 -6429.9 -158.4 240 0 24.2 8.3 5.0 2.5 2 0 2 1 1
