-5182.8 -6860.9 -107.9 44 0 8.5 13.2 7.5 2.5 2 0 3 3 3
-6392.0 -6669.5 -271.2 94 0 8.5 9.8 7.5 2.5 2 0 3 2 2
-6301.1 -6753.3 -267.9 92 0 7.7 10.1 7.5 2.5 2 1 3 5 5
-6238.9 -6640.5 -245.5 333 0 11.9 6.7 7.5 2.5 2 0 3 3 3
-6226.0 -6892.0 -280.3 63 0 9.9 7.8 7.5 2.5 2 0 3 3 3
-5760.0 -6745.0 -211.8 64 0 8.9 17.7 10.0 2.5 2 1 4 4 4
-6016.7 -6540.5 -179.1 127 0 10.3 8.0 7.5 2.5 2 0 3 1 1
-6126.8 -6551.2 -211.5 285 0 8.6 10.4 2.5 2.5 2 1 1 4 4
-6095.3 -6594.9 -208.7 307 0 7.9 9.9 7.5 2.5 2 1 3 0 0
-6196.6 -6586.3 -228.1 193 0 10.9 11.5 7.5 2.5 2 1 3 5 5
-6579.3 -3573.1 -284.5 98 0 6.1 9.0 14.0 3.5 2 0 4 5 5
-6594.5 -3636.7 -286.7 31 0 9.0 8.1 14.0 3.5 2 0 4 0 0
-6622.3 -3672.7 -291.5 62 0 13.0 9.8 14.0 3.5 2 0 4 0 0
-6599.1 -3683.9 -293.4 61 0 15.1 9.1 14.0 3.5 2 0 4 4 4
-6669.2 -3243.6 -298.1 149 0 9.5 8.5 10.5 3.5 2 0 3 2 2
-6652.4 -3273.4 -297.5 62 0 6.7 8.9 3.5 3.5 2 0 1 5 5
-6640.1 -3304.4 -296.7 344 0 9.9 14.5 14.0 3.5 2 0 4 4 4
-6676.0 -3277.9 -297.4 199 0 16.8 10.8 10.5 3.5 2 0 3 4 4
-6904.9 -3114.7 -294.1 116 0 9.0 11.1 10.5 3.5 2 0 3 2 2
-6864.1 -3127.2 -294.6 109 0 20.1 12.3 7.0 3.5 2 0 2 2 2
-6842.2 -3138.4 -294.9 22 0 7.4 7.3 3.5 3.5 2 0 1 2 2
-6800.0 -3206.6 -299.0 116 0 10.5 7.7 10.5 3.5 2 0 3 1 1
-6796.8 -3197.2 -298.3 113 0 12.8 16.4 3.5 3.5 2 0 1 4 4
-6793.1 -2995.0 -289.5 126 0 9.4 16.3 14.0 3.5 2 0 4 1 1
-6783.7 -2998.0 -289.1 127 0 6.1 14.4 7.0 3.5 2 0 2 3 3
-6762.9 -3053.9 -293.3 111 0 9.4 10.6 10.5 3.5 2 0 3 3 3
-6734.4 -3078.7 -295.2 84 0 14.1 28.2 10.5 3.5 2 0 3 4 4
-6724.6 -3114.0 -298.9 78 0 21.0 15.1 17.5 3.5 2 0 5 0 0
-6768.9 -3006.5 -289.2 124 0 10.2 9.6 10.5 3.5 2 0 3 2 2
-6735.4 -3036.1 -291.1 109 0 7.6 6.6 10.5 3.5 2 0 3 1 1
-6643.9 -2967.0 -284.0 38 0 7.3 6.6 10.5 3.5 2 0 3 3 3
-6678.4 -3022.6 -285.9 105 0 10.4 22.7 7.0 0.0 0 0 2 4 4
-6639.3 -3080.5 -289.3 87 0 8.1 11.4 10.5 3.5 2 0 3 0 0
-6649.1 -3103.5 -294.0 66 0 15.8 24.4 14.0 0.0 0 0 4 4 4
-6615.3 -3410.9 -291.1 157 0 11.8 11.2 14.0 3.5 2 0 4 0 0
-6627.7 -3403.4 -289.9 160 0 8.9 7.4 14.0 3.5 2 0 4 4 4
-6745.4 -3389.2 -274.2 94 0 9.6 10.3 14.0 3.5 2 0 4 2 2
-6740.0 -3338.4 -286.9 133 0 10.4 9.6 14.0 3.5 2 0 4 2 2
-6753.6 -3343.6 -282.6 207 0 11.3 11.2 14.0 3.5 2 0 4 0 0
-6783.7 -3321.6 -288.1 85 0 6.8 6.6 14.0 3.5 2 0 4 4 4
-6829.3 -3279.7 -290.9 282 0 15.8 9.6 14.0 3.5 2 0 4 2 2
-6755.3 -3173.8 -298.6 105 0 7.8 19.1 3.5 3.5 2 0 1 4 4
-6742.8 -3177.5 -299.6 103 0 15.3 19.7 17.5 0.0 0 0 5 4 4
-6727.5 -3179.1 -299.4 99 0 8.4 10.5 14.0 3.5 2 0 4 2 2
-6699.3 -3228.7 -298.6 116 0 15.0 17.3 14.0 3.5 2 0 4 5 5
-6714.4 -3217.7 -299.0 109 0 19.5 19.0 10.5 3.5 2 0 3 3 3
-6736.9 -3215.7 -298.7 112 0 9.1 13.7 7.0 3.5 2 0 2 3 3
-6768.2 -3200.4 -298.2 119 0 6.9 9.5 10.5 3.5 2 0 3 4 4
-6647.9 -3317.1 -296.1 258 0 14.6 20.5 14.0 3.5 2 0 4 3 3
-6627.3 -3383.5 -292.5 161 0 9.2 11.7 14.0 3.5 2 0 4 1 1
-6631.2 -3369.5 -292.9 162 0 6.2 7.7 14.0 3.5 2 0 4 2 2
-6640.6 -3373.5 -291.8 165 0 6.9 8.3 14.0 3.5 2 0 4 3 3
-6637.7 -3394.6 -289.9 162 0 6.4 9.2 14.0 3.5 2 0 4 5 5
-6641.0 -3387.5 -290.3 161 0 7.3 8.1 14.0 3.5 2 0 4 3 3
-6647.9 -3388.5 -289.6 95 0 6.3 8.5 14.0 3.5 2 0 4 4 4
-6670.7 -3310.9 -295.3 254 0 12.8 7.7 14.0 3.5 2 0 4 0 0
-6642.5 -3338.4 -295.5 260 0 31.7 11.2 14.0 3.5 2 0 4 3 3
-6701.4 -3379.3 -281.6 95 0 14.9 9.1 14.0 3.5 2 0 4 0 0
-6660.8 -2439.8 -271.9 141 0 9.4 12.0 14.0 3.5 2 0 4 2 2
-6679.3 -2536.6 -244.9 6 0 7.5 10.6 5.0 2.5 2 1 2 0 0
-6859.0 -2788.8 -275.3 95 0 12.6 12.2 3.5 3.5 2 0 1 3 3
-6884.5 -2811.4 -283.1 145 0 7.1 11.7 10.5 3.5 2 0 3 5 5
-6830.0 -2838.8 -277.2 57 0 9.3 6.3 7.0 3.5 2 0 2 1 1
-6821.6 -2848.5 -278.0 58 0 16.7 10.6 14.0 3.5 2 0 4 5 5
-6834.0 -2913.8 -286.6 70 0 7.7 12.3 14.0 3.5 2 0 4 5 5
-6620.3 -2428.3 -278.1 65 0 7.9 14.0 3.5 0.0 0 0 1 1 1
-6594.6 -2456.1 -279.6 119 0 7.8 9.1 10.5 3.5 2 0 3 2 2
-6587.4 -2459.5 -280.8 124 0 6.2 10.5 7.0 3.5 2 0 2 3 3
-6587.2 -2478.9 -276.8 44 0 7.3 13.9 10.5 3.5 2 0 3 2 2
-6623.9 -2481.8 -270.5 113 0 11.7 9.4 7.0 3.5 2 0 2 4 4
-6596.7 -2507.4 -272.1 67 0 9.3 15.6 7.0 3.5 2 0 2 4 4
-6584.7 -2707.8 -256.5 33 0 7.5 11.8 3.5 3.5 2 0 1 0 0
-6566.6 -2603.8 -269.7 69 0 13.2 10.8 10.5 3.5 2 0 3 5 5
-6538.8 -2677.2 -264.7 60 0 8.4 7.8 7.0 3.5 2 0 2 2 2
-6553.4 -2702.7 -263.3 98 0 10.5 8.9 10.5 3.5 2 0 3 1 1
-6568.3 -2842.5 -267.1 108 0 8.2 13.6 7.0 3.5 2 0 2 2 2
-6561.9 -2886.3 -274.2 91 0 8.6 18.7 10.5 0.0 0 0 3 0 0
-6571.2 -2904.6 -277.7 137 0 10.6 12.4 3.5 3.5 2 0 1 3 3
-6665.8 -2893.7 -273.5 65 0 8.3 17.7 7.0 0.0 0 0 2 5 5
-6682.8 -2901.5 -275.2 68 0 10.3 8.1 10.5 3.5 2 0 3 5 5
-6650.9 -3789.5 -284.5 321 0 8.0 9.0 14.0 3.5 2 1 4 2 2
-6637.0 -3757.7 -291.1 21 0 8.3 10.2 14.0 0.0 0 1 4 0 0
-6651.4 -3701.4 -288.7 31 0 12.1 8.8 14.0 3.5 2 0 4 4 4
-6642.3 -3694.0 -291.3 48 0 8.2 11.6 14.0 3.5 2 1 4 1 1
-6700.1 -3741.2 -275.6 178 0 7.1 9.9 14.0 0.0 0 1 4 3 3
-6709.7 -3706.2 -274.1 148 0 11.9 8.3 14.0 3.5 4 0 4 2 2
-6742.2 -3667.5 -262.7 188 0 14.6 7.5 14.0 3.5 2 0 4 2 2
-6710.9 -3659.8 -270.8 149 0 9.0 12.5 14.0 3.5 2 1 4 1 1
-6740.3 -3604.5 -255.1 203 0 12.2 7.2 14.0 3.5 2 0 4 4 4
-6605.5 -3592.5 -282.0 29 0 7.0 8.6 14.0 3.5 2 1 4 2 2
-6555.5 -3553.0 -288.7 283 0 8.8 12.0 14.0 3.5 2 1 4 1 1
-6549.1 -3519.4 -289.0 356 0 12.2 11.6 14.0 3.5 2 0 4 5 5
-6550.4 -3456.8 -292.3 321 0 20.3 10.9 14.0 3.5 2 0 4 5 5
-6660.2 -3206.7 -298.7 153 0 7.3 6.4 10.5 3.5 2 0 3 1 1
-6651.8 -3223.0 -298.4 152 0 6.9 7.2 10.5 3.5 2 0 3 3 3
-6643.0 -3231.9 -298.3 67 0 8.8 6.4 7.0 3.5 2 0 2 5 5
-6629.8 -3263.3 -297.9 68 0 10.3 12.8 10.5 3.5 2 0 3 1 1
-6612.6 -3308.3 -296.9 250 0 7.4 7.8 14.0 3.5 2 1 4 1 1
-6574.9 -3286.0 -297.8 342 0 15.1 10.5 14.0 0.0 0 0 4 5 5
-6511.2 -3327.8 -297.0 351 0 7.8 26.2 14.0 3.5 2 1 4 1 1
-6541.1 -3363.7 -297.2 81 0 8.6 19.6 14.0 3.5 2 1 4 2 2
-6550.9 -3369.9 -297.1 83 0 6.3 22.8 14.0 3.5 2 1 4 1 1
-6570.5 -3352.6 -296.3 85 0 7.6 8.9 14.0 3.5 4 1 4 1 1
-6592.0 -3319.9 -297.0 160 0 6.6 12.3 14.0 0.0 0 1 4 1 1
-6595.4 -3371.4 -295.2 344 0 6.4 6.5 14.0 3.5 2 1 4 1 1
-6583.6 -3406.9 -293.4 345 0 11.5 7.7 14.0 3.5 2 0 4 4 4
-6570.8 -3427.7 -292.7 334 0 6.4 6.8 14.0 3.5 4 1 4 2 2
-6585.1 -3465.5 -288.4 152 0 8.9 6.7 14.0 3.5 2 0 4 1 1
-6600.6 -3438.2 -290.0 167 0 7.9 9.7 14.0 3.5 2 1 4 0 0
-6599.9 -3427.8 -290.5 149 0 7.6 6.9 14.0 3.5 4 0 4 0 0
-6604.2 -3420.8 -290.6 148 0 8.1 6.6 14.0 3.5 2 0 4 0 0
-6363.9 -2941.9 -287.8 355 0 9.6 7.7 10.5 3.5 2 0 3 5 5
-6351.6 -2973.2 -288.7 331 0 14.3 10.8 10.5 3.5 2 0 3 5 5
-6375.0 -2986.8 -290.8 146 0 14.0 13.2 10.5 3.5 2 0 3 3 3
-6362.5 -3081.2 -290.5 113 0 6.1 10.1 10.5 3.5 2 1 3 4 4
-6360.6 -3141.3 -290.6 268 0 8.4 14.7 10.5 3.5 2 1 3 0 0
-6518.0 -3595.0 -293.3 30 0 7.2 10.7 14.0 3.5 2 1 4 4 4
-6545.0 -3592.0 -291.4 49 0 6.6 9.0 14.0 3.5 2 1 4 0 0
-6532.4 -3516.0 -290.8 273 0 8.6 18.9 14.0 0.0 0 1 4 3 3
-6504.0 -3463.0 -291.8 203 0 9.8 9.1 14.0 3.5 2 0 4 2 2
-6447.1 -3490.0 -300.3 193 0 11.5 53.0 14.0 3.5 2 1 4 4 4
-6456.6 -3473.3 -294.4 100 0 8.7 11.0 14.0 0.0 0 1 4 2 2
-6469.3 -3449.9 -293.1 203 0 12.2 6.9 14.0 3.5 2 0 4 3 3
-6473.3 -3430.7 -292.4 202 0 12.3 8.6 14.0 3.5 2 0 4 4 4
-6449.3 -3404.4 -293.4 268 0 14.8 12.2 14.0 3.5 2 0 4 2 2
-6424.4 -3427.6 -295.6 357 0 15.7 23.3 14.0 3.5 2 1 4 3 3
-6433.9 -3444.1 -295.2 357 0 9.6 12.9 14.0 3.5 2 1 4 1 1
-6458.8 -3555.1 -298.8 186 0 11.6 30.2 14.0 0.0 0 1 4 4 4
-6449.9 -3579.9 -299.0 182 0 9.8 16.9 14.0 3.5 2 1 4 2 2
-6417.7 -3540.1 -299.2 359 0 10.2 7.5 14.0 3.5 4 0 4 3 3
-6428.8 -3596.0 -300.0 93 0 11.9 6.1 14.0 3.5 2 0 4 1 1
-6183.8 -2358.7 -290.9 112 0 10.4 16.1 5.0 2.5 2 1 2 4 4
-6176.7 -2278.0 -285.5 6 0 10.7 16.1 10.0 2.5 2 1 4 1 1
-6260.0 -2272.1 -279.8 247 0 9.4 10.2 7.5 2.5 4 1 3 0 0
-6194.5 -2260.1 -283.1 41 0 15.0 17.4 12.5 2.5 2 1 5 4 4
-6217.4 -2296.7 -283.5 95 0 11.7 18.6 5.0 2.5 4 1 2 3 3
-6233.3 -2254.7 -281.3 238 0 13.6 13.0 2.5 2.5 2 0 1 3 3
-6824.0 -5240.8 -307.2 32 0 9.4 8.0 5.0 2.5 2 0 2 4 4
-6844.9 -5285.9 -309.2 116 0 8.4 7.9 2.5 2.5 2 0 1 0 0
-6819.0 -5316.5 -313.9 350 0 14.9 10.2 5.0 2.5 2 0 2 4 4
-6900.5 -5262.3 -303.6 181 0 11.4 10.1 7.5 2.5 2 0 3 2 2
-6894.5 -5300.1 -307.2 129 0 6.5 13.0 10.0 2.5 2 1 4 3 3
-6911.4 -5402.8 -308.8 267 0 7.5 8.2 7.5 2.5 2 1 3 5 5
-6892.7 -4729.2 -271.5 202 0 25.8 45.1 10.0 0.0 0 1 4 1 1
-6891.6 -4689.2 -262.9 106 0 18.5 17.4 10.0 0.0 0 0 4 3 3
-6875.1 -4692.0 -265.2 105 0 7.4 9.3 7.5 2.5 4 1 3 0 0
-6858.3 -4700.1 -270.3 110 0 15.7 10.9 2.5 2.5 2 0 1 5 5
-6815.7 -4751.2 -284.3 180 0 12.7 16.8 5.0 2.5 2 1 2 4 4
-6910.5 -4815.2 -262.8 96 0 10.0 17.6 5.0 2.5 2 1 2 3 3
-6910.9 -4745.0 -260.7 294 0 16.8 18.2 7.5 2.5 2 1 3 2 2
-6912.6 -6570.7 -290.7 86 0 7.0 13.8 2.5 2.5 2 1 1 5 5
-6875.4 -6533.7 -295.3 73 0 7.1 14.6 7.5 2.5 4 1 3 0 0
-6856.9 -6496.5 -299.2 89 0 11.4 7.3 7.5 2.5 2 0 3 0 0
-6855.1 -6467.4 -298.8 357 0 8.5 11.8 7.5 2.5 2 1 3 5 5
-6879.8 -6451.8 -294.9 175 0 10.3 7.7 2.5 2.5 2 0 1 1 1
-6900.1 -6352.6 -286.5 182 0 10.3 13.4 7.5 2.5 2 1 3 3 3
-6894.0 -6296.7 -288.6 167 0 11.7 6.7 7.5 2.5 2 0 3 4 4
-6779.6 -6532.5 -312.3 38 0 7.5 12.8 5.0 2.5 4 1 2 0 0
-6833.9 -6477.9 -304.0 2 0 12.9 7.6 5.0 2.5 2 0 2 2 2
-6824.9 -6431.9 -306.9 3 0 13.6 12.7 2.5 2.5 2 0 1 2 2
-6801.2 -6337.8 -314.4 73 0 9.3 15.8 7.5 2.5 2 1 3 4 4
-6833.3 -6340.6 -307.6 77 0 6.9 16.2 7.5 2.5 2 1 3 2 2
-6845.3 -6317.5 -304.4 89 0 7.1 8.7 7.5 2.5 4 1 3 1 1
-6841.9 -6274.3 -307.4 253 0 6.4 11.2 2.5 2.5 4 1 1 4 4
-6816.8 -6282.1 -312.5 5 0 6.2 8.6 10.0 2.5 2 1 4 2 2
-6817.9 -6250.6 -313.4 267 0 7.4 11.5 7.5 2.5 2 1 3 1 1
-6814.1 -6021.7 -316.1 263 0 14.0 29.2 15.0 0.0 0 1 6 2 2
-6832.9 -5944.2 -311.3 292 0 10.7 14.2 7.5 2.5 2 1 3 3 3
-6905.5 -5515.8 -304.6 154 0 14.0 8.1 5.0 2.5 2 0 2 4 4
-6841.7 -5468.0 -312.9 250 0 7.8 6.2 2.5 2.5 2 0 1 2 2
-6827.3 -5488.6 -313.5 4 0 6.9 11.2 5.0 2.5 2 1 2 2 2
-6825.8 -5498.5 -313.4 7 0 7.1 12.5 5.0 2.5 4 1 2 1 1
-6831.5 -5510.5 -312.5 5 0 12.4 7.5 5.0 2.5 2 0 2 3 3
-6848.0 -5512.4 -310.4 4 0 6.8 9.3 7.5 2.5 4 1 3 3 3
-6848.9 -5522.3 -310.0 6 0 8.4 10.5 5.0 2.5 2 1 2 1 1
-6834.8 -5552.7 -313.7 60 0 9.3 8.2 7.5 2.5 2 0 3 3 3
-6824.2 -5572.6 -316.7 58 0 10.5 12.4 7.5 2.5 4 1 3 5 5
-6857.0 -5555.9 -311.0 51 0 10.0 14.2 7.5 2.5 2 1 3 2 2
-6897.5 -5556.6 -307.0 204 0 9.4 8.2 10.0 2.5 4 0 4 2 2
-6903.9 -5599.2 -309.7 205 0 8.0 12.2 2.5 2.5 4 1 1 3 3
-6910.9 -5626.8 -308.3 76 0 7.3 14.4 5.0 2.5 2 1 2 2 2
-6910.2 -5637.8 -309.4 229 0 6.3 9.4 5.0 2.5 2 1 2 3 3
-6699.6 -3575.4 -261.7 213 0 13.6 6.1 14.0 3.5 2 0 4 1 1
-6783.4 -4422.6 -297.0 112 0 8.5 14.5 5.0 2.5 2 1 2 4 4
-6791.0 -4481.4 -292.5 336 0 7.3 7.7 7.5 2.5 4 1 3 1 1
-6483.2 -2659.9 -272.9 75 0 12.0 8.7 10.5 3.5 2 0 3 4 4
-6254.5 -2430.1 -292.6 169 0 8.1 13.8 10.5 3.5 2 0 3 5 5
-6252.0 -2457.9 -289.3 133 0 10.7 10.0 10.5 3.5 2 0 3 1 1
-6240.0 -2450.1 -290.4 126 0 11.7 7.7 7.0 3.5 2 0 2 0 0
-6203.6 -2438.2 -291.9 88 0 6.7 9.5 10.5 3.5 2 0 3 5 5
-6171.1 -2455.5 -290.4 80 0 9.4 8.2 7.0 3.5 2 0 2 2 2
-6144.1 -2512.9 -289.3 125 0 7.4 9.1 7.0 3.5 2 0 2 1 1
-6126.4 -2526.9 -290.5 107 0 9.7 9.3 7.0 3.5 2 0 2 4 4
-6144.3 -2551.6 -289.6 104 0 10.6 8.2 10.5 3.5 2 0 3 3 3
-6132.8 -2672.2 -288.5 94 0 14.4 9.7 7.0 3.5 2 0 2 3 3
-6157.0 -2622.3 -287.5 124 0 10.5 11.2 7.0 3.5 2 0 2 1 1
-6164.3 -2603.9 -287.7 154 0 11.1 8.8 10.5 3.5 2 0 3 1 1
-6185.1 -2590.4 -286.8 140 0 10.2 7.1 10.5 3.5 2 0 3 5 5
-6179.9 -2623.8 -285.8 146 0 9.8 7.1 14.0 3.5 2 0 4 1 1
-6163.8 -2673.7 -285.1 82 0 6.1 8.1 7.0 3.5 2 0 2 3 3
-6199.2 -2644.6 -282.0 153 0 10.3 6.5 7.0 3.5 2 0 2 0 0
-6183.6 -2678.3 -283.1 71 0 6.4 12.0 10.5 3.5 2 0 3 1 1
-6164.6 -2715.2 -287.4 105 0 6.9 7.7 10.5 3.5 2 0 3 3 3
-6171.4 -2742.0 -288.2 102 0 6.3 12.4 10.5 3.5 2 0 3 3 3
-6194.7 -2723.4 -284.0 105 0 6.3 10.4 7.0 3.5 2 0 2 1 1
-6192.7 -2768.9 -287.8 150 0 11.2 10.1 10.5 3.5 2 0 3 5 5
-6235.8 -2779.9 -282.4 160 0 8.9 10.1 10.5 3.5 2 0 3 4 4
-6228.3 -2833.8 -287.3 101 0 9.6 10.4 10.5 3.5 2 0 3 4 4
-6228.9 -2924.1 -293.5 270 0 6.5 8.2 7.5 0.0 0 1 3 5 5
-6348.2 -2775.7 -271.1 133 0 9.4 32.2 14.0 3.5 2 0 4 2 2
-6403.3 -2499.2 -284.8 49 0 9.2 13.0 10.5 3.5 2 0 3 3 3
-6452.4 -2539.4 -284.3 41 0 8.9 20.6 3.5 3.5 2 0 1 2 2
-6212.3 -2515.5 -282.8 120 0 6.5 8.3 3.5 3.5 2 0 1 2 2
-6227.4 -2505.7 -283.3 123 0 8.8 6.2 3.5 3.5 2 0 1 4 4
-6236.4 -2523.8 -281.0 84 0 11.5 8.3 7.0 3.5 2 0 2 4 4
-6315.9 -2560.5 -277.7 139 0 10.0 7.9 7.0 3.5 2 0 2 0 0
-6236.5 -2568.5 -278.2 128 0 10.1 7.6 14.0 3.5 2 0 4 3 3
-6232.6 -2550.9 -278.4 110 0 8.6 8.9 10.5 3.5 2 1 3 0 0
-6185.4 -2547.4 -287.2 138 0 8.7 10.6 7.0 3.5 4 1 2 5 5
-6268.9 -2649.2 -270.3 126 0 6.6 6.9 7.0 3.5 2 1 2 1 1
-6251.0 -2680.9 -272.5 66 0 7.4 12.9 7.0 3.5 2 1 2 0 0
-6270.4 -2677.1 -269.2 80 0 8.1 7.5 7.0 3.5 2 0 2 1 1
-6255.7 -2713.3 -274.8 128 0 6.3 12.6 10.5 3.5 2 1 3 2 2
-6243.4 -2726.5 -278.5 146 0 9.8 10.5 14.0 3.5 2 1 4 3 3
-6268.0 -2729.8 -274.6 154 0 8.9 8.4 10.5 3.5 2 0 3 5 5
-6274.2 -2750.8 -275.2 153 0 7.6 9.5 10.5 3.5 2 1 3 0 0
-6314.2 -2691.9 -270.5 96 0 8.9 11.5 3.5 3.5 4 1 1 3 3
-6266.1 -2704.6 -272.0 66 0 9.8 14.9 3.5 3.5 2 1 1 5 5
-6287.2 -2732.0 -272.5 155 0 6.1 8.4 10.5 3.5 2 1 3 2 2
-6341.6 -2727.4 -269.8 141 0 8.4 14.7 10.5 3.5 2 1 3 2 2
-6319.7 -2815.0 -276.2 121 0 7.9 13.3 10.5 3.5 2 1 3 2 2
-6357.9 -2756.0 -269.3 137 0 9.8 13.6 7.0 3.5 2 1 2 2 2
-6337.6 -2815.4 -275.1 126 0 11.6 9.1 10.5 3.5 2 0 3 4 4
-6442.2 -2807.4 -271.2 161 0 7.9 14.4 10.5 3.5 2 1 3 4 4
-6472.5 -2748.6 -267.7 83 0 9.4 10.4 10.5 3.5 2 1 3 2 2
-6527.9 -2762.5 -266.0 133 0 8.9 7.4 10.5 3.5 2 0 3 2 2
-6523.8 -2792.4 -268.4 83 0 6.2 9.1 10.5 3.5 4 1 3 0 0
-6495.4 -2802.3 -269.5 131 0 12.4 10.8 10.5 3.5 2 0 3 3 3
-6525.7 -2830.5 -271.1 117 0 8.2 15.5 7.0 0.0 0 1 2 0 0
-6489.9 -2916.1 -284.6 85 0 8.3 8.5 7.0 3.5 2 1 2 2 2
-6561.3 -2950.1 -285.8 61 0 10.9 11.6 10.5 3.5 2 1 3 5 5
-6298.3 -1023.6 -162.4 22 0 16.4 23.2 12.5 2.5 2 1 5 4 4
-6184.0 -998.0 -155.5 6 0 9.0 20.4 5.0 0.0 0 1 2 1 1
-6225.5 -998.6 -155.0 157 0 23.1 11.1 10.0 2.5 2 0 4 4 4
-6381.8 -2151.8 -266.1 30 0 7.6 6.0 7.5 2.5 2 0 3 4 4
-6410.7 -2200.4 -273.7 17 0 8.7 6.3 10.0 0.0 0 0 4 5 5
-6454.9 -2352.7 -291.8 140 0 6.1 11.8 3.5 3.5 2 1 1 5 5
-6471.0 -2374.1 -292.7 135 0 6.1 10.4 10.5 3.5 2 1 3 4 4
-6506.4 -2412.4 -290.1 134 0 10.2 12.6 3.5 3.5 2 1 1 1 1
-6548.6 -2396.5 -287.9 112 0 8.6 9.3 7.0 3.5 2 1 2 2 2
-6536.9 -2411.9 -287.4 63 0 6.2 7.6 14.0 3.5 2 1 4 2 2
-6531.0 -2426.6 -286.6 75 0 6.2 6.7 7.0 3.5 2 1 2 2 2
-6544.1 -2422.9 -286.7 66 0 6.8 11.2 3.5 0.0 0 1 1 5 5
-6468.5 -2422.0 -291.4 90 0 7.2 12.0 7.0 3.5 2 1 2 4 4
-6496.0 -2430.5 -290.1 140 0 8.8 20.8 3.5 0.0 0 1 1 3 3
-6510.9 -2503.0 -283.1 137 0 9.5 8.6 7.0 3.5 4 0 2 5 5
-6517.4 -2540.7 -282.2 96 0 10.2 17.1 10.5 3.5 2 1 3 3 3
-6523.4 -2550.4 -281.3 90 0 8.1 8.0 10.5 3.5 2 0 3 0 0
-6768.9 -2405.7 -259.2 252 0 7.3 8.3 5.0 2.5 2 1 2 3 3
-6794.5 -2420.3 -248.3 275 0 12.0 7.4 5.0 2.5 2 0 2 4 4
-6841.9 -3366.0 -273.5 78 0 9.8 12.1 14.0 3.5 2 1 4 2 2
-6868.5 -3205.2 -295.0 136 0 6.0 6.8 7.0 3.5 2 1 2 3 3
-6860.9 -3202.1 -295.5 131 0 12.1 12.5 10.5 3.5 2 1 3 5 5
-6881.7 -3188.9 -294.8 121 0 8.2 6.7 14.0 3.5 2 0 4 1 1
-6867.2 -3177.7 -295.1 107 0 7.4 8.3 10.5 3.5 2 1 3 1 1
-6866.2 -3168.2 -295.1 107 0 8.3 6.6 7.0 3.5 2 0 2 5 5
-6863.1 -3159.6 -295.2 111 0 6.2 11.7 7.0 3.5 2 1 2 2 2
-6906.1 -3258.6 -288.9 203 0 8.1 12.1 14.0 3.5 2 1 4 3 3
-6605.1 -3847.8 -287.8 338 0 8.3 7.3 14.0 3.5 2 0 4 5 5
-6613.7 -3904.8 -285.6 40 0 7.8 6.6 14.0 3.5 2 0 4 4 4
-6684.5 -4108.6 -279.7 274 0 9.3 14.0 7.5 2.5 2 1 3 4 4
-6658.4 -4166.4 -289.1 34 0 10.4 6.1 5.0 2.5 2 0 2 3 3
-6703.8 -3872.6 -263.3 270 0 9.3 10.6 14.0 3.5 2 1 4 0 0
-6701.2 -3859.7 -265.2 178 0 7.5 8.5 14.0 3.5 2 1 4 0 0
-6710.3 -3859.8 -262.4 179 0 10.0 7.6 14.0 3.5 4 0 4 1 1
-6705.6 -3814.4 -266.3 246 0 6.5 6.7 14.0 3.5 2 1 4 2 2
-6700.9 -3840.2 -268.1 182 0 7.6 11.7 14.0 0.0 0 1 4 1 1
-6672.1 -3774.6 -281.3 142 0 6.9 7.5 14.0 3.5 4 1 4 2 2
-6639.9 -3851.7 -282.3 44 0 9.5 14.5 14.0 0.0 0 1 4 2 2
-6655.7 -3822.4 -279.9 332 0 14.1 8.5 14.0 3.5 2 0 4 5 5
-5749.6 -1205.2 -260.1 140 0 8.8 16.1 12.5 2.5 2 1 5 2 2
-5712.4 -1166.8 -267.9 75 0 7.1 16.2 7.5 0.0 0 1 3 5 5
-5743.1 -1125.1 -264.3 327 0 9.5 7.6 5.0 0.0 0 0 2 2 2
-5770.1 -1089.5 -259.3 296 0 9.9 7.1 7.5 2.5 2 0 3 4 4
-5775.9 -1025.5 -251.3 204 0 15.5 10.5 2.5 0.0 0 0 1 5 5
-5789.2 -962.6 -235.8 45 0 8.8 7.9 2.5 2.5 2 0 1 3 3
-5772.7 -952.4 -239.7 113 0 13.6 7.1 7.5 2.5 2 0 3 2 2
-5743.4 -951.7 -247.2 131 0 15.2 10.0 5.0 2.5 2 0 2 3 3
-5729.4 -1416.5 -266.8 147 0 7.4 6.5 5.0 2.5 2 0 2 2 2
-5711.1 -1430.1 -267.9 151 0 7.8 6.1 7.5 2.5 2 0 3 5 5
-5733.2 -1541.1 -269.3 114 0 6.3 9.9 10.0 2.5 2 1 4 4 4
-5783.7 -1547.7 -263.4 81 0 14.6 11.4 5.0 2.5 2 0 2 4 4
-5799.8 -1630.4 -261.1 72 0 6.7 15.1 7.5 0.0 0 1 3 3 3
-6307.5 -2154.7 -264.4 244 0 9.1 10.8 7.5 2.5 2 1 3 3 3
-6170.1 -2001.7 -252.3 50 0 6.5 8.2 5.0 2.5 2 1 2 1 1
-6195.0 -1967.3 -248.6 316 0 8.0 11.0 7.5 2.5 2 1 3 1 1
-6190.4 -1978.3 -250.1 318 0 7.3 13.0 10.0 2.5 2 1 4 0 0
-6231.3 -1961.9 -245.9 228 0 8.0 10.2 10.0 2.5 2 1 4 1 1
-6226.6 -2003.3 -249.2 141 0 9.0 7.9 5.0 2.5 2 0 2 5 5
-6158.7 -2032.6 -261.6 325 0 8.4 11.4 7.5 2.5 2 1 3 1 1
-6174.8 -2123.7 -281.6 129 0 8.6 8.2 5.0 2.5 2 0 2 5 5
-6197.5 -2137.2 -279.9 235 0 12.3 14.7 5.0 2.5 2 1 2 2 2
-6221.0 -2165.0 -274.8 241 0 10.0 7.1 7.5 2.5 2 0 3 5 5
-6358.3 -2059.9 -268.8 5 0 13.4 7.9 10.0 0.0 0 0 4 5 5
-6199.3 -2050.7 -257.9 142 0 9.0 11.9 5.0 2.5 2 1 2 5 5
-6209.6 -2117.8 -272.6 120 0 7.1 10.9 7.5 2.5 2 1 3 0 0
-6205.4 -2079.7 -265.8 214 0 7.6 8.9 10.0 0.0 0 1 4 1 1
-6283.8 -2213.0 -275.0 99 0 10.9 7.6 5.0 0.0 0 0 2 1 1
-6263.1 -2163.6 -268.8 265 0 8.7 7.4 5.0 0.0 0 0 2 3 3
-6240.5 -2178.7 -274.4 227 0 6.9 7.9 2.5 2.5 2 1 1 0 0
-6187.7 -1664.5 -259.7 22 0 6.6 7.5 5.0 2.5 2 1 2 0 0
-5892.3 -299.3 -240.7 206 0 7.3 7.0 7.5 2.5 2 0 3 0 0
-5884.6 -214.9 -235.9 112 0 12.2 12.5 5.0 2.5 2 1 2 3 3
-5855.6 -235.6 -244.3 113 0 8.2 9.9 10.0 2.5 2 1 4 4 4
-5850.4 -236.1 -246.0 202 0 9.2 7.1 2.5 2.5 2 0 1 0 0
-5854.3 -245.1 -246.1 204 0 9.7 9.4 5.0 2.5 2 0 2 0 0
-5871.8 -328.0 -246.6 95 0 7.1 8.6 10.0 0.0 0 1 4 3 3
-5894.7 -503.8 -255.7 171 0 11.9 9.3 7.5 2.5 2 0 3 4 4
-5898.2 -558.8 -252.1 159 0 8.5 7.6 7.5 2.5 2 0 3 0 0
-6179.6 -1636.7 -257.4 75 0 7.4 28.4 10.0 0.0 0 1 4 0 0
-6176.7 -1539.2 -253.8 333 0 9.6 27.4 12.5 0.0 0 1 5 2 2
-6150.3 -1484.3 -241.4 235 0 7.3 10.3 5.0 2.5 2 1 2 4 4
-6209.7 -1746.6 -261.4 358 0 8.1 13.8 5.0 2.5 2 1 2 1 1
-6236.8 -1670.9 -262.4 270 0 6.3 6.2 10.0 2.5 2 0 4 0 0
-6246.0 -1670.7 -263.1 270 0 8.8 9.2 7.5 2.5 2 1 3 5 5
-6238.4 -1692.1 -264.3 1 0 11.8 12.7 5.0 2.5 2 1 2 3 3
-6232.2 -1696.4 -263.5 88 0 7.7 11.3 10.0 2.5 2 1 4 2 2
-6254.2 -1706.9 -265.8 0 0 8.1 13.1 7.5 2.5 2 1 3 1 1
-6234.4 -1705.8 -265.1 357 0 7.8 17.8 5.0 2.5 2 1 2 1 1
-5769.4 -234.5 -263.8 269 0 10.3 30.1 12.5 2.5 2 1 5 5 5
-5820.5 -235.2 -252.2 10 0 6.2 7.4 5.0 2.5 2 1 2 2 2
-5815.4 -265.2 -256.9 66 0 15.2 21.7 10.0 0.0 0 1 4 3 3
-5782.6 -277.5 -262.0 40 0 6.4 7.5 7.5 2.5 4 1 3 5 5
-5741.5 -243.8 -270.4 276 0 10.7 43.0 10.0 2.5 2 1 4 1 1
-5618.6 -48.7 -258.3 271 0 10.6 10.7 7.5 0.0 0 1 3 1 1
-5588.7 -177.2 -243.8 272 0 9.9 10.7 7.5 2.5 2 1 3 4 4
-5571.3 -226.8 -231.6 16 0 17.2 12.3 7.5 0.0 0 0 3 1 1
-5618.0 -368.6 -243.2 107 0 6.6 9.8 7.5 2.5 2 1 3 0 0
-5403.0 -523.2 -174.1 336 0 14.9 16.3 5.0 2.5 2 1 2 0 0
-5365.5 -877.4 -235.0 104 0 6.4 8.6 5.0 2.5 2 1 2 5 5
-5464.6 -777.4 -253.6 278 0 7.9 10.7 10.0 0.0 0 1 4 2 2
-5655.3 -824.5 -262.2 104 0 9.0 13.3 5.0 2.5 2 1 2 2 2
-5612.8 -801.2 -272.0 329 0 13.4 8.2 7.5 2.5 2 0 3 3 3
-5691.4 -1043.7 -269.9 248 0 13.8 9.1 5.0 2.5 2 0 2 3 3
-5596.4 -1034.1 -286.5 167 0 7.7 8.7 5.0 2.5 4 1 2 4 4
-5552.0 -980.7 -291.5 357 0 6.8 6.6 5.0 2.5 2 0 2 2 2
-5590.2 -1010.5 -286.7 184 0 7.0 7.0 7.5 2.5 2 1 3 4 4
-5551.2 -1073.3 -289.9 351 0 6.6 10.7 7.5 2.5 2 1 3 3 3
-5557.6 -1049.0 -290.6 357 0 11.6 13.4 5.0 2.5 2 1 2 1 1
-5676.6 -1105.9 -276.3 328 0 15.5 7.2 7.5 2.5 2 0 3 5 5
-5682.5 -1146.7 -272.5 327 0 6.3 6.9 7.5 2.5 2 1 3 4 4
-5674.9 -1164.3 -272.4 317 0 10.8 7.8 7.5 2.5 2 0 3 1 1
-5675.4 -1185.9 -272.4 146 0 6.4 7.8 10.0 2.5 4 1 4 4 4
-5658.3 -1190.5 -273.3 339 0 12.2 11.4 10.0 2.5 2 0 4 4 4
-5402.8 -1494.0 -280.4 67 0 11.2 7.9 7.5 2.5 2 0 3 3 3
-5582.9 -1239.4 -274.2 288 0 11.0 9.5 5.0 2.5 2 0 2 5 5
-5711.0 -1339.4 -267.4 275 0 10.0 8.1 2.5 2.5 2 0 1 5 5
-5711.8 -1327.3 -266.5 217 0 11.1 8.2 7.5 2.5 2 0 3 5 5
-5717.2 -1350.5 -268.5 259 0 9.7 8.7 10.0 2.5 2 0 4 4 4
-5758.4 -1366.4 -258.9 163 0 14.4 8.5 5.0 2.5 2 0 2 3 3
-5664.5 -1309.1 -267.3 215 0 10.4 7.0 5.0 2.5 4 0 2 4 4
-5670.4 -1318.3 -265.6 218 0 6.3 7.7 5.0 0.0 0 1 2 5 5
-5684.3 -1350.8 -266.6 205 0 7.9 7.6 7.5 2.5 2 0 3 5 5
-5623.3 -1368.7 -265.9 346 0 10.2 7.2 7.5 2.5 2 0 3 4 4
-5603.6 -1406.0 -263.1 12 0 7.1 11.7 5.0 2.5 2 1 2 2 2
-5683.2 -1371.4 -267.5 242 0 8.9 7.5 7.5 2.5 2 0 3 2 2
-5682.0 -1384.6 -267.3 156 0 6.6 9.8 10.0 2.5 2 1 4 3 3
-5659.0 -1426.1 -266.7 75 0 8.0 9.4 10.0 2.5 2 1 4 4 4
-5618.7 -1431.7 -263.5 7 0 16.8 11.5 7.5 2.5 2 0 3 1 1
-5654.7 -1469.5 -264.4 12 0 9.9 10.2 7.5 2.5 2 1 3 0 0
-5622.6 -1530.3 -264.6 353 0 8.0 16.5 5.0 2.5 2 1 2 3 3
-5435.6 -1597.9 -283.5 307 0 7.4 7.8 7.5 2.5 2 1 3 2 2
-5453.1 -1663.5 -280.1 202 0 7.7 9.6 7.5 2.5 2 1 3 2 2
-5717.2 -1512.3 -268.5 295 0 7.3 7.0 7.5 2.5 2 0 3 3 3
-5689.2 -1528.1 -269.2 302 0 6.9 7.3 7.5 2.5 2 1 3 2 2
-5576.7 -1580.7 -264.9 260 0 25.4 9.1 5.0 2.5 2 0 2 1 1
-5579.2 -1623.7 -264.0 61 0 8.1 6.8 10.0 2.5 2 0 4 2 2
-5555.8 -1609.3 -265.0 0 0 7.5 24.4 2.5 2.5 2 1 1 0 0
-5704.1 -1601.4 -272.3 164 0 10.3 7.3 7.5 2.5 2 0 3 0 0
-5637.0 -1678.3 -260.7 73 0 11.0 11.6 5.0 0.0 0 1 2 4 4
-5554.8 -1919.0 -283.1 344 0 9.8 20.2 5.0 2.5 2 1 2 1 1
-5807.6 -1838.2 -272.9 304 0 7.1 11.0 2.5 2.5 4 1 1 2 2
-5958.1 -1947.8 -282.3 274 0 6.9 9.7 2.5 2.5 2 1 1 2 2
-5990.6 -1987.8 -287.1 336 0 6.8 7.5 7.5 2.5 2 1 3 3 3
-5978.0 -2010.8 -293.5 330 0 10.5 12.0 7.5 2.5 2 1 3 4 4
-6100.0 -2179.6 -294.4 13 0 12.3 10.2 5.0 2.5 2 0 2 0 0
-6115.6 -2198.4 -293.5 91 0 6.9 9.3 7.5 2.5 2 1 3 5 5
-6056.2 -2066.3 -286.3 39 0 6.4 7.8 5.0 2.5 2 1 2 3 3
-6120.7 -2126.9 -289.9 314 0 14.3 17.6 12.5 2.5 2 1 5 3 3
-5724.4 254.9 -263.3 35 0 10.5 10.5 10.0 2.5 2 0 4 2 2
-5428.7 514.4 -194.2 358 0 6.2 6.5 2.5 2.5 2 1 1 0 0
-5446.3 567.2 -172.1 182 0 8.7 15.8 7.5 2.5 2 1 3 3 3
-5610.2 458.1 -219.7 108 0 8.5 6.9 5.0 2.5 2 0 2 2 2
-5531.7 515.3 -197.6 302 0 12.3 14.4 7.5 2.5 2 1 3 4 4
-5500.4 633.4 -168.1 235 0 20.1 15.3 12.5 2.5 4 0 5 1 1
-5715.6 547.6 -201.7 179 0 7.2 11.3 7.5 2.5 2 1 3 0 0
-5658.9 521.7 -210.1 298 0 18.9 17.0 12.5 2.5 2 0 5 4 4
-5796.9 529.0 -205.3 97 0 6.9 6.0 7.5 2.5 2 0 3 2 2
-6211.0 690.9 -74.6 3 0 9.4 8.9 5.0 2.5 4 0 2 1 1
-6148.0 640.9 -87.9 238 0 8.3 10.8 7.5 2.5 2 1 3 3 3
-6086.1 473.9 -75.2 306 0 8.3 6.5 2.5 2.5 2 0 1 4 4
-6377.6 46.0 55.1 181 0 13.1 7.6 7.5 2.5 2 0 3 3 3
-6362.4 -194.8 10.3 150 0 7.9 10.0 7.5 2.5 2 1 3 3 3
-6344.2 -399.3 -39.5 296 0 8.4 9.2 5.0 2.5 2 1 2 1 1
-6409.7 -315.1 -1.5 292 0 6.0 14.5 7.5 0.0 0 1 3 1 1
-6377.8 -255.3 1.9 214 0 8.3 6.1 5.0 2.5 2 0 2 5 5
-6264.8 -350.6 -56.1 350 0 6.7 7.8 5.0 2.5 2 1 2 5 5
-6296.2 -382.7 -52.2 150 0 6.0 8.0 2.5 2.5 4 1 1 5 5
-6283.4 -450.9 -62.7 152 0 6.2 8.3 10.0 2.5 2 1 4 3 3
-6208.1 -524.3 -93.4 130 0 6.8 8.7 7.5 2.5 2 1 3 3 3
-6228.6 -528.2 -90.2 321 0 8.7 8.5 7.5 2.5 2 0 3 1 1
-6200.6 -557.0 -95.8 174 0 7.7 10.7 7.5 2.5 2 1 3 2 2
-5870.6 455.9 -205.1 179 0 14.6 9.6 2.5 2.5 2 0 1 0 0
-5846.2 415.7 -213.7 181 0 11.3 6.1 5.0 2.5 2 0 2 3 3
-5834.4 358.9 -220.3 167 0 8.2 6.2 5.0 2.5 2 0 2 5 5
-5838.5 367.8 -219.4 171 0 8.2 10.2 2.5 2.5 2 1 1 1 1
-5864.5 296.9 -218.2 206 0 13.4 6.9 7.5 2.5 4 0 3 4 4
-5862.4 272.8 -221.2 70 0 9.7 8.4 7.5 2.5 2 0 3 4 4
-5790.4 225.7 -253.3 275 0 8.7 6.9 5.0 2.5 2 0 2 5 5
-5815.9 194.2 -249.2 93 0 8.0 6.4 10.0 2.5 2 0 4 5 5
-5854.0 172.3 -237.3 22 0 14.9 7.1 7.5 2.5 2 0 3 2 2
-5846.1 135.4 -242.5 288 0 7.0 14.1 10.0 2.5 2 1 4 2 2
-5822.0 -26.8 -251.0 338 0 12.7 7.4 10.0 2.5 4 0 4 5 5
-5886.0 -127.4 -224.0 109 0 10.5 7.6 2.5 2.5 2 0 1 5 5
-5826.0 -134.3 -246.7 294 0 6.4 13.6 7.5 2.5 2 1 3 4 4
-5844.4 -137.5 -240.9 117 0 9.4 8.4 5.0 2.5 2 0 2 2 2
-5853.5 -164.5 -239.3 123 0 6.5 7.2 7.5 2.5 2 1 3 3 3
-5802.0 -141.2 -252.3 16 0 7.7 10.3 5.0 2.5 2 1 2 1 1
-5792.5 -184.2 -257.0 4 0 10.0 11.8 7.5 2.5 2 1 3 0 0
-5829.4 -363.5 -257.7 318 0 6.1 7.8 7.5 2.5 4 1 3 1 1
-5759.8 -421.5 -269.5 13 0 9.4 14.8 7.5 2.5 2 1 3 1 1
-5766.0 -432.9 -270.6 10 0 11.7 15.6 10.0 2.5 2 1 4 2 2
-5811.7 -443.8 -269.3 359 0 7.0 10.2 2.5 2.5 4 1 1 0 0
-5804.0 -452.2 -271.3 4 0 7.3 10.5 7.5 2.5 4 1 3 5 5
-5825.9 -465.4 -268.6 95 0 6.6 9.9 7.5 2.5 2 1 3 3 3
-5834.6 -465.5 -266.9 95 0 6.6 10.0 7.5 0.0 0 1 3 4 4
-5742.2 -1261.3 -257.6 196 0 8.9 9.5 2.5 2.5 2 1 1 3 3
-5798.9 -2178.3 -284.2 180 0 18.2 9.6 5.0 2.5 2 0 2 2 2
-5775.9 -2252.7 -279.3 5 0 7.9 8.4 5.0 2.5 2 1 2 5 5
-5909.7 -2132.8 -294.5 310 0 9.2 6.2 7.5 2.5 2 0 3 4 4
-5084.4 -1538.2 -252.5 304 0 7.9 8.0 10.0 2.5 2 1 4 3 3
-5105.6 -1562.9 -255.2 126 0 10.6 10.3 7.5 2.5 2 0 3 1 1
-5101.9 -1525.5 -261.7 304 0 9.8 20.5 5.0 2.5 2 1 2 2 2
-5162.3 -1562.4 -272.6 131 0 6.7 7.6 2.5 2.5 2 1 1 0 0
-5204.6 -1463.0 -286.0 180 0 7.0 12.5 5.0 2.5 2 1 2 1 1
-5056.2 -1734.9 -230.9 105 0 7.6 12.3 10.0 2.5 2 1 4 0 0
-5043.9 -1776.1 -238.6 269 0 9.0 8.3 2.5 2.5 2 0 1 4 4
-5073.1 -1786.3 -244.7 322 0 7.7 12.0 7.5 0.0 0 1 3 0 0
-5042.6 -1848.6 -255.6 89 0 16.2 10.0 7.5 2.5 4 0 3 1 1
-5075.2 -1924.3 -276.6 324 0 7.8 9.8 5.0 2.5 2 1 2 0 0
-5080.9 -1850.1 -258.3 360 0 7.9 12.1 7.5 2.5 2 1 3 2 2
-5090.2 -1874.5 -264.1 2 0 8.4 7.7 7.5 2.5 2 0 3 2 2
-5131.5 -1906.4 -274.3 253 0 12.7 8.3 10.0 2.5 2 0 4 1 1
-5140.9 -1849.2 -260.3 139 0 6.3 8.7 7.5 2.5 2 1 3 5 5
-5126.6 -1805.9 -252.1 265 0 10.2 10.7 10.0 2.5 2 1 4 3 3
-5167.7 -1785.2 -261.3 92 0 6.8 14.1 7.5 2.5 2 1 3 5 5
-5231.8 -1873.6 -278.0 213 0 8.3 10.7 7.5 2.5 2 1 3 0 0
-5255.1 -1921.2 -287.7 197 0 7.9 8.9 5.0 0.0 0 1 2 1 1
-5173.7 -1926.1 -280.1 248 0 6.9 10.7 7.5 2.5 2 1 3 0 0
-5132.4 -2008.4 -277.5 212 0 6.0 10.9 7.5 2.5 2 1 3 1 1
-5148.5 -2047.2 -272.1 359 0 9.9 11.4 7.5 2.5 2 1 3 0 0
-5244.1 -2104.7 -246.9 271 0 11.6 6.2 7.5 2.5 2 0 3 3 3
-5508.0 -2342.5 -250.1 161 0 10.2 9.7 10.0 0.0 0 0 4 1 1
-5545.3 -2265.0 -247.2 49 0 6.2 8.3 7.5 2.5 2 1 3 2 2
-5541.4 -2208.1 -244.2 317 0 7.6 10.7 7.5 2.5 2 1 3 3 3
-5591.4 -2231.8 -253.7 158 0 7.6 9.0 5.0 0.0 0 1 2 2 2
-5747.2 -2387.6 -285.2 71 0 13.7 9.5 2.5 2.5 2 0 1 3 3
-5702.1 -2313.4 -267.1 169 0 8.6 15.4 7.5 2.5 2 1 3 2 2
-5626.8 -2330.8 -265.7 5 0 8.3 9.9 5.0 2.5 2 1 2 3 3
-5657.5 -2285.4 -263.4 95 0 11.1 6.3 7.5 2.5 2 0 3 5 5
-5728.2 -2321.7 -270.8 72 0 7.1 13.1 7.5 2.5 4 1 3 0 0
-5650.8 -2219.4 -265.2 207 0 8.0 11.7 7.5 2.5 4 1 3 2 2
-5270.0 -2007.1 -281.2 147 0 7.3 15.1 5.0 2.5 4 1 2 0 0
-5343.0 -2048.2 -273.2 266 0 13.1 7.8 5.0 2.5 4 0 2 1 1
-5606.2 -2112.8 -265.5 271 0 12.7 8.7 5.0 2.5 2 0 2 0 0
-5629.9 -2117.8 -267.2 178 0 7.7 6.5 2.5 2.5 2 0 1 2 2
-5621.0 -2079.1 -277.7 269 0 7.3 6.5 7.5 2.5 2 0 3 3 3
-5659.2 -2155.9 -269.1 97 0 8.2 6.3 10.0 2.5 2 0 4 0 0
-5701.1 -2068.4 -289.0 259 0 13.5 7.2 5.0 2.5 2 0 2 4 4
-5718.5 -2080.8 -288.2 150 0 6.3 10.9 7.5 2.5 2 1 3 3 3
-5722.2 -2140.2 -276.5 152 0 9.3 6.7 10.0 2.5 2 0 4 1 1
-5723.4 -2197.3 -276.0 25 0 12.4 9.0 7.5 0.0 0 0 3 1 1
-5793.4 -2327.1 -281.3 118 0 10.6 15.8 5.0 2.5 2 1 2 2 2
-5802.7 -2342.9 -286.4 279 0 6.2 17.3 2.5 0.0 0 1 1 3 3
-5846.3 -2335.7 -287.2 269 0 13.4 9.6 5.0 2.5 2 0 2 0 0
-5863.1 -2337.3 -289.8 254 0 7.0 14.0 7.5 2.5 2 1 3 0 0
-5838.6 -2091.9 -293.5 86 0 12.4 8.5 7.5 2.5 2 0 3 5 5
-6563.5 -2498.7 -279.0 49 0 8.7 10.0 3.5 0.0 0 1 1 1 1
-6646.8 -2916.6 -278.6 61 0 14.6 7.4 10.5 3.5 2 0 3 3 3
-6663.7 -2840.6 -261.8 98 0 14.0 6.9 10.5 3.5 2 0 3 3 3
-6620.7 -2729.9 -250.5 53 0 8.8 13.3 10.5 3.5 4 1 3 1 1
-4870.2 -1779.8 -220.2 339 0 7.8 12.9 7.5 2.5 4 1 3 5 5
-4802.2 -1807.3 -226.6 291 0 6.8 8.4 10.0 2.5 2 1 4 0 0
-4853.5 -2099.1 -222.7 321 0 9.8 13.3 7.5 2.5 2 1 3 1 1
-4892.2 -2063.6 -240.4 296 0 12.0 12.2 10.0 2.5 2 1 4 3 3
-4922.8 -1984.4 -259.2 299 0 9.5 12.0 7.5 2.5 2 1 3 5 5
-4983.5 -2089.2 -256.6 112 0 9.0 9.4 5.0 2.5 2 1 2 0 0
-4945.7 -2066.0 -253.2 263 0 15.6 8.6 10.0 2.5 2 0 4 4 4
-4993.5 -1918.2 -269.0 323 0 8.9 8.9 5.0 2.5 2 0 2 5 5
-4919.5 -1893.3 -252.1 234 0 13.8 10.3 7.5 0.0 0 0 3 1 1
-4957.1 -1785.9 -233.4 199 0 9.8 9.4 7.5 0.0 0 0 3 3 3
-6778.7 -3168.6 -297.3 110 0 8.1 19.0 10.5 0.0 0 1 3 3 3
-6828.9 -3143.4 -295.4 24 0 9.5 11.0 14.0 3.5 2 1 4 5 5
-6818.4 -3149.3 -295.6 25 0 7.2 9.9 10.5 3.5 2 1 3 2 2
-6801.7 -3156.9 -296.2 113 0 7.5 20.8 3.5 3.5 2 1 1 2 2
-6791.4 -3161.8 -296.6 114 0 6.6 17.8 3.5 3.5 2 1 1 1 1
-6109.2 -2298.2 -299.7 359 0 16.0 18.1 12.5 2.5 2 1 5 5 5
-5813.5 6157.9 305.0 136 0 6.1 17.5 3.5 3.5 2 1 1 5 5
2057.9 5957.0 37.2 147 0 26.5 78.7 12.5 0.0 0 1 5 0 0
135.8 4421.3 41.1 353 0 10.5 25.2 10.0 2.5 2 1 4 5 5
