-1084.7 -4157.2 -36.3 165 0 9.2 31.4 10.0 2.5 2 0 4 4 4
-1033.1 -4126.9 -36.1 261 0 9.7 20.0 2.5 2.5 2 0 1 1 1
-692.7 -6689.2 -56.6 337 0 33.2 35.8 7.5 0.0 0 1 3 1 1
-813.5 -6586.1 -52.7 318 0 43.9 31.4 12.5 0.0 0 0 5 3 3
412.1 -6300.9 -46.9 207 0 28.0 15.1 14.0 3.5 2 0 4 5 5
447.2 -6280.5 -47.1 199 0 47.1 13.6 14.0 3.5 2 0 4 3 3
933.7 -5881.7 -47.7 69 0 18.8 15.3 12.5 2.5 2 0 5 5 5
1533.9 -5777.1 -50.3 272 0 17.7 20.9 12.5 2.5 2 1 5 5 5
1540.7 -5811.4 -47.0 2 0 11.5 27.7 15.0 0.0 0 1 6 1 1
1191.9 -5781.1 -51.2 271 0 29.8 19.0 10.0 0.0 0 0 4 4 4
1446.5 -5772.0 -52.2 268 0 58.0 9.8 12.5 2.5 2 0 5 4 4
1627.2 -5787.7 -50.5 184 0 13.0 34.4 15.0 0.0 0 1 6 2 2
1018.3 -5828.2 -53.6 250 0 14.4 16.5 14.0 3.5 2 1 4 3 3
1320.8 -5824.2 -53.0 101 0 8.5 35.2 10.0 2.5 2 1 4 4 4
1079.9 -5828.3 -49.2 264 0 15.5 20.1 14.0 3.5 2 1 4 0 0
1408.2 -5811.2 -52.1 178 0 13.2 60.0 12.5 2.5 2 1 5 2 2
970.0 -5970.8 -44.1 76 0 14.0 13.3 7.5 2.5 2 0 3 2 2
1105.5 -5822.6 -48.5 269 0 16.0 15.7 14.0 3.5 2 0 4 1 1
1526.3 -5836.0 -43.7 90 0 27.7 10.8 12.5 2.5 4 0 5 3 3
2090.5 -6241.4 -14.3 61 0 24.2 63.5 12.5 2.5 2 1 5 4 4
4894.9 838.2 -277.6 92 0 15.3 8.7 10.0 2.5 2 0 4 4 4
4957.1 789.5 -277.7 7 0 9.4 16.0 7.5 2.5 2 1 3 5 5
4893.6 930.9 -277.8 180 0 6.7 11.8 7.5 2.5 2 1 3 2 2
-5635.7 -5614.7 248.4 8 0 9.0 11.6 10.0 0.0 0 1 4 3 3
-5626.3 -5718.2 240.1 94 0 9.5 9.4 7.5 2.5 2 0 3 3 3
-5577.8 -5658.4 238.8 92 0 8.6 11.3 5.0 2.5 2 1 2 3 3
-5480.2 -5699.8 218.2 100 0 14.1 12.8 10.0 2.5 2 0 4 5 5
-5476.7 -5862.2 208.4 109 0 10.9 13.6 7.5 2.5 2 1 3 1 1
-5530.4 -5787.9 226.2 287 0 11.1 12.3 7.5 2.5 2 1 3 4 4
-5521.2 -5790.7 224.1 286 0 8.6 12.3 5.0 0.0 0 1 2 3 3
-5510.8 -6023.5 203.4 104 0 14.0 9.6 7.5 2.5 4 0 3 5 5
-5688.8 -6027.3 223.3 255 0 12.8 8.0 7.5 2.5 2 0 3 1 1
-5742.3 -6064.4 218.4 207 0 11.7 13.0 7.5 2.5 2 1 3 5 5
-5634.7 -5859.1 229.7 350 0 11.7 6.9 5.0 2.5 2 0 2 0 0
-5646.6 -5968.3 226.7 348 0 10.6 8.4 5.0 2.5 2 0 2 2 2
-5567.9 -6071.4 212.4 87 0 10.6 10.1 7.5 2.5 2 0 3 4 4
-5670.4 -6136.9 211.6 87 0 15.1 8.9 10.0 2.5 4 0 4 5 5
-5598.9 -6170.2 200.7 115 0 11.1 10.6 7.5 2.5 4 0 3 5 5
-5716.9 -5837.3 241.7 88 0 10.9 13.5 7.5 2.5 2 1 3 4 4
-5754.8 -5498.3 270.9 180 0 10.7 8.8 7.5 2.5 2 0 3 2 2
-5719.8 -5485.6 268.0 270 0 8.2 14.0 7.5 2.5 2 1 3 0 0
-5595.0 -5469.4 247.2 23 0 11.3 7.7 7.5 2.5 4 0 3 1 1
-5643.1 -5533.2 251.6 180 0 11.6 9.7 10.0 2.5 2 0 4 5 5
130.6 -6494.6 -50.2 203 0 12.2 18.2 12.5 2.5 2 1 5 2 2
304.8 -6473.4 -27.2 297 0 8.7 14.1 14.0 3.5 2 1 4 1 1
257.9 -6486.2 -33.6 122 0 22.1 14.0 14.0 3.5 2 0 4 1 1
318.9 -6402.8 -42.0 46 0 29.6 10.5 14.0 0.0 0 0 4 1 1
284.5 -6401.2 -41.4 228 0 14.9 16.3 14.0 3.5 2 1 4 0 0
364.6 -6340.3 -45.8 241 0 24.3 9.1 14.0 3.5 2 0 4 0 0
399.5 -6354.3 -43.3 65 0 22.8 12.1 14.0 3.5 2 0 4 1 1
409.6 -6271.1 -50.7 45 0 11.3 8.1 14.0 3.5 2 0 4 3 3
490.0 -6242.4 -47.6 263 0 9.3 11.2 14.0 3.5 2 1 4 4 4
513.4 -6236.6 -47.8 263 0 9.8 17.8 14.0 3.5 2 1 4 0 0
545.7 -6007.7 -45.0 112 0 12.3 13.1 10.5 3.5 2 1 3 3 3
499.6 -5968.2 -39.4 176 0 9.3 19.6 10.5 3.5 2 1 3 3 3
577.2 -5987.8 -46.1 5 0 13.9 8.1 10.5 0.0 0 0 3 5 5
585.8 -6077.9 -52.4 91 0 13.3 6.6 10.5 3.5 4 0 3 4 4
5512.2 -792.1 -269.2 74 0 9.7 15.5 10.0 0.0 0 1 4 1 1
5473.0 -803.0 -266.2 78 0 8.2 16.7 7.5 2.5 4 1 3 5 5
5549.1 -728.8 -272.2 270 0 10.7 20.0 7.5 2.5 2 1 3 5 5
4840.7 -6272.3 -103.2 296 0 15.2 40.2 10.0 2.5 2 1 4 3 3
90.0 -991.7 -29.3 249 0 13.4 9.2 5.0 2.5 4 0 2 3 3
100.4 -1030.0 -29.4 339 0 7.6 14.5 5.0 0.0 0 1 2 3 3
89.0 -1043.9 -29.4 171 0 9.6 9.5 5.0 0.0 0 0 2 1 1
104.3 -1057.4 -29.5 339 0 14.9 14.0 5.0 2.5 2 0 2 1 1
-4996.7 -6782.3 151.7 91 0 9.3 16.1 12.5 2.5 2 1 5 5 5
-4973.4 -6779.1 152.5 89 0 33.7 11.1 10.0 2.5 4 0 4 5 5
-4975.3 -6762.8 153.0 89 0 11.4 49.0 7.5 2.5 2 1 3 0 0
-4992.4 -6763.4 152.8 89 0 9.1 44.1 10.0 2.5 2 1 4 0 0
4768.8 -6083.3 -94.6 279 0 11.6 13.2 10.0 2.5 2 1 4 3 3
4693.7 -6165.8 -86.9 105 0 11.7 7.5 5.0 2.5 2 0 2 1 1
4727.5 -6167.4 -89.8 321 0 15.2 13.2 7.5 2.5 4 0 3 1 1
4843.3 -6206.1 -101.1 3 0 9.3 15.1 5.0 2.5 2 1 2 5 5
4819.4 -6171.1 -99.3 235 0 13.4 10.7 7.5 2.5 2 0 3 4 4
4854.0 -6268.5 -105.1 257 0 14.3 14.4 7.5 2.5 2 1 3 3 3
5032.0 -6180.8 -105.4 179 0 13.4 14.6 7.5 2.5 2 1 3 0 0
5062.4 -6188.2 -105.0 359 0 27.3 12.5 15.0 0.0 0 0 6 4 4
5041.5 -6221.2 -106.6 119 0 9.8 19.8 7.5 2.5 2 1 3 1 1
5065.4 -6164.4 -104.3 354 0 7.4 16.3 2.5 2.5 2 1 1 0 0
5583.1 -6837.2 -119.2 179 0 8.4 14.7 7.5 2.5 2 1 3 3 3
