96.6 -4840.3 -34.7 356 0 79.6 29.4 12.5 0.0 0 0 5 1 1
2987.9 348.5 -39.7 5 0 35.1 14.0 10.0 2.5 2 0 4 4 4
2984.8 298.8 -38.3 5 0 36.1 26.0 12.5 0.0 0 0 5 4 4
2925.5 376.9 -49.0 222 0 54.1 34.8 7.5 0.0 0 0 3 1 1
5652.8 6023.0 -122.6 247 0 17.9 10.4 10.5 3.5 2 0 3 0 0
5803.1 6037.8 -124.0 194 0 25.5 16.0 14.0 3.5 2 0 4 3 3
5624.8 5951.4 -122.1 328 0 48.2 19.7 10.5 3.5 2 0 3 4 4
5765.6 6029.3 -124.1 342 0 11.5 17.0 14.0 3.5 2 1 4 3 3
-3282.7 -4790.4 -38.8 263 0 11.2 6.9 7.5 2.5 2 0 3 1 1
-3283.4 -4783.8 -40.5 262 0 11.6 6.6 10.0 2.5 2 0 4 4 4
-3274.4 -4734.8 -51.7 188 0 9.0 9.4 2.5 0.0 0 1 1 3 3
-3158.6 -4759.3 -38.9 273 0 8.7 6.5 5.0 2.5 2 0 2 3 3
-2876.7 -4764.5 -45.7 61 0 9.4 6.1 7.5 2.5 2 0 3 2 2
-2912.4 -4796.8 -47.8 95 0 13.6 11.0 5.0 2.5 2 0 2 0 0
-2313.1 -4702.6 -49.6 67 0 8.2 9.0 10.0 2.5 2 1 4 5 5
-2300.8 -4669.2 -42.9 9 0 7.8 9.7 2.5 2.5 2 1 1 3 3
-2385.6 -4745.4 -53.0 84 0 12.4 11.0 10.0 2.5 2 0 4 5 5
-2417.5 -4672.3 -37.0 159 0 12.4 12.3 7.5 2.5 2 0 3 1 1
-2435.1 -4556.8 -7.8 259 0 14.5 6.3 7.5 2.5 2 0 3 1 1
-2441.1 -4607.5 -18.9 74 0 15.1 7.7 10.0 0.0 0 0 4 2 2
-2480.0 -4612.5 -17.2 105 0 15.8 10.1 5.0 2.5 2 0 2 3 3
-2472.0 -4749.1 -52.2 85 0 18.3 13.1 2.5 2.5 2 0 1 4 4
-2790.9 -4758.1 -35.7 0 0 9.8 6.5 7.5 2.5 2 0 3 1 1
-2782.1 -4696.7 -29.0 13 0 9.1 8.6 5.0 0.0 0 0 2 4 4
-2780.6 -4687.1 -29.3 0 0 6.2 8.8 7.5 2.5 4 1 3 1 1
-2818.2 -4644.8 -36.3 270 0 13.3 9.8 7.5 2.5 2 0 3 4 4
-2759.2 -4628.1 -28.7 88 0 8.7 8.6 5.0 2.5 2 0 2 0 0
-2754.6 -4579.5 -27.7 2 0 7.4 8.7 7.5 2.5 4 1 3 3 3
-2782.7 -4467.8 -21.9 70 0 11.1 17.1 5.0 2.5 2 1 2 0 0
-2868.3 -4395.5 -23.0 288 0 23.3 11.8 12.5 2.5 2 0 5 0 0
-3154.4 -4608.9 -60.3 171 0 7.2 14.5 7.5 2.5 4 1 3 3 3
-3074.7 -4575.9 -52.8 92 0 15.5 9.2 7.5 2.5 2 0 3 5 5
-3012.4 -4531.1 -43.4 52 0 10.1 14.2 7.5 2.5 2 1 3 4 4
-3091.6 -4636.2 -53.4 266 0 12.4 16.9 7.5 2.5 4 1 3 0 0
-3107.1 -4711.0 -49.4 82 0 12.8 6.3 10.0 2.5 2 0 4 3 3
-3127.1 -4820.5 -29.3 178 0 8.3 7.2 5.0 2.5 2 0 2 4 4
-3088.5 -4783.2 -35.4 358 0 14.0 9.6 7.5 0.0 0 0 3 3 3
-3277.0 -4995.2 -39.2 86 0 13.7 10.2 7.5 2.5 2 0 3 3 3
-3225.9 -4975.9 -35.8 89 0 8.7 11.9 7.5 2.5 2 1 3 5 5
-2971.0 -4885.5 -54.1 90 0 8.8 11.0 7.5 2.5 2 1 3 0 0
-3036.4 -4924.7 -52.8 273 0 10.2 16.3 5.0 2.5 2 1 2 3 3
-3084.7 -5010.9 -60.9 276 0 11.3 21.4 5.0 2.5 2 1 2 3 3
-2926.5 -4948.3 -62.9 268 0 10.6 10.7 10.0 2.5 2 1 4 1 1
-2543.7 -4923.8 -92.4 149 0 9.7 16.0 5.0 2.5 4 1 2 0 0
-2493.2 -4848.7 -83.8 4 0 9.8 11.2 5.0 0.0 0 1 2 4 4
-2791.2 -5040.6 -67.1 0 0 8.0 6.5 5.0 0.0 0 0 2 0 0
-2705.6 -4990.2 -73.9 243 0 8.3 9.7 5.0 2.5 2 1 2 5 5
-2712.4 -4912.1 -64.2 265 0 10.9 10.7 5.0 2.5 2 0 2 5 5
-2847.1 -5012.8 -71.4 273 0 10.9 6.8 7.5 2.5 2 0 3 3 3
-2816.0 -5053.8 -73.1 184 0 8.3 10.5 10.0 2.5 4 1 4 1 1
-2764.6 -4956.2 -61.2 95 0 7.9 13.4 5.0 2.5 2 1 2 1 1
-2754.2 -4840.6 -45.2 279 0 13.5 9.3 7.5 2.5 4 0 3 2 2
-2778.0 -4882.4 -56.5 212 0 10.1 13.3 5.0 2.5 2 1 2 2 2
-2808.6 -4816.8 -44.8 92 0 11.2 10.7 7.5 2.5 2 0 3 1 1
-3854.1 6819.4 62.1 20 0 9.0 9.2 7.5 2.5 2 1 3 5 5
-3845.8 6800.7 61.6 323 0 10.1 17.0 7.5 2.5 2 1 3 0 0
-3766.8 6883.7 63.5 263 0 10.1 10.8 10.0 2.5 2 1 4 0 0
-3793.6 6852.6 63.3 86 0 26.0 10.7 10.0 2.5 2 0 4 3 3
-3456.1 6915.9 76.2 168 0 9.9 17.5 2.5 2.5 2 1 1 5 5
-3456.3 6725.3 66.8 82 0 9.5 14.6 7.5 2.5 2 1 3 2 2
-3483.4 6845.7 71.7 80 0 13.2 16.5 10.0 2.5 2 1 4 1 1
-3730.0 6902.9 61.1 255 0 14.0 8.7 7.5 2.5 2 0 3 5 5
-3568.9 6801.4 70.1 78 0 19.3 10.5 10.0 2.5 4 0 4 3 3
-3632.8 6810.5 68.0 172 0 12.8 20.3 12.5 2.5 2 1 5 4 4
-3402.3 6879.9 75.0 93 0 11.2 13.1 10.0 2.5 2 1 4 5 5
-3289.8 6906.7 80.2 266 0 16.6 12.9 7.5 2.5 2 0 3 4 4
-6867.7 191.9 98.2 353 0 12.2 8.5 5.0 2.5 4 0 2 0 0
-6897.1 70.5 129.5 156 0 11.7 9.7 7.5 2.5 2 0 3 3 3
-6894.8 312.6 98.5 177 0 11.3 9.6 2.5 2.5 2 0 1 3 3
-6891.8 404.8 93.0 78 0 7.2 7.7 7.5 2.5 2 1 3 1 1
-6722.0 462.0 47.5 260 0 7.3 12.0 7.5 2.5 2 1 3 5 5
4872.0 -4851.5 -148.8 238 0 6.6 12.1 5.0 2.5 2 1 2 3 3
4903.2 -4611.0 -146.8 241 0 12.4 9.2 7.5 2.5 2 0 3 1 1
4972.2 -4719.3 -142.8 252 0 10.1 14.6 2.5 2.5 2 1 1 2 2
5084.3 -4808.2 -146.8 72 0 30.5 21.5 10.0 0.0 0 0 4 5 5
5010.2 -4704.3 -139.7 227 0 8.2 8.6 7.5 2.5 2 1 3 3 3
5026.0 -4627.9 -141.6 199 0 10.0 10.2 7.5 2.5 2 1 3 5 5
5084.3 -4674.5 -138.8 44 0 11.5 43.9 15.0 0.0 0 1 6 5 5
5036.6 -4458.1 -146.2 99 0 10.5 12.3 7.5 2.5 2 1 3 0 0
5056.6 -4432.4 -145.4 210 0 13.7 9.9 7.5 2.5 4 0 3 5 5
5062.8 -4402.4 -145.8 175 0 9.5 14.1 7.5 2.5 2 1 3 0 0
5155.6 -4574.9 -141.4 99 0 13.3 17.4 2.5 2.5 2 1 1 3 3
5152.3 -4466.9 -136.5 177 0 9.8 18.5 2.5 2.5 2 1 1 5 5
5117.9 -4401.6 -141.5 221 0 6.1 13.7 5.0 0.0 0 1 2 2 2
5122.2 -4440.1 -138.7 177 0 9.5 10.0 7.5 2.5 2 1 3 4 4
5080.7 -4531.9 -140.2 211 0 9.3 12.1 7.5 2.5 2 1 3 0 0
5107.9 -4535.9 -138.2 90 0 13.9 11.0 7.5 2.5 2 0 3 2 2
5208.0 -4532.3 -138.1 86 0 17.1 12.5 5.0 2.5 2 0 2 3 3
5399.6 -4504.3 -142.3 45 0 7.9 7.1 7.5 0.0 0 0 3 2 2
5357.3 -4410.2 -145.9 272 0 10.9 7.7 7.5 2.5 2 0 3 5 5
5389.8 -4404.3 -147.2 274 0 14.5 10.1 5.0 0.0 0 0 2 4 4
4623.4 -5428.5 -141.8 38 0 17.1 8.4 7.5 2.5 2 0 3 4 4
4695.8 -5535.9 -124.6 50 0 9.7 7.4 5.0 2.5 2 0 2 4 4
4808.9 -4820.5 -146.2 272 0 13.6 11.0 2.5 2.5 2 0 1 1 1
4633.9 -5053.2 -115.8 215 0 6.2 6.2 7.5 2.5 2 1 3 5 5
4604.4 -5103.2 -141.0 264 0 7.6 10.7 5.0 0.0 0 1 2 0 0
4584.2 -5127.2 -141.5 213 0 7.7 15.3 2.5 2.5 4 1 1 4 4
4944.7 -4408.5 -148.3 143 0 6.2 10.7 5.0 2.5 2 1 2 2 2
4957.5 -4393.6 -147.8 228 0 9.4 8.2 7.5 2.5 2 0 3 5 5
4539.8 -5310.8 -144.8 358 0 10.1 22.1 5.0 2.5 2 1 2 0 0
-5914.4 2298.6 80.7 9 0 11.1 10.7 5.0 2.5 2 0 2 4 4
-5720.0 2522.6 101.5 270 0 9.1 6.5 5.0 2.5 2 0 2 5 5
-5814.9 2564.8 86.8 117 0 14.2 10.0 5.0 2.5 2 0 2 2 2
-5896.8 2831.6 47.7 1 0 8.0 13.6 5.0 2.5 2 1 2 0 0
-5944.3 2850.0 34.4 286 0 9.4 12.0 5.0 2.5 2 1 2 0 0
-5976.2 2717.5 37.3 16 0 10.8 8.0 10.0 2.5 2 0 4 3 3
-6777.3 1320.0 26.5 89 0 14.6 10.2 5.0 2.5 2 0 2 2 2
-6393.7 2334.5 48.8 179 0 11.7 16.6 7.5 2.5 2 1 3 3 3
-6292.3 2203.8 24.0 269 0 9.9 9.3 7.5 0.0 0 0 3 4 4
-6351.6 2105.3 20.8 298 0 7.3 20.7 2.5 2.5 2 1 1 0 0
-6295.2 2038.4 14.9 90 0 9.7 11.6 5.0 2.5 2 1 2 2 2
-6310.8 2169.0 24.1 152 0 8.9 13.2 7.5 2.5 2 1 3 2 2
-6378.8 2179.4 35.5 285 0 9.1 11.3 10.0 2.5 2 1 4 1 1
-6415.6 2109.9 29.4 185 0 7.6 13.8 7.5 2.5 2 1 3 5 5
-6463.6 2083.5 29.3 233 0 10.3 9.8 2.5 2.5 2 0 1 4 4
-6484.0 2163.5 40.0 199 0 16.3 9.1 10.0 2.5 4 0 4 5 5
-6545.4 2061.6 32.7 179 0 8.0 7.5 2.5 2.5 2 0 1 0 0
-6543.7 1984.2 24.8 22 0 10.0 10.0 5.0 2.5 2 0 2 4 4
-6588.6 1941.6 21.3 104 0 9.6 11.8 7.5 2.5 2 1 3 5 5
-6671.6 1898.8 22.7 271 0 6.5 12.2 7.5 0.0 0 1 3 1 1
-6687.8 1800.3 20.2 181 0 7.4 7.4 7.5 2.5 2 0 3 1 1
-6684.8 1828.4 21.2 260 0 7.5 10.5 5.0 2.5 4 1 2 2 2
-6744.3 1601.0 18.2 33 0 10.9 10.0 7.5 2.5 2 0 3 1 1
-6758.5 1578.9 20.1 44 0 10.4 11.1 7.5 2.5 2 1 3 4 4
-6751.2 1555.6 19.7 349 0 9.7 11.1 5.0 2.5 2 1 2 0 0
-6853.4 1653.6 22.6 182 0 8.6 14.5 7.5 2.5 2 1 3 5 5
-6810.3 1628.7 20.8 120 0 6.5 9.6 7.5 2.5 4 1 3 3 3
-6790.0 1607.2 23.2 196 0 7.4 10.8 7.5 2.5 2 1 3 5 5
-6800.6 1555.3 25.0 102 0 17.2 9.2 5.0 2.5 2 0 2 4 4
-6814.8 1533.7 28.4 92 0 13.2 9.8 7.5 2.5 4 0 3 5 5
-6680.5 1127.8 29.4 184 0 13.2 8.6 10.0 2.5 2 0 4 1 1
-6746.4 1052.7 34.6 92 0 7.8 8.5 5.0 0.0 0 1 2 5 5
-6761.0 797.2 49.4 92 0 12.1 8.7 7.5 2.5 2 0 3 1 1
-6765.1 708.9 54.0 357 0 8.9 13.9 10.0 0.0 0 1 4 2 2
-6635.8 910.6 17.6 1 0 7.8 12.4 5.0 2.5 2 1 2 2 2
-6637.1 1074.8 32.4 275 0 9.2 15.1 10.0 0.0 0 1 4 2 2
-6682.4 1064.8 34.8 92 0 12.3 10.2 5.0 2.5 2 0 2 4 4
-6810.1 917.4 59.8 89 0 10.9 9.1 5.0 2.5 4 0 2 5 5
-6869.3 953.3 78.4 338 0 7.2 11.9 7.5 2.5 4 1 3 3 3
-6845.6 691.6 79.9 191 0 6.3 6.5 5.0 2.5 2 1 2 2 2
-6886.6 708.4 92.0 179 0 9.8 8.3 7.5 2.5 4 0 3 0 0
-6608.2 2097.9 46.5 289 0 8.7 13.5 7.5 2.5 2 1 3 0 0
-6254.1 2666.0 33.5 92 0 10.9 10.4 10.0 2.5 4 0 4 2 2
-6165.9 2911.6 24.7 300 0 6.5 13.1 2.5 2.5 4 1 1 2 2
-6195.7 2844.2 23.4 176 0 14.0 9.0 5.0 2.5 2 0 2 3 3
-6084.5 2716.4 23.6 89 0 13.1 11.6 7.5 2.5 2 0 3 3 3
-6100.9 2616.2 23.8 79 0 13.5 9.5 5.0 2.5 2 0 2 4 4
-5762.3 3486.6 66.6 271 0 7.5 24.3 10.0 2.5 2 1 4 4 4
-6019.0 3343.5 23.5 177 0 9.8 14.3 7.5 2.5 2 1 3 0 0
-5697.3 4010.9 70.9 173 0 8.8 16.2 10.0 2.5 2 1 4 3 3
-5830.2 3822.1 49.8 102 0 13.9 8.8 7.5 0.0 0 0 3 5 5
-5966.7 3756.1 47.1 2 0 9.8 7.3 7.5 2.5 2 0 3 4 4
-5967.6 3703.2 40.3 358 0 7.2 15.9 7.5 2.5 2 1 3 5 5
-5921.1 3510.6 41.4 87 0 17.1 9.7 2.5 2.5 2 0 1 4 4
-5905.6 3544.5 43.9 267 0 15.7 10.4 7.5 2.5 2 0 3 2 2
-5934.5 3566.8 41.1 271 0 15.9 9.3 10.0 2.5 2 0 4 3 3
-5826.5 3627.7 61.1 0 0 13.4 11.9 2.5 2.5 2 0 1 4 4
-5751.3 3689.6 82.2 79 0 17.4 10.0 7.5 0.0 0 0 3 2 2
-5824.8 3555.4 56.4 355 0 8.9 14.2 10.0 2.5 2 1 4 5 5
-5926.3 3381.7 35.0 292 0 13.8 9.3 5.0 2.5 2 0 2 5 5
-5850.6 3368.2 49.2 83 0 6.1 7.2 5.0 0.0 0 1 2 0 0
-5867.2 3366.5 47.4 148 0 10.0 8.9 10.0 2.5 2 0 4 1 1
-5750.8 3323.7 64.5 1 0 9.9 6.3 7.5 2.5 2 0 3 3 3
-5765.4 3322.7 62.6 180 0 9.1 7.6 5.0 2.5 2 0 2 0 0
-5683.9 3240.1 81.9 5 0 9.1 14.0 5.0 2.5 2 1 2 0 0
-5727.7 3175.9 74.3 168 0 11.2 14.3 7.5 0.0 0 1 3 3 3
-5811.7 3221.2 60.6 356 0 15.8 7.4 7.5 0.0 0 0 3 1 1
-5948.4 3277.3 36.2 256 0 19.0 8.3 5.0 2.5 2 0 2 2 2
-6217.5 3117.1 49.2 172 0 7.0 12.9 7.5 2.5 2 1 3 0 0
-6143.8 3289.2 33.6 265 0 9.5 14.3 5.0 2.5 2 1 2 0 0
-6093.3 3035.8 21.5 106 0 8.8 17.2 7.5 2.5 2 1 3 1 1
-6147.2 3127.7 30.3 267 0 14.3 11.0 5.0 2.5 2 0 2 2 2
-6072.6 3048.1 20.9 19 0 6.6 8.7 7.5 2.5 2 1 3 0 0
-3047.6 513.7 40.5 143 0 12.5 6.1 7.5 2.5 2 0 3 5 5
-1474.4 1776.0 -96.0 358 0 8.2 10.6 7.5 2.5 2 1 3 1 1
-1518.2 1705.6 -96.1 162 0 11.5 11.5 7.5 2.5 4 0 3 3 3
-1399.0 1503.4 -102.7 89 0 8.5 18.4 7.5 2.5 2 1 3 1 1
-1419.5 1328.5 -110.1 91 0 8.9 11.9 10.0 2.5 2 1 4 1 1
-1248.5 2484.7 -7.4 110 0 6.6 11.2 5.0 2.5 4 1 2 4 4
-1357.7 1912.2 -96.5 145 0 6.9 8.3 2.5 2.5 2 1 1 5 5
-1322.2 1839.7 -104.3 93 0 14.8 13.0 2.5 2.5 2 0 1 0 0
-1344.7 1749.5 -103.2 95 0 9.8 11.6 10.0 2.5 2 1 4 2 2
-1342.2 1565.4 -107.1 259 0 19.2 11.2 7.5 2.5 2 0 3 3 3
-1401.8 507.6 -121.2 96 0 7.5 10.6 7.5 2.5 2 1 3 5 5
-1356.2 642.0 -121.3 187 0 10.6 7.6 7.5 2.5 4 0 3 4 4
-1273.8 645.5 -119.3 24 0 8.0 13.4 7.5 2.5 2 1 3 1 1
-1315.9 693.9 -121.7 258 0 6.5 9.2 5.0 2.5 2 1 2 3 3
-1380.4 761.3 -120.2 264 0 7.0 9.3 7.5 2.5 2 1 3 2 2
-1459.1 759.8 -118.0 354 0 7.6 11.3 5.0 2.5 2 1 2 3 3
-1455.5 690.4 -121.3 183 0 17.3 10.0 5.0 2.5 2 0 2 3 3
-1578.4 1001.1 -112.0 187 0 8.0 16.8 7.5 0.0 0 1 3 5 5
-1508.6 1092.1 -117.5 90 0 9.1 17.3 10.0 2.5 2 1 4 5 5
-1365.5 1057.5 -121.4 82 0 15.3 11.2 10.0 2.5 2 0 4 0 0
-1886.5 603.8 -73.8 138 0 7.2 7.2 7.5 2.5 2 0 3 2 2
-1708.2 681.9 -113.5 95 0 8.0 14.4 10.0 2.5 2 1 4 1 1
-2014.1 1134.5 -43.7 55 0 10.0 15.7 10.0 2.5 2 1 4 0 0
-2268.7 1105.7 -48.4 176 0 9.7 22.8 7.5 2.5 2 1 3 0 0
-2293.6 696.4 -35.7 65 0 15.6 13.6 2.5 2.5 2 0 1 1 1
-2633.7 643.8 -6.7 71 0 11.4 10.3 7.5 2.5 2 0 3 4 4
-2718.5 784.2 11.3 66 0 9.7 12.0 7.5 2.5 2 1 3 5 5
-2681.2 872.1 -8.4 74 0 12.9 9.2 2.5 2.5 2 0 1 2 2
-464.6 509.8 -49.7 52 0 11.0 8.6 7.5 2.5 4 0 3 3 3
-1447.8 509.2 -121.8 227 0 9.9 9.4 7.5 2.5 2 0 3 4 4
-1581.5 1747.5 -90.4 97 0 13.1 9.6 7.5 2.5 2 0 3 2 2
-1996.9 2113.9 54.8 66 0 8.4 6.5 7.5 2.5 2 0 3 5 5
-1475.9 1016.1 -118.2 195 0 6.1 13.6 7.5 2.5 2 1 3 5 5
-4253.9 5116.0 72.2 96 0 6.7 11.6 5.0 2.5 2 1 2 2 2
-4295.6 5123.5 79.0 180 0 7.7 13.9 10.0 0.0 0 1 4 3 3
-4155.3 5294.5 72.3 354 0 6.6 9.2 10.0 0.0 0 1 4 4 4
-4160.4 5277.6 71.4 12 0 8.0 11.7 5.0 2.5 2 1 2 5 5
-4125.8 5188.5 70.3 180 0 7.1 10.0 7.5 2.5 2 1 3 5 5
-4105.9 5212.8 70.7 357 0 10.1 9.0 5.0 2.5 2 0 2 4 4
-4138.2 5290.0 77.6 180 0 8.3 11.2 5.0 2.5 2 1 2 4 4
-4100.9 5265.1 73.7 90 0 7.4 9.8 7.5 0.0 0 1 3 3 3
-4005.1 5211.8 63.7 248 0 10.5 11.0 5.0 0.0 0 1 2 3 3
-4028.6 5181.4 65.5 254 0 6.3 8.1 5.0 2.5 2 1 2 2 2
-3433.9 5142.0 128.4 90 0 7.1 8.0 7.5 2.5 2 1 3 4 4
-3377.4 5002.2 140.2 82 0 8.3 7.8 5.0 0.0 0 0 2 1 1
-3584.1 5136.2 108.1 87 0 12.4 10.2 7.5 2.5 2 0 3 2 2
-3670.0 4918.0 105.8 174 0 9.4 12.1 10.0 2.5 2 1 4 1 1
-3729.1 4839.6 110.2 66 0 12.1 9.4 7.5 2.5 2 0 3 2 2
-3828.6 4709.6 133.2 89 0 9.4 11.0 5.0 2.5 4 1 2 1 1
-3789.6 4774.7 116.6 359 0 7.3 16.4 7.5 2.5 2 1 3 3 3
-3761.0 4697.5 138.7 178 0 8.7 11.9 5.0 2.5 2 1 2 2 2
-3703.3 4668.1 148.4 88 0 12.2 8.7 10.0 2.5 2 0 4 2 2
-3921.5 4943.9 74.5 88 0 16.9 8.9 7.5 2.5 2 0 3 0 0
-3918.4 4995.3 68.1 272 0 12.7 8.9 7.5 2.5 2 0 3 1 1
-3990.4 5091.4 65.7 88 0 12.0 8.9 5.0 2.5 2 0 2 2 2
-3995.6 5137.7 66.2 270 0 15.0 8.9 7.5 0.0 0 0 3 2 2
-3996.4 5017.0 67.9 86 0 13.0 9.7 10.0 2.5 2 0 4 3 3
-3856.2 5302.7 66.8 268 0 9.3 11.8 5.0 2.5 2 1 2 1 1
-3881.2 5291.4 64.8 248 0 11.4 8.8 2.5 2.5 2 0 1 4 4
-3881.4 5262.3 64.3 174 0 8.8 19.1 5.0 2.5 2 1 2 1 1
-3866.2 5159.4 69.7 169 0 7.6 15.5 5.0 2.5 2 1 2 5 5
-3825.8 5179.4 71.4 271 0 8.5 11.0 5.0 2.5 2 1 2 4 4
-3733.2 5209.9 83.7 336 0 8.4 7.9 10.0 2.5 2 0 4 2 2
-3660.3 5113.0 91.2 0 0 11.6 8.5 7.5 2.5 2 0 3 1 1
-3692.3 5091.6 85.8 72 0 10.5 14.5 7.5 2.5 2 1 3 1 1
-3749.5 5115.5 77.4 182 0 10.6 18.9 2.5 2.5 2 1 1 5 5
-3736.2 5081.0 80.4 175 0 9.3 14.5 7.5 2.5 2 1 3 5 5
-3797.6 5002.8 76.1 243 0 6.7 10.5 7.5 2.5 2 1 3 5 5
-4440.8 5336.9 109.3 333 0 11.9 9.6 5.0 2.5 2 0 2 1 1
-4476.3 5008.5 118.4 272 0 11.2 10.4 7.5 2.5 2 0 3 1 1
-4437.9 5182.5 122.7 84 0 7.9 9.8 7.5 2.5 4 1 3 1 1
-4011.1 -951.2 73.1 10 0 11.8 13.1 5.0 2.5 2 1 2 0 0
-4068.3 -990.1 75.9 180 0 8.0 15.0 2.5 2.5 2 1 1 0 0
-4794.8 -6517.4 -98.4 283 0 14.8 17.5 10.0 2.5 2 1 4 2 2
-4773.1 -6462.9 -95.1 184 0 15.6 17.1 10.0 2.5 2 1 4 4 4
-4561.8 -6605.4 -113.1 4 0 19.6 18.2 10.0 2.5 2 0 4 1 1
-4512.2 -6550.1 -110.5 9 0 10.1 16.5 7.5 2.5 2 1 3 3 3
-4623.9 -6496.7 -112.2 217 0 13.0 17.7 2.5 2.5 4 1 1 2 2
-4478.4 -6646.3 -113.0 67 0 11.4 18.9 7.5 0.0 0 1 3 2 2
-4419.4 -6587.3 -110.6 208 0 12.1 17.4 7.5 2.5 2 1 3 1 1
-4390.4 -6640.9 -112.5 3 0 10.1 19.0 5.0 2.5 2 1 2 1 1
-4291.1 -6718.8 -112.3 261 0 8.5 13.4 5.0 2.5 4 1 2 4 4
-4219.8 -6656.6 -116.5 88 0 16.3 13.3 2.5 2.5 2 0 1 5 5
-4175.9 -6749.6 -114.4 114 0 17.1 22.6 10.0 2.5 2 1 4 0 0
-4119.5 -6758.0 -112.5 260 0 21.6 11.1 2.5 2.5 2 0 1 5 5
-4092.2 -6725.4 -112.3 179 0 9.3 16.4 5.0 2.5 2 1 2 2 2
-4040.1 -6775.8 -111.3 270 0 12.1 19.1 5.0 2.5 2 1 2 2 2
-4045.0 -6659.1 -118.1 142 0 12.3 10.7 5.0 0.0 0 0 2 1 1
-3990.7 -6649.8 -115.9 206 0 17.9 15.2 5.0 2.5 2 0 2 2 2
-3958.2 -6740.5 -115.5 140 0 9.0 27.3 10.0 2.5 2 1 4 3 3
-3938.8 -6605.2 -116.1 268 0 13.6 23.3 12.5 0.0 0 1 5 4 4
-3902.1 -6668.0 -116.6 120 0 6.2 8.9 5.0 0.0 0 1 2 1 1
-3790.0 -6664.3 -111.6 338 0 44.6 10.1 10.0 2.5 2 0 4 4 4
-3596.8 -6792.2 -113.0 109 0 12.0 17.5 5.0 2.5 2 1 2 2 2
-3624.7 -6709.5 -116.5 178 0 11.0 14.8 7.5 0.0 0 1 3 0 0
-3667.5 -6661.4 -113.2 359 0 12.2 19.0 7.5 2.5 2 1 3 0 0
-3663.8 -6555.4 -110.4 343 0 11.3 22.8 12.5 2.5 2 1 5 3 3
-3696.7 -6500.7 -110.4 272 0 11.6 15.4 7.5 2.5 4 1 3 3 3
-3775.5 -6438.7 -106.8 1 0 12.8 17.4 5.0 2.5 2 1 2 1 1
-3684.7 -6385.4 -116.0 141 0 13.9 8.4 7.5 2.5 2 0 3 3 3
-3592.0 -6339.6 -105.0 80 0 17.1 15.1 15.0 0.0 0 0 6 2 2
-3711.1 -6314.3 -108.5 82 0 16.9 11.8 2.5 2.5 2 0 1 1 1
-3724.3 -6258.3 -104.7 264 0 11.7 19.1 2.5 2.5 2 1 1 0 0
-3787.5 -6249.2 -109.1 175 0 12.6 13.6 7.5 2.5 2 1 3 5 5
-3731.4 -6229.9 -108.2 9 0 12.0 17.1 5.0 2.5 2 1 2 4 4
-3647.6 -6225.3 -98.0 268 0 20.7 11.9 5.0 2.5 2 0 2 4 4
-3662.3 -6154.2 -105.1 119 0 10.2 10.2 7.5 2.5 2 0 3 2 2
-3390.7 -6261.0 -78.4 326 0 10.8 11.9 10.0 2.5 2 1 4 5 5
-3358.9 -6195.9 -95.7 6 0 9.3 13.3 7.5 2.5 2 1 3 5 5
-3271.1 -6361.3 -87.9 12 0 9.7 9.3 7.5 2.5 2 0 3 2 2
-3247.4 -6348.5 -93.5 272 0 14.0 10.2 5.0 2.5 2 0 2 3 3
-3269.0 -6456.0 -88.4 262 0 10.6 11.5 7.5 2.5 2 1 3 2 2
-3382.9 -6525.8 -93.9 210 0 7.6 8.7 10.0 0.0 0 1 4 4 4
-3344.7 -6585.9 -92.8 55 0 10.7 10.6 7.5 2.5 4 0 3 5 5
-3229.5 -6540.5 -93.8 292 0 10.4 13.5 5.0 0.0 0 1 2 1 1
-3305.5 -6490.4 -86.2 221 0 7.6 18.2 5.0 0.0 0 1 2 4 4
-3324.3 -6521.0 -85.9 243 0 17.8 11.8 2.5 2.5 2 0 1 5 5
-3272.0 -6675.2 -114.6 227 0 12.8 21.2 10.0 2.5 2 1 4 3 3
-3287.6 -6457.9 -87.6 194 0 8.9 12.6 5.0 2.5 2 1 2 2 2
-3165.5 -6525.3 -100.2 287 0 15.3 11.3 2.5 2.5 4 0 1 5 5
-2703.8 -6448.7 -123.9 100 0 12.2 8.1 2.5 2.5 2 0 1 0 0
-2672.4 -6444.6 -125.0 17 0 20.3 13.1 10.0 2.5 2 0 4 5 5
-2679.2 -6520.7 -128.6 98 0 11.7 21.1 12.5 2.5 2 1 5 3 3
-2638.7 -6280.1 -111.3 296 0 12.3 26.1 10.0 2.5 2 1 4 0 0
-2490.2 -6373.3 -132.8 42 0 8.5 7.8 10.0 0.0 0 0 4 1 1
-1795.9 -6669.1 -35.3 81 0 13.7 14.8 5.0 2.5 2 1 2 5 5
-1762.4 -6660.0 -41.8 282 0 11.8 8.7 2.5 2.5 2 0 1 4 4
-1696.0 -6534.2 -37.3 64 0 16.2 9.7 10.0 2.5 2 0 4 0 0
-1486.0 -6452.2 -45.2 255 0 7.2 16.1 7.5 2.5 2 1 3 2 2
-1415.2 -6442.9 -46.4 90 0 12.7 10.1 5.0 2.5 2 0 2 0 0
-1467.2 -6202.4 -35.8 28 0 18.6 12.6 5.0 0.0 0 0 2 3 3
-1418.1 -6236.6 -28.7 268 0 11.4 9.3 5.0 2.5 2 0 2 4 4
-1476.0 -6117.0 -26.4 275 0 14.7 12.0 7.5 2.5 2 0 3 1 1
-1536.6 -6028.7 -21.9 176 0 13.1 9.7 7.5 2.5 2 0 3 3 3
-1329.2 -6098.1 -31.1 249 0 50.3 12.7 10.0 2.5 2 0 4 2 2
-1278.3 -5941.5 -54.0 92 0 10.2 20.5 5.0 0.0 0 1 2 0 0
-1241.4 -5842.5 -55.5 66 0 11.4 25.9 12.5 2.5 4 1 5 2 2
-844.9 -5986.2 -1.4 84 0 9.6 17.9 10.0 2.5 2 1 4 0 0
-815.7 -5964.7 -1.0 173 0 14.1 12.1 10.0 2.5 2 0 4 4 4
-785.2 -5937.1 -1.0 274 0 15.4 17.5 10.0 2.5 2 1 4 5 5
-754.1 -5927.6 2.5 265 0 16.6 14.8 5.0 2.5 2 0 2 1 1
-761.9 -6020.4 1.2 1 0 14.9 13.5 7.5 2.5 2 0 3 4 4
-803.2 -6124.9 5.4 170 0 10.7 27.8 10.0 2.5 2 1 4 4 4
-638.8 -6097.5 12.8 322 0 7.3 11.3 2.5 2.5 2 1 1 1 1
-649.9 -6031.8 12.0 94 0 14.3 9.8 7.5 2.5 2 0 3 2 2
-651.1 -5931.2 13.4 101 0 10.8 14.2 5.0 0.0 0 1 2 1 1
-701.4 -5895.1 11.1 186 0 16.1 11.2 10.0 2.5 2 0 4 0 0
-651.0 -5855.1 16.4 10 0 15.4 12.1 5.0 2.5 4 0 2 0 0
-502.5 -5436.3 -23.4 191 0 21.0 15.2 10.0 0.0 0 0 4 4 4
-465.0 -5428.7 -19.1 9 0 20.8 14.6 10.0 2.5 2 0 4 3 3
-423.2 -5335.9 -19.9 273 0 10.8 12.4 5.0 2.5 2 1 2 5 5
-435.0 -5400.4 -17.9 101 0 10.4 12.8 7.5 2.5 2 1 3 5 5
-337.9 -5017.8 -38.0 73 0 20.9 9.6 5.0 2.5 2 0 2 0 0
-429.3 -5070.6 -37.7 77 0 21.3 13.1 15.0 0.0 0 0 6 4 4
-310.1 -5007.3 -37.4 77 0 16.9 10.7 7.5 2.5 2 0 3 3 3
-758.6 -5031.2 -13.6 356 0 8.3 20.2 7.5 2.5 2 1 3 1 1
-1352.7 -4811.8 -13.4 206 0 9.2 12.3 5.0 2.5 4 1 2 3 3
-1477.7 -4924.6 -25.8 190 0 15.3 11.9 2.5 2.5 2 0 1 2 2
-1414.7 -4960.8 -4.9 275 0 11.5 11.5 10.0 2.5 2 0 4 4 4
-1448.2 -4870.5 -24.1 268 0 8.6 16.4 5.0 2.5 2 1 2 4 4
-1432.1 -4722.6 -14.4 149 0 9.5 7.1 5.0 2.5 4 0 2 4 4
-1448.2 -4706.8 -15.3 133 0 12.8 45.0 12.5 2.5 2 1 5 0 0
-1485.9 -4686.4 -19.4 256 0 13.1 11.2 5.0 2.5 2 0 2 5 5
-1473.7 -4666.5 -19.2 86 0 11.2 14.1 7.5 2.5 4 1 3 2 2
-1397.1 -4603.5 -15.6 224 0 12.0 24.3 10.0 2.5 2 1 4 3 3
-1454.1 -4614.2 -18.4 96 0 12.2 14.7 5.0 2.5 2 1 2 1 1
-1469.3 -4583.6 -18.6 185 0 15.1 15.8 2.5 2.5 2 1 1 5 5
-1421.2 -4609.3 -17.1 47 0 18.7 9.8 7.5 2.5 2 0 3 3 3
-1389.4 -4537.1 -15.4 351 0 10.1 20.3 10.0 2.5 4 1 4 2 2
-1340.6 -4681.9 -5.4 94 0 10.3 12.7 10.0 2.5 2 1 4 3 3
-1293.8 -4659.7 -4.6 88 0 13.2 16.8 2.5 2.5 2 1 1 2 2
-1274.1 -4733.6 -10.7 152 0 11.2 14.1 7.5 2.5 4 1 3 0 0
-1254.0 -4668.4 -6.7 337 0 8.4 16.6 5.0 2.5 4 1 2 2 2
-1258.9 -4647.2 -4.9 1 0 12.2 14.0 7.5 2.5 2 1 3 2 2
-1297.6 -4614.3 -2.2 178 0 10.7 18.0 5.0 2.5 2 1 2 2 2
-1243.0 -4632.6 -2.1 92 0 9.4 13.6 7.5 2.5 2 1 3 2 2
-1265.4 -4542.4 -13.7 234 0 16.2 8.0 7.5 2.5 2 0 3 3 3
-1246.0 -4607.0 -3.4 44 0 8.7 18.7 10.0 2.5 2 1 4 4 4
-1240.1 -4564.4 -9.3 354 0 9.7 12.0 10.0 2.5 2 1 4 0 0
-1254.8 -4520.0 -14.5 227 0 9.5 7.9 7.5 2.5 2 0 3 1 1
-1184.5 -4618.1 1.1 280 0 12.7 14.3 5.0 2.5 2 1 2 5 5
-1149.7 -4770.8 5.8 95 0 20.0 9.8 5.0 2.5 4 0 2 3 3
-1130.7 -4749.3 5.5 359 0 10.0 15.4 5.0 0.0 0 1 2 5 5
-1099.6 -4691.5 4.7 92 0 11.4 19.7 2.5 2.5 2 1 1 3 3
-1054.3 -4697.9 5.7 12 0 13.8 18.3 12.5 2.5 2 1 5 3 3
-1115.2 -4552.0 6.2 58 0 11.9 16.8 10.0 2.5 4 1 4 2 2
-1078.7 -4553.8 7.5 352 0 9.4 24.3 7.5 2.5 2 1 3 1 1
-1050.1 -4314.3 -31.8 273 0 14.8 14.0 5.0 2.5 2 0 2 5 5
-1027.7 -4423.0 -20.3 255 0 17.1 15.0 5.0 2.5 2 0 2 3 3
-1039.0 -4404.5 -25.2 88 0 22.5 13.5 10.0 2.5 2 0 4 5 5
-993.2 -4422.5 -18.9 240 0 15.3 11.8 5.0 2.5 2 0 2 3 3
-1018.6 -4324.1 -34.1 356 0 9.0 19.4 10.0 2.5 2 1 4 1 1
-963.6 -4366.5 -27.5 57 0 14.3 16.1 2.5 2.5 2 1 1 4 4
-995.7 -4255.5 -30.5 270 0 16.2 14.2 7.5 2.5 2 0 3 4 4
-916.5 -4403.9 -16.9 346 0 8.0 14.8 5.0 2.5 2 1 2 0 0
-932.2 -4224.8 -35.6 157 0 9.9 16.0 7.5 2.5 2 1 3 1 1
-949.0 -4182.1 -30.6 179 0 11.4 16.9 7.5 2.5 2 1 3 1 1
-850.9 -4305.0 -26.5 91 0 20.1 13.6 12.5 2.5 2 0 5 2 2
-846.4 -4274.5 -29.3 270 0 23.4 11.1 5.0 2.5 2 0 2 3 3
-845.8 -4204.0 -40.4 37 0 11.6 6.9 10.0 2.5 2 0 4 4 4
-804.7 -4139.6 -45.0 50 0 18.1 10.2 2.5 2.5 2 0 1 2 2
-778.8 -4038.0 -50.7 195 0 16.6 14.1 2.5 2.5 2 0 1 0 0
-705.7 -4143.4 -41.4 96 0 9.1 10.5 2.5 2.5 2 1 1 4 4
-719.5 -4038.6 -51.9 87 0 16.1 11.1 5.0 2.5 2 0 2 3 3
-752.6 -3976.3 -50.5 164 0 9.3 18.6 5.0 2.5 2 1 2 0 0
-704.9 -3938.2 -51.7 272 0 14.5 20.7 10.0 2.5 2 1 4 0 0
-649.1 -3973.8 -55.0 291 0 15.4 10.7 2.5 2.5 2 0 1 3 3
-798.1 -3915.5 -24.7 360 0 9.2 14.4 10.0 2.5 2 1 4 5 5
-613.6 -4157.9 -43.1 347 0 9.0 16.4 7.5 2.5 2 1 3 2 2
-589.5 -4202.8 -50.8 356 0 19.5 10.2 7.5 2.5 2 0 3 3 3
-520.6 -4109.6 -53.9 82 0 17.9 11.2 2.5 2.5 2 0 1 1 1
-606.8 -4001.4 -54.4 74 0 12.1 12.0 2.5 0.0 0 0 1 4 4
-556.9 -4024.6 -51.1 274 0 11.3 19.2 5.0 2.5 2 1 2 3 3
-542.0 -4015.4 -54.9 221 0 10.8 16.5 2.5 2.5 2 1 1 5 5
-475.7 -4026.2 -58.8 357 0 10.2 21.4 7.5 2.5 2 1 3 4 4
-436.7 -4085.8 -61.5 344 0 18.1 10.6 7.5 2.5 2 0 3 1 1
-386.9 -4194.9 -52.3 85 0 14.8 16.7 10.0 2.5 2 1 4 1 1
-342.0 -4093.4 -59.5 353 0 19.6 16.8 10.0 2.5 2 0 4 1 1
-405.9 -3986.0 -61.2 282 0 12.1 23.4 12.5 2.5 2 1 5 3 3
-364.1 -3991.5 -63.7 4 0 11.1 34.0 12.5 2.5 2 1 5 2 2
-394.1 -3972.5 -63.2 124 0 22.6 15.1 10.0 2.5 2 0 4 4 4
-357.1 -3988.7 -64.8 166 0 9.4 25.3 12.5 2.5 2 1 5 3 3
-393.1 -3862.0 -53.7 350 0 14.8 14.1 7.5 2.5 2 0 3 0 0
-397.9 -3699.9 -51.4 281 0 18.5 12.1 2.5 0.0 0 0 1 2 2
-403.8 -3634.5 -45.9 186 0 21.6 14.3 7.5 0.0 0 0 3 4 4
-363.0 -3684.2 -59.6 154 0 16.2 12.8 5.0 0.0 0 0 2 2 2
-557.6 -3717.3 -1.8 349 0 9.5 8.3 5.0 2.5 2 0 2 3 3
-634.8 -3627.0 24.7 94 0 16.6 15.4 17.5 0.0 0 0 7 4 4
-485.1 -3711.7 -25.3 81 0 12.6 21.3 10.0 2.5 2 1 4 5 5
-491.5 -3649.7 -20.0 199 0 14.6 16.0 12.5 2.5 2 1 5 3 3
-324.1 -3448.1 -22.3 297 0 8.6 12.5 2.5 2.5 2 1 1 1 1
-381.5 -3413.9 2.2 182 0 8.2 11.5 5.0 2.5 2 1 2 0 0
-469.3 -3396.2 27.2 76 0 15.5 9.6 7.5 2.5 2 0 3 0 0
-561.0 -3278.9 48.4 62 0 11.8 13.2 7.5 2.5 2 1 3 1 1
-696.3 -3263.4 62.1 148 0 9.6 14.8 5.0 2.5 2 1 2 2 2
-778.7 -3274.2 75.5 91 0 12.9 16.9 7.5 2.5 2 1 3 2 2
-655.2 -2945.5 83.1 84 0 11.9 10.1 2.5 2.5 2 0 1 5 5
-736.7 -2884.4 90.3 266 0 9.3 12.0 7.5 2.5 2 1 3 5 5
-777.4 -2937.1 97.7 93 0 9.9 22.4 7.5 2.5 2 1 3 3 3
-863.7 -2973.7 111.0 1 0 13.5 19.1 12.5 2.5 2 1 5 0 0
-1861.5 -2419.6 117.0 351 0 31.0 19.0 10.0 2.5 2 0 4 5 5
-1875.0 -2240.2 88.3 260 0 17.5 10.7 5.0 2.5 2 0 2 5 5
-1839.1 -2299.0 100.8 83 0 17.9 13.0 5.0 2.5 2 0 2 2 2
-2300.6 -2713.5 113.4 354 0 8.9 12.2 10.0 0.0 0 1 4 3 3
-2349.2 -2412.3 53.9 173 0 6.4 6.8 5.0 2.5 2 1 2 1 1
-2654.0 -2309.9 -20.8 3 0 8.0 11.1 7.5 2.5 2 1 3 3 3
-2849.6 -2229.4 -46.8 267 0 15.0 10.3 2.5 2.5 2 0 1 5 5
-3070.9 -2267.9 -86.2 272 0 7.9 9.8 7.5 2.5 2 1 3 5 5
-3107.9 -2374.0 -90.3 240 0 8.8 8.8 7.5 2.5 2 0 3 1 1
-3613.8 -2599.3 -135.0 239 0 14.8 10.7 5.0 0.0 0 0 2 0 0
-3436.6 -2737.5 -128.5 274 0 13.3 8.3 7.5 2.5 2 0 3 0 0
-3490.4 -2737.2 -126.9 236 0 11.8 15.3 2.5 2.5 2 1 1 2 2
-3463.3 -2592.7 -132.4 277 0 11.1 25.6 10.0 0.0 0 1 4 3 3
-3341.9 -2974.1 -101.8 356 0 8.5 20.7 7.5 2.5 2 1 3 0 0
361.4 -2724.2 -85.8 4 0 7.9 8.5 7.5 0.0 0 1 3 4 4
364.8 -2637.1 -86.0 40 0 10.0 7.8 5.0 2.5 2 0 2 5 5
984.5 -5371.8 -15.5 123 0 10.2 13.9 5.0 2.5 2 1 2 2 2
719.8 -5878.3 75.3 145 0 7.0 9.1 2.5 2.5 4 1 1 4 4
842.1 -5743.0 50.7 88 0 19.8 11.1 10.0 2.5 2 0 4 3 3
849.3 -5850.7 66.8 339 0 10.2 8.4 7.5 2.5 2 0 3 4 4
-2616.9 -5341.9 -104.8 233 0 27.0 8.7 7.5 2.5 2 0 3 3 3
-2594.8 -5324.8 -102.2 234 0 21.0 9.5 5.0 2.5 2 0 2 2 2
-2570.8 -5313.2 -101.0 273 0 12.4 16.9 5.0 2.5 2 1 2 5 5
-2552.0 -5317.6 -100.0 275 0 12.7 16.2 7.5 2.5 2 1 3 5 5
-2526.9 -5328.9 -98.8 1 0 14.3 13.3 7.5 2.5 2 0 3 3 3
-2058.3 -5215.1 -81.3 304 0 10.1 54.8 15.0 2.5 2 1 6 5 5
-2123.0 -5339.3 -71.0 43 0 40.7 13.6 10.0 2.5 2 0 4 0 0
-2192.7 -5548.2 -63.1 93 0 17.6 13.7 2.5 2.5 2 0 1 2 2
-2134.5 -5494.5 -57.1 182 0 14.3 28.7 5.0 2.5 2 1 2 4 4
-2131.4 -5296.3 -72.5 214 0 7.5 12.4 7.5 2.5 2 1 3 5 5
-2112.0 -5291.3 -74.5 38 0 9.6 13.5 7.5 2.5 2 1 3 4 4
-2150.0 -5230.4 -79.3 210 0 10.0 23.7 2.5 2.5 2 1 1 0 0
-2039.7 -5243.9 -79.6 319 0 29.1 13.2 12.5 2.5 2 0 5 2 2
-2101.0 -5278.5 -76.2 36 0 19.0 13.1 7.5 2.5 2 0 3 1 1
-2097.4 -5213.6 -81.4 250 0 12.8 22.1 7.5 2.5 2 1 3 4 4
-2223.1 -4962.9 -91.7 349 0 9.4 14.3 10.0 2.5 2 1 4 0 0
-2180.7 -5048.4 -97.2 330 0 12.5 9.6 7.5 0.0 0 0 3 1 1
-2291.1 -5071.2 -103.9 132 0 8.4 20.0 10.0 2.5 4 1 4 2 2
-2282.1 -5041.4 -101.7 352 0 9.0 8.7 2.5 2.5 2 0 1 3 3
-2321.4 -5011.7 -99.7 174 0 13.6 17.5 5.0 2.5 2 1 2 5 5
-3376.9 -5058.3 -45.1 274 0 8.2 14.6 5.0 2.5 2 1 2 1 1
-3777.0 -5334.4 -50.9 272 0 8.9 14.3 5.0 2.5 2 1 2 2 2
-3752.1 -5219.9 -48.4 359 0 12.2 12.4 7.5 2.5 2 1 3 1 1
-3690.8 -5161.2 -49.5 186 0 15.0 11.3 2.5 2.5 2 0 1 0 0
-3529.0 -5169.4 -59.1 54 0 9.1 7.5 7.5 2.5 2 0 3 2 2
-3544.2 -5090.7 -53.1 75 0 16.5 10.4 7.5 0.0 0 0 3 2 2
-1164.9 -669.5 -110.3 15 0 25.6 15.6 17.5 0.0 0 0 7 3 3
-1212.0 -611.1 -111.7 216 0 15.0 57.0 15.0 0.0 0 1 6 5 5
-1208.0 -728.6 -111.0 104 0 23.2 12.2 10.0 0.0 0 0 4 2 2
-6271.9 -6772.7 -155.9 73 0 15.0 8.9 2.5 2.5 2 0 1 0 0
-2913.0 -1470.1 -100.7 357 0 10.3 19.9 7.5 2.5 2 1 3 2 2
-3413.2 -1665.0 -126.7 112 0 10.4 7.4 10.0 2.5 2 0 4 2 2
-3357.3 -1695.4 -129.7 275 0 21.2 11.0 2.5 2.5 2 0 1 4 4
-3171.1 -1802.1 -128.8 70 0 22.6 11.8 12.5 2.5 2 0 5 5 5
-3082.2 -1606.0 -121.3 236 0 19.3 13.2 12.5 2.5 2 0 5 0 0
-3126.1 -1635.9 -121.9 263 0 7.7 16.3 5.0 2.5 2 1 2 4 4
-3559.0 -1642.6 -128.7 350 0 10.8 19.9 7.5 2.5 2 1 3 1 1
-3631.7 -1591.2 -119.2 183 0 11.9 20.0 10.0 2.5 2 1 4 5 5
-3676.9 -1660.2 -115.2 185 0 11.7 12.4 5.0 0.0 0 1 2 1 1
-3629.5 -1716.0 -126.0 264 0 11.8 16.0 7.5 2.5 4 1 3 0 0
-3661.5 -1786.2 -129.2 78 0 20.5 13.7 10.0 2.5 2 0 4 4 4
-3622.7 -1880.3 -121.1 79 0 12.9 16.3 2.5 2.5 2 1 1 1 1
-3329.0 -1380.5 -111.5 88 0 11.7 9.6 2.5 2.5 4 0 1 4 4
-3250.8 -1301.7 -119.5 129 0 6.5 11.8 7.5 2.5 4 1 3 2 2
-3115.6 -1192.6 -114.8 272 0 9.9 11.4 7.5 2.5 2 1 3 2 2
-3120.4 -1257.5 -121.5 2 0 9.2 15.8 7.5 0.0 0 1 3 5 5
-3139.8 -987.7 -75.3 182 0 8.6 11.2 2.5 2.5 2 1 1 2 2
-3177.6 -1137.7 -106.0 188 0 10.3 17.6 5.0 2.5 2 1 2 2 2
-2803.5 -1599.3 -92.6 2 0 7.7 10.2 10.0 2.5 2 1 4 5 5
-2988.1 -1268.8 -128.6 146 0 9.6 17.4 7.5 2.5 2 1 3 5 5
-3008.0 -1371.9 -123.4 88 0 11.9 13.1 5.0 2.5 4 1 2 5 5
-3010.3 -1625.7 -109.5 168 0 8.5 18.3 7.5 2.5 2 1 3 2 2
-3111.7 -1688.0 -114.9 141 0 12.2 13.9 10.0 2.5 2 1 4 0 0
-2929.5 -1822.5 -110.1 95 0 14.8 10.4 7.5 2.5 2 0 3 4 4
4744.6 -3332.4 -149.7 289 0 6.4 16.5 10.0 2.5 2 1 4 4 4
4743.7 -3540.7 -144.6 197 0 10.9 12.3 5.0 2.5 2 1 2 2 2
4763.7 -3445.6 -149.1 284 0 15.2 7.3 2.5 2.5 2 0 1 1 1
4714.8 -3455.3 -148.5 172 0 12.6 18.5 5.0 2.5 2 1 2 0 0
4844.0 -3773.2 -152.7 1 0 11.0 16.8 2.5 2.5 2 1 1 1 1
4757.1 -3692.9 -150.1 187 0 12.3 13.1 7.5 2.5 2 1 3 4 4
4818.5 -3627.9 -148.9 195 0 9.5 9.1 7.5 2.5 2 0 3 2 2
4778.4 -3590.5 -147.1 349 0 12.7 18.0 7.5 2.5 4 1 3 2 2
4883.4 -3499.3 -146.9 117 0 10.6 10.6 7.5 2.5 2 0 3 3 3
4811.0 -3491.8 -146.4 6 0 8.9 8.4 7.5 0.0 0 0 3 3 3
4812.5 -3473.1 -147.4 359 0 8.6 23.8 7.5 2.5 2 1 3 2 2
4825.0 -3364.2 -148.1 0 0 10.7 9.4 10.0 2.5 2 0 4 1 1
4857.2 -3359.3 -147.4 177 0 12.8 9.8 7.5 2.5 2 0 3 0 0
4838.3 -3441.7 -147.4 180 0 8.9 15.9 5.0 0.0 0 1 2 1 1
4827.8 -3461.9 -146.9 185 0 9.8 13.9 7.5 2.5 2 1 3 1 1
4892.2 -3451.5 -147.4 27 0 8.0 9.9 7.5 2.5 2 1 3 4 4
4876.5 -3458.0 -146.8 198 0 6.8 10.5 10.0 2.5 2 1 4 1 1
4870.9 -3475.9 -146.5 128 0 6.3 10.4 10.0 0.0 0 1 4 1 1
2362.2 -4209.6 -86.0 8 0 6.4 6.9 7.5 2.5 2 1 3 4 4
2338.7 -3789.4 -106.7 2 0 14.6 15.4 5.0 2.5 2 1 2 4 4
2363.0 -3701.1 -107.3 265 0 10.9 19.2 2.5 0.0 0 1 1 5 5
2378.8 -3738.2 -113.7 91 0 8.7 14.4 7.5 2.5 2 1 3 4 4
2420.2 -3719.2 -118.7 19 0 15.7 9.8 5.0 0.0 0 0 2 4 4
2534.9 -3487.8 -126.0 22 0 11.4 21.7 10.0 2.5 2 1 4 5 5
2523.6 -3535.2 -127.7 81 0 11.4 9.9 7.5 2.5 2 0 3 4 4
2528.4 -3570.5 -128.6 6 0 14.3 8.4 2.5 2.5 2 0 1 5 5
3138.2 -4310.9 -135.1 224 0 8.0 15.3 5.0 2.5 2 1 2 0 0
3268.6 -4355.6 -147.4 0 0 8.6 15.6 7.5 2.5 2 1 3 3 3
3218.0 -4316.8 -141.8 181 0 13.9 19.2 12.5 2.5 2 1 5 3 3
3243.3 -4226.0 -139.0 89 0 11.5 15.7 7.5 2.5 2 1 3 0 0
4373.6 -2482.6 -129.9 295 0 14.3 26.9 12.5 2.5 4 1 5 0 0
4400.8 -2703.1 -129.3 26 0 14.9 13.5 2.5 2.5 2 0 1 1 1
4416.9 -2654.1 -136.3 57 0 13.7 21.2 12.5 2.5 2 1 5 0 0
4471.8 -2827.1 -144.8 305 0 11.2 14.1 2.5 2.5 4 1 1 3 3
4380.9 -2815.0 -119.8 355 0 17.6 10.0 5.0 2.5 2 0 2 2 2
4460.4 -2780.4 -141.5 305 0 18.5 14.7 10.0 2.5 2 0 4 2 2
4422.6 -2759.8 -136.9 333 0 56.4 33.2 10.0 0.0 0 0 4 5 5
4387.5 -2912.9 -132.1 2 0 21.4 13.6 12.5 2.5 2 0 5 2 2
4385.4 -2989.4 -137.9 19 0 10.7 17.4 10.0 2.5 2 1 4 1 1
4410.8 -3111.5 -151.1 69 0 12.6 10.1 7.5 2.5 2 0 3 3 3
4378.1 -3077.8 -150.4 289 0 12.6 20.1 10.0 2.5 2 1 4 4 4
4426.2 -3030.8 -148.4 22 0 15.0 9.5 5.0 2.5 2 0 2 4 4
4459.8 -3001.8 -148.1 92 0 20.3 10.7 2.5 2.5 2 0 1 2 2
4464.0 -3093.2 -150.7 89 0 15.0 21.4 10.0 2.5 2 1 4 1 1
4493.7 -3529.9 -142.7 93 0 12.5 16.4 7.5 2.5 2 1 3 5 5
4504.5 -3273.1 -148.5 87 0 17.1 11.8 12.5 2.5 2 0 5 2 2
4456.8 -3307.4 -142.8 246 0 13.6 8.8 7.5 2.5 2 0 3 0 0
4422.1 -3329.1 -138.3 188 0 6.3 8.5 7.5 2.5 2 1 3 5 5
4461.0 -3363.2 -144.3 89 0 13.8 18.1 10.0 2.5 2 1 4 0 0
4399.3 -3512.5 -144.5 81 0 13.2 13.5 5.0 2.5 2 1 2 1 1
4329.6 -3497.6 -145.1 88 0 10.0 20.4 5.0 0.0 0 1 2 1 1
4348.2 -3448.8 -144.6 276 0 11.7 16.4 7.5 2.5 2 1 3 5 5
4427.2 -3466.4 -143.8 353 0 11.4 11.6 7.5 0.0 0 1 3 1 1
4402.0 -3469.6 -144.0 243 0 10.8 8.5 5.0 2.5 2 0 2 5 5
4365.3 -3417.0 -144.4 93 0 16.8 11.9 2.5 0.0 0 0 1 1 1
4380.7 -3357.6 -140.5 180 0 9.1 6.5 5.0 2.5 2 0 2 2 2
4313.0 -3365.2 -146.7 270 0 12.8 20.8 12.5 2.5 2 1 5 1 1
4189.4 -3274.9 -146.4 214 0 15.0 23.6 10.0 2.5 2 1 4 1 1
4091.3 -2256.9 -55.8 51 0 13.2 8.4 7.5 2.5 2 0 3 1 1
2666.0 -3717.5 -128.3 118 0 8.3 13.8 2.5 0.0 0 1 1 0 0
2655.6 -3688.7 -126.7 77 0 12.7 24.0 12.5 2.5 2 1 5 3 3
2638.3 -2908.9 -81.7 257 0 13.1 31.1 7.5 2.5 2 1 3 5 5
2670.8 -2956.4 -85.6 341 0 13.1 9.5 7.5 2.5 4 0 3 0 0
2752.2 -3047.8 -95.7 85 0 14.7 21.4 12.5 2.5 2 1 5 0 0
2773.9 -2983.8 -87.1 257 0 25.6 18.3 12.5 2.5 4 0 5 0 0
2745.9 -2444.5 -91.2 356 0 11.3 18.2 5.0 2.5 2 1 2 3 3
2718.1 -2425.8 -95.6 244 0 15.1 11.5 5.0 2.5 2 0 2 3 3
2728.9 -2473.1 -86.0 84 0 13.5 13.7 10.0 0.0 0 1 4 0 0
2608.0 -3077.7 -97.0 117 0 16.9 18.6 12.5 2.5 4 1 5 1 1
2544.9 -3148.0 -97.5 30 0 20.9 13.0 15.0 0.0 0 0 6 0 0
2192.0 -3413.1 -74.9 131 0 11.7 28.0 12.5 0.0 0 1 5 0 0
2506.7 -3336.1 -107.0 38 0 13.3 14.8 7.5 2.5 2 1 3 5 5
2401.0 -3526.3 -112.7 87 0 9.6 15.5 5.0 2.5 2 1 2 4 4
3757.2 -4115.0 -134.3 88 0 7.3 19.0 5.0 2.5 2 1 2 4 4
3731.3 -4066.7 -134.4 273 0 9.7 11.3 7.5 2.5 2 1 3 0 0
3792.9 -3833.0 -142.0 265 0 10.9 10.1 10.0 2.5 2 0 4 3 3
3747.7 -3883.0 -144.1 180 0 16.0 7.1 7.5 2.5 2 0 3 0 0
3766.2 -3939.6 -139.6 348 0 13.0 14.3 5.0 2.5 2 1 2 2 2
3697.3 -3963.1 -144.9 192 0 23.0 16.9 15.0 0.0 0 0 6 0 0
3841.7 -3931.1 -135.7 115 0 14.3 18.0 10.0 2.5 2 1 4 0 0
3809.8 -3994.0 -132.2 355 0 13.1 19.4 10.0 2.5 2 1 4 2 2
3836.2 -4055.2 -135.6 19 0 17.4 9.3 5.0 2.5 2 0 2 5 5
3815.1 -4090.4 -136.6 58 0 21.7 16.0 12.5 2.5 2 0 5 0 0
3781.9 -4036.4 -130.9 166 0 17.7 18.0 7.5 2.5 2 1 3 0 0
3691.4 -4158.1 -137.0 62 0 21.5 20.2 12.5 2.5 2 0 5 0 0
3631.9 -3970.3 -148.4 3 0 20.2 21.4 10.0 2.5 2 1 4 4 4
3648.0 -4010.3 -144.4 173 0 14.9 19.9 12.5 2.5 2 1 5 1 1
3355.0 -4164.9 -149.9 97 0 9.1 10.2 7.5 2.5 2 1 3 4 4
3383.2 -4010.5 -142.2 190 0 14.2 14.5 10.0 2.5 2 1 4 1 1
3442.0 -4048.6 -151.8 93 0 14.2 13.4 5.0 0.0 0 0 2 1 1
3376.5 -4067.0 -147.4 180 0 17.8 24.8 12.5 2.5 2 1 5 5 5
3226.4 -4062.0 -124.2 92 0 18.3 15.4 12.5 2.5 2 0 5 2 2
3295.0 -4082.2 -135.3 297 0 14.3 24.7 10.0 2.5 4 1 4 0 0
2673.0 -3958.5 -131.8 224 0 34.2 21.3 10.0 0.0 0 0 4 0 0
2680.4 -4201.3 -136.0 231 0 15.6 20.2 12.5 2.5 2 1 5 1 1
2719.9 -4146.7 -132.3 232 0 10.8 16.3 7.5 0.0 0 1 3 5 5
2756.1 -4202.0 -132.1 86 0 13.5 19.1 10.0 2.5 2 1 4 2 2
2713.9 -4319.2 -134.3 354 0 11.8 8.9 7.5 2.5 2 0 3 4 4
2677.3 -4263.9 -133.1 265 0 10.7 14.5 5.0 2.5 2 1 2 2 2
2657.4 -4283.0 -127.7 183 0 9.9 6.7 5.0 2.5 4 0 2 2 2
2682.5 -4328.9 -128.9 92 0 9.2 8.6 10.0 2.5 2 0 4 1 1
2654.7 -3999.5 -131.8 93 0 7.1 9.5 5.0 0.0 0 1 2 4 4
3098.4 -3930.2 -82.9 321 0 9.5 17.7 2.5 2.5 2 1 1 5 5
3098.3 -4010.3 -92.8 134 0 11.9 14.0 2.5 2.5 2 1 1 4 4
2990.5 -3966.7 -82.5 85 0 20.7 17.6 7.5 2.5 2 0 3 1 1
2618.5 -3642.3 -129.5 256 0 9.8 15.9 5.0 2.5 2 1 2 4 4
2648.3 -3717.5 -132.8 328 0 13.6 12.6 2.5 2.5 2 0 1 4 4
2584.0 -3683.3 -139.8 210 0 19.1 10.6 5.0 2.5 2 0 2 0 0
2627.3 -3693.3 -134.7 303 0 11.9 19.7 2.5 2.5 2 1 1 0 0
2850.8 -3556.2 -81.5 90 0 20.6 13.6 12.5 2.5 2 0 5 4 4
2697.2 -3573.5 -104.7 270 0 9.4 7.1 5.0 2.5 2 0 2 0 0
2713.0 -3583.7 -108.2 274 0 12.3 22.6 12.5 0.0 0 1 5 4 4
2294.2 -4168.3 -103.9 122 0 6.2 14.3 2.5 2.5 2 1 1 1 1
2508.9 -4018.8 -130.1 161 0 8.4 16.4 5.0 2.5 2 1 2 5 5
2336.2 -3977.0 -113.6 358 0 22.3 12.7 12.5 0.0 0 0 5 1 1
2364.0 -4090.9 -115.7 10 0 14.1 14.0 7.5 2.5 2 0 3 2 2
2428.3 -4029.3 -124.6 293 0 14.8 19.7 12.5 2.5 2 1 5 1 1
2511.2 -4055.3 -131.1 176 0 13.2 7.3 5.0 2.5 2 0 2 4 4
2474.0 -4024.8 -128.6 91 0 20.1 14.3 10.0 2.5 2 0 4 0 0
2506.7 -3837.0 -136.2 176 0 16.1 22.0 10.0 2.5 2 1 4 5 5
2474.4 -3883.3 -131.3 205 0 14.9 14.3 5.0 2.5 2 0 2 0 0
2178.1 -3543.7 -84.4 95 0 18.6 13.7 10.0 2.5 2 0 4 1 1
2313.6 -3558.5 -98.5 276 0 9.5 11.9 10.0 2.5 2 1 4 4 4
2267.9 -3637.0 -94.6 204 0 14.9 18.6 15.0 0.0 0 1 6 5 5
2269.6 -3760.0 -89.2 289 0 11.6 20.1 5.0 2.5 2 1 2 3 3
2269.7 -3835.5 -98.5 115 0 12.6 18.3 7.5 2.5 2 1 3 2 2
2211.8 -3789.9 -84.0 104 0 13.3 15.3 2.5 2.5 4 1 1 5 5
2147.9 -4064.7 -88.7 276 0 12.1 9.2 7.5 2.5 2 0 3 4 4
2185.3 -3991.6 -84.3 182 0 13.7 12.9 5.0 2.5 2 0 2 1 1
2200.8 -4039.0 -102.3 269 0 10.9 18.1 7.5 2.5 2 1 3 3 3
2123.4 -4113.1 -86.6 126 0 16.7 12.7 7.5 2.5 2 0 3 5 5
2258.7 -4221.6 -104.9 190 0 10.0 10.6 7.5 2.5 2 1 3 0 0
4982.2 -3498.5 -143.9 284 0 10.7 15.0 5.0 2.5 2 1 2 1 1
4987.2 -3565.6 -143.0 177 0 9.8 18.6 7.5 2.5 2 1 3 2 2
4981.5 -3639.9 -145.2 83 0 11.1 7.5 5.0 2.5 2 0 2 3 3
4949.5 -3629.3 -146.0 77 0 8.0 9.4 7.5 2.5 2 1 3 3 3
1871.9 -5289.9 -74.0 88 0 7.3 7.3 7.5 0.0 0 0 3 1 1
2093.7 -5196.6 -55.8 294 0 6.8 10.1 5.0 2.5 2 1 2 4 4
4640.6 -3026.8 -149.2 358 0 10.4 15.4 5.0 2.5 2 1 2 1 1
4731.8 -2882.7 -151.7 1 0 11.6 10.9 7.5 2.5 2 0 3 3 3
4665.1 -2674.5 -147.8 268 0 13.8 9.4 10.0 2.5 2 0 4 0 0
4685.5 -2756.8 -148.5 89 0 19.9 8.9 5.0 2.5 2 0 2 2 2
4710.8 -2772.2 -149.5 96 0 7.1 16.3 5.0 2.5 2 1 2 0 0
4711.5 -2786.5 -149.7 98 0 15.8 8.4 7.5 2.5 2 0 3 3 3
4734.0 -2807.9 -150.6 286 0 11.2 10.0 10.0 2.5 2 0 4 0 0
4717.3 -2803.9 -149.8 282 0 13.4 14.4 7.5 0.0 0 1 3 4 4
4625.6 -2734.3 -146.3 229 0 7.4 22.4 7.5 2.5 2 1 3 1 1
4630.6 -2756.8 -145.7 49 0 6.3 15.7 2.5 2.5 4 1 1 3 3
4667.5 -2794.1 -147.3 51 0 9.7 8.6 5.0 2.5 2 0 2 2 2
4641.7 -2814.3 -147.0 58 0 8.1 8.6 7.5 2.5 2 1 3 5 5
4606.9 -2825.8 -148.0 91 0 11.9 9.6 7.5 2.5 2 0 3 2 2
4590.5 -2800.6 -146.9 121 0 7.4 9.1 7.5 2.5 2 1 3 4 4
4589.5 -2821.3 -148.1 117 0 10.8 8.5 7.5 2.5 2 0 3 5 5
4677.3 -2807.1 -148.2 241 0 12.2 15.9 10.0 2.5 2 1 4 0 0
4653.0 -2821.6 -147.8 227 0 8.3 17.9 7.5 2.5 2 1 3 0 0
4604.9 -2841.9 -149.4 288 0 13.0 12.6 5.0 0.0 0 0 2 2 2
4568.5 -2831.0 -149.5 281 0 7.5 8.2 2.5 2.5 2 1 1 3 3
4543.0 -2785.6 -147.7 101 0 10.2 17.6 7.5 2.5 2 1 3 0 0
4570.5 -2674.2 -142.1 279 0 14.0 14.4 7.5 2.5 2 1 3 3 3
4675.3 -3823.3 -146.0 193 0 11.4 15.4 2.5 2.5 4 1 1 2 2
4719.9 -3817.5 -149.4 87 0 14.5 8.8 7.5 2.5 2 0 3 3 3
4719.5 -4099.7 -135.6 358 0 12.3 9.1 7.5 2.5 2 0 3 4 4
4895.6 -3918.6 -152.2 3 0 14.8 11.1 7.5 2.5 2 0 3 5 5
4911.0 -4062.3 -150.5 2 0 12.9 7.7 2.5 2.5 4 0 1 2 2
4797.3 -4003.9 -144.6 177 0 14.8 9.0 2.5 2.5 2 0 1 5 5
4843.2 -3939.9 -147.7 263 0 13.4 12.5 5.0 2.5 2 0 2 3 3
4884.6 -4038.8 -148.3 358 0 8.6 15.3 2.5 2.5 2 1 1 1 1
4955.3 -4313.7 -149.6 179 0 13.8 8.3 7.5 2.5 2 0 3 4 4
-3532.1 622.8 78.6 83 0 9.5 11.8 7.5 2.5 4 1 3 3 3
-3240.7 591.9 40.0 319 0 11.7 19.7 5.0 2.5 2 1 2 2 2
-3301.6 598.8 38.0 139 0 15.5 20.9 10.0 2.5 4 1 4 3 3
-3044.9 654.6 32.3 22 0 8.8 13.2 5.0 2.5 2 1 2 1 1
-3057.3 515.4 42.7 324 0 27.1 72.6 12.5 0.0 0 1 5 0 0
-1634.8 -428.4 -120.3 228 0 10.1 14.5 2.5 0.0 0 1 1 3 3
-1659.6 -461.7 -123.8 178 0 11.1 16.2 5.0 2.5 2 1 2 5 5
-1665.8 -514.3 -127.1 4 0 12.6 10.5 5.0 2.5 2 0 2 2 2
-1277.7 -658.7 -117.5 191 0 15.1 12.0 7.5 2.5 2 0 3 1 1
-1074.1 -451.1 -108.7 357 0 9.8 14.9 2.5 0.0 0 1 1 0 0
-1377.5 -472.3 -100.3 0 0 8.5 8.4 7.5 2.5 2 0 3 5 5
-1084.4 -713.4 -114.9 88 0 13.3 9.8 7.5 0.0 0 0 3 3 3
-1137.3 -763.7 -112.5 268 0 11.2 9.2 7.5 2.5 2 0 3 5 5
-1119.5 -830.0 -115.9 5 0 10.8 13.6 5.0 2.5 2 1 2 0 0
-1195.5 -946.1 -112.5 352 0 7.7 12.1 7.5 2.5 2 1 3 3 3
-1188.9 -980.4 -110.7 359 0 9.1 12.8 7.5 2.5 2 1 3 3 3
-1183.5 -880.5 -116.4 357 0 9.7 12.4 5.0 2.5 2 1 2 4 4
-1538.9 -918.3 -101.5 78 0 12.5 10.0 10.0 2.5 2 0 4 5 5
-1486.1 -805.6 -118.6 69 0 13.0 9.2 10.0 2.5 2 0 4 5 5
-1322.9 -844.3 -105.0 4 0 8.9 16.8 7.5 2.5 2 1 3 0 0
-1274.5 -805.8 -110.3 5 0 8.2 12.9 7.5 2.5 2 1 3 0 0
-1315.2 -774.9 -112.7 306 0 9.5 10.2 5.0 2.5 2 1 2 1 1
-1339.2 -731.9 -119.0 358 0 8.9 11.5 7.5 2.5 2 1 3 3 3
-1365.5 -783.3 -112.4 175 0 9.1 16.6 10.0 2.5 2 1 4 3 3
-1112.3 -548.9 -117.9 286 0 10.6 41.2 10.0 2.5 2 1 4 5 5
-1132.4 -558.3 -117.0 286 0 10.7 35.1 10.0 2.5 2 1 4 4 4
-4124.9 -5197.2 -39.8 313 0 6.9 10.5 5.0 2.5 2 1 2 0 0
4597.6 -2962.3 -148.1 262 0 13.4 12.9 5.0 2.5 2 0 2 5 5
4682.2 -3279.1 -149.6 94 0 15.9 14.4 7.5 2.5 4 0 3 1 1
4983.6 -4325.3 -148.4 207 0 6.6 14.7 7.5 2.5 2 1 3 0 0
5239.5 -3333.5 -150.2 88 0 8.6 16.2 2.5 2.5 2 1 1 2 2
5032.0 -4004.5 -147.9 203 0 14.0 13.6 2.5 2.5 2 0 1 1 1
4867.9 -2920.8 -149.0 205 0 12.1 10.7 7.5 2.5 2 0 3 2 2
4893.5 -3349.5 -147.2 351 0 13.9 13.5 7.5 2.5 2 0 3 1 1
5044.3 -2731.8 -141.9 144 0 16.8 10.0 2.5 0.0 0 0 1 4 4
5054.1 -2702.5 -141.1 207 0 28.9 7.9 7.5 2.5 2 0 3 3 3
5063.8 -2743.5 -141.1 97 0 13.5 32.9 12.5 2.5 2 1 5 0 0
5069.7 -2690.4 -140.6 205 0 32.9 12.9 10.0 2.5 2 0 4 1 1
5115.6 -2680.1 -137.9 18 0 10.9 36.8 12.5 2.5 2 1 5 3 3
5084.2 -2634.3 -139.3 211 0 17.5 38.6 12.5 2.5 2 1 5 5 5
4993.4 -2845.0 -145.9 299 0 17.5 19.0 12.5 2.5 2 1 5 3 3
4972.9 -2918.1 -148.7 16 0 14.5 8.5 10.0 2.5 2 0 4 2 2
4963.8 -2931.8 -149.3 112 0 8.7 6.1 7.5 2.5 4 0 3 5 5
4947.6 -2918.9 -147.9 106 0 14.1 13.9 7.5 0.0 0 0 3 4 4
4914.6 -2897.0 -147.0 198 0 13.4 19.9 10.0 2.5 2 1 4 4 4
4895.6 -2917.3 -147.9 186 0 10.7 14.8 7.5 2.5 2 1 3 2 2
4876.9 -2899.4 -149.2 198 0 9.8 13.9 7.5 2.5 4 1 3 5 5
4845.8 -2972.3 -148.3 210 0 18.0 16.1 10.0 2.5 2 0 4 3 3
4847.2 -2942.7 -149.4 22 0 7.7 11.1 5.0 2.5 2 1 2 2 2
4830.1 -2965.2 -149.2 33 0 11.4 8.9 5.0 2.5 2 0 2 3 3
4825.4 -2948.5 -149.8 20 0 9.3 10.5 7.5 2.5 2 1 3 5 5
4807.9 -2940.3 -150.2 197 0 14.0 6.8 7.5 2.5 2 0 3 4 4
4700.5 -2862.7 -149.4 180 0 7.4 7.8 5.0 2.5 2 1 2 3 3
4695.1 -2904.3 -151.5 180 0 7.6 10.3 2.5 2.5 2 1 1 3 3
4698.1 -2889.1 -151.1 185 0 6.6 10.5 7.5 2.5 2 1 3 4 4
4670.9 -2989.5 -149.9 344 0 6.6 14.2 5.0 2.5 2 1 2 2 2
4632.7 -3034.9 -149.0 358 0 7.7 8.8 2.5 2.5 2 1 1 1 1
4537.9 -3375.8 -144.8 58 0 18.8 11.2 5.0 2.5 4 0 2 3 3
4592.7 -3276.3 -149.1 47 0 12.4 10.5 7.5 0.0 0 0 3 0 0
4625.4 -3162.6 -152.4 259 0 7.2 8.8 5.0 2.5 4 1 2 0 0
4714.6 -3339.0 -149.8 181 0 9.0 10.0 2.5 2.5 2 1 1 2 2
4691.7 -3171.2 -151.0 106 0 7.4 11.5 5.0 2.5 2 1 2 3 3
4759.1 -3210.0 -146.7 192 0 11.4 10.6 7.5 2.5 2 0 3 3 3
4797.5 -3146.8 -147.3 266 0 27.0 13.5 10.0 2.5 2 0 4 1 1
4922.5 -3276.2 -146.7 271 0 13.3 22.3 12.5 2.5 2 1 5 5 5
4988.4 -3282.0 -147.6 99 0 18.6 13.5 15.0 0.0 0 0 6 1 1
5033.2 -3261.1 -149.2 84 0 16.9 10.6 7.5 2.5 2 0 3 0 0
5088.9 -3240.9 -152.6 354 0 9.1 11.5 5.0 2.5 2 1 2 0 0
5181.8 -3297.5 -149.1 269 0 16.8 12.9 7.5 2.5 2 0 3 5 5
5282.6 -3968.4 -139.1 10 0 10.7 12.8 7.5 2.5 2 1 3 0 0
5108.7 -4353.7 -146.6 256 0 6.7 19.2 5.0 2.5 2 1 2 0 0
5248.2 -4363.0 -133.1 272 0 7.3 12.8 5.0 2.5 2 1 2 3 3
5247.2 -4298.7 -138.3 274 0 13.5 7.9 5.0 2.5 2 0 2 5 5
5234.8 -4354.4 -136.1 4 0 12.8 18.0 5.0 2.5 2 1 2 0 0
5203.3 -4326.9 -139.2 267 0 6.3 11.0 7.5 2.5 2 1 3 1 1
5153.2 -4329.3 -144.1 265 0 12.7 20.6 12.5 2.5 2 1 5 3 3
5165.9 -4173.9 -141.9 322 0 13.7 11.2 7.5 2.5 2 0 3 4 4
5010.8 -4171.2 -151.6 104 0 10.4 10.1 7.5 2.5 2 0 3 5 5
5005.9 -4270.9 -151.3 179 0 11.9 12.6 10.0 2.5 2 1 4 2 2
5022.6 -4026.3 -148.9 196 0 12.2 9.9 7.5 2.5 2 0 3 1 1
5018.7 -4039.7 -149.5 191 0 12.7 9.3 7.5 2.5 2 0 3 2 2
4952.2 -4105.1 -154.3 176 0 14.3 18.0 10.0 2.5 2 1 4 4 4
4954.6 -4076.3 -154.4 164 0 7.6 20.1 7.5 2.5 2 1 3 4 4
-3153.0 -2451.8 -99.1 86 0 15.0 8.2 7.5 2.5 4 0 3 0 0
-3175.4 -2426.7 -101.5 273 0 18.6 8.3 5.0 2.5 2 0 2 0 0
-390.5 -3884.5 -57.6 290 0 8.4 19.4 10.0 2.5 2 1 4 5 5
-1440.5 -6509.4 -44.1 310 0 11.1 7.1 5.0 2.5 4 0 2 4 4
-3923.9 -6468.9 -114.9 182 0 11.7 14.3 10.0 0.0 0 1 4 3 3
-2221.6 -5411.9 -74.7 348 0 13.3 34.5 10.0 2.5 2 1 4 3 3
-2242.0 -5429.4 -75.0 172 0 8.2 32.5 12.5 2.5 2 1 5 1 1
-2168.8 -5372.6 -68.5 45 0 26.8 20.9 15.0 0.0 0 0 6 2 2
-2215.3 -5372.5 -78.5 47 0 61.3 70.5 12.5 0.0 0 1 5 5 5
-2137.4 -5306.6 -71.3 215 0 10.5 12.0 7.5 2.5 2 1 3 3 3
-3349.2 -5373.5 -53.9 0 0 8.4 10.7 5.0 2.5 2 1 2 3 3
-3419.9 -5096.0 -47.5 199 0 11.1 8.5 5.0 2.5 2 0 2 4 4
-3362.7 -4980.2 -46.3 15 0 11.7 8.6 10.0 2.5 2 0 4 2 2
-3490.0 -5112.3 -55.9 96 0 13.6 9.6 5.0 2.5 2 0 2 4 4
-3605.4 -4959.7 -49.7 32 0 9.9 9.0 7.5 2.5 2 0 3 2 2
-3623.7 -5056.7 -51.1 99 0 6.4 8.5 10.0 2.5 2 1 4 4 4
-3821.8 -5281.1 -42.2 353 0 6.2 7.0 2.5 2.5 2 1 1 4 4
-3828.4 -5340.8 -42.8 349 0 8.3 7.8 7.5 2.5 2 0 3 0 0
-3827.1 -5314.1 -41.6 359 0 9.3 11.6 5.0 2.5 2 1 2 0 0
-3836.6 -5420.3 -43.7 347 0 6.9 11.3 7.5 0.0 0 1 3 3 3
-3937.7 -5335.0 -34.2 185 0 10.7 17.9 5.0 2.5 2 1 2 0 0
-3996.5 -5256.0 -30.7 89 0 11.4 18.9 5.0 2.5 2 1 2 3 3
-3984.8 -5180.2 -25.3 191 0 8.6 13.8 7.5 2.5 2 1 3 3 3
-3878.7 -4959.2 -55.8 314 0 10.8 6.9 2.5 2.5 4 0 1 2 2
-3821.7 -4925.8 -64.4 224 0 8.1 19.2 10.0 2.5 2 1 4 3 3
-3818.1 -4971.0 -62.0 103 0 8.6 19.1 7.5 2.5 2 1 3 3 3
-3866.1 -4975.1 -54.6 316 0 16.3 9.7 7.5 2.5 2 0 3 3 3
-3632.9 -4137.7 -92.9 182 0 6.5 16.2 7.5 2.5 2 1 3 0 0
-3653.2 -4517.9 -101.0 262 0 17.9 9.6 5.0 2.5 2 0 2 0 0
-3695.4 -4591.6 -97.2 178 0 7.7 17.6 7.5 2.5 2 1 3 1 1
-3818.0 -3997.9 -91.6 260 0 14.4 9.7 7.5 2.5 2 0 3 4 4
-3836.0 -4296.0 -104.6 189 0 14.7 9.1 7.5 2.5 2 0 3 5 5
-3872.4 -4546.5 -90.1 349 0 14.1 9.5 5.0 2.5 2 0 2 2 2
-3907.6 -4488.0 -91.3 208 0 9.3 13.7 5.0 2.5 2 1 2 5 5
-4115.9 -4681.2 -70.7 102 0 9.5 18.8 7.5 2.5 2 1 3 1 1
-3904.2 -3603.8 -107.7 30 0 10.9 7.2 2.5 2.5 2 0 1 3 3
-3910.5 -3697.1 -111.8 4 0 10.6 10.9 5.0 0.0 0 1 2 3 3
-4109.3 -3735.9 -116.2 257 0 6.8 12.2 10.0 2.5 2 1 4 1 1
-4359.5 -4102.5 -111.1 87 0 10.6 7.7 7.5 2.5 2 0 3 2 2
-4215.3 -4138.0 -93.9 336 0 8.2 11.1 2.5 2.5 2 1 1 5 5
-4277.8 -4376.6 -79.0 114 0 8.8 8.7 5.0 2.5 2 0 2 3 3
-4352.6 -4441.9 -93.6 107 0 8.3 12.6 7.5 2.5 2 1 3 3 3
-4233.0 -4724.0 -77.9 180 0 11.1 14.2 7.5 2.5 2 1 3 0 0
-3845.8 -4668.0 -80.5 355 0 10.6 21.7 5.0 2.5 2 1 2 4 4
-4009.1 -4809.2 -73.5 161 0 6.9 20.2 10.0 0.0 0 1 4 5 5
-4106.0 -4915.5 -74.1 356 0 9.1 12.3 7.5 2.5 2 1 3 3 3
-4133.5 -4938.2 -72.7 358 0 6.8 8.6 5.0 2.5 4 1 2 5 5
-4133.6 -4964.2 -72.4 32 0 7.3 8.7 7.5 2.5 2 1 3 4 4
-4226.3 -5050.6 -68.9 354 0 9.6 10.6 2.5 2.5 2 1 1 5 5
-4353.0 -5313.4 -79.3 93 0 9.4 13.4 5.0 2.5 2 1 2 4 4
-4247.3 -5325.3 -48.0 106 0 9.6 9.9 5.0 2.5 2 1 2 4 4
-4390.7 -5462.4 -69.5 19 0 6.2 9.2 2.5 2.5 2 1 1 3 3
-4432.5 -5576.8 -63.8 91 0 9.5 10.6 5.0 2.5 2 1 2 3 3
-4466.8 -5645.9 -68.4 21 0 8.6 11.9 7.5 2.5 2 1 3 4 4
-4418.4 -5726.6 -52.9 285 0 17.4 9.5 2.5 2.5 2 0 1 1 1
-4487.0 -5692.0 -67.3 104 0 9.1 9.7 5.0 0.0 0 1 2 4 4
-4595.2 -5691.5 -62.1 103 0 10.4 9.6 7.5 2.5 2 0 3 0 0
-3383.7 -3726.8 -34.4 9 0 10.6 14.4 7.5 2.5 2 1 3 3 3
-3517.7 -3673.5 -59.1 77 0 11.6 8.5 2.5 2.5 2 0 1 2 2
-3614.2 -3372.0 -100.0 359 0 10.7 20.5 7.5 2.5 2 1 3 3 3
-3704.2 -3279.5 -116.9 262 0 6.8 14.3 7.5 2.5 2 1 3 4 4
-3743.8 -3348.5 -118.1 2 0 10.7 12.4 2.5 2.5 4 1 1 3 3
-3790.5 -3250.8 -122.8 199 0 8.9 15.8 2.5 2.5 2 1 1 4 4
-3812.2 -3329.9 -119.1 198 0 11.2 9.9 7.5 0.0 0 0 3 5 5
-3827.3 -3281.2 -114.6 1 0 16.6 10.2 5.0 2.5 2 0 2 2 2
5312.0 -4725.4 -145.6 132 0 17.2 10.5 5.0 2.5 2 0 2 2 2
5357.1 -4731.3 -143.7 67 0 8.5 10.0 5.0 2.5 2 1 2 2 2
5278.8 -4672.4 -146.2 180 0 11.9 8.8 2.5 2.5 2 0 1 0 0
-2316.1 -5666.6 -63.0 259 0 11.0 15.7 7.5 2.5 2 1 3 0 0
770.4 -5823.3 67.4 217 0 16.5 11.8 10.0 2.5 2 0 4 4 4
961.3 -5788.3 30.0 343 0 11.3 9.9 5.0 2.5 4 0 2 0 0
-2536.9 -5845.7 -65.2 228 0 10.5 10.9 7.5 2.5 2 1 3 1 1
-3586.1 -5891.6 -73.6 50 0 9.4 10.4 5.0 2.5 2 1 2 2 2
-3526.8 -5808.8 -70.1 91 0 9.5 10.4 7.5 2.5 2 1 3 2 2
-3253.8 -5802.4 -103.9 92 0 7.0 8.1 7.5 2.5 2 1 3 5 5
-2421.2 -6069.6 -93.2 89 0 9.1 7.7 10.0 2.5 2 0 4 4 4
-2629.8 -5839.6 -82.5 309 0 11.0 7.3 5.0 2.5 2 0 2 0 0
-2638.8 -5361.5 -105.9 231 0 22.6 9.3 2.5 2.5 2 0 1 5 5
-2313.2 -6050.8 -98.2 349 0 8.9 11.9 5.0 2.5 2 1 2 2 2
-3403.8 -6618.1 -103.0 4 0 8.0 25.2 7.5 2.5 4 1 3 3 3
