-1400.9 6215.4 -69.5 59 0 8.9 9.6 5.0 2.5 2 0 2 5 5
-1444.5 5617.2 -67.0 340 0 14.4 9.9 5.0 2.5 2 0 2 5 5
-1506.2 5757.7 -68.5 160 0 10.1 6.5 5.0 2.5 2 0 2 0 0
-1523.4 6111.8 -70.8 94 0 13.7 10.2 5.0 2.5 2 0 2 3 3
-1543.4 6143.8 -68.1 89 0 7.4 14.5 7.5 2.5 2 0 3 4 4
-1554.1 6155.2 -67.3 104 0 7.7 13.0 7.5 2.5 2 0 3 5 5
-1572.7 6179.8 -67.1 188 0 10.9 8.6 7.5 2.5 2 0 3 4 4
-1527.1 6190.7 -69.2 55 0 10.8 10.3 7.5 2.5 2 0 3 0 0
-1512.3 6201.3 -70.1 67 0 12.6 10.6 5.0 2.5 2 0 2 2 2
-1502.5 6240.1 -69.9 245 0 13.5 12.9 7.5 2.5 2 0 3 1 1
-1472.7 6249.7 -67.9 262 0 14.5 10.6 5.0 0.0 0 0 2 0 0
-1451.3 6220.2 -68.3 51 0 8.3 7.4 5.0 2.5 2 0 2 2 2
-1428.6 6241.4 -68.8 322 0 9.3 9.9 7.5 2.5 2 1 3 1 1
-1420.7 6252.5 -68.6 34 0 7.9 14.4 2.5 2.5 2 1 1 5 5
-1167.9 6424.2 -68.7 49 0 12.6 19.3 5.0 2.5 4 0 2 4 4
-1140.6 6460.1 -67.5 58 0 8.8 15.9 5.0 2.5 2 0 2 2 2
-1107.5 6365.9 -67.4 114 0 9.8 10.3 2.5 2.5 2 0 1 0 0
-1115.0 6402.6 -68.1 112 0 8.9 13.6 5.0 2.5 2 0 2 3 3
-1117.6 6496.9 -66.8 22 0 16.8 12.9 7.5 2.5 2 0 3 5 5
-1158.9 6495.2 -64.2 125 0 11.1 12.9 7.5 2.5 4 0 3 0 0
-1107.0 6519.1 -67.1 18 0 14.3 14.0 5.0 0.0 0 0 2 0 0
-1104.8 6541.7 -67.8 24 0 7.9 10.9 5.0 0.0 0 1 2 3 3
-1148.3 6526.3 -63.9 48 0 10.2 9.4 5.0 2.5 2 0 2 5 5
-1103.6 6557.7 -67.7 7 0 9.6 9.2 5.0 2.5 2 0 2 2 2
-1131.6 6532.1 -65.5 18 0 13.0 8.4 7.5 0.0 0 0 3 5 5
-1179.8 6514.0 -62.1 163 0 10.9 13.9 7.5 2.5 2 1 3 5 5
-1124.8 6571.0 -66.7 288 0 9.8 17.0 7.5 2.5 4 1 3 2 2
-1118.1 6580.1 -66.8 0 0 8.9 11.6 7.5 2.5 4 1 3 0 0
-1176.5 6633.7 -63.0 271 0 16.6 12.6 7.5 0.0 0 0 3 0 0
-1133.1 6595.3 -65.7 302 0 10.5 8.2 7.5 2.5 4 0 3 2 2
-1140.3 6642.3 -64.9 263 0 15.6 9.6 7.5 2.5 2 0 3 5 5
-1180.5 6655.2 -62.0 269 0 13.7 15.0 5.0 2.5 2 1 2 3 3
-1155.5 6638.5 -63.5 258 0 7.6 7.3 5.0 2.5 4 0 2 1 1
-1157.2 6665.6 -61.5 85 0 10.0 14.6 7.5 0.0 0 1 3 3 3
-1236.2 6602.0 -59.3 234 0 9.0 13.6 7.5 2.5 2 1 3 4 4
-1222.7 6669.6 -56.5 120 0 6.5 19.4 7.5 2.5 2 1 3 5 5
-1180.8 6668.7 -59.9 89 0 18.1 11.4 7.5 2.5 2 0 3 0 0
-1198.4 6707.7 -56.0 225 0 8.4 11.3 7.5 2.5 2 1 3 2 2
-1135.4 6719.2 -60.2 295 0 10.6 7.6 7.5 2.5 2 0 3 3 3
-1086.5 6801.1 -54.8 60 0 17.7 16.9 12.5 2.5 2 0 5 4 4
-953.7 6749.3 -63.3 229 0 8.4 9.5 5.0 2.5 2 1 2 4 4
-893.3 6741.0 -63.3 296 0 9.1 7.8 2.5 2.5 2 0 1 0 0
-746.8 6543.0 -62.3 58 0 11.1 11.8 7.5 2.5 2 1 3 1 1
-954.2 6872.0 -60.2 88 0 7.8 6.4 7.5 2.5 2 0 3 1 1
-935.9 6896.0 -64.9 290 0 6.0 8.3 7.5 2.5 2 1 3 4 4
-942.7 6899.0 -63.6 293 0 6.8 8.8 7.5 2.5 2 1 3 3 3
-999.8 6911.8 -51.2 216 0 8.5 8.9 7.5 2.5 2 1 3 4 4
-2811.7 6890.5 -69.4 18 0 7.8 14.2 7.5 2.5 2 1 3 5 5
-4623.2 3722.3 -55.6 53 0 14.8 11.0 7.5 2.5 2 0 3 0 0
-4600.0 3803.8 -46.2 295 0 8.9 23.8 5.0 0.0 0 1 2 0 0
-4588.0 3799.7 -48.4 296 0 8.3 25.9 7.5 2.5 2 1 3 1 1
-4615.4 3688.5 -62.1 241 0 17.1 8.3 10.0 2.5 2 0 4 4 4
-4540.6 3753.0 -60.6 241 0 17.6 8.3 5.0 2.5 2 0 2 2 2
-4545.0 3799.0 -53.7 354 0 11.5 23.9 10.0 2.5 4 1 4 2 2
-4573.5 3797.3 -49.6 309 0 6.7 12.1 10.0 2.5 2 1 4 3 3
-4557.9 3592.9 -63.9 349 0 10.5 11.5 5.0 2.5 2 1 2 3 3
-4469.3 3579.5 -55.7 64 0 7.1 12.8 2.5 2.5 4 1 1 5 5
-4447.6 3620.4 -53.2 202 0 11.5 6.8 5.0 0.0 0 0 2 1 1
-4440.4 3651.2 -54.2 208 0 6.5 16.7 10.0 2.5 2 1 4 0 0
-4382.4 3607.3 -45.2 175 0 9.5 15.2 2.5 2.5 2 1 1 2 2
-4351.9 3585.0 -40.8 154 0 10.9 11.0 5.0 2.5 2 1 2 5 5
-4338.3 3615.1 -41.9 120 0 7.2 9.2 2.5 2.5 2 1 1 2 2
-4372.7 3701.4 -50.6 232 0 15.4 8.3 7.5 2.5 2 0 3 2 2
-4331.8 3551.5 -36.2 104 0 7.0 12.3 10.0 2.5 2 1 4 5 5
-4295.1 3556.5 -31.3 70 0 10.8 10.7 10.0 0.0 0 0 4 2 2
-4242.1 3559.4 -21.0 66 0 9.9 7.3 5.0 0.0 0 0 2 1 1
-4315.7 3625.4 -40.0 180 0 9.4 13.1 7.5 2.5 2 1 3 4 4
-4324.6 3685.3 -45.1 273 0 8.2 13.2 7.5 2.5 2 1 3 2 2
-4324.2 3717.5 -47.8 325 0 8.5 13.5 5.0 2.5 2 1 2 0 0
-4319.1 3708.7 -46.3 314 0 7.4 8.5 7.5 2.5 2 1 3 5 5
-4316.0 3757.0 -52.0 345 0 6.8 9.3 2.5 2.5 2 1 1 2 2
-4392.3 3694.5 -51.8 230 0 7.6 9.3 7.5 2.5 2 1 3 3 3
-4324.6 3798.5 -57.8 235 0 9.7 11.9 7.5 2.5 2 1 3 0 0
-4209.4 3537.5 -14.1 41 0 9.3 11.2 2.5 2.5 2 1 1 4 4
-4209.1 3603.3 -21.4 315 0 6.8 14.9 5.0 2.5 2 1 2 2 2
-4215.5 3626.9 -25.1 342 0 8.9 7.9 7.5 2.5 2 0 3 1 1
-4226.3 3613.4 -24.1 310 0 6.2 8.9 7.5 2.5 2 1 3 1 1
-4211.9 3659.2 -29.3 11 0 10.1 14.3 2.5 2.5 2 1 1 2 2
-4231.1 3661.5 -31.5 23 0 6.3 12.4 5.0 0.0 0 1 2 3 3
-4230.1 3828.8 -55.4 283 0 11.1 7.3 7.5 2.5 2 0 3 5 5
-4528.9 3906.2 -41.9 138 0 10.0 15.2 5.0 0.0 0 1 2 1 1
-4546.2 3928.5 -36.8 218 0 9.5 7.3 2.5 2.5 4 0 1 0 0
-4476.1 3832.7 -56.7 57 0 14.8 12.5 5.0 2.5 2 0 2 5 5
-4484.1 3943.1 -43.0 345 0 12.2 8.6 7.5 2.5 2 0 3 3 3
-4440.1 3861.7 -57.6 47 0 13.3 15.8 10.0 2.5 2 1 4 4 4
-4431.1 3870.5 -57.8 48 0 10.9 7.9 5.0 2.5 2 0 2 5 5
-4407.3 3888.3 -59.7 64 0 13.7 9.5 7.5 2.5 4 0 3 4 4
-4374.7 3879.4 -63.9 241 0 13.6 10.4 10.0 2.5 2 0 4 5 5
-4404.3 3819.3 -67.0 154 0 8.5 8.8 7.5 0.0 0 1 3 5 5
-4371.3 3826.3 -67.5 335 0 11.7 11.2 7.5 2.5 2 0 3 1 1
-3903.7 2966.1 -56.8 144 0 10.2 8.4 7.5 2.5 2 0 3 3 3
-3881.7 2995.6 -54.5 227 0 15.0 11.4 7.5 2.5 2 0 3 1 1
-3829.0 3014.7 -52.8 48 0 18.0 14.7 10.0 2.5 2 0 4 4 4
-3774.3 2971.9 -46.0 236 0 11.8 16.6 7.5 2.5 2 1 3 1 1
-3814.8 3086.2 -49.2 230 0 7.9 8.9 5.0 2.5 2 1 2 3 3
-3798.2 3091.7 -48.6 144 0 9.6 14.3 10.0 2.5 2 1 4 2 2
-3795.4 3039.2 -50.4 2 0 9.2 19.6 5.0 2.5 2 1 2 4 4
-3760.7 3081.3 -48.0 61 0 12.9 9.4 5.0 0.0 0 0 2 2 2
-3736.7 2958.0 -47.4 138 0 10.3 14.5 5.0 2.5 2 1 2 3 3
-3719.3 3010.5 -46.6 183 0 13.6 15.4 12.5 0.0 0 1 5 4 4
-3707.4 3139.0 -50.1 227 0 12.6 17.3 7.5 2.5 2 1 3 1 1
-3670.9 3161.0 -49.2 289 0 6.7 14.3 10.0 2.5 2 1 4 1 1
-3788.2 3120.7 -48.5 228 0 12.3 11.9 7.5 2.5 2 0 3 5 5
-3793.8 3127.4 -48.6 228 0 12.5 7.6 7.5 2.5 2 0 3 1 1
-3747.8 3155.3 -47.2 228 0 11.7 12.1 7.5 2.5 2 1 3 4 4
-3594.8 3114.1 -58.1 97 0 17.2 20.1 12.5 2.5 2 1 5 4 4
-3572.3 3166.2 -59.8 331 0 8.6 9.4 7.5 2.5 2 1 3 5 5
-3563.6 3179.2 -60.8 328 0 10.1 10.7 7.5 2.5 2 1 3 1 1
-3449.9 3071.1 -65.3 148 0 13.0 14.8 2.5 2.5 2 1 1 1 1
-3417.8 3047.1 -65.2 77 0 7.5 10.1 10.0 2.5 4 1 4 2 2
-3409.3 3048.6 -65.1 82 0 8.6 12.1 2.5 2.5 2 1 1 5 5
-3365.1 3068.6 -64.4 335 0 11.3 7.3 5.0 2.5 2 0 2 5 5
-3333.4 3154.0 -67.3 58 0 7.2 14.5 7.5 2.5 2 1 3 4 4
-2706.8 3217.9 -78.2 28 0 8.4 7.4 5.0 2.5 2 0 2 1 1
-2681.6 3280.0 -76.4 114 0 7.9 9.7 10.0 2.5 2 1 4 3 3
-2610.8 3344.6 -74.8 62 0 13.9 9.6 7.5 2.5 2 0 3 1 1
-2625.6 3368.8 -73.9 221 0 9.2 11.5 7.5 0.0 0 1 3 5 5
-2586.7 3397.2 -70.6 310 0 12.5 8.1 7.5 2.5 2 0 3 4 4
-2583.7 3338.6 -73.7 95 0 6.9 9.9 7.5 2.5 4 1 3 1 1
-2554.7 3328.8 -75.1 25 0 9.0 12.5 5.0 2.5 4 1 2 2 2
-2527.9 3455.3 -73.2 163 0 8.3 11.8 2.5 2.5 2 1 1 0 0
-2456.6 3420.8 -75.4 332 0 9.6 16.6 7.5 0.0 0 1 3 4 4
-2207.2 3225.5 -69.2 8 0 10.5 13.1 5.0 2.5 4 1 2 4 4
-2199.8 3248.8 -68.9 11 0 8.9 10.5 5.0 2.5 2 1 2 5 5
-2294.4 3252.8 -70.5 94 0 11.6 9.5 2.5 2.5 2 0 1 0 0
-2279.8 3268.2 -69.9 80 0 9.7 10.2 7.5 2.5 2 1 3 1 1
-2263.2 3249.9 -70.2 128 0 8.2 13.0 7.5 2.5 2 1 3 2 2
-2255.3 3266.7 -69.7 129 0 9.7 10.6 7.5 2.5 4 1 3 1 1
-2264.2 3279.3 -69.5 132 0 11.6 7.9 2.5 2.5 4 0 1 5 5
-2300.0 3264.1 -70.2 88 0 10.8 7.9 10.0 2.5 2 0 4 0 0
-2303.7 3272.1 -70.1 89 0 9.7 7.3 5.0 2.5 2 0 2 2 2
-2310.0 3289.4 -69.9 187 0 13.6 13.7 5.0 0.0 0 1 2 3 3
-2310.9 3301.6 -69.3 184 0 9.8 8.7 7.5 2.5 4 0 3 3 3
-2311.5 3316.0 -68.8 207 0 8.0 10.3 7.5 2.5 2 1 3 2 2
-2288.6 3283.2 -69.2 82 0 9.1 8.5 10.0 0.0 0 0 4 3 3
-2278.5 3309.3 -68.6 277 0 8.9 11.5 7.5 2.5 2 1 3 5 5
-2270.3 3355.8 -69.5 290 0 7.4 9.1 10.0 0.0 0 1 4 5 5
-2348.0 3298.6 -73.0 184 0 8.3 13.2 5.0 2.5 2 1 2 5 5
-2357.4 3267.1 -75.0 216 0 9.6 7.7 5.0 2.5 2 0 2 2 2
-2312.3 3368.3 -70.8 241 0 6.0 6.2 5.0 2.5 2 1 2 1 1
-2260.8 3345.0 -69.2 297 0 8.6 8.5 7.5 2.5 4 0 3 1 1
-2230.8 3323.7 -68.2 301 0 9.3 11.1 7.5 2.5 2 1 3 0 0
-2219.3 3324.7 -68.3 272 0 12.5 11.9 10.0 2.5 4 0 4 1 1
-2231.7 3355.9 -71.7 109 0 10.2 8.5 5.0 2.5 2 0 2 1 1
-2240.3 3360.5 -72.4 111 0 7.3 13.4 5.0 2.5 2 1 2 0 0
-2205.4 3353.8 -72.8 113 0 9.8 9.6 7.5 2.5 2 0 3 4 4
-2187.4 3331.2 -69.6 286 0 9.0 6.7 5.0 2.5 2 0 2 4 4
-2159.2 3270.8 -70.2 92 0 9.6 18.8 10.0 2.5 2 1 4 2 2
-2100.1 3328.5 -68.9 106 0 10.3 9.8 7.5 2.5 4 0 3 4 4
-2067.8 3302.5 -68.4 287 0 12.3 17.8 7.5 2.5 2 1 3 4 4
-2048.9 3317.0 -68.3 92 0 14.8 16.6 2.5 2.5 4 1 1 4 4
-2036.1 3167.4 -70.6 246 0 8.6 6.5 7.5 0.0 0 0 3 1 1
-2033.2 3146.4 -71.7 205 0 14.7 11.9 5.0 0.0 0 0 2 4 4
-2036.4 3114.6 -71.3 180 0 9.4 16.2 7.5 2.5 2 1 3 1 1
-1998.4 3110.6 -71.5 75 0 7.9 12.0 2.5 2.5 2 1 1 1 1
-1997.3 3093.5 -71.5 91 0 9.0 6.8 7.5 2.5 2 0 3 5 5
-1880.6 3116.1 -69.1 169 0 10.8 22.1 2.5 2.5 2 1 1 0 0
-1874.8 3139.5 -68.4 173 0 11.1 15.9 2.5 2.5 2 1 1 2 2
-1829.2 3130.6 -68.3 44 0 11.9 8.6 7.5 0.0 0 0 3 0 0
-1853.7 3201.7 -66.8 237 0 13.6 20.7 7.5 2.5 2 1 3 5 5
-1809.0 3175.4 -66.8 78 0 9.0 10.3 5.0 2.5 2 1 2 3 3
-1758.6 3200.7 -69.7 13 0 19.0 12.1 7.5 2.5 2 0 3 1 1
-1847.6 3269.6 -66.4 248 0 10.0 28.4 12.5 2.5 2 1 5 4 4
-1698.5 3313.9 -68.6 258 0 16.3 18.4 10.0 2.5 2 1 4 4 4
-1722.5 3096.4 -68.5 159 0 8.5 10.7 2.5 2.5 2 1 1 3 3
-1700.1 3105.5 -68.9 330 0 11.3 11.8 5.0 2.5 2 1 2 5 5
-1602.2 3157.5 -71.8 61 0 11.8 10.8 7.5 2.5 2 0 3 5 5
-1582.5 3181.3 -71.1 321 0 11.6 10.4 5.0 0.0 0 0 2 2 2
-1610.3 3226.1 -68.8 118 0 8.1 7.0 7.5 2.5 2 0 3 1 1
-1483.9 3211.7 -69.8 151 0 14.4 11.3 2.5 2.5 2 0 1 3 3
-1470.7 3232.9 -68.9 225 0 7.1 12.9 7.5 2.5 2 1 3 3 3
-1451.8 3254.2 -69.8 295 0 9.9 19.4 2.5 2.5 2 1 1 3 3
-1433.0 3237.2 -69.5 331 0 9.6 8.0 5.0 2.5 2 0 2 1 1
-1270.4 3074.9 -67.2 338 0 10.5 7.9 7.5 2.5 2 0 3 1 1
-1352.9 3272.2 -70.3 182 0 13.5 7.4 7.5 2.5 2 0 3 1 1
-1345.0 3255.4 -70.1 137 0 10.2 10.4 7.5 2.5 2 1 3 1 1
-1308.5 3237.9 -67.2 191 0 6.8 19.7 2.5 2.5 2 1 1 0 0
-1250.1 3264.3 -59.0 348 0 10.6 8.1 5.0 2.5 2 0 2 3 3
-1261.1 3366.8 -61.6 152 0 11.9 25.6 12.5 2.5 2 1 5 0 0
-1182.3 3260.9 -58.9 178 0 8.1 12.0 7.5 2.5 2 1 3 2 2
-1126.4 3113.6 -64.6 202 0 11.8 7.9 2.5 2.5 2 0 1 3 3
-1111.7 3166.2 -66.1 198 0 15.9 10.0 7.5 2.5 2 0 3 1 1
-1133.5 3077.0 -61.8 193 0 10.4 6.8 7.5 2.5 2 0 3 5 5
-1102.9 3073.9 -60.6 62 0 14.4 10.7 7.5 2.5 4 0 3 5 5
-1085.0 3054.9 -55.3 89 0 9.5 14.2 7.5 2.5 2 1 3 1 1
-1081.0 3122.6 -61.4 17 0 12.7 11.1 10.0 2.5 2 0 4 1 1
-1055.9 3152.8 -59.4 352 0 15.7 7.1 5.0 2.5 4 0 2 0 0
-1037.5 3070.7 -48.0 16 0 14.5 10.6 2.5 2.5 2 0 1 1 1
-1073.4 3063.7 -52.6 94 0 8.3 9.8 2.5 2.5 2 1 1 3 3
-1013.1 3029.1 -47.8 336 0 9.0 35.4 15.0 0.0 0 1 6 4 4
-1092.4 3255.3 -62.2 72 0 10.6 6.2 7.5 2.5 2 0 3 3 3
-1047.4 3262.9 -60.8 347 0 10.0 8.2 7.5 2.5 2 0 3 5 5
-1043.8 3325.7 -51.8 57 0 13.9 8.9 7.5 2.5 4 0 3 2 2
-1089.3 3343.1 -47.7 42 0 14.2 7.1 5.0 2.5 2 0 2 3 3
-1082.6 3376.5 -44.9 62 0 9.7 12.8 7.5 2.5 2 1 3 1 1
-1146.3 3352.6 -45.4 161 0 6.0 8.5 5.0 2.5 2 1 2 3 3
-1155.0 3446.2 -56.6 245 0 24.1 14.9 12.5 2.5 2 0 5 3 3
-1117.7 3386.0 -44.3 256 0 8.5 6.3 5.0 2.5 2 0 2 0 0
-1096.2 3448.1 -51.4 167 0 11.7 22.5 5.0 2.5 2 1 2 4 4
-1193.0 3429.6 -57.1 246 0 9.2 11.7 7.5 0.0 0 1 3 5 5
-1025.5 3336.5 -51.1 64 0 13.6 8.2 10.0 2.5 2 0 4 3 3
-1034.3 3378.9 -44.7 61 0 12.4 7.9 10.0 2.5 2 0 4 5 5
-1034.2 3415.8 -43.5 345 0 6.1 8.3 7.5 2.5 2 1 3 2 2
-1131.1 3416.2 -47.5 265 0 6.8 6.3 10.0 2.5 2 0 4 3 3
-1152.9 3513.9 -66.9 131 0 9.6 17.3 10.0 2.5 2 1 4 4 4
-1092.5 3482.0 -56.6 255 0 12.8 9.9 5.0 2.5 2 0 2 5 5
-1093.9 3523.7 -63.3 260 0 12.0 13.0 7.5 2.5 2 1 3 4 4
-979.9 3490.9 -54.6 342 0 10.7 18.7 5.0 2.5 2 1 2 4 4
-986.5 3527.1 -59.5 251 0 14.2 7.9 5.0 2.5 2 0 2 4 4
-995.2 3436.2 -45.8 343 0 8.7 11.8 7.5 2.5 2 1 3 4 4
-999.9 3392.2 -43.6 75 0 13.1 9.1 2.5 2.5 2 0 1 5 5
-983.1 3369.4 -45.7 72 0 12.1 8.4 7.5 2.5 4 0 3 5 5
-950.9 3428.8 -40.0 336 0 8.7 12.8 7.5 2.5 2 1 3 0 0
-939.6 3372.8 -43.7 67 0 10.9 9.0 7.5 2.5 2 0 3 4 4
-952.9 3520.8 -56.0 74 0 6.9 8.7 5.0 2.5 2 1 2 0 0
-921.9 3576.5 -59.1 248 0 16.6 9.7 7.5 2.5 2 0 3 3 3
-865.0 3472.0 -36.4 72 0 14.7 9.0 7.5 2.5 2 0 3 3 3
-794.6 3418.6 -34.3 328 0 9.7 9.6 7.5 2.5 2 0 3 0 0
-785.7 3393.9 -31.6 65 0 6.4 9.8 5.0 2.5 2 1 2 1 1
-375.0 3328.7 -30.4 212 0 6.8 10.7 10.0 0.0 0 1 4 4 4
-366.3 3360.9 -34.0 250 0 9.8 6.0 7.5 2.5 2 0 3 4 4
-337.7 3337.6 -33.0 350 0 8.7 9.5 10.0 2.5 2 1 4 3 3
-291.7 3371.9 -41.0 157 0 6.7 7.9 2.5 2.5 2 1 1 5 5
-277.2 3356.8 -42.1 71 0 9.3 6.2 5.0 2.5 2 0 2 0 0
-221.6 3345.6 -47.0 327 0 9.1 11.7 7.5 2.5 2 1 3 4 4
-160.8 3310.1 -52.1 355 0 9.0 12.5 5.0 2.5 2 1 2 3 3
-183.2 3294.0 -49.1 81 0 7.5 9.7 7.5 2.5 2 1 3 4 4
-158.5 3376.4 -51.6 178 0 8.8 6.2 5.0 0.0 0 0 2 5 5
-156.3 3478.0 -58.9 355 0 8.7 11.7 5.0 2.5 2 1 2 0 0
-170.5 3417.2 -51.5 164 0 7.7 7.9 7.5 2.5 2 1 3 1 1
-168.6 3529.5 -63.5 344 0 7.7 7.9 7.5 2.5 2 1 3 2 2
-111.9 3009.9 -14.8 220 0 43.3 11.3 7.5 2.5 2 0 3 3 3
-99.9 2979.5 -14.9 130 0 7.2 35.0 10.0 2.5 4 1 4 3 3
-73.0 2976.5 -16.3 131 0 7.9 33.4 12.5 2.5 2 1 5 2 2
-62.0 3076.5 -22.4 159 0 22.5 11.8 15.0 0.0 0 0 6 2 2
13.8 3033.0 -23.3 71 0 25.0 8.8 5.0 2.5 2 0 2 3 3
-32.8 3094.9 -25.0 252 0 9.8 23.7 10.0 2.5 2 1 4 1 1
14.8 3106.1 -28.8 339 0 22.9 10.1 2.5 2.5 2 0 1 3 3
32.8 3038.5 -23.6 73 0 10.6 11.7 5.0 2.5 2 1 2 2 2
53.4 3044.6 -23.9 72 0 28.8 15.4 10.0 2.5 2 0 4 4 4
90.9 3113.3 -25.4 339 0 13.7 13.0 7.5 2.5 4 0 3 0 0
90.9 3078.6 -23.5 343 0 7.7 9.5 5.0 2.5 2 1 2 5 5
86.1 2953.8 -18.6 355 0 9.5 21.0 2.5 2.5 2 1 1 4 4
237.2 2947.0 -2.5 155 0 7.2 13.9 7.5 2.5 2 1 3 1 1
202.0 3103.2 -23.2 257 0 7.2 8.6 7.5 2.5 2 1 3 3 3
228.2 3067.6 -19.2 341 0 12.5 43.4 12.5 2.5 2 1 5 5 5
174.3 3078.6 -21.0 242 0 10.0 8.0 2.5 0.0 0 0 1 3 3
228.2 3026.3 -15.3 67 0 24.5 12.6 12.5 2.5 2 0 5 0 0
253.1 3156.3 -27.3 76 0 15.6 7.6 10.0 2.5 2 0 4 5 5
292.7 3010.1 -13.7 68 0 32.6 16.0 10.0 2.5 2 0 4 4 4
308.3 3048.8 -17.6 243 0 24.9 13.1 10.0 2.5 2 0 4 0 0
276.6 3165.7 -26.2 116 0 9.4 10.3 7.5 2.5 4 1 3 1 1
323.0 3202.8 -24.8 17 0 13.6 37.0 12.5 2.5 2 1 5 4 4
334.3 3489.8 -45.1 251 0 14.5 10.2 2.5 2.5 2 0 1 5 5
353.2 3630.1 -53.0 333 0 11.4 16.3 7.5 2.5 4 1 3 4 4
322.8 3634.1 -52.5 209 0 9.5 7.4 7.5 2.5 2 0 3 1 1
325.2 3684.3 -60.2 174 0 7.8 13.6 7.5 2.5 4 1 3 3 3
365.2 3720.6 -62.7 8 0 11.5 11.7 5.0 2.5 2 1 2 3 3
242.9 4032.3 -60.6 155 0 6.6 13.2 2.5 2.5 2 1 1 2 2
112.0 3934.2 -59.7 200 0 11.0 13.6 5.0 2.5 2 1 2 3 3
83.7 3939.9 -60.0 24 0 11.6 18.6 2.5 0.0 0 1 1 0 0
94.7 3977.7 -60.7 3 0 13.5 7.5 5.0 2.5 2 0 2 1 1
152.2 4057.6 -60.7 165 0 10.1 17.5 10.0 2.5 2 1 4 3 3
144.6 4101.5 -61.6 178 0 8.4 11.7 7.5 2.5 2 1 3 4 4
270.0 4395.1 -68.0 25 0 7.2 12.4 5.0 2.5 2 1 2 5 5
242.7 4396.4 -67.0 109 0 12.5 11.7 7.5 2.5 2 0 3 1 1
230.4 4409.0 -65.4 98 0 15.1 20.3 12.5 2.5 2 1 5 3 3
251.4 4421.7 -65.4 17 0 12.6 9.9 7.5 2.5 2 0 3 0 0
268.8 4486.1 -58.1 5 0 10.3 16.0 7.5 2.5 2 1 3 2 2
214.4 4474.7 -58.5 184 0 14.6 14.2 2.5 2.5 2 0 1 2 2
208.7 4492.0 -56.8 277 0 10.3 18.8 5.0 2.5 2 1 2 5 5
253.4 4612.0 -45.0 262 0 11.8 25.9 10.0 2.5 2 1 4 5 5
336.6 4519.9 -57.1 262 0 19.0 12.4 5.0 2.5 4 0 2 5 5
382.3 4435.0 -66.0 81 0 11.1 24.1 12.5 2.5 2 1 5 1 1
349.8 4777.7 -44.2 253 0 9.3 29.6 7.5 2.5 2 1 3 5 5
234.6 5424.1 -70.9 86 0 16.4 10.7 2.5 2.5 2 0 1 5 5
241.9 5452.6 -71.3 262 0 10.3 11.9 5.0 2.5 2 1 2 0 0
246.5 5673.1 -72.7 273 0 19.9 11.3 7.5 2.5 2 0 3 0 0
239.8 5700.7 -70.8 76 0 6.7 6.4 7.5 2.5 2 0 3 0 0
268.7 5847.4 -68.5 226 0 14.1 17.9 10.0 2.5 2 1 4 5 5
272.6 5891.4 -73.4 140 0 9.3 12.0 7.5 2.5 2 1 3 3 3
316.9 5877.0 -70.2 354 0 17.4 15.7 15.0 0.0 0 0 6 5 5
292.6 6024.7 -74.0 165 0 12.1 11.7 2.5 2.5 2 0 1 2 2
318.8 6074.9 -73.2 346 0 8.7 13.3 2.5 2.5 2 1 1 0 0
255.7 6257.8 -41.4 77 0 13.7 11.7 10.0 2.5 2 0 4 4 4
296.8 6352.5 -22.0 71 0 12.2 10.4 5.0 2.5 2 0 2 5 5
409.7 6268.1 -59.6 85 0 9.3 13.1 2.5 2.5 2 1 1 3 3
219.6 6913.6 73.0 231 0 11.2 8.6 7.5 2.5 2 0 3 5 5
135.4 6855.8 51.3 240 0 6.7 7.9 5.0 2.5 2 1 2 4 4
-3495.4 6779.2 -51.5 5 0 18.4 22.0 12.5 2.5 2 1 5 4 4
-3507.9 6704.9 -55.2 16 0 15.1 11.0 5.0 2.5 2 0 2 1 1
-3521.8 6671.0 -52.5 20 0 9.9 8.0 2.5 2.5 2 0 1 3 3
-3526.2 6632.3 -55.1 211 0 7.4 9.2 5.0 2.5 2 1 2 4 4
-3537.3 6610.2 -54.3 208 0 10.4 6.5 7.5 2.5 2 0 3 3 3
-3541.5 6626.0 -51.9 28 0 15.0 17.7 10.0 2.5 2 1 4 0 0
-3537.8 6640.7 -51.5 33 0 9.3 14.8 7.5 2.5 2 1 3 1 1
-3503.3 6649.7 -56.7 183 0 9.8 11.1 5.0 0.0 0 1 2 2 2
-3572.8 6596.3 -50.7 66 0 10.7 9.6 2.5 2.5 2 0 1 4 4
-3554.4 6602.4 -51.8 48 0 8.1 9.4 10.0 2.5 2 1 4 5 5
-3602.2 6689.8 -30.6 318 0 9.2 14.7 5.0 2.5 2 1 2 1 1
-3585.9 6533.2 -61.1 76 0 16.2 13.9 7.5 2.5 2 0 3 1 1
-3662.6 6587.4 -46.6 72 0 12.5 11.2 5.0 2.5 2 0 2 1 1
-3549.7 6541.8 -62.6 338 0 17.2 12.4 2.5 2.5 2 0 1 1 1
-3555.9 6564.8 -57.9 340 0 8.0 6.7 10.0 2.5 2 0 4 5 5
-3561.7 6527.6 -62.5 68 0 6.7 6.6 7.5 2.5 4 0 3 0 0
-3682.2 6560.6 -52.3 81 0 10.2 13.5 7.5 2.5 2 1 3 3 3
-3732.4 6511.8 -61.7 211 0 11.8 15.5 7.5 2.5 2 1 3 2 2
-3742.9 6520.7 -57.0 28 0 13.7 10.0 10.0 0.0 0 0 4 2 2
-3689.3 6655.8 -29.3 45 0 9.9 8.9 5.0 2.5 2 0 2 5 5
-3713.5 6665.5 -27.9 118 0 10.9 7.5 7.5 2.5 2 0 3 3 3
-3621.3 6700.7 -26.0 311 0 6.1 8.4 10.0 2.5 2 1 4 2 2
-3788.7 6504.3 -57.4 37 0 13.7 15.7 2.5 2.5 2 1 1 5 5
-3829.3 6552.1 -47.3 271 0 6.8 26.4 12.5 0.0 0 1 5 1 1
-3873.3 6483.9 -63.0 263 0 11.8 17.3 7.5 2.5 2 1 3 0 0
-3918.7 6465.8 -64.1 266 0 14.8 8.5 7.5 2.5 2 0 3 1 1
-3900.4 6349.6 -74.4 107 0 9.8 17.1 7.5 2.5 2 1 3 1 1
-3854.1 6439.9 -69.8 232 0 8.5 6.2 7.5 2.5 2 0 3 0 0
-3830.8 6470.6 -63.9 65 0 21.5 10.0 2.5 2.5 2 0 1 4 4
-3895.6 6463.6 -66.8 264 0 15.2 13.0 5.0 2.5 2 0 2 2 2
-4037.9 6467.1 -64.3 272 0 18.1 13.0 5.0 0.0 0 0 2 0 0
-4066.1 6505.2 -59.0 154 0 11.5 10.1 2.5 2.5 2 0 1 3 3
-4074.6 6535.5 -57.2 146 0 13.0 11.2 7.5 2.5 2 0 3 3 3
-4075.7 6498.7 -61.3 351 0 9.5 11.5 5.0 2.5 4 1 2 3 3
-4080.8 6510.6 -60.4 342 0 9.2 13.6 10.0 0.0 0 1 4 4 4
-4090.3 6571.2 -60.5 187 0 11.6 9.2 5.0 2.5 2 0 2 0 0
-4046.5 6592.8 -55.4 42 0 8.6 6.3 10.0 2.5 2 0 4 4 4
-4058.1 6675.2 -64.9 26 0 8.0 9.0 7.5 2.5 2 1 3 3 3
-4040.2 6684.9 -62.1 146 0 11.0 24.7 10.0 2.5 2 1 4 1 1
-4028.5 6714.7 -62.3 169 0 13.1 21.8 10.0 2.5 2 1 4 1 1
-4008.9 6771.8 -58.0 337 0 9.5 13.3 7.5 2.5 2 1 3 4 4
-4091.3 6884.5 -53.4 259 0 11.8 6.5 7.5 2.5 2 0 3 5 5
-4084.0 6797.8 -59.8 158 0 12.8 15.9 10.0 2.5 2 1 4 3 3
-4100.1 6763.3 -63.5 352 0 20.5 10.6 7.5 2.5 2 0 3 3 3
-4116.4 6820.6 -61.1 337 0 7.8 20.5 2.5 2.5 2 1 1 3 3
-4132.7 6859.0 -58.2 346 0 9.1 13.7 5.0 2.5 2 1 2 3 3
-4115.7 6829.7 -59.5 339 0 8.7 8.4 7.5 2.5 4 0 3 0 0
-4139.1 6807.8 -61.0 70 0 10.8 7.3 5.0 2.5 2 0 2 4 4
-4146.1 6873.5 -56.7 337 0 9.6 14.0 2.5 2.5 2 1 1 4 4
-3937.6 6793.1 -46.9 95 0 16.8 10.9 7.5 2.5 2 0 3 0 0
-3470.0 6857.2 -49.0 103 0 12.0 14.3 5.0 2.5 4 1 2 1 1
-3460.2 6910.2 -47.3 263 0 11.6 15.5 10.0 2.5 2 1 4 4 4
-3628.6 6554.7 -58.1 181 0 15.4 16.6 12.5 0.0 0 1 5 2 2
-3732.2 6545.6 -51.8 63 0 12.6 15.2 7.5 2.5 2 1 3 4 4
-3791.1 6681.5 -23.0 215 0 9.8 6.7 7.5 0.0 0 0 3 5 5
-3677.1 6687.9 -23.0 268 0 10.3 8.9 2.5 2.5 4 0 1 4 4
-3469.9 6395.0 -72.2 262 0 22.9 17.2 12.5 2.5 2 0 5 1 1
-3377.5 6473.2 -71.2 261 0 16.2 11.1 5.0 2.5 4 0 2 0 0
-3361.6 6481.2 -72.4 248 0 9.2 8.9 2.5 2.5 2 0 1 1 1
-3342.1 6465.4 -73.2 1 0 11.1 8.8 10.0 2.5 2 0 4 1 1
-3342.8 6393.8 -76.0 98 0 12.2 9.7 5.0 2.5 2 0 2 0 0
-3324.4 6390.7 -76.3 66 0 12.9 17.3 7.5 2.5 2 1 3 5 5
-3361.1 6395.0 -74.9 80 0 13.0 10.0 7.5 2.5 2 0 3 2 2
-3098.3 6650.2 -68.4 91 0 14.6 10.8 5.0 2.5 2 0 2 0 0
-3167.9 6703.1 -70.5 109 0 16.9 20.0 12.5 2.5 4 1 5 1 1
-3198.8 6740.5 -71.7 193 0 14.6 13.8 7.5 2.5 2 0 3 0 0
-3076.1 6729.6 -62.4 165 0 7.9 16.2 5.0 2.5 2 1 2 5 5
-3030.7 6765.0 -60.9 207 0 14.6 16.0 5.0 2.5 2 1 2 4 4
-2999.3 6681.5 -63.2 90 0 13.8 11.1 7.5 2.5 2 0 3 4 4
-2903.3 6614.1 -68.5 349 0 8.6 23.3 7.5 0.0 0 1 3 2 2
-2925.8 6656.7 -64.9 356 0 14.3 7.1 2.5 2.5 4 0 1 2 2
-2893.1 6612.2 -69.0 177 0 13.1 6.9 2.5 2.5 4 0 1 0 0
-2901.7 6648.9 -66.1 171 0 13.2 13.6 7.5 2.5 2 1 3 0 0
-2911.9 6682.7 -63.4 170 0 11.4 10.0 5.0 2.5 2 0 2 0 0
-2912.4 6693.6 -62.9 168 0 10.2 10.1 7.5 2.5 2 0 3 3 3
-2903.1 6736.7 -61.4 292 0 8.5 7.9 7.5 2.5 2 0 3 1 1
-2926.3 6749.2 -61.4 358 0 13.6 9.6 7.5 2.5 2 0 3 1 1
-2958.9 6746.8 -61.4 89 0 14.1 9.5 10.0 2.5 4 0 4 5 5
-2914.8 6768.0 -60.5 2 0 10.9 14.7 10.0 2.5 2 1 4 2 2
-2899.5 6743.7 -60.7 115 0 10.3 8.4 7.5 2.5 4 0 3 4 4
-2869.3 6756.5 -61.8 103 0 13.8 11.9 5.0 2.5 4 0 2 5 5
-2901.7 6787.4 -61.2 187 0 11.7 13.9 7.5 2.5 2 1 3 5 5
-2899.6 6822.1 -63.6 193 0 9.4 22.6 12.5 2.5 2 1 5 5 5
-2935.6 6832.0 -61.0 270 0 10.5 13.2 7.5 2.5 2 1 3 4 4
-2966.6 6819.8 -59.7 266 0 13.2 13.3 7.5 2.5 2 1 3 4 4
-2888.8 6869.8 -66.3 222 0 14.0 24.9 10.0 2.5 2 1 4 4 4
-2910.1 6862.5 -65.9 58 0 17.8 12.7 5.0 2.5 4 0 2 1 1
-3021.9 6835.7 -62.8 265 0 13.7 15.2 5.0 2.5 2 1 2 3 3
-3039.9 6828.9 -62.8 261 0 12.5 16.2 5.0 2.5 2 1 2 5 5
-3063.7 6827.3 -63.7 263 0 11.1 21.9 5.0 2.5 2 1 2 4 4
-3007.5 6857.5 -64.8 59 0 8.4 8.1 5.0 2.5 2 0 2 2 2
-2961.7 6853.6 -63.9 86 0 9.9 16.5 5.0 2.5 4 1 2 0 0
-2952.8 6908.7 -66.9 261 0 15.4 18.0 10.0 0.0 0 1 4 0 0
-2910.4 6890.4 -67.5 91 0 13.1 14.0 7.5 2.5 2 1 3 2 2
-3072.4 6772.3 -63.2 86 0 19.1 13.7 12.5 2.5 2 0 5 2 2
-3149.1 6785.4 -66.7 77 0 15.9 11.3 10.0 2.5 4 0 4 2 2
-3222.9 6856.1 -64.0 87 0 11.6 10.5 5.0 2.5 2 0 2 3 3
-3246.2 6843.3 -66.9 317 0 11.4 11.4 7.5 2.5 4 0 3 0 0
-3255.5 6910.0 -55.9 321 0 10.4 18.3 5.0 0.0 0 1 2 3 3
-3297.5 6892.5 -57.6 264 0 16.3 11.2 5.0 2.5 2 0 2 4 4
-3312.8 6849.4 -65.0 263 0 19.1 18.8 10.0 2.5 2 0 4 0 0
-3391.1 6910.4 -53.6 17 0 13.8 17.7 7.5 2.5 2 1 3 2 2
-3360.5 6887.4 -56.6 186 0 11.7 14.6 5.0 2.5 2 1 2 3 3
-3429.1 6886.4 -55.5 178 0 8.6 15.8 5.0 2.5 2 1 2 1 1
-3424.4 6867.1 -57.8 185 0 13.4 10.5 5.0 2.5 4 0 2 0 0
-3427.4 6836.4 -60.7 227 0 15.3 11.2 7.5 2.5 2 0 3 5 5
-3452.1 6805.7 -57.1 222 0 11.6 8.3 7.5 2.5 2 0 3 2 2
-3360.3 6859.4 -60.2 290 0 9.7 9.8 7.5 2.5 2 1 3 2 2
-3347.7 6852.6 -61.5 286 0 9.8 8.1 5.0 2.5 2 0 2 4 4
-3471.5 6767.8 -57.3 204 0 15.7 12.7 7.5 2.5 4 0 3 3 3
-3463.8 6786.4 -55.2 200 0 11.4 6.5 10.0 0.0 0 0 4 4 4
-2857.4 6873.5 -67.0 254 0 9.7 14.0 5.0 2.5 2 1 2 1 1
-2735.8 6845.7 -72.3 246 0 7.6 9.6 5.0 2.5 4 1 2 5 5
-2725.5 6851.1 -72.5 248 0 8.5 13.9 5.0 0.0 0 1 2 1 1
4834.1 4694.3 -49.1 68 0 14.8 22.5 10.0 2.5 2 1 4 4 4
4815.8 4696.9 -46.2 70 0 12.0 13.8 7.5 2.5 2 1 3 0 0
4885.7 4711.3 -57.4 224 0 14.0 9.1 7.5 2.5 2 0 3 0 0
4783.1 4662.4 -49.3 69 0 13.9 12.1 2.5 2.5 2 0 1 4 4
4807.3 4669.4 -47.5 65 0 7.9 12.6 7.5 2.5 2 1 3 5 5
4803.8 4645.3 -54.9 247 0 8.3 17.6 5.0 2.5 2 1 2 5 5
4840.7 4743.0 -46.4 45 0 12.1 8.9 7.5 2.5 2 0 3 4 4
4852.0 4753.5 -47.5 44 0 11.5 10.2 7.5 2.5 2 0 3 0 0
4635.7 4562.2 -55.3 55 0 15.2 20.7 12.5 2.5 2 1 5 3 3
4586.5 4544.7 -54.9 64 0 29.9 9.7 12.5 2.5 2 0 5 5 5
4575.0 4579.6 -51.2 335 0 9.3 31.9 12.5 2.5 2 1 5 5 5
4592.7 4603.2 -50.3 327 0 9.2 27.1 5.0 2.5 2 1 2 4 4
4537.5 4641.8 -46.1 244 0 10.7 29.4 12.5 2.5 2 1 5 5 5
4542.6 4656.7 -46.4 244 0 7.3 32.7 10.0 2.5 2 1 4 2 2
4530.9 4564.6 -50.1 247 0 24.1 9.0 5.0 2.5 2 0 2 3 3
4476.7 4542.6 -52.8 239 0 9.1 28.5 10.0 2.5 2 1 4 4 4
4487.2 4553.6 -50.1 242 0 16.2 9.9 5.0 2.5 2 0 2 2 2
4790.9 4723.7 -40.5 70 0 10.4 8.2 5.0 2.5 2 0 2 2 2
4757.0 4706.9 -42.6 150 0 7.4 9.6 7.5 2.5 2 1 3 4 4
4703.1 4703.5 -45.0 246 0 12.4 16.2 2.5 2.5 2 1 1 4 4
4720.7 4710.9 -43.0 252 0 8.9 10.3 5.0 2.5 2 1 2 4 4
4730.2 4732.9 -42.2 158 0 11.2 10.7 7.5 0.0 0 0 3 2 2
4760.3 4749.3 -40.3 238 0 9.2 10.8 7.5 2.5 2 1 3 1 1
4747.2 4786.7 -41.0 227 0 9.2 15.4 10.0 2.5 2 1 4 4 4
4571.1 4711.1 -41.7 278 0 12.1 8.9 7.5 2.5 2 0 3 4 4
4546.4 4722.6 -42.8 317 0 11.2 11.4 7.5 2.5 2 1 3 3 3
4544.1 4733.5 -43.5 350 0 8.9 13.9 2.5 2.5 2 1 1 4 4
4549.4 4753.3 -44.5 50 0 13.2 9.4 7.5 2.5 2 0 3 5 5
4566.4 4764.0 -44.7 37 0 12.2 10.6 7.5 2.5 2 0 3 5 5
4585.2 4706.3 -41.1 272 0 11.7 9.1 7.5 2.5 2 0 3 3 3
4639.3 4662.2 -47.2 325 0 11.3 9.3 5.0 2.5 4 0 2 3 3
4630.2 4674.0 -45.7 318 0 9.9 14.0 7.5 2.5 2 1 3 1 1
4616.4 4688.4 -42.6 336 0 8.9 13.5 7.5 2.5 4 1 3 4 4
4598.1 4695.1 -42.0 285 0 15.6 11.3 7.5 2.5 2 0 3 1 1
4683.9 4882.3 -56.4 55 0 11.9 19.6 5.0 2.5 2 1 2 5 5
4664.9 4860.7 -54.9 125 0 8.3 14.1 7.5 2.5 2 1 3 2 2
4648.5 4862.7 -55.1 115 0 14.5 11.6 7.5 0.0 0 0 3 1 1
4654.7 4887.4 -55.4 199 0 11.5 10.4 5.0 2.5 2 0 2 0 0
4602.3 4709.2 -41.2 133 0 12.2 18.3 5.0 2.5 4 1 2 0 0
4605.9 4751.1 -42.7 329 0 14.0 10.0 7.5 2.5 2 0 3 0 0
4623.8 4699.0 -41.8 179 0 13.0 13.4 5.0 2.5 2 1 2 3 3
4666.4 4707.7 -42.9 41 0 10.3 12.1 5.0 2.5 4 1 2 5 5
4643.5 4682.4 -43.9 54 0 9.6 9.6 7.5 2.5 2 1 3 0 0
4655.6 4694.9 -42.9 39 0 13.8 14.7 5.0 2.5 2 1 2 5 5
4681.6 4597.9 -55.9 55 0 13.2 19.1 12.5 0.0 0 1 5 1 1
4717.0 4623.0 -55.2 62 0 16.7 16.4 12.5 2.5 2 0 5 4 4
4667.7 4680.2 -46.5 230 0 9.2 11.5 2.5 2.5 2 1 1 3 3
4654.3 4765.8 -44.8 349 0 7.6 9.0 7.5 2.5 2 1 3 3 3
4653.9 4778.9 -45.8 353 0 9.1 10.6 7.5 2.5 2 1 3 0 0
4650.1 4797.3 -47.4 252 0 12.4 10.1 7.5 2.5 2 0 3 2 2
4619.0 4770.0 -44.2 163 0 9.6 12.7 5.0 0.0 0 1 2 2 2
4631.8 4791.8 -45.7 253 0 8.1 8.8 5.0 2.5 2 1 2 4 4
4621.5 4761.2 -43.8 178 0 8.9 15.1 7.5 2.5 2 1 3 5 5
4665.1 4821.2 -50.8 4 0 10.2 11.6 2.5 2.5 2 1 1 1 1
4645.8 4853.6 -53.5 268 0 9.9 12.8 5.0 0.0 0 1 2 0 0
4631.4 4844.7 -52.2 262 0 9.7 13.5 7.5 2.5 2 1 3 5 5
4632.9 4804.8 -48.2 61 0 10.3 11.3 5.0 2.5 2 1 2 1 1
4619.2 4799.1 -46.3 20 0 12.3 8.5 7.5 0.0 0 0 3 5 5
4585.0 4775.1 -44.1 211 0 12.8 9.3 5.0 2.5 2 0 2 2 2
4599.1 4806.9 -46.5 223 0 9.0 6.9 5.0 2.5 2 0 2 2 2
4665.0 4837.2 -52.5 5 0 8.9 10.0 2.5 2.5 4 1 1 0 0
4772.8 4824.5 -45.4 64 0 16.1 9.0 10.0 2.5 2 0 4 2 2
4787.5 4847.9 -49.9 72 0 14.3 9.6 7.5 2.5 2 0 3 2 2
4759.4 4825.2 -45.0 1 0 7.7 12.1 7.5 2.5 2 1 3 4 4
4755.6 4842.4 -50.3 44 0 12.1 11.6 7.5 2.5 2 0 3 4 4
4740.8 4794.0 -44.1 45 0 11.4 8.1 7.5 2.5 2 0 3 2 2
4736.6 4816.7 -47.7 358 0 9.0 13.7 7.5 2.5 2 1 3 0 0
4728.9 4824.7 -49.2 67 0 10.3 10.8 10.0 2.5 2 1 4 0 0
4722.2 4851.0 -51.2 250 0 10.8 11.7 2.5 2.5 2 1 1 5 5
4703.5 4859.0 -54.8 174 0 13.2 11.4 5.0 2.5 2 0 2 2 2
4689.0 4843.7 -53.7 205 0 14.3 9.7 5.0 2.5 2 0 2 2 2
4683.8 4809.7 -50.0 219 0 9.4 12.3 2.5 2.5 2 1 1 3 3
4686.5 4771.6 -46.6 174 0 11.6 16.5 7.5 2.5 4 1 3 5 5
4685.4 4782.4 -47.6 174 0 10.1 16.4 2.5 2.5 2 1 1 4 4
4699.8 4806.5 -49.9 163 0 9.8 14.2 7.5 2.5 2 1 3 4 4
4702.4 4823.7 -51.4 175 0 11.3 9.9 2.5 2.5 2 0 1 0 0
4709.7 4753.9 -44.8 14 0 11.9 10.8 5.0 0.0 0 0 2 1 1
4682.4 4750.7 -45.3 176 0 14.0 12.2 10.0 2.5 2 0 4 1 1
4715.4 4886.5 -57.0 159 0 10.4 12.6 5.0 2.5 2 1 2 2 2
4720.6 4770.8 -45.1 26 0 9.6 11.9 10.0 2.5 2 1 4 2 2
4675.7 4823.2 -51.4 188 0 12.1 8.4 7.5 2.5 2 0 3 5 5
4706.6 4967.1 -58.8 255 0 17.8 10.8 7.5 2.5 2 0 3 3 3
4721.8 4927.8 -56.9 176 0 13.4 16.7 10.0 2.5 2 1 4 3 3
4757.0 4938.9 -55.6 340 0 10.6 13.7 10.0 2.5 2 1 4 0 0
4874.9 4733.3 -52.7 48 0 15.6 12.8 5.0 2.5 2 0 2 5 5
4894.8 4746.6 -54.5 57 0 7.6 16.2 7.5 0.0 0 1 3 1 1
4826.3 4736.1 -44.7 63 0 9.7 7.9 10.0 2.5 2 0 4 3 3
4809.1 4722.5 -43.3 72 0 11.5 15.8 10.0 2.5 4 1 4 1 1
4782.5 4749.4 -38.9 176 0 7.7 10.1 5.0 2.5 2 1 2 5 5
4808.0 4770.0 -41.4 227 0 9.2 13.2 2.5 2.5 2 1 1 3 3
4804.4 4794.7 -38.6 238 0 12.0 9.8 7.5 2.5 2 0 3 4 4
4780.7 4776.7 -37.3 238 0 9.2 6.9 5.0 2.5 2 0 2 2 2
4818.9 4836.3 -43.7 229 0 12.5 11.0 7.5 2.5 2 0 3 3 3
4834.0 4801.6 -42.4 288 0 11.7 8.3 7.5 2.5 2 0 3 3 3
4851.0 4786.3 -45.5 318 0 15.9 13.8 5.0 2.5 2 0 2 5 5
4806.2 4863.9 -52.4 52 0 12.8 9.0 5.0 2.5 2 0 2 0 0
-3853.9 5964.4 -68.2 8 0 14.9 32.4 12.5 2.5 4 1 5 4 4
-3933.9 5939.8 -65.7 159 0 7.7 46.9 10.0 2.5 2 1 4 2 2
-4124.5 5712.0 -59.2 78 0 22.6 42.8 10.0 2.5 2 1 4 4 4
4411.0 -6723.4 -35.9 199 0 26.9 15.5 12.5 2.5 2 0 5 5 5
-4616.4 5088.7 -53.8 355 0 14.0 8.6 5.0 2.5 2 0 2 5 5
-4606.0 5094.5 -53.0 172 0 7.5 11.9 7.5 2.5 2 1 3 2 2
-4558.4 5031.1 -41.9 98 0 12.9 7.6 7.5 0.0 0 0 3 4 4
-4584.6 5134.5 -57.5 346 0 9.9 15.1 2.5 2.5 2 1 1 4 4
-4526.9 5022.0 -37.7 54 0 16.5 12.5 2.5 2.5 2 0 1 0 0
-4505.8 4942.3 -27.7 178 0 9.9 13.2 5.0 2.5 2 1 2 1 1
-4552.4 5080.9 -46.6 182 0 9.3 13.5 10.0 2.5 2 1 4 4 4
-4473.1 5063.8 -34.8 328 0 10.0 14.7 7.5 2.5 2 1 3 5 5
-4469.6 5095.3 -46.0 5 0 13.6 9.3 5.0 2.5 4 0 2 2 2
-4462.6 5075.2 -38.0 42 0 11.8 9.6 7.5 2.5 2 0 3 2 2
-4484.7 5152.6 -58.5 184 0 9.7 17.5 10.0 2.5 2 1 4 0 0
-4497.1 5179.5 -61.4 186 0 11.9 15.2 7.5 2.5 2 1 3 1 1
-4402.5 4910.5 -43.2 265 0 14.1 12.6 5.0 2.5 2 0 2 2 2
-4388.3 4850.3 -55.9 86 0 22.1 12.7 10.0 2.5 2 0 4 0 0
-4368.5 4829.1 -61.5 115 0 11.3 14.7 2.5 2.5 2 1 1 2 2
-4412.5 5215.1 -64.5 266 0 10.9 9.0 10.0 2.5 2 0 4 3 3
-4527.0 5250.4 -65.6 149 0 14.4 16.2 7.5 0.0 0 1 3 5 5
-4522.6 5305.1 -63.2 152 0 8.8 9.0 10.0 2.5 2 1 4 4 4
-4510.4 5309.9 -63.9 158 0 11.9 8.9 7.5 2.5 4 0 3 1 1
-4537.4 5314.5 -62.2 149 0 10.8 20.7 5.0 2.5 2 1 2 4 4
-4425.7 5285.9 -70.4 337 0 9.9 20.3 10.0 2.5 2 1 4 4 4
-4472.0 5330.1 -66.0 252 0 10.0 9.2 7.5 2.5 2 0 3 3 3
-4611.0 5321.6 -57.2 45 0 19.6 11.4 10.0 2.5 2 0 4 1 1
-4672.8 5292.5 -57.6 85 0 18.3 14.8 10.0 2.5 2 0 4 4 4
-4666.5 5337.2 -55.0 296 0 15.9 13.5 2.5 2.5 2 0 1 0 0
-4576.3 5479.6 -63.2 118 0 7.9 10.2 7.5 2.5 2 1 3 2 2
-4538.7 5465.0 -64.0 96 0 15.0 9.0 7.5 2.5 2 0 3 5 5
-4505.7 5488.1 -65.8 348 0 10.7 13.6 5.0 0.0 0 1 2 2 2
-4497.8 5465.9 -65.8 58 0 12.9 7.6 7.5 2.5 2 0 3 5 5
-4368.0 5202.1 -62.6 347 0 10.8 12.8 7.5 2.5 2 1 3 0 0
-4344.9 5137.4 -48.9 103 0 18.5 9.4 7.5 2.5 2 0 3 2 2
-4396.9 5224.0 -65.7 275 0 11.9 10.0 7.5 2.5 2 0 3 3 3
-4326.6 5200.3 -61.2 281 0 9.1 9.7 7.5 2.5 2 1 3 0 0
-4292.3 5218.3 -68.2 96 0 13.7 7.2 7.5 2.5 2 0 3 3 3
-4286.0 5196.0 -64.6 96 0 12.5 7.8 7.5 2.5 2 0 3 1 1
-4296.5 5199.6 -65.2 100 0 6.7 10.0 10.0 0.0 0 1 4 2 2
-4287.0 5152.3 -53.1 293 0 17.5 11.7 7.5 2.5 2 0 3 3 3
-4269.8 5193.5 -64.4 93 0 12.7 7.7 7.5 2.5 2 0 3 2 2
-4273.2 5221.5 -68.6 93 0 12.4 6.6 5.0 0.0 0 0 2 1 1
-4252.0 5193.0 -64.2 91 0 12.4 6.6 7.5 2.5 2 0 3 4 4
-4256.7 5170.3 -59.3 296 0 11.5 8.7 2.5 2.5 2 0 1 2 2
-4235.0 5205.9 -65.4 280 0 11.5 8.6 7.5 2.5 2 0 3 1 1
-4216.3 5156.7 -58.1 290 0 6.7 11.4 5.0 2.5 2 1 2 0 0
-4244.9 5092.2 -43.4 7 0 8.3 13.9 7.5 2.5 2 1 3 2 2
-4219.6 5171.7 -62.0 102 0 15.4 11.1 7.5 2.5 4 0 3 0 0
-4202.3 5171.3 -61.8 104 0 15.4 7.9 7.5 2.5 4 0 3 1 1
-4173.9 5137.6 -56.1 296 0 15.5 8.3 5.0 2.5 4 0 2 0 0
-4164.8 5148.1 -59.6 119 0 12.4 9.4 5.0 2.5 4 0 2 3 3
-4149.4 5180.9 -64.0 270 0 11.2 9.2 5.0 2.5 2 0 2 4 4
-4154.3 5198.0 -65.9 270 0 13.2 9.4 5.0 0.0 0 0 2 0 0
-4134.6 5195.8 -66.2 274 0 14.9 10.1 2.5 2.5 4 0 1 3 3
-4136.0 5122.9 -57.7 265 0 15.0 7.5 5.0 2.5 2 0 2 4 4
-4117.7 5179.4 -64.1 271 0 13.0 10.0 5.0 2.5 2 0 2 1 1
-4112.9 5198.8 -65.4 234 0 9.8 7.8 2.5 2.5 2 0 1 1 1
-4105.7 5150.6 -61.1 89 0 10.0 6.3 7.5 2.5 2 0 3 2 2
-4063.4 5172.7 -60.7 56 0 9.0 13.7 10.0 2.5 2 1 4 3 3
-4097.6 5241.9 -68.7 50 0 10.7 6.8 7.5 2.5 2 0 3 5 5
-4098.0 5256.0 -69.7 44 0 6.4 7.4 7.5 2.5 2 1 3 4 4
-4078.0 5259.6 -68.6 59 0 12.4 10.2 7.5 2.5 2 0 3 2 2
-4014.6 5195.9 -62.2 70 0 15.1 13.8 10.0 2.5 2 0 4 2 2
-3998.8 5294.6 -66.5 259 0 11.0 17.0 7.5 0.0 0 1 3 1 1
-4222.6 4876.9 -67.2 66 0 14.6 8.9 2.5 0.0 0 0 1 0 0
-4185.0 4888.6 -68.3 67 0 17.7 9.4 5.0 2.5 2 0 2 4 4
-4096.8 4704.8 -52.5 156 0 10.8 8.6 7.5 2.5 2 0 3 5 5
-4117.9 4741.5 -59.5 167 0 8.4 24.2 5.0 2.5 2 1 2 1 1
-3081.8 6797.5 -63.7 101 0 9.1 18.9 10.0 2.5 2 1 4 1 1
-3092.2 6780.6 -63.8 103 0 9.6 10.9 2.5 0.0 0 1 1 5 5
-3208.5 5889.1 -72.0 45 0 8.9 9.7 7.5 2.5 2 1 3 0 0
-4196.0 6868.7 -56.1 177 0 12.2 17.9 7.5 2.5 4 1 3 3 3
-4254.6 6733.9 -61.7 268 0 10.0 11.5 2.5 2.5 2 1 1 3 3
-1653.2 6513.4 -39.6 248 0 15.1 9.4 7.5 2.5 4 0 3 5 5
571.4 6594.4 -9.5 178 0 9.5 6.7 7.5 0.0 0 0 3 4 4
708.9 6663.4 -18.3 106 0 18.8 17.0 10.0 2.5 2 0 4 0 0
721.3 6747.5 -6.9 156 0 19.1 21.8 7.5 2.5 2 1 3 0 0
787.1 6679.1 -20.9 68 0 8.6 21.7 7.5 2.5 4 1 3 2 2
821.5 6768.9 -11.9 20 0 12.5 10.8 7.5 2.5 2 0 3 0 0
1182.5 6742.0 -66.2 133 0 8.3 9.9 5.0 2.5 2 1 2 5 5
-2766.6 6246.5 -68.6 242 0 8.6 14.2 10.0 2.5 2 1 4 4 4
-2735.9 6211.1 -66.5 57 0 9.1 21.8 5.0 2.5 2 1 2 0 0
-407.0 5202.7 -66.1 140 0 13.7 9.0 7.5 0.0 0 0 3 2 2
-2620.1 6327.8 -62.6 237 0 8.8 9.9 7.5 2.5 4 1 3 3 3
-2565.6 6350.1 -58.4 249 0 9.3 8.8 7.5 2.5 2 0 3 0 0
-2459.0 6394.6 -64.6 305 0 10.1 9.0 5.0 0.0 0 0 2 0 0
-2449.8 6387.6 -63.6 312 0 7.8 11.5 7.5 2.5 2 1 3 4 4
-2340.6 6424.9 -57.7 174 0 7.3 17.3 7.5 2.5 2 1 3 5 5
-2337.8 6503.9 -64.9 216 0 11.1 12.0 7.5 2.5 2 1 3 5 5
1033.6 6687.7 -50.1 277 0 10.0 11.0 7.5 2.5 2 1 3 2 2
-946.9 6485.0 -68.0 138 0 9.6 8.6 10.0 2.5 2 0 4 0 0
-800.0 6394.3 -73.5 224 0 15.5 19.1 7.5 2.5 2 1 3 4 4
-547.9 6588.7 -62.5 254 0 16.4 13.9 7.5 2.5 2 0 3 2 2
-495.3 6624.6 -57.5 140 0 8.7 15.5 7.5 2.5 2 1 3 5 5
-485.5 6576.8 -52.4 108 0 13.3 19.5 12.5 2.5 2 1 5 1 1
-465.0 6693.1 -60.3 169 0 10.2 10.9 5.0 2.5 2 1 2 2 2
-344.2 6706.2 -45.4 39 0 14.3 14.6 7.5 2.5 4 1 3 1 1
-319.7 6885.1 -64.8 301 0 15.0 20.8 10.0 2.5 2 1 4 1 1
-789.7 6375.1 -73.5 80 0 16.9 18.9 7.5 2.5 2 1 3 2 2
-2329.5 6525.3 -65.7 128 0 7.8 10.8 7.5 2.5 2 1 3 2 2
-2326.4 6575.5 -69.4 231 0 8.2 14.4 7.5 2.5 2 1 3 4 4
-2295.1 6574.7 -63.9 35 0 8.4 9.3 5.0 2.5 2 1 2 2 2
-2829.5 6814.7 -66.0 340 0 13.4 13.9 10.0 2.5 2 1 4 3 3
-2823.9 6847.9 -66.6 345 0 16.6 11.0 2.5 2.5 2 0 1 5 5
-2809.5 6858.5 -69.1 161 0 11.4 19.1 5.0 2.5 2 1 2 0 0
-2802.4 6845.8 -69.7 156 0 10.9 15.4 7.5 2.5 2 1 3 2 2
-2756.5 6765.6 -72.7 159 0 11.8 11.7 7.5 0.0 0 0 3 1 1
-2742.7 6721.4 -72.7 149 0 16.0 14.9 7.5 2.5 2 0 3 1 1
-2775.9 6760.2 -71.1 339 0 10.8 17.6 12.5 2.5 2 1 5 2 2
-2810.5 6715.9 -68.2 170 0 16.5 12.2 5.0 2.5 2 0 2 0 0
-2840.8 6733.6 -63.3 77 0 9.8 12.3 5.0 2.5 2 1 2 0 0
-2544.9 6887.1 -70.6 144 0 9.4 17.1 7.5 2.5 2 1 3 4 4
-2540.8 6849.2 -70.1 61 0 12.7 15.8 7.5 2.5 2 1 3 4 4
-701.7 6742.3 -66.8 74 0 11.7 28.6 12.5 2.5 2 1 5 4 4
-689.7 6776.7 -66.9 349 0 8.7 18.0 7.5 2.5 2 1 3 0 0
-670.7 6751.5 -65.1 216 0 7.2 7.8 7.5 0.0 0 1 3 1 1
-654.0 6785.9 -66.4 138 0 14.8 11.3 5.0 2.5 2 0 2 4 4
-662.9 6779.2 -66.4 151 0 14.2 9.3 7.5 0.0 0 0 3 2 2
-610.7 6868.2 -67.7 27 0 16.2 12.5 5.0 2.5 2 0 2 4 4
-676.8 6893.6 -68.4 230 0 9.8 14.0 5.0 2.5 2 1 2 2 2
-2476.1 6690.1 -67.9 320 0 13.6 16.0 5.0 2.5 2 1 2 2 2
-2523.7 6648.7 -71.3 113 0 9.1 16.1 10.0 2.5 2 1 4 1 1
-2506.9 6669.4 -69.6 19 0 13.1 15.1 2.5 2.5 2 1 1 5 5
-2508.4 6691.4 -68.3 282 0 14.6 11.6 7.5 2.5 2 0 3 2 2
-2499.0 6706.6 -66.5 354 0 11.3 12.9 5.0 2.5 2 1 2 4 4
-2549.1 6677.2 -71.0 70 0 10.6 15.4 7.5 2.5 2 1 3 1 1
-2521.6 6766.6 -67.2 82 0 14.7 11.9 5.0 2.5 2 0 2 1 1
-2530.6 6807.1 -69.6 340 0 11.0 8.8 7.5 2.5 2 0 3 0 0
-2559.3 6770.2 -69.5 89 0 12.1 13.2 7.5 2.5 2 1 3 2 2
-2580.0 6707.9 -72.7 212 0 16.9 8.1 7.5 2.5 2 0 3 4 4
-2575.8 6741.2 -71.5 203 0 10.7 8.2 7.5 2.5 2 0 3 2 2
-2612.9 6701.1 -73.0 20 0 10.2 11.9 10.0 2.5 2 1 4 4 4
-2653.5 6721.7 -72.6 123 0 6.9 9.5 7.5 2.5 2 1 3 3 3
-2620.9 6773.7 -71.4 311 0 16.9 10.4 5.0 2.5 2 0 2 0 0
-2617.0 6799.4 -71.6 54 0 12.4 11.9 5.0 2.5 2 0 2 1 1
-2569.7 6815.2 -69.8 241 0 9.1 12.8 5.0 2.5 2 1 2 0 0
-302.3 5657.0 -66.5 233 0 6.1 8.4 10.0 2.5 2 1 4 3 3
-301.9 5640.9 -67.0 262 0 6.7 8.5 2.5 2.5 2 1 1 5 5
-324.7 5632.9 -67.6 321 0 6.4 8.9 7.5 2.5 2 1 3 0 0
-407.2 5584.8 -70.6 96 0 8.0 17.7 2.5 2.5 2 1 1 0 0
-421.7 5592.7 -70.7 157 0 8.9 9.0 7.5 2.5 2 1 3 3 3
-433.4 5604.9 -70.7 252 0 6.9 8.2 7.5 2.5 2 1 3 0 0
-422.4 5691.4 -65.5 116 0 12.6 9.7 7.5 2.5 2 0 3 0 0
-422.1 5755.9 -62.7 238 0 17.7 10.1 5.0 2.5 4 0 2 3 3
-429.7 5723.6 -64.6 192 0 9.0 9.3 2.5 2.5 4 1 1 3 3
-391.9 5625.6 -68.6 236 0 8.7 11.1 7.5 2.5 2 1 3 1 1
-697.9 5635.2 -66.3 231 0 7.4 8.5 7.5 2.5 2 1 3 5 5
-664.0 5672.1 -64.6 341 0 7.5 10.9 2.5 2.5 4 1 1 4 4
-727.5 5734.0 -61.7 18 0 10.3 9.7 5.0 2.5 2 0 2 4 4
-533.2 5755.3 -50.0 71 0 9.4 11.0 2.5 2.5 2 1 1 5 5
-753.5 6822.1 -68.8 222 0 12.7 10.2 5.0 2.5 2 0 2 5 5
-704.3 6851.2 -69.2 329 0 8.7 22.0 2.5 2.5 2 1 1 5 5
-726.3 6819.9 -68.7 318 0 9.5 9.0 5.0 2.5 2 0 2 3 3
-698.6 6890.9 -70.0 22 0 9.8 10.8 7.5 2.5 4 1 3 4 4
-694.9 6810.4 -68.0 351 0 8.6 13.1 5.0 2.5 2 1 2 2 2
-718.9 6737.4 -66.7 65 0 16.9 21.5 5.0 2.5 2 1 2 2 2
-599.7 6908.7 -66.6 321 0 19.2 12.2 10.0 2.5 4 0 4 2 2
-1518.5 6136.4 -69.4 1 0 12.7 7.2 5.0 2.5 2 0 2 1 1
-1514.4 6153.1 -68.2 359 0 12.9 11.4 5.0 2.5 4 0 2 5 5
-1377.7 6137.5 -71.3 98 0 8.9 7.5 5.0 0.0 0 0 2 5 5
-1294.9 6522.7 -68.0 163 0 9.6 13.0 7.5 2.5 2 1 3 4 4
-1258.6 6564.8 -62.5 234 0 12.0 14.4 7.5 2.5 2 1 3 0 0
-1205.1 6622.5 -60.5 320 0 9.0 12.3 5.0 2.5 2 1 2 3 3
-1488.5 6552.1 -59.2 219 0 12.5 10.9 7.5 2.5 2 0 3 4 4
-1476.9 6569.9 -58.5 203 0 10.3 9.4 7.5 2.5 2 0 3 1 1
-1494.5 6638.5 -49.6 307 0 7.7 9.5 5.0 2.5 2 1 2 0 0
-1440.2 6557.0 -64.3 330 0 6.7 13.8 5.0 2.5 2 1 2 5 5
-1546.4 6433.2 -66.8 172 0 8.6 11.5 5.0 2.5 2 1 2 3 3
-1500.8 6559.4 -54.5 28 0 14.5 7.7 7.5 2.5 2 0 3 0 0
-1552.6 6638.3 -44.8 231 0 13.4 7.9 7.5 2.5 2 0 3 3 3
-1537.5 6655.9 -47.7 229 0 7.8 11.1 7.5 2.5 2 1 3 2 2
-1544.8 6604.3 -47.6 256 0 14.2 11.2 5.0 2.5 2 0 2 5 5
-1520.5 6425.2 -69.2 81 0 10.4 15.7 7.5 2.5 2 1 3 5 5
-1627.1 6424.0 -59.3 251 0 13.9 10.8 7.5 2.5 2 0 3 5 5
-1650.2 6425.9 -57.3 259 0 10.8 11.3 7.5 2.5 2 1 3 3 3
-1641.6 6596.7 -37.5 146 0 14.8 9.6 5.0 2.5 2 0 2 3 3
-1620.5 6465.3 -50.9 66 0 14.2 8.1 2.5 2.5 2 0 1 1 1
-1664.9 6447.7 -48.4 83 0 15.5 13.9 7.5 2.5 2 0 3 1 1
-1671.5 6510.7 -38.7 257 0 11.5 14.3 7.5 2.5 2 1 3 1 1
-1722.2 6551.5 -25.4 350 0 9.0 13.6 7.5 2.5 2 1 3 4 4
-1712.7 6388.0 -58.2 244 0 12.3 9.9 2.5 0.0 0 0 1 2 2
-4277.0 2319.7 -69.5 294 0 6.3 7.5 5.0 2.5 2 1 2 2 2
-4785.1 457.4 -57.4 45 0 6.7 20.7 10.0 2.5 2 1 4 3 3
-4805.0 541.4 -57.3 34 0 10.3 10.2 7.5 2.5 2 0 3 1 1
