1163.6 1860.8 -19.8 347 0 11.6 17.7 5.0 2.5 2 0 2 1 1
1041.9 1901.5 -19.4 68 0 12.1 14.2 5.0 2.5 2 1 2 4 4
6241.7 -3850.1 -15.2 83 0 19.7 12.1 5.0 2.5 2 0 2 1 1
6133.7 -3953.8 -13.2 257 0 9.5 12.9 7.5 2.5 2 0 3 3 3
6259.5 -3810.6 -14.8 358 0 11.4 75.6 10.0 2.5 2 1 4 0 0
5344.9 -5331.6 14.9 263 0 11.0 7.4 7.5 2.5 2 0 3 1 1
5214.9 -5307.8 11.6 44 0 16.4 12.0 2.5 2.5 2 0 1 4 4
5100.3 -5463.3 19.4 105 0 9.0 12.7 7.5 2.5 2 1 3 3 3
5010.7 -5298.1 18.7 179 0 11.6 8.4 2.5 2.5 2 0 1 5 5
5311.5 -5360.2 16.5 86 0 13.4 12.3 7.5 2.5 2 0 3 3 3
5022.1 -5296.4 18.6 176 0 19.1 11.4 7.5 2.5 2 0 3 3 3
5006.4 -5375.0 20.0 188 0 16.8 9.6 7.5 2.5 2 0 3 3 3
5369.0 -5350.9 15.8 357 0 11.6 19.0 5.0 2.5 2 1 2 3 3
5041.2 -5254.4 17.8 181 0 9.8 21.1 7.5 2.5 2 1 3 3 3
5331.2 -5360.9 15.9 84 0 14.3 19.8 12.5 2.5 2 1 5 0 0
6172.7 -3845.5 -9.5 150 0 10.3 15.9 5.0 0.0 0 1 2 0 0
6079.9 -4080.9 0.5 172 0 14.5 8.5 7.5 2.5 2 0 3 4 4
6093.0 -4055.3 -2.9 172 0 12.6 9.7 5.0 2.5 2 0 2 1 1
6129.1 -4004.4 -11.1 351 0 13.8 9.7 10.0 2.5 2 0 4 5 5
6138.0 -3903.5 -10.0 208 0 14.7 9.3 7.5 2.5 2 0 3 2 2
6153.1 -3875.3 -9.7 207 0 39.7 8.5 12.5 2.5 2 0 5 0 0
6079.2 -4117.0 2.5 85 0 8.2 25.4 5.0 2.5 2 1 2 2 2
6118.5 -3982.2 -11.9 260 0 9.0 15.7 7.5 2.5 2 1 3 4 4
6130.6 -4122.6 -7.6 83 0 10.5 24.1 12.5 2.5 2 1 5 1 1
6106.4 -3943.8 -10.4 261 0 9.3 16.7 5.0 2.5 2 1 2 0 0
6124.8 -4065.2 -6.3 353 0 12.2 9.4 7.5 2.5 4 0 3 5 5
6096.5 -4038.4 -4.6 173 0 11.8 7.4 5.0 2.5 2 0 2 0 0
6130.2 -4042.1 -8.0 352 0 23.6 9.4 7.5 2.5 2 0 3 5 5
6152.2 -4021.0 -12.9 351 0 23.9 9.3 10.0 2.5 4 0 4 5 5
6151.0 -3991.0 -14.3 351 0 13.7 10.5 7.5 2.5 4 0 3 1 1
6262.6 -3830.2 -14.6 353 0 19.1 11.8 5.0 2.5 2 0 2 1 1
6107.6 -4099.4 -3.9 84 0 9.5 13.9 7.5 2.5 2 1 3 5 5
6155.8 -4052.4 -11.5 351 0 14.4 9.3 7.5 2.5 2 0 3 2 2
6143.5 -3975.1 -13.9 347 0 14.2 8.4 7.5 2.5 2 0 3 2 2
6154.0 -4069.1 -11.1 354 0 13.8 9.1 7.5 2.5 4 0 3 1 1
6139.0 -4087.0 -8.7 355 0 14.4 9.5 10.0 2.5 2 0 4 0 0
6211.2 -3854.3 -16.1 85 0 23.8 13.7 12.5 2.5 2 0 5 3 3
6182.6 -3641.5 -13.4 164 0 15.7 18.5 10.0 2.5 2 1 4 4 4
6142.3 -3630.9 -11.1 339 0 20.3 16.1 7.5 2.5 2 0 3 4 4
4438.8 -1528.6 -4.9 169 0 16.8 10.8 17.5 3.5 2 0 5 2 2
4559.0 -1568.7 -13.2 195 0 25.2 8.1 17.5 3.5 2 0 5 1 1
4480.6 -1402.9 -12.3 295 0 7.1 22.8 17.5 0.0 0 1 5 0 0
4461.2 -1473.7 -8.0 88 0 11.9 22.6 17.5 0.0 0 1 5 0 0
4554.6 -1491.5 -15.3 43 0 25.0 58.5 17.5 3.5 2 1 5 2 2
4528.7 -1492.4 -10.2 43 0 7.8 14.7 17.5 3.5 2 1 5 2 2
4553.2 -1594.8 -12.5 193 0 10.0 6.3 17.5 3.5 2 0 5 3 3
4373.6 -1358.2 -21.1 57 0 8.2 7.3 14.0 3.5 2 0 4 5 5
4575.2 -1559.6 -13.8 283 0 7.3 27.7 17.5 3.5 2 1 5 4 4
4334.6 -1399.9 -20.1 127 0 8.8 34.2 14.0 3.5 2 1 4 4 4
4562.4 -1608.9 -13.5 194 0 28.4 9.2 17.5 3.5 2 0 5 4 4
4587.6 -1582.7 -14.8 284 0 11.1 39.8 17.5 3.5 2 1 5 2 2
4513.6 -1426.1 -11.7 310 0 13.9 33.5 17.5 3.5 2 1 5 3 3
4399.3 -1423.6 -12.3 182 0 9.1 16.2 17.5 3.5 4 1 5 5 5
4542.6 -1611.7 -11.5 284 0 8.7 28.1 17.5 3.5 2 1 5 1 1
4555.3 -1605.2 -12.4 284 0 8.0 37.6 17.5 3.5 2 1 5 2 2
4370.9 -1346.9 -21.8 72 0 6.5 7.0 14.0 3.5 4 1 4 3 3
4589.5 -1663.0 -14.7 350 0 8.1 37.8 17.5 3.5 2 1 5 2 2
4523.2 -1680.3 -11.2 168 0 6.7 18.8 17.5 3.5 2 1 5 1 1
4522.8 -1598.2 -10.1 39 0 11.4 18.7 17.5 3.5 2 1 5 1 1
4500.8 -1632.1 -8.5 48 0 9.4 12.6 17.5 3.5 2 1 5 3 3
4331.5 -1618.9 -6.2 165 0 33.1 15.2 17.5 3.5 2 0 5 0 0
4242.8 -1574.6 -19.4 63 0 61.0 17.0 14.0 3.5 4 0 4 1 1
4588.4 -1677.5 -14.4 349 0 9.2 27.2 17.5 3.5 2 1 5 1 1
4454.6 -1572.2 -5.7 170 0 8.6 9.4 17.5 3.5 2 1 5 5 5
4549.8 -1652.6 -13.2 164 0 7.9 19.9 17.5 3.5 4 1 5 1 1
4471.3 -1615.2 -7.0 171 0 10.4 11.5 17.5 3.5 2 1 5 1 1
4533.1 -1690.7 -12.1 165 0 8.0 22.8 17.5 3.5 2 1 5 5 5
4444.9 -1558.8 -5.5 170 0 16.6 15.7 17.5 3.5 2 0 5 0 0
4531.6 -1646.1 -11.1 252 0 8.3 18.3 17.5 3.5 2 1 5 4 4
4357.6 -1473.6 -10.0 210 0 34.2 24.6 17.5 0.0 0 0 5 4 4
4412.1 -1555.5 -4.2 0 0 9.1 12.8 17.5 3.5 2 1 5 1 1
4396.7 -1379.4 -17.0 257 0 25.9 9.7 17.5 3.5 2 0 5 0 0
4354.8 -1533.7 -6.8 207 0 27.9 12.9 17.5 3.5 2 0 5 2 2
4434.0 -1389.0 -14.1 268 0 15.2 38.4 17.5 3.5 4 1 5 5 5
4414.6 -1599.4 -3.5 352 0 8.8 17.2 17.5 3.5 2 1 5 5 5
4149.9 -1576.2 -24.8 245 0 18.3 10.7 14.0 3.5 2 0 4 0 0
4279.5 -1697.6 -7.1 355 0 25.6 40.7 17.5 0.0 0 1 5 3 3
4169.3 -1606.0 -21.6 63 0 14.7 13.4 14.0 3.5 2 0 4 5 5
4530.8 -1706.0 -12.2 165 0 8.3 31.4 17.5 3.5 2 1 5 2 2
4479.7 -1636.5 -7.6 159 0 10.4 11.2 17.5 0.0 0 1 5 4 4
4198.1 -1594.0 -21.0 61 0 26.0 13.5 14.0 3.5 2 0 4 4 4
4497.1 -1661.7 -8.5 251 0 6.4 16.6 17.5 3.5 2 1 5 0 0
4380.6 -1418.4 -14.3 198 0 20.6 8.4 17.5 3.5 4 0 5 4 4
4137.2 -1618.0 -23.0 62 0 10.0 26.8 14.0 3.5 2 1 4 0 0
4346.1 -1572.3 -6.1 191 0 19.3 6.0 17.5 3.5 2 0 5 5 5
4494.1 -1687.1 -9.5 165 0 6.2 25.1 17.5 3.5 2 1 5 0 0
4387.8 -1576.5 -4.9 351 0 20.4 11.1 17.5 3.5 2 0 5 5 5
4436.9 -1573.2 -3.8 353 0 28.4 33.6 17.5 0.0 0 1 5 0 0
4357.9 -1415.4 -15.5 200 0 9.1 19.3 17.5 3.5 2 1 5 0 0
4511.6 -1640.0 -9.6 253 0 7.7 18.5 17.5 0.0 0 1 5 5 5
4533.7 -1755.5 -9.1 246 0 16.2 8.9 21.0 0.0 0 0 6 0 0
4393.2 -1816.1 -4.4 336 0 19.5 8.0 17.5 3.5 2 0 5 3 3
4422.1 -1609.8 -3.9 332 0 10.6 40.0 17.5 0.0 0 1 5 3 3
4440.1 -1645.8 -4.6 334 0 12.1 62.0 17.5 3.5 2 1 5 3 3
4445.0 -1621.1 -4.5 336 0 12.2 19.1 17.5 0.0 0 1 5 0 0
4370.9 -1715.7 -5.3 131 0 10.8 37.7 17.5 3.5 2 1 5 4 4
4445.2 -1635.8 -4.7 333 0 12.9 7.5 17.5 3.5 2 0 5 2 2
4455.1 -1627.9 -5.1 332 0 7.3 11.1 17.5 3.5 4 1 5 3 3
4446.2 -1660.8 -5.0 338 0 9.3 27.3 17.5 3.5 2 1 5 5 5
4435.1 -1608.5 -3.9 336 0 10.6 9.1 17.5 3.5 2 0 5 1 1
4471.8 -1665.3 -6.3 340 0 11.8 15.4 17.5 3.5 2 1 5 1 1
4476.3 -1682.9 -6.6 341 0 8.2 12.5 17.5 3.5 2 1 5 5 5
4442.0 -1605.1 -4.2 338 0 9.4 6.5 17.5 3.5 2 0 5 5 5
4377.8 -1724.3 -5.6 132 0 9.0 17.0 17.5 3.5 2 1 5 5 5
4468.5 -1710.2 -6.8 69 0 9.2 18.8 17.5 0.0 0 1 5 0 0
4453.1 -1614.5 -5.0 339 0 9.3 6.5 17.5 3.5 2 0 5 2 2
4364.9 -1684.4 -4.3 151 0 9.8 12.2 17.5 3.5 2 1 5 3 3
4381.3 -1680.2 -4.2 151 0 9.1 14.0 17.5 3.5 2 1 5 5 5
4456.4 -1680.2 -5.7 333 0 8.3 41.3 17.5 3.5 2 1 5 0 0
4016.3 -1935.1 -10.5 2 0 37.5 20.1 14.0 0.0 0 0 4 5 5
4398.8 -1474.5 -8.5 99 0 9.3 19.0 17.5 3.5 2 1 5 4 4
4394.6 -1515.1 -6.5 19 0 18.7 18.0 17.5 3.5 2 0 5 2 2
3965.6 -1867.4 -12.2 187 0 43.8 22.3 14.0 0.0 0 0 4 4 4
4313.3 -1679.4 -5.7 249 0 20.3 13.8 17.5 3.5 2 0 5 4 4
3832.2 -2106.4 -16.5 336 0 16.1 25.1 12.5 2.5 2 1 5 5 5
4015.9 -1905.4 -9.9 358 0 10.3 16.6 14.0 3.5 2 1 4 1 1
4307.2 -1669.0 -6.3 71 0 7.4 7.8 17.5 0.0 0 1 5 3 3
3949.9 -1903.4 -12.6 186 0 21.1 44.6 14.0 3.5 2 1 4 0 0
6800.9 -6726.4 -22.3 164 0 8.2 8.1 7.5 2.5 2 0 3 4 4
6800.8 -6771.4 -24.4 178 0 10.9 6.7 2.5 2.5 2 0 1 5 5
6784.2 -6658.8 -21.4 232 0 14.0 13.2 2.5 2.5 2 0 1 4 4
6819.9 -6727.3 -21.9 315 0 6.5 11.7 5.0 0.0 0 1 2 0 0
6784.8 -6709.8 -23.3 77 0 8.0 23.6 12.5 2.5 2 1 5 2 2
6788.7 -6729.4 -23.2 165 0 11.8 9.6 7.5 2.5 2 0 3 0 0
-318.8 -502.6 -3.6 3 0 10.1 30.2 10.0 2.5 2 1 4 0 0
-3384.2 -2289.2 3.8 348 0 55.8 35.4 10.0 0.0 0 0 4 3 3
-3436.6 -2244.8 4.9 216 0 8.8 24.8 5.0 2.5 2 1 2 1 1
-3725.8 777.1 2.3 4 0 15.9 11.9 5.0 2.5 2 0 2 4 4
-3783.1 770.6 4.3 88 0 9.4 14.9 5.0 0.0 0 1 2 1 1
-3458.1 -2281.6 4.9 174 0 26.6 30.9 10.0 0.0 0 1 4 2 2
2247.8 925.4 -20.5 348 0 8.0 12.0 5.0 0.0 0 1 2 4 4
2135.4 1053.3 -22.0 47 0 6.7 9.0 7.5 2.5 2 1 3 1 1
2250.4 910.6 -20.3 348 0 8.0 12.0 5.0 2.5 2 1 2 2 2
2052.3 1030.1 -17.4 269 0 6.3 10.3 7.5 2.5 2 1 3 5 5
2240.0 978.3 -22.5 349 0 15.1 23.5 12.5 2.5 2 1 5 3 3
2078.0 961.3 -24.1 12 0 7.6 12.5 2.5 2.5 2 1 1 2 2
2198.9 1095.3 -24.7 14 0 7.1 11.2 7.5 2.5 2 1 3 1 1
2241.5 891.9 -20.4 78 0 12.0 8.0 10.0 2.5 2 0 4 0 0
2239.3 876.7 -20.4 78 0 12.0 8.0 5.0 0.0 0 0 2 4 4
2289.4 881.0 -18.9 96 0 14.8 8.8 2.5 2.5 4 0 1 3 3
2145.1 1041.7 -24.0 48 0 11.7 10.1 7.5 2.5 4 0 3 1 1
6526.5 -5573.5 9.1 214 0 13.1 49.0 12.5 0.0 0 1 5 5 5
3703.8 -2001.6 -17.9 50 0 19.4 10.6 7.5 2.5 2 0 3 3 3
3729.6 -1974.9 -18.4 53 0 13.8 23.3 10.0 2.5 2 1 4 2 2
4553.2 -1826.6 -7.7 144 0 16.9 13.0 21.0 0.0 0 0 6 1 1
4459.3 -1871.2 -4.4 291 0 12.4 27.5 17.5 3.5 2 1 5 0 0
4402.7 -2403.4 -6.4 270 0 15.4 35.8 10.0 2.5 2 1 4 0 0
4343.6 -2408.1 -4.4 269 0 11.7 33.5 10.0 2.5 2 1 4 5 5
4379.7 -2162.3 4.6 115 0 32.0 25.8 17.5 0.0 0 0 5 0 0
4372.4 -2403.2 -5.8 269 0 37.4 37.6 12.5 0.0 0 1 5 0 0
4021.1 -2490.7 3.0 179 0 14.2 25.8 10.0 2.5 2 1 4 4 4
4050.6 -2078.7 -9.2 359 0 27.9 19.4 10.5 3.5 2 0 3 5 5
4702.9 -2027.7 -12.9 268 0 32.7 23.2 17.5 0.0 0 0 5 3 3
4315.4 -1998.2 3.6 51 0 16.0 43.8 17.5 3.5 2 1 5 1 1
4679.9 -2136.9 -8.8 90 0 6.4 13.2 14.0 3.5 2 1 4 0 0
4668.4 -2179.7 -6.9 89 0 20.4 7.9 14.0 3.5 2 0 4 4 4
4272.7 -1974.3 4.4 231 0 10.4 44.0 17.5 3.5 2 1 5 0 0
4658.0 -2119.9 -8.3 193 0 9.0 17.2 14.0 0.0 0 1 4 5 5
4672.4 -2162.3 -6.9 357 0 10.9 13.5 14.0 3.5 2 1 4 5 5
4653.4 -2175.7 -6.7 91 0 8.2 45.9 14.0 3.5 2 1 4 0 0
3602.1 -1972.9 -17.2 85 0 17.9 46.2 7.5 2.5 2 1 3 2 2
4699.0 -2121.4 -10.1 349 0 7.1 14.5 14.0 3.5 4 1 4 5 5
4672.2 -2143.7 -7.5 358 0 11.9 13.5 14.0 3.5 2 1 4 1 1
3772.1 -1996.0 -19.8 249 0 16.2 24.7 12.5 2.5 2 1 5 3 3
3612.1 -1911.1 -17.2 182 0 13.3 27.0 10.0 2.5 2 1 4 2 2
3861.9 -1976.0 -18.4 6 0 13.4 40.6 12.5 2.5 2 1 5 2 2
4685.8 -2160.6 -8.4 38 0 8.4 18.9 14.0 3.5 2 1 4 3 3
4081.0 -2152.3 -6.7 90 0 24.1 32.1 17.5 0.0 0 1 5 0 0
4116.1 -2075.1 -4.4 223 0 10.4 21.5 17.5 3.5 2 1 5 0 0
4171.9 -2034.0 -2.5 212 0 19.8 18.7 17.5 3.5 4 0 5 1 1
4197.5 -2099.1 1.7 122 0 13.3 18.1 14.0 3.5 2 1 4 0 0
4136.7 -2127.8 -3.6 10 0 10.4 27.6 17.5 3.5 2 1 5 2 2
4082.0 -2101.9 -6.3 181 0 18.1 14.2 17.5 3.5 2 0 5 2 2
3892.5 -2087.4 -15.6 269 0 41.1 40.9 10.0 0.0 0 0 4 5 5
3897.9 -2068.5 -15.4 269 0 23.0 14.9 10.0 2.5 2 0 4 2 2
3860.2 -2039.5 -17.5 182 0 18.5 20.1 10.0 2.5 2 1 4 3 3
3153.3 -1232.5 -15.9 304 0 12.3 14.5 10.0 2.5 2 1 4 5 5
3129.2 -1205.0 -15.7 316 0 9.8 14.9 7.5 2.5 2 1 3 0 0
3108.5 -1178.6 -15.8 319 0 11.4 21.7 7.5 2.5 2 1 3 0 0
3110.9 -1212.7 -15.0 317 0 8.7 11.4 2.5 2.5 2 1 1 0 0
3067.7 -1195.5 -14.4 241 0 9.0 18.0 10.0 2.5 4 1 4 0 0
3080.5 -1185.9 -15.0 245 0 8.8 16.7 2.5 2.5 2 1 1 1 1
3108.1 -1279.3 -12.1 31 0 10.5 8.5 10.0 2.5 2 0 4 5 5
3112.1 -1251.2 -13.9 41 0 7.4 12.1 7.5 2.5 2 1 3 5 5
3125.1 -1268.1 -12.7 118 0 8.6 7.8 7.5 2.5 2 0 3 1 1
3158.9 -1285.9 -13.1 176 0 12.2 11.8 10.0 2.5 2 0 4 2 2
3181.5 -1339.1 -12.0 74 0 11.7 22.8 10.0 2.5 2 1 4 2 2
3216.8 -1319.5 -13.4 45 0 6.8 18.9 5.0 2.5 4 1 2 3 3
3207.1 -1273.6 -14.8 310 0 7.3 11.7 5.0 2.5 2 1 2 4 4
3196.6 -1280.1 -14.0 306 0 10.6 10.0 10.0 0.0 0 0 4 2 2
3198.5 -1267.0 -15.4 34 0 7.5 11.8 7.5 2.5 4 1 3 5 5
4819.0 -2355.5 -18.8 46 0 13.2 7.7 14.0 3.5 2 0 4 0 0
4649.0 -1844.0 -13.3 229 0 15.0 15.9 10.0 2.5 2 1 4 2 2
6648.4 -5575.6 -8.4 88 0 10.7 18.0 7.5 2.5 2 1 3 2 2
6611.9 -5609.8 -0.5 165 0 19.5 9.0 7.5 2.5 4 0 3 1 1
6606.4 -5584.0 -1.4 165 0 15.4 9.3 7.5 2.5 2 0 3 0 0
6618.1 -5580.5 -5.1 164 0 8.7 18.5 5.0 2.5 2 1 2 3 3
6626.1 -5598.0 -2.7 165 0 10.8 6.4 7.5 2.5 4 0 3 3 3
6669.1 -5605.9 -6.8 68 0 10.5 7.1 2.5 2.5 4 0 1 3 3
6683.1 -5601.8 -8.9 71 0 11.7 7.2 7.5 2.5 2 0 3 2 2
6630.6 -5675.9 3.3 84 0 14.0 17.9 2.5 2.5 4 1 1 3 3
6681.4 -5642.3 -3.9 233 0 6.5 9.9 10.0 2.5 2 1 4 5 5
6719.2 -5705.7 -4.4 78 0 11.6 9.7 5.0 2.5 2 0 2 3 3
1904.5 1041.0 -14.3 104 0 11.0 8.5 7.5 2.5 2 0 3 3 3
1947.7 1023.1 -15.7 180 0 8.7 9.1 10.0 0.0 0 1 4 5 5
2009.1 1038.4 -16.6 274 0 7.7 8.4 5.0 2.5 2 1 2 1 1
2142.8 1259.2 -21.1 168 0 7.8 9.5 2.5 2.5 2 1 1 0 0
2134.1 1297.1 -20.2 173 0 7.6 8.5 5.0 2.5 4 1 2 1 1
2183.6 1242.4 -23.4 0 0 7.0 8.2 5.0 2.5 2 1 2 5 5
2182.2 1230.5 -23.6 90 0 9.2 8.5 7.5 2.5 4 0 3 5 5
2172.8 1297.4 -22.5 350 0 16.6 10.2 7.5 2.5 2 0 3 0 0
2125.9 1367.6 -20.4 261 0 6.9 7.1 7.5 2.5 4 1 3 1 1
4833.8 -2336.5 -20.2 3 0 10.0 6.3 14.0 3.5 4 0 4 0 0
4766.4 -2299.1 -12.9 91 0 23.3 10.4 14.0 3.5 2 0 4 3 3
4758.1 -2276.9 -12.0 184 0 6.5 12.4 14.0 3.5 2 1 4 4 4
4737.7 -2271.5 -9.0 271 0 8.7 11.4 14.0 3.5 2 1 4 3 3
4750.9 -2271.9 -10.4 271 0 8.7 11.4 14.0 3.5 2 1 4 4 4
4718.9 -2281.2 -7.7 181 0 6.3 10.2 14.0 3.5 2 1 4 5 5
4773.9 -2222.9 -13.1 267 0 6.6 10.7 14.0 3.5 2 1 4 3 3
988.7 5994.6 -21.5 80 0 9.7 8.8 5.0 2.5 4 0 2 1 1
3664.1 -1812.9 -16.2 96 0 6.7 9.1 10.0 2.5 2 1 4 4 4
3674.1 -1852.3 -16.1 170 0 8.0 21.7 7.5 2.5 4 1 3 3 3
3687.9 -1841.4 -16.1 62 0 16.0 9.6 7.5 2.5 2 0 3 2 2
-3793.6 6918.2 -18.0 338 0 7.7 45.3 10.5 3.5 4 1 3 4 4
-3842.4 6912.4 -14.9 272 0 7.0 16.4 10.5 3.5 2 1 3 0 0
-3842.9 6915.6 -16.0 89 0 7.8 26.1 10.5 3.5 4 1 3 5 5
-3745.9 6880.5 -18.7 326 0 14.5 14.1 10.5 0.0 0 0 3 5 5
-3727.7 6848.9 -18.0 328 0 11.7 23.6 10.5 0.0 0 1 3 1 1
-98.9 2799.3 -18.7 213 0 8.9 9.9 10.0 2.5 4 1 4 3 3
-149.2 2725.8 -19.0 236 0 11.9 8.2 2.5 2.5 2 0 1 3 3
-162.3 2765.3 -17.1 54 0 9.8 8.1 7.5 2.5 2 0 3 0 0
-170.7 2704.1 -18.8 251 0 9.1 9.1 10.0 2.5 2 0 4 3 3
-154.9 2782.7 -16.8 55 0 13.0 9.4 2.5 2.5 2 0 1 3 3
-157.1 2759.5 -17.6 327 0 8.5 19.1 7.5 0.0 0 1 3 0 0
-253.2 2888.2 -9.5 152 0 16.6 11.9 5.0 2.5 2 0 2 0 0
-163.9 2792.7 -16.1 57 0 10.3 12.7 7.5 2.5 2 1 3 2 2
-224.2 2858.4 -10.7 155 0 6.2 9.3 10.0 2.5 2 1 4 5 5
-234.2 2866.1 -10.2 155 0 9.8 23.7 5.0 2.5 2 1 2 2 2
-186.0 2731.8 -17.3 58 0 9.6 15.3 2.5 2.5 2 1 1 0 0
-128.3 2742.4 -19.3 214 0 10.4 8.3 5.0 2.5 2 0 2 5 5
-185.9 2714.8 -18.0 268 0 10.5 6.2 5.0 2.5 2 0 2 5 5
-132.2 2773.6 -18.0 42 0 8.4 17.5 5.0 2.5 2 1 2 4 4
-173.2 2769.4 -16.7 60 0 15.5 23.0 12.5 0.0 0 1 5 5 5
-143.6 2755.6 -18.1 48 0 7.7 13.2 7.5 0.0 0 1 3 4 4
-198.9 2835.4 -13.9 234 0 7.0 16.1 5.0 2.5 2 1 2 5 5
-183.9 2885.3 -10.9 330 0 9.5 15.3 10.0 2.5 2 1 4 4 4
-259.1 2784.8 -13.9 155 0 10.9 20.7 7.5 2.5 2 1 3 1 1
-218.3 2924.1 -8.4 241 0 14.5 13.0 5.0 2.5 2 0 2 5 5
-52.8 2873.5 -15.9 212 0 11.3 7.1 7.5 2.5 2 0 3 2 2
-75.3 2825.3 -17.7 203 0 6.7 9.7 2.5 2.5 2 1 1 4 4
-8.5 3037.8 -11.1 203 0 12.0 17.2 5.0 2.5 2 1 2 4 4
-59.5 2865.9 -16.2 208 0 6.3 11.1 5.0 2.5 2 1 2 5 5
-140.4 2911.1 -12.3 269 0 11.2 9.9 5.0 2.5 2 0 2 5 5
-98.6 2854.0 -15.9 16 0 11.2 22.2 5.0 2.5 2 1 2 4 4
-46.2 2849.0 -16.9 273 0 6.6 10.1 7.5 2.5 2 1 3 0 0
-23.5 2842.8 -16.9 267 0 11.6 17.6 2.5 2.5 2 1 1 3 3
14.9 2967.2 -12.2 176 0 7.1 12.4 5.0 0.0 0 1 2 5 5
-148.6 2938.8 -9.9 85 0 19.4 14.8 10.0 2.5 2 0 4 5 5
-3300.5 6307.0 -9.7 307 0 10.2 17.0 5.0 2.5 2 1 2 1 1
-3354.7 6248.3 -9.1 75 0 16.2 11.1 5.0 2.5 2 0 2 3 3
-3305.8 6179.1 -6.4 151 0 9.6 20.3 5.0 2.5 2 1 2 2 2
-3439.4 6381.6 -10.5 151 0 8.4 10.9 10.0 2.5 2 1 4 5 5
-3307.9 6530.7 -16.7 2 0 15.4 8.9 3.5 2.5 2 0 1 5 5
-3414.8 6473.2 -13.3 33 0 15.2 11.2 2.5 2.5 2 0 1 5 5
-3348.9 6275.7 -8.3 235 0 7.9 9.0 10.0 2.5 2 1 4 3 3
-3293.7 6172.4 -6.2 150 0 8.9 15.0 7.5 2.5 2 1 3 1 1
-3277.2 6157.2 -6.2 150 0 7.3 7.5 7.5 2.5 2 1 3 4 4
-3536.9 6538.4 -15.3 239 0 14.1 9.7 7.5 2.5 4 0 3 4 4
-3307.1 6500.7 -16.3 346 0 6.7 9.0 7.0 2.5 2 1 2 0 0
-3413.5 6445.8 -12.5 232 0 10.2 21.9 7.5 2.5 2 1 3 0 0
-3519.8 6497.5 -14.0 144 0 10.6 18.2 10.0 2.5 2 1 4 5 5
-3247.8 6144.8 -6.7 335 0 8.4 19.3 5.0 2.5 2 1 2 1 1
-3376.9 6397.6 -11.3 324 0 8.4 13.2 5.0 2.5 2 1 2 4 4
-3361.0 6284.7 -10.0 336 0 9.4 16.5 2.5 0.0 0 1 1 3 3
-3326.7 6331.0 -10.1 224 0 14.3 9.6 5.0 2.5 2 0 2 3 3
-3233.8 6183.1 -5.5 339 0 10.4 6.0 5.0 2.5 2 0 2 1 1
-3345.0 6351.4 -10.7 56 0 16.6 9.9 2.5 0.0 0 0 1 0 0
-3464.8 6447.9 -12.1 337 0 13.2 13.0 7.5 2.5 2 0 3 3 3
-3447.8 6373.1 -11.1 154 0 9.9 10.0 7.5 0.0 0 1 3 2 2
-3498.3 6589.9 -17.0 161 0 8.2 16.1 7.5 2.5 4 1 3 1 1
-3286.5 6140.1 -7.8 152 0 10.2 23.1 10.0 2.5 2 1 4 2 2
-3543.8 6554.7 -15.9 231 0 12.4 10.3 10.0 2.5 2 0 4 2 2
-3371.4 6519.1 -15.6 190 0 21.0 10.2 7.5 0.0 0 0 3 0 0
-3241.3 6111.4 -6.5 326 0 9.0 15.6 5.0 0.0 0 1 2 4 4
-3205.9 6020.8 -6.0 153 0 8.9 11.7 10.0 2.5 2 1 4 1 1
-3310.9 6509.6 -16.2 351 0 7.0 7.0 10.5 2.5 2 0 3 4 4
-3426.7 6363.5 -10.2 143 0 8.6 13.8 7.5 2.5 2 1 3 5 5
-3228.1 6071.4 -6.1 345 0 9.7 15.4 2.5 2.5 2 1 1 3 3
-3324.6 6193.9 -6.5 155 0 10.4 13.6 7.5 2.5 4 1 3 3 3
-3250.7 6216.9 -7.2 335 0 8.2 10.6 7.5 2.5 2 1 3 1 1
-3494.7 6476.1 -13.2 147 0 7.6 13.5 7.5 2.5 2 1 3 0 0
-3266.7 6232.9 -8.2 228 0 11.8 8.7 5.0 2.5 2 0 2 3 3
-3359.2 6666.6 -19.9 266 0 7.4 17.3 10.0 2.5 2 1 4 3 3
-3408.7 6254.7 -12.0 183 0 10.1 7.3 7.5 2.5 2 0 3 4 4
-3444.1 6495.6 -13.7 316 0 17.6 12.3 5.0 2.5 2 0 2 3 3
-3433.6 6316.0 -11.6 154 0 9.3 22.1 2.5 0.0 0 1 1 0 0
4581.7 -3018.1 -5.1 81 0 8.3 8.7 5.0 2.5 2 1 2 3 3
4783.7 -3103.1 3.5 2 0 10.8 9.2 10.0 2.5 2 0 4 3 3
4801.9 -2899.2 -1.1 167 0 11.6 12.2 7.5 0.0 0 1 3 2 2
4858.5 -2895.6 -2.0 15 0 10.6 7.4 5.0 2.5 2 0 2 0 0
4842.0 -2833.4 -2.3 296 0 9.1 12.3 7.5 2.5 2 1 3 3 3
4937.6 -2807.1 -3.9 354 0 10.1 15.3 5.0 2.5 2 1 2 5 5
4940.3 -2555.3 -13.5 14 0 6.6 10.9 5.0 0.0 0 1 2 5 5
4929.5 -2581.4 -10.6 17 0 11.5 8.1 10.0 2.5 2 0 4 0 0
4866.4 -2557.0 -13.5 25 0 7.1 10.0 5.0 2.5 2 1 2 0 0
4869.7 -2549.8 -14.0 25 0 8.7 12.7 5.0 0.0 0 1 2 3 3
4808.4 -2262.5 -16.7 354 0 11.9 9.3 14.0 3.5 2 0 4 3 3
4422.0 -1987.2 1.7 342 0 21.1 11.9 14.0 3.5 4 0 4 0 0
4750.3 -2026.7 -15.9 268 0 9.7 19.2 17.5 3.5 2 1 5 4 4
-2176.3 4314.8 -1.0 256 0 18.0 10.1 5.0 2.5 2 0 2 4 4
-2105.4 4352.8 -1.3 3 0 9.2 11.7 7.5 2.5 2 1 3 0 0
-2408.2 4814.0 6.3 222 0 11.9 38.4 17.5 0.0 0 1 7 0 0
4862.6 -4079.3 0.4 1 0 9.0 13.1 2.5 2.5 2 1 1 4 4
4459.8 -4065.6 8.5 87 0 15.2 8.5 10.0 0.0 0 0 4 4 4
4495.7 -4173.6 13.6 356 0 13.1 9.8 7.5 2.5 2 0 3 5 5
4548.4 -4034.2 7.3 66 0 11.3 13.4 5.0 2.5 2 1 2 2 2
4611.8 -3955.9 3.5 188 0 14.0 18.1 12.5 2.5 2 1 5 4 4
4802.1 -4199.6 0.1 287 0 15.1 9.6 7.5 2.5 2 0 3 4 4
4769.9 -4217.9 1.7 84 0 8.5 10.9 2.5 2.5 2 1 1 1 1
746.2 -2640.3 -12.8 319 0 14.1 9.3 7.5 0.0 0 0 3 5 5
727.9 -2602.8 -13.5 247 0 10.6 9.3 10.0 2.5 2 0 4 5 5
768.3 -2669.9 -11.7 339 0 10.2 8.9 2.5 2.5 2 0 1 3 3
762.6 -2681.3 -11.3 345 0 7.1 8.0 5.0 2.5 2 1 2 2 2
729.1 -2574.6 -13.8 70 0 10.3 7.9 5.0 2.5 2 0 2 2 2
712.3 -2580.6 -14.3 72 0 10.8 6.9 5.0 2.5 2 0 2 0 0
731.3 -2697.1 -11.2 86 0 10.0 18.4 10.0 2.5 2 1 4 1 1
604.1 -2554.9 -17.9 8 0 10.8 8.5 7.5 2.5 2 0 3 3 3
606.8 -2574.3 -17.0 273 0 10.6 14.6 2.5 2.5 2 1 1 2 2
649.9 -2586.4 -17.6 90 0 8.8 7.1 10.0 2.5 2 0 4 4 4
668.3 -2591.0 -16.4 95 0 9.7 10.7 2.5 2.5 2 1 1 4 4
685.0 -2588.0 -15.4 92 0 7.1 11.6 5.0 2.5 2 1 2 4 4
677.0 -2529.5 -16.1 251 0 8.8 8.4 7.5 2.5 4 0 3 3 3
688.0 -2544.1 -15.5 255 0 7.7 9.1 7.5 2.5 2 1 3 5 5
645.7 -2649.2 -14.8 250 0 7.7 6.9 7.5 2.5 4 0 3 5 5
633.9 -2638.5 -15.1 265 0 10.7 17.3 5.0 2.5 2 1 2 2 2
607.1 -2663.9 -14.4 186 0 11.9 9.0 2.5 2.5 2 0 1 5 5
682.2 -2611.0 -14.9 266 0 9.7 16.4 5.0 2.5 2 1 2 3 3
685.3 -2684.3 -12.5 89 0 8.8 12.2 2.5 0.0 0 1 1 0 0
564.2 -2699.0 -13.6 164 0 7.4 15.5 7.5 2.5 2 1 3 0 0
629.5 -2707.7 -12.9 352 0 8.1 14.0 5.0 2.5 2 1 2 5 5
562.1 -2727.5 -12.8 161 0 8.2 17.9 10.0 2.5 2 1 4 1 1
601.4 -2784.9 -10.6 359 0 11.0 13.0 5.0 2.5 2 1 2 0 0
507.1 -2768.7 -12.2 274 0 7.7 11.6 7.5 2.5 2 1 3 2 2
486.6 -2866.3 -8.0 4 0 7.7 13.4 7.5 2.5 2 1 3 2 2
468.3 -2813.4 -10.4 185 0 9.2 9.2 7.5 2.5 2 1 3 5 5
446.3 -3109.6 -7.2 256 0 10.2 17.7 7.5 2.5 2 1 3 2 2
476.1 -3208.3 -6.6 160 0 8.5 15.5 2.5 2.5 2 1 1 4 4
474.1 -3143.9 -7.3 348 0 12.8 13.4 7.5 2.5 2 1 3 4 4
446.6 -3187.8 -6.8 260 0 8.3 14.8 7.5 2.5 4 1 3 2 2
638.6 -3191.0 -6.4 15 0 25.5 10.0 10.0 2.5 2 0 4 5 5
639.6 -3218.4 -5.3 18 0 31.4 7.8 2.5 2.5 2 0 1 0 0
629.2 -3318.4 -5.1 85 0 10.7 9.5 7.5 2.5 2 0 3 0 0
623.8 -3271.0 -4.0 359 0 16.9 14.5 7.5 2.5 2 0 3 1 1
358.2 -3314.2 -10.6 0 0 7.7 11.2 2.5 0.0 0 1 1 3 3
455.3 -3223.8 -7.2 332 0 11.4 8.5 7.5 2.5 2 0 3 1 1
424.5 -3226.3 -7.0 153 0 8.0 14.5 5.0 2.5 4 1 2 5 5
524.2 -3410.7 -11.7 158 0 9.6 11.4 2.5 2.5 2 1 1 5 5
500.9 -3339.7 -10.7 152 0 8.8 10.6 7.5 2.5 2 1 3 5 5
506.2 -3362.9 -11.4 166 0 7.3 10.4 7.5 2.5 4 1 3 3 3
479.2 -3339.6 -12.9 343 0 6.2 7.5 7.5 2.5 2 1 3 0 0
480.4 -3367.4 -13.7 346 0 7.6 6.8 10.0 2.5 2 0 4 2 2
409.8 -3257.9 -9.1 0 0 8.0 10.0 5.0 2.5 2 1 2 4 4
362.7 -3266.1 -8.9 186 0 9.0 11.3 7.5 2.5 2 1 3 1 1
394.8 -3385.5 -14.4 3 0 6.2 10.0 7.5 2.5 2 1 3 1 1
328.7 -3486.1 -18.7 90 0 8.2 10.1 7.5 2.5 2 1 3 0 0
315.1 -3415.9 -14.6 93 0 7.7 13.4 10.0 2.5 4 1 4 3 3
399.3 -3340.6 -12.9 358 0 6.8 9.5 5.0 2.5 2 1 2 1 1
400.0 -3361.4 -13.7 0 0 7.1 12.1 5.0 2.5 2 1 2 3 3
349.8 -3345.7 -12.4 165 0 7.9 15.1 7.5 2.5 2 1 3 1 1
345.8 -3367.9 -13.4 175 0 7.2 12.9 10.0 0.0 0 1 4 5 5
346.8 -3390.6 -14.2 174 0 8.7 11.8 7.5 2.5 4 1 3 2 2
24.6 -3387.4 -9.6 185 0 7.5 10.9 5.0 2.5 2 1 2 0 0
62.6 -3335.3 -10.0 180 0 8.3 11.5 10.0 0.0 0 1 4 3 3
104.8 -3278.5 -11.4 180 0 10.7 11.5 5.0 0.0 0 1 2 0 0
106.0 -3136.9 -9.5 188 0 8.4 15.9 5.0 0.0 0 1 2 5 5
1239.6 -3567.7 -12.5 75 0 14.1 11.7 2.5 2.5 2 0 1 5 5
1225.3 -3339.3 -10.5 163 0 10.2 14.3 10.0 2.5 2 1 4 4 4
1189.7 -3346.0 -10.4 0 0 7.1 12.1 5.0 2.5 2 1 2 0 0
1233.2 -3357.7 -10.6 169 0 10.6 10.9 7.5 2.5 2 1 3 3 3
1234.2 -3368.7 -10.6 180 0 11.6 9.4 5.0 2.5 2 0 2 3 3
1217.1 -3314.5 -10.6 172 0 12.6 20.5 5.0 2.5 2 1 2 5 5
1222.7 -3337.3 -10.5 159 0 10.1 14.9 10.0 2.5 2 1 4 4 4
1050.8 -3247.0 -14.4 248 0 16.1 9.6 7.5 2.5 4 0 3 4 4
1149.5 -3246.3 -11.9 278 0 14.1 17.4 2.5 2.5 2 1 1 1 1
1099.8 -3259.5 -12.6 264 0 10.9 18.8 5.0 2.5 2 1 2 3 3
1065.9 -3296.4 -12.5 181 0 13.7 9.2 7.5 2.5 2 0 3 0 0
1079.9 -3354.6 -11.1 180 0 6.5 14.2 7.5 2.5 2 1 3 4 4
932.0 -3453.3 -12.4 182 0 7.4 10.5 5.0 2.5 2 1 2 5 5
1032.8 -3458.2 -14.3 76 0 7.4 12.5 7.5 2.5 2 1 3 0 0
942.3 -3514.2 -12.5 167 0 6.4 9.1 10.0 2.5 2 1 4 4 4
934.2 -3491.4 -11.8 164 0 17.3 10.5 7.5 2.5 2 0 3 3 3
1026.5 -2884.9 -15.7 78 0 7.8 8.5 5.0 2.5 2 1 2 4 4
909.5 -3082.2 -9.4 219 0 7.9 9.5 5.0 0.0 0 1 2 3 3
927.8 -3081.6 -9.7 227 0 7.3 9.2 5.0 0.0 0 1 2 4 4
982.1 -3019.9 -11.7 90 0 9.1 13.6 7.5 2.5 2 1 3 1 1
826.3 -3028.2 -8.2 21 0 8.3 11.5 7.5 2.5 2 1 3 5 5
790.2 -3018.5 -8.9 291 0 8.7 9.2 5.0 0.0 0 1 2 4 4
815.7 -2986.9 -9.0 357 0 9.8 9.2 2.5 2.5 4 0 1 1 1
847.5 -2971.8 -9.9 164 0 8.6 12.1 7.5 2.5 2 1 3 5 5
841.7 -2968.3 -9.9 168 0 10.3 12.6 5.0 2.5 4 1 2 1 1
844.7 -3000.3 -9.2 175 0 10.7 9.2 10.0 0.0 0 0 4 0 0
641.4 -5912.4 -6.4 80 0 11.5 8.2 5.0 2.5 2 0 2 3 3
685.0 -5738.3 -8.7 88 0 10.1 7.1 10.0 2.5 2 0 4 5 5
604.0 -5739.7 -4.4 90 0 10.3 9.2 7.5 2.5 2 0 3 4 4
446.6 -5850.5 -2.1 90 0 19.5 14.8 10.0 2.5 2 0 4 4 4
403.4 -5745.9 -2.0 77 0 16.0 15.8 7.5 2.5 2 0 3 2 2
592.0 -5543.2 -4.8 62 0 9.9 10.7 7.5 2.5 2 1 3 4 4
400.2 -5625.4 -2.2 354 0 8.1 11.9 5.0 2.5 2 1 2 3 3
397.4 -5594.6 -2.2 339 0 10.8 9.7 5.0 2.5 2 0 2 3 3
488.1 -5585.1 -3.3 80 0 9.8 12.6 2.5 2.5 2 1 1 4 4
534.7 -5453.2 -4.4 252 0 7.8 7.8 2.5 2.5 2 1 1 5 5
554.5 -5419.6 -5.2 85 0 9.4 11.0 7.5 2.5 2 1 3 1 1
492.1 -5428.4 -5.2 335 0 10.5 13.8 7.5 2.5 2 1 3 2 2
517.4 -5303.9 -8.1 1 0 11.0 8.0 2.5 2.5 2 0 1 3 3
443.0 -5252.2 -8.2 162 0 8.7 9.0 7.5 2.5 2 1 3 2 2
575.2 -5134.7 -14.1 357 0 6.5 11.3 5.0 2.5 4 1 2 2 2
561.3 -5200.6 -12.1 69 0 13.1 9.2 10.0 2.5 2 0 4 3 3
499.5 -5206.7 -10.7 258 0 17.6 10.0 7.5 0.0 0 0 3 1 1
835.1 -5269.3 -13.9 156 0 8.8 16.3 10.0 2.5 2 1 4 1 1
789.5 -5262.5 -13.3 86 0 14.9 10.4 2.5 2.5 2 0 1 3 3
742.3 -5111.3 -12.6 177 0 15.8 10.2 7.5 2.5 2 0 3 4 4
784.4 -5136.4 -13.7 269 0 20.0 11.6 5.0 2.5 2 0 2 5 5
800.1 -5203.5 -13.3 6 0 8.1 9.8 5.0 2.5 4 1 2 5 5
800.0 -5226.2 -13.3 351 0 9.0 20.8 2.5 2.5 2 1 1 4 4
842.0 -5238.2 -14.4 182 0 8.9 15.8 10.0 2.5 2 1 4 2 2
841.6 -5217.3 -14.2 171 0 7.5 10.3 5.0 2.5 2 1 2 5 5
845.9 -5159.4 -14.6 183 0 6.8 8.3 7.5 2.5 2 1 3 4 4
833.5 -5113.9 -12.8 341 0 8.4 7.8 7.5 2.5 2 0 3 2 2
822.3 -5106.2 -12.5 351 0 7.5 7.9 5.0 2.5 2 1 2 5 5
810.0 -5055.9 -12.3 180 0 8.3 14.2 5.0 2.5 4 1 2 5 5
821.7 -5025.2 -13.7 185 0 10.4 10.9 7.5 2.5 2 1 3 4 4
943.9 -4576.4 -17.1 184 0 7.8 13.1 5.0 2.5 2 1 2 5 5
946.6 -4692.5 -14.4 183 0 11.9 12.4 5.0 2.5 2 1 2 1 1
933.0 -4650.8 -14.0 0 0 9.8 13.9 7.5 2.5 4 1 3 1 1
880.4 -5178.5 -16.4 356 0 8.3 17.9 7.5 2.5 2 1 3 1 1
862.7 -4961.1 -12.4 358 0 10.1 13.5 2.5 2.5 4 1 1 4 4
858.0 -4911.3 -11.7 285 0 13.8 9.5 7.5 2.5 2 0 3 5 5
889.1 -5076.1 -12.9 0 0 7.7 17.4 5.0 2.5 2 1 2 2 2
868.3 -5105.4 -13.9 174 0 8.1 12.3 7.5 2.5 2 1 3 5 5
4525.6 -1846.3 -5.5 348 0 15.3 9.3 21.0 0.0 0 0 6 2 2
-635.0 3659.5 -10.4 323 0 6.6 9.5 7.5 2.5 4 1 3 5 5
-626.5 3629.6 -9.5 331 0 8.4 12.2 7.5 2.5 2 1 3 1 1
-691.1 3569.9 -7.2 222 0 17.2 6.7 2.5 0.0 0 0 1 5 5
-773.4 3437.3 -6.2 230 0 13.3 11.2 7.5 2.5 2 0 3 5 5
-758.6 3397.2 -7.2 146 0 7.1 7.5 5.0 2.5 2 1 2 1 1
-749.4 3385.3 -7.4 152 0 9.6 9.0 7.5 2.5 2 0 3 4 4
-712.8 3337.3 -8.0 136 0 7.9 16.9 2.5 2.5 2 1 1 4 4
-558.2 3242.8 -7.8 314 0 9.9 11.8 10.0 2.5 2 1 4 5 5
-567.1 3201.0 -7.3 137 0 9.0 22.8 10.0 2.5 2 1 4 5 5
-516.6 3181.7 -6.9 313 0 9.2 7.0 7.5 2.5 2 0 3 2 2
-501.0 3176.5 -6.8 313 0 7.6 10.0 7.5 2.5 2 1 3 5 5
-408.2 3054.2 -5.0 239 0 6.4 6.7 5.0 2.5 2 1 2 0 0
6365.7 -5622.4 4.4 270 0 6.4 10.6 5.0 2.5 4 1 2 2 2
6331.0 -5629.1 2.1 181 0 11.0 16.8 5.0 0.0 0 1 2 4 4
6362.1 -5649.6 3.9 0 0 9.6 7.8 2.5 2.5 2 0 1 3 3
6352.0 -5667.6 3.6 164 0 10.6 10.3 7.5 2.5 2 0 3 4 4
6343.6 -5668.6 3.1 172 0 10.6 7.9 7.5 2.5 2 0 3 4 4
6419.1 -5610.5 8.1 274 0 12.4 6.2 7.5 2.5 2 0 3 5 5
6451.7 -5772.0 9.1 83 0 12.2 8.7 5.0 2.5 2 0 2 5 5
6466.2 -5711.9 10.6 261 0 13.5 14.4 10.0 2.5 2 1 4 3 3
6476.5 -5750.5 10.9 89 0 6.5 11.1 10.0 2.5 2 1 4 5 5
6523.9 -5776.2 12.4 91 0 10.7 15.1 7.5 2.5 2 1 3 5 5
6530.3 -5736.2 13.3 358 0 22.9 10.9 7.5 2.5 2 0 3 4 4
6255.1 -5476.0 -3.4 6 0 7.6 19.2 5.0 2.5 2 1 2 2 2
6258.4 -5508.7 -3.6 8 0 10.3 14.2 5.0 2.5 2 1 2 3 3
4197.4 -1925.4 1.3 220 0 11.8 16.9 17.5 3.5 2 1 5 0 0
4195.9 -1853.1 0.6 237 0 20.8 20.2 17.5 0.0 0 0 5 4 4
4194.6 -1911.7 0.9 138 0 17.8 6.4 17.5 3.5 2 0 5 0 0
4235.2 -1929.0 2.0 129 0 7.0 9.7 17.5 3.5 2 1 5 0 0
4305.5 -1912.6 1.8 59 0 6.4 22.2 17.5 0.0 0 1 5 3 3
4189.1 -1765.4 -2.7 157 0 15.3 19.7 17.5 3.5 4 1 5 1 1
4248.8 -1787.6 -0.5 39 0 14.2 28.2 17.5 0.0 0 1 5 0 0
4229.5 -1812.5 0.1 62 0 9.0 15.9 17.5 3.5 2 1 5 5 5
4206.5 -1814.7 -0.5 53 0 6.8 15.8 17.5 3.5 2 1 5 0 0
6317.6 -5561.4 0.0 270 0 6.4 7.6 7.5 2.5 2 1 3 1 1
6323.1 -5550.6 -0.1 271 0 16.4 17.7 12.5 2.5 2 1 5 2 2
6313.6 -5569.9 -0.9 273 0 13.2 13.8 5.0 0.0 0 1 2 1 1
4229.4 -2129.0 5.3 286 0 9.8 13.2 10.5 3.5 2 1 3 2 2
4241.1 -2133.3 6.1 288 0 9.7 12.8 10.5 3.5 2 1 3 5 5
4204.3 -2118.8 3.1 298 0 14.8 20.6 10.5 3.5 2 1 3 2 2
4257.5 -2200.0 6.5 201 0 9.2 13.1 10.5 3.5 4 1 3 1 1
4248.8 -2208.9 6.4 206 0 12.2 13.9 10.5 3.5 2 1 3 0 0
4247.9 -2244.2 6.7 186 0 18.2 8.2 10.5 3.5 2 0 3 5 5
4275.7 -2300.5 4.7 98 0 9.1 16.0 10.5 3.5 2 1 3 2 2
4298.2 -2308.3 1.2 166 0 11.3 32.8 10.5 3.5 2 1 3 1 1
-731.5 1162.7 -3.4 95 0 8.9 8.8 2.5 2.5 2 0 1 4 4
-727.1 1179.3 -4.1 175 0 16.3 12.6 2.5 0.0 0 0 1 0 0
-699.1 1190.1 -4.6 2 0 17.6 19.0 7.5 0.0 0 1 3 2 2
-540.0 1173.8 -6.2 266 0 9.2 20.8 7.5 2.5 4 1 3 3 3
-584.2 1242.1 -8.0 89 0 12.2 20.0 5.0 2.5 2 1 2 0 0
-589.6 1174.7 -5.7 277 0 9.9 21.2 5.0 2.5 2 1 2 4 4
-691.7 1311.8 -8.4 283 0 7.9 12.8 2.5 2.5 2 1 1 5 5
-693.3 1281.1 -7.6 29 0 12.2 11.9 5.0 2.5 2 0 2 5 5
-676.6 1270.9 -7.4 357 0 12.2 15.3 2.5 0.0 0 1 1 4 4
-725.2 1268.8 -7.2 100 0 13.2 16.6 5.0 2.5 2 1 2 1 1
684.3 1617.6 -15.6 248 0 81.8 46.0 12.5 0.0 0 0 5 5 5
-254.3 2642.0 -16.5 80 0 8.0 9.8 5.0 2.5 2 1 2 5 5
2954.6 -1218.5 -8.5 249 0 9.4 14.4 5.0 2.5 2 1 2 4 4
4289.9 -1631.3 -8.4 331 0 11.5 15.7 17.5 3.5 2 1 5 3 3
4245.2 -1593.7 -14.0 246 0 19.1 13.6 17.5 3.5 2 0 5 1 1
4204.5 -1614.6 -16.8 244 0 10.4 7.2 17.5 3.5 2 0 5 4 4
4233.8 -1661.0 -10.5 335 0 9.1 19.5 17.5 3.5 2 1 5 5 5
4277.9 -1591.7 -11.3 339 0 10.7 15.8 17.5 3.5 2 1 5 2 2
4274.9 -1605.8 -10.6 337 0 10.4 11.9 17.5 3.5 2 1 5 5 5
4257.0 -1608.5 -11.1 243 0 8.9 6.0 17.5 0.0 0 0 5 5 5
4169.0 -1661.3 -13.7 167 0 8.3 11.6 17.5 3.5 2 1 5 0 0
4162.1 -1647.4 -15.6 166 0 9.1 13.2 17.5 3.5 4 1 5 3 3
4173.4 -1685.8 -11.2 159 0 13.2 12.0 17.5 3.5 2 0 5 3 3
4163.1 -1626.3 -17.3 248 0 15.7 13.0 17.5 3.5 2 0 5 3 3
-4873.8 6506.8 -14.7 292 0 8.9 12.0 2.5 0.0 0 1 1 5 5
-4848.2 6575.6 -13.1 6 0 9.0 22.5 5.0 2.5 2 1 2 2 2
-4826.9 6446.4 -15.8 92 0 7.6 7.9 7.5 2.5 2 1 3 4 4
-4707.2 6495.8 -16.1 273 0 16.7 9.7 10.0 2.5 2 0 4 0 0
-4773.5 6447.8 -16.2 186 0 7.2 12.5 2.5 2.5 2 1 1 0 0
-4777.8 6522.5 -13.1 275 0 11.6 8.5 5.0 2.5 2 0 2 5 5
-4789.2 6499.9 -13.9 176 0 10.1 13.9 7.5 2.5 2 1 3 2 2
-4781.6 6824.4 -15.6 3 0 13.5 12.4 7.5 2.5 2 0 3 1 1
-4836.5 6831.6 -15.0 272 0 12.0 14.3 5.0 2.5 2 1 2 4 4
-4875.2 6807.4 -14.0 181 0 11.1 14.3 7.5 2.5 2 1 3 3 3
-4867.5 6771.9 -13.5 178 0 11.4 16.9 7.5 2.5 4 1 3 1 1
-4925.8 6494.4 -13.9 188 0 12.3 11.2 2.5 2.5 2 0 1 5 5
-4886.4 6510.9 -14.7 284 0 12.8 7.3 7.5 2.5 2 0 3 5 5
-4859.3 6606.3 -11.9 191 0 9.2 7.9 7.5 2.5 2 0 3 5 5
-4829.1 6709.7 -13.8 183 0 12.3 18.7 7.5 2.5 2 1 3 5 5
-4787.1 6681.2 -13.9 359 0 10.5 8.9 5.0 2.5 2 0 2 2 2
-4720.9 6743.1 -15.4 3 0 9.2 7.7 7.5 2.5 2 0 3 4 4
-4752.8 6678.1 -14.9 203 0 7.2 18.3 5.0 2.5 2 1 2 4 4
-4787.6 6602.3 -12.9 208 0 6.7 22.3 5.0 2.5 4 1 2 5 5
-4792.5 6553.7 -12.1 201 0 6.8 16.7 7.5 2.5 2 1 3 4 4
-4808.0 6873.9 -16.1 95 0 19.5 8.8 7.5 2.5 2 0 3 1 1
-4692.5 6895.5 -16.0 359 0 11.3 21.9 7.5 2.5 2 1 3 5 5
-4645.6 6918.6 -16.1 357 0 12.3 18.8 2.5 2.5 2 1 1 1 1
-4663.0 6886.7 -15.6 174 0 11.5 15.1 2.5 2.5 2 1 1 2 2
-4677.1 6812.5 -17.0 200 0 9.0 13.5 7.5 2.5 2 1 3 3 3
-4719.5 6809.3 -15.4 20 0 10.1 16.6 7.5 2.5 2 1 3 1 1
4579.6 -1753.2 -12.3 270 1 12.7 15.1 21.0 0.0 0 1 6 5 5
4347.7 -1776.4 -4.1 1 0 9.6 31.3 17.5 0.0 0 1 5 0 0
4340.3 -1857.7 -1.6 69 0 16.4 11.1 17.5 3.5 2 0 5 1 1
4302.9 -1861.3 0.2 51 0 12.3 21.7 17.5 3.5 4 1 5 1 1
4364.8 -1855.5 -2.7 65 0 21.2 6.4 17.5 3.5 2 0 5 5 5
4282.3 -1765.4 -2.4 214 0 9.0 14.2 17.5 3.5 2 1 5 4 4
4279.9 -1722.5 -5.0 359 0 10.1 16.2 17.5 3.5 4 1 5 0 0
4268.1 -1736.7 -3.4 344 0 10.1 8.0 17.5 3.5 2 0 5 3 3
4203.9 -1717.3 -6.8 144 0 6.9 11.8 17.5 3.5 2 1 5 0 0
4210.8 -1713.2 -6.4 178 0 13.4 8.4 17.5 3.5 2 0 5 3 3
4242.7 -2034.0 3.9 285 0 11.7 23.8 17.5 3.5 2 1 5 2 2
4260.4 -2034.4 4.8 288 0 9.9 28.6 17.5 3.5 2 1 5 4 4
4277.4 -2042.2 5.9 288 0 9.2 33.0 17.5 3.5 2 1 5 2 2
4263.3 -2095.4 6.2 107 0 13.2 15.0 17.5 3.5 2 1 5 1 1
4278.6 -2119.6 7.1 110 0 13.8 25.1 17.5 3.5 2 1 5 1 1
4290.5 -2046.9 6.5 289 0 11.9 33.3 17.5 3.5 4 1 5 4 4
4299.6 -2073.3 7.3 353 0 8.0 12.9 17.5 3.5 2 1 5 2 2
4319.0 -2082.4 8.1 13 0 14.0 12.8 17.5 3.5 2 0 5 0 0
4293.2 -2203.1 7.2 293 0 10.5 12.3 10.5 3.5 4 1 3 2 2
4277.7 -2152.3 6.4 281 0 13.5 18.7 10.5 0.0 0 1 3 3 3
4418.0 -2192.5 3.6 33 0 20.4 12.2 17.5 3.5 2 0 5 5 5
4426.2 -2133.9 3.3 6 0 26.9 8.8 17.5 3.5 4 0 5 1 1
4411.7 -2103.2 4.4 9 0 13.1 22.8 17.5 3.5 2 1 5 0 0
4404.7 -2076.0 4.8 275 0 7.4 16.3 17.5 3.5 2 1 5 1 1
4217.2 -1868.3 1.4 227 0 6.7 27.2 17.5 3.5 2 1 5 2 2
