1190.0 551.2 -12.5 264 0 10.2 9.3 10.5 3.5 2 0 3 3 3
1196.6 352.5 -13.9 246 0 12.1 9.8 14.0 3.5 2 0 4 2 2
1224.0 520.2 -11.8 271 0 18.0 18.5 10.5 3.5 2 1 3 3 3
1193.0 457.2 -12.5 256 0 16.9 31.8 14.0 0.0 0 1 4 5 5
1238.3 370.2 -14.0 249 0 7.4 21.8 14.0 3.5 2 1 4 2 2
1232.3 468.0 -11.6 166 0 17.6 11.9 10.5 3.5 2 0 3 4 4
1172.1 539.4 -13.3 83 0 8.0 11.2 10.5 3.5 2 1 3 1 1
-519.1 -2828.8 -4.9 214 0 6.2 13.7 7.5 0.0 0 1 3 1 1
1208.1 -4530.1 -17.0 58 0 9.2 13.4 10.0 2.5 2 1 4 3 3
272.2 -5040.7 -12.5 202 0 12.6 22.9 10.0 2.5 2 1 4 5 5
1166.1 -4523.9 -16.5 76 0 8.7 18.3 7.5 2.5 2 1 3 3 3
-446.8 -2822.8 -6.3 192 0 11.5 14.3 2.5 2.5 2 1 1 5 5
1196.8 -4494.1 -16.7 335 0 11.9 6.3 7.5 2.5 2 0 3 5 5
281.3 -4955.3 -11.6 20 0 12.3 8.0 7.5 2.5 2 0 3 1 1
385.4 -4977.6 -12.4 297 0 8.6 11.8 5.0 2.5 2 1 2 4 4
-3062.3 -4374.2 14.9 11 0 9.1 18.2 7.5 2.5 2 1 3 4 4
-3058.2 -4436.7 19.0 196 0 7.4 8.8 10.0 0.0 0 1 4 2 2
-457.6 -2851.8 -5.8 174 0 11.9 8.7 7.5 2.5 2 0 3 3 3
-481.6 -2858.5 -5.2 218 0 9.8 13.1 5.0 2.5 2 1 2 4 4
-3203.2 -4640.4 22.3 8 0 11.1 8.3 10.0 2.5 2 0 4 0 0
-383.3 -2920.3 -5.4 92 0 22.3 10.5 7.5 2.5 2 0 3 2 2
326.8 -5022.3 -12.5 11 0 9.1 15.9 7.5 2.5 2 1 3 2 2
-2578.2 -3607.4 9.2 90 0 17.1 9.5 5.0 0.0 0 0 2 1 1
-3416.1 -5009.5 28.0 35 0 6.0 12.8 7.5 2.5 4 1 3 3 3
-3038.7 -4300.1 13.0 97 0 8.0 12.5 7.5 2.5 2 1 3 4 4
358.7 -4931.0 -12.6 297 0 12.7 8.6 7.5 2.5 2 0 3 4 4
-2914.2 -4219.6 13.8 14 0 9.8 16.1 5.0 2.5 2 1 2 5 5
-2835.9 -3967.6 11.9 259 0 6.5 8.2 5.0 2.5 2 1 2 2 2
-2579.2 -3768.7 9.3 208 0 13.1 20.4 10.0 2.5 2 1 4 3 3
-399.3 -2901.9 -4.9 276 0 9.2 8.2 10.0 2.5 2 0 4 3 3
-2525.6 -3502.0 7.3 95 0 10.9 10.7 5.0 2.5 2 0 2 3 3
360.6 -4952.0 -12.6 295 0 10.4 10.2 7.5 2.5 2 0 3 5 5
290.1 -5076.6 -11.9 32 0 18.5 9.0 7.5 2.5 2 0 3 1 1
238.3 -4922.0 -10.9 277 0 9.3 12.9 7.5 2.5 2 1 3 4 4
-2589.3 -3320.7 4.9 217 0 9.3 16.7 7.5 2.5 4 1 3 3 3
-2518.2 -3661.4 12.8 185 0 10.7 17.0 10.0 2.5 2 1 4 5 5
-2786.6 -3800.3 8.8 85 0 13.6 10.1 7.5 0.0 0 0 3 1 1
-2634.8 -3210.9 5.5 187 0 9.1 16.6 7.5 2.5 2 1 3 5 5
2749.2 -1812.0 -20.2 291 0 12.7 13.9 5.0 2.5 2 1 2 0 0
2782.1 -1800.9 -20.6 293 0 8.9 15.5 5.0 0.0 0 1 2 2 2
2860.1 -1611.6 -23.2 297 0 10.1 16.2 5.0 2.5 2 1 2 4 4
3247.8 -1581.1 -31.9 294 0 6.1 10.8 5.0 2.5 2 1 2 5 5
3647.6 -1367.2 -30.4 347 0 9.6 14.2 5.0 2.5 4 1 2 5 5
3630.3 -1296.5 -31.8 213 0 11.3 11.7 2.5 2.5 2 1 1 4 4
3610.5 -1315.3 -31.6 209 0 12.0 17.2 5.0 2.5 2 1 2 2 2
-407.5 -5910.4 -3.5 120 0 9.9 13.3 5.0 2.5 2 1 2 0 0
-406.5 -5875.0 -1.2 120 0 7.5 28.2 7.5 2.5 2 1 3 1 1
-384.4 -5872.2 -2.3 30 0 27.6 10.7 12.5 2.5 2 0 5 5 5
-377.4 -5830.8 -2.7 297 0 16.6 13.8 5.0 2.5 2 0 2 2 2
-456.8 -5802.5 5.3 223 0 9.6 15.7 10.0 2.5 2 1 4 1 1
-438.9 -5825.2 2.4 130 0 21.5 10.8 5.0 2.5 2 0 2 1 1
4278.1 207.8 -29.6 44 0 14.9 11.6 10.0 2.5 4 0 4 1 1
2135.4 -398.3 -21.7 162 0 10.7 8.4 2.5 2.5 2 0 1 0 0
2202.2 -366.3 -24.9 257 0 7.2 12.8 5.0 2.5 2 1 2 0 0
2232.0 -523.8 -27.6 74 0 21.2 7.7 7.5 2.5 2 0 3 1 1
2242.6 -473.0 -25.9 321 0 8.0 9.0 7.5 2.5 2 1 3 3 3
2244.5 -503.5 -27.3 52 0 8.8 23.2 7.5 2.5 2 1 3 4 4
2180.6 -501.9 -23.7 140 0 20.4 11.7 10.0 2.5 2 0 4 0 0
2197.3 -533.3 -25.9 137 0 8.0 25.9 7.5 2.5 2 1 3 3 3
2230.4 -447.8 -24.8 324 0 32.6 10.1 10.0 2.5 2 0 4 3 3
2169.6 -452.8 -22.5 228 0 11.1 21.2 5.0 2.5 2 1 2 5 5
2029.2 -657.9 -28.1 334 0 9.5 60.9 10.0 0.0 0 1 4 4 4
1899.9 -717.5 -27.9 190 0 58.7 9.5 10.0 2.5 2 0 4 1 1
