-2971.4 4720.1 6.7 268 0 14.9 12.6 7.5 2.5 2 0 3 4 4
-3056.4 4797.3 7.7 255 0 7.5 39.3 10.0 2.5 2 0 4 0 0
-3082.5 4775.8 8.3 255 0 8.2 13.9 7.5 2.5 2 0 3 3 3
-3129.8 4759.9 7.2 255 0 9.9 28.0 10.0 2.5 2 0 4 5 5
-3102.7 4702.5 6.9 75 0 8.4 33.0 7.5 2.5 2 0 3 2 2
-3083.9 4790.4 8.0 255 0 22.4 9.0 7.5 2.5 2 0 3 4 4
-3144.5 4765.3 6.8 255 0 9.4 38.0 10.0 2.5 2 0 4 2 2
-3104.6 4737.9 7.6 75 0 25.0 10.1 7.5 2.5 2 0 3 0 0
-3037.5 4727.4 8.1 75 0 8.2 26.1 7.5 2.5 2 0 3 0 0
-3092.6 4705.7 7.3 75 0 7.7 24.6 2.5 2.5 2 0 1 1 1
6855.7 6262.9 -34.2 201 0 13.2 16.7 7.5 2.5 2 1 3 5 5
6880.3 6362.2 -34.4 353 0 8.6 13.6 2.5 2.5 2 1 1 4 4
6885.9 6147.2 -32.3 336 0 8.4 16.8 7.5 2.5 2 1 3 4 4
6880.9 6126.6 -31.9 61 0 9.9 6.3 7.5 2.5 2 0 3 0 0
6848.1 6203.4 -33.3 164 0 13.9 22.2 10.0 2.5 2 1 4 5 5
6874.1 6339.9 -34.1 90 0 13.0 8.3 7.5 2.5 2 0 3 2 2
6852.7 6177.8 -32.7 152 0 7.1 18.2 5.0 2.5 2 1 2 4 4
6857.8 6164.2 -32.6 152 0 8.0 18.2 7.5 2.5 2 1 3 0 0
5372.5 5101.5 -3.4 253 0 34.4 8.9 12.5 2.5 2 0 5 1 1
2011.7 5790.5 -11.0 22 0 33.2 18.1 12.5 0.0 0 0 5 3 3
1845.1 5012.9 -6.9 271 0 21.6 22.0 10.5 3.5 2 1 3 4 4
1605.8 5133.1 -6.5 33 0 30.5 13.2 14.0 3.5 2 0 4 5 5
1940.4 5767.3 -9.7 115 0 67.3 22.9 10.0 2.5 2 0 4 3 3
1794.7 5012.5 -6.5 189 0 14.9 22.3 10.5 3.5 2 1 3 2 2
1817.0 5095.2 -10.4 118 0 33.6 18.6 10.0 0.0 0 0 4 1 1
1635.7 5263.2 -8.5 290 0 27.7 36.3 14.0 0.0 0 1 4 4 4
1700.2 5438.3 1.8 182 0 28.3 20.9 10.5 3.5 2 0 3 3 3
1714.5 5383.1 -0.9 8 0 26.8 18.6 10.5 3.5 2 0 3 5 5
1668.0 5312.9 -4.8 214 0 26.2 14.7 10.5 3.5 2 0 3 3 3
1737.2 4919.5 -4.8 111 0 18.0 38.4 14.0 3.5 2 1 4 0 0
1773.9 5336.8 -8.2 216 0 20.6 28.5 14.0 3.5 2 1 4 3 3
2239.5 -1029.0 22.4 203 0 8.4 10.9 7.5 0.0 0 1 3 2 2
2304.7 -949.3 27.0 82 0 17.8 18.2 12.5 2.5 4 1 5 3 3
2311.8 -841.0 26.4 197 0 10.3 18.8 5.0 2.5 2 1 2 2 2
2267.7 450.7 25.7 160 0 14.2 54.8 12.5 2.5 2 1 5 2 2
1976.2 5062.6 -4.7 86 0 21.3 12.5 14.0 3.5 4 0 4 5 5
1714.4 5254.1 -10.5 211 0 17.4 17.1 14.0 3.5 2 0 4 0 0
1697.5 5223.2 -10.4 212 0 28.3 19.9 14.0 3.5 4 0 4 1 1
1646.1 5196.6 -8.5 32 0 29.0 6.5 14.0 0.0 0 0 4 2 2
1378.4 5341.1 -9.9 100 0 54.1 44.9 14.0 0.0 0 0 4 3 3
1731.4 5279.2 -11.2 208 0 34.4 25.7 14.0 0.0 0 0 4 5 5
6666.8 2644.6 7.3 354 0 10.5 12.9 5.0 2.5 2 1 2 3 3
6548.9 3949.2 10.2 21 0 11.4 15.2 7.5 2.5 2 1 3 2 2
6271.6 4293.1 14.0 5 0 17.7 10.7 10.0 2.5 2 0 4 5 5
6491.1 3608.9 20.5 175 0 11.9 15.6 5.0 2.5 2 1 2 3 3
6690.7 2695.5 4.7 118 0 13.9 6.6 7.5 0.0 0 0 3 4 4
6512.5 3919.3 13.4 207 0 10.0 13.2 7.5 2.5 2 1 3 0 0
6379.7 4105.6 15.4 351 0 18.3 25.9 12.5 2.5 2 1 5 3 3
6446.2 3734.7 22.1 17 0 12.2 19.9 5.0 0.0 0 1 2 0 0
6705.2 2609.8 2.1 3 0 11.5 15.1 7.5 2.5 2 1 3 2 2
6770.6 3744.7 10.3 90 0 11.1 16.1 5.0 2.5 2 1 2 2 2
6737.6 3796.0 11.0 358 0 8.9 13.7 5.0 2.5 2 1 2 2 2
-449.2 6532.9 -19.9 179 0 10.5 20.6 12.5 2.5 2 1 5 0 0
-415.4 6562.9 -19.9 297 0 6.9 19.7 12.5 2.5 4 1 5 3 3
-5151.5 2922.0 0.6 107 0 23.0 10.7 5.0 0.0 0 0 2 4 4
-5130.4 2954.1 -2.1 15 0 10.6 30.9 12.5 2.5 4 1 5 0 0
-5112.7 2967.6 -3.6 14 0 9.0 24.3 7.5 2.5 2 1 3 5 5
-5137.5 2910.9 -0.5 106 0 7.5 23.9 5.0 2.5 4 1 2 4 4
-5128.9 2904.7 -0.9 110 0 9.7 25.6 5.0 0.0 0 1 2 3 3
-5151.6 2981.1 -2.1 277 0 27.6 9.6 12.5 2.5 2 0 5 3 3
-5197.1 2941.8 3.9 198 0 12.5 30.4 12.5 2.5 2 1 5 0 0
-6162.5 3014.6 -2.9 146 0 18.1 14.6 5.0 2.5 2 0 2 1 1
-6045.1 2861.7 4.4 93 0 21.8 11.6 12.5 2.5 2 0 5 4 4
-6172.2 2959.1 0.0 269 0 7.7 8.4 2.5 2.5 2 1 1 2 2
-6182.7 2963.8 -0.1 272 0 10.8 15.6 10.0 2.5 4 1 4 4 4
-6116.3 2921.9 -0.9 175 0 6.3 18.8 10.0 0.0 0 1 4 3 3
-6103.5 2982.3 -3.4 249 0 10.9 23.8 10.0 2.5 2 1 4 5 5
-6031.4 2969.5 -2.1 79 0 17.9 16.8 17.5 0.0 0 0 7 3 3
-2048.4 -4056.2 -2.9 5 0 9.1 11.1 7.5 2.5 4 1 3 0 0
-3393.9 -5165.1 8.8 167 0 15.4 16.0 5.0 2.5 2 1 2 1 1
6708.0 6722.5 -33.6 359 0 9.1 12.1 7.5 2.5 2 1 3 2 2
6681.2 6797.8 -27.8 276 0 16.5 9.0 5.0 2.5 2 0 2 4 4
6652.3 6729.6 -31.8 88 0 9.2 20.1 7.5 2.5 4 1 3 1 1
6633.0 6796.8 -29.4 270 0 7.4 12.2 10.0 2.5 2 1 4 2 2
6382.0 6734.9 -17.5 209 0 7.3 13.2 7.5 2.5 2 1 3 3 3
6436.1 6736.2 -21.0 286 0 8.7 12.4 2.5 2.5 2 1 1 5 5
1885.5 5502.2 -9.7 206 0 16.7 18.7 14.0 3.5 2 1 4 3 3
1896.5 5515.2 -10.5 206 0 9.7 11.4 14.0 3.5 4 1 4 0 0
1903.8 5526.8 -11.3 206 0 8.5 9.4 14.0 3.5 2 1 4 0 0
1908.0 5536.3 -12.2 210 0 9.5 11.4 14.0 3.5 2 1 4 5 5
1926.4 5562.1 -13.5 120 0 9.8 19.0 14.0 0.0 0 1 4 4 4
1936.7 5592.2 -13.0 206 0 12.3 10.5 14.0 3.5 2 0 4 1 1
1946.4 5610.0 -12.7 207 0 12.6 10.1 14.0 3.5 2 0 4 5 5
1954.6 5628.7 -12.4 208 0 6.7 8.6 14.0 3.5 2 1 4 1 1
1961.1 5637.2 -12.5 206 0 13.7 11.2 14.0 3.5 2 0 4 2 2
1886.8 5556.4 -8.1 26 0 14.2 19.8 14.0 3.5 4 1 4 4 4
1916.1 5591.7 -10.8 26 0 8.7 16.3 14.0 3.5 2 1 4 0 0
1911.7 5582.1 -10.6 26 0 11.1 15.8 14.0 3.5 2 1 4 4 4
1864.1 5589.9 -6.7 203 0 10.9 14.6 14.0 3.5 2 1 4 3 3
1888.6 5626.7 -8.7 208 0 10.1 17.8 14.0 3.5 2 1 4 0 0
1926.8 5612.0 -11.3 27 0 11.2 6.4 14.0 3.5 2 0 4 1 1
1297.3 -5965.7 -14.3 281 0 10.0 9.6 10.0 2.5 2 0 4 0 0
1240.0 -5978.0 -16.2 191 0 8.7 13.1 2.5 2.5 2 1 1 3 3
1237.6 -5948.6 -17.3 191 0 11.1 10.2 10.0 0.0 0 0 4 0 0
1288.8 -5929.8 -16.0 344 0 12.0 15.2 5.0 2.5 2 1 2 5 5
1271.1 -5953.7 -15.3 191 0 9.8 12.3 7.5 2.5 2 1 3 1 1
1332.6 -6043.2 -13.0 12 0 9.9 20.9 2.5 2.5 2 1 1 3 3
1325.7 -6068.3 -15.2 359 0 10.3 9.8 2.5 2.5 2 0 1 5 5
1245.7 -6075.6 -17.2 180 0 6.5 6.7 5.0 2.5 2 1 2 2 2
1244.5 -6060.2 -17.1 180 0 12.0 10.2 7.5 2.5 2 0 3 4 4
1263.0 -6131.0 -18.6 139 0 16.3 13.1 5.0 2.5 2 0 2 5 5
1003.1 -6431.0 -14.6 89 0 7.3 15.1 14.0 3.5 2 1 4 2 2
1017.9 -6422.6 -14.6 3 0 12.9 8.3 14.0 3.5 2 0 4 3 3
1023.5 -6402.3 -15.3 22 0 9.6 6.8 14.0 3.5 2 0 4 3 3
1028.0 -6390.0 -15.7 23 0 6.4 8.1 14.0 3.5 2 1 4 3 3
1015.0 -6382.0 -15.7 294 0 12.0 9.8 14.0 3.5 2 0 4 1 1
1015.0 -6371.3 -16.1 295 0 14.9 9.3 14.0 3.5 2 0 4 3 3
1047.5 -6477.3 -15.0 10 0 10.0 21.6 14.0 3.5 2 1 4 4 4
1037.7 -6489.2 -14.9 11 0 7.6 13.1 14.0 0.0 0 1 4 1 1
1039.5 -6500.2 -15.3 9 0 8.4 17.2 14.0 3.5 2 1 4 3 3
1021.3 -6516.5 -15.2 98 0 15.7 9.4 14.0 3.5 2 0 4 1 1
-2795.3 -3651.5 18.1 154 0 12.8 8.8 7.5 2.5 2 0 3 4 4
-2874.6 -4469.9 6.2 263 0 11.6 27.4 10.5 3.5 2 1 3 4 4
-2834.8 -4438.4 8.9 88 0 8.6 8.2 14.0 3.5 2 0 4 5 5
-2776.7 -4434.3 10.0 101 0 14.9 19.8 14.0 3.5 2 1 4 1 1
-2792.0 -4254.9 25.0 270 0 14.6 11.1 14.0 3.5 2 0 4 0 0
-2786.9 -3583.5 21.1 354 0 12.8 14.5 5.0 0.0 0 1 2 2 2
-2886.5 -3775.6 21.3 80 0 17.0 11.8 5.0 2.5 4 0 2 3 3
295.4 6308.6 -9.7 357 0 10.7 12.7 7.5 2.5 2 1 3 2 2
313.7 6239.5 -8.5 176 0 13.3 20.1 15.0 0.0 0 1 6 4 4
319.1 6549.2 -10.5 358 0 8.5 10.6 5.0 2.5 4 1 2 2 2
315.0 6579.8 -9.9 266 0 11.1 18.3 2.5 2.5 4 1 1 0 0
294.0 6444.6 -7.0 357 0 11.9 9.1 5.0 2.5 2 0 2 2 2
360.7 6389.6 -3.9 88 0 13.4 12.1 7.5 2.5 2 0 3 5 5
437.5 6335.1 -3.6 358 0 20.2 14.9 10.0 2.5 2 0 4 2 2
