-4887.1 -2023.3 184.2 208 0 6.8 7.1 7.5 2.5 2 0 3 5 5
-4903.0 -2017.5 186.5 21 0 19.9 7.8 2.5 2.5 2 0 1 5 5
-4929.3 -2099.3 187.0 22 0 12.8 8.8 5.0 0.0 0 0 2 2 2
-4951.3 -1757.0 192.5 9 0 11.2 13.5 7.5 2.5 2 1 3 0 0
-4905.2 -2080.4 184.5 208 0 14.5 14.2 5.0 2.5 2 0 2 1 1
-1947.5 5144.4 -192.2 83 0 13.6 8.3 7.5 2.5 2 0 3 2 2
-1891.4 5174.6 -192.2 1 0 20.8 7.8 7.5 2.5 2 0 3 5 5
-1893.3 5147.1 -192.2 1 0 25.7 8.6 2.5 2.5 2 0 1 2 2
-1816.3 5204.4 -192.0 34 0 7.2 13.6 5.0 2.5 2 1 2 2 2
-1873.4 5202.0 -191.2 270 0 31.5 7.7 7.5 2.5 2 0 3 2 2
-1824.5 5036.0 -191.6 349 0 11.8 10.7 2.5 2.5 2 0 1 0 0
-1988.6 4982.3 -187.0 256 0 10.3 11.7 7.5 2.5 2 1 3 1 1
-2045.1 4980.0 -187.7 234 0 7.3 10.0 10.0 0.0 0 1 4 1 1
-1975.8 4938.3 -187.0 115 0 12.2 9.7 7.5 2.5 2 0 3 4 4
-1932.0 4972.6 -186.7 297 0 12.2 8.7 5.0 2.5 2 0 2 5 5
-1907.2 4900.6 -188.1 82 0 16.3 11.5 10.0 2.5 2 0 4 3 3
-1840.5 4981.1 -190.4 249 0 11.7 9.0 7.5 2.5 2 0 3 0 0
-1801.7 4912.7 -191.4 333 0 7.5 10.4 5.0 0.0 0 1 2 1 1
-1832.3 4878.2 -190.9 93 0 15.0 12.0 7.5 2.5 4 0 3 5 5
-2216.0 4868.9 -185.7 254 0 12.7 11.7 7.5 2.5 2 0 3 5 5
-2116.1 4847.4 -186.3 157 0 7.4 12.5 7.5 2.5 4 1 3 0 0
-2080.8 4966.0 -188.3 250 0 13.8 8.8 5.0 2.5 2 0 2 0 0
-2072.1 4900.9 -186.8 344 0 11.4 17.3 7.5 2.5 2 1 3 5 5
-2266.9 4933.6 -188.6 186 0 8.1 14.4 7.5 2.5 2 1 3 4 4
-2126.1 4712.0 -186.0 105 0 8.0 10.9 7.5 2.5 4 1 3 1 1
-2077.9 4815.4 -186.5 321 0 7.7 16.6 10.0 2.5 2 1 4 3 3
-2299.3 4698.7 -183.2 158 0 13.6 14.2 7.5 0.0 0 1 3 3 3
-2317.2 4721.0 -182.9 154 0 11.1 9.1 7.5 2.5 2 0 3 3 3
-2248.8 4597.3 -180.8 173 0 8.7 13.6 7.5 2.5 2 1 3 2 2
-2286.4 4587.1 -180.9 332 0 9.2 17.2 7.5 2.5 2 1 3 1 1
-2291.6 4620.2 -182.0 307 0 9.5 10.2 5.0 2.5 2 1 2 2 2
-2328.9 4576.2 -180.1 213 0 16.0 10.1 5.0 2.5 2 0 2 2 2
-2428.8 4533.1 -173.7 257 0 14.7 13.5 7.5 2.5 4 0 3 5 5
-2396.5 4874.1 -185.0 157 0 10.6 16.0 10.0 2.5 2 1 4 2 2
-2407.5 4912.5 -185.6 170 0 9.9 16.2 7.5 2.5 2 1 3 4 4
-2378.3 4764.9 -181.3 355 0 9.3 12.8 5.0 2.5 4 1 2 4 4
-2390.6 4739.6 -180.5 172 0 12.7 11.1 5.0 0.0 0 0 2 0 0
-2349.1 4721.8 -181.6 346 0 14.5 10.1 5.0 0.0 0 0 2 0 0
-2409.3 4857.8 -183.7 323 0 14.9 8.7 5.0 2.5 2 0 2 1 1
-2519.6 4995.6 -184.4 162 0 10.3 16.2 5.0 2.5 2 1 2 1 1
-2521.8 5096.5 -189.1 139 0 26.7 7.0 5.0 2.5 2 0 2 4 4
-2655.9 4962.1 -177.0 206 0 8.3 16.4 5.0 2.5 2 1 2 0 0
-2595.1 5179.0 -184.1 167 0 9.0 10.5 7.5 2.5 2 1 3 5 5
-2625.2 5155.8 -182.1 225 0 7.3 9.7 7.5 2.5 2 1 3 0 0
-2688.0 5059.4 -178.3 150 0 8.4 13.6 7.5 2.5 2 1 3 2 2
-2465.5 4748.9 -178.9 347 0 12.4 15.7 2.5 2.5 2 1 1 3 3
-2521.3 4769.8 -177.5 238 0 8.5 10.8 7.5 2.5 2 1 3 5 5
-2435.7 4703.0 -177.5 313 0 8.0 11.3 10.0 2.5 2 1 4 3 3
-2218.6 4541.4 -178.2 296 0 10.9 14.8 7.5 2.5 2 1 3 3 3
-2283.0 4492.1 -175.9 23 0 12.5 11.4 7.5 2.5 2 0 3 4 4
-2344.2 4476.0 -173.8 175 0 13.6 10.4 7.5 0.0 0 0 3 3 3
-2287.1 4461.5 -175.5 336 0 9.7 10.5 7.5 2.5 2 1 3 3 3
-2292.5 4409.0 -175.0 63 0 6.2 7.5 7.5 2.5 2 1 3 2 2
-2189.9 4363.7 -176.2 6 0 14.8 11.2 7.5 2.5 2 0 3 1 1
-2145.2 4517.1 -180.7 356 0 11.8 9.3 10.0 2.5 2 0 4 4 4
-2145.6 4586.7 -182.7 309 0 19.8 8.6 5.0 2.5 2 0 2 0 0
-2019.5 4628.5 -186.3 269 0 6.2 9.6 2.5 2.5 4 1 1 2 2
-1950.7 4585.5 -188.4 266 0 11.6 14.6 7.5 2.5 2 1 3 3 3
-1926.8 4568.5 -188.8 331 0 8.0 11.7 5.0 2.5 2 1 2 0 0
-1884.7 4538.2 -189.3 61 0 9.1 9.2 5.0 2.5 4 1 2 2 2
-1885.6 4502.3 -189.7 271 0 12.8 11.2 7.5 2.5 2 0 3 5 5
-1048.2 4305.9 -195.7 174 0 6.0 12.8 7.5 2.5 2 1 3 5 5
-1141.1 4249.4 -192.3 329 0 12.1 13.2 7.5 2.5 2 1 3 4 4
-1241.3 4307.4 -193.5 82 0 10.3 13.2 10.0 2.5 2 1 4 3 3
-2483.3 4612.0 -174.1 99 0 11.2 17.3 5.0 2.5 2 1 2 4 4
-2425.5 4596.9 -176.1 241 0 13.0 11.8 5.0 2.5 2 0 2 5 5
-2384.9 4519.0 -175.6 182 0 9.3 10.5 7.5 2.5 2 1 3 2 2
-2487.2 4451.2 -160.8 150 0 10.2 15.7 2.5 2.5 2 1 1 0 0
-2353.9 4387.5 -172.3 55 0 7.3 15.0 2.5 2.5 2 1 1 1 1
-2332.5 4421.4 -174.0 178 0 14.5 11.3 5.0 0.0 0 0 2 3 3
-2435.2 4286.6 -162.4 125 0 8.4 18.6 7.5 2.5 2 1 3 4 4
-2445.4 4315.1 -162.2 260 0 6.9 18.5 7.5 2.5 2 1 3 0 0
-1896.4 4344.6 -186.1 5 0 7.6 11.5 7.5 2.5 2 1 3 0 0
-1956.5 4327.8 -184.2 189 0 11.5 10.1 5.0 2.5 2 0 2 1 1
-1977.8 4411.0 -183.4 73 0 7.6 15.0 7.5 2.5 2 1 3 2 2
-2139.6 4269.9 -178.3 152 0 9.7 16.3 2.5 2.5 2 1 1 1 1
-2070.0 4215.9 -180.6 129 0 16.1 11.0 5.0 0.0 0 0 2 1 1
-2114.7 4125.3 -179.0 76 0 15.0 10.0 7.5 2.5 2 0 3 2 2
-2237.6 4245.5 -173.8 172 0 16.2 10.2 2.5 2.5 2 0 1 2 2
-2281.9 4064.7 -172.5 351 0 9.2 8.7 7.5 2.5 2 0 3 2 2
-2300.8 4142.7 -171.4 268 0 14.3 12.1 7.5 2.5 2 0 3 0 0
-2255.1 4109.0 -173.7 4 0 8.3 15.1 2.5 2.5 2 1 1 0 0
-2242.7 4287.8 -174.9 116 0 9.1 18.5 5.0 0.0 0 1 2 3 3
-2152.5 3977.7 -177.8 346 0 11.4 16.5 7.5 2.5 2 1 3 5 5
-2078.1 4182.4 -180.1 290 0 11.3 8.7 5.0 0.0 0 0 2 3 3
-1928.6 4025.6 -177.7 11 0 6.5 10.8 7.5 2.5 2 1 3 1 1
-1749.5 4181.9 -185.7 233 0 8.9 15.6 5.0 2.5 2 1 2 1 1
-1740.4 4011.1 -182.2 76 0 7.9 8.6 7.5 2.5 4 1 3 3 3
-1978.1 4276.8 -183.1 180 0 6.7 7.7 5.0 2.5 2 1 2 4 4
-1009.2 4285.4 -196.2 50 0 6.4 11.0 7.5 0.0 0 1 3 5 5
-1071.5 4345.7 -196.3 289 0 11.9 19.0 7.5 2.5 2 1 3 1 1
-1451.1 4279.8 -189.9 281 0 12.6 13.6 7.5 2.5 2 1 3 4 4
-1532.7 4337.5 -188.9 271 0 11.7 14.2 7.5 2.5 2 1 3 4 4
-1591.4 4293.1 -187.3 109 0 11.3 10.1 7.5 2.5 2 0 3 5 5
-1577.0 4160.2 -187.8 344 0 11.0 6.9 7.5 2.5 2 0 3 2 2
-1552.7 4160.2 -187.4 154 0 8.0 10.6 7.5 2.5 4 1 3 0 0
-1528.8 4691.3 -188.8 286 0 7.2 8.3 7.5 2.5 4 1 3 3 3
-1304.3 4775.2 -192.0 90 0 11.2 16.0 5.0 2.5 4 1 2 5 5
-1218.2 4902.8 -192.6 6 0 10.5 13.6 2.5 2.5 4 1 1 0 0
-1177.4 4810.2 -192.8 162 0 9.0 14.0 5.0 2.5 2 1 2 3 3
-1418.3 4834.7 -191.1 167 0 7.9 7.1 5.0 2.5 2 0 2 0 0
-1633.9 3754.1 -184.9 88 0 9.9 10.2 5.0 2.5 2 1 2 3 3
-1620.4 3599.4 -186.2 174 0 6.5 9.9 2.5 2.5 2 1 1 0 0
-1633.8 3620.4 -185.5 166 0 7.8 12.8 10.0 2.5 2 1 4 2 2
-1711.0 3655.6 -181.4 334 0 11.3 8.6 7.5 2.5 2 0 3 4 4
-1729.5 3674.7 -180.5 309 0 12.5 17.7 5.0 2.5 2 1 2 3 3
-1724.5 3591.1 -181.7 166 0 9.5 10.0 5.0 2.5 2 1 2 4 4
-1627.6 3532.0 -185.3 90 0 8.2 15.3 7.5 2.5 4 1 3 3 3
-1673.3 3477.8 -182.5 59 0 9.1 17.1 5.0 2.5 2 1 2 5 5
-1594.4 3449.2 -184.0 342 0 13.0 15.9 2.5 2.5 2 1 1 5 5
-1577.2 3457.8 -185.4 162 0 11.9 10.6 5.0 2.5 2 0 2 3 3
-1558.0 3428.9 -184.9 151 0 8.2 14.3 7.5 0.0 0 1 3 2 2
-1596.8 3379.5 -181.6 62 0 11.3 13.1 7.5 2.5 4 1 3 0 0
-1495.3 3342.6 -187.1 84 0 11.6 12.6 2.5 2.5 2 1 1 3 3
-1466.8 3152.4 -186.6 352 0 7.8 14.2 5.0 2.5 2 1 2 0 0
-1817.0 3230.4 -174.3 8 0 8.8 13.3 2.5 2.5 2 1 1 2 2
-1812.4 3158.1 -177.6 353 0 6.4 11.5 7.5 2.5 2 1 3 1 1
-1818.4 3192.2 -175.8 5 0 6.5 8.2 7.5 2.5 2 1 3 4 4
-1880.5 3236.9 -169.6 186 0 14.5 12.3 7.5 2.5 4 0 3 3 3
-1865.4 3147.5 -174.3 96 0 9.3 8.7 2.5 2.5 4 0 1 5 5
-1815.3 3137.2 -178.2 13 0 17.5 11.3 10.0 2.5 2 0 4 2 2
-1756.2 3695.7 -178.9 329 0 8.2 15.1 5.0 0.0 0 1 2 0 0
-1377.4 2934.6 -191.5 90 0 9.4 14.4 7.5 2.5 2 1 3 3 3
-1875.8 2911.0 -179.5 8 0 9.5 9.7 10.0 0.0 0 1 4 0 0
-1819.3 2959.5 -181.3 202 0 12.0 14.3 7.5 2.5 2 1 3 1 1
-1684.6 2799.1 -184.7 273 0 11.1 7.1 5.0 2.5 2 0 2 3 3
-1586.3 3084.4 -185.6 79 0 7.8 10.7 2.5 2.5 2 1 1 4 4
-1564.2 3067.2 -187.2 259 0 6.2 8.8 10.0 0.0 0 1 4 3 3
-1597.1 2856.6 -185.4 8 0 7.1 12.0 5.0 2.5 2 1 2 4 4
-1753.6 2809.2 -182.1 193 0 11.9 9.0 5.0 2.5 2 0 2 0 0
-2163.0 3835.0 -175.3 252 0 12.6 8.5 7.5 2.5 4 0 3 3 3
