-4812.4 -5793.9 -5.7 73 0 18.8 13.2 5.0 2.5 2 0 2 0 0
-4762.1 -5721.1 -2.0 165 0 10.2 16.6 10.5 0.0 0 1 3 0 0
-4681.8 -5842.5 -8.0 54 0 11.0 11.3 14.0 3.5 2 0 4 4 4
-4691.2 -5787.6 -8.5 319 0 8.3 7.3 14.0 3.5 2 0 4 1 1
-4569.5 -5703.9 -8.2 45 1 16.7 13.2 14.0 3.5 2 0 4 4 4
3556.3 5701.7 -0.7 261 0 10.1 20.8 7.0 3.5 2 1 2 2 2
3617.8 5758.7 -5.4 252 0 24.8 15.2 10.5 3.5 2 0 3 1 1
3583.2 5732.2 -3.7 72 0 12.1 11.3 10.5 3.5 2 0 3 2 2
3654.7 5498.0 -5.0 67 0 17.0 31.4 14.0 0.0 0 1 4 0 0
3707.2 5592.0 -5.0 120 0 13.7 19.1 14.0 0.0 0 1 4 1 1
3728.9 5629.0 -5.1 279 0 8.0 15.2 14.0 3.5 2 1 4 2 2
3627.2 5477.8 -5.1 144 0 8.0 22.0 14.0 0.0 0 1 4 2 2
3713.1 5654.9 -4.3 295 0 6.0 15.5 14.0 3.5 2 1 4 1 1
5985.0 6208.5 -3.2 343 0 31.9 16.3 7.5 2.5 2 0 3 3 3
5949.3 6037.6 -8.9 159 0 22.0 18.4 10.0 2.5 2 0 4 4 4
6000.6 6106.5 -5.9 349 0 35.9 27.0 10.0 0.0 0 0 4 5 5
5798.1 6186.5 -6.2 75 0 32.9 17.7 12.5 2.5 2 0 5 2 2
5724.0 6083.9 -8.3 267 0 32.2 15.1 12.5 2.5 2 0 5 4 4
5674.3 6111.0 -6.5 84 0 25.6 33.4 15.0 0.0 0 1 6 5 5
5524.3 6441.6 -13.1 332 0 25.4 13.2 7.5 2.5 2 0 3 4 4
5535.1 6466.1 -12.2 167 0 9.3 20.9 5.0 2.5 2 1 2 0 0
5563.3 6395.5 -12.5 326 0 22.0 41.5 12.5 0.0 0 1 5 5 5
5524.2 6507.9 -12.4 164 0 12.9 21.8 17.5 0.0 0 1 7 4 4
5504.7 6597.0 -12.2 160 0 9.3 9.7 7.5 2.5 2 1 3 2 2
5543.6 6615.6 -11.8 250 0 9.8 16.0 5.0 0.0 0 1 2 5 5
5518.7 6597.4 -12.1 162 0 16.6 21.6 10.0 2.5 4 1 4 0 0
5430.6 6522.6 -11.0 162 0 26.1 11.6 10.0 2.5 2 0 4 1 1
5154.7 6560.8 -2.6 349 0 24.9 15.5 7.5 2.5 2 0 3 2 2
5047.6 6463.2 -0.7 159 0 15.0 16.6 2.5 2.5 2 1 1 0 0
5382.7 6335.4 -12.3 177 0 41.0 18.3 10.0 2.5 2 0 4 0 0
5437.7 6383.0 -13.0 262 0 26.5 17.9 12.5 2.5 2 0 5 5 5
5308.5 6326.7 -10.7 152 0 56.6 23.1 10.0 2.5 2 0 4 4 4
5286.2 6518.1 -5.9 263 0 19.4 44.2 15.0 2.5 4 1 6 1 1
5370.8 6446.6 -9.4 69 0 14.4 15.1 2.5 2.5 2 1 1 2 2
5362.6 6464.7 -9.5 67 0 25.2 12.9 10.0 2.5 2 0 4 2 2
5397.5 6524.4 -10.2 344 0 32.0 15.4 10.0 0.0 0 0 4 4 4
5396.5 6430.5 -10.7 249 0 20.7 35.8 10.0 0.0 0 1 4 1 1
5428.2 6437.9 -11.4 256 0 29.0 33.8 12.5 0.0 0 1 5 5 5
5476.9 6406.2 -13.0 74 0 23.1 37.3 12.5 0.0 0 1 5 2 2
5501.8 6410.9 -13.1 74 0 23.1 40.2 10.0 0.0 0 1 4 1 1
5491.3 6482.4 -12.3 73 0 33.1 32.9 12.5 0.0 0 0 5 5 5
5703.7 6525.0 -7.7 1 0 19.0 19.4 10.0 2.5 2 1 4 5 5
5740.3 6555.7 -5.0 76 0 17.9 31.8 7.5 2.5 2 1 3 2 2
5790.6 6562.4 -2.9 76 0 49.5 19.6 7.5 0.0 0 0 3 4 4
6071.2 6618.2 -5.9 237 0 20.1 32.4 10.0 0.0 0 1 4 3 3
6141.4 6608.1 -0.9 113 0 13.7 12.9 7.5 2.5 2 0 3 2 2
6157.2 6649.8 0.3 204 0 21.7 12.6 10.0 0.0 0 0 4 0 0
6226.0 6715.8 1.0 298 0 42.6 53.4 10.0 0.0 0 1 4 0 0
6046.0 6738.8 -9.9 54 0 147.2 66.4 12.5 0.0 0 0 5 5 5
-4733.4 -5789.6 -7.2 135 0 31.0 19.8 14.0 0.0 0 0 4 3 3
