2636.0 -2322.3 -23.0 261 1 12.2 16.1 14.0 3.5 2 0 4 5 5
2604.6 -2302.5 -24.4 80 1 12.9 10.4 14.0 3.5 2 0 4 3 3
2634.6 -2385.0 -22.7 71 1 10.9 18.0 14.0 3.5 2 0 4 0 0
2652.6 -2383.3 -23.9 88 1 10.4 11.9 14.0 3.5 2 0 4 4 4
2669.3 -2373.3 -24.7 70 0 11.1 23.6 14.0 3.5 2 0 4 4 4
2723.3 -2352.0 -24.3 345 1 15.3 14.6 14.0 3.5 2 0 4 0 0
2692.2 -2571.0 -29.5 336 0 11.0 16.6 17.5 3.5 2 1 5 3 3
2676.5 -2594.2 -30.2 339 0 9.2 10.8 17.5 3.5 2 1 5 5 5
2767.5 -2691.2 -33.6 159 0 20.4 48.0 14.0 3.5 2 1 4 1 1
2815.6 -2689.7 -33.9 338 0 12.2 19.5 14.0 3.5 2 1 4 1 1
2050.9 -2612.2 -38.4 151 0 15.4 55.3 17.5 0.0 0 1 5 2 2
2061.0 -2574.5 -37.7 150 0 24.9 11.2 17.5 3.5 2 0 5 2 2
2039.6 -2582.2 -37.3 152 0 14.6 13.3 17.5 3.5 2 0 5 2 2
2055.1 -2527.1 -37.0 329 0 14.9 25.9 17.5 3.5 2 1 5 3 3
2023.3 -2567.3 -36.9 105 0 10.3 37.5 17.5 3.5 2 1 5 5 5
2018.4 -2487.0 -36.6 211 0 13.9 20.3 17.5 3.5 2 1 5 5 5
2139.7 -2554.1 -38.0 144 0 17.8 36.6 17.5 3.5 2 1 5 2 2
2175.7 -2575.1 -37.2 111 0 6.3 28.6 17.5 3.5 2 1 5 2 2
2219.7 -2579.1 -36.2 83 0 22.4 21.3 17.5 3.5 2 0 5 3 3
2257.4 -2566.2 -36.4 45 0 12.9 27.1 17.5 3.5 2 1 5 2 2
2206.1 -2537.2 -35.7 44 0 9.0 35.1 17.5 3.5 2 1 5 1 1
2187.9 -2491.0 -35.4 318 0 7.2 10.5 17.5 3.5 2 1 5 0 0
2207.7 -2549.7 -35.4 139 0 9.2 15.6 17.5 3.5 2 1 5 1 1
2225.5 -2502.5 -34.7 317 0 35.4 14.6 17.5 0.0 0 0 5 1 1
2176.0 -2476.5 -36.6 321 0 24.5 10.6 17.5 3.5 2 0 5 4 4
2145.6 -2474.6 -37.3 227 0 10.7 44.6 17.5 0.0 0 1 5 0 0
1935.3 -2391.1 -37.0 336 0 45.7 15.9 14.0 3.5 4 0 4 1 1
1902.7 -2413.4 -37.1 86 0 8.7 29.4 14.0 3.5 4 1 4 0 0
1886.1 -2419.8 -37.3 87 0 11.9 39.4 14.0 3.5 2 1 4 1 1
2592.5 -2601.9 -30.2 47 0 20.7 23.7 17.5 3.5 2 0 5 3 3
2504.8 -2547.8 -25.6 66 0 14.9 22.3 17.5 3.5 2 0 5 3 3
2588.1 -2659.1 -34.6 15 0 17.6 10.1 17.5 3.5 2 0 5 2 2
2676.4 -2648.6 -34.2 258 0 8.7 11.0 14.0 0.0 0 1 4 3 3
2651.6 -2658.2 -35.1 250 0 15.1 13.9 14.0 3.5 2 0 4 0 0
2671.6 -2635.9 -32.8 65 0 14.5 12.1 17.5 3.5 2 0 5 4 4
2659.7 -2642.4 -33.1 65 0 7.8 7.3 17.5 3.5 2 0 5 2 2
2650.3 -2638.4 -32.8 57 0 6.0 18.0 17.5 3.5 2 1 5 1 1
2637.6 -2645.8 -33.3 61 0 11.2 21.1 17.5 3.5 2 1 5 3 3
2606.3 -2646.5 -33.3 147 0 11.4 9.9 17.5 3.5 2 0 5 2 2
2599.4 -2686.4 -34.5 238 0 10.9 13.3 14.0 0.0 0 1 4 3 3
2604.6 -2708.4 -33.7 146 0 12.5 13.4 14.0 3.5 4 1 4 2 2
2609.0 -2727.3 -32.3 228 0 16.5 10.6 14.0 3.5 2 0 4 0 0
2634.2 -2727.5 -31.9 238 0 11.3 14.4 14.0 3.5 2 1 4 0 0
2654.3 -2707.6 -33.2 241 0 15.1 16.0 14.0 3.5 4 1 4 1 1
2691.1 -2694.1 -33.9 333 0 17.1 12.4 14.0 3.5 2 0 4 5 5
2524.2 -2741.2 -33.9 147 0 17.7 34.3 10.0 0.0 0 1 4 2 2
2489.4 -2747.2 -35.7 241 0 13.6 10.0 14.0 0.0 0 0 4 5 5
2490.2 -2772.5 -36.5 234 0 19.7 8.0 3.5 2.5 2 0 1 5 5
2496.8 -2791.5 -36.3 147 0 13.1 13.5 14.0 0.0 0 1 4 4 4
2510.9 -2822.2 -36.4 148 0 16.8 12.1 14.0 0.0 0 0 4 0 0
2526.3 -2777.4 -35.2 324 0 10.8 10.6 14.0 3.5 2 0 4 1 1
2577.0 -2770.4 -33.0 221 0 12.1 11.4 14.0 3.5 2 0 4 2 2
2533.4 -2856.1 -36.5 255 0 9.7 13.9 14.0 3.5 2 1 4 1 1
2561.5 -2835.0 -35.0 64 1 12.8 10.6 14.0 3.5 2 0 4 0 0
2576.0 -2829.1 -34.3 64 1 10.9 11.5 14.0 3.5 2 1 4 5 5
2685.0 -2776.1 -29.9 241 1 10.6 11.9 14.0 3.5 2 1 4 1 1
2664.3 -2787.0 -30.0 241 1 11.2 12.8 14.0 3.5 2 1 4 2 2
2631.5 -2808.4 -31.6 236 1 11.9 10.5 14.0 3.5 2 0 4 3 3
2598.5 -2827.7 -33.2 235 1 11.7 10.9 14.0 3.5 4 0 4 4 4
2587.8 -2836.2 -33.8 236 1 12.3 12.1 14.0 3.5 2 0 4 0 0
2575.1 -2844.0 -34.5 247 1 13.3 11.1 14.0 3.5 2 0 4 5 5
2638.6 -2794.0 -31.4 56 1 17.1 12.8 14.0 3.5 2 0 4 2 2
2705.4 -2764.5 -30.2 244 1 11.5 11.6 14.0 3.5 2 1 4 2 2
2720.0 -2762.8 -30.6 151 1 10.4 12.5 14.0 3.5 2 1 4 1 1
2560.7 -2806.1 -34.9 52 0 28.9 14.0 14.0 3.5 2 0 4 0 0
2545.5 -2840.5 -35.7 63 0 12.8 7.0 14.0 0.0 0 0 4 3 3
2360.3 -2503.7 -33.2 237 1 11.6 10.9 17.5 3.5 2 0 5 3 3
2550.2 -2685.6 -33.5 56 0 14.4 13.2 17.5 0.0 0 0 5 4 4
2522.6 -2707.0 -33.0 152 0 11.0 17.8 17.5 3.5 2 1 5 5 5
2515.1 -2702.2 -33.5 333 0 22.0 21.8 17.5 3.5 2 0 5 4 4
2554.5 -2649.9 -32.8 57 0 10.2 16.5 17.5 3.5 2 1 5 1 1
2528.5 -2659.1 -32.3 148 0 13.0 16.5 17.5 3.5 2 1 5 0 0
2519.3 -2644.1 -31.3 154 0 14.4 13.2 17.5 3.5 2 0 5 3 3
2504.0 -2673.0 -31.2 135 0 8.9 28.2 17.5 3.5 2 1 5 0 0
2475.1 -2675.8 -31.7 152 0 18.6 19.2 17.5 3.5 2 1 5 1 1
2435.3 -2734.5 -35.2 123 0 23.0 11.9 17.5 3.5 2 0 5 0 0
2431.3 -2753.3 -36.4 116 0 13.4 10.5 17.5 3.5 4 0 5 0 0
2393.2 -2737.9 -36.9 119 0 40.2 35.6 17.5 0.0 0 0 5 0 0
2334.1 -2664.7 -39.0 337 0 9.1 32.1 14.0 3.5 2 1 4 1 1
2329.4 -2656.3 -39.1 333 0 28.2 36.4 14.0 0.0 0 1 4 1 1
2284.5 -2652.1 -38.5 156 0 13.8 34.1 17.5 3.5 2 1 5 1 1
2313.2 -2683.3 -39.1 241 0 18.8 58.8 17.5 0.0 0 1 5 3 3
2349.0 -2665.1 -35.4 245 0 7.8 18.6 17.5 3.5 2 1 5 2 2
2363.1 -2647.8 -34.0 234 0 10.1 19.8 17.5 3.5 2 1 5 5 5
2375.3 -2648.3 -33.3 138 0 22.4 12.9 17.5 3.5 2 0 5 5 5
2361.4 -2636.6 -33.9 141 0 7.0 12.3 17.5 0.0 0 1 5 5 5
2298.7 -2571.5 -37.8 322 0 17.2 17.4 17.5 3.5 2 1 5 0 0
2278.5 -2576.3 -37.6 232 0 9.3 10.6 17.5 3.5 2 1 5 4 4
2344.2 -2629.9 -36.2 78 0 19.3 22.6 17.5 3.5 2 1 5 4 4
2337.2 -2581.8 -36.6 352 0 32.6 12.4 17.5 3.5 2 0 5 2 2
2326.4 -2627.2 -37.2 65 0 9.5 8.4 17.5 3.5 2 0 5 0 0
2554.8 -2775.6 -35.4 313 0 8.8 37.9 14.0 3.5 2 1 4 0 0
2544.9 -2766.0 -34.1 227 0 11.5 7.3 14.0 3.5 4 0 4 0 0
2531.0 -2885.9 -36.9 158 0 10.1 16.8 14.0 0.0 0 1 4 1 1
2520.2 -2896.8 -38.0 329 0 18.6 21.3 14.0 3.5 2 1 4 5 5
2494.5 -2920.1 -38.1 152 0 6.5 8.1 14.0 3.5 2 1 4 3 3
2500.8 -2864.5 -37.7 80 0 15.3 9.7 17.5 3.5 2 0 5 1 1
2485.0 -2831.2 -37.7 331 0 10.5 9.8 17.5 3.5 2 0 5 0 0
2469.9 -2870.1 -38.6 67 0 18.0 18.2 17.5 0.0 0 1 5 2 2
2454.5 -2881.0 -39.0 72 0 11.8 7.5 17.5 3.5 2 0 5 0 0
2235.7 -2699.8 -39.4 141 0 9.0 20.4 17.5 3.5 2 1 5 0 0
2250.8 -2686.0 -39.1 140 0 8.7 8.8 17.5 3.5 2 1 5 3 3
2276.2 -2665.1 -39.0 321 0 9.1 24.2 17.5 3.5 2 1 5 0 0
2263.1 -2660.4 -38.8 316 0 13.3 18.4 17.5 3.5 2 1 5 1 1
2270.6 -2654.4 -38.6 316 0 15.0 9.5 17.5 3.5 2 0 5 4 4
2249.8 -2658.2 -38.8 292 0 8.7 13.1 17.5 0.0 0 1 5 3 3
2235.6 -2632.5 -38.4 291 0 13.3 21.6 17.5 3.5 2 1 5 5 5
2225.1 -2627.8 -38.2 285 0 9.7 22.0 17.5 3.5 2 1 5 3 3
2210.4 -2621.1 -38.0 285 0 8.9 20.8 17.5 3.5 2 1 5 3 3
2189.6 -2620.0 -38.2 277 0 17.7 10.7 17.5 3.5 2 0 5 0 0
2170.3 -2620.6 -38.5 275 0 7.0 21.9 17.5 3.5 2 1 5 3 3
2151.0 -2654.4 -38.6 71 0 10.9 10.9 17.5 3.5 2 1 5 5 5
2119.2 -2640.1 -38.3 247 0 10.3 8.5 17.5 3.5 2 0 5 3 3
2238.4 -2618.2 -37.3 108 0 16.3 6.2 17.5 3.5 2 0 5 1 1
2246.8 -2594.4 -37.2 275 0 7.6 17.9 17.5 3.5 2 1 5 2 2
2253.0 -2625.7 -37.5 109 0 13.0 17.5 17.5 3.5 2 1 5 1 1
2269.5 -2629.1 -37.7 28 0 6.5 9.2 17.5 3.5 2 1 5 1 1
2271.4 -2621.0 -37.7 30 0 7.4 9.2 17.5 0.0 0 1 5 2 2
2280.0 -2772.0 -41.5 288 0 13.3 22.7 17.5 3.5 2 1 5 2 2
2224.0 -2717.1 -41.3 301 0 7.7 15.5 17.5 3.5 2 1 5 3 3
2214.7 -2716.1 -41.4 317 0 9.7 16.0 17.5 3.5 4 1 5 1 1
2135.3 -2703.3 -39.2 294 0 9.0 7.6 17.5 3.5 2 0 5 0 0
2082.5 -2737.4 -40.3 185 0 15.2 20.3 17.5 3.5 2 1 5 4 4
2152.7 -2753.2 -41.0 5 0 10.2 15.3 17.5 3.5 2 1 5 4 4
2221.2 -2735.9 -41.4 140 0 6.7 9.7 17.5 3.5 2 1 5 4 4
2319.0 -2723.0 -39.6 296 0 11.8 21.2 17.5 3.5 2 1 5 1 1
2356.6 -2733.6 -39.0 297 0 17.2 12.9 17.5 3.5 2 0 5 5 5
2343.2 -2727.5 -39.0 291 0 12.2 8.0 17.5 3.5 2 0 5 2 2
2331.4 -2723.2 -39.2 289 0 12.9 7.7 17.5 3.5 2 0 5 3 3
2371.1 -2751.5 -38.8 297 0 11.5 13.6 17.5 3.5 2 1 5 3 3
2352.4 -2789.7 -39.6 120 0 7.1 21.9 17.5 3.5 2 1 5 4 4
2347.8 -2778.6 -39.4 117 0 9.0 13.3 17.5 3.5 2 1 5 3 3
2369.2 -2813.1 -39.8 106 0 15.4 9.5 17.5 0.0 0 0 5 0 0
2357.6 -2801.9 -39.7 109 0 8.7 13.6 17.5 3.5 2 1 5 0 0
2372.8 -2801.3 -39.4 109 0 11.8 15.6 17.5 3.5 2 1 5 2 2
2380.4 -2757.1 -38.6 299 0 7.4 10.3 17.5 3.5 2 1 5 3 3
2393.5 -2753.7 -38.2 302 0 11.4 9.7 17.5 0.0 0 0 5 1 1
2415.8 -2762.3 -38.3 290 0 15.4 25.2 17.5 3.5 2 1 5 3 3
2451.5 -2774.3 -37.6 289 0 15.1 16.9 17.5 3.5 2 1 5 1 1
2464.4 -2828.0 -38.2 326 0 14.3 8.9 17.5 3.5 4 0 5 5 5
2469.2 -2793.9 -37.6 311 0 7.6 14.7 17.5 3.5 2 1 5 4 4
2477.8 -2805.0 -37.8 315 0 6.2 20.6 17.5 3.5 2 1 5 1 1
2440.9 -2867.6 -39.1 169 0 7.5 10.3 17.5 3.5 2 1 5 5 5
2364.1 -2619.6 -34.0 149 0 10.6 10.7 17.5 3.5 2 1 5 4 4
2376.0 -2612.2 -33.5 145 0 12.6 7.0 17.5 3.5 2 0 5 0 0
2382.8 -2598.9 -33.2 233 0 9.2 11.3 17.5 3.5 2 1 5 3 3
2392.4 -2591.8 -32.8 236 0 9.9 12.7 17.5 3.5 4 1 5 5 5
2355.2 -2578.0 -35.2 264 0 11.2 27.9 17.5 3.5 2 1 5 2 2
2362.6 -2586.1 -34.5 176 0 14.0 14.3 17.5 3.5 2 1 5 3 3
2388.2 -2571.4 -32.8 164 0 13.2 15.6 17.5 3.5 4 1 5 4 4
2382.1 -2546.7 -32.9 133 0 10.9 14.9 17.5 3.5 2 1 5 3 3
2430.1 -2570.4 -30.9 349 0 11.1 10.1 17.5 3.5 2 0 5 2 2
2408.1 -2535.0 -31.2 193 0 12.3 9.3 17.5 3.5 2 0 5 4 4
2433.7 -2638.4 -30.3 67 0 11.6 16.7 17.5 3.5 2 1 5 4 4
2346.3 -2561.7 -35.2 144 0 11.3 11.4 17.5 3.5 2 1 5 2 2
2345.8 -2542.5 -34.7 153 0 14.1 9.0 17.5 3.5 2 0 5 3 3
2355.4 -2541.8 -34.3 154 0 12.0 7.7 17.5 3.5 2 0 5 2 2
2363.6 -2530.5 -33.8 243 0 7.6 9.9 17.5 3.5 2 1 5 1 1
2373.7 -2522.7 -33.1 226 0 8.2 11.7 17.5 3.5 2 1 5 0 0
2388.5 -2455.4 -29.9 224 0 8.9 21.5 17.5 3.5 2 1 5 2 2
2406.3 -2487.1 -30.4 224 0 10.6 11.6 17.5 3.5 2 1 5 4 4
2415.1 -2497.0 -30.4 224 0 16.6 8.9 17.5 3.5 2 0 5 1 1
2328.4 -2456.9 -31.1 144 0 8.1 8.8 17.5 3.5 2 1 5 0 0
2388.7 -2428.7 -27.4 138 0 10.3 15.9 17.5 3.5 2 1 5 2 2
2404.8 -2443.3 -27.2 143 0 12.4 10.8 17.5 3.5 2 0 5 0 0
2411.9 -2406.7 -25.3 226 0 21.9 12.7 17.5 3.5 2 0 5 3 3
2424.2 -2377.2 -24.2 222 0 14.0 18.8 17.5 3.5 2 1 5 4 4
2423.5 -2439.3 -25.3 139 0 9.6 12.6 17.5 0.0 0 1 5 2 2
2439.8 -2443.9 -25.0 215 0 13.0 18.1 17.5 3.5 2 1 5 4 4
2479.0 -2416.2 -22.9 338 0 12.5 12.9 17.5 3.5 2 1 5 1 1
2449.9 -2393.2 -23.4 228 0 15.0 14.2 17.5 3.5 2 0 5 1 1
2503.0 -2405.0 -22.3 322 0 11.3 19.1 17.5 3.5 2 1 5 0 0
2267.4 -2541.1 -35.4 51 0 12.1 18.5 17.5 3.5 2 1 5 1 1
2293.7 -2456.8 -32.4 318 0 15.3 14.5 17.5 3.5 2 0 5 5 5
2318.5 -2482.8 -34.5 325 0 15.4 27.6 17.5 3.5 2 1 5 1 1
2493.0 -2465.1 -23.9 309 0 11.6 26.5 17.5 3.5 2 1 5 2 2
2572.1 -2566.7 -27.8 323 0 6.4 18.5 17.5 3.5 2 1 5 4 4
2561.1 -2527.3 -25.1 249 0 13.0 10.6 17.5 3.5 2 0 5 5 5
2271.2 -2433.2 -30.2 316 0 11.3 14.7 17.5 3.5 4 1 5 0 0
2336.7 -2487.5 -33.5 327 0 12.3 12.6 17.5 3.5 2 1 5 1 1
2556.5 -2519.1 -23.8 67 0 11.4 15.0 17.5 3.5 2 1 5 4 4
2270.1 -2512.5 -34.9 232 0 16.9 12.6 17.5 3.5 2 0 5 3 3
2496.9 -2570.2 -27.7 292 0 13.5 24.8 17.5 3.5 2 1 5 2 2
2515.0 -2534.2 -24.8 55 0 8.7 15.1 17.5 3.5 2 1 5 1 1
2542.7 -2541.5 -26.4 239 0 8.6 19.7 17.5 3.5 2 1 5 1 1
2530.1 -2521.1 -24.4 64 0 29.1 10.7 17.5 3.5 2 0 5 1 1
2545.5 -2486.0 -22.9 340 0 10.2 17.2 17.5 3.5 2 1 5 4 4
2522.0 -2539.9 -25.1 55 0 13.8 8.7 17.5 3.5 2 0 5 2 2
2969.1 -6177.2 -38.5 10 0 6.6 10.5 7.5 2.5 4 1 3 5 5
2948.9 -6311.0 -37.3 273 0 7.2 12.5 5.0 2.5 4 1 2 5 5
2951.4 -6291.0 -36.9 100 0 7.5 8.3 7.5 0.0 0 1 3 2 2
4884.6 -4387.4 -21.4 44 0 9.6 8.2 2.5 2.5 4 0 1 4 4
4835.6 -4344.5 -17.9 266 0 9.2 14.3 5.0 2.5 2 1 2 0 0
4665.7 -4365.9 -15.0 285 0 11.6 33.2 10.0 2.5 2 1 4 5 5
4730.2 -4526.7 -23.4 156 0 9.4 8.0 2.5 2.5 2 0 1 5 5
4715.2 -4545.8 -24.0 1 0 15.4 16.8 10.0 2.5 2 1 4 2 2
4852.1 -4329.3 -16.4 341 0 9.8 11.8 10.0 2.5 2 1 4 4 4
4854.0 -4427.4 -23.3 162 0 14.0 17.4 7.5 2.5 2 1 3 4 4
4822.4 -4511.5 -26.8 49 0 9.4 10.3 5.0 2.5 2 1 2 1 1
4828.2 -4484.1 -25.7 341 0 11.8 12.1 7.5 2.5 2 1 3 4 4
4700.8 -4385.7 -14.9 191 0 11.6 12.8 2.5 2.5 2 1 1 1 1
4784.2 -4369.7 -16.2 165 0 8.3 11.5 10.0 2.5 4 1 4 3 3
4792.3 -4398.6 -18.8 75 0 8.6 6.2 2.5 2.5 2 0 1 4 4
4808.4 -4424.9 -21.8 345 0 6.1 9.6 10.0 2.5 2 1 4 2 2
4752.5 -4417.0 -19.2 251 0 8.1 10.2 5.0 2.5 2 1 2 1 1
4734.3 -4439.9 -19.3 191 0 10.2 10.6 7.5 2.5 2 1 3 3 3
1147.6 158.6 -27.7 254 0 55.8 11.7 12.5 2.5 2 0 5 0 0
1102.2 305.1 -27.5 359 0 43.0 13.9 10.0 2.5 2 0 4 0 0
1220.8 644.6 -28.8 30 0 13.6 19.5 10.0 2.5 2 1 4 0 0
1260.2 755.6 -30.6 185 0 13.0 12.4 5.0 2.5 4 0 2 1 1
1232.4 713.1 -26.1 30 0 13.0 15.0 7.5 2.5 4 1 3 4 4
1208.1 728.4 -23.7 292 0 17.6 14.4 12.5 2.5 2 0 5 1 1
1133.0 462.3 -26.0 126 0 10.6 16.8 7.5 2.5 4 1 3 0 0
1728.5 3609.4 -26.2 223 0 7.6 14.2 7.5 2.5 2 1 3 4 4
1730.4 3544.9 -27.3 50 0 9.2 13.4 7.5 2.5 2 1 3 3 3
1511.3 4478.8 -13.5 180 0 15.4 13.0 5.0 2.5 2 0 2 0 0
2015.2 4386.5 -35.9 74 0 10.5 16.0 7.5 2.5 2 1 3 2 2
1922.9 4388.0 -29.3 85 0 13.0 16.8 7.5 2.5 4 1 3 4 4
1880.7 4413.9 -27.1 146 0 10.8 31.3 12.5 2.5 2 1 5 1 1
1928.0 4224.5 -39.9 70 0 15.7 12.6 5.0 2.5 2 0 2 1 1
2032.9 4421.6 -35.1 356 0 6.7 9.6 2.5 2.5 4 1 1 2 2
2027.7 4434.3 -34.8 265 0 10.8 9.7 7.5 2.5 2 0 3 5 5
2284.6 4087.2 -23.0 82 0 18.8 10.2 10.0 2.5 2 0 4 1 1
2274.3 4118.8 -20.1 356 0 9.6 13.0 5.0 2.5 2 1 2 2 2
2229.5 4116.1 -19.6 184 0 9.5 8.8 5.0 0.0 0 0 2 0 0
2231.9 4088.5 -23.2 178 0 14.9 21.2 12.5 2.5 4 1 5 0 0
2052.8 4162.2 -26.6 252 0 13.8 13.1 5.0 2.5 2 0 2 1 1
1834.7 4347.7 -31.2 246 0 6.3 12.5 10.0 2.5 2 1 4 4 4
1813.9 4297.7 -34.8 150 0 8.7 32.2 12.5 2.5 2 1 5 5 5
2063.7 4124.1 -25.9 88 0 11.6 7.4 7.5 2.5 2 0 3 1 1
2059.5 4219.3 -25.1 169 0 14.3 21.2 10.0 2.5 2 1 4 0 0
1859.7 4288.9 -35.2 151 0 9.2 35.3 10.0 2.5 4 1 4 4 4
1849.0 4334.3 -33.2 228 0 25.3 28.1 7.5 2.5 2 1 3 2 2
787.9 -4136.3 -36.4 234 0 11.9 16.1 7.5 2.5 2 1 3 0 0
805.7 -4098.5 -36.9 44 0 9.8 13.2 5.0 2.5 2 1 2 2 2
783.9 -4119.9 -35.8 63 0 10.3 16.5 7.5 2.5 4 1 3 5 5
803.4 -4123.0 -36.8 239 0 14.5 16.0 5.0 0.0 0 1 2 5 5
745.2 -4140.7 -35.4 40 0 13.1 7.8 7.5 2.5 2 0 3 3 3
671.8 -4193.2 -38.3 172 0 18.6 18.3 10.0 2.5 2 0 4 4 4
711.5 -4207.7 -39.5 354 0 29.4 14.5 15.0 0.0 0 0 6 0 0
743.3 -4162.5 -36.4 26 0 13.4 12.1 7.5 2.5 4 0 3 2 2
728.3 -4232.2 -40.3 2 0 15.1 7.4 2.5 2.5 2 0 1 2 2
723.7 -4262.3 -41.1 355 0 11.5 14.5 7.5 2.5 2 1 3 2 2
690.7 -4142.4 -35.7 261 0 22.5 11.9 7.5 2.5 2 0 3 1 1
669.4 -4162.2 -36.3 138 0 8.4 9.4 7.5 0.0 0 1 3 1 1
2204.1 3478.7 -34.3 175 0 9.5 17.9 10.0 2.5 2 1 4 5 5
2287.4 3523.8 -32.7 265 0 11.2 18.3 2.5 2.5 4 1 1 3 3
2239.5 3569.7 -33.8 275 0 8.3 14.8 5.0 2.5 2 1 2 5 5
4588.0 -4710.9 -30.5 56 0 7.5 7.5 5.0 2.5 4 1 2 3 3
4579.4 -4689.0 -29.6 221 0 9.0 6.6 7.5 2.5 2 0 3 5 5
4599.1 -4662.2 -28.8 235 0 8.3 15.1 7.5 2.5 4 1 3 2 2
4598.5 -4708.8 -30.5 60 0 9.7 13.1 10.0 2.5 2 1 4 1 1
4628.6 -4685.7 -29.9 50 0 12.0 14.2 5.0 0.0 0 1 2 5 5
4608.6 -4694.8 -30.0 53 0 11.7 8.6 7.5 2.5 2 0 3 4 4
4629.4 -4630.0 -27.4 222 0 10.0 11.0 2.5 2.5 2 1 1 5 5
4658.2 -4658.7 -28.8 61 0 11.1 12.7 7.5 2.5 2 1 3 4 4
4670.0 -4644.1 -29.0 59 0 12.1 10.0 10.0 2.5 2 0 4 2 2
4713.0 -4610.0 -29.8 319 0 18.9 10.8 2.5 2.5 2 0 1 1 1
4726.2 -4683.2 -31.2 60 0 9.4 12.5 7.5 0.0 0 1 3 5 5
4739.0 -4638.6 -30.7 328 0 12.5 10.1 5.0 2.5 2 0 2 4 4
4686.0 -4664.8 -30.1 239 0 11.6 11.0 7.5 2.5 2 0 3 1 1
4690.7 -4701.8 -31.1 47 0 8.5 11.5 10.0 2.5 2 1 4 3 3
4654.5 -4683.4 -30.6 233 0 8.1 17.0 5.0 2.5 2 1 2 2 2
4680.0 -4714.2 -31.4 44 0 9.8 11.3 5.0 0.0 0 1 2 5 5
4659.1 -4720.4 -31.2 49 0 13.1 9.2 5.0 2.5 2 0 2 5 5
4642.2 -4734.0 -31.2 48 0 13.0 11.4 7.5 2.5 2 0 3 2 2
4628.7 -4747.4 -31.5 53 0 15.8 10.9 5.0 2.5 2 0 2 1 1
4624.0 -4709.6 -30.9 237 0 11.8 12.1 5.0 2.5 2 1 2 1 1
4557.8 -4729.9 -31.2 171 0 11.1 14.5 7.5 0.0 0 1 3 5 5
4589.9 -4770.0 -32.2 54 0 10.6 13.3 5.0 2.5 2 1 2 0 0
4565.8 -4777.9 -32.5 171 0 10.8 12.2 7.5 2.5 2 1 3 5 5
4559.4 -4915.9 -35.6 62 0 10.0 12.2 7.5 2.5 2 1 3 4 4
4572.2 -4905.4 -36.0 68 0 15.8 10.5 7.5 2.5 2 0 3 3 3
4556.9 -4878.3 -35.4 242 0 12.5 14.5 7.5 2.5 2 1 3 4 4
4590.0 -4847.3 -35.3 242 0 13.5 12.6 2.5 2.5 2 0 1 0 0
4540.0 -4844.3 -34.5 239 0 14.4 14.7 5.0 2.5 2 1 2 1 1
4567.7 -4834.5 -34.4 63 0 11.1 9.1 5.0 2.5 2 0 2 4 4
4587.3 -4794.2 -33.3 244 0 15.8 10.7 7.5 2.5 2 0 3 2 2
4620.1 -4815.3 -33.6 62 0 8.6 14.2 5.0 2.5 2 1 2 4 4
4617.4 -4772.1 -32.4 233 0 7.7 12.1 7.5 2.5 2 1 3 1 1
4672.1 -4740.8 -31.8 243 0 11.2 10.5 7.5 2.5 2 0 3 5 5
4691.6 -4722.6 -32.1 228 0 6.4 14.1 7.5 2.5 2 1 3 4 4
4749.5 -4693.7 -33.0 223 0 7.0 39.3 12.5 2.5 4 1 5 0 0
4847.6 -4744.1 -34.0 154 0 8.8 12.5 7.5 2.5 2 1 3 3 3
4842.8 -4751.3 -34.4 338 0 7.1 20.2 5.0 0.0 0 1 2 1 1
4822.2 -4728.1 -33.9 323 0 10.1 13.5 7.5 2.5 2 1 3 2 2
4807.1 -4758.1 -34.4 82 0 19.7 10.9 2.5 2.5 2 0 1 5 5
4772.8 -4783.2 -34.9 57 0 8.2 10.6 7.5 2.5 2 1 3 0 0
4753.3 -4792.4 -34.3 63 0 9.3 7.3 5.0 2.5 2 0 2 1 1
4720.3 -4779.1 -33.4 245 0 9.6 12.8 2.5 2.5 2 1 1 2 2
4704.6 -4786.9 -32.9 269 0 8.7 14.2 7.5 2.5 4 1 3 2 2
4709.3 -4825.6 -34.0 61 0 7.1 11.5 5.0 2.5 2 1 2 1 1
4702.7 -4835.4 -34.4 55 0 6.5 10.8 7.5 2.5 2 1 3 5 5
4682.0 -4798.9 -33.4 241 0 7.4 12.9 5.0 2.5 2 1 2 0 0
4662.8 -4864.1 -35.8 56 0 15.0 12.9 7.5 2.5 2 0 3 5 5
4648.6 -4877.3 -36.2 62 0 9.0 16.9 5.0 2.5 2 1 2 5 5
4625.2 -4837.2 -35.1 242 0 6.3 17.3 5.0 2.5 2 1 2 5 5
4610.6 -4848.7 -35.3 168 0 12.9 13.3 5.0 0.0 0 1 2 5 5
4626.3 -4880.3 -36.4 148 0 12.9 12.5 7.5 2.5 2 0 3 2 2
4821.8 -5342.1 -17.5 205 0 8.5 8.5 7.5 0.0 0 0 3 3 3
4870.8 -5219.0 -4.6 328 0 11.2 9.9 10.0 2.5 2 0 4 0 0
5010.5 -5289.0 -15.3 75 0 10.4 17.7 10.0 2.5 2 1 4 2 2
5005.3 -5222.1 -6.3 302 0 9.0 14.3 7.5 2.5 2 1 3 1 1
4914.9 -5261.6 -10.7 270 0 14.2 15.4 5.0 2.5 2 1 2 1 1
4923.6 -5311.7 -15.9 21 0 13.3 13.0 10.0 2.5 2 0 4 5 5
4873.7 -5314.0 -14.3 284 0 15.9 14.7 5.0 2.5 2 0 2 0 0
4698.7 -5603.2 -29.9 107 0 14.5 10.8 7.5 2.5 2 0 3 2 2
4730.3 -5601.1 -29.8 309 0 12.8 9.4 10.0 2.5 2 0 4 2 2
4763.2 -5628.0 -31.2 320 0 6.9 14.1 10.0 2.5 2 1 4 0 0
4760.4 -5656.0 -31.6 103 0 14.0 10.6 7.5 0.0 0 0 3 5 5
4768.7 -5494.5 -25.8 129 0 10.6 8.0 10.0 2.5 2 0 4 0 0
4780.8 -5503.8 -25.3 133 0 11.3 7.7 7.5 2.5 2 0 3 0 0
4943.0 -5460.1 -28.3 40 0 10.9 15.9 7.5 2.5 2 1 3 3 3
4910.1 -5486.2 -29.1 141 0 18.4 9.9 7.5 2.5 2 0 3 3 3
4911.4 -5450.0 -27.4 310 0 18.6 10.1 2.5 2.5 2 0 1 5 5
4838.2 -5496.5 -25.9 58 0 10.7 7.4 7.5 2.5 4 0 3 3 3
4845.1 -5474.1 -25.1 34 0 9.4 15.1 7.5 2.5 2 1 3 1 1
4884.5 -5425.9 -24.8 307 0 14.3 7.4 7.5 2.5 2 0 3 3 3
4824.9 -5427.4 -24.1 231 0 12.7 21.0 7.5 2.5 2 1 3 3 3
4812.9 -5394.2 -22.4 303 0 7.0 9.1 7.5 2.5 2 1 3 3 3
4760.1 -5404.1 -24.8 283 0 9.4 16.3 7.5 2.5 2 1 3 2 2
4723.0 -5472.3 -27.6 132 0 15.9 24.0 12.5 2.5 2 1 5 4 4
4728.9 -5416.6 -27.1 270 0 14.2 32.3 10.0 2.5 2 1 4 3 3
4710.9 -5390.2 -28.0 271 0 21.2 63.0 12.5 2.5 2 1 5 0 0
4518.8 -5408.5 -32.8 239 0 10.3 26.3 10.0 2.5 2 1 4 3 3
4544.9 -5404.5 -31.3 266 0 12.3 12.2 2.5 2.5 2 0 1 4 4
4620.6 -5544.5 -26.5 69 0 9.7 13.6 5.0 2.5 2 1 2 5 5
4582.4 -5526.5 -27.3 84 0 13.2 8.1 7.5 2.5 2 0 3 5 5
4564.2 -5564.9 -28.0 85 0 9.1 11.3 5.0 2.5 2 1 2 1 1
4627.6 -5493.3 -25.9 268 0 8.5 11.3 5.0 2.5 2 1 2 1 1
4668.6 -5513.4 -27.1 5 0 14.9 8.7 7.5 0.0 0 0 3 3 3
4652.4 -5507.4 -26.6 2 0 10.4 7.7 5.0 2.5 2 0 2 0 0
4642.8 -5475.1 -26.4 291 0 12.0 7.6 5.0 0.0 0 0 2 0 0
4582.4 -5393.1 -27.9 262 0 12.0 18.6 7.5 2.5 2 1 3 2 2
4563.3 -5396.4 -30.4 272 0 17.4 9.5 5.0 0.0 0 0 2 0 0
4535.8 -5350.3 -33.4 227 0 24.3 6.9 7.5 2.5 2 0 3 2 2
4575.4 -5348.7 -27.7 352 0 19.7 14.3 10.0 2.5 2 0 4 2 2
6818.0 -3782.2 -26.8 66 0 16.4 70.2 15.0 2.5 2 1 6 0 0
6850.7 -3774.4 -26.5 67 0 21.1 45.1 12.5 2.5 2 1 5 0 0
503.8 6811.7 -30.3 181 0 12.6 10.1 7.5 2.5 4 0 3 2 2
559.5 -2806.2 -41.8 64 0 8.8 16.3 7.5 2.5 2 1 3 1 1
585.6 -2795.2 -42.1 81 0 14.2 15.6 7.5 2.5 2 1 3 3 3
539.7 -2843.7 -42.2 64 0 14.8 10.8 5.0 2.5 2 0 2 1 1
-3418.6 3933.7 -41.8 153 0 46.3 18.3 10.5 3.5 2 0 3 5 5
-1968.5 5307.6 -34.2 248 0 38.7 41.3 7.5 0.0 0 1 3 0 0
636.1 -2407.8 -33.6 215 0 12.6 7.9 5.0 2.5 4 0 2 4 4
691.5 -2386.3 -33.4 234 0 8.4 9.0 7.5 0.0 0 1 3 0 0
698.0 -2373.8 -32.6 223 0 12.2 8.6 2.5 2.5 2 0 1 2 2
724.3 -2418.5 -35.0 346 0 7.6 10.4 5.0 2.5 2 1 2 4 4
724.3 -2453.8 -36.7 72 0 11.4 8.4 7.5 0.0 0 0 3 4 4
674.3 -2350.0 -30.6 38 0 7.8 6.7 10.0 2.5 2 0 4 3 3
679.8 -2341.0 -30.2 36 0 8.2 7.0 5.0 2.5 2 0 2 5 5
674.5 -2365.1 -31.6 33 0 8.2 10.4 5.0 2.5 2 1 2 0 0
737.7 -2285.4 -35.0 265 0 9.8 16.1 7.5 2.5 2 1 3 3 3
734.0 -2214.7 -34.2 166 0 8.0 16.1 5.0 2.5 2 1 2 5 5
797.4 -2480.0 -41.6 175 0 11.0 17.2 5.0 2.5 2 1 2 1 1
842.4 -2460.9 -42.2 66 0 12.7 7.6 7.5 2.5 2 0 3 4 4
1518.1 -2566.9 -33.5 83 0 12.5 15.5 10.0 2.5 2 1 4 3 3
1491.3 -2566.5 -33.7 85 0 11.3 14.0 7.5 2.5 2 1 3 1 1
1547.3 -2527.0 -33.3 354 0 14.5 14.5 5.0 2.5 2 1 2 0 0
1570.4 -2513.2 -33.4 355 0 7.1 17.1 7.5 2.5 2 1 3 0 0
1525.1 -2464.8 -35.3 175 0 8.3 15.7 2.5 2.5 2 1 1 2 2
6477.1 -5186.4 -35.0 329 0 8.0 14.2 2.5 2.5 2 1 1 1 1
6413.5 -5172.6 -35.0 182 0 8.9 11.5 5.0 2.5 2 1 2 1 1
6385.4 -5266.0 -37.2 61 0 11.4 8.1 7.5 2.5 4 0 3 3 3
1300.0 1683.9 -10.9 191 0 6.3 8.9 7.5 2.5 2 1 3 5 5
1273.7 1681.4 -18.1 10 0 29.2 12.4 12.5 2.5 4 0 5 4 4
1371.0 1771.3 -2.4 120 0 9.5 13.9 5.0 2.5 2 1 2 5 5
6483.5 -5301.2 -35.2 148 0 10.3 9.9 2.5 2.5 2 0 1 5 5
6516.6 -5229.7 -34.4 329 0 9.0 8.7 5.0 2.5 2 0 2 4 4
6549.5 -5270.8 -32.9 324 0 9.3 12.8 2.5 0.0 0 1 1 2 2
6586.7 -5062.6 -30.7 296 0 16.4 11.4 5.0 2.5 2 0 2 5 5
6502.6 -4590.9 -30.5 65 0 10.0 12.1 10.0 2.5 2 1 4 2 2
6490.2 -4723.9 -25.3 164 0 7.4 11.2 5.0 2.5 2 1 2 2 2
6532.6 -4730.1 -25.3 73 0 11.9 12.4 7.5 2.5 2 1 3 1 1
6544.4 -4670.7 -27.2 65 0 10.0 16.4 7.5 2.5 2 1 3 0 0
6565.3 -4618.5 -30.3 248 0 11.1 18.2 7.5 2.5 2 1 3 0 0
6528.4 -4600.9 -29.4 227 0 15.4 13.6 7.5 2.5 2 0 3 3 3
6459.2 -4642.5 -28.3 237 0 15.7 13.7 5.0 2.5 2 0 2 4 4
6489.2 -4620.6 -29.1 254 0 15.2 9.7 7.5 2.5 2 0 3 4 4
6640.4 -4621.2 -34.1 39 0 10.8 10.1 5.0 2.5 2 0 2 3 3
6699.3 -4466.5 -36.9 144 0 10.9 20.4 5.0 2.5 2 1 2 1 1
6513.6 -5115.5 -31.3 41 0 8.9 14.5 7.0 2.5 2 1 2 0 0
6447.0 -5031.6 -32.7 26 0 9.5 9.8 7.5 2.5 4 1 3 2 2
6462.5 -5032.4 -30.8 235 0 9.8 9.4 10.0 2.5 2 0 4 0 0
6454.1 -5141.0 -33.2 124 0 13.5 20.4 10.0 2.5 2 1 4 3 3
1279.3 5502.4 -24.9 267 0 15.1 12.5 7.5 2.5 2 0 3 0 0
1121.4 3907.5 -36.1 163 0 9.3 14.2 7.5 2.5 2 1 3 2 2
1394.6 4041.6 -39.2 248 0 17.2 10.5 7.5 2.5 2 0 3 5 5
1419.9 4043.0 -37.3 255 0 10.4 13.3 5.0 0.0 0 1 2 5 5
6433.4 -4773.3 -27.2 92 0 8.9 10.7 7.5 2.5 2 1 3 4 4
6415.6 -4889.5 -32.7 349 0 13.9 9.3 2.5 0.0 0 0 1 3 3
6435.0 -4794.2 -27.2 243 0 7.7 10.9 7.5 2.5 2 1 3 1 1
6440.0 -5073.6 -30.5 119 0 8.6 11.2 7.5 2.5 2 1 3 0 0
6574.8 -4936.2 -29.3 75 0 8.2 10.1 7.5 2.5 4 1 3 0 0
6550.5 -4964.0 -29.3 256 0 7.3 13.0 7.5 2.5 2 1 3 1 1
6482.4 -5054.0 -29.2 197 0 8.4 11.2 10.0 2.5 2 1 4 1 1
6546.0 -5083.5 -29.3 34 0 8.9 12.2 7.0 2.5 2 1 2 5 5
6562.1 -5110.8 -31.5 40 0 6.7 12.5 10.5 2.5 2 1 3 2 2
6882.7 -2076.1 37.6 69 0 17.4 12.8 5.0 2.5 2 0 2 0 0
738.0 2267.8 -21.3 272 0 6.5 12.2 5.0 2.5 2 1 2 3 3
758.8 2242.7 -23.7 106 0 13.2 11.4 7.5 2.5 2 0 3 0 0
835.9 2141.3 -27.9 300 0 10.4 8.7 10.0 2.5 2 0 4 2 2
825.4 2188.7 -27.7 125 0 11.9 7.4 5.0 2.5 2 0 2 3 3
844.1 2272.3 -25.8 289 0 12.3 9.6 10.0 2.5 4 0 4 3 3
818.3 2252.9 -25.6 278 0 9.8 6.7 7.5 2.5 2 0 3 3 3
479.6 1985.5 -32.2 32 0 12.4 9.7 5.0 2.5 2 0 2 5 5
425.1 1993.5 -27.9 195 0 6.3 9.9 7.5 2.5 2 1 3 2 2
450.0 1958.5 -27.1 89 0 11.0 10.1 10.0 0.0 0 0 4 0 0
373.6 1777.3 -2.4 81 0 7.9 6.9 7.5 2.5 4 0 3 5 5
383.2 1789.6 -4.9 263 0 11.6 9.0 5.0 2.5 2 0 2 4 4
200.2 2005.1 -14.9 87 0 10.6 12.2 7.5 2.5 2 1 3 3 3
196.4 2103.7 -29.8 55 0 8.6 10.4 10.0 0.0 0 1 4 1 1
50.3 2085.0 -5.3 76 0 9.3 17.4 5.0 0.0 0 1 2 2 2
724.4 1715.4 -24.7 269 0 11.4 8.9 2.5 2.5 2 0 1 3 3
705.1 1684.9 -19.9 87 0 11.9 6.4 10.0 2.5 2 0 4 2 2
670.4 1679.4 -16.1 83 0 7.9 9.0 7.5 2.5 2 1 3 1 1
795.1 1694.1 -24.7 25 0 6.4 9.2 10.0 2.5 2 1 4 3 3
752.7 1682.4 -20.8 94 0 8.4 7.0 2.5 2.5 2 0 1 0 0
754.2 1659.7 -18.3 91 0 11.2 8.3 5.0 2.5 2 0 2 2 2
782.3 1722.0 -27.2 287 0 7.2 7.7 7.5 2.5 2 1 3 3 3
875.5 1793.3 -31.9 121 0 12.7 11.7 7.5 2.5 2 0 3 3 3
6445.6 -5226.4 -35.9 125 0 12.6 16.3 5.0 2.5 2 1 2 2 2
1820.2 -2332.9 -37.4 176 0 23.7 9.8 14.0 3.5 2 0 4 1 1
1830.6 -2303.4 -38.8 262 0 11.3 6.7 14.0 3.5 2 0 4 2 2
1804.9 -2315.0 -39.6 178 0 16.1 12.2 14.0 3.5 2 0 4 4 4
1817.2 -2293.2 -40.3 257 0 23.3 8.9 14.0 3.5 2 0 4 0 0
1877.4 -2310.2 -37.4 260 0 7.3 33.5 14.0 3.5 2 1 4 1 1
1885.3 -2371.1 -37.3 355 0 12.4 7.4 14.0 3.5 2 0 4 5 5
1863.5 -2429.7 -37.4 84 0 8.2 17.9 14.0 3.5 2 1 4 5 5
1855.6 -2408.3 -37.7 94 0 9.9 23.8 14.0 3.5 2 1 4 0 0
1873.6 -2425.6 -37.5 86 0 10.5 48.4 14.0 3.5 2 1 4 0 0
1843.0 -2371.6 -37.7 176 0 11.8 28.8 14.0 3.5 2 1 4 5 5
1827.1 -2363.1 -37.6 169 0 29.4 10.4 14.0 3.5 4 0 4 2 2
1841.4 -2417.9 -37.6 82 0 8.6 40.3 14.0 3.5 2 1 4 4 4
1898.7 -2358.4 -37.3 342 0 29.8 11.0 14.0 3.5 2 0 4 3 3
1854.3 -2310.1 -37.7 267 0 11.9 50.5 14.0 3.5 2 1 4 4 4
1845.7 -2290.6 -38.8 258 0 16.0 7.9 14.0 3.5 2 0 4 1 1
1875.6 -2288.2 -38.2 292 0 19.3 10.5 14.0 0.0 0 0 4 4 4
1889.5 -2308.4 -37.3 260 0 11.6 31.9 14.0 3.5 2 1 4 0 0
1753.8 -2394.6 -34.4 348 0 10.9 13.0 14.0 3.5 2 1 4 3 3
1721.6 -2389.7 -34.4 271 0 14.4 7.9 14.0 0.0 0 0 4 4 4
1731.9 -2404.9 -33.7 1 0 12.2 10.3 14.0 3.5 2 0 4 3 3
1716.6 -2450.9 -33.1 92 0 15.2 12.0 14.0 0.0 0 0 4 4 4
1685.3 -2465.2 -32.6 178 0 11.3 13.3 14.0 0.0 0 1 4 5 5
1683.2 -2450.6 -32.7 173 0 14.1 10.7 14.0 3.5 4 0 4 3 3
1682.3 -2425.9 -33.2 183 0 9.5 13.2 14.0 3.5 2 1 4 4 4
1677.5 -2405.7 -33.6 183 0 10.1 15.5 14.0 3.5 2 1 4 1 1
1682.2 -2389.7 -34.9 183 0 6.8 15.9 14.0 3.5 4 1 4 3 3
1685.6 -2352.4 -37.6 268 0 9.1 20.6 14.0 3.5 2 1 4 2 2
1670.8 -2348.8 -38.0 260 0 9.2 15.7 14.0 3.5 2 1 4 0 0
1645.2 -2359.2 -37.1 256 0 9.6 6.5 14.0 3.5 2 0 4 3 3
1644.8 -2379.1 -36.2 161 0 14.2 12.2 14.0 3.5 2 0 4 5 5
69.3 -2818.8 -40.0 0 0 6.5 14.1 10.0 0.0 0 1 4 0 0
43.7 -2785.0 -39.0 269 0 20.6 16.3 10.0 2.5 2 0 4 4 4
54.0 -2833.5 -40.0 359 0 12.9 25.4 10.0 2.5 2 1 4 4 4
1310.5 3132.6 -26.1 10 0 7.2 9.9 7.5 0.0 0 1 3 4 4
1305.7 3158.5 -25.6 352 0 8.2 8.8 2.5 2.5 2 1 1 4 4
1256.8 3196.1 -24.8 230 0 9.5 23.7 7.5 2.5 2 1 3 5 5
1253.3 3115.8 -26.0 66 0 9.2 12.3 5.0 0.0 0 1 2 4 4
1223.9 3109.7 -25.4 83 0 9.8 10.1 5.0 2.5 4 1 2 1 1
1221.2 3168.2 -24.0 273 0 9.9 8.1 5.0 2.5 2 0 2 0 0
1150.4 3191.7 -27.3 275 0 9.5 10.6 5.0 2.5 2 1 2 3 3
1098.9 3129.0 -29.9 176 0 11.9 7.5 5.0 2.5 2 0 2 1 1
934.2 2932.9 -33.1 184 0 8.4 11.2 7.5 2.5 2 1 3 1 1
942.6 2966.0 -32.4 200 0 15.5 8.8 7.5 0.0 0 0 3 1 1
987.7 2981.8 -30.9 73 0 14.3 11.8 5.0 2.5 4 0 2 1 1
1014.6 3034.8 -31.3 345 0 6.2 7.9 2.5 2.5 4 1 1 1 1
977.5 3009.1 -31.3 167 0 12.9 18.0 7.5 2.5 2 1 3 0 0
910.9 3037.8 -33.6 63 0 7.8 12.1 7.5 2.5 2 1 3 3 3
945.0 3182.2 -32.2 336 0 14.2 12.2 5.0 2.5 4 0 2 0 0
1018.7 3277.6 -36.8 35 0 14.2 8.7 5.0 2.5 2 0 2 5 5
-95.5 -2676.7 -38.3 277 0 10.0 27.5 10.0 0.0 0 1 4 3 3
-91.6 -2723.3 -38.7 92 0 28.8 8.5 7.5 2.5 2 0 3 1 1
-73.4 -2681.9 -37.6 272 0 8.9 14.8 7.5 2.5 2 1 3 5 5
-255.0 -1981.9 -23.7 60 0 8.2 15.8 5.0 2.5 2 1 2 1 1
-276.2 -2009.3 -24.6 154 0 8.2 13.9 5.0 2.5 4 1 2 4 4
-268.5 -1911.8 -16.8 264 0 8.6 18.4 7.5 2.5 2 1 3 2 2
-208.2 -1935.3 -26.8 70 0 8.6 8.5 5.0 2.5 2 0 2 2 2
-203.4 -1880.2 -22.6 182 0 16.3 7.1 7.5 2.5 4 0 3 5 5
-87.5 -1784.8 -23.6 180 0 8.9 11.2 7.5 2.5 2 1 3 0 0
59.7 -1748.2 -31.4 357 0 15.2 6.5 5.0 2.5 2 0 2 0 0
34.6 -1621.3 -30.4 270 0 15.9 7.3 7.5 2.5 2 0 3 3 3
-28.8 -1524.1 -30.1 311 0 14.2 9.8 7.5 2.5 2 0 3 4 4
-69.9 -1567.1 -23.0 167 0 6.9 13.1 7.5 2.5 2 1 3 3 3
-92.6 -1521.5 -24.2 288 0 9.7 7.4 10.0 2.5 4 0 4 4 4
306.3 -1884.3 -30.0 341 0 10.0 10.7 7.5 2.5 4 1 3 2 2
300.2 -1835.5 -29.4 272 0 8.6 13.9 7.5 2.5 2 1 3 2 2
282.2 -1855.1 -30.3 189 0 7.8 11.8 5.0 2.5 2 1 2 4 4
