-2433.1 -2443.5 -56.1 358 0 13.8 49.9 7.5 2.5 2 0 3 2 2
-2277.3 -2377.0 -67.3 115 0 24.0 44.3 7.5 2.5 2 0 3 3 3
-2582.0 -2396.5 -52.8 177 0 20.8 51.6 12.5 2.5 2 1 5 5 5
-3005.6 -2758.1 -43.3 181 0 17.4 27.0 2.5 2.5 2 0 1 3 3
-3131.9 -2633.4 -36.4 176 0 50.9 11.7 7.5 2.5 2 0 3 0 0
-3068.2 -2441.1 -46.9 242 0 12.7 23.4 12.5 2.5 2 1 5 0 0
-3351.8 -2770.5 -13.8 177 0 10.5 20.4 7.5 2.5 2 1 3 5 5
-2004.8 -2709.2 -65.1 68 0 27.8 32.3 10.0 0.0 0 1 4 4 4
-2740.6 -2581.8 -52.4 49 0 46.9 8.4 5.0 2.5 2 0 2 1 1
-2784.5 -2623.0 -51.8 49 0 45.1 8.5 5.0 2.5 2 0 2 5 5
-6891.7 6479.5 225.7 165 0 12.5 13.2 10.0 2.5 2 0 4 1 1
-6876.2 6429.6 230.6 346 0 14.8 8.5 7.5 2.5 2 0 3 2 2
-6907.6 6460.7 232.9 149 0 11.3 8.6 7.5 2.5 2 0 3 4 4
-6876.5 6748.9 231.6 212 0 6.4 9.2 7.5 2.5 2 0 3 0 0
-6892.5 6724.7 234.7 220 0 7.6 19.5 7.5 2.5 2 0 3 4 4
-6903.6 6709.7 239.1 231 0 8.1 9.3 7.5 2.5 2 1 3 3 3
-6913.9 6672.1 238.0 220 0 8.9 6.7 10.0 0.0 0 0 4 0 0
-6866.1 6643.8 224.5 20 0 16.6 13.2 7.5 2.5 2 0 3 1 1
-6599.2 6829.1 130.5 94 0 15.4 9.3 10.0 2.5 2 0 4 0 0
-6536.6 6837.1 119.7 282 0 10.4 10.0 7.5 2.5 2 0 3 3 3
-6582.8 6702.6 157.4 5 0 9.6 11.6 7.5 2.5 2 1 3 0 0
-6616.4 6705.9 162.9 181 0 8.1 10.6 7.5 2.5 2 1 3 5 5
-6726.5 6743.3 188.4 269 0 10.3 12.8 5.0 2.5 2 1 2 1 1
-6845.9 6426.5 226.6 170 0 13.5 9.5 7.5 2.5 4 0 3 3 3
-6819.8 6404.9 226.1 88 0 11.5 14.1 5.0 2.5 2 1 2 5 5
-6759.4 6404.1 213.8 240 0 8.8 9.6 7.5 2.5 2 1 3 2 2
-6530.5 6580.9 136.2 185 0 11.3 11.4 7.5 2.5 4 1 3 4 4
-6696.5 6524.3 174.7 194 0 13.5 7.8 7.5 2.5 2 0 3 5 5
-6706.9 6589.7 180.4 5 0 6.0 11.3 7.5 2.5 2 1 3 2 2
-6686.4 6654.6 179.0 108 0 13.0 10.8 7.5 2.5 2 0 3 3 3
-6763.8 6586.6 193.6 109 0 9.3 6.2 7.5 2.5 4 0 3 3 3
-6758.7 6635.8 196.5 286 0 9.8 14.7 10.0 2.5 2 1 4 3 3
-6824.0 6635.7 211.2 201 0 6.6 10.9 5.0 2.5 2 1 2 1 1
-6827.8 6590.1 210.4 104 0 8.5 21.8 7.5 0.0 0 1 3 3 3
-6809.2 6391.4 224.6 135 0 7.8 7.3 7.5 2.5 2 0 3 4 4
-6788.6 6379.6 219.9 178 0 15.9 14.8 7.5 2.5 2 0 3 1 1
-6742.9 6301.2 215.8 9 0 10.8 15.6 5.0 2.5 2 1 2 3 3
-6734.3 6365.1 217.8 53 0 8.3 9.4 5.0 2.5 2 1 2 1 1
-6683.4 6385.7 202.5 2 0 9.3 8.6 7.5 2.5 4 0 3 4 4
-6544.8 6112.1 171.7 78 0 12.2 14.4 10.0 2.5 2 1 4 4 4
-6603.2 6125.3 182.0 271 0 12.1 17.9 7.5 2.5 2 1 3 5 5
-6673.6 6187.8 194.7 290 0 11.9 12.6 5.0 2.5 2 1 2 1 1
-6711.4 6221.3 202.7 268 0 10.3 14.6 5.0 2.5 2 1 2 0 0
-6812.9 6246.7 216.2 181 0 11.5 16.4 7.5 2.5 2 1 3 2 2
-6810.7 6191.8 211.6 159 0 10.0 13.0 5.0 2.5 2 1 2 3 3
-6810.0 6136.3 209.0 266 0 9.6 15.6 7.5 2.5 4 1 3 2 2
-6820.6 6170.3 211.3 356 0 7.7 11.1 5.0 2.5 2 1 2 4 4
-6896.4 6116.7 204.7 162 0 8.7 14.3 7.5 2.5 2 1 3 2 2
-6869.4 6151.7 208.1 245 0 7.8 9.1 7.5 2.5 2 1 3 0 0
-6837.2 6208.4 213.5 347 0 9.0 16.2 7.5 0.0 0 1 3 2 2
-6846.7 6246.8 217.8 356 0 12.2 15.9 7.5 2.5 2 1 3 5 5
-6812.1 6287.3 222.3 7 0 10.7 11.8 2.5 2.5 2 1 1 2 2
-6829.0 6291.0 223.1 8 0 14.7 10.0 10.0 2.5 2 0 4 4 4
-6812.5 6332.8 227.5 356 0 12.4 13.5 7.5 2.5 2 1 3 4 4
2011.2 2439.1 -328.6 125 0 13.0 21.9 12.5 2.5 2 1 5 5 5
-3488.3 -2838.2 -7.7 93 0 13.2 19.3 2.5 2.5 4 1 1 3 3
-3910.7 -3987.0 38.1 189 0 8.6 44.7 12.5 2.5 2 1 5 1 1
-1929.9 -2631.6 -67.2 336 0 11.9 12.2 7.5 2.5 2 1 3 3 3
-5302.3 -4012.6 209.3 181 0 9.7 17.8 7.5 2.5 2 1 3 4 4
-4433.8 -4279.9 47.9 3 0 11.4 10.8 5.0 2.5 4 0 2 3 3
-4464.9 -4236.5 56.8 159 0 16.6 9.1 7.5 2.5 2 0 3 2 2
-4421.5 -4162.8 67.7 5 0 9.2 17.3 2.5 2.5 2 1 1 2 2
-4475.2 -4145.8 75.3 271 0 14.4 10.2 7.5 2.5 2 0 3 4 4
-4471.4 -4213.2 62.1 183 0 10.6 8.3 10.0 2.5 2 0 4 4 4
-4611.3 -4205.8 81.8 52 0 13.1 15.9 5.0 2.5 4 1 2 3 3
-4590.9 -4217.4 77.5 202 0 13.8 9.1 7.5 2.5 2 0 3 3 3
-4187.2 -3955.0 63.5 169 0 7.8 13.0 5.0 2.5 2 1 2 2 2
-4126.2 -4511.6 -5.5 26 0 7.4 15.3 5.0 2.5 4 1 2 1 1
-4069.1 -4710.9 0.5 167 0 17.0 9.7 10.0 2.5 4 0 4 5 5
-4125.3 -4770.8 9.2 78 0 13.0 12.8 2.5 2.5 2 0 1 1 1
-4075.0 -5678.4 22.7 60 0 14.7 26.1 10.0 2.5 2 1 4 4 4
-3615.5 -3362.1 -3.5 89 0 10.7 13.4 2.5 2.5 2 1 1 3 3
-3552.2 -3409.0 0.6 19 0 9.0 31.8 10.0 2.5 2 1 4 1 1
-3543.8 -3432.2 4.8 18 0 8.9 30.3 12.5 2.5 2 1 5 3 3
-3590.2 -3408.1 2.7 293 0 13.9 7.6 7.5 2.5 2 0 3 0 0
-3626.0 -3390.3 2.1 206 0 8.3 31.7 12.5 2.5 2 1 5 2 2
-3559.7 -3319.4 -10.7 268 0 7.8 10.4 10.0 2.5 2 1 4 5 5
-2361.8 -2842.5 -50.5 293 0 17.4 20.7 10.0 2.5 2 1 4 3 3
-2571.5 -2610.7 -50.3 76 0 32.9 16.5 10.0 0.0 0 0 4 5 5
-5234.4 -3654.0 139.6 43 0 8.3 11.8 7.5 2.5 2 1 3 3 3
-6903.4 -2615.8 323.5 192 0 11.8 14.4 7.5 2.5 2 1 3 3 3
-4323.7 -4285.5 20.7 271 0 7.8 14.3 10.0 2.5 2 1 4 5 5
-4314.1 -4327.5 14.5 103 0 10.6 9.1 5.0 0.0 0 0 2 5 5
-4276.9 -4338.6 5.9 39 0 8.4 16.5 7.5 2.5 2 1 3 1 1
-4267.6 -4306.5 4.3 308 0 10.6 8.8 7.5 2.5 2 0 3 3 3
-4102.4 -4360.5 -12.2 3 0 9.1 12.1 7.5 2.5 2 1 3 0 0
-4123.9 -4386.1 -11.0 22 0 11.9 7.3 5.0 2.5 2 0 2 1 1
-3960.2 -3497.5 18.1 165 0 7.9 16.9 7.5 2.5 2 1 3 4 4
-3952.6 -3327.1 8.8 22 0 13.2 8.3 5.0 2.5 2 0 2 4 4
-3983.8 -3319.0 10.0 195 0 8.5 15.8 7.5 2.5 2 1 3 2 2
-4441.4 -3693.9 69.4 67 0 14.0 8.6 2.5 2.5 2 0 1 0 0
-4442.0 -3597.2 73.0 29 0 14.7 10.6 7.5 2.5 2 0 3 3 3
-4067.3 -3113.9 33.0 267 0 11.1 12.0 5.0 0.0 0 1 2 0 0
-4066.7 -3189.7 29.6 136 0 7.7 13.4 7.5 2.5 2 1 3 4 4
-4041.1 -3053.4 22.8 192 0 8.8 16.3 7.5 2.5 2 1 3 3 3
-4128.9 -2888.3 42.3 114 0 8.2 15.1 2.5 2.5 2 1 1 0 0
-4117.0 -2775.8 43.7 359 0 14.1 10.6 5.0 2.5 2 0 2 5 5
-4117.4 -2718.5 44.2 323 0 11.8 10.8 7.5 2.5 2 0 3 1 1
-4178.2 -2722.3 55.8 271 0 9.7 11.1 7.5 2.5 2 1 3 3 3
-4084.4 -2655.3 32.6 101 0 12.8 15.4 2.5 2.5 2 1 1 5 5
-4037.8 -2618.5 22.2 257 0 10.6 16.7 5.0 0.0 0 1 2 1 1
-3470.4 -4585.6 -56.1 119 0 10.1 24.4 7.5 2.5 2 1 3 0 0
-3006.1 -4791.1 -22.7 341 0 9.6 22.9 10.0 2.5 2 1 4 3 3
-3015.8 -4760.8 -38.2 34 0 9.8 21.3 5.0 0.0 0 1 2 2 2
-3077.2 -4768.0 -34.6 106 0 15.8 10.5 2.5 2.5 4 0 1 2 2
-3324.6 -4713.0 -58.8 264 0 9.7 7.6 7.5 2.5 2 0 3 4 4
-3691.7 -4266.7 -34.3 307 0 13.8 16.8 5.0 2.5 2 1 2 5 5
-3686.4 -4410.7 -44.5 141 0 16.1 35.5 10.0 2.5 4 1 4 3 3
-3711.6 -4227.5 -30.4 118 0 12.5 16.6 5.0 2.5 2 1 2 5 5
-3742.3 -4218.6 -27.5 102 0 18.8 11.1 5.0 2.5 2 0 2 0 0
-3662.1 -4291.7 -36.3 282 0 14.9 19.2 10.0 2.5 2 1 4 2 2
-3626.2 -4178.4 -18.9 28 0 13.3 19.4 12.5 2.5 2 1 5 5 5
-3636.1 -4333.8 -41.5 191 0 16.1 30.6 10.0 2.5 2 1 4 4 4
-4073.6 4411.6 -243.6 288 0 9.5 23.5 7.5 2.5 2 1 3 3 3
-2816.0 -2744.7 -49.6 225 0 7.6 35.7 10.0 2.5 2 1 4 2 2
-2981.2 -2852.7 -40.4 182 0 9.6 28.3 12.5 2.5 2 1 5 5 5
