-128.0 -5733.8 16.9 344 0 13.9 29.4 7.5 2.5 2 0 3 1 1
3520.5 -4578.2 -24.5 133 0 19.6 19.9 10.5 3.5 2 0 3 5 5
3557.2 -4523.2 -25.2 191 0 14.0 6.1 14.0 3.5 2 0 4 3 3
3536.3 -4435.4 -18.8 119 0 21.8 11.0 14.0 3.5 2 0 4 1 1
3513.0 -4595.3 -22.9 316 0 35.5 19.7 14.0 0.0 0 0 4 1 1
3311.9 -4442.0 -24.5 310 0 24.8 17.8 14.0 3.5 2 0 4 2 2
3334.7 -4474.4 -24.0 39 0 18.9 20.8 14.0 3.5 2 1 4 2 2
3317.4 -4393.3 -24.3 221 0 13.7 33.3 14.0 3.5 2 0 4 2 2
3318.1 -4384.3 -21.2 46 0 9.4 23.6 14.0 3.5 2 0 4 3 3
3298.2 -4403.4 -23.4 38 0 11.6 16.4 14.0 3.5 2 0 4 1 1
-4626.3 -5485.3 -155.7 140 0 8.7 15.1 7.5 2.5 2 1 3 0 0
-4490.2 -5340.2 -161.7 321 0 12.3 8.7 7.5 2.5 2 0 3 1 1
-4522.8 -5335.3 -160.7 187 0 10.0 13.7 10.0 2.5 2 1 4 3 3
-4563.7 -5459.8 -156.6 45 0 11.9 32.1 10.0 0.0 0 1 4 2 2
-4550.7 -5444.3 -156.6 43 0 13.8 29.3 10.0 2.5 2 1 4 3 3
-4532.1 -5431.1 -157.5 43 0 11.0 35.7 12.5 2.5 2 1 5 2 2
-4868.2 -5605.0 -157.5 277 0 16.8 29.3 12.5 2.5 2 1 5 3 3
-4860.9 -5696.5 -161.7 15 0 20.2 13.0 10.0 2.5 2 0 4 0 0
-4878.4 -5807.2 -165.1 28 0 10.7 10.8 7.5 2.5 2 1 3 2 2
-5213.8 -6206.2 -158.5 354 0 9.4 11.3 5.0 2.5 2 1 2 2 2
-5274.5 -6284.9 -161.3 151 0 10.5 13.3 2.5 2.5 2 1 1 1 1
-5689.0 -6535.9 -119.2 292 0 15.9 11.6 7.5 2.5 2 0 3 5 5
-6053.6 -6826.0 -173.2 101 0 14.1 10.1 7.5 2.5 2 0 3 5 5
-6112.2 -6793.8 -163.3 95 0 12.7 10.3 10.0 0.0 0 0 4 3 3
-6267.1 -6905.9 -183.1 96 0 6.3 17.9 7.5 2.5 2 1 3 4 4
-4856.2 -5747.2 -161.9 313 0 15.8 11.8 10.0 2.5 2 0 4 4 4
-4899.7 -6826.9 -94.3 74 0 26.6 29.0 12.5 0.0 0 1 5 1 1
-4810.8 -6868.3 -88.8 342 0 15.0 9.3 2.5 2.5 2 0 1 3 3
-4805.2 -6904.8 -87.6 73 0 10.4 23.8 5.0 2.5 2 1 2 0 0
-4557.5 -6409.8 -123.0 208 0 9.6 23.1 5.0 2.5 2 1 2 1 1
-4516.3 -6475.9 -120.4 34 0 41.0 11.7 12.5 2.5 2 0 5 2 2
-4172.6 -6279.8 -86.3 91 0 13.5 27.3 12.5 2.5 2 1 5 0 0
-4317.3 -6202.6 -112.2 324 0 9.9 25.8 10.0 2.5 2 1 4 3 3
-4359.6 -6195.8 -119.5 143 0 35.6 11.7 12.5 2.5 2 0 5 2 2
-1198.3 -2719.3 -59.2 128 0 8.9 15.4 5.0 2.5 2 1 2 4 4
-1224.3 -2657.8 -77.8 235 0 7.4 14.9 7.5 2.5 2 1 3 3 3
-1175.6 -2662.1 -70.0 24 0 11.5 11.6 10.0 2.5 4 1 4 2 2
-1141.4 -2608.3 -70.5 257 0 13.3 9.1 7.5 2.5 4 0 3 3 3
-1083.5 -2373.4 -63.8 107 0 17.5 11.7 5.0 2.5 2 0 2 2 2
-1145.1 -2444.5 -71.4 238 0 13.4 17.0 7.5 2.5 2 1 3 3 3
-935.2 -2401.1 -42.0 111 0 9.5 14.0 7.5 2.5 2 1 3 5 5
-812.7 -2266.8 -23.8 6 0 14.3 12.1 7.5 2.5 2 0 3 4 4
-611.0 -2197.3 1.8 141 0 7.6 12.2 7.5 2.5 4 1 3 1 1
-605.1 -2147.4 -8.0 326 0 9.4 26.0 10.0 2.5 2 1 4 2 2
-421.2 -2012.6 6.1 37 0 19.2 11.3 5.0 2.5 2 0 2 2 2
-505.1 -2003.6 -16.7 104 0 17.9 18.3 10.0 2.5 2 1 4 4 4
13.0 -1482.7 8.2 317 0 11.0 11.7 5.0 2.5 2 1 2 5 5
-42.0 -1477.4 10.5 124 0 8.5 17.7 5.0 0.0 0 1 2 1 1
-148.6 -1552.2 17.9 24 0 15.6 13.1 7.5 2.5 2 0 3 3 3
-171.2 -1636.1 12.9 24 0 18.2 10.8 7.5 2.5 2 0 3 2 2
-82.9 -1790.2 56.0 56 0 15.6 9.0 7.5 2.5 2 0 3 1 1
283.0 -1579.9 95.0 351 0 11.7 9.9 5.0 2.5 2 0 2 3 3
384.4 -1295.0 75.3 230 0 13.8 13.0 5.0 2.5 2 0 2 2 2
434.2 -1373.3 85.2 7 0 17.3 9.9 7.5 2.5 4 0 3 2 2
633.8 -1257.4 92.7 74 0 14.8 10.0 10.0 2.5 2 0 4 5 5
557.0 -1336.8 99.9 187 0 14.2 12.2 7.5 2.5 2 0 3 5 5
535.7 -1430.7 107.0 22 0 16.3 10.9 5.0 2.5 4 0 2 5 5
576.7 -1550.3 137.3 11 0 14.2 8.5 5.0 0.0 0 0 2 3 3
337.5 -2057.4 216.2 136 0 9.9 15.2 5.0 0.0 0 1 2 4 4
3062.2 -5687.4 -11.1 118 0 17.7 18.2 10.0 2.5 2 1 4 1 1
3133.6 -5709.2 -16.3 310 0 9.4 12.0 5.0 2.5 2 1 2 2 2
3043.9 -5827.8 -8.0 117 0 12.4 15.8 5.0 2.5 4 1 2 3 3
2775.1 -6030.7 24.3 241 0 21.7 26.0 12.5 2.5 2 1 5 2 2
2980.2 -5932.8 -6.8 183 0 26.4 45.5 12.5 0.0 0 1 5 3 3
2981.7 -5875.9 -3.2 270 0 27.3 41.5 17.5 0.0 0 1 7 2 2
3036.2 -5890.7 -9.1 0 0 28.5 39.0 12.5 0.0 0 1 5 0 0
3091.7 -5911.5 -11.4 74 0 11.3 11.7 7.5 2.5 2 1 3 4 4
3045.9 -5973.4 -5.2 224 0 9.4 6.7 7.5 2.5 2 0 3 1 1
3039.4 -5982.3 -4.5 269 0 14.4 8.4 5.0 2.5 2 0 2 4 4
3057.6 -5959.0 -5.8 205 0 15.5 15.0 7.5 2.5 2 0 3 4 4
3060.6 -6014.4 -3.2 177 0 26.1 14.8 12.5 2.5 2 0 5 1 1
3062.8 -6052.9 -2.7 89 0 22.4 9.9 7.5 2.5 2 0 3 5 5
3018.8 -6081.1 -2.3 208 0 20.3 10.2 10.0 2.5 2 0 4 4 4
3094.6 -6181.7 12.9 59 0 13.1 15.7 7.5 2.5 2 1 3 0 0
3136.0 -6148.3 9.9 15 0 19.0 11.6 2.5 2.5 2 0 1 5 5
3106.5 -6070.7 2.1 121 0 11.0 32.5 12.5 2.5 2 1 5 3 3
3143.1 -6005.7 0.2 284 0 28.8 11.2 15.0 0.0 0 0 6 5 5
3154.3 -5830.3 -17.5 127 0 12.9 26.2 12.5 2.5 2 1 5 1 1
3478.2 -5967.8 -23.2 202 0 10.5 15.7 7.5 2.5 2 1 3 3 3
3554.6 -6050.5 -28.6 205 0 8.7 11.5 7.5 2.5 2 1 3 2 2
3550.3 -6065.1 -29.6 201 0 10.8 9.4 10.0 2.5 2 0 4 5 5
3547.5 -6081.5 -30.4 202 0 7.8 7.0 7.5 2.5 2 0 3 0 0
3543.7 -6095.1 -31.3 197 0 8.7 10.7 7.5 0.0 0 1 3 3 3
3588.3 -5958.0 -26.9 207 0 9.3 9.8 7.5 2.5 2 1 3 5 5
3583.8 -6021.2 -26.4 210 0 8.2 14.6 7.5 2.5 2 1 3 3 3
3569.4 -5891.7 -22.6 35 0 12.8 17.1 5.0 2.5 4 1 2 1 1
3669.9 -5797.7 -26.1 295 0 12.5 17.5 5.0 2.5 2 1 2 5 5
3614.8 -5783.4 -24.7 4 0 9.3 17.7 5.0 2.5 2 1 2 2 2
3602.8 -5822.6 -24.0 6 0 10.8 16.7 10.0 2.5 2 1 4 1 1
3596.6 -5849.7 -23.8 32 0 14.3 13.7 10.0 2.5 2 0 4 2 2
3350.1 -4259.6 -1.5 236 0 14.1 9.1 14.0 3.5 2 0 4 5 5
3369.0 -4241.2 0.1 320 0 9.0 12.0 14.0 3.5 2 0 4 1 1
3394.7 -4262.2 -6.9 316 0 9.0 11.5 14.0 3.5 2 0 4 5 5
3398.3 -4312.1 -15.0 43 0 17.8 11.4 14.0 3.5 2 0 4 3 3
3367.3 -4332.4 -17.1 7 0 10.2 12.9 14.0 3.5 2 0 4 3 3
3348.8 -4299.6 -8.5 86 0 17.7 12.3 14.0 3.5 2 0 4 0 0
3323.2 -4298.5 -11.6 284 0 9.8 18.2 14.0 3.5 2 0 4 3 3
3347.9 -4323.4 -15.7 15 0 16.8 24.1 14.0 3.5 2 0 4 4 4
3345.7 -4359.0 -18.9 49 0 12.2 23.1 14.0 3.5 2 0 4 3 3
3332.2 -4369.8 -19.4 47 0 10.9 25.9 14.0 3.5 2 0 4 4 4
3324.0 -4377.0 -20.1 47 0 6.3 17.3 14.0 3.5 2 0 4 3 3
3473.1 -4326.9 -18.7 57 0 20.8 11.8 14.0 3.5 2 0 4 4 4
3569.5 -4413.8 -14.4 120 0 10.3 15.5 14.0 3.5 2 0 4 4 4
3488.7 -4361.1 -19.1 147 0 6.2 15.3 14.0 3.5 2 0 4 5 5
3557.1 -4402.3 -13.7 120 0 19.4 24.4 14.0 3.5 2 0 4 3 3
3523.4 -4320.4 -16.0 266 0 8.9 16.6 14.0 3.5 2 0 4 4 4
3665.6 -4195.9 -14.5 338 0 9.0 11.6 14.0 3.5 2 0 4 0 0
3697.8 -4226.8 -10.0 15 0 9.1 10.9 14.0 3.5 2 0 4 2 2
3678.5 -4267.2 -4.8 93 0 18.4 12.6 14.0 3.5 2 0 4 5 5
3646.1 -4261.0 -7.9 84 0 11.6 14.2 14.0 3.5 2 0 4 4 4
3530.0 -4214.9 -10.8 50 0 8.7 13.9 14.0 3.5 2 0 4 4 4
3495.0 -4254.0 -13.2 43 0 7.7 8.7 14.0 3.5 2 0 4 5 5
3497.3 -4232.5 -12.0 36 0 11.7 17.9 14.0 3.5 2 0 4 0 0
3534.4 -4259.2 -13.7 227 0 6.5 17.3 14.0 3.5 2 0 4 0 0
3543.6 -4247.1 -12.7 190 0 8.3 13.8 14.0 3.5 2 0 4 1 1
3557.6 -4253.0 -13.0 186 0 13.5 26.5 14.0 3.5 2 0 4 5 5
3607.4 -4274.9 -9.1 42 0 17.9 10.5 14.0 3.5 2 0 4 5 5
3628.2 -4284.1 -6.9 38 0 22.5 11.4 14.0 3.5 2 0 4 2 2
3603.2 -4306.0 -6.0 344 0 10.3 9.6 14.0 3.5 2 0 4 1 1
3604.3 -4319.9 -4.7 344 0 12.2 10.2 14.0 3.5 2 0 4 5 5
3614.0 -4337.2 -5.5 337 0 14.8 11.2 14.0 3.5 2 0 4 4 4
3626.8 -4374.8 -9.9 346 0 9.0 10.9 14.0 3.5 2 1 4 0 0
3603.3 -4422.8 -14.8 106 0 13.8 9.5 14.0 3.5 2 0 4 4 4
3564.6 -4328.6 -8.9 249 0 9.5 11.5 14.0 3.5 2 1 4 5 5
3582.2 -4368.0 -9.3 26 0 18.0 13.1 14.0 3.5 2 0 4 5 5
3546.5 -4423.0 -16.9 121 0 32.2 18.2 14.0 3.5 2 0 4 5 5
3493.3 -4377.9 -19.1 191 0 8.3 8.5 14.0 3.5 2 1 4 3 3
3473.5 -4371.1 -19.1 263 0 8.0 17.7 14.0 0.0 0 1 4 2 2
3466.5 -4355.6 -19.1 266 0 9.6 14.3 14.0 3.5 2 1 4 3 3
3452.3 -4359.6 -19.2 255 0 10.5 15.2 14.0 3.5 4 1 4 0 0
3395.3 -4428.8 -24.2 221 0 7.9 7.3 14.0 3.5 2 0 4 0 0
3382.2 -4469.6 -24.0 131 0 8.3 10.7 14.0 3.5 2 1 4 0 0
3369.0 -4446.9 -24.3 218 0 13.8 9.2 14.0 3.5 2 0 4 2 2
3385.3 -4422.1 -24.2 221 0 7.7 6.7 14.0 3.5 2 0 4 1 1
3398.6 -4398.1 -22.4 39 0 12.4 10.8 14.0 3.5 2 0 4 4 4
3372.6 -4427.4 -24.6 40 0 17.5 9.9 14.0 3.5 2 0 4 5 5
3358.4 -4439.9 -24.7 37 0 6.0 17.5 14.0 3.5 2 1 4 4 4
3148.7 -4434.9 -13.2 346 0 6.5 10.5 14.0 3.5 2 1 4 4 4
3171.0 -4422.2 -18.8 230 0 23.3 14.2 14.0 3.5 2 0 4 4 4
3208.1 -4392.3 -21.2 222 0 10.0 9.1 14.0 3.5 2 0 4 5 5
3200.7 -4361.2 -18.3 316 0 18.9 13.4 10.5 3.5 2 0 3 4 4
3365.4 -4482.6 -23.6 309 0 13.5 20.5 14.0 0.0 0 1 4 1 1
3330.3 -4482.7 -23.8 218 0 9.7 19.3 14.0 3.5 2 1 4 3 3
3727.1 -4608.7 -25.8 94 0 8.1 15.1 10.5 3.5 2 1 3 2 2
3705.4 -4565.0 -26.7 269 0 10.0 23.1 10.5 3.5 2 1 3 3 3
3730.6 -4565.8 -26.4 275 0 11.4 16.2 10.5 0.0 0 1 3 3 3
3706.5 -4545.6 -27.6 89 0 9.6 7.8 14.0 3.5 4 0 4 5 5
3715.7 -4546.1 -27.5 89 0 7.8 10.0 14.0 3.5 2 1 4 4 4
3765.9 -4639.3 -25.8 96 0 11.5 10.9 10.5 3.5 2 0 3 5 5
3781.1 -4618.5 -25.8 19 0 14.0 9.9 10.5 3.5 2 0 3 4 4
3778.3 -4598.2 -25.9 357 0 9.5 9.1 10.5 3.5 4 0 3 1 1
3751.4 -4585.8 -26.1 274 0 11.5 14.1 10.5 0.0 0 1 3 2 2
3749.1 -4554.9 -26.4 268 0 6.0 7.3 10.5 3.5 2 1 3 0 0
3695.6 -4563.7 -26.8 267 0 6.1 15.9 10.5 3.5 2 1 3 3 3
3686.2 -4569.5 -26.5 272 0 11.4 8.9 10.5 3.5 2 0 3 0 0
3680.3 -4580.3 -26.2 269 0 16.0 22.0 10.5 3.5 2 1 3 2 2
3661.3 -4561.5 -26.2 280 0 8.2 10.9 10.5 0.0 0 1 3 3 3
3673.3 -4563.1 -26.5 278 0 6.5 12.6 10.5 3.5 2 1 3 0 0
3651.6 -4560.3 -25.9 281 0 8.2 11.5 10.5 3.5 2 1 3 0 0
3644.7 -4576.9 -25.7 283 0 7.6 7.0 10.5 3.5 2 0 3 5 5
3631.2 -4558.7 -25.7 281 0 13.2 15.0 10.5 3.5 2 1 3 1 1
3615.0 -4555.1 -25.5 281 0 13.7 22.2 10.5 3.5 2 1 3 2 2
3600.8 -4561.8 -25.3 277 0 6.5 13.5 10.5 3.5 2 1 3 2 2
3593.9 -4551.6 -25.3 284 0 7.8 8.6 10.5 3.5 2 1 3 2 2
3581.2 -4548.4 -25.3 279 0 7.8 18.2 10.5 3.5 2 1 3 3 3
3568.8 -4565.4 -25.3 271 0 9.6 8.0 10.5 3.5 2 0 3 1 1
3557.8 -4548.2 -25.3 280 0 14.3 17.6 10.5 3.5 2 1 3 4 4
3539.7 -4544.3 -25.0 275 0 8.7 9.2 10.5 3.5 2 1 3 3 3
3509.8 -4566.6 -24.4 112 0 7.4 13.9 10.5 3.5 2 1 3 2 2
3534.5 -4585.1 -24.6 130 0 6.0 18.6 10.5 3.5 2 1 3 3 3
3543.5 -4598.3 -24.8 130 0 12.1 24.9 10.5 3.5 2 1 3 0 0
3570.0 -4599.3 -25.1 164 0 11.6 8.9 10.5 3.5 2 0 3 3 3
3596.0 -4603.6 -25.3 339 0 9.3 7.0 10.5 3.5 2 0 3 5 5
3594.2 -4710.3 -24.5 157 0 10.9 15.7 10.5 3.5 2 1 3 5 5
3585.2 -4695.4 -24.4 177 0 16.1 16.8 10.5 3.5 2 1 3 3 3
3584.6 -4669.5 -24.4 168 0 12.7 12.4 10.5 3.5 2 0 3 2 2
3604.1 -4649.2 -24.6 183 0 9.5 8.2 10.5 3.5 2 0 3 0 0
3568.2 -4631.5 -24.7 158 0 16.3 14.8 10.5 3.5 2 0 3 2 2
3496.2 -4696.1 -17.2 71 0 9.3 19.9 14.0 3.5 2 1 4 0 0
3564.1 -4709.2 -22.8 357 0 9.5 14.5 14.0 3.5 2 1 4 5 5
3545.3 -4684.6 -22.1 85 0 11.1 13.4 14.0 3.5 2 1 4 0 0
3542.0 -4624.8 -23.3 318 0 12.3 8.0 14.0 3.5 2 0 4 0 0
3538.7 -4635.2 -22.6 321 0 8.9 7.7 14.0 0.0 0 0 4 2 2
3537.7 -4648.0 -22.1 318 0 11.7 10.2 14.0 3.5 2 0 4 5 5
3557.9 -4652.3 -23.4 330 0 13.9 19.3 14.0 3.5 2 1 4 0 0
2972.6 -3405.6 -21.2 39 0 8.9 8.6 5.0 2.5 4 0 2 5 5
3056.9 -3459.7 -20.2 359 0 15.9 13.1 7.5 0.0 0 0 3 1 1
2973.2 -3462.3 -20.8 204 0 40.9 11.6 7.5 2.5 2 0 3 5 5
3100.8 -4076.9 -19.4 53 0 10.8 16.0 14.0 3.5 2 1 4 1 1
3074.7 -4097.2 -18.2 58 0 8.6 30.8 14.0 3.5 2 1 4 4 4
3063.7 -4100.7 -18.3 337 0 7.6 24.3 14.0 0.0 0 1 4 1 1
3055.0 -4099.8 -17.9 65 0 10.1 26.2 14.0 3.5 2 1 4 4 4
3030.3 -4078.3 -16.9 162 0 19.9 8.4 14.0 3.5 2 0 4 1 1
3021.7 -4095.6 -17.7 158 0 30.3 8.6 14.0 3.5 2 0 4 2 2
3012.7 -4061.7 -18.0 160 0 20.8 9.9 14.0 3.5 2 0 4 4 4
3024.1 -4057.6 -17.0 164 0 14.0 10.6 14.0 3.5 2 0 4 3 3
3072.9 -4025.3 -19.6 335 0 16.0 8.4 14.0 3.5 2 0 4 3 3
3068.8 -4040.3 -18.6 336 0 26.8 8.0 14.0 3.5 4 0 4 1 1
3058.2 -4037.8 -18.1 335 0 24.4 8.6 14.0 0.0 0 0 4 3 3
3069.8 -4012.1 -20.2 341 0 8.8 29.7 14.0 3.5 2 1 4 5 5
3065.4 -3999.6 -20.8 342 0 9.9 28.4 14.0 3.5 2 1 4 1 1
3034.8 -4025.3 -17.5 246 0 6.7 15.0 14.0 3.5 2 1 4 1 1
3029.1 -4015.3 -18.0 246 0 11.0 9.4 14.0 3.5 2 0 4 5 5
3028.1 -4008.6 -18.1 336 0 6.2 11.5 14.0 3.5 2 1 4 5 5
2926.0 -3988.7 -23.3 165 0 9.9 28.3 14.0 3.5 2 1 4 3 3
2987.8 -3985.1 -19.3 263 0 12.7 9.2 14.0 3.5 4 0 4 3 3
2978.3 -4005.5 -20.2 248 0 15.3 10.1 14.0 0.0 0 0 4 0 0
2973.9 -4025.2 -20.3 160 0 7.6 19.4 14.0 3.5 2 1 4 5 5
2980.2 -4036.2 -20.0 160 0 14.8 9.1 14.0 3.5 2 0 4 4 4
2989.8 -4057.8 -19.7 154 0 15.2 8.1 14.0 3.5 2 0 4 1 1
2764.0 -4182.4 -22.7 113 0 7.8 15.0 10.5 3.5 2 1 3 3 3
2780.4 -4175.2 -22.8 54 0 8.6 16.4 10.5 3.5 2 1 3 4 4
2816.2 -4133.6 -23.6 313 0 6.5 12.5 10.5 3.5 2 1 3 3 3
2835.4 -4168.6 -23.5 152 0 7.8 11.1 10.5 3.5 2 1 3 3 3
2846.7 -4153.5 -23.6 243 0 9.0 12.2 10.5 3.5 2 1 3 0 0
2895.4 -4133.7 -22.8 245 0 9.6 7.8 10.5 3.5 2 0 3 5 5
2921.0 -4108.8 -22.8 358 0 9.1 7.4 10.5 3.5 2 0 3 1 1
2939.4 -4109.4 -22.2 339 0 8.4 7.5 10.5 3.5 2 0 3 1 1
2942.7 -4124.2 -21.8 357 0 8.6 8.3 10.5 3.5 4 0 3 2 2
2941.5 -4134.4 -21.8 333 0 8.4 23.3 10.5 3.5 2 1 3 5 5
2951.6 -4176.2 -20.8 352 0 11.5 20.3 10.5 3.5 2 1 3 0 0
2951.3 -4190.2 -20.0 341 0 10.2 18.7 10.5 3.5 2 1 3 4 4
2962.3 -4214.1 -19.0 334 0 10.0 9.5 10.5 3.5 4 0 3 0 0
2970.3 -4224.1 -18.8 331 0 11.8 12.4 10.5 3.5 4 1 3 4 4
2933.7 -4293.1 -16.2 91 0 8.7 15.5 10.5 3.5 2 1 3 1 1
2898.1 -4270.4 -17.1 114 0 9.4 13.2 10.5 3.5 2 1 3 2 2
2867.7 -4203.1 -20.1 221 0 9.2 10.4 10.5 3.5 2 1 3 2 2
2853.0 -4224.1 -19.6 141 0 10.8 16.8 10.5 3.5 2 1 3 1 1
2989.8 -4033.0 -19.2 162 0 15.4 10.0 14.0 3.5 2 0 4 3 3
2995.8 -4049.8 -19.1 157 0 9.7 30.8 14.0 3.5 2 1 4 0 0
3003.4 -4144.9 -18.7 88 0 14.1 14.3 14.0 3.5 2 1 4 2 2
3207.6 -4323.4 -17.1 159 0 12.6 24.2 14.0 3.5 4 1 4 5 5
3249.4 -4364.7 -19.8 132 0 20.6 34.2 14.0 0.0 0 1 4 3 3
3355.6 -4545.1 -15.7 231 0 15.5 13.8 14.0 3.5 2 0 4 4 4
3522.2 -5025.8 -9.4 16 0 14.9 7.8 14.0 3.5 2 0 4 5 5
3523.8 -5004.2 -7.0 12 0 15.2 8.7 14.0 3.5 2 0 4 2 2
3538.5 -4989.5 -5.1 15 0 7.8 17.7 14.0 3.5 2 1 4 4 4
3545.8 -4973.0 -5.7 29 0 15.5 14.0 14.0 3.5 2 0 4 3 3
3556.4 -4942.1 -6.3 298 0 9.1 15.6 14.0 3.5 4 1 4 4 4
3125.6 -4390.7 -12.9 133 0 12.9 19.7 10.5 3.5 2 1 3 3 3
3120.5 -4324.3 -11.3 181 0 12.6 7.7 10.5 0.0 0 0 3 4 4
3134.4 -4346.4 -12.2 174 0 16.8 13.1 10.5 3.5 2 0 3 0 0
3093.9 -4257.9 -16.0 271 0 21.1 9.0 14.0 3.5 2 0 4 2 2
3043.2 -4237.9 -19.9 354 0 8.5 7.6 14.0 3.5 2 0 4 2 2
3331.1 -3904.4 -18.0 264 0 8.6 12.1 14.0 3.5 2 1 4 3 3
3296.4 -3909.8 -18.8 251 0 10.5 12.6 14.0 3.5 4 1 4 4 4
3295.0 -3952.0 -9.9 207 0 13.0 7.5 14.0 3.5 2 0 4 1 1
3268.5 -4027.3 -0.4 205 0 12.2 10.8 14.0 3.5 4 0 4 5 5
3227.5 -4075.0 -1.8 197 0 6.7 15.9 14.0 3.5 2 1 4 5 5
3230.5 -4085.9 -2.9 275 0 14.2 13.0 14.0 0.0 0 0 4 2 2
3261.4 -4136.9 1.2 66 0 8.9 27.3 14.0 3.5 2 1 4 4 4
3118.5 -4241.4 -15.3 95 0 10.1 12.5 14.0 3.5 2 1 4 4 4
3128.6 -4235.5 -14.1 186 0 13.2 21.1 14.0 3.5 2 1 4 0 0
3176.7 -4278.5 -12.7 130 0 6.4 10.4 14.0 3.5 2 1 4 5 5
3193.8 -4289.2 -13.6 159 0 15.4 8.8 14.0 3.5 2 0 4 1 1
3198.5 -4237.0 -6.6 312 0 16.1 13.2 14.0 3.5 2 0 4 2 2
3302.4 -4292.2 -6.7 194 0 8.4 6.9 14.0 3.5 2 0 4 0 0
3282.5 -4285.0 -5.9 190 0 11.1 18.0 14.0 3.5 2 1 4 1 1
3267.5 -4379.9 -21.3 132 0 21.5 36.1 14.0 0.0 0 1 4 2 2
3310.6 -4393.6 -22.2 41 0 9.3 26.0 14.0 3.5 4 1 4 0 0
3550.2 -4479.7 -23.0 157 0 10.4 9.8 14.0 3.5 2 0 4 1 1
3557.4 -4508.8 -24.6 183 0 7.5 9.6 14.0 3.5 2 1 4 2 2
3414.0 -4489.3 -23.8 119 0 14.3 19.0 14.0 3.5 2 1 4 5 5
3436.6 -4476.3 -23.4 125 0 11.5 9.4 14.0 3.5 4 0 4 1 1
3426.4 -4496.5 -23.8 118 0 9.8 20.1 14.0 0.0 0 1 4 4 4
3439.8 -4502.7 -23.8 123 0 17.2 19.7 14.0 3.5 2 1 4 3 3
3498.7 -4446.8 -21.4 6 0 9.8 13.8 14.0 3.5 2 1 4 3 3
3545.9 -4523.4 -25.2 5 0 8.3 9.6 14.0 3.5 4 1 4 4 4
3549.0 -4510.1 -24.7 5 0 13.4 11.5 14.0 3.5 2 0 4 1 1
3502.4 -4461.0 -22.0 9 0 13.9 11.0 14.0 3.5 2 0 4 4 4
3479.5 -4501.6 -24.0 105 0 6.1 7.0 14.0 3.5 2 1 4 3 3
3485.7 -4520.8 -24.7 97 0 7.9 29.6 14.0 3.5 2 1 4 3 3
3496.2 -4519.6 -25.0 99 0 10.8 25.1 14.0 3.5 2 1 4 1 1
3505.2 -4524.1 -25.0 103 0 6.2 27.5 14.0 3.5 2 1 4 3 3
3514.5 -4527.4 -25.1 97 0 9.6 10.3 14.0 3.5 4 1 4 5 5
3527.1 -4527.3 -25.2 89 0 10.4 15.3 14.0 0.0 0 1 4 4 4
3491.5 -4550.6 -24.1 135 0 7.5 6.1 10.5 3.5 2 0 3 5 5
3518.4 -4543.2 -24.7 279 0 6.9 7.1 10.5 3.5 2 1 3 5 5
3527.1 -4541.8 -24.9 278 0 7.9 13.3 10.5 3.5 2 1 3 1 1
3497.4 -4555.9 -24.1 135 0 6.9 6.1 10.5 3.5 4 0 3 4 4
3420.2 -4528.4 -19.8 313 0 8.4 7.4 14.0 3.5 2 0 4 1 1
3419.0 -4516.0 -22.1 303 0 7.8 7.6 14.0 3.5 4 0 4 3 3
3438.5 -4527.1 -22.2 311 0 14.0 22.9 14.0 3.5 2 1 4 2 2
3452.4 -4531.0 -23.1 314 0 9.1 11.5 14.0 3.5 4 1 4 1 1
3474.1 -4555.9 -22.1 321 0 11.3 14.4 14.0 3.5 2 1 4 1 1
3483.2 -4564.8 -22.1 319 0 10.4 20.5 14.0 3.5 2 1 4 2 2
3491.3 -4573.7 -21.9 319 0 9.6 18.4 14.0 0.0 0 1 4 3 3
3510.0 -6005.4 -26.4 115 0 7.5 9.0 5.0 0.0 0 1 2 4 4
3526.0 -5965.2 -24.0 302 0 13.5 8.0 5.0 0.0 0 0 2 0 0
3444.8 -4576.5 -13.1 312 0 12.0 15.8 14.0 3.5 2 1 4 2 2
3455.4 -4586.1 -13.3 311 0 13.3 14.5 14.0 3.5 2 1 4 0 0
3693.8 -4832.5 -16.0 344 0 15.6 12.1 10.5 3.5 2 0 3 3 3
3686.3 -4812.5 -17.4 344 0 14.3 9.9 10.5 3.5 2 0 3 1 1
3680.0 -4778.2 -20.3 359 0 15.8 12.5 10.5 0.0 0 0 3 1 1
3712.6 -4747.8 -22.2 10 0 9.1 22.3 10.5 3.5 2 1 3 3 3
3655.4 -4691.5 -25.1 321 0 6.4 6.3 10.5 3.5 2 0 3 4 4
3666.0 -4699.0 -25.2 318 0 11.2 9.6 10.5 3.5 2 0 3 4 4
3279.2 -4598.7 -6.1 78 0 19.9 11.5 14.0 3.5 2 0 4 5 5
3397.3 -4879.0 17.6 349 0 8.8 11.4 14.0 3.5 2 1 4 3 3
3385.1 -4855.3 17.8 306 0 9.6 15.0 14.0 3.5 2 1 4 3 3
3366.1 -4811.5 16.3 180 0 14.0 9.9 14.0 3.5 2 0 4 5 5
3375.8 -4782.6 11.6 209 0 9.2 12.7 14.0 3.5 2 1 4 3 3
3371.2 -4707.2 4.2 187 0 6.7 9.8 14.0 3.5 4 1 4 3 3
3409.3 -4804.6 6.7 90 0 7.8 11.9 14.0 3.5 2 1 4 5 5
3427.7 -4790.3 2.8 359 0 15.6 12.2 14.0 3.5 2 0 4 3 3
3415.3 -4778.4 4.5 42 0 8.6 9.5 14.0 3.5 4 1 4 3 3
3444.6 -4746.2 -3.6 20 0 10.1 16.1 14.0 3.5 2 1 4 1 1
3424.2 -4741.6 -0.3 3 0 9.1 10.4 14.0 0.0 0 1 4 0 0
3398.4 -4739.6 2.4 212 0 9.1 13.8 14.0 3.5 2 1 4 4 4
3306.9 -4694.7 13.9 300 0 9.5 17.0 7.5 2.5 2 1 3 0 0
3279.8 -4724.0 19.6 176 0 11.0 12.4 10.0 2.5 2 1 4 1 1
3295.2 -4739.5 20.6 170 0 10.1 12.0 7.5 2.5 2 1 3 2 2
3304.4 -4763.7 23.0 85 0 12.0 13.4 7.5 2.5 2 1 3 0 0
3383.2 -4592.8 -7.2 132 0 9.8 12.6 14.0 3.5 2 1 4 2 2
3366.3 -4650.4 1.2 203 0 8.1 28.8 14.0 0.0 0 1 4 1 1
3385.2 -4641.0 1.3 246 0 11.7 9.2 14.0 3.5 2 0 4 4 4
3604.8 -4912.6 -13.7 168 0 10.8 11.2 10.5 3.5 2 1 3 2 2
3603.7 -4898.4 -16.0 182 0 9.9 8.9 10.5 3.5 2 0 3 1 1
3604.2 -4887.0 -18.0 185 0 10.0 16.4 10.5 3.5 4 1 3 3 3
3696.6 -4545.5 -27.6 91 0 7.4 8.2 14.0 0.0 0 1 4 4 4
3675.0 -4547.1 -27.7 96 0 9.8 16.3 14.0 3.5 2 1 4 5 5
3660.4 -4544.7 -27.2 94 0 18.5 12.2 14.0 3.5 4 0 4 3 3
3621.3 -4542.3 -25.9 98 0 15.6 7.1 14.0 3.5 2 0 4 4 4
3592.4 -4536.0 -25.3 96 0 12.6 8.7 14.0 3.5 2 0 4 4 4
3463.2 -3906.1 -21.1 198 0 11.7 11.7 5.0 2.5 2 0 2 0 0
3378.1 -3903.3 -17.7 4 0 6.6 10.0 14.0 3.5 2 1 4 4 4
3441.2 -3950.4 -14.3 180 0 15.8 19.0 15.0 0.0 0 1 6 0 0
3503.7 -3942.5 -21.0 5 0 12.0 16.4 5.0 0.0 0 1 2 2 2
3538.0 -4000.2 -18.1 96 0 23.7 11.0 12.5 0.0 0 0 5 4 4
3671.4 -4047.3 -22.0 260 0 18.3 9.2 7.5 2.5 2 0 3 2 2
3618.2 -4222.9 -12.2 242 0 12.0 7.6 14.0 3.5 2 0 4 4 4
3604.8 -4189.7 -16.7 233 0 12.2 8.3 14.0 3.5 2 0 4 0 0
3646.6 -4142.0 -23.0 277 0 9.0 8.5 14.0 3.5 2 0 4 5 5
3631.4 -4170.3 -19.3 217 0 13.5 10.0 14.0 3.5 2 0 4 3 3
3673.4 -4166.2 -20.0 276 0 11.4 12.8 14.0 3.5 2 1 4 4 4
3715.2 -4175.7 -21.7 286 0 12.4 8.7 14.0 3.5 2 0 4 1 1
3755.4 -4226.8 -19.0 66 0 11.0 6.7 14.0 3.5 2 0 4 3 3
3780.5 -4228.9 -19.4 56 0 8.0 12.4 14.0 0.0 0 1 4 0 0
3799.9 -4209.6 -20.7 36 0 6.8 8.7 14.0 3.5 2 1 4 5 5
3559.2 -4122.0 -16.5 338 0 6.1 8.7 14.0 3.5 2 1 4 5 5
3593.3 -4135.7 -22.2 338 0 9.8 12.1 14.0 3.5 2 1 4 1 1
3460.4 -4150.3 0.9 160 0 12.9 10.3 14.0 0.0 0 0 4 2 2
3456.5 -4297.2 -15.1 240 0 7.0 11.2 14.0 0.0 0 1 4 0 0
3444.8 -4266.2 -9.6 49 0 12.8 8.5 14.0 3.5 2 0 4 3 3
3430.9 -4288.3 -12.4 68 0 13.4 13.4 14.0 3.5 2 0 4 2 2
3505.1 -4170.2 -6.9 89 0 8.5 14.8 14.0 3.5 2 1 4 2 2
3517.6 -4103.0 -10.4 275 0 18.9 10.3 14.0 3.5 2 0 4 0 0
3524.7 -4128.8 -10.9 265 0 12.2 18.3 14.0 3.5 2 1 4 3 3
3499.0 -4130.7 -5.8 258 0 10.3 9.8 14.0 3.5 2 0 4 0 0
3556.1 -5251.8 -10.3 269 0 10.7 11.7 7.5 2.5 2 1 3 1 1
3588.7 -5182.8 -15.0 193 0 17.2 10.2 2.5 2.5 2 0 1 1 1
3391.6 -5374.2 -0.1 96 0 12.3 40.0 12.5 0.0 0 1 5 5 5
3348.9 -5379.6 -1.1 184 0 15.5 10.1 7.5 2.5 2 0 3 4 4
3689.6 -5187.7 -19.3 127 0 19.1 12.0 7.5 2.5 4 0 3 5 5
3700.9 -5204.2 -19.2 125 0 11.6 17.3 5.0 2.5 2 1 2 2 2
3676.3 -5133.2 -16.2 242 0 12.2 8.8 10.0 2.5 2 0 4 5 5
3563.9 -5007.6 -5.3 177 0 7.2 6.7 10.5 3.5 2 0 3 4 4
3471.1 -5053.6 -8.0 96 0 13.6 10.3 14.0 3.5 2 0 4 5 5
3874.6 -4728.1 -27.7 8 0 13.3 16.2 14.0 3.5 2 1 4 3 3
3861.3 -4754.7 -23.7 275 0 6.8 8.9 14.0 3.5 2 1 4 1 1
3808.9 -4767.2 -13.7 189 0 7.2 9.0 14.0 3.5 2 1 4 4 4
3839.2 -4838.2 -15.1 358 0 7.0 14.4 14.0 3.5 4 1 4 1 1
3708.7 -4929.2 -7.4 17 0 9.0 20.8 10.5 3.5 2 1 3 1 1
3655.6 -4867.2 -16.3 101 0 14.6 7.6 10.5 3.5 2 0 3 1 1
3585.4 -4952.0 -8.6 191 0 13.6 11.1 10.5 3.5 2 0 3 0 0
3596.6 -4928.6 -10.8 219 0 10.6 12.4 10.5 3.5 2 1 3 4 4
3579.4 -4909.6 -13.2 14 0 10.4 9.3 14.0 3.5 2 0 4 2 2
3553.6 -4896.4 -12.4 184 0 13.2 11.4 14.0 3.5 2 0 4 4 4
3559.4 -4865.4 -18.2 190 0 9.1 14.6 14.0 3.5 2 1 4 2 2
3573.8 -4758.9 -23.6 359 0 15.7 22.0 14.0 3.5 2 1 4 4 4
3563.6 -4802.5 -21.4 4 0 10.1 9.7 14.0 3.5 2 0 4 4 4
3534.7 -4840.9 -18.3 94 0 16.7 13.3 14.0 3.5 2 0 4 1 1
3523.2 -4798.4 -19.3 132 0 9.5 8.4 14.0 3.5 2 0 4 2 2
3509.8 -4809.9 -18.4 134 0 11.4 15.3 14.0 3.5 2 1 4 5 5
3480.3 -4734.6 -13.9 255 0 9.6 16.5 14.0 3.5 2 1 4 2 2
4295.6 -5524.6 -20.3 166 0 11.8 8.4 10.0 2.5 2 0 4 2 2
4286.0 -5552.7 -18.6 211 0 7.4 16.2 7.5 0.0 0 1 3 4 4
4281.9 -5562.3 -17.9 227 0 11.1 13.2 5.0 0.0 0 1 2 2 2
4247.8 -5561.2 -14.2 78 0 7.3 11.7 7.5 2.5 2 1 3 4 4
4237.0 -5524.3 -15.2 266 0 13.2 10.8 7.5 2.5 2 0 3 5 5
4220.4 -5553.3 -14.6 151 0 15.4 11.5 2.5 2.5 2 0 1 0 0
4194.6 -5508.8 -24.5 11 0 7.2 12.8 7.5 2.5 4 1 3 1 1
4145.5 -5521.7 -26.4 301 0 9.8 9.3 7.5 2.5 2 0 3 3 3
4132.4 -5516.3 -26.6 296 0 11.9 10.7 7.5 2.5 2 0 3 0 0
4142.0 -5494.1 -26.0 93 0 10.6 10.8 5.0 2.5 2 1 2 2 2
4154.5 -5437.6 -25.3 54 0 9.6 14.7 10.0 2.5 2 1 4 5 5
4232.3 -4993.1 -13.9 183 0 9.7 6.6 7.5 2.5 2 0 3 1 1
4202.6 -5059.7 -13.5 215 0 7.4 9.4 7.5 2.5 2 1 3 5 5
4302.4 -4974.1 -18.5 248 0 13.8 11.8 7.5 2.5 2 0 3 1 1
4353.0 -4969.1 -21.5 360 0 11.4 17.5 5.0 0.0 0 1 2 1 1
4432.1 -4858.9 -26.1 5 0 12.4 6.5 7.5 2.5 4 0 3 1 1
4388.5 -4750.3 -29.5 328 0 8.4 6.1 2.5 2.5 2 0 1 5 5
4342.3 -4793.6 -27.5 149 0 11.2 10.2 7.5 2.5 2 0 3 2 2
4365.7 -4820.6 -27.0 108 0 12.1 14.2 10.0 2.5 2 1 4 1 1
4410.9 -4781.6 -29.0 287 0 13.7 8.2 2.5 2.5 2 0 1 5 5
4426.1 -4797.6 -28.9 304 0 13.5 18.0 7.5 2.5 2 1 3 3 3
4436.4 -4817.9 -28.2 341 0 6.6 7.0 5.0 2.5 2 1 2 3 3
4438.2 -4834.3 -27.6 351 0 12.6 15.4 7.5 2.5 2 1 3 1 1
4414.6 -4884.8 -23.8 17 0 8.1 14.8 5.0 2.5 2 1 2 4 4
4298.3 -4725.5 -26.4 116 0 6.9 25.8 5.0 0.0 0 1 2 5 5
4189.8 -4582.4 -19.7 276 0 21.1 12.5 10.0 2.5 2 0 4 2 2
4730.5 -4670.2 -13.8 76 0 16.4 10.5 2.5 2.5 2 0 1 5 5
4700.1 -4701.6 -7.9 262 0 11.0 10.9 5.0 0.0 0 0 2 3 3
4730.7 -4792.5 -13.9 275 0 10.5 31.2 10.0 2.5 4 1 4 3 3
4686.3 -4721.2 -7.8 176 0 8.0 6.3 7.5 2.5 2 0 3 3 3
4669.8 -4722.7 -9.7 176 0 34.0 12.6 15.0 0.0 0 0 6 0 0
4714.5 -4774.4 -9.6 6 0 15.6 20.1 10.0 2.5 2 1 4 5 5
4799.3 -4837.3 -24.1 335 0 10.7 29.0 10.0 2.5 2 1 4 0 0
4771.3 -4818.3 -22.3 317 0 25.5 7.9 7.5 2.5 2 0 3 3 3
4746.2 -4818.2 -16.7 322 0 8.6 32.2 12.5 2.5 2 1 5 4 4
4678.9 -4812.2 -13.3 179 0 9.0 32.7 10.0 2.5 2 1 4 5 5
4679.6 -4824.4 -14.6 178 0 8.3 30.7 12.5 2.5 2 1 5 2 2
4651.8 -4783.2 -15.6 255 0 9.5 19.2 5.0 2.5 2 1 2 5 5
4658.6 -4819.2 -17.4 158 0 27.5 11.9 15.0 0.0 0 0 6 2 2
4680.3 -4845.7 -17.0 114 0 9.6 21.6 12.5 2.5 2 1 5 3 3
4677.2 -4853.6 -18.3 182 0 9.6 28.0 10.0 2.5 4 1 4 3 3
4713.6 -4872.3 -19.5 171 0 9.9 15.8 2.5 0.0 0 1 1 2 2
4708.2 -4889.4 -19.9 165 0 11.1 21.7 5.0 2.5 2 1 2 4 4
4444.1 -5014.9 -28.5 70 0 7.8 7.3 5.0 2.5 2 0 2 0 0
4435.5 -4999.2 -28.6 163 0 11.4 18.7 5.0 2.5 2 1 2 5 5
4436.3 -5100.2 -29.6 173 0 14.0 26.6 10.0 2.5 2 1 4 0 0
4497.2 -5106.7 -30.1 300 0 6.2 16.3 7.5 2.5 2 1 3 5 5
4476.8 -5149.0 -30.2 80 0 14.6 25.6 10.0 2.5 2 1 4 3 3
4476.6 -5190.4 -29.8 80 0 7.8 29.5 7.5 2.5 2 1 3 5 5
4444.4 -5195.6 -30.2 81 0 22.1 58.5 7.5 2.5 2 1 3 5 5
4173.2 -4335.0 -24.2 31 0 6.7 9.8 7.5 2.5 2 1 3 5 5
3929.0 -4476.8 -27.5 111 0 10.0 13.0 7.5 2.5 2 1 3 2 2
3777.2 -4484.4 -24.5 127 0 9.3 15.4 14.0 3.5 2 1 4 0 0
4961.8 -5082.7 -18.4 25 0 12.4 7.5 10.0 2.5 2 0 4 4 4
4964.2 -5112.9 -19.9 335 0 11.1 7.6 7.5 2.5 2 0 3 3 3
4971.8 -5138.3 -21.1 66 0 9.4 15.1 7.5 2.5 4 1 3 1 1
4874.5 -5177.6 -17.0 77 0 16.6 11.2 5.0 2.5 2 0 2 3 3
4905.5 -5182.2 -22.1 270 0 15.0 10.2 2.5 2.5 2 0 1 1 1
3772.9 -4427.7 -23.4 315 0 8.4 17.6 14.0 3.5 4 1 4 3 3
3734.4 -4436.8 -23.8 235 0 11.3 17.0 14.0 3.5 2 1 4 2 2
4290.2 -5540.3 -18.9 184 0 11.3 11.9 5.0 2.5 2 1 2 2 2
4250.4 -5494.1 -20.5 136 0 8.5 15.9 5.0 2.5 2 1 2 2 2
4262.2 -5504.2 -19.3 124 0 10.1 7.5 5.0 2.5 2 0 2 2 2
4241.7 -5464.2 -21.7 236 0 14.2 9.5 10.0 2.5 2 0 4 4 4
5127.2 -5343.4 -28.3 60 0 13.6 8.9 7.5 2.5 2 0 3 4 4
4741.2 -4986.6 -23.5 113 0 8.3 30.9 7.5 2.5 4 1 3 1 1
4526.8 -4964.7 -28.2 272 0 8.9 13.5 7.5 0.0 0 1 3 4 4
4504.9 -4966.9 -28.0 348 0 12.4 10.0 7.5 2.5 2 0 3 3 3
4594.7 -5164.4 -26.1 322 0 11.0 18.8 5.0 2.5 2 1 2 2 2
4608.0 -5208.0 -25.0 68 0 13.6 13.6 10.0 2.5 2 0 4 5 5
4561.8 -5362.1 -25.6 27 0 7.2 27.1 10.0 0.0 0 1 4 0 0
-3730.4 2133.2 -212.4 290 0 20.8 12.0 3.5 3.5 2 0 1 0 0
-3770.7 2117.7 -209.4 208 0 19.1 13.4 3.5 3.5 4 0 1 0 0
-3780.1 2097.6 -208.4 207 0 19.1 12.2 3.5 3.5 2 0 1 5 5
-3806.5 2107.3 -203.4 29 0 27.3 8.5 3.5 3.5 2 0 1 3 3
-3788.7 2137.6 -206.4 29 0 40.4 11.1 3.5 3.5 2 0 1 0 0
-3822.0 2134.9 -204.5 24 0 23.9 8.4 3.5 3.5 2 0 1 0 0
-3810.4 2179.6 -206.2 307 0 7.6 25.2 3.5 3.5 2 1 1 1 1
-3873.6 2123.1 -193.5 224 0 25.0 9.0 3.5 3.5 2 0 1 3 3
-3895.6 2076.5 -193.0 134 0 11.2 30.5 3.5 3.5 2 1 1 3 3
-3652.6 1910.2 -210.5 36 0 8.4 16.1 3.5 3.5 2 1 1 0 0
-3595.5 1797.6 -203.6 9 0 38.5 7.5 3.5 3.5 2 0 1 3 3
-3622.5 1813.1 -203.5 100 0 8.2 31.4 3.5 3.5 2 1 1 1 1
-3622.1 1783.6 -202.7 99 0 8.1 25.1 3.5 0.0 0 1 1 5 5
-3635.2 1857.9 -206.4 209 0 33.0 10.1 3.5 3.5 2 0 1 1 1
-3614.6 1972.8 -211.3 266 0 12.3 22.2 3.5 3.5 2 1 1 5 5
-3651.8 1977.8 -212.8 248 0 8.7 21.6 3.5 3.5 4 1 1 2 2
-3611.2 2242.2 -218.0 245 0 17.5 17.4 14.0 3.5 4 0 4 1 1
