-6790.2 -2118.7 114.5 91 0 9.0 18.3 7.5 2.5 2 0 3 4 4
-6767.3 -2080.8 101.9 357 0 31.0 9.0 10.0 2.5 2 0 4 4 4
-6803.7 -2087.4 108.5 181 0 17.3 16.8 12.5 2.5 2 0 5 5 5
-4758.9 3213.7 83.4 146 0 32.7 77.4 12.5 0.0 0 0 5 4 4
-4659.4 3132.5 72.7 359 0 45.5 10.8 12.5 2.5 2 0 5 1 1
-5426.0 2999.0 47.3 352 0 30.0 10.9 10.0 2.5 2 0 4 3 3
-4785.0 2847.1 67.5 80 0 15.0 22.4 10.0 2.5 2 1 4 2 2
-5470.8 3153.4 56.7 253 0 17.1 21.9 10.0 2.5 2 1 4 3 3
-5288.6 2930.0 56.3 76 0 8.2 21.9 7.5 2.5 2 1 3 3 3
-5462.9 2935.2 37.1 173 0 13.2 8.5 10.0 2.5 2 0 4 5 5
-4661.1 3092.6 77.3 357 0 18.0 9.1 7.5 2.5 2 0 3 4 4
-5452.0 3049.1 51.7 3 0 11.1 9.5 2.5 2.5 2 0 1 5 5
-5467.7 2951.8 40.4 171 0 12.3 8.9 7.5 2.5 2 0 3 4 4
-5122.3 2797.8 24.4 359 0 6.6 11.4 7.5 2.5 2 1 3 1 1
-5305.4 2948.2 56.1 258 0 7.7 10.9 7.5 2.5 2 1 3 2 2
-5479.9 2962.8 41.8 167 0 13.0 8.3 5.0 2.5 2 0 2 0 0
-5450.6 2949.5 41.7 82 0 6.9 11.0 5.0 2.5 2 1 2 3 3
-5018.9 2811.8 25.4 353 0 7.1 13.9 7.5 2.5 2 1 3 0 0
-5150.9 2801.6 28.1 88 0 10.2 8.4 10.0 0.0 0 0 4 2 2
-5512.9 3084.4 52.7 248 0 8.6 9.5 7.5 2.5 2 1 3 3 3
-5461.9 3082.3 52.8 323 0 20.9 9.1 5.0 2.5 2 0 2 0 0
-5165.8 2802.4 30.1 89 0 10.6 14.1 10.0 2.5 2 1 4 0 0
-5047.5 2817.3 26.3 242 0 9.3 11.5 7.5 2.5 2 1 3 5 5
-5129.9 2814.5 25.5 266 0 7.1 10.1 7.5 2.5 2 1 3 1 1
-4977.2 637.9 29.1 12 0 16.5 15.4 10.0 0.0 0 0 4 2 2
-4087.2 1686.1 53.9 130 0 8.9 16.7 7.5 2.5 4 1 3 2 2
-4950.7 762.4 21.2 280 0 10.2 30.7 12.5 2.5 2 1 5 2 2
-3876.1 1842.1 44.5 87 0 14.8 8.6 7.5 2.5 2 0 3 3 3
-3834.9 1844.4 49.8 132 0 9.8 9.5 5.0 2.5 2 0 2 1 1
-4971.2 674.9 28.0 8 0 23.2 7.8 7.5 2.5 4 0 3 4 4
-4106.8 1882.5 40.8 166 0 15.7 31.1 10.0 2.5 2 1 4 3 3
-3900.8 1846.4 44.5 180 0 7.5 12.9 2.5 2.5 2 1 1 2 2
-3887.2 1894.0 45.3 175 0 10.9 26.3 15.0 0.0 0 1 6 3 3
-4994.5 743.8 24.3 281 0 16.5 32.8 10.0 2.5 2 1 4 0 0
-4963.6 709.0 26.4 10 0 9.0 12.7 5.0 2.5 2 1 2 3 3
-3860.9 1842.5 44.3 88 0 6.6 8.0 7.5 2.5 2 1 3 5 5
-5008.2 659.2 27.8 97 0 11.0 27.8 10.0 2.5 2 1 4 5 5
-3800.3 1856.3 54.4 312 0 9.5 23.0 7.5 2.5 2 1 3 3 3
-4969.3 696.5 27.6 9 0 10.7 14.1 7.5 2.5 4 1 3 2 2
-4065.4 1905.5 42.9 253 0 8.4 16.4 10.0 2.5 2 1 4 0 0
-3852.4 -569.3 7.3 170 0 43.4 36.6 14.0 0.0 0 0 4 2 2
-3820.4 -1786.4 -4.6 93 0 21.8 24.8 10.0 2.5 2 1 4 0 0
-3885.4 -1767.4 -2.9 183 0 17.8 51.9 12.5 0.0 0 1 5 5 5
-5329.9 -2570.7 64.1 267 0 25.6 42.4 12.5 0.0 0 1 5 0 0
-3631.5 -472.0 -21.1 139 0 10.2 49.6 14.0 0.0 0 1 4 0 0
-3425.1 -289.6 -12.3 33 0 19.3 10.6 14.0 3.5 2 0 4 2 2
-3434.1 -318.0 -15.4 254 0 23.4 10.7 14.0 3.5 2 0 4 5 5
-3678.2 -394.7 -21.6 148 0 10.7 27.4 14.0 3.5 2 1 4 0 0
-3631.3 -335.6 -22.3 330 0 15.4 22.3 14.0 3.5 2 1 4 5 5
-3154.5 -278.2 4.8 190 0 17.0 53.5 17.5 0.0 0 1 5 1 1
-3479.9 -299.5 -15.9 184 0 20.0 15.6 14.0 3.5 2 0 4 5 5
-3447.7 -307.8 -14.9 77 0 16.5 8.5 14.0 3.5 2 0 4 1 1
-3298.7 -224.9 -4.6 294 0 53.5 14.3 14.0 3.5 2 0 4 4 4
-3731.6 -319.8 -22.8 103 0 54.0 13.0 17.5 3.5 2 0 5 1 1
-3576.2 -410.2 -21.8 42 0 15.4 62.8 14.0 3.5 2 1 4 4 4
-3504.4 -350.7 -20.3 23 0 14.0 16.6 14.0 3.5 2 1 4 1 1
-3414.1 -257.4 -8.2 53 0 23.7 12.0 17.5 3.5 2 0 5 2 2
-3491.2 -312.1 -17.8 332 0 13.2 16.4 14.0 3.5 2 1 4 4 4
-3439.1 -220.4 -6.1 247 0 12.2 20.3 17.5 0.0 0 1 5 3 3
-2925.2 -545.2 8.8 247 0 20.6 10.2 14.0 3.5 2 0 4 3 3
-3770.9 -362.4 -22.3 11 0 23.8 18.1 14.0 3.5 2 0 4 1 1
-3654.9 -1599.4 -19.2 270 0 14.2 74.9 7.5 2.5 2 1 3 3 3
-3575.0 -241.8 -18.3 80 0 6.5 13.3 17.5 3.5 4 1 5 5 5
-3771.6 -268.5 -22.5 284 0 12.1 23.4 17.5 3.5 2 1 5 1 1
-3564.4 -974.5 -25.2 277 0 45.3 42.0 10.0 0.0 0 0 4 1 1
-3535.4 -219.4 -14.5 0 0 6.8 25.3 17.5 3.5 2 1 5 5 5
-501.0 3412.5 -90.3 329 0 28.6 36.4 12.5 2.5 2 1 5 5 5
87.1 2917.1 -81.8 159 0 35.0 73.4 12.5 0.0 0 1 5 3 3
170.7 2970.5 -81.8 250 0 37.9 37.9 12.5 0.0 0 0 5 3 3
-412.4 -5086.0 -33.7 278 0 55.8 67.1 12.5 0.0 0 1 5 0 0
4183.5 -2656.0 -278.2 89 0 61.0 12.5 7.5 2.5 2 0 3 5 5
4120.1 -2627.7 -279.0 180 0 21.7 90.2 10.0 0.0 0 1 4 4 4
3375.9 -1822.9 -257.5 353 0 19.3 51.6 10.0 2.5 2 1 4 1 1
3355.7 -1783.3 -264.4 263 0 31.1 16.9 15.0 0.0 0 0 6 3 3
2760.4 -2549.3 -60.5 89 0 29.2 16.4 17.5 0.0 0 0 7 4 4
-4193.3 3163.0 24.1 180 0 13.9 12.0 7.5 2.5 4 0 3 3 3
-4187.5 3130.1 25.2 90 0 11.3 14.6 5.0 2.5 2 1 2 3 3
-4078.9 2922.2 32.9 180 0 6.1 18.5 7.5 2.5 2 1 3 0 0
-4005.6 2914.9 37.6 360 0 9.3 15.9 7.5 2.5 2 1 3 5 5
-3989.0 2940.7 41.5 10 0 11.1 14.1 7.5 2.5 2 1 3 1 1
-4110.9 3087.3 21.1 89 0 13.3 10.4 10.0 2.5 2 0 4 1 1
-4123.9 3063.6 22.5 178 0 10.4 9.7 7.5 2.5 2 0 3 2 2
-4119.1 3026.0 23.4 175 0 8.9 9.8 2.5 2.5 2 1 1 5 5
-4050.5 3066.7 19.5 266 0 10.2 12.8 7.5 2.5 2 1 3 0 0
-4068.6 2986.0 26.5 37 0 12.7 14.1 10.0 2.5 2 1 4 4 4
-3368.6 -6788.2 -90.7 265 0 10.7 15.2 7.5 2.5 2 1 3 0 0
-3334.1 -6699.9 -77.1 265 0 11.7 12.7 10.0 2.5 4 1 4 4 4
-3811.7 -6728.1 -107.3 85 0 6.8 8.6 7.5 2.5 2 1 3 1 1
-3821.3 -6600.4 -82.8 132 0 7.1 11.0 10.0 2.5 2 1 4 2 2
-3912.6 -6659.8 -91.1 198 0 10.1 6.8 7.5 2.5 2 0 3 2 2
-3885.4 -6665.8 -95.9 295 0 6.0 10.7 7.5 0.0 0 1 3 1 1
-3901.0 -6705.5 -100.7 85 0 7.9 8.6 7.5 2.5 2 1 3 3 3
-3851.5 -6672.8 -101.2 275 0 11.7 11.9 7.5 2.5 2 1 3 0 0
-3783.9 -6846.7 -118.6 18 0 13.2 11.5 7.5 2.5 2 0 3 2 2
-3831.0 -6900.1 -124.0 99 0 13.7 21.1 10.0 2.5 2 1 4 5 5
-3799.6 -6898.4 -124.3 255 0 15.0 11.6 5.0 2.5 2 0 2 3 3
-3703.8 -6807.3 -115.8 257 0 10.6 10.4 2.5 2.5 2 0 1 4 4
-3761.7 -6789.7 -113.0 357 0 9.1 16.2 10.0 2.5 2 1 4 5 5
-3657.6 -6823.4 -118.0 264 0 16.3 9.5 2.5 2.5 4 0 1 2 2
-3691.6 -6782.7 -110.6 75 0 15.9 7.1 10.0 2.5 2 0 4 4 4
-3743.3 -6711.3 -104.8 326 0 9.1 13.4 5.0 2.5 2 1 2 3 3
-3757.4 -6754.2 -109.1 174 0 8.4 12.2 2.5 2.5 2 1 1 4 4
-3738.6 -6782.8 -111.4 89 0 11.5 10.2 5.0 2.5 2 0 2 3 3
-3610.8 -6804.6 -115.9 232 0 8.4 7.0 7.5 2.5 2 0 3 4 4
-3621.8 -6781.2 -109.7 90 0 6.2 7.4 2.5 2.5 2 1 1 0 0
-3660.3 -6653.6 -83.2 172 0 8.3 15.5 7.5 2.5 2 1 3 2 2
-3641.8 -6564.9 -64.2 356 0 10.1 14.8 7.5 2.5 2 1 3 2 2
-3614.1 -6622.0 -72.9 267 0 15.3 8.1 10.0 2.5 2 0 4 3 3
-3468.7 -6578.9 -79.9 256 0 10.3 13.2 5.0 2.5 2 1 2 4 4
-3497.6 -6603.0 -80.9 172 0 9.9 13.7 10.0 0.0 0 1 4 1 1
-3374.6 -6418.1 -57.2 350 0 13.6 8.0 5.0 2.5 2 0 2 5 5
-3270.0 -6877.4 -96.3 180 0 9.5 13.0 7.5 2.5 2 1 3 5 5
-3399.8 -6808.8 -96.1 232 0 10.4 11.4 2.5 2.5 2 1 1 2 2
-4309.7 -906.1 87.3 3 0 12.6 7.5 2.5 2.5 2 0 1 4 4
-4331.6 -865.7 86.9 165 0 11.3 8.3 5.0 0.0 0 0 2 4 4
-4327.8 -879.8 87.1 167 0 12.8 9.7 7.5 2.5 2 0 3 0 0
-3097.8 -116.7 12.4 5 0 6.8 22.9 17.5 0.0 0 1 5 5 5
-3195.8 -47.7 22.1 19 0 10.1 17.8 17.5 3.5 2 1 5 1 1
-3242.8 -52.1 21.8 205 0 25.9 7.6 17.5 3.5 4 0 5 2 2
-3218.7 -79.6 19.6 119 0 9.4 24.0 17.5 3.5 2 1 5 0 0
-3177.6 -125.5 15.8 234 0 9.2 33.7 17.5 3.5 2 1 5 1 1
-3138.5 -180.6 15.6 53 0 10.2 30.4 17.5 3.5 2 1 5 2 2
-3568.6 -442.7 -21.7 359 0 22.9 9.1 14.0 3.5 2 0 4 0 0
-3563.9 -466.9 -22.2 350 0 22.0 13.9 14.0 3.5 2 0 4 1 1
-3534.7 -548.5 -21.2 348 0 17.0 10.2 14.0 3.5 2 0 4 2 2
-3526.8 -577.4 -23.4 354 0 9.2 26.9 14.0 3.5 2 1 4 5 5
-3519.3 -598.1 -23.6 355 0 9.7 31.4 14.0 3.5 2 1 4 1 1
-3516.5 -610.9 -23.4 357 0 11.0 31.9 14.0 3.5 2 1 4 4 4
-3514.6 -630.7 -24.0 354 0 10.6 33.5 14.0 3.5 2 1 4 3 3
-3555.4 -676.4 -21.2 47 0 8.6 18.0 14.0 3.5 2 1 4 3 3
-3587.8 -700.2 -19.4 67 0 12.8 9.0 14.0 3.5 2 0 4 4 4
-3599.9 -664.1 -20.0 245 0 19.2 7.4 14.0 3.5 2 0 4 1 1
-3607.4 -656.5 -19.7 243 0 12.9 7.9 14.0 3.5 2 0 4 4 4
-3587.8 -653.3 -20.6 245 0 7.8 49.0 14.0 3.5 2 1 4 3 3
-3633.5 -670.2 -18.3 243 0 14.1 38.3 14.0 3.5 2 1 4 3 3
-3619.7 -663.4 -18.9 244 0 7.9 51.0 14.0 3.5 2 1 4 1 1
-5360.2 -5361.0 -83.3 28 0 7.0 7.1 5.0 2.5 4 1 2 3 3
-5310.9 -5572.1 -92.2 0 0 13.7 12.1 7.5 2.5 2 0 3 5 5
-5374.9 -5540.6 -85.5 273 0 13.0 11.0 7.5 2.5 2 0 3 4 4
-5169.0 -5665.8 -101.7 314 0 10.0 10.3 10.0 2.5 2 1 4 5 5
-5261.4 -5502.2 -97.9 180 0 6.8 11.5 7.5 2.5 2 1 3 5 5
-5262.2 -5527.2 -97.1 104 0 9.3 8.6 5.0 0.0 0 0 2 1 1
-5140.4 -5529.0 -105.1 37 0 9.0 10.6 10.0 2.5 2 1 4 4 4
-5165.6 -5600.8 -102.6 123 0 6.7 6.3 5.0 0.0 0 0 2 1 1
-5280.1 -5632.9 -93.3 176 0 9.1 8.4 7.5 2.5 2 0 3 3 3
-5290.8 -5749.3 -82.8 358 0 13.1 15.0 5.0 2.5 2 1 2 2 2
-5327.1 -5723.5 -80.1 180 0 9.2 12.1 7.5 2.5 4 1 3 1 1
-5465.6 -5703.6 -60.1 0 0 10.7 13.3 10.0 2.5 2 1 4 1 1
-5395.2 -5739.2 -68.8 336 0 19.6 7.7 7.5 2.5 2 0 3 2 2
-5259.7 -5974.8 -88.1 89 0 6.8 16.6 7.5 2.5 2 1 3 3 3
-5225.5 -5937.5 -89.1 1 0 14.7 8.1 5.0 2.5 2 0 2 4 4
-5149.4 -5904.2 -92.6 167 0 11.0 8.4 7.5 2.5 2 0 3 0 0
-5145.0 -5842.5 -100.1 264 0 11.2 6.3 10.0 2.5 2 0 4 2 2
-5180.9 -5868.2 -95.6 158 0 9.1 8.4 7.5 2.5 4 0 3 0 0
-5191.2 -5871.2 -95.0 165 0 10.3 8.2 5.0 2.5 2 0 2 3 3
-5892.4 -3713.2 -61.0 92 0 7.0 9.5 7.5 2.5 4 1 3 1 1
-5704.8 -3621.4 -60.0 181 0 9.9 10.5 5.0 2.5 4 1 2 1 1
-5770.0 -3633.0 -60.1 271 0 11.2 9.5 7.5 0.0 0 0 3 3 3
-5733.7 -3663.4 -60.2 355 0 10.3 10.6 2.5 2.5 4 1 1 4 4
-6105.0 -3842.2 -24.2 79 0 7.2 7.8 5.0 2.5 2 1 2 4 4
-5991.6 -3789.3 -47.4 73 0 7.2 11.3 2.5 2.5 2 1 1 5 5
-5815.5 -3737.0 -67.3 177 0 9.4 19.0 5.0 2.5 2 1 2 3 3
-5785.1 -3727.6 -66.2 331 0 7.7 6.2 7.5 2.5 2 0 3 3 3
-5606.3 -3817.2 -78.1 270 0 12.5 9.1 10.0 2.5 2 0 4 5 5
-5617.3 -3894.2 -87.2 180 0 9.6 12.8 7.5 2.5 2 1 3 3 3
-5581.4 -3989.4 -88.6 282 0 8.2 16.7 7.5 2.5 2 1 3 3 3
-5420.0 -3952.2 -67.7 277 0 8.7 11.7 2.5 2.5 2 1 1 5 5
-5381.4 -4080.0 -65.7 85 0 11.0 19.1 10.0 2.5 4 1 4 3 3
-5369.4 -4019.2 -54.3 151 0 9.2 9.5 2.5 2.5 2 1 1 3 3
-5322.6 -3990.8 -44.2 350 0 9.2 15.3 10.0 2.5 2 1 4 1 1
-5348.4 -3932.3 -48.4 217 0 6.9 15.3 7.5 2.5 2 1 3 0 0
-5195.3 -4093.1 -51.8 0 0 8.0 10.6 7.5 2.5 2 1 3 4 4
-5284.6 -4086.0 -51.1 86 0 13.6 8.5 5.0 2.5 2 0 2 0 0
-5291.6 -4014.9 -38.5 270 0 7.4 10.7 10.0 2.5 2 1 4 1 1
-5180.3 -4050.2 -37.2 0 0 10.1 13.9 7.5 2.5 2 1 3 2 2
-5715.8 -4352.0 -75.7 0 0 8.2 16.7 5.0 0.0 0 1 2 0 0
-5954.6 -3694.3 -51.3 350 0 10.8 12.7 7.5 2.5 2 1 3 2 2
-5936.0 -3772.4 -60.9 273 0 13.3 11.9 7.5 2.5 4 0 3 1 1
-5883.4 -3853.5 -76.0 263 0 15.4 10.9 5.0 2.5 2 0 2 4 4
-5844.8 -3845.8 -76.3 268 0 14.7 9.7 10.0 2.5 4 0 4 2 2
-5779.6 -3874.8 -80.6 289 0 19.2 11.6 2.5 2.5 2 0 1 1 1
-5739.1 -3993.3 -90.1 358 0 11.0 13.0 7.5 2.5 2 1 3 3 3
-5710.3 -3922.3 -86.3 0 0 9.5 8.5 7.5 2.5 2 0 3 4 4
-5736.8 -3907.2 -84.9 270 0 10.0 14.3 5.0 2.5 4 1 2 5 5
-5855.1 -4285.0 -54.9 87 0 9.4 10.1 2.5 2.5 2 1 1 3 3
-5832.7 -4210.2 -67.4 90 0 12.4 12.8 7.5 2.5 2 1 3 4 4
-5822.9 -4136.1 -73.0 357 0 11.9 9.2 7.5 2.5 2 0 3 4 4
-5719.9 -4196.1 -89.5 53 0 11.4 11.4 7.5 2.5 4 0 3 0 0
-5771.3 -4604.0 -38.2 0 0 11.3 8.0 2.5 2.5 4 0 1 4 4
-5749.1 -4550.0 -48.3 270 0 6.8 13.7 7.5 2.5 2 1 3 0 0
-5692.6 -4521.4 -56.4 270 0 8.0 12.8 5.0 2.5 2 1 2 2 2
-5596.7 -4720.9 -75.8 0 0 18.5 11.5 5.0 0.0 0 0 2 4 4
-5604.3 -4779.0 -74.5 90 0 18.0 9.3 5.0 2.5 2 0 2 2 2
-5648.0 -4394.0 -71.4 0 0 13.2 9.4 10.0 2.5 2 0 4 4 4
-5681.1 -4443.7 -62.9 90 0 12.7 8.0 10.0 0.0 0 0 4 0 0
-5204.2 -4809.8 -79.8 79 0 14.9 9.7 10.0 0.0 0 0 4 5 5
-5316.5 -4129.2 -74.4 287 0 16.0 8.0 5.0 2.5 2 0 2 3 3
-5367.8 -4152.6 -85.0 108 0 10.0 10.6 5.0 2.5 4 1 2 4 4
-5416.5 -4243.9 -84.6 86 0 12.2 8.6 5.0 2.5 2 0 2 1 1
-5539.0 -4160.0 -85.3 180 0 13.7 10.0 5.0 2.5 2 0 2 3 3
-5501.3 -4143.7 -86.0 27 0 11.8 9.9 7.5 2.5 2 0 3 0 0
-5505.0 -4217.7 -82.4 87 0 9.2 13.1 7.5 2.5 4 1 3 5 5
-5522.7 -4360.3 -80.2 358 0 8.9 11.2 7.5 2.5 2 1 3 5 5
-5608.9 -4548.5 -65.0 52 0 10.1 6.0 10.0 2.5 4 0 4 1 1
-5516.0 -4504.5 -80.1 0 0 6.1 8.5 5.0 2.5 2 1 2 2 2
-5486.1 -4553.1 -88.0 0 0 8.6 10.9 5.0 2.5 2 1 2 0 0
-5540.8 -4671.4 -80.8 90 0 6.5 11.6 5.0 2.5 2 1 2 3 3
-5449.1 -4809.9 -89.8 0 0 8.5 6.2 7.5 2.5 4 0 3 2 2
-5369.9 -4878.4 -83.0 75 0 12.6 9.2 7.5 2.5 2 0 3 2 2
-5520.3 -4928.3 -62.0 271 0 9.0 9.1 10.0 2.5 2 1 4 0 0
-5554.6 -4927.6 -58.1 259 0 10.4 8.5 7.5 0.0 0 0 3 3 3
-5437.5 -5011.3 -74.6 267 0 8.2 8.6 7.5 2.5 2 1 3 0 0
-5383.2 -5148.4 -84.0 355 0 13.0 9.9 2.5 2.5 2 0 1 1 1
-5405.2 -5293.6 -77.5 269 0 13.5 10.1 10.0 2.5 2 0 4 1 1
-5445.7 -5293.8 -70.8 269 0 9.3 12.4 2.5 2.5 2 1 1 5 5
-5528.1 -5550.4 -56.6 90 0 13.6 9.5 5.0 2.5 2 0 2 4 4
-5258.8 -3651.6 -50.7 351 0 11.4 13.8 5.0 2.5 2 1 2 5 5
-5316.5 -3679.3 -60.3 202 0 8.8 10.8 5.0 0.0 0 1 2 2 2
-5324.0 -3747.7 -59.5 97 0 11.3 9.9 10.0 2.5 2 0 4 5 5
-5281.7 -3713.6 -51.5 14 0 6.6 8.3 7.5 2.5 2 1 3 4 4
-5297.2 -3739.9 -54.5 89 0 8.7 14.4 7.5 2.5 2 1 3 5 5
-5298.6 -3814.6 -48.2 180 0 11.3 7.7 5.0 2.5 2 0 2 3 3
-5296.8 -3826.0 -47.3 179 0 7.4 15.2 5.0 2.5 2 1 2 1 1
-1909.7 2467.9 101.6 261 0 10.6 13.2 7.5 0.0 0 1 3 4 4
-1831.5 2254.7 122.9 188 0 21.2 9.4 7.5 0.0 0 0 3 1 1
-1818.4 2301.5 123.5 281 0 9.7 35.4 12.5 2.5 2 1 5 1 1
-1660.8 2342.3 129.3 168 0 7.7 7.1 5.0 2.5 2 0 2 1 1
-1644.1 2376.6 124.8 335 0 10.5 9.1 7.5 2.5 2 0 3 0 0
-1694.8 2426.9 118.3 249 0 8.9 13.5 7.5 2.5 2 1 3 4 4
-1729.4 2409.7 118.3 183 0 10.1 17.4 7.5 2.5 2 1 3 2 2
-1915.5 2722.6 94.1 207 0 12.3 24.3 10.0 2.5 2 1 4 4 4
-1977.4 2190.3 104.9 179 0 11.9 11.8 2.5 2.5 4 0 1 2 2
-1953.4 2418.2 106.9 180 0 18.4 14.7 10.0 2.5 2 0 4 4 4
-2042.2 2875.4 89.4 115 0 14.9 13.4 2.5 0.0 0 0 1 4 4
-2065.9 2883.2 97.4 329 0 15.5 10.6 7.5 2.5 2 0 3 1 1
-2384.2 3383.7 163.6 90 0 11.1 11.4 5.0 2.5 2 1 2 2 2
-1240.7 -5618.8 -24.7 41 0 12.9 9.0 5.0 2.5 2 0 2 5 5
-1240.0 -5458.0 -19.2 349 0 6.7 10.9 2.5 2.5 2 1 1 2 2
-1229.5 -5356.8 -17.3 88 0 9.1 10.4 7.5 2.5 2 1 3 2 2
-1261.4 -5376.7 -16.1 92 0 9.5 8.6 7.5 2.5 2 0 3 4 4
-1291.0 -5481.6 -20.3 264 0 10.8 10.7 7.5 2.5 4 0 3 2 2
-1341.4 -5451.3 -11.0 4 0 11.9 8.9 7.5 2.5 2 0 3 4 4
-1364.5 -5447.6 -8.9 272 0 8.6 13.1 10.0 2.5 2 1 4 5 5
-1348.9 -5463.6 -13.5 280 0 8.7 14.0 5.0 2.5 4 1 2 0 0
-1387.6 -5464.2 -7.7 193 0 13.3 7.9 2.5 2.5 2 0 1 1 1
-1375.6 -5489.2 -11.8 101 0 7.8 11.8 2.5 2.5 2 1 1 3 3
-1381.4 -5503.4 -13.1 90 0 8.5 7.1 10.0 2.5 2 0 4 0 0
-1406.5 -5503.3 -12.2 174 0 8.2 13.6 7.5 2.5 2 1 3 2 2
-1335.8 -5568.4 -25.2 87 0 16.7 8.3 7.5 2.5 2 0 3 5 5
-1376.6 -5664.7 -31.1 36 0 11.6 9.1 7.5 2.5 4 0 3 1 1
-1413.8 -5576.0 -20.6 358 0 15.4 7.8 5.0 2.5 2 0 2 5 5
-1451.0 -5624.9 -23.8 265 0 11.2 9.5 7.5 2.5 2 0 3 1 1
-1425.9 -5629.7 -25.4 352 0 12.0 6.2 5.0 2.5 2 0 2 1 1
-1435.6 -5711.5 -32.4 3 0 10.1 17.8 5.0 2.5 2 1 2 1 1
-1440.0 -5730.9 -32.5 23 0 9.6 6.7 5.0 2.5 2 0 2 5 5
-1704.1 -5809.8 -34.1 182 0 8.3 12.3 2.5 0.0 0 1 1 2 2
-1651.2 -5772.1 -29.1 90 0 13.0 10.7 7.5 0.0 0 0 3 1 1
-1689.1 -5718.9 -27.5 178 0 9.8 13.2 10.0 2.5 2 1 4 5 5
-1506.1 -5615.8 -20.5 140 0 13.4 12.9 10.0 2.5 2 0 4 3 3
-1651.1 -5664.5 -24.7 265 0 12.3 8.3 10.0 2.5 2 0 4 3 3
-1778.7 -5376.5 -0.8 180 0 9.1 25.2 5.0 2.5 2 1 2 1 1
-1885.4 -5718.2 -24.4 2 0 13.8 14.3 10.0 2.5 2 1 4 4 4
-1817.6 -5479.0 -5.8 298 0 7.7 26.1 10.0 2.5 2 1 4 5 5
-5873.4 3381.5 153.4 173 0 11.3 7.1 7.5 0.0 0 0 3 2 2
-5877.8 3358.0 152.4 168 0 9.5 7.2 5.0 0.0 0 0 2 5 5
-5861.3 3342.5 151.8 169 0 12.9 9.0 10.0 2.5 2 0 4 3 3
-5841.5 3313.0 152.8 0 0 11.9 9.1 7.5 2.5 2 0 3 3 3
-5839.1 3290.1 152.0 348 0 12.7 12.3 7.5 2.5 2 0 3 3 3
-6909.0 3286.2 269.9 159 0 15.0 8.2 7.5 2.5 2 0 3 0 0
-6753.4 2701.9 270.5 12 0 10.3 12.0 2.5 2.5 2 1 1 5 5
-6678.5 2656.8 264.4 73 0 9.5 13.0 7.5 2.5 4 1 3 0 0
-6717.8 2630.0 273.0 203 0 10.0 11.5 7.5 2.5 2 1 3 3 3
-6618.3 2770.8 239.4 270 0 10.6 12.5 7.5 2.5 2 1 3 4 4
-6659.7 2751.0 248.4 82 0 6.3 11.4 5.0 2.5 2 1 2 5 5
-5561.6 -3820.2 -82.0 265 0 9.6 9.0 7.5 2.5 2 0 3 2 2
-5463.3 -4339.3 -88.5 225 0 7.1 6.5 7.5 2.5 2 0 3 5 5
-5458.3 -4334.3 -88.6 225 0 7.0 6.5 5.0 2.5 2 0 2 2 2
-5331.1 -5113.5 -93.1 271 0 9.0 13.5 10.0 0.0 0 1 4 3 3
-5140.8 -4364.0 -51.3 92 0 7.9 8.8 10.0 0.0 0 1 4 3 3
-5136.0 -5197.5 -89.7 359 0 7.0 12.2 5.0 2.5 2 1 2 2 2
-5152.2 -5291.0 -94.7 348 0 10.8 13.8 5.0 2.5 2 1 2 4 4
-5167.3 -6010.8 -93.2 163 0 13.0 7.6 7.5 0.0 0 0 3 0 0
-5153.8 -6021.2 -93.5 181 0 12.9 8.6 7.5 2.5 2 0 3 5 5
-6411.5 -112.7 14.5 273 0 8.5 11.3 5.0 2.5 2 1 2 0 0
-6424.8 -110.3 16.1 283 0 11.6 11.6 7.5 2.5 2 0 3 5 5
-6407.4 -190.4 14.6 262 0 8.6 13.3 5.0 0.0 0 1 2 3 3
-6403.6 -223.5 15.7 78 0 9.7 15.3 7.5 0.0 0 1 3 5 5
-2696.0 -3393.1 -19.9 259 0 14.1 8.6 5.0 2.5 2 0 2 5 5
-2682.8 -3432.3 -21.1 181 0 8.9 6.8 7.5 2.5 2 0 3 5 5
-2676.5 -3449.2 -21.9 177 0 8.3 10.3 5.0 0.0 0 1 2 2 2
-2665.4 -3483.5 -23.6 85 0 12.3 9.8 7.5 2.5 2 0 3 0 0
-2611.5 -3488.2 -25.8 82 0 9.3 13.6 10.0 0.0 0 1 4 4 4
-2571.6 -3432.3 -25.7 357 0 6.1 7.8 7.5 2.5 2 1 3 3 3
-2592.7 -3421.1 -24.7 345 0 10.7 15.5 5.0 2.5 2 1 2 1 1
-2610.7 -3387.8 -25.2 250 0 16.6 9.3 5.0 2.5 2 0 2 3 3
-2551.3 -3339.4 -30.0 320 0 8.8 12.6 10.0 2.5 2 1 4 1 1
-2500.0 -3348.8 -28.2 179 0 9.1 13.4 7.5 2.5 2 1 3 3 3
-2513.5 -3367.0 -29.3 125 0 8.3 13.6 7.5 2.5 2 1 3 2 2
-2556.8 -3332.0 -30.2 338 0 7.7 11.9 2.5 2.5 2 1 1 2 2
-2555.1 -3211.2 -27.5 326 0 12.3 14.2 5.0 2.5 2 1 2 2 2
-2541.1 -3245.3 -28.8 358 0 10.2 18.5 7.5 0.0 0 1 3 2 2
-2547.3 -3278.9 -28.7 173 0 10.0 14.2 10.0 2.5 2 1 4 4 4
-2479.1 -3380.2 -28.7 146 0 7.2 8.3 5.0 2.5 2 1 2 4 4
-2462.5 -3443.7 -28.7 168 0 18.1 9.3 2.5 2.5 2 0 1 1 1
-2474.7 -3432.7 -29.1 165 0 7.5 18.7 5.0 2.5 2 1 2 4 4
-2463.0 -3489.1 -29.2 165 0 14.2 17.1 2.5 0.0 0 1 1 3 3
-2426.8 -3367.1 -27.6 351 0 6.9 12.3 5.0 2.5 2 1 2 2 2
-2452.9 -3384.4 -28.1 158 0 13.4 8.2 5.0 2.5 2 0 2 5 5
-2404.0 -3400.6 -27.2 355 0 10.3 9.9 7.5 2.5 2 0 3 0 0
-2419.1 -3402.5 -27.6 353 0 9.7 7.4 10.0 2.5 2 0 4 0 0
-2446.8 -3435.9 -28.1 176 0 14.7 11.1 7.5 2.5 2 0 3 0 0
-2427.7 -3435.0 -27.5 175 0 20.1 11.3 5.0 2.5 2 0 2 5 5
-2312.2 -3486.8 -26.2 349 0 8.5 15.2 7.5 2.5 2 1 3 3 3
-1964.9 -3468.5 13.5 247 0 9.5 10.9 2.5 2.5 2 1 1 0 0
-2006.2 -3586.8 1.2 277 0 11.1 11.5 2.5 2.5 2 1 1 0 0
-2069.9 -3606.1 -10.8 183 0 9.5 9.3 5.0 2.5 2 0 2 1 1
-2273.2 -3615.3 -26.8 6 0 8.2 9.1 7.5 2.5 4 1 3 3 3
-2279.7 -3602.3 -26.9 182 0 10.0 8.1 7.5 2.5 2 0 3 3 3
-2377.7 -3599.0 -26.7 58 0 8.8 6.1 2.5 2.5 2 0 1 0 0
-2413.9 -3593.2 -27.8 151 0 16.8 13.6 5.0 2.5 2 0 2 3 3
-2415.3 -3573.5 -27.5 158 0 10.4 14.6 5.0 2.5 2 1 2 1 1
-2382.1 -3534.2 -26.1 272 0 19.5 11.4 10.0 2.5 2 0 4 5 5
-2412.2 -3544.3 -27.3 248 0 13.2 9.4 7.5 2.5 2 0 3 1 1
-2349.5 -3541.9 -25.8 249 0 14.4 10.3 2.5 2.5 4 0 1 5 5
-2379.5 -3406.7 -26.0 279 0 12.5 25.1 10.0 2.5 4 1 4 2 2
-2340.4 -3444.3 -25.7 15 0 10.5 6.6 5.0 2.5 2 0 2 1 1
-2314.7 -3429.4 -25.7 4 0 8.0 8.5 7.5 2.5 2 1 3 2 2
-2347.1 -3382.5 -26.0 273 0 15.6 6.4 7.5 2.5 2 0 3 0 0
-2401.3 -3175.7 -23.4 170 0 8.1 10.6 2.5 2.5 2 1 1 5 5
-2326.8 -3221.0 -20.4 173 0 7.2 11.3 7.5 2.5 2 1 3 2 2
-2355.6 -3216.7 -22.2 356 0 10.4 12.0 10.0 2.5 2 1 4 2 2
-2192.2 -3278.8 -10.7 290 0 6.6 10.3 7.5 2.5 2 1 3 0 0
-2228.4 -3214.5 -10.3 340 0 9.9 9.5 7.5 2.5 2 0 3 2 2
-2208.0 -3178.4 -0.0 351 0 7.5 9.6 2.5 0.0 0 1 1 5 5
-2268.4 -3286.7 -20.4 141 0 8.0 12.0 5.0 0.0 0 1 2 5 5
-2318.8 -3153.2 -12.9 181 0 11.6 8.8 7.5 2.5 2 0 3 1 1
-2243.7 -3090.8 9.5 251 0 7.1 7.5 2.5 0.0 0 1 1 0 0
-2239.0 -3105.7 7.4 263 0 6.6 12.3 7.5 2.5 2 1 3 3 3
-2201.0 -3120.5 10.7 353 0 11.7 16.5 7.5 2.5 2 1 3 5 5
-2237.5 -3131.5 3.7 344 0 9.6 9.5 7.5 2.5 4 0 3 2 2
-3221.6 -158.7 12.7 189 0 13.7 24.3 17.5 0.0 0 1 5 5 5
-3187.6 -175.8 13.7 79 0 11.9 11.8 17.5 3.5 2 0 5 5 5
-3165.1 -216.4 12.2 170 0 12.7 19.8 17.5 3.5 2 1 5 1 1
-3119.2 -198.4 15.7 294 0 22.8 13.3 17.5 3.5 2 0 5 3 3
-3321.2 -239.6 -4.2 209 0 7.4 48.3 14.0 3.5 2 1 4 5 5
-3297.8 -271.4 -4.6 75 0 10.4 24.6 14.0 3.5 2 1 4 0 0
-3281.3 -215.9 -2.2 125 0 6.1 18.0 17.5 3.5 2 1 5 5 5
-3257.0 -226.1 0.3 126 0 8.0 11.7 17.5 3.5 2 1 5 0 0
-3310.2 -190.8 -4.1 100 0 16.4 28.3 17.5 3.5 2 1 5 0 0
-3088.3 -361.2 0.2 92 0 23.7 17.2 17.5 3.5 4 0 5 1 1
-2608.7 -145.2 -9.7 173 0 7.9 36.3 14.0 0.0 0 1 4 3 3
-3864.3 -89.6 -20.2 86 0 9.4 15.9 10.5 3.5 2 1 3 0 0
-3892.3 -75.6 -19.9 163 0 8.5 10.6 10.5 3.5 2 1 3 1 1
-3885.0 -59.0 -19.4 161 0 10.1 14.5 10.5 3.5 2 1 3 4 4
-3730.2 72.0 -6.2 342 0 12.3 9.1 14.0 3.5 2 0 4 1 1
-3746.0 107.9 -2.6 350 0 8.8 7.3 14.0 3.5 2 0 4 4 4
-3776.1 149.9 0.8 271 0 6.1 9.6 14.0 3.5 2 1 4 5 5
-3742.1 244.3 20.6 4 0 9.6 14.3 5.0 2.5 2 1 2 3 3
-3725.2 204.2 12.6 358 0 7.7 9.0 2.5 2.5 2 1 1 0 0
-729.5 -5762.9 -25.9 296 0 8.3 27.3 15.0 0.0 0 1 6 0 0
-848.8 -5769.5 -27.3 290 0 7.0 6.7 5.0 2.5 2 0 2 5 5
-922.3 -5664.2 -30.4 90 0 25.1 26.4 12.5 0.0 0 1 5 2 2
-874.6 -5676.7 -32.1 90 0 9.1 21.1 5.0 2.5 2 1 2 0 0
-911.8 -5782.0 -24.9 167 0 7.5 25.0 7.5 2.5 2 1 3 3 3
-886.1 -5773.0 -26.2 171 0 7.5 17.8 10.0 0.0 0 1 4 5 5
-1137.7 -6115.6 -8.6 241 0 8.4 19.0 5.0 0.0 0 1 2 1 1
-1058.6 -6055.1 -5.4 182 0 10.0 8.4 5.0 0.0 0 0 2 3 3
-1054.1 -6109.6 -4.5 144 0 7.5 23.7 2.5 2.5 2 1 1 0 0
-998.7 -6083.1 -3.2 342 0 9.0 15.8 10.0 2.5 2 1 4 1 1
-1021.1 -6097.8 -4.0 64 0 16.3 9.0 5.0 2.5 2 0 2 3 3
-910.8 -6031.6 8.4 235 0 9.6 10.8 5.0 2.5 2 1 2 0 0
-4336.7 -1984.7 58.6 258 0 10.5 6.7 2.5 2.5 2 0 1 5 5
-4385.5 -2093.8 36.4 84 0 6.5 9.7 5.0 2.5 2 1 2 0 0
-4270.3 -2007.6 74.5 20 0 6.7 6.9 7.5 2.5 2 1 3 0 0
-4523.2 -1474.8 30.4 83 0 8.9 16.7 10.0 0.0 0 1 4 2 2
-4671.1 -2312.2 66.8 261 0 17.8 13.3 10.0 2.5 2 0 4 2 2
-4625.3 -2363.4 83.8 247 0 15.8 6.8 5.0 2.5 2 0 2 2 2
-4800.3 -2335.0 45.5 340 0 8.8 18.8 7.5 2.5 2 1 3 1 1
-4823.4 -2305.7 45.2 270 0 18.0 8.3 10.0 2.5 2 0 4 3 3
-4771.5 -2410.6 51.5 148 0 12.9 25.3 10.0 2.5 2 1 4 1 1
-4799.1 -2390.9 45.7 347 0 28.6 10.3 12.5 2.5 2 0 5 5 5
