-75.5 6835.9 888.0 272 0 7.3 18.2 7.5 2.5 2 0 3 5 5
-289.0 6821.9 788.6 75 0 7.8 12.8 5.0 2.5 2 1 2 5 5
-52.6 6834.3 895.9 295 0 7.5 18.4 10.0 2.5 2 1 4 0 0
-659.6 6728.3 619.5 91 0 8.3 12.3 7.5 2.5 2 1 3 0 0
-710.2 6709.7 606.6 259 0 9.1 10.2 5.0 2.5 2 1 2 3 3
-194.3 6812.5 826.8 276 0 6.8 15.1 7.5 2.5 2 1 3 5 5
203.5 6390.1 964.6 228 0 15.0 11.0 7.5 2.5 2 0 3 2 2
6385.2 -6612.0 -974.5 249 0 37.2 29.0 10.0 0.0 0 0 4 0 0
6210.4 -6819.1 -971.8 237 0 26.6 22.4 10.0 2.5 2 0 4 1 1
6346.2 -6832.7 -968.7 354 0 35.2 25.0 17.5 0.0 0 0 7 1 1
6254.5 -6791.1 -971.5 235 0 37.3 25.6 7.5 0.0 0 0 3 1 1
6131.0 -6838.4 -973.0 246 0 60.0 44.0 12.5 0.0 0 0 5 4 4
285.4 5454.5 683.8 334 0 13.6 22.9 10.0 0.0 0 1 4 3 3
471.3 4437.5 475.1 337 0 12.4 8.7 7.5 2.5 2 0 3 1 1
475.4 4417.2 476.8 223 0 7.6 11.3 7.5 2.5 2 1 3 3 3
677.2 3551.6 207.4 92 0 8.8 7.0 7.5 2.5 4 0 3 1 1
1244.4 3150.5 -67.3 330 0 7.0 9.8 5.0 2.5 2 1 2 2 2
1255.5 3151.6 -70.7 118 0 13.3 6.3 7.5 2.5 2 0 3 3 3
1267.5 3143.8 -71.3 121 0 17.9 8.8 10.0 2.5 4 0 4 1 1
1269.5 3136.9 -70.6 303 0 35.2 7.5 10.0 2.5 2 0 4 0 0
-1086.7 2238.2 61.0 189 0 10.4 25.3 10.0 2.5 2 1 4 3 3
2833.9 1470.0 -651.0 193 0 12.1 18.4 10.0 0.0 0 1 4 4 4
2923.9 1439.3 -647.9 237 0 9.7 15.2 7.5 2.5 2 1 3 0 0
