-542.3 6232.9 4.4 190 0 11.4 28.8 14.0 3.5 2 0 4 4 4
-2196.7 101.8 -158.0 208 0 11.6 8.6 2.5 2.5 2 0 1 5 5
5924.6 -6595.7 -328.7 306 0 11.4 39.4 12.5 2.5 2 0 5 3 3
6076.6 -6000.3 -219.1 207 0 7.0 31.8 10.0 0.0 0 0 4 1 1
5208.7 -6025.7 -238.2 303 0 10.2 31.1 7.5 2.5 2 1 3 4 4
5734.5 -6578.2 -318.6 225 0 7.1 7.8 10.0 2.5 2 0 4 1 1
5136.5 -6276.1 -281.9 185 0 39.0 14.6 10.0 0.0 0 0 4 1 1
5342.5 -6720.6 -255.1 291 0 9.0 6.0 2.5 2.5 2 0 1 1 1
6236.7 -6037.1 -209.3 205 0 33.0 13.5 7.5 2.5 2 0 3 0 0
5393.1 -6263.4 -274.9 204 0 9.6 36.6 10.0 2.5 2 0 4 4 4
5025.3 -6458.5 -264.4 213 0 6.5 10.6 5.0 2.5 2 0 2 2 2
5098.3 -6514.3 -267.9 37 0 14.3 9.8 5.0 2.5 2 0 2 4 4
5816.7 -6635.4 -326.2 120 0 7.1 14.1 7.5 2.5 2 0 3 2 2
5388.5 -6343.6 -286.3 138 0 23.2 11.6 10.0 2.5 2 0 4 4 4
6184.2 -6004.3 -210.8 90 0 13.3 10.0 7.5 2.5 4 0 3 4 4
5495.2 -6421.2 -299.5 42 0 7.5 10.3 7.5 2.5 2 0 3 1 1
5086.8 -6522.2 -264.8 311 0 9.2 14.3 7.5 2.5 2 0 3 2 2
5769.9 -6659.6 -325.6 127 0 13.9 44.6 10.0 2.5 2 1 4 5 5
5445.9 -6307.5 -278.8 324 0 51.6 13.4 10.0 2.5 2 0 4 2 2
6186.8 -5950.5 -197.4 217 0 8.9 13.7 5.0 2.5 2 1 2 2 2
6121.6 -5948.4 -206.9 279 0 21.7 8.8 7.5 2.5 2 0 3 4 4
5318.6 -6250.1 -288.5 320 0 7.9 71.4 10.0 2.5 2 0 4 2 2
5807.0 -6616.8 -325.4 309 0 11.2 8.7 7.5 2.5 2 0 3 4 4
5394.2 -6302.5 -281.7 230 0 15.8 39.8 10.0 2.5 2 0 4 5 5
5359.2 -6327.4 -287.9 136 0 7.9 9.1 5.0 2.5 2 0 2 0 0
5311.5 -6460.6 -296.1 136 0 8.2 11.3 2.5 2.5 2 1 1 1 1
5368.3 -6164.4 -262.3 123 0 10.6 13.7 5.0 2.5 2 0 2 3 3
5133.7 -6472.0 -275.4 26 0 9.0 12.3 5.0 2.5 2 1 2 0 0
5367.0 -6714.3 -263.6 204 0 11.0 9.9 7.5 2.5 2 0 3 2 2
6253.0 -6006.4 -200.9 208 0 29.5 12.5 10.0 2.5 2 0 4 5 5
4992.7 -6427.7 -267.2 115 0 11.3 49.4 10.0 2.5 2 1 4 1 1
4639.1 -6164.9 -186.4 145 0 12.7 6.8 7.5 2.5 2 0 3 5 5
5456.5 -6294.9 -272.2 57 0 11.2 27.3 10.0 2.5 4 1 4 1 1
5307.3 -6409.8 -297.1 213 0 7.5 11.9 10.0 2.5 4 1 4 1 1
5495.2 -6327.2 -281.0 312 0 8.2 9.6 7.5 2.5 2 1 3 1 1
5779.0 -6554.9 -317.5 341 0 8.9 29.3 10.0 2.5 2 1 4 5 5
4682.6 -6075.4 -199.1 214 0 10.2 15.6 7.5 2.5 4 1 3 2 2
5318.9 -6467.7 -296.1 136 0 7.9 10.0 7.5 2.5 2 1 3 1 1
5485.4 -6442.4 -303.5 96 0 9.8 16.5 10.0 2.5 2 1 4 5 5
4953.6 -6421.2 -259.7 118 0 13.9 38.0 10.0 2.5 2 1 4 3 3
4590.3 -6125.1 -182.6 121 0 14.9 7.9 7.5 0.0 0 0 3 3 3
5260.4 -6715.7 -239.1 208 0 13.4 8.8 7.5 2.5 2 0 3 1 1
5372.5 -6146.7 -258.5 130 0 6.9 10.3 7.5 2.5 2 1 3 4 4
5359.9 -6738.2 -260.0 114 0 9.9 16.1 7.5 2.5 2 1 3 5 5
5295.6 -6414.8 -295.1 116 0 6.6 9.7 5.0 2.5 2 1 2 2 2
5227.5 -6339.9 -291.1 114 0 19.8 11.3 7.5 2.5 2 0 3 5 5
5147.7 -6215.8 -279.6 276 0 13.9 38.7 12.5 2.5 2 1 5 3 3
4598.9 -6113.2 -186.2 104 0 10.6 8.9 7.5 2.5 4 0 3 3 3
5805.4 -6547.1 -315.0 342 0 8.2 26.2 5.0 0.0 0 1 2 3 3
4987.7 -6136.6 -268.2 208 0 13.6 33.3 12.5 2.5 4 1 5 0 0
5380.9 -6733.1 -261.9 27 0 8.2 7.7 7.5 2.5 2 0 3 5 5
5082.5 -6620.8 -257.9 112 0 15.1 27.3 12.5 2.5 4 1 5 0 0
4580.6 -6105.2 -183.1 136 0 8.9 7.2 2.5 2.5 2 0 1 3 3
5871.7 -6576.6 -324.6 214 0 6.2 13.4 2.5 2.5 2 1 1 4 4
5273.6 -6690.1 -245.3 204 0 8.8 8.1 7.5 2.5 2 0 3 5 5
5360.8 -6134.2 -257.3 124 0 12.7 28.7 12.5 2.5 2 1 5 2 2
5211.0 -6624.4 -253.3 205 0 15.4 11.1 5.0 2.5 2 0 2 5 5
5351.4 -6710.5 -260.9 198 0 8.4 12.1 5.0 2.5 4 1 2 2 2
5022.1 -6369.9 -268.5 296 0 10.1 13.7 7.5 2.5 2 1 3 3 3
5349.5 -6289.6 -287.3 254 0 10.9 14.3 7.5 2.5 2 1 3 3 3
4969.3 -6537.4 -255.6 247 0 8.0 10.0 10.0 2.5 2 1 4 2 2
5257.3 -6735.9 -235.0 214 0 16.3 10.6 7.5 2.5 4 0 3 4 4
5863.7 -6615.8 -327.6 216 0 6.4 10.4 7.5 2.5 2 1 3 0 0
5190.9 -6754.4 -237.1 56 0 10.9 6.9 7.5 2.5 2 0 3 5 5
5402.7 -6420.6 -299.4 98 0 11.4 8.6 7.5 2.5 2 0 3 0 0
5141.0 -6314.2 -283.0 96 0 9.0 15.6 10.0 2.5 2 1 4 5 5
5268.4 -6701.5 -243.1 203 0 10.5 10.6 7.5 2.5 2 1 3 3 3
5484.0 -6350.0 -283.7 46 0 11.2 8.4 2.5 2.5 2 0 1 5 5
5816.1 -6610.6 -324.8 328 0 9.5 8.2 7.5 2.5 2 0 3 5 5
5202.5 -6640.4 -250.8 199 0 8.0 13.8 10.0 2.5 2 1 4 5 5
6210.4 -5971.7 -202.9 333 0 7.0 13.2 7.5 2.5 2 1 3 2 2
5471.9 -6244.7 -265.7 339 0 10.7 15.8 10.0 2.5 4 1 4 0 0
5890.4 -6589.1 -327.0 304 0 10.0 27.4 12.5 2.5 2 1 5 4 4
5193.1 -6665.2 -247.1 299 0 8.7 15.2 10.0 2.5 2 1 4 3 3
5030.4 -6413.8 -268.4 21 0 11.0 7.7 7.5 2.5 2 0 3 1 1
5719.0 -6579.8 -318.0 226 0 13.4 10.7 7.5 2.5 2 0 3 3 3
5347.7 -6688.2 -261.5 40 0 9.2 10.3 5.0 2.5 4 1 2 1 1
5834.5 -6622.9 -326.7 292 0 8.0 9.4 7.5 2.5 2 1 3 3 3
4636.5 -6096.5 -191.5 221 0 8.6 14.0 2.5 2.5 2 1 1 2 2
5016.5 -6468.4 -263.2 218 0 11.6 16.6 7.5 2.5 2 1 3 2 2
5288.4 -6372.0 -294.6 52 0 8.5 9.5 10.0 2.5 2 1 4 2 2
5310.8 -6693.1 -251.7 294 0 6.2 8.8 7.5 2.5 2 1 3 2 2
5042.9 -6407.5 -269.8 25 0 6.9 6.4 5.0 2.5 2 0 2 4 4
5304.2 -6741.1 -244.5 112 0 6.3 9.4 5.0 2.5 4 1 2 4 4
5109.0 -6558.4 -262.0 292 0 15.8 38.0 10.0 2.5 2 1 4 1 1
4660.1 -6136.2 -192.4 131 0 13.8 11.0 5.0 2.5 4 0 2 4 4
5742.4 -6610.4 -321.0 130 0 9.2 8.8 5.0 2.5 2 0 2 3 3
5346.8 -6701.8 -258.9 295 0 9.7 9.0 5.0 2.5 2 0 2 2 2
4984.7 -6538.0 -257.2 246 0 15.6 8.4 7.5 2.5 2 0 3 5 5
4652.5 -6092.5 -193.6 220 0 9.2 14.3 7.5 2.5 2 1 3 0 0
5461.5 -6364.3 -285.9 21 0 11.0 17.5 10.0 2.5 2 1 4 0 0
5046.6 -6399.5 -275.2 118 0 15.3 38.3 10.0 2.5 2 1 4 0 0
5735.0 -6550.5 -316.7 219 0 12.6 8.3 2.5 2.5 2 0 1 5 5
5046.6 -6615.8 -257.6 112 0 13.9 35.2 12.5 2.5 2 1 5 3 3
5332.4 -6699.6 -256.0 291 0 10.9 9.9 7.5 2.5 2 0 3 0 0
4952.3 -6548.3 -252.9 232 0 20.2 10.2 5.0 2.5 2 0 2 0 0
4687.3 -6100.4 -197.2 36 0 11.5 16.3 2.5 2.5 2 1 1 1 1
5441.9 -6414.1 -296.3 116 0 9.5 8.7 2.5 2.5 2 0 1 3 3
4604.4 -6151.2 -179.8 302 0 6.8 8.7 5.0 0.0 0 1 2 3 3
5273.6 -6720.0 -241.5 198 0 11.7 9.0 7.5 2.5 2 0 3 0 0
5423.2 -6174.6 -260.7 314 0 6.9 9.4 7.5 2.5 2 1 3 3 3
5323.6 -6422.2 -298.3 226 0 11.3 15.8 7.5 2.5 2 1 3 1 1
5079.1 -6540.6 -262.1 294 0 15.0 44.4 10.0 2.5 2 1 4 5 5
5478.4 -6280.4 -271.8 342 0 15.4 9.9 5.0 2.5 2 0 2 1 1
5369.4 -6321.8 -285.7 137 0 25.3 14.5 10.0 2.5 2 0 4 5 5
5938.6 -6635.7 -326.6 39 0 11.0 8.9 5.0 2.5 2 0 2 2 2
5289.2 -6429.7 -294.6 220 0 12.6 16.4 5.0 2.5 2 1 2 1 1
5420.3 -6221.0 -265.8 197 0 15.6 8.4 5.0 2.5 4 0 2 2 2
5354.6 -6724.9 -256.8 293 0 7.0 6.1 7.5 2.5 2 0 3 0 0
5335.3 -6286.5 -287.6 259 0 9.0 15.1 5.0 2.5 2 1 2 5 5
5343.1 -6438.6 -299.2 317 0 11.5 9.4 7.5 2.5 2 0 3 2 2
5315.0 -6740.9 -246.7 99 0 7.1 8.7 2.5 2.5 2 1 1 2 2
5432.8 -6192.0 -262.0 307 0 9.1 11.6 5.0 2.5 2 1 2 0 0
4625.1 -6117.3 -188.6 129 0 15.0 10.8 7.5 2.5 2 0 3 2 2
5495.3 -6371.9 -289.3 340 0 6.3 9.8 7.5 2.5 2 1 3 5 5
5057.6 -6437.9 -268.8 270 0 9.7 12.8 2.5 2.5 2 1 1 5 5
5346.9 -6271.5 -285.8 292 0 8.7 14.2 7.5 2.5 2 1 3 1 1
4641.8 -6132.3 -188.3 134 0 12.7 10.0 10.0 2.5 2 0 4 0 0
6043.5 -5815.2 -182.3 275 0 17.3 13.4 2.5 2.5 4 0 1 3 3
5295.3 -6726.3 -245.4 197 0 11.5 8.2 7.5 2.5 2 0 3 5 5
5039.9 -6203.0 -276.9 29 0 18.9 59.0 7.5 2.5 2 1 3 2 2
5372.9 -6044.1 -246.1 227 0 6.7 15.8 12.5 2.5 2 1 5 5 5
6526.1 -6381.5 -264.8 138 0 8.0 29.6 10.0 2.5 2 1 4 5 5
6653.5 -5970.5 -233.3 276 0 22.6 15.7 10.0 2.5 2 0 4 1 1
6430.4 -6121.7 -246.3 108 0 9.0 28.7 10.0 2.5 2 1 4 3 3
6367.4 -6501.8 -276.5 12 0 15.0 7.6 5.0 2.5 2 0 2 5 5
6750.2 -6520.3 -303.8 180 0 7.1 6.6 5.0 2.5 2 0 2 0 0
6766.8 -6667.0 -308.5 41 0 11.3 8.9 7.5 2.5 2 0 3 5 5
5558.5 -6887.8 -279.7 53 0 19.6 21.2 12.5 2.5 2 1 5 0 0
6766.0 -6694.7 -310.7 62 0 7.5 16.0 7.5 2.5 2 1 3 0 0
6456.6 -6040.9 -236.9 277 0 9.5 16.5 10.0 2.5 2 1 4 1 1
6361.8 -6085.6 -228.5 132 0 11.1 35.6 12.5 2.5 2 1 5 3 3
6659.3 -6596.3 -277.1 353 0 9.5 9.6 7.5 2.5 2 1 3 0 0
6802.5 -6490.1 -310.0 289 0 7.1 9.9 7.5 2.5 2 1 3 1 1
6594.8 -6003.7 -231.5 259 0 11.3 22.1 7.5 2.5 4 1 3 4 4
6629.5 -6469.9 -271.1 67 0 9.1 14.8 5.0 2.5 4 1 2 1 1
5688.0 -6683.3 -310.2 309 0 14.2 8.2 7.5 0.0 0 0 3 4 4
6568.0 -6576.1 -268.2 223 0 13.7 21.0 10.0 2.5 4 1 4 5 5
6558.9 -6590.1 -267.7 226 0 10.0 11.2 7.5 2.5 2 1 3 3 3
6817.8 -6547.5 -315.1 3 0 35.4 16.4 10.0 2.5 2 0 4 0 0
6361.9 -6520.6 -279.3 22 0 12.5 7.2 10.0 2.5 2 0 4 0 0
6856.6 -6485.3 -307.4 90 0 17.6 24.4 12.5 2.5 2 1 5 5 5
6769.1 -6750.2 -310.9 315 0 12.2 19.7 2.5 2.5 2 1 1 2 2
6357.0 -6495.5 -277.8 12 0 19.3 11.2 5.0 2.5 2 0 2 0 0
6358.1 -6539.8 -282.0 11 0 14.1 9.9 5.0 2.5 2 0 2 3 3
6453.8 -6124.3 -249.2 0 0 9.4 16.0 5.0 2.5 2 1 2 5 5
6395.2 -6093.6 -243.2 215 0 9.6 32.2 10.0 2.5 2 1 4 1 1
6424.4 -6452.0 -269.5 33 0 9.0 13.9 7.5 2.5 2 1 3 3 3
6441.0 -6426.3 -267.1 18 0 23.4 11.6 12.5 2.5 2 0 5 0 0
6502.8 -6240.8 -269.0 290 0 15.0 15.0 5.0 2.5 2 1 2 1 1
5660.8 -6690.0 -307.6 212 0 7.4 13.0 7.5 2.5 4 1 3 3 3
6351.5 -6407.7 -265.4 186 0 23.2 11.0 10.0 2.5 2 0 4 0 0
6381.8 -6393.4 -264.6 276 0 16.5 27.6 10.0 2.5 2 1 4 5 5
6474.8 -6570.6 -284.0 46 0 13.4 14.7 2.5 2.5 4 1 1 0 0
6451.3 -6539.7 -287.1 318 0 10.0 14.0 7.5 2.5 2 1 3 0 0
6751.3 -6715.4 -310.3 305 0 10.1 15.1 2.5 2.5 2 1 1 2 2
6503.6 -6293.7 -267.3 0 0 13.4 8.2 7.5 2.5 4 0 3 2 2
6358.5 -6467.0 -271.6 94 0 18.0 36.2 12.5 2.5 2 1 5 2 2
6762.6 -6738.5 -310.1 35 0 17.5 12.9 2.5 2.5 2 0 1 1 1
6402.4 -6073.8 -234.0 311 0 9.2 24.1 10.0 2.5 2 1 4 3 3
6807.5 -4766.5 -156.6 188 0 11.8 22.8 10.0 2.5 2 1 4 1 1
6848.3 -4690.5 -152.0 285 0 13.5 23.9 12.5 2.5 2 1 5 5 5
6622.9 -4761.0 -133.0 266 0 16.6 12.5 7.5 2.5 2 0 3 5 5
6520.4 -4779.9 -110.7 180 0 6.1 8.3 7.5 2.5 2 1 3 1 1
6152.6 -6379.4 -293.4 114 0 15.5 38.4 12.5 2.5 2 1 5 0 0
6133.3 -6376.9 -294.2 204 0 6.3 6.1 7.5 2.5 2 0 3 4 4
6866.7 -4659.9 -155.7 176 0 16.9 12.7 7.5 2.5 4 0 3 4 4
6851.9 -4611.0 -148.2 160 0 9.0 8.8 7.5 2.5 4 0 3 0 0
6752.2 -4625.3 -127.1 263 0 11.5 7.3 2.5 2.5 4 0 1 4 4
6582.3 -4769.1 -127.0 269 0 20.4 13.9 12.5 2.5 2 0 5 5 5
6222.1 -5993.4 -202.9 38 0 6.5 10.5 5.0 2.5 2 1 2 1 1
6149.9 -5959.9 -207.4 290 0 7.5 8.2 5.0 0.0 0 1 2 3 3
2434.1 1977.9 -222.5 180 0 10.4 14.6 7.5 2.5 2 1 3 2 2
2559.1 2051.6 -209.0 360 0 30.3 13.7 10.0 2.5 2 0 4 5 5
3147.8 122.4 -255.5 359 0 6.7 9.4 5.0 2.5 2 1 2 1 1
2465.4 1970.1 -219.7 332 0 14.4 11.2 2.5 2.5 2 0 1 5 5
1748.9 1107.5 -254.4 230 0 7.5 23.4 5.0 2.5 2 1 2 5 5
1807.8 2017.3 -228.5 3 0 9.6 12.5 5.0 2.5 4 1 2 1 1
3150.6 97.2 -256.4 6 0 8.5 6.2 5.0 2.5 2 0 2 3 3
1737.8 1086.7 -257.8 229 0 12.9 48.0 12.5 2.5 4 1 5 4 4
1769.2 2081.5 -230.1 270 0 13.3 35.2 12.5 2.5 2 1 5 5 5
1854.6 1917.4 -224.5 137 0 9.7 6.1 5.0 0.0 0 0 2 3 3
1812.6 1066.7 -254.1 317 0 24.9 6.4 5.0 2.5 2 0 2 1 1
1768.2 2006.7 -227.8 90 0 10.8 35.8 12.5 2.5 4 1 5 0 0
2494.7 1966.4 -215.5 280 0 9.5 8.1 10.0 2.5 4 0 4 0 0
2520.9 1942.9 -220.1 356 0 11.2 27.3 10.0 2.5 2 1 4 1 1
1891.8 1864.5 -227.4 127 0 8.7 6.4 5.0 2.5 2 0 2 0 0
-715.2 5667.2 -53.0 210 0 10.0 23.7 7.5 2.5 4 1 3 4 4
1904.0 1858.2 -227.1 123 0 7.6 6.9 2.5 2.5 2 0 1 5 5
-690.6 5707.0 -50.2 297 0 12.0 40.5 12.5 2.5 2 1 5 3 3
2535.1 2021.5 -209.9 88 0 16.8 12.8 10.0 2.5 2 0 4 2 2
1729.4 1027.4 -261.3 222 0 12.6 21.3 10.0 2.5 2 1 4 3 3
2518.6 2022.6 -209.0 89 0 11.4 43.4 12.5 2.5 2 1 5 2 2
1916.9 1884.8 -224.2 312 0 7.5 6.2 7.5 2.5 2 0 3 1 1
1720.3 1000.2 -261.8 128 0 20.5 12.5 10.0 2.5 2 0 4 1 1
2495.8 2058.1 -208.1 269 0 15.4 36.6 10.0 2.5 2 1 4 2 2
2409.1 3907.5 -213.4 46 0 13.1 21.2 12.5 2.5 2 1 5 5 5
1926.3 1878.9 -224.3 306 0 7.2 7.3 2.5 2.5 2 1 1 0 0
3201.1 153.8 -260.4 104 0 7.2 26.4 7.5 2.5 2 1 3 1 1
1871.6 1883.8 -226.9 134 0 10.0 6.2 10.0 2.5 2 0 4 4 4
2417.7 3962.3 -211.8 312 0 54.2 9.8 10.0 2.5 2 0 4 4 4
3216.3 145.3 -263.0 104 0 7.1 26.3 7.5 2.5 2 1 3 4 4
1880.4 1890.8 -225.4 129 0 7.9 6.5 10.0 2.5 2 0 4 5 5
2335.0 3929.9 -215.0 130 0 13.6 8.3 5.0 2.5 2 0 2 4 4
3134.1 121.2 -253.2 10 0 7.5 9.2 5.0 0.0 0 1 2 2 2
2485.0 2007.0 -211.1 89 0 15.8 10.4 5.0 2.5 2 0 2 5 5
3233.3 133.3 -265.0 109 0 7.0 26.1 5.0 2.5 2 1 2 0 0
-688.1 5669.7 -52.0 26 0 14.8 10.2 5.0 2.5 2 0 2 5 5
2329.9 4021.1 -207.6 324 0 8.1 8.4 7.5 0.0 0 1 3 2 2
3122.3 108.2 -251.8 33 0 8.3 7.3 7.5 0.0 0 0 3 1 1
3184.4 247.0 -266.7 65 0 13.0 16.9 7.5 2.5 2 1 3 4 4
2349.5 4019.5 -209.0 249 0 15.0 19.9 10.0 2.5 2 1 4 4 4
2575.7 2111.0 -202.7 349 0 8.4 13.1 7.5 2.5 2 1 3 4 4
3165.3 192.0 -260.0 11 0 35.7 12.3 12.5 2.5 2 0 5 1 1
1898.4 1921.2 -221.7 323 0 7.2 6.5 2.5 2.5 2 0 1 5 5
2325.2 4003.0 -212.0 245 0 10.5 22.3 5.0 2.5 2 1 2 3 3
2551.2 2124.9 -202.9 261 0 11.8 19.5 2.5 0.0 0 1 1 2 2
3134.7 146.9 -252.9 342 0 6.3 8.4 5.0 2.5 2 1 2 5 5
1901.9 1907.1 -222.9 325 0 8.7 6.1 5.0 2.5 2 0 2 0 0
2497.6 1983.8 -212.7 92 0 8.9 21.8 2.5 2.5 2 1 1 1 1
-1796.4 3636.5 113.6 185 0 11.6 32.7 10.0 2.5 2 1 4 3 3
2610.6 44.5 -325.8 11 0 9.8 38.6 12.5 0.0 0 1 5 3 3
2671.5 50.4 -309.8 213 0 14.3 29.7 15.0 0.0 0 1 6 0 0
2611.0 22.9 -332.0 13 0 10.7 43.0 10.0 2.5 2 1 4 1 1
-1464.3 3404.1 38.9 282 0 17.2 59.8 10.0 2.5 2 1 4 3 3
2528.5 42.6 -334.0 193 0 8.5 37.5 12.5 2.5 2 1 5 5 5
-854.8 3134.3 -56.1 250 0 6.4 13.6 7.5 0.0 0 1 3 4 4
2568.6 110.0 -309.6 194 0 12.0 31.7 10.0 2.5 2 1 4 0 0
-806.1 3126.4 -65.1 259 0 11.3 24.1 12.5 0.0 0 1 5 4 4
-821.6 3087.1 -62.0 77 0 11.8 34.5 10.0 2.5 4 1 4 0 0
-1920.8 3764.2 140.2 178 0 8.1 33.6 10.0 2.5 2 1 4 2 2
-2096.8 3426.8 145.1 92 0 7.5 13.2 2.5 2.5 2 1 1 2 2
-1988.7 3453.4 135.6 269 0 9.0 13.0 7.5 2.5 2 1 3 1 1
-1985.8 3468.9 135.8 358 0 13.1 7.7 7.5 2.5 2 0 3 3 3
-2024.0 3466.7 140.0 274 0 7.1 13.6 2.5 2.5 2 1 1 4 4
-1941.6 3842.5 151.1 173 0 13.0 34.6 10.0 2.5 2 1 4 3 3
-1848.4 3823.1 138.4 125 0 11.4 50.8 12.5 0.0 0 1 5 2 2
-1873.7 3826.0 142.6 124 0 11.8 34.9 12.5 2.5 2 1 5 4 4
-697.0 852.8 -323.3 184 0 10.4 17.6 7.5 2.5 2 1 3 5 5
-702.3 930.9 -323.9 188 0 11.8 17.9 5.0 2.5 2 1 2 1 1
-1990.9 3500.7 135.8 266 0 6.8 13.4 7.5 2.5 2 1 3 3 3
-660.5 918.9 -327.3 99 0 13.3 33.9 12.5 0.0 0 1 5 0 0
-688.5 908.2 -325.1 269 0 26.9 12.1 17.5 0.0 0 0 7 0 0
-2029.3 3432.9 140.2 105 0 7.3 13.6 5.0 2.5 2 1 2 4 4
-1880.8 3809.5 142.5 277 0 8.5 17.1 7.5 2.5 2 1 3 0 0
-1910.7 3797.1 143.7 267 0 26.0 13.4 10.0 2.5 2 0 4 0 0
265.1 -1128.0 -388.6 66 0 6.8 12.5 10.0 2.5 2 1 4 2 2
246.4 -1132.3 -387.1 155 0 13.5 12.9 5.0 2.5 2 0 2 1 1
573.3 16.0 -317.4 302 0 33.5 11.8 12.5 2.5 2 0 5 0 0
620.8 -12.7 -320.6 228 0 36.6 13.1 10.0 2.5 2 0 4 0 0
-3861.9 5686.5 443.8 90 0 7.5 10.8 2.5 2.5 2 1 1 3 3
-3737.3 5643.2 447.9 257 0 12.3 25.4 12.5 2.5 2 1 5 4 4
-3848.4 5718.1 442.3 269 0 12.2 34.4 12.5 2.5 2 1 5 2 2
-3825.8 5718.1 441.4 270 0 10.9 34.7 10.0 2.5 2 1 4 5 5
-4102.2 6597.3 423.0 177 0 11.3 14.7 7.5 2.5 2 1 3 5 5
-2910.4 4060.2 520.6 81 0 8.8 37.6 10.0 0.0 0 1 4 4 4
-3872.4 5686.7 444.2 92 0 8.0 10.4 7.5 2.5 4 1 3 3 3
-3755.3 5709.8 440.8 164 0 12.6 37.5 10.0 2.5 2 1 4 3 3
-3948.4 5709.8 448.1 182 0 12.8 23.9 12.5 2.5 2 1 5 5 5
-4254.7 6801.9 400.7 192 0 13.8 60.6 17.5 2.5 4 1 7 3 3
-3803.2 5683.6 440.4 90 0 12.9 34.9 10.0 2.5 2 1 4 0 0
-3882.8 5687.2 445.1 90 0 7.8 10.3 7.5 2.5 4 1 3 5 5
-3872.8 5721.9 442.9 270 0 28.9 9.6 10.0 0.0 0 0 4 4 4
-3903.8 5713.2 445.9 272 0 9.7 20.9 5.0 2.5 2 1 2 4 4
4595.6 4114.4 -280.7 209 0 37.4 10.0 12.5 2.5 2 0 5 4 4
4592.0 4068.3 -281.2 182 0 18.4 45.6 12.5 0.0 0 1 5 1 1
4602.0 4303.0 -279.9 272 0 15.6 57.2 10.0 2.5 4 1 4 2 2
4613.1 4015.0 -281.0 160 0 15.1 28.4 12.5 2.5 4 1 5 0 0
3684.7 4633.0 -236.3 225 0 18.2 17.5 12.5 2.5 2 0 5 2 2
3772.7 4650.0 -223.4 295 0 8.6 6.0 5.0 2.5 2 0 2 0 0
3804.6 4564.5 -226.4 113 0 7.4 16.3 5.0 2.5 2 1 2 4 4
3757.5 4572.8 -228.2 112 0 39.7 15.6 10.0 0.0 0 0 4 1 1
4343.2 4393.6 -271.2 267 0 9.6 21.8 7.5 2.5 2 1 3 1 1
3868.2 4644.6 -230.6 26 0 8.7 6.0 5.0 0.0 0 0 2 4 4
3817.7 4616.4 -230.1 286 0 13.0 8.0 5.0 2.5 2 0 2 2 2
4230.8 4301.2 -263.6 149 0 14.5 37.7 10.0 2.5 2 1 4 3 3
3809.9 4634.2 -226.4 285 0 6.7 6.8 7.5 2.5 2 1 3 4 4
3782.0 4595.0 -227.0 111 0 13.0 11.3 7.5 2.5 2 0 3 5 5
3758.4 4638.3 -226.0 298 0 7.9 6.0 10.0 2.5 2 0 4 5 5
3775.3 4629.1 -225.0 296 0 8.3 6.8 7.5 2.5 2 0 3 5 5
3839.7 4647.6 -228.0 221 0 9.2 6.4 5.0 2.5 2 0 2 5 5
3720.4 4590.5 -232.9 115 0 33.4 15.3 15.0 0.0 0 0 6 0 0
3751.3 4665.1 -224.4 305 0 8.5 6.2 7.5 2.5 2 0 3 2 2
4330.4 4393.7 -270.3 267 0 7.7 31.9 5.0 2.5 2 1 2 5 5
3862.3 4698.9 -224.0 284 0 6.6 8.4 2.5 2.5 2 1 1 3 3
3711.8 4662.9 -232.5 203 0 13.3 7.0 10.0 2.5 2 0 4 5 5
3810.4 4591.8 -229.3 98 0 11.8 8.5 5.0 2.5 2 0 2 1 1
4295.0 4398.6 -267.5 271 0 11.0 32.4 7.5 2.5 4 1 3 0 0
3863.8 4681.3 -225.6 13 0 10.3 8.3 5.0 2.5 4 0 2 1 1
3748.4 4643.4 -226.6 296 0 8.3 6.0 5.0 2.5 2 0 2 0 0
3785.9 4640.9 -223.8 295 0 7.8 6.8 7.5 2.5 2 0 3 3 3
3793.1 4570.5 -224.7 113 0 6.5 8.9 10.0 2.5 2 1 4 0 0
4402.8 4349.6 -273.4 2 0 23.6 10.0 7.5 2.5 2 0 3 3 3
3733.8 4653.5 -226.9 217 0 7.1 7.6 7.5 2.5 2 1 3 4 4
3864.4 4583.4 -232.4 341 0 9.0 6.4 2.5 2.5 2 0 1 4 4
4247.3 4349.8 -264.2 242 0 8.4 12.9 10.0 2.5 2 1 4 0 0
3761.9 4605.2 -227.9 115 0 14.0 8.9 2.5 2.5 2 0 1 2 2
4363.2 4311.2 -269.5 116 0 39.9 12.1 10.0 2.5 2 0 4 5 5
3726.4 4701.0 -232.1 270 0 10.2 8.7 7.5 2.5 2 0 3 5 5
3800.9 4620.6 -227.2 289 0 7.8 6.7 5.0 2.5 2 0 2 5 5
4285.7 4306.6 -264.1 108 0 8.4 14.7 5.0 2.5 2 1 2 5 5
3824.4 4628.0 -228.9 285 0 9.7 6.2 7.5 2.5 2 0 3 1 1
3692.5 4647.1 -236.6 229 0 7.0 7.8 10.0 2.5 2 1 4 0 0
4158.6 5219.4 -228.6 202 0 25.4 63.3 12.5 0.0 0 1 5 0 0
5373.9 3098.8 -237.9 42 0 8.3 25.5 7.5 2.5 2 1 3 5 5
5301.9 3079.6 -250.4 234 0 12.8 50.8 12.5 2.5 2 1 5 1 1
6917.3 2381.1 -194.2 247 0 31.9 9.3 10.0 2.5 2 0 4 5 5
-914.7 -1284.1 -339.4 311 0 42.2 12.4 2.5 2.5 2 0 1 0 0
915.6 -4182.5 -309.1 302 0 9.1 29.4 2.5 2.5 2 1 1 1 1
926.7 -4126.6 -313.2 161 0 24.0 11.6 2.5 2.5 4 0 1 3 3
919.4 -4131.2 -313.9 344 0 24.1 10.9 2.5 2.5 2 0 1 2 2
1799.7 -3387.8 -244.7 39 0 11.3 33.6 2.5 2.5 2 1 1 4 4
1731.1 -3383.2 -248.9 159 0 9.7 35.4 2.5 2.5 2 1 1 4 4
1749.5 -3343.0 -248.6 301 0 31.3 9.9 2.5 2.5 2 0 1 5 5
1708.0 -3336.8 -253.1 214 0 44.3 9.5 2.5 2.5 2 0 1 2 2
1860.7 -3045.1 -231.6 69 0 7.8 25.1 2.5 2.5 2 1 1 1 1
1884.2 -3259.2 -224.7 189 0 10.1 34.9 2.5 2.5 2 1 1 2 2
1739.5 -2925.9 -250.6 29 0 52.9 15.5 2.5 2.5 2 0 1 1 1
-1011.4 -1283.2 -351.2 218 0 8.5 25.9 2.5 2.5 4 1 1 5 5
-941.2 -1374.0 -356.6 199 0 10.0 22.2 2.5 2.5 2 1 1 2 2
-927.8 -1411.9 -356.7 110 0 9.3 22.2 2.5 2.5 2 1 1 5 5
-901.8 -1438.5 -354.9 104 0 10.6 23.6 2.5 2.5 2 1 1 0 0
-833.9 -1457.2 -351.8 316 0 11.4 27.1 2.5 0.0 0 1 1 0 0
1521.4 -3996.6 -278.2 316 0 17.3 9.9 2.5 2.5 4 0 1 2 2
1449.3 -3972.0 -274.3 309 0 11.2 31.1 2.5 2.5 2 1 1 3 3
1380.4 -3982.0 -272.8 198 0 10.8 34.1 2.5 2.5 2 1 1 2 2
1353.1 -4012.6 -271.6 190 0 12.6 40.6 2.5 0.0 0 1 1 4 4
1277.7 -3965.0 -279.2 318 0 44.9 24.4 7.5 0.0 0 0 3 0 0
848.4 -2739.5 -356.3 297 0 41.5 15.8 2.5 2.5 2 0 1 2 2
789.1 -2718.2 -358.3 205 0 11.2 37.1 2.5 2.5 2 1 1 5 5
807.4 -2794.3 -349.4 188 0 10.2 35.3 2.5 2.5 2 1 1 4 4
650.9 -1364.9 -372.3 168 0 9.3 24.9 2.5 2.5 2 1 1 5 5
837.8 -1412.0 -361.5 179 0 13.8 26.4 2.5 2.5 2 1 1 0 0
1160.7 -1503.7 -317.8 135 0 9.7 26.9 2.5 0.0 0 1 1 3 3
1231.6 -1557.4 -302.1 117 0 7.6 29.8 2.5 2.5 2 1 1 3 3
1032.7 -1383.9 -320.5 147 0 8.9 18.1 2.5 0.0 0 1 1 4 4
1088.7 -1458.4 -320.7 309 0 40.6 11.6 2.5 2.5 2 0 1 2 2
1135.8 -1421.2 -315.8 47 0 14.6 49.7 2.5 2.5 2 1 1 0 0
1091.6 -1361.8 -314.9 325 0 36.5 14.4 2.5 2.5 2 0 1 3 3
1074.1 -1403.0 -318.0 65 0 8.3 37.9 2.5 2.5 4 1 1 4 4
1011.4 -1444.9 -324.4 244 0 27.5 7.6 2.5 2.5 2 0 1 1 1
1663.5 -990.1 -280.1 222 0 11.5 45.8 2.5 0.0 0 1 1 2 2
1544.3 -943.2 -276.3 249 0 21.8 12.9 2.5 2.5 2 0 1 1 1
1618.4 -1022.7 -283.7 4 0 13.4 36.9 2.5 2.5 2 1 1 2 2
1534.0 -1006.1 -281.4 156 0 11.6 42.2 2.5 2.5 2 1 1 0 0
1144.5 -2040.4 -312.6 298 0 51.6 14.3 2.5 2.5 2 0 1 4 4
1022.6 -2076.7 -321.4 159 0 10.0 25.5 2.5 2.5 2 1 1 5 5
1077.4 -2247.1 -305.7 207 0 24.0 6.5 2.5 2.5 2 0 1 5 5
1099.0 -2219.4 -295.4 249 0 10.8 25.4 2.5 2.5 2 1 1 0 0
1113.4 -2203.4 -291.3 121 0 9.5 25.6 2.5 0.0 0 1 1 1 1
1153.1 -2167.9 -294.6 20 0 16.7 35.2 2.5 2.5 4 1 1 5 5
1094.8 -2209.6 -294.0 121 0 8.5 40.2 2.5 2.5 2 1 1 4 4
964.5 -2308.1 -320.7 298 0 16.8 42.7 2.5 2.5 2 1 1 0 0
942.9 -2263.4 -318.2 290 0 14.1 34.3 2.5 2.5 2 1 1 0 0
916.1 -2339.6 -322.9 119 0 11.5 24.1 2.5 2.5 2 1 1 0 0
1324.2 -701.8 -265.5 266 0 61.5 15.8 2.5 2.5 2 0 1 1 1
1732.7 -996.8 -277.2 6 0 17.9 33.8 2.5 0.0 0 1 1 0 0
2385.6 -1070.0 -265.6 104 0 16.0 9.3 2.5 2.5 2 0 1 3 3
2414.0 -991.2 -267.3 269 0 10.2 21.6 2.5 2.5 2 1 1 2 2
2444.7 -1077.5 -267.4 85 0 14.1 49.9 2.5 2.5 2 1 1 3 3
2361.1 -1085.5 -266.0 103 0 15.6 50.0 2.5 2.5 2 1 1 1 1
-405.2 6477.8 40.3 105 0 22.0 50.9 7.0 3.5 2 1 2 1 1
4046.4 6252.0 -156.5 193 0 9.4 13.1 2.5 2.5 2 1 1 0 0
4074.7 6246.8 -157.1 10 0 7.6 13.6 7.5 2.5 2 1 3 4 4
4052.7 6274.9 -151.6 191 0 7.0 25.5 5.0 2.5 2 1 2 5 5
4060.6 6312.5 -146.0 281 0 19.3 12.0 10.0 2.5 2 0 4 5 5
4054.7 6323.7 -143.1 194 0 7.4 14.1 7.5 2.5 2 1 3 5 5
4061.5 6335.1 -140.9 192 0 7.3 13.5 7.5 2.5 2 1 3 3 3
4062.4 6347.4 -138.9 191 0 8.0 15.0 10.0 0.0 0 1 4 1 1
4119.7 6252.0 -156.0 55 0 8.3 19.6 5.0 0.0 0 1 2 2 2
4121.8 6275.0 -151.1 6 0 6.7 25.2 10.0 2.5 2 1 4 1 1
4124.2 6311.7 -143.6 11 0 6.6 23.5 5.0 2.5 2 1 2 3 3
4121.7 6291.3 -147.8 9 0 6.7 23.1 2.5 2.5 2 1 1 5 5
-6738.8 -4741.3 -527.9 353 0 14.1 13.5 10.0 2.5 2 0 4 2 2
-195.4 -2964.9 -389.8 180 0 8.7 13.1 10.5 3.5 2 1 3 2 2
-201.1 -2964.4 -393.8 269 0 9.6 13.2 10.5 3.5 2 1 3 0 0
-234.3 -2946.0 -398.6 31 0 10.6 15.0 10.5 3.5 2 1 3 4 4
-241.0 -2893.9 -399.2 211 0 16.6 9.9 10.5 3.5 2 0 3 2 2
-221.8 -2871.5 -401.4 300 0 9.0 17.4 10.5 3.5 2 1 3 0 0
-200.3 -2922.9 -392.7 184 0 31.5 20.4 14.0 0.0 0 0 4 4 4
411.6 -2489.2 -390.6 282 0 15.7 48.5 10.0 2.5 2 1 4 5 5
-491.9 2595.7 -229.6 257 0 9.3 40.2 12.5 2.5 2 1 5 0 0
-915.4 -3501.3 -418.1 172 0 23.6 10.7 10.0 2.5 2 0 4 1 1
1815.8 1453.2 -201.4 232 0 28.7 59.6 7.5 2.5 2 1 3 1 1
2210.7 2233.3 -227.0 108 0 22.2 29.3 12.5 2.5 2 1 5 4 4
2971.0 3281.1 -168.1 90 0 13.9 27.9 12.5 2.5 2 1 5 0 0
912.8 3370.4 -229.8 47 0 10.5 20.8 10.0 0.0 0 1 4 3 3
895.2 3345.8 -228.7 47 0 9.0 23.8 7.5 2.5 4 1 3 0 0
3543.6 1610.5 -262.9 269 0 35.3 46.0 12.5 0.0 0 1 5 3 3
3495.0 1591.9 -260.4 358 0 8.5 54.8 5.0 2.5 2 1 2 2 2
3241.3 5546.7 -94.6 102 0 6.1 9.7 5.0 2.5 2 1 2 2 2
4445.4 4600.2 -233.5 6 0 7.6 12.4 12.5 2.5 2 1 5 2 2
6246.3 2027.2 -223.4 64 0 9.3 24.2 2.5 0.0 0 1 1 0 0
4950.5 3124.9 -210.9 8 0 20.6 28.5 7.5 0.0 0 1 3 4 4
-5880.7 -4419.9 -475.6 243 0 18.3 36.9 10.0 2.5 2 1 4 3 3
798.7 557.3 -336.4 116 0 31.2 12.0 10.0 2.5 2 0 4 0 0
875.5 508.4 -338.2 28 0 15.7 36.0 12.5 0.0 0 1 5 2 2
849.0 438.2 -338.2 22 0 14.5 28.0 12.5 2.5 2 1 5 1 1
784.2 466.5 -337.9 204 0 13.7 29.3 12.5 2.5 2 1 5 2 2
1055.4 95.8 -374.2 76 0 15.9 40.9 10.0 0.0 0 1 4 4 4
-1273.3 665.7 -243.9 122 0 15.5 28.6 7.5 2.5 2 1 3 2 2
1807.7 -5052.6 -168.2 294 0 13.2 20.0 17.5 0.0 0 1 7 5 5
2121.3 -5093.7 -165.1 128 0 9.0 11.7 2.5 2.5 2 1 1 4 4
2136.3 -5100.6 -164.6 119 0 8.6 11.8 5.0 2.5 4 1 2 1 1
2246.0 -5275.2 -140.1 26 0 8.4 14.8 10.0 0.0 0 1 4 3 3
2212.4 -5276.7 -141.9 123 0 10.0 20.0 5.0 2.5 2 1 2 2 2
2198.2 -5270.5 -142.5 123 0 13.0 17.2 2.5 2.5 2 1 1 4 4
2182.7 -5262.6 -144.5 122 0 12.7 21.7 7.5 0.0 0 1 3 3 3
3076.0 -3786.8 -263.5 236 0 11.2 29.8 10.0 2.5 2 1 4 1 1
6539.4 -4831.5 -122.2 107 0 17.3 14.5 12.5 2.5 2 0 5 5 5
179.9 -2902.6 -404.6 161 0 11.3 41.6 10.5 0.0 0 1 3 4 4
