-6640.6 6410.8 1.4 357 0 8.3 12.4 7.5 2.5 2 0 3 3 3
-6592.3 6029.8 -7.5 162 0 11.4 38.3 10.0 2.5 2 0 4 0 0
-6548.8 6051.4 -8.3 246 0 11.6 37.9 10.0 2.5 2 0 4 5 5
-6621.9 5986.0 -6.5 169 0 11.0 34.5 12.5 2.5 2 0 5 1 1
-6640.0 6065.4 -5.9 171 0 12.6 18.6 5.0 0.0 0 1 2 3 3
-6498.2 5954.3 -9.4 228 0 8.9 7.6 5.0 2.5 2 0 2 5 5
-6468.8 5884.0 -9.8 246 0 7.0 12.3 7.5 2.5 2 0 3 2 2
-6629.0 6006.5 -5.5 168 0 18.0 7.9 7.5 0.0 0 0 3 4 4
-6482.9 5924.0 -9.7 64 0 13.5 17.0 7.5 2.5 2 1 3 5 5
-6475.1 5967.5 -9.3 332 0 11.8 12.7 5.0 2.5 4 1 2 2 2
-6594.5 5594.0 -8.1 39 0 17.2 14.6 10.0 2.5 2 0 4 3 3
-6560.2 5782.3 -7.8 322 0 6.8 12.9 5.0 2.5 2 0 2 3 3
-6644.8 6586.1 -0.5 274 0 6.9 14.6 2.5 0.0 0 0 1 3 3
-5998.7 6203.3 -11.0 229 0 8.3 29.3 7.5 2.5 4 1 3 1 1
-6663.5 6518.4 1.2 7 0 6.1 14.2 7.5 2.5 2 1 3 3 3
-6685.6 6321.0 -6.5 7 0 18.0 12.6 7.5 2.5 4 0 3 4 4
-5981.0 6172.7 -12.8 139 0 9.3 14.8 5.0 2.5 2 1 2 1 1
-5927.4 6221.1 -16.3 314 0 13.9 14.2 7.5 2.5 2 1 3 3 3
-6751.5 6472.2 -3.6 137 0 10.9 9.6 10.0 0.0 0 0 4 1 1
-6591.2 6541.3 3.8 3 0 11.0 17.5 7.5 2.5 2 1 3 4 4
-6713.5 6430.2 -1.9 143 0 14.4 11.8 5.0 2.5 2 0 2 4 4
-6711.0 6331.6 -6.0 7 0 6.3 9.2 10.0 2.5 2 1 4 5 5
-6659.9 6414.4 0.1 269 0 10.3 15.0 7.5 2.5 2 1 3 1 1
-6647.1 6485.8 4.1 78 0 10.5 6.8 7.5 2.5 2 0 3 0 0
-6753.8 6518.1 -4.3 254 0 7.9 15.7 5.0 0.0 0 1 2 2 2
-6716.3 6578.4 -4.3 245 0 14.4 16.9 7.5 2.5 4 1 3 3 3
-6667.3 6372.4 -2.9 268 0 10.4 7.2 7.5 2.5 2 0 3 2 2
-6732.6 6428.1 -3.1 344 0 10.3 24.9 10.0 2.5 2 1 4 4 4
-5943.3 6207.8 -15.4 51 0 6.3 8.3 5.0 2.5 2 1 2 2 2
-5950.8 6244.7 -14.0 227 0 29.0 15.4 12.5 2.5 4 0 5 0 0
-6627.2 6475.9 5.5 360 0 11.0 14.4 5.0 2.5 2 1 2 2 2
-6705.3 6548.4 -1.0 193 0 6.3 14.8 7.5 2.5 2 1 3 5 5
-6737.4 6549.1 -3.3 225 0 7.3 18.7 10.0 2.5 4 1 4 2 2
-6258.5 6011.0 -10.5 333 0 14.7 11.3 10.0 2.5 2 0 4 4 4
-6684.7 5437.6 -14.3 34 0 11.7 47.9 10.0 2.5 2 0 4 4 4
-6855.1 5432.7 -8.2 4 0 9.6 37.1 10.0 0.0 0 1 4 5 5
-6896.3 5503.1 -6.1 23 0 12.6 11.4 5.0 2.5 2 0 2 3 3
-6805.9 5425.5 -11.8 298 0 9.2 19.6 5.0 2.5 2 0 2 1 1
-6794.5 5476.3 -9.4 210 0 13.8 16.1 5.0 2.5 2 0 2 3 3
-6699.7 5416.3 -15.4 32 0 11.3 44.9 10.0 2.5 2 0 4 4 4
-6849.7 5342.6 -9.4 122 0 7.1 10.0 7.5 2.5 2 0 3 3 3
-6838.4 5379.3 -9.7 214 0 6.7 8.7 7.5 2.5 2 0 3 2 2
-6848.3 5362.4 -9.6 211 0 9.1 11.7 7.5 2.5 2 0 3 2 2
-6854.3 5385.0 -9.3 215 0 9.3 12.6 7.5 2.5 2 0 3 4 4
-6783.2 5273.6 -18.0 126 0 6.7 11.7 2.5 2.5 2 0 1 4 4
-6757.3 5321.5 -17.9 30 0 10.8 10.3 5.0 2.5 2 0 2 3 3
-6804.6 5271.7 -12.0 41 0 13.2 38.4 10.0 2.5 2 0 4 3 3
-6869.9 5234.0 -12.9 304 0 13.0 17.2 5.0 2.5 2 0 2 2 2
-6845.1 5284.9 -9.2 119 0 11.1 8.3 5.0 2.5 2 0 2 1 1
-6894.7 5223.1 -13.0 213 0 9.1 24.3 2.5 2.5 2 0 1 5 5
-6817.2 5266.0 -10.1 43 0 9.3 12.6 10.0 2.5 2 0 4 1 1
-6899.4 5199.0 -13.3 209 0 13.7 18.5 10.0 2.5 2 0 4 4 4
-6896.6 5269.7 -10.4 304 0 11.5 23.4 7.5 2.5 2 0 3 3 3
-6910.7 5162.9 -13.5 203 0 11.6 20.9 7.5 2.5 2 0 3 1 1
-6683.6 6159.8 -8.8 333 0 16.9 12.3 5.0 2.5 2 0 2 3 3
-5397.7 6897.0 -13.4 9 0 9.9 24.9 5.0 0.0 0 1 2 0 0
-5402.3 6889.4 -13.4 279 0 7.9 24.1 5.0 0.0 0 1 2 2 2
-5513.1 6840.0 -8.2 48 0 16.1 8.0 7.5 2.5 2 0 3 5 5
-5463.0 6919.1 -12.0 305 0 7.4 19.6 7.5 2.5 2 1 3 3 3
-5537.7 6913.7 -7.7 277 0 18.1 10.6 7.5 2.5 2 0 3 5 5
-5511.4 6887.5 -8.3 5 0 13.5 29.7 10.0 2.5 2 1 4 3 3
-5504.7 6686.2 -12.8 53 0 9.1 16.7 7.5 2.5 2 1 3 3 3
-5523.1 6682.5 -11.7 45 0 8.1 10.5 10.0 2.5 4 1 4 5 5
-5595.3 6619.8 -12.5 225 0 19.4 11.7 2.5 2.5 2 0 1 5 5
-5621.7 6583.4 -12.2 48 0 13.3 13.5 5.0 2.5 2 1 2 1 1
-5644.4 6569.6 -12.1 51 0 8.4 11.2 7.5 2.5 4 1 3 3 3
-5797.7 6472.1 -8.2 225 0 11.8 14.9 5.0 2.5 2 1 2 0 0
-5839.0 6368.2 -11.4 147 0 21.0 16.1 12.5 2.5 2 0 5 1 1
-5822.2 6384.0 -10.1 226 0 14.4 14.3 5.0 2.5 2 0 2 4 4
-5820.7 6405.8 -11.0 228 0 7.5 40.8 12.5 2.5 2 1 5 4 4
-6161.4 5982.9 -13.1 61 0 8.8 27.8 10.0 2.5 2 1 4 2 2
-6032.4 6142.4 -10.4 37 0 10.3 14.4 7.5 0.0 0 1 3 0 0
-6095.0 6140.6 -9.4 141 0 21.1 21.1 7.5 2.5 2 1 3 3 3
-6216.5 6039.8 -9.2 334 0 27.1 12.7 10.0 0.0 0 0 4 0 0
-6436.3 5829.3 -10.0 59 0 9.5 12.6 7.5 2.5 2 1 3 4 4
-6425.7 5830.6 -10.4 59 0 8.0 15.9 10.0 2.5 4 1 4 3 3
-6357.2 5858.4 -11.7 147 0 11.3 23.0 7.5 2.5 2 1 3 0 0
-6334.5 5902.1 -11.3 237 0 15.3 17.4 7.5 2.5 2 1 3 5 5
-6316.1 5919.0 -11.6 242 0 7.1 25.8 10.0 2.5 2 1 4 1 1
-6267.3 5909.4 -12.4 85 0 10.9 15.8 7.5 2.5 2 1 3 3 3
-6404.1 5993.1 -7.5 63 0 8.6 14.7 7.5 2.5 2 1 3 5 5
-6394.0 5997.0 -7.6 63 0 8.0 11.1 7.5 2.5 2 1 3 1 1
-6369.9 5943.0 -9.4 333 0 15.2 9.4 5.0 2.5 4 0 2 0 0
-6386.5 5926.3 -9.8 247 0 11.8 15.3 7.5 2.5 2 1 3 3 3
-6399.6 5900.9 -9.9 151 0 11.2 13.6 2.5 2.5 2 1 1 2 2
-6716.2 5538.7 -8.3 207 0 8.2 8.0 7.5 2.5 2 0 3 2 2
-6689.6 5524.5 -8.2 222 0 8.6 12.1 10.0 2.5 2 1 4 4 4
-6710.8 5552.8 -8.2 221 0 13.1 7.0 7.5 2.5 2 0 3 5 5
-6695.9 5728.8 -6.7 224 0 9.3 14.1 5.0 2.5 2 1 2 3 3
-6667.2 5704.3 -7.2 43 0 8.7 11.5 5.0 2.5 4 1 2 5 5
-6574.6 5822.6 -7.4 152 0 9.6 11.2 5.0 2.5 2 1 2 0 0
-6530.9 5827.5 -8.1 234 0 9.7 14.6 7.5 2.5 2 1 3 2 2
-6516.6 5846.5 -8.4 236 0 10.5 9.2 2.5 2.5 2 0 1 5 5
-6475.8 5808.4 -9.1 56 0 12.0 11.1 7.5 2.5 2 0 3 4 4
-6489.4 5792.9 -8.6 54 0 10.0 15.8 7.5 2.5 2 1 3 3 3
-6533.9 5768.0 -8.0 142 0 12.0 14.5 10.0 2.5 2 1 4 2 2
-6543.3 5752.1 -8.3 227 0 8.8 7.1 5.0 2.5 2 0 2 5 5
-6475.8 5734.7 -8.6 47 0 8.3 16.1 10.0 0.0 0 1 4 5 5
-6475.6 5717.9 -9.6 46 0 11.1 23.7 10.0 2.5 2 1 4 3 3
-6533.0 5696.8 -9.2 45 0 13.0 13.2 5.0 0.0 0 1 2 4 4
-6498.9 5709.5 -9.5 45 0 7.9 37.1 7.5 2.5 2 1 3 0 0
-6620.4 5729.5 -8.4 224 0 7.0 23.2 7.5 2.5 2 1 3 4 4
-6623.2 5703.5 -8.3 222 0 13.6 8.6 10.0 2.5 2 0 4 0 0
-6576.4 5712.6 -8.7 224 0 8.9 14.2 5.0 0.0 0 1 2 1 1
-6541.2 5674.3 -8.9 42 0 15.0 11.8 7.5 2.5 2 0 3 5 5
-6574.5 5673.4 -8.5 35 0 12.3 22.2 10.0 2.5 2 1 4 5 5
-6582.2 5566.3 -10.1 39 0 12.8 14.1 5.0 2.5 2 1 2 2 2
-6644.2 5630.2 -8.3 216 0 8.4 8.3 7.5 2.5 2 0 3 1 1
-6632.3 5625.3 -8.2 218 0 8.7 9.7 5.0 2.5 2 1 2 5 5
-6608.5 5621.3 -8.2 310 0 6.8 20.0 7.5 2.5 2 1 3 0 0
-6595.4 5541.6 -11.7 41 0 12.3 47.6 10.0 2.5 2 1 4 3 3
-6632.2 5490.0 -13.8 45 0 9.1 15.5 7.5 2.5 2 1 3 0 0
-6663.8 5480.3 -11.5 44 0 25.5 9.2 5.0 2.5 2 0 2 5 5
-6668.1 5599.8 -7.8 226 0 8.6 16.1 7.5 2.5 2 1 3 5 5
-6653.4 5657.4 -8.1 225 0 13.1 12.0 7.5 2.5 2 0 3 0 0
-6676.7 5640.9 -8.0 218 0 6.7 18.5 7.5 2.5 2 1 3 3 3
-6732.2 5619.5 -8.4 60 0 14.1 8.6 2.5 2.5 2 0 1 1 1
-6792.7 5562.5 -6.8 43 0 8.8 12.2 5.0 2.5 2 1 2 5 5
-6783.5 5548.3 -6.6 40 0 8.8 13.2 7.5 2.5 2 1 3 2 2
-6791.8 5535.1 -6.6 49 0 9.9 16.0 7.5 2.5 2 1 3 0 0
-6796.1 5519.3 -7.0 21 0 7.0 14.0 2.5 2.5 2 1 1 0 0
-6875.5 5408.2 -7.8 35 0 16.3 12.3 5.0 2.5 4 0 2 2 2
-6855.1 5202.2 -14.1 31 0 21.5 8.0 7.5 2.5 2 0 3 0 0
-6891.0 5123.1 -13.9 194 0 7.4 6.8 10.0 2.5 2 0 4 2 2
-6898.5 5131.5 -13.4 193 0 8.4 8.5 7.5 2.5 2 1 3 2 2
-6907.5 5071.2 -12.2 205 0 18.9 11.0 7.5 2.5 2 0 3 2 2
-6912.7 6622.7 -7.1 90 0 13.6 21.8 12.5 2.5 2 1 5 3 3
-6899.5 6672.6 -4.2 180 0 15.4 10.0 10.0 2.5 2 0 4 1 1
-6767.3 6216.6 -5.9 94 0 16.1 12.8 5.0 2.5 2 0 2 1 1
-6751.2 6251.3 -5.0 356 0 9.5 14.1 5.0 2.5 2 1 2 4 4
-6836.9 6483.1 -9.6 36 0 10.2 16.4 10.0 2.5 2 1 4 3 3
-6801.5 6428.4 -4.6 177 0 12.2 18.7 7.5 2.5 2 1 3 4 4
-6745.5 6284.9 -4.2 357 0 12.8 16.3 5.0 2.5 2 1 2 5 5
-6799.3 6305.9 -1.7 86 0 15.7 8.6 7.5 2.5 2 0 3 1 1
-6836.7 6380.1 -2.6 265 0 11.7 19.1 5.0 2.5 2 1 2 1 1
-6835.6 6313.6 -0.6 71 0 15.9 16.0 7.5 2.5 2 1 3 1 1
-6478.9 6868.3 2.5 269 0 12.7 17.4 5.0 2.5 2 1 2 0 0
-6504.1 5675.4 -9.3 48 0 13.9 9.9 5.0 2.5 2 0 2 4 4
-6727.2 6904.0 2.8 270 0 11.8 18.6 5.0 2.5 2 1 2 3 3
-6742.9 5554.2 -8.4 216 0 6.9 17.7 7.5 2.5 2 1 3 4 4
-6339.0 6114.3 -7.7 83 0 13.7 28.2 7.5 2.5 2 1 3 5 5
-6287.9 6273.0 -6.9 357 0 10.7 18.9 15.0 0.0 0 1 6 1 1
