4155.4 -4346.7 12.5 0 0 28.4 31.7 10.0 2.5 2 0 4 0 0
4150.8 -4413.4 13.2 87 0 12.9 42.6 10.0 2.5 2 0 4 4 4
4135.2 -4371.4 13.2 93 0 10.1 32.8 10.0 2.5 2 0 4 4 4
4152.2 -4250.9 11.6 272 0 17.3 38.3 10.0 2.5 2 0 4 1 1
4127.1 -4253.2 11.7 269 0 9.7 35.9 7.5 2.5 2 0 3 4 4
4098.9 -4253.9 11.3 272 0 8.7 24.7 5.0 2.5 2 1 2 1 1
5423.6 -6015.9 -16.7 87 0 14.3 11.4 7.5 2.5 2 0 3 0 0
5623.5 -6083.8 -17.5 89 0 16.2 10.8 2.5 2.5 2 0 1 0 0
2133.0 -4395.8 -4.9 258 0 9.7 11.3 10.5 0.0 0 1 3 5 5
2283.3 -4298.0 -8.1 40 0 9.9 13.5 7.5 2.5 2 1 3 5 5
2168.0 -4362.4 -5.3 348 0 11.5 11.2 10.5 3.5 2 0 3 0 0
2194.5 -4411.7 -3.7 1 0 10.0 13.7 10.5 0.0 0 1 3 1 1
2247.8 -4525.9 -5.1 78 0 8.7 15.7 7.5 2.5 2 1 3 0 0
2249.4 -4408.8 -3.1 46 0 11.2 11.1 14.0 3.5 2 0 4 0 0
5810.4 -1684.3 -4.6 46 0 11.3 12.4 7.5 2.5 2 1 3 2 2
5974.8 -1690.2 -10.5 24 0 11.4 7.7 7.5 2.5 2 0 3 0 0
6046.9 -2091.7 -9.4 95 0 13.5 9.6 7.5 2.5 2 0 3 4 4
5857.5 -1902.2 -8.2 106 0 9.2 6.8 5.0 2.5 2 0 2 1 1
6006.8 -1609.5 -10.0 20 0 12.0 10.0 5.0 2.5 2 0 2 2 2
5965.2 -1725.7 -11.6 109 0 15.1 11.6 7.5 2.5 2 0 3 5 5
6087.2 -1456.2 -19.2 163 0 9.2 18.2 10.0 0.0 0 1 4 3 3
6106.3 -1523.6 -17.0 268 0 10.9 14.5 5.0 2.5 2 1 2 1 1
6104.8 -1584.8 -15.6 2 0 11.9 9.9 2.5 2.5 2 0 1 4 4
6089.0 -1645.1 -17.2 23 0 10.9 9.3 5.0 2.5 2 0 2 1 1
5377.2 -2230.5 -2.3 53 0 12.5 9.6 10.0 2.5 2 0 4 5 5
601.7 -375.5 1.5 181 0 11.6 16.9 7.5 2.5 4 1 3 4 4
692.8 -437.6 1.3 88 0 13.5 13.0 7.5 2.5 2 0 3 4 4
654.7 -442.2 0.5 114 0 12.5 11.8 7.5 2.5 2 0 3 3 3
733.0 -443.5 2.6 103 0 7.7 11.7 5.0 2.5 2 1 2 1 1
840.4 -485.4 0.6 88 0 16.2 10.6 7.5 2.5 4 0 3 3 3
831.9 -371.3 -0.1 180 0 9.2 16.9 5.0 2.5 2 1 2 3 3
627.7 -431.2 0.1 119 0 13.1 12.9 7.5 2.5 2 0 3 1 1
