-4796.8 -6389.2 -80.6 29 0 77.2 63.0 12.5 0.0 0 0 5 2 2
-4443.4 -5786.3 -77.5 39 0 94.2 162.4 10.0 0.0 0 1 4 2 2
-499.9 6661.6 48.6 167 0 6.4 25.6 12.5 2.5 2 1 5 2 2
-578.6 6919.7 44.0 239 0 14.5 41.1 12.5 2.5 2 1 5 4 4
-412.3 6879.0 45.7 231 0 14.1 15.0 5.0 2.5 2 1 2 5 5
-353.1 6832.3 46.8 326 0 7.2 8.0 5.0 2.5 2 1 2 4 4
-156.8 6532.2 42.3 236 0 36.8 10.2 12.5 2.5 2 0 5 0 0
-122.4 6498.7 44.6 145 0 12.0 20.5 2.5 2.5 2 1 1 2 2
-106.5 6545.7 43.7 337 0 9.6 12.3 5.0 2.5 2 1 2 5 5
-67.7 6493.9 51.6 65 0 8.8 9.2 7.5 2.5 4 1 3 2 2
-8.2 6503.7 66.9 295 0 6.4 8.9 5.0 2.5 2 1 2 5 5
668.3 6236.8 50.3 79 0 11.5 20.9 7.5 2.5 2 1 3 1 1
1332.8 6405.9 76.9 79 0 6.2 7.0 10.0 0.0 0 1 4 0 0
1380.3 6280.3 31.2 161 0 9.8 9.9 5.0 2.5 2 1 2 5 5
-308.4 6728.1 54.7 324 0 11.0 8.1 2.5 2.5 2 0 1 0 0
-344.5 6700.5 49.5 144 0 7.1 6.3 5.0 2.5 2 0 2 3 3
1446.4 6296.6 18.1 267 0 11.0 15.5 7.5 2.5 2 1 3 2 2
1600.7 6307.4 -2.8 42 0 7.4 6.9 10.0 2.5 2 0 4 1 1
1671.0 6285.7 -19.3 269 0 9.5 10.9 7.5 2.5 4 1 3 3 3
1706.2 6269.2 -26.1 359 0 8.1 14.1 7.5 2.5 2 1 3 5 5
1780.7 6310.9 -26.6 315 0 8.9 7.4 5.0 2.5 2 0 2 4 4
1802.1 6299.6 -29.1 323 0 11.5 8.2 7.5 2.5 4 0 3 5 5
1764.9 6505.2 6.3 245 0 10.3 9.1 10.0 2.5 4 0 4 2 2
2249.2 6462.8 -61.9 78 0 11.8 9.0 7.5 2.5 2 0 3 5 5
2232.1 6406.8 -64.7 175 0 6.8 17.9 7.5 2.5 2 1 3 0 0
2309.6 6462.5 -65.0 129 0 9.6 10.2 7.5 2.5 4 1 3 5 5
2328.8 6423.7 -69.8 351 0 10.7 13.9 10.0 2.5 2 1 4 2 2
2382.9 6445.4 -75.3 187 0 9.9 15.9 7.5 0.0 0 1 3 2 2
2388.6 6390.3 -77.1 182 0 18.6 10.3 7.5 2.5 2 0 3 4 4
2284.6 6327.1 -73.6 85 0 18.3 12.7 5.0 0.0 0 0 2 1 1
2202.2 6258.8 -71.6 90 0 8.9 9.3 7.5 2.5 2 1 3 1 1
2090.6 6322.3 -48.6 293 0 8.4 9.5 5.0 2.5 2 1 2 1 1
2033.6 6314.8 -38.7 195 0 8.6 12.3 5.0 2.5 2 1 2 3 3
2416.9 6616.9 -70.6 86 0 12.5 17.6 5.0 2.5 2 1 2 1 1
2426.2 6571.2 -73.4 287 0 7.0 9.9 7.5 2.5 4 1 3 3 3
3053.6 6550.0 -65.8 91 0 19.6 15.4 17.5 0.0 0 0 7 5 5
3026.1 6574.1 -61.5 269 0 9.4 6.9 7.5 2.5 2 0 3 4 4
2964.1 6638.5 -48.2 279 0 11.1 8.1 5.0 2.5 4 0 2 2 2
2915.7 6595.7 -63.4 355 0 13.8 13.0 5.0 0.0 0 0 2 3 3
2859.0 6546.7 -67.0 77 0 7.8 10.4 5.0 0.0 0 1 2 5 5
2804.4 6546.0 -69.1 97 0 10.1 8.3 5.0 2.5 2 0 2 4 4
2685.7 6670.6 -55.9 77 0 8.4 7.9 7.5 2.5 2 0 3 3 3
2666.5 6727.9 -49.6 360 0 7.1 16.4 10.0 2.5 4 1 4 4 4
2605.3 6670.5 -60.2 267 0 6.0 24.7 5.0 2.5 2 1 2 5 5
2551.3 6630.0 -62.7 53 0 6.0 18.3 7.5 2.5 2 1 3 1 1
3344.1 6142.3 -52.2 38 0 7.6 6.3 7.5 2.5 2 0 3 1 1
3334.4 6241.9 -70.7 20 0 8.6 13.2 7.5 2.5 2 1 3 5 5
3308.5 6214.1 -71.1 0 0 7.2 14.2 10.0 2.5 2 1 4 4 4
3273.5 6184.7 -71.2 104 0 14.3 7.6 7.5 2.5 2 0 3 0 0
3244.6 6182.3 -72.4 176 0 11.0 8.1 2.5 2.5 2 0 1 4 4
3240.6 6204.1 -74.2 174 0 13.9 10.7 7.5 2.5 2 0 3 3 3
3223.1 6265.4 -78.7 163 0 7.1 7.8 10.0 2.5 2 1 4 4 4
3242.1 6495.0 -70.3 243 0 10.6 7.4 7.5 2.5 2 0 3 5 5
3177.2 6399.8 -74.4 151 0 7.1 10.3 10.0 2.5 4 1 4 2 2
3211.0 6476.2 -71.0 258 0 13.0 9.3 7.5 2.5 2 0 3 0 0
3187.0 6470.6 -71.6 245 0 7.0 11.5 10.0 2.5 2 1 4 4 4
3160.7 6467.7 -73.0 252 0 11.1 13.4 7.5 2.5 2 1 3 0 0
3185.2 6498.0 -72.5 64 0 13.5 9.4 7.5 0.0 0 0 3 0 0
3134.2 6526.5 -70.9 59 0 10.4 10.2 7.5 2.5 2 0 3 4 4
3441.0 6244.8 -46.0 89 0 11.5 14.8 7.5 2.5 2 1 3 4 4
3315.3 6322.8 -72.9 100 0 9.7 15.7 2.5 2.5 2 1 1 1 1
3414.8 6312.0 -60.8 356 0 17.8 10.6 7.5 2.5 2 0 3 4 4
3388.9 6345.0 -66.6 358 0 9.8 13.1 10.0 2.5 2 1 4 4 4
3406.6 6435.8 -67.8 179 0 13.5 11.1 7.5 2.5 2 0 3 1 1
3427.7 6449.3 -68.8 81 0 8.3 10.9 5.0 2.5 2 1 2 1 1
3425.8 6504.3 -69.8 178 0 13.8 9.5 5.0 2.5 4 0 2 2 2
3381.4 6562.8 -69.8 266 0 13.0 10.7 7.5 2.5 2 0 3 4 4
3349.9 6555.8 -69.5 263 0 10.3 8.3 5.0 2.5 2 0 2 3 3
3362.9 6584.4 -70.7 356 0 8.6 12.5 7.5 2.5 2 1 3 0 0
3327.2 6575.3 -69.8 58 0 8.4 10.3 2.5 2.5 2 1 1 5 5
3281.5 6548.5 -70.6 62 0 11.0 16.6 7.5 2.5 2 1 3 1 1
3175.9 6573.2 -67.9 66 0 9.0 11.4 7.5 2.5 2 1 3 5 5
3145.4 6590.1 -66.3 198 0 9.3 12.0 10.0 2.5 2 1 4 4 4
3561.0 6583.7 -70.6 259 0 7.2 17.1 5.0 2.5 2 1 2 3 3
3706.8 6573.6 -61.1 257 0 8.0 7.8 2.5 2.5 2 0 1 0 0
3699.6 6517.6 -56.8 169 0 8.5 8.2 5.0 0.0 0 0 2 4 4
3736.2 6532.1 -56.6 73 0 8.3 7.9 5.0 2.5 2 0 2 3 3
3751.4 6538.5 -56.3 75 0 9.0 7.2 7.5 2.5 2 0 3 0 0
3770.6 6575.1 -58.8 265 0 7.9 8.0 7.5 2.5 2 1 3 3 3
3808.1 6503.9 -51.4 148 0 7.6 6.3 2.5 2.5 2 0 1 1 1
3829.0 6580.1 -60.8 50 0 6.5 6.1 5.0 0.0 0 0 2 4 4
3810.6 6568.6 -59.2 40 0 8.0 6.5 7.5 2.5 2 0 3 3 3
3808.5 6552.6 -56.5 331 0 9.4 10.9 7.5 2.5 2 1 3 3 3
3450.3 6580.0 -70.9 85 0 8.0 8.6 2.5 2.5 2 1 1 4 4
3473.2 6500.5 -70.1 338 0 9.0 7.8 5.0 2.5 2 0 2 0 0
3476.8 6579.4 -70.6 88 0 10.7 7.0 7.5 2.5 2 0 3 4 4
3604.4 6607.6 -71.5 74 0 15.1 7.2 7.5 2.5 2 0 3 3 3
3663.6 6770.9 -70.3 66 0 8.3 10.6 5.0 0.0 0 1 2 5 5
3689.8 6799.5 -69.1 55 0 15.2 9.4 2.5 2.5 4 0 1 2 2
3722.0 6814.4 -67.9 65 0 14.2 8.5 5.0 2.5 2 0 2 5 5
3759.1 6717.9 -65.7 56 0 9.2 9.1 5.0 2.5 2 0 2 0 0
3740.6 6757.8 -66.4 131 0 8.7 9.3 10.0 2.5 2 1 4 3 3
3748.5 6809.8 -66.7 237 0 8.9 9.2 5.0 2.5 2 1 2 2 2
3739.4 6798.0 -66.9 236 0 8.2 7.5 7.5 0.0 0 0 3 0 0
3757.2 6784.0 -66.1 252 0 7.6 8.7 7.5 2.5 2 1 3 5 5
3759.8 6825.2 -66.5 232 0 8.7 7.2 7.5 2.5 2 0 3 1 1
3772.4 6730.8 -65.3 59 0 9.0 7.6 7.5 2.5 2 0 3 4 4
3797.6 6791.5 -65.5 54 0 6.5 6.4 7.5 2.5 2 0 3 0 0
3788.3 6742.1 -65.0 56 0 7.6 9.0 5.0 2.5 2 1 2 0 0
3815.2 6772.2 -65.3 357 0 11.4 8.6 7.5 2.5 2 0 3 3 3
3815.5 6786.3 -65.5 1 0 8.2 8.0 10.0 2.5 2 0 4 2 2
3812.6 6800.3 -65.7 52 0 6.7 9.4 7.5 2.5 2 1 3 5 5
3807.7 6831.7 -65.8 242 0 8.0 8.9 7.5 2.5 4 1 3 0 0
3832.2 6832.6 -65.4 2 0 9.1 11.3 5.0 2.5 2 1 2 4 4
3838.0 6779.9 -65.4 50 0 6.6 8.0 7.5 2.5 4 1 3 0 0
3895.1 6789.5 -65.3 352 0 10.3 8.3 5.0 2.5 4 0 2 0 0
3874.3 6780.1 -65.2 149 0 6.7 9.1 7.5 0.0 0 1 3 3 3
3867.4 6740.6 -64.6 141 0 8.9 12.9 2.5 2.5 4 1 1 0 0
3859.1 6759.7 -64.9 161 0 9.8 8.4 5.0 2.5 2 0 2 2 2
3741.0 6622.9 -66.9 87 0 11.0 9.3 2.5 2.5 2 0 1 3 3
3818.4 6705.0 -65.2 81 0 10.0 12.6 5.0 2.5 2 1 2 1 1
3834.1 6629.3 -67.0 70 0 7.6 7.1 7.5 2.5 2 0 3 1 1
3846.3 6641.8 -66.9 80 0 10.0 10.4 10.0 2.5 2 1 4 5 5
3863.7 6615.0 -64.0 257 0 9.7 8.1 7.5 2.5 2 0 3 5 5
2018.4 6469.3 -23.4 359 0 10.2 9.5 2.5 2.5 2 0 1 5 5
2018.5 6481.5 -22.2 356 0 11.6 10.0 10.0 2.5 4 0 4 3 3
2089.0 6445.4 -40.6 356 0 7.5 8.4 2.5 2.5 2 1 1 2 2
2103.6 6426.7 -47.6 211 0 10.7 11.1 10.0 2.5 2 1 4 3 3
2115.4 6483.6 -46.6 270 0 9.0 10.1 7.5 2.5 2 1 3 3 3
2158.4 6449.1 -52.6 126 0 7.4 6.2 7.5 2.5 2 0 3 3 3
1923.5 6834.2 -6.2 173 0 9.6 13.5 5.0 2.5 2 1 2 3 3
1936.7 6793.2 -14.1 149 0 9.2 12.3 10.0 2.5 2 1 4 0 0
2081.1 6856.5 -34.5 263 0 7.5 7.5 7.5 2.5 2 0 3 5 5
2070.4 6825.6 -36.7 93 0 9.6 10.1 7.5 0.0 0 1 3 5 5
2122.0 6825.3 -50.3 65 0 9.5 9.0 7.5 2.5 2 0 3 4 4
2146.6 6748.1 -61.7 247 0 10.3 9.8 2.5 2.5 2 0 1 1 1
2202.8 6751.5 -65.8 324 0 7.2 8.4 7.5 0.0 0 1 3 5 5
2186.4 6681.8 -61.5 355 0 10.0 12.8 5.0 2.5 4 1 2 2 2
2283.1 6769.4 -67.2 348 0 12.5 9.0 5.0 2.5 2 0 2 0 0
2269.0 6829.2 -65.5 1 0 8.3 10.4 2.5 2.5 2 1 1 1 1
2273.0 6849.0 -64.0 4 0 10.0 7.9 7.5 2.5 2 0 3 4 4
2315.3 6822.8 -67.1 2 0 10.5 9.0 7.5 2.5 2 0 3 3 3
2286.1 6857.4 -65.3 183 0 8.8 14.6 7.5 2.5 4 1 3 4 4
2283.8 6846.4 -65.6 182 0 8.6 15.6 2.5 2.5 4 1 1 1 1
2282.1 6812.6 -66.9 180 0 11.6 11.5 7.5 2.5 2 0 3 5 5
2296.3 6784.6 -67.4 173 0 7.3 6.5 10.0 2.5 2 0 4 1 1
2315.5 6714.5 -69.2 347 0 10.2 12.0 5.0 2.5 2 1 2 0 0
2327.3 6721.1 -68.1 138 0 6.8 13.3 5.0 0.0 0 1 2 0 0
2335.2 6687.7 -70.2 310 0 8.8 14.7 7.5 2.5 4 1 3 2 2
2345.0 6691.2 -69.0 166 0 12.3 6.0 7.5 2.5 2 0 3 3 3
2373.7 6625.3 -71.6 173 0 12.1 7.4 10.0 0.0 0 0 4 5 5
2475.2 6592.2 -69.1 93 0 17.3 10.4 7.5 2.5 2 0 3 5 5
2612.8 6779.2 -46.7 181 0 8.1 11.1 5.0 2.5 2 1 2 4 4
2938.6 6801.0 -11.2 347 0 8.2 9.8 2.5 2.5 2 1 1 3 3
3049.0 6765.6 -25.2 75 0 12.7 9.1 5.0 2.5 2 0 2 4 4
3105.2 6770.3 -30.7 327 0 9.0 10.3 5.0 2.5 4 1 2 3 3
3081.7 6741.0 -35.2 238 0 11.9 8.5 5.0 2.5 2 0 2 1 1
3040.7 6649.1 -43.8 354 0 16.5 9.7 5.0 2.5 2 0 2 1 1
3166.6 6571.7 -68.2 3 0 12.3 14.4 7.5 2.5 2 1 3 3 3
3141.3 6606.3 -64.6 239 0 6.7 10.1 7.5 2.5 4 1 3 2 2
3214.4 6609.6 -68.8 5 0 14.4 8.6 10.0 2.5 4 0 4 1 1
3375.3 6846.2 -43.1 89 0 14.9 13.8 5.0 2.5 2 0 2 2 2
3494.0 6819.8 -53.2 278 0 7.6 6.6 2.5 2.5 4 0 1 1 1
3539.5 6467.1 -70.3 250 0 8.1 9.9 10.0 2.5 2 1 4 5 5
3500.7 6761.0 -63.5 1 0 8.2 12.7 10.0 2.5 2 1 4 0 0
3239.0 6882.0 -32.4 35 0 16.9 12.0 7.5 0.0 0 0 3 0 0
3144.9 6908.7 -19.9 263 0 16.9 11.3 5.0 0.0 0 0 2 5 5
3077.9 6737.8 -34.8 169 0 7.2 9.0 7.5 2.5 2 1 3 3 3
3031.9 6657.2 -43.6 268 0 9.3 16.0 2.5 2.5 2 1 1 4 4
3164.6 6572.0 -68.3 0 0 14.4 15.3 7.5 2.5 2 1 3 0 0
3784.9 6875.8 -64.4 41 0 19.3 13.8 12.5 2.5 2 0 5 1 1
3860.1 6889.4 -62.1 321 0 7.0 10.8 2.5 2.5 2 1 1 1 1
3820.1 6887.0 -62.9 270 0 7.8 9.5 7.5 0.0 0 1 3 0 0
3820.4 6867.2 -63.5 235 0 8.0 7.5 5.0 2.5 2 0 2 0 0
3804.4 6879.2 -63.4 219 0 10.2 7.6 7.5 2.5 2 0 3 4 4
2278.0 6912.9 -60.8 206 0 11.9 6.4 5.0 0.0 0 0 2 0 0
2295.6 6888.4 -64.2 182 0 10.1 8.2 5.0 2.5 2 0 2 3 3
2285.7 6876.4 -63.5 185 0 10.0 7.7 7.5 2.5 2 0 3 4 4
2174.5 6864.0 -56.0 270 0 13.4 17.5 5.0 2.5 2 1 2 5 5
1787.0 6665.6 19.0 90 0 10.2 7.3 10.0 2.5 2 0 4 5 5
-2539.3 -6632.4 -65.2 68 0 9.6 9.7 5.0 2.5 2 1 2 0 0
-2665.7 -6613.0 -52.3 244 0 15.5 12.0 5.0 2.5 2 0 2 1 1
-2670.5 -6733.4 -64.7 75 0 11.0 9.4 7.5 2.5 2 0 3 5 5
-2702.9 -6801.2 -70.1 94 0 13.5 18.6 7.5 2.5 2 1 3 0 0
-2705.1 -6878.9 -68.1 82 0 19.4 13.0 12.5 2.5 2 0 5 3 3
-2899.4 -6686.4 -65.1 355 0 11.0 17.0 2.5 2.5 2 1 1 3 3
-3025.0 -6682.9 -74.0 249 0 15.6 12.2 5.0 2.5 2 0 2 1 1
-3324.3 -6899.1 -77.7 162 0 11.4 8.2 7.5 2.5 2 0 3 4 4
-3353.2 -6839.8 -78.9 144 0 8.9 10.4 5.0 2.5 2 1 2 1 1
-3367.7 -6843.4 -76.7 333 0 11.0 12.0 7.5 2.5 2 1 3 0 0
-3408.5 -6745.7 -77.2 354 0 15.8 9.6 7.5 2.5 2 0 3 1 1
-3329.7 -6881.6 -78.1 165 0 11.4 7.5 7.5 2.5 2 0 3 4 4
-3416.3 -6570.6 -80.7 249 0 7.2 11.3 7.5 2.5 4 1 3 2 2
-3411.6 -6308.9 -82.1 345 0 10.8 15.0 7.5 2.5 2 1 3 1 1
-3422.5 -6263.0 -82.0 253 0 10.0 9.2 10.0 2.5 2 0 4 5 5
-3450.1 -6224.7 -83.1 346 0 11.5 13.8 5.0 2.5 4 1 2 4 4
-3458.5 -6183.6 -84.1 359 0 17.6 14.1 2.5 2.5 2 0 1 2 2
-3468.4 -6071.1 -79.7 344 0 11.8 12.4 2.5 2.5 2 1 1 4 4
-3454.6 -6125.7 -81.7 95 0 7.0 8.9 2.5 2.5 2 1 1 4 4
-3429.7 -6126.3 -81.7 190 0 11.8 13.9 10.0 2.5 2 1 4 5 5
-3548.2 -6002.3 -74.8 189 0 11.1 15.1 7.5 2.5 2 1 3 2 2
-3506.7 -5949.3 -78.2 43 0 17.3 14.8 10.0 2.5 2 0 4 1 1
-3497.9 -6001.4 -78.1 340 0 10.6 14.3 7.5 2.5 2 1 3 2 2
-3510.0 -5822.6 -79.9 329 0 14.6 9.2 7.5 2.5 4 0 3 1 1
-3502.1 -5769.9 -80.5 342 0 13.1 11.3 7.5 2.5 2 0 3 5 5
-3551.9 -5728.4 -80.0 230 0 9.7 15.4 5.0 2.5 2 1 2 4 4
-3667.9 -5321.3 -75.5 172 0 13.0 12.0 7.5 2.5 2 0 3 1 1
-3657.5 -5279.4 -75.2 165 0 15.9 11.2 5.0 2.5 2 0 2 3 3
-3567.7 -5326.3 -79.5 349 0 10.5 7.6 5.0 2.5 2 0 2 2 2
-3569.0 -5281.2 -77.9 352 0 25.3 11.1 10.0 2.5 2 0 4 2 2
-3551.5 -5381.6 -79.3 181 0 8.3 11.1 7.5 2.5 2 1 3 0 0
-3595.7 -5212.2 -76.4 137 0 11.6 8.8 7.5 0.0 0 0 3 4 4
-3627.9 -5220.5 -76.0 279 0 14.9 11.8 10.0 2.5 2 0 4 4 4
-3412.2 -5190.6 -74.0 119 0 8.1 11.1 10.0 2.5 2 1 4 5 5
-3352.0 -5071.5 -77.7 173 0 16.0 11.2 7.5 2.5 2 0 3 1 1
-2697.8 -4774.1 -57.6 259 0 9.0 18.3 10.0 2.5 2 1 4 5 5
-2615.3 -4805.0 -56.5 260 0 10.0 14.5 10.0 2.5 2 1 4 5 5
-2554.4 -4852.2 -42.2 345 0 12.4 9.4 5.0 2.5 2 0 2 3 3
-2589.0 -4752.6 -59.5 232 0 8.6 16.3 7.5 2.5 2 1 3 4 4
-2815.7 -5853.8 -44.5 104 0 14.3 11.7 2.5 2.5 2 0 1 3 3
-2941.3 -5794.0 -38.5 95 0 8.6 11.3 7.5 2.5 2 1 3 0 0
-2916.7 -5867.8 -55.7 65 0 10.2 15.1 7.5 2.5 2 1 3 2 2
-2993.5 -5906.1 -66.1 103 0 13.2 11.2 2.5 2.5 2 0 1 5 5
-3047.2 -5832.2 -57.7 275 0 11.0 15.5 7.5 2.5 4 1 3 5 5
-3112.0 -5866.8 -64.6 268 0 9.8 17.5 7.5 2.5 2 1 3 3 3
-2426.5 -5787.6 -25.4 42 0 15.6 10.6 7.5 2.5 2 0 3 4 4
-2720.8 -6724.6 -67.8 167 0 13.9 10.4 5.0 2.5 2 0 2 2 2
-2684.6 -6685.3 -60.9 11 0 8.5 10.6 7.5 2.5 2 1 3 5 5
-2659.2 -6644.4 -55.8 13 0 12.1 14.2 7.5 2.5 2 1 3 3 3
-2994.6 -6504.8 -68.9 65 0 11.1 14.8 7.5 2.5 2 1 3 3 3
-3077.7 -6351.4 -73.3 64 0 11.9 10.1 5.0 2.5 2 0 2 1 1
-3081.9 -6107.7 -65.0 236 0 14.5 20.8 10.0 2.5 2 1 4 2 2
-3263.0 -6215.4 -79.7 285 0 12.5 13.1 2.5 2.5 2 1 1 3 3
-3281.1 -6193.8 -81.0 75 0 11.5 11.0 7.5 2.5 2 0 3 1 1
-3279.9 -6213.0 -80.7 276 0 12.6 10.8 10.0 2.5 2 0 4 4 4
-3256.4 -6240.0 -79.4 334 0 12.2 12.8 2.5 2.5 2 1 1 3 3
-3248.7 -6263.4 -78.9 333 0 8.9 15.6 7.5 2.5 2 1 3 1 1
-3245.2 -6252.1 -79.0 340 0 13.7 15.1 5.0 2.5 2 1 2 1 1
-3236.5 -6287.4 -78.0 359 0 10.4 12.9 2.5 2.5 2 1 1 2 2
-3254.9 -6354.2 -78.0 11 0 18.8 10.9 7.5 2.5 2 0 3 5 5
-3239.8 -6351.4 -78.7 235 0 8.4 18.2 5.0 2.5 2 1 2 1 1
-3249.5 -6374.0 -78.4 196 0 9.3 12.0 7.5 2.5 2 1 3 3 3
-3201.7 -6293.8 -76.5 167 0 15.8 13.3 5.0 0.0 0 0 2 0 0
-3178.1 -6256.7 -73.6 250 0 11.2 8.7 5.0 2.5 2 0 2 4 4
-3137.0 -6358.3 -75.9 115 0 13.5 15.9 5.0 2.5 2 1 2 3 3
-3269.2 -6399.5 -78.1 4 0 13.8 12.7 7.5 2.5 2 0 3 3 3
-3158.5 -6303.1 -75.3 72 0 9.0 10.2 7.5 2.5 2 1 3 4 4
-3123.3 -6285.8 -72.2 284 0 12.6 7.3 5.0 2.5 2 0 2 4 4
-3142.7 -6161.2 -69.5 178 0 11.7 12.3 10.0 2.5 2 1 4 1 1
-3074.5 -6308.8 -71.5 347 0 13.1 14.4 2.5 2.5 2 1 1 3 3
-3073.6 -6282.2 -68.3 242 0 7.3 12.7 10.0 0.0 0 1 4 1 1
-3229.9 -6240.4 -77.4 94 0 6.5 27.9 5.0 2.5 2 1 2 2 2
-3251.8 -6200.3 -79.4 16 0 7.6 11.4 10.0 2.5 2 1 4 1 1
-3134.6 -6786.0 -80.5 155 0 13.6 8.8 5.0 2.5 2 0 2 2 2
-3089.7 -6766.0 -80.1 74 0 11.2 11.5 7.5 2.5 2 1 3 5 5
-3058.0 -6758.4 -79.7 64 0 15.6 12.5 7.5 2.5 2 0 3 0 0
-3139.4 -6633.7 -73.5 247 0 12.2 20.0 2.5 2.5 2 1 1 3 3
-3180.5 -6635.8 -77.0 255 0 17.1 13.5 7.5 2.5 2 0 3 2 2
-3134.0 -6703.2 -76.6 156 0 7.8 12.9 2.5 2.5 2 1 1 0 0
-3079.1 -6672.0 -73.2 331 0 12.2 11.3 10.0 2.5 2 0 4 4 4
-3085.3 -6743.0 -79.3 69 0 10.7 8.8 5.0 2.5 2 0 2 5 5
-3174.9 -6705.6 -80.1 81 0 8.5 15.5 2.5 2.5 2 1 1 1 1
-3169.8 -6669.3 -77.1 170 0 13.2 9.7 5.0 2.5 2 0 2 0 0
-3097.3 -6553.3 -79.9 339 0 8.4 20.8 5.0 2.5 2 1 2 2 2
-3114.6 -6521.6 -81.4 250 0 11.3 17.5 5.0 2.5 2 1 2 3 3
4739.4 -4605.3 24.8 341 0 125.2 90.6 12.5 0.0 0 0 5 5 5
3054.2 6307.8 -69.2 311 0 6.3 9.3 10.0 2.5 2 1 4 4 4
2997.9 6526.8 -73.4 270 0 10.0 15.1 10.0 2.5 2 1 4 4 4
1685.0 6568.4 20.0 130 0 6.4 9.3 10.0 2.5 4 1 4 0 0
-1725.6 2773.5 -72.2 87 0 8.4 8.7 2.5 2.5 2 1 1 0 0
-1771.4 2777.1 -73.2 170 0 10.5 11.9 5.0 2.5 2 1 2 1 1
