-1411.4 3309.5 -18.6 328 0 143.6 233.5 12.5 0.0 0 0 5 1 1
6752.2 -5401.1 10.4 351 0 16.3 37.7 10.5 3.5 2 1 3 5 5
-6735.7 137.0 -4.9 356 0 12.5 13.6 2.5 2.5 2 0 1 0 0
-5436.2 -1190.3 11.7 222 0 9.6 8.1 7.5 2.5 2 0 3 2 2
-5421.5 -1209.1 12.1 52 0 6.6 8.8 5.0 2.5 2 1 2 4 4
-6649.5 -1007.1 12.8 308 0 12.8 12.7 7.5 2.5 2 0 3 5 5
-6769.6 -791.7 4.7 274 0 8.9 14.9 10.0 2.5 2 1 4 5 5
-6811.4 -451.3 -0.7 355 0 13.1 15.3 7.5 2.5 2 1 3 4 4
-6602.4 -736.6 1.5 342 0 9.4 11.9 7.5 2.5 2 1 3 2 2
-6735.4 81.0 -6.4 357 0 9.3 20.5 7.5 2.5 2 1 3 0 0
-6801.0 -111.3 -5.4 162 0 9.2 19.0 5.0 2.5 2 1 2 1 1
-6792.1 15.5 -3.3 0 0 9.6 13.8 5.0 2.5 2 1 2 5 5
-3093.4 4959.7 -44.0 314 0 6.2 38.4 10.0 2.5 2 1 4 2 2
2799.6 4641.0 -16.5 138 0 38.8 61.4 12.5 0.0 0 1 5 1 1
2781.0 4718.7 -17.2 207 0 8.9 32.0 10.0 2.5 2 1 4 1 1
2978.8 4480.3 -15.4 138 0 32.0 39.9 10.0 2.5 2 1 4 1 1
3048.6 4443.8 -16.5 52 0 29.6 36.7 10.0 0.0 0 1 4 0 0
3100.1 4537.0 -15.5 318 0 11.8 58.2 15.0 2.5 2 1 6 0 0
2700.3 4801.7 -14.5 228 0 16.9 52.0 5.0 0.0 0 1 2 1 1
2740.9 4729.0 -16.9 139 0 11.6 45.7 12.5 2.5 2 1 5 3 3
2762.3 4712.5 -17.4 229 0 16.7 47.8 10.0 2.5 2 1 4 4 4
2752.7 4679.8 -17.6 226 0 15.5 32.2 10.0 2.5 2 1 4 0 0
2926.0 4546.1 -15.0 144 0 38.0 41.0 12.5 0.0 0 1 5 3 3
2890.1 4577.1 -14.8 142 0 26.9 32.0 7.5 0.0 0 1 3 3 3
-964.3 3780.6 -24.7 304 0 69.0 13.7 7.5 2.5 2 0 3 5 5
-973.5 3725.1 -22.4 34 0 31.4 58.7 2.5 0.0 0 1 1 4 4
-985.4 3682.5 -19.3 33 0 14.0 74.4 12.5 2.5 2 1 5 1 1
2092.7 5884.2 -34.2 270 0 13.0 210.1 10.0 0.0 0 1 4 5 5
2189.1 6103.0 -29.5 271 0 14.7 59.4 12.5 2.5 2 1 5 5 5
2241.4 5860.9 -29.8 90 0 14.2 209.5 12.5 0.0 0 1 5 3 3
3019.8 4036.0 -14.1 102 0 28.9 119.0 12.5 0.0 0 1 5 3 3
-2154.1 4904.4 -30.9 43 0 6.9 28.3 10.5 3.5 2 1 3 3 3
-1584.4 4451.0 -25.7 11 0 20.7 12.8 7.5 2.5 2 0 3 1 1
-1603.8 4402.5 -25.4 98 0 10.0 38.6 10.0 2.5 2 1 4 1 1
3638.6 -5374.2 35.1 93 0 11.1 19.4 2.5 2.5 2 1 1 5 5
3673.9 -5322.4 38.1 87 0 7.2 9.1 2.5 2.5 2 1 1 5 5
-1201.2 3863.1 -20.1 216 0 30.3 20.4 10.0 0.0 0 0 4 0 0
-1520.3 3189.4 -16.4 66 0 12.4 36.5 12.5 0.0 0 1 5 0 0
-1557.7 3262.1 -14.7 245 0 14.0 37.6 10.0 2.5 2 1 4 3 3
-1543.0 3269.0 -14.5 245 0 12.4 35.4 10.0 2.5 2 1 4 1 1
-1494.0 3200.7 -16.1 66 0 20.1 38.0 12.5 2.5 2 1 5 1 1
-1525.3 3278.8 -14.4 245 0 9.3 39.3 10.0 2.5 2 1 4 5 5
-1474.8 3215.9 -15.5 65 0 14.3 32.2 10.0 2.5 2 1 4 4 4
-1459.5 3221.6 -15.2 68 0 12.9 33.1 12.5 2.5 2 1 5 3 3
-1476.6 3277.5 -14.0 336 0 32.9 12.7 15.0 0.0 0 0 6 0 0
-1492.1 3269.9 -14.2 336 0 33.4 12.5 10.0 2.5 4 0 4 4 4
-1427.2 3220.9 -15.4 63 0 15.2 34.0 10.0 2.5 2 1 4 1 1
-1445.7 3279.8 -14.3 337 0 48.9 17.4 12.5 2.5 4 0 5 0 0
-1429.0 3317.1 -13.3 342 0 9.3 21.4 7.5 2.5 2 1 3 3 3
-1435.6 3337.2 -13.7 330 0 12.4 18.4 2.5 2.5 2 1 1 1 1
-1487.6 3436.5 -14.9 339 0 11.1 22.8 7.5 2.5 2 1 3 3 3
-1527.1 3560.6 -12.9 258 0 22.3 18.6 10.0 2.5 4 0 4 5 5
-325.7 3047.3 -24.0 136 0 9.5 16.6 2.5 0.0 0 1 1 4 4
-398.8 2955.8 -19.0 186 0 8.7 44.1 10.0 2.5 2 1 4 4 4
-512.1 2874.6 -15.4 121 0 8.7 17.4 5.0 2.5 2 1 2 4 4
-515.2 3013.8 -18.5 19 0 18.2 18.5 10.0 2.5 2 1 4 2 2
-479.7 2863.9 -15.8 86 0 8.8 19.8 7.5 2.5 2 1 3 3 3
-966.2 3165.6 -26.5 220 0 15.7 27.2 15.0 0.0 0 1 6 4 4
-3239.1 3296.9 -25.1 254 0 8.0 12.4 5.0 2.5 2 1 2 5 5
-3270.7 3287.1 -25.1 254 0 16.5 20.8 12.5 0.0 0 1 5 4 4
-3288.9 3234.6 -22.7 137 0 12.6 21.1 12.5 2.5 2 1 5 3 3
-3249.6 3135.0 -19.6 322 0 6.0 21.9 7.5 2.5 4 1 3 4 4
-3270.8 3182.8 -20.3 163 0 8.0 14.6 2.5 2.5 2 1 1 3 3
-3216.7 3245.4 -21.7 245 0 10.6 21.7 5.0 0.0 0 1 2 1 1
-3212.9 3148.0 -19.3 97 0 12.8 12.3 5.0 2.5 2 0 2 5 5
-3192.4 3148.8 -19.1 86 0 8.0 11.2 7.5 2.5 2 1 3 3 3
-3160.9 3162.2 -20.3 356 0 18.6 12.7 2.5 2.5 2 0 1 3 3
-3202.5 3263.2 -23.2 252 0 9.9 13.0 2.5 0.0 0 1 1 2 2
-3167.2 3201.6 -21.2 321 0 8.8 17.5 5.0 2.5 2 1 2 1 1
-3149.9 3228.5 -23.2 62 0 8.7 9.8 5.0 2.5 2 1 2 5 5
-3150.0 3272.8 -24.5 320 0 17.4 6.5 10.0 2.5 2 0 4 2 2
