-4288.8 -3429.1 -4.3 66 0 6.6 15.1 7.0 2.5 2 1 2 0 0
-2999.5 3310.0 -4.1 341 1 15.1 11.3 14.0 3.5 2 0 4 2 2
-3075.6 3389.4 -1.6 70 0 11.2 13.8 14.0 3.5 2 0 4 2 2
-3238.4 3382.5 -8.1 252 0 30.8 19.5 14.0 0.0 0 0 4 0 0
-3155.8 3376.9 -4.4 149 0 12.3 21.9 14.0 0.0 0 1 4 2 2
-3180.1 3338.0 -5.9 64 0 19.0 20.8 14.0 3.5 2 0 4 2 2
-3177.5 3388.7 -5.8 334 0 11.1 11.1 14.0 3.5 2 1 4 4 4
-3054.5 3383.1 -2.1 251 0 6.4 22.7 14.0 3.5 2 0 4 0 0
-3063.6 3368.4 -2.4 250 0 9.7 10.5 14.0 3.5 2 0 4 5 5
-3086.8 3347.5 -3.7 242 0 16.4 19.2 14.0 3.5 2 0 4 3 3
-3107.4 3311.6 -4.3 132 0 12.9 18.6 14.0 3.5 2 0 4 5 5
-3091.6 3299.7 -4.7 136 0 9.9 13.5 14.0 3.5 2 0 4 3 3
-3000.9 3356.7 -2.0 163 1 12.8 13.1 14.0 3.5 2 0 4 3 3
-3005.8 3325.8 -3.5 337 1 10.5 12.0 14.0 0.0 0 0 4 3 3
-3033.3 3413.4 -2.8 160 0 13.0 17.6 14.0 3.5 2 1 4 2 2
-3055.8 3447.2 -5.3 345 0 11.1 10.2 14.0 3.5 2 0 4 2 2
-3213.0 3391.5 -7.1 242 0 12.0 16.4 14.0 3.5 2 1 4 4 4
-3189.3 3376.1 -6.4 330 1 10.5 13.8 14.0 3.5 2 1 4 3 3
-3088.4 3258.9 -6.4 39 0 8.9 26.3 14.0 3.5 2 1 4 4 4
-3113.8 3241.8 -6.9 40 0 30.9 9.4 14.0 3.5 2 0 4 2 2
-3128.3 3206.1 -9.2 41 0 28.8 9.3 14.0 3.5 2 0 4 0 0
-3135.7 3214.9 -8.2 42 0 30.8 8.8 14.0 3.5 2 0 4 1 1
-3141.2 3226.3 -7.2 43 0 29.0 8.1 14.0 3.5 2 0 4 3 3
-3202.5 3274.3 -6.2 228 0 19.8 36.1 14.0 0.0 0 1 4 3 3
-3172.8 3293.8 -6.2 237 0 6.5 28.3 14.0 0.0 0 1 4 2 2
-3294.6 3230.9 -6.9 66 0 10.0 14.5 14.0 3.5 2 1 4 1 1
-3290.9 3256.3 -6.9 339 0 6.7 6.6 14.0 3.5 2 0 4 4 4
-3310.6 3278.8 -7.7 340 0 34.5 11.2 14.0 3.5 2 0 4 4 4
-3332.9 3314.6 -8.0 246 0 10.0 17.7 14.0 0.0 0 1 4 1 1
-2616.7 3402.7 -3.7 3 0 21.6 16.8 10.0 2.5 2 0 4 4 4
-2991.2 3409.6 -2.7 80 1 13.3 12.2 14.0 3.5 2 0 4 3 3
-6027.9 -5285.0 -6.6 326 0 31.9 8.5 12.5 2.5 2 0 5 3 3
-6047.9 -5284.6 -6.3 238 0 8.4 24.5 7.5 2.5 2 1 3 2 2
-6082.8 -5300.9 -4.8 32 0 9.3 15.1 2.5 2.5 2 1 1 5 5
-6074.3 -5288.1 -4.7 27 0 9.2 15.4 5.0 2.5 2 1 2 5 5
-6009.5 -5230.1 -7.1 273 0 19.7 9.8 7.5 2.5 4 0 3 5 5
-6022.3 -5220.7 -7.6 60 0 15.3 12.6 7.5 2.5 2 0 3 3 3
-6042.6 -5196.8 -8.3 104 0 7.8 12.7 5.0 0.0 0 1 2 5 5
-5977.0 -5381.7 -8.6 51 0 8.0 27.9 12.5 0.0 0 1 5 2 2
5256.1 -5649.8 -16.4 42 0 9.4 12.8 5.0 2.5 2 1 2 5 5
-4241.7 5174.1 -5.2 313 0 13.6 11.1 7.5 2.5 2 0 3 4 4
6228.6 -952.6 -0.2 280 0 18.4 65.6 12.5 0.0 0 1 5 0 0
5777.8 -918.2 -9.0 284 0 11.8 26.6 10.0 2.5 2 1 4 0 0
-3749.4 -6397.5 2.5 181 0 36.8 16.8 10.5 0.0 0 0 3 0 0
-3752.4 -6443.0 4.1 181 0 26.8 15.9 10.5 3.5 2 0 3 0 0
-3755.9 -6619.3 1.0 6 0 11.0 27.2 10.5 3.5 2 0 3 5 5
-3790.4 -6657.4 1.2 85 0 8.6 24.2 10.5 3.5 2 0 3 0 0
-3800.8 -6683.1 0.8 84 0 8.1 31.6 10.5 3.5 2 0 3 4 4
-3815.1 -6592.0 2.1 257 0 11.3 25.5 10.5 3.5 2 0 3 3 3
-3838.2 -6595.2 2.5 255 0 29.8 10.8 10.5 3.5 2 0 3 0 0
-3826.7 -6605.3 2.2 256 0 12.0 17.2 10.5 3.5 2 0 3 3 3
-3784.0 -6621.7 1.4 8 0 7.9 13.9 10.5 3.5 2 0 3 5 5
-3823.9 -6674.8 1.0 87 0 15.5 30.2 10.5 3.5 2 0 3 4 4
-3829.3 -6629.8 1.8 258 0 23.6 8.7 10.5 3.5 2 0 3 4 4
-3853.9 -6684.3 0.7 79 0 22.3 8.1 10.5 3.5 2 0 3 0 0
-3861.1 -6636.6 1.2 257 0 7.7 22.6 10.5 3.5 2 0 3 5 5
-3867.8 -6615.0 1.6 257 0 11.4 20.7 10.5 3.5 2 0 3 3 3
-3846.6 -6614.6 2.1 261 0 14.6 9.0 10.5 3.5 2 0 3 4 4
-3836.3 -6622.8 2.0 260 0 10.2 6.7 10.5 3.5 2 0 3 4 4
-3879.9 -6614.1 1.6 257 0 8.9 25.7 10.5 3.5 2 0 3 0 0
-3871.7 -6640.8 1.4 256 0 8.2 11.1 10.5 3.5 2 0 3 5 5
1566.6 -5991.3 -8.8 56 0 9.3 27.3 10.0 2.5 2 1 4 2 2
1558.6 -5998.9 -9.0 56 0 7.5 30.8 7.0 2.5 2 1 2 3 3
1546.5 -6003.5 -9.0 56 0 8.2 30.6 10.0 2.5 4 1 4 1 1
1535.0 -6018.1 -9.6 53 0 7.8 26.2 3.5 2.5 2 1 1 1 1
1516.2 -5954.2 -7.5 246 0 9.2 24.2 10.5 2.5 4 1 3 3 3
1494.7 -5977.2 -7.7 155 0 27.0 9.0 7.0 2.5 2 0 2 4 4
1524.5 -6036.0 -10.5 54 0 6.9 28.1 3.5 2.5 2 1 1 3 3
1504.4 -5958.1 -6.5 243 0 9.5 8.2 10.5 2.5 4 0 3 0 0
-2961.4 3453.4 -5.0 270 1 11.6 16.2 14.0 3.5 2 1 4 1 1
-3260.4 3206.4 -7.5 314 0 12.9 12.4 14.0 3.5 2 0 4 3 3
-3271.8 3218.6 -6.7 318 0 14.6 9.9 14.0 3.5 2 0 4 0 0
-3290.4 3219.3 -6.8 245 0 8.0 7.8 14.0 0.0 0 0 4 2 2
-3289.9 3308.8 -7.6 158 0 16.1 10.7 14.0 3.5 2 0 4 3 3
-2928.1 3383.8 -1.7 244 0 10.2 15.5 14.0 0.0 0 1 4 3 3
-2903.8 3485.9 -8.3 88 0 11.7 9.6 5.0 2.5 4 0 2 5 5
-2891.9 3467.3 -6.5 270 1 11.8 10.6 14.0 3.5 2 0 4 5 5
-2944.5 3478.2 -7.4 75 0 6.2 10.2 7.5 2.5 2 1 3 5 5
-2980.6 3444.8 -4.3 257 1 13.7 17.8 14.0 3.5 2 1 4 3 3
-2850.5 3391.2 -1.9 111 0 14.4 11.2 10.5 2.5 2 0 3 0 0
-2827.9 3502.0 -7.9 232 0 9.2 11.8 5.0 2.5 4 1 2 2 2
-2813.5 3386.0 -1.7 82 0 9.0 29.6 10.0 2.5 2 1 4 1 1
-2896.2 3319.9 -0.3 157 1 13.9 13.6 14.0 3.5 2 0 4 4 4
-2886.4 3376.8 -0.7 279 1 19.5 11.0 14.0 3.5 2 0 4 2 2
-2849.5 3365.0 -0.8 284 0 15.8 17.1 14.0 3.5 2 1 4 2 2
-2823.2 3354.5 -1.3 14 1 12.3 13.6 14.0 0.0 0 1 4 5 5
-2827.4 3340.4 -0.1 346 0 10.2 21.3 14.0 3.5 2 1 4 2 2
-2781.7 3384.6 -1.0 92 0 10.8 16.4 5.0 2.5 2 1 2 2 2
-2698.3 3390.1 -1.4 6 0 12.1 13.5 5.0 2.5 2 1 2 3 3
-2732.2 3380.2 -1.2 96 0 11.7 24.0 7.5 2.5 2 1 3 5 5
-2683.6 3475.0 -2.0 356 0 11.1 40.0 12.5 2.5 2 1 5 1 1
-2651.7 3506.6 -1.6 243 0 14.7 10.2 5.0 2.5 2 0 2 0 0
-2658.2 3375.5 -2.9 91 0 17.8 12.7 7.5 2.5 2 0 3 3 3
-2670.1 3519.7 -2.1 334 0 8.3 11.5 5.0 2.5 4 1 2 0 0
-2465.2 3581.0 -5.0 351 0 11.2 16.5 7.5 2.5 2 1 3 0 0
-2464.9 3455.1 -9.5 355 0 17.0 10.2 7.5 2.5 2 0 3 0 0
-2552.8 3508.4 -4.2 251 0 8.0 13.5 5.0 2.5 2 1 2 1 1
-3296.2 3508.8 -8.9 71 0 12.4 7.3 7.5 2.5 2 0 3 2 2
-3325.9 3469.9 -10.4 250 0 18.5 11.8 10.5 3.5 4 0 3 4 4
-3328.9 3484.2 -10.3 248 0 15.4 10.6 10.5 3.5 2 0 3 5 5
-3351.5 3473.7 -11.9 247 0 21.3 10.5 10.5 3.5 4 0 3 4 4
-3353.5 3436.7 -11.2 156 0 12.8 16.8 10.5 3.5 2 1 3 2 2
-3347.4 3524.0 -10.5 186 0 14.3 6.1 5.0 2.5 2 0 2 2 2
-3339.1 3526.6 -9.9 183 0 11.4 10.4 7.5 2.5 2 0 3 1 1
-3227.1 3650.7 2.6 91 0 14.9 32.6 15.0 0.0 0 1 6 4 4
-3261.4 3696.9 2.2 267 0 15.9 15.5 7.5 2.5 2 0 3 3 3
-3239.8 3683.4 2.7 271 0 11.4 26.0 12.5 2.5 2 1 5 1 1
-3257.4 3676.0 2.0 270 0 17.8 18.0 10.0 2.5 2 1 4 4 4
-3275.6 3622.5 -0.1 87 0 22.9 20.2 10.0 2.5 2 0 4 3 3
-3291.4 3666.4 0.9 180 0 18.3 10.1 5.0 0.0 0 0 2 1 1
-3294.9 3587.5 -2.9 6 0 10.2 19.9 5.0 2.5 2 1 2 4 4
-3301.9 3599.0 -2.1 10 0 7.3 12.9 5.0 0.0 0 1 2 5 5
-3293.0 3746.8 -1.3 91 0 17.6 20.3 12.5 2.5 2 1 5 3 3
-3285.6 3796.9 -2.5 358 0 9.4 13.4 7.5 2.5 2 1 3 0 0
-3298.6 3817.1 -3.5 178 0 8.7 11.2 7.5 2.5 2 1 3 4 4
-3377.6 3617.5 -9.7 312 0 19.3 8.3 10.0 2.5 2 0 4 3 3
-3402.9 3596.3 -12.8 112 0 11.0 9.1 7.5 2.5 2 0 3 1 1
-3409.6 3679.8 -8.5 129 0 8.6 14.0 5.0 2.5 2 1 2 5 5
-3467.5 3611.9 -11.3 117 0 14.0 15.0 5.0 2.5 2 1 2 3 3
-3391.7 3644.5 -9.6 351 0 8.5 15.1 7.5 2.5 2 1 3 5 5
-3223.2 3198.3 -7.0 129 0 19.1 7.0 14.0 3.5 2 0 4 1 1
-3254.5 3229.4 -5.3 133 0 9.0 12.0 14.0 3.5 2 1 4 3 3
-3244.1 3251.6 -5.1 231 0 10.7 8.1 14.0 3.5 2 0 4 2 2
-3225.9 3250.7 -4.6 225 0 6.9 10.2 14.0 3.5 2 1 4 4 4
-3234.7 3261.8 -4.9 225 0 7.4 10.5 14.0 3.5 2 1 4 1 1
-3245.4 3212.5 -6.1 131 0 22.6 10.7 14.0 3.5 2 0 4 3 3
-3158.7 3163.3 -11.2 35 0 14.4 10.9 14.0 3.5 2 0 4 1 1
-3202.3 3181.7 -9.1 128 0 23.1 13.2 14.0 3.5 2 0 4 0 0
-3185.2 3168.9 -10.0 127 0 8.8 18.9 14.0 3.5 2 1 4 5 5
-3207.3 3145.8 -11.6 131 0 10.8 15.8 14.0 3.5 4 1 4 1 1
-3190.1 3142.3 -11.9 83 0 6.6 10.3 14.0 3.5 2 1 4 4 4
-3207.6 3165.8 -10.9 310 0 8.4 20.8 14.0 3.5 2 1 4 0 0
-3229.5 3182.1 -9.4 309 0 11.8 18.1 14.0 3.5 2 1 4 5 5
-3219.0 3174.0 -9.8 310 0 8.8 14.9 14.0 3.5 2 1 4 4 4
-3239.0 3127.7 -11.9 284 0 40.5 7.4 14.0 3.5 2 0 4 3 3
-3250.2 3162.4 -9.9 130 0 10.0 6.8 14.0 3.5 2 0 4 5 5
-3076.8 3233.8 -8.7 224 0 17.7 14.3 14.0 3.5 2 0 4 2 2
-3089.1 3220.7 -9.4 225 1 14.2 12.1 14.0 3.5 4 0 4 4 4
-3051.7 3265.6 -6.2 153 0 8.4 6.1 14.0 3.5 2 0 4 1 1
-3140.7 3133.6 -13.7 139 0 15.3 18.1 14.0 3.5 2 1 4 2 2
-3087.2 3010.1 -10.2 161 0 13.7 11.8 14.0 3.5 2 0 4 1 1
-3081.6 2990.1 -9.4 165 0 18.9 12.2 14.0 3.5 2 0 4 0 0
-3036.4 2943.4 -7.0 72 0 8.4 36.0 14.0 3.5 2 1 4 0 0
-3042.3 2990.9 -7.0 155 0 13.6 28.1 14.0 3.5 2 1 4 0 0
-3001.1 2964.2 -5.4 63 0 10.5 24.7 14.0 3.5 4 1 4 3 3
-3029.0 2883.0 -6.0 158 0 31.3 36.0 12.5 2.5 2 1 5 0 0
-2983.2 2850.8 -5.5 74 0 36.8 10.7 10.0 2.5 2 0 4 5 5
-2953.9 2862.1 -4.2 75 0 22.0 6.9 10.5 2.5 2 0 3 4 4
-2924.7 2871.4 -5.1 77 0 9.4 29.8 7.5 2.5 2 1 3 1 1
-2944.0 2951.0 -6.2 256 0 10.9 32.0 7.5 2.5 2 1 3 0 0
-3031.1 2923.4 -6.0 255 0 26.7 8.9 7.0 2.5 2 0 2 4 4
-3001.5 2932.5 -5.8 255 0 30.0 10.8 7.5 2.5 2 0 3 5 5
-2969.8 2943.1 -6.3 254 0 29.5 9.9 10.0 2.5 2 0 4 4 4
-2905.6 2877.8 -5.6 75 0 8.6 37.2 12.5 2.5 2 1 5 0 0
-2926.7 2955.2 -6.1 255 0 8.6 33.6 10.0 2.5 2 1 4 4 4
-2929.3 2905.9 -5.6 74 0 14.2 11.3 10.5 2.5 2 0 3 3 3
-3083.6 2867.9 -6.1 344 0 10.9 29.2 14.0 3.5 2 1 4 0 0
-3095.1 2829.2 -5.7 74 0 8.1 28.6 14.0 0.0 0 1 4 5 5
-3113.3 2819.5 -5.6 69 0 8.3 31.3 14.0 3.5 2 1 4 5 5
-3087.9 2797.0 -6.1 52 0 8.7 29.9 14.0 3.5 2 1 4 1 1
-3000.3 2947.1 -6.0 71 0 18.9 9.7 14.0 3.5 2 0 4 3 3
-3023.6 2941.0 -5.9 72 0 14.4 8.3 14.0 0.0 0 0 4 5 5
-3000.9 3040.1 -6.1 315 0 11.5 20.8 14.0 3.5 2 1 4 5 5
-2990.8 3013.9 -5.0 333 0 16.9 13.0 14.0 3.5 2 0 4 2 2
-3103.4 3009.9 -10.7 343 0 8.2 6.2 14.0 3.5 4 0 4 1 1
-3190.5 2961.3 -9.1 73 1 11.1 17.3 14.0 3.5 2 1 4 1 1
-3174.9 2980.9 -9.9 80 0 10.5 19.9 14.0 3.5 2 1 4 5 5
-3151.9 2946.7 -8.5 174 0 21.5 15.8 14.0 3.5 2 0 4 1 1
-3081.5 2945.6 -7.5 350 0 7.7 12.7 14.0 3.5 2 1 4 2 2
-3130.4 2978.7 -9.2 263 0 7.3 21.0 14.0 3.5 2 1 4 1 1
-3121.2 2935.4 -8.1 81 0 18.5 13.1 14.0 3.5 2 0 4 4 4
-3113.2 2915.9 -6.8 262 0 10.5 12.6 14.0 3.5 2 1 4 1 1
-3162.0 2904.9 -6.8 0 0 11.5 18.2 14.0 3.5 2 1 4 5 5
-3144.2 2915.7 -7.0 270 0 12.0 13.0 14.0 3.5 4 1 4 3 3
-3227.9 2916.8 -9.2 167 0 11.5 21.1 14.0 3.5 2 1 4 2 2
-3212.6 2880.2 -9.4 171 0 12.0 18.6 14.0 3.5 2 1 4 5 5
-3163.5 2856.6 -7.0 95 0 6.8 24.6 14.0 0.0 0 1 4 0 0
-3018.0 2744.5 -5.5 335 0 15.5 13.2 14.0 2.5 2 0 4 2 2
-3025.1 2644.4 -4.8 71 0 18.1 21.6 10.0 2.5 2 1 4 0 0
-2990.2 3279.8 -5.7 332 0 9.8 19.7 14.0 0.0 0 1 4 1 1
-2993.5 3246.9 -6.0 38 0 7.4 12.0 14.0 3.5 2 1 4 5 5
-2976.8 3242.5 -4.7 129 0 8.3 8.9 14.0 0.0 0 1 4 0 0
-2984.9 3249.7 -5.1 126 0 8.2 8.0 14.0 3.5 2 0 4 5 5
-2992.4 3255.2 -5.5 127 0 7.3 8.3 14.0 3.5 2 1 4 4 4
-2970.4 3263.0 -4.8 27 0 10.2 10.4 14.0 3.5 4 1 4 0 0
-2967.9 3172.3 -4.6 209 0 14.4 13.9 14.0 3.5 2 0 4 0 0
-2970.0 3113.3 -6.5 331 0 8.3 20.3 14.0 3.5 2 1 4 3 3
-4553.9 2971.0 -1.2 259 0 17.0 16.4 14.0 3.5 2 0 4 4 4
-4526.1 2962.2 0.0 348 0 11.4 12.8 14.0 3.5 2 1 4 0 0
-4526.0 2916.5 1.8 263 0 15.0 10.5 14.0 3.5 2 0 4 0 0
-4523.9 2926.0 1.6 347 0 10.2 10.3 14.0 0.0 0 1 4 1 1
-3066.8 3466.6 -7.8 345 0 14.2 15.3 14.0 3.5 2 1 4 2 2
5229.6 -555.8 -3.8 197 0 12.5 20.3 12.5 2.5 2 1 5 2 2
5240.8 -512.9 -1.9 199 0 10.3 22.6 7.5 2.5 2 1 3 1 1
5263.2 -437.6 3.6 110 0 16.7 9.4 5.0 2.5 2 0 2 0 0
-3395.6 3214.5 -10.1 43 0 8.0 14.8 10.5 0.0 0 1 3 0 0
-3409.2 3203.8 -10.2 41 0 18.4 22.2 10.5 3.5 2 1 3 3 3
-3420.4 3181.8 -10.2 43 0 14.0 15.2 10.5 3.5 4 1 3 2 2
-3324.4 3154.3 -8.7 332 0 12.2 24.0 14.0 3.5 2 1 4 1 1
5198.9 -325.4 5.1 85 0 15.8 11.3 2.5 2.5 2 0 1 3 3
5292.5 -275.3 4.4 12 0 12.2 18.3 5.0 2.5 2 1 2 0 0
5322.0 -237.0 6.9 355 0 9.0 13.2 7.5 2.5 4 1 3 3 3
5316.8 -232.8 7.6 87 0 9.7 17.3 5.0 2.5 2 1 2 0 0
5336.6 -187.5 10.4 174 0 14.8 19.0 7.5 2.5 2 1 3 3 3
5402.7 -169.6 8.0 76 0 7.6 9.3 7.5 2.5 2 1 3 0 0
-3395.0 3185.4 -9.6 247 0 12.6 11.6 14.0 3.5 2 0 4 3 3
-3410.9 3165.6 -9.9 218 0 12.2 26.3 14.0 3.5 2 1 4 5 5
-3429.7 3168.5 -10.2 35 0 8.0 6.2 10.5 3.5 2 0 3 0 0
-3443.0 3156.7 -10.3 34 0 12.1 8.9 10.5 3.5 2 0 3 1 1
-3456.0 3149.9 -10.5 26 0 10.5 12.4 10.5 3.5 2 1 3 5 5
-3480.3 3075.5 -11.3 31 0 16.0 22.8 10.5 3.5 2 1 3 3 3
6891.4 -771.0 -3.9 291 0 18.5 10.9 7.5 2.5 2 0 3 3 3
6909.5 -753.6 -1.0 13 0 12.9 16.0 5.0 0.0 0 1 2 2 2
6911.9 -788.9 -4.6 186 0 9.5 10.8 7.5 2.5 2 1 3 5 5
6910.2 -803.5 -6.2 196 0 7.0 9.9 7.5 2.5 4 1 3 3 3
6854.0 -725.2 -1.6 52 0 13.6 13.7 5.0 2.5 2 1 2 1 1
-3469.3 3108.7 -11.1 29 0 8.9 9.0 10.5 3.5 4 1 3 1 1
-3717.7 2886.5 -9.7 85 0 17.1 10.5 10.5 0.0 0 0 3 2 2
-3731.7 2866.7 -7.5 266 0 9.3 11.8 7.0 2.5 4 1 2 0 0
-3861.3 2943.0 -8.5 108 0 21.1 27.5 10.0 2.5 2 1 4 1 1
6705.3 -986.9 -3.0 175 0 15.0 14.6 5.0 2.5 2 0 2 5 5
6727.3 -992.4 -3.0 89 0 8.0 12.4 7.5 2.5 2 1 3 4 4
6754.1 -990.5 -2.9 88 0 10.9 12.9 7.5 2.5 4 1 3 5 5
6816.6 -984.3 -4.2 88 0 10.4 9.3 5.0 2.5 2 0 2 4 4
5280.2 -579.9 -4.2 106 0 12.3 24.5 12.5 2.5 4 1 5 0 0
5301.2 -584.6 -3.8 109 0 6.6 11.5 2.5 2.5 2 1 1 0 0
5309.9 -587.9 -3.7 110 0 6.3 19.4 7.5 2.5 2 1 3 2 2
5331.6 -578.3 -2.6 104 0 9.9 9.8 5.0 2.5 2 0 2 2 2
5264.4 -394.7 5.3 195 0 10.7 9.3 5.0 2.5 4 0 2 3 3
5293.4 -338.6 4.0 291 0 15.7 17.0 10.0 2.5 2 1 4 4 4
5273.7 -371.1 5.1 199 0 14.9 8.2 5.0 2.5 2 0 2 4 4
5389.5 -201.5 7.6 238 0 11.0 7.2 10.0 2.5 2 0 4 4 4
5313.1 -278.9 4.3 193 0 10.4 12.8 10.0 0.0 0 1 4 0 0
5322.2 -261.5 4.5 208 0 12.3 14.3 7.5 2.5 2 1 3 1 1
5196.2 -589.4 -5.5 263 0 15.1 12.8 5.0 2.5 2 0 2 4 4
5232.0 -628.0 -6.0 0 0 10.3 23.1 10.0 2.5 2 1 4 5 5
5191.5 -552.5 -2.8 77 0 13.8 10.4 2.5 2.5 2 0 1 2 2
5161.6 -493.0 -1.2 307 0 10.8 20.5 15.0 0.0 0 1 6 0 0
5102.1 -551.3 -5.5 63 0 11.6 22.4 10.0 2.5 2 1 4 1 1
5111.3 -540.1 -4.5 94 0 7.1 9.6 7.5 2.5 4 1 3 4 4
5046.0 -480.6 -5.0 224 0 9.2 12.4 2.5 2.5 2 1 1 0 0
5033.7 -460.1 -4.6 220 0 10.0 11.2 7.5 0.0 0 1 3 4 4
5065.2 -461.3 -3.9 224 0 11.9 11.2 10.0 2.5 2 0 4 0 0
5078.7 -450.3 -2.8 223 0 9.8 8.4 7.5 2.5 2 0 3 4 4
5093.0 -437.7 -1.5 230 0 14.5 9.6 5.0 2.5 2 0 2 4 4
-4028.7 -5927.3 -2.8 269 0 8.2 10.4 14.0 3.5 2 1 4 1 1
-4296.1 -5714.1 -0.0 76 0 8.0 10.6 7.5 2.5 4 1 3 1 1
6589.6 -414.6 4.6 177 0 8.3 36.3 10.0 2.5 4 1 4 2 2
-3117.7 3303.2 -4.9 309 0 19.3 7.3 7.0 3.5 2 0 2 0 0
-4792.4 -2572.2 1.0 74 0 9.9 9.1 10.0 2.5 4 0 4 1 1
-4867.4 -2570.8 5.0 79 0 14.2 16.5 2.5 2.5 4 1 1 0 0
-4884.9 -2571.8 6.2 80 0 13.9 10.5 5.0 2.5 2 0 2 2 2
-4901.6 -2592.8 5.6 253 0 10.4 10.0 7.5 2.5 2 0 3 1 1
-3390.2 -505.5 -3.3 187 0 59.5 72.3 10.0 0.0 0 1 4 1 1
-3030.5 -468.9 5.9 274 0 10.4 19.0 2.5 2.5 2 1 1 0 0
3181.5 2590.4 6.8 350 0 107.5 45.0 10.0 0.0 0 0 4 5 5
-5797.8 -4304.2 -13.3 55 0 20.1 8.3 5.0 2.5 2 0 2 5 5
-5817.2 -4361.6 -17.1 201 0 11.6 13.4 5.0 2.5 2 1 2 1 1
-5806.7 -4342.7 -15.9 207 0 9.1 10.4 2.5 2.5 2 1 1 2 2
-5777.5 -4306.2 -13.9 211 0 8.5 15.9 7.5 2.5 2 1 3 2 2
-3720.7 -6087.5 -3.9 2 0 11.8 20.5 3.5 3.5 2 1 1 3 3
-3714.8 -6047.4 -4.1 2 0 7.0 21.2 14.0 3.5 2 1 4 1 1
-3584.2 -6596.7 2.9 94 0 9.1 31.7 17.5 0.0 0 1 5 0 0
-3632.3 -6069.9 -5.8 255 0 6.5 16.3 17.5 3.5 2 1 5 2 2
-3639.8 -6073.7 -6.4 255 0 7.8 14.6 17.5 3.5 2 1 5 5 5
-5849.9 -3043.3 -5.8 329 0 56.3 90.0 10.0 0.0 0 1 4 4 4
-6360.8 -2913.4 -8.5 200 0 31.2 171.7 15.0 0.0 0 1 6 5 5
-5869.3 891.1 -10.4 127 0 12.2 29.1 10.0 2.5 2 1 4 2 2
-5847.0 861.2 -10.8 128 0 12.8 39.0 12.5 2.5 2 1 5 3 3
-5832.8 846.4 -10.9 124 0 16.9 37.4 10.0 2.5 2 1 4 5 5
-5537.7 684.0 -5.7 305 0 71.8 25.2 12.5 0.0 0 0 5 3 3
-5578.3 751.2 -7.9 128 0 81.7 19.1 10.0 2.5 2 0 4 3 3
-5645.1 802.9 -8.3 127 0 80.9 26.8 10.0 0.0 0 0 4 4 4
-5712.7 851.1 -9.8 124 0 79.9 22.5 12.5 0.0 0 0 5 3 3
-5781.6 898.6 -9.8 124 0 81.9 31.1 7.5 0.0 0 0 3 1 1
-5851.2 945.9 -9.6 123 0 81.6 22.5 7.5 0.0 0 0 3 2 2
-5905.5 842.6 -16.0 226 0 19.5 23.8 15.0 0.0 0 1 6 1 1
-5891.1 811.9 -15.7 133 0 11.5 19.6 8.0 2.5 2 1 2 1 1
-5893.3 907.8 -10.8 135 0 42.1 16.3 7.5 2.5 4 0 3 5 5
-5920.3 930.7 -10.4 137 0 25.2 20.3 10.0 2.5 2 0 4 5 5
-5945.8 973.0 -9.2 164 0 14.3 19.5 7.5 2.5 2 1 3 2 2
-5912.9 1025.5 -9.4 293 0 22.5 19.6 7.5 2.5 2 0 3 3 3
-5949.3 1004.3 -8.7 195 0 15.8 13.8 8.0 2.5 2 0 2 0 0
-5845.8 1018.5 -9.0 270 0 10.3 28.2 10.0 2.5 2 1 4 4 4
-5830.9 1020.2 -8.8 266 0 15.5 34.0 7.5 0.0 0 1 3 4 4
-5803.6 1030.1 -8.8 259 0 27.0 14.7 7.5 2.5 4 0 3 2 2
-5625.4 772.1 -8.4 304 0 29.9 15.1 10.0 2.5 2 0 4 1 1
2258.1 5581.2 -2.6 331 0 91.2 75.5 10.0 0.0 0 0 4 1 1
1141.4 4526.6 7.0 223 0 118.3 130.7 10.0 0.0 0 1 4 5 5
-3770.7 -4861.6 9.9 307 0 10.2 31.7 7.5 2.5 2 1 3 3 3
-1249.7 -2689.5 11.4 76 0 29.7 37.9 10.0 0.0 0 1 4 3 3
-1287.1 -2621.7 15.2 165 0 49.1 32.3 12.5 2.5 2 0 5 3 3
-1257.6 -2569.8 14.9 255 0 10.8 56.8 10.0 0.0 0 1 4 3 3
-1223.4 -2510.8 13.3 165 0 49.1 32.3 10.0 0.0 0 0 4 4 4
-1293.3 -2493.3 15.1 216 0 49.0 32.4 10.0 2.5 2 0 4 5 5
-924.1 -1455.9 11.3 175 0 25.4 24.6 10.0 2.5 2 0 4 2 2
-3688.5 -6610.0 -1.9 209 0 8.6 10.5 17.5 3.5 2 1 5 2 2
-3577.9 -6536.2 2.9 274 0 13.8 25.2 17.5 3.5 2 1 5 4 4
-3560.8 -6535.3 3.1 275 0 15.4 25.5 17.5 3.5 2 1 5 0 0
-3534.6 -6535.7 3.5 275 0 11.3 20.5 17.5 3.5 2 1 5 4 4
-3494.5 -6529.8 3.4 1 0 12.6 42.5 17.5 3.5 2 1 5 3 3
-3542.8 -6654.5 3.9 162 0 10.5 12.2 17.5 3.5 2 1 5 3 3
-3529.8 -6649.3 4.3 162 0 8.1 10.9 17.5 0.0 0 1 5 1 1
-3489.1 -6653.2 4.4 349 0 10.3 8.5 17.5 3.5 2 0 5 4 4
-3481.1 -6634.2 4.9 341 0 13.9 19.0 17.5 3.5 2 1 5 2 2
-3470.5 -6657.0 4.5 348 0 17.3 11.3 17.5 3.5 2 0 5 2 2
-3668.0 -6572.2 0.2 200 0 12.2 16.7 17.5 0.0 0 1 5 5 5
-3711.2 -6627.4 -2.0 203 0 10.2 9.2 17.5 3.5 2 0 5 0 0
-3702.6 -6631.6 -2.5 203 0 10.0 8.1 17.5 3.5 4 0 5 3 3
-3698.7 -6620.2 -2.4 203 0 7.3 8.9 17.5 3.5 2 1 5 1 1
-3714.8 -6654.5 -2.2 211 0 11.5 6.5 17.5 0.0 0 0 5 0 0
-3745.9 -6630.3 0.3 32 0 19.3 9.0 10.5 3.5 2 0 3 4 4
-3779.3 -6572.7 2.2 267 0 6.6 30.4 10.5 3.5 2 1 3 2 2
-3736.9 -6532.3 2.9 269 0 6.2 29.3 10.5 3.5 4 1 3 4 4
-3744.6 -6522.7 4.0 268 0 15.6 8.4 10.5 3.5 2 0 3 3 3
-4451.8 3026.1 -5.3 72 0 10.7 26.5 10.0 2.5 2 1 4 2 2
-4370.5 3056.6 -5.7 5 0 13.1 18.7 5.0 2.5 2 1 2 4 4
-3159.2 -6461.6 -1.7 354 0 10.1 16.7 17.5 3.5 2 1 5 5 5
-3105.8 -6415.6 -2.1 349 0 10.2 16.0 17.5 0.0 0 1 5 4 4
-3147.7 -6502.9 -0.6 351 0 11.6 21.8 17.5 3.5 2 1 5 2 2
-5043.6 3149.4 -4.1 52 0 9.2 13.6 10.5 0.0 0 1 3 3 3
-5042.4 3177.5 -3.8 324 0 16.2 14.2 10.5 3.5 4 0 3 0 0
-4988.7 3037.8 -3.6 5 0 11.4 21.9 14.0 3.5 2 1 4 0 0
-5016.6 3072.1 -3.2 237 0 10.6 10.8 14.0 3.5 2 1 4 1 1
-5014.0 2999.5 -4.4 260 0 13.6 11.1 10.5 3.5 2 0 3 2 2
-5006.6 3016.4 -4.0 92 0 16.4 13.4 14.0 3.5 2 0 4 3 3
-4943.5 3055.1 -3.0 122 0 38.1 18.6 14.0 3.5 2 0 4 1 1
-3506.6 -6134.7 -2.1 301 0 28.3 15.0 17.5 3.5 4 0 5 2 2
-3469.0 -6151.0 -2.5 284 0 28.5 14.7 17.5 3.5 2 0 5 1 1
-3575.2 -6064.8 -1.8 242 0 13.3 28.5 17.5 0.0 0 1 5 0 0
-3586.8 -6035.8 -1.7 177 0 28.6 13.3 17.5 3.5 2 0 5 1 1
-3538.9 -6109.6 -2.2 316 0 28.7 14.0 17.5 3.5 2 0 5 5 5
-3528.1 -6024.0 2.9 354 0 25.2 10.7 17.5 3.5 2 0 5 2 2
-3522.2 -5978.7 3.4 306 0 10.3 24.4 17.5 3.5 2 1 5 2 2
-3584.2 -5991.1 -0.1 185 0 29.4 13.6 17.5 3.5 2 0 5 1 1
-3541.5 -5940.8 2.4 320 0 12.2 29.1 17.5 3.5 2 1 5 2 2
-3519.3 -6058.1 2.8 331 0 20.8 10.5 17.5 3.5 4 0 5 0 0
-3539.2 -6188.5 -6.1 298 0 22.8 13.0 17.5 3.5 2 0 5 0 0
-3493.3 -6207.8 -6.1 284 0 20.4 10.4 17.5 3.5 2 0 5 2 2
-3456.8 -6222.8 -6.9 4 0 8.1 20.2 17.5 3.5 2 1 5 5 5
-3424.9 -6156.9 -2.5 277 0 28.3 14.2 17.5 3.5 2 0 5 0 0
-3368.1 -6169.0 -2.7 1 0 14.7 29.9 17.5 0.0 0 1 5 5 5
-3798.9 -6589.3 2.0 251 0 10.0 14.1 10.5 3.5 2 1 3 2 2
-3803.9 -6640.3 1.7 73 0 11.8 14.6 10.5 3.5 2 1 3 1 1
-3763.2 -6552.9 3.4 267 0 9.9 14.5 10.5 3.5 2 1 3 3 3
-3565.7 -6485.8 1.9 5 0 30.1 9.1 17.5 3.5 2 0 5 4 4
-3562.2 -6492.0 2.4 187 0 14.0 11.8 17.5 0.0 0 0 5 2 2
-3597.3 -6496.6 1.7 91 0 6.0 27.9 17.5 3.5 2 1 5 1 1
-3583.2 -6503.5 1.9 90 0 8.3 26.3 17.5 3.5 2 1 5 4 4
-3562.3 -6445.9 1.3 7 0 31.8 9.2 17.5 3.5 2 0 5 0 0
-3648.4 -6349.5 -0.1 165 0 19.4 14.1 17.5 3.5 2 0 5 3 3
-3624.3 -6376.6 0.1 180 0 14.3 16.4 17.5 3.5 2 1 5 2 2
-3652.9 -6420.9 2.1 4 0 22.1 8.8 14.0 3.5 2 0 4 4 4
-3674.6 -6409.1 2.5 4 0 17.3 8.3 10.5 0.0 0 0 3 1 1
-3700.1 -6384.2 2.4 5 0 13.3 8.1 10.5 3.5 2 0 3 4 4
-3709.1 -6556.2 1.6 13 0 13.1 6.3 10.5 0.0 0 0 3 1 1
-3729.3 -6524.1 3.2 267 0 6.4 13.5 10.5 0.0 0 1 3 0 0
-3710.1 -6489.7 3.5 1 0 9.2 6.2 10.5 3.5 2 0 3 4 4
-3554.5 -6396.4 0.6 2 0 8.4 12.3 17.5 3.5 2 1 5 2 2
-3640.4 -6373.0 0.7 175 0 13.7 11.0 17.5 3.5 4 0 5 5 5
-3651.8 -6323.0 -1.0 166 0 8.6 9.5 17.5 3.5 2 1 5 4 4
-3677.7 -6237.0 -4.6 178 0 14.2 21.2 17.5 3.5 2 1 5 5 5
-3597.8 -6164.2 -8.0 224 0 9.7 20.8 17.5 3.5 2 1 5 0 0
-3599.8 -6159.5 -7.9 139 0 7.3 9.8 17.5 3.5 2 1 5 4 4
-3777.2 -6107.5 1.2 3 0 13.5 10.0 10.5 3.5 2 0 3 5 5
-3798.3 -6035.5 3.8 193 0 10.9 9.6 10.5 3.5 2 0 3 3 3
-3718.1 -6128.7 -3.4 354 0 14.1 17.8 14.0 3.5 2 1 4 5 5
-3750.2 -6359.5 2.2 181 0 6.2 22.3 10.5 3.5 2 1 3 3 3
-3758.5 -6323.8 1.5 181 0 6.0 14.1 10.5 0.0 0 1 3 2 2
-3762.9 -6472.8 5.2 181 0 8.4 6.8 10.5 3.5 2 0 3 2 2
-3757.5 -6485.1 4.6 183 0 9.4 16.0 10.5 3.5 2 1 3 1 1
-3710.0 -6504.8 3.3 1 0 12.2 23.7 10.5 3.5 2 1 3 1 1
-3733.8 -6470.8 4.5 0 0 11.2 6.1 10.5 3.5 2 0 3 0 0
-3802.1 -6576.4 3.1 226 0 6.4 11.9 10.5 3.5 2 1 3 3 3
-3840.0 -6572.5 3.3 72 0 16.9 18.5 14.0 3.5 4 1 4 3 3
-3824.6 -6564.0 3.8 72 0 11.1 17.1 14.0 3.5 2 1 4 0 0
-3852.7 -6524.0 4.1 267 0 13.8 12.6 14.0 3.5 2 0 4 2 2
-3838.9 -6520.5 4.6 270 0 9.9 13.3 14.0 3.5 2 1 4 3 3
-3890.2 -6508.8 0.9 272 0 14.6 15.2 14.0 3.5 2 1 4 0 0
-3893.8 -6586.4 2.0 88 0 14.7 17.9 14.0 3.5 2 1 4 0 0
-3891.3 -6527.6 1.8 269 0 15.1 16.6 14.0 3.5 2 1 4 3 3
-3907.0 -6489.4 -0.8 188 0 14.8 12.8 14.0 0.0 0 0 4 1 1
-3782.6 -6475.9 5.6 8 0 13.2 13.3 14.0 3.5 2 1 4 4 4
-3808.7 -6504.7 5.2 96 0 11.6 20.6 14.0 3.5 2 1 4 2 2
-3783.7 -6518.1 5.4 88 0 10.5 25.6 14.0 3.5 2 1 4 4 4
-3835.8 -6486.7 3.6 101 0 6.8 7.4 14.0 3.5 2 1 4 3 3
-3857.6 -6460.4 0.8 105 0 9.9 21.1 14.0 3.5 2 1 4 1 1
-3869.4 -6454.7 -0.3 100 0 10.9 25.7 14.0 3.5 2 1 4 4 4
-3894.5 -6457.3 -2.1 106 0 21.8 19.7 14.0 3.5 2 0 4 0 0
-3946.6 -6519.4 -2.3 3 0 13.7 11.9 14.0 3.5 4 0 4 2 2
-3931.3 -6581.4 1.1 88 0 10.7 21.7 14.0 3.5 2 1 4 0 0
-3947.7 -6580.6 -0.1 96 0 8.2 32.3 14.0 3.5 4 1 4 5 5
-3957.5 -6575.0 0.4 96 0 8.2 15.4 14.0 3.5 2 1 4 4 4
-3933.0 -6613.2 2.3 275 0 7.1 19.7 10.5 3.5 4 1 3 0 0
-3973.3 -6572.3 0.3 105 0 10.6 17.0 14.0 3.5 4 1 4 3 3
-4013.4 -6645.6 -0.4 91 0 17.4 23.9 10.5 3.5 2 1 3 2 2
-4099.5 -6625.8 -1.9 188 0 19.8 16.5 10.5 3.5 2 0 3 1 1
-4121.0 -6609.9 -1.8 358 0 11.8 17.3 10.0 2.5 2 1 4 3 3
-4133.8 -6563.9 -0.1 41 0 6.7 21.5 7.5 2.5 2 1 3 0 0
-4108.6 -6579.8 -1.0 188 0 10.7 17.5 10.5 3.5 2 1 3 4 4
-4074.7 -6561.6 -0.6 284 0 11.8 23.9 10.5 3.5 2 1 3 4 4
-4108.5 -6562.8 -0.6 192 0 8.0 21.5 10.5 3.5 2 1 3 0 0
-4039.0 -6598.2 -0.8 270 0 15.8 10.5 10.5 3.5 2 0 3 2 2
-4039.8 -6564.0 -0.6 283 0 14.5 33.1 10.5 3.5 2 1 3 5 5
-4056.2 -6597.2 -0.9 269 0 9.9 8.7 10.5 3.5 2 0 3 0 0
-4056.3 -6565.3 -0.5 286 0 16.3 21.4 10.5 3.5 2 1 3 0 0
-4114.3 -6627.7 -2.1 351 0 13.0 16.2 7.5 2.5 2 1 3 3 3
-4160.8 -6611.1 -2.4 176 0 11.5 11.5 7.5 2.5 2 1 3 0 0
-4160.8 -6576.3 -1.4 183 0 13.1 13.6 7.5 2.5 2 1 3 3 3
-4123.8 -6526.3 -0.7 113 0 15.5 11.0 14.0 3.5 2 0 4 5 5
-4107.6 -6485.3 -1.8 190 0 13.2 12.7 14.0 3.5 2 0 4 2 2
-4097.8 -6468.0 -2.4 198 0 12.7 12.7 14.0 3.5 4 1 4 2 2
-4065.3 -6539.0 -0.6 105 0 11.7 16.0 14.0 3.5 2 1 4 2 2
-4087.4 -6539.7 -0.6 108 0 9.1 21.2 14.0 3.5 2 1 4 2 2
-4060.6 -6514.7 -1.2 106 0 10.0 9.8 14.0 3.5 2 0 4 3 3
-4027.5 -6508.9 -2.6 97 0 8.2 28.6 14.0 3.5 2 1 4 0 0
-4064.3 -6477.5 -2.1 197 0 6.8 8.3 14.0 3.5 2 1 4 4 4
-4065.1 -6461.2 -2.7 197 0 12.0 15.0 14.0 3.5 4 1 4 2 2
-4085.9 -6413.4 -5.3 201 0 11.0 14.4 14.0 3.5 4 1 4 3 3
-4094.5 -6434.5 -3.9 200 0 12.3 16.0 14.0 3.5 2 1 4 4 4
-4094.2 -6454.4 -3.0 197 0 9.6 16.0 14.0 3.5 4 1 4 0 0
-4047.4 -6422.3 -5.4 197 0 8.1 8.7 14.0 3.5 2 1 4 3 3
-4047.9 -6404.3 -7.0 204 0 10.8 11.2 14.0 3.5 2 1 4 2 2
-4034.9 -6390.0 -7.9 292 0 14.3 10.8 14.0 3.5 2 0 4 5 5
-4078.9 -6381.3 -8.6 199 0 8.9 14.1 14.0 3.5 2 1 4 3 3
-3972.2 -6450.6 -5.9 4 0 17.4 11.6 14.0 3.5 2 0 4 3 3
-3929.0 -6509.9 -1.7 354 0 11.1 9.5 14.0 3.5 2 0 4 5 5
-3931.0 -6491.6 -2.9 345 0 13.0 12.1 14.0 3.5 2 0 4 0 0
-3915.7 -6478.8 -3.3 13 0 12.9 21.6 14.0 3.5 2 1 4 2 2
-3916.9 -6491.6 -2.0 9 0 9.7 10.4 14.0 3.5 2 1 4 4 4
-3808.9 -6353.3 0.1 352 0 44.1 9.1 14.0 3.5 4 0 4 0 0
-3801.9 -6397.7 2.2 348 0 15.7 9.6 14.0 3.5 2 0 4 0 0
-3795.0 -6372.8 1.2 355 0 26.0 9.4 14.0 3.5 2 0 4 1 1
-3791.7 -6289.7 0.5 6 0 9.9 16.3 14.0 3.5 2 1 4 0 0
-3786.0 -6321.2 0.3 4 0 19.5 29.5 14.0 3.5 2 1 4 0 0
-3885.8 -6294.7 -4.8 309 0 9.1 34.6 14.0 3.5 2 1 4 1 1
-3868.6 -6296.6 -3.4 310 0 8.3 32.7 14.0 3.5 4 1 4 0 0
-3849.0 -6297.7 -2.2 311 0 7.9 36.6 14.0 3.5 2 1 4 2 2
-3846.4 -6308.8 -1.4 295 0 8.9 25.4 14.0 3.5 2 1 4 5 5
-3837.9 -6266.9 -1.2 309 0 7.2 27.5 14.0 0.0 0 1 4 5 5
-3851.0 -6217.4 -1.3 309 0 9.5 30.7 14.0 3.5 2 1 4 3 3
-3810.4 -6231.7 0.0 315 0 24.5 19.9 14.0 3.5 2 0 4 1 1
-3852.3 -6254.1 -2.5 307 0 10.4 41.9 14.0 3.5 2 1 4 1 1
-3909.3 -6294.9 -6.4 309 0 10.9 35.3 14.0 3.5 2 1 4 0 0
-3950.3 -6298.4 -6.6 220 0 10.0 21.3 14.0 3.5 2 1 4 1 1
-3915.0 -6282.2 -5.7 312 0 8.1 25.6 14.0 3.5 2 1 4 5 5
-3925.1 -6263.5 -5.1 263 0 31.7 10.2 14.0 3.5 2 0 4 2 2
-3890.7 -6244.8 -3.5 311 0 11.9 24.4 14.0 0.0 0 1 4 4 4
-3908.2 -6223.5 -3.4 265 0 9.3 18.7 14.0 3.5 2 1 4 0 0
-3922.8 -6242.1 -4.4 261 0 9.3 16.0 14.0 3.5 2 1 4 5 5
-3963.2 -6315.8 -7.7 195 0 10.6 9.3 14.0 3.5 2 0 4 0 0
-3987.1 -6285.3 -7.3 172 0 21.8 8.9 14.0 3.5 2 0 4 2 2
-3968.4 -6270.1 -6.6 263 0 17.5 10.2 14.0 3.5 4 0 4 0 0
-4009.7 -6255.2 -7.7 269 0 8.9 14.6 14.0 3.5 2 1 4 0 0
-4009.6 -6229.2 -8.6 266 0 11.0 19.7 14.0 0.0 0 1 4 0 0
-3995.6 -6230.0 -8.1 269 0 10.0 17.7 14.0 3.5 2 1 4 2 2
-3979.9 -6244.5 -7.1 270 0 11.0 9.7 14.0 3.5 2 0 4 0 0
-3981.1 -6234.9 -7.2 267 0 8.3 6.6 14.0 3.5 2 0 4 2 2
-3964.2 -6246.5 -6.3 269 0 13.3 11.6 14.0 3.5 2 0 4 2 2
-3943.6 -6233.3 -5.0 270 0 6.3 10.8 14.0 3.5 2 1 4 5 5
-3947.7 -6254.9 -5.3 258 0 10.8 10.4 14.0 3.5 2 0 4 4 4
-3800.0 -6163.0 0.7 355 0 14.2 20.5 10.5 3.5 2 1 3 3 3
-3862.9 -6196.4 -0.4 87 0 12.6 17.8 10.5 3.5 2 1 3 2 2
-3847.7 -6196.5 0.2 88 0 12.6 18.8 10.5 3.5 2 1 3 5 5
-3855.6 -6171.5 0.7 94 0 16.7 11.4 10.5 3.5 2 0 3 1 1
-3857.9 -6147.9 1.3 179 0 15.1 19.7 10.5 3.5 2 1 3 1 1
-3773.6 -6229.7 0.5 184 0 10.8 6.3 10.5 3.5 2 0 3 4 4
-3889.9 -6220.0 -2.5 262 0 10.0 10.8 14.0 3.5 2 1 4 3 3
-3895.5 -6192.4 -1.9 175 0 17.9 12.8 10.5 3.5 2 0 3 0 0
-3898.3 -6161.2 -1.4 174 0 20.3 19.3 10.5 3.5 2 0 3 1 1
-3899.8 -6134.2 -0.3 178 0 9.4 16.9 10.5 3.5 2 1 3 2 2
-3926.9 -6216.3 -4.5 84 0 15.8 11.2 14.0 0.0 0 0 4 1 1
-3923.9 -6191.5 -4.5 358 0 10.8 13.3 14.0 0.0 0 1 4 4 4
-3948.0 -6215.6 -5.2 98 0 7.4 10.8 14.0 3.5 2 1 4 3 3
-3984.4 -6212.4 -7.5 98 0 11.7 20.9 14.0 3.5 2 1 4 5 5
-3969.2 -6208.0 -6.6 95 0 13.0 15.1 14.0 3.5 2 1 4 3 3
-3970.9 -6173.3 -6.6 278 0 7.1 14.7 14.0 3.5 2 1 4 5 5
-4005.9 -6216.2 -8.9 93 0 13.2 12.4 14.0 3.5 4 0 4 0 0
-4019.3 -6214.9 -9.6 96 0 7.1 9.6 14.0 3.5 2 1 4 4 4
-4017.5 -6199.7 -9.6 95 0 9.1 12.4 14.0 3.5 4 1 4 4 4
-3958.8 -6163.1 -5.9 281 0 8.3 16.2 14.0 3.5 2 1 4 1 1
-3942.1 -6166.3 -5.2 279 0 22.9 11.1 14.0 3.5 2 0 4 4 4
-3912.3 -6175.3 -3.6 4 0 9.8 16.4 14.0 3.5 2 1 4 3 3
-3948.1 -6149.4 -4.2 102 0 8.5 20.3 14.0 3.5 4 1 4 5 5
-3917.1 -6132.2 -2.5 2 0 15.8 15.8 14.0 3.5 2 0 4 3 3
-3975.7 -6147.1 -6.4 100 0 16.6 11.5 14.0 3.5 2 0 4 2 2
-3997.4 -6141.4 -7.7 96 0 14.3 12.1 14.0 3.5 4 0 4 2 2
-3970.7 -6113.8 -4.9 93 0 11.1 17.8 14.0 0.0 0 1 4 5 5
-3942.4 -6106.3 -3.3 351 0 11.1 13.2 14.0 3.5 4 1 4 3 3
-3925.9 -6091.5 -0.6 95 0 10.0 16.3 14.0 3.5 4 1 4 1 1
-3950.6 -6073.7 -1.8 93 0 12.1 16.1 14.0 3.5 2 1 4 0 0
-3903.0 -6113.9 0.0 92 0 12.3 14.8 14.0 3.5 2 1 4 2 2
-3891.5 -6065.3 2.0 4 0 14.3 15.7 14.0 3.5 2 1 4 2 2
-3878.8 -6052.5 3.9 5 0 10.1 13.2 14.0 3.5 2 1 4 5 5
-3880.1 -6038.8 3.9 4 0 9.4 19.1 14.0 3.5 2 1 4 0 0
-3896.7 -6051.6 3.1 3 0 8.8 6.6 14.0 3.5 4 0 4 2 2
-4016.7 -6136.5 -8.7 85 0 9.0 16.6 14.0 3.5 2 1 4 4 4
-4091.7 -6155.8 -11.3 207 0 9.1 11.5 14.0 3.5 2 1 4 1 1
-4080.1 -6142.7 -11.1 203 0 10.1 9.3 14.0 3.5 2 0 4 5 5
-4054.5 -6250.7 -9.8 92 0 8.9 12.5 14.0 0.0 0 1 4 5 5
-4059.1 -6213.1 -11.0 0 0 13.6 7.7 14.0 3.5 2 0 4 5 5
-4085.0 -6244.2 -11.2 97 0 16.7 14.7 14.0 3.5 2 0 4 1 1
-4117.5 -6236.9 -11.8 107 0 9.3 12.5 14.0 3.5 4 1 4 5 5
-4143.9 -6234.0 -11.7 103 0 15.4 14.6 14.0 3.5 2 0 4 0 0
-4149.9 -6179.6 -11.1 273 0 14.4 11.4 14.0 0.0 0 0 4 0 0
-4137.7 -6161.3 -10.7 77 0 10.9 15.0 14.0 3.5 4 1 4 3 3
-4125.9 -6159.0 -10.7 73 0 8.7 15.0 14.0 3.5 2 1 4 0 0
-4123.2 -6129.1 -9.1 110 0 8.6 16.8 14.0 3.5 2 1 4 1 1
-4090.3 -6141.2 -10.8 39 0 12.5 13.3 14.0 3.5 2 1 4 0 0
-4103.3 -6129.3 -10.4 32 0 25.8 8.7 14.0 3.5 2 0 4 5 5
-4076.8 -6117.7 -10.4 25 0 10.7 24.3 14.0 3.5 2 1 4 1 1
-4093.1 -6082.6 -7.0 8 0 7.1 12.4 14.0 3.5 2 1 4 3 3
-4140.4 -6083.9 -4.5 181 0 11.1 14.4 14.0 3.5 2 1 4 3 3
-4143.0 -6102.5 -6.2 182 0 12.1 14.4 14.0 3.5 2 1 4 1 1
-4135.8 -6042.6 -1.9 265 0 15.4 9.3 14.0 3.5 2 0 4 3 3
-4097.9 -6055.9 -5.0 2 0 14.8 9.4 14.0 3.5 2 0 4 0 0
-4082.7 -6349.8 -10.5 21 0 12.4 11.8 14.0 3.5 2 0 4 2 2
-4133.6 -6326.9 -10.1 202 0 17.3 22.0 14.0 3.5 2 1 4 1 1
-4146.3 -6363.0 -7.7 191 0 16.8 19.4 14.0 3.5 2 1 4 4 4
-4096.8 -6381.7 -7.5 19 0 11.2 16.9 14.0 3.5 2 1 4 4 4
-4103.7 -6356.7 -9.3 20 0 16.1 13.0 14.0 3.5 2 0 4 4 4
-4101.6 -6401.0 -5.6 16 0 10.5 21.0 14.0 3.5 2 1 4 2 2
-4111.5 -6420.8 -4.6 14 0 13.9 14.7 14.0 3.5 2 1 4 2 2
-4122.5 -6438.0 -4.0 15 0 17.4 17.7 14.0 3.5 2 1 4 5 5
-4147.4 -6469.3 -2.6 191 0 19.9 13.0 14.0 3.5 2 0 4 3 3
-4156.6 -6428.8 -5.0 192 0 53.2 14.3 14.0 3.5 2 0 4 5 5
-3999.0 -6476.0 -3.8 12 0 6.3 14.1 14.0 3.5 2 1 4 1 1
-4148.6 -6880.8 -10.1 107 0 8.6 19.8 5.0 2.5 2 1 2 4 4
-4157.0 -6900.2 -7.7 198 0 10.2 8.2 10.0 2.5 2 0 4 0 0
-3944.0 -6910.4 -8.9 162 0 6.9 17.0 2.5 2.5 2 1 1 1 1
-3790.3 -6896.7 -0.8 10 0 11.0 14.1 10.5 3.5 2 1 3 1 1
-3789.9 -6867.9 -0.7 6 0 13.2 16.3 10.5 3.5 2 1 3 2 2
-3767.6 -6852.5 -1.8 186 0 9.4 13.4 17.5 3.5 2 1 5 3 3
-3668.5 -6730.3 -3.9 271 0 8.0 9.8 17.5 3.5 2 1 5 3 3
-3617.1 -6770.7 -3.9 4 0 9.7 8.5 17.5 3.5 2 0 5 4 4
-4088.1 -6834.2 -11.1 22 0 10.3 22.3 2.5 2.5 2 1 1 4 4
-3994.6 -6796.6 -6.2 286 0 17.4 14.0 14.0 3.5 2 0 4 1 1
-3978.6 -6721.4 -1.7 296 0 11.5 16.7 14.0 3.5 2 1 4 3 3
-3960.3 -6773.9 -2.8 206 0 11.2 18.5 10.5 3.5 4 1 3 1 1
-3666.4 -6873.3 -6.3 13 0 12.7 23.4 17.5 3.5 2 1 5 0 0
-3724.4 -6877.1 -3.9 96 0 16.8 10.3 17.5 0.0 0 0 5 2 2
-3708.7 -6873.9 -4.6 91 0 6.5 7.3 17.5 3.5 2 1 5 3 3
-3738.8 -6901.6 -2.5 93 0 19.4 19.3 17.5 3.5 2 0 5 1 1
-3761.9 -6840.4 -2.5 182 0 8.9 11.7 17.5 3.5 2 1 5 5 5
-3748.0 -6842.6 -3.7 182 0 9.7 13.5 17.5 3.5 2 1 5 2 2
-3770.3 -6867.6 -1.1 189 0 12.4 9.2 17.5 3.5 2 0 5 4 4
-4076.4 -6708.6 -5.3 21 0 7.5 15.6 7.5 2.5 2 1 3 5 5
-4124.2 -6733.7 -8.3 128 0 10.9 14.8 5.0 2.5 2 1 2 0 0
-4137.7 -6761.5 -10.1 131 0 10.8 9.5 7.5 2.5 2 0 3 1 1
-4157.5 -6736.8 -9.9 134 0 9.7 13.2 7.5 2.5 2 1 3 3 3
-4145.4 -6705.7 -8.4 225 0 10.5 9.5 5.0 2.5 2 0 2 0 0
-4134.7 -6658.9 -4.7 288 0 8.7 11.0 5.0 2.5 2 1 2 5 5
-4122.0 -6662.2 -4.9 275 0 10.0 22.2 10.0 2.5 2 1 4 0 0
-4133.0 -6648.9 -3.1 84 0 13.1 9.9 7.5 2.5 4 0 3 1 1
-4097.4 -6643.2 -2.1 188 0 9.1 17.1 10.5 3.5 2 1 3 0 0
-4064.6 -6649.4 -1.9 91 0 15.1 9.8 10.5 3.5 2 0 3 3 3
-4064.8 -6664.1 -2.2 106 0 11.5 9.9 10.5 3.5 2 0 3 1 1
-4050.7 -6672.9 -2.2 99 0 8.4 13.6 10.5 3.5 2 1 3 2 2
-4049.7 -6650.1 -1.7 111 0 7.5 11.3 10.5 3.5 2 1 3 0 0
-4091.5 -6667.1 -3.0 306 0 12.3 16.8 5.0 0.0 0 1 2 3 3
-4065.4 -6760.0 -5.6 114 0 12.5 7.8 14.0 3.5 2 0 4 5 5
-4059.5 -6743.1 -4.7 209 0 8.9 10.3 14.0 3.5 2 1 4 4 4
-4016.9 -6693.3 -1.1 119 0 13.6 29.1 10.5 0.0 0 1 3 3 3
-3974.2 -6762.1 -2.9 10 0 9.1 11.0 14.0 3.5 2 1 4 2 2
-3986.1 -6778.5 -3.8 109 0 15.2 7.8 14.0 3.5 2 0 4 2 2
-3967.1 -6681.4 0.8 87 0 8.6 18.7 10.5 3.5 4 1 3 0 0
-3938.5 -6710.3 0.4 92 0 18.8 16.7 10.5 3.5 4 0 3 4 4
-3946.9 -6722.0 -0.3 189 0 15.8 12.0 10.5 3.5 2 0 3 0 0
-3936.2 -6688.5 1.3 91 0 15.2 9.7 10.5 3.5 4 0 3 2 2
-3915.6 -6638.5 1.9 269 0 16.3 12.1 10.5 3.5 2 0 3 3 3
-3928.9 -6670.2 1.9 85 0 16.1 13.0 10.5 3.5 2 0 3 1 1
-3927.5 -6679.1 1.3 173 0 12.6 45.5 10.5 3.5 2 1 3 1 1
-3873.9 -6678.2 1.1 77 0 10.8 7.6 10.5 3.5 2 0 3 3 3
-3808.5 -6683.0 0.6 0 0 8.1 26.9 10.5 3.5 2 1 3 4 4
-3783.7 -6779.4 -0.8 3 0 16.5 21.3 10.5 3.5 2 1 3 3 3
-3783.3 -6815.0 -0.7 2 0 15.6 22.2 10.5 3.5 4 1 3 4 4
-3763.4 -6744.1 -1.4 11 0 10.0 24.2 10.5 3.5 2 1 3 2 2
-3760.5 -6729.9 -1.3 10 0 10.0 29.2 10.5 3.5 2 1 3 0 0
-3921.3 -6739.9 -0.2 200 0 14.0 10.2 10.5 3.5 2 0 3 3 3
-3923.0 -6783.6 -1.7 103 0 12.5 11.8 10.5 3.5 2 0 3 2 2
-3955.0 -6749.2 -1.7 199 0 8.7 25.8 10.5 3.5 2 1 3 2 2
-3942.5 -6740.5 -0.9 199 0 13.2 12.6 10.5 3.5 2 0 3 0 0
-3890.2 -6744.7 0.1 22 0 13.9 11.8 10.5 3.5 2 0 3 0 0
-3872.3 -6747.9 -0.1 13 0 15.6 11.7 10.5 3.5 2 0 3 5 5
-3880.1 -6765.5 -0.3 12 0 10.4 22.2 10.5 3.5 2 1 3 3 3
-3912.6 -6795.3 -1.8 103 0 9.5 14.0 10.5 3.5 2 1 3 5 5
-3740.0 -6708.3 -2.2 193 0 10.2 15.6 17.5 3.5 2 1 5 3 3
-3749.7 -6753.1 -3.6 193 0 9.3 21.3 17.5 3.5 2 1 5 1 1
-3077.1 -6473.7 2.4 155 0 8.5 6.4 17.5 3.5 2 0 5 2 2
-3069.1 -6469.6 2.9 161 0 9.1 24.8 17.5 3.5 2 1 5 1 1
-3336.3 -6134.3 -0.2 182 0 6.4 10.7 17.5 3.5 2 1 5 3 3
-3321.7 -6160.3 -2.4 245 0 6.0 12.7 17.5 0.0 0 1 5 1 1
-3340.1 -6263.8 -6.1 250 0 25.0 13.9 17.5 3.5 2 0 5 4 4
-3339.9 -6255.3 -6.8 334 0 9.4 19.6 17.5 3.5 2 1 5 2 2
-3383.9 -6232.0 -7.6 23 0 10.1 11.8 17.5 0.0 0 1 5 4 4
-3395.4 -6228.0 -6.9 21 0 9.0 15.3 17.5 3.5 2 1 5 4 4
-3392.6 -6241.7 -8.1 316 0 6.9 14.6 17.5 3.5 2 1 5 3 3
-3441.5 -6229.3 -7.5 8 0 11.5 6.4 17.5 3.5 2 0 5 4 4
-3420.7 -6217.6 -6.6 4 0 12.1 25.8 17.5 3.5 2 1 5 3 3
-3450.0 -6213.5 -6.4 4 0 9.9 6.4 17.5 3.5 2 0 5 0 0
-3318.7 -6222.0 -7.1 233 0 19.6 41.7 17.5 3.5 2 1 5 5 5
-3285.6 -6220.1 -6.9 237 0 17.8 13.7 17.5 0.0 0 0 5 0 0
-3261.1 -6260.0 -7.7 43 0 18.6 15.6 17.5 3.5 2 0 5 5 5
-3254.7 -6201.2 -7.1 259 0 6.0 23.4 17.5 3.5 4 1 5 1 1
-3122.0 -6036.6 -9.3 217 0 9.4 20.8 17.5 3.5 4 1 5 0 0
-3131.7 -6122.3 -10.6 173 0 8.0 12.5 17.5 3.5 2 1 5 1 1
-3503.2 -6081.7 3.1 319 0 23.1 10.8 17.5 3.5 2 0 5 0 0
-3479.8 -6098.3 2.2 295 0 18.9 10.7 17.5 3.5 2 0 5 0 0
-3451.2 -6109.6 1.4 283 0 20.6 11.3 17.5 0.0 0 0 5 0 0
-3421.1 -6112.9 1.3 268 0 21.2 10.7 17.5 3.5 2 0 5 4 4
-3390.0 -6110.1 1.2 265 0 21.1 11.9 17.5 3.5 2 0 5 2 2
-3332.2 -6040.3 4.8 326 0 13.6 22.1 17.5 3.5 2 1 5 1 1
-3322.6 -6058.5 3.8 332 0 11.7 21.8 17.5 3.5 2 1 5 0 0
-3316.7 -6038.7 4.9 145 0 9.1 19.9 17.5 3.5 2 1 5 4 4
-3310.5 -6054.8 3.2 148 0 12.0 21.3 17.5 3.5 2 1 5 0 0
-3239.7 -6116.2 -3.0 0 0 6.6 10.2 17.5 3.5 2 1 5 2 2
-3231.7 -6119.4 -3.6 83 0 12.5 16.5 17.5 3.5 2 1 5 1 1
-3235.9 -6063.1 -1.6 266 0 14.1 18.1 17.5 0.0 0 1 5 4 4
-3197.7 -6019.9 -1.5 296 0 7.0 17.9 17.5 0.0 0 1 5 5 5
-3305.6 -6489.4 4.2 187 0 8.1 13.4 17.5 3.5 2 1 5 5 5
-3242.2 -6518.0 1.3 104 0 8.6 16.8 17.5 3.5 2 1 5 3 3
-3268.1 -6513.8 2.3 95 0 14.5 15.0 17.5 3.5 2 1 5 3 3
-3312.4 -6515.6 4.4 190 0 11.5 23.1 17.5 3.5 4 1 5 3 3
-3278.1 -6529.3 3.2 100 0 22.6 9.8 17.5 3.5 2 0 5 0 0
-3235.6 -6539.9 2.1 104 0 11.4 11.3 17.5 3.5 2 0 5 1 1
-3193.9 -6549.7 1.3 87 0 9.3 14.5 17.5 3.5 2 1 5 5 5
-3195.9 -6531.0 0.9 87 0 11.0 10.8 17.5 3.5 2 0 5 5 5
-3197.4 -6512.5 0.0 87 0 11.2 21.5 17.5 3.5 2 1 5 2 2
-3267.2 -6415.2 -1.3 175 0 6.2 25.5 17.5 3.5 2 1 5 3 3
-3231.3 -6416.6 -1.8 260 0 8.9 38.4 17.5 3.5 2 1 5 1 1
-3220.8 -6414.7 -2.2 260 0 12.6 43.4 17.5 3.5 2 1 5 1 1
-3269.4 -6390.8 -3.4 171 0 6.0 45.2 17.5 3.5 2 1 5 1 1
-3240.1 -6369.4 -4.4 169 0 24.8 13.6 17.5 3.5 2 0 5 2 2
-3293.4 -6361.6 -1.8 180 0 9.7 19.6 17.5 3.5 4 1 5 5 5
-3290.2 -6351.5 -2.5 180 0 9.4 15.7 17.5 3.5 2 1 5 2 2
-3265.2 -6313.6 -5.9 235 0 8.3 27.4 17.5 3.5 4 1 5 5 5
-3158.6 -6555.5 0.9 92 0 8.7 12.9 17.5 3.5 2 1 5 4 4
-3160.3 -6542.2 0.5 90 0 15.1 9.2 17.5 3.5 2 0 5 2 2
-3147.4 -6554.7 0.3 95 0 11.8 20.6 17.5 3.5 2 1 5 5 5
-3135.4 -6558.7 0.3 95 0 11.4 23.3 17.5 3.5 2 1 5 0 0
-3106.4 -6546.4 1.0 4 0 24.8 13.8 17.5 3.5 2 0 5 0 0
-3102.1 -6510.8 0.8 14 0 8.2 12.4 17.5 3.5 2 1 5 1 1
-3100.3 -6495.2 0.6 16 0 15.1 9.8 17.5 3.5 2 0 5 4 4
-3096.6 -6470.4 -0.3 358 0 13.7 14.3 17.5 3.5 2 1 5 5 5
-3102.6 -6459.1 -0.8 356 0 8.6 12.0 17.5 3.5 2 1 5 4 4
-3109.5 -6444.4 -1.5 357 0 10.0 10.8 17.5 3.5 2 1 5 3 3
-3090.7 -6442.9 -0.5 358 0 8.4 16.4 17.5 3.5 2 1 5 5 5
-3100.8 -6433.4 -1.4 356 0 7.9 17.3 17.5 3.5 2 1 5 2 2
-3104.5 -6394.4 -2.2 350 0 15.9 12.4 17.5 3.5 2 0 5 5 5
-3115.0 -6350.8 -4.7 354 0 12.5 16.7 17.5 3.5 2 1 5 1 1
-3165.3 -6532.0 0.1 88 0 8.3 14.3 17.5 3.5 2 1 5 1 1
-3165.9 -6499.6 -0.8 81 0 14.2 13.9 17.5 3.5 2 0 5 2 2
-3161.5 -6472.4 -1.2 354 0 8.0 13.9 17.5 3.5 2 1 5 5 5
-3148.8 -6442.0 -2.6 352 0 7.8 25.2 17.5 3.5 4 1 5 0 0
-3161.0 -6427.0 -2.9 353 0 6.7 17.3 17.5 3.5 2 1 5 1 1
-3167.3 -6390.8 -3.8 357 0 20.9 10.9 17.5 3.5 2 0 5 1 1
-3168.9 -6373.5 -4.1 357 0 11.6 21.1 17.5 3.5 2 1 5 2 2
-3174.0 -6345.2 -5.1 341 0 12.4 22.1 17.5 0.0 0 1 5 3 3
-3212.5 -6316.0 -6.2 245 0 10.7 17.9 17.5 3.5 2 1 5 1 1
-3218.9 -6295.9 -7.1 249 0 17.2 10.8 17.5 3.5 4 0 5 0 0
-3235.7 -6305.6 -6.9 174 0 10.1 11.5 17.5 3.5 2 1 5 5 5
-3134.5 -6305.4 -6.5 321 0 15.2 14.8 17.5 3.5 2 0 5 3 3
-3126.9 -6287.8 -7.5 49 0 15.0 12.8 17.5 3.5 2 0 5 3 3
-3159.8 -6652.3 0.9 87 0 11.7 22.2 14.0 3.5 2 1 4 2 2
-3160.5 -6600.9 1.2 272 0 11.4 27.8 14.0 3.5 2 1 4 0 0
-3159.2 -6588.7 1.5 271 0 11.3 10.8 14.0 3.5 4 0 4 1 1
-3160.0 -6576.3 1.6 273 0 11.0 11.9 14.0 3.5 2 1 4 2 2
-3143.4 -6602.1 1.4 270 0 16.4 20.5 14.0 3.5 4 1 4 0 0
-3137.4 -6577.5 1.7 274 0 31.4 11.0 14.0 3.5 2 0 4 1 1
-3103.6 -6639.6 2.5 91 0 10.6 26.3 14.0 0.0 0 1 4 5 5
-3074.5 -6613.2 3.3 359 0 9.2 12.7 14.0 3.5 2 1 4 0 0
-3063.0 -6596.1 3.5 0 0 11.0 9.4 14.0 3.5 2 0 4 4 4
-3054.2 -6629.1 4.6 180 0 25.0 7.9 17.5 3.5 2 0 5 2 2
-3055.0 -6594.4 3.9 181 0 17.1 8.5 17.5 3.5 2 0 5 3 3
-3020.0 -6585.3 4.4 270 0 9.6 14.6 17.5 3.5 2 1 5 4 4
-3010.6 -6584.8 4.4 270 0 8.5 14.3 17.5 3.5 4 1 5 0 0
-3002.4 -6584.5 4.4 270 0 6.4 16.5 17.5 3.5 2 1 5 3 3
-2972.2 -6590.9 4.7 0 0 18.0 8.2 17.5 3.5 2 0 5 1 1
-2957.2 -6622.3 4.2 360 0 13.5 10.6 17.5 3.5 2 0 5 3 3
-2957.2 -6634.2 4.0 359 0 8.4 7.1 17.5 3.5 2 0 5 0 0
-2952.9 -6626.8 4.2 179 0 9.4 18.3 17.5 3.5 4 1 5 0 0
-2946.2 -6578.7 4.9 269 0 16.8 22.2 17.5 3.5 4 1 5 0 0
-3092.5 -6560.3 2.1 184 0 9.0 22.6 17.5 3.5 2 1 5 4 4
-3095.4 -6549.3 1.7 180 0 11.3 9.6 17.5 3.5 2 0 5 5 5
-3094.2 -6536.0 1.8 179 0 11.3 17.7 17.5 0.0 0 1 5 2 2
-3091.6 -6515.3 2.1 179 0 6.7 14.1 17.5 0.0 0 1 5 1 1
-3086.3 -6497.0 2.4 180 0 17.0 8.0 17.5 3.5 2 0 5 4 4
-3082.4 -6408.9 1.4 173 0 13.6 18.2 17.5 3.5 2 1 5 4 4
-3098.0 -6338.7 -2.8 166 0 6.9 7.5 17.5 0.0 0 1 5 1 1
-3087.3 -6345.3 -1.7 166 0 17.4 8.6 17.5 0.0 0 0 5 1 1
-3074.3 -6340.3 -1.1 166 0 22.1 11.0 17.5 3.5 2 0 5 0 0
-3054.2 -6341.2 1.1 344 0 9.7 6.1 17.5 3.5 2 0 5 0 0
-3073.1 -6321.4 -2.0 158 0 10.2 9.9 17.5 3.5 2 0 5 2 2
-3048.5 -6338.0 2.1 255 0 9.1 73.2 17.5 3.5 2 1 5 5 5
-3031.7 -6458.8 3.5 191 0 11.8 16.6 17.5 3.5 2 1 5 2 2
-3039.4 -6315.7 -0.9 330 0 30.0 10.1 17.5 3.5 2 0 5 3 3
-3036.2 -6331.3 2.1 239 0 10.1 35.1 17.5 3.5 4 1 5 3 3
-3006.7 -6372.6 1.9 329 0 29.2 10.9 17.5 3.5 2 0 5 5 5
-2995.1 -6403.5 1.6 358 0 14.0 20.1 17.5 0.0 0 1 5 2 2
-3025.8 -6436.2 3.1 164 0 28.7 11.6 17.5 3.5 2 0 5 4 4
-2988.3 -6432.1 2.0 352 0 25.7 8.9 17.5 3.5 2 0 5 2 2
-2985.2 -6459.0 2.5 354 0 24.2 9.0 17.5 3.5 2 0 5 5 5
-2982.6 -6483.2 2.4 353 0 21.3 8.5 17.5 3.5 2 0 5 3 3
-2989.6 -6513.3 2.7 346 0 30.2 11.0 17.5 3.5 2 0 5 2 2
-2986.5 -6548.9 3.9 72 0 9.2 10.9 17.5 3.5 2 1 5 2 2
-2968.2 -6566.4 4.7 85 0 8.7 6.9 17.5 3.5 4 0 5 3 3
-2957.8 -6565.5 4.8 84 0 6.8 9.6 17.5 3.5 2 1 5 0 0
-2944.9 -6556.3 4.8 357 0 7.9 9.3 17.5 3.5 2 1 5 2 2
-2961.5 -6543.0 4.0 356 0 14.4 10.3 17.5 3.5 4 0 5 2 2
-2957.9 -6524.0 3.5 355 0 12.6 14.0 17.5 3.5 2 1 5 5 5
-2966.8 -6508.5 2.9 355 0 17.9 9.7 17.5 3.5 2 0 5 2 2
-2960.9 -6482.8 2.3 354 0 9.0 17.5 17.5 3.5 2 1 5 4 4
-2964.4 -6469.4 1.9 356 0 13.7 11.2 17.5 3.5 2 0 5 5 5
-2971.8 -6450.2 2.1 355 0 20.8 11.5 17.5 3.5 2 0 5 4 4
-2958.7 -6444.5 1.6 355 0 11.3 10.1 17.5 0.0 0 0 5 3 3
-2960.2 -6413.5 0.7 351 0 14.4 15.6 17.5 3.5 4 1 5 0 0
-2990.6 -6385.7 1.2 329 0 9.2 9.7 17.5 3.5 2 1 5 2 2
-2962.6 -6390.4 0.0 348 0 15.6 18.2 17.5 3.5 2 1 5 5 5
-2995.3 -6366.1 1.4 329 0 13.8 8.0 17.5 3.5 2 0 5 4 4
-2979.1 -6357.6 0.3 332 0 19.5 7.2 17.5 3.5 2 0 5 5 5
-2990.1 -6338.3 0.6 328 0 20.2 10.9 17.5 3.5 2 0 5 5 5
-3026.4 -6322.0 1.1 245 0 10.4 13.1 17.5 0.0 0 1 5 0 0
-3050.8 -6297.4 -2.4 327 0 9.8 14.1 17.5 3.5 2 1 5 1 1
-3033.6 -6301.7 -0.7 334 0 16.2 10.1 17.5 3.5 2 0 5 3 3
-3014.2 -6297.6 -2.1 54 0 14.5 10.9 17.5 3.5 2 0 5 1 1
-2969.5 -6337.2 -1.6 153 0 18.1 9.1 17.5 3.5 2 0 5 5 5
-2975.2 -6314.7 -2.2 153 0 15.8 9.9 17.5 3.5 2 0 5 1 1
-3104.7 -6321.8 -5.0 172 0 9.9 14.6 17.5 3.5 2 1 5 2 2
-3095.6 -6291.3 -6.7 263 0 14.9 17.3 17.5 3.5 2 1 5 3 3
-3067.3 -6273.0 -5.2 237 0 10.0 11.4 17.5 3.5 2 1 5 0 0
-3055.2 -6267.3 -4.6 242 0 10.7 12.8 17.5 3.5 2 1 5 1 1
-3038.3 -6275.2 -2.6 242 0 9.4 8.4 17.5 3.5 2 0 5 4 4
-3034.3 -6257.0 -4.3 244 0 9.8 23.4 17.5 0.0 0 1 5 5 5
-3019.9 -6253.0 -4.9 249 0 9.1 14.2 17.5 3.5 4 1 5 5 5
-3003.8 -6249.2 -5.6 247 0 11.2 8.7 17.5 3.5 2 0 5 3 3
-3026.6 -6199.4 -9.5 337 0 10.9 10.0 17.5 3.5 2 0 5 2 2
-3020.3 -6213.8 -8.4 336 0 10.7 12.0 17.5 3.5 2 1 5 1 1
-3010.0 -6228.1 -7.6 336 0 16.1 10.5 17.5 0.0 0 0 5 5 5
-2999.3 -6223.7 -8.3 161 0 12.5 7.4 17.5 3.5 2 0 5 0 0
-2997.0 -6239.4 -7.3 157 0 12.2 10.7 17.5 0.0 0 0 5 1 1
-3004.8 -6209.1 -9.0 158 0 10.4 8.0 17.5 3.5 2 0 5 3 3
-3011.7 -6194.7 -9.8 155 0 17.2 9.9 17.5 3.5 2 0 5 5 5
-3020.9 -6177.1 -10.5 139 0 9.3 12.8 17.5 3.5 2 1 5 0 0
-3009.2 -6156.3 -10.7 244 0 7.9 19.1 17.5 0.0 0 1 5 2 2
-3899.5 -5996.9 4.8 279 0 7.4 13.5 14.0 3.5 2 1 4 5 5
-4200.2 -6393.4 -5.2 182 0 11.2 15.2 14.0 3.5 2 1 4 5 5
-4200.5 -6409.6 -4.6 182 0 14.3 12.2 14.0 0.0 0 0 4 4 4
-4252.7 -6441.5 -2.7 184 0 23.4 11.5 12.5 2.5 2 0 5 3 3
-4261.2 -6379.3 -5.1 2 0 12.2 20.4 2.5 2.5 2 1 1 4 4
-4261.5 -6399.2 -4.1 3 0 13.3 16.8 2.5 2.5 2 1 1 1 1
-4264.1 -6422.6 -3.0 4 0 17.6 14.6 12.5 2.5 2 0 5 2 2
-4217.0 -6446.7 -2.9 4 0 17.6 16.4 7.5 2.5 4 0 3 5 5
-4215.8 -6413.9 -3.9 4 0 13.7 14.8 7.5 2.5 2 1 3 2 2
-3306.0 -6473.5 3.7 187 0 21.4 17.0 17.5 3.5 4 0 5 2 2
-3239.8 -6518.6 1.3 104 0 13.4 16.8 17.5 3.5 2 1 5 3 3
-991.5 -66.9 12.4 43 0 17.8 18.5 10.0 2.5 2 1 4 4 4
-926.5 49.6 10.4 100 0 8.1 10.8 5.0 2.5 2 1 2 3 3
-979.8 70.5 7.5 194 0 13.6 11.5 5.0 0.0 0 0 2 2 2
-892.3 82.2 8.6 5 0 13.7 13.9 7.5 2.5 4 1 3 2 2
-947.6 26.8 9.6 105 0 6.4 6.5 5.0 2.5 2 1 2 1 1
-3208.3 -6412.0 -2.6 260 0 10.2 44.0 17.5 0.0 0 1 5 0 0
-3198.5 -6659.5 0.0 88 0 11.6 46.1 14.0 3.5 2 1 4 4 4
-3192.5 -6600.1 1.1 266 0 7.5 12.8 14.0 3.5 2 1 4 4 4
-4405.0 -6345.4 -7.0 180 0 17.2 11.6 7.5 2.5 2 0 3 5 5
-4359.2 -6381.2 -4.8 8 0 19.4 13.0 12.5 2.5 2 0 5 2 2
-4400.6 -6304.7 -9.8 264 0 14.8 9.5 5.0 2.5 2 0 2 4 4
-4346.0 -6319.6 -7.7 4 0 8.9 17.3 10.0 2.5 2 1 4 0 0
-4493.7 -6450.7 -6.1 171 0 22.7 7.7 5.0 2.5 4 0 2 3 3
-4535.2 -6340.9 -13.0 141 0 7.0 15.1 7.5 2.5 2 1 3 3 3
-4482.5 -6361.7 -9.4 173 0 21.3 10.1 10.0 2.5 2 0 4 4 4
-4466.3 -6447.9 -5.5 175 0 16.7 12.4 7.5 2.5 2 0 3 2 2
-4323.3 -6405.1 -3.5 185 0 21.8 18.1 10.0 2.5 2 0 4 2 2
-3266.1 -6630.4 2.4 186 0 15.1 8.3 14.0 3.5 2 0 4 0 0
-3282.2 -6579.9 3.4 188 0 14.0 17.0 14.0 3.5 2 1 4 0 0
-3216.8 -6721.3 -0.7 185 0 7.6 18.6 14.0 3.5 2 1 4 3 3
-2892.5 -6555.1 5.1 355 0 14.0 7.1 17.5 3.5 2 0 5 5 5
-2903.6 -6512.1 3.8 348 0 9.2 16.2 17.5 3.5 2 1 5 1 1
-2950.1 -6654.3 3.6 180 0 19.4 16.8 17.5 0.0 0 0 5 3 3
-2964.3 -6698.7 2.7 173 0 14.6 10.0 17.5 0.0 0 0 5 5 5
-2946.2 -6709.3 2.6 182 0 8.9 9.5 17.5 3.5 2 1 5 1 1
-2912.6 -6708.5 1.7 7 0 16.5 11.1 17.5 3.5 2 0 5 4 4
-2911.2 -6690.8 2.7 2 0 19.0 11.5 17.5 0.0 0 0 5 2 2
-2943.3 -6518.1 3.5 171 0 17.0 12.1 17.5 3.5 2 0 5 4 4
-2879.0 -6507.2 3.4 83 0 11.6 16.8 17.5 3.5 2 1 5 4 4
-2807.7 -6528.5 4.8 356 0 21.9 13.3 17.5 3.5 2 0 5 5 5
-2846.3 -6509.6 4.3 170 0 8.7 11.8 17.5 3.5 2 1 5 1 1
-2833.1 -6577.8 5.5 267 0 10.2 21.5 17.5 3.5 2 1 5 2 2
-2866.9 -6614.1 5.5 170 0 21.4 12.6 17.5 3.5 2 0 5 3 3
-2864.1 -6632.6 5.0 173 0 15.9 12.7 17.5 3.5 2 0 5 2 2
-2848.5 -6579.8 5.5 267 0 11.5 20.3 17.5 3.5 2 1 5 0 0
-2697.4 -6666.3 -4.2 157 0 10.8 13.6 17.5 3.5 4 1 5 2 2
-2644.7 -6667.6 -6.3 331 0 7.0 23.1 17.5 3.5 4 1 5 0 0
-2724.8 -6620.5 0.8 149 0 9.9 11.7 17.5 3.5 2 1 5 3 3
-2785.7 -6672.1 0.6 169 0 14.8 17.1 17.5 3.5 4 1 5 0 0
-2928.0 -6737.4 0.7 105 0 8.7 11.4 17.5 3.5 2 1 5 1 1
-2948.1 -6482.8 2.5 173 0 11.2 12.8 17.5 3.5 4 1 5 2 2
-3105.3 -6720.6 0.1 84 0 12.3 15.7 14.0 3.5 2 1 4 4 4
-3115.6 -6721.6 -0.2 85 0 8.4 15.7 14.0 0.0 0 1 4 0 0
-3317.9 -6430.2 3.6 9 0 18.3 22.5 14.0 3.5 2 1 4 0 0
-3371.8 -6422.0 2.4 8 0 17.7 14.1 17.5 3.5 2 0 5 3 3
-3328.8 -6459.1 4.8 99 0 19.5 17.8 14.0 3.5 2 0 4 2 2
-3390.9 -6456.8 4.2 283 0 10.9 24.9 17.5 3.5 2 1 5 0 0
-3358.2 -6504.7 4.7 186 0 20.9 17.6 17.5 3.5 2 0 5 3 3
-3378.3 -6483.6 4.4 5 0 15.5 7.0 17.5 3.5 2 0 5 2 2
-3304.7 -6352.3 -1.3 11 0 19.4 12.5 14.0 0.0 0 0 4 5 5
-3447.1 -6461.0 3.6 10 0 18.9 11.6 17.5 0.0 0 0 5 0 0
-3442.9 -6439.9 3.1 12 0 24.2 12.1 17.5 3.5 2 0 5 0 0
-3436.4 -6406.1 0.6 10 0 23.1 12.4 17.5 3.5 4 0 5 2 2
-3414.6 -6328.6 -6.3 96 0 9.9 23.3 17.5 3.5 2 1 5 1 1
-3400.6 -6333.9 -5.1 99 0 6.7 15.7 17.5 0.0 0 1 5 2 2
-3524.7 -6489.1 2.6 13 0 29.5 12.3 17.5 3.5 2 0 5 2 2
-3535.4 -6335.0 -3.3 14 0 10.2 6.9 17.5 0.0 0 0 5 4 4
-3526.0 -6336.9 -3.4 199 0 15.4 11.3 17.5 3.5 4 0 5 5 5
-3335.6 -6593.7 5.5 191 0 17.0 14.5 14.0 3.5 2 0 4 4 4
-3444.4 -6493.2 3.1 183 0 35.5 9.7 17.5 3.5 2 0 5 1 1
-3351.9 -6406.5 2.5 190 0 13.2 14.3 14.0 0.0 0 1 4 0 0
-4018.6 -6004.9 -3.2 187 0 13.4 14.2 14.0 3.5 2 1 4 5 5
-3994.3 -5972.8 -1.1 6 0 7.6 9.5 14.0 0.0 0 1 4 2 2
-3957.3 -5972.6 1.9 180 0 10.9 8.0 14.0 0.0 0 0 4 1 1
-4198.0 -6486.3 -1.9 94 0 12.8 20.3 14.0 3.5 2 1 4 5 5
-3994.9 -6343.6 -9.5 200 0 17.1 32.9 14.0 3.5 2 1 4 1 1
-3904.4 -6029.8 2.7 4 0 13.5 16.2 14.0 3.5 2 1 4 3 3
-3936.5 -6013.9 2.3 191 0 8.9 12.0 14.0 3.5 2 1 4 4 4
-3851.0 -6067.3 4.0 194 0 6.7 21.8 10.5 3.5 2 1 3 0 0
-3804.3 -6092.9 2.2 26 0 11.9 14.5 10.5 3.5 2 1 3 2 2
-3761.9 -6043.6 1.3 6 0 15.1 13.6 10.5 3.5 2 0 3 1 1
-3767.2 -6186.4 -0.1 1 0 15.4 13.0 10.5 3.5 2 0 3 0 0
-3778.4 -6149.8 0.4 84 0 6.2 10.4 10.5 3.5 2 1 3 3 3
-3637.6 -6062.1 -5.8 265 0 21.4 6.7 17.5 3.5 2 0 5 2 2
-3561.7 -6170.6 -7.1 312 0 7.2 7.6 17.5 3.5 2 1 5 1 1
-3548.2 -6408.6 0.8 193 0 42.6 28.2 17.5 0.0 0 0 5 5 5
-3552.8 -6369.0 -0.6 24 0 9.2 8.2 17.5 3.5 2 0 5 5 5
-3581.3 -6444.5 1.2 5 0 7.2 9.6 17.5 3.5 2 1 5 3 3
-3624.8 -6392.0 0.5 179 0 11.8 13.3 17.5 3.5 2 1 5 3 3
-3646.2 -6264.9 -5.2 154 0 23.0 20.4 17.5 3.5 4 0 5 3 3
-3674.8 -6389.2 2.3 2 0 13.6 6.9 10.5 3.5 2 0 3 0 0
-3683.7 -6261.4 -2.8 174 0 9.4 14.0 17.5 3.5 2 1 5 2 2
-3644.8 -6517.9 2.6 279 0 8.0 19.0 17.5 3.5 2 1 5 2 2
-3569.8 -6524.7 2.9 277 0 6.4 7.1 17.5 3.5 2 1 5 4 4
-3557.6 -6478.9 2.3 187 0 6.8 10.6 17.5 3.5 4 1 5 2 2
-3699.5 -6454.5 3.2 184 0 26.0 10.9 10.5 3.5 2 0 3 1 1
-3700.7 -6490.3 2.8 180 0 24.9 9.7 10.5 3.5 2 0 3 4 4
-3715.1 -6417.3 3.4 5 0 20.5 14.3 10.5 3.5 4 0 3 3 3
-3725.8 -6599.0 0.8 20 0 6.1 8.7 10.5 3.5 2 1 3 5 5
-3774.1 -6541.7 4.6 223 0 28.9 9.2 10.5 3.5 2 0 3 2 2
-3763.4 -6651.2 0.5 38 0 11.2 22.1 10.5 3.5 2 1 3 4 4
-3812.1 -6576.7 3.0 247 0 8.5 9.7 10.5 3.5 2 1 3 1 1
-3932.1 -6424.7 -4.9 109 0 10.6 13.8 14.0 3.5 2 1 4 5 5
-4090.1 -6500.5 -1.4 198 0 13.9 10.6 14.0 3.5 2 0 4 1 1
-4166.0 -6488.9 -1.7 192 0 16.6 12.5 14.0 3.5 2 0 4 2 2
-4160.8 -6468.5 -2.5 194 0 16.7 10.5 14.0 3.5 2 0 4 1 1
-4138.3 -6491.1 -1.6 15 0 11.3 11.4 14.0 3.5 2 1 4 3 3
-4156.2 -6524.9 0.1 280 0 11.0 10.5 5.0 2.5 2 0 2 4 4
-4098.7 -6532.4 -0.5 101 0 10.0 13.6 14.0 3.5 2 1 4 1 1
-4155.8 -6360.5 -6.9 13 0 9.9 17.0 14.0 3.5 2 1 4 2 2
-4153.2 -6351.2 -7.5 18 0 9.5 21.0 14.0 0.0 0 1 4 2 2
-4150.3 -6341.8 -8.1 17 0 10.2 21.2 14.0 3.5 4 1 4 0 0
-4149.6 -6320.6 -9.4 20 0 15.7 12.0 14.0 3.5 2 0 4 2 2
-3708.1 -6333.0 1.5 351 0 9.7 12.6 10.5 0.0 0 1 3 4 4
-3741.1 -6320.5 1.2 177 0 14.6 7.6 10.5 3.5 2 0 3 5 5
-4024.2 -6572.2 0.3 266 0 8.1 11.5 10.5 3.5 2 1 3 3 3
-3644.2 -6592.8 1.8 99 0 8.3 37.4 17.5 3.5 2 1 5 4 4
-4090.2 -6607.4 -1.3 176 0 11.9 13.0 10.5 0.0 0 1 3 1 1
-3706.0 -6125.8 -5.5 173 0 9.4 6.8 17.5 3.5 2 0 5 3 3
-3694.2 -6185.1 -5.5 166 0 13.0 16.1 17.5 0.0 0 1 5 3 3
-3312.2 -6408.8 2.5 11 0 18.2 17.0 14.0 3.5 2 0 4 0 0
-3347.8 -6384.5 1.1 186 1 15.4 15.2 14.0 3.5 2 0 4 1 1
-3341.1 -6359.5 -0.9 188 0 24.9 10.9 14.0 3.5 2 0 4 4 4
-3307.1 -6372.7 0.5 4 1 10.6 13.0 14.0 0.0 0 1 4 3 3
-3310.8 -6390.6 1.6 5 1 11.5 13.9 14.0 3.5 2 1 4 5 5
-3352.4 -6321.6 -4.3 6 1 13.6 14.0 17.5 3.5 2 1 5 2 2
-3416.1 -6510.4 3.4 97 0 14.1 25.9 17.5 3.5 2 1 5 4 4
-3377.2 -6572.1 3.9 3 0 23.5 15.2 14.0 3.5 4 0 4 5 5
-3374.2 -6625.6 5.5 358 1 12.7 16.4 14.0 3.5 2 1 4 5 5
-3313.7 -6634.5 5.5 97 1 14.8 10.2 14.0 3.5 4 0 4 2 2
-3252.3 -6592.5 1.8 92 0 18.7 16.7 14.0 3.5 2 0 4 3 3
-3252.6 -6617.7 0.9 183 0 23.3 18.1 14.0 3.5 4 0 4 2 2
-3241.5 -6554.8 2.1 281 1 14.9 14.1 14.0 3.5 2 0 4 3 3
-3225.0 -6559.6 1.8 281 0 16.3 16.0 14.0 3.5 2 0 4 3 3
-3289.3 -6550.5 4.4 8 1 15.6 15.9 14.0 3.5 2 1 4 3 3
-3298.7 -6588.3 5.1 354 0 9.5 19.6 14.0 0.0 0 1 4 3 3
-3276.9 -6626.6 3.6 13 1 10.2 13.9 14.0 3.5 2 1 4 3 3
-3331.7 -6577.8 5.5 188 1 10.5 13.1 14.0 3.5 2 1 4 0 0
-3335.5 -6541.8 4.5 5 0 14.3 26.1 14.0 3.5 2 1 4 4 4
-3320.2 -6509.0 5.0 7 0 18.8 18.1 17.5 3.5 2 0 5 0 0
-3317.3 -6490.3 5.1 8 0 16.0 17.8 17.5 3.5 2 1 5 3 3
-3347.7 -6467.1 4.7 7 0 6.5 18.9 17.5 3.5 2 1 5 0 0
-3376.5 -6441.3 3.8 7 1 14.6 14.6 17.5 3.5 2 0 5 1 1
-3397.8 -6453.8 4.0 6 1 18.0 12.3 17.5 3.5 2 0 5 4 4
-3423.4 -6433.6 3.0 189 0 10.0 27.2 17.5 3.5 2 1 5 2 2
-3514.5 -6437.2 1.5 12 0 69.9 10.8 17.5 3.5 2 0 5 1 1
-3500.6 -6365.6 -2.5 15 0 25.4 17.8 17.5 3.5 2 0 5 4 4
-3434.1 -6383.0 -0.8 11 0 13.8 10.4 17.5 0.0 0 0 5 4 4
-3430.8 -6363.4 -2.5 8 0 18.6 9.1 17.5 3.5 4 0 5 2 2
-3432.2 -6339.2 -4.7 105 0 9.4 14.5 17.5 3.5 2 1 5 1 1
-3419.5 -6384.0 -1.3 128 0 10.3 12.0 17.5 3.5 2 1 5 4 4
-3404.8 -6404.1 0.8 188 0 11.2 16.4 17.5 3.5 2 1 5 4 4
-3398.2 -6391.2 0.2 190 0 8.9 15.1 17.5 3.5 2 1 5 4 4
-3364.0 -6370.9 -0.6 4 0 13.9 11.4 17.5 3.5 2 0 5 2 2
-3380.8 -6338.3 -2.9 241 0 9.9 25.8 17.5 3.5 2 1 5 0 0
-3427.4 -6419.6 1.5 172 0 15.0 11.4 17.5 3.5 2 0 5 3 3
-3438.5 -6458.0 3.8 179 0 23.2 22.1 17.5 0.0 0 0 5 1 1
-3363.6 -6502.6 3.7 7 0 22.4 40.7 17.5 0.0 0 1 5 3 3
-3383.8 -6525.0 3.6 274 0 27.1 21.0 14.0 3.5 2 0 4 5 5
-3405.2 -6587.2 4.4 182 0 8.8 11.2 14.0 0.0 0 1 4 0 0
-3410.5 -6572.6 3.9 177 0 18.2 14.9 14.0 3.5 2 0 4 3 3
-3408.8 -6556.3 3.5 170 0 12.1 11.2 14.0 3.5 2 0 4 4 4
-3415.9 -6530.8 3.3 183 0 12.1 12.9 14.0 3.5 2 1 4 3 3
-3439.0 -6561.6 3.6 191 0 12.2 21.4 14.0 3.5 4 1 4 0 0
-3421.6 -6528.2 3.3 359 0 14.5 14.3 14.0 3.5 2 0 4 0 0
-3448.4 -6552.5 3.6 346 0 17.5 11.9 14.0 3.5 4 0 4 0 0
-3443.1 -6596.9 4.3 348 0 15.8 9.1 14.0 3.5 2 0 4 2 2
-3462.5 -6618.3 4.7 167 0 20.1 11.4 14.0 0.0 0 0 4 5 5
-3433.8 -6638.6 5.1 348 0 24.6 10.3 14.0 3.5 2 0 4 0 0
-3480.3 -6537.1 3.6 171 0 15.0 16.1 14.0 3.5 2 1 4 2 2
-3462.1 -6470.7 3.4 6 0 36.5 10.3 17.5 3.5 2 0 5 4 4
-3472.8 -6479.1 3.4 10 0 13.5 13.2 17.5 3.5 2 0 5 0 0
-3509.4 -6469.9 2.8 182 0 23.2 18.3 17.5 3.5 2 0 5 2 2
-3498.4 -6400.0 0.8 192 0 21.7 17.6 17.5 3.5 2 0 5 4 4
-3226.9 -6608.1 0.7 189 0 10.7 21.0 14.0 3.5 2 1 4 3 3
-3333.3 -6311.8 -4.1 99 0 16.6 15.4 17.5 3.5 2 0 5 5 5
-5179.2 3161.8 -7.6 345 0 8.7 7.6 14.0 3.5 2 0 4 2 2
-5177.6 3149.8 -7.5 354 0 12.1 12.3 14.0 3.5 2 1 4 0 0
-5156.0 3136.9 -6.2 180 0 11.7 11.3 10.5 3.5 2 0 3 0 0
-3674.9 -5566.2 1.3 190 0 16.4 7.9 2.5 2.5 2 0 1 5 5
-3654.9 -5477.6 2.7 193 0 14.9 6.7 5.0 2.5 2 0 2 4 4
-3634.6 -5439.3 3.5 13 0 16.0 9.9 7.5 0.0 0 0 3 5 5
-3614.5 -5691.7 0.4 2 0 14.5 26.0 10.5 3.5 2 1 3 4 4
-3655.9 -5688.2 0.5 184 0 10.5 14.0 10.5 3.5 2 1 3 5 5
-3660.5 -5705.3 0.5 179 0 11.5 14.9 10.5 3.5 2 1 3 5 5
-3658.1 -5727.6 0.4 182 0 17.6 11.2 10.5 3.5 2 0 3 0 0
-3646.2 -5767.4 0.0 178 0 32.9 22.6 10.5 0.0 0 0 3 5 5
-3664.1 -5805.2 1.2 182 0 16.4 9.9 10.5 3.5 2 0 3 1 1
-3663.8 -5822.6 1.2 180 0 11.3 8.4 10.5 3.5 4 0 3 4 4
-3661.8 -5834.2 1.0 177 0 8.2 8.3 10.5 3.5 2 1 3 1 1
-3683.9 -5969.4 -2.7 95 0 7.8 10.0 10.5 3.5 2 1 3 4 4
-3704.3 -5992.6 -3.0 14 0 8.0 7.8 10.5 3.5 2 0 3 5 5
-3684.0 -5976.0 -4.1 286 0 8.4 10.1 17.5 3.5 4 1 5 3 3
-3692.2 -5992.3 -4.3 194 0 10.6 6.5 17.5 3.5 2 0 5 1 1
-3698.6 -6009.5 -4.2 197 0 13.0 9.7 17.5 3.5 2 0 5 1 1
-3700.7 -6031.4 -5.4 199 0 7.5 7.5 17.5 3.5 2 0 5 5 5
-3711.9 -6032.3 -3.9 4 0 8.2 6.1 14.0 3.5 4 0 4 5 5
-3720.3 -6035.7 -3.1 12 0 6.9 14.6 14.0 3.5 2 1 4 1 1
-3728.4 -6004.8 -2.0 281 0 14.1 10.0 14.0 3.5 2 0 4 2 2
-3641.5 -6429.5 1.5 178 0 7.7 22.8 17.5 3.5 2 1 5 5 5
-3642.0 -6410.6 1.6 179 0 7.7 9.3 17.5 3.5 2 1 5 2 2
-3642.2 -6420.2 1.8 179 0 9.7 8.9 17.5 3.5 2 0 5 5 5
-3632.5 -6390.0 1.0 179 0 7.9 6.9 17.5 3.5 2 0 5 0 0
-3634.0 -6402.6 0.9 181 0 6.9 20.6 17.5 3.5 2 1 5 3 3
-3655.1 -6311.2 -1.5 161 0 6.6 8.9 17.5 3.5 2 1 5 4 4
-3659.4 -6300.8 -2.1 159 0 15.0 11.2 17.5 3.5 2 0 5 5 5
-3662.7 -6262.1 -3.9 179 0 17.1 10.9 17.5 3.5 2 0 5 1 1
-3668.6 -6278.3 -2.7 178 0 10.6 10.8 17.5 3.5 2 1 5 0 0
-3725.7 -6141.3 -2.4 357 0 6.3 10.7 14.0 3.5 2 1 4 0 0
-3704.3 -6229.5 -2.3 20 0 7.9 19.4 14.0 3.5 2 1 4 0 0
-3724.4 -6238.8 -1.4 139 0 18.5 6.9 14.0 3.5 2 0 4 1 1
-3815.0 -4779.0 4.5 359 0 6.1 8.2 7.5 2.5 2 1 3 4 4
-3840.8 -4462.5 4.0 358 0 8.2 9.2 7.5 2.5 2 1 3 0 0
-3842.4 -4492.9 3.2 358 0 10.4 9.3 10.0 2.5 2 0 4 4 4
-3840.1 -4545.7 3.4 357 0 11.2 12.5 5.0 2.5 2 1 2 0 0
-3838.0 -4579.9 5.4 344 0 7.8 10.9 10.0 2.5 2 1 4 1 1
-3841.8 -4592.3 5.8 343 0 6.5 7.3 7.5 0.0 0 1 3 1 1
-3827.0 -4593.6 5.5 343 0 6.2 12.2 5.0 2.5 2 1 2 0 0
-3828.1 -4615.1 6.0 350 0 11.2 14.6 7.5 2.5 2 1 3 3 3
-3815.8 -4653.3 4.7 352 0 7.8 11.1 7.5 2.5 2 1 3 0 0
-3808.9 -4673.2 5.0 340 0 12.9 11.7 5.0 2.5 2 0 2 4 4
-3797.5 -4691.9 5.8 329 0 12.6 8.6 7.5 2.5 2 0 3 3 3
-3747.2 -4686.7 8.1 339 0 10.7 19.7 7.5 2.5 2 1 3 3 3
-3739.3 -4755.3 8.5 67 0 10.5 8.6 7.5 2.5 2 0 3 0 0
-3736.7 -4738.9 8.3 340 0 7.1 13.6 7.5 2.5 2 1 3 0 0
-3754.8 -4764.9 8.0 74 0 7.5 10.3 7.5 2.5 2 1 3 2 2
-3766.2 -4767.2 7.2 78 0 11.0 10.3 10.0 2.5 2 0 4 3 3
-3865.4 -4907.4 8.4 0 0 10.8 8.3 5.0 0.0 0 0 2 3 3
-3808.6 -4807.1 6.1 215 0 13.6 7.2 7.5 2.5 2 0 3 1 1
-3826.6 -4849.4 7.0 136 0 7.6 34.3 10.0 2.5 2 1 4 1 1
-3836.7 -4869.1 7.6 197 0 30.0 7.6 7.5 2.5 2 0 3 4 4
-3837.5 -4915.7 9.2 169 0 31.7 8.6 10.0 2.5 4 0 4 2 2
-3788.3 -5131.6 7.9 158 0 11.2 30.6 12.5 2.5 2 1 5 4 4
-3677.6 -5110.1 11.6 2 0 6.9 17.3 7.5 2.5 4 1 3 5 5
-3713.2 -5107.7 11.4 147 0 6.7 13.2 7.5 0.0 0 1 3 3 3
-3623.9 -5184.6 7.6 275 0 8.9 9.1 2.5 2.5 2 1 1 5 5
-3701.5 -5203.8 7.3 132 0 26.7 10.9 7.5 2.5 2 0 3 4 4
-3596.8 -5315.9 5.7 21 0 7.0 6.1 2.5 2.5 2 0 1 0 0
-3584.0 -5307.8 6.0 21 0 11.3 13.8 7.5 2.5 2 1 3 3 3
-3576.8 -5292.9 6.3 17 0 7.5 21.1 5.0 2.5 2 1 2 1 1
-3614.1 -5302.2 5.6 199 0 9.6 8.7 2.5 2.5 4 0 1 5 5
-3615.2 -5333.4 4.8 197 0 8.6 7.1 7.5 2.5 4 0 3 0 0
-3607.7 -5377.1 4.1 17 0 8.1 7.5 5.0 2.5 2 0 2 1 1
-3608.6 -5359.9 4.1 14 0 10.5 9.3 7.5 2.5 2 0 3 1 1
-3666.5 -5294.9 2.5 192 0 32.1 18.6 10.0 2.5 2 0 4 5 5
-3671.6 -5343.3 1.1 193 0 36.5 20.2 7.5 0.0 0 0 3 5 5
-3659.0 -5396.4 1.5 13 0 34.2 18.1 10.0 0.0 0 0 4 1 1
-3609.6 -5430.9 4.5 192 0 11.7 19.2 10.5 3.5 4 1 3 1 1
-3620.7 -5401.7 3.5 20 0 7.4 9.7 7.5 2.5 2 1 3 4 4
-3716.3 -5570.1 1.1 190 0 35.5 20.5 7.5 0.0 0 0 3 5 5
-3655.5 -5657.2 1.2 180 0 6.6 10.4 10.5 3.5 2 1 3 5 5
-3596.4 -5758.3 0.1 4 0 14.7 24.8 10.5 0.0 0 1 3 4 4
-3643.2 -5861.7 -0.7 180 0 11.6 30.2 10.5 3.5 2 1 3 1 1
-3612.9 -5837.9 -0.6 3 0 19.0 19.1 10.5 3.5 2 1 3 3 3
-3643.4 -5836.8 0.2 181 0 19.7 9.7 10.5 3.5 2 0 3 3 3
-3607.1 -5809.1 -0.6 10 0 36.1 33.9 10.5 0.0 0 0 3 2 2
-3715.5 -6283.3 -0.1 318 0 28.5 47.7 10.5 3.5 2 1 3 2 2
-3783.0 -6217.7 0.4 184 0 14.9 9.2 10.5 3.5 2 0 3 5 5
-3762.1 -6157.8 -0.2 359 0 11.2 18.7 10.5 3.5 2 1 3 0 0
-3783.9 -6170.5 0.4 176 0 11.7 6.2 10.5 3.5 2 0 3 4 4
-3764.2 -6169.1 -0.2 356 0 9.7 12.3 10.5 3.5 2 1 3 3 3
-3761.6 -6021.9 1.6 27 0 13.8 6.2 10.5 3.5 2 0 3 2 2
-3708.6 -5911.3 1.4 29 0 13.3 6.4 10.5 3.5 2 0 3 5 5
-3697.0 -5895.6 1.9 19 0 12.3 14.5 10.5 3.5 2 1 3 2 2
-3801.3 -4387.1 6.4 358 0 8.6 20.4 7.5 0.0 0 1 3 3 3
-3838.4 -4277.5 2.8 5 0 8.1 7.4 5.0 2.5 2 0 2 3 3
-3845.4 -4302.4 2.3 17 0 8.6 7.4 10.0 2.5 2 0 4 5 5
-3848.8 -4360.7 2.0 359 0 8.1 12.9 5.0 2.5 2 1 2 0 0
-3848.2 -4390.8 3.4 0 0 12.5 11.5 7.5 2.5 2 0 3 3 3
-3867.7 -4405.0 3.3 180 0 10.1 7.5 5.0 2.5 2 0 2 3 3
-3852.4 -4405.0 3.9 359 0 7.1 7.4 7.5 2.5 2 1 3 3 3
-3845.3 -4417.6 4.5 358 0 13.1 8.1 2.5 2.5 2 0 1 1 1
-3686.9 -5057.0 13.0 246 0 6.7 17.3 5.0 2.5 2 1 2 0 0
-3816.0 -5028.9 11.9 341 0 8.1 7.9 7.5 2.5 2 0 3 2 2
-3866.9 -3636.4 -3.2 213 0 10.0 8.9 10.0 2.5 2 0 4 3 3
-3877.3 -3661.5 -2.6 210 0 6.7 10.8 7.5 2.5 2 1 3 0 0
-3875.3 -3634.5 -3.5 212 0 9.0 6.8 7.5 2.5 2 0 3 4 4
-3919.8 -3664.4 -3.8 31 0 11.2 8.0 7.5 2.5 2 0 3 3 3
-3896.4 -3685.0 -2.2 212 0 13.8 11.0 7.5 2.5 2 0 3 0 0
-3891.5 -3722.7 -0.5 33 0 7.9 14.3 7.5 2.5 2 1 3 4 4
-3934.7 -3737.0 0.2 217 0 8.8 9.5 2.5 0.0 0 1 1 2 2
-3911.3 -3746.3 0.3 35 0 20.8 14.1 12.5 2.5 2 0 5 0 0
-3943.3 -3767.1 0.6 198 0 11.7 18.9 7.5 2.5 2 1 3 5 5
-4004.9 -3753.4 0.2 358 0 9.3 10.0 2.5 2.5 2 1 1 5 5
-3988.0 -3883.1 -1.1 342 0 10.0 8.7 7.5 2.5 2 0 3 5 5
-3885.4 -3952.4 2.1 8 0 6.2 8.4 10.0 0.0 0 1 4 4 4
-3922.1 -3964.0 2.0 167 0 6.0 8.2 5.0 2.5 2 1 2 3 3
-3968.6 -3888.5 -1.3 285 0 15.5 11.7 5.0 2.5 2 0 2 0 0
-3872.6 -3964.0 2.5 206 0 20.4 10.1 7.5 2.5 2 0 3 2 2
-3840.9 -3959.8 1.6 282 0 9.1 7.6 5.0 2.5 2 0 2 1 1
-3811.4 -3919.6 -0.8 272 0 10.8 8.5 2.5 2.5 2 0 1 3 3
-3811.9 -3936.8 -0.5 93 0 11.7 7.5 7.5 2.5 2 0 3 5 5
-3829.2 -3939.0 0.1 76 0 9.0 9.3 5.0 2.5 2 1 2 3 3
-3774.6 -3934.3 -1.7 334 0 7.6 7.6 2.5 2.5 2 1 1 2 2
-3807.0 -3948.1 -0.5 157 0 7.8 11.9 5.0 2.5 4 1 2 0 0
-3793.5 -3958.6 -0.8 156 0 12.4 8.3 7.5 2.5 2 0 3 1 1
-3764.1 -3985.3 -2.0 129 0 9.0 14.9 10.0 2.5 2 1 4 2 2
-3770.3 -3994.4 -1.0 151 0 6.4 7.2 7.5 2.5 2 1 3 4 4
-3767.6 -4213.1 6.2 203 0 9.4 6.7 10.0 2.5 2 0 4 4 4
-3732.8 -4086.4 1.1 205 0 8.5 7.7 7.5 2.5 2 0 3 1 1
-3756.4 -4179.9 4.3 204 0 15.4 12.5 7.5 2.5 2 0 3 2 2
-3736.7 -4144.8 3.0 294 0 7.6 15.3 7.5 2.5 2 1 3 5 5
-3753.3 -4140.2 2.8 202 0 11.4 10.2 10.0 2.5 2 0 4 4 4
-3743.6 -4102.6 1.6 202 0 10.5 7.8 7.5 2.5 2 0 3 3 3
-3771.1 -4130.7 2.3 26 0 7.8 12.3 7.5 2.5 2 1 3 4 4
-3779.4 -4149.5 2.9 27 0 10.3 11.0 7.5 2.5 2 1 3 0 0
-3765.8 -4176.7 4.3 205 0 9.5 8.9 7.5 2.5 2 0 3 1 1
-3814.1 -4211.6 2.9 29 0 9.0 7.5 5.0 2.5 2 0 2 5 5
-3802.1 -4244.8 5.4 200 0 9.0 18.1 7.5 2.5 2 1 3 1 1
-3803.6 -4320.9 5.9 358 0 10.8 14.6 7.5 2.5 2 1 3 2 2
-3806.5 -4354.0 6.4 357 0 11.6 9.8 5.0 2.5 2 0 2 5 5
-3803.3 -4373.4 6.7 359 0 8.7 13.1 5.0 2.5 2 1 2 5 5
-3796.4 -4425.3 7.7 1 0 9.5 7.0 7.5 2.5 2 0 3 4 4
-3824.4 -4458.6 5.5 181 0 11.8 7.8 7.5 2.5 2 0 3 2 2
-3795.8 -4486.0 5.1 353 0 7.7 23.6 5.0 0.0 0 1 2 3 3
-3814.2 -4503.5 5.0 174 0 9.3 14.5 10.0 2.5 2 1 4 5 5
-3791.8 -4513.3 5.6 356 0 11.4 11.7 7.5 2.5 2 1 3 1 1
-3793.0 -4533.5 5.5 347 0 15.3 11.7 7.5 2.5 2 0 3 2 2
-3782.8 -4579.4 6.6 342 0 11.4 7.7 7.5 2.5 4 0 3 5 5
-3772.1 -4599.1 7.5 341 0 12.6 12.4 5.0 2.5 2 0 2 2 2
-3769.3 -4632.7 7.6 338 0 9.0 13.4 10.0 2.5 2 1 4 3 3
-3761.9 -4651.2 7.9 347 0 9.8 12.6 5.0 2.5 4 1 2 0 0
-3919.0 -3848.5 -1.6 344 0 8.3 19.8 12.5 0.0 0 1 5 5 5
-3950.9 -3847.9 -1.5 174 0 7.7 7.1 7.5 2.5 2 0 3 3 3
-3915.7 -3828.7 -0.9 348 0 9.8 19.8 5.0 2.5 4 1 2 3 3
-1314.7 -1179.7 8.8 13 0 10.5 11.6 7.5 2.5 2 1 3 3 3
-1637.6 -3158.6 9.6 307 0 9.2 10.0 10.0 2.5 2 1 4 4 4
-1377.5 -1156.8 4.3 105 0 9.7 9.8 5.0 2.5 2 1 2 5 5
-4042.1 3993.2 3.2 87 0 20.6 19.1 12.5 2.5 2 0 5 1 1
-1422.7 -2529.0 10.8 314 0 21.8 30.5 12.5 0.0 0 1 5 4 4
-1487.0 -2609.1 13.4 159 0 16.5 12.8 5.0 2.5 2 0 2 5 5
-1447.8 -2590.5 13.7 69 0 31.4 20.2 10.0 0.0 0 0 4 4 4
-1514.3 -2553.9 6.2 160 0 57.0 47.6 12.5 0.0 0 0 5 5 5
-1527.4 -2475.5 2.0 251 0 35.2 44.9 10.0 0.0 0 1 4 4 4
-1632.0 -2553.6 4.8 80 0 15.0 7.6 2.5 2.5 2 0 1 2 2
-1633.8 -2659.2 9.4 347 0 10.4 21.5 7.5 0.0 0 1 3 1 1
-1721.9 -2520.6 1.2 84 0 13.8 7.4 5.0 2.5 2 0 2 5 5
-1778.9 -2525.4 -0.9 170 0 31.1 46.9 10.0 0.0 0 1 4 2 2
-1584.7 -2531.6 1.2 92 0 23.7 40.1 10.0 2.5 2 1 4 4 4
-1646.6 -2525.3 1.5 94 0 91.8 30.7 10.0 0.0 0 0 4 4 4
-3411.0 -6543.3 3.3 182 0 8.7 9.4 14.0 3.5 2 1 4 2 2
-5344.7 5612.0 -1.0 136 0 10.3 10.0 7.5 2.5 4 0 3 4 4
-5315.4 5596.2 -1.9 7 0 11.0 13.9 2.5 2.5 2 1 1 4 4
-5153.3 5563.3 -0.4 274 0 9.6 14.4 7.5 2.5 4 1 3 3 3
-5241.2 5562.7 -1.7 108 0 9.2 12.1 7.5 2.5 2 1 3 0 0
-5205.4 5544.3 -2.2 113 0 13.1 7.0 2.5 2.5 2 0 1 0 0
-5141.8 5475.8 -7.0 298 0 14.2 12.7 5.0 2.5 2 0 2 0 0
-5256.6 5624.4 3.2 96 0 10.8 14.2 2.5 0.0 0 1 1 5 5
-4729.8 5374.1 -2.2 1 0 10.3 15.6 5.0 2.5 2 1 2 1 1
-4763.3 5412.8 0.8 349 0 15.2 8.9 2.5 2.5 2 0 1 1 1
-4790.4 5458.6 2.7 269 0 13.0 16.0 7.5 2.5 4 1 3 0 0
-4829.6 5421.7 0.1 261 0 12.7 8.9 5.0 2.5 2 0 2 5 5
-4867.9 5491.3 1.1 267 0 8.1 13.7 5.0 2.5 2 1 2 0 0
-4873.5 5412.4 -2.7 266 0 16.2 10.8 10.0 2.5 2 0 4 3 3
-4753.7 5326.7 -5.1 118 0 17.8 18.4 10.0 2.5 2 1 4 5 5
-4769.8 5273.6 -8.2 312 0 6.2 7.5 5.0 2.5 2 1 2 3 3
-4817.0 5325.2 -5.5 130 0 9.2 9.1 2.5 2.5 2 0 1 2 2
-4836.7 5337.3 -5.4 124 0 17.0 9.4 7.5 2.5 2 0 3 1 1
-5073.9 5494.9 -4.8 114 0 9.1 11.9 5.0 0.0 0 1 2 5 5
-4926.1 5401.6 -6.0 144 0 11.6 15.7 5.0 2.5 4 1 2 1 1
-5120.3 5531.7 -2.5 289 0 14.7 8.7 10.0 2.5 2 0 4 0 0
-4926.3 5374.1 -8.3 308 0 13.0 9.4 5.0 2.5 2 0 2 1 1
-4911.4 5362.3 -7.9 302 0 16.0 8.3 7.5 2.5 2 0 3 5 5
-3450.5 -1721.9 -6.3 354 0 64.2 15.2 14.0 0.0 0 0 4 3 3
-6872.6 6298.4 -1.0 152 0 55.1 9.0 12.5 2.5 2 0 5 3 3
-6843.2 6450.9 -0.8 186 0 16.6 11.5 5.0 2.5 2 0 2 0 0
-6853.3 6496.1 -0.3 180 0 11.0 13.3 5.0 2.5 2 1 2 0 0
-6854.7 6521.7 -0.5 178 0 18.5 14.8 12.5 2.5 2 0 5 4 4
-6846.8 6546.9 -0.9 178 0 15.5 12.7 2.5 2.5 2 0 1 2 2
-6869.5 6552.6 0.6 152 0 10.9 8.8 7.5 2.5 2 0 3 0 0
-5846.6 5708.4 -0.1 49 0 11.5 25.3 10.0 0.0 0 1 4 0 0
-5848.7 5745.9 1.2 317 0 7.6 13.1 10.0 2.5 2 1 4 5 5
-3724.7 -4044.3 0.0 318 0 14.5 9.6 10.0 0.0 0 0 4 0 0
-3380.2 3585.7 -11.5 59 0 6.3 17.3 5.0 2.5 2 1 2 3 3
-3378.1 3575.7 -11.0 273 0 6.1 7.7 14.0 3.5 2 1 4 2 2
-3389.4 3261.3 -9.7 356 0 12.4 27.7 10.5 3.5 2 1 3 4 4
-3375.7 3414.5 -10.4 171 0 10.9 10.0 10.5 3.5 2 0 3 5 5
-3375.1 3403.0 -9.7 164 0 6.0 7.3 10.5 0.0 0 1 3 0 0
-3343.8 3832.6 -7.8 12 0 10.9 8.2 2.5 2.5 2 0 1 1 1
-3341.9 3768.7 -6.0 10 0 13.7 12.2 5.0 2.5 2 0 2 2 2
-3345.9 3752.0 -5.6 2 0 6.1 8.5 5.0 2.5 2 1 2 0 0
-3364.9 3683.0 -6.0 2 0 9.0 8.3 2.5 2.5 2 0 1 5 5
-3334.1 4254.9 -9.7 2 0 15.9 11.4 5.0 0.0 0 0 2 3 3
-3334.3 4240.5 -9.9 359 0 12.8 11.5 7.5 2.5 2 0 3 3 3
-3334.2 4226.2 -10.3 1 0 15.9 11.3 7.5 2.5 2 0 3 1 1
-3334.3 4191.2 -10.8 1 0 19.3 10.7 2.5 2.5 2 0 1 5 5
-3338.3 4161.7 -10.7 354 0 7.6 12.3 10.0 2.5 2 1 4 4 4
-3345.1 4146.5 -10.9 84 0 14.7 8.2 7.5 2.5 2 0 3 4 4
-3326.7 4303.4 -9.4 358 0 8.0 11.9 7.5 2.5 2 1 3 1 1
-3305.4 4277.0 -8.5 188 0 18.6 22.8 10.0 2.5 2 1 4 1 1
-3306.1 4248.7 -8.5 188 0 10.4 17.9 2.5 2.5 2 1 1 2 2
-3289.2 4223.0 -9.2 8 0 11.0 17.5 7.5 2.5 2 1 3 3 3
-3334.6 4400.4 -8.0 271 0 10.0 9.7 7.5 2.5 2 0 3 3 3
-3332.9 4373.7 -8.7 360 0 9.5 17.4 5.0 2.5 2 1 2 5 5
-3352.4 4359.3 -9.1 181 0 10.4 14.7 5.0 2.5 2 1 2 2 2
-3275.5 4347.6 -8.0 10 0 9.9 11.6 5.0 2.5 2 1 2 1 1
-3270.0 4389.4 -7.0 10 0 9.2 19.7 12.5 2.5 2 1 5 1 1
-3281.4 4516.1 -10.3 346 0 6.4 9.0 2.5 0.0 0 1 1 5 5
-3283.4 4481.1 -9.9 0 0 9.6 7.5 10.0 2.5 2 0 4 1 1
-3974.8 5072.2 -4.6 122 0 11.8 6.1 5.0 2.5 4 0 2 3 3
-3923.6 5043.7 -2.3 113 0 14.8 9.4 7.5 2.5 2 0 3 4 4
-3928.8 4982.7 -1.5 354 0 9.1 13.9 5.0 2.5 2 1 2 1 1
-3892.7 4912.4 -3.8 156 0 11.7 9.2 2.5 2.5 2 0 1 0 0
-3887.0 4899.3 -4.2 153 0 8.6 8.7 10.0 2.5 2 1 4 4 4
-3870.5 4876.1 -4.6 129 0 8.2 8.4 5.0 2.5 2 1 2 0 0
-3858.4 4867.3 -4.6 118 0 12.4 8.1 7.5 2.5 2 0 3 5 5
-3920.5 4956.3 -2.5 347 0 12.2 20.2 5.0 2.5 2 1 2 5 5
-3785.5 4816.5 -4.6 299 0 13.6 16.1 5.0 2.5 2 1 2 0 0
-3739.8 4806.9 -4.5 120 0 10.9 17.8 2.5 2.5 2 1 1 1 1
-3705.8 4789.3 -5.6 116 0 8.2 10.2 2.5 2.5 2 1 1 0 0
-3668.2 4740.0 -7.1 303 0 8.7 12.6 7.5 2.5 2 1 3 1 1
-3656.3 4734.6 -6.3 296 0 8.4 10.4 7.5 2.5 4 1 3 0 0
-3648.7 4714.6 -6.3 301 0 10.7 9.9 2.5 2.5 2 0 1 2 2
-3634.4 4753.2 -4.4 117 0 10.4 16.3 5.0 2.5 2 1 2 3 3
-3568.9 4700.0 -2.7 281 0 11.1 7.8 7.5 2.5 2 0 3 4 4
-3540.3 4683.4 -4.0 296 0 10.2 9.9 7.5 2.5 2 0 3 4 4
-3516.8 4669.8 -5.3 300 0 16.3 12.0 10.0 2.5 2 0 4 0 0
-3567.1 4713.4 -2.1 120 0 13.5 9.0 5.0 2.5 2 0 2 2 2
-3474.8 4725.7 -3.8 277 0 15.6 14.1 5.0 2.5 2 0 2 1 1
-3504.1 4701.1 -2.5 102 0 15.7 13.8 2.5 2.5 4 0 1 5 5
-3517.5 4690.5 -2.8 103 0 6.9 7.9 7.5 2.5 2 1 3 5 5
-3501.3 4687.5 -3.1 110 0 8.1 7.9 7.5 2.5 2 0 3 5 5
-3451.1 4664.3 -7.8 104 0 17.3 16.8 10.0 2.5 2 0 4 5 5
-3415.7 4656.6 -10.1 109 0 10.2 8.2 10.0 0.0 0 0 4 4 4
-3431.1 4661.4 -9.1 101 0 11.1 7.8 7.5 2.5 2 0 3 3 3
-3432.0 4643.5 -9.8 280 0 9.9 6.4 10.0 2.5 4 0 4 1 1
-3356.9 4636.7 -11.7 119 0 9.2 6.3 7.5 2.5 2 0 3 1 1
-3345.8 4612.1 -13.0 301 0 6.5 11.9 2.5 2.5 2 1 1 4 4
-3250.9 4484.9 -7.0 10 0 15.5 9.7 2.5 2.5 2 0 1 3 3
-3262.6 4430.4 -6.4 29 0 7.3 13.6 10.0 2.5 4 1 4 4 4
-4206.4 5111.6 -7.7 273 0 11.8 10.1 10.0 2.5 2 0 4 2 2
-4140.5 5112.9 -5.7 275 0 12.3 8.5 7.5 2.5 2 0 3 2 2
-4262.5 5189.5 -7.1 301 0 15.2 11.5 10.0 2.5 2 0 4 4 4
-4216.6 5149.4 -5.4 301 0 11.0 12.7 10.0 2.5 2 1 4 4 4
-4138.6 5141.7 -1.6 95 0 9.4 16.8 7.5 2.5 2 1 3 1 1
-4098.7 5111.0 -4.8 275 0 13.9 10.4 7.5 2.5 2 0 3 0 0
-3978.1 5052.9 -4.7 27 0 14.3 62.6 12.5 0.0 0 1 5 3 3
-4461.3 5144.7 -9.8 17 0 15.2 16.2 5.0 2.5 2 1 2 3 3
-4451.9 5176.1 -8.8 107 0 9.6 6.4 5.0 2.5 2 0 2 5 5
-4419.6 5168.2 -8.8 103 0 31.4 10.0 10.0 2.5 2 0 4 3 3
-4417.5 5156.9 -8.6 287 0 9.2 13.4 2.5 2.5 2 1 1 0 0
-4442.1 5155.3 -8.7 192 0 13.0 14.2 7.5 2.5 2 1 3 4 4
-4347.9 5151.3 -9.7 102 0 101.4 17.4 10.0 0.0 0 0 4 0 0
-6880.7 6275.3 1.1 334 0 15.9 8.2 7.5 2.5 2 0 3 1 1
-6527.5 6100.0 9.7 279 0 42.7 8.4 7.5 2.5 4 0 3 4 4
-6490.9 6094.1 9.2 262 0 16.8 7.1 10.0 2.5 2 0 4 2 2
-6443.8 6126.6 8.1 82 0 17.6 8.1 5.0 2.5 2 0 2 0 0
-6363.9 6096.5 5.7 312 0 10.3 8.0 5.0 2.5 4 0 2 0 0
-6599.8 6117.5 10.4 277 0 28.3 11.5 7.5 2.5 2 0 3 3 3
-6365.7 6123.7 2.5 85 0 18.7 14.1 12.5 2.5 2 0 5 1 1
-6320.9 6085.2 4.1 312 0 10.3 7.9 5.0 2.5 2 0 2 0 0
-6154.3 6007.5 4.4 123 0 11.6 8.1 7.5 2.5 2 0 3 4 4
-5896.0 5779.7 5.5 299 0 14.1 6.4 7.5 2.5 2 0 3 4 4
-5736.9 5759.1 -6.2 92 0 34.8 8.7 12.5 2.5 2 0 5 2 2
-5700.9 5754.1 -7.9 92 0 17.3 9.2 7.5 2.5 2 0 3 0 0
-5660.0 5745.1 -9.0 99 0 56.6 11.2 12.5 0.0 0 0 5 1 1
-5608.6 5738.7 -8.9 92 0 20.3 10.1 5.0 2.5 2 0 2 2 2
-5435.2 5659.6 -2.5 130 0 12.0 7.6 7.5 0.0 0 0 3 2 2
-5424.4 5650.4 -2.5 131 0 9.3 9.2 5.0 2.5 2 0 2 3 3
-5475.7 5659.2 -5.2 310 0 9.6 9.1 7.5 2.5 2 0 3 5 5
-5470.5 5650.8 -4.9 220 0 8.4 7.7 7.5 2.5 2 0 3 2 2
-5105.6 5468.5 -7.3 298 0 19.7 14.5 7.5 2.5 4 0 3 0 0
-5080.1 5456.6 -7.8 298 0 19.1 11.6 5.0 2.5 2 0 2 1 1
-4641.3 5256.3 -13.7 106 0 33.0 17.5 12.5 2.5 2 0 5 2 2
-4603.7 5246.5 -14.7 106 0 24.7 13.3 10.0 2.5 4 0 4 0 0
-4638.5 5229.1 -13.1 286 0 30.4 18.7 10.0 0.0 0 0 4 4 4
-4607.2 5220.8 -13.6 287 0 21.5 20.7 10.0 2.5 2 0 4 4 4
-4548.5 5232.9 -12.7 107 0 34.0 6.1 5.0 0.0 0 0 2 1 1
-4525.3 5195.7 -13.1 17 0 7.2 43.9 10.0 2.5 2 1 4 4 4
-3492.9 -1544.1 -9.1 180 0 10.5 9.6 14.0 3.5 2 0 4 4 4
-3494.0 -1557.1 -8.1 182 0 9.6 10.2 14.0 3.5 2 1 4 4 4
-3492.1 -1529.5 -10.0 183 0 11.5 9.9 14.0 3.5 4 0 4 2 2
-3496.0 -1592.3 -6.6 181 0 9.6 11.5 14.0 3.5 2 1 4 3 3
-3488.1 -1582.1 -7.0 179 0 8.4 6.9 14.0 3.5 2 0 4 4 4
-3495.9 -1570.0 -7.3 181 0 7.6 14.1 14.0 3.5 4 1 4 0 0
-3393.6 -1839.3 -4.6 171 0 6.5 6.3 14.0 3.5 2 0 4 4 4
-3385.8 -1839.5 -5.4 166 0 11.5 8.3 14.0 3.5 2 0 4 5 5
-3394.3 -1794.3 -7.3 182 0 16.4 11.0 14.0 3.5 2 0 4 0 0
-3389.9 -1815.5 -6.5 161 0 12.5 12.9 14.0 3.5 2 1 4 4 4
-3470.1 -1557.8 -9.1 3 0 11.2 9.1 14.0 0.0 0 0 4 3 3
-3467.3 -1544.4 -10.1 14 0 12.8 6.4 14.0 3.5 2 0 4 2 2
-3464.9 -1596.0 -8.0 0 0 10.7 12.7 14.0 3.5 2 1 4 5 5
-3451.6 -1643.0 -8.5 357 0 68.9 11.1 14.0 3.5 2 0 4 0 0
-3453.0 -1764.5 -4.6 356 0 7.0 6.9 14.0 3.5 2 0 4 0 0
-3477.7 -1797.6 -2.8 171 0 32.5 10.4 14.0 3.5 2 0 4 2 2
-3465.1 -1856.4 -1.3 83 0 9.9 42.7 14.0 3.5 2 1 4 3 3
-3450.8 -1852.5 -3.5 82 0 14.6 68.4 14.0 3.5 2 1 4 2 2
-3440.7 -1766.1 -5.4 350 0 24.7 7.5 14.0 3.5 2 0 4 1 1
-3430.7 -1800.7 -4.0 348 0 9.8 6.3 14.0 3.5 2 0 4 2 2
-3432.8 -1865.3 -1.8 90 0 11.5 8.2 14.0 3.5 2 0 4 0 0
-3428.6 -1840.9 -2.6 353 0 17.2 6.4 14.0 3.5 4 0 4 1 1
-3417.6 -1796.6 -5.6 172 0 17.4 8.1 10.5 0.0 0 0 3 1 1
-3385.7 -1870.9 -4.6 180 0 7.8 9.0 14.0 3.5 2 1 4 4 4
-3396.6 -1871.1 -3.9 179 0 7.4 9.2 14.0 3.5 2 1 4 5 5
-3393.5 -1862.9 -4.2 177 0 6.8 9.1 14.0 3.5 2 1 4 2 2
-3424.7 -1932.3 -2.1 45 0 9.2 10.7 14.0 3.5 2 1 4 5 5
-3420.0 -1912.3 -2.1 3 0 10.7 9.9 14.0 3.5 2 0 4 0 0
-3421.9 -1894.2 -2.0 359 0 14.7 16.7 14.0 3.5 2 1 4 1 1
-3394.4 -1855.4 -4.3 175 0 6.7 9.1 14.0 3.5 2 1 4 3 3
-3393.7 -1887.2 -4.2 179 0 9.1 12.4 14.0 3.5 2 1 4 0 0
-3393.7 -1900.7 -4.4 173 0 9.3 15.0 14.0 3.5 2 1 4 4 4
-3364.1 -1982.0 -4.1 337 0 11.6 11.6 14.0 3.5 2 0 4 4 4
-3397.8 -1920.6 -3.9 182 0 13.2 10.0 14.0 3.5 2 0 4 5 5
-3398.7 -1932.0 -3.7 181 0 7.4 8.3 14.0 3.5 4 1 4 0 0
-3400.4 -1940.8 -3.7 179 0 7.1 11.3 14.0 3.5 2 1 4 2 2
-3424.0 -1945.2 -2.2 320 0 8.2 6.5 14.0 0.0 0 0 4 0 0
-3422.2 -1973.8 -2.4 52 0 15.1 22.0 14.0 3.5 2 1 4 3 3
-3409.0 -2065.4 -2.8 199 0 11.2 9.8 14.0 3.5 2 0 4 4 4
-3460.8 -2038.0 -2.4 226 0 10.0 29.0 14.0 3.5 2 1 4 5 5
-3461.6 -2078.0 -2.1 39 0 7.3 19.0 14.0 3.5 2 1 4 4 4
-3455.9 -2070.2 -2.3 49 0 6.4 18.1 14.0 3.5 2 1 4 0 0
-3450.4 -2086.2 -2.4 51 0 19.6 6.9 14.0 3.5 2 0 4 4 4
-3466.5 -2100.9 -1.9 51 0 20.0 8.3 14.0 3.5 2 0 4 3 3
-3516.1 -2074.6 -0.8 320 0 8.2 11.3 14.0 3.5 4 1 4 1 1
-3526.4 -2083.3 -0.4 318 0 9.3 19.8 14.0 3.5 2 1 4 2 2
-3506.5 -2090.3 -1.2 228 0 11.0 8.0 14.0 3.5 2 0 4 5 5
-3498.6 -2096.5 -1.3 233 0 13.8 7.9 14.0 3.5 2 0 4 0 0
-3520.5 -2145.7 -0.7 52 0 7.5 17.7 14.0 3.5 2 1 4 0 0
-3465.1 -2173.0 -2.9 329 0 7.2 16.6 14.0 3.5 2 1 4 0 0
-3578.3 -2156.0 1.6 15 0 10.8 15.3 14.0 0.0 0 1 4 3 3
-3638.2 -2185.8 3.7 201 0 9.4 14.1 14.0 3.5 2 1 4 4 4
-3650.6 -2208.1 4.0 208 0 6.9 13.3 14.0 3.5 2 1 4 1 1
-3619.5 -2234.4 4.1 34 0 9.9 7.7 14.0 3.5 4 0 4 5 5
-3690.6 -2306.3 3.6 202 0 10.1 8.9 14.0 3.5 2 0 4 2 2
-3688.5 -2292.9 3.7 205 0 14.3 8.1 14.0 3.5 2 0 4 3 3
-3679.5 -2297.5 3.8 206 0 8.4 7.8 14.0 3.5 2 0 4 3 3
-3660.3 -2283.9 3.9 299 0 10.6 11.5 14.0 3.5 2 1 4 2 2
-3626.9 -2309.6 2.9 306 0 8.0 15.4 14.0 3.5 2 1 4 1 1
-3648.3 -2333.4 2.1 212 0 9.0 12.8 14.0 3.5 2 1 4 0 0
-3654.0 -2344.8 1.7 211 0 10.4 12.1 14.0 3.5 2 1 4 0 0
-3664.4 -2318.5 3.2 24 0 9.7 14.6 14.0 0.0 0 1 4 0 0
-3692.5 -2316.9 3.3 203 0 7.3 7.2 14.0 3.5 2 0 4 1 1
-3698.0 -2324.6 3.0 209 0 9.5 10.6 14.0 3.5 2 1 4 4 4
-3701.9 -2336.4 2.7 209 0 9.2 8.7 14.0 3.5 2 0 4 4 4
-3687.2 -2351.1 2.3 112 0 9.4 7.2 14.0 3.5 2 0 4 3 3
-3708.8 -2364.5 2.0 196 0 16.4 7.8 10.5 3.5 2 0 3 5 5
-3679.9 -2380.3 0.8 224 0 11.1 16.0 14.0 3.5 2 1 4 5 5
-3686.2 -2465.7 1.8 24 0 8.2 9.0 14.0 3.5 4 1 4 5 5
-3691.1 -2422.0 1.5 204 0 6.5 7.4 14.0 3.5 2 1 4 0 0
-3698.0 -2416.1 1.6 218 0 7.2 7.5 14.0 3.5 2 1 4 4 4
-3703.4 -2434.2 1.8 209 0 8.6 9.6 14.0 3.5 2 1 4 3 3
-3723.4 -2419.5 2.0 198 0 9.5 7.6 10.5 3.5 2 0 3 0 0
-3712.2 -2385.3 1.7 198 0 7.8 11.1 10.5 3.5 2 1 3 3 3
-3718.3 -2462.6 1.8 214 0 8.9 12.9 14.0 3.5 2 1 4 3 3
-3727.9 -2477.1 1.3 219 0 8.3 15.8 14.0 3.5 2 1 4 5 5
-3723.8 -2499.2 1.0 220 0 20.5 21.7 14.0 3.5 2 1 4 1 1
-3730.6 -2531.2 0.9 122 0 7.2 8.5 14.0 3.5 2 1 4 3 3
-3747.3 -2515.7 0.5 211 0 9.7 9.3 14.0 0.0 0 0 4 5 5
-3750.0 -2526.9 0.3 221 0 7.2 7.0 14.0 0.0 0 0 4 3 3
-3738.7 -2601.5 0.0 38 0 17.7 16.5 10.0 2.5 2 0 4 4 4
-3805.1 -2576.3 -2.1 215 0 11.7 7.0 5.0 2.5 2 0 2 1 1
-3787.7 -2652.2 -0.6 225 0 9.8 14.4 2.5 2.5 2 1 1 0 0
-3798.1 -2685.0 -1.1 155 0 8.9 11.6 10.0 2.5 2 1 4 3 3
-3811.8 -2607.0 -2.3 38 0 18.7 8.0 2.5 2.5 4 0 1 0 0
-3831.2 -2615.0 -2.5 221 0 9.8 7.8 7.5 2.5 2 0 3 4 4
-3818.5 -2625.6 -2.2 44 0 6.7 7.1 5.0 2.5 2 1 2 2 2
-3842.5 -2630.0 -2.8 217 0 14.2 9.1 2.5 2.5 2 0 1 2 2
-3825.1 -2641.1 -2.3 39 0 11.5 6.1 5.0 2.5 2 0 2 1 1
-3859.3 -2677.8 -3.0 239 0 14.5 15.4 7.5 2.5 2 1 3 2 2
-3845.1 -2698.1 -2.6 349 0 6.6 7.1 5.0 2.5 2 1 2 3 3
-3877.3 -2742.3 -2.7 130 0 11.9 8.8 7.5 2.5 2 0 3 0 0
-3857.4 -2773.2 -1.8 84 0 6.8 15.5 7.5 2.5 2 1 3 1 1
-3810.2 -2761.1 -1.3 176 0 7.6 8.1 10.0 2.5 2 1 4 1 1
-3805.1 -2740.4 -1.7 141 0 11.4 15.8 10.0 2.5 2 1 4 0 0
-3819.2 -2706.6 -1.8 181 0 11.6 10.7 10.0 0.0 0 0 4 4 4
-3820.7 -2741.6 -1.8 180 0 12.4 10.1 2.5 2.5 2 0 1 0 0
-3814.3 -2819.0 0.5 183 0 7.5 9.5 10.0 2.5 4 1 4 1 1
-3806.6 -2804.7 0.1 273 0 8.1 7.1 7.5 2.5 2 0 3 3 3
-3804.4 -2788.1 -0.4 273 0 10.3 15.1 7.5 2.5 2 1 3 5 5
-3821.8 -2806.2 0.0 181 0 10.9 9.1 7.5 2.5 2 0 3 4 4
-3830.8 -2855.9 1.1 182 0 11.2 13.7 10.0 2.5 4 1 4 4 4
-3818.3 -2894.2 1.5 152 0 16.4 12.3 10.0 2.5 2 0 4 0 0
-3828.3 -2913.8 1.1 155 0 7.9 11.3 10.0 2.5 2 1 4 0 0
-3838.3 -2915.2 0.7 208 0 7.8 8.0 7.5 2.5 4 1 3 5 5
-3835.7 -2930.3 0.1 180 0 10.2 7.7 2.5 2.5 2 0 1 1 1
-3814.5 -2973.9 -1.4 66 0 11.0 14.4 7.5 2.5 2 1 3 0 0
-3822.0 -2987.4 -2.3 58 0 11.4 8.5 7.5 2.5 2 0 3 0 0
-3836.8 -2975.2 -2.0 152 0 14.3 13.5 7.5 2.5 2 0 3 0 0
-3837.7 -2994.4 -3.2 218 0 14.6 7.3 5.0 2.5 2 0 2 1 1
-3856.1 -2972.9 -2.2 213 0 7.3 12.5 2.5 2.5 2 1 1 3 3
-3853.3 -2990.5 -3.1 213 0 8.3 10.7 7.5 2.5 2 1 3 1 1
-3858.7 -3010.4 -4.4 216 0 8.6 13.9 2.5 2.5 2 1 1 2 2
-3864.3 -3019.3 -6.0 213 0 9.8 12.8 7.5 2.5 4 1 3 0 0
-3864.8 -3107.9 -0.2 236 0 7.5 14.6 7.5 2.5 2 1 3 2 2
-3839.5 -3105.6 -0.6 335 0 7.5 11.3 10.0 2.5 2 1 4 2 2
-3917.4 -3063.2 -3.6 249 0 9.2 9.9 7.5 2.5 2 1 3 4 4
-3908.9 -3057.3 -5.0 194 0 16.7 13.3 2.5 2.5 2 0 1 5 5
-3877.5 -3110.4 -1.2 179 0 12.5 9.1 2.5 2.5 2 0 1 1 1
-3953.8 -3212.9 -3.8 183 0 11.6 11.7 5.0 2.5 2 1 2 2 2
-3916.3 -3156.3 -2.8 12 0 14.5 11.3 2.5 2.5 2 0 1 1 1
-3897.6 -3196.1 3.9 182 0 9.5 15.3 7.5 2.5 2 1 3 4 4
-3882.4 -3236.8 6.4 92 0 9.5 14.4 5.0 2.5 2 1 2 3 3
-3893.4 -3238.6 4.6 92 0 9.7 14.9 5.0 2.5 2 1 2 3 3
-3905.7 -3227.0 3.1 182 0 7.9 6.9 7.5 2.5 2 0 3 5 5
-3932.9 -3258.2 -1.3 259 0 15.1 6.3 7.5 2.5 2 0 3 0 0
-3917.9 -3285.2 -1.8 342 0 11.6 18.0 10.0 2.5 2 1 4 5 5
-3901.8 -3293.8 0.5 176 0 12.2 11.6 5.0 2.5 2 0 2 0 0
-3907.3 -3333.7 -3.7 314 0 10.9 8.1 7.5 2.5 2 0 3 0 0
-3895.2 -3344.2 -3.9 332 0 6.4 7.6 7.5 2.5 4 1 3 2 2
-3882.3 -3346.7 -2.4 176 0 6.1 7.1 5.0 2.5 2 1 2 4 4
-3885.2 -3337.6 -1.8 173 0 9.3 8.4 7.5 2.5 2 0 3 1 1
-3874.8 -3418.6 -8.8 360 0 6.1 8.5 7.5 2.5 4 1 3 3 3
-3843.6 -3571.0 -4.2 218 0 13.4 13.7 7.5 2.5 4 1 3 5 5
-3803.3 -3549.2 -3.5 34 0 8.9 11.2 2.5 2.5 2 1 1 5 5
-3828.9 -3547.3 -4.2 220 0 9.2 17.7 2.5 2.5 2 1 1 2 2
-3831.4 -3560.9 -4.0 217 0 9.7 16.0 7.5 2.5 2 1 3 1 1
-3849.4 -3591.3 -3.9 217 0 16.0 12.8 5.0 2.5 2 0 2 3 3
-3861.3 -3612.2 -3.7 220 0 12.6 10.3 7.5 2.5 4 0 3 5 5
-3875.7 -3530.9 -5.8 104 0 7.1 11.7 7.5 2.5 2 1 3 2 2
-3913.7 -3591.3 -6.1 180 0 6.5 9.6 7.5 2.5 2 1 3 2 2
-3870.2 -3571.0 -5.6 0 0 8.3 14.4 10.0 0.0 0 1 4 4 4
-3903.6 -3603.6 -5.8 0 0 10.0 9.5 5.0 2.5 2 0 2 2 2
-3882.7 -3602.5 -5.1 30 0 9.5 9.2 5.0 2.5 2 0 2 5 5
-3881.9 -3588.6 -5.6 358 0 8.6 13.0 10.0 2.5 2 1 4 1 1
-3893.0 -3665.2 -2.7 210 0 6.1 6.9 2.5 2.5 2 1 1 4 4
-3960.2 -3810.6 -0.5 160 0 12.0 16.0 7.5 2.5 2 1 3 2 2
-3865.4 -3929.6 0.8 90 0 6.6 6.1 7.5 2.5 2 0 3 2 2
-3787.1 -4007.6 -0.1 322 0 13.8 8.3 10.0 2.5 2 0 4 5 5
-3841.6 -4288.7 2.4 6 0 12.6 9.1 10.0 2.5 2 0 4 4 4
-3742.1 -5013.0 12.9 334 0 18.5 7.9 2.5 2.5 2 0 1 4 4
-3617.7 -5387.4 3.5 20 0 6.6 8.9 5.0 2.5 2 1 2 0 0
-3691.5 -5416.3 1.7 192 0 9.3 18.8 7.5 2.5 2 1 3 0 0
-3681.9 -5466.2 1.8 13 0 10.0 18.9 7.5 2.5 2 1 3 2 2
-3697.9 -5450.1 1.9 193 0 10.9 20.7 5.0 2.5 2 1 2 3 3
-3683.9 -5500.0 1.4 13 0 11.3 27.3 7.5 2.5 4 1 3 5 5
-3748.8 -5711.1 3.6 192 0 29.8 16.3 10.0 2.5 2 0 4 4 4
-3739.6 -5665.9 2.5 192 0 36.3 21.1 10.0 0.0 0 0 4 3 3
-3346.7 3201.2 -8.2 134 0 15.5 7.3 14.0 3.5 4 0 4 2 2
-3337.1 3187.4 -7.9 138 0 15.3 7.7 14.0 3.5 2 0 4 0 0
-3380.7 3173.3 -9.1 269 0 9.1 19.6 14.0 3.5 2 1 4 1 1
-3340.1 3085.5 -9.9 156 0 14.2 12.6 14.0 3.5 2 0 4 1 1
-3355.1 3135.2 -8.5 259 0 6.3 12.1 14.0 0.0 0 1 4 4 4
-3342.0 3116.5 -8.5 327 0 8.5 7.5 14.0 3.5 2 0 4 1 1
-3329.4 3109.9 -8.9 331 0 9.5 16.3 14.0 3.5 4 1 4 2 2
-3298.8 3102.6 -9.9 309 0 21.7 21.0 14.0 3.5 4 0 4 5 5
-3156.9 2966.3 -8.9 181 0 7.3 11.6 14.0 3.5 2 1 4 4 4
-3161.9 3003.2 -10.0 270 0 14.7 9.7 14.0 3.5 2 0 4 1 1
-3144.6 2997.1 -9.8 272 0 11.3 14.6 14.0 3.5 2 1 4 0 0
-3151.1 3021.2 -12.1 116 0 10.9 11.3 14.0 3.5 2 1 4 2 2
-3160.6 3131.4 -13.3 313 0 10.8 11.7 14.0 3.5 2 1 4 5 5
-3187.7 3102.4 -12.6 266 0 21.8 45.6 10.0 2.5 2 1 4 1 1
-3161.9 3101.8 -13.2 266 0 21.2 52.7 12.5 2.5 2 1 5 0 0
-3028.6 3054.3 -8.3 301 0 10.9 16.5 14.0 3.5 2 1 4 1 1
-3062.8 2995.6 -8.4 132 0 9.6 12.0 14.0 3.5 2 1 4 5 5
-3052.6 3031.8 -8.4 222 0 13.1 13.9 14.0 3.5 2 1 4 3 3
-3113.7 3002.5 -11.0 71 0 8.9 13.3 14.0 3.5 2 1 4 5 5
-3065.0 2962.0 -7.4 167 0 11.4 10.1 14.0 3.5 2 0 4 3 3
-3061.4 2947.4 -6.6 163 0 15.2 9.4 14.0 3.5 2 0 4 0 0
-3094.5 2965.7 -8.4 335 0 9.7 10.4 14.0 3.5 2 1 4 0 0
-3095.9 2925.2 -6.8 270 0 9.7 12.8 14.0 3.5 4 1 4 3 3
-3078.6 2927.6 -6.6 264 0 6.2 12.7 14.0 3.5 2 1 4 0 0
-3096.9 2903.0 -6.1 265 0 8.5 8.6 14.0 3.5 2 1 4 2 2
-3068.8 2891.2 -6.6 348 0 13.0 17.6 14.0 3.5 4 1 4 2 2
-3067.9 2877.8 -6.5 347 0 7.7 16.3 14.0 3.5 2 1 4 4 4
-3062.0 2814.0 -6.3 75 0 12.3 15.5 14.0 3.5 4 1 4 3 3
-3052.9 2807.2 -6.3 247 0 14.9 7.1 7.5 2.5 2 0 3 2 2
-3037.2 2781.3 -5.9 352 0 6.5 16.1 5.0 2.5 2 1 2 0 0
-3042.5 2797.1 -6.1 332 0 8.0 20.9 7.5 2.5 2 1 3 0 0
-3009.6 2735.1 -5.4 331 0 6.9 10.9 7.5 2.5 2 1 3 2 2
-3010.9 2684.0 -4.9 342 0 10.3 17.5 5.0 2.5 2 1 2 4 4
-3001.9 2712.0 -5.2 335 0 7.9 17.3 5.0 2.5 2 1 2 3 3
-2989.3 2660.5 -4.9 73 0 15.8 12.7 5.0 2.5 2 0 2 3 3
-2978.3 2632.9 -4.8 354 0 9.3 8.2 7.5 2.5 4 0 3 0 0
-2992.5 2809.8 -5.4 170 0 6.3 9.6 7.5 2.5 2 1 3 3 3
-2995.4 2829.2 -5.7 253 0 15.3 15.0 5.0 2.5 2 0 2 3 3
-2981.5 2785.0 -5.1 164 0 6.4 11.3 7.5 2.5 4 1 3 3 3
-2971.9 2760.8 -4.9 171 0 6.8 9.0 7.5 2.5 4 1 3 0 0
-2966.1 2747.3 -5.3 168 0 6.2 9.1 7.5 2.5 4 1 3 1 1
-2924.7 2651.2 -5.5 81 0 10.5 14.1 5.0 2.5 2 1 2 1 1
-2917.9 2630.2 -5.4 155 0 7.3 11.2 10.0 2.5 2 1 4 3 3
-2910.6 2609.3 -5.4 180 0 11.1 10.2 7.5 0.0 0 0 3 1 1
-2901.8 2588.1 -5.9 168 0 12.8 9.2 5.0 2.5 2 0 2 5 5
-2897.2 2559.9 -6.9 180 0 12.4 9.1 7.5 2.5 2 0 3 3 3
-2914.5 2579.6 -6.6 348 0 23.0 8.3 7.5 2.5 2 0 3 4 4
-2968.6 2593.2 -5.3 357 0 9.3 13.4 7.5 2.5 2 1 3 0 0
-2966.9 2581.0 -5.5 348 0 9.5 12.2 7.5 2.5 2 1 3 5 5
-2958.0 2539.4 -6.7 357 0 9.5 15.6 2.5 2.5 2 1 1 2 2
-2964.3 2515.0 -7.3 92 0 9.1 7.5 7.5 2.5 2 0 3 0 0
-2968.8 2501.1 -8.5 261 0 17.9 14.8 7.5 2.5 2 0 3 4 4
-2952.7 2471.4 -9.5 354 0 10.2 12.1 7.5 2.5 4 1 3 2 2
-2951.0 2453.0 -10.3 358 0 12.2 6.5 5.0 2.5 2 0 2 0 0
-2891.8 2506.8 -9.2 335 0 7.2 11.5 2.5 2.5 2 1 1 4 4
-2897.4 2527.1 -8.2 352 0 15.4 8.6 5.0 2.5 2 0 2 2 2
-2926.3 2353.5 -14.7 355 0 13.9 7.5 7.5 0.0 0 0 3 2 2
-2877.3 2181.1 -17.4 182 0 7.0 12.5 5.0 2.5 2 1 2 4 4
-2878.0 2162.6 -17.8 184 0 14.0 14.2 5.0 2.5 2 1 2 1 1
-2745.7 2125.9 -16.9 350 0 7.4 11.1 7.5 2.5 2 1 3 0 0
-2740.2 2109.3 -16.0 351 0 10.7 10.6 5.0 0.0 0 0 2 2 2
-2641.6 2073.5 -9.4 48 0 7.1 9.4 7.5 2.5 2 1 3 5 5
-2659.2 2095.3 -10.4 229 0 10.9 10.6 10.0 2.5 2 0 4 4 4
-2649.9 2067.1 -8.2 359 0 8.0 7.5 7.5 0.0 0 0 3 3 3
-2653.0 2029.2 -5.5 359 0 15.3 7.4 5.0 2.5 2 0 2 3 3
-2663.3 1988.1 -7.0 327 0 6.9 11.6 5.0 2.5 2 1 2 5 5
-2678.9 1966.7 -8.4 80 0 8.8 12.0 5.0 2.5 2 1 2 5 5
-2688.9 1969.0 -9.0 5 0 11.7 10.3 5.0 2.5 2 0 2 0 0
-2696.0 2030.5 -6.6 185 0 10.9 14.8 5.0 2.5 2 1 2 0 0
-2710.6 2005.1 -7.0 199 0 6.4 14.3 5.0 0.0 0 1 2 4 4
-2722.0 1992.5 -8.2 212 0 8.6 10.7 10.0 2.5 2 1 4 3 3
-2760.5 1905.1 -7.0 59 0 13.6 9.3 7.5 2.5 2 0 3 5 5
-2739.0 1915.6 -7.8 57 0 9.4 10.7 5.0 2.5 2 1 2 5 5
-2725.7 1923.8 -8.8 59 0 18.9 13.7 10.0 2.5 2 0 4 2 2
-2730.2 1962.7 -9.4 224 0 17.0 16.3 7.5 2.5 4 0 3 4 4
-2759.8 1944.5 -8.2 229 0 7.8 12.2 5.0 2.5 2 1 2 3 3
-2832.0 1870.9 -5.8 99 0 18.3 15.0 7.5 2.5 2 0 3 3 3
-2781.7 1939.4 -7.9 235 0 13.3 15.1 5.0 2.5 4 1 2 4 4
-2874.3 1865.6 -4.6 297 0 10.8 13.3 5.0 2.5 2 1 2 5 5
-2972.3 1843.9 -6.5 287 0 15.4 16.7 12.5 2.5 2 1 5 4 4
-2982.0 1916.4 -7.4 288 0 68.0 17.7 12.5 2.5 4 0 5 4 4
-3022.4 1898.4 -7.5 206 0 9.2 6.8 10.0 2.5 4 0 4 2 2
-3027.6 1872.0 -8.0 119 0 8.3 17.2 7.5 2.5 2 1 3 1 1
-3006.8 1870.8 -7.2 23 0 9.3 8.7 2.5 2.5 2 0 1 3 3
-3070.2 1880.8 -9.4 214 0 7.0 8.4 7.5 2.5 2 1 3 3 3
-3117.0 1850.6 -11.0 100 0 17.4 13.9 7.5 2.5 2 0 3 5 5
-3092.5 1693.0 -6.8 314 0 10.7 12.5 5.0 2.5 2 1 2 1 1
-3205.3 1703.8 -13.5 36 0 16.5 8.9 7.5 2.5 2 0 3 1 1
-3344.7 1546.1 -8.9 314 0 10.4 17.1 7.5 0.0 0 1 3 0 0
-3333.9 1562.9 -9.7 136 0 10.6 12.8 7.5 2.5 2 1 3 2 2
-3344.3 1502.8 -7.3 42 0 10.6 10.7 5.0 2.5 2 1 2 5 5
-3373.0 1481.4 -6.0 178 0 16.1 17.4 15.0 0.0 0 1 6 2 2
-3357.0 1452.1 -4.4 23 0 10.9 6.5 5.0 2.5 4 0 2 0 0
-3345.3 1331.5 -2.7 129 0 11.8 6.2 7.5 2.5 2 0 3 1 1
-3390.5 1408.8 -3.2 302 0 18.0 13.6 7.5 2.5 2 0 3 4 4
-3401.5 1369.2 -2.7 39 0 10.2 15.3 2.5 2.5 4 1 1 2 2
-3415.6 1352.2 -3.0 25 0 12.2 17.0 10.0 2.5 2 1 4 2 2
-3411.1 1336.6 -3.6 22 0 7.1 7.6 2.5 2.5 2 1 1 4 4
-3414.4 1327.8 -4.1 27 0 9.7 6.5 7.5 0.0 0 0 3 3 3
-3428.3 1301.9 -5.3 33 0 7.6 6.3 7.5 2.5 2 0 3 0 0
-3440.3 1318.0 -5.0 25 0 17.0 13.9 5.0 2.5 2 0 2 4 4
-3476.8 1297.3 -6.4 206 0 13.3 16.4 10.0 2.5 2 1 4 2 2
-3497.8 1279.8 -7.6 199 0 16.9 16.8 10.0 2.5 2 0 4 2 2
-3522.7 1153.6 -13.1 4 0 9.0 8.2 7.5 2.5 2 0 3 2 2
-3536.2 1133.0 -13.0 19 0 11.9 8.6 2.5 2.5 2 0 1 5 5
-3541.6 1119.2 -12.7 13 0 10.4 8.4 7.5 2.5 2 0 3 2 2
-3545.4 1099.8 -12.1 3 0 7.0 7.8 5.0 2.5 2 1 2 5 5
-3473.0 1060.8 -3.8 359 0 14.4 8.6 5.0 0.0 0 0 2 4 4
-3540.0 1070.1 -11.2 4 0 10.6 16.7 5.0 2.5 2 1 2 0 0
-3552.2 1046.5 -10.2 0 0 9.9 10.8 5.0 2.5 2 1 2 0 0
-3579.3 1026.8 -10.6 179 0 13.7 15.4 2.5 2.5 2 1 1 2 2
-3542.3 1020.1 -7.9 360 0 12.6 8.9 5.0 2.5 2 0 2 4 4
-3543.8 1002.9 -7.6 353 0 8.7 10.3 5.0 2.5 4 1 2 5 5
-3549.7 960.7 -7.9 356 0 10.8 20.6 7.5 2.5 2 1 3 2 2
-3441.7 869.9 -0.7 358 0 15.8 9.4 7.5 2.5 2 0 3 2 2
-3453.5 917.7 -1.6 269 0 20.6 18.2 10.0 2.5 2 0 4 1 1
-3534.4 912.3 -7.1 354 0 8.4 11.0 10.0 0.0 0 1 4 3 3
-3545.5 857.4 -9.0 163 0 16.8 9.0 10.0 2.5 2 0 4 3 3
-3519.0 862.3 -7.8 344 0 11.4 8.9 2.5 2.5 2 0 1 0 0
-3537.4 837.1 -9.3 170 0 11.4 15.3 7.5 2.5 2 1 3 3 3
-3481.9 833.7 -5.2 172 0 13.8 17.9 5.0 2.5 2 1 2 0 0
-3471.1 820.0 -4.3 174 0 9.0 13.6 5.0 2.5 2 1 2 3 3
-3469.0 798.5 -3.4 174 0 8.5 11.9 7.5 2.5 2 1 3 0 0
-3503.5 747.3 -5.6 272 0 11.4 21.6 10.0 0.0 0 1 4 2 2
-3493.2 719.6 -5.0 353 0 8.9 9.6 5.0 2.5 2 1 2 3 3
-3483.2 691.4 -4.4 352 0 20.1 9.2 5.0 2.5 2 0 2 5 5
-3500.7 671.3 -5.0 175 0 8.4 7.1 7.5 2.5 2 0 3 4 4
-3474.6 637.4 -5.9 356 0 11.4 11.8 5.0 2.5 2 1 2 1 1
-3463.5 547.4 -7.9 358 0 13.0 10.8 7.5 0.0 0 0 3 3 3
-3463.1 521.0 -7.9 359 0 6.1 6.9 7.5 2.5 2 1 3 0 0
-3376.4 550.0 1.0 88 0 16.4 11.6 10.0 2.5 2 0 4 4 4
-3390.1 478.8 -2.7 272 0 9.8 7.5 2.5 2.5 2 0 1 0 0
-3445.1 463.5 -7.0 354 0 9.3 7.8 7.5 2.5 2 0 3 2 2
-3440.6 443.7 -7.3 7 0 9.1 11.3 7.5 2.5 2 1 3 4 4
-3439.2 421.2 -7.6 354 0 10.1 13.2 10.0 2.5 2 1 4 4 4
-3432.5 400.3 -7.0 350 0 12.3 6.6 7.5 2.5 2 0 3 2 2
-3391.8 455.7 -2.9 183 0 9.0 10.7 7.5 2.5 4 1 3 0 0
-3388.5 432.3 -2.9 172 0 7.4 11.4 10.0 2.5 2 1 4 3 3
-3383.0 375.3 -2.8 162 0 11.8 15.0 7.5 0.0 0 1 3 1 1
-3366.8 327.0 -3.0 267 0 9.4 13.0 7.5 2.5 2 1 3 2 2
-3418.5 333.3 -7.6 342 0 14.0 9.1 7.5 0.0 0 0 3 2 2
-3414.9 318.3 -7.8 332 0 12.2 8.8 10.0 2.5 2 0 4 2 2
-3411.2 303.0 -8.1 349 0 11.2 8.5 7.5 2.5 2 0 3 3 3
-3411.9 266.8 -8.5 342 0 8.0 10.7 5.0 2.5 2 1 2 1 1
-3407.4 210.1 -6.8 325 0 9.3 7.8 7.5 0.0 0 0 3 1 1
-3391.9 217.3 -6.5 335 0 8.8 14.1 7.5 2.5 2 1 3 5 5
-3385.1 201.0 -5.2 343 0 9.7 10.9 5.0 2.5 4 1 2 1 1
-3324.1 223.8 2.0 269 0 11.0 8.5 5.0 2.5 2 0 2 1 1
-3317.8 166.3 1.2 6 0 9.8 11.0 2.5 0.0 0 1 1 4 4
-3330.4 129.5 -2.8 188 0 10.4 12.8 2.5 2.5 4 1 1 5 5
-3347.1 193.8 0.3 176 0 7.7 11.7 5.0 0.0 0 1 2 0 0
-3344.8 178.8 -0.4 179 0 10.3 13.0 5.0 2.5 2 1 2 1 1
-3349.2 164.1 -2.0 172 0 8.8 12.9 2.5 2.5 2 1 1 0 0
-3350.9 150.2 -3.3 180 0 9.2 11.6 5.0 2.5 2 1 2 5 5
-3381.5 98.1 -6.8 183 0 12.8 11.2 7.5 2.5 2 0 3 0 0
-3392.2 38.4 -5.5 194 0 10.5 9.8 7.5 2.5 2 0 3 1 1
-3397.4 15.8 -4.4 191 0 13.0 12.7 7.5 2.5 2 0 3 5 5
-3333.4 -3.8 -2.7 10 0 7.3 16.6 2.5 2.5 2 1 1 4 4
-3363.7 -21.1 -1.5 185 0 8.8 7.4 10.0 2.5 4 0 4 3 3
-3361.0 -30.3 -0.8 182 0 6.5 6.7 7.5 2.5 2 1 3 4 4
-3365.2 -38.8 -0.2 185 0 8.8 11.6 5.0 2.5 2 1 2 2 2
-3415.0 -114.1 0.1 358 0 10.9 6.8 10.0 2.5 2 0 4 0 0
-3424.9 -122.3 0.1 358 0 6.5 7.1 10.0 2.5 2 1 4 4 4
-3417.4 -140.6 0.2 358 0 6.3 18.1 5.0 2.5 2 1 2 5 5
-3419.9 -151.0 0.3 359 0 8.0 10.5 7.5 2.5 4 1 3 1 1
-3418.8 -193.8 0.2 358 0 8.9 10.0 2.5 2.5 2 1 1 0 0
-3421.8 -207.8 0.0 357 0 12.4 14.0 7.5 2.5 2 1 3 5 5
-3412.0 -223.7 0.8 355 0 11.2 7.1 10.0 2.5 2 0 4 2 2
-3421.0 -227.7 0.3 357 0 9.7 11.4 2.5 2.5 2 1 1 2 2
-3412.3 -238.0 0.7 359 0 9.5 13.2 7.5 0.0 0 1 3 0 0
-3422.6 -263.6 -0.4 0 0 10.1 14.9 5.0 2.5 2 1 2 5 5
-3413.7 -251.8 0.6 3 0 10.7 12.2 2.5 2.5 2 1 1 2 2
-3422.1 -280.0 -2.0 359 0 14.7 24.8 15.0 0.0 0 1 6 4 4
-3423.1 -313.4 -3.3 1 0 10.4 7.3 2.5 2.5 2 0 1 5 5
-3415.8 -312.1 -3.0 1 0 11.9 6.7 2.5 0.0 0 0 1 0 0
-3415.3 -327.4 -4.1 2 0 9.5 18.9 2.5 2.5 2 1 1 4 4
-3409.6 -282.8 -0.9 2 0 9.5 8.8 7.5 2.5 2 0 3 1 1
-3393.9 -268.4 1.9 180 0 9.7 7.7 7.5 2.5 2 0 3 2 2
-3392.6 -303.4 -0.9 181 0 30.2 7.2 2.5 2.5 2 0 1 0 0
-3372.5 -355.9 -3.8 278 0 19.6 7.4 7.5 2.5 2 0 3 0 0
-3420.9 -412.0 -5.0 4 0 7.6 13.5 5.0 2.5 2 1 2 4 4
-3417.7 -424.4 -4.8 359 0 11.7 10.8 7.5 2.5 2 0 3 3 3
-3412.0 -458.5 -4.4 359 0 11.8 18.6 7.5 2.5 2 1 3 0 0
-3451.2 -505.1 -5.1 176 0 22.7 9.5 2.5 2.5 2 0 1 4 4
-3426.7 -500.6 -4.4 1 0 17.3 12.5 2.5 2.5 2 0 1 0 0
-3381.3 -500.0 -3.0 189 0 36.8 20.9 7.5 2.5 2 0 3 1 1
-3353.4 -507.6 -3.2 189 0 48.8 21.3 7.5 2.5 2 0 3 1 1
-3390.1 -527.7 -2.8 189 0 12.2 6.7 7.5 2.5 2 0 3 2 2
-3342.5 -583.3 -0.7 88 0 16.6 14.2 2.5 2.5 2 0 1 4 4
-3395.4 -563.4 -2.9 183 0 39.0 13.9 12.5 2.5 2 0 5 2 2
-3425.4 -591.7 -5.2 1 0 9.4 20.0 7.5 2.5 2 1 3 5 5
-3422.3 -618.6 -4.7 357 0 11.2 12.4 7.5 0.0 0 1 3 3 3
-3428.4 -640.8 -5.2 0 0 10.8 19.7 7.5 2.5 2 1 3 0 0
-3454.9 -662.6 -4.8 177 0 12.8 7.0 10.0 2.5 2 0 4 5 5
-3417.8 -666.2 -3.5 355 0 9.1 9.2 7.5 2.5 2 1 3 3 3
-3419.1 -677.4 -3.7 353 0 9.5 21.4 5.0 0.0 0 1 2 2 2
-3380.6 -639.2 -1.3 169 0 12.8 14.6 7.5 2.5 2 1 3 1 1
-3391.0 -759.0 -1.0 352 0 14.0 19.6 10.0 0.0 0 1 4 0 0
-3410.8 -712.9 -2.3 352 0 11.3 7.8 2.5 2.5 2 0 1 2 2
-3401.2 -713.2 -2.0 347 0 16.5 6.9 7.5 2.5 2 0 3 4 4
-3414.3 -697.2 -2.9 356 0 15.5 10.8 7.5 2.5 2 0 3 2 2
-3423.9 -715.9 -3.3 353 0 50.3 13.1 10.0 2.5 2 0 4 2 2
-3401.5 -746.4 -1.6 354 0 8.7 28.3 5.0 2.5 2 1 2 3 3
-3492.9 -773.3 -2.8 174 0 22.0 20.9 12.5 2.5 2 0 5 5 5
-3458.2 -758.7 -2.2 264 0 28.1 19.7 10.0 2.5 2 0 4 2 2
-3410.4 -766.6 -1.4 355 0 23.7 31.3 7.5 0.0 0 1 3 3 3
-3364.3 -705.6 1.2 164 0 9.8 21.9 2.5 2.5 2 1 1 2 2
-3357.0 -744.0 1.8 168 0 10.7 12.6 5.0 2.5 4 1 2 4 4
-3300.0 -855.0 -4.0 240 0 8.6 14.0 10.0 2.5 2 1 4 0 0
-3354.6 -920.6 -5.9 346 0 10.8 10.7 14.0 3.5 2 0 4 1 1
-3279.1 -1004.5 -5.0 45 0 9.5 10.1 7.5 2.5 2 1 3 2 2
-3364.8 -1053.3 -7.3 38 0 8.0 11.0 14.0 3.5 2 1 4 0 0
-3349.7 -1025.5 -7.7 31 0 17.4 11.7 14.0 3.5 2 0 4 2 2
-3353.4 -981.8 -7.2 332 0 8.9 13.5 14.0 3.5 2 1 4 1 1
-3389.9 -1109.2 -6.7 217 0 10.5 9.3 7.5 2.5 4 0 3 4 4
-3406.2 -1162.2 -10.5 114 0 13.2 17.9 5.0 2.5 2 1 2 0 0
-3392.8 -1168.0 -9.8 116 0 11.8 21.2 15.0 0.0 0 1 6 0 0
-3452.6 -1331.8 -11.6 180 0 7.3 11.6 14.0 3.5 4 1 4 4 4
-3451.0 -1317.2 -12.1 179 0 6.2 13.2 14.0 3.5 2 1 4 1 1
-3455.0 -1339.4 -11.2 186 0 6.5 10.3 14.0 3.5 2 1 4 2 2
-3453.9 -1351.0 -11.4 185 0 7.3 12.1 14.0 3.5 2 1 4 4 4
-3459.0 -1362.3 -11.7 180 0 11.0 13.8 14.0 3.5 2 1 4 5 5
-3460.9 -1392.2 -12.2 225 0 7.9 11.2 14.0 3.5 2 1 4 5 5
-3455.6 -1378.8 -11.9 194 0 11.7 12.1 14.0 3.5 2 1 4 4 4
-3446.5 -1306.4 -12.3 177 0 7.3 8.8 14.0 3.5 2 1 4 4 4
-3443.9 -1284.9 -13.0 182 0 13.9 12.0 14.0 3.5 2 0 4 5 5
-3435.7 -1306.3 -12.9 178 0 8.0 14.9 14.0 3.5 4 1 4 2 2
-3436.5 -1252.5 -13.4 188 0 9.6 15.2 14.0 3.5 2 1 4 1 1
-3403.2 -1263.1 -13.3 359 0 15.9 9.8 14.0 3.5 2 0 4 3 3
-3395.2 -1190.2 -12.5 290 0 24.3 16.3 14.0 3.5 2 0 4 4 4
-3335.7 -1304.8 -11.3 21 0 14.2 8.5 5.0 2.5 2 0 2 0 0
-3327.8 -1224.3 -8.5 269 0 7.7 9.4 10.0 2.5 2 1 4 5 5
-3325.7 -1248.8 -10.0 359 0 8.3 12.4 7.5 2.5 2 1 3 5 5
-3343.9 -1263.0 -10.9 207 0 11.2 6.8 5.0 0.0 0 0 2 1 1
-3358.4 -1292.4 -11.7 210 0 9.4 12.5 7.5 0.0 0 1 3 3 3
-3321.2 -1121.2 -3.0 251 0 11.6 13.7 2.5 2.5 4 1 1 5 5
-3335.1 -1141.5 -4.3 179 0 9.8 16.3 7.5 2.5 2 1 3 0 0
-3339.5 -1153.2 -5.2 183 0 11.4 13.8 7.5 2.5 2 1 3 0 0
-3306.6 -1097.3 -2.3 55 0 9.5 10.6 10.0 2.5 2 1 4 1 1
-3321.6 -1106.5 -3.3 57 0 18.5 9.1 7.5 2.5 2 0 3 4 4
-3314.4 -1088.4 -2.8 54 0 10.4 7.8 7.5 2.5 2 0 3 4 4
-3367.0 -1081.3 -5.8 217 0 20.2 8.6 7.5 2.5 2 0 3 4 4
-3352.9 -1119.0 -5.6 10 0 17.2 7.4 7.5 2.5 2 0 3 5 5
-3619.7 -5473.9 4.3 180 0 7.4 10.5 10.5 3.5 4 1 3 4 4
-3632.6 -5497.6 3.7 173 0 10.9 14.5 10.5 0.0 0 1 3 5 5
-3637.0 -5510.3 3.3 177 0 9.6 14.7 10.5 3.5 2 1 3 3 3
-3643.6 -5520.9 2.9 183 0 7.0 17.2 10.5 0.0 0 1 3 4 4
-3642.7 -5531.3 2.7 182 0 8.9 13.1 10.5 3.5 2 1 3 5 5
-3642.5 -5547.4 2.5 184 0 18.3 15.9 10.5 3.5 2 0 3 0 0
-3644.8 -5566.4 2.4 186 0 12.9 18.7 10.5 3.5 2 1 3 4 4
-3653.4 -5580.0 1.9 190 0 10.5 8.4 10.5 3.5 2 0 3 0 0
-3659.5 -5642.2 1.1 181 0 6.3 9.2 10.5 3.5 2 1 3 4 4
-3659.0 -5620.6 1.3 182 0 7.0 6.7 10.5 0.0 0 0 3 3 3
-3657.0 -5594.5 1.7 186 0 9.8 11.5 10.5 0.0 0 1 3 5 5
-3657.8 -5608.2 1.4 181 0 12.6 10.2 10.5 3.5 2 0 3 4 4
-3129.0 -6733.2 -3.0 265 0 15.1 24.3 14.0 3.5 2 1 4 4 4
-3145.3 -6740.0 -2.5 265 0 14.0 9.8 14.0 3.5 2 0 4 3 3
-3018.1 -6753.7 -0.5 283 0 17.3 12.3 14.0 3.5 2 0 4 2 2
3645.0 -3140.9 1.1 63 0 11.4 18.6 7.5 2.5 2 1 3 2 2
3409.3 -3031.9 8.4 300 0 10.6 11.7 10.0 2.5 2 1 4 1 1
3414.4 -2963.5 5.4 164 0 9.5 16.1 5.0 2.5 2 1 2 4 4
3440.4 -3047.2 7.7 302 0 17.3 16.7 7.5 2.5 2 0 3 2 2
3488.4 -2976.4 6.0 353 0 11.3 21.2 2.5 2.5 2 1 1 1 1
3506.1 -2844.7 1.7 173 0 10.8 15.6 7.5 2.5 2 1 3 2 2
3475.2 -3060.6 6.4 133 0 8.7 20.1 5.0 2.5 2 1 2 1 1
3358.8 -2893.0 -1.9 335 0 11.7 17.2 7.5 2.5 2 1 3 2 2
3363.6 -2915.7 0.6 344 0 12.1 18.9 7.5 2.5 2 1 3 1 1
3372.8 -2876.2 -2.2 151 0 10.7 14.0 7.5 2.5 4 1 3 3 3
3388.8 -2875.4 -2.1 152 0 6.1 9.8 7.5 2.5 2 1 3 2 2
3452.9 -3116.5 6.4 84 0 20.4 16.8 10.0 2.5 2 0 4 5 5
3372.8 -3027.5 7.9 276 0 13.1 12.4 5.0 2.5 2 0 2 0 0
3552.4 -3038.9 4.2 333 0 9.5 16.4 5.0 2.5 2 1 2 5 5
3608.4 -3087.6 2.0 74 0 12.9 6.9 10.0 0.0 0 0 4 1 1
