-330.3 -1904.0 11.5 213 0 8.5 7.6 7.5 2.5 2 0 3 3 3
-393.8 -1997.7 19.8 208 0 8.1 7.8 2.5 2.5 2 0 1 2 2
-500.4 -2339.2 24.6 186 0 14.9 10.7 7.5 2.5 2 0 3 3 3
-504.4 -2104.2 -1.3 347 0 8.1 19.3 7.5 2.5 2 0 3 0 0
-346.5 -1852.2 -0.1 238 0 12.5 6.4 5.0 2.5 2 0 2 0 0
-463.6 -1893.1 -2.5 49 0 11.8 13.3 5.0 2.5 2 1 2 0 0
-564.4 -2169.4 -6.7 110 0 14.0 7.5 2.5 2.5 2 0 1 2 2
2279.4 -1528.1 224.9 242 0 7.4 9.6 7.5 2.5 2 1 3 1 1
-537.8 -2078.7 -6.9 250 0 8.1 13.2 7.5 2.5 2 1 3 4 4
-447.5 -1863.5 -3.5 48 0 8.8 6.4 5.0 2.5 2 0 2 5 5
-373.3 -1959.4 17.0 215 0 14.3 8.2 7.5 2.5 2 0 3 4 4
-649.7 -2222.6 -12.1 199 0 7.9 14.7 7.5 2.5 4 1 3 4 4
-445.5 -2360.4 33.9 93 0 7.7 14.5 7.5 2.5 2 1 3 4 4
-473.4 -2229.6 16.7 353 0 18.6 8.0 7.5 2.5 2 0 3 5 5
2303.0 -1520.4 224.9 55 0 12.0 14.3 10.0 0.0 0 1 4 4 4
-142.6 -1707.2 16.2 235 0 11.5 8.0 5.0 2.5 2 0 2 1 1
-486.9 -2356.6 28.1 177 0 16.1 8.8 2.5 2.5 2 0 1 3 3
-573.5 -1921.1 -1.8 53 0 8.2 6.3 5.0 2.5 2 0 2 2 2
-409.1 -1770.8 2.7 266 0 20.1 10.9 7.5 2.5 2 0 3 3 3
-616.2 -1933.5 2.2 227 0 44.6 13.0 17.5 0.0 0 0 7 3 3
-307.9 -1951.9 22.9 231 0 10.8 7.4 7.5 2.5 4 0 3 5 5
-409.3 -2146.4 34.4 212 0 8.0 6.4 7.5 2.5 2 0 3 4 4
-424.5 -2327.6 35.6 320 0 8.3 15.6 7.5 2.5 2 1 3 5 5
-425.0 -1911.9 4.8 221 0 6.4 14.2 5.0 2.5 2 1 2 4 4
-438.0 -1984.9 8.0 198 0 11.9 9.9 7.5 2.5 4 0 3 1 1
-503.6 -1909.7 -2.5 73 0 16.5 9.8 5.0 2.5 2 0 2 2 2
-569.3 -2096.1 -7.0 250 0 12.9 7.6 7.5 2.5 2 0 3 0 0
-288.5 -1863.9 14.5 199 0 11.4 9.4 10.0 2.5 4 0 4 3 3
-428.8 -1936.0 6.7 209 0 8.3 13.3 7.5 2.5 4 1 3 0 0
-163.5 -1796.5 23.0 325 0 8.8 12.1 7.5 2.5 2 1 3 2 2
-525.2 -2142.3 0.0 91 0 8.2 10.1 7.5 2.5 2 1 3 3 3
-480.2 -2418.2 33.1 155 0 7.3 10.5 7.5 2.5 2 1 3 0 0
-648.0 -2269.7 -6.0 140 0 8.5 18.2 10.0 2.5 2 1 4 0 0
-223.4 -1745.5 7.5 27 0 13.0 8.1 5.0 2.5 2 0 2 5 5
-450.8 -1815.8 -0.8 301 0 10.1 7.0 7.5 0.0 0 0 3 1 1
-453.4 -1779.5 6.5 175 0 8.4 32.9 12.5 2.5 2 1 5 2 2
-503.9 -2280.7 15.3 172 0 9.0 15.0 7.5 2.5 2 1 3 2 2
-463.4 -2314.3 27.7 272 0 8.0 9.1 7.5 0.0 0 1 3 2 2
180.8 -2037.0 69.3 316 0 20.2 7.4 7.5 2.5 2 0 3 3 3
-3816.9 -1736.6 0.6 210 0 17.4 15.7 12.5 2.5 2 0 5 1 1
-2661.8 -144.3 38.1 150 0 9.8 23.1 7.5 2.5 2 1 3 4 4
-3024.3 -622.2 3.4 181 0 16.2 46.4 12.5 2.5 2 1 5 3 3
-2877.5 -500.0 -3.0 110 0 12.5 12.4 7.5 2.5 4 0 3 2 2
-1664.6 -276.1 -17.6 138 0 14.0 11.4 5.0 0.0 0 0 2 3 3
-1740.6 -294.3 -20.8 229 0 7.5 12.4 7.5 2.5 2 1 3 0 0
-1756.1 -312.0 -20.5 239 0 20.0 8.0 5.0 2.5 4 0 2 3 3
-1787.6 -358.4 -18.3 229 0 20.7 7.9 5.0 0.0 0 0 2 5 5
-1800.4 -354.7 -19.3 232 0 36.9 7.6 12.5 0.0 0 0 5 5 5
-1795.9 -385.3 -16.5 41 0 13.6 6.1 7.5 2.5 2 0 3 3 3
-1804.0 -403.2 -15.8 43 0 19.3 8.9 7.5 2.5 2 0 3 2 2
-1828.2 -394.2 -16.2 137 0 9.0 20.7 7.5 2.5 2 1 3 0 0
-1816.4 -359.5 -16.4 317 0 12.9 34.3 12.5 2.5 2 1 5 2 2
-1864.0 -406.9 -20.6 222 0 33.1 11.8 12.5 2.5 2 0 5 0 0
-1883.9 -148.1 -21.3 322 0 6.5 17.0 5.0 2.5 2 1 2 5 5
-1959.8 -110.2 -12.8 134 0 12.8 10.8 5.0 2.5 2 0 2 0 0
-1956.0 -137.3 -14.6 152 0 9.0 10.5 7.5 2.5 2 1 3 0 0
-1920.1 -111.2 -16.6 356 0 10.6 15.4 7.5 2.5 2 1 3 2 2
-1975.0 -187.9 -16.5 272 0 10.7 13.6 12.5 0.0 0 1 5 5 5
-2230.7 -293.3 -16.3 277 0 9.4 15.9 7.5 2.5 2 1 3 0 0
-2280.8 -361.0 -13.0 112 0 9.0 7.4 2.5 2.5 2 0 1 5 5
-2388.9 -391.3 -3.1 205 0 8.7 16.5 10.0 2.5 2 1 4 1 1
-2516.1 -544.6 -11.9 350 0 10.3 17.4 10.0 2.5 4 1 4 5 5
-1900.5 265.2 -7.7 180 0 12.5 11.0 7.5 2.5 2 0 3 1 1
-1928.1 1.2 -13.0 199 0 11.0 7.3 10.0 2.5 2 0 4 4 4
-1962.6 -39.6 -7.5 187 0 9.6 6.7 7.5 2.5 2 0 3 1 1
-2013.2 -5.8 3.7 294 0 7.0 10.3 7.5 2.5 2 1 3 4 4
-1669.5 246.5 -1.3 74 0 11.3 7.8 7.5 2.5 2 0 3 1 1
-1695.7 223.4 -4.7 86 0 12.3 6.6 2.5 2.5 2 0 1 2 2
-1707.6 210.9 -8.8 258 0 9.0 10.2 10.0 0.0 0 1 4 4 4
-1792.7 154.2 -10.7 20 0 13.8 9.0 10.0 2.5 2 0 4 3 3
-1790.9 98.5 -16.7 15 0 15.2 8.5 2.5 2.5 2 0 1 3 3
-1841.6 106.4 -14.0 308 0 7.5 7.4 5.0 2.5 2 0 2 1 1
-1480.2 420.7 -8.4 209 0 11.7 9.4 7.5 2.5 2 0 3 3 3
-1574.7 271.2 -9.9 26 0 10.5 7.6 2.5 2.5 2 0 1 5 5
-1330.7 715.7 1.9 209 0 22.9 22.1 12.5 0.0 0 0 5 1 1
-1407.3 555.6 -7.1 222 0 16.2 10.8 5.0 2.5 2 0 2 1 1
-1419.7 486.7 -10.5 310 0 10.7 10.4 10.0 0.0 0 0 4 5 5
-1464.8 495.8 -0.3 248 0 7.8 6.8 5.0 2.5 2 0 2 5 5
-1454.0 541.8 3.9 1 0 6.6 9.8 7.5 2.5 2 1 3 3 3
-1333.1 773.1 20.7 3 0 14.4 9.5 2.5 2.5 2 0 1 3 3
-1460.0 789.6 51.0 244 0 6.7 9.1 7.5 2.5 2 1 3 0 0
-1465.8 764.8 50.3 61 0 7.9 20.4 7.5 2.5 2 1 3 5 5
-882.0 1703.2 20.9 121 0 8.7 19.9 5.0 2.5 2 1 2 4 4
-903.3 1580.5 30.3 32 0 17.4 11.7 5.0 2.5 2 0 2 1 1
-913.2 1635.1 22.4 336 0 12.2 15.5 5.0 2.5 2 1 2 3 3
-985.9 1594.3 13.9 358 0 6.2 7.7 2.5 2.5 2 1 1 4 4
-1037.7 1342.4 20.1 7 0 16.9 9.6 7.5 2.5 2 0 3 3 3
-1050.0 1253.0 14.2 225 0 10.7 8.8 5.0 0.0 0 0 2 3 3
-1071.9 1250.9 14.6 18 0 11.9 7.1 7.5 2.5 2 0 3 0 0
-1153.3 1097.1 16.9 46 0 10.2 17.1 2.5 2.5 2 1 1 5 5
-1133.4 1132.2 16.4 39 0 8.9 8.3 5.0 2.5 2 0 2 1 1
-1174.9 1080.6 18.0 26 0 9.2 13.3 7.5 2.5 2 1 3 1 1
-1185.4 1061.0 18.9 32 0 10.8 14.3 7.5 2.5 2 1 3 2 2
-1242.1 1025.0 26.9 197 0 14.5 8.3 2.5 2.5 2 0 1 5 5
-1645.3 -191.8 -21.9 214 0 9.3 13.6 7.5 2.5 2 1 3 0 0
-1485.5 -45.6 -16.1 2 0 10.9 14.9 10.0 2.5 2 1 4 4 4
-1268.0 20.4 5.4 125 0 8.8 14.2 5.0 0.0 0 1 2 0 0
-1296.7 82.8 -7.4 292 0 12.9 9.9 2.5 2.5 4 0 1 4 4
-1347.1 92.8 -15.4 225 0 17.2 11.3 5.0 2.5 2 0 2 1 1
-806.1 2200.5 12.2 148 0 6.7 13.5 7.5 2.5 2 1 3 2 2
-873.1 1982.0 17.8 4 0 13.7 10.1 5.0 2.5 2 0 2 2 2
204.5 3204.2 -2.4 34 0 11.2 16.4 7.5 2.5 4 1 3 1 1
109.6 3082.4 -13.1 220 0 6.2 7.6 10.0 2.5 2 1 4 3 3
129.7 3107.0 -12.2 216 0 13.4 9.0 5.0 2.5 2 0 2 0 0
117.9 3091.7 -13.0 223 0 15.9 8.4 7.5 0.0 0 0 3 2 2
-169.1 2756.3 4.4 33 0 11.1 11.2 7.5 2.5 2 1 3 5 5
-327.0 2589.4 24.5 212 0 10.7 7.6 7.5 2.5 2 0 3 3 3
-460.6 2385.0 30.6 120 0 8.3 10.2 7.5 2.5 2 1 3 4 4
697.2 3575.6 -2.9 90 0 6.7 15.5 5.0 2.5 2 1 2 5 5
-453.3 2485.1 14.0 57 0 17.5 11.7 5.0 2.5 2 0 2 2 2
-687.0 2211.3 24.4 239 0 11.9 9.7 7.5 2.5 2 0 3 4 4
-728.8 2203.6 26.0 228 0 13.6 6.7 7.5 2.5 4 0 3 3 3
-778.1 2183.7 22.8 228 0 12.3 9.8 5.0 2.5 2 0 2 4 4
939.8 4341.6 21.5 357 0 8.5 16.2 7.5 2.5 4 1 3 3 3
803.1 3855.7 0.0 214 0 10.4 10.1 7.5 0.0 0 0 3 4 4
765.6 3780.5 -3.8 207 0 14.1 8.6 2.5 2.5 4 0 1 0 0
755.6 3767.5 -3.0 209 0 10.3 8.9 5.0 2.5 2 0 2 2 2
820.9 3734.0 -13.2 109 0 13.7 18.7 10.0 2.5 2 1 4 2 2
737.5 3679.1 -1.1 151 0 15.0 9.5 5.0 2.5 2 0 2 3 3
759.1 3650.6 -2.2 2 0 7.8 6.7 7.5 2.5 2 0 3 4 4
763.5 3590.2 -4.8 210 0 10.2 12.6 5.0 2.5 2 1 2 1 1
640.2 3619.0 2.0 276 0 9.4 14.8 7.5 2.5 2 1 3 5 5
658.6 3498.7 -11.0 143 0 15.0 12.1 10.0 2.5 4 0 4 5 5
644.0 3559.0 -4.9 232 0 12.2 17.2 2.5 2.5 2 1 1 2 2
651.1 3594.1 -0.2 112 0 9.1 7.3 5.0 2.5 4 0 2 4 4
650.0 3578.8 -1.2 102 0 15.2 13.3 5.0 2.5 2 0 2 4 4
624.3 3584.2 2.3 92 0 11.2 13.8 5.0 2.5 2 1 2 0 0
572.9 3529.4 2.1 60 0 12.3 9.5 7.5 2.5 4 0 3 5 5
576.9 3381.1 -15.1 178 0 9.8 14.7 5.0 2.5 4 1 2 1 1
518.7 3470.6 1.1 48 0 20.1 10.0 5.0 2.5 2 0 2 2 2
913.2 5260.5 50.7 349 0 10.3 13.2 7.5 2.5 2 1 3 0 0
893.6 5134.3 51.5 181 0 16.2 11.5 7.5 2.5 2 0 3 1 1
911.7 4959.5 53.2 353 0 9.0 11.2 7.5 2.5 4 1 3 2 2
919.6 4931.4 45.5 222 0 13.7 7.9 5.0 2.5 4 0 2 0 0
848.8 4761.2 43.8 181 0 11.9 6.2 5.0 2.5 4 0 2 1 1
891.4 4724.8 29.9 18 0 13.7 18.6 12.5 2.5 2 1 5 2 2
851.6 4582.1 41.5 85 0 9.1 13.8 10.0 2.5 2 1 4 5 5
867.7 4629.5 34.5 102 0 10.7 9.4 7.5 2.5 2 0 3 1 1
881.7 4621.2 28.2 147 0 15.4 10.2 5.0 2.5 2 0 2 4 4
884.1 4572.7 27.3 183 0 9.1 14.9 7.5 2.5 4 1 3 3 3
968.9 6731.7 123.8 260 0 8.0 20.0 10.0 2.5 2 1 4 3 3
1028.1 6685.7 118.6 336 0 9.7 12.3 5.0 2.5 2 1 2 4 4
985.0 6669.1 127.1 155 0 12.9 10.6 5.0 0.0 0 0 2 1 1
976.6 6643.2 135.1 158 0 8.3 6.1 7.5 2.5 4 0 3 4 4
948.2 6617.5 144.3 0 0 16.9 12.1 7.5 2.5 2 0 3 3 3
950.0 6597.9 143.4 357 0 14.3 10.2 7.5 2.5 2 0 3 3 3
951.1 6506.8 142.0 345 0 13.6 8.2 5.0 2.5 2 0 2 1 1
984.6 6476.6 132.3 171 0 7.1 8.8 10.0 0.0 0 1 4 3 3
1009.8 6355.4 120.1 177 0 10.8 6.4 5.0 2.5 2 0 2 5 5
1006.5 6300.2 116.7 185 0 12.5 7.3 5.0 2.5 4 0 2 4 4
917.9 6331.6 141.0 204 0 7.1 11.5 5.0 2.5 2 1 2 5 5
965.4 6260.5 123.9 34 0 12.3 13.1 12.5 2.5 4 1 5 5 5
965.3 6381.0 135.2 31 0 6.5 16.6 7.5 0.0 0 1 3 1 1
930.2 6407.5 142.5 188 0 17.8 11.0 7.5 2.5 2 0 3 4 4
972.2 6400.1 133.6 11 0 13.6 9.3 7.5 2.5 4 0 3 1 1
989.7 6243.8 115.3 199 0 14.2 9.2 10.0 2.5 4 0 4 3 3
904.8 6119.2 119.0 121 0 8.9 15.1 2.5 2.5 4 1 1 2 2
944.3 6164.7 118.7 13 0 14.1 6.6 5.0 2.5 2 0 2 1 1
957.0 6121.4 107.8 218 0 8.8 12.8 5.0 2.5 2 1 2 1 1
841.7 5551.0 74.8 356 0 13.5 7.3 7.5 2.5 4 0 3 2 2
863.7 5463.1 63.9 182 0 9.7 7.5 7.5 2.5 2 0 3 3 3
831.4 5370.3 71.9 264 0 9.4 10.1 10.0 2.5 2 1 4 4 4
857.5 5361.8 65.8 6 0 14.2 9.7 7.5 0.0 0 0 3 0 0
850.6 5307.9 63.9 243 0 6.7 8.8 5.0 0.0 0 1 2 2 2
880.7 3960.9 4.3 189 0 9.8 6.9 7.5 2.5 2 0 3 0 0
-941.9 6641.5 183.0 338 0 8.9 7.4 7.5 0.0 0 0 3 3 3
-992.7 6281.8 206.4 273 0 10.4 15.5 5.0 2.5 2 1 2 1 1
891.6 6350.5 151.3 292 0 6.0 15.6 5.0 2.5 2 1 2 1 1
1151.5 6785.9 116.7 100 0 6.6 11.5 5.0 0.0 0 1 2 3 3
1143.8 6914.6 123.4 17 0 11.0 7.8 5.0 2.5 2 0 2 4 4
6623.3 -1294.0 -119.0 185 0 19.4 9.1 5.0 2.5 2 0 2 4 4
6648.5 -1401.4 -133.3 95 0 10.3 9.8 5.0 2.5 2 0 2 5 5
6577.3 -1612.0 -131.5 101 0 9.6 10.6 7.5 0.0 0 1 3 3 3
6545.8 -1555.1 -116.1 358 0 17.5 8.5 5.0 2.5 2 0 2 3 3
6475.4 -1528.8 -85.0 114 0 8.5 10.1 7.5 2.5 2 1 3 5 5
6431.2 -1441.9 -50.5 283 0 8.1 8.2 5.0 2.5 2 1 2 3 3
6278.1 -1729.3 -29.7 285 0 8.5 8.0 7.5 2.5 2 0 3 3 3
6329.4 -1644.6 -44.1 90 0 15.3 9.5 7.5 2.5 2 0 3 5 5
6436.1 -1887.0 -111.7 16 0 10.0 15.0 2.5 2.5 2 1 1 3 3
6454.1 -1803.5 -105.9 356 0 10.3 9.3 5.0 2.5 2 0 2 3 3
6499.9 -1732.2 -119.0 271 0 9.1 17.8 7.5 2.5 2 1 3 1 1
6517.1 -1686.0 -119.7 24 0 10.1 10.9 5.0 2.5 2 1 2 0 0
6617.1 -1691.1 -139.3 90 0 7.7 7.7 7.5 2.5 2 1 3 4 4
2395.9 2100.8 170.7 94 0 9.3 11.6 2.5 2.5 2 1 1 0 0
2382.9 2193.2 149.5 124 0 6.3 7.5 7.5 2.5 2 1 3 1 1
2261.9 2285.5 141.8 114 0 13.8 10.1 7.5 2.5 4 0 3 2 2
2687.6 2785.6 194.7 131 0 6.6 8.2 7.5 2.5 2 1 3 0 0
2482.3 2780.7 150.1 115 0 6.6 12.1 2.5 2.5 2 1 1 2 2
2293.0 2726.1 119.9 112 0 8.7 10.2 10.0 2.5 2 1 4 1 1
2342.3 2766.9 123.8 20 0 9.8 11.1 7.5 2.5 2 1 3 4 4
2142.8 2547.9 111.3 100 0 10.8 16.9 7.5 2.5 2 1 3 2 2
1599.1 1956.6 172.4 137 0 6.5 12.5 7.5 2.5 2 1 3 1 1
1554.4 1886.2 177.6 131 0 8.7 14.5 5.0 2.5 2 1 2 3 3
1824.1 2683.8 154.2 118 0 6.6 13.4 7.5 2.5 2 1 3 4 4
1560.5 2328.7 194.4 122 0 10.3 12.2 5.0 2.5 2 1 2 5 5
1495.9 2350.2 200.8 124 0 14.5 10.7 5.0 2.5 2 0 2 3 3
1534.4 2178.9 192.6 249 0 10.7 11.6 2.5 0.0 0 1 1 4 4
1990.1 2455.5 117.8 38 0 12.7 7.1 7.5 0.0 0 0 3 4 4
1984.0 2504.8 120.6 200 0 9.8 8.9 10.0 2.5 2 0 4 0 0
2065.4 2476.3 108.9 117 0 9.0 11.9 7.5 2.5 2 1 3 4 4
2020.1 2347.4 104.9 90 0 8.8 16.0 10.0 2.5 2 1 4 0 0
1949.7 2045.6 115.6 131 0 9.2 11.0 7.5 2.5 2 1 3 2 2
1607.0 1290.2 78.9 94 0 9.1 7.7 2.5 2.5 2 0 1 4 4
1494.5 1145.9 79.7 114 0 8.2 10.4 7.5 2.5 4 1 3 2 2
1478.5 1029.3 58.4 203 0 6.8 11.4 7.5 2.5 2 1 3 4 4
6912.4 1200.1 -14.8 298 0 8.1 9.3 7.5 2.5 2 1 3 0 0
6875.4 1214.9 -11.6 163 0 7.9 9.1 5.0 2.5 2 1 2 5 5
6854.8 1013.2 14.4 344 0 6.9 7.0 7.5 2.5 2 1 3 3 3
6836.9 996.9 19.8 83 0 6.8 10.6 7.5 2.5 2 1 3 4 4
6816.8 1060.3 19.9 201 0 9.3 6.9 7.5 2.5 2 0 3 1 1
6723.0 556.2 52.6 93 0 6.9 12.9 5.0 2.5 2 1 2 3 3
6829.0 609.8 32.6 178 0 8.7 9.7 5.0 2.5 2 1 2 0 0
6906.2 519.2 15.0 4 0 6.2 15.4 10.0 0.0 0 1 4 5 5
6799.7 835.5 38.6 4 0 9.4 12.5 5.0 2.5 2 1 2 5 5
6799.1 892.0 39.9 267 0 8.3 10.3 7.5 2.5 2 1 3 1 1
6769.6 880.6 45.0 226 0 11.7 7.1 5.0 2.5 2 0 2 2 2
6744.7 608.1 52.8 1 0 14.1 7.1 5.0 2.5 2 0 2 0 0
6746.4 502.0 49.3 355 0 14.7 6.3 7.5 0.0 0 0 3 3 3
6682.6 584.0 64.2 273 0 6.2 12.6 5.0 2.5 2 1 2 2 2
6698.4 699.6 68.1 5 0 7.4 12.8 5.0 2.5 2 1 2 2 2
6582.7 602.3 95.0 95 0 9.6 17.0 7.5 2.5 2 1 3 0 0
5974.7 -2315.1 -60.1 225 0 11.2 8.3 10.0 2.5 2 0 4 3 3
5972.0 -2387.0 -78.1 33 0 12.5 8.6 5.0 2.5 4 0 2 0 0
5776.2 -2510.7 -51.4 103 0 11.1 8.2 7.5 2.5 2 0 3 1 1
5793.1 -2646.8 -81.7 89 0 7.8 12.6 5.0 2.5 2 1 2 1 1
5786.1 -2587.1 -75.4 163 0 7.8 18.2 10.0 2.5 2 1 4 5 5
5824.7 -2574.6 -77.3 16 0 10.5 14.2 7.5 2.5 2 1 3 4 4
5929.6 -2530.7 -85.7 52 0 13.9 11.8 7.5 2.5 2 0 3 5 5
5943.6 -2495.0 -82.9 4 0 10.6 13.9 2.5 2.5 2 1 1 2 2
5898.5 -2469.3 -74.4 184 0 9.1 13.0 5.0 2.5 2 1 2 5 5
5884.0 -2621.9 -89.1 115 0 11.1 7.2 10.0 2.5 2 0 4 4 4
5866.5 -2634.4 -88.6 112 0 12.6 10.2 5.0 2.5 2 0 2 5 5
5937.8 -2646.1 -89.6 147 0 8.1 13.8 2.5 2.5 2 1 1 3 3
6114.2 -2295.1 -78.9 90 0 6.3 9.5 5.0 2.5 2 1 2 1 1
6264.1 -2327.4 -83.2 45 0 12.1 7.7 5.0 2.5 2 0 2 4 4
6250.8 -2352.5 -81.9 34 0 13.6 8.6 5.0 2.5 2 0 2 1 1
6223.2 -2302.1 -87.4 272 0 8.1 11.3 7.5 2.5 2 1 3 1 1
6190.2 -2342.4 -87.4 178 0 10.1 16.2 10.0 2.5 2 1 4 1 1
6147.1 -2387.7 -86.7 217 0 9.1 8.2 7.5 2.5 2 0 3 0 0
6125.2 -2419.4 -86.1 221 0 8.6 7.7 7.5 2.5 2 0 3 4 4
6056.5 -2545.6 -87.4 39 0 7.4 17.6 2.5 2.5 2 1 1 2 2
6009.0 -2580.0 -88.4 238 0 11.0 15.9 5.0 2.5 2 1 2 4 4
5976.6 -2692.8 -70.6 122 0 10.3 9.2 7.5 2.5 4 0 3 2 2
6039.8 -2648.1 -67.1 57 0 14.9 9.3 5.0 2.5 2 0 2 4 4
5841.4 -2992.8 -60.0 86 0 16.3 9.5 5.0 2.5 2 0 2 4 4
5786.3 -2885.1 -84.8 76 0 9.4 16.8 2.5 0.0 0 1 1 1 1
5736.5 -2724.8 -83.0 300 0 12.2 9.6 10.0 2.5 2 0 4 2 2
5669.0 -2699.2 -71.4 268 0 8.6 10.8 5.0 2.5 2 1 2 5 5
5697.5 -2756.5 -79.3 7 0 6.0 9.8 7.5 2.5 2 1 3 2 2
5664.8 -2910.5 -77.8 178 0 12.8 7.0 2.5 2.5 2 0 1 2 2
5655.9 -2851.2 -78.0 356 0 11.2 8.1 7.5 2.5 2 0 3 4 4
5636.3 -3183.8 -64.2 86 0 12.0 9.2 7.5 2.5 4 0 3 2 2
4719.9 -5412.3 -192.7 129 0 13.7 12.9 7.5 2.5 2 0 3 4 4
4870.0 -5554.4 -229.8 267 0 6.9 7.1 7.5 2.5 2 1 3 5 5
4862.4 -5551.8 -229.6 267 0 6.7 8.2 7.5 2.5 2 1 3 0 0
4826.9 -5405.2 -209.8 91 0 11.7 7.7 5.0 2.5 2 0 2 1 1
4878.5 -5401.4 -215.1 89 0 6.1 7.2 7.5 2.5 4 1 3 3 3
6741.9 -6726.9 -231.2 272 0 14.4 8.9 7.5 2.5 2 0 3 0 0
6669.5 -6581.4 -229.7 14 0 12.5 12.2 7.5 2.5 2 0 3 2 2
2032.0 1886.2 140.5 48 0 6.6 8.2 10.0 2.5 2 1 4 5 5
5509.8 -5267.6 -227.0 155 0 6.2 11.5 7.5 2.5 2 1 3 1 1
-954.1 1438.4 30.8 118 0 8.7 15.6 5.0 2.5 2 1 2 5 5
-835.2 930.3 -9.2 241 0 8.6 7.4 5.0 2.5 2 0 2 1 1
1173.9 639.4 61.3 76 0 11.0 9.8 7.5 2.5 2 0 3 1 1
1398.6 2822.3 82.1 174 0 8.1 15.0 7.5 2.5 4 1 3 1 1
777.8 2302.7 21.5 321 0 6.1 9.1 7.5 2.5 2 1 3 5 5
850.6 2116.1 11.4 42 0 14.9 10.5 5.0 0.0 0 0 2 2 2
767.8 2130.3 6.4 96 0 9.7 8.4 5.0 0.0 0 0 2 1 1
555.6 2155.4 -1.2 95 0 8.5 10.7 2.5 2.5 2 1 1 5 5
148.3 1637.9 29.1 282 0 11.7 9.7 10.0 2.5 2 0 4 3 3
115.4 1746.1 6.8 284 0 11.4 10.1 5.0 2.5 2 0 2 3 3
85.5 1671.6 17.0 94 0 14.5 8.6 7.5 2.5 2 0 3 1 1
62.7 1672.5 17.8 85 0 11.4 7.4 5.0 2.5 2 0 2 4 4
-53.7 1713.3 25.1 66 0 13.0 11.7 2.5 2.5 2 0 1 5 5
-150.3 1899.4 18.8 124 0 9.7 6.4 10.0 2.5 2 0 4 2 2
-931.2 1233.3 -2.4 145 0 9.4 19.5 5.0 2.5 2 1 2 5 5
-403.3 2651.9 10.5 322 0 10.1 13.4 10.0 0.0 0 1 4 3 3
-944.5 2492.2 29.9 74 0 12.8 7.7 10.0 2.5 2 0 4 3 3
-938.3 2560.1 62.6 214 0 8.6 13.2 7.5 2.5 2 1 3 3 3
-785.9 2591.8 43.2 70 0 6.3 6.0 5.0 2.5 2 0 2 0 0
-824.8 2472.5 38.5 214 0 9.6 14.8 5.0 2.5 2 1 2 5 5
-804.2 2321.0 17.3 275 0 14.2 10.7 5.0 0.0 0 0 2 0 0
468.5 2422.9 22.7 92 0 8.3 12.5 5.0 2.5 2 1 2 3 3
498.6 2854.3 -1.6 8 0 12.7 8.6 7.5 2.5 2 0 3 4 4
367.4 2698.3 -4.7 126 0 12.5 9.5 7.5 2.5 2 0 3 5 5
4319.7 -6166.1 -206.6 97 0 18.6 20.3 5.0 2.5 2 1 2 2 2
