2843.8 -6804.9 -10.2 77 0 6.4 10.8 10.5 3.5 2 0 3 0 0
2856.4 -6801.8 -10.2 77 0 13.6 11.9 10.5 3.5 2 0 3 1 1
2881.0 -6831.1 -9.0 165 0 9.5 11.2 10.5 3.5 2 0 3 2 2
2832.2 -6883.6 -10.0 128 0 14.7 21.2 10.5 3.5 2 0 3 0 0
2942.5 -6843.1 -8.1 73 0 15.9 21.4 10.5 3.5 2 0 3 4 4
2903.1 -6840.7 -8.8 161 0 13.7 13.1 10.5 3.5 2 0 3 5 5
2917.9 -6860.0 -9.0 160 0 32.4 8.7 10.5 3.5 2 0 3 3 3
566.0 -6855.7 -13.1 85 0 25.2 11.3 14.0 3.5 2 0 4 1 1
-149.2 -6457.0 -12.2 116 0 31.0 21.0 10.0 0.0 0 0 4 0 0
603.0 -6852.7 -12.2 85 0 14.8 8.0 14.0 3.5 2 0 4 5 5
488.8 -6878.6 -13.1 265 0 7.0 7.1 14.0 3.5 2 1 4 0 0
597.5 -6878.2 -13.5 85 0 33.3 13.3 14.0 3.5 2 0 4 5 5
506.9 -6876.2 -13.5 264 0 14.6 7.0 14.0 3.5 2 0 4 2 2
525.3 -6898.5 -14.0 355 0 7.4 33.4 14.0 3.5 2 1 4 1 1
542.3 -6883.9 -13.6 84 0 54.5 13.5 14.0 3.5 2 0 4 3 3
981.9 -6837.6 -12.7 158 0 6.9 23.3 14.0 3.5 2 1 4 2 2
991.4 -6837.5 -14.9 248 0 17.6 10.2 14.0 3.5 2 0 4 1 1
963.3 -6857.4 -10.9 59 0 6.1 7.2 14.0 3.5 2 0 4 1 1
2852.6 -6832.8 -9.6 259 0 11.5 21.3 10.5 3.5 2 0 3 5 5
2965.6 -6882.0 -9.3 64 0 8.2 7.7 10.5 3.5 2 0 3 0 0
2956.2 -6887.1 -9.1 65 0 8.4 9.1 10.5 3.5 2 0 3 5 5
3016.2 -6741.9 -8.3 259 0 14.3 19.5 10.5 0.0 0 0 3 4 4
3519.2 -6561.5 -12.4 351 0 6.3 55.2 10.0 2.5 4 1 4 1 1
3526.4 -6533.6 -11.0 158 0 35.8 33.3 10.0 2.5 2 0 4 3 3
4107.9 -6315.9 -11.7 64 0 17.3 16.2 10.0 2.5 2 0 4 5 5
3516.1 -6595.2 -12.5 73 0 8.9 17.4 7.5 2.5 2 1 3 0 0
4689.9 -6297.2 -9.3 179 0 18.6 11.8 5.0 2.5 2 0 2 5 5
4587.1 -6283.7 -12.5 180 0 12.1 21.9 10.0 2.5 2 1 4 4 4
4879.6 -6262.6 -5.8 348 0 16.6 14.4 7.5 2.5 2 0 3 5 5
4626.2 -6294.0 -11.3 100 0 7.8 14.3 7.5 2.5 2 1 3 5 5
4905.3 -6256.5 -7.7 166 0 9.7 14.6 10.0 0.0 0 1 4 5 5
4217.3 -6221.8 -12.6 180 0 15.4 12.2 5.0 2.5 2 0 2 5 5
3915.8 -6485.2 -15.0 334 0 6.1 13.9 2.5 2.5 2 1 1 0 0
3768.8 -6377.2 -12.2 176 0 14.6 14.2 5.0 2.5 2 0 2 3 3
4280.3 -6264.8 -13.2 256 0 17.0 17.0 15.0 0.0 0 1 6 5 5
4195.5 -6258.4 -12.8 92 0 13.8 15.1 2.5 0.0 0 1 1 2 2
4103.2 -6253.4 -11.3 353 0 15.4 22.0 10.0 2.5 2 1 4 3 3
4250.2 -6274.0 -13.3 255 0 17.5 17.2 7.5 0.0 0 0 3 0 0
3918.5 -6473.7 -14.8 337 0 12.9 7.1 7.5 2.5 4 0 3 4 4
4255.0 -6337.0 -12.9 343 0 37.1 14.9 12.5 2.5 2 0 5 0 0
3750.9 -6295.9 -12.6 162 0 15.1 15.1 7.5 2.5 2 1 3 0 0
4450.4 -6281.3 -13.8 352 0 7.9 11.6 5.0 2.5 2 1 2 3 3
4417.2 -6293.7 -13.8 352 0 14.1 26.7 10.0 2.5 4 1 4 1 1
2408.3 -6791.9 -8.5 8 0 9.5 17.7 10.5 3.5 2 0 3 1 1
1938.8 -6510.1 -5.3 274 0 11.3 35.0 10.0 2.5 2 1 4 2 2
2392.0 -6744.8 -6.4 297 0 8.3 13.2 10.5 3.5 2 0 3 1 1
2431.5 -6824.6 -8.6 299 0 9.0 16.4 14.0 3.5 2 1 4 1 1
1860.2 -6503.1 -10.3 275 0 17.2 23.1 12.5 2.5 2 1 5 0 0
2417.3 -6763.2 -7.7 16 0 18.4 22.0 10.5 3.5 2 0 3 0 0
1903.7 -6531.2 -7.6 274 0 40.4 12.3 15.0 0.0 0 0 6 3 3
1914.3 -6486.6 -7.9 274 0 45.3 18.4 15.0 2.5 2 0 6 0 0
2638.2 -6898.5 -6.7 269 0 10.6 8.5 10.5 3.5 2 0 3 0 0
1707.6 -6795.1 -9.2 126 0 8.9 30.9 14.0 3.5 4 1 4 2 2
1763.8 -6779.0 -6.3 264 0 14.6 21.4 14.0 3.5 4 1 4 1 1
2838.4 -6837.1 -9.7 256 0 11.6 21.0 10.5 3.5 2 0 3 5 5
2688.1 -6842.6 -9.9 355 0 17.7 11.7 10.5 3.5 2 0 3 5 5
2390.2 -6449.5 -11.6 96 0 9.6 14.6 14.0 3.5 2 1 4 0 0
2372.2 -6409.0 -10.5 180 0 17.3 41.4 14.0 0.0 0 1 4 1 1
2366.8 -6421.2 -11.2 268 0 23.7 20.9 14.0 3.5 2 0 4 0 0
2359.9 -6356.3 -8.9 272 0 10.2 15.9 14.0 3.5 2 1 4 5 5
1841.2 -6250.0 -12.6 86 0 30.7 13.9 14.0 3.5 2 0 4 1 1
1796.1 -6155.3 -12.0 266 0 13.6 18.0 14.0 3.5 2 1 4 5 5
1870.1 -6244.1 -12.0 87 0 22.3 56.4 14.0 3.5 2 1 4 1 1
1763.4 -6258.5 -12.2 171 0 13.1 47.9 14.0 3.5 2 1 4 0 0
1873.0 -6167.6 -11.6 358 0 32.2 19.4 14.0 0.0 0 0 4 3 3
1777.4 -6155.7 -12.0 265 0 15.3 76.4 14.0 3.5 2 1 4 4 4
1827.5 -6140.1 -12.6 268 0 31.4 86.4 14.0 0.0 0 1 4 0 0
4718.4 -6405.7 -18.9 224 0 7.2 12.1 5.0 2.5 2 1 2 2 2
4712.5 -6411.7 -18.8 224 0 9.7 12.1 5.0 2.5 2 1 2 2 2
4709.2 -6433.2 -17.4 53 0 7.3 15.9 7.5 2.5 4 1 3 4 4
4652.0 -6348.5 -19.3 75 0 7.2 9.5 10.0 2.5 2 1 4 5 5
6056.7 -5782.8 -16.8 90 0 7.0 37.4 10.0 2.5 2 1 4 1 1
6127.5 -5731.7 -14.9 269 0 17.0 16.4 12.5 2.5 4 0 5 4 4
5906.2 -5841.0 -15.4 84 0 7.7 19.6 2.5 0.0 0 1 1 1 1
6584.2 -5760.8 -18.8 281 0 27.9 12.9 14.0 3.5 4 0 4 4 4
6183.1 -5694.9 -11.9 164 0 13.2 14.0 5.0 0.0 0 1 2 3 3
6195.8 -5745.6 -12.3 172 0 26.8 21.3 7.5 2.5 2 0 3 3 3
6368.5 -5766.1 -16.2 261 0 32.1 10.3 14.0 3.5 2 0 4 0 0
6476.3 -5794.9 -18.0 275 0 11.7 15.8 14.0 3.5 4 1 4 1 1
6186.6 -5833.9 -13.7 260 0 10.9 10.0 14.0 3.5 2 0 4 1 1
5959.2 -5816.1 -15.4 358 0 12.7 18.6 5.0 2.5 2 1 2 0 0
6168.2 -5710.9 -13.0 347 0 12.0 16.8 7.5 0.0 0 1 3 2 2
6265.6 -5791.0 -13.2 257 0 8.6 12.1 14.0 0.0 0 1 4 2 2
6075.9 -5879.5 -15.0 82 0 13.0 19.8 7.5 2.5 2 1 3 1 1
5812.5 -5909.4 -13.0 259 0 17.7 14.0 5.0 2.5 2 0 2 0 0
6203.5 -5858.5 -14.8 79 0 9.8 9.8 14.0 3.5 2 1 4 3 3
5835.7 -5950.1 -15.0 80 0 15.7 7.3 2.5 2.5 4 0 1 5 5
6105.6 -5847.9 -14.6 263 0 14.0 13.3 7.5 2.5 2 0 3 2 2
5884.0 -5908.6 -15.4 348 0 14.8 29.5 10.0 2.5 2 1 4 0 0
6175.1 -5626.0 -11.4 245 0 27.6 23.4 10.0 2.5 2 0 4 3 3
5843.3 -5906.6 -14.1 261 0 12.9 11.4 10.0 2.5 2 0 4 1 1
6123.7 -5779.5 -14.6 93 0 17.4 18.0 12.5 2.5 2 1 5 3 3
5783.3 -5915.3 -13.4 255 0 35.2 28.7 10.0 0.0 0 0 4 1 1
6174.7 -5744.4 -12.2 352 0 16.1 11.0 2.5 0.0 0 0 1 0 0
6288.7 -5853.5 -17.6 81 0 12.6 41.0 7.0 0.0 0 1 2 5 5
6191.6 -5865.4 -15.0 80 0 10.5 14.4 14.0 3.5 2 1 4 2 2
2087.6 -6616.4 -7.1 204 0 14.5 25.7 10.5 3.5 2 1 3 5 5
2115.9 -6635.3 -6.6 113 0 11.8 23.2 10.5 0.0 0 1 3 4 4
2134.1 -6480.9 -9.3 2 0 7.1 14.1 14.0 0.0 0 1 4 2 2
991.5 -6766.3 -16.8 58 0 7.2 7.5 14.0 3.5 4 1 4 0 0
-3556.2 1554.3 6.6 118 0 8.3 109.1 12.5 0.0 0 1 5 0 0
-3400.0 1887.2 8.1 307 0 6.7 114.9 10.0 0.0 0 1 4 1 1
848.4 2742.8 -8.6 17 0 62.6 54.7 10.0 0.0 0 0 4 3 3
929.7 2686.9 -14.1 89 0 64.3 102.3 10.0 0.0 0 1 4 2 2
-1276.2 -6795.3 -7.2 168 0 29.1 9.3 10.0 2.5 4 0 4 4 4
-1307.8 -6813.4 -6.5 261 0 14.9 14.5 10.0 2.5 2 0 4 3 3
-1266.0 -6828.2 -5.2 85 0 12.8 18.1 5.0 2.5 2 1 2 0 0
-1316.6 -6802.0 -9.3 92 0 14.5 17.8 12.5 2.5 2 1 5 5 5
-1331.3 -6802.7 -10.4 95 0 10.8 12.3 7.5 2.5 2 1 3 4 4
-1336.6 -6872.4 -7.3 172 0 31.1 19.0 10.0 2.5 2 0 4 4 4
2899.1 -6785.5 -8.9 256 0 14.2 9.9 10.5 3.5 2 0 3 1 1
2989.7 -6725.6 -8.9 255 0 8.7 17.1 10.5 3.5 2 1 3 2 2
2965.0 -6771.4 -7.7 259 0 8.8 9.0 10.5 3.5 4 1 3 0 0
2955.0 -6817.3 -8.1 73 0 9.6 8.7 10.5 3.5 2 0 3 4 4
2964.1 -6842.2 -8.3 73 0 11.8 16.2 10.5 3.5 2 1 3 2 2
2939.5 -6769.4 -8.1 257 0 14.2 16.2 10.5 3.5 2 1 3 5 5
2956.3 -6782.4 -8.0 259 0 12.5 8.8 10.5 0.0 0 0 3 5 5
2864.3 -6798.5 -10.2 167 0 18.5 9.1 10.5 3.5 2 0 3 3 3
2971.3 -6753.4 -7.8 251 0 12.8 18.1 10.5 3.5 2 1 3 5 5
2907.3 -6888.1 -9.5 161 0 15.7 11.2 10.5 3.5 2 0 3 5 5
2966.7 -6780.3 -7.8 259 0 8.8 8.7 10.5 3.5 2 0 3 1 1
2993.7 -6777.2 -8.0 350 0 8.7 9.9 10.5 3.5 2 1 3 2 2
2903.6 -6869.6 -9.3 161 0 11.7 8.8 10.5 3.5 4 0 3 1 1
2877.0 -6875.2 -9.8 341 0 18.7 9.0 10.5 0.0 0 0 3 5 5
4241.7 -6382.6 -13.1 159 0 6.2 10.7 5.0 2.5 4 1 2 5 5
880.3 -6901.8 -14.8 63 0 16.0 7.7 14.0 3.5 2 0 4 2 2
948.4 -6868.5 -13.3 63 0 23.0 10.1 14.0 3.5 2 0 4 5 5
919.5 -6903.0 -13.7 155 0 6.9 20.1 14.0 3.5 2 1 4 3 3
950.0 -6885.3 -12.4 246 0 29.8 13.0 14.0 3.5 2 0 4 0 0
904.1 -6890.3 -14.0 65 0 37.1 15.4 14.0 3.5 2 0 4 2 2
929.5 -6878.0 -13.9 63 0 19.3 16.2 14.0 3.5 2 0 4 0 0
2510.8 -6819.1 -7.8 118 0 16.3 19.1 10.5 3.5 2 1 3 4 4
2575.1 -6836.8 -7.5 104 0 13.9 20.5 10.5 3.5 2 1 3 4 4
2516.5 -6740.1 -8.6 359 0 17.9 11.3 10.5 0.0 0 0 3 3 3
2446.6 -6741.7 -7.7 110 0 15.7 17.0 10.5 3.5 2 1 3 3 3
2525.7 -6764.9 -7.8 288 0 17.9 12.4 10.5 3.5 2 0 3 4 4
2583.7 -6755.2 -9.8 285 0 23.9 22.1 10.5 3.5 4 0 3 5 5
4204.3 -5736.4 -11.1 358 0 12.9 12.4 7.5 2.5 2 0 3 5 5
4217.2 -5742.6 -10.3 268 0 12.4 12.9 5.0 2.5 2 1 2 1 1
2713.1 -6819.1 -10.2 197 0 11.3 9.1 10.5 3.5 2 0 3 4 4
2555.4 -6826.6 -7.3 104 0 11.8 15.8 10.5 3.5 2 1 3 4 4
2766.6 -6820.5 -9.3 269 0 11.7 10.5 10.5 3.5 2 0 3 5 5
2178.7 -4142.5 -9.0 90 0 14.2 14.6 5.0 2.5 2 1 2 0 0
2179.6 -4164.4 -7.2 270 0 16.4 20.1 10.0 2.5 2 1 4 1 1
2345.7 -5776.0 -7.5 349 0 11.5 16.5 2.5 2.5 2 1 1 0 0
2856.8 -4743.0 -15.0 140 0 13.5 11.5 5.0 0.0 0 0 2 4 4
4319.4 -1308.6 -3.8 271 0 9.1 27.0 5.0 2.5 4 1 2 0 0
2351.9 -5197.6 -9.1 1 0 32.4 6.8 7.5 2.5 2 0 3 2 2
4306.9 -1338.9 -3.1 87 0 9.8 29.8 15.0 0.0 0 1 6 1 1
4334.8 -1325.4 -4.8 4 0 27.2 7.2 5.0 2.5 4 0 2 5 5
2318.0 -5155.9 -8.6 274 0 47.6 7.5 7.5 2.5 4 0 3 3 3
2205.3 -5584.4 -6.0 345 0 11.9 18.5 5.0 2.5 2 1 2 1 1
2235.3 -5561.7 -7.6 30 0 11.1 28.1 12.5 2.5 2 1 5 4 4
870.8 -6775.3 -12.3 7 0 16.0 21.9 14.0 3.5 2 1 4 0 0
-1003.5 880.3 0.1 90 0 9.2 11.2 2.5 2.5 2 1 1 0 0
935.5 -6802.1 -14.1 321 0 10.3 12.9 14.0 3.5 2 1 4 1 1
-1011.5 859.3 0.8 276 0 13.0 12.1 5.0 2.5 2 0 2 2 2
-1124.3 824.8 4.2 333 0 9.1 21.1 5.0 0.0 0 1 2 3 3
-1320.8 1314.4 -5.2 178 0 6.4 8.8 7.5 2.5 2 1 3 2 2
-1324.8 1302.4 -4.8 181 0 12.8 14.5 5.0 2.5 2 1 2 1 1
-1282.9 1293.3 -6.7 89 0 13.8 29.0 12.5 2.5 2 1 5 1 1
-1300.4 1271.4 -3.5 89 0 9.3 11.2 10.0 2.5 2 1 4 3 3
-931.9 841.8 -0.2 287 0 15.6 9.3 5.0 2.5 2 0 2 1 1
-1141.9 935.3 -1.7 165 0 8.9 13.7 7.5 0.0 0 1 3 5 5
-1150.0 947.5 -1.9 172 0 7.8 17.2 7.5 2.5 2 1 3 0 0
-1133.1 899.8 0.2 154 0 7.5 8.8 5.0 2.5 2 1 2 1 1
-1110.0 925.1 -2.2 183 0 9.3 11.1 5.0 2.5 2 1 2 5 5
-1028.2 914.8 -0.5 87 0 8.4 7.6 5.0 2.5 4 0 2 4 4
-1077.3 855.8 2.5 336 0 8.8 33.6 10.0 2.5 2 1 4 3 3
-994.7 958.7 0.3 334 0 8.5 12.6 5.0 2.5 2 1 2 5 5
-987.1 853.5 0.5 275 0 6.3 10.1 2.5 2.5 2 1 1 2 2
-1050.5 715.0 0.1 1 0 13.1 17.5 5.0 2.5 2 1 2 1 1
-1144.2 887.1 2.3 339 0 14.7 7.4 5.0 2.5 2 0 2 2 2
-1152.4 879.3 3.0 332 0 9.8 10.1 5.0 0.0 0 1 2 2 2
-1162.3 943.2 0.1 347 0 13.6 14.3 10.0 2.5 2 1 4 5 5
-1164.9 964.3 -0.7 346 0 7.5 13.9 5.0 2.5 4 1 2 0 0
-1137.7 989.2 -2.9 179 0 6.9 8.3 5.0 2.5 2 1 2 4 4
-1134.0 978.0 -2.9 160 0 7.2 11.5 5.0 2.5 2 1 2 3 3
-1258.5 1280.0 -6.7 247 0 9.7 12.7 5.0 2.5 2 1 2 5 5
-1216.0 1254.3 -8.7 351 0 6.9 10.4 7.5 2.5 2 1 3 2 2
-1248.1 1225.6 -4.3 127 0 8.5 12.5 7.5 2.5 2 1 3 0 0
-1257.3 1209.9 -1.6 127 0 12.1 8.8 7.5 2.5 4 0 3 1 1
-1205.7 1223.1 -7.7 350 0 9.3 12.1 7.5 2.5 2 1 3 5 5
-1150.5 1016.2 -3.0 173 0 6.3 10.0 5.0 2.5 4 1 2 2 2
-1174.8 1062.9 -2.0 1 0 12.1 9.8 5.0 2.5 4 0 2 2 2
-1161.7 1075.4 -2.5 1 0 6.7 10.7 5.0 2.5 2 1 2 1 1
-1062.0 636.8 -5.1 154 0 11.9 9.1 7.5 2.5 2 0 3 1 1
-1109.1 711.9 1.0 348 0 13.0 10.0 5.0 2.5 4 0 2 4 4
-1098.6 697.9 0.1 348 0 15.0 9.0 5.0 2.5 4 0 2 0 0
-1109.2 694.8 0.5 349 0 15.0 7.5 5.0 2.5 2 0 2 5 5
-1113.6 644.9 -2.6 253 0 12.1 11.6 7.5 2.5 2 0 3 1 1
-1093.5 662.5 -1.3 69 0 9.7 8.5 7.5 2.5 2 0 3 5 5
-1134.2 646.1 -1.6 249 0 7.5 13.9 7.5 2.5 2 1 3 5 5
-1235.6 543.5 -1.9 76 0 12.9 10.0 5.0 2.5 2 0 2 5 5
-821.9 53.0 -5.9 218 0 11.1 12.2 7.5 2.5 2 1 3 1 1
-167.0 -5912.4 -13.5 348 0 7.2 13.0 7.5 2.5 2 1 3 4 4
-195.5 -5892.4 -9.7 281 0 6.9 18.6 7.5 0.0 0 1 3 3 3
197.0 -3807.7 -10.4 350 0 14.3 13.5 5.0 0.0 0 0 2 4 4
-916.5 919.0 -1.6 98 0 9.0 18.6 7.5 0.0 0 1 3 2 2
-903.3 996.4 3.7 347 0 14.1 9.8 7.5 2.5 2 0 3 1 1
-934.0 1047.5 5.6 338 0 8.4 12.9 5.0 2.5 2 1 2 3 3
-1062.1 1054.5 -1.9 80 0 12.7 11.4 7.5 2.5 2 0 3 5 5
-882.9 929.8 -2.5 45 0 8.6 12.0 5.0 2.5 2 1 2 0 0
-882.4 940.3 -1.2 87 0 7.2 7.3 7.5 2.5 2 1 3 0 0
-1244.0 1187.2 -3.4 161 0 8.9 15.2 7.5 0.0 0 1 3 3 3
-1222.4 1194.1 -6.0 169 0 6.8 9.3 7.5 2.5 4 1 3 0 0
-1094.9 1222.0 -8.6 156 0 7.2 12.4 7.5 2.5 2 1 3 1 1
-1059.4 1229.3 -5.4 347 0 14.9 9.6 7.5 0.0 0 0 3 0 0
-1072.9 1289.3 -2.6 272 0 9.2 10.1 7.5 2.5 2 1 3 5 5
-996.6 1110.5 7.1 146 0 10.5 13.3 5.0 2.5 2 1 2 1 1
-1050.3 1293.0 -0.9 272 0 7.1 17.9 7.5 2.5 2 1 3 1 1
-1069.4 1405.0 -6.6 185 1 11.6 10.6 10.0 2.5 2 0 4 1 1
-1036.9 1452.0 -8.1 233 0 8.7 7.8 5.0 2.5 2 0 2 0 0
-1015.6 1477.0 -9.6 241 0 7.4 17.3 7.5 0.0 0 1 3 1 1
-1637.4 2862.3 -9.1 336 0 10.5 18.7 5.0 2.5 2 1 2 4 4
-1624.3 2844.7 -8.7 330 0 8.1 12.6 5.0 2.5 2 1 2 4 4
-1619.0 2827.8 -8.4 333 0 12.2 18.4 5.0 2.5 2 1 2 1 1
-1600.6 2795.8 -9.5 333 0 10.8 18.8 5.0 2.5 2 1 2 1 1
-1563.0 2771.0 -11.2 141 0 9.6 18.7 7.5 2.5 2 1 3 4 4
-1603.4 2834.2 -7.8 144 0 8.1 8.3 5.0 2.5 2 1 2 0 0
-1596.8 2841.9 -7.3 145 0 12.4 9.9 5.0 2.5 2 0 2 3 3
-1481.5 2780.6 -7.9 74 0 11.3 6.9 5.0 0.0 0 0 2 5 5
-1538.1 2797.6 -9.1 146 0 7.9 17.2 7.5 2.5 2 1 3 3 3
-1513.7 2828.7 -7.5 332 0 17.0 6.2 7.5 2.5 2 0 3 2 2
-1474.2 2806.6 -7.5 236 0 9.1 7.7 5.0 2.5 2 0 2 1 1
-1454.2 2783.2 -9.5 360 0 6.6 11.4 7.5 2.5 4 1 3 5 5
-1590.6 2913.4 -9.6 248 0 7.9 13.1 5.0 2.5 2 1 2 1 1
-1630.9 2880.6 -9.0 151 0 10.4 9.4 5.0 2.5 2 0 2 1 1
-1554.4 2979.4 -14.0 55 0 18.8 12.4 5.0 2.5 2 0 2 3 3
-1550.7 2884.9 -7.1 334 0 6.9 7.3 5.0 2.5 2 1 2 1 1
-1521.5 2884.5 -7.1 351 0 7.7 6.8 5.0 2.5 2 0 2 4 4
-1400.3 1934.4 -3.3 260 0 11.5 30.7 12.5 0.0 0 1 5 1 1
-1424.4 1924.4 -2.5 270 0 32.2 6.9 14.0 0.0 0 0 4 2 2
-1446.3 1921.6 -1.1 269 0 8.9 33.3 10.0 2.5 2 1 4 2 2
-1521.0 1929.6 -0.9 182 0 9.5 44.6 10.0 2.5 2 1 4 4 4
-1517.8 1908.1 -0.5 180 0 10.0 36.2 7.5 2.5 4 1 3 3 3
-1313.4 1670.7 -12.1 355 0 8.6 25.7 10.5 2.5 2 1 3 5 5
-1349.5 1696.6 -10.8 173 0 20.5 7.2 3.5 2.5 2 0 1 1 1
-1291.7 1688.3 -11.6 169 0 9.2 18.5 12.5 2.5 2 1 5 2 2
-737.0 1392.0 -5.3 267 0 9.9 15.6 7.5 2.5 2 1 3 3 3
-660.3 1399.5 -7.8 260 0 7.4 13.1 7.5 2.5 2 1 3 0 0
-641.7 1367.1 -5.7 344 0 6.5 7.2 5.0 2.5 4 1 2 2 2
-667.3 1336.6 -3.5 171 0 11.8 10.5 7.5 0.0 0 0 3 3 3
-658.5 1247.3 -2.2 180 0 15.4 10.7 5.0 2.5 2 0 2 3 3
-611.3 1207.7 -6.7 165 0 9.7 16.9 5.0 2.5 2 1 2 1 1
-716.6 1141.5 4.2 182 0 7.3 16.1 7.5 2.5 2 1 3 3 3
-682.9 1068.3 -1.5 57 0 7.3 15.6 7.5 2.5 2 1 3 3 3
-715.5 1029.4 -3.8 237 0 6.6 10.8 7.5 2.5 2 1 3 3 3
-693.7 1043.1 -3.7 242 0 13.0 8.1 7.5 2.5 2 0 3 4 4
-1309.6 571.7 -2.5 61 0 6.5 9.1 5.0 2.5 2 1 2 4 4
-1327.3 571.3 -3.4 65 0 10.4 10.7 5.0 2.5 2 1 2 5 5
-1359.5 502.7 -5.2 214 0 6.6 8.1 2.5 2.5 2 1 1 3 3
-1477.9 616.6 0.7 15 0 9.3 10.4 7.5 2.5 2 1 3 1 1
-1469.6 631.4 0.3 18 0 9.0 12.1 7.5 2.5 2 1 3 3 3
-1485.1 635.8 1.5 284 0 6.5 8.1 5.0 2.5 2 1 2 0 0
-1510.4 604.5 3.4 86 0 14.4 8.1 7.5 2.5 2 0 3 3 3
-1528.4 625.7 3.6 174 0 6.6 14.4 7.5 2.5 2 1 3 3 3
-1501.9 541.3 0.5 148 0 9.2 16.1 7.5 2.5 4 1 3 0 0
-1431.4 480.4 -3.9 159 0 11.1 16.9 5.0 2.5 2 1 2 2 2
-1343.5 622.4 -3.7 322 0 6.5 20.4 5.0 2.5 2 1 2 4 4
-1414.3 587.7 -4.4 224 0 9.5 12.0 5.0 0.0 0 1 2 4 4
-1378.5 640.4 -4.1 148 0 9.5 16.3 7.5 0.0 0 1 3 1 1
-1337.7 676.1 -1.4 318 0 8.2 17.8 7.5 2.5 2 1 3 4 4
-1347.2 701.6 -0.6 359 0 10.9 11.4 7.5 0.0 0 1 3 5 5
-1381.6 709.0 -1.9 140 0 9.0 22.1 7.5 2.5 2 1 3 1 1
-1349.5 740.6 -0.2 323 0 9.4 20.0 5.0 2.5 2 1 2 2 2
-1386.2 758.9 0.0 69 0 7.7 14.2 7.5 0.0 0 1 3 3 3
-1365.8 810.2 3.9 317 0 6.7 12.3 7.5 2.5 2 1 3 3 3
-1424.8 758.5 -0.3 60 0 7.3 12.2 5.0 2.5 2 1 2 2 2
-1436.3 804.0 0.8 160 0 6.4 23.4 7.5 2.5 2 1 3 3 3
-1381.7 857.3 8.2 59 0 9.0 13.7 7.5 2.5 2 1 3 2 2
-1393.0 898.1 10.2 273 0 6.8 11.3 5.0 2.5 2 1 2 3 3
-1417.8 865.3 6.0 238 0 14.7 9.8 7.5 2.5 2 0 3 4 4
-1412.8 892.3 8.6 241 0 11.7 10.3 5.0 2.5 4 0 2 4 4
-1454.5 791.1 0.1 180 0 8.3 12.7 2.5 2.5 2 1 1 3 3
-1469.3 856.3 3.2 138 0 7.1 12.9 5.0 2.5 2 1 2 0 0
-1445.6 886.6 6.6 227 0 8.4 7.3 5.0 2.5 2 0 2 2 2
-1397.3 875.5 8.4 255 0 8.0 7.7 7.5 2.5 2 0 3 1 1
-421.9 181.4 -4.1 173 0 9.4 12.7 8.0 2.5 2 1 2 5 5
-419.9 237.4 -5.4 264 0 16.1 36.5 10.0 2.5 2 1 4 3 3
-427.0 248.3 -5.8 258 0 6.8 11.5 8.0 2.5 2 1 2 1 1
-395.2 172.2 -3.1 86 0 6.1 21.1 8.0 2.5 2 1 2 1 1
-355.2 178.6 -2.3 83 0 15.5 18.7 10.0 2.5 2 1 4 1 1
-335.5 180.8 -3.5 85 0 9.0 21.1 10.0 2.5 2 1 4 0 0
-369.2 255.5 -2.8 263 0 12.8 36.5 12.5 2.5 2 1 5 0 0
-376.7 268.2 -3.5 261 0 24.7 12.3 10.0 2.5 2 0 4 4 4
-340.6 252.7 -4.4 263 0 20.0 15.8 12.5 2.5 2 0 5 5 5
-342.5 234.8 -4.3 264 0 10.2 15.9 12.5 2.5 2 1 5 5 5
-343.6 273.2 -4.4 264 0 19.9 16.0 12.5 2.5 2 0 5 2 2
-307.0 277.5 -6.3 260 0 10.3 16.7 12.5 0.0 0 1 5 3 3
-237.4 182.5 -9.8 80 0 8.5 20.0 5.0 2.5 2 1 2 3 3
-198.5 256.7 -12.0 256 0 15.8 11.9 7.5 2.5 2 0 3 3 3
-171.3 266.8 -11.9 264 0 17.3 14.7 7.5 2.5 2 0 3 3 3
-112.9 226.0 -8.9 325 0 8.4 17.0 7.5 2.5 2 1 3 5 5
-107.3 210.7 -8.1 350 0 6.0 11.0 7.5 2.5 4 1 3 2 2
-70.8 270.9 -7.0 80 0 8.0 12.5 2.5 2.5 2 1 1 3 3
-58.7 225.6 -7.7 83 0 6.4 12.9 5.0 2.5 2 1 2 3 3
-10.2 207.9 -8.7 259 0 9.8 10.0 2.5 2.5 2 1 1 2 2
118.7 274.5 -8.1 84 0 6.7 15.1 5.0 2.5 2 1 2 5 5
113.1 350.4 -9.6 268 0 6.2 23.1 5.0 2.5 2 1 2 4 4
7.6 677.5 -3.3 258 0 12.0 9.6 5.0 2.5 2 0 2 0 0
-7.8 761.7 -3.2 351 0 9.6 11.1 5.0 2.5 2 1 2 3 3
-5.6 740.9 -3.4 350 0 8.7 14.2 7.5 2.5 2 1 3 0 0
3.9 787.8 -3.9 177 0 11.0 9.9 7.5 2.5 2 0 3 0 0
-10.2 804.3 -2.8 344 0 8.9 12.2 2.5 2.5 2 1 1 3 3
6.4 886.8 -3.9 356 0 6.7 7.9 10.0 2.5 2 1 4 4 4
3.2 935.1 -6.5 144 0 10.3 12.0 7.5 2.5 2 1 3 1 1
16.5 926.8 -6.8 145 0 6.5 8.8 7.5 2.5 2 1 3 1 1
48.0 896.2 -8.2 274 0 12.5 6.0 7.5 2.5 2 0 3 3 3
2822.1 -6807.4 -10.2 353 0 12.9 8.5 10.5 3.5 2 0 3 2 2
2830.7 -6806.2 -10.2 352 0 12.9 8.6 10.5 3.5 2 0 3 5 5
380.6 -6703.1 -10.0 268 0 15.6 12.2 10.5 3.5 4 0 3 2 2
1854.6 -6457.9 -13.4 95 0 11.3 29.4 12.5 2.5 4 1 5 4 4
1842.7 -6355.3 -12.6 4 0 7.1 32.2 7.5 2.5 2 1 3 5 5
362.2 -6705.7 -9.9 266 0 14.6 13.6 10.5 3.5 2 0 3 3 3
381.3 -6754.5 -10.1 85 0 23.9 12.0 10.5 3.5 2 0 3 5 5
435.0 -6730.7 -11.0 357 0 9.6 25.4 10.5 3.5 2 1 3 5 5
362.8 -6732.3 -10.1 180 0 11.9 33.7 10.5 3.5 2 1 3 2 2
1862.4 -6362.6 -12.4 277 0 10.1 33.3 12.5 2.5 2 1 5 5 5
1851.2 -6413.3 -13.4 188 0 24.0 8.3 2.5 2.5 4 0 1 0 0
1884.0 -6425.7 -11.6 13 0 15.4 11.2 7.5 2.5 2 0 3 5 5
1878.1 -6464.3 -11.4 86 0 7.5 21.5 2.5 2.5 2 1 1 3 3
1879.8 -6374.8 -11.1 277 0 9.4 25.4 7.5 2.5 2 1 3 3 3
816.3 -6711.0 -10.7 296 0 11.3 15.6 14.0 3.5 2 1 4 5 5
834.7 -6704.9 -10.9 296 0 10.7 17.0 14.0 3.5 4 1 4 1 1
807.9 -6690.7 -10.4 296 0 7.5 14.9 14.0 3.5 2 1 4 1 1
807.7 -6818.6 -12.1 243 0 10.3 8.6 14.0 3.5 4 0 4 3 3
815.7 -6745.2 -11.1 115 0 9.8 17.9 14.0 3.5 2 1 4 0 0
879.4 -6785.9 -13.1 249 0 14.6 13.1 14.0 3.5 2 0 4 2 2
828.6 -6791.3 -11.8 98 0 16.4 20.3 14.0 3.5 2 1 4 5 5
777.9 -6752.5 -10.8 7 0 14.6 10.5 14.0 3.5 2 0 4 5 5
767.0 -6831.3 -11.8 87 0 8.9 14.0 14.0 3.5 2 1 4 5 5
896.9 -6817.0 -14.0 73 0 11.4 9.4 14.0 3.5 2 0 4 0 0
794.6 -6818.2 -12.0 262 0 8.4 12.3 14.0 3.5 2 1 4 5 5
883.0 -6743.2 -11.7 330 0 11.9 20.5 14.0 3.5 2 1 4 5 5
782.6 -6818.4 -11.9 260 0 8.4 13.6 14.0 3.5 2 1 4 5 5
796.9 -6812.0 -11.8 87 0 17.5 21.2 14.0 3.5 2 1 4 1 1
849.7 -6736.7 -11.3 296 0 17.8 10.8 14.0 3.5 2 0 4 2 2
837.1 -6760.1 -11.4 28 0 14.8 14.3 14.0 3.5 2 0 4 4 4
892.1 -6780.9 -13.3 249 0 12.8 13.2 14.0 3.5 2 1 4 3 3
796.7 -6759.1 -11.1 182 0 12.7 7.2 14.0 3.5 2 0 4 5 5
789.0 -6680.0 -10.2 292 0 7.7 15.9 14.0 3.5 2 1 4 1 1
779.0 -6793.8 -11.3 358 0 12.4 13.8 14.0 3.5 2 1 4 2 2
919.4 -6785.0 -13.8 317 0 11.3 11.8 14.0 3.5 2 1 4 1 1
784.7 -6755.8 -11.0 192 0 16.4 8.6 14.0 3.5 2 0 4 4 4
839.0 -6830.6 -13.1 84 0 17.0 9.4 14.0 3.5 2 0 4 4 4
779.9 -6809.1 -11.6 356 0 14.5 6.1 14.0 3.5 2 0 4 5 5
765.2 -6750.5 -10.6 14 0 11.5 8.2 14.0 3.5 2 0 4 1 1
793.5 -6697.5 -10.3 295 0 8.0 13.7 14.0 3.5 2 1 4 0 0
807.3 -6771.7 -11.5 178 0 9.1 11.8 14.0 3.5 2 1 4 0 0
872.0 -6812.2 -13.4 83 0 18.5 7.1 14.0 3.5 4 0 4 0 0
787.0 -6774.1 -11.3 184 0 11.6 16.5 14.0 3.5 2 1 4 5 5
3265.2 -6794.3 -14.1 147 0 19.5 17.1 10.0 2.5 2 0 4 5 5
3184.7 -6762.2 -12.6 68 0 18.3 20.8 10.0 0.0 0 1 4 3 3
3401.2 -6378.6 -6.2 115 0 12.6 13.0 5.0 0.0 0 1 2 3 3
3449.0 -6585.4 -11.9 79 0 9.9 17.4 2.5 2.5 4 1 1 5 5
3284.8 -6772.0 -14.7 237 0 16.5 22.3 10.0 2.5 2 1 4 4 4
3840.2 -6367.5 -12.6 341 0 13.0 13.9 7.5 2.5 4 1 3 0 0
2999.7 -6864.1 -9.8 74 0 10.7 14.0 10.5 3.5 4 1 3 4 4
3566.4 -6378.1 -7.5 84 0 14.4 8.2 10.0 2.5 2 0 4 1 1
3240.2 -6757.5 -12.7 339 0 10.6 16.3 7.5 2.5 2 1 3 3 3
3068.0 -6881.2 -12.5 242 0 9.2 20.1 5.0 2.5 2 1 2 1 1
3485.1 -6505.4 -10.3 346 0 17.2 10.1 10.0 2.5 2 0 4 3 3
3272.1 -6738.0 -13.7 74 0 23.8 14.3 7.5 2.5 2 0 3 2 2
3066.2 -6848.7 -10.7 71 0 13.1 7.5 10.5 3.5 2 0 3 5 5
3144.6 -6790.2 -10.8 247 0 7.6 8.5 7.5 2.5 2 1 3 2 2
3006.6 -6826.9 -9.2 74 0 13.4 11.9 10.5 3.5 2 0 3 4 4
3592.1 -6447.5 -7.2 162 0 15.1 14.0 7.5 2.5 2 0 3 4 4
3069.9 -6789.8 -9.4 340 0 6.3 20.6 10.5 3.5 2 1 3 5 5
3482.5 -6456.8 -7.6 355 0 9.4 6.7 7.5 2.5 2 0 3 3 3
3808.7 -6495.0 -12.1 243 0 7.9 6.3 7.5 2.5 2 0 3 4 4
3510.6 -6414.1 -5.8 83 0 13.8 7.9 2.5 2.5 2 0 1 2 2
3176.0 -6773.9 -11.8 252 0 12.8 13.6 2.5 2.5 2 1 1 5 5
3016.3 -6852.1 -10.0 71 0 7.3 14.5 10.5 3.5 2 1 3 3 3
3603.4 -6554.0 -12.4 72 0 14.0 12.0 5.0 2.5 2 0 2 5 5
3564.3 -6326.8 -7.4 269 0 11.9 21.7 10.0 2.5 2 1 4 0 0
3159.6 -6779.5 -11.3 255 0 10.2 12.9 5.0 2.5 2 1 2 0 0
3262.9 -6644.2 -13.7 338 0 9.5 21.1 5.0 2.5 2 1 2 5 5
3242.4 -6742.9 -13.0 162 0 20.8 10.9 5.0 2.5 2 0 2 4 4
3203.2 -6769.0 -12.2 239 0 10.1 11.6 5.0 2.5 2 1 2 2 2
3426.3 -6387.2 -4.8 97 0 11.0 12.9 10.0 2.5 2 1 4 1 1
3002.3 -6803.3 -8.5 348 0 8.2 20.0 10.5 3.5 2 1 3 2 2
3524.6 -6441.5 -7.6 256 0 18.5 12.6 10.0 2.5 2 0 4 5 5
3409.2 -6393.9 -5.9 300 0 11.3 13.6 7.5 2.5 2 1 3 1 1
3728.6 -6435.4 -9.7 78 0 9.0 13.1 7.5 2.5 2 1 3 5 5
3570.6 -6457.0 -7.4 342 0 9.5 13.9 5.0 2.5 4 1 2 3 3
3131.4 -6798.6 -10.6 246 0 8.2 11.1 2.5 2.5 2 1 1 5 5
3506.5 -6476.7 -9.1 174 0 14.5 12.7 10.0 2.5 2 0 4 2 2
3079.9 -6841.4 -10.6 73 0 12.3 11.6 10.5 3.5 2 0 3 0 0
3452.0 -6409.6 -4.4 97 0 12.5 8.9 7.5 2.5 2 0 3 1 1
3738.0 -6492.3 -10.7 78 0 13.4 14.7 5.0 2.5 2 1 2 3 3
3621.7 -6356.1 -9.6 342 0 10.3 20.4 5.0 2.5 4 1 2 0 0
3040.1 -6798.6 -9.3 344 0 14.9 15.1 10.5 0.0 0 1 3 0 0
3654.8 -6493.2 -9.6 164 0 11.6 12.2 2.5 2.5 2 1 1 0 0
3672.0 -6494.5 -9.3 74 0 8.1 11.6 7.5 2.5 2 1 3 5 5
3665.0 -6446.7 -11.8 162 0 7.7 8.7 2.5 2.5 2 1 1 3 3
3366.0 -6359.6 -10.3 106 0 12.3 19.8 5.0 2.5 2 1 2 4 4
3193.8 -6672.3 -14.4 165 0 18.0 7.1 7.5 2.5 2 0 3 3 3
3683.3 -6411.9 -11.4 275 0 9.8 6.5 2.5 2.5 4 0 1 5 5
2887.8 -6083.3 -9.5 324 0 6.8 13.9 7.5 2.5 2 1 3 2 2
2893.8 -6096.5 -11.0 330 0 13.4 13.8 5.0 2.5 2 1 2 5 5
2962.5 -6059.8 -5.4 291 0 8.7 13.1 7.5 2.5 2 1 3 3 3
2988.6 -6081.5 -8.1 348 0 12.8 21.3 12.5 2.5 2 1 5 1 1
2492.6 -6803.9 -7.7 114 0 10.2 17.4 10.5 3.5 2 1 3 1 1
2689.1 -6858.7 -9.0 357 0 9.6 10.9 10.5 3.5 2 1 3 2 2
2915.2 -6897.7 -9.5 155 0 7.8 7.4 10.5 3.5 2 0 3 1 1
2629.0 -6834.1 -8.7 359 0 15.6 13.6 10.5 3.5 2 0 3 5 5
2693.7 -6798.7 -10.4 94 0 13.0 24.4 10.5 3.5 2 1 3 1 1
2695.9 -6879.2 -8.1 345 0 14.7 14.5 10.5 0.0 0 0 3 1 1
2698.1 -6900.9 -7.7 346 0 14.5 16.2 10.5 3.5 2 1 3 3 3
2412.3 -6824.2 -8.8 257 0 6.9 8.7 14.0 3.5 2 1 4 1 1
2642.3 -6844.4 -9.4 176 0 33.9 11.3 10.5 3.5 4 0 3 4 4
2442.0 -6782.2 -7.9 197 0 13.7 10.3 10.5 3.5 2 0 3 0 0
2663.4 -6791.5 -9.8 94 0 12.2 18.0 10.5 3.5 2 1 3 3 3
2658.1 -6911.2 -7.1 78 0 11.3 20.7 10.5 3.5 2 1 3 4 4
2401.0 -6828.1 -9.1 263 0 7.4 6.1 14.0 3.5 2 0 4 1 1
2722.9 -6784.2 -11.1 284 0 18.0 17.6 10.5 3.5 2 0 3 1 1
2645.4 -6784.8 -9.9 90 0 8.7 13.3 10.5 3.5 2 1 3 1 1
2755.6 -6860.7 -9.5 83 0 14.1 12.9 10.5 0.0 0 0 3 0 0
1018.8 -6849.9 -18.5 348 0 7.8 9.6 14.0 3.5 2 1 4 5 5
958.9 -6845.2 -12.3 337 0 8.0 11.2 14.0 3.5 2 1 4 1 1
979.5 -6873.0 -13.0 246 0 15.6 10.3 14.0 3.5 2 0 4 1 1
1416.6 -6452.2 -16.5 332 0 16.0 14.9 10.5 3.5 2 0 3 2 2
1426.2 -6480.3 -15.2 342 0 14.3 12.1 10.5 3.5 2 0 3 3 3
1452.0 -6690.6 -9.6 234 0 7.7 38.8 17.5 0.0 0 1 5 3 3
1447.5 -6463.1 -13.4 153 0 34.0 26.4 10.5 0.0 0 0 3 5 5
1346.2 -6835.7 -17.6 169 0 16.9 20.6 17.5 3.5 2 1 5 4 4
1359.9 -6775.8 -15.3 332 0 15.2 19.2 17.5 3.5 2 1 5 0 0
1386.0 -6414.2 -17.2 329 0 25.7 12.6 10.5 0.0 0 0 3 5 5
1438.0 -6783.3 -9.6 303 0 30.4 19.6 17.5 3.5 2 0 5 1 1
1374.0 -6393.7 -16.6 323 0 16.8 12.2 10.5 0.0 0 0 3 0 0
1479.1 -6864.2 -7.0 136 0 8.4 13.2 17.5 3.5 2 1 5 2 2
1439.6 -6535.3 -15.4 348 0 24.5 18.7 10.5 3.5 2 0 3 0 0
1444.5 -6704.4 -10.4 231 0 9.3 29.1 17.5 3.5 2 1 5 3 3
1476.5 -6694.3 -9.4 326 0 31.2 9.8 17.5 3.5 2 0 5 0 0
1436.4 -6509.5 -14.1 347 0 15.1 12.6 10.5 3.5 2 0 3 2 2
309.6 -5749.8 -14.5 351 0 14.7 11.8 7.5 2.5 4 0 3 0 0
1357.8 -6341.6 -10.6 142 0 8.8 10.5 10.5 0.0 0 1 3 2 2
304.1 -5716.2 -12.0 355 0 13.0 9.9 5.0 2.5 2 0 2 0 0
448.8 -5793.7 -2.7 114 0 17.2 10.3 10.0 2.5 2 0 4 4 4
338.4 -5940.9 -4.6 29 0 10.3 12.9 10.0 2.5 2 1 4 1 1
289.8 -5971.6 -14.8 146 0 15.2 13.4 7.5 2.5 2 0 3 3 3
326.4 -5608.5 -14.1 183 0 14.1 13.7 7.5 2.5 2 0 3 3 3
431.0 -5892.0 -3.5 280 0 9.0 11.0 5.0 2.5 2 1 2 5 5
383.0 -5972.8 -5.2 310 0 10.5 14.0 7.5 2.5 2 1 3 0 0
302.8 -5651.8 -16.4 2 0 11.5 16.4 7.5 2.5 2 1 3 0 0
406.0 -5974.2 -4.8 285 0 12.3 17.8 5.0 2.5 2 1 2 0 0
305.2 -5603.2 -15.7 96 0 8.5 10.4 7.5 2.5 2 1 3 2 2
300.6 -5669.3 -15.6 358 0 8.9 14.0 10.0 2.5 2 1 4 0 0
300.4 -5695.7 -13.2 355 0 15.4 15.3 7.5 2.5 2 0 3 5 5
383.3 -6031.7 -5.6 27 0 20.6 12.6 10.0 2.5 2 0 4 4 4
312.8 -5938.3 -4.4 35 0 9.4 6.3 5.0 2.5 2 0 2 0 0
323.9 -6014.0 -10.9 125 0 10.8 19.4 5.0 2.5 2 1 2 0 0
419.0 -5804.7 -3.9 294 0 16.3 11.4 10.0 2.5 2 0 4 1 1
292.7 -5939.4 -6.4 133 0 6.2 11.4 5.0 2.5 2 1 2 4 4
315.6 -5647.2 -14.5 178 0 7.1 11.0 10.0 2.5 2 1 4 0 0
353.1 -5841.3 -5.3 326 0 11.2 12.9 10.0 2.5 2 1 4 3 3
390.7 -5865.9 -4.5 114 0 17.4 20.6 10.0 2.5 2 1 4 4 4
314.3 -5658.8 -14.0 183 0 8.1 13.4 7.5 2.5 2 1 3 4 4
326.2 -5978.6 -8.8 313 0 9.7 16.2 2.5 2.5 2 1 1 2 2
347.0 -5775.3 -6.1 148 0 16.0 10.4 2.5 0.0 0 0 1 3 3
415.0 -5654.0 -10.3 91 0 8.6 9.6 7.5 2.5 2 1 3 3 3
710.1 -6138.4 -15.3 293 0 19.5 12.7 5.0 2.5 2 0 2 2 2
631.6 -5365.8 -5.8 294 0 7.9 10.9 2.5 2.5 2 1 1 4 4
675.9 -5435.2 -6.1 23 0 19.3 22.8 10.0 2.5 2 1 4 3 3
504.8 -5265.3 -7.6 114 0 7.8 18.3 7.5 2.5 2 1 3 2 2
600.6 -5364.6 -5.5 293 0 10.0 14.7 7.5 2.5 2 1 3 2 2
517.6 -5297.6 -5.2 293 0 14.1 27.9 7.5 2.5 2 1 3 5 5
480.0 -5211.2 -13.4 213 0 13.4 35.8 12.5 2.5 2 1 5 2 2
681.9 -5359.3 -6.2 96 0 9.9 11.3 7.5 2.5 2 1 3 2 2
689.9 -5475.1 -6.3 14 0 14.0 22.4 7.5 2.5 2 1 3 1 1
656.4 -5311.7 -6.1 276 0 18.6 13.5 7.5 2.5 2 0 3 2 2
1066.3 -5138.4 -10.7 293 0 17.2 18.3 10.0 2.5 2 1 4 5 5
1514.8 -5052.1 -8.5 354 0 11.0 35.9 7.5 2.5 4 1 3 3 3
1510.0 -5031.7 -8.2 355 0 7.1 12.0 2.5 2.5 2 1 1 3 3
1474.5 -5022.9 -7.9 275 0 8.2 33.4 12.5 2.5 2 1 5 4 4
2444.2 -5953.0 -7.6 358 0 13.9 9.8 5.0 2.5 2 0 2 0 0
2161.9 -6251.3 -8.8 69 0 15.7 8.8 10.5 3.5 2 0 3 2 2
2458.2 -6048.8 -9.7 348 0 14.8 18.8 7.5 2.5 2 1 3 2 2
2163.5 -6274.9 -8.3 257 0 10.1 12.5 14.0 0.0 0 1 4 0 0
2186.7 -6252.8 -8.7 258 0 13.3 11.7 14.0 3.5 2 0 4 0 0
2205.8 -6253.6 -8.8 255 0 11.2 12.2 14.0 3.5 2 1 4 3 3
2226.9 -6234.5 -9.0 276 0 11.8 8.8 14.0 3.5 2 0 4 5 5
2213.1 -6221.8 -9.0 87 0 9.7 14.7 10.5 3.5 2 1 3 3 3
2250.9 -6211.9 -8.8 83 0 11.1 14.3 10.5 3.5 4 1 3 5 5
2231.2 -6203.6 -8.9 89 0 11.8 20.2 10.5 3.5 2 1 3 1 1
2126.6 -6238.5 -8.8 170 0 13.1 15.3 10.5 3.5 2 1 3 0 0
2474.6 -6019.2 -10.3 175 0 13.0 15.6 10.0 2.5 2 1 4 4 4
2455.9 -6026.1 -9.0 344 0 9.7 18.9 7.5 2.5 2 1 3 0 0
2190.3 -6235.7 -9.1 72 0 9.0 20.1 3.5 3.5 2 1 1 4 4
2100.8 -6548.5 -8.1 18 0 12.4 12.0 14.0 3.5 2 0 4 2 2
2131.0 -6461.9 -9.4 2 0 10.7 15.3 14.0 3.5 2 1 4 5 5
2048.3 -6469.8 -6.7 276 0 19.3 9.2 14.0 3.5 4 0 4 1 1
2064.7 -6535.0 -6.9 341 0 15.5 13.0 14.0 3.5 2 0 4 2 2
1626.6 -6745.6 -9.3 0 0 8.1 28.3 15.0 0.0 0 1 6 3 3
1674.9 -6854.4 -11.6 303 0 29.1 10.9 7.5 2.5 2 0 3 4 4
1710.7 -6891.1 -11.7 38 0 11.5 29.4 10.0 2.5 2 1 4 5 5
2326.7 -6732.0 -2.8 10 0 8.7 18.6 10.5 3.5 2 1 3 5 5
2324.8 -6679.7 -3.1 319 0 12.9 16.7 10.5 3.5 2 1 3 3 3
1296.4 -6707.2 -12.6 77 0 17.6 22.7 17.5 0.0 0 1 5 4 4
2195.3 -6718.5 1.1 178 0 12.0 9.8 10.5 3.5 2 0 3 3 3
2392.7 -6705.9 -6.2 119 0 9.4 13.6 10.5 3.5 2 1 3 5 5
1605.0 -6621.4 -8.8 99 0 12.7 6.6 17.5 3.5 4 0 5 1 1
2379.7 -6636.8 -5.3 313 0 9.8 8.5 10.5 3.5 2 0 3 0 0
2302.0 -6766.5 -3.4 111 0 13.9 12.4 10.5 0.0 0 0 3 5 5
2320.6 -6653.6 -3.3 129 0 14.4 12.9 10.5 3.5 2 0 3 2 2
1590.9 -6561.1 -8.2 264 0 10.3 12.7 17.5 3.5 2 1 5 0 0
2362.6 -6672.4 -5.1 136 0 8.0 12.7 10.5 3.5 4 1 3 5 5
2340.1 -6673.5 -4.2 138 0 13.0 15.9 10.5 3.5 2 1 3 2 2
1606.3 -6593.1 -8.3 177 0 12.3 17.0 17.5 3.5 2 1 5 0 0
2305.0 -6618.5 -5.4 126 0 9.5 30.0 10.5 3.5 2 1 3 5 5
1646.1 -6651.4 -8.7 102 0 21.5 15.3 17.5 0.0 0 0 5 2 2
2326.8 -6630.2 -4.7 136 0 14.2 15.0 10.5 0.0 0 1 3 5 5
2409.0 -6715.7 -6.8 133 0 9.6 8.1 10.5 3.5 2 0 3 3 3
1635.6 -6621.4 -8.3 189 0 10.7 19.8 17.5 3.5 4 1 5 1 1
2291.5 -6619.1 -3.6 123 0 7.3 10.9 10.5 3.5 2 1 3 4 4
1636.8 -6583.0 -7.9 274 0 10.5 18.7 17.5 3.5 2 1 5 3 3
2241.0 -6733.5 1.2 84 0 12.8 7.0 10.5 3.5 2 0 3 3 3
2254.8 -6752.0 -1.6 96 0 11.5 10.6 10.5 0.0 0 0 3 5 5
2246.5 -6720.9 1.1 88 0 6.4 8.2 10.5 3.5 2 1 3 4 4
2264.5 -6671.2 -0.5 271 0 11.3 10.0 10.5 3.5 2 0 3 0 0
1529.1 -6561.3 -7.9 79 0 13.6 14.1 14.0 0.0 0 1 4 2 2
1340.9 -6760.1 -15.5 133 0 12.6 13.8 17.5 3.5 2 1 5 3 3
2203.9 -6618.2 -0.3 191 0 10.9 16.8 10.5 0.0 0 1 3 3 3
1563.3 -6572.3 -8.3 263 0 10.4 11.7 17.5 3.5 4 1 5 5 5
1324.1 -6713.0 -15.5 85 0 8.9 14.2 17.5 3.5 2 1 5 5 5
1322.6 -6725.8 -16.5 300 0 12.5 12.8 17.5 3.5 2 1 5 0 0
1569.3 -6621.0 -8.2 255 0 8.7 18.0 17.5 0.0 0 1 5 5 5
2338.1 -6776.8 -5.8 118 0 7.9 12.6 10.5 3.5 2 1 3 3 3
2215.5 -6720.6 1.7 180 0 14.1 16.6 10.5 3.5 2 1 3 2 2
1601.6 -6639.6 -8.9 270 0 14.3 11.3 17.5 3.5 2 0 5 4 4
2218.9 -6657.0 -0.0 187 0 14.8 15.9 10.5 3.5 2 1 3 1 1
2326.7 -6756.9 -4.3 89 0 15.0 9.7 10.5 0.0 0 0 3 5 5
731.3 -5994.9 -6.7 28 0 8.6 19.6 2.5 2.5 2 1 1 1 1
621.4 -5982.2 -4.9 210 0 12.8 18.2 7.5 2.5 2 1 3 4 4
752.9 -6037.9 -8.7 287 0 12.5 11.1 7.5 2.5 2 0 3 4 4
741.8 -5971.3 -6.4 17 0 12.8 10.6 5.0 2.5 2 0 2 5 5
771.3 -6032.4 -9.1 277 0 7.8 10.4 5.0 2.5 2 1 2 4 4
762.6 -5961.7 -7.1 202 0 15.3 10.0 10.0 2.5 2 0 4 0 0
4620.3 -6285.6 -11.5 13 0 9.7 6.4 7.5 2.5 2 0 3 1 1
-3543.1 1822.7 6.8 153 0 8.3 10.2 5.0 2.5 2 1 2 3 3
-3435.1 1641.3 4.4 234 0 9.5 36.5 12.5 2.5 2 1 5 0 0
-3571.6 1544.6 4.1 245 0 6.8 48.1 12.5 0.0 0 1 5 2 2
-3483.0 1547.6 6.1 59 0 10.4 26.6 15.0 2.5 2 1 6 5 5
-3413.1 1906.9 5.9 110 0 46.0 7.8 10.0 2.5 2 0 4 4 4
6180.3 -2909.4 -2.5 184 0 13.0 85.4 7.5 0.0 0 1 3 3 3
4655.8 -1968.0 -12.8 76 0 13.1 12.1 7.5 2.5 2 0 3 1 1
4686.1 -1961.9 -11.5 219 0 12.4 7.9 7.5 2.5 2 0 3 3 3
4704.4 -1975.5 -10.2 291 0 8.0 11.9 2.5 2.5 2 1 1 0 0
4674.2 -2014.9 -11.4 115 0 12.4 8.3 7.5 0.0 0 0 3 3 3
4688.8 -2140.2 -8.7 69 0 13.4 12.9 2.5 2.5 2 0 1 5 5
4712.2 -2106.9 -8.0 323 0 8.1 10.3 2.5 2.5 2 1 1 4 4
4785.3 -2119.5 -6.2 113 0 7.4 12.7 5.0 0.0 0 1 2 1 1
2077.9 -6624.7 -7.0 234 0 10.6 18.8 10.5 3.5 2 1 3 1 1
5464.9 -6038.0 -14.1 280 0 10.9 41.2 10.0 0.0 0 1 4 1 1
6583.0 -5803.4 -18.2 6 0 18.2 15.4 14.0 3.5 2 0 4 1 1
5901.2 -5901.9 -15.9 172 0 23.3 65.3 10.0 2.5 2 1 4 5 5
5409.4 -5985.8 -11.6 251 0 11.6 14.3 5.0 2.5 2 1 2 5 5
3020.9 1981.0 -14.1 311 0 58.3 99.3 12.5 0.0 0 1 5 0 0
1682.9 -249.9 -12.1 168 0 78.8 81.2 15.0 0.0 0 1 6 0 0
682.1 -5969.0 -5.4 286 0 9.8 14.2 7.5 0.0 0 1 3 3 3
657.7 -5954.0 -4.7 200 0 10.7 12.2 10.0 2.5 2 1 4 5 5
771.3 -6097.6 -10.9 35 0 6.3 8.3 10.0 2.5 4 1 4 0 0
646.6 -6118.7 -10.0 6 0 10.7 18.1 5.0 2.5 2 1 2 1 1
642.3 -6065.8 -8.1 194 0 11.7 12.4 2.5 2.5 2 1 1 2 2
4872.6 -668.9 -6.6 22 0 14.4 8.5 7.5 2.5 2 0 3 3 3
4867.4 -699.1 -4.8 293 0 8.7 18.5 7.5 2.5 2 1 3 2 2
4765.6 -730.6 3.4 141 0 8.7 13.3 5.0 2.5 2 1 2 1 1
4787.6 -768.0 0.3 141 0 8.9 13.5 5.0 0.0 0 1 2 5 5
4802.7 -774.7 -1.4 141 0 9.3 10.4 7.5 2.5 4 1 3 2 2
4904.0 -775.8 -4.3 52 0 6.4 20.6 7.5 0.0 0 1 3 5 5
4790.4 -871.6 -9.0 72 0 13.8 7.8 7.5 2.5 2 0 3 3 3
4685.1 -868.2 -6.2 248 0 16.1 7.4 7.5 2.5 4 0 3 5 5
4655.2 -884.7 -10.0 267 0 6.4 8.6 7.5 2.5 2 1 3 0 0
4638.5 -892.5 -11.4 178 0 10.2 12.4 7.5 0.0 0 1 3 5 5
4734.3 -885.0 -8.8 62 0 10.4 13.3 2.5 2.5 2 1 1 1 1
4746.7 -881.6 -9.0 59 0 7.3 17.2 5.0 2.5 2 1 2 4 4
4734.3 -836.8 -2.6 244 0 8.1 6.8 10.0 2.5 2 0 4 5 5
4781.9 -813.1 -3.2 327 0 10.2 12.5 7.5 2.5 2 1 3 5 5
4813.8 -825.4 -5.6 328 0 7.1 14.1 5.0 2.5 4 1 2 3 3
4907.3 -748.2 -3.7 225 0 16.9 10.9 7.5 2.5 2 0 3 0 0
4817.3 -797.0 -4.4 134 0 7.8 12.4 10.0 2.5 2 1 4 5 5
4849.5 -823.2 -5.5 143 0 10.1 15.1 7.5 2.5 2 1 3 2 2
4872.2 -789.8 -5.0 142 0 7.3 11.1 5.0 2.5 2 1 2 1 1
4873.9 -802.7 -5.3 144 0 8.3 10.4 5.0 2.5 2 1 2 4 4
4931.9 -718.0 -5.3 232 0 14.1 9.3 7.5 2.5 4 0 3 4 4
4669.7 -578.1 -4.2 174 0 14.9 8.3 5.0 2.5 2 0 2 0 0
4722.1 -539.5 -7.7 290 0 8.3 13.9 10.0 2.5 2 1 4 5 5
4741.1 -517.9 -10.1 266 0 9.4 12.8 2.5 2.5 2 1 1 2 2
4729.1 -584.2 -6.9 356 0 16.5 9.5 7.5 0.0 0 0 3 3 3
4750.7 -622.1 -6.3 90 0 6.5 10.1 10.0 2.5 2 1 4 5 5
4794.6 -603.8 -8.4 294 0 8.9 6.0 7.5 2.5 4 0 3 5 5
4785.1 -677.9 -0.8 227 0 12.8 7.7 7.5 2.5 2 0 3 5 5
4816.0 -672.9 -3.0 301 0 8.5 10.8 10.0 2.5 2 1 4 5 5
4799.3 -666.6 -2.5 225 0 9.9 7.7 7.5 2.5 2 0 3 3 3
4856.8 -650.6 -6.3 300 0 10.9 15.1 10.0 2.5 2 1 4 5 5
4629.4 -538.1 -3.8 170 0 9.8 11.8 7.5 2.5 2 1 3 5 5
4632.0 -560.0 -4.2 178 0 11.6 13.3 7.5 2.5 2 1 3 4 4
4644.2 -579.3 -4.0 175 0 7.4 10.2 7.5 2.5 2 1 3 3 3
4658.1 -605.1 -3.5 178 0 13.5 8.3 7.5 2.5 2 0 3 1 1
4611.4 -615.6 -5.2 357 0 12.0 10.3 7.5 2.5 2 0 3 1 1
4566.3 -592.7 -7.8 177 0 11.7 11.3 7.5 2.5 2 0 3 2 2
4628.5 -598.6 -4.4 359 0 11.8 11.0 7.5 2.5 2 0 3 0 0
4617.7 -573.8 -4.7 358 0 8.1 9.3 7.5 2.5 2 1 3 2 2
4621.6 -559.0 -4.5 355 0 9.5 7.7 7.5 2.5 2 0 3 0 0
4620.5 -549.1 -4.9 358 0 7.1 19.7 10.0 0.0 0 1 4 0 0
4613.1 -514.8 -3.9 0 0 11.1 21.6 2.5 2.5 2 1 1 0 0
4863.1 -852.8 -8.1 109 0 9.9 10.3 5.0 2.5 2 1 2 2 2
4626.9 -459.6 -5.6 182 0 7.7 13.7 7.5 2.5 2 1 3 5 5
4626.6 -488.2 -3.1 181 0 10.0 8.7 5.0 0.0 0 0 2 4 4
4678.1 -674.5 1.3 312 0 9.7 14.3 7.5 2.5 2 1 3 1 1
4545.4 -761.6 -8.1 228 0 13.8 15.5 2.5 2.5 2 1 1 5 5
4585.6 -748.1 -2.6 260 0 10.2 22.6 7.5 2.5 2 1 3 0 0
4603.6 -687.6 -2.7 44 0 11.6 8.9 7.5 2.5 4 0 3 4 4
4627.3 -680.4 -1.0 219 0 9.4 12.8 7.5 2.5 4 1 3 2 2
1727.4 -421.3 -11.8 163 0 28.1 33.0 12.5 0.0 0 1 5 1 1
1711.7 -408.0 -11.4 346 0 44.3 25.5 12.5 0.0 0 0 5 2 2
1676.0 -265.0 -7.1 350 0 47.3 34.0 17.5 0.0 0 0 7 3 3
1659.0 -209.4 -7.1 5 0 11.8 20.6 10.0 2.5 4 1 4 4 4
1658.1 -170.9 -6.0 360 0 20.9 29.2 15.0 0.0 0 1 6 5 5
1657.6 -143.8 -4.9 2 0 23.9 25.6 10.0 0.0 0 1 4 0 0
1658.1 -119.1 -3.7 3 0 16.1 19.5 15.0 0.0 0 1 6 2 2
1607.8 -43.6 -0.3 177 0 16.1 21.7 10.0 2.5 4 1 4 0 0
1648.7 -28.3 -0.5 352 0 18.5 15.8 10.0 2.5 2 0 4 4 4
1648.7 21.9 0.3 354 0 36.3 41.6 10.0 0.0 0 1 4 4 4
1669.2 -145.2 -6.7 173 0 20.0 14.6 10.0 0.0 0 0 4 1 1
1670.1 -100.3 -6.0 174 0 38.9 29.0 12.5 0.0 0 0 5 3 3
1668.0 -55.4 -3.7 170 0 39.3 21.6 10.0 0.0 0 0 4 3 3
-95.4 -1928.1 -8.7 248 0 8.2 9.2 5.0 2.5 2 1 2 2 2
27.7 -1761.7 -5.5 189 0 10.9 14.2 5.0 2.5 2 1 2 2 2
60.9 -1898.1 -6.3 78 0 12.0 11.4 7.5 2.5 2 0 3 5 5
160.4 -1876.6 -8.0 87 0 8.2 11.3 10.0 2.5 2 1 4 1 1
104.2 -1909.5 -6.9 218 0 12.0 14.8 7.5 0.0 0 1 3 4 4
99.0 -1923.7 -6.6 219 0 8.0 9.8 5.0 2.5 2 1 2 5 5
123.6 -1898.9 -7.1 261 0 7.2 6.4 2.5 0.0 0 0 1 4 4
380.8 -1414.7 -4.0 222 0 16.2 9.9 10.0 2.5 2 0 4 4 4
456.9 -1537.1 -4.7 23 0 11.1 10.4 5.0 2.5 4 0 2 1 1
624.1 -1785.3 -3.9 247 0 14.0 10.6 2.5 0.0 0 0 1 0 0
590.6 -1815.1 -4.1 338 0 13.9 13.8 7.5 2.5 2 0 3 3 3
549.6 -1879.5 -3.9 68 0 10.0 10.2 5.0 2.5 2 1 2 0 0
596.5 -1832.6 -3.8 339 0 8.3 15.6 10.0 0.0 0 1 4 4 4
607.6 -1809.6 -3.5 157 0 9.8 8.6 7.5 2.5 2 0 3 3 3
619.0 -1896.1 -6.6 338 0 10.4 12.4 5.0 2.5 2 1 2 2 2
605.2 -1940.9 -7.0 66 0 7.3 6.1 2.5 2.5 2 0 1 1 1
831.0 -2048.1 -5.0 58 0 13.8 8.0 7.5 2.5 4 0 3 2 2
753.4 -2016.4 -9.5 36 0 10.8 14.5 10.0 2.5 2 1 4 1 1
160.3 -1753.4 -7.3 356 0 9.8 12.9 7.5 0.0 0 1 3 3 3
706.6 -6108.1 -11.2 180 0 6.2 9.7 7.5 2.5 2 1 3 5 5
1482.6 -5999.4 -8.2 233 0 9.1 10.6 5.0 2.5 2 1 2 3 3
-354.1 -2370.5 2.2 150 0 9.9 16.8 5.0 2.5 2 1 2 1 1
-416.2 -2449.6 1.1 280 0 7.5 6.5 7.5 2.5 2 0 3 4 4
-385.3 -2494.1 5.7 280 0 9.3 19.4 10.0 2.5 2 1 4 2 2
-324.8 -2529.4 4.1 2 0 12.1 17.6 7.5 2.5 2 1 3 1 1
-330.4 -2568.8 3.1 2 0 12.1 17.6 5.0 2.5 2 1 2 5 5
-413.6 -2538.4 2.8 182 0 12.1 17.6 5.0 2.5 2 1 2 5 5
-404.6 -2474.2 3.8 297 0 9.3 12.3 7.5 2.5 2 1 3 5 5
-348.8 -2637.1 0.0 138 0 14.0 10.7 7.5 2.5 2 0 3 0 0
-262.2 -1763.2 -9.8 336 0 13.2 12.7 5.0 2.5 2 0 2 4 4
1494.9 85.2 -2.5 181 0 16.0 11.3 7.5 2.5 2 0 3 2 2
1344.1 -43.8 -2.7 204 0 9.9 15.6 10.0 2.5 2 1 4 2 2
1307.6 -88.5 -3.1 277 0 13.0 14.5 5.0 0.0 0 1 2 4 4
1361.8 -87.7 -3.1 286 0 12.0 11.4 7.5 2.5 2 0 3 5 5
1440.5 -63.6 -3.5 25 0 15.7 11.4 7.5 2.5 2 0 3 0 0
1391.1 -75.7 -3.4 209 0 9.9 12.9 7.5 2.5 2 1 3 2 2
1646.4 170.9 -0.3 257 0 11.7 19.0 10.0 2.5 2 1 4 5 5
1674.2 178.7 -0.1 268 0 12.1 17.6 2.5 2.5 2 1 1 4 4
1757.9 146.1 -2.1 23 0 9.9 14.7 7.5 2.5 2 1 3 3 3
1388.4 169.0 -2.6 79 0 16.1 19.6 10.0 2.5 2 1 4 5 5
1407.3 199.1 -2.6 269 0 11.9 15.9 7.5 2.5 2 1 3 1 1
1423.9 201.3 -2.8 270 0 11.2 14.3 5.0 2.5 2 1 2 3 3
1492.0 209.0 -4.6 94 0 8.9 19.0 7.5 2.5 4 1 3 2 2
1831.5 234.3 -3.9 271 0 15.2 11.8 7.5 2.5 2 0 3 5 5
1755.5 258.5 -3.2 61 0 11.3 10.4 7.5 2.5 2 0 3 3 3
1699.1 217.7 0.5 25 0 9.2 19.6 7.5 2.5 2 1 3 0 0
1702.2 234.0 0.4 35 0 9.0 15.8 5.0 2.5 2 1 2 2 2
1719.4 230.4 -0.3 77 0 13.2 15.4 7.5 2.5 2 1 3 1 1
1909.2 191.2 -1.3 348 0 9.9 9.3 10.0 2.5 2 0 4 5 5
1938.7 279.2 -4.3 251 0 7.2 17.6 2.5 2.5 2 1 1 1 1
1873.1 213.0 -2.5 270 0 10.0 20.3 5.0 2.5 2 1 2 5 5
-1313.0 1661.4 -12.1 356 0 6.8 15.0 5.0 2.5 2 1 2 1 1
-1313.6 1752.2 -7.7 355 0 12.9 21.1 12.5 0.0 0 1 5 5 5
-1506.9 1974.8 -0.7 56 0 6.2 12.0 7.5 2.5 2 1 3 5 5
-1526.4 2145.7 -2.8 77 0 8.1 10.7 7.5 2.5 2 1 3 0 0
-1850.6 3296.8 -11.0 321 0 11.3 32.1 10.0 2.5 2 1 4 1 1
-1879.4 3306.6 -9.4 232 0 22.5 8.7 5.0 2.5 2 0 2 3 3
-1913.3 3275.9 -9.6 232 0 39.2 8.0 7.5 2.5 2 0 3 5 5
-1932.5 3259.9 -10.0 226 0 8.3 11.0 5.0 2.5 2 1 2 3 3
-1960.7 3246.5 -10.9 252 0 16.4 10.1 5.0 2.5 2 0 2 2 2
-1969.6 3242.0 -11.3 340 0 15.4 11.6 7.5 2.5 2 0 3 5 5
-1871.4 3371.7 -9.3 321 0 6.5 19.8 7.5 2.5 2 1 3 1 1
-1907.6 3365.0 -7.9 231 0 17.6 11.1 5.0 2.5 2 0 2 0 0
-1879.6 3395.3 -9.2 326 0 9.6 17.1 7.5 2.5 2 1 3 4 4
-1898.4 3410.1 -9.2 59 0 6.4 13.3 7.5 2.5 2 1 3 3 3
-1918.4 3391.4 -8.7 231 0 15.6 9.4 10.0 0.0 0 0 4 2 2
-1914.5 3300.1 -7.3 57 0 6.3 17.7 7.5 2.5 2 1 3 3 3
-1903.0 3329.3 -7.3 53 0 9.2 15.3 5.0 2.5 2 1 2 5 5
-1937.2 3357.3 -7.0 222 0 9.7 11.5 7.5 2.5 2 1 3 3 3
-1957.2 3366.3 -7.6 225 0 15.1 11.4 7.5 2.5 2 0 3 2 2
-1923.2 3399.8 -9.1 57 0 6.3 8.2 5.0 2.5 2 1 2 3 3
-1898.6 3474.6 -7.8 173 0 9.8 12.8 7.5 0.0 0 1 3 3 3
-1926.8 3544.1 -6.8 155 0 23.1 8.8 5.0 2.5 2 0 2 0 0
-1918.8 3526.0 -6.9 159 0 10.7 8.4 5.0 2.5 2 0 2 4 4
-2301.5 3248.0 6.2 339 0 9.9 6.3 7.5 0.0 0 0 3 5 5
-2343.3 3232.9 4.3 171 0 6.6 11.1 7.5 2.5 2 1 3 2 2
-2377.1 3551.8 12.5 236 0 7.3 11.0 5.0 2.5 2 1 2 2 2
-2317.9 3659.9 -2.5 333 0 10.1 15.9 5.0 2.5 2 1 2 5 5
-2214.8 3900.9 -3.4 222 0 9.8 11.8 7.5 2.5 2 1 3 1 1
-2201.1 3922.9 -3.3 236 0 16.0 12.6 5.0 2.5 2 0 2 5 5
-2157.2 3964.5 -4.7 232 0 7.5 12.4 7.5 2.5 2 1 3 4 4
-2095.1 3946.4 -6.9 265 0 14.7 12.4 7.5 2.5 2 0 3 3 3
-2131.5 3985.1 -3.5 237 0 17.2 8.4 7.5 2.5 2 0 3 0 0
-2179.2 3966.4 -3.5 57 0 10.3 13.3 5.0 2.5 2 1 2 1 1
-2050.1 3919.3 -8.0 342 0 8.6 12.9 5.0 0.0 0 1 2 2 2
-1979.5 3882.8 -10.1 358 0 8.9 20.8 7.5 2.5 2 1 3 4 4
-1518.4 3965.4 -9.2 290 0 7.9 9.1 7.5 2.5 4 1 3 0 0
-1535.0 3975.5 -10.3 270 0 8.1 14.5 7.5 2.5 2 1 3 5 5
-1521.3 3994.0 -9.6 97 0 6.2 19.7 2.5 2.5 2 1 1 2 2
-1571.8 4191.9 -6.6 314 0 14.6 9.8 5.0 2.5 2 0 2 3 3
-1723.1 3193.6 -13.4 177 0 8.3 30.3 10.0 2.5 2 1 4 5 5
-1626.4 3168.8 -12.6 358 0 8.7 14.2 5.0 2.5 4 1 2 1 1
-1629.7 3115.2 -12.6 183 0 15.8 11.9 7.5 2.5 2 0 3 4 4
-1577.9 3133.4 -13.9 86 0 7.8 12.2 10.0 2.5 2 1 4 1 1
-1556.6 3137.3 -14.4 79 0 9.5 9.4 7.5 2.5 4 0 3 3 3
1350.7 -1325.7 -9.0 276 0 11.9 9.4 5.0 2.5 2 0 2 5 5
1205.2 -1243.9 -7.4 96 0 12.7 9.9 5.0 2.5 4 0 2 3 3
1223.1 -1335.3 -4.9 275 0 13.7 9.7 7.5 2.5 4 0 3 2 2
1269.6 -1335.3 -5.2 97 0 8.5 13.2 5.0 2.5 2 1 2 1 1
-3098.3 6093.6 -4.2 272 0 13.2 9.6 7.5 2.5 2 0 3 1 1
-3064.3 6058.9 -5.3 80 0 12.1 11.1 2.5 2.5 2 0 1 1 1
-2991.7 6051.7 -5.1 159 0 8.8 12.7 7.5 2.5 2 1 3 5 5
-2916.7 6093.0 -7.3 285 0 24.9 17.3 12.5 0.0 0 0 5 1 1
-3080.1 6222.8 -0.5 70 0 15.7 11.7 7.5 2.5 2 0 3 5 5
-3043.2 6303.0 -2.4 12 0 13.1 19.3 10.0 2.5 2 1 4 5 5
-3153.4 6178.2 5.3 171 0 8.2 11.8 7.5 2.5 2 1 3 0 0
-3234.2 6439.3 -0.9 224 0 15.9 12.7 5.0 2.5 2 0 2 2 2
-3083.8 6495.5 -4.8 93 0 8.2 12.1 5.0 2.5 2 1 2 5 5
-3107.4 6536.5 -6.6 231 0 13.0 9.3 7.5 2.5 2 0 3 4 4
-3070.7 6546.9 -7.1 323 0 16.6 14.0 2.5 2.5 4 0 1 0 0
-2791.8 6203.8 -4.2 89 0 10.9 20.0 5.0 2.5 2 1 2 5 5
-2757.0 6194.0 -2.4 82 0 12.2 18.5 5.0 0.0 0 1 2 1 1
-2800.1 6346.3 -4.1 177 0 16.4 14.6 7.5 2.5 2 0 3 3 3
-2768.9 6380.2 -5.2 353 0 10.7 12.3 5.0 2.5 2 1 2 3 3
-2749.2 6314.4 -2.6 163 0 10.3 19.2 7.5 2.5 2 1 3 5 5
-2743.7 6237.7 -2.5 272 0 12.7 18.0 10.0 2.5 2 1 4 1 1
-2634.2 6328.8 -3.1 56 0 17.8 10.2 2.5 2.5 2 0 1 0 0
-2604.3 6361.8 -4.8 305 0 17.6 11.9 5.0 2.5 2 0 2 0 0
-2657.4 6475.2 -4.6 154 0 10.5 11.2 7.5 2.5 2 1 3 2 2
-2630.9 6498.0 -3.7 236 0 11.4 9.9 10.0 2.5 2 0 4 3 3
-2617.3 6456.3 -1.4 308 0 6.2 9.5 7.5 2.5 2 1 3 1 1
-2419.3 6410.4 -1.7 339 0 8.5 14.6 7.5 2.5 2 1 3 0 0
-2427.9 6478.0 11.0 110 0 9.1 10.0 2.5 2.5 2 1 1 0 0
-2890.6 6784.7 3.6 47 0 11.6 11.5 7.5 2.5 2 0 3 4 4
-2797.3 6518.6 -8.5 160 0 10.5 13.9 7.5 2.5 2 1 3 5 5
-2798.1 6545.8 -7.3 234 0 9.5 13.6 7.5 2.5 2 1 3 2 2
-2791.3 6569.7 -2.9 107 0 11.9 16.0 7.5 2.5 2 1 3 4 4
-2794.7 6605.0 3.2 339 0 7.7 11.3 5.0 2.5 2 1 2 3 3
-2817.5 6527.7 -6.4 5 0 7.2 10.1 5.0 2.5 2 1 2 1 1
-2695.2 6576.8 -1.3 6 0 10.2 14.1 7.5 2.5 2 1 3 5 5
-2975.7 6600.7 -1.7 131 0 13.6 16.9 7.5 2.5 2 1 3 5 5
-3035.6 6491.8 -4.4 337 0 13.0 13.1 10.0 2.5 2 1 4 3 3
-3053.0 6540.2 -7.0 160 0 12.4 14.7 10.0 0.0 0 1 4 1 1
-3057.9 6552.4 -7.0 156 0 14.0 8.2 5.0 2.5 2 0 2 0 0
-3045.3 6466.6 -3.0 353 0 11.1 10.2 5.0 2.5 2 0 2 0 0
-3035.4 6436.1 -2.5 345 0 13.0 13.2 5.0 2.5 2 1 2 1 1
-3115.9 6544.8 -7.0 55 0 17.7 7.6 7.5 2.5 2 0 3 3 3
-3236.9 6627.3 -6.6 344 0 10.8 7.1 7.5 2.5 2 0 3 3 3
-3266.5 6629.3 -5.7 165 0 7.9 13.1 5.0 2.5 2 1 2 2 2
-3268.2 6646.7 -5.2 163 0 7.7 13.6 7.5 2.5 2 1 3 5 5
-3275.0 6664.8 -4.7 170 0 8.4 16.5 5.0 2.5 2 1 2 4 4
-3241.7 6684.9 -6.1 47 0 11.4 12.3 2.5 2.5 2 1 1 1 1
-3251.3 6727.1 -6.2 246 0 8.0 13.1 5.0 2.5 4 1 2 5 5
-3289.7 6640.2 -4.5 344 0 8.4 10.8 7.5 2.5 2 1 3 5 5
-3297.3 6691.9 -2.9 347 0 9.0 15.1 10.0 2.5 2 1 4 3 3
-3314.6 6745.6 -2.0 341 0 11.4 13.1 7.5 2.5 2 1 3 5 5
-3322.9 6792.0 -1.9 345 0 14.9 10.1 10.0 2.5 2 0 4 5 5
-3302.3 6833.7 -4.0 173 0 10.8 9.4 7.5 2.5 2 0 3 5 5
-3302.6 6872.8 -3.9 170 0 10.9 8.9 7.5 2.5 2 0 3 0 0
-3290.9 6898.7 -4.5 265 0 8.5 12.2 7.5 2.5 2 1 3 3 3
-3335.2 6912.4 -1.5 263 0 9.7 15.5 10.0 2.5 2 1 4 5 5
-3302.0 6912.0 -4.3 75 0 11.4 12.2 7.5 2.5 2 1 3 3 3
-3313.0 6892.3 -3.6 173 0 15.4 13.7 7.5 2.5 2 0 3 2 2
-3012.0 6895.9 -4.2 246 0 11.0 11.1 7.5 2.5 2 1 3 5 5
-3017.9 6857.5 -8.0 70 0 16.6 27.7 10.0 2.5 2 1 4 5 5
-3004.3 6912.4 -3.1 344 0 11.7 15.8 5.0 0.0 0 1 2 3 3
-273.3 2.6 -2.8 173 0 43.9 168.0 7.5 0.0 0 1 3 2 2
-73.2 30.7 -3.4 352 0 70.7 23.4 10.0 0.0 0 0 4 0 0
-440.5 55.9 -7.5 356 0 44.4 85.6 10.0 0.0 0 1 4 0 0
-473.7 -153.7 -10.2 126 0 37.3 109.8 12.5 0.0 0 1 5 0 0
-191.1 -132.1 -8.4 267 0 50.0 76.1 17.5 0.0 0 1 7 0 0
4872.8 -465.2 -13.2 189 0 13.5 8.2 10.0 2.5 2 0 4 0 0
4952.9 -436.4 -7.2 294 0 10.0 13.5 7.5 2.5 2 1 3 3 3
4923.4 -439.6 -10.3 232 0 11.5 13.1 7.5 2.5 2 1 3 5 5
4898.7 -450.6 -12.8 264 0 7.9 19.4 7.5 0.0 0 1 3 5 5
4921.4 -485.4 -9.0 83 0 12.2 11.1 7.5 2.5 2 0 3 4 4
4957.4 -492.4 -4.3 90 0 16.2 11.0 5.0 2.5 2 0 2 1 1
4989.9 -693.9 -7.5 327 0 8.4 10.9 5.0 2.5 4 1 2 0 0
4771.9 -1095.6 -11.6 162 0 6.9 9.6 2.5 2.5 4 1 1 4 4
4653.2 -665.6 -0.9 310 0 8.1 6.9 7.5 2.5 2 0 3 4 4
4634.8 -725.7 2.8 32 0 6.7 7.7 7.5 2.5 2 1 3 4 4
4845.5 -846.6 -8.0 336 0 8.9 16.8 5.0 2.5 2 1 2 3 3
4616.9 -1109.2 -9.7 2 0 8.9 25.1 12.5 2.5 4 1 5 2 2
4853.5 -1059.7 -12.7 3 0 13.4 9.5 10.0 2.5 2 0 4 5 5
4925.9 -1166.5 -7.5 219 0 9.6 9.7 7.5 0.0 0 1 3 5 5
-5856.7 2575.5 -1.2 252 0 9.5 16.9 7.5 2.5 2 1 3 0 0
-5820.7 2579.4 0.4 350 0 11.7 13.9 5.0 2.5 2 1 2 4 4
-5897.9 2509.5 -0.9 219 0 9.2 22.8 10.0 2.5 2 1 4 1 1
-6125.5 2318.6 0.6 80 0 15.6 13.4 10.0 2.5 2 0 4 3 3
-6238.5 2519.7 3.5 95 0 13.4 10.8 5.0 2.5 2 0 2 3 3
-6244.8 2574.1 2.2 317 0 6.9 9.5 7.5 2.5 2 1 3 5 5
-6211.7 2690.5 4.4 20 0 6.0 12.5 7.5 2.5 2 1 3 5 5
-6283.0 2227.4 -0.6 258 0 13.5 9.5 10.0 2.5 2 0 4 3 3
-6333.8 2206.0 -5.2 256 0 9.1 15.8 5.0 2.5 2 1 2 2 2
-6547.1 2502.1 -8.3 212 0 8.9 15.2 2.5 2.5 2 1 1 4 4
-6499.0 2515.0 -8.4 319 0 18.5 32.4 10.0 2.5 2 1 4 1 1
-6505.4 2553.4 -9.0 348 0 13.4 11.2 5.0 2.5 2 0 2 0 0
-6755.6 2780.5 -12.1 276 0 12.1 8.3 7.5 2.5 2 0 3 2 2
-6802.7 2669.8 -8.5 115 0 7.4 17.5 7.5 2.5 4 1 3 0 0
-6861.9 2675.6 -3.8 23 0 9.0 12.0 5.0 2.5 2 1 2 5 5
-6910.0 2706.9 -2.8 7 0 7.1 8.9 7.5 2.5 2 1 3 4 4
-6825.1 2985.8 -6.4 263 0 7.7 13.0 2.5 2.5 4 1 1 1 1
-6830.7 2946.7 -5.1 75 0 9.7 14.6 10.0 2.5 2 1 4 3 3
-6812.4 2921.8 -6.7 48 0 10.7 13.3 7.5 2.5 2 1 3 5 5
-6871.8 2952.2 -3.4 182 0 7.6 11.6 7.5 2.5 2 1 3 0 0
-6890.8 2949.0 -2.6 173 0 17.5 9.4 7.5 2.5 2 0 3 3 3
-6869.6 2977.5 -3.7 173 0 10.8 7.8 7.5 2.5 2 0 3 4 4
-6804.0 3093.7 -7.3 287 0 9.7 11.3 5.0 2.5 2 1 2 4 4
-6872.3 3066.2 -6.1 217 0 15.6 9.0 7.5 2.5 2 0 3 4 4
-6847.8 3052.4 -6.7 12 0 6.2 10.3 7.5 2.5 2 1 3 3 3
-6893.6 3044.6 -3.8 197 0 13.8 8.9 5.0 2.5 2 0 2 0 0
-6909.9 2989.1 -1.5 90 0 14.4 10.9 7.5 2.5 2 0 3 4 4
-6909.2 2978.2 -1.0 3 0 7.6 13.6 5.0 2.5 2 1 2 4 4
-6910.1 3104.4 -4.6 95 0 14.7 14.2 5.0 2.5 2 0 2 4 4
-6887.9 3070.0 -5.3 214 0 13.5 8.2 7.5 2.5 2 0 3 5 5
-6869.0 3088.7 -6.1 185 0 16.4 7.8 10.0 2.5 2 0 4 5 5
-6860.4 3123.6 -6.2 111 0 16.2 12.4 2.5 0.0 0 0 1 0 0
-6909.0 3141.1 -5.0 198 0 11.2 13.2 7.5 0.0 0 1 3 1 1
-6912.5 3153.8 -4.6 278 0 12.3 13.8 5.0 0.0 0 1 2 5 5
71.0 -3692.5 -6.9 82 0 9.4 7.0 2.5 2.5 2 0 1 0 0
95.6 -3685.3 -5.7 356 0 6.8 12.3 7.5 2.5 2 1 3 1 1
33.1 -3705.3 -10.3 270 0 9.0 10.5 5.0 0.0 0 1 2 4 4
-6.5 -3693.2 -10.2 89 0 9.0 6.7 10.0 2.5 2 0 4 5 5
-11.1 -3661.0 -10.1 176 0 14.2 7.8 5.0 2.5 2 0 2 1 1
22.5 -3684.9 -9.4 86 0 10.8 11.5 7.5 2.5 2 1 3 0 0
180.0 -3706.3 -7.9 149 0 23.3 17.8 10.0 2.5 4 0 4 4 4
159.1 -3681.0 -6.9 150 0 14.3 23.3 7.5 0.0 0 1 3 3 3
142.6 -3638.5 -6.8 344 0 12.0 15.9 2.5 2.5 2 1 1 2 2
-77.7 -3677.9 -9.5 174 0 8.3 16.6 5.0 2.5 2 1 2 0 0
-88.2 -3708.7 -10.6 186 0 8.1 6.4 5.0 2.5 2 0 2 0 0
-109.7 -3628.8 -9.7 182 0 15.1 9.8 7.5 2.5 2 0 3 1 1
-166.2 -3397.2 -11.6 264 0 8.1 6.5 10.0 0.0 0 0 4 4 4
-116.7 -3189.1 -4.2 0 0 9.2 9.9 5.0 2.5 2 1 2 1 1
-110.4 -3205.3 -5.3 359 0 9.1 10.5 7.5 2.5 2 1 3 5 5
-111.4 -3236.4 -6.7 84 0 6.2 9.6 5.0 2.5 4 1 2 1 1
-121.8 -3236.2 -6.3 85 0 11.0 12.8 7.5 2.5 2 1 3 0 0
-149.9 -3244.8 -7.3 266 0 15.6 16.3 10.0 0.0 0 1 4 4 4
-207.9 -3180.4 -0.2 161 0 6.6 10.0 7.5 2.5 2 1 3 2 2
-174.4 -3181.4 -0.6 75 0 13.1 9.8 5.0 2.5 2 0 2 0 0
-112.5 -3171.4 -3.9 356 0 18.2 20.1 10.0 2.5 2 1 4 0 0
-113.1 -3099.5 -4.0 359 0 7.3 9.4 5.0 2.5 2 1 2 0 0
-209.0 -3077.2 -0.8 175 0 8.4 6.9 5.0 2.5 2 0 2 4 4
-214.7 -3091.5 0.2 182 0 9.9 15.8 7.5 2.5 2 1 3 2 2
-214.9 -3018.9 -2.3 178 0 16.3 15.2 5.0 2.5 2 0 2 2 2
-124.6 -3021.4 -5.0 356 0 11.3 7.0 5.0 2.5 2 0 2 4 4
-116.0 -3050.8 -4.9 359 0 12.1 20.6 7.5 2.5 2 1 3 1 1
-121.8 -3066.5 -4.6 359 0 10.4 19.2 5.0 2.5 2 1 2 3 3
-154.3 -3024.5 -3.9 346 0 13.8 11.2 2.5 2.5 2 0 1 5 5
-162.4 -3046.4 -3.4 359 0 9.6 11.1 5.0 0.0 0 1 2 0 0
-194.1 -3042.7 -2.9 180 0 9.6 14.7 7.5 2.5 2 1 3 1 1
-209.1 -2958.7 -2.7 266 0 15.4 13.0 7.5 2.5 2 0 3 2 2
-134.6 -2933.8 -5.2 266 0 15.6 15.6 10.0 2.5 4 0 4 0 0
-125.3 -2963.3 -4.9 84 0 10.5 12.2 7.5 0.0 0 1 3 4 4
-173.6 -2978.4 -3.3 5 0 11.8 16.5 10.0 2.5 2 1 4 2 2
-119.9 -2990.5 -5.0 356 0 11.5 22.2 12.5 2.5 2 1 5 5 5
-149.1 -3004.6 -3.9 3 0 12.3 11.9 7.5 2.5 2 0 3 4 4
-147.6 -2826.8 -9.4 266 0 17.8 14.0 10.0 2.5 4 0 4 3 3
-149.9 -2891.2 -7.9 177 0 16.5 15.9 12.5 2.5 2 0 5 1 1
-207.6 -2902.6 -5.7 134 0 13.2 16.6 5.0 2.5 2 1 2 4 4
-204.7 -2924.5 -3.3 277 0 12.2 14.3 5.0 2.5 2 1 2 3 3
-241.4 -2927.6 -3.0 242 0 9.7 21.0 12.5 2.5 2 1 5 5 5
-255.9 -2721.4 -5.6 174 0 21.3 22.5 10.0 2.5 2 1 4 2 2
-209.6 -2711.2 -7.1 270 0 18.7 16.3 12.5 2.5 2 0 5 4 4
-156.4 -2722.0 -9.7 174 0 19.7 17.3 10.0 2.5 2 0 4 2 2
-138.7 -2737.4 -9.8 1 0 10.6 11.3 10.0 2.5 2 1 4 4 4
-149.8 -2748.3 -9.9 176 0 9.2 9.5 7.5 2.5 2 1 3 4 4
-162.7 -2708.3 -8.8 293 0 10.2 12.7 7.5 2.5 2 1 3 4 4
-176.3 -2702.2 -8.3 287 0 12.7 10.4 5.0 2.5 2 0 2 1 1
-176.7 -2732.8 -8.5 3 0 9.8 9.9 2.5 0.0 0 1 1 5 5
-122.0 -2721.5 -10.8 176 0 11.8 7.3 10.0 2.5 2 0 4 0 0
-121.6 -2734.8 -10.7 178 0 9.2 6.9 5.0 2.5 4 0 2 5 5
-126.2 -2685.6 -11.0 181 0 8.2 7.6 7.5 2.5 2 0 3 0 0
-126.7 -2676.4 -11.0 180 0 6.7 8.3 5.0 2.5 2 1 2 1 1
-185.7 -2691.8 -7.8 101 0 6.3 10.4 7.5 2.5 2 1 3 0 0
-41.9 -2934.6 -12.1 173 0 11.9 12.2 7.5 2.5 2 1 3 1 1
-1.6 -2932.6 -13.5 75 0 12.3 13.6 10.0 2.5 2 1 4 1 1
56.1 -2917.9 -12.0 66 0 10.6 17.0 5.0 2.5 2 1 2 2 2
112.2 -2886.7 -7.5 67 0 13.1 17.3 7.5 2.5 2 1 3 1 1
116.8 -2923.7 -7.7 257 0 9.5 9.0 2.5 2.5 2 0 1 1 1
29.4 -2940.4 -13.1 270 0 11.8 15.4 2.5 2.5 2 1 1 4 4
267.8 -3056.9 1.1 79 0 11.9 6.3 7.5 2.5 2 0 3 4 4
225.1 -2995.6 3.1 188 0 12.3 16.7 7.5 2.5 4 1 3 1 1
195.7 -3050.5 0.7 165 0 17.0 10.1 2.5 2.5 2 0 1 4 4
164.2 -3050.5 -2.0 177 0 15.8 17.6 12.5 2.5 2 1 5 2 2
177.1 -2997.3 0.1 163 0 12.2 9.2 5.0 2.5 2 0 2 2 2
137.5 -2990.6 -5.3 177 0 11.0 13.0 7.5 2.5 2 1 3 1 1
157.3 -3080.4 -4.7 239 0 13.4 14.1 7.5 2.5 2 1 3 5 5
168.7 -3118.6 -4.2 66 0 10.0 11.5 10.0 2.5 2 1 4 4 4
146.2 -3188.3 -7.3 83 0 9.2 9.8 5.0 2.5 2 1 2 3 3
146.7 -3140.3 -5.6 349 0 12.5 11.1 2.5 2.5 4 0 1 0 0
139.5 -3128.3 -5.8 74 0 10.9 9.6 7.5 0.0 0 0 3 4 4
107.0 -3122.5 -7.6 176 0 13.0 11.8 5.0 2.5 2 0 2 2 2
289.9 -3163.7 -3.9 98 0 11.9 20.1 10.0 2.5 2 1 4 2 2
247.5 -3113.1 -1.2 154 0 8.1 13.1 10.0 0.0 0 1 4 3 3
285.4 -3121.5 -1.8 359 0 14.8 16.5 7.5 2.5 2 1 3 5 5
322.3 -2943.5 2.5 271 0 11.6 10.5 10.0 2.5 4 0 4 1 1
319.7 -2965.3 2.4 265 0 9.0 9.5 7.5 2.5 2 1 3 3 3
355.5 -3154.5 -4.7 89 0 11.8 12.9 2.5 2.5 2 1 1 3 3
371.8 -3077.4 -2.8 358 0 8.8 9.9 7.5 2.5 2 1 3 0 0
375.0 -3101.3 -3.8 0 0 14.1 11.5 2.5 2.5 2 0 1 2 2
334.8 -3061.4 -0.7 8 0 11.2 14.4 2.5 2.5 2 1 1 5 5
198.7 -3006.2 1.9 166 0 10.9 12.4 10.0 2.5 4 1 4 3 3
129.5 -3061.1 -7.6 261 0 11.6 9.5 10.0 2.5 4 0 4 5 5
368.5 -2912.6 1.4 269 0 6.6 6.8 10.0 2.5 2 1 4 1 1
388.4 -2906.9 0.4 268 0 10.1 14.7 7.5 2.5 2 1 3 4 4
398.0 -2930.8 -0.3 261 0 7.2 13.9 10.0 2.5 2 1 4 1 1
403.6 -2957.6 -1.6 358 0 11.9 15.8 10.0 2.5 2 1 4 0 0
368.9 -2996.9 -0.7 100 0 6.6 18.3 7.5 2.5 2 1 3 5 5
468.5 -2858.2 -2.4 266 0 7.5 9.4 7.5 2.5 2 1 3 5 5
472.6 -2885.4 -3.6 266 0 14.1 20.7 10.0 2.5 2 1 4 2 2
453.6 -2897.5 -1.1 272 0 9.3 10.7 7.5 0.0 0 1 3 5 5
449.2 -2910.6 -0.9 272 0 9.2 11.0 5.0 2.5 2 1 2 5 5
425.2 -3016.7 -5.5 92 0 11.8 12.0 7.5 2.5 2 1 3 5 5
431.3 -2986.4 -4.3 12 0 15.5 8.5 2.5 2.5 2 0 1 1 1
433.5 -2964.2 -2.4 91 0 7.1 7.7 7.5 2.5 2 1 3 5 5
440.0 -2943.5 -1.1 82 0 7.4 10.3 7.5 2.5 2 1 3 2 2
421.5 -2927.5 -0.6 267 0 10.9 7.5 7.5 2.5 2 0 3 4 4
510.0 -2831.5 -7.8 76 0 8.4 7.8 5.0 2.5 2 0 2 5 5
495.0 -2984.2 -6.8 63 0 10.6 13.5 10.0 2.5 2 1 4 5 5
454.4 -2984.6 -4.7 87 0 12.1 9.8 7.5 2.5 2 0 3 4 4
539.4 -3814.4 -2.2 80 0 9.0 11.1 5.0 2.5 2 1 2 4 4
566.3 -3791.7 -0.3 127 0 8.3 8.8 5.0 2.5 4 1 2 1 1
554.2 -3766.5 -1.5 268 0 6.2 8.6 2.5 2.5 2 1 1 3 3
514.7 -3769.0 -3.6 262 0 8.6 12.3 7.5 2.5 2 1 3 1 1
498.3 -3752.7 -5.5 320 0 8.8 9.4 5.0 0.0 0 1 2 2 2
485.7 -3759.7 -6.6 326 0 11.7 10.7 5.0 2.5 2 0 2 3 3
489.3 -3732.4 -6.6 343 0 6.6 15.1 5.0 2.5 2 1 2 3 3
482.0 -3711.4 -6.8 326 0 11.3 14.5 7.5 2.5 2 1 3 0 0
836.9 -2781.3 1.2 252 0 8.3 9.4 7.5 2.5 2 1 3 4 4
847.9 -2779.8 1.1 246 0 11.0 12.7 7.5 2.5 2 1 3 1 1
804.2 -2815.7 -0.6 228 0 9.8 14.8 7.5 2.5 2 1 3 0 0
795.7 -2807.0 -0.2 266 0 11.9 7.9 7.5 2.5 2 0 3 2 2
786.7 -2839.2 -1.7 271 0 12.8 8.0 7.5 0.0 0 0 3 0 0
758.6 -2829.0 -1.9 273 0 9.6 14.8 7.5 0.0 0 1 3 4 4
741.3 -2841.9 -2.8 262 0 11.0 12.7 5.0 2.5 2 1 2 0 0
714.3 -2832.5 -5.4 245 0 9.3 11.3 7.5 2.5 2 1 3 5 5
701.1 -2866.5 -7.0 161 0 13.8 12.2 7.5 2.5 2 0 3 4 4
912.4 -2575.4 1.8 248 0 13.6 7.8 7.5 2.5 2 0 3 3 3
879.5 -2545.9 -5.4 68 0 12.7 10.7 5.0 2.5 2 0 2 0 0
896.6 -2585.0 0.2 353 0 10.0 11.6 7.5 2.5 2 1 3 2 2
896.3 -2612.2 0.8 352 0 9.4 11.6 7.5 2.5 2 1 3 5 5
898.7 -2638.4 -0.0 359 0 11.3 11.1 7.5 2.5 2 0 3 0 0
891.6 -2670.8 -1.4 357 0 8.4 14.8 5.0 2.5 2 1 2 2 2
891.3 -2684.0 -1.3 1 0 11.9 15.3 7.5 2.5 4 1 3 2 2
867.1 -2685.8 -1.4 345 0 8.4 12.5 5.0 2.5 2 1 2 2 2
880.5 -2601.7 -0.8 357 0 11.3 11.4 10.0 2.5 2 1 4 1 1
837.6 -2621.1 -3.7 326 0 6.4 8.9 7.5 0.0 0 1 3 1 1
863.6 -2606.4 -2.3 334 0 10.2 14.7 10.0 2.5 2 1 4 2 2
862.3 -2586.3 -2.9 343 0 10.2 13.5 5.0 2.5 2 1 2 0 0
811.2 -2594.4 -6.1 228 0 11.1 10.4 5.0 2.5 2 0 2 0 0
771.6 -2633.9 -8.2 253 0 18.0 11.4 5.0 2.5 2 0 2 3 3
777.6 -2727.2 -2.9 152 0 10.7 8.3 5.0 2.5 2 0 2 1 1
817.0 -2742.1 -0.3 88 0 11.3 7.7 2.5 2.5 2 0 1 3 3
793.1 -2713.0 -2.8 166 0 10.7 16.8 7.5 2.5 2 1 3 0 0
842.4 -2752.0 1.2 71 0 12.6 12.8 7.5 2.5 2 1 3 0 0
816.2 -2776.0 1.2 48 0 6.6 8.1 7.5 2.5 2 1 3 1 1
794.2 -2785.8 0.0 79 0 12.5 12.8 5.0 2.5 2 1 2 4 4
771.7 -2796.4 -1.1 74 0 8.1 11.7 7.5 2.5 4 1 3 5 5
763.0 -2775.7 -1.8 55 0 9.2 11.5 2.5 2.5 2 1 1 2 2
745.3 -2808.7 -2.8 66 0 11.0 12.3 7.5 2.5 2 1 3 4 4
707.9 -2821.3 -6.5 83 0 10.1 13.2 7.5 2.5 2 1 3 3 3
679.9 -2824.0 -9.5 84 0 15.9 14.0 5.0 0.0 0 0 2 0 0
804.4 -2794.8 0.3 244 0 9.8 11.9 7.5 2.5 2 1 3 4 4
836.1 -2551.9 -6.9 235 0 12.3 14.8 10.0 2.5 2 1 4 2 2
880.7 -2510.3 -7.8 248 0 13.6 6.6 7.5 2.5 2 0 3 5 5
-95.3 -3287.4 -11.0 174 0 8.2 11.0 10.0 2.5 2 1 4 4 4
-94.0 -3300.6 -12.3 176 0 14.8 26.9 7.5 2.5 2 1 3 2 2
-88.9 -3393.1 -11.6 160 0 16.0 17.9 10.0 2.5 2 1 4 4 4
-90.6 -3413.2 -10.8 164 0 17.3 12.9 5.0 2.5 2 0 2 2 2
-101.2 -3015.5 -6.9 169 0 8.8 17.3 2.5 2.5 2 1 1 4 4
-102.6 -3032.1 -7.2 167 0 15.4 21.0 10.0 2.5 2 1 4 0 0
-70.5 -3056.2 -7.8 359 0 14.0 16.8 5.0 2.5 2 1 2 0 0
-100.0 -3058.0 -6.4 183 0 8.2 9.0 7.5 2.5 2 1 3 1 1
-87.7 -3081.8 -6.7 93 0 17.3 10.6 2.5 2.5 2 0 1 2 2
-96.5 -3241.0 -8.1 178 0 9.1 16.7 5.0 2.5 2 1 2 3 3
-48.9 -2990.5 -9.1 193 0 6.8 6.5 7.5 0.0 0 0 3 1 1
-106.5 -2945.5 -5.7 263 0 7.3 10.6 7.5 2.5 2 1 3 2 2
-91.6 -2981.1 -6.4 83 0 11.7 9.8 7.5 2.5 2 0 3 5 5
501.0 -3694.6 -7.9 78 0 10.2 9.4 7.5 2.5 2 0 3 5 5
356.8 -2873.2 3.0 266 0 8.9 16.8 7.5 2.5 2 1 3 4 4
386.4 -2867.8 2.0 265 0 16.4 11.5 5.0 2.5 2 0 2 4 4
424.1 -2856.7 1.6 86 0 14.0 12.8 5.0 2.5 4 0 2 4 4
452.5 -2836.8 -0.0 40 0 6.8 10.4 7.5 2.5 2 1 3 3 3
500.0 -2747.5 -5.7 75 0 8.2 10.3 2.5 2.5 2 1 1 3 3
710.8 -2543.5 -12.5 49 0 16.3 18.4 7.5 2.5 2 1 3 4 4
275.2 -2875.4 4.0 244 0 13.1 12.0 5.0 2.5 2 0 2 1 1
303.5 -2867.5 4.5 269 0 12.5 18.1 5.0 2.5 4 1 2 2 2
338.6 -2902.7 3.0 285 0 10.7 16.3 5.0 2.5 2 1 2 0 0
206.6 -2778.7 -9.5 71 0 13.8 11.9 2.5 2.5 2 0 1 5 5
249.6 -2845.8 0.3 83 0 16.0 17.6 12.5 2.5 2 1 5 4 4
168.4 -2865.0 -3.6 69 0 13.4 15.1 7.5 2.5 2 1 3 5 5
327.3 -2826.3 5.3 95 0 7.2 13.4 7.5 2.5 2 1 3 1 1
329.4 -2855.6 5.2 96 0 16.7 13.3 7.5 2.5 2 0 3 5 5
314.1 -2807.5 5.0 114 0 9.9 12.8 2.5 2.5 2 1 1 1 1
284.6 -2792.3 4.3 263 0 13.9 10.2 2.5 2.5 2 0 1 1 1
305.7 -2818.8 4.8 123 0 16.1 11.8 10.0 2.5 2 0 4 3 3
300.2 -2843.3 4.6 97 0 11.3 19.4 10.0 2.5 2 1 4 4 4
334.5 -2781.2 5.4 66 0 13.2 11.1 10.0 0.0 0 0 4 5 5
341.6 -2796.1 5.6 89 0 13.7 6.7 2.5 2.5 2 0 1 2 2
355.1 -2804.5 5.9 99 0 12.1 8.1 7.5 2.5 2 0 3 0 0
349.0 -2839.2 5.7 94 0 9.6 10.8 7.5 2.5 2 1 3 5 5
371.5 -2728.4 2.6 260 0 12.1 8.4 5.0 2.5 2 0 2 5 5
424.4 -2745.4 1.2 331 0 14.1 11.8 7.5 2.5 4 0 3 2 2
437.2 -2827.7 1.5 38 0 8.1 9.6 7.5 2.5 4 1 3 5 5
384.0 -2771.6 5.1 335 0 20.8 12.7 7.5 0.0 0 0 3 1 1
399.0 -2823.3 3.5 81 0 16.1 18.0 10.0 2.5 4 1 4 5 5
341.0 -2745.9 4.0 271 0 15.9 12.0 7.5 2.5 2 0 3 4 4
329.2 -2716.7 1.0 348 0 14.2 11.1 5.0 2.5 2 0 2 3 3
361.4 -2694.4 -0.3 337 0 9.2 11.7 2.5 2.5 2 1 1 5 5
368.8 -2710.0 1.2 340 0 10.7 16.6 5.0 2.5 2 1 2 3 3
310.0 -2743.5 2.5 153 0 12.7 10.3 5.0 2.5 2 0 2 1 1
301.2 -2712.7 1.1 165 0 12.5 9.9 7.5 2.5 2 0 3 3 3
306.2 -2675.2 -0.1 265 0 6.6 6.7 5.0 2.5 2 1 2 2 2
315.2 -2672.0 -0.5 262 0 9.8 10.3 7.5 2.5 2 1 3 3 3
316.0 -2688.2 0.1 257 0 10.9 9.6 7.5 2.5 2 0 3 4 4
382.1 -2684.4 -1.7 266 0 9.5 10.8 10.0 2.5 2 1 4 2 2
-158.0 -2648.5 -7.8 176 0 11.0 14.6 2.5 2.5 2 1 1 2 2
-116.6 -2579.3 -7.9 178 0 7.6 14.6 2.5 2.5 2 1 1 3 3
-115.8 -2589.0 -7.8 184 0 9.3 12.1 5.0 2.5 2 1 2 4 4
-76.0 -2630.4 -11.0 3 0 11.1 15.4 2.5 2.5 2 1 1 5 5
-93.4 -2627.3 -9.6 0 0 11.4 9.9 7.5 2.5 2 0 3 1 1
-121.4 -2622.2 -8.5 177 0 12.1 14.9 7.5 2.5 2 1 3 2 2
284.9 -2714.1 1.5 152 0 14.5 9.2 7.5 2.5 2 0 3 5 5
342.3 -2578.6 -4.4 351 0 11.6 13.0 7.5 2.5 2 1 3 0 0
292.2 -2596.9 -1.0 137 0 9.8 12.8 7.5 2.5 2 1 3 2 2
296.5 -2635.2 -0.1 155 0 6.0 8.3 7.5 2.5 2 1 3 3 3
260.9 -2671.0 -0.7 253 0 18.2 10.4 10.0 2.5 4 0 4 2 2
-100.7 -2472.0 -7.8 270 0 13.2 10.3 10.0 2.5 2 0 4 0 0
355.5 -2452.3 -0.9 206 0 10.1 15.2 10.0 2.5 2 1 4 5 5
280.8 -2440.7 5.1 80 0 15.0 12.3 7.5 2.5 4 0 3 0 0
39.3 -2512.6 -6.3 6 0 9.3 12.5 2.5 2.5 2 1 1 0 0
31.9 -2483.3 -6.3 276 0 12.9 11.0 7.5 2.5 2 0 3 5 5
15.2 -2462.1 -6.9 87 0 9.7 14.6 7.5 2.5 2 1 3 1 1
2.1 -2432.0 -7.7 279 0 11.5 8.0 7.5 2.5 2 0 3 0 0
467.8 -2529.6 -11.7 345 0 6.3 6.8 5.0 2.5 2 1 2 1 1
421.5 -2548.7 -9.6 181 0 13.9 14.4 2.5 2.5 2 1 1 4 4
415.5 -2522.3 -6.9 179 0 8.2 8.9 5.0 2.5 2 1 2 0 0
401.7 -2531.0 -5.2 181 0 10.2 6.6 2.5 2.5 4 0 1 0 0
839.9 -2195.6 1.9 94 0 6.5 7.0 7.5 2.5 2 1 3 5 5
758.4 -2196.2 -4.4 199 0 12.2 17.2 5.0 2.5 2 1 2 2 2
732.7 -2302.6 -6.5 117 0 15.6 25.0 12.5 2.5 4 1 5 4 4
-112.4 -2276.6 -8.3 353 0 9.4 16.8 10.0 2.5 2 1 4 3 3
-134.9 -2305.3 -7.4 326 0 15.3 14.0 2.5 2.5 2 0 1 0 0
-173.2 -2323.0 -4.6 238 0 9.4 10.7 10.0 0.0 0 1 4 3 3
-200.9 -2354.0 -3.0 357 0 18.0 12.5 5.0 2.5 2 0 2 5 5
-240.2 -2356.6 -0.6 176 0 15.5 14.9 5.0 2.5 2 0 2 4 4
-217.2 -2392.8 -3.6 89 0 12.1 18.1 7.5 2.5 4 1 3 5 5
-124.9 -2205.9 -2.8 335 0 11.8 21.3 7.5 2.5 2 1 3 1 1
-110.3 -2226.7 -5.4 354 0 8.8 13.0 7.5 2.5 4 1 3 3 3
-148.4 -2235.4 -2.5 156 0 13.7 12.6 10.0 2.5 2 0 4 3 3
-115.8 -2246.7 -6.1 337 0 10.6 17.9 10.0 2.5 2 1 4 4 4
-272.2 -2245.8 4.5 244 0 12.3 17.1 7.5 2.5 2 1 3 5 5
-239.6 -2200.1 3.3 254 0 19.7 11.9 5.0 2.5 2 0 2 5 5
-213.0 -2234.2 5.6 334 0 6.4 7.7 2.5 2.5 2 1 1 4 4
-158.0 -2298.9 -5.3 233 0 12.4 7.4 5.0 2.5 2 0 2 5 5
-196.7 -2128.1 3.5 269 0 14.2 11.8 7.5 2.5 2 0 3 0 0
-148.9 -2175.8 0.2 344 0 6.1 14.8 7.5 2.5 2 1 3 3 3
-489.1 -2077.8 -5.5 57 0 10.7 15.4 7.5 2.5 2 1 3 0 0
-735.5 -2143.7 -3.4 112 0 12.4 11.3 7.5 2.5 2 0 3 4 4
-697.9 -2183.0 -3.0 83 0 9.8 9.7 7.5 2.5 4 0 3 1 1
-667.0 -2189.0 -2.4 79 0 18.9 10.4 5.0 2.5 2 0 2 5 5
-640.9 -2192.1 -1.7 88 0 8.3 10.1 7.5 2.5 2 1 3 0 0
-632.2 -2203.9 -2.5 267 0 16.2 11.6 7.5 2.5 4 0 3 5 5
-557.5 -2206.2 -5.8 247 0 15.4 11.6 7.5 2.5 4 0 3 3 3
-537.4 -2189.9 -6.8 189 0 13.5 10.2 2.5 2.5 2 0 1 5 5
-786.6 -2106.7 0.1 138 0 7.5 9.9 2.5 2.5 2 1 1 4 4
-786.3 -2062.0 -0.3 151 0 10.9 7.9 7.5 2.5 2 0 3 5 5
-784.8 -2037.7 -1.6 162 0 15.6 11.2 5.0 2.5 2 0 2 2 2
-781.7 -2000.6 -1.6 218 0 11.0 15.5 2.5 2.5 2 1 1 1 1
-738.6 -1897.6 -2.9 262 0 10.1 15.1 10.0 2.5 2 1 4 5 5
-689.0 -1943.7 -0.8 278 0 11.3 12.9 7.5 2.5 2 1 3 5 5
-742.9 -1980.5 -2.2 194 0 8.6 18.1 5.0 2.5 2 1 2 4 4
-632.9 -1983.9 1.6 17 0 6.2 10.2 7.5 0.0 0 1 3 5 5
-658.0 -2026.0 0.6 353 0 19.4 14.3 7.5 2.5 2 0 3 4 4
-575.8 -2028.1 0.1 293 0 10.6 11.6 7.5 2.5 2 1 3 0 0
-544.9 -2035.7 -2.1 239 0 9.9 16.2 7.5 2.5 2 1 3 4 4
-895.3 -1993.9 -0.2 180 0 14.5 8.0 7.5 2.5 2 0 3 3 3
-854.1 -1960.3 -0.0 285 0 10.6 10.1 2.5 2.5 2 0 1 1 1
-855.0 -2003.8 -0.1 85 0 13.9 10.4 7.5 2.5 2 0 3 5 5
-802.0 -2032.3 -0.5 2 0 9.5 11.2 7.5 2.5 2 1 3 4 4
-934.6 -1982.9 -0.5 3 0 12.4 8.4 10.0 2.5 2 0 4 1 1
-924.0 -1955.2 -1.0 0 0 9.8 7.1 10.0 2.5 2 0 4 1 1
-901.2 -1905.1 -3.0 179 0 6.4 7.2 7.5 2.5 2 1 3 0 0
-889.9 -1939.2 -1.1 73 0 15.6 10.9 2.5 2.5 2 0 1 2 2
-350.6 -1815.0 -1.9 43 0 8.9 11.2 5.0 2.5 2 1 2 1 1
-365.1 -1825.7 0.0 47 0 8.2 9.5 2.5 2.5 2 1 1 4 4
-390.9 -1804.7 -2.2 227 0 13.1 10.4 7.5 2.5 2 0 3 2 2
-430.6 -1838.4 -1.5 143 0 12.3 18.1 5.0 0.0 0 1 2 0 0
-498.9 -1765.9 -8.5 250 0 10.6 18.8 7.5 0.0 0 1 3 3 3
-651.8 -1808.1 -8.4 66 0 12.3 13.1 7.5 2.5 2 1 3 3 3
-623.5 -1795.3 -9.0 60 0 15.6 11.9 7.5 2.5 2 0 3 3 3
-687.1 -1814.8 -6.8 70 0 11.9 14.1 5.0 2.5 2 1 2 1 1
-688.9 -1860.4 -4.2 217 0 15.6 15.9 7.5 2.5 4 1 3 2 2
-698.8 -1920.5 -2.1 112 0 13.7 13.4 5.0 0.0 0 0 2 0 0
-275.7 -1741.1 -10.4 64 0 9.9 14.5 5.0 2.5 2 1 2 2 2
-275.0 -1713.5 -10.9 334 0 9.6 9.5 7.5 2.5 2 0 3 5 5
-293.8 -1696.7 -10.8 232 0 6.1 12.0 5.0 2.5 2 1 2 1 1
-346.4 -1754.2 -7.2 213 0 17.7 12.3 7.5 2.5 2 0 3 4 4
-291.4 -1768.1 -8.0 4 0 8.1 17.4 5.0 0.0 0 1 2 0 0
-314.4 -1780.3 -6.7 44 0 15.8 14.3 2.5 2.5 2 0 1 2 2
-540.0 -1600.9 -5.6 167 0 9.4 7.6 5.0 2.5 4 0 2 2 2
-534.6 -1619.8 -6.5 80 0 13.9 10.4 7.5 0.0 0 0 3 3 3
-377.1 -1552.9 -9.8 332 0 8.8 7.3 2.5 2.5 2 0 1 2 2
-359.4 -1557.5 -10.7 323 0 9.0 8.2 10.0 2.5 2 0 4 2 2
-326.3 -1641.6 -11.1 335 0 12.9 12.7 7.5 2.5 2 0 3 1 1
-312.0 -1683.9 -10.9 73 0 17.9 10.3 5.0 2.5 2 0 2 0 0
-358.1 -1741.9 -7.6 59 0 12.2 11.9 5.0 2.5 2 0 2 5 5
-506.8 -1754.1 -10.2 65 0 14.9 13.6 7.5 0.0 0 0 3 5 5
-451.2 -1731.6 -11.3 66 0 9.4 16.2 5.0 2.5 2 1 2 4 4
-470.6 -1741.1 -10.9 59 0 15.6 9.6 7.5 2.5 2 0 3 3 3
-470.0 -1755.9 -9.8 254 0 8.1 7.8 5.0 2.5 2 0 2 1 1
-478.9 -1842.8 -1.8 185 0 15.9 9.2 10.0 2.5 2 0 4 2 2
-567.6 -1529.5 -5.8 78 0 6.9 11.0 7.5 2.5 2 1 3 5 5
-581.0 -1547.3 -3.8 293 0 11.0 20.9 2.5 2.5 2 1 1 4 4
-810.3 -1498.0 -5.6 262 0 6.8 9.2 10.0 2.5 2 1 4 0 0
-800.9 -1487.7 -6.3 266 0 8.7 7.0 10.0 2.5 2 0 4 3 3
-797.6 -1497.0 -5.5 267 0 8.7 14.2 7.5 0.0 0 1 3 4 4
-785.0 -1490.4 -5.9 264 0 6.5 13.2 5.0 2.5 2 1 2 3 3
-773.3 -1488.3 -6.2 263 0 9.3 13.7 7.5 2.5 2 1 3 0 0
-760.8 -1486.1 -6.6 263 0 8.9 12.4 7.5 2.5 2 1 3 2 2
-710.4 -1480.2 -7.4 268 0 8.7 13.9 7.5 2.5 2 1 3 0 0
-701.1 -1477.0 -8.1 264 0 8.1 9.2 7.5 2.5 2 1 3 4 4
-1015.2 -1515.6 -6.6 261 0 11.0 16.2 2.5 2.5 2 1 1 3 3
-988.4 -1516.7 -6.0 264 0 12.0 12.0 7.5 2.5 2 0 3 2 2
-975.7 -1511.0 -6.5 265 0 11.2 18.2 2.5 2.5 2 1 1 2 2
-884.8 -1519.7 -6.1 268 0 8.3 6.1 5.0 2.5 2 0 2 2 2
-872.1 -1502.4 -6.7 271 0 10.3 10.7 7.5 2.5 2 1 3 0 0
-850.4 -1501.2 -6.2 269 0 9.5 9.7 5.0 2.5 2 1 2 0 0
-976.6 -1602.6 -6.4 178 0 10.4 7.2 7.5 0.0 0 0 3 2 2
-953.2 -1617.1 -6.7 174 0 14.0 8.4 5.0 2.5 2 0 2 5 5
-928.9 -1604.4 -6.5 246 0 10.2 13.7 7.5 2.5 2 1 3 1 1
-904.8 -1606.8 -6.1 265 0 12.7 15.8 5.0 2.5 2 1 2 3 3
-860.8 -1617.7 -3.6 79 0 13.6 16.3 7.5 2.5 2 1 3 2 2
-869.5 -1571.6 -2.3 164 0 13.1 12.7 10.0 2.5 2 0 4 0 0
-824.4 -1561.9 -1.2 348 0 13.7 9.7 7.5 0.0 0 0 3 0 0
-798.4 -1633.1 -2.1 357 0 9.5 7.7 5.0 2.5 2 0 2 3 3
589.0 -6776.9 -11.6 173 0 7.4 23.9 14.0 3.5 2 1 4 3 3
670.4 -6844.4 -10.9 85 0 18.6 13.8 14.0 3.5 2 0 4 1 1
639.9 -6839.4 -10.9 83 0 26.1 14.0 14.0 3.5 2 0 4 0 0
-347.2 -4542.1 -7.2 102 0 10.3 12.7 10.0 2.5 2 1 4 4 4
-375.3 -4530.8 -7.1 291 0 9.3 37.2 10.0 2.5 2 1 4 4 4
-553.2 -4230.3 -3.7 20 0 13.0 21.5 12.5 2.5 2 1 5 1 1
-569.2 -4249.5 -3.9 110 0 18.3 16.0 12.5 2.5 2 0 5 3 3
-683.7 -4092.5 -2.6 279 0 17.5 14.2 7.5 2.5 2 0 3 0 0
-718.8 -4135.6 -2.1 288 0 14.0 18.0 5.0 2.5 2 1 2 3 3
-605.1 -4139.6 -4.7 300 0 21.5 13.2 10.0 2.5 2 0 4 0 0
-542.2 -4132.0 -3.1 256 0 10.0 11.4 5.0 2.5 2 1 2 1 1
-676.2 -4081.4 -2.5 109 0 19.8 11.2 5.0 2.5 2 0 2 5 5
-765.8 -4086.1 1.7 273 0 13.7 14.8 10.0 2.5 2 1 4 2 2
-466.3 -4258.9 -6.5 310 0 21.2 12.1 10.0 2.5 2 0 4 1 1
-484.9 -4191.2 -4.6 124 0 9.0 9.8 5.0 2.5 2 1 2 3 3
-698.0 -4068.7 -0.9 112 0 11.8 14.6 2.5 2.5 2 1 1 3 3
-633.7 -3911.5 -0.7 252 0 7.3 9.4 7.5 2.5 2 1 3 2 2
-645.5 -3893.7 -2.0 357 0 12.0 7.5 7.5 2.5 2 0 3 2 2
-684.2 -3892.9 -5.8 122 0 7.1 13.0 7.5 2.5 2 1 3 2 2
-847.6 -4233.6 0.4 237 0 8.9 10.9 7.5 0.0 0 1 3 3 3
-776.4 -4176.0 0.1 151 0 8.4 6.7 5.0 2.5 4 0 2 1 1
-846.3 -4198.7 2.3 30 0 7.2 13.6 2.5 2.5 2 1 1 4 4
-782.3 -4198.0 -0.7 66 0 13.1 12.3 2.5 2.5 2 0 1 2 2
-812.7 -4155.5 2.9 154 0 8.2 8.8 2.5 2.5 2 1 1 0 0
-834.2 -4165.9 3.0 288 0 11.8 18.7 2.5 2.5 2 1 1 3 3
-628.0 -3867.2 -2.6 8 0 10.2 10.5 5.0 2.5 4 1 2 5 5
-641.6 -3879.5 -2.4 2 0 9.8 14.5 7.5 2.5 4 1 3 3 3
-609.9 -3820.6 -7.7 90 0 11.2 18.1 2.5 2.5 2 1 1 1 1
-578.4 -3802.2 -9.0 332 0 16.7 9.0 10.0 2.5 2 0 4 1 1
-597.5 -3923.4 -0.8 77 0 9.5 12.1 5.0 2.5 2 1 2 2 2
-594.6 -3851.5 -5.4 170 0 11.9 7.8 5.0 2.5 2 0 2 5 5
-484.0 -4005.5 -0.7 2 0 11.4 6.9 7.5 2.5 2 0 3 3 3
-513.7 -3982.1 -0.4 269 0 9.0 12.8 5.0 2.5 2 1 2 0 0
-528.9 -3966.8 -1.3 195 0 11.5 13.5 7.5 2.5 2 1 3 2 2
-562.2 -4009.6 1.1 172 0 12.2 8.5 7.5 0.0 0 0 3 5 5
-563.1 -4025.4 1.2 178 0 8.5 12.2 5.0 2.5 2 1 2 1 1
-540.0 -4038.4 1.4 98 0 6.7 13.0 7.5 2.5 2 1 3 0 0
-553.9 -4062.9 0.8 193 0 14.5 9.7 10.0 2.5 4 0 4 1 1
-563.9 -4042.3 1.4 176 0 10.0 14.2 5.0 2.5 4 1 2 2 2
-592.0 -4005.4 0.6 352 0 8.6 8.3 7.5 2.5 2 0 3 0 0
-594.3 -3992.5 0.5 348 0 11.3 8.7 7.5 2.5 2 0 3 1 1
-593.7 -4080.0 -1.4 323 0 10.7 7.0 2.5 2.5 4 0 1 3 3
-631.8 -4067.6 -2.8 108 0 16.1 9.7 10.0 2.5 2 0 4 3 3
-596.8 -4060.9 -1.3 321 0 8.0 13.0 2.5 2.5 2 1 1 5 5
-618.3 -4037.4 -1.6 354 0 13.4 8.9 7.5 0.0 0 0 3 2 2
-638.2 -4036.6 -2.1 180 0 11.3 9.1 7.5 2.5 2 0 3 0 0
-838.9 -3990.2 -5.1 82 0 14.1 12.7 5.0 2.5 2 0 2 1 1
-810.4 -4051.6 2.7 0 0 12.2 23.0 10.0 2.5 2 1 4 5 5
-758.7 -4068.9 1.7 87 0 10.5 15.5 7.5 2.5 2 1 3 1 1
-545.4 -4320.7 -2.0 292 0 7.2 13.0 2.5 2.5 2 1 1 3 3
-533.0 -4334.2 -2.8 35 0 16.3 8.1 7.5 2.5 2 0 3 5 5
-537.3 -4370.1 -1.2 42 0 13.5 7.6 5.0 2.5 2 0 2 2 2
-522.4 -4349.3 -3.0 38 0 18.0 8.8 5.0 0.0 0 0 2 0 0
-470.3 -4322.3 -6.5 237 0 8.1 11.9 5.0 2.5 2 1 2 3 3
-406.8 -4345.9 -8.9 211 0 10.2 14.2 5.0 2.5 2 1 2 3 3
-441.5 -4299.0 -7.2 317 0 13.5 7.4 2.5 2.5 2 0 1 4 4
-458.7 -4284.8 -6.9 236 0 10.3 12.6 7.5 2.5 2 1 3 3 3
-506.4 -4325.1 -4.1 30 0 9.7 13.2 7.5 2.5 2 1 3 5 5
-484.9 -4298.7 -5.5 34 0 21.8 8.9 5.0 2.5 2 0 2 5 5
