1441.4 2730.1 86.2 341 0 17.8 26.4 7.5 2.5 2 0 3 0 0
4092.5 6371.5 -66.1 85 0 10.7 9.0 10.5 2.5 2 0 3 5 5
-3269.2 -6310.6 -82.2 357 0 14.7 21.7 10.0 2.5 2 1 4 3 3
3997.8 3288.0 -83.9 184 0 8.4 11.5 5.0 0.0 0 1 2 0 0
4467.9 5794.4 -78.0 337 0 13.4 28.9 14.0 3.5 2 1 4 0 0
4552.9 5843.1 -78.6 248 0 51.7 11.8 14.0 3.5 2 0 4 1 1
4669.2 5907.7 -80.9 57 0 8.1 39.9 10.5 0.0 0 1 3 3 3
5369.5 6513.4 -78.1 236 0 43.8 65.8 10.0 0.0 0 1 4 3 3
5194.0 5928.1 -75.9 41 1 10.6 14.2 14.0 0.0 0 0 4 0 0
5247.5 6049.7 -83.7 142 0 13.4 15.3 12.5 2.5 2 1 5 3 3
5238.7 6061.2 -83.6 159 0 8.9 7.9 5.0 2.5 2 0 2 1 1
5263.6 6082.5 -84.4 342 0 15.1 17.8 7.5 2.5 2 1 3 5 5
5215.5 6083.4 -84.5 140 0 9.0 9.7 10.0 0.0 0 1 4 1 1
5176.4 5889.7 -73.6 33 1 11.5 16.3 14.0 3.5 2 0 4 5 5
5159.4 5847.6 -77.9 23 1 12.8 13.5 14.0 3.5 2 0 4 2 2
5136.7 5856.3 -76.3 38 1 10.7 11.0 14.0 3.5 2 0 4 1 1
5206.3 6113.8 -85.0 242 0 9.2 10.6 7.5 2.5 2 1 3 2 2
4800.6 5994.4 -73.8 329 0 13.9 20.5 12.5 2.5 2 1 5 0 0
4602.1 6244.2 -75.0 173 0 11.8 42.2 14.0 3.5 4 1 4 5 5
5059.5 5672.3 -67.6 243 1 10.1 16.5 14.0 3.5 2 1 4 2 2
5037.4 5671.7 -67.8 239 1 10.7 15.1 14.0 3.5 4 1 4 2 2
5024.3 5662.4 -68.0 240 1 10.7 16.1 14.0 3.5 2 1 4 0 0
5008.5 5653.7 -68.3 240 1 12.0 10.7 14.0 3.5 2 0 4 2 2
5022.7 5703.1 -67.7 59 1 10.9 12.3 14.0 3.5 2 1 4 5 5
5006.2 5687.7 -67.9 67 1 10.4 16.1 14.0 0.0 0 1 4 5 5
4975.2 5747.5 -69.7 263 1 12.6 14.6 14.0 3.5 2 1 4 1 1
4977.8 5721.0 -68.8 253 1 14.2 12.3 14.0 3.5 2 0 4 0 0
4950.9 5627.7 -67.4 52 1 13.9 10.6 14.0 3.5 2 0 4 3 3
4915.6 5656.9 -65.0 266 1 10.8 13.1 14.0 3.5 2 1 4 5 5
4920.4 5605.0 -65.0 64 0 13.5 8.8 14.0 3.5 2 0 4 2 2
4863.1 5511.3 -62.2 242 0 12.6 12.2 10.5 3.5 2 0 3 5 5
4833.3 5526.8 -65.1 75 1 17.1 10.7 14.0 3.5 2 0 4 5 5
4841.8 5488.9 -64.0 254 0 6.0 9.2 10.5 3.5 2 1 3 1 1
4806.4 5473.9 -67.4 225 0 13.5 8.8 10.5 3.5 2 0 3 3 3
4779.4 5481.4 -69.9 217 0 9.0 19.7 10.5 3.5 4 1 3 5 5
4772.4 5471.4 -70.7 210 0 6.5 17.3 10.5 3.5 2 1 3 0 0
4823.4 5571.7 -65.7 155 1 16.0 13.1 14.0 3.5 4 0 4 5 5
4832.6 5601.5 -64.8 251 1 13.7 10.2 14.0 3.5 2 0 4 0 0
4770.8 5498.3 -71.1 57 1 12.0 14.9 14.0 0.0 0 1 4 0 0
4750.1 5468.5 -74.6 39 1 10.4 18.1 14.0 0.0 0 1 4 1 1
4556.1 5431.1 -78.6 85 1 10.8 17.2 14.0 3.5 2 1 4 3 3
4595.0 5481.0 -75.0 269 1 10.4 23.7 14.0 3.5 2 1 4 0 0
4541.4 5427.8 -79.3 86 1 10.6 15.2 14.0 3.5 2 1 4 1 1
4629.7 5410.9 -79.5 288 0 13.1 11.6 14.0 3.5 2 0 4 4 4
4995.7 5784.0 -72.9 66 1 12.9 11.0 14.0 3.5 2 0 4 1 1
4975.8 5763.1 -71.1 68 1 12.8 12.4 14.0 3.5 2 0 4 4 4
4948.6 5753.7 -72.5 49 0 13.5 18.8 14.0 3.5 2 1 4 5 5
4936.0 5745.4 -72.5 58 1 10.2 17.8 14.0 3.5 2 1 4 3 3
4911.2 5959.1 -79.0 247 0 30.0 16.4 14.0 0.0 0 0 4 0 0
5005.1 6011.4 -81.1 253 0 6.1 21.6 14.0 3.5 2 1 4 0 0
5187.1 6098.1 -84.9 324 0 17.2 6.3 14.0 3.5 2 0 4 5 5
5157.5 6091.9 -84.4 247 0 6.4 10.0 14.0 3.5 2 1 4 2 2
5147.7 6088.6 -84.0 244 0 6.2 10.1 14.0 3.5 2 1 4 0 0
5081.5 6057.3 -80.6 249 0 8.6 10.9 14.0 3.5 2 1 4 3 3
5072.1 6154.2 -76.9 58 0 9.0 22.0 5.0 2.5 4 1 2 5 5
5002.3 6233.7 -74.2 212 0 7.2 13.8 5.0 2.5 2 1 2 1 1
4975.0 6219.8 -70.7 120 0 34.1 8.6 12.5 2.5 4 0 5 3 3
4869.6 6267.3 -71.2 194 0 8.4 36.3 12.5 2.5 2 1 5 0 0
4887.3 6298.8 -77.1 194 0 7.6 32.1 10.0 2.5 2 1 4 1 1
4877.8 6287.8 -75.9 191 0 6.4 46.1 10.0 2.5 2 1 4 3 3
5041.4 6035.0 -79.1 246 1 10.3 21.3 14.0 0.0 0 1 4 0 0
5015.2 6003.6 -80.0 241 0 7.2 27.6 14.0 0.0 0 1 4 5 5
4984.5 6027.4 -78.3 60 0 20.5 22.5 10.5 3.5 2 1 3 0 0
4955.8 6027.0 -75.7 64 0 7.9 22.8 10.5 0.0 0 1 3 0 0
4723.6 6103.8 -65.4 236 0 6.6 15.6 7.5 2.5 2 1 3 2 2
4451.4 5853.5 -77.2 20 0 6.0 15.7 14.0 3.5 2 1 4 2 2
4500.0 5998.9 -76.4 169 0 19.4 15.3 14.0 3.5 4 0 4 2 2
4863.7 5929.6 -79.4 248 0 11.8 20.8 14.0 3.5 2 1 4 1 1
4844.6 5932.6 -78.6 240 0 6.6 10.6 14.0 3.5 2 1 4 3 3
4825.1 5922.1 -79.7 2 0 6.5 7.4 10.5 3.5 2 1 3 1 1
4813.7 5922.0 -80.5 242 0 7.9 8.5 10.5 3.5 2 1 3 5 5
4799.5 5910.3 -82.0 243 0 12.5 29.1 10.5 3.5 2 1 3 5 5
4825.8 5886.0 -81.9 322 0 18.6 10.2 10.5 3.5 2 0 3 1 1
5740.5 2964.9 -79.9 271 0 14.5 22.6 2.5 0.0 0 1 1 0 0
-387.8 -6651.8 -79.4 58 0 13.8 9.9 10.0 2.5 2 0 4 4 4
-355.6 -6738.9 -83.2 119 0 8.1 12.2 7.5 2.5 2 1 3 4 4
-255.1 -6778.7 -83.7 167 0 6.5 15.6 5.0 0.0 0 1 2 0 0
-202.2 -6719.9 -82.7 109 0 14.9 17.5 15.0 0.0 0 1 6 4 4
1100.2 -4775.4 -80.0 298 0 6.1 10.3 7.5 2.5 2 1 3 5 5
1131.3 -4816.1 -79.7 151 0 9.0 12.6 5.0 0.0 0 1 2 1 1
1145.9 -5210.0 -68.8 217 0 6.3 14.6 7.5 0.0 0 1 3 3 3
1208.6 -5347.9 -70.9 77 0 20.0 8.8 5.0 0.0 0 0 2 2 2
1171.6 -5234.8 -70.9 354 0 13.6 19.0 12.5 2.5 2 1 5 5 5
1178.9 -4816.4 -75.8 11 0 11.5 8.8 10.0 2.5 2 0 4 1 1
1018.5 -5331.5 -61.3 180 0 18.4 12.4 2.5 0.0 0 0 1 5 5
-126.0 -4825.3 -80.6 225 0 6.2 10.4 7.5 2.5 2 1 3 5 5
745.2 -5377.5 -83.7 319 0 7.1 17.9 7.5 2.5 2 1 3 1 1
586.1 -5404.8 -88.5 56 0 9.1 18.9 7.5 2.5 4 1 3 3 3
579.6 -5338.9 -83.7 331 0 8.6 13.4 5.0 2.5 2 1 2 4 4
1052.4 -4764.4 -80.0 151 0 13.1 16.2 7.5 2.5 2 1 3 5 5
608.4 -5139.9 -81.5 48 0 10.6 8.0 7.5 2.5 4 0 3 3 3
-139.0 -4836.0 -80.8 232 0 9.9 12.3 2.5 2.5 2 1 1 1 1
620.6 -5170.0 -80.3 314 0 13.8 13.1 7.5 2.5 2 0 3 0 0
690.8 -5137.6 -79.9 133 0 7.1 21.9 5.0 2.5 2 1 2 0 0
1044.3 -4775.5 -80.1 320 0 9.7 7.5 5.0 2.5 2 0 2 1 1
661.3 -5201.4 -78.3 126 0 8.6 10.4 5.0 2.5 2 1 2 0 0
571.5 -5327.2 -83.3 331 0 9.1 13.8 7.5 2.5 2 1 3 4 4
590.2 -5353.1 -84.8 331 0 11.0 15.2 5.0 2.5 2 1 2 5 5
-149.3 -4847.9 -80.9 228 0 9.4 12.7 5.0 2.5 2 1 2 3 3
-75.8 -4837.0 -82.4 313 0 9.5 10.9 2.5 2.5 2 1 1 2 2
642.0 -5374.5 -84.8 61 0 14.2 21.3 10.0 2.5 2 1 4 3 3
-96.1 -4812.5 -80.3 325 0 6.5 14.4 5.0 2.5 4 1 2 2 2
-139.2 -4799.4 -78.1 45 0 7.0 12.8 5.0 2.5 2 1 2 1 1
-6603.4 -5903.3 -92.5 30 0 12.5 17.3 2.5 2.5 2 1 1 1 1
-6598.7 -6022.9 -91.0 137 0 8.6 13.9 5.0 2.5 2 1 2 2 2
-6533.8 -5973.5 -86.3 292 0 14.6 10.4 7.5 2.5 2 0 3 5 5
1577.3 -2029.3 -69.8 89 0 13.2 43.6 15.0 0.0 0 1 6 0 0
2432.7 -2035.4 -82.7 170 0 8.3 26.3 5.0 2.5 2 1 2 1 1
2481.8 -2031.1 -83.2 350 0 18.1 15.2 10.0 2.5 4 0 4 4 4
4283.4 5998.0 -76.6 38 0 30.3 10.8 14.0 3.5 2 0 4 4 4
4178.2 5971.7 -74.4 154 0 9.6 30.2 14.0 3.5 2 1 4 4 4
-3706.4 3219.5 -69.7 329 0 8.8 65.2 10.0 2.5 2 1 4 5 5
-3673.5 3203.4 -73.5 338 0 18.5 31.3 5.0 2.5 4 1 2 4 4
-3713.1 3166.4 -73.0 69 0 13.1 23.4 10.0 2.5 2 1 4 2 2
6432.7 3968.9 -84.2 271 0 8.9 12.0 7.5 0.0 0 1 3 5 5
6293.4 3963.3 -78.7 267 0 14.9 9.0 7.5 2.5 2 0 3 0 0
6290.8 3913.8 -77.1 182 0 11.3 9.2 2.5 2.5 2 0 1 5 5
6324.1 3905.0 -77.2 358 0 8.9 14.0 7.5 2.5 4 1 3 2 2
6329.4 3845.3 -76.3 86 0 8.1 13.7 7.5 2.5 2 1 3 1 1
6374.7 3863.7 -78.1 268 0 8.8 14.5 7.5 2.5 2 1 3 4 4
6431.3 3841.0 -81.3 78 0 10.2 8.7 10.0 2.5 4 0 4 4 4
6420.5 3876.5 -80.7 260 0 10.0 14.6 2.5 2.5 2 1 1 4 4
6455.2 3871.7 -82.8 327 0 13.5 9.4 7.5 2.5 2 0 3 1 1
6493.6 3866.2 -88.0 162 0 9.2 12.3 7.5 2.5 2 1 3 5 5
6471.1 3927.4 -86.3 179 0 12.2 9.3 5.0 2.5 4 0 2 3 3
6476.9 3896.8 -86.1 151 0 10.7 10.7 5.0 2.5 2 0 2 2 2
3873.5 2276.1 -73.9 221 0 9.8 18.0 2.5 2.5 2 1 1 5 5
3999.0 2432.5 -68.8 221 0 16.3 15.0 7.5 2.5 2 0 3 0 0
4017.4 2443.5 -65.6 221 0 11.2 17.7 7.5 2.5 2 1 3 1 1
4039.1 2467.9 -67.6 221 0 11.3 14.3 7.5 2.5 4 1 3 3 3
4069.2 2538.8 -66.4 194 0 14.7 8.5 2.5 2.5 4 0 1 3 3
4101.1 2857.3 -77.3 159 0 14.4 13.6 7.5 2.5 2 0 3 0 0
4076.4 2853.6 -77.8 250 0 10.4 8.0 10.0 2.5 2 0 4 1 1
4033.4 2747.1 -74.5 2 0 14.7 7.6 5.0 2.5 2 0 2 3 3
3982.0 2640.7 -63.7 130 0 6.9 8.7 5.0 0.0 0 1 2 5 5
3922.2 2594.1 -71.8 336 0 8.7 9.4 7.5 2.5 4 1 3 4 4
3858.7 2589.2 -73.2 250 0 6.9 17.7 7.5 2.5 2 1 3 0 0
3843.8 2586.0 -71.3 261 0 12.8 9.8 10.0 0.0 0 0 4 4 4
3843.8 2556.3 -72.8 81 0 14.9 12.2 7.5 2.5 2 0 3 0 0
5794.2 -497.2 -78.6 111 0 18.4 12.6 2.5 2.5 2 0 1 2 2
5764.1 -432.4 -75.3 132 0 6.5 7.1 5.0 2.5 2 1 2 2 2
2706.3 5405.6 -71.2 54 0 7.9 17.2 2.5 2.5 2 1 1 1 1
2718.7 5469.5 -74.0 141 0 10.3 8.3 10.0 0.0 0 0 4 3 3
2805.1 5476.7 -76.4 248 0 16.9 12.5 5.0 2.5 2 0 2 4 4
2812.8 5435.8 -74.1 243 0 9.9 12.8 5.0 2.5 2 1 2 3 3
2831.6 5443.9 -74.0 249 0 8.2 13.8 5.0 2.5 4 1 2 2 2
2899.0 5415.2 -71.3 224 0 7.9 11.5 7.5 2.5 4 1 3 4 4
2948.5 5404.0 -69.2 66 0 12.9 9.2 5.0 2.5 2 0 2 5 5
2910.1 5393.0 -71.3 94 0 9.2 7.5 7.5 2.5 2 0 3 1 1
2921.2 5383.0 -71.0 87 0 12.7 8.2 7.5 2.5 4 0 3 3 3
2975.5 5391.4 -72.8 81 0 17.0 11.9 7.5 2.5 2 0 3 0 0
3021.4 5428.3 -73.9 5 0 15.5 10.2 10.0 2.5 4 0 4 0 0
3014.7 5471.4 -77.5 297 0 12.9 8.9 2.5 2.5 4 0 1 4 4
2870.4 5395.3 -74.0 161 0 16.3 6.9 5.0 2.5 2 0 2 0 0
2875.0 5435.5 -72.5 218 0 11.4 10.0 5.0 2.5 2 0 2 0 0
2363.1 6022.3 -69.9 97 0 14.1 12.3 7.5 2.5 2 0 3 2 2
2307.3 6017.0 -75.7 117 0 19.1 9.7 5.0 2.5 2 0 2 1 1
2239.2 6058.5 -72.9 107 0 6.8 7.1 10.0 2.5 2 1 4 0 0
2083.5 6173.1 -63.9 116 0 13.6 9.1 7.5 2.5 4 0 3 0 0
2586.9 6112.6 -44.0 58 0 15.2 10.7 7.5 2.5 2 0 3 3 3
2773.2 6000.7 -66.0 29 0 8.5 10.1 10.0 2.5 2 1 4 4 4
2854.2 5960.3 -71.8 96 0 7.0 11.6 7.5 0.0 0 1 3 2 2
2901.8 5975.1 -74.3 49 0 8.2 16.8 7.5 2.5 2 1 3 5 5
2949.3 6051.1 -71.4 221 0 12.6 9.1 7.5 2.5 2 0 3 5 5
2607.6 6048.0 -62.5 263 0 12.9 8.5 2.5 2.5 2 0 1 4 4
2613.8 6009.9 -69.4 342 0 10.7 7.9 7.5 2.5 2 0 3 3 3
2579.0 5969.7 -73.7 152 0 8.0 9.0 10.0 2.5 2 1 4 3 3
2641.5 5996.7 -72.0 350 0 11.4 20.9 2.5 2.5 2 1 1 5 5
2665.1 5883.1 -78.0 67 0 7.8 12.9 7.5 0.0 0 1 3 3 3
2642.2 5911.4 -77.1 258 0 9.8 12.1 5.0 2.5 2 1 2 0 0
2478.5 5997.4 -70.8 79 0 9.3 8.2 7.5 2.5 2 0 3 5 5
2474.6 5984.2 -74.0 261 0 14.5 10.3 10.0 2.5 2 0 4 4 4
2503.4 5993.2 -72.7 263 0 24.5 12.1 10.0 2.5 2 0 4 4 4
2528.5 5987.7 -72.9 307 0 6.6 10.7 5.0 2.5 2 1 2 4 4
2535.7 5980.9 -73.7 313 0 9.6 11.3 5.0 0.0 0 1 2 1 1
2531.5 6039.8 -62.2 16 0 8.7 24.0 10.0 2.5 2 1 4 2 2
2463.2 5996.6 -71.1 99 0 9.3 21.9 7.5 2.5 2 1 3 0 0
2438.3 6044.1 -61.9 192 0 9.2 39.1 10.0 2.5 2 1 4 2 2
2548.3 5596.6 -74.5 265 0 10.8 17.1 5.0 2.5 2 1 2 0 0
2544.0 5661.1 -78.9 81 0 20.0 12.8 7.5 0.0 0 0 3 4 4
2576.1 5657.1 -78.9 80 0 10.0 15.1 7.5 2.5 4 1 3 1 1
2658.9 5606.5 -77.4 294 0 26.5 19.6 10.0 0.0 0 0 4 1 1
2838.3 5851.7 -83.2 313 0 16.2 10.7 10.0 0.0 0 0 4 4 4
2750.6 5947.1 -74.9 174 0 11.2 8.9 5.0 2.5 2 0 2 2 2
2884.3 6064.1 -63.6 252 0 7.4 11.7 5.0 2.5 2 1 2 3 3
2849.4 6065.3 -59.1 166 0 14.1 8.4 7.5 2.5 2 0 3 4 4
2782.1 6043.6 -58.8 59 0 9.0 15.0 7.5 2.5 2 1 3 5 5
2743.2 6094.8 -49.8 197 0 7.6 11.0 7.5 2.5 2 1 3 5 5
5721.8 -1519.3 -71.5 214 0 16.0 22.1 7.5 2.5 2 1 3 5 5
5778.3 -1507.2 -72.0 311 0 20.9 55.6 12.5 0.0 0 1 5 5 5
-781.3 4485.2 -19.8 76 0 15.2 11.8 5.0 2.5 2 0 2 0 0
-811.6 4758.5 16.6 79 0 20.4 10.5 7.5 2.5 2 0 3 2 2
-769.7 4611.7 -3.2 75 0 25.3 19.0 10.0 2.5 2 0 4 5 5
-769.8 4651.1 0.2 222 0 15.2 9.2 5.0 2.5 2 0 2 3 3
-770.4 4391.8 -37.8 335 0 18.0 22.4 12.5 2.5 2 1 5 5 5
278.2 5013.6 -69.3 90 0 18.6 15.1 10.0 2.5 2 0 4 1 1
264.1 4994.4 -70.9 322 0 18.1 18.0 10.0 2.5 4 0 4 0 0
218.3 5008.3 -64.5 48 0 15.2 12.1 7.5 2.5 4 0 3 1 1
201.8 4958.3 -70.7 228 0 14.5 21.3 7.5 2.5 2 1 3 0 0
180.6 4957.8 -69.6 248 0 21.5 16.8 12.5 2.5 2 0 5 3 3
-38.2 4817.0 -68.8 245 0 9.8 9.9 7.5 0.0 0 1 3 0 0
-28.0 4796.8 -71.5 65 0 13.8 12.6 10.0 0.0 0 0 4 3 3
-7.7 4804.1 -72.4 65 0 9.7 11.0 7.5 2.5 2 1 3 4 4
-4.9 4832.4 -69.9 245 0 13.1 11.3 7.5 2.5 2 0 3 4 4
-9.3 4846.1 -67.2 245 0 15.9 12.7 2.5 2.5 2 0 1 0 0
6.6 4875.7 -64.2 238 0 10.7 9.0 2.5 2.5 2 0 1 2 2
27.3 4834.5 -70.9 339 0 22.8 14.1 10.0 2.5 2 0 4 5 5
-76.2 4829.9 -62.3 155 0 18.6 16.1 10.0 2.5 2 0 4 5 5
111.8 4934.2 -64.4 65 0 14.0 15.0 10.0 2.5 2 1 4 5 5
176.2 4965.0 -66.6 78 0 7.8 18.3 2.5 2.5 2 1 1 5 5
182.4 5073.1 -55.9 280 0 15.3 24.9 10.0 2.5 2 1 4 1 1
188.0 5041.7 -61.7 278 0 17.3 26.3 15.0 0.0 0 1 6 0 0
6913.4 2721.6 -83.1 15 0 13.5 11.6 5.0 2.5 2 0 2 0 0
6894.8 2765.4 -84.5 212 0 8.1 9.4 10.0 2.5 2 1 4 5 5
6866.3 2691.0 -86.2 29 0 13.8 16.0 2.5 2.5 2 1 1 1 1
6827.8 2767.1 -82.4 114 0 7.4 9.9 7.5 0.0 0 1 3 5 5
6910.5 2943.1 -80.2 9 0 9.9 12.6 7.5 2.5 2 1 3 0 0
6910.2 3018.8 -81.5 133 0 11.0 7.7 5.0 2.5 2 0 2 1 1
6901.3 3036.8 -80.5 358 0 9.0 13.7 7.5 2.5 2 1 3 3 3
6889.9 3128.4 -83.2 269 0 9.1 14.8 2.5 2.5 2 1 1 2 2
6867.5 3155.6 -83.7 107 0 10.4 21.7 7.5 2.5 2 1 3 4 4
6855.1 3155.6 -84.1 105 0 13.9 13.1 7.5 2.5 2 0 3 4 4
6824.8 3143.5 -82.5 276 0 13.6 7.3 10.0 2.5 2 0 4 5 5
6832.9 3155.9 -84.2 92 0 13.3 23.5 12.5 2.5 2 1 5 2 2
6776.2 3133.3 -81.4 250 0 16.7 11.5 10.0 2.5 2 0 4 1 1
6775.2 3151.4 -82.8 81 0 13.4 17.2 10.0 2.5 2 1 4 2 2
6760.7 3154.4 -82.6 83 0 12.7 12.2 7.5 0.0 0 0 3 1 1
6746.4 3121.5 -79.2 254 0 8.1 12.8 5.0 0.0 0 1 2 5 5
6709.7 3131.1 -81.1 75 0 22.4 17.3 17.5 0.0 0 0 7 2 2
6715.0 3093.4 -74.1 264 0 17.0 8.5 7.5 2.5 2 0 3 5 5
6663.0 3100.4 -72.4 269 0 14.4 12.4 7.5 2.5 2 0 3 0 0
6655.9 3122.8 -76.8 87 0 18.0 13.6 7.5 2.5 2 0 3 0 0
6616.1 3095.6 -69.3 265 0 22.0 11.5 15.0 0.0 0 0 6 2 2
6619.3 3063.4 -64.6 91 0 12.0 9.6 5.0 0.0 0 0 2 3 3
6595.3 3096.2 -69.0 259 0 7.7 17.4 7.5 2.5 2 1 3 2 2
6562.2 3087.3 -68.8 271 0 14.9 12.3 10.0 2.5 2 0 4 4 4
6532.4 3047.5 -67.6 80 0 20.5 16.8 10.0 2.5 4 0 4 0 0
6575.1 3109.7 -75.2 85 0 8.9 23.5 5.0 2.5 2 1 2 2 2
6546.3 3110.3 -73.9 76 0 14.4 11.3 7.5 2.5 2 0 3 5 5
6588.4 3134.4 -76.0 359 0 19.0 8.2 7.5 2.5 2 0 3 4 4
6566.0 3208.0 -76.4 339 0 13.3 15.3 2.5 0.0 0 1 1 5 5
6555.7 3228.0 -77.4 358 0 11.4 13.3 2.5 2.5 2 1 1 0 0
6497.0 3255.9 -82.2 79 0 13.3 18.5 5.0 2.5 2 1 2 3 3
6510.1 3246.5 -79.2 250 0 10.9 15.2 10.0 0.0 0 1 4 3 3
6540.5 3133.8 -75.9 85 0 7.6 17.0 5.0 2.5 2 1 2 4 4
6565.4 3103.7 -72.5 93 0 8.0 10.4 7.5 2.5 2 1 3 2 2
6524.0 3140.8 -76.4 88 0 11.5 13.6 5.0 2.5 2 1 2 0 0
6533.8 3095.5 -72.1 79 0 9.4 9.5 5.0 2.5 2 1 2 3 3
6521.5 3092.8 -72.6 74 0 9.2 16.5 7.5 0.0 0 1 3 4 4
6505.6 3087.1 -72.1 71 0 9.9 13.8 7.5 2.5 2 1 3 1 1
6494.6 3190.8 -78.2 168 0 11.6 16.4 5.0 2.5 2 1 2 2 2
6465.8 3175.6 -78.0 231 0 16.9 22.0 12.5 2.5 2 1 5 1 1
6398.0 3190.4 -86.3 65 0 10.9 11.9 5.0 0.0 0 1 2 2 2
6461.8 3102.3 -77.1 73 0 16.8 14.2 7.5 0.0 0 0 3 0 0
6466.2 3019.4 -70.7 76 0 6.5 15.4 10.0 2.5 2 1 4 4 4
6446.8 3081.5 -77.9 70 0 16.3 17.7 12.5 2.5 2 1 5 5 5
6433.4 3064.0 -77.9 72 0 11.2 16.8 2.5 2.5 2 1 1 5 5
6476.6 3082.2 -75.1 67 0 6.4 16.9 2.5 2.5 2 1 1 0 0
6377.2 3025.8 -72.9 247 0 21.2 9.1 10.0 2.5 2 0 4 1 1
6470.0 3059.9 -74.1 263 0 10.0 7.0 7.5 2.5 2 0 3 5 5
6346.0 3031.7 -76.8 57 0 14.1 9.9 5.0 2.5 4 0 2 4 4
6318.2 3013.7 -73.8 44 0 16.7 12.3 7.5 2.5 2 0 3 0 0
6292.4 2984.9 -73.6 41 0 17.7 16.7 12.5 2.5 2 0 5 0 0
6259.4 3010.6 -76.9 244 0 15.7 14.2 7.5 2.5 2 0 3 0 0
6260.6 2949.5 -77.3 50 0 23.1 18.0 12.5 2.5 2 0 5 1 1
6289.0 2944.2 -68.8 223 0 17.7 12.3 5.0 2.5 4 0 2 0 0
6248.0 2909.6 -66.4 255 0 13.9 12.3 5.0 2.5 4 0 2 3 3
6213.1 2877.1 -68.1 237 0 17.6 11.6 7.5 0.0 0 0 3 2 2
6149.1 2841.0 -70.9 247 0 9.7 20.6 2.5 2.5 2 1 1 3 3
6099.6 2832.5 -69.1 73 0 14.4 10.0 5.0 2.5 2 0 2 1 1
6002.2 2864.8 -74.0 103 0 15.1 12.4 7.5 0.0 0 0 3 1 1
5996.9 2841.0 -72.8 320 0 26.7 10.1 17.5 0.0 0 0 7 0 0
5986.1 2802.9 -70.3 53 0 11.8 34.9 10.0 2.5 2 1 4 4 4
5941.5 2807.7 -68.3 143 0 8.4 22.2 2.5 2.5 4 1 1 5 5
6043.4 2801.9 -71.7 145 0 14.3 14.3 5.0 2.5 2 1 2 5 5
6014.1 2669.7 -70.5 16 0 15.3 18.3 15.0 0.0 0 1 6 5 5
5964.8 2659.6 -70.7 191 0 9.8 24.1 10.0 2.5 2 1 4 3 3
6011.2 2635.8 -70.6 17 0 8.8 19.1 10.0 2.5 2 1 4 1 1
6030.8 2651.1 -68.5 194 0 16.9 14.7 7.5 2.5 2 0 3 2 2
6024.7 2625.5 -69.1 190 0 10.4 17.4 2.5 0.0 0 1 1 1 1
6022.8 2608.7 -69.4 184 0 9.6 16.9 5.0 2.5 2 1 2 3 3
6031.8 2584.1 -69.2 196 0 13.7 27.0 10.0 2.5 4 1 4 5 5
6001.2 2586.2 -71.1 5 0 12.0 11.1 7.5 2.5 2 0 3 2 2
6026.6 2490.0 -70.6 71 0 14.0 18.1 12.5 2.5 2 1 5 2 2
6082.7 2519.8 -65.8 1 0 10.2 12.4 2.5 2.5 2 1 1 0 0
6086.1 2537.4 -65.9 25 0 11.7 15.8 10.0 2.5 2 1 4 4 4
6018.9 2548.4 -70.3 192 0 14.0 19.2 12.5 2.5 2 1 5 2 2
5982.4 2894.7 -75.1 134 0 11.0 19.5 7.5 2.5 2 1 3 0 0
5964.6 2957.6 -78.7 253 0 10.5 15.1 2.5 2.5 4 1 1 4 4
5932.3 2885.9 -75.7 293 0 11.6 22.2 12.5 2.5 2 1 5 5 5
5892.2 2908.6 -78.8 292 0 12.2 19.0 7.5 2.5 4 1 3 0 0
5749.7 2979.4 -80.3 108 0 15.7 10.8 2.5 0.0 0 0 1 1 1
5717.6 2919.9 -76.9 1 0 13.7 12.8 7.5 2.5 2 0 3 1 1
5711.2 2885.0 -74.9 19 0 9.3 14.2 5.0 2.5 2 1 2 4 4
5693.0 2933.9 -76.3 175 0 14.8 11.2 10.0 2.5 2 0 4 0 0
5651.2 2995.9 -75.2 293 0 9.8 16.9 5.0 2.5 2 1 2 3 3
5640.3 3027.9 -76.0 143 0 9.1 7.9 7.5 2.5 2 0 3 0 0
5663.1 3020.0 -76.2 154 0 13.5 15.4 7.5 2.5 2 1 3 3 3
5703.0 3015.3 -76.6 88 0 22.4 9.5 5.0 2.5 4 0 2 2 2
5732.0 3102.6 -75.1 278 0 22.9 12.7 10.0 2.5 2 0 4 2 2
5680.7 3082.2 -74.8 192 0 9.7 10.6 5.0 2.5 2 1 2 2 2
5652.0 3073.8 -75.2 99 0 9.7 18.4 5.0 2.5 2 1 2 0 0
5621.6 3053.4 -75.6 145 0 7.5 13.1 5.0 2.5 2 1 2 4 4
5708.9 3177.2 -70.8 274 0 12.3 16.3 5.0 2.5 2 1 2 3 3
5796.6 3164.6 -68.9 74 0 16.7 12.4 2.5 2.5 2 0 1 0 0
5872.1 3060.1 -80.9 84 0 14.8 14.4 2.5 2.5 2 0 1 2 2
5999.9 2951.0 -76.8 339 0 11.0 10.0 5.0 2.5 2 0 2 1 1
5971.6 3128.2 -79.8 62 0 13.0 10.3 2.5 2.5 2 0 1 2 2
6022.4 3207.2 -79.4 314 0 16.5 12.2 5.0 2.5 2 0 2 4 4
6118.3 3200.8 -85.9 235 0 14.8 16.8 7.5 2.5 2 1 3 2 2
6080.6 3297.6 -81.7 356 0 23.3 12.5 12.5 2.5 2 0 5 5 5
6086.0 3256.3 -82.6 93 0 18.7 9.9 7.5 2.5 2 0 3 4 4
6028.7 3285.2 -77.4 96 0 18.0 12.0 10.0 2.5 2 0 4 1 1
6052.6 3347.6 -80.9 341 0 12.6 18.6 5.0 2.5 2 1 2 3 3
6076.1 3358.6 -82.4 349 0 17.2 13.1 5.0 2.5 2 0 2 2 2
6069.6 3383.0 -82.9 353 0 11.2 12.7 5.0 2.5 2 1 2 4 4
6000.4 3391.3 -80.3 268 0 19.5 9.2 5.0 2.5 2 0 2 3 3
5968.7 3328.7 -75.8 177 0 10.5 18.5 7.5 2.5 2 1 3 1 1
5973.7 3393.7 -78.5 271 0 12.6 12.6 10.0 2.5 2 0 4 5 5
6024.5 3409.0 -83.6 88 0 11.4 15.8 10.0 2.5 2 1 4 4 4
6051.3 3413.6 -84.7 90 0 13.1 11.0 5.0 2.5 2 0 2 1 1
6079.2 3429.7 -87.1 7 0 16.1 9.3 7.5 2.5 2 0 3 1 1
5966.9 3303.6 -73.8 162 0 9.6 11.0 10.0 2.5 4 1 4 0 0
5935.4 3347.8 -74.4 176 0 12.7 13.8 7.5 2.5 2 1 3 3 3
5916.1 3428.1 -76.3 287 0 12.1 13.9 5.0 2.5 2 1 2 0 0
5948.6 3467.4 -82.7 357 0 9.8 17.1 5.0 2.5 2 1 2 1 1
5944.3 3424.1 -78.4 24 0 10.8 9.8 7.5 2.5 2 0 3 4 4
6096.9 3345.2 -82.0 226 0 8.3 8.2 10.0 0.0 0 0 4 2 2
6087.0 3377.0 -83.7 178 0 13.9 10.2 5.0 2.5 2 0 2 5 5
6087.5 3400.8 -84.8 178 0 6.3 14.4 7.5 2.5 2 1 3 5 5
6088.4 3412.3 -85.9 184 0 8.5 16.3 10.0 0.0 0 1 4 0 0
6172.4 3354.8 -82.4 262 0 10.6 15.5 5.0 0.0 0 1 2 2 2
6199.1 3355.6 -82.1 259 0 15.0 9.2 5.0 0.0 0 0 2 0 0
6188.8 3261.2 -85.7 312 0 12.8 12.5 5.0 2.5 2 0 2 5 5
6138.3 3294.6 -81.9 133 0 11.8 14.1 7.5 2.5 2 1 3 3 3
6237.8 3284.6 -87.3 71 0 12.1 9.2 5.0 2.5 2 0 2 5 5
6231.5 3324.2 -85.9 272 0 7.1 11.4 10.0 2.5 2 1 4 5 5
6274.5 3341.1 -87.8 352 0 8.6 6.1 5.0 2.5 2 0 2 2 2
6305.0 3296.4 -90.9 70 0 6.7 13.5 7.5 2.5 2 1 3 0 0
6214.1 3356.0 -82.9 269 0 7.6 10.8 10.0 0.0 0 1 4 1 1
5867.6 3494.9 -79.1 291 0 13.7 15.0 2.5 2.5 4 1 1 4 4
5872.3 3347.7 -71.4 157 0 11.0 16.8 5.0 2.5 2 1 2 1 1
5862.0 3289.2 -68.7 150 0 12.2 9.1 7.5 2.5 2 0 3 3 3
5779.2 3397.9 -75.6 90 0 14.5 10.5 10.0 2.5 2 0 4 3 3
5742.0 3419.0 -76.9 181 0 18.5 10.5 7.5 2.5 2 0 3 0 0
5776.6 3414.7 -76.3 92 0 10.9 18.8 5.0 2.5 2 1 2 1 1
5697.9 3480.1 -81.3 266 0 13.2 16.1 7.5 2.5 2 1 3 5 5
5695.6 3489.0 -83.6 84 0 13.8 21.0 12.5 2.5 2 1 5 2 2
5759.7 3545.9 -81.5 80 0 10.3 12.8 2.5 2.5 2 1 1 0 0
5745.4 3603.2 -84.8 216 0 9.7 13.3 5.0 2.5 2 1 2 0 0
5870.4 3531.1 -83.3 92 0 7.7 12.6 5.0 0.0 0 1 2 1 1
5854.4 3577.9 -85.8 354 0 9.0 18.4 2.5 2.5 4 1 1 4 4
5838.4 3624.6 -88.2 279 0 11.7 9.4 7.5 2.5 2 0 3 3 3
5779.2 3555.2 -82.7 131 0 9.4 15.8 5.0 2.5 4 1 2 5 5
5802.0 3596.4 -85.2 222 0 8.9 13.9 10.0 0.0 0 1 4 2 2
5641.6 3453.1 -82.9 245 0 11.6 8.8 5.0 2.5 2 0 2 3 3
5636.1 3315.7 -73.9 167 0 8.1 13.0 7.5 2.5 2 1 3 5 5
5620.7 3326.5 -76.2 3 0 12.3 7.8 7.5 2.5 2 0 3 0 0
5618.2 3342.0 -78.2 1 0 12.6 17.8 5.0 2.5 2 1 2 4 4
5622.0 3372.4 -78.6 357 0 12.2 8.0 7.5 2.5 2 0 3 0 0
5620.9 3424.8 -82.4 8 0 9.7 10.8 10.0 2.5 2 1 4 4 4
5622.9 3443.8 -83.7 338 0 11.2 12.4 7.5 2.5 2 1 3 1 1
5632.1 3383.3 -78.2 178 0 15.6 8.2 2.5 2.5 2 0 1 5 5
5561.9 3538.7 -88.1 162 0 6.6 14.7 2.5 2.5 2 1 1 3 3
5548.9 3541.8 -86.8 336 0 7.2 16.0 7.5 2.5 2 1 3 0 0
5542.0 3560.0 -86.8 337 0 9.6 16.8 7.5 2.5 2 1 3 4 4
5532.2 3641.7 -85.1 172 0 12.0 13.5 2.5 2.5 2 1 1 4 4
5536.0 3658.3 -84.8 168 0 12.2 16.1 7.5 2.5 2 1 3 0 0
5525.3 3614.9 -85.5 353 0 9.0 11.0 5.0 2.5 4 1 2 3 3
5485.6 3587.2 -82.4 167 0 8.7 11.3 10.0 2.5 2 1 4 5 5
5512.9 3677.9 -81.4 355 0 10.5 14.7 7.5 0.0 0 1 3 1 1
