-6733.8 2808.6 274.4 29 0 10.5 17.3 5.0 2.5 2 1 2 5 5
-6366.7 2362.0 184.9 15 0 15.0 8.2 7.5 2.5 2 0 3 1 1
-6355.6 2551.2 179.3 180 0 12.9 7.1 2.5 0.0 0 0 1 4 4
-6358.8 2493.0 180.0 92 0 7.4 11.1 5.0 2.5 2 1 2 3 3
-6275.6 3042.2 112.1 355 0 34.0 9.2 12.5 2.5 2 0 5 3 3
-6302.9 3141.4 114.0 259 0 7.2 11.2 7.5 2.5 2 1 3 0 0
-6286.7 3109.1 112.2 1 0 15.6 14.0 5.0 2.5 2 0 2 2 2
-6224.5 3398.1 125.7 6 0 7.5 13.4 12.5 2.5 2 0 5 2 2
-6345.4 3417.6 150.6 168 0 7.8 21.4 7.5 2.5 2 0 3 4 4
-6345.1 3441.9 154.1 179 0 12.9 12.9 7.5 2.5 2 0 3 5 5
-6324.7 3488.1 156.6 198 0 19.4 8.5 10.0 2.5 2 0 4 1 1
-6316.7 3469.9 153.8 206 0 31.6 7.9 7.5 2.5 2 0 3 0 0
-6290.3 3404.0 144.5 42 0 11.8 11.1 5.0 2.5 2 0 2 5 5
-6296.3 3388.1 141.1 24 0 9.1 8.7 5.0 2.5 2 0 2 1 1
-6261.2 3483.2 142.7 4 0 10.5 9.3 2.5 2.5 2 0 1 5 5
-6260.7 3456.1 142.5 5 0 16.5 8.4 5.0 2.5 2 0 2 2 2
-5992.4 3227.9 52.0 98 0 10.9 7.2 7.5 2.5 4 0 3 2 2
-5917.7 3208.6 36.7 92 0 8.8 13.7 7.5 2.5 2 1 3 0 0
-5929.1 3292.6 42.8 88 0 7.1 18.7 5.0 2.5 2 1 2 2 2
-5941.2 3364.6 37.6 180 0 16.3 10.0 7.5 2.5 4 0 3 2 2
-5990.2 3325.8 53.0 271 0 12.4 23.0 10.0 0.0 0 1 4 4 4
-6377.4 2849.8 158.2 93 0 12.9 23.6 15.0 0.0 0 1 6 4 4
-6400.4 3015.9 163.7 4 0 9.8 11.5 7.5 2.5 4 1 3 2 2
-6405.8 3058.1 152.7 87 0 9.8 10.6 7.5 2.5 2 1 3 0 0
-6410.3 3049.8 158.2 179 0 7.9 8.0 7.5 2.5 2 1 3 0 0
-6404.8 3040.9 161.2 271 0 10.2 11.3 7.5 2.5 4 1 3 5 5
-6476.3 4228.6 186.5 175 0 7.3 6.4 5.0 2.5 2 0 2 2 2
-6497.3 4268.8 185.5 184 0 11.4 14.1 5.0 2.5 2 0 2 2 2
-6601.0 4248.1 215.1 260 0 12.6 13.8 7.5 2.5 2 0 3 3 3
-6330.9 4267.1 154.7 261 0 11.1 17.8 10.0 0.0 0 0 4 5 5
-6263.5 4082.4 129.2 190 0 13.4 16.9 5.0 2.5 2 1 2 4 4
-6215.9 4123.1 121.5 291 0 9.1 13.5 7.5 2.5 2 1 3 4 4
-6233.3 4201.4 133.0 359 0 14.2 13.6 7.5 2.5 2 0 3 0 0
-6474.1 4029.7 179.0 346 0 12.5 7.6 7.5 2.5 2 0 3 1 1
-6462.7 4109.2 178.6 351 0 17.1 11.0 7.5 2.5 2 0 3 1 1
-6489.5 3884.8 176.1 231 0 8.1 11.9 5.0 2.5 2 0 2 2 2
-6502.2 3806.0 189.2 151 0 12.1 7.6 2.5 2.5 2 0 1 2 2
-6304.3 3624.5 149.3 265 0 10.1 15.6 7.5 2.5 4 1 3 5 5
-6334.5 3952.8 151.6 333 0 9.7 13.0 5.0 2.5 2 0 2 3 3
-6173.7 3545.6 107.3 93 0 7.7 10.1 7.5 2.5 4 1 3 3 3
-6223.1 3591.6 123.8 99 0 13.6 15.7 5.0 2.5 4 1 2 0 0
-5925.2 4346.3 53.3 28 0 10.6 16.5 2.5 2.5 2 1 1 5 5
-5916.7 4319.5 57.1 340 0 12.2 8.8 7.5 2.5 2 0 3 1 1
-6030.3 4627.3 37.7 98 0 7.6 9.4 7.5 2.5 2 1 3 3 3
-6356.8 4310.6 160.4 4 0 10.4 8.6 7.5 2.5 2 0 3 1 1
-6486.8 4436.9 179.4 207 0 9.1 20.6 7.5 2.5 2 0 3 5 5
-6499.0 4408.1 183.4 9 0 8.3 7.8 10.0 2.5 2 0 4 3 3
-6754.8 4651.7 194.3 213 0 10.7 8.8 5.0 2.5 2 0 2 4 4
-6502.5 4514.9 176.1 109 0 6.7 13.1 5.0 2.5 2 1 2 2 2
-6496.0 4506.7 175.2 151 0 11.3 13.6 7.5 2.5 2 1 3 3 3
-6026.2 4327.3 86.5 306 0 8.5 7.4 7.5 2.5 2 0 3 3 3
-6097.6 4338.0 103.4 171 0 7.5 6.7 7.5 2.5 2 0 3 5 5
-6075.1 4358.7 95.3 162 0 9.0 8.4 2.5 2.5 2 0 1 0 0
-6062.0 4384.8 91.2 324 0 10.9 10.1 10.0 2.5 2 0 4 4 4
-6110.7 4404.4 101.4 331 0 9.4 7.7 10.0 2.5 4 0 4 2 2
-6125.6 4480.5 96.1 7 0 16.8 8.9 7.5 2.5 2 0 3 4 4
-6149.1 4511.1 100.9 324 0 7.8 7.3 10.0 2.5 2 0 4 5 5
-6062.0 4309.7 95.2 327 0 10.7 9.8 7.5 2.5 2 0 3 5 5
-6044.9 4298.0 90.3 282 0 9.2 8.4 7.5 0.0 0 0 3 2 2
-6025.0 4285.4 89.3 337 0 10.9 15.2 7.5 2.5 2 1 3 4 4
-6022.5 4249.3 91.4 349 0 10.9 7.6 7.5 2.5 2 0 3 4 4
-5989.6 4251.3 84.1 163 0 7.2 7.9 5.0 2.5 4 1 2 0 0
-6016.5 4307.2 85.7 144 0 8.9 8.1 2.5 2.5 2 0 1 1 1
-5946.7 4204.8 72.8 28 0 12.6 8.6 10.0 2.5 2 0 4 4 4
-5980.6 4197.5 80.5 299 0 8.2 13.1 7.5 2.5 2 1 3 5 5
-6041.4 4180.5 83.8 320 0 9.2 7.2 5.0 2.5 4 0 2 2 2
-6039.3 4201.5 87.1 136 0 7.1 9.4 7.5 2.5 2 1 3 2 2
-6089.9 4250.0 100.1 291 0 7.7 8.2 5.0 2.5 2 1 2 0 0
-6102.1 4273.7 103.6 307 0 9.3 15.8 7.5 2.5 2 1 3 1 1
-6121.2 4286.1 109.1 2 0 9.1 12.1 2.5 2.5 2 1 1 2 2
-6107.7 4310.2 105.1 179 0 13.6 8.8 7.5 2.5 2 0 3 0 0
-6197.4 4106.7 114.8 284 0 6.9 15.9 10.0 2.5 2 1 4 2 2
-6053.8 4064.5 68.9 116 0 7.2 12.1 5.0 2.5 2 1 2 3 3
-5999.1 4034.3 58.4 127 0 6.8 9.2 7.5 2.5 2 1 3 5 5
-5976.4 4091.5 63.7 19 0 7.6 15.7 2.5 2.5 2 1 1 4 4
-5996.0 4112.3 69.5 13 0 9.6 7.8 2.5 2.5 2 0 1 1 1
-5973.7 4109.7 66.9 14 0 6.2 10.0 5.0 0.0 0 1 2 4 4
-6547.9 4070.8 198.0 88 0 6.1 10.2 7.5 2.5 2 1 3 4 4
-6497.1 4096.6 185.7 319 0 16.8 10.9 5.0 2.5 2 0 2 3 3
-6504.0 4120.2 189.0 24 0 9.1 9.5 5.0 2.5 2 1 2 1 1
-6459.3 4158.0 179.0 30 0 14.8 14.2 7.5 2.5 2 0 3 4 4
-6409.7 4177.6 171.0 70 0 13.1 22.8 10.0 2.5 2 1 4 0 0
-6410.1 4226.7 174.8 49 0 9.8 7.7 5.0 0.0 0 0 2 2 2
-6405.3 4316.9 168.2 245 0 12.3 7.4 7.5 2.5 2 0 3 5 5
-6360.2 3943.6 156.6 14 0 6.0 10.8 5.0 2.5 2 1 2 2 2
-6390.1 3924.6 158.7 68 0 17.8 10.1 7.5 2.5 2 0 3 5 5
-6391.7 3957.8 161.5 345 0 10.0 14.6 2.5 2.5 2 1 1 0 0
-6397.6 3976.3 162.6 259 0 6.7 9.9 5.0 0.0 0 1 2 2 2
-6408.7 4014.5 164.3 257 0 8.4 19.2 7.5 2.5 2 1 3 3 3
-6375.8 3973.2 160.3 343 0 7.7 7.6 10.0 2.5 2 0 4 0 0
-6487.6 3961.0 175.0 99 0 12.6 14.5 5.0 2.5 2 1 2 3 3
-6532.1 4028.7 190.2 131 0 13.7 15.8 7.5 2.5 2 1 3 1 1
-6601.3 4048.0 202.7 90 0 10.5 14.2 7.5 2.5 2 1 3 2 2
-6277.3 3882.3 137.8 79 0 13.4 15.4 5.0 2.5 2 1 2 3 3
-6391.1 3886.5 157.4 63 0 7.9 8.6 7.5 2.5 4 1 3 2 2
-6709.0 4227.5 216.7 231 0 7.7 10.0 5.0 2.5 2 1 2 1 1
-6666.3 4195.7 213.7 87 0 7.3 14.4 7.5 2.5 2 1 3 4 4
-6598.5 4181.4 203.1 156 0 10.2 7.1 7.5 2.5 2 0 3 2 2
-6516.6 4230.7 192.2 203 0 11.2 6.2 7.5 2.5 2 0 3 1 1
-6517.2 4188.6 193.9 304 0 10.7 18.2 5.0 2.5 2 1 2 0 0
-6353.7 4042.6 152.6 259 0 9.3 14.4 7.5 2.5 2 1 3 2 2
-6378.2 4030.8 158.1 252 0 9.9 14.0 10.0 2.5 2 1 4 0 0
-6500.8 3754.3 192.8 152 0 9.1 7.5 7.5 2.5 2 0 3 1 1
-6425.8 3747.1 170.6 78 0 9.3 6.6 5.0 2.5 2 0 2 0 0
-6445.2 3899.8 168.0 350 0 8.1 14.2 5.0 2.5 4 1 2 3 3
-6481.0 4320.5 180.8 245 0 9.5 15.7 7.5 0.0 0 1 3 4 4
-6316.0 3578.2 154.3 354 0 9.2 6.4 5.0 2.5 2 0 2 0 0
-6528.7 3925.5 184.6 192 0 7.7 9.4 10.0 2.5 2 1 4 3 3
-6553.6 3960.6 187.4 174 0 11.7 8.5 7.5 2.5 2 0 3 4 4
-6362.7 3622.7 163.6 292 0 11.5 13.8 5.0 2.5 2 1 2 1 1
-6348.3 3562.0 161.9 59 0 7.9 16.6 10.0 2.5 4 1 4 1 1
-6334.7 3745.8 152.0 354 0 9.3 12.9 7.5 2.5 2 1 3 2 2
-6358.5 3791.3 151.7 251 0 9.8 18.5 5.0 2.5 2 1 2 3 3
-6379.1 3745.6 159.3 92 0 12.2 8.8 10.0 2.5 2 0 4 5 5
-5930.7 4156.3 62.4 208 0 9.5 17.4 7.5 2.5 2 1 3 4 4
-5963.6 3737.2 51.5 299 0 11.2 12.1 7.5 0.0 0 1 3 2 2
-6005.0 3515.9 45.8 136 0 10.8 16.7 7.5 2.5 2 1 3 2 2
-5993.1 3621.8 50.1 287 0 7.9 13.3 7.5 2.5 4 1 3 1 1
-6013.2 3566.0 50.2 223 0 11.1 13.5 2.5 2.5 2 1 1 0 0
-6061.8 3584.2 65.3 257 0 7.5 17.3 7.5 0.0 0 1 3 4 4
-4929.7 -5100.0 1.4 251 0 13.6 11.1 7.5 2.5 2 0 3 5 5
-4909.3 -5067.5 1.5 111 0 8.4 6.0 7.5 2.5 2 0 3 1 1
-4834.8 -5088.9 6.3 116 0 8.6 12.5 7.5 0.0 0 1 3 1 1
-5280.3 -5568.3 21.1 183 0 7.0 8.1 5.0 2.5 4 1 2 5 5
-5254.7 -5578.2 18.7 91 0 12.8 13.1 7.5 2.5 4 1 3 0 0
-5239.6 -5522.2 18.9 92 0 6.3 7.1 7.5 2.5 2 1 3 3 3
-5161.6 -5134.8 -12.8 144 0 7.1 9.4 10.0 0.0 0 1 4 3 3
-5266.9 -5272.0 -4.3 63 0 8.4 10.2 7.5 2.5 2 1 3 5 5
-5096.8 -5041.5 -20.1 175 0 14.7 11.5 2.5 2.5 2 0 1 4 4
-5077.6 -5065.8 -17.1 148 0 11.0 9.2 10.0 0.0 0 0 4 0 0
-5012.3 -5119.1 -6.5 186 0 14.7 10.7 5.0 2.5 2 0 2 0 0
-5001.6 -5095.2 -7.5 267 0 10.8 6.5 5.0 2.5 4 0 2 2 2
-4760.8 -5374.1 4.3 272 0 9.3 6.1 5.0 2.5 2 0 2 0 0
-4821.1 -5401.2 6.8 267 0 9.7 8.4 7.5 2.5 4 0 3 5 5
-4891.4 -5475.6 10.5 219 0 8.1 6.9 7.5 2.5 2 0 3 4 4
-4812.1 -5154.6 6.2 178 0 6.1 7.6 5.0 2.5 2 1 2 0 0
-4758.0 -5278.2 2.8 160 0 6.2 6.9 5.0 2.5 2 1 2 2 2
-5433.5 -5566.8 25.9 286 0 8.2 13.4 7.5 2.5 2 1 3 3 3
-5802.8 -5277.7 1.3 298 0 15.4 9.2 7.5 0.0 0 0 3 0 0
-5846.8 -5323.8 5.3 134 0 10.1 15.5 5.0 0.0 0 1 2 0 0
-5899.8 -5292.8 5.1 267 0 8.9 12.2 7.5 2.5 2 1 3 4 4
-5631.3 -4989.3 17.7 2 0 15.9 14.2 5.0 2.5 2 0 2 5 5
-5674.0 -5071.5 16.5 182 0 13.5 7.0 2.5 2.5 2 0 1 5 5
-5673.3 -5053.5 17.3 180 0 16.9 7.2 7.5 2.5 2 0 3 2 2
-5651.3 -5062.5 15.6 3 0 12.4 8.3 10.0 2.5 2 0 4 0 0
-5477.8 -5105.0 -8.3 41 0 7.4 11.5 2.5 2.5 2 1 1 4 4
-5462.3 -5053.8 -2.0 220 0 12.7 6.3 7.5 0.0 0 0 3 2 2
-5522.8 -5333.9 4.5 214 0 9.3 14.5 7.5 2.5 2 1 3 5 5
-5529.1 -5308.8 -2.3 172 0 9.0 13.6 10.0 2.5 2 1 4 1 1
-5494.4 -5276.5 -10.1 303 0 6.1 12.9 5.0 2.5 2 1 2 2 2
-5447.4 -5352.0 -0.2 82 0 15.9 20.0 10.0 0.0 0 1 4 1 1
-5877.1 -5568.9 17.0 177 0 8.9 6.0 7.5 2.5 2 0 3 1 1
-5857.3 -5568.9 16.3 0 0 8.5 12.4 5.0 2.5 2 1 2 2 2
-5668.0 -5545.1 25.3 305 0 19.6 16.8 7.5 0.0 0 0 3 2 2
-5724.4 -5517.2 22.1 149 0 7.0 13.4 5.0 0.0 0 1 2 4 4
-5712.1 -5468.3 20.2 299 0 17.4 10.1 5.0 2.5 2 0 2 2 2
-5778.6 -5472.4 13.5 133 0 16.4 10.2 7.5 2.5 2 0 3 3 3
-5809.2 -5412.6 10.8 95 0 9.8 13.7 7.5 2.5 2 1 3 5 5
-5675.8 -5725.4 27.2 30 0 8.8 10.5 5.0 2.5 2 1 2 0 0
-5737.8 -5664.8 19.3 64 0 8.0 12.4 7.5 2.5 2 1 3 2 2
-5651.8 -5686.0 27.5 53 0 10.9 6.2 7.5 2.5 2 0 3 1 1
-5593.1 -5650.7 28.3 37 0 16.0 7.2 2.5 2.5 2 0 1 1 1
-5861.2 -5762.6 27.2 325 0 12.7 8.4 5.0 2.5 2 0 2 2 2
-5793.1 -5840.9 30.2 34 0 13.8 8.2 7.5 2.5 2 0 3 0 0
-5707.3 -5803.1 24.7 247 0 7.8 8.2 2.5 2.5 2 1 1 0 0
-5721.1 -5791.7 26.0 82 0 11.4 9.5 7.5 2.5 2 0 3 4 4
-5703.5 -5783.8 26.0 46 0 10.9 6.3 7.5 2.5 2 0 3 4 4
-5345.4 -5682.0 20.6 278 0 8.8 9.4 7.5 2.5 4 1 3 4 4
-5373.0 -5727.0 22.1 4 0 6.2 6.6 5.0 2.5 4 1 2 0 0
-5415.3 -5687.2 28.2 326 0 10.7 9.3 2.5 2.5 2 0 1 1 1
-5499.5 -5715.7 30.0 180 0 6.3 10.3 7.5 2.5 2 1 3 4 4
-5631.2 -5801.1 24.2 23 0 7.9 12.3 7.5 2.5 4 1 3 2 2
-5659.6 -5889.0 12.2 320 0 18.5 8.5 5.0 2.5 2 0 2 4 4
-5824.0 -5934.5 34.4 213 0 8.5 9.4 7.5 2.5 2 1 3 2 2
-5842.2 -5609.9 17.4 12 0 12.1 9.5 5.0 2.5 2 0 2 2 2
-5917.9 -5621.3 26.3 171 0 10.2 16.6 5.0 2.5 2 1 2 1 1
-5791.8 -6182.5 38.0 270 0 11.8 8.3 2.5 0.0 0 0 1 5 5
-5695.4 -6040.7 8.0 101 0 10.5 7.1 7.5 0.0 0 0 3 2 2
-6515.3 -5636.5 80.2 230 0 10.9 8.5 7.5 2.5 2 0 3 4 4
-6116.2 -5701.0 50.0 297 0 11.4 6.6 10.0 2.5 2 0 4 1 1
-5954.7 -5694.3 27.4 139 0 8.6 17.1 7.5 2.5 2 1 3 1 1
-6209.6 -5807.8 68.0 6 0 13.2 11.1 2.5 2.5 2 0 1 0 0
-6451.3 -5768.4 101.5 357 0 6.5 14.4 7.5 2.5 2 1 3 2 2
-6455.5 -5818.2 111.6 84 0 12.7 7.9 7.5 2.5 4 0 3 4 4
-6471.8 -5810.6 110.4 351 0 11.1 17.6 7.5 2.5 2 1 3 2 2
-6511.3 -5852.6 115.8 165 0 6.7 7.3 7.5 2.5 2 1 3 4 4
-6491.9 -5847.4 115.6 345 0 8.5 11.7 5.0 2.5 2 1 2 3 3
-6072.9 -5947.7 74.2 359 0 8.8 14.1 7.5 2.5 2 1 3 0 0
-6495.4 -6014.5 129.0 183 0 7.1 10.1 7.5 2.5 2 1 3 1 1
-6250.1 -6074.6 100.4 127 0 9.1 11.9 7.5 2.5 2 1 3 0 0
-6506.8 -5500.9 73.4 209 0 16.5 12.6 5.0 2.5 2 0 2 3 3
-6298.9 -5513.9 59.4 80 0 10.7 14.6 10.0 0.0 0 1 4 5 5
-6288.9 -5498.0 58.7 260 0 8.4 12.0 5.0 2.5 2 1 2 0 0
-6308.4 -5423.4 64.2 94 0 8.6 12.1 7.5 2.5 2 1 3 0 0
-6273.1 -5425.8 60.3 0 0 20.4 11.8 5.0 2.5 2 0 2 3 3
-6150.3 -5470.7 43.0 48 0 9.8 10.7 5.0 2.5 2 1 2 0 0
-6138.5 -5402.0 46.6 279 0 10.0 17.6 7.5 2.5 2 1 3 0 0
-6069.6 -5454.8 36.1 117 0 14.7 9.9 5.0 0.0 0 0 2 3 3
-6061.0 -5422.6 37.8 25 0 6.2 9.5 5.0 2.5 2 1 2 3 3
-6002.8 -5444.1 30.4 207 0 11.3 15.9 7.5 2.5 2 1 3 1 1
-5918.4 -5465.3 12.3 289 0 8.4 12.7 5.0 0.0 0 1 2 5 5
-6251.6 -5027.7 44.6 210 0 8.6 11.6 7.5 2.5 2 1 3 4 4
-6510.4 -5069.1 64.2 95 0 14.2 10.2 5.0 2.5 4 0 2 4 4
-6277.3 -5143.0 43.7 179 0 11.6 10.3 7.5 2.5 2 0 3 5 5
-6213.8 -5229.8 46.0 119 0 13.0 10.7 5.0 2.5 2 0 2 5 5
-6202.9 -5180.9 42.6 358 0 15.6 12.6 5.0 2.5 2 0 2 5 5
-6186.7 -5124.0 39.4 352 0 7.0 10.2 10.0 2.5 2 1 4 3 3
-6117.2 -5135.1 32.5 3 0 13.1 6.6 7.5 2.5 2 0 3 4 4
-6040.0 -5366.7 36.4 13 0 8.0 6.2 7.5 2.5 2 0 3 2 2
-5969.9 -5346.6 24.6 188 0 8.7 7.3 2.5 2.5 2 0 1 2 2
-5917.5 -5344.4 13.8 8 0 12.2 7.7 5.0 2.5 2 0 2 2 2
-6075.8 -5193.5 27.1 83 0 10.9 17.2 7.5 0.0 0 1 3 1 1
-6087.4 -5270.8 38.1 339 0 13.2 13.5 10.0 2.5 2 1 4 5 5
-6113.4 -5326.4 42.3 251 0 10.8 15.5 2.5 2.5 2 1 1 5 5
-6421.2 -5320.9 76.7 184 0 8.0 14.6 5.0 2.5 2 1 2 4 4
-6634.8 -5603.9 75.3 76 0 9.0 8.5 5.0 2.5 2 0 2 0 0
-6618.4 -5396.8 69.0 337 0 8.5 9.6 7.5 2.5 2 1 3 3 3
-6822.2 -5508.4 102.8 98 0 9.0 15.8 10.0 2.5 2 1 4 4 4
-6548.2 -5129.1 65.8 17 0 13.4 11.5 2.5 2.5 2 0 1 1 1
-6578.8 -5087.7 70.8 274 0 14.1 9.3 5.0 2.5 2 0 2 0 0
-6281.7 -4909.2 56.6 249 0 10.3 9.2 7.5 2.5 4 0 3 5 5
-6262.8 -4903.7 56.2 255 0 12.0 12.5 7.5 2.5 2 1 3 3 3
-6207.0 -4920.4 54.3 276 0 10.5 10.1 5.0 2.5 2 0 2 0 0
-6228.3 -4911.9 53.8 247 0 10.3 15.2 2.5 2.5 2 1 1 3 3
-6198.0 -4887.5 50.9 95 0 13.8 17.0 2.5 2.5 4 1 1 2 2
-6128.9 -4885.9 51.6 249 0 6.7 7.0 2.5 0.0 0 1 1 5 5
-6035.1 -4851.4 43.4 179 0 9.1 16.6 10.0 2.5 2 1 4 5 5
-6010.0 -4926.2 43.5 154 0 11.0 12.6 5.0 2.5 2 1 2 5 5
-5975.4 -4829.3 37.6 317 0 15.5 6.6 7.5 2.5 2 0 3 3 3
-5953.1 -4802.1 27.3 117 0 16.1 11.0 7.5 2.5 2 0 3 3 3
-5971.2 -4748.8 18.1 201 0 7.8 15.4 7.5 2.5 2 1 3 1 1
-6413.2 -4966.2 59.0 195 0 7.8 10.9 7.5 2.5 2 1 3 1 1
-6383.7 -4955.3 59.1 325 0 8.9 11.7 7.5 2.5 2 1 3 1 1
-6362.2 -4945.2 58.6 232 0 24.7 8.7 2.5 2.5 2 0 1 4 4
-6328.7 -4911.8 60.6 319 0 7.1 19.5 2.5 2.5 2 1 1 2 2
-6321.7 -4918.7 59.4 322 0 8.0 33.2 12.5 2.5 2 1 5 2 2
-6361.8 -4980.3 56.2 48 0 14.3 8.8 7.5 2.5 4 0 3 3 3
-6331.3 -4948.0 57.6 325 0 6.3 13.8 10.0 2.5 2 1 4 1 1
-6302.6 -4924.5 57.8 321 0 8.8 33.8 10.0 2.5 2 1 4 5 5
-6307.7 -4961.6 54.6 341 0 6.1 6.6 10.0 2.5 2 1 4 5 5
-6469.4 -4883.3 71.0 284 0 10.9 12.7 2.5 0.0 0 1 1 2 2
-6434.4 -4871.5 71.9 230 0 10.0 11.5 5.0 2.5 4 1 2 2 2
-6356.2 -4782.7 67.1 247 0 13.8 17.2 10.0 2.5 2 1 4 3 3
-6403.8 -4662.3 60.4 299 0 6.4 11.2 7.5 2.5 2 1 3 3 3
-6392.5 -4667.7 60.3 298 0 17.5 9.9 7.5 2.5 4 0 3 0 0
-6511.5 -4809.9 78.5 132 0 10.9 10.7 7.5 2.5 2 0 3 0 0
-6465.4 -4745.5 76.0 112 0 12.5 8.6 7.5 2.5 2 0 3 3 3
-6441.1 -4767.1 75.7 129 0 6.0 10.4 7.5 2.5 2 1 3 0 0
-6422.9 -4791.1 75.5 146 0 8.5 11.0 5.0 2.5 2 1 2 2 2
-6416.3 -4799.9 75.0 144 0 10.8 9.7 7.5 2.5 2 0 3 3 3
-6411.2 -4816.9 74.3 180 0 8.0 7.3 10.0 2.5 2 0 4 3 3
-6110.1 -4726.6 22.0 334 0 12.8 10.1 5.0 2.5 2 0 2 1 1
-6087.7 -4761.3 31.6 326 0 9.4 8.1 10.0 2.5 4 0 4 2 2
-6134.3 -4800.7 39.0 263 0 13.7 7.8 7.5 2.5 2 0 3 2 2
-6124.4 -4838.8 43.0 85 0 16.0 7.6 5.0 2.5 2 0 2 4 4
-6184.6 -4809.4 39.1 198 0 10.8 10.3 5.0 2.5 2 0 2 4 4
-6321.4 -4887.5 62.0 130 0 6.2 12.0 7.5 2.5 2 1 3 1 1
-6339.7 -4869.9 65.4 138 0 8.8 13.0 10.0 0.0 0 1 4 4 4
-6278.4 -4802.8 53.9 197 0 10.5 10.0 5.0 2.5 2 0 2 0 0
-6251.9 -4759.3 43.9 293 0 8.3 10.4 7.5 2.5 2 1 3 3 3
-6301.1 -4743.2 49.4 176 0 7.2 11.4 10.0 0.0 0 1 4 5 5
-6074.5 -4383.6 29.0 50 0 9.5 10.2 10.0 2.5 2 1 4 0 0
-6128.6 -4481.1 30.8 73 0 7.3 14.7 5.0 2.5 2 1 2 2 2
-6206.8 -4423.4 41.0 316 0 10.7 9.4 5.0 2.5 2 0 2 4 4
-6253.0 -4404.4 42.1 289 0 17.1 10.0 2.5 2.5 2 0 1 5 5
-6354.9 -4423.2 42.2 60 0 14.9 9.0 10.0 2.5 2 0 4 0 0
-6314.8 -4504.8 31.5 52 0 7.9 13.1 2.5 2.5 2 1 1 2 2
-6432.7 -4443.4 49.7 95 0 8.4 9.3 5.0 2.5 2 1 2 4 4
-6330.3 -4604.3 36.8 79 0 7.7 8.0 7.5 2.5 2 1 3 3 3
-6206.9 -4656.7 19.3 212 0 9.6 11.5 7.5 2.5 2 1 3 3 3
-6022.9 -4588.3 18.0 103 0 14.6 19.1 17.5 0.0 0 1 7 4 4
-6780.1 -4855.0 97.6 244 0 7.6 7.0 5.0 2.5 2 0 2 3 3
-6736.8 -4849.4 94.0 270 0 10.8 11.1 7.5 2.5 2 1 3 1 1
-6685.0 -4953.9 89.6 270 0 8.6 9.3 10.0 2.5 2 1 4 4 4
-6664.8 -4831.9 83.5 56 0 9.3 14.9 7.5 2.5 2 1 3 1 1
-6609.0 -4871.8 77.5 315 0 12.6 8.9 5.0 2.5 2 0 2 4 4
-6593.7 -4906.8 73.6 21 0 9.2 8.4 5.0 2.5 2 0 2 1 1
-6574.6 -4783.3 78.2 119 0 12.8 24.5 10.0 2.5 2 1 4 3 3
-6578.6 -4740.3 73.9 276 0 18.5 7.3 5.0 2.5 2 0 2 3 3
-6529.5 -4850.4 74.9 317 0 8.4 11.8 5.0 2.5 4 1 2 0 0
-6543.2 -4836.8 76.0 322 0 11.1 10.8 10.0 0.0 0 0 4 2 2
-6894.4 -4684.4 101.6 178 0 16.1 10.0 10.0 2.5 2 0 4 1 1
-6830.0 -4672.4 92.6 129 0 10.0 10.6 5.0 2.5 2 1 2 5 5
-6780.3 -4718.4 92.9 286 0 9.3 10.0 7.5 2.5 2 1 3 4 4
-6788.1 -4706.4 92.6 103 0 12.4 8.2 7.5 2.5 2 0 3 3 3
-6814.8 -4700.8 94.9 88 0 16.6 8.1 5.0 2.5 2 0 2 3 3
-6818.9 -4714.5 96.7 272 0 7.3 7.3 5.0 2.5 2 0 2 4 4
-6884.4 -4463.2 93.0 181 0 13.1 6.3 7.5 2.5 2 0 3 2 2
-6909.6 -4442.0 97.1 199 0 7.0 10.7 7.5 2.5 2 1 3 4 4
-6882.0 -4486.0 90.5 183 0 10.3 15.4 2.5 2.5 2 1 1 5 5
-6825.1 -4531.2 83.9 290 0 10.2 8.8 5.0 2.5 4 0 2 1 1
-6728.8 -4612.1 75.0 52 0 8.1 6.1 7.5 0.0 0 0 3 1 1
-6632.0 -4591.3 59.8 56 0 11.2 9.0 7.5 2.5 2 0 3 5 5
-6556.0 -4576.3 51.3 96 0 8.7 9.4 2.5 2.5 4 1 1 5 5
-4633.9 -5073.5 13.6 36 0 9.9 12.8 10.0 0.0 0 1 4 0 0
-4434.8 -5240.4 -8.1 100 0 7.3 7.4 5.0 2.5 2 1 2 5 5
-4382.7 -5244.5 -11.7 217 0 10.1 6.8 5.0 2.5 4 0 2 5 5
-4392.1 -5222.7 -9.4 53 0 10.4 8.4 5.0 2.5 2 0 2 4 4
-4381.8 -5041.4 -8.7 342 0 9.0 9.5 7.5 2.5 2 1 3 3 3
-4227.6 -5201.8 -7.3 56 0 11.2 9.2 7.5 2.5 2 0 3 0 0
-4207.6 -4993.0 -3.0 206 0 6.8 9.8 7.5 2.5 2 1 3 4 4
-4139.4 -5171.1 -4.3 77 0 11.0 14.6 7.5 2.5 2 1 3 4 4
-4136.4 -5083.0 -4.3 89 0 11.8 7.8 7.5 2.5 2 0 3 3 3
-4622.3 -5516.9 -2.0 165 0 8.5 17.5 12.5 2.5 2 1 5 2 2
-4514.8 -5538.6 -9.1 5 0 13.7 14.5 7.5 2.5 4 1 3 4 4
-4480.5 -5528.7 -11.4 93 0 9.0 12.6 5.0 2.5 4 1 2 0 0
-4484.1 -5460.4 -9.3 248 0 8.4 14.4 7.5 2.5 2 1 3 3 3
-4533.9 -5470.5 -4.7 353 0 14.0 14.3 5.0 2.5 2 1 2 1 1
-4464.8 -5339.2 -8.6 106 0 6.9 10.0 7.5 2.5 2 1 3 2 2
-4515.0 -5396.5 -5.8 207 0 10.0 13.5 2.5 2.5 2 1 1 3 3
-4580.7 -5376.6 -2.2 285 0 8.7 15.1 10.0 2.5 2 1 4 0 0
-4607.9 -5428.5 -1.5 205 0 9.9 13.1 7.5 2.5 2 1 3 4 4
-4688.1 -5344.1 2.5 334 0 8.7 9.4 7.5 2.5 2 1 3 0 0
-4662.5 -5330.6 0.9 170 0 6.4 6.2 5.0 2.5 2 0 2 5 5
-4682.2 -5313.6 1.3 176 0 6.6 6.2 5.0 2.5 4 0 2 4 4
-4669.9 -5349.6 1.5 173 0 13.2 8.2 2.5 2.5 2 0 1 3 3
-4702.1 -5546.2 -3.0 168 0 21.4 10.3 7.5 2.5 2 0 3 2 2
-4697.2 -5495.5 -1.9 198 0 12.4 8.9 7.5 2.5 2 0 3 3 3
-4424.7 -5322.4 -10.9 26 0 6.1 13.5 7.5 2.5 2 1 3 5 5
-4145.2 -5496.6 -4.9 288 0 14.0 15.1 10.0 2.5 2 1 4 5 5
-4277.6 -5351.7 -10.3 280 0 14.8 9.1 7.5 2.5 2 0 3 0 0
-4298.3 -5424.7 -10.1 25 0 14.3 14.5 7.5 2.5 2 1 3 0 0
-4284.7 -5401.9 -10.0 30 0 11.8 9.7 5.0 2.5 2 0 2 1 1
-4334.7 -5331.6 -11.4 197 0 8.1 10.5 5.0 2.5 2 1 2 1 1
-4357.3 -5419.5 -10.9 279 0 12.5 9.8 7.5 2.5 2 0 3 4 4
-4394.2 -5465.7 -11.2 211 0 9.4 7.8 2.5 2.5 2 0 1 5 5
-4363.9 -5501.6 -10.7 21 0 10.4 11.1 5.0 2.5 2 1 2 0 0
-4395.0 -5515.0 -11.4 306 0 11.9 8.2 7.5 2.5 2 0 3 1 1
-4425.3 -5545.8 -11.8 93 0 9.5 9.6 7.5 2.5 2 1 3 5 5
-4416.5 -5581.3 -11.7 195 0 9.9 9.6 2.5 2.5 2 0 1 1 1
-6667.8 -6860.3 226.7 28 0 16.8 8.8 7.5 2.5 2 0 3 3 3
-6777.4 -6892.3 247.5 93 0 8.3 10.8 5.0 0.0 0 1 2 4 4
-6713.3 -6890.2 233.7 44 0 6.6 7.7 7.5 2.5 2 1 3 2 2
-6879.2 -1023.5 128.3 187 0 12.0 7.0 10.0 2.5 2 0 4 3 3
-6367.1 3353.3 143.8 110 0 7.8 12.7 7.5 2.5 2 1 3 4 4
-6294.2 3486.1 151.0 299 0 9.4 7.1 5.0 2.5 2 0 2 4 4
-6289.5 3377.6 138.4 89 0 8.9 9.9 7.5 2.5 2 1 3 3 3
-6383.2 2310.0 185.4 1 0 11.4 6.3 5.0 2.5 2 0 2 1 1
-6026.7 2385.7 39.6 88 0 7.6 7.7 5.0 2.5 2 1 2 1 1
-6306.1 2958.7 121.1 166 0 7.4 8.4 10.0 2.5 2 1 4 5 5
-6693.9 2901.8 246.4 321 0 8.5 18.9 10.0 2.5 2 1 4 2 2
-6510.3 2326.7 239.4 354 0 6.1 10.7 5.0 2.5 2 1 2 2 2
-4597.1 -5641.5 -4.8 142 0 9.4 10.8 7.5 2.5 2 1 3 4 4
-4594.6 -5599.3 -3.8 341 0 10.2 7.5 7.5 2.5 2 0 3 5 5
-3648.1 -5215.0 3.2 57 0 6.3 7.5 5.0 2.5 2 1 2 2 2
-3800.5 -5600.5 -5.6 73 0 8.2 8.0 2.5 2.5 2 0 1 3 3
-3821.9 -5518.1 -5.5 57 0 7.5 9.4 7.5 2.5 2 1 3 5 5
-3993.1 -5299.0 3.6 88 0 10.6 17.8 7.5 2.5 2 1 3 2 2
-3685.9 -4675.8 -18.3 340 0 14.9 14.8 7.5 2.5 2 0 3 0 0
-4391.9 -4979.4 -16.3 337 0 13.1 6.5 5.0 2.5 2 0 2 4 4
-4243.0 -4839.5 -32.5 294 0 9.0 11.5 7.5 2.5 2 1 3 0 0
-3455.0 -3298.5 -287.2 88 0 7.1 8.1 5.0 2.5 2 1 2 4 4
-4450.5 -5959.9 -6.0 161 0 11.1 8.9 2.5 2.5 2 0 1 4 4
-4154.7 -3640.2 -267.9 82 0 22.3 13.8 10.0 2.5 2 0 4 3 3
-4126.2 -3787.3 -263.9 157 0 6.8 14.1 7.5 2.5 2 1 3 1 1
-4480.5 -6550.8 -7.2 105 0 7.8 12.3 7.5 2.5 2 1 3 2 2
-4368.4 -6652.1 -5.7 113 0 6.9 7.1 5.0 2.5 2 1 2 0 0
-4345.7 -6492.6 -3.2 138 0 10.1 7.6 7.5 2.5 2 0 3 2 2
-4418.7 -6618.4 -7.6 23 0 10.0 12.1 2.5 2.5 2 1 1 4 4
-4432.4 -5865.6 -6.4 220 0 7.3 12.2 7.5 2.5 2 1 3 0 0
-4423.7 -5610.6 -11.9 161 0 8.2 9.3 5.0 2.5 2 1 2 0 0
-4281.8 -5725.0 -7.1 95 0 10.2 11.0 7.5 0.0 0 1 3 5 5
-4356.0 -5727.5 -6.6 354 0 9.7 10.7 5.0 2.5 2 1 2 4 4
-4258.5 -5886.0 -6.1 276 0 6.2 12.2 2.5 2.5 4 1 1 2 2
-4033.8 -5932.5 2.8 93 0 8.3 17.1 10.0 2.5 2 1 4 0 0
-4170.3 -6157.1 -4.8 86 0 12.2 12.2 7.5 2.5 2 1 3 2 2
-3685.2 -6286.5 3.3 102 0 13.0 10.4 7.5 2.5 2 0 3 0 0
-3303.3 -5633.0 -60.1 88 0 9.1 11.8 2.5 2.5 2 1 1 1 1
-1506.8 -5667.4 -334.9 73 0 9.8 21.4 5.0 2.5 2 1 2 3 3
-3462.7 -6298.4 -18.7 100 0 7.6 6.0 7.5 2.5 2 0 3 5 5
-3524.9 -6359.0 -1.4 251 0 19.3 24.4 10.0 2.5 2 1 4 4 4
-6796.4 5539.3 40.5 149 0 12.2 9.8 7.5 2.5 2 0 3 3 3
-6805.0 5589.9 40.3 250 0 13.7 13.1 2.5 2.5 2 0 1 5 5
-6791.8 4811.5 176.0 345 0 6.7 15.8 5.0 0.0 0 1 2 2 2
-6459.7 5393.6 21.0 127 0 8.5 8.3 7.5 2.5 4 0 3 5 5
-6074.9 5516.4 15.6 60 0 15.3 9.8 5.0 0.0 0 0 2 3 3
1900.4 880.8 -298.5 35 0 16.6 19.9 12.5 2.5 2 1 5 3 3
-5260.6 2444.7 -68.1 245 0 10.9 16.0 5.0 2.5 2 1 2 3 3
-5039.8 2406.7 -87.3 89 0 8.3 9.2 7.5 2.5 2 1 3 3 3
-5207.9 2394.4 -72.2 149 0 9.2 13.8 2.5 2.5 2 1 1 4 4
-5174.8 2379.1 -74.2 154 0 13.6 10.5 10.0 2.5 2 0 4 1 1
-5125.8 2342.2 -78.1 356 0 12.0 9.8 5.0 2.5 2 0 2 5 5
-6781.3 -1154.0 114.7 80 0 9.0 8.1 7.5 2.5 2 0 3 1 1
-6837.4 -1077.4 119.0 255 0 8.9 15.1 7.5 2.5 2 1 3 3 3
-6776.9 -1086.3 109.5 345 0 8.1 7.4 7.5 2.5 2 0 3 1 1
-6792.8 -986.5 104.8 213 0 9.3 9.3 10.0 2.5 2 0 4 1 1
-6681.3 -1186.2 97.3 190 0 10.4 15.9 2.5 2.5 4 1 1 4 4
-6642.9 -1156.1 86.9 203 0 16.2 9.0 7.5 2.5 4 0 3 3 3
-6631.3 -1218.6 92.5 115 0 7.9 10.8 7.5 2.5 2 1 3 2 2
-5689.8 2658.5 -22.0 300 0 10.7 10.9 2.5 2.5 2 1 1 3 3
-5753.2 2540.4 -16.3 244 0 7.1 8.7 5.0 2.5 2 1 2 1 1
-5673.1 2562.6 -30.7 257 0 7.7 9.4 5.0 2.5 2 1 2 2 2
-5617.0 2476.5 -37.9 19 0 6.4 6.9 10.0 2.5 2 1 4 5 5
-5899.7 2331.1 29.2 29 0 8.0 9.1 5.0 2.5 4 1 2 1 1
-6767.9 707.3 267.6 101 0 11.1 10.6 7.5 0.0 0 0 3 1 1
-6893.7 705.7 293.6 189 0 7.5 6.3 7.5 2.5 4 0 3 0 0
-6879.3 855.9 322.6 54 0 9.5 7.1 5.0 2.5 2 0 2 0 0
-6779.6 847.6 302.5 90 0 6.2 6.1 7.5 2.5 2 0 3 5 5
-6846.0 967.2 327.5 162 0 8.8 9.0 7.5 2.5 2 1 3 0 0
-6846.8 993.1 328.5 255 0 6.3 11.1 10.0 2.5 2 1 4 1 1
-5991.1 599.8 -28.0 359 0 8.3 9.1 7.5 2.5 2 1 3 5 5
-6051.3 251.5 -19.4 230 0 10.7 10.5 7.5 2.5 2 0 3 3 3
-5996.3 193.2 -33.7 177 0 12.8 14.6 7.5 2.5 2 1 3 5 5
-5957.7 -22.3 -22.3 43 0 11.2 9.0 7.5 2.5 2 0 3 3 3
-5971.4 -9.7 -22.5 221 0 12.5 8.5 7.5 2.5 2 0 3 1 1
-6055.6 4.6 -13.9 56 0 9.0 11.2 10.0 0.0 0 1 4 0 0
-6183.5 1237.8 184.6 132 0 10.5 10.0 7.5 2.5 2 0 3 1 1
-4071.4 -135.5 -229.1 245 0 9.3 14.4 7.5 2.5 2 1 3 5 5
-4341.3 -248.1 -233.4 56 0 8.3 8.9 2.5 2.5 2 1 1 3 3
-4247.9 -680.6 -191.0 94 0 8.5 6.8 5.0 2.5 2 0 2 3 3
-4664.5 -625.1 -155.9 181 0 9.3 10.6 7.5 2.5 4 1 3 5 5
-4206.9 -1033.2 -99.8 17 0 6.8 11.9 5.0 2.5 4 1 2 4 4
-4082.8 -1005.6 -102.6 302 0 8.8 11.7 5.0 0.0 0 1 2 3 3
-4153.6 -971.5 -118.7 183 0 9.6 8.5 2.5 2.5 4 0 1 4 4
-4229.6 -877.8 -147.0 4 0 8.5 8.7 5.0 2.5 2 1 2 1 1
-4160.6 -881.3 -144.4 158 0 7.6 18.5 7.5 2.5 2 1 3 3 3
-4105.4 -826.5 -155.0 346 0 8.6 8.0 10.0 2.5 2 0 4 4 4
-4111.9 -768.7 -169.4 297 0 12.1 10.1 7.5 2.5 2 0 3 3 3
-4157.4 -695.2 -196.3 79 0 9.0 8.2 7.5 2.5 2 0 3 4 4
-4074.7 -642.8 -194.5 237 0 9.3 8.0 7.5 2.5 2 0 3 3 3
-3980.4 -480.0 -257.8 274 0 7.8 6.2 7.5 0.0 0 0 3 3 3
-3991.7 -481.3 -259.1 183 0 8.3 6.5 5.0 2.5 2 0 2 2 2
-4021.3 -532.7 -234.2 189 0 7.8 12.8 2.5 0.0 0 1 1 1 1
-4019.2 -592.5 -211.2 13 0 8.1 13.0 10.0 2.5 2 1 4 1 1
-3882.9 -641.2 -217.8 24 0 7.2 16.4 5.0 2.5 2 1 2 3 3
-3893.3 -566.9 -238.5 92 0 6.7 10.8 2.5 0.0 0 1 1 4 4
-6111.2 2155.1 96.8 184 0 7.8 13.1 7.5 2.5 2 1 3 0 0
-6082.3 2171.5 92.0 257 0 15.1 8.9 7.5 2.5 4 0 3 4 4
-6048.2 2233.0 78.0 276 0 10.6 9.8 5.0 2.5 2 0 2 3 3
-6094.4 1918.6 91.1 239 0 7.4 10.3 7.5 2.5 4 1 3 5 5
-6074.4 1910.7 86.7 324 0 14.1 13.5 10.0 2.5 2 0 4 1 1
-6035.6 2025.0 84.8 176 0 17.4 15.3 12.5 2.5 2 0 5 5 5
-5978.4 2010.1 76.6 354 0 11.1 7.1 5.0 2.5 2 0 2 4 4
-6107.5 1447.1 175.2 73 0 6.8 6.7 7.5 2.5 2 0 3 2 2
-6010.8 1176.7 147.5 179 0 10.8 8.3 7.5 2.5 2 0 3 3 3
-6074.9 1096.7 152.4 331 0 9.7 9.7 5.0 2.5 2 0 2 4 4
-6131.4 1151.7 162.5 236 0 15.2 9.1 5.0 2.5 2 0 2 4 4
-6209.5 1519.1 203.3 230 0 8.4 14.6 7.5 0.0 0 1 3 2 2
-6332.5 1405.3 227.2 154 0 12.8 15.1 10.0 2.5 2 1 4 0 0
-6298.7 1471.7 239.5 21 0 14.3 9.7 5.0 0.0 0 0 2 0 0
-6634.4 1484.2 266.0 282 0 10.2 6.8 7.5 2.5 2 0 3 4 4
-6722.6 1474.4 262.8 354 0 6.9 9.9 2.5 2.5 2 1 1 3 3
-6756.5 1489.4 269.3 274 0 7.0 8.8 7.5 2.5 2 1 3 5 5
-6779.5 1325.9 257.0 150 0 7.3 9.6 7.5 2.5 2 1 3 2 2
-6789.6 1393.6 257.4 290 0 10.2 12.3 7.5 2.5 2 1 3 0 0
-6844.7 1418.0 276.2 188 0 15.2 12.5 7.5 2.5 2 0 3 4 4
-6845.0 1384.8 276.1 100 0 14.5 21.4 10.0 2.5 2 1 4 3 3
-6504.6 2041.3 203.1 30 0 12.7 7.3 2.5 2.5 2 0 1 5 5
-6525.9 2051.4 207.2 209 0 20.9 11.7 5.0 2.5 2 0 2 0 0
-6568.5 1984.7 227.0 38 0 8.5 10.7 5.0 2.5 2 1 2 1 1
-6595.4 1892.3 234.5 119 0 12.4 15.1 7.5 0.0 0 1 3 5 5
-6564.8 1883.4 235.5 106 0 7.5 6.3 7.5 2.5 2 0 3 5 5
-6555.0 1873.1 235.1 102 0 6.2 12.3 7.5 2.5 2 1 3 4 4
-6487.5 1895.1 220.8 314 0 9.8 12.4 5.0 2.5 2 1 2 2 2
-6451.3 1854.6 222.4 59 0 14.6 17.4 12.5 2.5 2 1 5 3 3
-6738.7 1924.6 265.4 334 0 12.9 10.2 5.0 2.5 2 0 2 4 4
-6660.2 1882.8 252.3 298 0 8.2 7.2 5.0 2.5 2 0 2 0 0
-6622.6 1866.6 249.6 293 0 19.3 9.6 5.0 2.5 2 0 2 4 4
-6541.2 1842.1 245.5 282 0 14.1 8.7 7.5 2.5 2 0 3 4 4
-6516.5 1827.4 244.4 208 0 12.3 12.6 5.0 2.5 2 1 2 0 0
-6508.8 1732.3 274.6 130 0 13.1 8.1 5.0 2.5 2 0 2 1 1
-6455.8 1763.0 247.3 321 0 9.0 9.0 7.5 2.5 2 0 3 3 3
-6432.9 1737.7 241.5 319 0 9.6 6.3 5.0 2.5 2 0 2 5 5
-6418.5 1692.5 246.0 342 0 6.1 6.5 7.5 2.5 2 1 3 5 5
-6409.9 1675.0 246.3 341 0 6.1 7.1 5.0 2.5 2 1 2 5 5
-6434.8 1632.3 267.7 165 0 15.0 8.7 7.5 2.5 2 0 3 5 5
-5593.5 -587.2 -73.2 134 0 14.7 9.9 10.0 2.5 2 0 4 0 0
-5576.1 -573.9 -73.8 312 0 9.7 7.0 7.5 0.0 0 0 3 5 5
-5570.9 -609.3 -77.7 88 0 10.6 13.7 5.0 2.5 2 1 2 5 5
-5278.0 -1048.2 -73.6 50 0 6.6 13.3 7.5 2.5 2 1 3 4 4
-5509.4 -1168.1 -47.5 290 0 6.3 7.7 7.5 2.5 2 1 3 4 4
-5523.4 -1102.1 -48.0 325 0 13.7 9.7 5.0 2.5 2 0 2 2 2
-5795.5 -819.0 -55.4 15 0 9.1 11.0 7.5 2.5 2 1 3 4 4
-5534.0 -859.7 -79.7 231 0 11.4 6.3 7.5 2.5 2 0 3 0 0
-5691.5 -1029.0 -56.8 330 0 12.3 9.0 7.5 2.5 2 0 3 2 2
-5602.7 -1063.1 -44.4 91 0 11.6 7.9 10.0 2.5 2 0 4 4 4
-5770.5 -1186.1 -20.8 153 0 12.9 9.0 7.5 2.5 2 0 3 0 0
-5771.0 -1232.0 -14.2 273 0 12.4 8.7 7.5 2.5 2 0 3 3 3
-5671.8 -1288.5 -17.5 186 0 8.7 13.2 5.0 2.5 4 1 2 3 3
-5460.5 -1286.9 -52.9 181 0 7.3 11.5 7.5 2.5 2 1 3 4 4
-5207.0 -1202.2 -90.0 46 0 18.2 11.7 2.5 2.5 2 0 1 3 3
-5203.2 -1240.4 -91.1 355 0 13.7 8.3 5.0 2.5 2 0 2 4 4
-5593.5 -295.3 -65.6 307 0 8.1 9.0 2.5 2.5 2 1 1 5 5
-5493.1 -338.3 -81.3 202 0 11.5 10.7 2.5 2.5 2 0 1 2 2
-5257.2 -141.2 -96.3 181 0 7.1 8.8 5.0 2.5 4 1 2 3 3
-5325.9 -305.5 -96.6 3 0 14.5 15.7 2.5 2.5 2 1 1 2 2
-5315.2 -337.0 -93.3 179 0 12.0 11.3 5.0 2.5 2 0 2 2 2
-5310.7 -354.8 -91.8 185 0 10.0 6.2 7.5 2.5 2 0 3 2 2
-5328.7 -425.0 -85.8 211 0 6.7 10.2 7.5 0.0 0 1 3 1 1
-5336.2 -482.1 -83.4 190 0 14.1 7.1 7.5 0.0 0 0 3 0 0
-5323.5 -487.3 -82.5 188 0 12.7 7.1 7.5 2.5 2 0 3 5 5
-5302.4 -599.2 -93.3 51 0 9.3 15.0 5.0 2.5 2 1 2 4 4
-5275.6 -582.6 -89.3 335 0 10.8 7.7 7.5 2.5 2 0 3 5 5
-5293.2 -590.7 -90.9 154 0 11.1 8.7 7.5 2.5 2 0 3 2 2
-5303.5 -562.5 -88.1 220 0 10.6 19.5 5.0 2.5 2 1 2 5 5
-5321.7 -534.4 -85.1 227 0 6.8 15.6 7.5 2.5 2 1 3 4 4
-5293.0 -543.6 -84.1 311 0 19.6 8.6 7.5 2.5 2 0 3 2 2
-5270.8 -538.6 -81.9 322 0 24.5 10.0 5.0 0.0 0 0 2 0 0
-5140.4 -634.3 -118.4 36 0 7.5 6.8 7.5 2.5 2 0 3 5 5
-5193.6 -656.8 -107.5 61 0 9.1 9.3 7.5 2.5 2 1 3 3 3
-5277.8 -649.7 -100.1 119 0 13.7 10.7 5.0 2.5 2 0 2 4 4
-5347.2 -610.2 -99.0 198 0 9.5 8.4 7.5 2.5 2 0 3 1 1
-5387.2 -684.1 -104.0 243 0 7.2 8.1 7.5 2.5 2 1 3 4 4
-5467.9 -627.5 -96.6 246 0 8.4 11.3 7.5 2.5 2 1 3 0 0
-5477.6 -627.6 -94.5 247 0 7.2 9.7 7.5 2.5 2 1 3 5 5
-5520.4 -603.5 -84.1 86 0 9.2 12.5 2.5 0.0 0 1 1 2 2
-4909.0 -669.4 -118.9 261 0 7.8 7.6 5.0 2.5 2 0 2 5 5
-5083.6 -1180.2 -104.4 139 0 7.9 8.0 10.0 2.5 2 1 4 4 4
-5148.7 -1064.5 -100.9 282 0 9.5 14.5 5.0 2.5 2 1 2 0 0
-5267.8 -837.2 -88.1 291 0 11.7 18.6 5.0 2.5 2 1 2 2 2
-5544.0 -733.0 -88.5 1 0 12.8 9.0 5.0 2.5 2 0 2 3 3
-5823.7 -324.1 -31.8 313 0 9.1 8.3 7.5 2.5 2 0 3 0 0
-5404.1 -447.6 -82.3 120 0 13.9 9.2 5.0 2.5 4 0 2 1 1
-5422.0 -416.6 -84.0 204 0 9.9 9.5 7.5 2.5 2 0 3 4 4
-5222.9 1620.6 -78.5 214 0 9.8 8.9 7.5 2.5 2 0 3 0 0
-5188.3 1772.7 -72.1 303 0 6.7 8.7 7.5 2.5 2 1 3 2 2
-5215.5 1733.9 -69.5 3 0 8.8 8.7 7.5 2.5 2 0 3 2 2
-5277.9 1754.9 -64.9 179 0 9.5 11.5 7.5 2.5 2 1 3 1 1
-5452.8 1846.5 -46.0 358 0 10.5 8.1 7.5 2.5 2 0 3 4 4
-5602.0 1902.8 -7.3 284 0 7.9 7.8 5.0 2.5 2 0 2 2 2
-5186.0 2132.0 -59.7 343 0 6.9 10.0 5.0 2.5 2 1 2 2 2
-5155.8 2250.2 -73.0 176 0 14.4 9.6 5.0 2.5 2 0 2 2 2
-5141.5 2285.4 -75.0 16 0 17.7 10.3 7.5 2.5 2 0 3 0 0
-5138.8 2201.6 -72.1 180 0 6.1 6.6 10.0 2.5 2 1 4 5 5
-5025.7 2135.9 -74.8 39 0 11.1 15.6 7.5 2.5 2 1 3 0 0
-5017.5 2168.6 -78.2 302 0 12.5 13.5 7.5 2.5 2 1 3 4 4
-4988.8 2054.7 -74.8 160 0 8.2 15.9 7.5 2.5 2 1 3 1 1
-5050.3 1128.1 -123.1 90 0 8.2 8.0 7.5 2.5 2 0 3 4 4
-4824.2 1121.5 -126.3 336 0 8.4 8.4 7.5 2.5 2 1 3 5 5
-4857.7 1110.4 -127.3 59 0 10.1 6.8 7.5 2.5 4 0 3 1 1
-4875.3 1149.6 -123.2 142 0 8.7 14.8 5.0 2.5 2 1 2 5 5
-4898.4 1919.1 -68.1 202 0 8.8 9.1 10.0 2.5 2 1 4 3 3
-4893.5 2075.2 -70.8 189 0 9.0 9.5 10.0 2.5 2 1 4 2 2
-4924.8 2262.3 -78.3 189 0 9.6 8.8 7.5 0.0 0 0 3 1 1
