-6862.0 6798.8 -1.7 76 0 17.5 13.3 17.5 3.5 2 0 5 4 4
-6907.5 6650.7 -6.3 274 0 16.2 43.9 14.0 0.0 0 1 4 5 5
-6480.6 6915.1 -6.8 259 0 8.7 11.9 14.0 3.5 2 1 4 5 5
-6509.5 6871.6 -6.4 252 0 15.0 9.6 14.0 3.5 2 0 4 4 4
-6749.8 -4266.0 -9.4 102 0 38.8 54.0 14.0 0.0 0 1 4 4 4
-6569.5 3803.6 -4.1 271 0 12.9 23.1 10.0 2.5 2 1 4 1 1
-6564.5 3579.4 -8.6 359 0 31.2 24.1 10.0 0.0 0 0 4 3 3
-6563.8 3640.2 -8.6 360 0 61.4 25.1 10.0 2.5 2 0 4 1 1
-5495.8 268.0 -2.9 184 0 96.2 34.3 10.0 0.0 0 0 4 2 2
-5459.7 383.9 -3.9 289 0 33.2 45.4 12.5 0.0 0 1 5 3 3
-5524.2 208.0 -1.3 272 0 74.4 121.1 15.0 0.0 0 1 6 3 3
-6903.2 -4297.5 -4.3 192 0 13.8 10.8 7.5 2.5 2 0 3 0 0
-6290.6 1301.4 -3.3 89 0 14.6 19.9 7.5 2.5 2 1 3 3 3
-6641.0 5690.3 -7.9 174 0 12.3 14.8 3.5 3.5 2 1 1 2 2
-6162.1 3255.2 -0.4 81 0 18.9 28.8 10.0 2.5 2 1 4 5 5
-6902.5 5709.2 -5.3 166 0 17.1 18.1 15.0 0.0 0 1 6 5 5
-5959.8 2187.1 -3.6 75 0 6.7 58.5 10.0 2.5 2 1 4 3 3
-6734.8 5342.6 -8.9 80 0 20.3 33.7 14.0 3.5 2 1 4 5 5
-6839.1 6281.4 -9.0 161 0 22.2 18.0 17.5 0.0 0 0 5 1 1
-6821.8 6331.7 -10.0 347 0 21.5 18.7 17.5 3.5 2 0 5 3 3
-6907.9 6317.3 -8.7 159 0 11.2 22.8 14.0 0.0 0 1 4 1 1
-5943.6 1227.4 -0.5 272 0 14.8 10.1 5.0 2.5 2 0 2 4 4
-5957.8 1201.8 -0.3 187 0 13.2 11.3 5.0 2.5 2 0 2 4 4
-5936.6 1176.9 -0.3 15 0 10.6 14.7 7.5 2.5 2 1 3 0 0
-5976.6 1073.9 -0.4 211 0 10.7 14.8 7.5 2.5 4 1 3 3 3
-5937.4 1033.2 -1.1 110 0 8.8 18.4 2.5 2.5 2 1 1 4 4
-5742.2 1418.6 -2.5 270 0 7.7 13.7 2.5 2.5 2 1 1 4 4
-5740.6 1392.0 -2.5 352 0 8.7 12.9 7.5 0.0 0 1 3 5 5
-5736.8 1371.0 -2.4 359 0 11.6 14.7 7.5 2.5 2 1 3 0 0
-5794.2 1355.6 -2.0 90 0 14.5 13.4 7.5 2.5 2 0 3 0 0
-5802.8 1236.3 -1.2 91 0 6.5 8.0 7.5 2.5 2 1 3 5 5
-5735.7 1321.2 -1.8 345 0 8.8 11.0 10.0 2.5 2 1 4 3 3
-5731.7 1292.7 -1.4 5 0 10.8 19.5 5.0 2.5 2 1 2 1 1
-5746.6 1230.9 -1.9 93 0 19.5 7.8 5.0 2.5 2 0 2 3 3
-5866.9 1168.5 -1.2 0 0 8.3 8.5 7.5 0.0 0 1 3 1 1
-5873.9 1104.0 -1.4 5 0 9.3 17.1 7.5 2.5 2 1 3 0 0
-5878.3 1003.0 -4.8 254 0 9.4 14.2 7.5 2.5 2 1 3 2 2
-5834.2 1093.9 -2.1 184 0 8.0 7.6 5.0 2.5 2 0 2 3 3
-5838.7 1191.1 -1.5 179 0 11.2 13.6 7.5 2.5 4 1 3 2 2
-5756.0 1054.7 -5.9 352 0 7.6 6.5 10.0 2.5 2 0 4 1 1
-5768.5 1050.0 -5.5 358 0 6.5 9.1 7.5 2.5 2 1 3 3 3
-5807.8 1174.0 -1.9 187 0 9.3 11.1 5.0 0.0 0 1 2 2 2
-5811.0 1214.9 -1.5 184 0 12.5 8.3 5.0 0.0 0 0 2 2 2
-5773.3 1215.4 -1.8 280 0 9.4 8.4 5.0 2.5 2 0 2 3 3
-5761.1 1213.3 -2.0 273 0 7.1 9.8 5.0 2.5 2 1 2 2 2
-5742.3 1171.3 -2.6 337 0 11.3 11.6 7.5 2.5 2 1 3 3 3
-5739.4 1131.4 -3.0 358 0 10.1 16.6 10.0 2.5 4 1 4 2 2
-5716.1 1106.0 -3.7 187 0 7.5 7.4 7.5 2.5 4 0 3 0 0
-5703.5 1093.6 -3.8 180 0 6.8 10.0 5.0 2.5 2 1 2 3 3
-5727.7 1046.2 -6.2 180 0 7.7 12.4 7.5 2.5 2 1 3 0 0
-5724.5 1083.8 -4.7 180 0 6.8 10.0 7.5 2.5 2 1 3 5 5
-5577.7 1049.8 -3.6 97 0 9.8 11.2 7.5 2.5 2 1 3 4 4
-5654.2 1062.3 -3.7 99 0 10.3 9.3 10.0 2.5 2 0 4 0 0
-5655.2 1034.8 -4.6 92 0 9.4 12.0 7.5 2.5 2 1 3 2 2
-5595.2 1133.8 -1.4 353 0 6.9 14.5 2.5 2.5 2 1 1 1 1
-5598.5 1101.9 -2.2 2 0 7.7 12.3 7.5 2.5 2 1 3 5 5
-5598.9 1085.8 -2.6 12 0 7.5 8.2 10.0 2.5 2 1 4 0 0
-5603.7 1065.3 -3.2 3 0 6.2 8.3 7.5 2.5 2 1 3 5 5
-5625.3 1120.5 -1.8 7 0 10.8 9.5 10.0 2.5 4 0 4 0 0
-5673.7 1090.5 -3.4 185 0 12.5 16.4 7.5 2.5 2 1 3 0 0
-5713.4 1127.3 -3.3 175 0 15.0 13.0 10.0 2.5 2 0 4 1 1
-5675.2 1133.5 -2.4 270 0 12.4 9.5 7.5 2.5 2 0 3 1 1
-5659.8 1200.8 -1.0 263 0 12.7 15.5 7.5 0.0 0 1 3 0 0
-5603.7 1165.3 -0.6 355 0 13.1 10.5 7.5 2.5 2 0 3 4 4
-5715.4 1314.0 -1.6 167 0 7.9 12.2 7.5 2.5 2 1 3 1 1
-5713.1 1257.6 -1.9 176 0 8.9 13.1 5.0 2.5 4 1 2 1 1
-5593.0 1275.3 -0.5 265 0 9.6 10.7 7.5 2.5 2 1 3 1 1
-5577.6 1234.9 -0.0 91 0 11.8 16.9 2.5 2.5 2 1 1 3 3
-5522.4 1205.0 -1.5 353 0 10.1 10.4 7.5 2.5 2 1 3 5 5
-5551.2 1055.7 -3.5 7 0 12.0 9.5 10.0 2.5 2 0 4 0 0
-5572.1 1085.4 -2.9 178 0 10.7 10.6 7.5 2.5 2 0 3 4 4
-5574.8 1130.5 -1.6 164 0 10.0 14.0 5.0 2.5 2 1 2 1 1
-5572.6 1208.3 -0.4 353 0 9.6 14.3 5.0 2.5 4 1 2 3 3
-5422.8 1208.9 -8.0 355 0 13.6 10.1 7.5 2.5 2 0 3 5 5
-5493.7 1175.8 -2.7 169 0 16.5 13.5 5.0 2.5 2 0 2 2 2
-5456.0 1164.5 -3.3 75 0 10.9 10.4 2.5 2.5 2 0 1 2 2
-5491.6 1206.6 -2.3 253 0 14.2 11.5 2.5 2.5 2 0 1 1 1
