2189.7 -6760.8 -8.4 1 0 15.5 61.7 12.5 0.0 0 0 5 4 4
2030.8 -6872.0 -10.9 1 0 16.2 25.3 7.5 2.5 2 0 3 2 2
2471.1 -6797.7 -10.8 1 0 8.1 191.7 5.0 0.0 0 1 2 2 2
3491.7 -5449.6 -18.7 89 0 19.3 13.9 7.5 2.5 2 0 3 1 1
3508.2 -5426.9 -18.9 0 0 12.0 12.7 7.5 2.5 2 1 3 0 0
3487.1 -5411.2 -19.0 277 0 12.5 11.2 2.5 2.5 2 0 1 2 2
6290.0 -6702.4 -26.4 201 0 9.4 25.6 7.5 0.0 0 1 3 3 3
6300.7 -6743.2 -26.5 26 0 36.8 16.5 10.0 2.5 2 0 4 1 1
5995.8 -6548.1 -22.7 328 0 15.8 26.5 17.5 3.5 2 0 5 3 3
-6660.5 519.7 20.1 331 0 9.1 23.9 5.0 2.5 2 1 2 4 4
-6847.8 731.6 21.8 270 0 8.9 15.2 5.0 2.5 2 1 2 4 4
-6679.9 553.5 20.4 328 0 8.6 13.1 5.0 2.5 2 1 2 5 5
-6632.9 961.2 14.0 94 0 11.1 18.3 5.0 2.5 2 1 2 3 3
-6729.9 961.2 16.6 92 0 8.7 14.8 2.5 2.5 2 1 1 2 2
-6751.6 957.4 16.8 94 0 13.1 14.7 5.0 2.5 2 1 2 0 0
-6593.0 966.9 13.7 92 0 9.0 18.7 5.0 2.5 4 1 2 3 3
-6634.3 916.2 13.2 357 0 8.8 11.1 5.0 2.5 2 1 2 2 2
5948.5 -6219.6 -25.5 148 0 12.3 46.9 17.5 0.0 0 1 7 1 1
6730.9 -6901.6 -17.5 93 0 35.4 12.2 17.5 0.0 0 0 5 3 3
6663.8 -6859.2 -18.5 270 0 18.8 19.7 17.5 3.5 2 1 5 1 1
6546.7 -6859.3 -24.9 89 0 15.8 25.2 14.0 3.5 2 1 4 2 2
6860.2 -6842.1 -25.2 87 0 99.7 7.5 17.5 3.5 2 0 5 2 2
-1419.1 812.1 -22.0 147 0 7.9 14.1 7.5 2.5 4 1 3 2 2
1354.2 4968.4 -27.6 349 0 6.6 6.7 2.5 2.5 2 1 1 2 2
2617.9 -6737.0 -12.9 291 0 29.2 45.8 12.5 2.5 2 1 5 4 4
3405.8 -5255.7 -21.1 356 0 7.7 12.9 7.5 2.5 4 1 3 5 5
2593.8 -5870.9 -4.5 180 0 69.8 11.2 17.5 2.5 2 0 7 2 2
2598.0 -5823.4 1.8 178 0 9.8 28.0 10.0 2.5 2 1 4 4 4
2348.1 -6276.2 -5.3 276 0 10.2 12.4 5.0 0.0 0 1 2 0 0
2365.9 -6277.4 -5.6 275 0 9.7 10.1 7.5 0.0 0 1 3 4 4
2417.5 -6279.3 -6.3 281 0 9.5 9.8 7.5 2.5 2 1 3 1 1
2415.9 -6322.5 -4.3 100 0 9.1 8.3 7.5 2.5 2 0 3 0 0
2381.9 -6327.3 -3.7 97 0 9.2 9.3 7.5 2.5 2 1 3 1 1
2365.3 -6329.2 -3.3 95 0 9.5 9.4 5.0 2.5 2 0 2 5 5
5956.2 -6691.4 -22.4 107 0 11.3 28.4 17.5 0.0 0 1 5 3 3
5885.8 -6457.9 -23.9 241 0 14.0 14.4 14.0 3.5 2 1 4 3 3
5887.7 -6561.7 -23.3 243 0 6.8 19.6 17.5 3.5 2 1 5 4 4
5941.4 -6503.6 -23.2 225 0 12.8 14.0 17.5 3.5 4 1 5 1 1
5916.0 -6505.5 -23.4 52 0 10.1 15.3 14.0 3.5 2 1 4 5 5
5877.0 -6570.7 -23.3 240 0 15.3 16.9 17.5 3.5 4 1 5 3 3
5903.3 -6585.1 -23.1 235 0 7.0 16.3 17.5 0.0 0 1 5 5 5
5955.9 -6603.0 -22.7 54 0 14.3 7.8 17.5 3.5 2 0 5 5 5
5975.5 -6578.2 -22.6 58 0 9.6 15.4 17.5 3.5 2 1 5 3 3
5965.3 -6565.2 -22.8 58 0 10.7 15.5 17.5 3.5 2 1 5 3 3
5920.5 -6573.3 -23.0 146 0 8.7 27.7 17.5 3.5 2 1 5 0 0
5931.2 -6587.0 -22.9 146 0 19.0 28.7 17.5 3.5 2 1 5 0 0
5857.3 -6637.8 -23.3 179 0 13.1 6.5 17.5 3.5 4 0 5 2 2
5866.2 -6625.8 -23.3 182 0 21.8 9.6 17.5 3.5 2 0 5 1 1
5852.9 -6659.1 -23.3 155 0 9.1 12.1 17.5 3.5 2 1 5 3 3
5856.3 -6668.9 -23.2 153 0 8.2 15.8 17.5 3.5 4 1 5 5 5
-4726.4 -6501.7 -12.9 2 0 7.7 12.2 5.0 2.5 2 1 2 1 1
-4867.3 -6388.3 -11.9 351 0 11.3 6.7 5.0 2.5 4 0 2 2 2
-4918.8 -6577.4 -8.5 162 0 6.7 10.8 7.5 2.5 2 1 3 5 5
-4842.1 -6521.7 -10.0 168 0 12.4 8.7 7.5 2.5 2 0 3 4 4
-4832.6 -6459.8 -10.1 351 0 8.9 17.9 10.0 2.5 2 1 4 2 2
-4925.4 -6334.7 -13.9 90 0 9.5 12.4 5.0 2.5 2 1 2 3 3
-4960.1 -6343.2 -14.4 99 0 6.7 10.2 7.5 2.5 4 1 3 4 4
3096.6 -6185.0 -18.1 266 0 8.0 8.5 5.0 2.5 2 1 2 4 4
3099.2 -6198.3 -18.5 274 0 8.9 8.9 7.5 2.5 2 1 3 2 2
3100.1 -6218.8 -18.9 358 0 10.0 7.4 7.5 2.5 2 0 3 3 3
3102.7 -6234.8 -19.1 0 0 10.1 9.1 7.5 2.5 2 0 3 5 5
3102.4 -6249.6 -19.2 0 0 10.7 8.3 10.0 2.5 2 0 4 4 4
3101.6 -6264.4 -19.4 353 0 9.2 7.4 7.5 2.5 2 0 3 2 2
3079.7 -6184.2 -17.9 268 0 9.4 9.5 2.5 2.5 2 1 1 2 2
3075.0 -6205.3 -18.5 180 0 9.8 10.0 7.5 2.5 2 1 3 5 5
3075.7 -6219.2 -19.0 182 0 10.4 8.6 10.0 2.5 2 0 4 3 3
3075.8 -6235.0 -19.3 176 0 9.8 8.6 7.5 2.5 2 0 3 2 2
3077.0 -6265.1 -19.6 180 0 10.7 8.5 10.0 2.5 4 0 4 2 2
3101.9 -6279.9 -19.7 358 0 10.7 9.1 7.5 2.5 2 0 3 2 2
3077.4 -6295.8 -20.0 178 0 10.9 8.3 10.0 2.5 2 0 4 1 1
3102.8 -6294.8 -19.8 358 0 9.5 9.1 7.5 2.5 2 0 3 0 0
3105.0 -6308.7 -20.0 0 0 11.3 10.6 7.5 0.0 0 0 3 5 5
3104.0 -6325.0 -20.1 358 0 10.7 9.4 7.5 2.5 2 0 3 1 1
3103.1 -6340.6 -20.1 358 0 11.0 8.0 7.5 2.5 2 0 3 2 2
3105.0 -6370.3 -19.7 356 0 11.6 9.2 5.0 2.5 4 0 2 0 0
3077.2 -6310.7 -20.1 175 0 10.3 7.4 7.5 2.5 2 0 3 5 5
3077.7 -6326.1 -20.0 178 0 9.2 7.7 2.5 2.5 2 0 1 4 4
3078.9 -6341.1 -19.8 178 0 11.3 8.0 7.5 2.5 2 0 3 5 5
3079.2 -6355.5 -19.5 178 0 9.8 7.4 10.0 2.5 2 0 4 1 1
3084.0 -6390.0 -19.5 83 0 9.2 9.2 7.5 2.5 2 0 3 1 1
3100.4 -6421.4 -19.8 268 0 8.0 9.5 5.0 2.5 2 1 2 1 1
3102.0 -6435.6 -19.8 268 0 8.3 10.7 5.0 2.5 4 1 2 5 5
3077.8 -6442.9 -19.2 178 0 11.3 10.0 7.5 2.5 2 0 3 3 3
3078.5 -6458.3 -19.1 180 0 11.9 9.4 5.0 2.5 2 0 2 2 2
3082.3 -6481.3 -19.1 88 0 8.9 12.8 7.5 2.5 2 1 3 5 5
3526.5 -6649.6 -16.6 88 0 11.2 35.9 7.5 2.5 2 1 3 4 4
3375.3 -6872.2 -11.0 184 0 25.3 10.9 10.0 2.5 2 0 4 4 4
2755.4 -6092.6 -13.1 182 0 11.3 9.7 10.0 2.5 2 0 4 4 4
2755.5 -6109.1 -13.3 178 0 10.5 9.4 2.5 2.5 2 0 1 2 2
2796.4 -6079.3 -13.0 358 0 9.5 6.8 10.0 0.0 0 0 4 0 0
2799.1 -6110.3 -13.5 358 0 9.8 8.9 5.0 2.5 2 0 2 1 1
2799.4 -6124.8 -13.7 356 0 10.4 8.3 7.5 2.5 2 0 3 2 2
2784.2 -6094.8 -13.1 0 0 9.2 9.7 2.5 2.5 2 1 1 1 1
2784.7 -6110.6 -13.3 2 0 11.6 9.4 2.5 2.5 2 0 1 2 2
2780.3 -6130.4 -13.5 88 0 10.6 9.2 5.0 0.0 0 0 2 1 1
2757.3 -6123.8 -13.4 180 0 11.3 7.1 7.5 2.5 2 0 3 2 2
2741.0 -6076.7 -12.5 182 0 9.8 8.9 7.5 2.5 2 0 3 0 0
2739.5 -6091.9 -13.1 178 0 10.3 9.4 7.5 2.5 2 0 3 5 5
2740.2 -6124.8 -13.8 177 0 10.9 10.0 5.0 2.5 2 0 2 4 4
1736.0 -6731.2 -1.9 186 0 12.6 8.0 7.5 2.5 2 0 3 1 1
1735.3 -6695.3 -0.9 184 0 22.5 11.5 10.0 2.5 2 0 4 2 2
-5441.1 4344.4 -5.6 100 0 7.2 12.8 5.0 2.5 2 1 2 0 0
