-494.8 -1134.1 13.1 309 0 10.9 12.6 2.5 2.5 2 0 1 2 2
2458.6 -2060.6 -4.6 251 0 19.0 16.5 10.0 2.5 2 0 4 2 2
2417.9 -2071.3 -4.5 257 0 21.5 11.3 5.0 2.5 2 0 2 4 4
2407.2 -2051.1 -4.9 88 0 11.5 19.1 7.5 2.5 2 1 3 5 5
2420.3 -2046.5 -4.9 88 0 10.0 18.3 2.5 2.5 2 1 1 3 3
2433.0 -2051.1 -4.8 87 0 10.3 19.2 2.5 0.0 0 1 1 5 5
2451.3 -2044.3 -5.7 85 0 17.5 24.4 10.0 2.5 2 1 4 0 0
3603.2 -2305.9 -11.8 234 0 8.2 48.3 10.5 0.0 0 1 3 2 2
2978.4 -4036.4 -9.2 327 0 7.0 35.2 10.0 0.0 0 1 4 5 5
1405.8 -2793.3 -5.4 252 0 8.1 8.0 5.0 2.5 2 0 2 4 4
1390.4 -2788.3 -5.2 264 0 8.6 8.4 2.5 2.5 2 0 1 3 3
1372.7 -2786.2 -4.9 260 0 8.4 8.7 10.0 2.5 2 1 4 2 2
1360.9 -2788.0 -4.7 317 0 8.5 8.1 7.5 2.5 2 0 3 5 5
1339.8 -2755.1 -4.4 295 0 8.1 8.1 7.5 2.5 2 0 3 5 5
1349.0 -2758.7 -4.6 293 0 8.6 8.4 10.0 0.0 0 0 4 3 3
1523.4 -2613.1 -4.1 131 0 7.3 7.6 7.5 2.5 2 1 3 4 4
1667.7 -2489.7 -3.9 269 0 11.0 15.2 10.0 2.5 2 1 4 0 0
1634.0 -2508.0 -3.7 172 0 9.9 14.7 7.5 2.5 2 1 3 4 4
1566.1 -2478.3 -2.6 245 0 12.7 13.6 7.5 2.5 2 1 3 0 0
3524.4 -1930.1 -9.2 11 0 6.3 35.5 10.0 0.0 0 1 4 1 1
1695.0 -2098.1 -5.3 1 0 13.6 12.8 5.0 2.5 2 0 2 5 5
1676.6 -2125.0 -5.9 50 0 12.9 12.7 7.5 2.5 2 0 3 5 5
1626.8 -2095.9 -4.9 182 0 13.5 13.0 7.5 2.5 4 0 3 2 2
1677.6 -2051.0 -4.3 277 0 6.8 25.2 7.5 2.5 2 1 3 1 1
1627.2 -2027.8 -3.7 181 0 22.0 9.6 7.5 2.5 2 0 3 5 5
1519.5 -3136.9 -11.2 158 0 16.6 9.2 10.0 2.5 4 0 4 0 0
1606.0 -3347.2 -8.0 187 0 7.5 15.2 7.5 2.5 4 1 3 3 3
1917.4 -2745.2 -15.1 360 0 9.2 11.3 7.5 2.5 2 1 3 0 0
1843.2 -2472.3 -4.6 270 0 9.7 15.8 7.5 2.5 2 1 3 5 5
1873.5 -2511.3 -5.0 13 0 7.8 10.2 7.5 2.5 2 1 3 5 5
1877.9 -2474.2 -4.4 4 0 10.1 18.4 7.5 2.5 4 1 3 0 0
1834.9 -2559.6 -4.6 349 0 11.2 6.8 10.0 2.5 2 0 4 3 3
1842.8 -2588.2 -4.6 351 0 7.0 8.2 5.0 2.5 2 1 2 1 1
1841.1 -2633.8 -4.7 341 0 9.2 15.5 7.5 0.0 0 1 3 5 5
1875.9 -2630.7 -5.4 150 0 13.3 8.6 7.5 2.5 2 0 3 2 2
1881.2 -2669.5 -5.6 74 0 8.5 7.8 7.5 2.5 2 0 3 0 0
1855.2 -2569.2 -5.0 169 0 16.4 8.1 7.5 2.5 2 0 3 0 0
1917.4 -1987.7 -6.7 95 0 14.6 18.0 7.5 2.5 2 1 3 2 2
2545.2 -2318.1 -8.7 93 0 11.7 17.5 12.5 2.5 2 1 5 0 0
2496.5 -2327.2 -15.0 257 0 23.1 16.7 12.5 2.5 2 0 5 2 2
2465.5 -2375.8 -19.7 102 0 11.0 22.8 12.5 0.0 0 1 5 2 2
2481.3 -2340.0 -16.0 260 0 8.5 12.4 5.0 0.0 0 1 2 2 2
2479.4 -2326.5 -13.1 260 0 7.7 12.1 7.5 2.5 2 1 3 3 3
1889.0 -2508.9 -5.1 170 0 8.0 7.3 5.0 0.0 0 0 2 1 1
1891.1 -2486.8 -4.6 180 0 9.3 10.9 10.0 2.5 2 1 4 1 1
1892.1 -2497.5 -4.9 175 0 6.5 9.3 5.0 2.5 2 1 2 4 4
1872.3 -2462.3 -4.1 358 0 7.1 8.7 7.5 2.5 2 1 3 3 3
1871.4 -2413.8 -3.8 9 0 8.8 6.2 7.5 2.5 2 0 3 4 4
1873.9 -2397.2 -3.7 9 0 8.8 6.2 5.0 2.5 2 0 2 5 5
1875.9 -2378.6 -4.0 349 0 8.8 6.2 5.0 2.5 2 0 2 1 1
1877.8 -2363.4 -4.2 358 0 7.4 8.1 7.5 2.5 2 1 3 1 1
2639.2 -2331.8 -9.5 98 0 10.0 21.0 17.5 0.0 0 1 7 1 1
2760.5 2569.1 5.4 184 0 6.8 7.4 7.5 2.5 2 1 3 0 0
2033.4 -2576.5 -7.4 238 0 8.4 11.7 5.0 2.5 2 1 2 4 4
1980.2 -2639.8 -9.9 239 0 6.6 6.0 5.0 2.5 4 0 2 3 3
2065.5 -2541.1 -6.2 60 0 6.1 34.4 7.5 0.0 0 1 3 4 4
2082.8 -2501.1 -5.6 334 0 8.6 7.1 7.5 2.5 2 0 3 5 5
2058.5 -2481.4 -5.0 245 0 13.5 8.8 5.0 2.5 4 0 2 1 1
2013.9 -2533.9 -5.7 153 0 7.8 15.7 5.0 2.5 2 1 2 3 3
2330.0 -2371.5 -25.7 254 0 8.2 47.5 10.0 2.5 2 1 4 4 4
2301.0 -2362.3 -1.1 86 0 9.2 15.7 2.5 2.5 2 1 1 1 1
2268.5 -2352.2 -2.2 178 0 16.2 13.3 7.5 2.5 2 0 3 1 1
2317.2 -2366.0 -0.3 83 0 12.3 6.8 10.0 0.0 0 0 4 3 3
2334.6 -2351.0 -0.1 81 0 13.0 7.5 7.5 2.5 2 0 3 5 5
2555.7 -2253.8 -0.2 29 0 8.3 17.7 2.5 2.5 2 1 1 2 2
2539.7 -2266.1 -0.2 67 0 12.7 8.6 2.5 2.5 2 0 1 3 3
2721.9 -2285.0 0.3 274 0 10.4 35.6 7.5 0.0 0 1 3 2 2
2779.5 -2377.2 -11.9 111 0 18.0 65.1 12.5 0.0 0 1 5 5 5
2717.6 -2374.4 -1.3 109 0 15.0 46.0 12.5 2.5 4 1 5 0 0
2691.5 -2323.9 -4.3 101 0 18.0 10.9 5.0 2.5 2 0 2 3 3
1492.5 -3104.4 -9.5 148 0 8.7 9.7 7.5 2.5 2 1 3 2 2
1564.0 -3327.2 -6.2 195 0 7.9 8.2 7.5 0.0 0 1 3 5 5
177.4 -2511.2 15.0 224 0 9.2 9.9 5.0 0.0 0 1 2 4 4
139.4 -2543.0 15.2 234 0 7.0 13.4 7.5 2.5 2 1 3 1 1
79.7 -2600.5 16.2 146 0 10.3 7.1 7.5 2.5 2 0 3 0 0
1127.9 -4478.1 -5.5 86 0 15.1 9.6 2.5 2.5 2 0 1 3 3
3167.3 -2816.3 -13.1 15 0 10.3 16.6 5.0 2.5 2 1 2 2 2
3135.5 -2899.1 -12.6 181 0 12.0 17.4 10.0 2.5 2 1 4 4 4
3101.0 -3336.8 -11.2 91 0 14.3 9.3 7.5 2.5 2 0 3 2 2
1632.2 -1898.0 -5.2 359 0 7.7 7.7 2.5 2.5 2 1 1 5 5
2238.9 -2319.5 -4.6 341 0 13.2 9.1 5.0 0.0 0 0 2 3 3
2121.7 -2498.6 -7.3 338 0 21.7 10.0 7.5 2.5 2 0 3 5 5
2127.9 -2422.7 -5.9 356 0 9.5 9.1 10.0 2.5 2 0 4 2 2
1911.3 -2538.4 -5.6 242 0 8.6 11.9 2.5 2.5 4 1 1 3 3
1909.3 -2523.7 -5.3 77 0 6.7 10.7 5.0 2.5 2 1 2 2 2
2525.3 -2207.7 -1.4 321 0 10.3 17.2 7.5 2.5 2 1 3 1 1
2646.3 -2236.0 -0.2 103 0 11.3 40.7 5.0 2.5 2 1 2 3 3
1688.0 -2014.5 -3.4 5 0 9.7 10.4 10.0 2.5 2 1 4 3 3
1660.0 -2026.7 -3.5 89 0 8.8 10.6 7.5 2.5 2 1 3 0 0
1632.4 -1954.2 -4.5 260 0 10.2 9.3 5.0 2.5 2 0 2 1 1
1748.2 -1919.4 -3.7 86 0 11.2 8.3 5.0 2.5 2 0 2 3 3
1696.9 -1873.1 -4.8 345 0 9.8 10.7 5.0 2.5 2 1 2 4 4
1648.9 -1918.1 -4.7 156 0 7.8 7.4 5.0 2.5 2 0 2 2 2
-2178.8 1935.2 24.1 265 0 21.0 8.0 5.0 2.5 2 0 2 4 4
1674.9 -1663.0 -4.1 270 0 8.6 24.4 5.0 2.5 2 1 2 2 2
1626.8 -1697.8 -3.4 176 0 8.2 11.6 2.5 2.5 2 1 1 5 5
5587.6 1680.4 11.5 322 0 8.4 16.0 10.0 0.0 0 1 4 2 2
5585.0 1755.7 13.7 151 0 19.0 19.1 7.5 2.5 2 1 3 0 0
5635.8 1716.6 10.8 158 0 11.7 17.5 5.0 0.0 0 1 2 5 5
5656.1 1792.2 10.4 266 0 16.3 14.0 7.5 2.5 2 0 3 3 3
5578.1 1810.5 14.0 237 0 17.7 11.5 5.0 2.5 2 0 2 2 2
5567.5 1831.7 14.3 239 0 25.4 9.8 10.0 2.5 2 0 4 0 0
5918.4 296.1 1.2 266 0 15.4 10.4 7.5 2.5 2 0 3 4 4
6084.4 300.0 -1.2 158 0 10.2 7.1 7.5 2.5 2 0 3 5 5
6004.9 434.2 2.9 272 0 12.8 24.1 10.0 2.5 2 1 4 5 5
3630.0 -2379.4 -11.1 181 0 13.0 16.8 10.5 3.5 2 1 3 0 0
