-3413.0 2675.1 -8.0 292 0 38.5 9.2 10.0 2.5 2 0 4 3 3
-2873.0 -89.8 -5.8 244 0 13.1 14.4 7.5 2.5 2 1 3 1 1
-3359.6 2622.5 -6.5 111 0 11.1 19.6 2.5 2.5 2 0 1 2 2
-3376.7 2633.5 -6.9 113 0 7.3 16.2 5.0 2.5 2 0 2 3 3
-3387.7 2634.4 -6.5 113 0 13.7 9.7 5.0 2.5 2 0 2 1 1
-1617.4 -3048.9 0.3 327 0 7.7 17.5 5.0 2.5 2 1 2 0 0
-1617.4 -3097.0 0.8 4 0 9.5 21.2 5.0 2.5 2 1 2 3 3
-1828.7 -2818.5 -4.7 94 0 10.9 11.8 7.5 2.5 2 1 3 4 4
-1902.5 -2842.9 -4.4 94 0 10.8 8.8 5.0 2.5 4 0 2 0 0
-1811.1 -2875.8 -1.8 4 0 11.2 12.0 7.5 2.5 2 1 3 0 0
-1610.4 -3134.8 1.1 68 0 22.3 6.0 7.5 0.0 0 0 3 5 5
-1670.5 -3073.2 0.6 184 0 6.4 15.6 7.5 2.5 2 1 3 4 4
-1899.9 -3228.1 5.5 157 0 13.5 11.4 7.5 2.5 2 0 3 0 0
-1743.3 -3080.4 2.5 158 0 8.0 12.2 5.0 2.5 2 1 2 0 0
-1737.3 -3049.8 1.6 161 0 12.2 15.0 7.5 2.5 2 1 3 1 1
-1792.0 -3159.4 3.5 95 0 13.5 15.3 7.5 2.5 2 1 3 1 1
-1849.5 -3131.9 2.6 87 0 10.0 10.5 5.0 2.5 2 1 2 3 3
-1858.4 -3056.3 0.7 346 0 7.8 6.1 10.0 2.5 2 0 4 3 3
-1865.2 -3084.8 1.6 170 0 7.6 6.6 7.5 2.5 2 0 3 3 3
-5159.1 -3344.4 1.9 208 0 12.7 8.2 5.0 0.0 0 0 2 1 1
-4954.0 -3107.7 2.1 264 0 8.7 9.0 7.5 2.5 4 1 3 3 3
-4970.0 -3057.5 3.1 88 0 7.9 9.8 7.5 2.5 2 1 3 0 0
-4916.4 -3009.8 3.3 352 0 6.9 11.2 7.5 2.5 2 1 3 1 1
-4908.3 -3062.7 3.2 85 0 14.6 9.8 5.0 2.5 2 0 2 3 3
-4885.0 -3063.3 3.2 85 0 7.5 7.2 7.5 2.5 4 0 3 0 0
-4861.6 -3067.7 3.3 93 0 11.2 6.5 5.0 2.5 2 0 2 3 3
-4862.7 -3100.6 2.2 267 0 6.5 10.7 7.5 2.5 2 1 3 2 2
-4892.4 -3120.4 1.7 88 0 10.3 7.4 10.0 2.5 4 0 4 3 3
-5061.7 -3085.3 2.9 274 0 8.0 7.1 7.5 2.5 4 0 3 2 2
