6197.6 5978.7 -12.0 96 0 30.7 14.5 12.5 2.5 2 0 5 0 0
6021.2 5716.4 -10.0 110 0 26.1 12.4 2.5 2.5 2 0 1 1 1
6062.1 5772.1 -10.5 20 0 7.5 24.1 10.0 0.0 0 0 4 0 0
6023.1 5825.3 -8.9 288 0 14.8 34.2 10.0 2.5 2 0 4 2 2
6104.5 6699.2 -9.2 142 0 10.3 11.9 7.5 2.5 2 1 3 3 3
5783.0 6665.5 -9.5 245 0 55.6 17.3 10.5 3.5 2 0 3 2 2
4696.9 6817.0 0.8 298 0 9.9 23.2 2.5 2.5 2 1 1 0 0
5688.8 6650.0 -8.6 153 0 26.9 33.0 10.5 3.5 2 1 3 1 1
5838.2 6610.4 -10.0 65 0 53.1 47.1 10.5 0.0 0 0 3 4 4
6006.8 5778.2 -8.3 201 0 17.6 12.9 2.5 2.5 2 0 1 5 5
5983.6 5788.4 -7.2 201 0 15.8 8.0 2.5 2.5 2 0 1 2 2
5965.6 5730.7 -8.4 110 0 13.4 41.3 2.5 2.5 4 1 1 1 1
5230.3 6490.7 -4.3 254 0 8.6 17.7 7.5 2.5 2 1 3 5 5
5218.6 6475.5 -4.2 74 0 6.7 20.8 2.5 2.5 2 1 1 3 3
5284.7 6417.7 -3.6 72 0 14.5 10.0 7.5 2.5 2 0 3 3 3
