2611.6 6298.9 -17.6 45 0 31.4 24.7 10.0 0.0 0 0 4 5 5
1936.2 6348.3 -18.3 47 0 14.7 16.1 2.5 2.5 2 1 1 3 3
2716.5 6209.1 -18.4 315 0 64.5 24.1 12.5 2.5 2 0 5 2 2
2507.1 6384.2 -16.3 312 0 78.6 15.2 10.0 0.0 0 0 4 3 3
1985.3 6576.1 -13.5 46 0 37.1 20.6 10.0 0.0 0 0 4 3 3
2462.5 6485.7 -15.3 313 0 20.1 11.7 2.5 2.5 2 0 1 3 3
2879.3 6049.8 -21.6 317 0 46.9 32.9 10.0 0.0 0 0 4 5 5
2478.3 6333.8 -16.9 310 0 60.7 11.5 10.0 2.5 2 0 4 0 0
-4403.6 -3980.0 15.1 14 0 35.9 46.3 5.0 0.0 0 1 2 5 5
-4445.8 -3831.5 9.8 310 0 36.0 294.6 5.0 0.0 0 1 2 5 5
-4091.1 -4041.2 15.3 189 0 14.4 8.6 5.0 0.0 0 0 2 5 5
-4085.7 -4034.8 15.5 279 0 8.6 14.4 2.5 2.5 2 1 1 0 0
-4360.7 -3756.7 12.8 130 0 25.8 9.7 2.5 2.5 2 0 1 0 0
1755.2 6600.9 -14.5 171 0 7.6 64.4 2.5 0.0 0 1 1 3 3
1649.5 6724.9 -14.4 225 0 6.9 10.5 2.5 2.5 4 1 1 5 5
1716.8 6737.1 -13.1 315 0 10.5 6.9 2.5 2.5 2 0 1 2 2
1674.0 6695.5 -14.3 133 0 10.5 6.9 2.5 2.5 2 0 1 0 0
1693.0 6714.0 -13.9 136 0 10.5 6.9 2.5 0.0 0 0 1 1 1
1657.7 6711.4 -14.3 136 0 7.5 59.9 2.5 2.5 2 1 1 1 1
1681.0 6688.4 -14.3 136 0 7.5 59.9 2.5 2.5 2 1 1 1 1
1695.3 6672.6 -14.3 136 0 7.5 59.9 2.5 2.5 2 1 1 4 4
1708.9 6658.0 -14.3 136 0 7.5 59.9 2.5 2.5 2 1 1 3 3
1721.1 6644.8 -14.3 133 0 10.5 6.9 2.5 2.5 2 0 1 1 1
1752.0 6656.0 -14.4 46 0 59.9 7.5 2.5 2.5 2 0 1 3 3
-929.6 -1564.1 8.3 77 0 12.2 9.1 5.0 0.0 0 0 2 1 1
1204.9 -6575.1 -1.1 270 0 12.7 38.9 10.0 2.5 2 1 4 2 2
1221.8 -6583.8 -0.8 269 0 11.2 27.6 7.5 2.5 2 1 3 3 3
1263.7 -6625.1 -0.9 349 0 20.9 28.9 5.0 0.0 0 1 2 1 1
1201.8 -6648.3 -0.7 176 0 46.7 17.5 7.5 2.5 2 0 3 0 0
758.2 -6392.9 5.5 0 0 10.5 14.7 10.5 3.5 2 1 3 3 3
730.1 -6480.6 7.1 268 0 29.8 9.6 10.0 2.5 2 0 4 4 4
829.4 -6518.3 5.6 167 0 22.5 15.3 14.0 3.5 2 0 4 0 0
835.2 -6432.2 3.2 179 0 47.8 13.3 14.0 0.0 0 0 4 0 0
