-2768.1 2435.0 -2.1 231 0 17.5 9.3 7.5 2.5 2 0 3 3 3
6640.0 -2676.4 3.1 20 0 9.1 8.8 7.5 2.5 2 0 3 1 1
6633.7 -2696.8 3.6 22 0 7.3 8.6 2.5 2.5 2 1 1 5 5
6565.7 -2600.6 3.2 200 0 7.7 8.1 7.5 2.5 2 0 3 4 4
6559.7 -2616.4 3.6 199 0 7.2 9.0 7.5 2.5 2 0 3 5 5
6554.7 -2631.4 4.0 199 0 7.4 8.6 5.0 2.5 4 1 2 2 2
6548.9 -2646.4 4.4 199 0 7.4 8.9 7.5 2.5 2 1 3 4 4
6544.3 -2661.6 4.7 197 0 7.6 8.6 7.5 0.0 0 1 3 4 4
6583.1 -2681.0 4.4 21 0 7.9 8.8 7.5 2.5 2 1 3 3 3
6593.9 -2649.7 3.6 19 0 7.4 8.5 7.5 2.5 2 1 3 3 3
6588.6 -2664.7 3.9 19 0 8.7 9.1 7.5 2.5 2 1 3 3 3
6599.8 -2664.9 3.6 198 0 7.4 9.2 5.0 2.5 2 1 2 5 5
6605.2 -2649.3 3.2 200 0 7.7 8.7 5.0 2.5 2 1 2 4 4
6599.6 -2634.7 3.2 18 0 8.2 10.0 7.5 2.5 2 1 3 2 2
6610.8 -2634.3 2.9 199 0 6.5 8.5 10.0 0.0 0 1 4 2 2
6621.2 -2604.1 2.7 201 0 7.1 8.7 7.5 2.5 2 1 3 1 1
6604.1 -2619.2 2.8 17 0 7.5 8.4 5.0 2.5 2 1 2 0 0
6609.6 -2604.0 2.8 19 0 7.7 8.5 10.0 2.5 2 1 4 2 2
6604.7 -2576.0 2.5 110 0 10.7 18.1 7.5 2.5 2 1 3 3 3
6584.2 -2546.6 1.9 197 0 8.4 10.3 7.5 2.5 2 1 3 1 1
6589.9 -2531.9 1.3 198 0 8.3 9.5 5.0 0.0 0 1 2 3 3
6603.1 -2514.8 0.5 205 0 7.5 10.2 7.5 2.5 4 1 3 4 4
6627.4 -2526.7 0.8 27 0 7.4 9.1 7.5 2.5 2 1 3 4 4
6608.0 -2487.8 -0.5 199 0 8.9 15.3 7.5 2.5 2 1 3 5 5
6638.9 -2495.1 -0.4 293 0 15.2 8.0 5.0 2.5 2 0 2 3 3
6710.9 -2510.4 -0.2 99 0 8.0 11.9 5.0 2.5 2 1 2 2 2
6753.0 -2475.5 -1.4 10 0 8.0 9.2 7.5 2.5 2 1 3 0 0
6754.8 -2466.5 -1.6 13 0 7.9 9.2 10.0 2.5 4 1 4 3 3
6758.9 -2447.2 -1.9 10 0 8.0 9.1 7.5 2.5 4 1 3 2 2
6737.1 -2414.8 -1.8 92 0 6.9 10.7 7.5 2.5 2 1 3 1 1
6747.6 -2416.4 -2.1 97 0 7.8 9.0 7.5 2.5 2 1 3 3 3
6752.3 -2394.3 -2.3 12 0 8.5 9.9 7.5 2.5 2 1 3 1 1
6754.4 -2384.6 -2.4 12 0 8.8 8.8 7.5 2.5 4 1 3 2 2
6756.5 -2375.3 -2.4 11 0 8.7 9.0 10.0 2.5 2 1 4 2 2
6761.4 -2355.3 -2.7 12 0 8.5 9.3 5.0 2.5 2 1 2 2 2
6763.1 -2346.0 -2.9 13 0 9.0 9.4 7.5 0.0 0 1 3 2 2
6770.0 -2316.1 -3.6 11 0 8.0 10.0 7.5 2.5 2 1 3 4 4
6773.8 -2297.5 -4.1 12 0 9.2 9.4 7.5 2.5 2 1 3 5 5
6777.4 -2278.0 -4.6 12 0 9.0 9.1 7.5 2.5 2 1 3 2 2
6779.2 -2267.7 -4.8 10 0 8.7 8.5 5.0 2.5 2 0 2 4 4
6780.3 -2243.2 -5.3 283 0 9.3 8.4 5.0 2.5 2 0 2 0 0
6808.6 -2145.6 -7.7 20 0 9.1 7.7 7.5 2.5 4 0 3 4 4
6794.6 -2140.4 -7.9 18 0 7.8 7.8 10.0 2.5 2 1 4 1 1
6783.6 -2172.1 -7.1 18 0 9.7 9.1 7.5 2.5 2 0 3 0 0
6779.7 -2215.3 -6.1 108 0 9.0 8.9 5.0 2.5 4 0 2 1 1
6768.8 -2205.5 -6.4 104 0 8.9 8.7 5.0 0.0 0 0 2 5 5
6754.4 -2126.9 -8.0 195 0 8.6 8.8 10.0 2.5 2 1 4 3 3
6736.8 -2195.5 -6.5 103 0 8.3 8.5 5.0 2.5 2 1 2 3 3
6744.1 -2156.8 -7.3 199 0 8.5 8.2 7.5 2.5 2 0 3 4 4
6740.7 -2121.7 -8.1 199 0 8.8 7.6 7.5 2.5 2 0 3 1 1
6728.2 -2153.0 -7.3 196 0 8.3 9.0 5.0 2.5 2 1 2 5 5
6717.7 -2185.7 -6.5 196 0 7.9 8.9 5.0 2.5 2 1 2 3 3
6650.7 -2201.2 -6.0 282 0 7.6 21.4 7.5 2.5 2 1 3 5 5
6660.8 -2225.8 -5.7 104 0 7.5 22.7 10.0 2.5 2 1 4 5 5
6687.7 -2089.7 -8.9 280 0 27.8 23.9 10.0 0.0 0 0 4 3 3
-1365.2 1427.5 -3.9 269 0 7.8 12.3 10.0 2.5 2 1 4 3 3
-1400.2 1593.0 -9.0 297 0 6.5 14.3 7.5 2.5 4 1 3 0 0
-1415.7 1590.3 -9.0 297 0 8.9 16.7 7.5 2.5 2 1 3 0 0
-1690.7 1419.5 -4.2 98 0 11.1 6.6 10.0 2.5 2 0 4 2 2
-1669.0 1436.3 -4.2 293 0 8.3 10.9 7.5 2.5 2 1 3 1 1
-1680.0 1467.0 -3.3 115 0 10.4 7.8 7.5 2.5 2 0 3 3 3
-1675.7 1642.1 -7.8 290 0 8.5 16.2 10.0 2.5 2 1 4 5 5
-1693.2 1597.2 -7.9 195 0 12.2 9.4 7.5 2.5 2 0 3 1 1
-1613.4 1609.4 -9.0 20 0 9.7 11.2 10.0 2.5 4 1 4 2 2
-1673.2 1555.3 -8.3 98 0 6.5 8.4 7.5 2.5 2 1 3 5 5
-1662.5 1551.4 -8.7 101 0 7.5 10.6 10.0 2.5 2 1 4 4 4
-1634.8 1536.5 -7.5 9 0 9.7 9.8 7.5 2.5 2 1 3 2 2
-1609.5 1582.6 -9.0 188 0 10.6 8.9 7.5 0.0 0 0 3 3 3
-1636.8 1498.1 -5.1 192 0 15.6 9.6 7.5 2.5 2 0 3 4 4
-1652.6 1448.3 -3.7 192 0 11.3 6.9 7.5 2.5 2 0 3 4 4
-1445.3 1358.0 -5.5 270 0 7.1 9.8 5.0 2.5 4 1 2 2 2
-1456.3 1371.3 -4.8 185 0 9.4 9.5 7.5 2.5 2 1 3 3 3
-1545.3 1379.2 -4.6 110 0 9.7 17.4 2.5 2.5 2 1 1 5 5
-1558.3 1387.5 -4.3 99 0 9.3 14.4 7.5 2.5 2 1 3 4 4
-1604.0 1407.4 -3.7 100 0 8.4 15.1 10.0 2.5 2 1 4 2 2
-1540.7 1453.7 -2.1 275 0 7.1 10.4 7.5 2.5 2 1 3 2 2
-1595.6 1485.6 -3.5 92 0 10.3 8.1 5.0 2.5 2 0 2 5 5
-1558.0 1521.0 -5.7 14 0 10.2 8.5 5.0 2.5 4 0 2 3 3
-1529.6 1495.5 -4.3 97 0 10.4 9.3 7.5 2.5 2 0 3 2 2
-1517.6 1487.1 -4.1 103 0 9.4 13.1 5.0 2.5 2 1 2 2 2
-1490.1 1498.7 -4.8 190 0 9.3 8.7 7.5 2.5 2 0 3 2 2
-1500.0 1491.4 -3.6 282 0 6.9 11.9 2.5 2.5 2 1 1 1 1
-1516.0 1447.4 -2.0 7 0 9.3 11.3 7.5 2.5 2 1 3 0 0
-1492.2 1456.2 -2.3 288 0 12.7 11.5 7.5 2.5 2 0 3 5 5
-1457.4 1434.6 -2.8 17 0 11.2 10.6 10.0 2.5 2 0 4 1 1
-1484.1 1376.9 -4.5 95 0 8.4 9.5 5.0 2.5 2 1 2 2 2
-1498.4 1374.0 -4.7 97 0 9.9 13.1 10.0 0.0 0 1 4 0 0
-1336.2 1381.1 -3.9 358 0 15.1 10.1 5.0 2.5 2 0 2 5 5
-1377.6 1423.0 -3.9 274 0 6.4 9.8 10.0 2.5 2 1 4 4 4
-1383.2 1428.6 -3.9 9 0 8.3 7.7 7.5 2.5 2 0 3 5 5
-1423.8 1445.5 -3.4 296 0 13.1 10.9 2.5 2.5 2 0 1 1 1
-1446.3 1418.5 -3.1 189 0 9.6 13.6 2.5 2.5 2 1 1 1 1
6316.5 -820.3 -2.7 13 0 10.0 31.5 14.0 0.0 0 1 4 1 1
6237.4 -766.1 -2.6 279 0 13.1 11.6 14.0 3.5 2 0 4 5 5
6196.2 -817.2 -2.5 191 0 12.0 8.3 14.0 3.5 2 0 4 3 3
6219.1 -792.9 -2.3 192 0 11.2 23.4 14.0 3.5 2 1 4 2 2
6194.7 -867.8 -3.4 130 0 30.4 8.3 14.0 3.5 2 0 4 5 5
6204.3 -838.8 -2.9 190 0 34.6 11.3 14.0 0.0 0 0 4 4 4
