5531.6 2612.5 167.6 183 0 26.8 124.2 12.5 0.0 0 0 5 0 0
2682.6 2232.3 -168.8 253 0 7.1 74.9 17.5 3.5 2 1 5 5 5
2677.3 2266.1 -169.3 72 0 64.7 17.0 17.5 3.5 2 0 5 3 3
2646.4 2295.8 -169.4 162 0 27.7 56.7 17.5 0.0 0 0 5 1 1
2746.4 2358.9 -170.0 350 0 12.7 44.6 17.5 3.5 2 0 5 3 3
2594.2 2448.5 -167.2 179 0 11.2 21.6 17.5 3.5 2 0 5 1 1
2686.0 2483.2 -167.6 17 0 16.2 18.6 17.5 3.5 2 0 5 0 0
2679.6 2454.8 -167.9 16 0 21.9 13.6 17.5 3.5 2 0 5 2 2
2690.9 2497.5 -168.9 120 0 8.6 45.0 17.5 3.5 2 0 5 3 3
2336.0 2555.8 -169.0 276 0 14.4 14.0 14.0 3.5 2 0 4 2 2
1440.9 2099.9 -162.7 174 0 31.2 21.5 7.5 0.0 0 0 3 1 1
2081.7 2341.6 -167.7 238 0 6.3 16.8 14.0 3.5 2 0 4 3 3
1514.5 2127.0 -161.5 264 0 9.8 30.4 10.0 2.5 2 0 4 2 2
1567.4 2193.0 -161.5 261 0 10.3 9.5 5.0 2.5 4 0 2 2 2
2394.0 2495.0 -169.4 55 0 9.3 13.2 14.0 3.5 2 1 4 3 3
1598.4 2085.9 -162.2 90 0 19.3 24.2 7.5 2.5 2 1 3 2 2
2395.5 2518.4 -169.6 233 0 6.7 11.2 14.0 3.5 2 1 4 3 3
2054.7 2390.7 -166.4 132 0 10.7 44.7 14.0 3.5 2 1 4 2 2
1598.1 2169.6 -161.7 276 0 17.7 7.9 7.5 2.5 2 0 3 0 0
2169.6 2448.5 -167.6 55 0 38.3 29.2 14.0 0.0 0 0 4 3 3
1606.7 2147.7 -161.6 5 0 19.4 20.0 10.0 2.5 2 1 4 0 0
2149.4 2414.3 -167.2 54 0 7.0 7.6 14.0 3.5 2 1 4 5 5
2071.1 2228.2 -167.7 328 0 8.2 15.9 10.5 3.5 2 1 3 4 4
2371.2 2511.1 -169.4 145 0 10.3 13.1 14.0 3.5 2 1 4 0 0
1621.6 2082.6 -162.7 88 0 13.5 16.1 7.5 2.5 2 1 3 2 2
2059.9 2228.2 -167.7 55 0 18.1 12.7 10.5 0.0 0 0 3 1 1
1547.2 2123.8 -161.2 264 0 29.8 22.7 10.0 0.0 0 0 4 5 5
1546.2 2084.7 -161.7 81 0 10.5 6.2 7.5 2.5 2 0 3 0 0
2028.1 2356.5 -167.5 238 0 26.5 27.1 14.0 0.0 0 1 4 5 5
2409.0 2504.2 -169.2 51 0 14.5 6.1 14.0 3.5 2 0 4 0 0
2095.6 2378.1 -167.0 107 0 14.0 35.6 14.0 0.0 0 1 4 0 0
1571.6 2274.7 -162.4 267 0 14.3 33.5 10.0 0.0 0 1 4 1 1
1984.6 2317.8 -167.7 150 0 8.5 13.2 14.0 0.0 0 1 4 1 1
92.5 -1136.6 -161.1 214 0 26.3 11.4 7.5 2.5 2 0 3 0 0
2105.7 2286.6 -167.9 55 0 22.1 6.5 14.0 3.5 2 0 4 4 4
2220.1 2465.6 -168.2 53 0 7.1 6.7 14.0 3.5 2 0 4 1 1
2080.0 2354.1 -167.5 326 0 10.1 27.5 14.0 3.5 2 1 4 1 1
2257.0 2487.9 -167.6 54 0 6.5 10.3 14.0 3.5 2 1 4 1 1
2052.6 2297.6 -167.9 57 0 7.3 32.0 14.0 3.5 2 1 4 3 3
2438.2 2546.4 -168.4 356 0 12.2 8.7 14.0 3.5 2 0 4 5 5
2089.3 2290.9 -167.9 145 0 9.2 28.9 14.0 3.5 4 1 4 0 0
2357.3 2522.2 -169.3 144 0 9.2 11.9 14.0 3.5 2 1 4 4 4
2292.7 2513.4 -167.2 56 0 7.8 9.4 14.0 3.5 2 1 4 1 1
2072.9 2337.4 -167.7 236 0 8.2 15.4 14.0 0.0 0 1 4 3 3
2195.2 2352.3 -168.0 231 0 9.5 22.4 14.0 3.5 2 1 4 5 5
2211.1 2361.3 -168.3 234 0 15.5 19.5 14.0 0.0 0 1 4 2 2
2159.4 2332.1 -167.6 228 0 13.7 9.8 14.0 0.0 0 0 4 2 2
2185.5 2341.0 -167.9 230 0 14.4 10.1 14.0 3.5 2 0 4 1 1
2204.0 2327.1 -168.0 48 0 6.0 9.6 14.0 3.5 2 1 4 4 4
2167.6 2303.9 -167.8 136 0 10.2 20.2 14.0 3.5 2 1 4 4 4
-158.2 -1082.5 -157.3 161 0 7.4 21.2 7.5 2.5 4 1 3 5 5
-146.9 -927.9 -157.2 348 0 12.6 46.5 10.0 2.5 2 1 4 5 5
-173.7 -957.7 -157.1 79 0 30.0 9.1 7.5 2.5 2 0 3 0 0
-141.1 -1127.3 -157.7 163 0 9.8 11.2 7.5 2.5 2 1 3 1 1
-132.5 -1156.3 -158.7 163 0 49.4 11.5 12.5 2.5 2 0 5 2 2
-93.1 -1131.7 -157.3 72 0 13.3 31.6 10.0 2.5 4 1 4 0 0
-178.4 -1002.3 -156.8 163 0 17.4 10.3 5.0 0.0 0 0 2 4 4
-170.7 -1027.0 -156.8 162 0 26.3 9.9 10.0 2.5 2 0 4 0 0
164.1 -1129.1 -158.8 101 0 6.2 8.6 7.5 2.5 2 1 3 2 2
255.3 -1099.3 -160.8 356 0 12.0 34.8 15.0 0.0 0 1 6 4 4
172.4 -1102.4 -159.0 132 0 13.1 9.4 2.5 2.5 2 0 1 5 5
153.4 -1088.2 -159.8 175 0 9.8 12.9 2.5 2.5 2 1 1 3 3
321.7 -1155.3 -160.5 1 0 7.2 9.0 7.5 2.5 2 1 3 3 3
194.0 -1141.2 -159.2 198 0 10.3 16.1 7.5 2.5 2 1 3 5 5
316.3 -1179.0 -160.5 89 0 8.8 6.7 7.5 2.5 2 0 3 1 1
320.9 -1167.2 -160.5 0 0 7.4 8.7 5.0 2.5 2 1 2 0 0
181.2 -1058.6 -159.7 299 0 18.8 10.6 5.0 2.5 2 0 2 4 4
253.0 -1121.8 -160.5 355 0 16.3 18.7 7.5 2.5 2 1 3 5 5
1477.3 2086.4 -162.2 84 0 19.4 30.6 10.0 2.5 2 1 4 5 5
1518.4 2081.8 -161.6 84 0 7.5 13.0 7.5 2.5 2 1 3 1 1
36.6 -1100.3 -159.6 21 0 10.9 9.4 7.5 2.5 2 0 3 0 0
48.2 -1102.7 -160.1 111 0 10.5 15.6 5.0 2.5 2 1 2 5 5
33.0 -1108.1 -160.1 291 0 9.6 13.8 7.5 2.5 2 1 3 2 2
-10.7 -1051.5 -157.6 106 0 7.2 10.9 7.5 2.5 2 1 3 5 5
-26.7 -1053.1 -157.2 113 0 6.3 10.6 10.0 2.5 2 1 4 4 4
-43.5 -1029.4 -157.7 14 0 12.4 10.0 7.5 2.5 2 0 3 0 0
2733.1 2491.7 -169.3 46 0 8.6 36.3 17.5 3.5 2 1 5 4 4
2664.7 2884.7 -171.2 155 0 11.8 41.6 7.5 2.5 2 1 3 0 0
2610.6 2198.4 -168.2 253 0 15.4 69.7 14.0 3.5 2 1 4 2 2
2632.4 2119.9 -166.9 73 0 18.5 8.3 14.0 3.5 2 0 4 4 4
2613.9 2103.7 -166.6 343 0 55.2 17.3 14.0 0.0 0 0 4 3 3
2578.3 2090.9 -166.4 162 0 51.1 17.2 14.0 3.5 2 0 4 5 5
2595.1 2162.9 -167.6 341 0 51.9 18.3 14.0 3.5 2 0 4 2 2
2558.2 2151.1 -167.4 162 0 53.5 15.5 14.0 3.5 2 0 4 0 0
2532.9 2315.9 -169.7 69 0 47.1 22.5 14.0 3.5 4 0 4 4 4
2596.7 2285.2 -169.1 69 0 11.5 38.1 17.5 3.5 4 1 5 5 5
2543.9 2219.9 -168.2 164 0 14.8 24.9 17.5 0.0 0 1 5 2 2
2539.0 2253.2 -168.5 252 0 17.6 20.5 17.5 3.5 2 1 5 0 0
2569.5 2265.2 -168.8 249 0 47.9 12.7 17.5 3.5 2 0 5 3 3
2685.6 2582.4 -169.2 206 0 6.4 26.6 17.5 3.5 2 1 5 3 3
2750.2 2324.7 -169.6 346 0 9.8 15.0 17.5 3.5 2 1 5 0 0
2771.0 2309.6 -169.4 341 0 7.9 24.1 17.5 3.5 2 1 5 3 3
2756.5 2341.2 -170.0 351 0 6.3 21.6 17.5 0.0 0 1 5 2 2
2723.4 2369.5 -169.6 351 0 10.1 18.6 17.5 3.5 4 1 5 5 5
3973.4 2417.1 -161.8 352 0 21.9 12.0 7.5 2.5 4 0 3 3 3
2802.2 2592.8 -171.6 24 0 30.7 57.7 17.5 0.0 0 1 5 5 5
1383.6 774.2 -167.0 71 0 8.1 20.8 7.5 2.5 2 1 3 1 1
