-6856.5 -6805.9 -11.2 253 0 35.2 16.7 17.5 3.5 2 0 5 1 1
-6681.7 -6698.1 -6.3 14 0 8.9 27.5 17.5 3.5 2 0 5 3 3
-6708.1 -6788.7 -5.6 49 0 27.7 15.8 17.5 3.5 2 0 5 3 3
-6590.5 -6574.9 -3.6 95 0 7.8 13.8 17.5 3.5 2 0 5 1 1
-6720.8 -6813.4 -6.2 47 0 13.0 21.9 17.5 3.5 2 0 5 0 0
-6763.7 -6831.6 -7.2 150 1 13.2 13.4 17.5 0.0 0 0 5 0 0
-6638.9 -6697.2 -1.4 18 0 48.5 18.7 17.5 3.5 2 0 5 5 5
-6656.4 -6794.2 -2.4 330 0 18.2 28.7 17.5 3.5 2 1 5 3 3
-6643.9 -6806.1 -1.9 330 0 8.3 33.3 17.5 3.5 2 1 5 2 2
-6732.5 -6843.9 -4.7 198 0 18.0 21.1 17.5 3.5 2 1 5 3 3
-6758.9 -6733.6 -8.8 225 0 31.9 25.2 17.5 0.0 0 0 5 3 3
-6742.1 -6655.9 -15.9 17 0 17.4 47.1 14.0 3.5 4 1 4 3 3
-6742.9 -6619.5 -14.6 347 0 11.8 10.4 14.0 3.5 2 0 4 5 5
-6693.5 -6533.6 -13.7 272 0 10.6 30.6 17.5 0.0 0 1 5 0 0
-6645.3 -6563.8 -2.7 170 0 15.0 31.5 17.5 3.5 2 0 5 5 5
-6604.2 -6551.6 -4.3 90 0 14.5 30.7 17.5 3.5 2 0 5 5 5
-6614.3 -6512.1 -4.8 177 0 9.2 12.2 17.5 3.5 2 0 5 5 5
-6587.5 -6556.0 -4.4 93 0 11.3 23.4 17.5 3.5 2 0 5 0 0
-6571.3 -6576.0 -3.4 96 0 22.4 7.7 17.5 3.5 2 0 5 0 0
-6626.4 -6484.8 -5.4 171 0 7.7 23.0 17.5 3.5 2 0 5 3 3
-6630.0 -6454.7 -8.3 172 0 8.1 24.9 17.5 3.5 2 0 5 5 5
-6578.7 -6449.3 -8.1 259 0 10.6 10.0 17.5 3.5 2 0 5 2 2
-6567.6 -6473.6 -7.0 350 0 24.7 12.2 17.5 3.5 2 0 5 0 0
-6546.6 -6535.9 -5.9 28 0 12.7 23.0 17.5 3.5 2 1 5 1 1
-6527.6 -6616.9 -3.8 171 0 6.2 22.7 17.5 3.5 2 1 5 1 1
-6522.2 -6649.3 -2.2 198 0 10.5 27.0 17.5 0.0 0 1 5 1 1
-6602.7 -6615.5 -0.4 128 0 7.7 19.2 17.5 3.5 2 1 5 4 4
-6578.1 -6675.1 2.0 153 0 8.0 20.6 17.5 0.0 0 1 5 3 3
-6620.1 -6619.3 -0.9 94 0 15.2 16.1 17.5 3.5 2 1 5 1 1
-6567.8 -6706.2 1.0 239 0 8.3 19.5 17.5 0.0 0 1 5 3 3
-6596.6 -6690.1 1.4 84 0 8.1 13.4 14.0 3.5 2 1 4 1 1
-6513.4 -6703.8 -1.1 81 0 9.9 16.4 17.5 3.5 2 1 5 2 2
-6553.7 -6676.1 1.3 175 0 11.4 15.9 17.5 3.5 2 1 5 3 3
-6531.4 -6711.4 0.5 83 0 7.0 13.9 17.5 3.5 2 1 5 1 1
-6606.6 -6756.7 0.6 313 0 10.9 14.6 17.5 3.5 2 1 5 0 0
-6506.6 -6720.3 -3.4 188 0 12.7 32.0 17.5 3.5 2 1 5 3 3
-6476.3 -6711.1 -3.5 351 0 6.6 7.3 17.5 3.5 2 1 5 4 4
-6452.6 -6868.7 -9.2 358 0 9.4 11.3 14.0 3.5 2 1 4 0 0
-6467.7 -6892.8 -8.8 351 0 10.1 8.9 14.0 3.5 2 0 4 0 0
-6482.2 -6908.7 -8.4 82 0 8.8 12.5 14.0 3.5 2 1 4 5 5
