6861.6 1925.7 -26.2 84 0 15.6 29.4 10.5 3.5 2 0 3 2 2
6534.7 -6593.1 20.3 115 0 6.7 9.8 7.5 2.5 2 1 3 2 2
6024.1 -3405.8 -23.2 99 0 26.3 8.1 5.0 2.5 2 0 2 5 5
6033.0 -3378.2 -22.9 11 0 7.4 9.5 5.0 0.0 0 1 2 5 5
6032.0 -3348.7 -22.6 278 0 8.0 9.7 7.5 2.5 2 1 3 4 4
6382.3 -3945.3 -19.9 277 0 8.5 7.6 7.5 2.5 2 0 3 1 1
6199.2 -3975.6 -20.0 190 0 7.5 9.9 10.0 2.5 2 0 4 2 2
6215.0 -3911.4 -21.1 271 0 8.2 7.3 7.5 2.5 2 0 3 0 0
6235.9 -4060.4 -18.6 108 0 7.1 11.5 7.5 2.5 2 0 3 4 4
6243.0 -3949.4 -19.9 272 0 8.1 9.1 10.0 2.5 2 1 4 5 5
6275.8 -4130.9 -18.4 19 0 9.4 7.2 7.5 2.5 2 0 3 1 1
6342.6 -4162.6 -15.7 96 0 8.6 7.8 5.0 2.5 2 0 2 2 2
6339.3 -4058.8 -16.3 285 0 8.2 7.1 7.5 2.5 2 0 3 2 2
6267.6 -3913.4 -20.5 278 0 8.7 7.9 10.0 0.0 0 0 4 5 5
6262.6 -3898.4 -21.1 98 0 6.7 17.0 7.5 2.5 2 1 3 5 5
6412.8 -3998.1 -19.9 3 0 8.0 9.3 7.5 2.5 2 1 3 5 5
6423.2 -3989.7 -20.1 1 0 9.4 8.0 5.0 0.0 0 0 2 3 3
6426.5 -3937.3 -20.6 3 0 7.8 9.3 7.5 2.5 4 1 3 1 1
6227.7 -3867.6 -21.7 278 0 7.1 6.5 7.5 2.5 2 0 3 4 4
6281.6 -3837.9 -21.5 200 0 10.1 8.1 7.5 2.5 2 0 3 5 5
6305.7 -3791.2 -20.9 194 0 7.7 9.1 5.0 2.5 2 1 2 0 0
6352.6 -3813.2 -19.5 9 0 9.1 10.9 7.5 2.5 4 1 3 2 2
6293.9 -3898.9 -20.7 99 0 6.5 9.1 5.0 2.5 2 1 2 4 4
6295.0 -3920.8 -20.3 276 0 6.1 8.4 7.5 2.5 2 1 3 3 3
6325.1 -3928.1 -20.2 4 0 6.1 10.1 10.0 2.5 4 1 4 5 5
6406.5 -4080.4 -17.2 273 0 6.4 9.5 7.5 2.5 2 1 3 2 2
6372.5 -4056.9 -16.6 99 0 9.6 8.3 7.5 2.5 2 0 3 1 1
6239.9 -3105.0 -24.7 80 0 9.1 6.5 5.0 2.5 2 0 2 5 5
6252.8 -3107.6 -24.5 81 0 8.5 6.3 7.5 0.0 0 0 3 5 5
6181.8 -3075.8 -24.8 83 0 7.3 9.1 7.5 2.5 2 1 3 5 5
6491.9 -1387.3 -27.3 273 0 6.7 13.4 7.5 2.5 4 1 3 5 5
5890.4 -1235.2 -26.4 341 0 9.9 13.3 5.0 2.5 2 1 2 4 4
6359.0 -3854.5 -19.4 190 0 7.6 8.6 5.0 2.5 4 1 2 0 0
6385.5 -3909.3 -20.1 98 0 8.9 6.4 7.5 2.5 2 0 3 5 5
5722.0 -5311.9 -21.1 272 0 8.4 32.7 10.0 2.5 2 1 4 5 5
5754.4 -5316.1 -20.3 271 0 29.9 9.0 12.5 2.5 2 0 5 3 3
5752.8 -5338.6 -20.3 90 0 26.9 6.7 10.0 2.5 2 0 4 4 4
5779.0 -5493.0 -19.8 82 0 8.8 30.0 15.0 0.0 0 1 6 2 2
5754.5 -5451.8 -19.5 261 0 9.1 18.2 5.0 2.5 2 1 2 0 0
5836.9 -5350.2 -17.0 88 0 24.7 7.6 5.0 2.5 2 0 2 2 2
5791.5 -5320.9 -18.6 271 0 29.3 9.7 12.5 2.5 4 0 5 2 2
5831.8 -5274.5 -17.7 197 0 12.8 34.1 7.5 2.5 2 1 3 1 1
6005.0 -5524.0 -16.5 262 0 29.7 6.5 2.5 2.5 2 0 1 1 1
6040.9 -5517.1 -15.8 173 0 7.2 29.4 7.5 2.5 2 1 3 2 2
6053.3 -5497.3 -15.9 263 0 6.2 8.4 2.5 2.5 2 1 1 3 3
6082.1 -5522.7 -15.4 351 0 30.7 6.7 5.0 2.5 2 0 2 1 1
6087.1 -5546.4 -15.1 355 0 6.6 29.5 7.5 2.5 2 1 3 1 1
6047.8 -5139.7 -15.7 325 0 6.8 8.1 5.0 2.5 2 1 2 1 1
6052.1 -5151.8 -15.7 333 0 7.1 7.7 7.5 2.5 2 1 3 1 1
6279.1 -5241.9 -11.3 57 0 10.7 12.9 2.5 2.5 2 1 1 0 0
6252.0 -5259.4 -11.2 56 0 8.2 7.6 5.0 0.0 0 0 2 2 2
6240.3 -5249.2 -11.4 147 0 7.1 8.0 7.5 2.5 2 1 3 0 0
6234.9 -5240.8 -11.6 145 0 7.4 8.1 7.5 2.5 2 1 3 4 4
6494.4 -5291.0 -6.4 263 0 7.9 8.0 2.5 2.5 2 1 1 4 4
6419.0 -5233.0 -8.9 268 0 7.2 6.9 5.0 2.5 2 0 2 5 5
6318.9 -5299.1 -9.6 322 0 7.9 9.2 5.0 2.5 2 1 2 4 4
6303.5 -5276.1 -9.9 319 0 7.3 10.9 7.5 2.5 2 1 3 0 0
6277.0 -5333.0 -10.3 160 0 7.1 7.6 10.0 2.5 2 1 4 5 5
6273.6 -5323.5 -10.4 158 0 6.7 9.5 7.5 2.5 2 1 3 2 2
6272.6 -5289.9 -10.4 146 0 8.1 6.4 7.5 2.5 4 0 3 4 4
6257.9 -5271.9 -11.0 241 0 7.1 8.0 5.0 2.5 2 1 2 1 1
6248.5 -5325.5 -11.7 333 0 7.7 7.4 7.5 2.5 4 0 3 4 4
6227.6 -5328.8 -12.5 58 0 8.5 7.9 5.0 2.5 4 0 2 3 3
6213.8 -5306.6 -12.5 242 0 7.0 9.0 7.5 0.0 0 1 3 1 1
6225.9 -5300.1 -12.1 236 0 7.3 8.4 2.5 2.5 4 1 1 1 1
6232.2 -5286.3 -11.9 55 0 7.2 6.4 5.0 2.5 2 0 2 1 1
6216.8 -5260.0 -12.3 321 0 8.0 6.5 2.5 2.5 2 0 1 5 5
6186.7 -5142.9 -13.5 3 0 9.9 7.8 5.0 2.5 2 0 2 4 4
6155.7 -5125.9 -14.1 269 0 8.2 8.1 7.5 2.5 2 0 3 1 1
6141.9 -5125.6 -14.1 268 0 9.8 7.3 10.0 2.5 2 0 4 5 5
6125.8 -5150.0 -14.3 87 0 10.2 8.0 7.5 2.5 2 0 3 3 3
6111.3 -5128.8 -14.3 269 0 7.1 6.4 5.0 2.5 2 0 2 0 0
6102.2 -5150.7 -14.2 89 0 8.0 7.1 7.5 2.5 2 0 3 3 3
6085.4 -5129.4 -14.8 267 0 8.6 8.2 2.5 2.5 2 0 1 2 2
6075.3 -5147.6 -14.6 180 0 7.3 7.4 10.0 2.5 4 1 4 5 5
6067.1 -5133.0 -15.1 178 0 7.9 8.3 2.5 2.5 2 1 1 5 5
6219.3 -5286.7 -12.3 55 0 7.2 7.8 10.0 2.5 2 1 4 1 1
6200.9 -5269.1 -12.6 150 0 7.3 7.8 7.5 2.5 2 1 3 3 3
6208.5 -5244.8 -12.6 328 0 8.8 7.2 5.0 2.5 2 0 2 4 4
6191.6 -5253.4 -12.9 147 0 9.8 7.5 7.5 2.5 2 0 3 2 2
6182.4 -5234.5 -13.2 146 0 7.6 7.3 5.0 2.5 2 0 2 5 5
6198.2 -5226.5 -13.0 326 0 8.0 7.4 10.0 2.5 2 0 4 3 3
6184.3 -5267.4 -13.4 328 0 7.3 9.0 7.5 2.5 2 1 3 1 1
6169.5 -5243.4 -13.8 324 0 7.6 9.1 7.5 2.5 2 1 3 4 4
6184.5 -5168.1 -13.5 324 0 9.5 7.3 7.5 0.0 0 0 3 1 1
6157.5 -5169.0 -14.2 237 0 6.6 8.3 7.5 2.5 2 1 3 2 2
6145.7 -5168.2 -14.6 231 0 6.9 9.5 7.5 2.5 4 1 3 3 3
6159.7 -5181.9 -14.1 236 0 8.7 7.0 5.0 2.5 4 0 2 1 1
6127.3 -5179.8 -15.0 238 0 7.7 8.4 2.5 2.5 2 1 1 2 2
6125.6 -5167.6 -14.8 234 0 6.8 7.3 7.5 0.0 0 1 3 5 5
6116.4 -5180.9 -15.1 231 0 7.5 7.7 5.0 2.5 4 1 2 4 4
6111.9 -5167.4 -14.8 229 0 6.9 8.4 5.0 2.5 2 1 2 3 3
6084.7 -5172.7 -14.7 145 0 9.1 7.4 2.5 2.5 2 0 1 3 3
6062.1 -5174.2 -15.8 331 0 6.6 8.9 7.5 2.5 2 1 3 2 2
6070.2 -5183.8 -15.7 329 0 7.4 10.4 7.5 2.5 2 1 3 3 3
6077.7 -5195.5 -15.5 317 0 6.9 9.2 7.5 2.5 4 1 3 4 4
6083.8 -5202.0 -15.5 310 0 6.4 8.8 2.5 2.5 4 1 1 4 4
6088.8 -5209.0 -15.6 309 0 6.9 9.5 7.5 2.5 2 1 3 3 3
6108.3 -5236.4 -15.6 238 0 9.9 8.2 10.0 2.5 2 0 4 1 1
6122.6 -5252.2 -15.4 331 0 8.4 9.6 5.0 2.5 2 1 2 1 1
6128.0 -5266.2 -15.2 333 0 7.6 8.9 5.0 0.0 0 1 2 4 4
6132.7 -5283.6 -15.0 63 0 7.1 7.3 7.5 2.5 4 1 3 1 1
6137.1 -5295.8 -14.9 61 0 9.0 7.7 7.5 2.5 2 0 3 2 2
6148.3 -5319.2 -14.4 239 0 8.4 7.3 10.0 0.0 0 0 4 0 0
6158.2 -5329.4 -14.4 330 0 7.4 8.4 7.5 2.5 2 1 3 5 5
6121.5 -5308.7 -15.3 93 0 11.0 19.5 5.0 2.5 2 1 2 3 3
6026.1 -5250.5 -16.9 241 0 19.4 10.4 7.5 2.5 4 0 3 2 2
6008.8 -4717.4 -18.8 166 0 7.0 13.2 5.0 2.5 2 1 2 4 4
6094.1 -4436.1 -18.2 84 0 7.4 10.0 7.5 2.5 4 1 3 0 0
6138.9 -4541.9 -18.2 272 0 10.9 36.2 7.5 2.5 2 1 3 5 5
6105.2 -4574.4 -18.5 183 0 12.4 20.5 10.0 0.0 0 1 4 4 4
6099.1 -4556.1 -18.6 195 0 20.2 9.3 7.5 0.0 0 0 3 0 0
6126.5 -4596.6 -18.4 91 0 13.7 7.2 10.0 2.5 2 0 4 2 2
6082.3 -4406.4 -18.3 268 0 6.2 7.2 7.5 2.5 2 1 3 0 0
6055.5 -4387.0 -19.3 178 0 8.8 9.0 5.0 2.5 2 1 2 1 1
5850.2 -4686.1 -22.3 351 0 7.2 8.1 2.5 2.5 2 1 1 2 2
6055.3 -5325.2 -16.5 250 0 13.1 8.5 2.5 2.5 2 0 1 3 3
6748.3 -6555.5 2.6 77 0 8.4 27.7 5.0 2.5 2 1 2 4 4
4436.0 3698.6 -27.7 287 0 8.0 6.1 10.0 2.5 2 0 4 1 1
4462.1 3690.1 -27.4 279 0 7.8 8.1 7.5 2.5 2 1 3 3 3
4374.1 3682.1 -29.6 189 0 9.9 10.6 2.5 2.5 4 1 1 0 0
4393.6 3835.2 -28.4 20 0 6.5 10.2 5.0 2.5 2 1 2 1 1
6649.3 1772.1 -24.2 12 0 8.8 9.0 14.0 3.5 2 1 4 3 3
6559.5 1934.2 -26.7 270 0 9.7 7.4 14.0 3.5 2 0 4 2 2
6574.1 1914.9 -26.8 0 0 6.5 14.7 14.0 3.5 2 1 4 0 0
6605.9 1898.3 -27.2 358 0 9.8 15.2 14.0 0.0 0 1 4 3 3
6576.2 1905.3 -26.8 357 0 6.5 11.5 14.0 3.5 4 1 4 0 0
6588.7 1853.1 -26.0 80 0 11.8 8.4 14.0 3.5 2 0 4 3 3
6686.0 1748.0 -24.7 2 0 13.0 6.8 14.0 3.5 2 0 4 4 4
6685.1 1766.8 -24.4 15 0 11.9 13.4 14.0 3.5 4 1 4 2 2
6688.3 1808.9 -24.6 2 0 39.1 13.3 14.0 3.5 2 0 4 1 1
6657.2 1836.5 -25.0 181 0 14.5 31.5 14.0 3.5 2 1 4 3 3
6657.0 1773.9 -24.1 191 0 17.8 9.3 14.0 3.5 2 0 4 0 0
6653.4 1752.8 -24.3 186 0 8.5 10.9 14.0 3.5 2 1 4 2 2
6651.6 1734.4 -24.7 199 0 7.2 11.3 14.0 0.0 0 1 4 1 1
6660.4 1714.9 -25.0 11 0 7.2 10.6 14.0 0.0 0 1 4 0 0
6519.1 1896.2 -26.0 165 0 12.3 13.1 14.0 3.5 4 1 4 2 2
6578.2 1779.2 -25.5 200 0 9.5 11.3 14.0 3.5 2 1 4 0 0
6638.2 1692.0 -25.2 107 0 14.1 12.1 14.0 0.0 0 0 4 5 5
6603.3 1804.2 -24.9 269 0 9.3 8.7 14.0 3.5 4 0 4 5 5
6651.6 1836.8 -25.1 358 0 19.9 9.2 14.0 0.0 0 0 4 2 2
6626.9 1806.2 -24.8 349 0 18.3 8.1 14.0 3.5 2 0 4 1 1
6612.3 1773.8 -24.8 16 0 9.8 12.0 14.0 3.5 2 1 4 1 1
6635.0 1776.1 -24.4 11 0 15.2 10.8 14.0 3.5 2 0 4 0 0
6629.2 1739.6 -24.5 15 0 7.7 11.6 14.0 3.5 2 1 4 2 2
6638.7 1746.3 -24.4 273 0 13.3 13.5 14.0 0.0 0 1 4 3 3
6620.1 1696.5 -24.9 94 0 13.8 12.8 14.0 0.0 0 0 4 5 5
6503.7 1849.7 -26.6 167 0 16.4 7.6 14.0 3.5 2 0 4 1 1
6571.7 1719.3 -26.1 184 0 7.7 16.2 14.0 3.5 2 1 4 5 5
