1953.5 -6830.0 9.3 315 0 98.6 62.6 12.5 0.0 0 0 5 0 0
5391.5 5710.6 -18.1 329 0 8.0 23.3 10.0 2.5 2 0 4 1 1
5300.4 5707.5 -17.6 149 0 8.1 20.4 12.5 2.5 2 0 5 3 3
6159.7 4489.0 -9.7 328 0 38.6 17.1 10.5 3.5 2 0 3 0 0
6862.5 901.0 4.6 183 0 35.1 10.2 10.0 2.5 2 0 4 3 3
6264.1 4442.9 -10.0 147 0 9.6 15.8 10.5 3.5 2 1 3 2 2
6218.6 4513.2 -8.2 148 0 20.9 17.6 10.5 3.5 4 0 3 3 3
6889.5 739.7 6.4 270 0 10.1 14.9 5.0 0.0 0 1 2 2 2
6134.7 4562.9 -8.8 326 0 40.4 37.6 10.5 0.0 0 0 3 3 3
6885.4 777.6 6.8 90 0 9.0 22.3 5.0 2.5 2 1 2 5 5
6234.8 4488.2 -8.8 149 0 16.3 20.0 10.5 3.5 2 1 3 5 5
6861.4 723.7 4.6 180 0 13.5 9.2 7.5 2.5 2 0 3 4 4
6145.2 4426.5 -9.8 146 0 49.1 18.1 10.5 3.5 2 0 3 5 5
6154.9 4618.2 -5.4 161 1 14.2 12.0 14.0 3.5 2 0 4 5 5
6107.0 4692.0 -3.3 165 1 10.2 17.7 14.0 3.5 2 1 4 3 3
6183.8 4446.1 -10.1 325 0 37.9 12.7 10.5 3.5 2 0 3 1 1
6179.1 4590.0 -6.1 151 1 10.2 13.8 14.0 3.5 2 1 4 1 1
6364.4 3957.8 -3.7 164 0 9.8 46.8 10.5 3.5 2 1 3 2 2
6309.9 4354.8 -12.4 269 0 24.5 13.9 14.0 3.5 4 0 4 1 1
6419.2 3934.6 -3.6 245 0 14.9 17.3 10.5 3.5 2 1 3 0 0
6414.6 3896.9 -3.5 354 0 10.5 9.8 10.5 3.5 4 0 3 4 4
6308.7 4422.0 -10.8 301 0 6.2 10.8 10.5 3.5 2 1 3 5 5
6358.0 4436.2 -10.5 250 0 25.8 10.9 10.5 3.5 2 0 3 4 4
6394.7 4416.1 -10.8 358 0 12.0 9.1 10.5 3.5 2 0 3 0 0
6061.8 4794.9 -0.4 237 0 8.6 10.3 14.0 3.5 2 1 4 5 5
6076.6 4775.4 -1.2 336 0 8.2 8.4 14.0 3.5 2 1 4 2 2
6030.2 4728.8 -3.9 239 0 9.8 21.6 10.5 0.0 0 1 3 0 0
6061.0 4695.0 -5.1 326 0 27.6 7.2 10.5 3.5 2 0 3 0 0
6116.9 4597.1 -8.1 330 0 13.3 42.8 10.5 3.5 2 1 3 4 4
6104.2 4509.8 -8.7 146 0 11.4 6.2 10.5 3.5 2 0 3 3 3
6112.7 4447.7 -8.8 238 0 9.2 8.8 10.5 0.0 0 0 3 4 4
6074.8 4359.5 -7.7 81 0 49.0 15.5 10.5 3.5 2 0 3 4 4
6201.4 4383.1 -10.4 82 0 7.3 20.5 10.5 3.5 2 1 3 1 1
6162.1 4381.1 -9.8 174 0 7.0 11.3 10.5 3.5 2 1 3 0 0
6174.8 4506.3 -9.8 328 0 40.1 14.6 10.5 3.5 4 0 3 4 4
6356.0 3957.1 -3.2 344 0 13.2 18.8 10.5 3.5 2 1 3 0 0
6002.5 4364.8 -6.5 171 0 9.5 25.7 10.5 3.5 2 1 3 1 1
5910.4 4369.5 -4.7 262 0 7.1 11.7 14.0 3.5 2 1 4 0 0
5910.1 4395.6 -4.6 352 0 41.1 10.0 14.0 3.5 2 0 4 4 4
5926.8 4451.1 -4.9 82 0 10.0 10.3 14.0 3.5 4 1 4 0 0
5954.9 4438.6 -5.6 262 0 22.9 54.1 14.0 3.5 2 1 4 5 5
