2520.2 6812.8 -8.4 270 0 6.5 20.3 7.5 2.5 2 0 3 0 0
2441.7 6768.4 -7.3 90 0 6.5 20.3 5.0 2.5 2 0 2 5 5
2223.4 6767.4 -6.2 90 0 6.5 20.3 7.5 2.5 2 0 3 2 2
2457.9 6812.8 -8.5 270 0 6.5 20.3 5.0 2.5 2 0 2 4 4
2286.1 6768.0 -6.4 90 0 6.5 20.3 2.5 2.5 2 0 1 2 2
2177.4 6813.1 -5.9 270 0 6.5 20.3 5.0 2.5 2 0 2 5 5
2348.7 6767.9 -6.2 90 0 6.5 20.3 5.0 2.5 2 0 2 3 3
2426.8 6813.0 -8.3 270 0 6.5 20.3 7.5 2.5 2 0 3 2 2
2333.2 6812.8 -7.1 270 0 6.5 20.3 7.5 2.5 2 0 3 3 3
2379.9 6768.1 -6.5 90 0 6.5 20.3 2.5 2.5 2 0 1 5 5
2535.1 6767.9 -7.8 90 0 6.5 20.3 2.5 2.5 2 0 1 2 2
2192.6 6767.6 -5.8 90 0 6.5 20.3 7.5 2.5 2 0 3 4 4
2254.7 6767.8 -6.5 90 0 6.5 20.3 7.5 2.5 2 0 3 1 1
2239.6 6813.0 -6.6 270 0 6.5 20.3 10.0 2.5 2 0 4 1 1
2489.1 6812.9 -8.5 270 0 6.5 20.3 5.0 2.5 2 0 2 3 3
2395.6 6812.8 -7.2 270 0 6.5 20.3 5.0 2.5 2 0 2 5 5
2317.5 6767.8 -6.2 90 0 6.5 20.3 2.5 2.5 2 0 1 3 3
2472.9 6768.3 -7.5 90 0 6.5 20.3 10.0 2.5 2 0 4 5 5
2161.5 6767.2 -5.4 90 0 6.5 20.3 7.5 2.5 2 0 3 5 5
2364.4 6812.9 -7.1 270 0 6.5 20.3 5.0 2.5 2 0 2 1 1
2504.1 6768.3 -7.5 90 0 6.5 20.3 2.5 2.5 2 0 1 4 4
2270.8 6812.9 -7.0 270 0 6.5 20.3 7.5 2.5 2 0 3 4 4
2208.4 6812.9 -6.3 270 0 6.5 20.3 5.0 2.5 2 0 2 2 2
2302.2 6813.0 -7.1 270 0 6.5 20.3 5.0 2.5 2 0 2 3 3
2410.9 6768.0 -6.7 90 0 6.5 20.3 7.5 2.5 2 0 3 4 4
2016.8 6917.2 -5.5 271 0 25.6 16.2 10.0 2.5 2 0 4 0 0
2105.8 6772.3 -4.7 89 0 25.3 16.2 12.5 0.0 0 0 5 2 2
2012.6 6800.3 -2.8 0 0 16.1 25.7 7.5 2.5 2 1 3 2 2
6913.3 6515.2 -19.9 276 0 14.2 13.1 5.0 2.5 2 0 2 1 1
6630.5 6549.1 -18.0 260 0 47.3 37.0 17.5 0.0 0 0 5 3 3
6641.2 6571.5 -14.7 76 0 14.5 46.9 17.5 3.5 2 1 5 4 4
6833.0 6696.1 -14.8 255 1 12.2 10.1 17.5 3.5 2 0 5 4 4
6700.6 6683.4 -13.6 345 0 13.9 31.9 17.5 0.0 0 1 5 5 5
6767.6 6915.9 -11.7 356 0 45.3 11.9 17.5 0.0 0 0 5 2 2
6562.0 6580.1 -19.9 156 0 23.3 16.9 17.5 3.5 4 0 5 3 3
6699.4 6885.5 -10.5 94 0 10.3 49.5 17.5 3.5 2 1 5 3 3
6594.1 6609.3 -18.5 257 0 36.3 16.9 17.5 3.5 2 0 5 3 3
6699.3 6649.1 -14.1 345 0 32.8 13.9 17.5 3.5 4 0 5 5 5
6784.6 -4242.9 -16.5 266 0 7.9 6.9 14.0 3.5 2 0 4 1 1
2761.9 -6130.2 -9.4 126 0 9.1 18.1 2.5 0.0 0 1 1 4 4
2873.0 -6128.2 -9.1 319 0 12.8 17.6 10.0 0.0 0 1 4 3 3
3208.7 6458.2 7.8 4 0 58.8 47.2 7.5 0.0 0 0 3 5 5
3166.0 6553.9 10.2 292 0 8.2 51.9 10.0 2.5 2 1 4 1 1
3187.9 6613.9 8.4 261 0 11.3 61.7 12.5 2.5 2 1 5 5 5
6653.7 2013.2 -3.2 152 0 18.3 20.3 7.5 0.0 0 1 3 0 0
3809.4 2561.5 -15.5 89 0 18.6 30.3 12.5 2.5 2 1 5 2 2
6911.8 5778.4 -16.3 256 0 14.6 10.6 17.5 3.5 4 0 5 4 4
6911.5 5787.1 -16.5 346 0 11.5 10.2 17.5 3.5 2 0 5 5 5
6873.4 5782.4 -17.0 76 0 12.9 13.2 14.0 3.5 2 1 4 5 5
6891.9 5773.5 -16.6 346 0 10.7 17.2 17.5 3.5 2 1 5 4 4
6896.9 5735.0 -15.9 346 0 11.5 19.1 17.5 3.5 2 1 5 2 2
6847.8 5751.3 -15.7 256 0 17.0 12.3 17.5 3.5 2 0 5 0 0
6825.9 5716.3 -15.8 76 0 12.1 6.3 17.5 3.5 2 0 5 1 1
6820.7 5746.2 -15.6 256 0 14.7 12.5 17.5 3.5 4 0 5 5 5
6813.9 5761.8 -15.6 256 0 16.3 12.4 17.5 3.5 2 0 5 2 2
6840.5 5776.2 -15.9 76 0 20.1 12.3 14.0 3.5 2 0 4 1 1
6775.4 5784.0 -15.6 164 0 11.0 13.8 14.0 3.5 2 1 4 1 1
6814.4 5769.0 -15.6 76 0 18.3 12.6 14.0 3.5 4 0 4 1 1
6812.1 5816.5 -16.2 256 0 29.5 14.8 14.0 3.5 2 0 4 0 0
6867.3 5925.2 -18.2 166 0 12.7 12.6 17.5 3.5 2 0 5 0 0
6904.1 5934.2 -18.0 346 0 14.7 19.8 17.5 3.5 2 1 5 1 1
6857.1 5949.4 -18.5 166 0 23.6 48.0 17.5 3.5 2 1 5 3 3
6846.1 5990.6 -18.6 166 0 23.0 49.6 17.5 3.5 2 1 5 4 4
6702.5 6064.0 -13.9 166 0 11.6 19.7 17.5 3.5 2 1 5 0 0
6774.7 5962.0 -18.1 11 0 13.0 21.0 17.5 3.5 4 1 5 3 3
6727.2 5968.3 -16.4 166 0 9.5 18.6 17.5 3.5 2 1 5 3 3
6758.8 6021.2 -15.8 76 0 10.7 15.9 17.5 3.5 2 1 5 5 5
6741.3 6036.4 -14.7 76 0 11.7 16.6 17.5 3.5 4 1 5 4 4
6750.9 6000.2 -15.9 74 0 8.5 17.6 17.5 3.5 2 1 5 1 1
6770.4 6002.0 -16.7 74 0 7.7 14.0 17.5 3.5 2 1 5 5 5
6876.6 6037.5 -17.4 74 0 16.4 13.5 17.5 3.5 2 0 5 5 5
6830.5 6019.6 -18.2 95 0 8.4 11.3 17.5 3.5 2 1 5 3 3
6808.8 6020.6 -17.8 76 0 13.8 18.2 17.5 3.5 2 1 5 3 3
6777.8 6084.1 -15.4 270 0 17.7 17.4 17.5 3.5 2 0 5 3 3
6858.9 6132.9 -15.2 350 0 10.4 18.9 17.5 3.5 2 1 5 1 1
6731.0 6262.2 -14.0 163 0 12.0 8.9 14.0 3.5 4 0 4 1 1
6758.3 6188.1 -14.0 73 0 15.0 12.6 14.0 3.5 2 0 4 5 5
6790.1 6228.7 -14.6 73 0 9.8 29.8 14.0 3.5 4 1 4 5 5
3392.1 6919.8 -4.1 271 0 34.5 15.9 10.0 2.5 2 0 4 0 0
6909.0 6371.1 -21.2 342 0 10.5 13.3 17.5 3.5 2 1 5 0 0
6902.5 6347.3 -20.3 255 0 7.2 9.6 17.5 3.5 2 1 5 3 3
