122.0 -4751.4 149.9 144 0 10.1 34.5 12.5 2.5 2 1 5 5 5
206.4 -3819.9 164.1 82 0 32.6 14.9 14.0 3.5 2 0 4 2 2
118.0 -3996.5 155.6 12 0 18.5 36.8 14.0 0.0 0 1 4 4 4
4675.0 5325.5 -333.3 5 0 11.4 24.1 14.0 3.5 2 0 4 5 5
4701.7 5384.5 -335.0 1 0 13.3 11.0 14.0 3.5 2 0 4 2 2
4683.4 5390.7 -334.4 271 0 14.8 12.6 14.0 3.5 2 0 4 0 0
4677.8 5281.0 -332.3 2 0 7.7 23.7 16.0 3.5 2 0 4 3 3
4655.0 5382.0 -333.4 274 0 21.2 12.2 14.0 3.5 2 0 4 2 2
4647.8 5436.7 -331.0 88 0 13.1 7.5 14.0 3.5 2 0 4 1 1
4698.6 5351.6 -335.5 2 1 12.8 13.7 14.0 3.5 2 0 4 0 0
4649.8 5450.8 -331.0 84 0 14.1 6.0 14.0 3.5 2 0 4 3 3
4647.1 5456.5 -330.9 83 0 10.4 10.4 14.0 3.5 2 0 4 0 0
4645.3 5473.1 -330.9 87 0 12.0 10.4 14.0 3.5 2 0 4 5 5
4638.1 5498.4 -330.9 165 0 6.3 15.9 14.0 3.5 2 0 4 1 1
4675.1 5464.3 -331.6 89 1 12.2 15.0 14.0 3.5 2 0 4 5 5
4640.5 5528.4 -330.1 87 0 10.3 17.2 14.0 3.5 2 0 4 5 5
4672.4 5407.7 -332.8 12 0 9.2 19.8 14.0 3.5 2 0 4 4 4
4652.2 5587.1 -327.7 332 1 10.3 12.5 14.0 3.5 2 0 4 0 0
4635.5 5577.5 -328.7 340 0 12.8 10.4 14.0 3.5 2 0 4 0 0
4638.4 5561.4 -329.3 344 0 15.2 7.9 14.0 3.5 2 0 4 2 2
4650.6 5404.3 -331.9 86 0 10.8 23.6 14.0 3.5 2 0 4 1 1
4714.9 5413.5 -334.8 39 0 12.4 26.3 14.0 3.5 2 0 4 1 1
4734.4 5438.5 -335.3 75 0 16.4 7.2 14.0 3.5 2 0 4 4 4
4735.9 5430.5 -335.5 76 0 14.9 7.2 14.0 3.5 2 0 4 1 1
4756.0 5453.8 -335.3 91 0 7.6 25.8 14.0 3.5 2 0 4 0 0
4893.7 5441.7 -343.3 84 0 9.9 18.1 14.0 0.0 0 0 4 4 4
4861.7 5434.9 -342.7 116 0 6.1 8.9 14.0 3.5 2 0 4 1 1
4857.8 5416.4 -341.0 269 0 11.3 22.4 14.0 3.5 2 0 4 4 4
4843.5 5408.7 -340.2 270 0 10.8 22.9 14.0 0.0 0 0 4 1 1
4871.6 5417.1 -341.3 262 0 9.8 13.2 14.0 3.5 2 0 4 1 1
4816.0 5338.2 -338.1 177 1 12.7 17.5 14.0 3.5 2 0 4 2 2
4736.4 5282.8 -334.1 183 0 8.3 19.7 14.0 3.5 2 0 4 1 1
4604.2 5645.9 -327.0 333 0 6.0 12.4 14.0 3.5 2 1 4 4 4
4560.8 5669.0 -328.5 304 1 10.6 13.0 14.0 3.5 2 1 4 0 0
4571.3 5591.5 -328.8 178 0 11.0 19.0 14.0 3.5 2 1 4 2 2
4579.0 5575.1 -328.0 172 0 7.8 20.2 14.0 3.5 2 1 4 1 1
4477.2 5634.3 -334.7 124 1 10.2 12.8 14.0 3.5 4 1 4 1 1
4518.8 5682.3 -330.3 296 1 11.0 12.3 14.0 3.5 2 1 4 4 4
4511.1 5635.7 -331.8 108 0 21.2 8.6 14.0 3.5 2 0 4 2 2
4476.5 5613.9 -335.5 114 1 19.5 10.2 14.0 3.5 2 0 4 1 1
4527.4 5601.0 -330.6 95 0 18.3 15.7 14.0 3.5 4 0 4 0 0
4541.9 5524.4 -328.4 180 0 8.2 7.4 14.0 3.5 2 0 4 5 5
4511.5 5509.8 -327.3 179 1 12.2 16.2 14.0 3.5 2 1 4 0 0
4554.5 5513.7 -328.7 176 0 10.7 6.1 14.0 0.0 0 0 4 1 1
4596.6 5524.9 -329.9 174 0 7.4 19.6 14.0 3.5 2 1 4 0 0
4608.7 5498.3 -329.7 88 0 6.4 7.3 14.0 3.5 4 1 4 2 2
4610.9 5482.7 -330.0 87 0 15.5 15.7 14.0 3.5 2 1 4 1 1
4606.0 5464.1 -329.9 178 0 9.5 15.7 14.0 3.5 2 1 4 4 4
4608.0 5450.6 -329.9 175 0 8.9 15.4 14.0 3.5 2 1 4 2 2
4606.7 5374.4 -329.6 269 0 8.0 14.2 14.0 3.5 2 1 4 0 0
4627.3 5330.8 -330.8 283 0 12.0 18.7 14.0 3.5 4 1 4 1 1
4622.3 5297.6 -331.2 182 0 19.1 9.7 14.0 3.5 2 0 4 2 2
4612.0 5252.4 -332.0 177 0 8.2 23.8 14.0 3.5 2 1 4 0 0
4600.4 5243.2 -331.8 178 0 7.5 32.8 14.0 3.5 2 1 4 1 1
4580.1 5414.3 -325.9 313 1 16.3 10.8 14.0 0.0 0 0 4 5 5
4521.5 5428.9 -321.3 203 0 16.0 26.5 14.0 3.5 4 1 4 3 3
4507.2 5469.6 -323.5 181 1 10.1 11.2 14.0 3.5 2 1 4 4 4
4668.0 5260.7 -332.3 5 0 7.3 17.9 14.0 3.5 2 1 4 0 0
4754.3 5162.4 -326.6 168 0 11.0 12.1 10.5 3.5 4 1 3 5 5
4789.6 5159.8 -324.2 249 0 15.2 11.5 10.5 3.5 2 0 3 0 0
4845.1 5215.1 -330.3 331 0 12.2 8.7 10.5 3.5 4 0 3 3 3
4806.7 5122.2 -321.0 72 0 13.3 10.8 10.5 3.5 4 0 3 3 3
4815.6 5174.6 -325.4 238 0 14.1 9.8 10.5 3.5 2 0 3 2 2
4835.5 5140.6 -320.5 65 0 14.8 8.9 10.5 3.5 2 0 3 4 4
4756.8 5238.7 -331.8 17 1 12.7 16.1 14.0 3.5 2 1 4 4 4
4732.8 5211.5 -330.5 317 0 6.5 6.3 10.5 3.5 2 0 3 0 0
4681.1 5131.8 -328.4 360 0 7.3 24.4 14.0 3.5 2 1 4 3 3
4666.1 5121.0 -327.8 359 0 6.8 10.0 14.0 3.5 4 1 4 4 4
4665.0 5110.1 -327.3 4 0 7.8 10.4 14.0 3.5 2 1 4 1 1
4676.8 5063.1 -324.6 111 0 8.1 9.2 14.0 3.5 2 1 4 4 4
4678.3 5244.4 -332.4 3 0 8.4 12.9 14.0 3.5 2 1 4 0 0
4855.1 4923.7 -313.7 180 0 7.5 7.9 10.5 3.5 2 1 3 5 5
4868.7 4939.4 -314.4 232 0 8.2 11.2 10.5 3.5 2 1 3 5 5
4707.7 5008.8 -319.6 115 0 15.9 10.4 14.0 3.5 2 0 4 4 4
4727.8 5004.2 -317.0 117 1 13.7 12.2 14.0 3.5 2 0 4 2 2
4848.9 5045.8 -314.7 354 0 9.7 12.8 10.5 3.5 2 1 3 3 3
4820.1 5059.6 -315.1 221 0 9.5 13.9 10.5 3.5 2 1 3 5 5
4834.8 4994.6 -315.5 146 0 10.2 11.9 10.5 3.5 2 1 3 0 0
4898.6 4920.3 -314.2 76 0 12.6 10.7 10.5 3.5 2 0 3 0 0
4808.4 4909.8 -312.4 74 1 10.9 17.5 14.0 3.5 2 1 4 3 3
4917.3 5002.1 -312.1 128 0 16.5 10.3 7.5 2.5 2 0 3 3 3
4956.3 5004.6 -310.1 36 0 11.0 20.0 7.5 0.0 0 1 3 3 3
4867.6 4836.7 -308.9 149 0 12.4 13.3 10.5 3.5 2 1 3 5 5
4880.5 4818.2 -306.9 135 0 14.4 19.3 10.5 3.5 2 1 3 0 0
4934.3 4826.0 -309.6 330 0 15.1 13.9 10.5 3.5 2 0 3 3 3
4839.1 4843.2 -309.3 251 1 10.5 13.8 14.0 3.5 2 1 4 5 5
4798.7 4846.2 -307.7 274 1 14.9 11.7 14.0 3.5 2 0 4 3 3
4782.3 4903.2 -312.1 79 1 10.1 22.5 14.0 3.5 2 1 4 0 0
4781.2 4985.5 -315.1 324 0 34.7 10.0 14.0 3.5 2 0 4 0 0
4728.3 4833.5 -310.6 249 1 17.3 10.0 14.0 3.5 2 0 4 2 2
4640.8 4890.2 -320.3 132 0 12.9 24.8 14.0 3.5 2 1 4 4 4
4557.5 4939.4 -326.8 148 1 11.7 12.7 14.0 3.5 2 1 4 1 1
4327.8 5102.4 -347.5 359 0 11.8 17.5 7.5 2.5 4 1 3 0 0
4333.9 5060.0 -347.0 22 0 8.0 13.9 7.5 2.5 2 1 3 1 1
4271.8 5038.1 -341.6 102 0 11.1 14.4 7.5 2.5 4 1 3 2 2
4277.9 5098.8 -347.3 281 0 11.6 8.2 7.5 2.5 2 0 3 4 4
4234.9 5121.1 -347.4 302 0 14.1 9.9 7.5 2.5 2 0 3 5 5
4351.3 4984.2 -338.0 273 0 14.3 8.4 7.5 2.5 2 0 3 4 4
4185.6 5086.4 -345.8 12 0 7.9 10.3 7.5 2.5 2 1 3 4 4
4191.3 5135.7 -349.9 300 0 7.8 13.7 7.5 2.5 2 1 3 5 5
4153.2 5217.3 -357.0 354 0 11.0 12.7 7.5 2.5 2 1 3 2 2
4071.5 5220.5 -359.8 207 0 7.2 14.2 7.5 2.5 2 1 3 3 3
4098.0 5141.3 -354.3 34 0 11.9 17.0 7.5 2.5 2 1 3 4 4
3979.2 5157.2 -357.4 74 0 11.5 8.6 5.0 2.5 2 0 2 4 4
3911.6 5190.9 -361.5 174 0 6.6 14.9 7.5 0.0 0 1 3 2 2
3944.5 5071.7 -344.8 262 0 6.4 15.1 7.5 2.5 4 1 3 3 3
3922.6 5016.3 -340.5 77 0 8.6 9.6 7.5 2.5 2 1 3 4 4
3733.2 5110.6 -361.2 334 0 6.8 9.2 7.5 2.5 4 1 3 4 4
4237.2 4897.6 -323.3 226 0 8.1 15.3 7.5 2.5 2 1 3 3 3
4484.8 5108.7 -336.7 262 0 12.9 9.0 7.5 2.5 2 0 3 0 0
4433.0 4851.6 -313.4 266 1 13.6 10.1 10.0 2.5 2 0 4 5 5
4398.5 4831.9 -309.1 228 0 9.9 10.7 7.5 2.5 2 1 3 0 0
4367.6 4820.8 -310.9 241 0 11.9 9.6 7.5 2.5 2 0 3 5 5
324.5 -5326.0 254.3 69 0 7.0 51.6 12.5 2.5 2 1 5 5 5
-2659.1 3636.1 -335.3 157 0 11.1 13.7 7.5 2.5 2 1 3 4 4
-2668.5 3588.3 -344.0 143 0 11.9 19.2 5.0 2.5 2 1 2 5 5
-2622.5 3555.0 -335.6 230 0 17.7 12.8 7.5 2.5 4 0 3 1 1
1220.5 -2954.8 272.9 47 0 12.7 9.6 5.0 2.5 2 0 2 3 3
1153.3 -2933.6 268.2 239 0 17.9 16.9 10.0 2.5 2 0 4 3 3
994.1 -2449.9 163.0 353 0 9.8 40.1 7.5 0.0 0 1 3 1 1
1763.1 -3023.9 183.7 63 0 19.1 15.2 7.5 2.5 2 0 3 3 3
1892.9 -3111.1 195.2 239 0 7.5 22.4 7.5 2.5 2 1 3 2 2
962.7 -3019.4 232.4 133 0 7.1 21.5 5.0 2.5 2 1 2 3 3
5155.2 -5943.9 353.3 346 0 8.6 26.7 15.0 2.5 4 1 6 3 3
