-276.6 5021.4 -10.1 186 0 13.5 36.6 10.0 2.5 2 1 4 1 1
-401.1 5008.2 -12.2 153 0 20.6 24.1 12.5 2.5 2 1 5 1 1
4409.6 -5967.6 -0.7 337 0 7.1 10.2 5.0 2.5 2 1 2 5 5
6816.7 -4816.8 -10.6 98 0 11.1 28.4 7.5 2.5 2 1 3 3 3
6791.4 -4685.2 -12.2 353 0 21.1 10.9 7.5 2.5 2 0 3 4 4
6788.1 -4720.1 -11.2 14 0 22.2 11.5 10.0 2.5 2 0 4 1 1
3435.8 -2761.9 -16.1 81 0 15.5 7.7 5.0 2.5 2 0 2 2 2
3820.2 -4021.3 -17.7 91 0 10.9 32.5 10.0 2.5 2 1 4 4 4
3732.2 -4175.3 -12.3 79 0 12.9 34.2 10.0 2.5 2 1 4 4 4
3667.4 -4004.1 -14.6 281 0 11.1 29.6 7.5 2.5 2 1 3 3 3
3566.0 -3995.0 -15.5 159 0 10.9 19.0 5.0 2.5 2 1 2 1 1
3636.5 -3985.7 -15.5 277 0 29.3 11.7 7.5 2.5 2 0 3 4 4
3606.9 -3980.4 -15.6 278 0 7.0 33.4 12.5 2.5 2 1 5 5 5
3644.1 -4042.7 -14.0 122 0 11.1 11.3 5.0 2.5 2 1 2 5 5
3630.2 -4033.8 -14.3 121 0 11.2 10.8 5.0 2.5 2 0 2 1 1
3690.7 -4068.1 -13.2 28 0 19.3 10.4 7.5 2.5 2 0 3 5 5
3794.8 -3986.9 -16.5 180 0 21.6 8.0 10.0 0.0 0 0 4 2 2
3831.1 -3978.8 -18.3 358 0 8.0 16.0 5.0 2.5 2 1 2 3 3
3793.6 -4046.6 -15.3 187 0 13.8 9.7 5.0 2.5 2 0 2 5 5
3843.2 -4087.7 -18.0 295 0 13.3 11.9 7.5 2.5 2 0 3 5 5
3832.7 -4141.7 -17.8 182 0 12.8 8.8 10.0 2.5 2 0 4 2 2
-3884.3 -1086.0 12.9 148 0 14.1 11.3 7.5 2.5 2 0 3 3 3
-3591.1 -712.6 13.4 223 0 15.7 13.4 5.0 0.0 0 0 2 4 4
-3558.8 -691.6 14.9 315 0 8.4 11.1 5.0 2.5 2 1 2 3 3
2350.8 -302.1 -9.4 87 0 24.6 13.4 12.5 2.5 2 0 5 0 0
983.6 -4104.9 9.2 161 0 16.8 15.3 12.5 2.5 2 0 5 1 1
