-1731.5 6109.6 10.9 212 0 16.0 8.7 7.5 2.5 2 0 3 3 3
-1830.6 6205.6 16.7 78 0 17.3 11.3 7.5 2.5 2 0 3 5 5
-1808.9 6114.8 11.4 84 0 12.3 10.1 7.5 2.5 2 0 3 3 3
-1845.6 6108.8 10.9 87 0 6.8 12.9 7.5 2.5 2 1 3 2 2
-1928.0 6156.8 12.8 356 0 8.5 14.3 5.0 2.5 2 1 2 5 5
-1822.9 6232.6 18.1 350 0 8.4 15.3 7.5 2.5 2 1 3 3 3
-4576.1 6586.5 0.4 345 0 13.9 17.1 2.5 2.5 2 1 1 4 4
-2634.3 4306.7 -4.9 194 0 9.0 13.6 10.0 2.5 2 1 4 0 0
-2920.4 4730.3 -3.0 83 0 14.2 9.9 7.5 2.5 2 0 3 3 3
-2822.0 4728.9 -4.7 289 0 13.1 9.4 2.5 2.5 2 0 1 0 0
-2749.0 4712.4 -5.6 2 0 10.7 8.4 7.5 2.5 2 0 3 2 2
-2642.3 4695.2 -6.4 97 0 9.5 16.1 7.5 2.5 2 1 3 2 2
-2469.7 4690.0 -11.4 88 0 9.8 9.3 7.5 2.5 2 0 3 2 2
-2335.5 4671.5 -14.6 286 0 9.5 13.3 5.0 2.5 2 1 2 0 0
-2244.0 4663.5 -15.8 294 0 12.1 10.1 5.0 2.5 2 0 2 3 3
-2219.9 4634.6 -17.2 83 0 8.9 11.9 7.5 2.5 2 1 3 4 4
-2375.9 4334.4 -10.9 16 0 9.4 12.3 10.0 0.0 0 1 4 0 0
-2429.8 4228.9 -7.5 272 0 10.0 8.0 7.5 2.5 2 0 3 5 5
-2476.3 4283.8 -8.0 111 0 12.2 15.6 5.0 2.5 2 1 2 4 4
-2541.5 4005.3 1.2 118 0 14.6 9.8 10.0 2.5 2 0 4 3 3
-2616.7 3895.8 7.5 113 0 9.9 7.8 7.5 2.5 2 0 3 3 3
-2654.4 3954.9 6.1 202 0 13.4 10.6 7.5 2.5 2 0 3 0 0
-2657.9 3921.4 7.5 198 0 14.3 11.5 5.0 0.0 0 0 2 1 1
-2641.6 4127.1 0.3 114 0 7.1 10.0 7.5 2.5 4 1 3 4 4
-2634.9 4169.9 -0.7 0 0 7.0 8.8 7.5 2.5 2 1 3 2 2
-2607.5 4244.0 -3.1 275 0 7.8 19.1 10.0 2.5 2 1 4 4 4
-2598.2 4342.1 -6.8 279 0 10.8 13.8 5.0 2.5 2 1 2 3 3
-3217.6 4569.4 -0.4 87 0 11.5 10.7 7.5 2.5 4 0 3 5 5
-3271.2 4642.7 6.4 82 0 10.3 11.1 5.0 2.5 2 1 2 3 3
-3261.9 4826.2 -0.8 89 0 12.1 9.0 7.5 2.5 2 0 3 0 0
-3237.2 4715.1 3.3 75 0 21.4 11.6 10.0 2.5 4 0 4 1 1
-3374.6 4599.0 6.3 90 0 9.7 11.6 7.5 2.5 4 1 3 2 2
-3382.2 4679.1 9.1 30 0 10.2 12.9 7.5 2.5 2 1 3 4 4
-3411.1 4760.6 5.2 52 0 11.5 8.2 7.5 2.5 2 0 3 1 1
-3411.4 4777.9 4.5 328 0 9.4 13.2 7.5 2.5 2 1 3 2 2
-3216.8 4033.3 9.4 102 0 12.9 17.3 7.5 2.5 4 1 3 3 3
-3401.1 4219.1 7.0 31 0 10.5 10.7 10.0 2.5 2 1 4 5 5
-3474.8 4331.1 -2.3 45 0 11.3 9.4 5.0 2.5 2 0 2 3 3
-3845.6 3892.4 25.7 355 0 7.8 9.5 7.5 0.0 0 1 3 0 0
-4129.1 3966.3 19.1 94 0 14.2 9.5 7.5 2.5 2 0 3 0 0
-4089.2 3954.4 19.5 87 0 12.7 11.6 7.5 2.5 2 0 3 5 5
-3949.0 3867.8 25.0 82 0 11.7 10.2 7.5 2.5 2 0 3 4 4
-3865.8 3933.9 23.2 343 0 14.9 10.1 5.0 2.5 2 0 2 1 1
-4845.5 4179.8 -13.9 150 0 9.2 24.8 5.0 2.5 2 1 2 5 5
-4672.8 4141.8 -6.9 171 0 7.9 12.1 5.0 2.5 2 1 2 1 1
-4649.9 4228.0 -6.8 249 0 10.1 9.2 7.5 2.5 4 0 3 2 2
-4612.5 4292.7 -5.8 61 0 12.8 7.8 10.0 2.5 2 0 4 4 4
-4536.9 4303.0 -6.1 275 0 10.5 8.3 7.5 2.5 2 0 3 0 0
-4628.7 4421.9 -3.1 78 0 16.2 20.6 10.0 2.5 2 1 4 4 4
-4455.4 4469.1 5.3 93 0 19.2 11.0 5.0 2.5 4 0 2 3 3
-4368.8 3983.8 8.5 68 0 11.8 10.2 2.5 2.5 2 0 1 0 0
-4370.1 4027.3 8.0 349 0 17.8 10.4 2.5 2.5 2 0 1 1 1
-4417.1 4021.8 7.9 171 0 9.3 13.6 7.5 2.5 2 1 3 0 0
-4469.0 4039.6 5.3 85 0 12.0 14.6 7.5 2.5 2 1 3 3 3
-4497.3 4063.0 4.2 146 0 10.4 15.5 7.5 2.5 2 1 3 0 0
-4463.5 4111.5 5.5 257 0 11.5 10.3 5.0 2.5 2 0 2 5 5
-4546.3 4241.4 -2.1 177 0 6.0 7.2 5.0 2.5 2 1 2 1 1
-4529.2 4207.5 -0.3 359 0 11.0 10.6 7.5 2.5 2 0 3 3 3
-4366.5 4270.9 0.7 270 0 11.5 7.7 10.0 2.5 2 0 4 5 5
-4378.8 4086.4 6.5 70 0 9.8 7.9 5.0 2.5 2 0 2 2 2
-4385.6 4130.4 5.3 237 0 9.2 7.2 7.5 2.5 4 0 3 4 4
-4404.9 4121.1 5.5 238 0 10.7 8.0 5.0 2.5 2 0 2 5 5
-4369.6 4162.4 4.2 201 0 9.3 12.1 7.5 2.5 2 1 3 2 2
-4339.5 4127.5 5.0 57 0 10.9 13.6 7.5 2.5 2 1 3 3 3
-4344.1 4192.7 3.3 257 0 10.0 12.1 7.5 2.5 2 1 3 3 3
-4325.9 4201.5 3.1 255 0 8.4 9.5 10.0 2.5 2 1 4 3 3
-4282.4 4271.5 4.2 137 0 14.5 18.2 10.0 2.5 2 1 4 1 1
-4218.8 4300.0 5.8 320 0 10.8 15.7 2.5 2.5 2 1 1 3 3
-4190.3 4267.1 5.6 100 0 8.4 9.8 7.5 2.5 2 1 3 4 4
-4127.2 4292.1 7.2 262 0 11.4 11.4 10.0 2.5 2 0 4 1 1
-4351.6 4480.8 6.3 177 0 10.1 13.3 7.5 2.5 2 1 3 3 3
-4308.2 4420.0 1.0 178 0 10.1 17.1 10.0 2.5 4 1 4 1 1
-4192.4 4484.0 11.7 268 0 8.4 9.5 7.5 2.5 2 1 3 4 4
-4188.0 4434.1 9.5 3 0 10.0 13.4 7.5 2.5 2 1 3 4 4
-4145.3 4392.4 9.5 103 0 9.8 9.9 7.5 0.0 0 1 3 5 5
-4090.3 4445.4 10.1 269 0 10.0 12.7 7.5 2.5 2 1 3 1 1
-3933.7 4089.7 13.9 106 0 11.3 9.6 5.0 2.5 4 0 2 0 0
-3955.5 4074.9 15.3 299 0 11.5 13.0 7.5 2.5 2 1 3 2 2
-3960.6 4123.5 13.4 161 0 10.5 18.7 2.5 2.5 2 1 1 3 3
-3994.5 4157.6 12.4 338 0 11.2 16.2 7.5 2.5 2 1 3 2 2
-3986.1 4185.4 11.7 173 0 7.2 12.2 10.0 2.5 2 1 4 4 4
-3966.4 4224.0 10.6 178 0 9.0 18.4 7.5 2.5 2 1 3 2 2
-3960.4 4285.4 9.5 181 0 10.5 7.2 5.0 2.5 2 0 2 0 0
-3959.4 4299.4 9.4 179 0 9.5 12.2 5.0 2.5 4 1 2 2 2
-4040.0 4377.1 8.9 92 0 10.4 11.0 7.5 2.5 2 1 3 5 5
-3994.5 4355.8 8.9 0 0 9.0 12.5 5.0 2.5 2 1 2 2 2
-3976.5 4367.2 8.2 187 0 9.1 17.1 7.5 2.5 2 1 3 4 4
-3976.5 4384.5 7.9 187 0 12.7 10.3 2.5 2.5 2 0 1 4 4
-3970.9 4426.2 7.6 144 0 9.1 12.7 7.5 2.5 2 1 3 5 5
-3944.7 4482.3 8.5 266 0 9.2 9.8 5.0 2.5 2 1 2 3 3
-3972.4 4471.0 8.8 183 0 13.1 10.4 10.0 0.0 0 0 4 1 1
-4057.1 4805.3 11.5 161 0 9.7 8.7 7.5 2.5 2 0 3 3 3
-3998.9 4817.4 10.1 173 0 9.4 17.2 2.5 2.5 2 1 1 4 4
-3973.1 4769.2 13.6 131 0 8.7 10.8 2.5 2.5 2 1 1 3 3
-3895.2 4812.0 4.5 170 0 8.6 19.4 5.0 0.0 0 1 2 2 2
-3982.8 4718.7 20.5 322 0 11.7 9.3 7.5 2.5 2 0 3 2 2
-3947.3 4666.9 19.8 327 0 9.8 8.2 7.5 2.5 2 0 3 4 4
-3528.2 4452.3 -1.4 71 0 15.5 8.4 7.5 2.5 2 0 3 4 4
-3515.3 4744.7 2.8 57 0 11.6 9.6 5.0 2.5 2 0 2 3 3
-3519.7 4675.8 9.1 267 0 9.2 15.6 7.5 2.5 2 1 3 3 3
-3609.9 4649.1 5.5 338 0 11.8 10.4 2.5 2.5 2 0 1 2 2
-3668.7 4670.6 5.2 162 0 8.5 11.5 7.5 2.5 2 1 3 1 1
-3671.2 4587.9 4.3 345 0 7.0 9.5 5.0 0.0 0 1 2 5 5
-3679.0 4607.7 5.4 346 0 18.0 10.4 7.5 2.5 2 0 3 1 1
-3735.4 4638.8 9.8 344 0 8.8 17.4 7.5 2.5 2 1 3 4 4
-3859.2 4645.5 11.6 164 0 9.7 28.2 7.5 2.5 2 1 3 3 3
-3799.1 4639.5 11.5 58 0 9.5 13.3 5.0 2.5 4 1 2 1 1
-3866.9 4590.2 11.2 167 0 23.3 7.7 7.5 2.5 2 0 3 3 3
-3856.7 4534.6 6.5 241 0 9.5 12.5 10.0 2.5 2 1 4 0 0
-3747.4 4308.6 6.9 176 0 7.3 15.4 7.5 2.5 2 1 3 2 2
-3582.9 4374.8 2.1 58 0 11.6 9.4 5.0 0.0 0 0 2 5 5
5282.5 -1665.4 -15.8 264 0 12.4 15.9 5.0 2.5 2 1 2 3 3
5321.2 -1507.5 -12.3 247 0 12.2 16.0 10.5 3.5 2 1 3 5 5
5299.5 -1525.6 -12.8 253 0 7.0 8.6 10.5 0.0 0 1 3 3 3
5288.7 -1566.5 -15.3 154 0 10.9 9.9 10.5 3.5 2 0 3 3 3
5245.8 -1592.9 -14.7 79 0 8.0 10.0 10.5 3.5 2 1 3 5 5
5307.4 -1569.9 -15.6 64 0 10.9 16.4 10.5 3.5 2 1 3 5 5
5324.9 -1550.1 -15.0 337 0 9.9 18.5 10.5 3.5 2 1 3 1 1
5181.5 -1512.1 -12.4 118 0 12.7 14.3 10.5 0.0 0 1 3 3 3
5261.0 -1544.3 -13.5 174 0 10.5 17.0 10.5 3.5 2 1 3 0 0
5236.8 -1570.7 -14.6 255 0 6.9 9.4 10.5 3.5 2 1 3 1 1
5224.5 -1524.4 -12.3 112 0 9.2 16.1 10.5 3.5 2 1 3 4 4
5213.1 -1512.3 -11.7 119 0 8.9 12.1 10.5 3.5 2 1 3 4 4
6670.9 3964.7 -32.8 256 0 10.5 29.9 10.0 2.5 2 1 4 2 2
6626.3 3956.5 -31.4 257 0 8.2 20.9 12.5 2.5 2 1 5 0 0
6634.0 3890.4 -32.0 168 0 25.5 8.1 12.5 2.5 2 0 5 3 3
