4406.7 2800.6 -20.3 293 0 156.0 15.5 12.5 0.0 0 0 5 4 4
286.0 25.7 -22.4 69 0 8.2 10.5 7.5 2.5 2 1 3 3 3
295.0 28.6 -22.4 81 0 8.2 7.2 2.5 2.5 2 0 1 3 3
332.3 35.8 -22.4 74 0 7.7 12.6 5.0 2.5 2 1 2 1 1
292.1 -209.9 -19.8 37 0 6.4 9.6 7.5 2.5 2 1 3 2 2
374.3 -284.8 -18.5 337 0 12.2 7.7 7.5 2.5 2 0 3 0 0
3880.4 6469.7 5.8 80 0 10.6 13.2 7.5 2.5 4 1 3 5 5
3911.5 6514.4 5.4 350 0 13.2 10.6 7.5 2.5 2 0 3 2 2
4079.6 6502.3 8.3 80 0 10.6 13.2 7.5 2.5 4 1 3 4 4
4016.8 6600.0 8.6 170 0 13.2 10.6 5.0 2.5 2 0 2 2 2
4319.3 6463.8 4.4 352 0 8.4 8.6 5.0 2.5 2 1 2 3 3
3394.0 6204.2 -1.8 260 0 10.6 13.2 10.0 2.5 2 1 4 5 5
3742.4 6801.5 17.4 80 0 10.6 13.2 7.5 2.5 2 1 3 4 4
4144.2 6569.1 5.4 260 0 10.6 13.2 5.0 0.0 0 1 2 2 2
3322.9 6146.3 -2.2 80 0 10.6 13.2 7.5 2.5 2 1 3 1 1
4197.1 6481.0 5.1 80 0 10.6 13.2 7.5 2.5 2 1 3 3 3
3380.4 6131.3 -2.1 80 0 10.6 13.2 5.0 2.5 2 1 2 3 3
3737.7 6514.1 3.3 80 0 10.6 13.2 7.5 2.5 4 1 3 2 2
4322.1 6436.1 5.4 340 0 6.9 8.0 7.5 2.5 2 1 3 4 4
4185.3 6243.1 8.8 86 0 10.5 8.3 7.5 2.5 4 0 3 4 4
3418.1 6710.4 18.0 80 0 10.6 13.2 7.5 2.5 2 1 3 3 3
3362.9 6545.4 7.3 80 0 10.6 13.2 7.5 2.5 2 1 3 5 5
4018.5 6545.1 8.6 170 0 13.2 10.6 7.5 2.5 2 0 3 4 4
4302.5 6597.5 4.4 166 0 9.8 7.0 10.0 2.5 2 0 4 1 1
4143.8 6507.3 6.2 174 0 7.8 10.8 7.5 0.0 0 1 3 0 0
4102.5 6558.4 6.8 260 0 10.6 13.2 7.5 2.5 2 1 3 5 5
3462.5 5479.9 -3.9 80 0 8.5 17.1 7.5 2.5 2 0 3 5 5
3887.6 5149.7 -4.5 272 0 10.8 7.7 2.5 2.5 2 0 1 4 4
2831.8 6427.7 6.1 92 0 10.5 12.0 7.5 2.5 2 1 3 1 1
3711.2 5126.1 -1.2 260 0 10.1 6.6 7.5 2.5 2 0 3 4 4
3292.4 6102.2 -1.2 170 0 9.5 10.7 5.0 2.5 2 1 2 3 3
3426.0 5502.3 -2.8 80 0 8.5 17.1 10.0 2.5 2 0 4 1 1
3817.7 5143.2 -3.3 272 0 10.8 7.7 2.5 2.5 2 0 1 5 5
3475.0 5110.7 3.2 80 0 10.1 6.6 10.0 2.5 2 0 4 5 5
2917.1 6431.8 5.4 92 0 10.8 7.7 10.0 2.5 2 0 4 3 3
3690.6 5050.4 0.3 80 0 10.1 6.6 5.0 2.5 2 0 2 2 2
3226.5 6871.2 16.7 272 0 10.6 14.0 5.0 2.5 2 1 2 5 5
2860.9 6853.7 14.5 92 0 10.1 12.2 7.5 2.5 2 1 3 4 4
3970.1 5684.9 -1.2 92 0 10.8 7.7 5.0 2.5 2 0 2 4 4
3529.9 5065.2 3.2 170 0 6.6 10.1 10.0 2.5 2 0 4 3 3
3493.5 5460.6 -4.8 260 0 8.4 17.1 2.5 0.0 0 1 1 4 4
4388.7 5449.5 -1.0 272 0 10.8 7.7 5.0 2.5 4 0 2 5 5
4099.9 5124.9 -4.6 92 0 10.8 7.7 7.5 0.0 0 0 3 5 5
3465.3 5329.9 -0.3 260 0 8.5 17.1 7.5 2.5 2 1 3 0 0
2863.9 6275.6 3.7 92 0 10.8 7.7 7.5 2.5 2 0 3 4 4
4189.5 5401.3 -1.9 92 0 10.8 7.7 10.0 2.5 2 0 4 1 1
4072.3 5135.5 -3.8 182 0 7.7 10.8 5.0 2.5 2 1 2 2 2
3126.1 6612.2 8.9 170 0 9.5 10.7 7.5 2.5 4 1 3 3 3
3381.9 5642.0 -2.0 176 0 8.3 15.9 5.0 2.5 2 1 2 1 1
3523.8 5211.3 0.5 80 0 10.1 6.6 7.5 2.5 2 0 3 1 1
3189.3 6057.0 1.2 170 0 9.5 10.7 7.5 2.5 2 1 3 1 1
3650.7 5111.9 0.5 260 0 10.1 6.6 7.5 2.5 2 0 3 5 5
3295.3 6180.6 -1.7 260 0 10.7 9.5 7.5 2.5 2 0 3 5 5
2841.6 6711.1 11.4 92 0 13.8 8.2 2.5 2.5 2 0 1 2 2
4119.3 5134.4 -5.2 92 0 10.8 7.7 7.5 2.5 2 0 3 3 3
3663.9 5141.4 -0.4 170 0 6.6 10.1 10.0 2.5 2 1 4 3 3
2989.4 6643.4 8.0 350 0 9.5 10.7 7.5 2.5 2 1 3 2 2
3545.5 5197.7 0.3 80 0 10.1 6.6 10.0 2.5 4 0 4 0 0
2907.9 6673.9 8.8 183 0 22.8 15.2 12.5 2.5 2 0 5 5 5
3084.1 6538.6 4.0 170 0 9.5 10.7 10.0 2.5 2 1 4 1 1
3181.4 6811.5 14.5 182 0 6.4 13.3 7.5 2.5 2 1 3 3 3
3617.8 5139.1 0.3 260 0 10.1 6.6 7.5 2.5 2 0 3 2 2
4001.5 5167.6 -5.7 2 0 7.7 10.8 5.0 2.5 4 1 2 2 2
3324.9 5567.5 2.2 183 0 10.7 18.9 7.5 2.5 2 1 3 5 5
3616.6 5104.8 0.9 80 0 10.1 6.6 2.5 2.5 2 0 1 1 1
2874.5 6429.0 5.8 92 0 10.8 7.7 7.5 2.5 2 0 3 2 2
2852.4 6643.5 7.8 272 0 8.0 20.4 10.0 2.5 2 1 4 5 5
3552.9 5541.2 -4.4 350 0 6.6 10.1 7.5 2.5 2 1 3 4 4
3381.6 5151.8 5.9 260 0 16.6 13.2 5.0 2.5 2 0 2 1 1
3421.0 5485.0 -2.6 80 0 10.1 6.6 7.5 2.5 2 0 3 3 3
3778.0 5022.6 -2.9 92 0 10.8 7.7 10.0 2.5 2 0 4 1 1
3353.8 5800.9 -2.3 93 0 16.6 8.6 2.5 2.5 2 0 1 0 0
3175.4 6590.8 8.3 350 0 9.5 10.7 5.0 2.5 2 1 2 1 1
3340.5 5492.1 1.6 80 0 10.1 6.6 7.5 2.5 2 0 3 1 1
3174.3 6506.1 3.9 170 0 9.5 10.7 2.5 2.5 2 1 1 0 0
3657.8 5670.1 -3.3 93 0 10.7 8.3 7.5 2.5 2 0 3 1 1
3962.2 5154.5 -5.1 272 0 10.8 7.7 7.5 2.5 2 0 3 2 2
3192.4 6464.3 2.7 350 0 9.5 10.7 10.0 2.5 2 1 4 3 3
4428.6 5297.1 -2.2 2 0 7.7 10.8 5.0 2.5 2 1 2 3 3
3399.6 5502.3 -1.9 80 0 8.4 17.1 10.0 0.0 0 1 4 4 4
3810.6 5077.1 -2.4 2 0 7.7 10.8 5.0 2.5 2 1 2 3 3
3679.7 5090.0 -0.0 170 0 6.6 10.1 7.5 2.5 2 1 3 3 3
4448.6 5385.7 -0.8 2 0 7.7 10.8 2.5 2.5 2 1 1 5 5
3361.6 5160.1 6.7 260 0 16.6 13.2 2.5 2.5 2 0 1 0 0
3332.8 5866.5 -1.9 170 0 17.1 8.5 5.0 0.0 0 0 2 1 1
3479.7 5847.0 -2.9 183 0 8.6 16.6 7.5 2.5 2 1 3 1 1
3237.9 5750.6 1.2 80 0 10.7 9.5 7.5 2.5 2 0 3 2 2
3293.8 6126.2 -1.4 170 0 9.5 10.7 5.0 2.5 2 1 2 1 1
3314.6 5149.4 8.9 260 0 16.6 13.2 7.5 2.5 2 0 3 0 0
4391.9 5380.3 -1.5 182 0 7.7 10.8 5.0 2.5 2 1 2 2 2
3354.5 5841.7 -2.5 183 0 8.6 16.6 7.5 2.5 2 1 3 2 2
4392.5 5281.6 -2.5 92 0 10.8 7.7 2.5 2.5 2 0 1 5 5
3395.8 5807.1 -2.5 93 0 16.6 8.6 7.5 2.5 2 0 3 4 4
4188.7 5127.8 -5.4 182 0 7.7 10.8 5.0 0.0 0 1 2 1 1
3324.1 6002.2 -0.5 3 0 8.6 16.6 7.5 2.5 2 1 3 5 5
4213.0 6635.5 4.0 2 0 7.7 10.8 2.5 2.5 2 1 1 0 0
3556.4 5162.2 0.7 350 0 6.6 10.1 5.0 2.5 2 1 2 5 5
2945.1 6526.5 5.5 272 0 10.7 13.4 7.5 2.5 2 1 3 3 3
4366.7 6398.3 6.1 92 0 10.8 7.7 7.5 2.5 2 0 3 0 0
3508.4 5259.1 0.5 350 0 13.2 16.6 2.5 2.5 2 1 1 0 0
3386.6 5626.9 -2.1 170 0 6.6 10.1 5.0 0.0 0 1 2 0 0
3958.4 5119.0 -4.5 92 0 10.8 7.7 7.5 2.5 2 0 3 2 2
3430.1 5637.9 -3.2 353 0 14.3 7.8 10.0 2.5 2 0 4 4 4
3392.5 5595.0 -2.2 170 0 6.6 10.1 5.0 0.0 0 1 2 2 2
4360.5 5160.8 -6.9 2 0 7.3 10.3 2.5 2.5 4 1 1 0 0
4413.1 5297.0 -2.3 92 0 10.8 7.7 5.0 2.5 2 0 2 3 3
3381.6 5171.9 5.8 80 0 16.6 13.2 5.0 2.5 2 0 2 2 2
3728.2 5057.5 -0.6 80 0 10.1 6.6 7.5 2.5 2 0 3 5 5
4429.2 5318.9 -2.2 2 0 7.7 10.8 5.0 2.5 2 1 2 5 5
3542.9 5125.5 1.4 350 0 6.6 10.1 7.5 2.5 4 1 3 0 0
3454.5 5234.3 1.5 170 0 13.2 16.6 5.0 2.5 2 1 2 3 3
3628.3 5187.6 -0.5 260 0 10.1 6.6 2.5 2.5 2 0 1 5 5
3241.5 6169.8 0.9 80 0 10.7 9.5 7.5 2.5 2 0 3 1 1
3544.0 5151.5 1.0 350 0 6.6 10.1 7.5 0.0 0 1 3 1 1
3487.6 5188.2 1.4 80 0 10.1 6.6 7.5 2.5 2 0 3 0 0
3573.4 5077.0 2.2 350 0 6.6 10.1 7.5 2.5 2 1 3 4 4
3382.8 5190.8 5.5 80 0 16.6 13.2 2.5 2.5 2 0 1 5 5
3250.6 6334.0 0.3 170 0 9.5 10.7 7.5 2.5 2 1 3 4 4
3573.1 5111.9 1.4 260 0 10.1 6.6 7.5 2.5 2 0 3 0 0
3573.7 5443.0 -3.8 80 0 10.1 6.6 5.0 2.5 2 0 2 4 4
3449.8 5392.6 -2.4 350 0 17.1 8.5 7.5 2.5 2 0 3 5 5
3545.8 5039.7 2.5 170 0 6.6 10.1 10.0 2.5 2 1 4 4 4
3118.1 6448.3 1.8 80 0 10.7 9.5 7.5 2.5 2 0 3 4 4
3559.3 5252.6 -0.4 350 0 6.6 10.1 7.5 2.5 4 1 3 2 2
3621.3 5479.7 -3.9 80 0 10.1 6.6 5.0 2.5 2 0 2 3 3
3599.8 5033.3 1.5 350 0 6.6 10.1 7.5 2.5 4 1 3 0 0
3113.8 6576.8 6.7 170 0 9.5 10.7 5.0 2.5 4 1 2 1 1
2977.7 6684.2 10.1 350 0 9.5 10.7 7.5 0.0 0 1 3 4 4
3141.9 5113.7 9.5 260 0 16.6 13.2 5.0 2.5 2 0 2 0 0
3543.7 5359.6 -2.6 260 0 10.1 6.6 2.5 2.5 4 0 1 2 2
4198.1 5096.4 -5.3 182 0 7.7 10.8 5.0 2.5 2 1 2 2 2
3578.4 5248.5 -0.7 80 0 10.1 6.6 2.5 2.5 2 0 1 4 4
3576.6 5136.1 0.8 260 0 10.1 6.6 5.0 2.5 2 0 2 5 5
3008.5 6465.0 3.3 3 0 6.2 14.7 7.5 2.5 2 1 3 3 3
3866.1 5108.3 -3.6 92 0 10.8 7.7 10.0 2.5 2 0 4 5 5
4404.5 6427.8 4.7 272 0 10.8 7.7 7.5 2.5 2 0 3 5 5
2915.0 6819.1 15.1 272 0 6.3 20.9 5.0 2.5 2 1 2 1 1
2976.7 6525.4 4.7 2 0 8.9 16.7 7.5 2.5 2 1 3 3 3
3399.5 5541.2 -2.0 350 0 6.6 10.1 2.5 2.5 2 1 1 1 1
3660.4 5045.6 0.5 170 0 6.6 10.1 2.5 2.5 2 1 1 1 1
3349.0 5509.2 0.9 170 0 6.6 10.1 10.0 2.5 2 1 4 0 0
3258.1 5340.7 5.4 92 0 10.8 7.7 7.5 2.5 2 0 3 1 1
3129.9 6548.5 5.5 80 0 10.7 9.5 5.0 2.5 2 0 2 1 1
3431.8 5422.9 -2.3 350 0 6.6 10.1 7.5 2.5 2 1 3 2 2
3595.4 5176.3 0.0 260 0 10.1 6.6 5.0 2.5 2 0 2 3 3
3260.6 5140.0 10.5 260 0 16.6 13.2 10.0 2.5 2 0 4 3 3
3646.2 5240.0 -1.8 170 0 17.1 8.4 7.5 2.5 2 0 3 2 2
3721.8 5082.9 -0.8 80 0 10.2 6.6 7.5 2.5 2 0 3 4 4
4314.8 5045.2 -7.3 92 0 10.0 15.2 7.5 0.0 0 1 3 0 0
-435.1 2751.3 -14.0 95 0 8.5 8.7 7.5 2.5 2 1 3 3 3
-594.8 2595.6 -15.0 185 0 7.4 6.3 7.5 2.5 4 0 3 4 4
-488.9 2905.9 -13.2 213 0 7.0 10.0 5.0 2.5 4 1 2 2 2
-563.8 3070.6 -13.7 213 0 7.0 10.0 2.5 2.5 2 1 1 5 5
-610.6 2252.6 -16.8 92 0 7.3 10.6 7.5 0.0 0 1 3 0 0
-500.8 3045.0 -13.9 33 0 7.0 10.0 5.0 2.5 4 1 2 2 2
-601.1 3096.3 -14.0 213 0 7.0 10.0 5.0 2.5 2 1 2 4 4
-442.3 3084.4 -13.6 123 0 10.0 7.0 2.5 2.5 2 0 1 3 3
-523.1 3014.6 -13.6 123 0 10.0 7.0 7.5 2.5 2 0 3 3 3
-612.1 3010.1 -13.9 33 0 7.0 10.0 7.5 2.5 2 1 3 5 5
-622.2 2407.0 -17.2 184 0 8.9 7.1 7.5 2.5 4 0 3 1 1
-458.4 2913.5 -13.7 185 0 8.7 8.5 2.5 2.5 4 0 1 2 2
-430.3 2780.1 -13.6 5 0 8.7 8.5 7.5 2.5 2 0 3 1 1
-458.1 2748.0 -13.7 185 0 8.7 8.4 10.0 2.5 2 0 4 2 2
-575.7 3081.9 -13.9 33 0 7.0 10.0 5.0 2.5 2 1 2 3 3
-551.3 3038.2 -13.4 33 0 7.0 10.0 5.0 0.0 0 1 2 5 5
-507.6 3031.7 -13.8 33 0 7.0 10.0 7.5 2.5 2 1 3 2 2
-509.1 2336.5 -14.6 4 0 8.9 7.1 10.0 0.0 0 0 4 2 2
-524.2 3009.9 -13.5 303 0 10.0 7.0 7.5 2.5 2 0 3 0 0
-431.5 2791.4 -13.4 5 0 8.7 8.4 5.0 2.5 2 0 2 5 5
-625.8 3043.7 -13.9 213 0 7.0 10.0 2.5 2.5 2 1 1 4 4
-475.3 2811.4 -12.6 275 0 8.5 8.7 10.0 0.0 0 1 4 0 0
-550.6 3095.1 -14.0 213 0 7.0 10.0 5.0 2.5 2 1 2 5 5
-529.2 2953.2 -13.5 213 0 7.0 10.0 5.0 2.5 4 1 2 5 5
-553.7 2267.9 -15.7 4 0 8.9 7.1 5.0 2.5 2 0 2 0 0
-469.6 2855.5 -12.3 5 0 8.7 8.4 7.5 2.5 4 0 3 5 5
-623.7 3006.1 -13.9 213 0 7.0 10.0 5.0 2.5 2 1 2 5 5
-475.0 2791.3 -12.8 275 0 8.4 8.7 7.5 2.5 2 1 3 1 1
-430.6 2769.5 -13.8 5 0 8.7 8.4 7.5 2.5 4 0 3 2 2
-523.9 2968.9 -13.6 213 0 7.0 10.0 7.5 2.5 2 1 3 4 4
-617.9 2376.2 -17.0 182 0 6.8 11.7 10.0 2.5 4 1 4 3 3
-614.8 2911.9 -13.1 33 0 7.0 10.0 2.5 2.5 4 1 1 2 2
-482.2 3048.1 -14.1 213 0 7.0 10.0 5.0 2.5 2 1 2 5 5
-539.0 3057.1 -13.6 33 0 7.0 10.0 5.0 2.5 2 1 2 5 5
-542.6 2263.0 -15.7 184 0 8.9 7.2 7.5 2.5 2 0 3 2 2
-526.7 2898.9 -12.8 33 0 7.0 10.0 5.0 2.5 2 1 2 5 5
-594.4 2307.5 -16.3 94 0 6.8 8.0 10.0 2.5 2 1 4 0 0
-597.0 2921.9 -13.0 213 0 7.0 10.0 7.5 2.5 4 1 3 4 4
-469.9 2970.3 -14.1 303 0 10.0 7.0 7.5 2.5 2 0 3 1 1
-604.3 2904.4 -12.9 213 0 7.0 10.0 10.0 2.5 2 1 4 3 3
-568.8 2580.9 -15.0 95 0 7.6 8.6 7.5 0.0 0 1 3 3 3
-475.4 3061.4 -14.1 213 0 7.0 10.0 5.0 0.0 0 1 2 0 0
-492.4 2876.4 -12.7 33 0 7.0 10.0 5.0 0.0 0 1 2 3 3
-533.4 2977.3 -13.4 33 0 7.0 10.0 2.5 2.5 2 1 1 2 2
-597.1 3038.8 -13.7 33 0 7.0 10.0 7.5 2.5 2 1 3 2 2
-551.9 2281.5 -15.3 4 0 8.9 7.2 10.0 2.5 2 0 4 0 0
-461.6 3085.9 -13.7 213 0 7.0 10.0 2.5 2.5 2 1 1 1 1
-568.6 2912.8 -12.9 33 0 7.0 10.0 7.5 0.0 0 1 3 2 2
-456.5 2707.5 -14.2 185 0 8.4 9.0 5.0 2.5 2 1 2 1 1
-472.9 2912.8 -13.5 33 0 7.0 10.0 7.5 2.5 2 1 3 1 1
-598.3 2417.5 -16.6 4 0 8.9 7.2 5.0 2.5 2 0 2 3 3
-432.9 2804.1 -13.3 5 0 8.7 8.4 5.0 0.0 0 0 2 5 5
-526.7 2989.1 -13.5 33 0 7.0 10.0 10.0 2.5 2 1 4 2 2
-552.4 2949.3 -13.3 123 0 10.0 7.0 7.5 2.5 2 0 3 5 5
-459.5 3000.2 -14.2 213 0 7.0 10.0 7.5 2.5 2 1 3 3 3
-593.8 3056.6 -13.7 303 0 10.0 7.0 5.0 2.5 2 0 2 0 0
-494.8 3022.4 -13.9 213 0 7.0 10.0 5.0 2.5 2 1 2 2 2
-537.4 3031.8 -13.5 213 0 7.0 10.0 5.0 2.5 2 1 2 0 0
-584.5 2972.6 -13.5 33 0 7.0 10.0 7.5 0.0 0 1 3 3 3
-617.9 2963.8 -13.4 213 0 7.0 10.0 7.5 0.0 0 1 3 3 3
-459.7 3031.1 -14.1 33 0 7.0 10.0 5.0 2.5 2 1 2 5 5
-529.0 3081.9 -13.8 33 0 7.0 10.0 7.5 2.5 2 1 3 3 3
-469.5 2981.3 -14.1 213 0 7.0 10.0 5.0 2.5 2 1 2 2 2
-558.4 2426.9 -15.2 94 0 7.1 8.9 7.5 2.5 2 1 3 5 5
-474.7 2846.9 -12.2 275 0 8.4 8.7 7.5 2.5 2 1 3 3 3
-588.6 2960.1 -13.4 33 0 7.0 10.0 2.5 2.5 2 1 1 0 0
-496.9 2917.6 -13.3 303 0 10.0 7.0 5.0 2.5 2 0 2 1 1
-605.4 2589.3 -14.9 182 0 13.9 6.3 7.5 2.5 2 0 3 5 5
-534.9 3068.9 -13.7 33 0 7.0 10.0 5.0 2.5 2 1 2 2 2
-519.9 3090.5 -13.9 33 0 7.0 10.0 7.5 2.5 2 1 3 4 4
-469.6 2824.2 -12.4 5 0 8.7 8.4 2.5 2.5 2 0 1 0 0
-449.6 3061.0 -13.9 303 0 10.0 7.0 7.5 2.5 2 0 3 2 2
-481.0 2955.3 -14.0 213 0 7.0 10.0 7.5 2.5 2 1 3 3 3
-508.0 2907.4 -13.0 213 0 7.0 10.0 7.5 2.5 4 1 3 4 4
-486.7 2705.6 -13.9 5 0 8.7 8.4 7.5 2.5 2 0 3 5 5
-481.7 2989.7 -13.9 33 0 7.0 10.0 10.0 2.5 2 1 4 4 4
-443.4 2860.0 -13.0 185 0 8.7 8.4 5.0 2.5 4 0 2 5 5
-584.9 2370.4 -16.1 270 0 8.2 7.1 2.5 2.5 2 0 1 2 2
-625.5 2952.3 -13.3 213 0 7.0 10.0 2.5 2.5 2 1 1 3 3
-484.1 3080.8 -14.0 33 0 7.0 10.0 10.0 2.5 2 1 4 5 5
-593.0 2289.4 -16.3 266 0 8.4 11.9 7.5 2.5 2 1 3 0 0
-606.2 2520.7 -14.9 272 0 10.3 9.2 7.5 2.5 2 0 3 0 0
-475.6 2701.4 -13.9 275 0 8.4 8.7 7.5 2.5 4 1 3 5 5
-434.1 2817.1 -13.1 5 0 8.7 8.4 5.0 2.5 2 0 2 5 5
-488.1 2983.9 -13.9 303 0 10.0 7.0 7.5 2.5 2 0 3 1 1
-554.3 2842.6 -12.3 73 0 6.1 10.8 5.0 2.5 2 1 2 5 5
-474.5 2880.4 -12.9 185 0 8.7 8.4 7.5 2.5 2 0 3 3 3
-469.6 2768.3 -13.0 5 0 8.7 8.5 5.0 2.5 2 0 2 5 5
-450.9 2846.0 -12.5 275 0 8.4 8.7 5.0 2.5 2 1 2 1 1
-548.0 2649.5 -15.0 275 0 8.6 10.8 2.5 0.0 0 1 1 0 0
-555.4 2937.4 -13.2 33 0 7.0 10.0 5.0 2.5 2 1 2 3 3
-566.0 2270.6 -15.7 4 0 8.9 7.1 5.0 2.5 2 0 2 1 1
-547.8 2324.6 -15.0 4 0 8.9 7.1 7.5 2.5 2 0 3 5 5
-475.3 2753.7 -13.3 275 0 8.5 8.7 7.5 0.0 0 1 3 2 2
-448.2 2827.4 -12.7 5 0 8.7 8.4 7.5 2.5 4 0 3 2 2
-466.1 3019.6 -14.1 33 0 7.0 10.0 10.0 2.5 2 1 4 4 4
-433.1 2724.7 -14.4 95 0 8.5 8.7 10.0 2.5 2 1 4 0 0
-561.9 2925.5 -13.0 33 0 7.0 10.0 7.5 0.0 0 1 3 0 0
-564.4 2980.4 -13.4 213 0 7.0 10.0 5.0 0.0 0 1 2 1 1
-486.4 2887.7 -12.9 33 0 7.0 10.0 10.0 2.5 2 1 4 1 1
-488.8 3068.9 -14.1 33 0 7.0 10.0 7.5 2.5 2 1 3 4 4
-564.5 2957.5 -13.4 33 0 7.0 10.0 7.5 2.5 2 1 3 5 5
-550.6 2914.2 -12.9 213 0 7.0 10.0 7.5 2.5 2 1 3 5 5
-579.9 2302.7 -15.9 96 0 11.2 20.8 2.5 2.5 2 1 1 1 1
-433.7 2738.6 -14.2 95 0 8.4 8.7 7.5 2.5 4 1 3 4 4
-610.7 2323.7 -16.9 94 0 7.1 8.9 7.5 2.5 2 1 3 5 5
-585.9 2983.6 -13.5 123 0 10.0 7.0 7.5 2.5 2 0 3 3 3
-487.4 2944.3 -13.8 213 0 7.0 10.0 5.0 2.5 2 1 2 2 2
-585.0 2942.6 -13.2 213 0 7.0 10.0 7.5 2.5 2 1 3 3 3
-580.1 2889.2 -12.6 33 0 7.0 10.0 5.0 2.5 2 1 2 3 3
-568.7 2301.8 -15.5 94 0 7.2 8.9 5.0 2.5 2 1 2 5 5
-518.5 2301.5 -14.7 94 0 7.2 8.9 10.0 0.0 0 1 4 1 1
-596.0 2947.7 -13.3 33 0 7.0 10.0 10.0 0.0 0 1 4 2 2
-494.3 2966.0 -13.8 33 0 7.0 10.0 5.0 2.5 2 1 2 1 1
-453.2 2951.0 -14.2 33 0 7.0 10.0 7.5 2.5 2 1 3 5 5
-592.4 2622.2 -14.9 185 0 7.4 6.2 5.0 2.5 2 0 2 4 4
-532.9 2344.9 -14.7 184 0 8.9 7.1 5.0 2.5 2 0 2 2 2
-586.0 2878.8 -12.6 33 0 7.0 10.0 7.5 0.0 0 1 3 2 2
-551.0 2827.7 -12.6 303 0 6.6 7.0 5.0 2.5 2 1 2 1 1
-514.2 3082.7 -13.9 213 0 7.0 10.0 5.0 0.0 0 1 2 0 0
-605.8 2988.7 -13.7 213 0 7.0 10.0 5.0 2.5 2 1 2 3 3
-515.6 2981.0 -13.7 213 0 7.0 10.0 7.5 2.5 2 1 3 2 2
-618.7 3068.2 -13.9 213 0 7.0 10.0 5.0 0.0 0 1 2 1 1
-525.6 3058.4 -13.7 213 0 7.0 10.0 7.5 2.5 2 1 3 3 3
-568.4 2289.1 -15.5 274 0 7.2 8.9 10.0 2.5 2 1 4 3 3
-498.7 2952.4 -13.6 33 0 7.0 10.0 7.5 2.5 2 1 3 4 4
-459.1 2938.3 -14.1 33 0 7.0 10.0 5.0 2.5 4 1 2 1 1
-507.9 2936.5 -13.4 33 0 7.0 10.0 7.5 2.5 2 1 3 0 0
-592.1 2608.9 -15.0 185 0 7.4 6.3 7.5 2.5 2 0 3 0 0
-551.3 2306.9 -15.1 4 0 8.9 7.2 5.0 2.5 2 0 2 4 4
-449.4 2800.2 -13.1 5 0 8.7 8.5 5.0 2.5 2 0 2 5 5
-577.9 2954.1 -13.3 213 0 7.0 10.0 10.0 2.5 2 1 4 4 4
-447.2 3027.7 -14.1 213 0 7.0 10.0 7.5 2.5 2 1 3 5 5
-530.4 2942.2 -13.3 303 0 10.0 7.0 7.5 2.5 2 0 3 1 1
-515.3 2892.6 -12.8 213 0 7.0 10.0 2.5 2.5 2 1 1 0 0
-601.4 3002.6 -13.7 213 0 7.0 10.0 5.0 2.5 2 1 2 3 3
-500.2 2989.7 -13.7 33 0 7.0 10.0 7.5 0.0 0 1 3 1 1
-601.8 2937.1 -13.2 33 0 7.0 10.0 10.0 2.5 2 1 4 2 2
-572.9 3055.5 -13.6 213 0 7.0 10.0 5.0 2.5 2 1 2 5 5
-522.4 2930.1 -13.3 213 0 7.0 10.0 2.5 2.5 2 1 1 1 1
-493.2 3057.7 -14.1 33 0 7.0 10.0 5.0 2.5 2 1 2 0 0
-443.2 2882.1 -13.3 5 0 8.7 8.4 5.0 2.5 2 0 2 3 3
-442.3 2689.4 -14.4 5 0 8.7 8.4 5.0 2.5 2 0 2 4 4
-456.3 3093.3 -13.6 213 0 7.0 10.0 7.5 2.5 2 1 3 3 3
3346.1 1831.3 -16.5 296 0 8.0 15.8 21.0 0.0 0 1 6 4 4
3350.2 2040.1 -16.3 11 0 6.0 15.4 17.5 3.5 4 1 5 2 2
3522.5 1957.7 -18.4 194 0 7.6 21.7 17.5 3.5 2 1 5 1 1
3417.1 1642.0 -18.6 109 0 7.8 32.5 17.5 3.5 2 1 5 0 0
3385.1 1904.8 -17.9 103 0 7.6 13.3 17.5 3.5 2 1 5 2 2
3353.2 2062.5 -16.6 11 0 6.0 15.4 17.5 0.0 0 1 5 1 1
3485.3 1859.6 -17.8 267 0 12.0 11.6 21.0 0.0 0 0 6 4 4
3479.9 1897.4 -18.1 209 0 20.4 20.9 17.5 3.5 2 1 5 0 0
3342.3 1952.9 -17.1 15 0 19.9 13.5 14.0 3.5 2 0 4 0 0
3455.6 1768.4 -17.3 37 0 11.4 10.5 21.0 0.0 0 0 6 5 5
3382.2 1731.2 -16.5 262 0 10.3 21.5 17.5 3.5 2 1 5 4 4
3337.6 1725.7 -15.4 273 0 13.3 13.6 17.5 3.5 2 1 5 3 3
3442.7 1997.4 -18.6 9 0 13.2 13.5 17.5 3.5 2 1 5 3 3
3412.1 1979.8 -18.4 191 0 6.0 15.4 17.5 3.5 2 1 5 5 5
3372.4 1727.6 -16.2 275 0 8.9 15.6 17.5 3.5 2 1 5 3 3
3349.1 1675.2 -16.5 284 0 7.3 12.6 17.5 3.5 2 1 5 0 0
3482.6 2083.3 -19.0 208 0 7.0 9.8 17.5 3.5 2 1 5 1 1
3525.2 1946.2 -18.2 206 0 12.8 15.8 17.5 3.5 2 1 5 5 5
3479.6 1785.0 -17.9 201 0 10.4 15.5 17.5 3.5 2 1 5 1 1
3360.9 1873.1 -17.5 191 0 6.0 15.4 21.0 0.0 0 1 6 1 1
3470.0 2038.2 -19.3 190 0 8.4 14.2 17.5 0.0 0 1 5 2 2
3361.9 1704.5 -16.0 81 0 11.6 7.2 17.5 3.5 2 0 5 2 2
3443.4 1874.8 -17.6 274 0 13.6 13.6 21.0 0.0 0 0 6 5 5
3359.6 1952.0 -17.1 14 0 15.6 12.6 14.0 3.5 2 0 4 3 3
3802.7 2073.5 -16.8 270 0 14.1 19.5 14.0 3.5 2 1 4 3 3
3485.7 1797.7 -18.2 213 0 11.5 15.9 17.5 3.5 2 1 5 1 1
3351.5 2097.5 -17.3 268 0 8.2 8.9 17.5 3.5 2 1 5 3 3
3479.3 2067.6 -19.1 188 0 12.3 9.2 17.5 3.5 2 0 5 1 1
3385.5 1810.8 -16.9 279 0 7.7 9.3 21.0 0.0 0 1 6 4 4
3933.4 2084.6 -16.7 248 0 6.3 15.0 14.0 3.5 2 1 4 1 1
3859.6 2033.0 -16.7 170 0 13.8 8.4 14.0 3.5 2 0 4 2 2
3331.2 1990.0 -16.3 276 0 11.8 8.3 14.0 3.5 2 0 4 5 5
3589.6 1959.7 -17.6 10 0 10.5 15.7 17.5 0.0 0 1 5 5 5
3525.8 1908.1 -18.3 104 0 12.5 14.9 17.5 3.5 2 1 5 1 1
3402.4 1698.4 -17.2 80 0 9.0 32.1 17.5 3.5 4 1 5 3 3
3408.5 2013.0 -18.0 191 0 6.0 15.4 17.5 3.5 2 1 5 1 1
3449.0 2096.0 -18.5 286 0 8.5 14.8 17.5 3.5 2 1 5 3 3
3319.2 1889.6 -17.3 180 0 10.4 7.3 21.0 0.0 0 0 6 1 1
3665.7 2005.8 -16.4 47 0 15.8 14.7 17.5 3.5 4 0 5 0 0
3492.0 2024.5 -19.5 16 0 12.0 13.3 17.5 3.5 2 1 5 2 2
3611.9 1961.5 -17.1 2 0 8.6 14.7 17.5 3.5 2 1 5 2 2
3464.1 1906.2 -18.0 357 0 12.7 13.3 17.5 3.5 2 1 5 1 1
3527.0 1856.4 -18.6 274 0 12.1 14.5 17.5 3.5 2 1 5 4 4
3412.6 2023.0 -18.1 191 0 6.0 15.4 17.5 3.5 2 1 5 3 3
3378.1 2079.7 -17.0 8 0 6.8 11.6 17.5 3.5 2 1 5 1 1
3503.9 2067.3 -19.1 4 0 8.0 10.5 17.5 3.5 2 1 5 2 2
3364.1 1992.7 -17.0 270 0 8.2 10.4 14.0 3.5 2 1 4 4 4
3496.5 1810.2 -18.1 194 0 19.8 7.7 17.5 3.5 2 0 5 5 5
3371.4 2053.7 -16.8 11 0 6.0 15.4 17.5 3.5 2 1 5 5 5
3346.6 2111.3 -17.5 274 0 6.8 11.9 17.5 3.5 2 1 5 3 3
3651.5 2096.4 -14.2 111 0 21.1 21.5 17.5 3.5 2 1 5 0 0
3429.4 1892.0 -17.8 98 0 6.0 12.3 17.5 3.5 2 1 5 0 0
3386.7 1891.7 -17.6 279 0 13.1 16.8 21.0 0.0 0 1 6 3 3
3980.7 2096.8 -16.2 351 0 21.6 8.4 14.0 3.5 2 0 4 1 1
3367.3 2042.4 -16.7 11 0 6.0 15.4 17.5 3.5 2 1 5 2 2
3471.9 1838.2 -17.6 24 0 10.0 11.0 21.0 0.0 0 1 6 5 5
3396.1 2069.6 -17.3 11 0 6.0 15.4 17.5 3.5 2 1 5 3 3
3577.7 1906.5 -18.2 0 0 21.9 17.0 17.5 3.5 2 0 5 5 5
3466.3 1889.9 -17.8 356 0 8.6 14.6 17.5 0.0 0 1 5 1 1
4071.0 2074.3 -18.4 262 0 9.1 10.2 14.0 3.5 2 1 4 5 5
3398.7 1801.3 -17.0 277 0 13.7 7.1 21.0 0.0 0 0 6 3 3
3318.9 2075.0 -17.0 183 0 29.0 12.3 17.5 3.5 2 0 5 5 5
3356.0 1593.9 -19.6 68 0 6.0 6.4 17.5 3.5 2 1 5 3 3
3374.3 2068.5 -16.9 11 0 6.0 15.4 17.5 3.5 4 1 5 5 5
3798.1 2025.9 -17.3 6 0 20.8 10.2 14.0 3.5 2 0 4 4 4
3531.0 1806.6 -18.9 3 0 12.7 12.8 17.5 3.5 2 1 5 2 2
3329.8 1977.1 -16.6 281 0 15.4 6.0 14.0 3.5 2 0 4 0 0
3523.0 1972.2 -18.7 186 0 11.3 22.2 17.5 3.5 2 1 5 0 0
3891.9 2004.6 -18.4 335 0 15.4 17.7 14.0 3.5 2 1 4 4 4
3340.3 1869.2 -17.0 11 0 6.0 15.4 21.0 0.0 0 1 6 0 0
3322.5 1914.4 -17.5 274 0 9.2 15.7 21.0 0.0 0 1 6 0 0
3468.4 1870.8 -17.7 281 0 7.2 17.7 21.0 0.0 0 1 6 2 2
3875.9 1994.4 -18.6 323 0 11.0 6.7 14.0 3.5 2 0 4 1 1
3476.0 1809.5 -17.6 28 0 6.3 13.5 21.0 0.0 0 1 6 3 3
3435.0 1839.7 -17.6 191 0 6.0 15.4 21.0 0.0 0 1 6 2 2
3417.6 1872.0 -17.6 190 0 13.8 12.8 21.0 0.0 0 0 6 4 4
3399.4 1742.8 -16.5 90 0 20.0 16.6 21.0 0.0 0 0 6 5 5
3318.1 1601.1 -18.1 173 0 7.2 12.8 17.5 3.5 2 1 5 4 4
3462.8 1780.8 -17.4 26 0 9.5 15.7 21.0 0.0 0 1 6 5 5
3385.3 1863.2 -17.6 21 0 11.4 7.8 21.0 0.0 0 0 6 5 5
3862.0 1945.4 -20.2 68 0 8.1 14.0 14.0 3.5 4 1 4 0 0
3461.1 1665.5 -19.6 57 0 7.0 18.1 17.5 3.5 2 1 5 0 0
3342.4 1763.1 -15.8 178 0 8.9 13.1 21.0 0.0 0 1 6 2 2
3328.2 1672.9 -16.6 267 0 6.5 25.5 17.5 3.5 2 1 5 4 4
3411.0 1944.6 -18.4 196 0 12.0 10.7 17.5 3.5 2 0 5 4 4
3520.8 1928.8 -18.3 185 0 12.5 15.2 17.5 3.5 2 1 5 3 3
3410.2 1878.4 -17.6 24 0 13.2 17.5 21.0 0.0 0 1 6 2 2
4044.1 2055.8 -18.0 78 0 10.7 19.4 14.0 3.5 2 1 4 3 3
3508.0 1724.3 -18.8 342 0 7.8 6.6 17.5 3.5 2 0 5 5 5
4090.6 2099.3 -16.6 349 0 8.1 9.7 14.0 3.5 2 1 4 2 2
3500.9 1703.2 -19.9 335 0 10.4 25.3 17.5 3.5 2 1 5 1 1
3620.5 1888.7 -17.9 11 0 6.0 15.4 17.5 3.5 2 1 5 4 4
3371.3 1744.1 -16.0 91 0 9.1 12.4 21.0 0.0 0 1 6 0 0
3353.1 1988.7 -16.8 280 0 10.3 10.8 14.0 3.5 2 1 4 4 4
3391.4 1994.5 -17.4 11 0 6.0 15.5 14.0 3.5 2 1 4 1 1
3438.0 1653.5 -19.0 77 0 6.9 10.3 17.5 3.5 2 1 5 2 2
3853.8 2084.6 -16.9 266 0 18.2 17.8 14.0 3.5 2 0 4 1 1
3525.7 1994.5 -19.0 192 0 15.7 23.2 17.5 3.5 2 1 5 4 4
3400.4 1861.5 -17.6 7 0 6.9 9.7 21.0 0.0 0 1 6 3 3
3430.9 1852.7 -17.6 191 0 6.0 15.4 21.0 0.0 0 1 6 2 2
3886.3 1973.5 -19.4 71 0 10.4 9.3 14.0 3.5 2 0 4 3 3
3500.8 2057.3 -19.3 25 0 13.3 9.9 17.5 3.5 2 0 5 1 1
3396.7 1637.4 -18.7 109 0 20.1 30.7 17.5 0.0 0 1 5 0 0
3922.7 2107.5 -16.6 245 0 12.0 8.5 14.0 3.5 2 0 4 2 2
3521.0 1708.0 -20.4 180 0 14.8 16.7 17.5 3.5 2 1 5 5 5
3375.6 1955.3 -17.6 281 0 15.4 6.0 17.5 3.5 2 0 5 4 4
3379.3 1695.8 -16.5 77 0 8.0 11.8 17.5 3.5 2 1 5 3 3
3525.9 2020.6 -19.2 191 0 8.3 30.0 17.5 0.0 0 1 5 1 1
3391.5 2030.1 -17.6 191 0 6.0 15.4 17.5 3.5 2 1 5 2 2
3338.1 1750.8 -15.6 184 0 13.6 12.5 21.0 0.0 0 0 6 0 0
3414.3 2060.8 -17.9 180 0 11.5 9.4 17.5 3.5 2 0 5 2 2
3423.8 1691.5 -18.2 247 0 8.3 10.3 17.5 3.5 2 1 5 0 0
3344.6 1684.8 -15.9 91 0 10.9 20.4 17.5 3.5 4 1 5 1 1
3392.0 2049.5 -17.3 11 0 6.0 15.4 17.5 0.0 0 1 5 3 3
3485.0 2091.1 -18.8 189 0 9.6 10.3 17.5 3.5 2 1 5 2 2
3381.0 2090.8 -17.3 17 0 9.3 13.9 17.5 3.5 4 1 5 5 5
3759.1 1874.8 -19.9 65 0 14.3 42.3 14.0 3.5 2 1 4 2 2
3335.9 1894.3 -17.4 281 0 12.7 6.0 21.0 0.0 0 0 6 3 3
3508.9 2061.5 -19.2 176 0 8.3 13.3 17.5 3.5 2 1 5 2 2
3488.3 1739.0 -17.8 66 0 9.7 7.2 17.5 3.5 2 0 5 2 2
3366.4 1631.8 -18.5 350 0 10.2 8.3 17.5 3.5 2 0 5 4 4
3340.3 1632.0 -17.9 249 0 6.9 6.6 17.5 3.5 2 0 5 2 2
3346.0 1586.5 -19.5 75 0 13.1 10.1 17.5 3.5 2 0 5 4 4
3458.3 2056.5 -18.7 2 0 7.1 11.8 17.5 3.5 2 1 5 2 2
3532.9 1826.8 -18.6 359 0 13.0 10.2 17.5 3.5 2 0 5 3 3
3351.1 1863.4 -17.0 32 0 7.0 8.3 21.0 0.0 0 1 6 1 1
3350.8 2086.0 -17.0 278 0 14.8 7.5 17.5 3.5 2 0 5 2 2
3368.2 1863.3 -17.4 185 0 7.4 9.8 21.0 0.0 0 1 6 5 5
3501.9 1829.0 -18.2 197 0 7.1 12.1 17.5 3.5 2 1 5 3 3
3338.7 2004.9 -16.3 92 0 12.6 11.2 17.5 3.5 2 0 5 1 1
3361.5 1895.3 -17.6 191 0 6.0 15.4 21.0 0.0 0 1 6 4 4
3349.3 1902.7 -17.6 277 0 12.2 10.4 21.0 0.0 0 0 6 5 5
3485.0 1746.5 -17.8 78 0 9.9 8.5 17.5 0.0 0 0 5 5 5
3374.0 1814.6 -16.8 281 0 7.0 12.1 21.0 0.0 0 1 6 3 3
3406.8 1895.4 -17.8 103 0 11.0 12.8 17.5 3.5 2 1 5 0 0
3331.4 1575.4 -19.1 72 0 12.0 13.4 17.5 3.5 2 1 5 1 1
3832.7 1981.4 -18.6 165 0 11.6 16.7 14.0 3.5 2 1 4 1 1
3356.6 1649.6 -17.4 89 0 6.8 24.8 17.5 3.5 2 1 5 0 0
3468.1 2025.3 -19.2 180 0 7.4 11.5 17.5 3.5 2 1 5 1 1
3438.6 1891.0 -18.0 95 0 12.6 20.8 17.5 3.5 2 1 5 1 1
3974.4 2019.4 -17.5 64 0 6.9 13.7 14.0 3.5 4 1 4 0 0
3507.3 2082.1 -18.9 5 0 10.4 13.0 17.5 3.5 2 1 5 3 3
3412.1 1836.7 -17.6 191 0 6.0 15.4 21.0 0.0 0 1 6 2 2
3586.7 1835.5 -19.6 84 0 6.4 23.8 17.5 3.5 4 1 5 1 1
3338.1 1932.2 -17.6 8 0 22.4 12.9 14.0 3.5 4 0 4 5 5
3487.5 1720.7 -19.2 252 0 22.2 14.9 17.5 3.5 4 0 5 3 3
3367.2 1856.1 -17.3 192 0 7.2 6.9 21.0 0.0 0 0 6 3 3
3949.0 2105.5 -16.5 256 0 14.8 17.1 14.0 3.5 2 1 4 0 0
3389.9 1984.1 -17.5 6 0 15.1 8.9 14.0 3.5 2 0 4 3 3
3399.2 1843.6 -17.6 19 0 7.5 16.0 21.0 0.0 0 1 6 0 0
3890.9 2098.9 -16.8 261 0 31.7 15.6 14.0 3.5 2 0 4 3 3
3676.1 1844.4 -18.1 161 0 10.7 17.7 14.0 3.5 2 1 4 2 2
3633.6 1979.9 -17.9 42 0 11.5 59.6 17.5 3.5 4 1 5 5 5
3397.6 1897.6 -17.8 103 0 7.8 12.8 17.5 3.5 2 1 5 4 4
3574.3 1959.4 -17.7 14 0 6.1 10.3 17.5 3.5 2 1 5 3 3
3781.9 1947.4 -18.2 75 0 13.4 9.2 14.0 3.5 2 0 4 3 3
3401.4 2092.1 -17.4 0 0 8.9 10.0 17.5 3.5 2 1 5 3 3
3333.9 1848.4 -16.7 12 0 16.4 8.2 21.0 0.0 0 0 6 0 0
3679.9 2033.9 -16.0 309 0 10.6 16.8 17.5 3.5 2 1 5 5 5
3897.3 1981.0 -19.1 48 0 7.9 9.6 14.0 3.5 2 1 4 1 1
3363.8 1963.3 -17.2 100 0 8.4 9.9 14.0 3.5 2 1 4 0 0
3346.5 1850.0 -16.9 17 0 13.9 7.1 21.0 0.0 0 0 6 2 2
3518.6 1728.8 -19.4 175 0 7.4 11.9 17.5 3.5 2 1 5 0 0
3471.9 1674.8 -19.9 72 0 6.1 6.8 17.5 3.5 2 1 5 1 1
3361.3 1742.8 -15.8 90 0 11.5 12.7 21.0 0.0 0 1 6 2 2
3948.9 2036.3 -16.9 153 0 7.9 14.7 14.0 3.5 2 1 4 1 1
3367.7 1910.1 -17.6 102 0 7.8 11.5 17.5 0.0 0 1 5 1 1
3480.7 1818.8 -17.7 34 0 8.5 17.1 21.0 0.0 0 1 6 5 5
4109.4 2031.4 -21.9 74 0 8.6 12.0 14.0 3.5 2 1 4 4 4
3597.5 1969.5 -17.6 3 0 6.3 22.4 17.5 3.5 2 1 5 2 2
3470.1 1790.7 -17.5 27 0 7.9 10.9 21.0 0.0 0 1 6 4 4
3369.3 1782.7 -16.3 15 0 8.0 29.7 21.0 0.0 0 1 6 5 5
3321.8 1793.5 -15.9 186 0 14.0 10.8 21.0 0.0 0 0 6 4 4
3498.3 1961.2 -18.7 271 0 19.4 45.2 17.5 3.5 2 1 5 1 1
176.5 5084.5 5.2 95 0 7.8 6.8 7.5 2.5 2 0 3 4 4
-2710.5 -65.0 -18.9 273 0 8.6 6.5 5.0 0.0 0 0 2 0 0
-6424.4 5112.8 -14.1 190 0 6.6 10.1 7.5 2.5 2 1 3 4 4
-6781.8 5122.9 -10.1 100 0 10.1 6.6 5.0 2.5 2 0 2 4 4
-6787.4 5176.1 -10.3 190 0 6.6 10.1 7.5 2.5 2 1 3 1 1
-6450.6 5264.8 -11.5 100 0 10.1 6.6 10.0 2.5 2 0 4 3 3
-6852.5 5303.5 -11.7 100 0 10.4 11.7 10.0 2.5 2 1 4 0 0
-6910.1 5239.4 -11.8 190 0 6.6 10.1 7.5 2.5 2 1 3 1 1
-6843.8 5200.3 -11.6 10 0 6.6 10.1 7.5 2.5 2 1 3 3 3
-6893.7 5157.2 -12.0 190 0 6.6 10.1 5.0 2.5 2 1 2 5 5
-6781.8 5283.1 -10.9 280 0 10.1 6.6 5.0 2.5 2 0 2 0 0
-6864.7 5306.8 -11.7 100 0 10.1 6.6 7.5 2.5 2 0 3 2 2
-6419.2 5070.2 -14.0 10 0 6.6 10.1 7.5 2.5 2 1 3 0 0
-6794.5 5341.6 -11.1 10 0 6.6 10.1 5.0 2.5 2 1 2 2 2
-6377.7 5331.0 -12.2 280 0 10.1 6.6 2.5 2.5 2 0 1 5 5
-6400.4 5124.0 -13.9 10 0 6.6 10.1 5.0 2.5 2 1 2 5 5
-3474.9 4829.1 -16.5 98 0 10.5 12.5 7.5 2.5 2 1 3 0 0
-3976.1 4498.4 -17.2 188 0 12.5 10.5 5.0 2.5 2 0 2 3 3
-3422.0 4901.2 -16.2 278 0 10.5 12.5 7.5 2.5 2 1 3 2 2
-4418.2 4642.2 -15.5 278 0 10.5 12.5 2.5 2.5 2 1 1 4 4
-4315.4 4132.0 -18.2 98 0 10.5 12.5 7.5 2.5 2 1 3 0 0
-3857.4 4237.1 -17.7 188 0 12.5 10.5 5.0 0.0 0 0 2 2 2
-3478.8 4732.3 -16.9 8 0 12.5 10.5 5.0 2.5 2 0 2 1 1
-4195.0 4581.6 -14.0 183 0 13.0 10.0 5.0 2.5 2 0 2 0 0
-4121.0 4870.5 -12.8 98 0 10.5 12.5 5.0 2.5 2 1 2 0 0
-3991.2 4309.3 -14.4 278 0 10.5 12.5 7.5 2.5 2 1 3 3 3
-3925.4 4290.4 -16.5 278 0 10.5 12.5 7.5 2.5 2 1 3 5 5
-4095.1 4915.4 -13.1 278 0 10.5 12.5 5.0 2.5 2 1 2 5 5
-4386.3 4126.8 -19.8 278 0 10.5 12.5 7.5 2.5 2 1 3 3 3
-3941.2 4305.2 -16.0 278 0 10.5 12.5 7.5 2.5 2 1 3 3 3
-4134.5 4302.8 -15.4 98 0 10.5 12.5 7.5 2.5 2 1 3 5 5
-3932.4 4244.3 -16.2 98 0 10.5 12.5 7.5 2.5 2 1 3 2 2
-4329.5 4302.8 -17.3 278 0 10.5 12.5 5.0 2.5 2 1 2 4 4
-4386.1 4202.8 -19.2 188 0 12.5 10.5 7.5 2.5 2 0 3 5 5
-4058.5 4336.1 -14.0 8 0 12.5 10.5 5.0 2.5 2 0 2 0 0
-3980.0 4258.5 -14.8 98 0 10.5 12.5 5.0 2.5 2 1 2 2 2
-4024.5 4436.0 -14.0 8 0 12.5 10.5 7.5 2.5 2 0 3 0 0
-4095.3 4109.9 -16.1 188 0 12.5 10.5 7.5 2.5 2 0 3 5 5
-3953.0 4265.0 -15.6 98 0 10.5 12.5 7.5 2.5 2 1 3 4 4
-4008.4 4429.8 -14.9 188 0 12.5 10.5 5.0 2.5 2 0 2 3 3
-3848.0 4266.0 -17.9 188 0 12.5 10.5 5.0 2.5 2 0 2 2 2
-4035.9 4524.1 -15.9 8 0 12.5 10.5 10.0 2.5 2 0 4 5 5
-3528.9 4807.8 -17.5 278 0 10.5 12.5 7.5 2.5 2 1 3 5 5
-3846.7 4729.8 -16.2 98 0 10.5 12.5 2.5 2.5 2 1 1 4 4
-4106.3 4232.8 -16.6 98 0 10.5 12.5 5.0 2.5 2 1 2 1 1
-3970.6 4812.0 -13.8 278 0 10.5 12.5 7.5 2.5 2 1 3 1 1
-4096.5 4580.6 -14.9 188 0 12.5 10.5 7.5 2.5 2 0 3 0 0
-4306.6 4320.0 -16.5 278 0 10.5 12.5 5.0 2.5 2 1 2 5 5
-4179.9 4279.0 -16.6 188 0 12.5 10.5 7.5 2.5 2 0 3 2 2
-4080.3 4727.5 -14.2 8 0 12.5 10.5 7.5 2.5 4 0 3 2 2
-4021.3 4787.6 -12.6 188 0 12.5 10.5 2.5 2.5 2 0 1 0 0
-4292.5 4312.9 -16.6 278 0 10.5 12.5 7.5 2.5 2 1 3 5 5
-4403.5 4142.0 -19.6 278 0 10.5 12.5 7.5 2.5 2 1 3 0 0
-4254.9 4103.6 -17.3 98 0 10.5 12.5 7.5 2.5 2 1 3 4 4
-3427.7 4857.0 -15.3 8 0 12.5 10.5 5.0 2.5 2 0 2 4 4
-4004.1 4231.3 -15.6 278 0 10.5 12.5 7.5 2.5 2 1 3 3 3
-4025.3 4631.6 -14.8 98 0 10.5 12.5 5.0 2.5 2 1 2 0 0
-3514.2 4815.5 -17.3 278 0 10.5 12.5 5.0 2.5 4 1 2 3 3
-3848.0 4677.0 -16.2 188 0 12.5 10.5 7.5 2.5 2 0 3 2 2
-4189.4 4466.6 -15.9 278 0 10.5 12.5 7.5 2.5 2 1 3 1 1
-3517.7 4797.8 -17.6 278 0 10.5 12.5 7.5 2.5 2 1 3 1 1
-4315.6 4059.1 -17.4 188 0 12.5 10.5 2.5 2.5 2 0 1 3 3
-4229.6 4795.5 -15.5 11 0 21.7 10.2 7.5 2.5 2 0 3 0 0
-3845.7 4141.9 -17.2 188 0 12.5 10.5 7.5 2.5 2 0 3 0 0
-3913.8 4725.5 -14.8 188 0 12.5 10.5 7.5 2.5 2 0 3 1 1
-3860.4 4572.6 -15.5 188 0 12.5 10.5 5.0 0.0 0 0 2 1 1
-3467.8 4782.4 -16.1 278 0 10.5 12.5 5.0 2.5 2 1 2 3 3
-4145.6 4260.3 -16.7 278 0 10.5 12.5 7.5 2.5 2 1 3 3 3
-3934.8 4832.1 -15.0 98 0 10.5 12.5 2.5 2.5 2 1 1 2 2
-4133.3 4965.1 -13.8 278 0 10.5 12.5 7.5 2.5 2 1 3 5 5
-4363.0 4111.8 -19.2 278 0 10.5 12.5 5.0 2.5 2 1 2 5 5
-4297.2 4954.7 -14.5 278 0 10.5 12.5 7.5 0.0 0 1 3 1 1
-3452.5 4923.1 -17.3 278 0 10.5 12.5 5.0 2.5 2 1 2 0 0
-4044.0 4851.6 -13.0 98 0 10.5 12.5 5.0 2.5 2 1 2 2 2
-3463.5 4763.0 -16.2 8 0 12.5 10.5 2.5 2.5 4 0 1 3 3
-4165.4 4198.3 -17.1 8 0 12.5 10.5 10.0 2.5 2 0 4 3 3
-4065.8 4856.9 -12.9 98 0 10.5 12.5 7.5 2.5 2 1 3 5 5
-3608.2 4601.5 -19.7 98 0 10.5 12.5 7.5 2.5 2 1 3 2 2
-3490.2 4856.9 -17.2 98 0 10.5 12.5 7.5 2.5 2 1 3 5 5
-3937.7 4916.0 -15.5 278 0 10.5 12.5 7.5 2.5 2 1 3 4 4
-3647.6 4830.3 -19.0 98 0 10.5 12.5 7.5 2.5 2 1 3 1 1
-3478.4 4811.9 -16.3 278 0 10.5 12.5 10.0 2.5 2 1 4 2 2
-4134.9 4060.0 -16.1 8 0 12.5 10.5 2.5 2.5 2 0 1 5 5
-4316.7 5000.9 -14.9 278 0 10.5 12.5 5.0 2.5 2 1 2 0 0
-4052.7 4901.4 -13.3 8 0 12.5 10.5 5.0 2.5 2 0 2 2 2
-4147.2 4062.3 -16.2 8 0 12.5 10.5 2.5 2.5 2 0 1 4 4
-3915.4 4920.2 -15.9 278 0 10.5 12.5 7.5 2.5 4 1 3 1 1
-4050.3 4815.0 -12.3 8 0 12.5 10.5 2.5 2.5 2 0 1 3 3
-3563.2 4727.8 -19.1 188 0 12.5 10.5 7.5 2.5 2 0 3 3 3
-4407.4 4958.1 -14.1 8 0 12.5 10.5 2.5 2.5 2 0 1 3 3
-3493.7 4849.2 -17.2 98 0 10.5 12.5 5.0 0.0 0 1 2 3 3
-4269.6 4332.4 -16.2 98 0 10.5 12.5 10.0 2.5 2 1 4 2 2
-4089.8 4343.0 -14.4 278 0 10.5 12.5 5.0 2.5 2 1 2 4 4
-3921.3 4828.5 -15.2 98 0 10.5 12.5 10.0 2.5 2 1 4 4 4
-4390.0 5038.6 -15.5 98 0 10.5 12.5 7.5 2.5 2 1 3 3 3
-3533.6 4735.7 -18.2 98 0 10.5 12.5 7.5 2.5 2 1 3 0 0
-4006.0 4899.9 -14.3 188 0 12.5 10.5 10.0 2.5 2 0 4 3 3
-4205.7 4799.4 -14.9 188 0 12.5 10.5 10.0 2.5 2 0 4 2 2
-3535.4 4717.3 -18.4 98 0 10.5 12.5 5.0 2.5 2 1 2 4 4
-4390.4 4311.9 -19.0 8 0 12.5 10.5 7.5 0.0 0 0 3 1 1
-3463.5 4737.0 -16.5 8 0 12.5 10.5 10.0 2.5 2 0 4 3 3
-4235.1 4062.6 -17.7 188 0 12.5 10.5 10.0 2.5 4 0 4 5 5
-3514.4 4872.7 -17.7 188 0 12.5 10.5 5.0 2.5 2 0 2 3 3
-4205.2 4813.0 -14.9 188 0 12.5 10.5 2.5 2.5 2 0 1 0 0
-3688.7 4826.7 -19.2 98 0 10.5 12.5 7.5 2.5 2 1 3 0 0
-4126.8 4635.7 -14.7 278 0 10.5 12.5 5.0 2.5 2 1 2 4 4
-4351.6 4427.4 -16.1 8 0 12.5 10.5 7.5 2.5 2 0 3 2 2
-4094.7 4807.7 -12.2 188 0 12.5 10.5 7.5 2.5 2 0 3 3 3
-3496.0 4838.6 -17.1 98 0 10.5 12.5 5.0 2.5 2 1 2 5 5
-4199.9 4832.5 -14.9 188 0 12.5 10.5 7.5 2.5 2 0 3 1 1
-3721.0 4826.7 -19.0 98 0 10.5 12.5 10.0 2.5 2 1 4 5 5
-3455.9 4704.5 -17.0 8 0 12.5 10.5 5.0 0.0 0 0 2 5 5
-4220.2 4084.7 -17.2 278 0 10.5 12.5 7.5 2.5 4 1 3 5 5
-4409.9 4991.0 -14.7 8 0 12.5 10.5 7.5 2.5 2 0 3 1 1
-3499.5 4823.8 -17.0 98 0 10.5 12.5 10.0 2.5 2 1 4 3 3
-4236.1 4292.2 -16.8 278 0 10.5 12.5 2.5 2.5 4 1 1 4 4
-3432.6 4806.6 -14.9 278 0 10.5 12.5 7.5 2.5 4 1 3 5 5
-3441.4 4915.4 -17.1 278 0 10.5 12.5 7.5 2.5 2 1 3 5 5
-3530.7 4822.6 -17.8 98 0 10.5 12.5 7.5 0.0 0 1 3 4 4
-4164.6 4701.2 -14.7 188 0 12.5 10.5 2.5 2.5 2 0 1 0 0
-3866.8 4166.7 -17.2 188 0 12.5 10.5 5.0 2.5 2 0 2 2 2
-4274.3 4296.9 -16.9 278 0 10.5 12.5 5.0 2.5 2 1 2 3 3
-3449.6 4809.0 -15.4 278 0 10.5 12.5 10.0 2.5 2 1 4 3 3
-3506.6 4767.0 -17.4 278 0 10.5 12.5 7.5 2.5 2 1 3 0 0
-3463.1 4871.1 -17.0 98 0 10.5 12.5 5.0 2.5 4 1 2 3 3
-4403.3 4245.6 -19.2 8 0 12.5 10.5 7.5 2.5 2 0 3 2 2
-3707.7 4461.8 -18.9 188 0 12.5 10.5 10.0 2.5 2 0 4 1 1
-3517.8 4831.5 -17.5 98 0 10.5 12.5 7.5 2.5 2 1 3 1 1
-3872.7 4846.1 -16.4 188 0 12.5 10.5 5.0 2.5 2 0 2 5 5
-4118.6 4736.9 -14.7 278 0 10.5 12.5 5.0 2.5 2 1 2 2 2
-4121.2 5008.7 -14.8 188 0 12.5 10.5 7.5 2.5 4 0 3 1 1
-4366.1 4772.2 -13.6 188 0 12.5 10.5 5.0 2.5 2 0 2 4 4
-4422.3 4157.4 -19.2 278 0 10.5 12.5 10.0 2.5 2 1 4 3 3
-4145.1 4553.0 -14.5 98 0 10.5 12.5 2.5 2.5 2 1 1 2 2
-4235.4 4455.3 -16.0 188 0 12.5 10.5 7.5 0.0 0 0 3 4 4
-3497.8 4797.2 -17.0 278 0 10.5 12.5 7.5 2.5 4 1 3 0 0
-4355.9 4846.2 -14.3 278 0 10.5 12.5 5.0 2.5 2 1 2 4 4
-3902.1 4772.8 -15.1 188 0 12.5 10.5 7.5 2.5 2 0 3 0 0
-3826.5 4595.7 -15.5 8 0 12.5 10.5 7.5 2.5 2 0 3 0 0
-4097.1 4544.0 -15.0 188 0 12.5 10.5 10.0 2.5 2 0 4 4 4
-4307.5 4681.9 -14.5 278 0 10.5 12.5 7.5 2.5 2 1 3 0 0
-3468.4 4861.0 -16.9 98 0 10.5 12.5 10.0 2.5 2 1 4 4 4
-3777.6 4251.3 -18.1 188 0 12.5 10.5 7.5 2.5 2 0 3 3 3
-3494.8 4813.1 -16.8 278 0 10.5 12.5 7.5 2.5 2 1 3 3 3
-3687.5 4412.8 -18.3 98 0 10.5 12.5 5.0 0.0 0 1 2 0 0
-3460.2 4927.3 -17.5 278 0 10.5 12.5 7.5 2.5 2 1 3 3 3
-3824.2 4612.8 -16.1 8 0 12.5 10.5 7.5 2.5 2 0 3 5 5
-3446.1 4903.0 -17.0 278 0 10.5 12.5 7.5 2.5 2 1 3 5 5
-4351.0 4744.7 -13.9 8 0 12.5 10.5 7.5 2.5 2 0 3 4 4
-3474.9 4934.3 -17.7 278 0 10.5 12.5 7.5 2.5 2 1 3 2 2
-3446.1 4897.1 -16.9 278 0 10.5 12.5 7.5 2.5 2 1 3 2 2
-4227.0 4811.9 -15.5 6 0 11.5 20.3 7.5 2.5 2 1 3 2 2
-3456.1 4837.4 -16.1 98 0 10.5 12.5 10.0 0.0 0 1 4 4 4
-3576.7 4788.2 -18.2 188 0 12.5 10.5 7.5 2.5 2 0 3 0 0
-3817.7 4285.8 -18.1 8 0 12.5 10.5 7.5 2.5 2 0 3 4 4
-3456.1 4828.5 -15.9 98 0 10.5 12.5 5.0 0.0 0 1 2 0 0
-3506.6 4713.8 -17.7 98 0 10.5 12.5 7.5 2.5 2 1 3 0 0
-3558.5 4745.0 -18.8 188 0 12.5 10.5 2.5 2.5 2 0 1 5 5
-3634.9 4452.2 -19.0 302 0 26.4 16.7 10.0 2.5 2 0 4 5 5
-3488.4 4765.8 -16.8 278 0 10.5 12.5 5.0 2.5 2 1 2 3 3
-3435.5 4812.0 -14.8 98 0 10.5 12.5 7.5 2.5 2 1 3 1 1
-3806.5 4250.9 -18.0 8 0 12.5 10.5 7.5 2.5 4 0 3 1 1
-3865.3 4268.1 -17.8 8 0 12.5 10.5 7.5 2.5 4 0 3 3 3
-3627.0 4845.1 -19.2 98 0 10.5 12.5 7.5 2.5 4 1 3 0 0
-3874.1 4271.6 -17.7 8 0 12.5 10.5 5.0 2.5 4 0 2 0 0
-3424.9 4803.1 -14.7 278 0 10.5 12.5 5.0 2.5 4 1 2 3 3
-3869.3 4904.9 -16.7 188 0 12.5 10.5 5.0 2.5 2 0 2 5 5
-3998.8 4270.9 -14.5 98 0 10.5 12.5 5.0 0.0 0 1 2 2 2
-4388.4 4936.6 -14.5 188 0 12.5 10.5 2.5 2.5 4 0 1 2 2
-3455.5 4813.1 -15.4 98 0 10.5 12.5 5.0 2.5 2 1 2 4 4
-3510.1 4851.0 -17.5 98 0 10.5 12.5 5.0 2.5 2 1 2 5 5
-4053.0 4672.9 -14.5 188 0 12.5 10.5 2.5 2.5 2 0 1 3 3
-3838.9 4337.9 -18.4 8 0 12.5 10.5 7.5 2.5 2 0 3 5 5
-4060.5 4940.3 -13.5 278 0 10.5 12.5 10.0 2.5 2 1 4 3 3
-3437.3 4828.5 -14.7 98 0 10.5 12.5 7.5 2.5 2 1 3 4 4
-4216.3 4153.7 -16.9 188 0 12.5 10.5 7.5 2.5 2 0 3 2 2
-4256.1 4636.6 -14.0 209 0 13.5 19.1 7.5 2.5 2 1 3 2 2
-3886.6 4315.9 -17.9 98 0 10.5 12.5 7.5 2.5 2 1 3 1 1
-4052.9 4966.9 -14.0 98 0 10.5 12.5 2.5 2.5 2 1 1 1 1
-4156.8 4668.9 -14.6 98 0 10.5 12.5 5.0 2.5 2 1 2 1 1
-2882.9 457.8 -16.4 86 0 14.1 17.8 7.5 0.0 0 1 3 0 0
-3206.0 900.5 -20.8 86 0 14.1 17.8 10.0 2.5 2 1 4 5 5
-2919.9 307.0 -19.5 86 0 14.1 17.8 10.0 2.5 2 1 4 4 4
-2699.3 284.5 -19.1 176 0 7.2 16.4 2.5 0.0 0 1 1 2 2
-3137.5 590.8 -20.3 48 0 7.1 8.8 7.5 2.5 2 1 3 5 5
-2770.7 468.4 -17.5 86 0 14.1 17.8 10.0 2.5 2 1 4 0 0
3299.0 3722.3 -8.8 90 0 8.8 14.2 7.5 2.5 4 1 3 3 3
2486.8 3807.1 -7.5 355 0 6.5 8.4 7.5 2.5 2 1 3 4 4
2442.6 3519.0 -8.6 345 0 6.7 12.0 7.5 2.5 2 1 3 0 0
2879.8 3359.5 -15.9 272 0 7.7 13.0 5.0 2.5 2 1 2 0 0
2635.5 3190.6 -15.0 165 0 6.7 12.0 2.5 2.5 2 1 1 3 3
3246.4 3353.3 -17.4 270 0 8.8 14.2 10.0 2.5 2 1 4 0 0
2955.9 3202.5 -20.0 167 0 7.0 10.8 7.5 0.0 0 1 3 0 0
2403.6 4019.8 -8.5 272 0 7.6 6.8 7.5 2.5 2 0 3 1 1
2988.2 3541.4 -13.0 270 0 8.8 14.2 5.0 2.5 2 1 2 5 5
2809.9 3068.5 -18.3 174 0 8.9 15.5 5.0 2.5 2 1 2 3 3
2576.2 3226.1 -13.5 165 0 6.7 12.0 7.5 2.5 2 1 3 3 3
3004.7 3312.5 -19.3 92 0 7.8 13.0 10.0 2.5 2 1 4 5 5
2513.1 3132.5 -14.4 75 0 13.7 20.1 10.0 2.5 2 1 4 3 3
3298.1 3111.2 -20.1 2 0 7.5 16.4 7.5 2.5 4 1 3 5 5
2533.8 3897.3 -9.5 180 0 7.4 10.0 7.5 2.5 2 1 3 5 5
3177.2 3139.3 -20.6 77 0 14.2 8.3 7.5 2.5 2 0 3 4 4
2824.7 3501.1 -12.8 270 0 13.2 6.5 5.0 2.5 2 0 2 5 5
3022.3 3395.6 -14.2 92 0 7.7 13.0 5.0 2.5 2 1 2 3 3
2341.1 3341.2 -13.4 272 0 7.7 13.0 2.5 2.5 2 1 1 2 2
2842.2 3333.8 -15.2 167 0 7.0 10.8 10.0 2.5 2 1 4 4 4
3037.5 3155.6 -20.6 347 0 6.5 16.8 7.5 2.5 2 1 3 4 4
2562.2 3227.5 -13.1 345 0 6.7 12.0 10.0 2.5 2 1 4 2 2
2654.2 3110.8 -15.1 344 0 13.2 6.1 5.0 0.0 0 0 2 5 5
3000.8 3285.3 -19.9 272 0 7.8 13.0 7.5 2.5 2 1 3 5 5
2703.1 3629.2 -5.6 90 0 9.7 10.1 7.5 2.5 2 1 3 5 5
3307.1 3653.0 -9.7 267 0 8.2 10.7 7.5 2.5 2 1 3 5 5
2893.9 3305.7 -17.5 167 0 7.0 10.8 7.5 2.5 2 1 3 3 3
3076.0 3560.9 -12.0 270 0 8.8 14.2 10.0 2.5 2 1 4 2 2
2911.5 3194.0 -19.3 347 0 6.5 16.8 2.5 2.5 2 1 1 0 0
2797.6 3113.1 -17.4 354 0 8.6 11.4 7.5 2.5 2 1 3 1 1
2725.6 3565.6 -8.2 180 0 8.9 7.9 7.5 2.5 2 0 3 1 1
2620.9 3245.0 -14.0 165 0 6.7 12.0 5.0 2.5 2 1 2 0 0
3157.9 3136.5 -20.9 77 0 10.8 7.0 7.5 2.5 4 0 3 1 1
3303.8 3180.8 -19.3 77 0 10.8 7.0 7.5 2.5 2 0 3 0 0
2604.7 3218.1 -13.9 165 0 6.7 12.0 7.5 2.5 2 1 3 0 0
2601.6 3066.1 -16.8 164 0 32.0 11.1 7.5 2.5 2 0 3 5 5
2350.4 3265.6 -12.5 2 0 19.9 9.3 5.0 2.5 2 0 2 1 1
2499.7 4037.5 -7.1 180 0 7.4 10.0 10.0 2.5 2 1 4 0 0
3016.3 3376.7 -16.1 272 0 7.7 13.0 7.5 2.5 2 1 3 1 1
2598.6 3293.7 -13.2 345 0 6.7 12.0 5.0 2.5 2 1 2 3 3
3065.7 3576.5 -10.9 90 0 8.8 14.2 7.5 0.0 0 1 3 5 5
2960.3 3548.5 -12.4 90 0 8.8 14.2 7.5 2.5 2 1 3 1 1
3141.4 3382.1 -16.0 272 0 9.4 8.0 7.5 2.5 2 0 3 5 5
2997.0 3557.6 -12.4 90 0 8.8 14.2 7.5 2.5 2 1 3 1 1
3107.7 3583.3 -10.6 90 0 8.8 14.2 5.0 2.5 2 1 2 3 3
3002.1 3096.2 -20.4 77 0 16.8 6.5 5.0 2.5 2 0 2 5 5
2574.3 3908.4 -9.3 270 0 10.0 7.4 5.0 2.5 2 0 2 4 4
3047.9 3411.3 -14.1 92 0 7.8 13.0 7.5 2.5 2 1 3 1 1
2438.5 3375.4 -12.0 74 0 9.5 20.6 5.0 2.5 2 1 2 0 0
2904.2 3229.6 -18.4 354 0 8.9 12.9 7.5 0.0 0 1 3 2 2
3304.2 3139.4 -19.8 259 0 10.9 21.7 7.5 2.5 2 1 3 3 3
2575.6 3213.7 -13.6 165 0 6.7 12.0 5.0 2.5 2 1 2 1 1
3289.9 3283.1 -18.8 2 0 8.0 9.4 7.5 2.5 2 1 3 3 3
2528.5 3135.1 -14.5 75 0 12.0 6.7 7.5 2.5 2 0 3 3 3
3037.6 3087.6 -20.7 257 0 8.5 15.4 10.0 0.0 0 1 4 0 0
2523.8 3903.8 -9.7 0 0 8.3 10.3 7.5 2.5 2 1 3 0 0
2609.7 3187.1 -14.7 165 0 6.7 12.0 5.0 2.5 2 1 2 1 1
3339.1 3216.4 -18.9 348 0 10.2 19.2 7.5 2.5 2 1 3 1 1
3121.0 3557.0 -12.1 270 0 8.8 14.2 5.0 2.5 2 1 2 5 5
2802.7 3181.9 -16.7 77 0 16.8 6.5 7.5 2.5 2 0 3 5 5
2870.8 3069.5 -18.8 83 0 9.3 17.0 7.5 0.0 0 1 3 3 3
2878.6 3378.7 -15.5 272 0 7.7 13.0 5.0 2.5 2 1 2 3 3
2933.0 3549.0 -11.9 90 0 8.8 14.2 5.0 2.5 2 1 2 3 3
2460.4 3124.8 -13.7 75 0 12.0 6.7 7.5 2.5 2 0 3 0 0
3298.4 3758.1 -8.5 270 0 8.8 14.2 10.0 2.5 2 1 4 3 3
2572.8 3132.7 -15.5 259 0 11.3 10.8 7.5 2.5 2 0 3 4 4
2466.8 3397.1 -11.4 75 0 12.0 6.7 5.0 2.5 2 0 2 1 1
2834.9 3683.9 -9.0 0 0 14.2 12.3 5.0 2.5 2 0 2 1 1
2632.2 3081.3 -16.0 343 0 8.0 9.8 10.0 2.5 2 1 4 2 2
3236.7 3351.0 -17.5 270 0 8.8 14.2 7.5 0.0 0 1 3 4 4
3028.7 3544.3 -12.9 270 0 8.8 14.2 5.0 2.5 2 1 2 3 3
2454.4 3217.7 -11.6 345 0 6.7 12.0 7.5 2.5 2 1 3 0 0
2792.8 3155.3 -17.4 347 0 6.6 16.8 5.0 2.5 2 1 2 2 2
3133.4 3169.9 -21.0 257 0 10.8 7.0 7.5 2.5 2 0 3 0 0
3047.8 3383.2 -16.0 272 0 7.7 13.0 7.5 2.5 2 1 3 0 0
2826.1 3786.3 -5.0 355 0 6.5 15.1 7.5 2.5 2 1 3 5 5
3223.0 3363.5 -16.2 92 0 9.4 8.0 7.5 2.5 2 0 3 5 5
3036.7 3603.7 -10.5 270 0 8.8 14.2 10.0 2.5 2 1 4 3 3
3219.1 3606.1 -9.6 90 0 8.8 14.2 7.5 2.5 2 1 3 3 3
2670.7 3079.1 -15.6 160 0 12.3 12.2 5.0 0.0 0 0 2 3 3
3039.9 3144.1 -20.6 347 0 6.6 16.8 2.5 2.5 2 1 1 5 5
3097.2 3559.4 -12.1 270 0 8.8 14.2 7.5 2.5 2 1 3 4 4
2938.8 3141.4 -19.7 347 0 6.6 16.8 7.5 2.5 2 1 3 4 4
2573.2 3621.5 -3.4 92 0 7.7 13.0 7.5 2.5 2 1 3 5 5
3311.0 3266.4 -18.7 270 0 8.8 14.2 5.0 2.5 4 1 2 4 4
2588.0 3167.2 -14.8 165 0 6.7 12.0 7.5 2.5 2 1 3 2 2
2772.9 3623.7 -7.9 0 0 12.7 14.1 7.5 2.5 2 1 3 0 0
3294.0 3612.9 -10.0 90 0 8.8 14.2 7.5 2.5 2 1 3 3 3
3257.5 3597.8 -10.3 270 0 8.8 14.2 2.5 2.5 4 1 1 3 3
3213.6 3352.3 -17.4 272 0 9.4 8.0 5.0 2.5 2 0 2 3 3
2465.6 3096.8 -14.4 345 0 6.7 12.0 2.5 2.5 2 1 1 4 4
3268.6 3111.0 -20.3 264 0 10.3 12.2 5.0 2.5 2 1 2 4 4
3323.3 3609.7 -10.3 270 0 8.8 14.2 2.5 2.5 2 1 1 5 5
2845.6 3063.5 -18.4 87 0 7.5 9.8 7.5 2.5 4 1 3 4 4
2928.0 3532.2 -11.5 270 0 8.2 11.8 5.0 2.5 2 1 2 5 5
2952.1 3346.5 -17.1 347 0 7.0 10.8 2.5 2.5 2 1 1 3 3
3290.2 3346.8 -17.9 270 0 8.8 14.2 7.5 2.5 4 1 3 1 1
3018.2 3563.5 -11.8 90 0 8.8 14.2 2.5 2.5 2 1 1 5 5
2888.8 3223.5 -18.3 264 0 6.2 9.2 7.5 2.5 4 1 3 0 0
2465.0 3843.9 -9.7 92 0 7.1 31.4 5.0 2.5 2 1 2 4 4
2644.3 3137.4 -15.9 344 0 13.2 6.1 7.5 2.5 2 0 3 0 0
3197.9 3585.7 -10.8 270 0 8.8 14.2 7.5 2.5 2 1 3 3 3
2668.6 3103.2 -14.6 165 0 6.7 12.0 2.5 2.5 2 1 1 4 4
3197.6 3183.5 -20.1 346 0 17.3 9.2 10.0 2.5 2 0 4 2 2
3029.4 3400.3 -14.0 92 0 7.8 13.0 5.0 2.5 2 1 2 4 4
2473.0 4040.5 -7.6 349 0 8.1 10.9 7.5 2.5 2 1 3 0 0
2926.5 3327.6 -17.9 347 0 7.0 10.8 7.5 2.5 2 1 3 2 2
3201.4 3619.4 -9.2 90 0 8.8 14.2 5.0 2.5 2 1 2 5 5
2658.5 3128.5 -14.7 165 0 6.7 12.0 10.0 2.5 2 1 4 3 3
2979.4 3554.1 -12.6 90 0 8.8 14.2 5.0 2.5 2 1 2 3 3
2593.6 3304.3 -13.0 345 0 6.7 12.0 7.5 2.5 2 1 3 0 0
3147.4 3573.9 -11.4 270 0 8.8 14.2 7.5 2.5 2 1 3 3 3
3053.2 3113.4 -20.8 167 0 15.4 8.5 5.0 2.5 2 0 2 4 4
2924.2 3222.6 -19.4 167 0 7.0 10.8 7.5 2.5 2 1 3 5 5
2354.6 3335.3 -13.0 272 0 7.8 13.0 2.5 2.5 2 1 1 2 2
3234.6 3775.2 -5.3 90 0 8.8 14.2 5.0 2.5 2 1 2 3 3
2497.2 3962.5 -9.1 358 0 10.1 14.0 7.5 2.5 2 1 3 5 5
2494.4 4063.5 -6.4 180 0 7.4 10.0 2.5 2.5 2 1 1 3 3
2605.0 3305.3 -13.2 165 0 6.7 12.0 7.5 2.5 2 1 3 0 0
2487.8 3384.0 -11.1 165 0 6.7 12.0 7.5 2.5 2 1 3 1 1
3018.1 3117.5 -20.5 77 0 16.8 6.5 7.5 2.5 2 0 3 2 2
2831.5 3520.4 -12.6 90 0 9.7 7.4 2.5 0.0 0 0 1 5 5
3118.8 3334.3 -19.6 272 0 9.4 8.0 7.5 2.5 2 0 3 1 1
2905.1 3301.0 -17.9 167 0 7.0 10.8 5.0 2.5 2 1 2 3 3
3010.5 3292.7 -20.0 272 0 7.7 13.0 7.5 2.5 2 1 3 2 2
2552.0 3903.2 -9.5 180 0 7.4 10.0 7.5 2.5 2 1 3 3 3
3158.7 3148.0 -20.9 77 0 10.8 7.0 2.5 2.5 2 0 1 1 1
3118.9 3376.5 -16.8 272 0 7.7 13.0 10.0 2.5 2 1 4 4 4
3243.4 3993.8 -2.0 87 0 14.5 10.7 7.5 2.5 2 0 3 1 1
2647.1 3120.5 -15.8 345 0 6.7 12.0 10.0 0.0 0 1 4 4 4
2538.5 3948.8 -9.2 155 0 14.3 11.6 7.5 2.5 2 0 3 5 5
2586.0 3241.7 -13.4 345 0 6.7 12.0 7.5 2.5 2 1 3 2 2
3105.7 3572.1 -11.6 270 0 8.8 14.2 5.0 2.5 2 1 2 4 4
2757.9 3576.8 -8.6 0 0 7.1 11.4 2.5 2.5 2 1 1 5 5
3022.6 3339.7 -17.7 92 0 7.8 13.0 5.0 2.5 2 1 2 5 5
3017.5 3155.3 -20.4 347 0 6.5 16.8 2.5 2.5 2 1 1 3 3
3184.6 3100.2 -20.5 179 0 11.8 10.0 5.0 2.5 4 0 2 1 1
3045.5 3546.4 -12.5 270 0 8.8 14.2 7.5 2.5 2 1 3 2 2
3113.3 3573.9 -11.5 270 0 8.8 14.2 10.0 2.5 2 1 4 5 5
3286.1 3144.6 -19.9 264 0 12.8 15.2 7.5 2.5 2 1 3 5 5
3058.8 3353.9 -17.2 92 0 7.8 13.0 10.0 2.5 2 1 4 3 3
3025.8 3313.4 -19.4 92 0 7.8 13.0 7.5 2.5 2 1 3 3 3
2469.1 3076.7 -14.9 345 0 6.7 12.0 7.5 2.5 2 1 3 5 5
2908.4 3113.5 -19.4 255 0 7.0 8.5 10.0 2.5 2 1 4 5 5
3054.9 3569.7 -11.1 90 0 8.8 14.2 7.5 2.5 2 1 3 5 5
2558.7 3202.6 -13.5 345 0 6.7 12.0 7.5 2.5 2 1 3 2 2
2799.9 3233.0 -15.6 264 0 6.5 11.7 7.5 2.5 2 1 3 3 3
3168.3 3284.7 -20.4 92 0 7.7 13.0 5.0 2.5 2 1 2 1 1
2607.5 3137.1 -16.0 254 0 6.1 13.2 7.5 2.5 2 1 3 4 4
2630.3 3212.5 -14.4 165 0 6.7 12.0 7.5 2.5 2 1 3 1 1
2554.8 3124.1 -15.5 286 0 8.6 16.8 5.0 2.5 2 1 2 2 2
3024.6 3296.9 -20.1 272 0 7.7 13.0 5.0 2.5 2 1 2 5 5
3018.6 3102.1 -20.5 77 0 16.8 6.5 5.0 2.5 2 0 2 5 5
2948.0 3360.9 -16.4 2 0 13.0 7.7 5.0 2.5 2 0 2 0 0
2957.7 3536.0 -12.0 270 0 8.8 14.2 7.5 2.5 2 1 3 5 5
2803.0 3076.6 -18.1 2 0 7.4 11.7 10.0 2.5 2 1 4 3 3
3168.1 3363.2 -16.8 92 0 9.4 8.0 7.5 2.5 2 0 3 1 1
3057.8 3318.7 -20.2 272 0 7.7 13.0 7.5 2.5 2 1 3 1 1
2977.1 3379.3 -15.1 92 0 7.7 13.0 10.0 2.5 2 1 4 1 1
2593.3 3353.6 -12.6 158 0 7.0 9.5 5.0 0.0 0 1 2 1 1
3154.7 3589.5 -10.2 90 0 8.8 14.2 7.5 2.5 2 1 3 4 4
2339.9 3501.6 -9.6 257 0 24.2 7.9 7.5 2.5 2 0 3 3 3
2450.5 3603.6 -8.9 167 0 7.1 12.5 7.5 2.5 2 1 3 0 0
2651.4 3144.5 -15.2 165 0 6.7 12.0 7.5 2.5 2 1 3 3 3
2582.7 3319.2 -12.7 2 0 6.8 6.7 7.5 2.5 2 0 3 3 3
3066.0 3544.0 -12.6 270 0 8.8 14.2 7.5 2.5 4 1 3 2 2
3058.5 3095.0 -20.8 257 0 8.5 15.4 5.0 2.5 2 1 2 1 1
3133.5 3140.9 -21.0 77 0 10.8 7.0 10.0 2.5 2 0 4 1 1
2815.8 3184.7 -17.0 167 0 6.5 16.8 5.0 2.5 4 1 2 4 4
2394.3 3804.2 -9.5 175 0 6.5 9.6 10.0 2.5 2 1 4 0 0
2434.7 3528.2 -9.0 345 0 6.7 12.0 7.5 2.5 4 1 3 0 0
3038.4 3150.6 -20.6 347 0 6.5 16.8 5.0 2.5 4 1 2 2 2
3198.2 3344.9 -18.2 272 0 9.4 8.0 7.5 0.0 0 0 3 2 2
3195.9 3604.0 -9.6 90 0 8.8 14.2 7.5 2.5 2 1 3 2 2
3323.9 4066.7 -2.2 184 0 8.3 16.5 5.0 2.5 2 1 2 5 5
2970.3 3160.9 -20.1 347 0 6.5 16.8 10.0 2.5 2 1 4 1 1
3037.8 3199.9 -20.6 167 0 7.0 10.8 5.0 2.5 2 1 2 1 1
2657.0 3093.4 -15.2 351 0 9.0 12.7 7.5 2.5 2 1 3 4 4
3323.3 3746.5 -8.8 270 0 8.8 14.2 7.5 2.5 2 1 3 0 0
3245.1 3326.0 -18.6 272 0 9.4 8.0 5.0 2.5 2 0 2 0 0
3192.6 3688.9 -7.5 180 0 14.2 8.8 2.5 2.5 2 0 1 2 2
2621.3 3136.4 -16.2 254 0 6.1 13.2 7.5 2.5 2 1 3 3 3
3263.3 3142.3 -20.1 258 0 8.7 17.3 5.0 2.5 2 1 2 0 0
2849.3 3368.1 -14.7 244 0 13.7 7.5 7.5 2.5 2 0 3 4 4
2396.9 3530.3 -9.4 257 0 6.3 25.8 5.0 2.5 2 1 2 1 1
2550.0 3327.9 -12.3 75 0 12.0 6.7 2.5 2.5 4 0 1 0 0
2582.5 3089.5 -17.0 164 0 46.5 8.3 17.5 0.0 0 0 7 4 4
3293.9 3082.1 -20.2 79 0 14.1 15.4 5.0 2.5 2 1 2 1 1
2648.8 3315.9 -13.5 345 0 6.7 12.0 5.0 2.5 2 1 2 3 3
2920.5 3277.5 -18.5 77 0 10.8 7.0 5.0 2.5 2 0 2 2 2
2977.6 3343.3 -17.2 167 0 7.0 10.8 7.5 2.5 2 1 3 2 2
2563.8 3849.6 -7.9 90 0 10.0 7.4 7.5 2.5 2 0 3 2 2
3046.7 3168.5 -20.7 167 0 7.0 10.8 5.0 2.5 2 1 2 0 0
2835.0 3101.4 -18.5 2 0 24.3 15.1 7.5 2.5 2 0 3 4 4
3309.0 3604.6 -10.3 270 0 8.8 14.2 10.0 2.5 2 1 4 2 2
3202.6 3085.3 -20.7 177 0 21.6 9.9 2.5 2.5 2 0 1 1 1
2392.2 3819.8 -9.8 167 0 7.9 18.1 7.5 2.5 2 1 3 5 5
2616.7 3161.0 -15.4 165 0 6.7 12.0 7.5 2.5 2 1 3 4 4
2958.5 3319.9 -18.6 347 0 7.0 10.8 2.5 2.5 2 1 1 4 4
2706.2 3283.0 -13.9 272 0 7.7 13.0 7.5 2.5 2 1 3 5 5
3147.7 3624.1 -9.4 270 0 8.8 14.2 5.0 0.0 0 1 2 0 0
2925.9 3211.4 -19.6 167 0 7.0 10.8 5.0 2.5 2 1 2 5 5
2576.5 3158.2 -14.8 353 0 7.9 12.3 7.5 2.5 2 1 3 0 0
3371.3 2030.1 -16.8 11 0 11.4 9.2 17.5 0.0 0 0 5 3 3
3426.9 1964.3 -18.5 11 0 10.8 10.0 17.5 3.5 2 0 5 3 3
3360.9 2029.4 -16.6 17 0 16.6 8.2 17.5 3.5 2 0 5 0 0
3414.2 1849.6 -17.6 187 0 8.0 7.1 21.0 0.0 0 0 6 0 0
3387.3 1952.5 -17.8 195 0 10.1 6.9 17.5 3.5 2 0 5 4 4
3423.4 1817.5 -17.6 193 0 10.3 9.1 21.0 0.0 0 0 6 4 4
3389.2 1937.0 -18.0 277 0 10.3 7.8 17.5 3.5 2 0 5 0 0
3394.7 1969.8 -18.0 200 0 12.1 11.0 17.5 3.5 2 0 5 4 4
3383.8 2037.6 -17.1 290 0 7.5 15.7 17.5 3.5 2 1 5 0 0
-6806.4 5255.9 -11.1 178 0 10.1 11.8 5.0 2.5 2 1 2 4 4
-4266.2 4824.5 -15.2 282 0 6.8 52.3 7.5 2.5 2 1 3 0 0
-4172.1 4929.6 -13.7 206 0 11.5 14.7 5.0 2.5 2 1 2 1 1
-4103.2 4621.1 -14.9 12 0 16.0 12.7 2.5 2.5 2 0 1 5 5
-4312.8 4814.0 -15.0 194 0 32.8 8.6 12.5 0.0 0 0 5 0 0
-4017.6 4369.6 -13.6 279 0 9.8 9.1 10.0 2.5 2 0 4 1 1
-4262.9 4893.5 -15.3 97 0 10.5 12.4 2.5 2.5 4 1 1 2 2
-4355.7 4633.2 -14.9 165 0 8.2 6.7 10.0 2.5 4 0 4 1 1
-4196.8 4619.7 -14.2 192 0 9.2 10.9 5.0 2.5 2 1 2 5 5
-4258.3 5036.6 -14.0 11 0 16.7 9.1 7.5 2.5 2 0 3 2 2
-4165.0 4649.3 -14.6 282 0 6.0 12.9 7.5 2.5 2 1 3 5 5
-4203.9 4210.5 -17.4 194 0 9.6 19.0 2.5 2.5 2 1 1 3 3
-4311.7 4784.4 -14.7 187 0 7.1 26.9 2.5 2.5 2 1 1 4 4
-4044.6 4503.4 -16.0 8 0 13.3 7.2 2.5 2.5 2 0 1 3 3
-4200.0 4239.9 -17.5 191 0 6.0 10.5 7.5 2.5 2 1 3 5 5
-4027.1 4334.2 -13.6 184 0 12.5 8.0 7.5 2.5 2 0 3 0 0
-4195.0 4650.3 -14.5 192 0 11.9 10.6 7.5 2.5 2 0 3 1 1
-3987.0 4836.7 -14.1 102 0 11.2 23.5 7.5 2.5 4 1 3 5 5
-4237.5 4951.8 -14.9 271 0 9.5 14.2 5.0 2.5 4 1 2 2 2
-4323.2 5054.5 -15.7 187 0 14.1 9.2 7.5 2.5 2 0 3 2 2
-4175.6 4651.4 -14.5 282 0 6.0 12.9 5.0 2.5 2 1 2 1 1
6264.3 2863.0 -22.4 88 0 12.6 24.9 7.5 0.0 0 1 3 0 0
6121.8 2933.1 -20.5 178 0 9.2 14.1 5.0 2.5 2 1 2 1 1
5861.2 3255.3 -20.6 263 0 8.8 10.1 7.5 2.5 2 1 3 3 3
5860.6 3165.7 -21.2 267 0 7.6 9.6 7.5 2.5 2 1 3 3 3
5904.8 2928.1 -19.8 342 0 8.2 8.2 5.0 2.5 2 1 2 0 0
5951.5 3131.2 -21.4 348 0 8.2 19.2 7.5 2.5 2 1 3 1 1
5839.6 3013.4 -20.6 82 0 10.4 15.5 7.5 2.5 2 1 3 3 3
6247.0 2884.0 -22.3 270 0 11.8 10.5 2.5 2.5 2 0 1 2 2
6203.3 2946.6 -22.6 183 0 7.8 18.2 5.0 2.5 2 1 2 2 2
5905.4 3114.9 -21.5 173 0 7.7 10.0 7.5 2.5 2 1 3 4 4
5807.5 2946.0 -18.1 257 0 15.2 7.9 2.5 2.5 2 0 1 1 1
5949.8 2910.2 -19.9 83 0 9.8 16.2 2.5 2.5 2 1 1 0 0
6050.7 2862.9 -19.9 346 0 8.8 9.7 7.5 2.5 2 1 3 2 2
6205.7 2869.2 -21.9 179 0 17.3 18.1 10.0 2.5 4 1 4 2 2
5942.4 3171.7 -21.0 349 0 6.3 11.8 5.0 2.5 2 1 2 5 5
5916.6 2963.0 -20.2 170 0 9.2 14.4 2.5 2.5 2 1 1 3 3
5898.1 2980.3 -20.3 349 0 8.4 11.9 5.0 2.5 2 1 2 2 2
6128.6 2889.3 -20.3 177 0 16.3 10.6 7.5 2.5 2 0 3 5 5
5835.1 3258.6 -20.7 260 0 10.4 15.9 10.0 2.5 2 1 4 5 5
5793.3 3096.4 -21.4 167 0 8.2 11.0 5.0 2.5 2 1 2 1 1
5951.5 3071.6 -21.3 0 0 6.5 7.2 2.5 2.5 4 1 1 1 1
5848.2 3092.1 -21.6 355 0 10.4 9.6 7.5 0.0 0 0 3 4 4
5780.0 3081.4 -21.2 169 0 7.5 12.6 10.0 2.5 2 1 4 3 3
6171.5 2961.5 -21.9 356 0 12.7 13.4 10.0 0.0 0 1 4 1 1
5901.5 3180.5 -21.1 260 0 12.7 16.8 7.5 2.5 2 1 3 1 1
5905.2 2958.5 -20.1 345 0 7.6 14.5 10.0 2.5 4 1 4 3 3
5994.6 2975.4 -20.3 179 0 9.6 14.4 7.5 2.5 2 1 3 3 3
6223.8 2817.9 -21.4 342 0 14.2 9.9 2.5 2.5 2 0 1 3 3
6133.6 2872.0 -20.5 176 0 10.2 9.4 7.5 2.5 2 0 3 3 3
5886.4 3242.8 -20.3 263 0 12.3 7.4 2.5 2.5 2 0 1 4 4
5966.7 3191.3 -21.0 257 0 12.2 9.6 2.5 2.5 2 0 1 5 5
5951.4 3061.2 -21.2 359 0 8.4 9.0 7.5 2.5 2 1 3 2 2
5902.0 3058.2 -21.3 169 0 12.6 8.2 10.0 2.5 4 0 4 0 0
5780.3 3057.3 -20.7 166 0 8.5 15.3 7.5 2.5 2 1 3 3 3
6179.3 2941.5 -21.9 359 0 13.6 13.5 10.0 2.5 2 0 4 1 1
5919.9 2933.7 -19.9 262 0 13.8 8.1 10.0 2.5 2 0 4 0 0
5888.0 3111.4 -21.6 78 0 6.5 10.6 7.5 2.5 2 1 3 5 5
5904.7 2945.5 -19.9 353 0 6.9 11.1 7.5 2.5 2 1 3 4 4
5892.3 3056.7 -21.2 356 0 7.9 7.2 7.5 0.0 0 0 3 0 0
6175.1 2789.9 -21.1 164 0 10.7 8.0 5.0 2.5 2 0 2 0 0
5964.1 3176.1 -21.1 166 0 9.2 12.1 7.5 2.5 2 1 3 2 2
5920.2 3010.3 -20.7 256 0 8.3 14.7 2.5 2.5 2 1 1 2 2
6020.0 2851.3 -19.9 171 0 9.9 8.3 7.5 2.5 2 0 3 3 3
5899.9 3077.5 -21.4 170 0 17.4 10.1 7.5 2.5 2 0 3 1 1
6173.3 2872.7 -20.9 0 0 12.6 15.4 7.5 2.5 2 1 3 3 3
5834.3 2871.0 -18.5 84 0 11.5 19.4 5.0 2.5 2 1 2 0 0
5875.5 2929.3 -19.4 265 0 10.6 10.6 5.0 2.5 2 0 2 3 3
5879.7 3090.8 -21.5 353 0 7.9 13.9 7.5 2.5 2 1 3 0 0
6067.2 2807.5 -20.2 88 0 9.0 7.8 5.0 2.5 2 0 2 5 5
5877.8 3177.4 -21.0 256 0 8.3 11.3 10.0 2.5 2 1 4 5 5
5919.1 2984.2 -20.4 169 0 6.5 8.9 5.0 2.5 2 1 2 1 1
5812.0 3021.6 -20.0 171 0 7.3 7.7 5.0 2.5 2 1 2 4 4
5801.3 3158.4 -21.1 250 0 15.3 8.5 5.0 2.5 2 0 2 0 0
6117.9 2953.4 -20.7 181 0 10.8 16.9 7.5 2.5 2 1 3 5 5
5847.4 2875.3 -18.8 82 0 11.3 21.3 7.5 2.5 2 1 3 5 5
5864.8 2968.4 -20.1 168 0 13.9 9.3 7.5 2.5 2 0 3 5 5
5881.3 3079.9 -21.4 353 0 8.3 12.2 7.5 2.5 2 1 3 4 4
5855.6 3017.9 -20.9 85 0 9.1 18.2 7.5 2.5 2 1 3 2 2
6192.3 2840.2 -21.3 262 0 22.7 13.6 10.0 2.5 2 0 4 3 3
5907.0 2999.8 -20.6 166 0 16.2 9.2 7.5 2.5 2 0 3 3 3
6013.9 2897.0 -19.8 175 0 9.7 11.6 2.5 2.5 2 1 1 5 5
5863.3 2953.8 -19.4 329 0 9.6 18.8 7.5 2.5 4 1 3 5 5
5910.6 3034.5 -21.0 179 0 9.2 12.8 7.5 2.5 4 1 3 4 4
3890.8 2500.2 -18.7 186 0 24.6 48.6 10.5 0.0 0 1 3 2 2
3963.4 2492.7 -17.4 276 0 16.5 13.2 10.5 3.5 2 0 3 5 5
3987.5 2489.6 -17.4 278 0 6.8 20.5 10.5 3.5 2 1 3 5 5
3938.6 2392.9 -16.7 283 0 13.9 15.4 10.0 2.5 2 1 4 2 2
6053.1 3120.7 -22.0 356 0 9.2 14.3 10.0 2.5 2 1 4 2 2
6048.7 3088.6 -21.7 84 0 12.2 7.9 5.0 2.5 2 0 2 0 0
5690.7 3126.2 -21.2 257 0 10.3 18.5 7.5 2.5 2 1 3 2 2
5677.8 3083.2 -21.2 238 0 8.6 15.8 7.5 2.5 2 1 3 4 4
5718.8 3007.9 -20.3 348 0 15.8 21.6 10.0 0.0 0 1 4 4 4
5652.8 3043.7 -20.9 154 0 8.1 12.7 7.5 2.5 2 1 3 1 1
2676.5 2212.0 -17.8 20 0 10.4 15.4 10.5 3.5 2 1 3 5 5
2664.1 2163.0 -17.9 182 0 7.9 14.3 10.5 3.5 4 1 3 3 3
2716.5 2114.7 -18.8 92 0 8.7 25.8 10.5 3.5 2 1 3 3 3
2678.1 2118.1 -18.4 92 0 18.0 12.2 10.5 3.5 2 0 3 5 5
2729.3 2207.3 -17.1 272 0 8.0 13.4 10.5 3.5 2 1 3 1 1
2740.2 2189.2 -17.4 272 0 9.8 15.4 10.5 3.5 2 1 3 4 4
2744.3 2161.1 -17.9 2 0 17.4 10.3 10.5 3.5 4 0 3 4 4
2387.6 1670.2 -19.9 18 0 7.0 12.8 10.5 3.5 2 1 3 4 4
2391.7 1703.8 -19.2 16 0 8.3 14.6 10.5 3.5 2 1 3 5 5
2409.6 1697.4 -19.1 16 0 8.0 14.0 10.5 3.5 2 1 3 3 3
2409.5 1707.9 -18.9 15 0 7.0 12.8 10.5 0.0 0 1 3 5 5
2301.3 1734.6 -18.9 192 0 7.8 10.5 10.5 3.5 2 1 3 2 2
2297.5 1723.1 -18.9 182 0 8.4 13.7 10.5 3.5 2 1 3 5 5
2310.4 1701.5 -18.9 186 0 7.4 7.3 10.5 3.5 2 0 3 3 3
2364.1 1731.6 -19.1 272 0 7.3 11.2 10.5 3.5 2 1 3 1 1
2363.2 1712.3 -19.5 274 0 8.0 19.1 10.5 3.5 2 1 3 2 2
2347.8 1679.7 -19.4 96 0 9.0 42.2 10.5 3.5 2 1 3 0 0
2622.6 1735.6 -18.4 180 0 10.4 17.0 10.5 3.5 2 1 3 0 0
2606.3 1719.8 -18.8 85 0 10.5 8.0 10.5 3.5 2 0 3 4 4
2610.2 1749.5 -18.9 356 0 6.4 14.1 10.5 3.5 2 1 3 2 2
2586.3 1776.5 -19.1 353 0 28.8 8.9 10.5 3.5 2 0 3 3 3
2585.2 1808.4 -18.9 353 0 31.0 7.5 10.5 3.5 4 0 3 5 5
2571.6 1855.8 -18.7 263 0 7.3 30.8 10.5 3.5 2 1 3 5 5
2504.8 1835.9 -18.4 250 0 33.6 9.0 10.5 3.5 2 0 3 5 5
2538.8 1845.3 -18.5 264 0 27.6 9.0 10.5 3.5 2 0 3 1 1
2562.2 1841.2 -18.8 263 0 9.1 38.4 10.5 3.5 2 1 3 4 4
2574.0 1786.7 -19.0 353 0 28.6 9.5 10.5 3.5 2 0 3 4 4
2576.5 1731.0 -19.1 83 0 9.8 32.0 10.5 3.5 2 1 3 2 2
2547.3 1724.5 -19.0 94 0 32.5 11.1 10.5 3.5 2 0 3 1 1
2503.1 1728.9 -18.5 93 0 33.2 9.2 10.5 3.5 2 0 3 0 0
2416.4 1799.3 -18.1 268 0 17.4 41.7 10.5 3.5 2 1 3 4 4
2477.3 1822.9 -18.2 255 0 7.8 7.2 10.5 3.5 2 0 3 4 4
2432.7 1809.9 -18.1 252 0 12.7 8.3 10.5 3.5 2 0 3 2 2
2454.8 1735.6 -18.3 100 0 31.2 8.2 10.5 3.5 2 0 3 4 4
2421.7 1743.4 -18.2 105 0 29.9 8.3 10.5 3.5 2 0 3 2 2
2389.6 1754.6 -18.2 105 0 22.1 12.0 10.5 3.5 2 0 3 5 5
2359.9 1765.5 -18.3 108 0 10.4 11.4 10.5 3.5 2 1 3 1 1
2372.7 1761.2 -18.2 107 0 7.6 18.6 10.5 3.5 2 1 3 0 0
