1162.0 2396.1 -2.4 68 0 8.5 9.7 7.5 2.5 2 0 3 5 5
4641.4 3574.5 -5.5 73 0 156.4 107.8 12.5 0.0 0 0 5 3 3
4913.6 3657.3 -5.5 75 0 91.6 28.6 5.0 0.0 0 0 2 1 1
5122.7 3717.4 -7.2 78 0 73.1 37.9 12.5 0.0 0 0 5 3 3
-3230.0 4383.9 0.7 0 0 7.7 10.0 5.0 2.5 2 1 2 3 3
-3196.5 4425.8 -0.6 180 0 10.1 15.9 7.5 2.5 2 1 3 4 4
-2932.5 4559.2 -1.0 5 0 7.1 8.8 5.0 2.5 2 1 2 0 0
-2763.6 4663.0 1.6 7 0 10.1 9.9 5.0 2.5 2 0 2 2 2
-2880.5 4737.2 -1.9 270 0 9.4 11.2 7.5 2.5 2 1 3 1 1
-2921.9 4772.1 -2.7 90 0 17.0 12.4 10.0 0.0 0 0 4 4 4
-3028.9 4769.9 -1.3 95 0 9.9 7.1 5.0 2.5 2 0 2 1 1
-3011.3 4643.4 1.0 94 0 10.9 8.9 2.5 2.5 2 0 1 2 2
-2965.4 4740.0 -0.5 273 0 6.5 13.6 5.0 2.5 2 1 2 5 5
-2914.3 4704.9 -0.9 92 0 15.1 24.2 10.0 2.5 4 1 4 0 0
-2646.3 4754.1 -1.2 253 0 13.8 6.2 7.5 2.5 2 0 3 3 3
-3006.8 4422.3 -1.3 0 0 8.9 9.4 10.0 2.5 2 1 4 5 5
-2603.9 4763.3 -0.7 249 0 8.9 14.6 7.5 2.5 4 1 3 2 2
-2862.0 4738.6 -2.1 277 0 13.5 14.3 7.5 2.5 2 1 3 2 2
-2880.5 4775.6 -3.2 90 0 10.6 7.7 7.5 2.5 2 0 3 1 1
-3200.1 4455.4 -1.6 180 0 6.5 10.6 7.5 2.5 4 1 3 3 3
415.5 2808.3 1.1 76 0 14.0 9.8 5.0 2.5 2 0 2 3 3
661.9 2913.9 3.1 261 0 10.6 14.4 7.5 2.5 2 1 3 5 5
1222.9 2535.6 -2.2 239 0 8.3 13.8 10.0 2.5 4 1 4 3 3
638.6 3190.1 -0.9 0 0 11.8 19.8 7.5 2.5 4 1 3 5 5
593.2 2868.7 2.6 180 0 8.3 18.8 7.5 2.5 2 1 3 4 4
1144.6 2575.4 -0.2 81 0 7.9 15.5 7.5 2.5 2 1 3 2 2
-2025.9 3156.3 2.9 112 0 8.4 6.4 7.5 2.5 4 0 3 2 2
-2465.3 2801.7 -0.9 92 0 7.7 14.2 7.5 2.5 2 1 3 4 4
-1581.3 2999.9 0.8 89 0 8.2 11.8 10.0 2.5 2 1 4 0 0
-2537.1 3080.1 -0.1 274 0 9.8 9.5 5.0 2.5 4 0 2 4 4
2808.6 4877.8 -1.0 353 0 7.8 15.1 5.0 0.0 0 1 2 0 0
2980.7 4705.6 -3.1 89 0 8.8 7.7 5.0 2.5 2 0 2 1 1
2709.3 4735.8 -2.4 263 0 7.9 12.2 5.0 2.5 2 1 2 1 1
2748.6 4957.2 -1.5 83 0 7.8 6.2 7.5 2.5 2 0 3 2 2
2863.3 4590.3 -2.8 263 0 7.9 12.2 5.0 2.5 2 1 2 4 4
2819.7 5003.9 -1.7 173 0 13.8 13.4 7.5 2.5 4 0 3 5 5
2947.5 5015.8 -1.7 83 0 7.9 12.2 5.0 2.5 2 1 2 4 4
2809.3 4897.3 -1.1 353 0 20.8 10.1 7.5 2.5 2 0 3 4 4
3041.1 5154.9 -1.2 263 0 9.3 14.4 7.5 2.5 2 1 3 4 4
2751.9 4827.1 -0.1 83 0 7.9 12.2 7.5 2.5 2 1 3 3 3
2795.3 5208.7 -1.0 173 0 8.4 9.3 10.0 2.5 2 1 4 3 3
2717.5 4864.2 -0.1 353 0 7.8 15.1 7.5 2.5 2 1 3 1 1
2881.9 5113.9 -2.4 353 0 6.2 7.8 2.5 2.5 2 1 1 3 3
2713.3 4943.0 -1.4 83 0 7.8 6.2 7.5 2.5 2 0 3 0 0
2822.4 4922.8 -1.1 173 0 7.8 15.1 10.0 2.5 2 1 4 4 4
2702.0 4972.9 -1.9 263 0 7.8 6.2 7.5 2.5 2 0 3 3 3
2711.6 4951.9 -1.6 83 0 7.8 6.2 10.0 2.5 4 0 4 1 1
2608.8 4967.3 -1.5 353 0 6.2 7.8 7.5 2.5 2 1 3 3 3
2825.3 5143.9 -1.0 173 0 7.8 15.1 10.0 2.5 2 1 4 0 0
2874.4 4879.6 -1.9 353 0 7.8 15.1 7.5 0.0 0 1 3 2 2
3006.4 4797.8 -3.4 173 0 6.2 7.8 7.5 2.5 2 1 3 4 4
2728.5 4977.0 -1.8 263 0 7.8 6.2 7.5 2.5 2 0 3 3 3
2711.6 4928.2 -1.1 83 0 7.8 6.2 5.0 2.5 4 0 2 5 5
2909.9 5006.3 -1.6 83 0 7.9 12.2 2.5 2.5 2 1 1 2 2
2818.9 4974.8 -1.3 173 0 7.8 15.1 7.5 2.5 2 1 3 0 0
2990.6 4710.9 -3.4 87 0 7.7 8.5 10.0 2.5 2 1 4 1 1
2904.8 5077.8 -2.3 353 0 6.2 7.8 7.5 2.5 2 1 3 0 0
2753.1 4855.4 -0.3 173 0 7.8 15.1 5.0 2.5 2 1 2 5 5
2857.7 4811.4 -0.8 173 0 12.2 7.9 5.0 2.5 4 0 2 4 4
2653.5 4722.2 -3.1 263 0 7.9 12.2 7.5 2.5 2 1 3 1 1
2610.5 4925.9 -2.4 83 0 7.8 6.2 5.0 2.5 2 0 2 0 0
2774.0 5214.5 -1.2 353 0 9.8 8.2 7.5 2.5 2 0 3 5 5
2800.2 4932.5 -1.0 263 0 10.1 25.6 7.5 2.5 2 1 3 4 4
2792.6 4814.9 -0.3 263 0 10.0 14.9 5.0 2.5 2 1 2 3 3
2722.2 4837.6 -0.3 353 0 7.8 15.1 7.5 2.5 4 1 3 0 0
2714.0 4887.3 -0.1 353 0 7.8 15.1 7.5 2.5 2 1 3 1 1
2825.0 4786.8 -0.5 353 0 7.8 15.1 7.5 2.5 2 1 3 1 1
2920.5 5008.7 -1.6 83 0 7.9 12.2 7.5 2.5 4 1 3 0 0
2733.7 4924.0 -0.8 263 0 15.1 7.8 7.5 2.5 2 0 3 3 3
2670.8 4971.3 -1.9 263 0 15.1 7.8 2.5 2.5 2 0 1 2 2
2794.9 4768.4 -0.9 174 0 6.5 10.8 2.5 2.5 2 1 1 1 1
2751.1 4738.7 -1.9 263 0 7.9 12.2 5.0 0.0 0 1 2 1 1
2809.5 5127.4 -1.3 173 0 7.8 15.1 7.5 2.5 2 1 3 2 2
2505.4 4401.4 -4.2 83 0 7.2 7.7 7.5 2.5 2 1 3 5 5
2981.2 4974.0 -1.2 173 0 14.4 9.3 7.5 2.5 2 0 3 4 4
2895.6 4308.2 -2.3 173 0 12.0 9.1 7.5 2.5 2 0 3 0 0
2729.2 4951.9 -1.5 83 0 7.8 6.2 5.0 2.5 2 0 2 3 3
2876.7 4812.9 -0.9 353 0 12.2 7.9 7.5 2.5 2 0 3 0 0
2896.4 5003.9 -1.5 83 0 7.9 12.2 7.5 2.5 2 1 3 2 2
2775.1 5205.2 -1.2 353 0 8.9 8.1 5.0 0.0 0 0 2 4 4
2818.0 4848.8 -0.6 353 0 7.8 15.1 7.5 2.5 2 1 3 0 0
2749.2 4944.8 -1.4 83 0 7.8 6.2 7.5 2.5 2 0 3 1 1
3015.3 4714.2 -4.1 353 0 6.2 7.8 2.5 2.5 2 1 1 2 2
2798.0 5076.5 -2.4 353 0 7.8 15.1 5.0 2.5 2 1 2 3 3
2977.1 5007.1 -1.5 263 0 9.3 14.4 7.5 2.5 2 1 3 3 3
2836.5 4809.7 -0.4 173 0 12.2 7.9 7.5 2.5 2 0 3 1 1
2998.7 4687.9 -3.6 263 0 7.8 6.2 2.5 2.5 2 0 1 0 0
2830.0 4893.2 -1.5 263 0 15.1 7.8 5.0 0.0 0 0 2 1 1
3107.3 5002.5 -1.8 166 0 7.5 9.3 7.5 2.5 2 1 3 4 4
2911.4 4988.8 -1.2 263 0 7.9 12.2 10.0 2.5 2 1 4 3 3
2556.1 4994.2 -1.6 173 0 7.7 7.2 2.5 2.5 4 0 1 3 3
2754.8 4928.1 -0.8 263 0 15.1 7.8 5.0 2.5 2 0 2 5 5
2645.9 4905.5 -1.2 263 0 7.9 12.2 7.5 2.5 2 1 3 0 0
2730.4 4935.3 -1.2 83 0 7.8 6.2 5.0 2.5 2 0 2 3 3
2921.3 5119.2 -2.8 353 0 6.2 7.8 7.5 2.5 4 1 3 1 1
2972.3 4689.1 -2.7 263 0 7.8 6.2 10.0 2.5 2 0 4 1 1
3277.7 4439.9 -3.5 83 0 8.6 18.1 5.0 2.5 2 1 2 1 1
2860.7 5111.2 -2.2 173 0 6.2 7.8 7.5 0.0 0 1 3 2 2
2845.9 4779.5 -0.2 173 0 12.2 7.9 7.5 2.5 2 0 3 3 3
2825.9 4874.9 -1.5 173 0 7.8 15.1 7.5 2.5 2 1 3 5 5
2860.6 4972.4 -1.1 173 0 17.2 10.8 5.0 2.5 2 0 2 5 5
2794.4 4975.0 -1.5 353 0 6.2 13.1 10.0 2.5 2 1 4 3 3
2786.5 4944.8 -1.3 83 0 7.9 12.2 7.5 2.5 2 1 3 1 1
2654.6 4950.1 -2.0 83 0 7.8 6.2 7.5 2.5 4 0 3 4 4
2820.0 5172.3 -1.0 263 0 15.1 7.8 5.0 2.5 2 0 2 4 4
2595.0 4917.4 -2.6 88 0 15.4 16.0 2.5 2.5 2 1 1 2 2
2757.2 4993.6 -2.0 173 0 12.2 7.9 5.0 2.5 4 0 2 4 4
2799.5 5162.9 -1.0 173 0 7.8 15.1 7.5 0.0 0 1 3 1 1
2797.7 5193.9 -1.0 173 0 8.3 10.4 2.5 2.5 4 1 1 4 4
2550.1 4879.8 -3.0 83 0 7.9 12.2 2.5 2.5 2 1 1 5 5
2894.5 4816.8 -1.2 353 0 10.4 8.3 5.0 2.5 2 0 2 5 5
2726.7 4886.8 -0.6 83 0 7.3 28.3 5.0 2.5 2 1 2 3 3
3026.7 4688.8 -4.7 173 0 10.4 13.0 7.5 2.5 2 1 3 2 2
2461.1 4731.8 -2.4 83 0 7.2 7.7 10.0 2.5 2 1 4 1 1
213.8 4057.1 0.1 357 0 12.5 6.6 5.0 2.5 2 0 2 0 0
74.0 3974.4 -0.6 356 0 8.9 6.0 2.5 2.5 2 0 1 1 1
-267.6 3622.5 -1.7 162 0 7.9 11.4 10.0 2.5 2 0 4 3 3
-338.7 4198.0 0.9 266 0 6.0 8.9 10.0 2.5 2 0 4 0 0
19.3 3972.4 -0.9 278 0 8.8 8.4 5.0 2.5 2 0 2 3 3
-221.8 3922.8 0.5 188 0 8.4 8.8 5.0 2.5 2 0 2 4 4
-251.7 3949.4 -0.7 188 0 8.4 8.8 7.5 2.5 2 0 3 1 1
-344.3 3350.8 -0.0 176 0 8.9 6.0 5.0 2.5 4 0 2 4 4
-540.9 3874.2 -1.3 0 0 11.6 8.7 7.5 2.5 2 0 3 2 2
-141.3 3716.4 -3.6 188 0 8.4 8.8 5.0 2.5 2 0 2 4 4
78.1 3899.3 0.0 356 0 8.9 6.0 10.0 2.5 2 0 4 3 3
-9.9 3520.1 -1.0 355 0 8.4 10.5 10.0 2.5 2 0 4 3 3
371.6 3921.5 -1.1 176 0 8.9 6.0 7.5 2.5 2 0 3 3 3
241.6 4014.7 0.3 266 0 6.0 8.9 5.0 2.5 2 1 2 4 4
-38.3 3922.2 -0.8 278 0 8.8 8.4 10.0 2.5 2 0 4 0 0
-134.0 4011.4 0.6 278 0 8.8 8.4 7.5 2.5 2 0 3 5 5
21.3 3898.5 -0.2 8 0 8.3 8.8 5.0 2.5 2 0 2 0 0
-248.3 3672.7 -2.6 168 0 8.5 10.2 5.0 2.5 2 0 2 2 2
225.1 3788.0 -3.7 83 0 8.7 6.6 7.5 2.5 4 0 3 5 5
365.0 4125.0 0.5 266 0 6.0 8.9 7.5 2.5 2 1 3 3 3
-75.5 3741.9 -3.0 188 0 8.4 8.8 10.0 2.5 2 0 4 2 2
-202.0 3567.5 -0.9 168 0 8.5 10.2 10.0 2.5 2 0 4 5 5
217.6 3833.8 -1.2 86 0 6.0 8.9 2.5 2.5 2 1 1 5 5
46.0 3914.4 -0.3 8 0 8.4 8.8 7.5 2.5 2 0 3 2 2
-18.8 4184.3 1.0 176 0 8.9 6.0 2.5 2.5 2 0 1 3 3
145.0 4028.4 0.5 176 0 8.9 6.0 7.5 2.5 2 0 3 4 4
-207.6 4159.3 0.6 86 0 11.4 8.6 5.0 2.5 2 0 2 1 1
-35.7 3870.7 -0.1 8 0 8.4 8.8 2.5 2.5 2 0 1 3 3
-240.1 3866.6 -0.3 98 0 9.3 7.6 7.5 2.5 2 0 3 1 1
143.3 4210.5 0.6 356 0 8.9 10.3 2.5 2.5 2 0 1 1 1
-170.7 3840.6 -1.0 188 0 8.4 8.8 5.0 2.5 2 0 2 4 4
-15.4 3942.3 -1.0 278 0 8.8 8.4 7.5 2.5 2 0 3 5 5
78.7 3918.2 -0.2 356 0 8.9 6.0 7.5 2.5 2 0 3 3 3
-202.7 3689.5 -4.1 258 0 10.2 8.5 5.0 2.5 2 0 2 3 3
-42.1 3719.9 -2.9 8 0 8.4 8.8 7.5 2.5 2 0 3 3 3
221.1 3988.7 1.2 266 0 6.0 8.9 7.5 0.0 0 1 3 5 5
-72.9 3907.4 -0.9 278 0 8.8 8.4 10.0 2.5 2 0 4 1 1
-58.0 3824.6 -1.3 8 0 8.4 8.8 7.5 2.5 2 0 3 5 5
-34.2 3884.0 -0.3 8 0 8.4 8.8 7.5 2.5 2 0 3 4 4
-90.8 3818.1 -1.4 188 0 8.4 8.8 7.5 2.5 2 0 3 0 0
278.1 3829.6 -2.0 86 0 6.0 8.9 7.5 2.5 2 1 3 3 3
-390.2 4205.8 1.3 176 0 8.9 6.0 10.0 2.5 2 0 4 5 5
-227.4 3989.6 -0.1 278 0 8.8 8.4 5.0 2.5 2 0 2 0 0
321.5 3784.7 -2.3 86 0 6.0 8.9 7.5 2.5 2 1 3 1 1
25.5 3720.9 -2.2 348 0 8.5 10.2 2.5 2.5 2 0 1 1 1
64.8 3818.1 -0.9 8 0 8.4 8.8 7.5 2.5 2 0 3 2 2
338.2 3948.2 -0.1 177 0 8.5 6.6 2.5 2.5 2 0 1 5 5
-150.1 3883.2 -0.1 188 0 8.4 8.8 7.5 2.5 2 0 3 4 4
393.9 4087.3 -0.3 356 0 8.9 6.0 7.5 2.5 2 0 3 2 2
321.7 3522.7 -1.4 268 0 8.6 11.5 10.0 2.5 2 1 4 5 5
29.5 3833.1 -0.4 8 0 8.4 8.8 7.5 2.5 2 0 3 0 0
100.9 3907.5 -0.1 183 0 8.3 10.9 10.0 2.5 2 1 4 5 5
-143.1 3704.3 -3.8 188 0 8.4 8.8 7.5 2.5 4 1 3 5 5
142.0 3781.8 -3.4 176 0 8.9 6.0 7.5 2.5 2 0 3 5 5
-57.4 3723.4 -3.1 8 0 8.4 8.8 7.5 0.0 0 1 3 1 1
198.2 3998.1 1.1 266 0 6.0 8.9 5.0 0.0 0 1 2 3 3
-201.3 4091.6 0.7 266 0 6.0 8.9 5.0 0.0 0 1 2 3 3
273.4 3978.0 0.8 266 0 6.0 8.9 2.5 2.5 2 1 1 4 4
-178.0 4182.7 1.3 266 0 8.8 11.9 7.5 2.5 2 1 3 0 0
-92.5 3803.3 -1.7 188 0 8.4 8.8 2.5 2.5 2 1 1 2 2
-330.8 3825.7 -0.7 8 0 8.4 8.8 5.0 2.5 2 1 2 0 0
-43.5 3965.3 -1.3 278 0 8.8 8.4 7.5 2.5 2 0 3 0 0
-15.9 3486.4 -1.1 98 0 8.8 8.4 10.0 2.5 2 0 4 4 4
394.1 3861.1 -1.9 86 0 6.0 13.1 5.0 2.5 2 1 2 2 2
-153.6 3863.7 -0.5 188 0 8.4 8.8 5.0 0.0 0 1 2 3 3
-193.1 3721.1 -3.6 258 0 10.2 8.5 10.0 2.5 2 0 4 3 3
243.1 3809.8 -2.7 84 0 10.8 8.5 7.5 2.5 2 0 3 1 1
-176.5 3646.6 -3.3 188 0 8.4 8.8 7.5 2.5 2 1 3 2 2
-178.6 3964.1 1.3 278 0 8.8 8.4 5.0 2.5 2 0 2 1 1
114.1 3997.9 0.6 176 0 8.9 6.0 5.0 2.5 2 0 2 4 4
-59.6 4217.7 0.1 266 0 6.0 8.9 5.0 2.5 2 1 2 0 0
-603.2 3732.1 0.8 359 0 7.2 9.6 7.5 0.0 0 1 3 3 3
217.9 4037.1 -0.0 356 0 8.9 6.0 5.0 2.5 2 0 2 0 0
-595.7 3654.1 -1.4 8 0 8.5 9.1 7.5 2.5 2 1 3 0 0
-102.6 3462.7 -1.4 258 0 10.2 8.5 5.0 2.5 2 0 2 5 5
-18.0 3743.0 -2.7 8 0 8.4 8.8 7.5 2.5 2 1 3 5 5
263.4 3929.6 1.0 266 0 6.0 8.9 7.5 2.5 2 1 3 5 5
261.0 3955.0 1.5 266 0 6.0 8.9 2.5 2.5 2 1 1 5 5
-186.5 3455.9 -1.9 269 0 6.9 12.0 5.0 2.5 2 1 2 3 3
69.5 3711.4 -2.3 181 0 8.0 8.5 5.0 2.5 2 1 2 3 3
83.4 3992.1 -0.3 356 0 8.9 6.0 7.5 2.5 2 0 3 2 2
-489.1 3834.3 -0.2 86 0 6.0 8.9 7.5 2.5 2 1 3 5 5
-206.8 3979.5 0.5 278 0 8.8 8.4 7.5 2.5 2 0 3 3 3
393.3 4024.9 -1.2 356 0 8.9 6.0 7.5 2.5 4 0 3 1 1
385.9 3822.4 -1.8 356 0 8.9 6.0 7.5 2.5 2 0 3 3 3
-568.4 3796.4 -0.7 86 0 6.0 8.9 10.0 2.5 2 1 4 0 0
98.1 3921.2 -0.2 168 0 7.6 11.6 5.0 2.5 4 1 2 0 0
241.6 3897.6 0.5 266 0 6.0 8.9 2.5 2.5 2 1 1 2 2
46.6 3833.4 -0.4 8 0 8.4 8.8 2.5 2.5 2 1 1 0 0
-261.8 3642.6 -1.4 168 0 8.5 10.2 10.0 2.5 2 1 4 5 5
-68.8 3938.1 -1.2 278 0 8.8 8.4 5.0 2.5 2 0 2 1 1
233.8 4035.9 -0.2 356 0 8.9 6.0 7.5 2.5 2 0 3 2 2
232.8 4001.7 0.7 266 0 6.0 8.9 5.0 2.5 2 1 2 5 5
-83.6 3478.3 -1.2 91 0 9.8 7.9 7.5 2.5 2 0 3 5 5
-63.9 3611.7 -1.8 8 0 8.4 8.8 5.0 2.5 2 1 2 3 3
-249.4 3930.5 -0.5 188 0 8.4 8.8 5.0 2.5 2 1 2 3 3
-59.4 3258.7 0.5 266 0 6.0 8.9 2.5 0.0 0 1 1 3 3
-206.9 3873.1 -0.2 98 0 8.8 8.4 5.0 2.5 2 0 2 0 0
19.9 3960.0 -0.9 278 0 8.8 8.4 5.0 2.5 2 0 2 0 0
-136.6 3786.2 -2.1 188 0 8.4 8.8 7.5 2.5 2 1 3 4 4
220.5 3804.2 -2.8 86 0 6.0 8.9 7.5 0.0 0 1 3 5 5
-10.1 4003.1 -0.9 8 0 8.4 8.8 7.5 2.5 4 1 3 1 1
73.4 3858.5 0.3 356 0 8.9 6.0 10.0 2.5 2 0 4 5 5
-210.4 3611.1 -1.3 168 0 8.5 10.2 7.5 0.0 0 1 3 3 3
364.9 4159.9 1.0 356 0 8.4 7.6 5.0 0.0 0 0 2 1 1
148.5 3999.3 1.2 172 0 8.7 9.9 7.5 2.5 2 1 3 3 3
358.8 3834.4 -1.7 356 0 8.9 6.0 7.5 2.5 2 0 3 2 2
387.0 3899.5 -1.6 176 0 8.9 6.0 7.5 2.5 2 0 3 1 1
31.3 3892.0 -0.0 8 0 8.4 8.8 7.5 2.5 4 1 3 1 1
-92.0 3743.3 -3.0 188 0 8.4 8.8 7.5 2.5 2 1 3 0 0
-126.8 3460.5 -1.4 258 0 10.2 8.5 7.5 2.5 2 0 3 4 4
-186.0 3508.8 -1.2 78 0 10.2 8.5 7.5 2.5 2 0 3 0 0
-156.9 3948.8 0.5 278 0 8.8 8.4 5.0 2.5 2 0 2 1 1
-32.4 3932.5 -0.9 278 0 8.8 8.4 10.0 0.0 0 0 4 2 2
340.6 4221.5 1.0 266 0 6.0 8.9 10.0 0.0 0 1 4 0 0
-183.6 3593.4 -1.0 188 0 8.4 8.8 5.0 2.5 2 1 2 4 4
-16.3 3754.2 -2.7 8 0 8.4 8.8 5.0 2.5 2 1 2 5 5
291.9 3842.5 -1.7 356 0 8.9 6.0 5.0 2.5 2 0 2 3 3
168.7 4197.1 0.8 191 0 6.3 12.0 7.5 0.0 0 1 3 1 1
-247.7 3685.7 -2.8 168 0 8.5 10.2 5.0 2.5 2 1 2 0 0
-190.1 4013.5 1.1 266 0 6.0 8.9 5.0 0.0 0 1 2 5 5
-10.4 3878.4 -0.0 8 0 8.4 8.8 5.0 2.5 2 1 2 0 0
-234.1 3958.8 -0.2 188 0 8.4 8.8 7.5 2.5 2 1 3 5 5
41.2 3733.9 -2.1 348 0 8.5 10.2 5.0 0.0 0 1 2 2 2
-45.7 4037.9 -0.5 176 0 8.9 6.0 7.5 2.5 2 0 3 1 1
217.6 3980.4 1.4 266 0 6.0 8.9 10.0 2.5 2 1 4 3 3
29.5 3775.9 -2.2 6 0 8.6 11.9 7.5 2.5 2 1 3 2 2
-85.5 3927.8 -1.3 278 0 8.8 8.4 5.0 2.5 4 0 2 1 1
-47.4 3819.8 -1.3 8 0 8.4 8.8 7.5 2.5 2 1 3 1 1
-86.7 3833.5 -1.1 188 0 8.4 8.8 5.0 2.5 2 1 2 5 5
-185.4 3484.6 -1.5 78 0 10.2 8.5 7.5 2.5 2 0 3 0 0
241.6 3882.8 0.2 266 0 6.0 8.9 7.5 2.5 2 1 3 5 5
287.5 3782.9 -2.8 86 0 6.0 8.9 2.5 2.5 2 1 1 4 4
-241.5 3649.7 -2.0 168 0 8.5 10.2 5.0 2.5 2 1 2 1 1
-63.9 3625.3 -2.3 8 0 8.4 8.8 7.5 0.0 0 1 3 3 3
55.7 3968.3 -0.7 278 0 8.8 8.4 10.0 2.5 2 0 4 5 5
-144.8 3827.6 -1.2 188 0 8.4 8.8 5.0 2.5 2 1 2 0 0
-148.4 3893.8 0.2 188 0 8.4 8.8 2.5 2.5 2 1 1 5 5
311.0 3977.4 -0.1 86 0 6.0 8.9 5.0 2.5 2 1 2 4 4
-144.8 3691.6 -3.9 188 0 8.4 8.8 5.0 2.5 2 1 2 5 5
-89.7 4012.9 -0.7 266 0 6.0 8.9 7.5 2.5 2 1 3 5 5
-113.8 3492.4 -1.1 97 0 10.2 8.2 10.0 2.5 2 0 4 5 5
-254.1 3958.3 -0.8 188 0 8.4 8.8 7.5 2.5 2 1 3 5 5
-220.7 3627.2 -1.7 168 0 8.5 10.2 7.5 2.5 2 1 3 0 0
3.1 3563.8 -0.6 8 0 8.4 8.8 2.5 2.5 2 1 1 3 3
361.4 4175.1 1.1 356 0 8.9 6.0 10.0 2.5 2 0 4 5 5
53.0 3894.9 0.0 8 0 8.3 8.8 2.5 2.5 2 1 1 2 2
75.8 3768.9 -2.5 185 0 6.3 8.8 5.0 2.5 2 1 2 3 3
315.9 3808.9 -2.5 355 0 6.9 9.4 7.5 2.5 4 1 3 0 0
199.6 3768.1 -4.2 86 0 6.0 8.9 7.5 2.5 2 1 3 4 4
365.7 4139.7 0.9 344 0 7.5 10.1 7.5 2.5 4 1 3 0 0
-206.6 3502.3 -1.6 168 0 8.5 10.2 5.0 2.5 2 1 2 0 0
106.9 3978.4 0.2 176 0 8.6 10.0 2.5 2.5 2 1 1 3 3
370.9 3948.5 -0.8 86 0 6.0 8.9 5.0 2.5 2 1 2 1 1
185.6 3995.7 1.1 356 0 8.9 6.0 7.5 2.5 2 0 3 1 1
144.5 4087.2 1.1 177 0 6.5 9.9 5.0 2.5 2 1 2 2 2
-178.1 4144.9 1.3 86 0 6.0 8.9 10.0 2.5 2 1 4 1 1
-43.3 3847.6 -0.5 8 0 8.4 8.8 5.0 2.5 2 1 2 1 1
-84.3 3787.4 -2.1 188 0 8.4 8.8 7.5 2.5 2 1 3 0 0
253.4 3839.1 -1.3 86 0 6.0 8.9 7.5 2.5 2 1 3 0 0
-174.5 3460.9 -1.7 278 0 8.8 8.4 7.5 2.5 2 0 3 3 3
-204.5 3902.6 0.5 98 0 8.8 8.4 7.5 2.5 2 0 3 0 0
-41.3 4218.0 0.5 256 0 6.2 13.6 7.5 2.5 2 1 3 0 0
195.6 4031.2 0.1 356 0 8.9 6.0 2.5 2.5 2 0 1 2 2
-515.8 3286.1 -1.4 356 0 8.9 6.0 7.5 2.5 2 0 3 1 1
155.7 3743.4 -3.9 86 0 6.0 8.9 7.5 2.5 4 1 3 5 5
302.4 3925.4 0.4 266 0 6.0 9.2 10.0 2.5 2 1 4 5 5
24.8 3735.3 -2.2 8 0 8.4 8.8 7.5 2.5 2 1 3 0 0
30.4 3790.0 -1.8 8 0 8.4 8.8 7.5 2.5 2 1 3 1 1
264.0 3796.5 -3.2 86 0 6.0 8.9 7.5 2.5 2 1 3 0 0
212.3 3947.3 1.9 266 0 6.0 8.9 2.5 0.0 0 1 1 5 5
217.6 3969.2 1.6 266 0 6.0 8.9 7.5 2.5 2 1 3 1 1
-146.3 4063.1 1.4 356 0 8.9 6.0 5.0 2.5 4 0 2 5 5
-22.1 3899.4 -0.4 8 0 8.4 8.8 5.0 2.5 2 1 2 1 1
-34.8 3819.8 -1.3 8 0 8.4 8.8 7.5 2.5 2 1 3 0 0
337.1 4006.9 -1.2 100 0 6.6 9.4 7.5 2.5 4 1 3 3 3
-4.5 3812.0 -1.2 8 0 8.5 11.7 5.0 2.5 2 1 2 4 4
-116.0 3810.4 -1.6 188 0 8.4 8.8 7.5 2.5 2 1 3 0 0
149.1 3585.2 -0.6 179 0 6.4 7.2 7.5 2.5 2 1 3 2 2
72.7 4023.7 0.1 176 0 8.9 6.0 7.5 2.5 2 0 3 2 2
236.9 3934.3 1.3 266 0 6.0 8.9 10.0 2.5 2 1 4 4 4
64.2 3834.6 -0.4 8 0 8.4 8.8 10.0 2.5 2 1 4 5 5
-301.7 4244.7 1.6 266 0 6.0 8.9 5.0 2.5 2 1 2 1 1
-119.9 3971.2 -0.5 278 0 8.8 8.4 7.5 2.5 2 0 3 4 4
-165.7 3690.4 -4.2 278 0 8.8 8.4 10.0 2.5 4 0 4 1 1
-113.3 4218.4 -0.2 274 0 7.4 12.8 7.5 2.5 2 1 3 4 4
-215.4 3537.3 -1.5 168 0 8.5 10.2 5.0 2.5 2 1 2 3 3
-62.3 3949.4 -1.4 278 0 8.8 8.4 5.0 2.5 2 0 2 3 3
-128.7 3672.6 -3.7 278 0 8.8 8.4 10.0 0.0 0 0 4 0 0
-539.1 3898.8 -0.9 2 0 6.8 6.3 7.5 2.5 4 0 3 1 1
143.0 3730.9 -3.6 86 0 6.0 8.9 5.0 2.5 2 1 2 1 1
-140.8 3491.7 -1.1 78 0 10.2 8.5 7.5 2.5 2 0 3 0 0
-111.7 3249.8 0.2 266 0 6.0 8.9 10.0 0.0 0 1 4 2 2
-7.5 3794.4 -1.8 8 0 8.4 8.8 5.0 0.0 0 1 2 2 2
-153.3 4074.9 1.4 356 0 8.9 6.0 5.0 0.0 0 0 2 1 1
314.5 3935.5 0.3 266 0 6.0 8.9 2.5 2.5 2 1 1 0 0
-413.3 4109.7 2.0 86 0 15.9 17.7 12.5 2.5 2 1 5 3 3
-143.1 3757.2 -2.7 188 0 8.4 8.8 5.0 2.5 2 1 2 5 5
249.3 4003.5 0.5 266 0 6.0 8.9 2.5 2.5 2 1 1 2 2
-44.5 3613.5 -1.8 8 0 8.4 8.8 10.0 2.5 2 1 4 0 0
-28.6 3942.2 -1.2 8 0 8.4 8.8 2.5 2.5 2 1 1 3 3
9.6 3481.3 -1.1 98 0 8.8 8.4 5.0 2.5 2 0 2 1 1
378.5 3927.6 -1.2 176 0 8.9 6.0 7.5 2.5 2 0 3 3 3
-115.5 3829.9 -1.2 188 0 8.4 8.8 7.5 2.5 2 1 3 1 1
63.0 3917.4 -0.3 8 0 8.3 8.8 10.0 0.0 0 1 4 0 0
-191.9 3520.8 -1.1 168 0 8.5 10.2 5.0 2.5 2 1 2 5 5
-153.4 3934.0 0.5 278 0 8.8 8.4 7.5 2.5 2 0 3 2 2
-8.6 4218.4 1.1 269 0 15.1 11.2 10.0 2.5 2 0 4 5 5
194.7 4016.7 0.5 356 0 8.9 6.0 5.0 2.5 2 0 2 4 4
96.3 3309.1 0.7 356 0 6.7 8.1 5.0 2.5 2 1 2 2 2
-101.9 3752.5 -2.8 188 0 8.4 8.8 5.0 0.0 0 1 2 0 0
-172.6 3561.4 -0.5 172 0 8.0 11.6 7.5 2.5 2 1 3 0 0
-14.4 3771.4 -2.4 5 0 9.4 12.7 7.5 2.5 2 1 3 1 1
274.5 3874.0 -0.3 266 0 6.0 8.9 5.0 2.5 2 1 2 3 3
-389.5 3821.0 -1.3 98 0 8.8 8.4 5.0 0.0 0 0 2 2 2
-172.3 4012.4 1.4 176 0 8.9 6.0 2.5 2.5 4 0 1 4 4
-194.5 3833.8 -1.1 188 0 11.8 8.2 7.5 2.5 2 0 3 3 3
-1.2 3925.1 -0.6 278 0 8.8 8.4 5.0 2.5 4 0 2 0 0
76.4 3956.1 -0.6 356 0 8.9 6.0 10.0 0.0 0 0 4 5 5
23.5 4115.3 0.3 356 0 8.9 6.0 5.0 2.5 2 0 2 4 4
-191.9 3710.5 -3.8 258 0 10.2 8.5 10.0 2.5 2 0 4 4 4
327.1 4196.4 1.1 261 0 8.5 7.4 7.5 2.5 2 0 3 1 1
-91.7 3975.4 -1.3 278 0 8.8 8.4 7.5 2.5 2 0 3 2 2
19.6 3877.8 0.2 8 0 8.4 8.8 7.5 2.5 2 1 3 0 0
-215.9 3956.5 0.4 188 0 8.4 8.8 5.0 2.5 2 1 2 4 4
208.4 3854.6 -0.2 176 0 8.9 6.0 5.0 2.5 2 0 2 2 2
-240.6 3637.9 -1.5 168 0 8.5 10.2 2.5 2.5 2 1 1 5 5
-250.7 4199.6 1.0 106 0 8.0 14.0 7.5 2.5 2 1 3 5 5
-17.0 4049.5 -0.4 356 0 8.9 6.0 2.5 2.5 2 0 1 3 3
3.1 3778.4 -2.2 8 0 8.4 8.8 7.5 2.5 2 1 3 5 5
107.8 4067.6 0.8 5 0 7.5 7.6 5.0 2.5 4 1 2 5 5
-250.0 3910.4 -0.2 188 0 8.4 8.8 10.0 2.5 2 1 4 1 1
-135.2 3999.0 0.4 278 0 8.8 8.4 7.5 0.0 0 0 3 2 2
-161.3 3249.6 -0.2 266 0 6.0 8.9 7.5 2.5 2 1 3 1 1
223.7 4097.0 1.0 176 0 8.9 6.0 7.5 0.0 0 0 3 5 5
93.8 3851.0 0.2 176 0 8.9 6.0 7.5 2.5 2 0 3 5 5
-197.1 3469.8 -1.9 78 0 10.2 8.5 2.5 2.5 4 0 1 2 2
-379.8 3405.1 -0.6 86 0 6.0 8.9 5.0 2.5 2 1 2 5 5
46.3 3961.2 -0.8 278 0 8.8 8.4 5.0 2.5 2 0 2 3 3
-540.2 3835.5 -2.0 86 0 6.0 8.9 10.0 0.0 0 1 4 0 0
87.7 3736.9 -2.8 183 0 8.0 13.5 10.0 2.5 2 1 4 2 2
343.7 4199.0 1.2 266 0 6.0 8.9 5.0 2.5 2 1 2 0 0
175.5 3983.5 1.4 174 0 8.8 9.7 7.5 2.5 2 1 3 4 4
375.0 3790.6 -1.6 86 0 6.0 8.9 7.5 2.5 2 1 3 4 4
16.8 3464.3 -0.8 266 0 6.0 8.9 5.0 2.5 2 1 2 3 3
-141.9 4120.5 1.4 86 0 6.0 8.9 5.0 2.5 4 1 2 3 3
63.0 3898.5 0.0 8 0 8.3 8.8 5.0 2.5 2 1 2 4 4
-80.2 3771.4 -2.4 188 0 8.4 8.8 5.0 2.5 2 1 2 5 5
-212.1 3887.9 0.2 98 0 8.8 8.4 7.5 2.5 4 0 3 5 5
-196.0 3548.0 -0.9 168 0 8.5 10.2 7.5 2.5 2 1 3 1 1
-339.6 3862.4 0.1 278 0 8.8 8.4 2.5 2.5 4 0 1 4 4
170.2 3573.1 -0.7 72 0 6.7 9.2 7.5 2.5 2 1 3 4 4
-178.3 3935.8 1.1 188 0 8.4 8.8 5.0 2.5 2 1 2 5 5
392.4 3960.8 -1.4 356 0 8.9 6.0 7.5 2.5 2 0 3 0 0
98.7 3293.2 0.9 356 0 8.9 6.0 7.5 2.5 2 0 3 1 1
318.7 3884.7 -0.5 356 0 8.9 6.0 10.0 2.5 4 0 4 0 0
113.4 3644.1 -1.4 160 0 8.6 6.8 10.0 2.5 2 0 4 4 4
320.6 3863.7 -0.9 358 0 8.7 9.4 7.5 2.5 2 1 3 0 0
-142.8 3968.3 0.2 278 0 8.8 8.4 5.0 2.5 2 0 2 2 2
-127.9 4211.8 0.3 266 0 8.1 10.5 7.5 2.5 2 1 3 1 1
-227.4 4005.5 -0.1 278 0 8.8 8.4 7.5 2.5 2 0 3 5 5
-119.6 3722.9 -3.4 188 0 8.4 8.8 10.0 2.5 2 1 4 3 3
163.5 3714.9 -3.3 86 0 6.0 8.9 10.0 2.5 2 1 4 1 1
22.5 3748.9 -2.3 8 0 8.4 8.8 7.5 2.5 2 1 3 4 4
-57.1 3852.1 -0.5 8 0 8.4 8.8 5.0 2.5 2 1 2 0 0
190.2 3924.3 1.7 176 0 8.9 6.0 5.0 2.5 4 0 2 0 0
33.4 3803.3 -1.4 8 0 8.3 8.8 5.0 0.0 0 1 2 1 1
-564.5 3953.7 -0.4 356 0 8.9 6.0 7.5 2.5 2 0 3 2 2
51.5 3668.3 -1.7 192 0 8.3 11.7 7.5 2.5 2 1 3 3 3
352.4 4078.5 -0.3 356 0 8.9 6.0 7.5 2.5 2 0 3 2 2
-228.9 3593.5 -1.2 168 0 8.5 10.2 5.0 2.5 2 1 2 1 1
317.4 3756.0 -2.3 86 0 6.0 8.9 7.5 2.5 2 1 3 1 1
-237.1 3624.8 -1.0 168 0 8.5 10.2 10.0 2.5 2 1 4 3 3
-165.1 3712.8 -3.7 278 0 8.8 8.4 10.0 2.5 2 0 4 1 1
-66.6 3474.8 -1.2 90 0 12.0 6.4 7.5 2.5 2 0 3 5 5
68.0 3934.8 -0.5 8 0 8.3 8.8 7.5 2.5 2 1 3 0 0
-195.7 3964.7 0.9 278 0 8.8 8.4 5.0 2.5 2 0 2 1 1
-116.0 3795.1 -1.9 188 0 8.4 8.8 5.0 2.5 2 1 2 5 5
-231.5 4213.7 1.0 274 0 7.2 13.5 7.5 2.5 2 1 3 4 4
395.2 4100.3 -0.1 356 0 8.9 6.0 7.5 2.5 2 0 3 3 3
-242.3 3902.1 0.1 188 0 8.4 8.8 5.0 2.5 2 1 2 5 5
248.1 3927.8 1.1 266 0 6.0 8.9 2.5 2.5 2 1 1 2 2
8.4 3829.9 -0.5 8 0 8.4 8.8 5.0 2.5 2 1 2 1 1
301.6 3953.8 0.8 266 0 6.0 8.9 7.5 2.5 2 1 3 2 2
282.7 3804.5 -2.9 81 0 12.8 8.6 5.0 2.5 2 0 2 2 2
-29.4 3754.2 -2.8 8 0 14.3 8.8 7.5 2.5 2 0 3 5 5
105.6 3931.4 -0.3 176 0 8.9 6.0 2.5 2.5 2 0 1 0 0
-95.8 4174.0 0.4 360 0 7.2 10.6 7.5 2.5 2 1 3 4 4
343.9 3934.0 -0.2 86 0 6.0 8.9 7.5 2.5 2 1 3 3 3
-110.8 3695.1 -3.5 188 0 8.4 8.8 10.0 2.5 2 1 4 5 5
-4.5 3608.7 -1.4 8 0 8.3 8.8 7.5 2.5 2 1 3 2 2
10.5 3493.8 -1.1 98 0 8.8 8.4 7.5 2.5 2 0 3 0 0
-179.2 3885.5 0.1 98 0 8.8 8.4 5.0 2.5 2 0 2 1 1
-414.3 4221.2 0.3 176 0 8.9 6.0 7.5 2.5 2 0 3 5 5
-62.9 3928.1 -1.0 278 0 8.8 8.4 7.5 2.5 2 0 3 2 2
-479.7 3395.6 -3.0 86 0 6.0 8.9 7.5 2.5 2 1 3 2 2
144.2 3768.1 -3.8 176 0 8.9 6.0 7.5 2.5 2 0 3 1 1
391.8 3972.0 -1.6 356 0 8.9 6.0 5.0 2.5 2 0 2 1 1
-191.0 4052.6 1.2 176 0 8.9 6.0 7.5 2.5 2 0 3 4 4
-188.9 4183.6 1.0 269 0 10.5 12.3 5.0 2.5 2 1 2 0 0
0.2 3842.9 -0.1 8 0 8.4 8.8 5.0 2.5 2 1 2 5 5
-191.8 3617.1 -2.1 171 0 9.4 10.3 7.5 2.5 2 1 3 1 1
-166.6 3963.6 0.8 188 0 8.4 8.8 7.5 2.5 2 1 3 5 5
18.8 4173.6 0.8 356 0 8.9 9.1 5.0 2.5 2 1 2 5 5
-35.7 3951.1 -1.2 8 0 8.4 8.8 5.0 2.5 2 1 2 5 5
-440.6 3717.8 -3.0 356 0 8.9 6.0 10.0 2.5 2 0 4 1 1
340.0 3913.4 -0.5 266 0 6.0 8.9 7.5 2.5 2 1 3 4 4
5.5 3739.4 -2.4 8 0 8.4 8.8 2.5 2.5 2 1 1 3 3
151.5 3335.0 0.9 358 0 8.4 10.7 7.5 2.5 2 1 3 4 4
-570.7 3813.7 -0.8 89 0 8.9 8.6 5.0 2.5 2 0 2 2 2
-14.2 3930.4 -0.8 278 0 8.8 8.4 7.5 2.5 2 0 3 1 1
-219.4 3931.6 0.5 188 0 8.4 8.8 7.5 2.5 4 1 3 3 3
331.5 3807.7 -2.1 86 0 6.0 8.9 7.5 2.5 2 1 3 5 5
-191.0 3984.2 1.1 278 0 8.8 8.4 7.5 2.5 2 0 3 0 0
-209.2 3991.3 0.5 278 0 8.8 8.4 5.0 2.5 2 0 2 0 0
7.8 3792.0 -1.7 8 0 8.4 8.8 7.5 2.5 2 1 3 3 3
1401.2 5868.9 -3.5 261 0 11.6 51.8 10.0 2.5 2 1 4 0 0
1401.5 5561.9 -0.7 180 0 7.1 11.2 7.5 2.5 2 1 3 1 1
1815.9 5206.5 -3.2 0 0 13.0 7.0 7.5 2.5 2 0 3 0 0
1735.2 5732.8 -2.5 0 0 7.1 11.2 7.5 2.5 2 1 3 5 5
1786.3 5244.4 -2.6 270 0 7.0 13.0 2.5 2.5 2 1 1 1 1
1512.5 5347.6 -2.2 117 0 6.5 11.0 7.5 2.5 2 1 3 1 1
1455.6 5444.5 -1.3 285 0 11.4 6.7 5.0 2.5 2 0 2 1 1
1591.5 5493.9 -0.9 270 0 11.2 7.1 7.5 2.5 2 0 3 0 0
1403.5 5318.1 -1.5 99 0 7.0 11.7 2.5 2.5 2 1 1 1 1
2240.1 5734.0 -4.6 270 0 7.6 14.2 5.0 0.0 0 1 2 4 4
1407.4 5592.1 -1.5 180 0 7.1 11.2 7.5 0.0 0 1 3 4 4
1627.4 5258.6 -3.9 270 0 7.0 13.0 5.0 2.5 2 1 2 1 1
1418.4 5361.1 -1.7 15 0 6.7 11.4 2.5 2.5 4 1 1 1 1
1947.1 5426.6 -2.7 0 0 13.0 7.1 7.5 2.5 2 0 3 4 4
1679.0 5530.9 -0.8 92 0 6.9 10.3 7.5 2.5 2 1 3 0 0
1438.5 5477.5 -0.6 90 0 16.7 19.2 10.0 2.5 2 1 4 3 3
1477.3 5301.4 -1.5 24 0 8.1 10.2 7.5 2.5 2 1 3 5 5
1501.3 5417.3 -1.8 15 0 6.7 11.4 10.0 2.5 2 1 4 3 3
2115.3 5281.1 -2.6 0 0 6.4 8.7 2.5 2.5 2 1 1 2 2
1678.5 5576.7 0.1 270 0 11.2 7.1 5.0 2.5 2 0 2 1 1
1996.3 5415.0 -0.4 184 0 8.9 7.7 7.5 2.5 4 0 3 5 5
2097.0 5786.3 -3.8 182 0 14.8 7.5 2.5 2.5 2 0 1 1 1
1431.5 5527.6 -0.6 90 0 11.2 7.1 2.5 2.5 2 0 1 1 1
1728.1 5690.2 -1.5 0 0 7.1 11.2 5.0 0.0 0 1 2 3 3
1616.8 5300.5 -2.8 270 0 7.0 13.0 10.0 2.5 2 1 4 1 1
1962.8 5357.9 -2.5 90 0 7.1 20.1 5.0 2.5 2 1 2 4 4
1718.1 5452.5 -1.7 90 0 7.1 13.0 10.0 2.5 2 1 4 1 1
1617.7 5511.3 -0.9 92 0 13.6 9.0 7.5 2.5 2 0 3 2 2
1955.5 5639.6 -1.8 89 0 7.9 7.4 10.0 2.5 2 0 4 2 2
1541.3 5476.2 -1.3 180 0 7.1 11.2 10.0 2.5 2 1 4 4 4
1579.4 5473.8 -1.3 268 0 10.7 11.2 7.5 0.0 0 1 3 3 3
1384.2 5369.0 -1.4 182 0 8.9 10.6 10.0 2.5 4 1 4 5 5
1660.9 5331.9 -1.8 90 0 7.0 13.0 5.0 2.5 2 1 2 1 1
1383.4 5461.4 -0.0 95 0 9.3 12.9 7.5 2.5 2 1 3 2 2
1707.0 5455.5 -1.2 90 0 7.1 13.9 7.5 2.5 2 1 3 3 3
1375.2 5240.5 -0.5 334 0 10.8 9.5 5.0 2.5 2 0 2 0 0
2314.3 5647.5 -3.2 86 0 8.1 17.9 7.5 2.5 2 1 3 2 2
1397.8 5546.5 -0.5 180 0 15.4 17.5 12.5 2.5 2 1 5 3 3
1454.5 5777.4 -0.7 270 0 7.3 11.7 5.0 2.5 2 1 2 3 3
1523.0 5318.2 -2.6 117 0 6.5 11.0 7.5 0.0 0 1 3 1 1
1702.6 5835.7 -3.2 270 0 7.0 13.0 5.0 2.5 2 1 2 3 3
1781.3 5308.2 -4.1 90 0 7.1 13.0 7.5 2.5 2 1 3 3 3
1941.7 5464.1 -1.6 4 0 8.9 7.7 2.5 2.5 2 0 1 3 3
2032.2 5797.8 -2.9 174 0 8.2 13.4 5.0 2.5 2 1 2 4 4
1896.4 5377.4 -3.0 180 0 13.0 7.0 10.0 2.5 2 0 4 4 4
2128.5 5337.8 -3.0 180 0 13.0 7.0 7.5 2.5 2 0 3 5 5
1666.1 5732.8 -2.0 90 0 7.0 13.0 5.0 2.5 4 1 2 3 3
1739.1 5713.1 -2.3 0 0 7.1 11.2 7.5 2.5 2 1 3 1 1
1477.9 5622.5 -2.5 0 0 7.1 11.2 10.0 2.5 2 1 4 3 3
1451.7 5419.2 -1.7 275 0 10.5 12.3 7.5 2.5 2 1 3 0 0
1584.5 5302.3 -2.7 180 0 13.0 7.1 5.0 2.5 2 0 2 3 3
1706.1 5304.4 -4.0 96 0 10.6 16.1 7.5 2.5 4 1 3 3 3
1541.3 5464.3 -1.4 180 0 7.1 11.2 2.5 2.5 2 1 1 0 0
1483.3 5524.2 -1.5 87 0 11.8 11.2 7.5 0.0 0 0 3 2 2
1949.6 5328.5 -3.7 270 0 7.0 13.0 7.5 2.5 4 1 3 4 4
2040.6 5735.9 -2.4 180 0 9.2 12.9 5.0 2.5 2 1 2 4 4
1712.6 5242.0 -3.4 270 0 7.0 13.0 7.5 2.5 2 1 3 1 1
2226.6 5853.7 -5.3 0 0 7.7 10.6 10.0 2.5 2 1 4 4 4
1987.8 5458.7 -0.3 176 0 7.7 14.8 10.0 2.5 2 1 4 5 5
1453.8 5430.3 -1.5 285 0 11.4 6.7 7.5 2.5 2 0 3 1 1
1593.3 5527.0 -0.6 90 0 11.2 7.1 7.5 2.5 2 0 3 2 2
1669.7 5310.0 -2.6 0 0 13.0 7.0 5.0 0.0 0 0 2 3 3
1735.9 5699.2 -2.0 3 0 6.8 17.2 7.5 2.5 2 1 3 3 3
1422.9 5473.5 -0.3 89 0 10.4 13.3 7.5 2.5 2 1 3 2 2
2352.9 5475.0 -2.2 275 0 8.7 7.1 7.5 2.5 2 0 3 3 3
1463.2 5481.5 -0.8 89 0 8.5 26.2 7.5 2.5 2 1 3 2 2
1441.4 5377.1 -1.7 15 0 6.7 11.4 2.5 2.5 2 1 1 3 3
1705.8 5806.7 -3.2 0 0 7.1 11.2 5.0 2.5 2 1 2 4 4
1413.3 5764.7 -0.5 180 0 7.1 11.2 7.5 2.5 4 1 3 4 4
1429.1 5648.8 -1.1 0 0 7.1 11.2 5.0 2.5 4 1 2 3 3
1411.1 5658.7 -0.8 180 0 12.4 7.5 5.0 0.0 0 0 2 0 0
1750.7 5354.9 -4.4 0 0 13.0 7.0 2.5 2.5 4 0 1 2 2
1350.7 5256.2 -0.7 170 0 9.2 24.7 2.5 2.5 2 1 1 1 1
1403.3 5492.1 0.4 95 0 10.4 9.5 5.0 2.5 2 0 2 5 5
1729.9 5674.8 -1.1 0 0 7.1 11.2 5.0 2.5 2 1 2 3 3
2261.0 5826.6 -5.8 274 0 6.5 8.9 2.5 2.5 2 1 1 1 1
2148.5 5260.1 -2.3 358 0 9.6 7.2 7.5 2.5 2 0 3 1 1
2201.3 5681.9 -5.5 90 0 7.6 14.2 7.5 2.5 2 1 3 1 1
1494.8 5399.0 -1.9 15 0 6.7 11.4 7.5 2.5 2 1 3 0 0
1491.5 5386.0 -1.9 21 0 13.0 7.2 2.5 0.0 0 0 1 0 0
1726.4 5462.0 -1.9 90 0 7.0 13.0 5.0 2.5 4 1 2 4 4
1729.6 5295.8 -4.3 270 0 7.1 13.0 5.0 2.5 2 1 2 5 5
2146.2 5755.5 -5.9 169 0 11.4 49.7 12.5 2.5 2 1 5 5 5
1635.0 5276.3 -3.1 0 0 13.0 7.0 7.5 2.5 2 0 3 2 2
1454.9 5333.9 -1.2 293 0 9.3 21.8 5.0 2.5 2 1 2 3 3
1694.6 5695.5 -1.2 180 0 7.1 11.2 7.5 2.5 2 1 3 3 3
1406.2 5615.1 -1.5 180 0 7.1 11.2 7.5 0.0 0 1 3 3 3
1638.5 5496.8 -0.7 274 0 10.5 8.3 7.5 2.5 2 0 3 3 3
1355.5 5401.4 -0.9 191 0 29.2 7.0 5.0 2.5 2 0 2 5 5
2355.9 5497.8 -3.3 185 0 7.1 8.7 2.5 2.5 2 1 1 2 2
1733.1 5521.0 -1.8 269 0 12.9 9.0 7.5 2.5 2 0 3 3 3
1420.9 5396.6 -1.5 285 0 11.4 6.7 2.5 2.5 2 0 1 3 3
1707.3 5850.5 -3.2 270 0 7.0 13.0 10.0 2.5 2 1 4 2 2
1765.4 5328.3 -4.5 270 0 7.1 13.0 10.0 2.5 2 1 4 5 5
1418.8 5715.3 -0.4 180 0 11.7 7.3 5.0 0.0 0 0 2 4 4
1402.7 5573.1 -1.0 180 0 7.1 11.2 7.5 2.5 2 1 3 0 0
1598.6 5344.3 -1.9 270 0 7.1 13.0 7.5 2.5 2 1 3 3 3
1540.1 5451.3 -1.5 180 0 7.1 11.2 10.0 2.5 2 1 4 0 0
1396.2 5523.5 0.1 180 0 13.5 14.5 7.5 2.5 2 1 3 0 0
1673.8 5846.9 -3.2 270 0 7.1 13.0 5.0 2.5 2 1 2 3 3
1976.1 5262.2 -3.1 5 0 16.4 7.6 7.5 2.5 4 0 3 4 4
1484.5 5492.6 -1.1 95 0 24.7 15.4 7.5 2.5 2 0 3 1 1
2156.9 5245.9 -3.5 357 0 9.3 10.8 7.5 2.5 2 1 3 1 1
1480.0 5540.6 -2.1 90 0 7.8 22.3 7.5 2.5 2 1 3 3 3
1432.1 5599.1 -2.2 180 0 7.1 11.2 7.5 2.5 2 1 3 2 2
2103.2 5815.6 -4.4 173 0 9.5 9.6 7.5 0.0 0 1 3 5 5
1623.3 5771.2 -1.9 180 0 13.0 7.0 10.0 2.5 2 0 4 2 2
2224.2 6115.4 -9.2 270 0 7.0 13.0 7.5 2.5 2 1 3 4 4
1689.1 5252.7 -3.8 270 0 7.1 13.0 7.5 2.5 2 1 3 5 5
1473.9 5466.3 -1.3 274 0 8.0 11.6 7.5 2.5 2 1 3 3 3
2086.0 5300.5 -2.8 270 0 7.9 13.6 5.0 2.5 2 1 2 5 5
1410.9 5641.1 -1.1 180 0 7.1 11.2 7.5 2.5 2 1 3 5 5
2025.1 5351.4 -3.2 270 0 7.0 20.1 5.0 2.5 2 1 2 2 2
1955.4 5557.0 -1.3 346 0 10.5 27.8 7.5 2.5 2 1 3 5 5
1898.8 5509.0 0.1 180 0 7.7 16.5 7.5 2.5 2 1 3 0 0
2355.2 5455.5 -1.8 95 0 8.7 7.1 5.0 2.5 2 0 2 5 5
1344.5 5289.7 -0.5 177 0 32.0 6.5 10.0 0.0 0 0 4 3 3
1915.5 5423.7 -2.7 180 0 13.0 7.0 7.5 2.5 2 0 3 3 3
1746.0 5292.9 -4.1 270 0 7.1 13.0 5.0 2.5 2 1 2 5 5
1423.8 5415.0 -1.3 285 0 11.4 6.7 7.5 2.5 2 0 3 1 1
1593.9 5513.4 -0.8 90 0 11.2 7.1 5.0 2.5 2 0 2 1 1
2279.2 5823.7 -5.6 356 0 9.5 7.1 5.0 2.5 2 0 2 3 3
1811.9 5224.7 -2.6 5 0 6.5 12.9 7.5 2.5 2 1 3 0 0
1451.4 5717.4 -0.8 0 0 7.1 11.2 10.0 2.5 2 1 4 2 2
1997.8 5902.8 -4.6 180 0 6.5 7.1 7.5 2.5 2 1 3 5 5
2192.2 5633.0 -4.8 78 0 10.8 21.5 2.5 2.5 2 1 1 5 5
1441.4 5339.8 -1.6 15 0 6.7 11.4 5.0 2.5 2 1 2 5 5
2130.8 5318.3 -2.8 180 0 13.0 7.1 10.0 2.5 2 0 4 0 0
1716.6 5496.0 -1.4 295 0 12.8 25.4 10.0 0.0 0 1 4 5 5
2068.2 5227.1 -2.3 0 0 13.0 7.0 7.5 2.5 4 0 3 5 5
1457.7 5705.4 -0.8 0 0 11.7 7.3 7.5 2.5 2 0 3 5 5
1713.1 5622.2 0.8 90 0 11.2 7.1 7.5 2.5 2 0 3 1 1
2323.0 5546.3 -3.3 185 0 7.1 8.7 7.5 2.5 2 1 3 2 2
1717.0 5795.5 -3.1 0 0 7.1 11.2 7.5 2.5 2 1 3 4 4
1500.7 5380.8 -1.9 195 0 6.7 11.4 10.0 2.5 2 1 4 3 3
1384.1 5205.5 -1.5 348 0 9.7 12.2 7.5 2.5 2 1 3 5 5
1814.2 5201.8 -3.6 270 0 7.0 13.0 5.0 0.0 0 1 2 1 1
1468.8 5514.2 -1.2 90 0 9.1 14.9 2.5 2.5 2 1 1 2 2
2263.1 5681.2 -3.7 88 0 9.7 14.6 7.5 2.5 2 1 3 1 1
1440.9 5576.7 -1.9 180 0 7.1 11.2 7.5 2.5 2 1 3 4 4
2292.2 5757.9 -4.4 270 0 6.5 7.8 7.5 2.5 2 1 3 4 4
2048.6 6020.2 -8.3 270 0 7.1 11.2 2.5 2.5 4 1 1 5 5
1765.3 5247.0 -2.9 277 0 14.6 13.7 7.5 2.5 2 0 3 1 1
1645.1 5524.9 -0.8 98 0 7.3 12.2 7.5 2.5 2 1 3 0 0
1682.6 5372.1 -2.0 270 0 7.0 13.0 2.5 2.5 4 1 1 0 0
1393.7 5676.2 -0.3 180 0 7.5 16.0 5.0 2.5 2 1 2 0 0
1447.9 5613.9 -2.2 0 0 7.1 11.2 2.5 2.5 2 1 1 5 5
2001.9 5868.6 -3.8 171 0 6.8 23.2 5.0 2.5 2 1 2 5 5
1410.9 5632.3 -1.2 180 0 7.1 11.2 2.5 2.5 2 1 1 3 3
1616.8 5256.8 -3.9 0 0 13.0 7.1 5.0 2.5 4 0 2 3 3
1707.6 5379.8 -2.6 270 0 11.2 7.1 7.5 2.5 4 0 3 5 5
1570.1 5513.9 -1.2 94 0 8.0 9.6 7.5 2.5 4 1 3 4 4
1419.1 5407.9 -1.3 285 0 11.4 6.7 7.5 2.5 2 0 3 0 0
1659.1 5577.9 0.0 270 0 11.2 7.1 2.5 2.5 2 0 1 4 4
1474.7 5381.1 -1.7 24 0 8.1 7.7 7.5 0.0 0 0 3 1 1
1971.0 5444.6 -1.5 4 0 8.9 7.7 7.5 2.5 2 0 3 3 3
1669.1 5685.2 -0.5 180 0 12.4 17.0 5.0 2.5 2 1 2 1 1
1453.2 5746.4 -0.7 0 0 7.1 11.2 7.5 2.5 2 1 3 3 3
2355.9 5605.4 -3.1 185 0 7.1 8.7 5.0 2.5 2 1 2 2 2
2223.1 5996.7 -8.4 359 0 9.0 17.2 7.5 2.5 2 1 3 5 5
1395.9 5622.5 -1.1 180 0 11.7 7.3 2.5 2.5 4 0 1 2 2
1403.3 5581.4 -1.2 180 0 7.1 11.2 7.5 2.5 2 1 3 4 4
1708.7 5637.6 0.4 180 0 7.1 11.2 7.5 2.5 2 1 3 4 4
1622.7 5317.1 -2.3 0 0 13.0 7.1 5.0 2.5 2 0 2 5 5
2153.3 5292.0 -2.6 11 0 10.5 9.0 7.5 2.5 2 0 3 3 3
1890.1 5540.7 0.4 266 0 8.3 8.9 10.0 2.5 2 1 4 4 4
1530.9 5604.3 -1.6 271 0 12.9 20.1 10.0 2.5 2 1 4 2 2
1736.6 5860.5 -3.2 270 0 11.2 7.1 5.0 2.5 2 0 2 5 5
1579.2 5453.1 -1.4 90 0 11.2 7.1 5.0 2.5 2 0 2 3 3
1915.2 5405.2 -3.0 180 0 13.0 7.0 7.5 2.5 2 0 3 5 5
1724.3 5542.3 -1.3 355 0 7.3 31.1 2.5 0.0 0 1 1 0 0
1455.0 5683.0 -1.0 0 0 11.7 7.3 5.0 2.5 2 0 2 0 0
2028.3 5266.0 -2.9 0 0 13.6 8.8 7.5 2.5 2 0 3 5 5
2287.4 5642.3 -3.4 90 0 7.6 14.2 7.5 2.5 2 1 3 4 4
2028.3 6011.9 -8.5 270 0 8.2 8.9 10.0 2.5 2 1 4 2 2
1561.9 5505.4 -1.2 94 0 8.0 9.6 7.5 2.5 2 1 3 1 1
1669.7 5365.6 -1.7 270 0 7.1 13.0 10.0 0.0 0 1 4 2 2
1379.6 5637.0 -0.6 180 0 11.7 7.3 5.0 2.5 2 0 2 5 5
2172.0 5317.4 -4.2 108 0 9.1 15.0 5.0 2.5 2 1 2 1 1
1736.9 5749.9 -2.6 0 0 7.1 11.2 7.5 2.5 2 1 3 5 5
1974.0 5513.2 0.7 184 0 8.9 7.7 2.5 2.5 2 0 1 3 3
2128.5 5906.0 -5.9 0 0 16.6 7.6 7.5 2.5 2 0 3 5 5
1888.2 5450.1 -1.5 180 0 13.0 7.1 10.0 2.5 2 0 4 2 2
1558.8 5570.4 -1.5 255 0 10.7 21.9 7.5 2.5 2 1 3 0 0
1938.7 5404.0 -3.1 0 0 13.0 7.0 7.5 2.5 2 0 3 1 1
2167.9 6037.2 -8.0 256 0 7.4 16.0 7.5 2.5 2 1 3 3 3
1722.0 5838.6 -3.2 270 0 7.0 13.0 7.5 2.5 2 1 3 0 0
2199.1 6073.3 -9.0 270 0 11.3 15.6 7.5 2.5 2 1 3 0 0
1461.9 5355.8 -1.6 15 0 6.7 11.4 7.5 2.5 2 1 3 0 0
1757.2 5291.1 -3.9 270 0 7.0 13.0 7.5 2.5 2 1 3 5 5
1463.2 5610.4 -2.6 0 0 7.1 11.2 5.0 2.5 2 1 2 3 3
1489.8 5743.9 -1.0 0 0 11.7 7.3 5.0 2.5 2 0 2 4 4
1966.3 5426.2 -1.9 4 0 8.9 7.7 5.0 2.5 2 0 2 3 3
1636.3 5521.4 -0.9 97 0 9.9 14.1 5.0 2.5 2 1 2 5 5
1896.6 5396.6 -2.8 185 0 7.8 10.9 7.5 2.5 2 1 3 2 2
1496.4 5290.8 -2.3 24 0 8.1 11.5 10.0 2.5 2 1 4 5 5
1682.5 5308.7 -3.1 98 0 10.9 15.9 7.5 2.5 2 1 3 3 3
1549.8 5617.7 -0.6 274 0 10.6 13.0 7.5 2.5 2 1 3 1 1
2133.6 5885.0 -5.8 360 0 6.9 6.9 5.0 0.0 0 0 2 1 1
2228.9 5659.5 -4.3 90 0 7.6 14.2 7.5 2.5 2 1 3 2 2
1657.9 5301.7 -2.6 270 0 7.0 13.0 7.5 2.5 2 1 3 1 1
1746.8 5804.4 -3.1 0 0 7.1 11.2 7.5 2.5 4 1 3 5 5
2134.3 5331.3 -2.9 180 0 13.0 7.0 5.0 2.5 2 0 2 1 1
833.4 2234.7 -2.5 72 0 10.1 10.6 10.0 2.5 2 1 4 1 1
795.5 2305.5 -2.4 151 0 21.5 13.4 10.0 2.5 4 0 4 3 3
938.0 2344.0 -2.7 336 0 15.0 26.3 10.0 2.5 2 1 4 1 1
820.6 2269.0 -2.3 156 0 19.0 12.2 5.0 2.5 2 0 2 4 4
1168.6 2293.5 -4.0 337 0 13.5 7.0 7.5 2.5 2 0 3 0 0
1231.9 2369.8 -3.6 143 0 8.4 10.7 5.0 2.5 2 1 2 3 3
662.1 2136.3 -4.6 345 0 36.6 8.8 7.5 2.5 2 0 3 4 4
2.9 3150.4 1.9 265 0 6.3 6.8 7.5 2.5 2 1 3 1 1
148.0 2898.7 1.4 350 0 6.5 11.9 2.5 2.5 4 1 1 1 1
-112.0 2845.7 -0.9 82 0 6.5 6.3 10.0 2.5 2 0 4 1 1
35.0 3079.4 2.8 85 0 6.4 6.8 7.5 2.5 2 1 3 0 0
31.1 3184.1 1.3 265 0 6.4 6.8 7.5 2.5 2 1 3 5 5
0.6 3165.2 1.6 265 0 6.4 6.8 7.5 2.5 2 1 3 1 1
-63.8 3032.0 1.6 85 0 6.9 7.1 7.5 2.5 2 1 3 1 1
136.2 3082.5 0.6 355 0 6.8 6.4 5.0 2.5 2 0 2 2 2
56.1 3204.5 1.4 265 0 6.3 6.8 7.5 2.5 2 1 3 3 3
111.6 3210.2 1.9 355 0 6.8 6.4 7.5 2.5 2 0 3 3 3
15.3 3072.9 3.1 85 0 6.4 6.8 5.0 2.5 2 1 2 5 5
67.8 3141.9 1.7 355 0 6.8 6.4 7.5 2.5 2 0 3 4 4
-28.7 3124.5 1.4 175 0 6.8 6.3 5.0 2.5 2 0 2 0 0
95.7 3188.3 1.8 355 0 6.8 6.4 5.0 2.5 2 0 2 5 5
100.8 3043.6 1.5 85 0 6.4 6.8 10.0 2.5 2 1 4 1 1
13.5 3177.9 1.4 265 0 6.4 6.8 7.5 2.5 2 1 3 0 0
136.5 3099.6 0.8 355 0 6.8 6.4 7.5 2.5 2 0 3 2 2
-22.3 3070.8 2.4 85 0 6.4 6.8 2.5 2.5 2 1 1 0 0
71.0 3158.8 1.6 355 0 6.8 6.4 7.5 2.5 2 0 3 3 3
-24.0 3141.4 1.3 175 0 6.8 6.4 5.0 0.0 0 0 2 0 0
-7.0 3082.4 2.7 85 0 6.4 6.8 7.5 2.5 2 1 3 2 2
-51.9 3154.1 0.6 175 0 6.8 6.4 10.0 2.5 2 0 4 0 0
34.4 3155.4 1.7 265 0 6.4 6.8 5.0 2.5 2 1 2 2 2
133.6 3165.9 1.7 355 0 6.8 6.4 7.5 2.5 2 0 3 0 0
138.3 3036.1 0.9 355 0 6.8 6.4 5.0 0.0 0 0 2 4 4
57.5 3097.3 2.5 355 0 6.8 6.3 5.0 2.5 2 0 2 1 1
-77.8 3088.2 0.7 175 0 6.8 6.4 5.0 2.5 2 0 2 3 3
14.1 3051.9 3.4 85 0 6.4 6.8 7.5 2.5 2 1 3 3 3
-15.8 3081.8 2.4 85 0 6.4 6.8 7.5 2.5 2 1 3 5 5
-134.4 3204.6 0.0 175 0 6.8 6.3 10.0 2.5 2 0 4 0 0
89.7 2957.5 1.1 88 0 12.2 7.4 10.0 0.0 0 0 4 0 0
66.1 3205.1 1.5 265 0 6.4 6.8 5.0 2.5 2 1 2 0 0
-69.2 3163.8 0.3 175 0 6.8 6.4 7.5 2.5 2 0 3 2 2
6.8 3081.8 3.0 85 0 6.4 6.8 5.0 2.5 4 1 2 0 0
-20.3 3171.7 0.9 265 0 6.3 6.8 7.5 2.5 2 1 3 5 5
91.0 3005.5 1.6 359 0 6.8 12.6 2.5 2.5 2 1 1 4 4
89.2 3061.2 1.8 355 0 6.8 6.4 2.5 2.5 2 0 1 0 0
37.9 3059.0 3.0 85 0 6.4 6.8 7.5 2.5 2 1 3 0 0
89.8 3091.1 1.8 355 0 6.8 6.4 5.0 2.5 2 0 2 1 1
88.6 3101.4 1.9 355 0 6.8 6.3 5.0 2.5 2 0 2 4 4
-100.7 3147.0 -0.1 175 0 6.8 6.3 7.5 2.5 2 0 3 0 0
-70.1 3178.9 0.2 175 0 6.8 6.3 7.5 0.0 0 0 3 3 3
-84.5 3132.2 0.3 175 0 6.8 6.4 7.5 2.5 2 0 3 4 4
138.9 3055.3 0.7 355 0 6.8 6.3 7.5 2.5 2 0 3 4 4
17.3 3154.2 1.8 265 0 6.4 6.8 2.5 2.5 2 1 1 2 2
-29.4 3034.8 2.7 85 0 6.4 6.8 2.5 2.5 2 1 1 3 3
118.6 3080.7 1.1 355 0 6.8 6.4 2.5 2.5 2 0 1 3 3
-27.6 3051.9 2.5 85 0 6.4 6.8 7.5 2.5 2 1 3 2 2
50.2 3053.7 2.7 85 0 6.4 6.8 7.5 2.5 2 1 3 4 4
120.7 3068.6 1.0 355 0 6.8 6.3 2.5 2.5 2 0 1 3 3
43.2 3185.9 1.3 265 0 6.4 6.8 10.0 2.5 2 1 4 2 2
80.1 3141.3 1.7 355 0 6.8 6.3 7.5 2.5 2 0 3 2 2
7.6 3195.3 1.2 265 0 6.3 6.8 7.5 2.5 2 1 3 5 5
103.3 3075.7 1.4 355 0 6.8 6.3 2.5 2.5 2 0 1 2 2
-34.9 3171.4 0.7 265 0 6.4 6.8 7.5 2.5 2 1 3 2 2
7.4 3135.9 2.2 265 0 6.4 6.8 7.5 2.5 2 1 3 1 1
56.3 3084.0 2.7 355 0 6.8 6.4 5.0 2.5 2 0 2 2 2
69.3 3054.0 2.2 85 0 6.4 6.8 5.0 2.5 2 1 2 5 5
137.7 3071.0 0.6 355 0 6.8 6.3 5.0 2.5 2 0 2 3 3
37.8 3110.6 2.4 355 0 6.8 6.4 5.0 2.5 2 0 2 3 3
130.6 3182.4 2.0 355 0 6.8 6.4 7.5 2.5 2 0 3 4 4
-73.6 3101.8 0.7 175 0 6.8 6.4 5.0 2.5 2 0 2 0 0
39.0 3120.0 2.2 355 0 6.8 6.3 2.5 0.0 0 0 1 2 2
-84.2 3149.9 0.1 175 0 6.8 6.4 10.0 2.5 2 0 4 2 2
89.2 3128.0 1.9 355 0 6.8 6.4 5.0 2.5 4 0 2 0 0
83.4 3160.0 1.7 355 0 6.8 6.3 7.5 2.5 2 0 3 0 0
87.2 3072.7 1.8 355 0 6.8 6.4 7.5 2.5 2 0 3 3 3
-41.0 3140.2 0.8 175 0 6.8 6.3 7.5 2.5 2 0 3 5 5
12.1 3100.1 2.6 85 0 6.4 6.8 2.5 2.5 2 1 1 3 3
107.7 3095.8 1.4 355 0 6.8 6.4 10.0 2.5 2 0 4 5 5
-31.9 3106.2 1.6 175 0 6.8 6.3 5.0 2.5 2 0 2 1 1
71.0 3128.3 1.9 355 0 6.8 6.4 7.5 2.5 2 0 3 0 0
131.5 3136.4 1.4 20 0 13.5 18.9 7.5 2.5 2 1 3 4 4
-4070.6 3803.9 -1.2 275 0 6.7 7.1 7.5 2.5 4 1 3 0 0
-3459.4 3463.2 0.2 268 0 10.4 14.5 2.5 2.5 2 1 1 4 4
-4288.6 3720.4 0.8 2 0 8.0 12.9 7.5 2.5 2 1 3 2 2
-4409.3 3675.7 -1.4 177 0 10.1 15.7 2.5 2.5 4 1 1 5 5
-4377.7 3825.4 -0.8 267 0 15.7 10.1 10.0 2.5 2 0 4 1 1
-4163.3 3413.0 -0.3 90 0 14.7 11.8 10.0 0.0 0 0 4 2 2
-3871.5 3513.4 -2.7 88 0 9.5 9.1 7.5 2.5 2 0 3 3 3
-3539.6 4060.0 -1.0 85 0 10.9 7.0 10.0 2.5 4 0 4 4 4
-4281.0 3526.2 -1.4 0 0 13.6 7.6 7.5 2.5 2 0 3 5 5
-3415.3 4020.1 -1.0 7 0 9.2 9.4 2.5 2.5 2 1 1 5 5
-4318.0 3752.4 0.8 0 0 14.2 10.3 7.5 2.5 2 0 3 3 3
-3472.0 3891.5 1.6 352 0 11.0 11.1 2.5 2.5 2 1 1 4 4
-3748.4 3533.3 -1.5 178 0 7.0 17.3 7.5 2.5 2 1 3 3 3
-3592.6 3923.9 0.0 352 0 16.1 8.4 10.0 2.5 4 0 4 5 5
-3762.6 3489.8 -1.6 88 0 9.5 9.1 10.0 2.5 4 0 4 1 1
-4360.5 3752.5 0.6 177 0 10.1 15.7 10.0 2.5 2 1 4 0 0
-3666.8 3487.0 -1.1 88 0 16.8 8.8 7.5 2.5 2 0 3 5 5
-4228.1 4204.3 -0.3 178 0 9.7 9.8 10.0 2.5 2 1 4 2 2
-3550.1 3461.6 -0.2 268 0 10.4 14.5 10.0 2.5 2 1 4 0 0
-3576.5 3460.5 -0.2 268 0 10.4 14.5 7.5 2.5 2 1 3 5 5
-3454.2 3481.8 -0.1 88 0 8.5 7.0 7.5 2.5 2 0 3 2 2
-3432.7 3274.8 -0.1 88 0 8.0 10.0 7.5 0.0 0 1 3 0 0
-4034.5 3489.1 -2.3 268 0 6.8 7.4 5.0 2.5 2 1 2 5 5
-3697.5 3485.3 -1.3 88 0 10.4 14.5 7.5 2.5 2 1 3 2 2
-4247.7 4167.5 -0.6 358 0 7.2 12.1 2.5 2.5 2 1 1 5 5
-3877.9 3499.5 -3.0 88 0 9.5 9.1 7.5 2.5 2 0 3 3 3
-4335.1 3804.6 0.5 274 0 10.6 11.6 7.5 2.5 2 1 3 1 1
-4038.5 3744.7 -0.4 95 0 7.6 13.4 7.5 2.5 2 1 3 4 4
-3888.1 3378.5 -2.1 178 0 9.1 9.5 5.0 2.5 2 1 2 3 3
-3851.1 3501.7 -2.6 88 0 14.7 15.7 2.5 2.5 4 1 1 3 3
-4014.2 3469.4 -2.1 88 0 9.8 9.7 7.5 2.5 2 0 3 5 5
-4098.8 3749.2 -1.8 93 0 9.2 10.7 5.0 2.5 2 1 2 4 4
-3774.8 3490.9 -1.7 88 0 9.5 9.1 5.0 2.5 4 0 2 0 0
-3890.7 3502.5 -2.9 88 0 10.6 14.9 7.5 2.5 2 1 3 2 2
-3937.5 3691.2 1.3 95 0 7.0 9.8 5.0 2.5 2 1 2 3 3
-3879.4 3565.9 -1.8 243 0 7.2 7.5 5.0 2.5 2 1 2 3 3
-4237.2 3776.0 0.7 204 0 15.2 6.8 7.5 2.5 2 0 3 5 5
-3969.1 3589.9 0.1 96 0 10.2 8.6 7.5 2.5 2 0 3 5 5
-3884.6 3749.2 0.6 68 0 6.3 7.0 7.5 2.5 2 1 3 0 0
-4000.0 3763.5 0.4 272 0 8.2 7.1 7.5 2.5 2 0 3 5 5
-3602.9 3452.8 -0.1 268 0 10.4 14.5 7.5 2.5 2 1 3 3 3
-3425.1 3775.1 -1.9 92 0 6.7 10.7 7.5 0.0 0 1 3 2 2
-4354.7 3483.4 -2.8 94 0 13.6 7.7 7.5 0.0 0 0 3 4 4
-4276.1 3659.6 0.4 193 0 13.3 10.9 5.0 2.5 2 0 2 1 1
-3466.5 3779.7 -0.9 89 0 7.9 12.4 7.5 2.5 2 1 3 5 5
-4131.1 3771.5 -2.5 98 0 6.2 7.6 7.5 2.5 4 1 3 1 1
2872.9 3059.8 -0.9 152 0 6.3 12.3 5.0 2.5 2 1 2 4 4
3213.1 3196.7 -1.6 70 0 11.9 7.9 7.5 2.5 4 0 3 4 4
2853.4 3202.6 -2.2 330 0 11.2 9.3 5.0 2.5 2 0 2 5 5
3045.2 3038.8 0.0 242 0 12.3 6.3 7.5 0.0 0 0 3 4 4
2548.9 2817.0 -2.3 79 0 12.2 13.6 2.5 2.5 2 1 1 0 0
2555.2 2892.7 -0.8 270 0 7.1 11.8 7.5 2.5 2 1 3 1 1
2954.4 3018.2 -1.8 62 0 12.3 6.3 7.5 2.5 2 0 3 3 3
3020.7 3014.0 -0.5 164 0 8.5 9.8 2.5 2.5 2 1 1 0 0
2827.0 2973.8 1.6 79 0 13.8 12.6 7.5 2.5 2 0 3 2 2
3144.7 3191.9 -1.8 339 0 6.2 9.8 5.0 2.5 2 1 2 5 5
2938.4 3072.6 -1.6 332 0 6.3 12.3 2.5 2.5 2 1 1 4 4
2706.6 2922.2 0.2 86 0 7.2 8.9 2.5 2.5 2 1 1 3 3
2681.6 2927.8 0.0 90 0 11.2 7.4 7.5 2.5 2 0 3 1 1
2720.3 2940.5 1.3 71 0 13.0 6.9 5.0 2.5 2 0 2 3 3
2616.3 2920.9 -0.7 84 0 8.3 6.9 7.5 2.5 2 0 3 0 0
2374.1 2777.5 -2.5 353 0 16.4 9.2 7.5 2.5 2 0 3 3 3
2349.1 2738.9 -2.9 180 0 7.7 7.9 10.0 0.0 0 1 4 5 5
2910.1 3035.0 -1.3 152 0 6.3 12.3 2.5 2.5 2 1 1 4 4
2886.1 2989.8 -0.4 332 0 6.3 12.3 5.0 2.5 2 1 2 1 1
3090.3 3176.5 -0.7 176 0 8.0 8.2 5.0 2.5 2 1 2 1 1
2683.2 2983.3 0.1 341 0 7.9 14.6 7.5 2.5 2 1 3 1 1
-4518.7 4549.7 -0.5 0 0 9.8 9.7 7.5 2.5 2 0 3 1 1
-4874.9 4815.6 -0.9 270 0 11.7 14.8 10.0 2.5 2 1 4 5 5
-4690.8 4669.0 -0.7 90 0 12.3 7.7 10.0 2.5 2 0 4 5 5
-4542.8 4593.6 -0.6 270 0 11.7 14.8 2.5 2.5 2 1 1 0 0
-4499.3 4717.5 -0.6 270 0 12.3 7.7 10.0 0.0 0 0 4 0 0
-4444.1 4750.9 -1.0 274 0 7.8 30.5 2.5 2.5 2 1 1 3 3
-4522.5 4593.0 -0.6 270 0 11.7 14.8 7.5 2.5 2 1 3 5 5
-4938.1 4805.9 -0.4 270 0 8.2 6.8 2.5 2.5 2 0 1 0 0
-4865.2 4551.0 1.4 270 0 11.7 14.8 7.5 2.5 2 1 3 1 1
-4508.1 4603.7 -0.6 180 0 14.8 11.7 10.0 2.5 4 0 4 2 2
-4403.0 4709.1 -0.9 0 0 30.5 7.6 7.5 2.5 2 0 3 3 3
-4677.9 4658.4 -0.7 90 0 12.3 7.7 7.5 2.5 2 0 3 2 2
-4443.5 4708.0 -1.4 270 0 11.7 14.8 7.5 2.5 2 1 3 1 1
-4989.2 4539.5 0.3 90 0 13.2 7.1 10.0 2.5 4 0 4 5 5
-4905.9 4661.6 -0.4 0 0 7.1 13.2 10.0 2.5 2 1 4 2 2
-4505.8 4611.9 -0.6 180 0 14.8 11.7 10.0 2.5 2 0 4 5 5
-4729.0 4771.9 0.1 90 0 12.3 7.7 7.5 2.5 4 0 3 3 3
-4674.0 4738.2 -0.8 270 0 11.7 14.8 2.5 2.5 2 1 1 5 5
-4514.0 4347.9 -1.1 180 0 7.7 12.3 7.5 2.5 2 1 3 0 0
-4953.2 4609.0 -0.6 180 0 7.1 13.2 7.5 2.5 2 1 3 5 5
-5315.1 4623.8 -0.0 90 0 12.9 18.0 7.5 2.5 2 1 3 1 1
-4508.4 4515.6 -1.1 180 0 7.7 12.3 5.0 2.5 2 1 2 4 4
-5260.5 4852.9 0.5 0 0 6.5 13.2 2.5 2.5 2 1 1 5 5
-4452.9 4537.1 -1.1 90 0 11.7 14.8 7.5 2.5 2 1 3 5 5
-5140.1 4865.9 1.8 0 0 6.5 20.0 2.5 2.5 2 1 1 3 3
-4607.1 4518.5 -0.6 180 0 7.7 12.3 7.5 2.5 4 1 3 0 0
-4826.2 4763.9 -0.6 270 0 11.7 14.8 7.5 2.5 2 1 3 5 5
-4424.4 4671.1 -1.4 0 0 7.7 12.3 10.0 2.5 2 1 4 2 2
-4543.1 4750.0 -0.7 270 0 11.7 14.8 7.5 2.5 2 1 3 1 1
-4501.6 4740.0 -0.7 270 0 12.3 7.7 2.5 2.5 2 0 1 4 4
-4814.1 4693.3 -0.8 90 0 11.7 14.8 2.5 2.5 2 1 1 4 4
-4516.3 4649.8 -0.6 0 0 14.8 11.8 5.0 2.5 2 0 2 0 0
-4634.1 4703.0 -0.7 0 0 7.7 12.3 5.0 2.5 2 1 2 5 5
-4519.3 4619.0 -0.6 0 0 14.8 11.7 7.5 2.5 2 0 3 2 2
-4471.1 4767.2 -0.1 90 0 12.3 7.7 7.5 2.5 2 0 3 3 3
-4600.3 4730.5 -0.7 180 0 14.8 11.7 2.5 2.5 2 0 1 5 5
-4514.3 4385.5 -1.0 180 0 7.7 12.3 5.0 2.5 2 1 2 5 5
-4408.0 4509.1 -1.8 0 0 7.7 12.3 5.0 2.5 2 1 2 5 5
-4837.0 4497.2 0.7 90 0 11.8 14.8 7.5 2.5 2 1 3 5 5
-4477.0 4631.8 -0.6 90 0 12.3 7.7 10.0 2.5 2 0 4 3 3
-4768.0 4774.6 0.1 0 0 7.7 12.3 7.5 2.5 2 1 3 5 5
-4994.3 4559.3 -0.1 180 0 7.1 13.2 10.0 2.5 2 1 4 5 5
-4773.0 4741.7 -0.3 270 0 12.3 7.7 5.0 2.5 2 0 2 4 4
-4979.6 4557.3 -0.1 180 0 7.1 13.2 7.5 2.5 2 1 3 3 3
-4523.7 4273.3 0.6 0 0 12.7 10.0 7.5 2.5 4 0 3 1 1
-4520.7 4470.0 -0.9 0 0 7.7 12.3 5.0 2.5 2 1 2 1 1
-4960.7 4534.8 0.4 90 0 13.2 7.1 7.5 2.5 2 0 3 2 2
-4941.9 4971.5 -1.2 90 0 17.6 9.5 7.5 2.5 4 0 3 0 0
-4593.9 4702.4 -0.7 90 0 11.7 14.8 7.5 2.5 4 1 3 2 2
-4937.3 4552.5 0.2 0 0 7.1 13.2 2.5 2.5 2 1 1 0 0
-4435.9 4660.1 -1.2 90 0 12.3 7.7 2.5 2.5 2 0 1 0 0
-4510.7 4495.7 -1.3 180 0 7.7 12.3 7.5 2.5 2 1 3 0 0
-4475.2 4611.1 -0.5 270 0 12.3 7.7 5.0 2.5 2 0 2 2 2
-4509.6 4236.9 0.1 180 0 8.0 11.2 2.5 2.5 2 1 1 5 5
-4631.7 4620.2 -0.7 0 0 7.7 12.3 10.0 2.5 2 1 4 4 4
-4430.0 4639.4 -1.1 90 0 12.3 7.7 7.5 2.5 2 0 3 1 1
-4773.0 4727.0 -0.5 270 0 12.3 7.7 5.0 2.5 2 0 2 5 5
-4572.7 4693.8 -0.7 90 0 11.7 14.8 7.5 0.0 0 1 3 0 0
-4510.8 4464.1 -1.0 180 0 7.7 12.3 7.5 2.5 2 1 3 4 4
-4434.1 4750.6 -0.1 270 0 12.3 7.7 7.5 2.5 2 0 3 2 2
-4687.3 4705.1 -0.8 270 0 12.3 7.7 2.5 2.5 2 0 1 1 1
-4916.3 4804.7 -0.6 270 0 11.7 14.8 7.5 2.5 2 1 3 2 2
-4713.1 4687.3 -0.8 270 0 12.3 7.7 2.5 2.5 2 0 1 3 3
-4621.5 4744.4 -0.7 0 0 14.8 11.7 7.5 2.5 2 0 3 4 4
-4518.4 4502.0 -1.1 0 0 7.7 12.3 7.5 2.5 2 1 3 5 5
-5197.1 4823.5 1.4 180 0 9.2 18.2 10.0 2.5 2 1 4 0 0
-4635.9 4601.3 -0.6 0 0 7.7 12.3 10.0 2.5 2 1 4 2 2
-4527.5 4750.9 -0.7 270 0 11.8 14.8 7.5 2.5 2 1 3 0 0
-5178.3 4870.3 1.4 270 0 18.8 6.8 2.5 2.5 2 0 1 4 4
-4581.8 4450.5 -1.1 180 0 7.7 12.3 5.0 2.5 2 1 2 4 4
-4907.8 4769.2 -1.0 90 0 11.7 14.8 7.5 2.5 2 1 3 1 1
-4942.6 4531.2 0.7 90 0 13.2 7.1 2.5 2.5 2 0 1 3 3
-5070.2 4733.5 2.1 90 0 8.8 12.7 7.5 2.5 2 1 3 3 3
-4861.7 4497.5 1.4 90 0 11.7 14.8 7.5 2.5 2 1 3 2 2
-4579.5 4475.4 -0.7 180 0 7.7 12.3 7.5 0.0 0 1 3 2 2
-4751.6 4679.4 -0.8 180 0 7.7 12.3 7.5 2.5 2 1 3 5 5
-4583.9 4583.8 -0.6 270 0 12.2 7.5 7.5 2.5 2 0 3 1 1
-4676.1 4669.0 -0.7 90 0 12.3 7.7 5.0 2.5 2 0 2 4 4
-4414.7 4678.2 -1.4 356 0 30.8 8.2 10.0 2.5 4 0 4 5 5
-4449.4 4616.4 -0.5 270 0 11.7 14.8 5.0 2.5 2 1 2 4 4
-4526.0 4427.5 -0.6 0 0 7.7 12.3 5.0 2.5 2 1 2 4 4
-4524.3 4599.2 -0.6 90 0 11.7 14.8 10.0 2.5 2 1 4 1 1
-4600.3 4577.4 -0.6 270 0 12.3 7.7 7.5 2.5 2 0 3 0 0
-4992.4 4774.8 -0.1 90 0 7.6 6.5 5.0 2.5 2 0 2 3 3
-4458.0 4724.0 -1.2 257 0 7.7 29.1 2.5 2.5 2 1 1 0 0
-3373.9 4293.6 -0.6 183 0 7.2 47.8 10.0 2.5 2 1 4 4 4
-3404.2 4770.0 1.0 270 0 9.4 12.1 5.0 2.5 2 1 2 3 3
-3420.8 4878.4 -2.6 97 0 8.1 12.2 7.5 2.5 2 1 3 2 2
-3429.2 4800.0 -0.2 97 0 6.9 14.9 7.5 2.5 2 1 3 1 1
-3297.4 4306.6 -0.6 277 0 12.4 13.8 7.5 2.5 4 1 3 2 2
-3401.7 4841.9 -0.3 274 0 12.6 16.0 7.5 2.5 2 1 3 1 1
-3288.0 4235.1 -0.5 98 0 8.6 6.3 7.5 2.5 2 0 3 3 3
-2956.9 4667.2 1.0 97 0 7.1 7.4 2.5 2.5 2 1 1 5 5
-2911.1 4699.4 -0.2 5 0 7.4 17.4 5.0 2.5 2 1 2 3 3
2823.0 4759.1 -0.9 7 0 7.4 10.6 10.0 2.5 2 1 4 1 1
2776.7 4787.5 -0.6 183 0 7.3 9.1 7.5 2.5 2 1 3 4 4
2348.5 4702.2 -2.0 84 0 9.9 6.9 5.0 2.5 2 0 2 2 2
2786.8 4825.4 -0.1 82 0 8.1 11.9 5.0 2.5 2 1 2 1 1
2562.4 4735.3 -3.2 91 0 6.9 7.0 10.0 2.5 2 1 4 5 5
2827.4 4768.3 -0.6 21 0 9.4 8.4 7.5 2.5 2 0 3 5 5
3277.8 5096.6 -3.7 256 0 6.7 12.2 10.0 2.5 2 1 4 5 5
2840.2 4791.5 -0.4 175 0 8.0 9.9 10.0 2.5 2 1 4 0 0
197.2 3512.1 -1.7 71 0 6.5 12.3 7.5 2.5 2 1 3 4 4
392.8 4220.7 0.8 356 0 8.7 6.9 7.5 2.5 2 0 3 2 2
378.2 4186.7 1.0 86 0 7.0 11.3 7.5 2.5 2 1 3 2 2
173.9 4229.7 0.3 167 0 8.9 32.5 7.5 2.5 2 1 3 4 4
388.8 4187.6 1.0 86 0 6.2 7.8 7.5 0.0 0 1 3 5 5
234.4 4230.3 0.3 185 0 9.0 64.1 10.0 2.5 2 1 4 0 0
377.1 4241.7 1.1 266 0 6.5 8.1 7.5 2.5 2 1 3 2 2
215.4 3530.6 -1.1 112 0 8.3 11.8 5.0 2.5 2 1 2 5 5
212.6 4242.9 0.3 257 0 11.4 8.7 5.0 2.5 2 0 2 4 4
294.1 4262.4 0.5 271 0 6.9 27.1 10.0 2.5 2 1 4 3 3
1960.0 5540.3 -0.7 349 0 11.1 6.9 5.0 0.0 0 0 2 5 5
2042.6 5902.6 -4.2 176 0 8.6 7.4 10.0 2.5 2 0 4 1 1
2260.1 5372.7 0.4 97 0 10.3 6.6 7.5 2.5 2 0 3 3 3
1474.5 5633.6 -2.4 0 0 7.1 9.7 2.5 2.5 2 1 1 2 2
1951.5 5410.0 -2.7 359 0 12.6 7.7 7.5 2.5 2 0 3 5 5
1423.4 5561.8 -1.2 180 0 8.9 9.1 5.0 2.5 2 1 2 3 3
2063.0 5193.2 -2.1 90 0 7.3 12.4 7.5 2.5 2 1 3 0 0
100.4 3143.1 1.9 353 0 17.7 7.0 5.0 2.5 4 0 2 2 2
2065.1 5609.7 -1.0 88 0 11.8 9.6 5.0 2.5 2 0 2 1 1
2315.3 5724.1 -4.1 356 0 18.7 15.2 7.5 2.5 2 0 3 5 5
2037.1 5656.6 -1.9 172 0 14.0 20.3 7.5 2.5 2 1 3 1 1
2179.9 5698.6 -5.4 82 0 14.8 40.9 7.5 2.5 2 1 3 5 5
2218.9 5630.2 -4.8 90 0 9.4 14.2 2.5 2.5 2 1 1 1 1
2190.7 5655.3 -5.1 76 0 12.2 38.3 10.0 2.5 2 1 4 5 5
2045.4 5602.8 -0.5 95 0 6.2 9.0 10.0 2.5 4 1 4 5 5
2053.4 5606.9 -0.8 92 0 6.5 11.4 5.0 2.5 4 1 2 0 0
-3725.2 3483.8 -1.3 90 0 7.9 8.6 7.5 0.0 0 1 3 1 1
-3824.9 3379.3 -1.0 359 0 6.4 12.6 7.5 2.5 2 1 3 3 3
-3821.2 3496.0 -2.1 88 0 10.7 21.6 7.5 2.5 2 1 3 5 5
2246.6 4414.1 -3.0 88 0 7.3 8.6 5.0 2.5 2 1 2 3 3
2029.6 4441.5 -3.0 93 0 7.8 14.9 2.5 2.5 2 1 1 2 2
1971.8 4501.9 -1.4 278 0 11.2 11.0 7.5 2.5 2 0 3 5 5
1988.2 4451.3 -2.3 85 0 8.7 7.4 7.5 2.5 2 0 3 1 1
1985.2 4421.6 -4.1 270 0 9.7 10.6 5.0 2.5 2 1 2 0 0
2942.0 3696.7 -2.4 0 0 7.1 10.0 7.5 2.5 2 1 3 4 4
2935.8 3742.0 -2.1 353 0 12.2 8.7 7.5 2.5 2 0 3 3 3
2735.9 3984.8 -2.7 66 0 13.5 12.3 7.5 2.5 2 0 3 2 2
2364.5 3996.1 -3.6 149 0 7.9 9.0 7.5 2.5 4 1 3 3 3
2132.1 4007.4 -2.5 159 0 7.6 8.3 7.5 2.5 2 1 3 5 5
