-6271.9 2197.5 -3.7 318 0 7.9 15.0 2.5 2.5 2 0 1 5 5
-5934.6 2221.5 -6.2 45 0 7.5 8.3 5.0 2.5 2 1 2 0 0
-6194.1 2277.4 -6.0 229 0 7.1 25.5 10.0 2.5 2 0 4 3 3
-6279.8 2141.4 -4.3 40 0 30.7 15.4 7.5 2.5 2 0 3 4 4
-6261.3 2275.0 -5.4 321 0 7.5 8.6 5.0 2.5 2 1 2 5 5
-5442.9 2431.7 -5.6 139 0 6.3 7.4 5.0 2.5 2 1 2 1 1
-6188.6 2207.9 -5.0 142 0 6.7 10.5 10.0 2.5 2 1 4 2 2
-5402.8 2780.6 -4.6 255 0 10.4 25.0 10.0 2.5 2 1 4 4 4
849.3 2297.2 -0.8 48 0 10.3 7.1 5.0 0.0 0 0 2 3 3
677.2 2050.5 1.3 333 0 10.5 6.4 7.5 2.5 2 0 3 4 4
688.4 2059.3 1.2 280 0 6.6 15.5 10.0 2.5 2 1 4 1 1
-6180.8 1822.3 -6.6 316 0 7.4 9.2 7.5 2.5 2 1 3 0 0
-6299.6 1749.0 -5.9 136 0 7.4 9.3 10.0 2.5 2 1 4 3 3
-6241.6 1764.8 -6.4 136 0 7.4 9.3 7.5 2.5 2 1 3 0 0
-6293.8 1810.2 -5.9 136 0 7.4 9.2 7.5 2.5 2 1 3 2 2
-6206.4 1800.1 -6.6 136 0 7.4 9.2 7.5 2.5 2 1 3 5 5
-6311.8 1826.5 -5.6 136 0 7.4 9.3 5.0 2.5 4 1 2 0 0
-6240.7 1830.3 -7.0 136 0 7.4 9.3 7.5 2.5 2 1 3 4 4
-6258.5 1754.8 -6.4 316 0 7.4 9.3 2.5 2.5 2 1 1 5 5
-6269.4 1834.7 -6.3 316 0 7.4 9.3 7.5 2.5 2 1 3 1 1
-6219.2 1787.0 -6.5 316 0 7.4 9.2 7.5 2.5 2 1 3 0 0
-6260.3 1781.0 -6.6 136 0 7.4 9.2 5.0 2.5 2 1 2 1 1
-6164.9 1805.2 -6.3 46 0 9.2 7.4 5.0 2.5 4 0 2 5 5
-6317.6 1870.5 -5.6 316 0 7.4 9.2 7.5 2.5 2 1 3 3 3
-6163.9 1835.3 -6.8 136 0 7.4 9.2 5.0 2.5 2 1 2 3 3
-6154.1 1825.0 -6.5 136 0 7.4 9.3 7.5 2.5 2 1 3 4 4
-6220.4 1753.2 -6.0 46 0 9.3 7.4 2.5 2.5 2 0 1 4 4
-6278.4 1794.7 -6.3 136 0 7.4 9.3 7.5 2.5 2 1 3 4 4
-6310.9 1799.2 -5.4 316 0 7.4 9.3 7.5 2.5 2 1 3 1 1
-6202.5 1769.8 -6.1 46 0 9.3 7.4 10.0 2.5 2 0 4 2 2
-6254.0 1817.1 -6.6 316 0 7.4 9.3 5.0 2.5 2 1 2 2 2
-6292.6 1880.8 -6.2 46 0 9.3 7.4 7.5 2.5 2 0 3 2 2
-6236.7 1802.3 -6.9 316 0 7.4 9.3 2.5 2.5 2 1 1 3 3
-6181.7 1786.3 -6.1 46 0 9.3 7.4 5.0 0.0 0 0 2 3 3
-6286.7 1847.2 -5.9 316 0 7.4 9.3 7.5 2.5 2 1 3 2 2
-6286.6 1734.8 -6.1 136 0 7.4 9.3 7.5 2.5 2 1 3 5 5
-6610.6 1970.3 -6.8 137 0 17.5 37.8 7.5 0.0 0 1 3 4 4
-3316.6 3198.3 -0.8 295 0 7.8 7.9 10.0 2.5 2 1 4 0 0
-3339.6 3208.8 -0.7 295 0 7.8 7.9 5.0 2.5 2 1 2 5 5
-3363.6 3212.3 -0.7 295 0 7.8 7.9 7.5 2.5 2 1 3 5 5
-3403.2 3178.6 -0.6 115 0 7.8 7.9 10.0 2.5 2 1 4 2 2
-3406.6 3239.9 0.4 295 0 7.8 7.9 7.5 2.5 2 1 3 0 0
-3390.7 3319.3 0.0 25 0 7.9 7.8 7.5 2.5 2 0 3 2 2
-3435.4 3312.2 1.1 205 0 7.9 7.8 7.5 2.5 2 0 3 0 0
-3444.0 3282.3 1.1 115 0 7.8 7.9 7.5 2.5 4 1 3 4 4
-3467.8 3226.6 1.1 115 0 7.8 7.9 5.0 2.5 2 1 2 5 5
-3406.1 3434.5 0.6 295 0 7.8 7.9 7.5 2.5 2 1 3 3 3
-3440.9 3435.2 0.6 205 0 7.9 7.8 7.5 2.5 4 0 3 2 2
-3499.4 3395.6 1.1 115 0 7.8 7.9 2.5 2.5 2 1 1 2 2
-3515.7 3222.7 0.8 98 0 7.8 7.9 7.5 2.5 2 1 3 5 5
-3561.4 3166.3 0.7 278 0 7.8 7.9 7.5 2.5 2 1 3 5 5
-3551.2 3415.3 0.9 287 0 7.8 7.9 5.0 2.5 2 1 2 4 4
-3673.5 3302.9 1.8 278 0 7.8 7.9 5.0 2.5 2 1 2 1 1
-3660.1 3242.7 1.2 278 0 7.8 7.9 5.0 2.5 2 1 2 2 2
-3652.5 3195.0 0.6 8 0 7.9 7.8 7.5 2.5 2 0 3 0 0
-3695.4 3368.2 1.8 290 0 7.8 7.9 5.0 2.5 2 1 2 4 4
-3731.2 3415.9 0.7 110 0 7.8 7.9 5.0 2.5 2 1 2 5 5
-3790.6 3299.5 -0.2 96 0 7.8 7.9 5.0 2.5 2 1 2 1 1
-3798.7 3380.4 -0.3 98 0 7.8 7.9 10.0 2.5 2 1 4 2 2
-3774.9 3171.0 -0.4 194 0 7.9 7.8 5.0 0.0 0 0 2 2 2
-3790.9 3124.4 -1.1 104 0 7.8 7.9 5.0 2.5 2 1 2 5 5
-3801.5 3134.9 -1.0 104 0 7.8 7.9 7.5 2.5 2 1 3 5 5
-3823.7 3128.8 -1.0 104 0 7.8 7.9 7.5 0.0 0 1 3 5 5
-3854.0 3387.7 -0.5 104 0 7.8 7.9 2.5 2.5 4 1 1 3 3
-3944.6 3356.3 -1.3 112 0 7.8 7.9 5.0 2.5 2 1 2 1 1
-3854.7 3458.1 0.4 199 0 21.8 9.6 2.5 2.5 2 0 1 4 4
-3846.7 3480.8 0.7 199 0 21.8 9.6 5.0 2.5 2 0 2 5 5
-3742.0 3367.2 0.6 286 0 9.6 21.8 2.5 2.5 2 1 1 0 0
-3738.7 3390.9 0.7 285 0 8.9 17.9 5.0 0.0 0 1 2 2 2
-3732.4 3353.5 0.9 286 0 10.5 16.9 7.5 2.5 2 1 3 4 4
-3717.1 3301.6 1.4 110 0 7.8 7.9 10.0 2.5 2 1 4 3 3
-3920.9 3390.7 -1.1 292 0 7.2 12.6 7.5 2.5 2 1 3 5 5
-3982.8 3399.7 -1.3 121 0 6.9 16.0 5.0 2.5 2 1 2 2 2
-3730.0 3233.8 0.9 104 0 7.8 7.9 7.5 2.5 2 1 3 1 1
-3571.9 3414.3 0.9 278 0 7.8 7.9 2.5 2.5 2 1 1 5 5
-3756.5 3449.5 0.0 197 0 26.3 6.6 10.0 2.5 4 0 4 5 5
-4158.6 3170.8 -0.7 43 0 7.9 7.8 2.5 2.5 2 0 1 5 5
-4185.9 3159.5 -0.5 221 0 7.8 7.8 10.0 2.5 2 0 4 5 5
-4264.7 3150.3 -1.0 31 0 7.9 7.8 7.5 2.5 2 0 3 4 4
-4302.1 3138.0 -1.1 31 0 7.9 7.8 5.0 2.5 2 0 2 0 0
-4333.7 3114.3 -1.1 31 0 7.9 7.8 7.5 2.5 2 0 3 5 5
-4317.4 2951.5 -2.5 211 0 7.9 7.8 5.0 2.5 2 0 2 5 5
-4300.5 2977.0 -2.1 301 0 7.8 7.9 10.0 2.5 2 1 4 3 3
-4206.3 3006.5 -1.5 27 0 11.5 10.5 7.5 2.5 2 0 3 4 4
-4408.9 3049.7 -1.8 31 0 7.9 7.8 7.5 2.5 2 0 3 2 2
-4380.6 3097.1 -1.5 31 0 7.9 7.8 7.5 0.0 0 0 3 0 0
-4420.4 2921.9 -1.5 38 0 10.9 7.2 7.5 2.5 2 0 3 2 2
-4544.8 2901.4 -1.6 128 0 7.2 10.9 7.5 2.5 4 1 3 2 2
-4528.4 2930.1 -1.3 38 0 10.9 7.2 5.0 2.5 4 0 2 1 1
-4427.4 2826.5 -2.8 227 0 7.2 10.9 2.5 2.5 2 1 1 1 1
-4560.8 2830.0 -2.0 38 0 10.9 7.2 7.5 0.0 0 0 3 2 2
-4643.8 2808.8 -2.5 38 0 10.9 7.2 5.0 2.5 4 0 2 3 3
-4458.5 3012.7 -2.1 31 0 7.9 7.8 5.0 2.5 2 0 2 1 1
-4496.5 3066.5 -2.2 301 0 7.8 7.9 2.5 2.5 2 1 1 1 1
-4578.6 2893.5 -1.7 301 0 7.8 7.9 7.5 2.5 2 1 3 1 1
-4553.5 2847.1 -2.0 31 0 7.9 7.8 7.5 2.5 2 0 3 1 1
-4564.1 2852.4 -1.9 31 0 7.9 7.8 7.5 2.5 4 0 3 0 0
-4553.7 2875.8 -1.9 301 0 7.8 7.9 2.5 2.5 4 1 1 2 2
-4595.5 2846.0 -1.9 121 0 7.8 7.9 7.5 2.5 2 1 3 0 0
-4639.1 2875.0 -1.8 211 0 7.9 7.8 10.0 2.5 2 0 4 4 4
-4683.0 2847.8 -2.3 301 0 7.8 7.9 5.0 2.5 2 1 2 4 4
-4725.9 2839.0 -2.7 211 0 7.9 7.8 5.0 0.0 0 0 2 5 5
-4757.1 2822.7 -3.3 196 0 7.9 7.8 7.5 2.5 4 0 3 4 4
-4552.6 2678.1 -3.4 211 0 7.9 7.8 7.5 2.5 2 0 3 0 0
-4521.9 2635.2 -2.9 31 0 7.9 7.8 10.0 0.0 0 0 4 5 5
-4536.8 2629.3 -2.9 31 0 7.9 7.8 7.5 2.5 2 0 3 2 2
-4557.0 2570.8 -2.2 31 0 7.9 7.8 5.0 2.5 2 0 2 4 4
-4594.4 2600.4 -2.8 301 0 7.8 7.9 2.5 2.5 2 1 1 1 1
-4535.7 2646.6 -3.3 31 0 7.9 7.8 10.0 0.0 0 0 4 4 4
-4850.8 2736.2 -3.3 275 0 7.8 7.9 5.0 2.5 2 1 2 3 3
-4849.9 2771.1 -3.4 95 0 7.8 7.9 5.0 2.5 4 1 2 1 1
-4836.6 2714.1 -3.1 97 0 12.3 9.4 5.0 2.5 2 0 2 1 1
-4958.7 2831.5 -2.7 185 0 7.9 7.8 7.5 2.5 4 0 3 1 1
-4977.5 2724.4 -3.8 5 0 7.9 7.8 5.0 2.5 2 0 2 5 5
-4972.6 2868.3 -2.8 207 0 7.9 7.8 7.5 2.5 2 0 3 4 4
-4687.0 2912.9 -1.5 121 0 10.9 7.3 7.5 2.5 4 0 3 1 1
-4814.0 3022.8 -3.5 197 0 7.3 10.9 7.5 2.5 2 1 3 5 5
-4669.9 3108.9 -3.2 301 0 7.8 7.9 10.0 2.5 4 1 4 3 3
-4820.3 3212.2 -3.4 211 0 7.9 7.8 2.5 2.5 4 0 1 0 0
-4821.4 3190.1 -3.4 121 0 7.8 7.9 5.0 2.5 2 1 2 3 3
-4841.9 3097.7 -3.4 31 0 7.9 7.8 5.0 2.5 2 0 2 2 2
-4790.9 3127.1 -3.9 121 0 9.8 15.3 7.5 2.5 2 1 3 5 5
-4735.9 3102.6 -4.0 27 0 21.8 12.6 7.5 2.5 2 0 3 5 5
-4904.5 2726.4 -3.7 187 0 9.4 12.3 10.0 2.5 2 1 4 1 1
-4497.6 2646.0 -3.0 211 0 7.9 7.8 7.5 2.5 4 0 3 3 3
-4359.2 2728.0 -1.7 250 0 7.8 7.8 7.5 2.5 2 0 3 4 4
-4253.8 2613.8 -1.5 325 0 7.8 7.8 10.0 2.5 2 1 4 2 2
-4238.4 2582.3 -0.9 55 0 7.8 7.8 7.5 0.0 0 0 3 5 5
-4215.3 2736.9 0.4 290 0 10.3 7.4 7.5 2.5 2 0 3 3 3
-4287.5 2756.8 -0.8 237 0 12.1 9.4 7.5 2.5 2 0 3 1 1
-4028.0 2540.1 -1.4 101 0 21.1 11.4 2.5 2.5 2 0 1 4 4
-4363.3 3041.3 -1.8 134 0 24.5 10.2 7.5 2.5 2 0 3 1 1
-4338.9 3020.3 -1.9 127 0 24.5 10.2 10.0 2.5 2 0 4 2 2
-5079.4 2193.0 -5.3 68 0 7.4 9.9 10.0 2.5 2 1 4 3 3
-5007.9 2747.4 -3.6 295 0 7.6 10.2 2.5 2.5 2 1 1 1 1
-4883.7 2809.8 -3.2 278 0 20.5 9.7 7.5 0.0 0 0 3 2 2
