1149.0 -5478.9 -10.2 8 0 8.9 10.6 7.5 2.5 2 0 3 4 4
1419.7 -5204.4 -6.3 270 0 7.1 6.2 2.5 2.5 2 0 1 0 0
1390.8 -5776.1 -9.8 111 0 10.5 10.1 7.5 2.5 2 0 3 5 5
1181.6 -5525.8 -11.0 184 0 9.2 7.7 5.0 2.5 2 0 2 1 1
900.3 -5336.8 -3.6 176 0 8.9 12.1 7.5 2.5 2 1 3 3 3
1252.3 -5140.0 -8.5 90 0 8.2 7.7 5.0 2.5 2 0 2 0 0
1201.4 -5249.2 -11.5 182 0 9.8 12.9 10.0 2.5 2 1 4 4 4
780.0 -5303.5 -3.1 262 0 7.9 8.4 7.5 2.5 2 1 3 1 1
842.4 -5496.0 -1.0 88 0 7.0 39.0 10.0 2.5 2 1 4 4 4
1164.0 -5518.0 -10.2 2 0 14.2 7.0 10.0 0.0 0 0 4 4 4
1270.3 -5211.4 -7.9 272 0 8.8 7.1 7.5 2.5 2 0 3 0 0
1211.3 -5374.3 -12.1 111 0 11.4 7.6 10.0 2.5 2 0 4 4 4
874.4 -5472.1 -3.0 359 0 34.9 7.6 10.0 2.5 4 0 4 0 0
1003.8 -5481.7 -5.4 182 0 9.9 7.6 7.5 2.5 2 0 3 3 3
1180.1 -4980.9 -8.2 351 0 13.2 8.2 7.5 2.5 4 0 3 5 5
1429.4 -5235.5 -6.8 4 0 9.5 14.2 5.0 2.5 2 1 2 4 4
889.7 -5222.4 -6.8 17 0 6.1 8.7 7.5 2.5 2 1 3 4 4
1164.1 -5162.8 -11.4 274 0 9.6 11.9 10.0 2.5 4 1 4 4 4
1179.4 -5513.4 -10.9 182 0 8.0 7.4 7.5 2.5 4 0 3 2 2
-4031.3 -6651.6 3.8 268 0 11.6 20.1 7.5 2.5 2 1 3 2 2
-3940.0 -6314.5 -6.8 94 0 8.7 9.5 7.5 2.5 2 1 3 1 1
-4062.3 -6671.9 4.9 104 0 9.8 7.3 7.5 2.5 2 0 3 5 5
901.9 -5492.4 -5.1 184 0 11.7 6.9 7.5 2.5 2 0 3 5 5
989.4 -5464.2 -4.8 266 0 9.2 7.4 7.5 2.5 2 0 3 2 2
