6181.8 6237.0 -5.7 82 0 10.6 8.4 7.5 2.5 2 0 3 5 5
6045.3 6568.8 -5.2 82 0 10.6 8.4 7.5 2.5 2 0 3 5 5
5770.8 6330.3 -6.6 172 0 8.4 10.6 5.0 2.5 2 0 2 1 1
5883.8 6449.7 -7.1 82 0 10.6 8.4 7.5 2.5 2 0 3 5 5
5819.5 6476.0 -6.3 352 0 8.4 10.6 5.0 2.5 2 0 2 2 2
5847.4 6444.2 -6.8 82 0 10.6 8.4 7.5 2.5 2 0 3 3 3
5717.1 6384.3 -8.0 262 0 10.6 8.4 7.5 2.5 2 0 3 5 5
5680.0 6312.3 -7.7 352 0 8.4 10.6 2.5 2.5 2 1 1 5 5
5879.4 6554.9 -5.4 82 0 10.6 8.4 5.0 2.5 2 0 2 2 2
5853.0 6814.0 -4.3 82 0 10.6 8.4 7.5 2.5 2 0 3 3 3
6012.7 6375.7 -6.7 352 0 8.4 10.6 7.5 2.5 2 1 3 4 4
5956.3 6685.2 -4.0 262 0 10.6 8.4 7.5 2.5 4 0 3 3 3
5906.7 6568.6 -5.7 352 0 8.4 10.6 5.0 2.5 2 1 2 0 0
6200.6 6169.0 -4.0 82 0 10.6 8.4 7.5 2.5 2 0 3 1 1
6042.6 6749.0 -4.6 82 0 10.6 8.4 7.5 2.5 2 0 3 1 1
5644.3 6849.6 -7.3 82 0 10.6 8.4 10.0 0.0 0 0 4 0 0
5777.0 6503.5 -6.8 172 0 8.4 10.6 7.5 2.5 2 1 3 2 2
5979.5 6416.6 -6.6 262 0 10.6 8.4 5.0 2.5 2 0 2 0 0
5978.6 6659.1 -4.8 352 0 8.4 10.6 10.0 2.5 2 1 4 4 4
5704.1 6451.0 -8.0 82 0 10.6 8.4 7.5 2.5 2 0 3 4 4
5885.9 6556.1 -5.5 82 0 10.6 8.4 7.5 2.5 2 0 3 1 1
5889.1 6349.4 -6.7 82 0 10.6 8.4 5.0 0.0 0 0 2 4 4
5813.3 6545.0 -6.1 262 0 10.6 8.4 7.5 2.5 4 0 3 1 1
5968.9 6225.1 -7.7 82 0 10.6 8.4 7.5 2.5 2 0 3 0 0
6106.6 6684.0 -5.2 82 0 10.6 8.4 7.5 2.5 2 0 3 0 0
5812.4 6313.5 -6.8 352 0 8.4 10.6 5.0 2.5 2 1 2 5 5
5781.7 6439.6 -6.9 172 0 8.4 10.6 7.5 2.5 4 1 3 5 5
5892.3 6612.2 -4.7 262 0 10.6 8.4 5.0 2.5 2 0 2 0 0
