-5831.6 -3863.6 -5.0 309 0 12.7 9.6 7.5 2.5 2 0 3 5 5
4854.1 5424.6 -1.1 105 0 12.0 26.3 10.0 2.5 2 1 4 3 3
4716.0 5254.6 -0.2 111 0 11.8 24.6 7.5 2.5 2 0 3 1 1
4765.2 5334.5 -0.7 29 0 10.8 9.5 5.0 2.5 2 0 2 3 3
4701.0 5365.8 -1.5 290 0 13.7 11.9 7.5 2.5 2 0 3 4 4
4613.0 5156.4 -0.7 214 0 6.4 9.3 5.0 2.5 2 0 2 4 4
4085.2 5005.6 -0.9 4 0 8.9 8.1 7.5 2.5 4 0 3 3 3
4628.3 5119.3 -1.3 307 0 7.2 25.7 5.0 2.5 2 1 2 1 1
4507.2 4936.8 -2.3 321 0 7.7 21.5 7.5 2.5 2 1 3 2 2
-4928.3 -2882.1 -1.6 342 0 11.2 19.7 14.0 3.5 2 0 4 4 4
-4883.5 -2397.2 -4.1 43 0 11.0 15.4 14.0 3.5 2 1 4 4 4
-5257.4 -2619.3 -3.2 298 0 11.1 8.7 14.0 3.5 2 0 4 3 3
-4950.1 -2850.0 -1.8 234 0 8.6 12.1 14.0 3.5 2 0 4 2 2
-5071.5 -2071.2 -4.0 225 0 9.1 10.0 10.5 3.5 2 1 3 2 2
-4912.4 -2681.8 -2.8 189 0 15.5 13.3 17.5 3.5 2 0 5 4 4
-5448.3 -2218.6 -3.9 225 0 9.1 10.0 14.0 3.5 2 1 4 2 2
-5356.3 -2249.9 -4.5 45 0 9.1 10.0 14.0 0.0 0 1 4 5 5
-5445.0 -2827.4 -3.9 220 0 9.4 7.5 14.0 3.5 2 0 4 3 3
-4896.4 -2954.1 -1.7 353 0 8.4 17.1 14.0 3.5 2 0 4 5 5
-4917.3 -2305.3 -3.6 45 0 9.2 10.0 14.0 3.5 2 1 4 1 1
-5368.0 -2216.3 -4.4 225 0 9.1 10.0 14.0 3.5 2 1 4 5 5
-4953.7 -2291.8 -3.4 225 0 9.1 10.0 14.0 3.5 2 1 4 0 0
-5197.2 -2857.0 -3.4 28 0 8.7 11.1 14.0 3.5 2 0 4 5 5
-5059.7 -2701.0 -2.9 11 0 9.6 11.8 14.0 3.5 2 1 4 1 1
-5227.4 -2001.5 -5.2 225 0 9.2 10.0 10.5 3.5 2 1 3 3 3
-5055.1 -2725.1 -2.4 180 0 7.1 8.2 17.5 3.5 2 1 5 5 5
-5255.4 -2488.4 -4.6 211 0 8.5 7.6 14.0 3.5 2 0 4 1 1
-5376.4 -2634.0 -4.5 118 0 11.1 8.7 14.0 3.5 2 0 4 0 0
-5071.8 -2027.2 -3.6 315 0 10.0 9.1 14.0 3.5 2 0 4 1 1
-4860.5 -2424.5 -3.4 135 0 10.0 9.1 14.0 3.5 2 0 4 4 4
-4956.2 -2773.1 -2.7 277 0 7.4 18.7 14.0 0.0 0 1 4 3 3
-5099.3 -2158.1 -4.9 315 0 10.0 9.1 14.0 3.5 2 0 4 2 2
-4886.6 -2070.8 -2.9 135 0 10.0 9.1 14.0 3.5 2 0 4 4 4
-4847.1 -2932.9 -1.9 3 0 10.0 6.5 14.0 3.5 2 0 4 4 4
-5292.6 -2677.7 -4.2 118 0 11.1 8.7 14.0 3.5 2 0 4 5 5
-5034.5 -2736.0 -2.4 93 0 10.8 11.2 17.5 3.5 2 1 5 5 5
-5125.1 -2077.3 -4.7 225 0 9.1 10.0 14.0 3.5 2 1 4 5 5
-5116.0 -2658.6 -4.0 190 0 8.1 13.0 14.0 3.5 2 1 4 0 0
-5205.7 -2016.8 -5.3 45 0 9.2 10.0 10.5 0.0 0 1 3 1 1
-5289.8 -2818.1 -4.4 118 0 11.1 8.7 14.0 0.0 0 0 4 3 3
-5145.9 -2087.0 -4.9 45 0 9.1 10.0 14.0 3.5 2 1 4 5 5
-5290.8 -2575.2 -2.8 118 0 11.1 14.7 14.0 3.5 2 1 4 0 0
-4943.2 -2129.6 -3.2 225 0 9.1 10.0 14.0 3.5 2 1 4 0 0
-5423.1 -2595.2 -4.8 118 0 11.1 8.7 14.0 0.0 0 0 4 1 1
-5327.7 -2575.6 -2.9 298 0 11.1 8.7 14.0 3.5 2 0 4 3 3
-4894.8 -2354.5 -4.0 45 0 11.2 11.6 14.0 3.5 2 1 4 4 4
-5392.6 -2407.2 -4.8 28 0 8.7 11.1 14.0 3.5 2 1 4 3 3
-5021.3 -2643.9 -2.7 225 0 6.2 13.3 17.5 3.5 2 1 5 0 0
-4887.9 -2557.5 -2.6 287 0 13.7 17.9 17.5 3.5 2 1 5 0 0
-5366.4 -2655.8 -4.7 118 0 11.1 8.7 14.0 3.5 4 0 4 2 2
-5481.1 -2144.1 -7.2 135 0 10.0 9.1 5.0 2.5 2 0 2 1 1
-5544.5 -2910.0 -5.6 308 0 7.1 8.9 10.0 2.5 2 1 4 2 2
-5266.4 -2733.4 -4.5 208 0 8.7 11.1 14.0 3.5 2 1 4 0 0
-5218.1 -2671.8 -2.9 298 0 11.1 8.7 14.0 3.5 2 0 4 4 4
-5295.3 -2110.0 -5.2 45 0 9.2 10.0 14.0 3.5 2 1 4 0 0
-5019.6 -2740.7 -2.4 95 0 6.5 15.7 17.5 3.5 2 1 5 5 5
-5117.2 -2105.9 -4.6 45 0 9.1 10.0 14.0 3.5 2 1 4 3 3
-5420.4 -2655.6 -4.8 312 0 13.8 10.4 10.5 0.0 0 0 3 3 3
-4985.7 -2744.9 -2.4 103 0 11.3 16.3 17.5 3.5 2 1 5 4 4
-5147.9 -2606.9 -2.6 28 0 8.7 11.1 14.0 3.5 4 1 4 5 5
-5252.1 -2211.7 -5.5 45 0 9.1 10.0 10.5 3.5 2 1 3 4 4
-5412.9 -2436.7 -4.8 208 0 8.7 11.1 14.0 0.0 0 1 4 2 2
-5164.0 -2135.3 -5.2 314 0 8.2 11.8 14.0 3.5 4 1 4 5 5
-4982.7 -1992.7 -3.4 135 0 10.0 9.1 14.0 3.5 2 0 4 4 4
-4846.5 -2402.0 -3.4 225 0 9.1 10.0 14.0 3.5 2 1 4 0 0
-5428.8 -2468.2 -4.8 118 0 11.1 8.7 14.0 3.5 2 0 4 1 1
-5291.4 -2700.7 -4.4 118 0 11.1 8.7 14.0 3.5 2 0 4 5 5
-5052.2 -2657.5 -3.2 11 0 7.6 11.0 14.0 0.0 0 1 4 3 3
-4962.8 -2085.6 -1.7 315 0 10.0 9.1 10.5 3.5 2 0 3 3 3
-5595.5 -2793.0 -4.4 353 0 14.3 7.3 7.5 2.5 2 0 3 0 0
-5009.2 -2676.2 -2.6 191 0 9.6 11.8 17.5 3.5 2 1 5 1 1
-5008.3 -1998.8 -4.1 315 0 10.0 9.1 14.0 3.5 4 0 4 5 5
-4972.0 -2752.7 -2.5 95 0 7.7 13.0 17.5 3.5 2 1 5 4 4
-4882.2 -2114.8 -3.1 45 0 9.1 10.0 14.0 3.5 2 1 4 2 2
-5497.2 -2860.9 -4.8 309 0 9.1 7.3 14.0 3.5 2 0 4 1 1
-5030.2 -2815.9 -1.4 204 0 6.3 10.5 14.0 3.5 2 1 4 0 0
-5274.4 -2705.4 -4.1 118 0 11.1 8.7 14.0 3.5 2 0 4 4 4
-4981.6 -2196.5 -3.3 225 0 9.1 10.0 14.0 0.0 0 1 4 4 4
-4975.3 -2916.1 -0.9 68 0 7.4 20.9 14.0 3.5 2 1 4 4 4
-5271.5 -2687.7 -3.9 118 0 11.1 8.7 14.0 3.5 4 0 4 5 5
-5307.8 -2671.8 -4.3 118 0 11.1 8.7 14.0 3.5 2 0 4 1 1
-4838.8 -2356.1 -4.1 45 0 9.1 10.0 14.0 3.5 2 1 4 4 4
-5018.4 -2725.8 -2.5 108 0 6.7 18.6 17.5 3.5 2 1 5 1 1
-5200.6 -2627.5 -2.1 118 0 11.1 8.7 14.0 3.5 2 0 4 5 5
-5603.5 -2900.8 -4.5 315 0 13.6 9.0 5.0 2.5 2 0 2 0 0
-5035.9 -2631.3 -3.2 11 0 9.6 11.8 14.0 3.5 2 1 4 2 2
-5260.5 -2517.8 -3.9 208 0 8.7 11.1 14.0 3.5 4 1 4 1 1
-5050.6 -2584.3 -4.1 105 0 7.5 9.3 14.0 0.0 0 1 4 5 5
-5341.8 -2694.2 -5.0 298 0 11.1 8.7 10.5 3.5 2 0 3 0 0
-4913.8 -2047.5 -2.8 45 0 9.1 10.0 10.5 3.5 2 1 3 1 1
-5131.5 -2616.3 -2.8 28 0 8.7 11.1 14.0 3.5 2 1 4 0 0
-5019.3 -2322.0 -3.9 315 0 10.0 9.1 14.0 3.5 2 0 4 2 2
-4957.7 -2816.9 -2.2 55 0 6.2 17.5 14.0 3.5 2 1 4 3 3
-5352.4 -2763.2 -5.6 118 0 11.1 8.7 14.0 3.5 2 0 4 2 2
-5156.1 -2732.2 -3.6 28 0 8.7 11.1 14.0 3.5 2 1 4 5 5
-5105.8 -2779.9 -2.9 11 0 9.0 17.0 14.0 3.5 2 1 4 3 3
-5158.2 -2046.0 -5.2 45 0 9.1 10.0 14.0 3.5 2 1 4 3 3
-5108.7 -2503.9 -4.5 218 0 7.6 6.7 14.0 3.5 4 0 4 4 4
-5113.0 -2700.6 -3.6 191 0 9.0 17.0 14.0 3.5 2 1 4 1 1
-5325.0 -2526.8 -3.7 208 0 10.7 9.8 14.0 3.5 2 0 4 4 4
-4849.1 -2260.5 -3.7 45 0 9.1 10.0 14.0 3.5 2 1 4 0 0
-4901.1 -2648.9 -2.6 278 0 9.9 16.1 17.5 3.5 2 1 5 5 5
-5132.6 -2831.4 -2.7 83 0 8.9 15.4 14.0 3.5 2 1 4 5 5
-4894.4 -2925.1 -1.5 189 0 7.2 7.8 14.0 0.0 0 1 4 0 0
-5453.6 -2565.9 -4.6 118 0 11.1 8.7 14.0 3.5 2 0 4 0 0
-5573.7 -2746.4 -3.1 225 0 9.1 10.0 7.5 2.5 2 1 3 4 4
-5147.3 -2704.2 -3.6 28 0 8.7 11.1 14.0 3.5 2 1 4 2 2
-5027.1 -2506.0 -4.6 309 0 8.4 7.5 14.0 3.5 2 0 4 5 5
-4932.0 -2001.5 -3.3 225 0 9.2 10.0 10.5 3.5 4 1 3 4 4
-4912.1 -2322.4 -3.7 45 0 9.1 10.0 14.0 3.5 2 1 4 4 4
-5294.2 -2311.5 -5.5 208 0 20.0 21.2 10.5 3.5 2 1 3 2 2
-5516.3 -2719.3 -3.1 303 0 10.8 9.8 7.5 2.5 2 0 3 2 2
-4931.1 -2828.7 -2.7 67 0 18.7 13.5 14.0 3.5 2 0 4 2 2
-5063.8 -2866.3 -0.7 191 0 9.6 11.8 14.0 3.5 2 1 4 1 1
-5151.0 -2915.4 -2.1 325 0 16.5 9.4 14.0 3.5 2 0 4 4 4
-5459.2 -2248.9 -4.2 225 0 9.1 10.0 14.0 3.5 2 1 4 1 1
-5002.6 -2296.8 -4.0 148 0 6.2 9.1 14.0 3.5 2 1 4 3 3
-5199.5 -2529.3 -3.5 298 0 7.6 9.5 14.0 3.5 2 1 4 3 3
-5440.1 -2136.0 -4.9 45 0 9.1 10.0 10.0 0.0 0 1 4 4 4
-5001.3 -2342.8 -4.1 315 0 10.0 9.1 14.0 3.5 2 0 4 0 0
-5133.9 -2037.8 -4.9 135 0 10.0 9.1 14.0 0.0 0 0 4 2 2
-4848.7 -2202.8 -3.6 315 0 10.0 9.1 14.0 3.5 2 0 4 1 1
-5255.2 -2180.6 -5.5 135 0 9.9 11.8 14.0 3.5 2 1 4 3 3
-4919.1 -2442.5 -3.8 227 0 17.9 12.8 14.0 3.5 2 0 4 4 4
-5193.1 -2842.3 -3.4 34 0 8.6 11.5 14.0 3.5 2 1 4 0 0
-5043.4 -2570.9 -4.3 111 0 8.2 10.1 14.0 0.0 0 1 4 4 4
-5070.5 -2120.1 -4.3 225 0 9.1 10.0 10.5 3.5 2 1 3 0 0
-5493.8 -2572.3 -3.7 98 0 7.0 8.4 14.0 3.5 2 1 4 4 4
-5067.0 -2576.2 -4.4 111 0 8.2 10.1 14.0 3.5 2 1 4 2 2
-4965.2 -2629.3 -2.8 283 0 12.3 9.4 17.5 3.5 2 0 5 2 2
-4910.9 -2369.0 -4.0 45 0 9.1 10.0 14.0 3.5 2 1 4 0 0
-4943.1 -2871.3 -1.6 234 0 8.6 6.2 14.0 3.5 2 0 4 4 4
-5331.9 -2637.0 -3.8 118 0 11.1 8.7 14.0 3.5 2 0 4 2 2
-4941.4 -2212.7 -3.2 45 0 9.1 10.0 14.0 3.5 2 1 4 4 4
-5222.1 -2113.6 -5.3 45 0 9.1 10.0 10.5 0.0 0 1 3 4 4
-5495.4 -2297.9 -5.3 43 0 13.6 10.8 5.0 2.5 2 0 2 2 2
-4894.8 -2210.6 -3.4 315 0 10.0 9.1 14.0 0.0 0 0 4 5 5
-5404.1 -2304.5 -4.4 135 0 10.0 9.1 14.0 3.5 2 0 4 3 3
-5236.2 -2019.2 -5.3 225 0 9.1 10.0 10.5 3.5 2 1 3 3 3
-5534.0 -2924.2 -5.6 52 0 8.2 7.5 5.0 2.5 4 0 2 4 4
-4902.0 -2935.5 -1.5 337 0 14.8 12.9 14.0 3.5 2 0 4 3 3
-4885.3 -2859.1 -3.0 333 0 9.2 15.7 14.0 3.5 4 1 4 1 1
-5353.5 -2719.0 -5.4 118 0 11.1 8.7 10.5 3.5 2 0 3 2 2
-5266.6 -2017.4 -5.4 45 0 9.1 10.0 14.0 3.5 2 1 4 3 3
-5076.2 -2722.0 -2.9 11 0 8.0 6.8 14.0 3.5 2 0 4 5 5
-5269.6 -1979.1 -4.8 225 0 9.1 10.0 14.0 3.5 4 1 4 3 3
-5217.4 -2066.7 -5.3 225 0 9.1 10.0 14.0 3.5 2 1 4 4 4
-4871.1 -2349.6 -4.1 225 0 9.1 10.0 14.0 3.5 2 1 4 0 0
-4857.0 -2036.3 -2.5 225 0 9.1 10.0 14.0 3.5 2 1 4 3 3
-4858.6 -2798.7 -3.3 70 0 8.8 15.1 14.0 3.5 2 1 4 0 0
-5335.8 -2114.8 -5.0 225 0 9.1 10.0 14.0 3.5 2 1 4 2 2
-5228.0 -2713.7 -3.6 208 0 8.7 11.1 14.0 3.5 2 1 4 0 0
-4832.1 -2879.6 -2.5 325 0 7.2 8.4 14.0 3.5 2 1 4 3 3
-5345.9 -2500.0 -4.4 28 0 8.7 11.1 14.0 3.5 2 1 4 5 5
-5063.9 -2243.4 -4.1 45 0 9.1 10.0 14.0 0.0 0 1 4 1 1
-5357.5 -2282.9 -4.6 45 0 9.1 10.0 14.0 3.5 2 1 4 5 5
-5065.0 -2886.6 -0.6 164 0 8.4 10.1 14.0 3.5 4 1 4 5 5
-5087.9 -2333.1 -5.1 225 0 9.2 10.0 14.0 3.5 2 1 4 1 1
-5302.5 -2629.9 -3.8 298 0 11.1 8.7 14.0 3.5 2 0 4 2 2
-4948.6 -2755.3 -2.8 90 0 13.5 23.6 17.5 3.5 2 1 5 3 3
-5004.7 -2056.4 -3.3 45 0 9.1 10.0 14.0 3.5 4 1 4 2 2
-5036.7 -2873.0 -0.8 99 0 11.3 9.9 14.0 3.5 2 0 4 4 4
-4926.1 -2551.9 -2.7 206 0 9.2 12.1 17.5 3.5 2 1 5 4 4
-4883.0 -2844.5 -3.4 150 0 8.0 9.9 14.0 3.5 4 1 4 0 0
-5383.8 -2071.1 -5.0 45 0 9.1 10.0 7.5 2.5 2 1 3 5 5
-5141.5 -2030.1 -5.0 135 0 10.0 9.1 14.0 3.5 2 0 4 2 2
-5245.3 -2702.5 -3.7 199 0 13.6 10.3 14.0 3.5 2 0 4 1 1
-5196.9 -2023.9 -5.3 225 0 9.1 10.0 14.0 3.5 2 1 4 2 2
-5190.8 -1987.3 -4.7 135 0 10.0 9.1 14.0 3.5 2 0 4 0 0
-5577.7 -2644.0 -3.5 25 0 8.4 9.5 7.5 2.5 2 1 3 3 3
-4839.4 -2233.9 -3.7 45 0 9.2 10.0 14.0 3.5 2 1 4 5 5
-4848.6 -2673.2 -2.9 253 0 11.5 9.9 17.5 3.5 2 0 5 5 5
-5309.1 -2218.5 -4.9 43 0 8.4 7.0 14.0 3.5 2 0 4 2 2
-4854.1 -2332.8 -4.1 225 0 9.1 10.0 14.0 3.5 2 1 4 0 0
-4854.4 -2086.2 -2.8 135 0 10.0 9.2 14.0 3.5 2 0 4 4 4
-5327.0 -2106.0 -5.1 225 0 9.1 10.0 14.0 3.5 2 1 4 1 1
-4897.6 -2578.1 -2.5 291 0 8.2 10.1 17.5 0.0 0 1 5 3 3
-5039.3 -2679.4 -2.5 180 0 14.7 10.6 17.5 3.5 2 0 5 2 2
-4939.0 -2458.3 -4.4 228 0 9.3 10.0 14.0 3.5 2 1 4 2 2
-5355.8 -2775.6 -5.1 298 0 11.1 8.7 10.5 3.5 2 0 3 1 1
-5059.2 -2004.3 -3.5 135 0 10.0 9.1 14.0 3.5 2 0 4 4 4
-5393.8 -2473.2 -4.7 28 0 8.7 11.1 14.0 3.5 2 1 4 2 2
-4979.0 -2773.9 -2.3 284 0 12.4 15.0 14.0 3.5 2 1 4 1 1
-4870.7 -2741.1 -3.2 82 0 8.7 11.9 17.5 3.5 2 1 5 5 5
-5302.7 -2180.0 -4.9 315 0 10.0 9.1 14.0 3.5 4 0 4 5 5
-5053.0 -2171.7 -3.5 135 0 10.0 9.1 10.5 3.5 2 0 3 1 1
-5617.8 -2572.0 -4.4 16 0 6.4 7.6 5.0 2.5 2 1 2 3 3
-5055.6 -2486.6 -4.6 304 0 11.4 14.9 14.0 3.5 2 1 4 5 5
-5175.7 -2237.9 -6.1 315 0 10.0 9.1 10.5 3.5 2 0 3 1 1
-5383.3 -2235.2 -4.3 225 0 9.1 10.0 14.0 3.5 4 1 4 1 1
-4866.7 -2597.7 -2.7 315 0 10.0 9.1 17.5 3.5 2 0 5 5 5
-4876.4 -2234.6 -3.6 225 0 9.1 10.0 14.0 0.0 0 1 4 1 1
-4994.1 -2051.0 -3.0 45 0 9.1 10.0 14.0 3.5 2 1 4 2 2
-5112.7 -2639.5 -4.0 191 0 9.0 17.0 14.0 3.5 2 1 4 1 1
-4976.8 -2246.0 -3.8 41 0 12.5 13.8 14.0 3.5 2 1 4 1 1
-5439.4 -2850.5 -4.0 39 0 11.1 7.8 14.0 3.5 2 0 4 1 1
-5237.0 -2095.0 -5.4 315 0 10.0 9.1 10.5 3.5 2 0 3 1 1
-5150.2 -2774.4 -3.4 191 0 9.0 17.0 14.0 3.5 4 1 4 4 4
-5416.1 -2180.2 -4.0 45 0 9.1 10.0 14.0 3.5 2 1 4 2 2
-5239.1 -2071.7 -5.4 45 0 9.1 10.0 10.5 0.0 0 1 3 1 1
-5181.2 -2508.6 -4.0 298 0 10.1 14.8 14.0 3.5 2 1 4 0 0
-5467.6 -2833.4 -4.1 35 0 10.1 7.0 14.0 0.0 0 0 4 0 0
-5318.2 -2232.1 -4.8 42 0 8.0 6.1 14.0 3.5 2 0 4 0 0
-5170.2 -2739.0 -3.5 28 0 8.7 11.1 14.0 3.5 2 1 4 5 5
-5078.5 -2049.9 -4.0 45 0 9.1 10.0 14.0 3.5 4 1 4 5 5
-5286.4 -2259.7 -5.2 45 0 9.1 10.0 10.5 3.5 2 1 3 3 3
-5395.1 -2710.7 -5.0 298 0 11.1 8.7 14.0 3.5 2 0 4 4 4
-5004.1 -2855.2 -1.3 83 0 8.9 15.4 14.0 3.5 4 1 4 0 0
-4901.0 -2078.8 -3.0 225 0 9.1 10.0 14.0 3.5 2 1 4 4 4
-4963.1 -2911.8 -1.0 72 0 8.9 15.5 14.0 3.5 2 1 4 0 0
-5330.2 -2327.0 -5.0 31 0 8.2 13.6 10.5 0.0 0 1 3 3 3
-5145.7 -2350.6 -5.8 48 0 10.9 10.1 14.0 3.5 2 0 4 2 2
-4963.9 -2856.3 -1.6 234 0 8.4 10.5 14.0 3.5 2 1 4 4 4
-5255.7 -2841.0 -3.8 118 0 10.9 17.5 14.0 3.5 2 1 4 2 2
-5115.9 -2649.2 -4.0 192 0 8.7 13.7 14.0 3.5 2 1 4 3 3
-4940.5 -2719.0 -2.8 9 0 15.5 18.1 17.5 3.5 2 1 5 4 4
-5422.3 -2803.4 -4.4 224 0 7.7 11.0 14.0 3.5 2 1 4 2 2
-5226.3 -2685.4 -3.1 298 0 11.1 8.7 14.0 3.5 4 0 4 3 3
-5285.7 -2495.1 -4.5 208 0 8.7 11.1 14.0 0.0 0 1 4 1 1
-5216.8 -2030.4 -5.3 45 0 9.1 10.0 10.5 3.5 2 1 3 4 4
-5266.0 -2831.7 -4.0 133 0 6.9 17.2 14.0 3.5 2 1 4 2 2
-5047.2 -2287.3 -4.1 315 0 10.0 9.2 14.0 3.5 2 0 4 3 3
-4978.9 -2563.2 -3.7 315 0 15.0 9.1 14.0 0.0 0 0 4 1 1
-5009.1 -2893.3 -0.8 249 0 6.1 14.9 14.0 3.5 2 1 4 4 4
-5583.7 -2807.1 -4.7 225 0 9.1 10.0 5.0 0.0 0 1 2 1 1
-5465.4 -2505.4 -4.2 298 0 11.1 8.7 14.0 3.5 2 0 4 0 0
-5128.6 -2144.6 -5.0 315 0 10.0 9.1 14.0 3.5 2 0 4 4 4
-5544.5 -2866.2 -5.4 330 0 9.7 10.5 7.5 0.0 0 1 3 3 3
-4997.4 -2681.5 -2.6 191 0 9.6 11.8 17.5 3.5 4 1 5 3 3
-4925.3 -2023.0 -3.1 209 0 9.6 9.4 10.5 3.5 2 0 3 4 4
-4986.2 -2317.4 -3.5 135 0 10.0 9.1 14.0 3.5 2 0 4 0 0
-4910.0 -2339.9 -3.9 315 0 10.0 9.1 14.0 3.5 2 0 4 4 4
-5113.1 -2726.4 -3.3 191 0 9.0 17.0 14.0 3.5 2 1 4 2 2
-5147.7 -2054.0 -5.0 225 0 9.1 10.0 14.0 3.5 2 1 4 3 3
-5462.2 -2851.8 -4.3 221 0 8.2 7.4 14.0 3.5 2 0 4 5 5
-5239.1 -2773.3 -4.2 208 0 8.7 11.1 14.0 3.5 2 1 4 1 1
-5254.5 -2704.9 -3.7 131 0 6.7 13.4 14.0 3.5 2 1 4 3 3
-5306.6 -2588.6 -3.1 298 0 11.1 8.7 14.0 3.5 2 0 4 0 0
-4920.4 -1971.1 -3.5 225 0 9.1 10.0 10.5 3.5 4 1 3 5 5
-5171.6 -2873.4 -2.9 341 0 12.0 15.8 14.0 3.5 2 1 4 4 4
-4951.9 -1985.6 -3.5 45 0 9.1 10.0 14.0 3.5 2 1 4 3 3
-5311.3 -2719.0 -5.0 298 0 11.1 8.7 10.5 3.5 2 0 3 2 2
-4858.5 -2826.3 -3.0 243 0 6.8 11.9 14.0 3.5 2 1 4 5 5
-5186.5 -2684.2 -2.6 298 0 11.1 8.7 14.0 3.5 2 0 4 0 0
-5195.9 -2651.1 -2.3 298 0 11.1 8.7 14.0 3.5 2 0 4 0 0
-5491.3 -2827.4 -4.1 130 0 11.0 9.8 14.0 3.5 2 0 4 5 5
-5039.2 -2909.2 -0.6 242 0 7.4 6.8 14.0 3.5 2 0 4 1 1
-5029.6 -2158.7 -2.8 135 0 10.0 9.1 10.5 3.5 2 0 3 3 3
-5081.7 -2805.6 -2.1 355 0 14.8 18.2 14.0 3.5 2 1 4 4 4
-5027.6 -2721.8 -2.5 103 0 7.2 12.7 17.5 3.5 2 1 5 0 0
-5505.3 -2936.9 -5.5 350 0 14.9 20.3 7.5 2.5 2 1 3 2 2
-4928.5 -2120.7 -3.0 225 0 9.1 11.4 14.0 3.5 2 1 4 2 2
-5264.4 -2628.1 -3.4 298 0 11.1 8.7 14.0 3.5 2 0 4 4 4
-5340.6 -2569.1 -2.8 298 0 11.1 8.7 14.0 3.5 2 0 4 2 2
-5030.9 -2664.4 -2.6 191 0 9.6 11.8 17.5 0.0 0 1 5 1 1
-5154.7 -2663.9 -2.5 298 0 11.1 8.7 14.0 3.5 4 0 4 4 4
-5216.7 -2584.3 -2.7 118 0 7.5 12.6 14.0 3.5 4 1 4 2 2
-5007.3 -2634.7 -2.9 209 0 13.9 17.6 17.5 3.5 4 1 5 1 1
-4857.8 -2387.2 -3.7 225 0 9.1 10.0 14.0 3.5 2 1 4 2 2
-5634.5 -2629.0 -4.3 211 0 9.0 6.2 5.0 2.5 2 0 2 3 3
-4916.2 -2091.2 -3.0 225 0 9.1 10.0 14.0 3.5 2 1 4 4 4
-5300.2 -2422.8 -5.1 298 0 11.1 8.7 14.0 3.5 2 0 4 2 2
-5018.4 -2867.9 -1.0 101 0 11.8 9.6 14.0 3.5 2 0 4 2 2
-5513.1 -2214.8 -7.3 135 0 10.0 9.1 7.5 2.5 2 0 3 1 1
-4878.7 -2928.9 -1.7 189 0 10.8 9.3 14.0 3.5 4 0 4 3 3
-5000.6 -2198.0 -2.5 225 0 9.1 10.0 14.0 3.5 4 1 4 3 3
-5164.2 -2630.5 -2.2 118 0 11.1 8.7 14.0 3.5 4 0 4 1 1
-5074.5 -2705.2 -3.1 11 0 10.3 6.3 14.0 3.5 2 0 4 3 3
-5587.3 -2560.9 -3.8 206 0 12.4 8.7 7.5 0.0 0 0 3 5 5
-5117.8 -2746.5 -3.2 191 0 9.0 17.0 14.0 3.5 2 1 4 2 2
-5435.3 -2730.5 -4.2 11 0 6.0 11.5 10.5 3.5 2 1 3 2 2
-5534.0 -2752.1 -3.2 21 0 8.2 10.0 2.5 2.5 2 1 1 3 3
-5215.8 -2622.2 -2.3 118 0 11.1 8.7 14.0 3.5 2 0 4 2 2
-5323.3 -2378.1 -5.4 140 0 10.0 13.2 10.5 3.5 2 1 3 3 3
-4882.5 -2807.8 -3.3 70 0 7.2 17.0 14.0 3.5 2 1 4 1 1
-4963.3 -2263.0 -3.3 222 0 12.0 18.9 14.0 3.5 2 1 4 4 4
-5307.1 -2520.2 -3.8 208 0 8.7 11.1 14.0 3.5 4 1 4 1 1
-4870.6 -2436.3 -3.2 307 0 7.8 12.6 14.0 3.5 2 1 4 4 4
-4863.3 -2639.2 -2.8 111 0 8.2 10.1 17.5 3.5 2 1 5 5 5
-4951.1 -2164.0 -3.5 315 0 10.0 9.1 14.0 3.5 4 0 4 1 1
-5378.2 -2747.3 -5.3 118 0 11.1 8.7 14.0 3.5 4 0 4 0 0
-5411.8 -2556.2 -4.3 304 0 7.5 12.9 14.0 0.0 0 1 4 5 5
-5070.6 -2555.9 -4.5 117 0 11.0 11.9 14.0 3.5 2 1 4 2 2
-4994.2 -2294.2 -4.1 225 0 9.1 10.0 14.0 3.5 2 1 4 1 1
-5131.8 -2692.1 -3.8 191 0 9.0 17.0 14.0 3.5 2 1 4 4 4
-4947.5 -2335.1 -3.6 135 0 10.0 9.1 14.0 3.5 4 0 4 3 3
-5189.1 -2880.7 -2.8 243 0 7.7 10.7 14.0 3.5 2 1 4 3 3
-4968.2 -2656.8 -2.7 300 0 13.6 16.4 17.5 3.5 2 1 5 1 1
-5196.3 -2288.7 -6.1 39 0 7.3 9.4 10.5 3.5 4 1 3 1 1
-5028.9 -2850.8 -1.1 101 0 11.8 9.6 14.0 3.5 2 0 4 5 5
-4859.6 -2105.0 -3.0 315 0 10.0 9.1 14.0 3.5 2 0 4 1 1
-5415.8 -2250.6 -4.0 315 0 10.0 9.1 14.0 3.5 2 0 4 3 3
-5095.3 -2559.6 -4.3 136 0 9.9 10.8 14.0 3.5 2 1 4 0 0
-5012.8 -2102.5 -2.6 135 0 9.0 22.9 10.5 3.5 2 1 3 1 1
-5432.8 -2372.6 -4.4 135 0 10.0 9.1 14.0 3.5 2 0 4 3 3
-5458.7 -2777.3 -3.9 218 0 14.5 15.5 10.5 3.5 4 1 3 3 3
-5307.8 -2295.6 -5.1 45 0 9.6 14.1 10.5 3.5 2 1 3 1 1
-5377.0 -2760.3 -5.2 298 0 11.1 8.7 10.5 0.0 0 0 3 5 5
-5084.4 -2576.8 -4.3 297 0 10.3 14.1 14.0 3.5 2 1 4 4 4
-4894.9 -2631.6 -2.6 96 0 9.3 15.1 17.5 3.5 2 1 5 4 4
-5041.0 -2700.0 -2.5 192 0 11.5 14.3 17.5 3.5 2 1 5 5 5
-4949.3 -2148.7 -3.4 135 0 10.0 9.1 14.0 3.5 2 0 4 2 2
-4990.4 -2954.7 -1.0 191 0 9.6 11.8 14.0 3.5 2 1 4 3 3
-5358.3 -2734.3 -5.6 28 0 8.7 11.1 14.0 3.5 4 1 4 2 2
-4936.9 -2967.2 -1.7 165 0 12.2 23.6 14.0 3.5 2 1 4 2 2
-4878.7 -2269.6 -3.6 45 0 9.1 10.0 14.0 3.5 2 1 4 4 4
-5120.1 -2513.6 -4.5 220 0 16.1 9.8 14.0 3.5 4 0 4 4 4
-5087.3 -1988.4 -3.3 135 0 10.0 9.1 14.0 3.5 2 0 4 0 0
-5350.7 -2208.0 -4.5 199 0 12.5 6.5 14.0 3.5 2 0 4 3 3
-4860.8 -2191.2 -3.5 315 0 10.0 9.1 14.0 3.5 4 0 4 0 0
-5218.9 -2796.4 -3.9 6 0 12.7 9.6 14.0 3.5 2 0 4 5 5
-4933.2 -2200.9 -3.2 45 0 9.2 10.0 14.0 0.0 0 1 4 1 1
-5445.2 -2507.9 -4.6 294 0 7.8 8.3 14.0 0.0 0 1 4 0 0
-4997.6 -2596.7 -3.5 47 0 11.3 14.5 14.0 3.5 4 1 4 1 1
-5077.6 -2686.2 -3.4 11 0 9.6 11.8 14.0 3.5 2 1 4 2 2
-4944.2 -2699.8 -2.7 11 0 9.6 11.8 17.5 0.0 0 1 5 3 3
-4981.8 -2011.6 -3.0 293 0 7.9 7.2 14.0 3.5 4 0 4 5 5
-5234.2 -2628.2 -3.0 298 0 12.6 17.5 14.0 0.0 0 1 4 0 0
-5601.1 -2865.0 -5.9 5 0 14.2 9.9 5.0 2.5 2 0 2 3 3
-4930.6 -2361.1 -3.9 135 0 10.0 9.1 14.0 0.0 0 0 4 5 5
-5434.8 -2212.4 -3.7 45 0 9.2 10.0 14.0 3.5 2 1 4 2 2
-5461.3 -2821.9 -3.7 40 0 9.1 12.3 14.0 3.5 2 1 4 2 2
-4944.2 -2074.1 -2.3 135 0 10.0 9.1 10.5 0.0 0 0 3 2 2
-4844.7 -2373.8 -3.7 225 0 9.1 10.0 14.0 0.0 0 1 4 2 2
-4918.2 -2186.5 -3.2 315 0 10.0 9.1 14.0 0.0 0 0 4 4 4
-5473.5 -2208.0 -5.8 45 0 9.2 10.0 2.5 2.5 2 1 1 4 4
-5396.4 -2375.2 -4.7 315 0 10.0 9.2 14.0 3.5 2 0 4 2 2
-5434.7 -2816.5 -4.1 219 0 9.8 7.2 14.0 3.5 2 0 4 2 2
-4988.3 -2179.1 -2.6 225 0 9.1 10.0 14.0 3.5 4 1 4 0 0
-5301.8 -2016.3 -5.4 225 0 9.1 10.0 14.0 3.5 2 1 4 3 3
-5233.2 -2044.3 -5.3 45 0 9.1 10.0 10.5 0.0 0 1 3 0 0
-4836.0 -2699.8 -3.0 343 0 10.4 15.5 17.5 3.5 2 1 5 2 2
-5203.4 -2113.0 -5.2 225 0 9.1 10.0 14.0 3.5 2 1 4 5 5
-5676.5 -2918.4 -3.7 140 0 9.6 9.3 5.0 2.5 2 0 2 4 4
-4901.5 -2024.5 -3.1 45 0 9.1 10.0 10.5 3.5 2 1 3 1 1
-5321.1 -2141.3 -4.8 45 0 9.1 10.0 14.0 3.5 2 1 4 4 4
-4983.4 -2617.3 -3.0 315 0 12.1 13.7 17.5 3.5 2 1 5 4 4
-5235.4 -2743.5 -4.4 197 0 10.6 9.1 14.0 3.5 2 0 4 5 5
-5436.8 -2766.7 -4.2 302 0 13.4 10.8 10.5 3.5 2 0 3 5 5
-5383.4 -2803.4 -4.5 298 0 11.1 8.7 14.0 3.5 2 0 4 4 4
-5106.4 -2141.0 -4.7 135 0 10.0 9.1 10.5 3.5 2 0 3 1 1
-5081.2 -2257.3 -4.5 135 0 10.0 9.1 14.0 3.5 2 0 4 2 2
-5296.5 -1990.9 -5.5 45 0 9.1 10.0 10.5 0.0 0 1 3 2 2
-5393.2 -2178.2 -4.1 225 0 9.1 10.0 14.0 3.5 2 1 4 2 2
-5141.6 -2666.4 -3.6 293 0 11.5 13.8 14.0 3.5 4 1 4 5 5
-5692.5 -2920.0 -4.0 49 0 14.0 10.8 5.0 2.5 2 0 2 4 4
-5406.1 -2113.9 -4.7 45 0 9.1 10.0 7.5 2.5 2 1 3 3 3
-4903.2 -2795.4 -3.2 111 0 8.2 10.1 14.0 3.5 2 1 4 5 5
-5051.1 -2838.6 -1.0 191 0 9.6 11.8 14.0 3.5 2 1 4 3 3
-5323.0 -2708.2 -5.1 291 0 8.5 9.1 10.5 3.5 2 1 3 0 0
-4994.2 -2065.2 -2.5 225 0 9.1 10.0 10.5 3.5 2 1 3 3 3
-4865.8 -2021.0 -2.9 45 0 9.1 10.0 10.5 3.5 2 1 3 4 4
-4888.9 -2944.4 -1.8 187 0 10.1 9.2 14.0 3.5 4 0 4 2 2
-5171.1 -2078.8 -5.0 225 0 9.1 10.0 14.0 3.5 2 1 4 3 3
-5158.5 -2007.7 -5.1 135 0 10.0 9.1 14.0 3.5 2 0 4 5 5
-5245.7 -2740.3 -4.4 189 0 8.5 7.6 14.0 3.5 2 0 4 1 1
-5103.4 -2272.6 -5.2 315 0 10.0 9.1 14.0 3.5 2 0 4 1 1
-4860.8 -2285.9 -3.8 225 0 9.1 10.0 17.5 3.5 2 1 5 5 5
-5011.0 -2523.0 -4.6 29 0 9.8 13.5 14.0 3.5 2 1 4 2 2
-5299.8 -2206.1 -5.0 34 0 9.2 8.9 14.0 3.5 2 0 4 3 3
-4892.2 -2763.4 -3.2 236 0 6.7 12.7 14.0 3.5 4 1 4 5 5
-5644.5 -2510.4 -3.6 289 0 11.0 10.5 2.5 2.5 2 0 1 4 4
-5182.4 -2669.4 -2.2 298 0 11.1 8.7 14.0 0.0 0 0 4 4 4
-5355.3 -2798.0 -4.6 118 0 11.1 8.7 10.5 3.5 2 0 3 3 3
-5194.0 -2580.1 -2.8 118 0 12.9 8.3 14.0 3.5 2 0 4 0 0
-4932.3 -2771.8 -2.9 275 0 9.5 21.3 14.0 3.5 2 1 4 0 0
-5532.4 -2578.5 -3.0 35 0 9.3 12.8 5.0 2.5 2 1 2 1 1
-5157.3 -1977.6 -4.6 315 0 10.0 9.1 14.0 3.5 2 0 4 2 2
-5026.7 -2182.3 -2.8 135 0 10.0 9.2 10.5 3.5 2 0 3 1 1
-4955.7 -2318.6 -3.5 135 0 10.0 9.1 14.0 3.5 2 0 4 2 2
-4862.3 -2318.9 -3.9 45 0 9.1 10.0 17.5 3.5 2 1 5 2 2
-5074.1 -1974.1 -3.1 315 0 10.0 9.1 14.0 3.5 2 0 4 5 5
-4869.5 -2814.1 -3.3 244 0 15.2 9.2 14.0 0.0 0 0 4 2 2
-5356.3 -2013.9 -6.6 45 0 9.1 10.0 5.0 2.5 2 1 2 5 5
-4866.4 -2220.3 -3.6 225 0 9.1 10.0 14.0 3.5 2 1 4 2 2
-4986.0 -2517.9 -4.5 204 0 11.6 36.8 14.0 3.5 2 1 4 4 4
-5440.1 -2186.8 -3.9 225 0 9.1 10.0 14.0 3.5 2 1 4 5 5
-5036.2 -2597.7 -3.7 111 0 8.2 14.2 14.0 3.5 2 1 4 3 3
-5158.6 -2531.1 -3.7 298 0 11.1 8.7 14.0 3.5 2 0 4 2 2
-4854.1 -2170.1 -3.4 134 0 8.7 12.7 14.0 3.5 2 1 4 3 3
-5455.8 -2444.3 -4.8 208 0 6.9 11.0 14.0 3.5 2 1 4 2 2
-5084.6 -2545.1 -4.4 98 0 6.7 8.5 14.0 3.5 2 1 4 5 5
-5307.5 -2391.0 -5.5 126 0 7.1 8.2 10.5 3.5 2 1 3 4 4
-697.7 927.6 -1.9 80 0 11.7 7.2 5.0 2.5 4 0 2 4 4
-685.9 927.9 -2.0 90 0 14.1 6.5 7.5 2.5 2 0 3 3 3
-487.3 301.9 -2.1 211 0 9.0 8.4 7.5 2.5 4 0 3 3 3
-439.8 352.4 -2.1 326 0 6.6 18.8 5.0 2.5 2 1 2 1 1
-461.6 334.6 -2.1 270 0 7.9 10.0 7.5 2.5 2 1 3 1 1
-476.1 268.3 -1.9 90 0 8.2 10.0 5.0 2.5 2 1 2 0 0
-849.8 -27.8 -4.2 19 0 7.5 14.5 2.5 0.0 0 1 1 1 1
-666.0 962.1 -2.0 270 0 10.6 6.5 5.0 2.5 2 0 2 5 5
-398.8 301.5 -1.2 60 0 7.6 6.5 2.5 0.0 0 0 1 1 1
-830.1 -30.8 -2.7 90 0 17.6 7.1 7.5 0.0 0 0 3 5 5
-2012.4 2568.3 4.6 270 0 7.6 11.8 7.5 2.5 4 1 3 2 2
-2022.0 2542.4 4.6 180 0 11.8 7.6 10.0 2.5 2 0 4 5 5
-1968.6 2558.7 4.3 280 0 9.1 24.0 10.0 2.5 2 1 4 5 5
-1966.1 2582.5 4.7 90 0 7.6 11.8 7.5 0.0 0 1 3 5 5
-1836.5 2710.5 -4.0 180 0 15.3 12.3 5.0 0.0 0 0 2 0 0
-1099.8 2504.6 -1.9 344 0 17.2 11.1 10.0 2.5 2 0 4 1 1
-1993.9 2633.2 5.4 270 0 21.7 14.2 10.0 2.5 2 0 4 1 1
-2010.9 2480.4 4.0 90 0 7.6 11.8 7.5 2.5 2 1 3 3 3
-2037.9 2673.2 5.7 175 0 6.5 17.7 2.5 2.5 2 1 1 0 0
-1972.8 2634.5 5.2 272 0 7.6 14.8 7.5 2.5 4 1 3 0 0
-2032.3 2625.2 5.7 180 0 7.7 9.4 7.5 2.5 2 1 3 0 0
-2033.7 2590.7 5.2 90 0 10.0 12.4 7.5 2.5 2 1 3 3 3
-1984.2 2590.1 4.9 90 0 7.6 11.8 5.0 2.5 2 1 2 4 4
-2004.7 2583.1 4.9 90 0 7.6 11.8 7.5 2.5 2 1 3 0 0
-1949.6 2563.5 4.0 280 0 9.6 22.1 7.5 2.5 2 1 3 0 0
-1894.0 2689.8 3.0 270 0 7.6 11.8 7.5 2.5 2 1 3 3 3
-1945.1 2608.3 4.8 109 0 6.5 34.3 5.0 2.5 2 1 2 4 4
-1393.9 3460.8 -2.7 139 0 7.1 10.6 10.0 2.5 2 1 4 0 0
-1729.7 2959.1 -3.0 3 0 6.5 7.3 7.5 2.5 2 1 3 0 0
-1749.9 2966.6 -1.6 236 0 8.8 7.4 10.0 2.5 2 0 4 2 2
-1771.2 2935.1 -1.0 206 0 8.2 10.4 7.5 2.5 2 1 3 4 4
-1588.1 3131.1 -0.8 224 0 9.6 25.0 10.0 2.5 2 1 4 1 1
-1549.5 3656.7 -4.1 319 0 7.1 10.6 5.0 2.5 2 1 2 0 0
-1051.9 3573.4 -3.3 34 0 6.8 10.0 7.5 2.5 2 1 3 5 5
-1471.5 3506.8 -2.9 319 0 7.1 10.6 7.5 2.5 2 1 3 3 3
5553.4 6873.2 -2.1 145 0 33.0 12.2 12.5 2.5 2 0 5 2 2
5357.3 6811.8 -3.4 58 0 19.8 27.8 7.5 2.5 2 1 3 1 1
-653.4 -1210.5 -1.7 23 0 9.2 26.4 7.5 2.5 2 1 3 1 1
-565.1 -1222.8 -1.2 113 0 7.9 16.8 5.0 2.5 2 1 2 5 5
-847.6 -1799.3 -4.0 124 0 6.8 14.9 5.0 2.5 2 1 2 2 2
-785.8 -1725.3 -2.6 37 0 9.0 24.7 7.5 2.5 2 1 3 3 3
-624.0 -1193.7 -1.5 203 0 9.2 26.4 7.5 2.5 2 1 3 5 5
-478.9 -1140.0 -1.0 203 0 13.0 7.3 7.5 2.5 2 0 3 1 1
-642.7 -1180.1 -1.4 23 0 9.2 26.4 7.5 2.5 2 1 3 1 1
-839.5 -1661.6 -4.3 9 0 7.8 15.2 7.5 2.5 2 1 3 4 4
-515.3 -1184.2 -1.1 203 0 9.2 26.4 5.0 2.5 2 1 2 1 1
-823.5 -1676.8 -3.1 290 0 21.0 11.0 2.5 2.5 2 0 1 0 0
-498.0 -1145.3 -1.1 203 0 9.2 26.4 2.5 2.5 2 1 1 0 0
-843.0 -1576.8 -4.5 99 0 23.3 14.9 10.0 2.5 2 0 4 5 5
-797.4 -1784.0 -3.1 307 0 9.0 32.0 7.5 2.5 2 1 3 2 2
-593.9 -1243.8 -1.0 293 0 26.4 9.2 5.0 2.5 4 0 2 2 2
-407.9 -1072.7 -0.8 113 0 26.4 9.2 2.5 2.5 2 0 1 3 3
-650.6 -1196.0 -1.6 23 0 9.2 26.4 7.5 2.5 2 1 3 3 3
-430.7 -1189.6 -1.3 23 0 7.5 19.2 7.5 2.5 2 1 3 4 4
-391.4 -1029.7 -0.7 293 0 26.4 9.2 2.5 0.0 0 0 1 2 2
-431.4 -1133.8 -0.9 23 0 9.2 26.4 5.0 2.5 2 1 2 4 4
-577.9 -1229.6 -1.2 113 0 26.4 9.2 2.5 2.5 2 0 1 3 3
4642.5 5211.5 -0.0 123 0 8.7 9.8 10.0 2.5 2 1 4 1 1
4682.3 5289.4 -0.7 282 0 7.7 21.9 10.0 2.5 2 1 4 5 5
-5114.5 -2566.0 -3.5 299 0 20.2 8.7 14.0 3.5 2 0 4 4 4
-5215.1 -2920.1 -2.8 242 0 10.4 14.8 14.0 3.5 2 1 4 1 1
-5133.9 -2078.0 -4.9 45 0 7.6 9.0 14.0 3.5 2 1 4 4 4
-4978.3 -2937.5 -0.8 338 0 10.3 6.2 14.0 3.5 2 0 4 4 4
-5141.5 -2654.9 -3.3 118 0 7.7 8.8 14.0 3.5 2 1 4 3 3
-4886.9 -2983.1 -2.2 343 0 11.3 24.6 14.0 3.5 2 1 4 5 5
-4831.6 -2732.1 -3.2 83 0 17.8 11.4 17.5 3.5 2 0 5 5 5
-5184.0 -2861.5 -3.0 246 0 15.6 7.6 14.0 3.5 2 0 4 5 5
-4992.5 -2871.8 -1.1 258 0 10.1 6.2 14.0 3.5 2 0 4 4 4
-5211.9 -2641.7 -2.5 290 0 10.5 9.0 14.0 3.5 4 0 4 3 3
-5194.9 -2721.4 -3.5 28 0 19.4 11.0 14.0 3.5 2 0 4 4 4
-5062.8 -2768.1 -2.3 186 0 8.7 11.5 14.0 3.5 4 1 4 5 5
-5224.2 -2934.7 -2.7 241 0 11.0 9.6 14.0 3.5 2 0 4 5 5
-5157.1 -2067.6 -5.0 225 0 7.4 7.4 14.0 3.5 2 0 4 4 4
-5194.5 -2786.2 -3.7 9 0 9.0 10.5 14.0 3.5 2 1 4 2 2
-5091.9 -2917.2 -1.3 246 0 9.9 8.8 14.0 3.5 4 0 4 2 2
-5030.0 -2950.9 -1.0 170 0 7.5 6.3 14.0 3.5 2 0 4 3 3
-4919.3 -2911.7 -1.3 339 0 13.9 8.6 14.0 3.5 4 0 4 4 4
-4837.9 -2748.4 -3.2 245 0 6.8 11.8 14.0 3.5 4 1 4 1 1
-5012.7 -2790.2 -1.7 275 0 6.4 11.2 14.0 3.5 2 1 4 0 0
-4889.0 -2452.4 -3.3 320 0 8.6 26.8 14.0 3.5 2 1 4 3 3
-5102.4 -2922.8 -1.4 244 0 8.0 7.8 14.0 3.5 2 0 4 2 2
-5270.4 -2593.3 -3.0 120 0 9.4 10.4 14.0 3.5 4 1 4 2 2
-5549.9 -2560.8 -3.2 219 0 12.5 6.8 7.5 2.5 2 0 3 3 3
-5637.8 -2872.8 -5.0 302 0 11.7 7.2 2.5 2.5 2 0 1 2 2
-5118.1 -2735.9 -3.3 188 0 6.9 8.6 14.0 3.5 2 1 4 1 1
-5143.8 -2740.8 -3.6 186 0 13.2 10.4 14.0 3.5 4 0 4 2 2
-4878.8 -2428.7 -3.3 315 0 6.9 10.0 14.0 3.5 2 1 4 0 0
-4996.3 -2815.5 -1.8 181 0 6.6 13.9 14.0 0.0 0 1 4 0 0
-5005.8 -2949.9 -0.9 343 0 9.8 10.4 14.0 3.5 2 1 4 4 4
-5113.1 -2960.4 -1.9 155 0 7.3 8.1 14.0 3.5 2 1 4 1 1
-4841.5 -2178.4 -3.4 139 0 8.1 10.9 14.0 3.5 2 1 4 2 2
-5080.0 -2004.5 -3.3 135 0 10.7 6.3 14.0 3.5 2 0 4 2 2
-5121.1 -2913.7 -1.6 67 0 7.9 11.1 10.5 3.5 2 1 3 3 3
-5030.7 -2805.5 -1.4 262 0 10.7 6.8 14.0 3.5 2 0 4 4 4
-4879.1 -2636.0 -2.7 90 0 11.0 11.1 17.5 3.5 2 1 5 0 0
-5113.3 -2928.3 -1.7 245 0 11.0 7.8 14.0 3.5 2 0 4 5 5
-5108.6 -2010.1 -4.3 315 0 8.4 9.0 14.0 3.5 2 1 4 3 3
-5135.4 -2637.1 -3.0 28 0 10.4 12.3 14.0 3.5 2 1 4 3 3
-5283.3 -2427.7 -5.0 316 0 9.2 14.2 14.0 3.5 2 1 4 2 2
-4846.8 -2457.9 -2.6 315 0 9.1 8.2 14.0 3.5 2 0 4 0 0
-4948.7 -2473.4 -4.3 213 0 9.2 11.9 14.0 3.5 2 1 4 3 3
-5177.3 -2826.5 -3.5 13 0 10.9 18.5 14.0 3.5 2 1 4 2 2
-5387.3 -2833.7 -4.0 49 0 11.6 16.0 14.0 3.5 2 1 4 4 4
-5066.7 -2909.5 -0.6 167 0 9.4 8.1 14.0 3.5 2 0 4 1 1
-4848.2 -2486.2 -2.5 218 0 7.9 10.2 14.0 3.5 2 1 4 0 0
-4871.5 -2380.2 -4.1 37 0 11.3 13.1 14.0 3.5 2 1 4 4 4
-4979.4 -2885.1 -1.1 247 0 15.3 6.3 14.0 3.5 2 0 4 2 2
-5041.6 -2312.4 -4.1 310 0 6.9 6.4 14.0 3.5 2 0 4 1 1
-5504.1 -2885.7 -5.0 128 0 12.0 10.6 14.0 3.5 2 0 4 3 3
-5121.9 -2582.4 -3.3 29 0 11.4 18.8 14.0 0.0 0 1 4 4 4
-5023.2 -2301.5 -3.8 312 0 11.4 11.9 14.0 3.5 2 1 4 3 3
-4835.4 -2796.7 -2.9 153 0 27.7 12.3 14.0 3.5 2 0 4 3 3
-5076.4 -2938.2 -1.1 346 0 6.7 8.8 14.0 0.0 0 1 4 1 1
-4879.4 -2149.5 -3.3 225 0 8.8 7.6 14.0 3.5 2 0 4 1 1
-5219.0 -2841.4 -3.5 129 0 8.1 6.1 14.0 0.0 0 0 4 5 5
-4871.5 -2837.7 -3.2 156 0 14.2 10.6 14.0 3.5 2 0 4 5 5
-4956.8 -2511.1 -4.0 210 0 8.4 8.5 14.0 3.5 4 1 4 5 5
-5054.4 -2901.3 -0.6 253 0 8.2 7.7 14.0 3.5 2 0 4 3 3
-5174.2 -2983.3 -2.2 71 0 8.0 9.0 14.0 3.5 4 1 4 3 3
-4849.9 -2810.3 -2.9 245 0 8.8 13.8 14.0 3.5 2 1 4 1 1
-5040.4 -2939.8 -0.7 73 0 10.7 12.0 14.0 0.0 0 1 4 2 2
-4900.4 -2881.7 -2.5 59 0 12.9 20.6 14.0 3.5 2 1 4 0 0
-4885.0 -2338.4 -4.0 135 0 8.6 12.2 17.5 3.5 2 1 5 3 3
-5636.5 -2944.1 -3.3 142 0 11.1 12.3 7.5 2.5 2 1 3 5 5
-5225.2 -2638.6 -2.7 299 0 7.8 7.8 14.0 3.5 2 1 4 1 1
-4939.2 -2521.1 -3.6 30 0 7.9 7.3 14.0 3.5 4 0 4 4 4
-4876.0 -2854.9 -3.1 151 0 8.4 8.6 14.0 3.5 2 1 4 4 4
-4831.6 -2842.3 -2.7 60 0 8.8 20.8 14.0 3.5 2 1 4 5 5
-5204.9 -2660.4 -2.6 296 0 11.4 10.3 14.0 3.5 2 0 4 5 5
-5394.9 -2785.2 -4.8 313 0 8.7 6.8 14.0 3.5 2 0 4 2 2
-5232.7 -2942.4 -2.7 247 0 7.0 7.5 14.0 3.5 2 1 4 2 2
-4861.1 -2134.8 -3.2 225 0 7.4 6.5 14.0 3.5 2 0 4 5 5
-5137.7 -2916.8 -1.8 155 0 14.6 8.5 10.5 3.5 2 0 3 5 5
-5159.4 -2899.0 -2.2 332 0 12.6 11.3 14.0 3.5 2 0 4 4 4
-4857.5 -2879.5 -2.6 165 0 10.3 12.4 14.0 3.5 2 1 4 2 2
-5122.5 -2936.8 -1.9 242 0 8.3 6.3 14.0 3.5 2 0 4 3 3
-5679.5 -2985.8 -4.0 138 0 11.7 14.2 5.0 2.5 2 1 2 1 1
-5096.0 -1974.8 -3.4 135 0 12.1 6.9 14.0 3.5 2 0 4 0 0
-4881.6 -2866.5 -2.9 333 0 7.4 15.6 14.0 0.0 0 1 4 1 1
-5243.6 -2610.0 -2.7 117 0 7.2 9.0 14.0 3.5 2 1 4 1 1
-5327.8 -2812.9 -4.3 123 0 8.4 13.3 10.5 3.5 2 1 3 2 2
-4880.9 -2482.0 -2.5 51 0 22.6 10.6 14.0 3.5 2 0 4 0 0
-4850.3 -2274.2 -3.8 225 0 12.3 8.9 17.5 3.5 2 0 5 5 5
-5088.4 -2704.4 -3.3 8 0 8.0 6.2 14.0 3.5 2 0 4 3 3
-4878.0 -2618.9 -2.7 90 0 6.3 8.0 17.5 0.0 0 1 5 4 4
-5089.8 -2788.7 -2.5 359 0 9.2 16.8 14.0 0.0 0 1 4 3 3
-5001.4 -2966.2 -1.1 343 0 8.6 12.6 14.0 3.5 2 1 4 2 2
-5078.0 -2081.4 -4.3 225 0 12.0 9.7 10.5 3.5 2 0 3 5 5
-4992.6 -2777.7 -2.1 265 0 6.4 20.9 14.0 3.5 2 1 4 4 4
-4842.2 -2913.8 -2.4 61 0 6.0 9.9 14.0 3.5 4 1 4 3 3
-5014.7 -2228.0 -2.9 225 0 8.3 8.3 14.0 3.5 4 1 4 1 1
-4855.3 -2312.6 -3.9 45 0 6.6 11.8 17.5 3.5 2 1 5 2 2
-4838.5 -2845.7 -2.7 330 0 6.8 14.6 14.0 3.5 4 1 4 0 0
-5063.3 -2936.4 -0.8 159 0 18.1 9.6 14.0 3.5 2 0 4 1 1
-5138.2 -2934.7 -2.1 335 0 13.8 6.4 14.0 3.5 2 0 4 0 0
-5052.9 -2352.9 -4.7 41 0 10.9 13.3 14.0 3.5 4 1 4 4 4
-5164.9 -2886.8 -2.3 338 0 8.9 8.7 14.0 3.5 2 0 4 0 0
-4875.0 -2544.7 -2.7 127 0 10.1 20.5 14.0 3.5 4 1 4 1 1
-5234.2 -2970.5 -2.4 156 0 9.8 10.1 14.0 3.5 2 1 4 0 0
-4982.3 -2792.5 -2.0 270 0 6.0 7.7 14.0 3.5 2 1 4 2 2
-5067.5 -2781.4 -2.0 185 0 13.9 11.0 14.0 3.5 4 0 4 2 2
-5055.6 -2682.9 -3.0 18 0 14.1 10.2 14.0 3.5 2 0 4 1 1
-5073.5 -2751.7 -2.6 11 0 10.2 10.8 14.0 3.5 2 1 4 5 5
-5250.5 -2345.4 -5.8 37 0 8.3 10.9 10.5 3.5 2 1 3 3 3
-5128.6 -2640.5 -3.5 11 0 8.0 6.0 14.0 0.0 0 0 4 5 5
-4985.1 -2152.2 -1.9 37 0 12.3 11.7 10.5 3.5 2 0 3 0 0
-4944.5 -2029.6 -2.8 213 0 10.3 7.5 10.5 0.0 0 0 3 1 1
-5396.0 -2747.1 -4.9 299 0 9.0 10.9 10.5 0.0 0 1 3 0 0
-5292.7 -2528.1 -3.6 209 0 6.3 6.1 14.0 3.5 4 0 4 1 1
-4915.4 -2887.8 -1.9 62 0 8.6 16.1 14.0 3.5 2 1 4 0 0
-5342.7 -2727.1 -5.4 113 0 10.7 15.6 10.5 3.5 4 1 3 3 3
-4899.8 -2904.8 -2.1 153 0 15.0 15.1 14.0 3.5 2 1 4 1 1
-5314.7 -2491.3 -4.6 28 0 9.4 12.3 14.0 3.5 2 1 4 2 2
-5066.9 -2674.9 -3.3 17 0 12.2 6.7 14.0 0.0 0 0 4 3 3
-5080.5 -2905.3 -0.9 75 0 8.0 9.6 10.5 3.5 2 1 3 2 2
-5133.9 -2510.3 -4.8 17 0 13.0 6.1 10.5 0.0 0 0 3 3 3
-5042.7 -2590.9 -3.9 134 0 9.4 11.9 14.0 3.5 2 1 4 2 2
-5335.9 -2749.5 -5.6 300 0 7.2 8.8 14.0 3.5 2 1 4 3 3
-5369.4 -2552.1 -3.3 308 0 7.2 7.2 14.0 0.0 0 0 4 5 5
-4972.3 -2173.1 -3.1 220 0 6.8 7.4 14.0 3.5 2 1 4 0 0
-4972.9 -2070.4 -2.1 313 0 16.0 16.4 10.5 3.5 2 1 3 2 2
-5489.4 -2804.2 -3.5 313 0 7.1 8.4 14.0 3.5 2 1 4 0 0
-5057.6 -2599.7 -3.8 299 0 8.4 13.8 14.0 3.5 2 1 4 1 1
-5382.0 -2720.7 -5.2 302 0 8.6 8.6 14.0 0.0 0 1 4 0 0
-5412.8 -2742.0 -4.6 304 0 6.5 7.0 10.5 3.5 2 1 3 2 2
-5093.6 -2648.4 -3.9 182 0 7.3 8.4 14.0 0.0 0 1 4 3 3
-5084.9 -2744.5 -2.8 2 0 7.7 8.7 14.0 3.5 2 1 4 0 0
-5161.2 -2862.7 -2.6 161 0 11.2 8.4 10.5 3.5 2 0 3 4 4
-5097.1 -2848.1 -1.4 292 0 23.2 31.4 10.5 0.0 0 1 3 3 3
-5242.8 -2476.5 -4.9 319 0 14.2 9.3 14.0 3.5 2 0 4 1 1
-4978.0 -2271.8 -3.6 221 0 8.8 13.3 14.0 3.5 2 1 4 1 1
-5033.1 -2341.4 -4.0 129 0 14.9 10.9 14.0 3.5 2 0 4 2 2
-5068.2 -2829.7 -1.0 174 0 21.6 12.0 14.0 3.5 2 0 4 3 3
-4974.0 -2051.8 -2.3 129 0 13.3 13.3 10.5 3.5 2 1 3 0 0
-5079.4 -2507.0 -4.5 214 0 9.6 11.6 14.0 3.5 2 1 4 0 0
-5182.7 -2634.9 -2.0 119 0 17.5 8.6 14.0 3.5 4 0 4 5 5
-5066.2 -2510.4 -4.6 220 0 7.5 9.7 14.0 3.5 2 1 4 1 1
-5128.6 -2676.3 -3.9 189 0 14.2 15.6 14.0 3.5 2 1 4 3 3
-5087.8 -2475.2 -4.8 216 0 9.9 7.3 14.0 3.5 2 0 4 3 3
-1334.1 3340.4 -0.8 49 0 7.9 8.0 5.0 0.0 0 1 2 1 1
-4422.2 -2305.6 -3.9 159 0 8.8 7.6 17.5 3.5 2 0 5 5 5
-4343.2 -2278.0 -5.4 204 0 13.9 8.2 17.5 3.5 2 0 5 0 0
-4400.7 -2351.9 -4.2 79 0 6.5 7.5 17.5 3.5 2 1 5 1 1
-4450.4 -2259.8 -3.4 178 0 6.3 6.0 17.5 3.5 2 0 5 3 3
-4294.4 -2123.4 -5.5 101 0 7.3 8.3 17.5 3.5 2 1 5 5 5
-4342.0 -2124.4 -4.4 183 0 6.6 6.2 17.5 3.5 2 0 5 0 0
-4287.4 -2433.4 -4.1 19 0 9.3 31.7 17.5 3.5 2 1 5 4 4
-4503.6 -2101.2 -5.8 166 0 13.6 15.6 17.5 3.5 4 1 5 5 5
-4435.1 -2089.1 -5.4 269 0 14.9 13.0 17.5 3.5 2 0 5 1 1
-4572.7 -2229.6 -2.8 137 0 10.6 12.6 17.5 3.5 2 1 5 3 3
-4453.6 -2320.8 -3.3 316 0 13.1 7.9 17.5 3.5 2 0 5 3 3
-4481.3 -2282.8 -2.6 327 0 7.0 8.4 17.5 3.5 2 1 5 5 5
-4630.9 -2173.9 -4.2 142 0 6.7 9.1 17.5 3.5 2 1 5 2 2
-4460.2 -2294.5 -3.1 332 0 13.6 9.0 17.5 0.0 0 0 5 2 2
-4608.3 -2204.4 -3.7 134 0 14.6 17.1 17.5 3.5 2 1 5 1 1
-4502.3 -2238.4 -2.7 38 0 8.9 12.9 17.5 3.5 2 1 5 5 5
-4294.5 -2123.4 -5.5 101 0 7.3 8.3 17.5 3.5 2 1 5 5 5
-4598.0 -2223.0 -3.1 133 0 11.2 13.3 17.5 3.5 2 1 5 0 0
-4547.6 -2269.4 -2.0 129 0 11.5 12.2 17.5 3.5 2 1 5 5 5
-4468.3 -2259.4 -3.0 324 0 6.3 9.6 17.5 3.5 2 1 5 4 4
-4514.4 -2272.1 -2.2 223 0 8.3 8.1 17.5 3.5 2 0 5 4 4
-4513.9 -2142.5 -4.8 328 0 9.4 15.3 17.5 3.5 2 1 5 0 0
-4491.1 -2309.4 -2.6 144 0 9.8 7.4 17.5 3.5 2 0 5 2 2
-4507.7 -2155.7 -4.5 334 0 10.3 16.5 17.5 3.5 4 1 5 3 3
-4484.7 -2228.3 -3.2 220 0 6.8 10.5 17.5 3.5 4 1 5 5 5
-4316.6 -2014.5 -6.0 358 0 28.0 12.7 10.0 2.5 2 0 4 2 2
-4503.8 -2167.1 -4.2 336 0 9.0 16.1 17.5 3.5 2 1 5 1 1
-4745.2 -2282.8 -3.6 222 0 11.9 12.2 17.5 3.5 2 1 5 2 2
-4443.2 -2300.6 -3.5 166 0 6.2 6.6 17.5 3.5 2 1 5 0 0
-4620.9 -2192.5 -3.9 138 0 11.2 11.5 17.5 3.5 2 1 5 5 5
-4622.5 -2178.4 -4.1 142 0 6.5 6.1 17.5 3.5 2 0 5 1 1
-4524.7 -2215.7 -3.0 90 0 12.4 17.6 17.5 3.5 4 1 5 0 0
-4281.9 -2139.5 -5.7 278 0 12.0 10.9 17.5 3.5 4 0 5 1 1
-4436.3 -2351.0 -3.7 332 0 13.5 11.6 17.5 3.5 2 0 5 5 5
-4466.9 -2269.3 -2.9 336 0 6.8 11.2 17.5 3.5 2 1 5 3 3
-4586.1 -2211.6 -3.3 131 0 9.3 13.4 17.5 3.5 2 1 5 2 2
-4503.1 -2219.7 -3.0 52 0 12.1 10.7 17.5 3.5 2 0 5 0 0
-4516.0 -2229.3 -2.6 33 0 6.9 9.2 17.5 3.5 2 1 5 1 1
-4494.2 -2329.1 -2.6 125 0 7.2 10.0 17.5 3.5 2 1 5 2 2
-4260.3 -2780.2 -3.3 193 0 7.8 19.5 17.5 0.0 0 1 5 4 4
-4395.8 -2740.7 -0.4 330 0 12.3 11.2 17.5 3.5 2 0 5 0 0
-4224.8 -2637.1 -7.6 1 0 13.6 10.3 17.5 3.5 4 0 5 3 3
-4251.3 -2635.0 -6.7 180 0 20.8 10.8 17.5 3.5 2 0 5 1 1
-4511.1 -2330.4 -2.5 301 0 9.8 6.3 14.0 3.5 2 0 4 0 0
-4234.3 -2374.3 -5.2 283 0 12.7 32.4 17.5 3.5 2 1 5 0 0
-4210.5 -2659.9 -8.5 2 0 10.3 10.4 17.5 0.0 0 1 5 4 4
-4426.5 -2811.9 -0.9 38 0 18.4 15.0 17.5 3.5 2 0 5 5 5
-4418.6 -2692.5 -0.4 30 0 16.6 9.3 17.5 3.5 2 0 5 3 3
-4328.7 -2651.9 -1.8 193 0 11.5 12.5 17.5 3.5 2 1 5 5 5
-4317.4 -2718.4 -2.0 6 0 8.9 22.2 17.5 3.5 4 1 5 4 4
-4295.7 -2790.7 -2.5 121 0 12.2 11.9 17.5 3.5 2 0 5 1 1
-4226.4 -2716.2 -6.5 4 0 7.1 8.5 17.5 3.5 2 1 5 2 2
-4369.8 -2431.5 -4.0 209 0 13.4 24.3 17.5 3.5 2 1 5 0 0
-4273.4 -2682.9 -4.5 2 0 12.3 8.8 17.5 3.5 2 0 5 1 1
-4303.6 -2712.2 -2.5 187 0 14.4 12.3 17.5 3.5 2 0 5 1 1
-4425.8 -2711.5 -0.2 24 0 21.1 14.4 17.5 3.5 2 0 5 3 3
-4236.3 -2595.9 -6.0 180 0 6.5 7.3 17.5 3.5 2 1 5 0 0
-4240.2 -2608.1 -5.3 182 0 8.4 7.3 17.5 3.5 2 0 5 5 5
-4250.6 -2595.2 -5.3 179 0 9.9 6.7 17.5 3.5 2 0 5 4 4
-4279.6 -2733.9 -2.9 11 0 8.4 14.3 17.5 3.5 2 1 5 2 2
-4258.3 -2808.1 -2.4 284 0 10.6 8.5 17.5 3.5 4 0 5 5 5
-4250.4 -2582.7 -6.9 189 0 8.5 26.6 17.5 3.5 2 1 5 0 0
-4265.7 -2556.7 -7.0 120 0 26.8 12.0 17.5 3.5 2 0 5 0 0
-4298.6 -2696.1 -2.7 185 0 12.3 8.5 17.5 3.5 2 0 5 2 2
-4256.8 -2803.4 -2.8 104 0 12.3 10.8 17.5 0.0 0 0 5 5 5
-4259.8 -2730.8 -4.0 184 0 6.6 9.7 17.5 3.5 4 1 5 1 1
-4282.6 -2551.3 -5.6 115 0 6.6 16.2 17.5 3.5 2 1 5 5 5
-4312.0 -2753.3 -2.6 190 0 9.6 18.7 17.5 3.5 2 1 5 4 4
-4303.9 -2642.1 -3.8 187 0 9.7 19.9 17.5 3.5 2 1 5 0 0
-4323.0 -2616.0 -2.4 20 0 10.3 19.6 14.0 3.5 2 1 4 1 1
-4253.3 -2745.6 -4.0 188 0 10.7 10.8 17.5 0.0 0 1 5 3 3
-4314.4 -2706.0 -1.9 12 0 11.2 11.4 17.5 3.5 2 1 5 1 1
-4263.0 -2667.9 -5.4 351 0 13.7 6.4 17.5 3.5 2 0 5 2 2
-4225.9 -2660.2 -7.5 6 0 13.3 8.2 17.5 3.5 2 0 5 4 4
-4271.4 -2635.7 -4.0 3 0 9.7 10.3 17.5 3.5 2 1 5 5 5
-4326.8 -2462.0 -3.9 124 0 23.9 16.6 17.5 3.5 2 0 5 2 2
-4660.5 -2122.4 -4.7 46 0 19.5 9.4 10.5 3.5 2 0 3 3 3
-4312.6 -2683.0 -1.7 6 0 13.9 19.4 17.5 3.5 2 1 5 5 5
-4271.4 -2607.7 -4.1 282 0 9.3 6.6 17.5 3.5 2 0 5 1 1
-4668.9 -2144.3 -4.4 225 0 7.1 15.2 17.5 3.5 2 1 5 0 0
-4218.1 -2612.8 -5.9 0 0 8.4 8.6 17.5 3.5 4 1 5 5 5
-4382.1 -2673.4 -0.7 201 0 18.3 23.2 17.5 3.5 2 1 5 3 3
-4246.4 -2665.3 -7.0 187 0 7.2 10.4 17.5 3.5 2 1 5 2 2
-4252.1 -2617.6 -5.5 182 0 8.4 22.7 17.5 3.5 2 1 5 5 5
-4249.0 -2571.0 -7.5 130 0 15.9 15.4 17.5 0.0 0 0 5 1 1
-4217.9 -2702.9 -7.8 360 0 10.9 15.0 17.5 0.0 0 1 5 2 2
-4307.6 -2680.6 -3.0 174 0 7.0 9.9 17.5 3.5 2 1 5 0 0
-4228.0 -2727.9 -6.1 8 0 14.7 10.0 17.5 3.5 2 0 5 3 3
-2209.4 2909.0 1.4 270 0 47.8 35.7 7.5 0.0 0 0 3 5 5
-2247.8 2687.7 3.1 91 0 44.5 66.7 12.5 0.0 0 1 5 3 3
-2051.8 2520.4 4.7 1 0 10.6 9.4 7.5 0.0 0 0 3 4 4
-2095.3 2520.2 4.3 181 0 8.6 10.9 2.5 2.5 2 1 1 2 2
-2065.7 2464.2 3.0 1 0 13.4 11.6 5.0 0.0 0 0 2 4 4
-2058.2 2504.0 4.3 0 0 10.8 11.2 7.5 2.5 2 1 3 5 5
-2045.7 2559.5 4.8 360 0 11.1 9.5 7.5 2.5 2 0 3 3 3
-2087.7 2537.1 4.9 181 0 10.8 10.8 5.0 2.5 2 1 2 1 1
-2110.9 2462.9 2.5 180 0 13.1 12.3 5.0 2.5 2 0 2 4 4
-2082.1 2562.8 5.0 270 0 10.9 10.7 5.0 0.0 0 0 2 1 1
-2062.8 2487.2 3.7 0 0 11.5 11.3 5.0 2.5 2 0 2 4 4
-2165.2 2480.3 2.0 180 0 12.6 10.9 7.5 2.5 2 0 3 2 2
-2293.4 2538.7 -0.2 286 0 20.3 12.5 7.5 2.5 2 0 3 2 2
-2423.0 2842.8 -0.1 91 0 15.9 19.6 7.5 2.5 2 1 3 5 5
-2367.3 2832.3 1.4 272 0 14.2 14.5 7.5 2.5 4 1 3 3 3
-2352.4 2870.2 0.4 0 0 20.0 33.6 7.5 2.5 2 1 3 2 2
-2122.3 2494.0 3.0 360 0 10.1 11.8 7.5 2.5 2 1 3 4 4
-2116.6 2555.2 4.6 269 0 9.5 11.9 2.5 2.5 4 1 1 4 4
-2234.9 2536.8 1.2 359 0 9.3 12.6 7.5 2.5 4 1 3 1 1
-2413.5 2883.2 -1.6 1 0 8.2 85.3 10.0 0.0 0 1 4 0 0
-2356.7 2758.0 1.9 359 0 18.3 22.7 7.5 2.5 2 1 3 4 4
-2162.2 2565.8 3.9 88 0 13.5 15.2 7.5 2.5 2 1 3 1 1
-2236.2 2512.7 0.9 359 0 10.4 10.6 5.0 2.5 2 1 2 3 3
-2205.7 2543.1 2.2 268 0 10.5 10.7 10.0 2.5 2 1 4 2 2
-2353.2 2728.8 2.1 1 0 18.7 22.8 10.0 2.5 2 1 4 2 2
-2133.4 2718.0 4.4 269 0 15.4 19.0 7.5 2.5 2 1 3 4 4
-2050.7 2672.5 5.4 2 0 11.2 12.9 7.5 2.5 2 1 3 2 2
-2209.5 2603.9 3.6 272 0 11.0 16.8 5.0 2.5 4 1 2 3 3
-2177.6 2602.7 4.6 267 0 10.2 13.3 7.5 2.5 2 1 3 0 0
-2194.4 2601.2 4.0 271 0 9.8 12.8 10.0 2.5 2 1 4 5 5
-4245.9 -2279.6 -5.2 357 0 8.9 24.1 17.5 3.5 4 1 5 4 4
-4287.8 -2236.7 -5.2 178 0 48.2 18.9 17.5 3.5 2 0 5 3 3
-4440.0 -2773.1 -2.4 25 0 80.1 143.8 17.5 0.0 0 1 5 5 5
-4350.6 -2503.6 -4.2 154 0 59.9 96.0 17.5 0.0 0 1 5 1 1
-4555.1 -2578.2 -3.9 78 0 21.9 34.9 17.5 0.0 0 1 5 0 0
-4600.4 -2735.6 -2.7 346 0 16.8 47.6 17.5 0.0 0 1 5 4 4
-2731.3 6237.4 -2.3 34 0 6.6 9.9 7.5 2.5 4 1 3 2 2
-4681.2 -2017.5 -3.8 29 0 6.4 13.3 14.0 3.5 2 1 4 4 4
-4714.0 -1997.8 -3.4 214 0 6.7 16.7 14.0 3.5 2 1 4 1 1
-4736.2 -1989.6 -3.3 122 0 42.7 8.0 14.0 3.5 2 0 4 2 2
-4698.7 -1890.7 -4.1 65 0 13.2 10.9 14.0 3.5 2 0 4 5 5
-4713.0 -1900.8 -4.2 63 0 11.8 20.4 14.0 3.5 2 1 4 0 0
-4667.5 -1877.4 -3.7 63 0 18.2 10.2 14.0 3.5 2 0 4 5 5
-4764.9 -1855.7 -3.3 240 0 12.8 7.7 14.0 3.5 2 0 4 4 4
-4793.8 -1856.5 -3.3 238 0 9.6 9.1 14.0 3.5 2 0 4 3 3
-4780.3 -1887.9 -3.6 147 0 7.5 6.4 14.0 3.5 4 0 4 1 1
-4784.6 -1871.0 -3.5 238 0 21.1 8.3 14.0 3.5 4 0 4 4 4
-4809.9 -1870.9 -3.5 238 0 15.1 9.8 14.0 3.5 2 0 4 5 5
-4793.6 -1916.7 -4.1 140 0 29.7 8.8 14.0 3.5 4 0 4 3 3
-4784.5 -1908.4 -4.1 140 0 32.0 11.8 14.0 3.5 2 0 4 4 4
-4760.1 -1945.9 -4.3 238 0 34.9 9.8 14.0 0.0 0 0 4 1 1
-4702.2 -1906.8 -4.7 243 0 19.6 8.1 14.0 3.5 2 0 4 4 4
-4725.6 -1923.9 -4.8 238 0 35.9 10.3 14.0 3.5 2 0 4 2 2
-4605.6 -1979.8 -4.7 335 0 11.5 11.1 14.0 3.5 2 0 4 2 2
-4602.3 -1997.5 -4.9 64 0 23.2 10.9 14.0 3.5 2 0 4 3 3
-4609.2 -1957.2 -4.5 334 0 7.3 34.5 14.0 3.5 2 1 4 5 5
-4675.9 -1919.2 -4.7 244 0 8.1 16.2 14.0 3.5 2 1 4 2 2
-4638.0 -1900.6 -4.3 334 0 19.6 37.8 14.0 3.5 2 1 4 0 0
-4644.6 -1935.8 -4.2 334 0 52.6 10.7 14.0 3.5 2 0 4 0 0
-4882.1 -2194.0 -3.4 135 0 7.1 6.7 14.0 0.0 0 0 4 4 4
-4790.1 -2308.1 -4.0 46 0 11.2 8.2 14.0 0.0 0 0 4 5 5
-4816.1 -2292.7 -4.0 135 0 6.9 7.7 14.0 3.5 4 1 4 0 0
-4792.8 -2244.2 -3.8 314 0 12.1 14.7 17.5 3.5 2 1 5 0 0
-4807.1 -2266.0 -3.9 45 0 11.7 11.8 17.5 0.0 0 1 5 1 1
-4743.3 -2197.0 -3.3 216 0 40.4 26.6 17.5 3.5 2 0 5 1 1
-4750.6 -2278.1 -3.6 139 0 8.0 6.3 17.5 3.5 2 0 5 0 0
-4729.0 -2288.1 -3.5 229 0 8.1 6.7 17.5 3.5 2 0 5 1 1
-4686.9 -2288.8 -3.1 28 0 10.9 9.0 17.5 3.5 2 0 5 0 0
-4703.5 -2274.1 -3.2 302 0 11.0 8.8 17.5 0.0 0 0 5 3 3
-4701.6 -2060.2 -4.2 280 0 27.8 54.0 14.0 0.0 0 1 4 1 1
-4753.1 -1766.9 -3.6 146 0 8.0 13.4 10.5 3.5 2 1 3 0 0
-4714.5 -1766.4 -3.9 329 0 7.7 13.3 10.5 3.5 2 1 3 0 0
-4746.9 -1821.0 -2.9 240 0 18.0 8.8 14.0 3.5 4 0 4 4 4
-4773.6 -1833.3 -3.0 244 0 9.7 6.5 14.0 3.5 2 0 4 5 5
