-5307.3 -737.8 -15.7 170 0 6.6 8.8 7.5 2.5 2 0 3 2 2
-5304.6 -813.2 -19.6 349 0 6.3 9.6 2.5 2.5 2 0 1 0 0
-5440.5 -472.5 -20.3 159 0 6.3 20.9 7.5 2.5 2 0 3 0 0
-5265.6 -850.1 -15.7 177 0 25.4 8.1 7.5 2.5 2 0 3 2 2
-5337.7 -701.1 -16.7 349 0 9.0 6.3 5.0 2.5 2 0 2 4 4
-5312.4 -768.3 -15.7 262 0 7.4 8.4 7.5 2.5 2 0 3 4 4
-5321.6 -704.4 -16.8 160 0 8.8 8.3 10.0 2.5 2 0 4 0 0
-5271.7 -720.4 -16.7 61 0 9.7 13.4 7.5 2.5 2 0 3 2 2
-5238.6 -428.4 -16.7 0 0 7.1 13.5 7.5 2.5 2 0 3 2 2
-5333.3 -676.5 -17.4 162 0 9.0 11.7 5.0 2.5 2 0 2 3 3
-5357.8 -625.5 -19.0 152 0 10.0 6.8 7.5 2.5 2 0 3 5 5
-5267.8 -824.0 -13.8 172 0 14.0 6.8 7.5 2.5 2 0 3 4 4
-5280.2 143.2 -16.7 169 0 6.0 9.8 10.0 0.0 0 1 4 4 4
-5249.4 123.4 -17.1 62 0 8.6 8.7 2.5 2.5 2 1 1 3 3
-5243.3 -627.6 -18.3 270 0 8.2 9.5 7.5 2.5 2 0 3 1 1
-5299.1 -551.0 -16.2 256 0 7.1 9.8 5.0 2.5 2 0 2 4 4
-5282.5 -526.5 -17.1 257 0 21.9 10.9 10.0 2.5 2 0 4 3 3
-5575.9 -152.9 -18.9 52 0 9.5 6.7 2.5 2.5 2 0 1 2 2
-5276.8 -326.6 -15.6 344 0 8.6 6.6 5.0 2.5 2 0 2 1 1
-5275.3 119.0 -17.3 150 0 8.2 11.9 7.5 2.5 4 1 3 0 0
-5228.6 -1379.2 -16.7 85 0 6.5 7.1 5.0 2.5 2 0 2 2 2
-5304.0 -870.2 -21.3 259 0 12.6 9.6 7.5 2.5 2 0 3 1 1
-5259.4 -894.5 -18.7 265 0 6.5 7.1 2.5 2.5 2 0 1 5 5
-5272.9 -1252.1 -20.1 169 0 9.6 12.6 7.5 2.5 2 0 3 3 3
-5265.9 -1339.0 -19.0 169 0 9.6 12.6 7.5 2.5 2 0 3 5 5
-5290.5 -1021.8 -23.0 175 0 7.1 6.5 10.0 2.5 2 0 4 2 2
-5309.3 -922.2 -24.0 169 0 9.6 12.6 10.0 2.5 2 0 4 5 5
-5271.8 -1071.2 -22.0 169 0 9.6 12.6 10.0 2.5 2 0 4 1 1
-5265.3 -1304.4 -19.2 175 0 7.1 6.5 7.5 2.5 2 0 3 0 0
-5260.6 -1359.1 -18.1 169 0 9.6 12.6 5.0 2.5 2 0 2 5 5
-5262.9 -879.4 -17.2 175 0 7.1 6.5 2.5 2.5 2 0 1 2 2
-5281.1 -961.5 -22.9 175 0 7.1 6.5 5.0 2.5 2 0 2 2 2
-5249.1 -1229.6 -17.2 174 0 17.8 10.8 2.5 2.5 2 0 1 4 4
-5251.8 -978.7 -21.6 175 0 7.1 6.5 7.5 2.5 2 0 3 5 5
-2283.5 4351.5 16.4 99 0 7.6 15.6 5.0 2.5 4 1 2 1 1
-1402.1 4532.2 15.2 93 0 6.3 10.1 7.5 2.5 2 1 3 1 1
-1623.0 4583.4 16.8 82 0 10.8 8.4 7.5 2.5 2 0 3 4 4
-1343.7 4583.2 15.0 100 0 6.9 10.2 5.0 2.5 2 1 2 5 5
-1432.5 4871.1 17.6 185 0 7.1 10.5 7.5 2.5 4 1 3 3 3
-1286.6 4898.2 18.6 0 0 14.2 16.4 7.5 2.5 2 1 3 3 3
-1286.0 4721.5 16.9 8 0 8.4 16.6 7.5 2.5 2 1 3 4 4
-1314.8 4800.1 17.9 90 0 11.7 11.8 7.5 2.5 2 1 3 2 2
-1481.0 4854.5 17.5 90 0 15.3 8.3 2.5 2.5 2 0 1 0 0
-5165.7 -1244.8 -19.2 356 0 15.4 12.8 2.5 2.5 2 0 1 3 3
-5207.5 -1304.8 -18.2 353 0 18.5 8.2 7.5 2.5 2 0 3 5 5
-5175.1 -1297.3 -18.8 266 0 12.8 15.4 5.0 2.5 2 0 2 0 0
-5189.8 -1135.9 -18.0 6 0 10.7 7.0 7.5 2.5 2 0 3 1 1
-5125.1 -1091.2 -19.0 60 0 13.5 15.6 7.5 2.5 2 0 3 1 1
-5203.0 -1195.6 -17.3 356 0 7.1 15.9 10.0 2.5 2 0 4 3 3
-5198.1 -1253.0 -18.7 356 0 13.0 8.1 10.0 2.5 2 0 4 2 2
-5021.9 -1046.2 -19.7 356 0 15.4 12.8 10.0 2.5 2 0 4 1 1
-5208.9 -930.9 -18.3 356 0 15.4 12.8 7.5 2.5 2 0 3 0 0
-5188.9 -1277.8 -18.9 356 0 8.3 15.9 7.5 2.5 2 0 3 2 2
-5056.4 -1248.5 -23.3 301 0 14.9 9.0 7.5 2.5 2 0 3 3 3
-5217.0 -1372.6 -16.7 86 0 9.0 9.4 2.5 2.5 2 0 1 1 1
-5117.5 -1361.7 -18.1 86 0 12.8 15.4 7.5 2.5 2 0 3 3 3
-5090.3 -1285.2 -20.6 118 0 11.4 11.4 7.5 2.5 2 0 3 2 2
-5173.6 -1127.8 -18.6 92 0 6.9 16.0 5.0 2.5 2 0 2 2 2
-5226.3 -1165.7 -17.3 176 0 18.6 12.0 2.5 2.5 2 0 1 2 2
-5206.8 -956.9 -19.5 356 0 15.4 12.8 5.0 2.5 2 0 2 4 4
-5201.5 -1002.9 -19.7 266 0 12.8 15.4 10.0 2.5 2 0 4 5 5
-5179.2 -1000.6 -18.8 266 0 12.8 15.4 2.5 2.5 2 0 1 4 4
-5216.2 -994.8 -20.6 356 0 15.4 12.8 7.5 2.5 2 0 3 0 0
-5102.3 -1062.1 -18.5 86 0 12.8 15.4 7.5 2.5 2 0 3 2 2
-5196.0 -1381.0 -16.4 350 0 6.6 19.3 5.0 2.5 2 0 2 5 5
-5193.3 -1172.1 -17.6 356 0 15.4 12.8 2.5 2.5 2 0 1 2 2
-5149.2 -988.8 -16.9 266 0 12.8 15.4 7.5 2.5 2 1 3 5 5
-5178.7 -1356.5 -17.0 86 0 12.8 15.4 10.0 2.5 2 1 4 1 1
6703.6 5287.4 -9.2 190 0 6.6 10.1 2.5 2.5 2 1 1 0 0
6586.8 5096.3 -10.3 111 0 16.1 10.1 5.0 2.5 2 0 2 5 5
6685.9 5285.0 -9.3 10 0 6.6 10.1 7.5 2.5 2 1 3 0 0
6742.0 5334.1 -8.5 280 0 10.1 6.6 7.5 2.5 2 0 3 3 3
6493.0 6024.5 -4.7 280 0 10.1 6.6 7.5 2.5 2 0 3 2 2
6526.5 5590.1 -2.7 191 0 6.7 10.5 10.0 2.5 2 1 4 1 1
6694.1 5345.3 -7.8 10 0 6.6 10.1 5.0 2.5 2 1 2 3 3
6439.3 5574.7 -2.3 190 0 6.6 10.1 10.0 0.0 0 1 4 5 5
6533.8 5708.3 -4.2 190 0 6.6 10.1 5.0 2.5 2 1 2 4 4
6504.1 5566.4 -2.3 10 0 6.6 10.1 7.5 2.5 2 1 3 5 5
6468.0 5279.7 -8.6 10 0 6.6 10.1 2.5 2.5 2 1 1 2 2
6432.8 5125.1 -9.3 270 0 11.2 24.8 7.5 2.5 2 1 3 5 5
6606.3 5291.8 -9.6 100 0 10.1 6.6 5.0 0.0 0 0 2 0 0
6434.9 5074.3 -10.4 185 0 26.1 7.1 7.5 2.5 2 0 3 5 5
6771.4 5163.8 -10.2 100 0 10.1 6.6 7.5 2.5 2 0 3 2 2
6651.0 5119.5 -11.5 280 0 10.1 6.6 7.5 2.5 2 0 3 2 2
6682.4 5166.2 -11.0 190 0 6.6 10.1 5.0 2.5 2 1 2 4 4
6907.8 5194.9 -12.0 10 0 6.6 10.1 7.5 2.5 2 1 3 1 1
6695.9 5244.8 -9.8 190 0 6.6 10.1 7.5 2.5 2 1 3 1 1
6457.4 5125.4 -9.6 274 0 9.9 24.9 5.0 2.5 2 1 2 1 1
6738.2 5424.0 -8.4 190 0 6.6 10.1 5.0 2.5 4 1 2 3 3
6587.5 5798.1 -6.0 100 0 10.1 6.6 5.0 2.5 2 0 2 1 1
6704.7 5484.2 -6.9 10 0 6.6 10.1 5.0 2.5 2 1 2 3 3
6442.5 6026.9 -3.2 280 0 10.1 6.6 7.5 2.5 2 0 3 5 5
6545.0 5421.0 -5.5 100 0 10.1 6.6 2.5 2.5 2 0 1 4 4
-4357.2 -6843.5 -21.9 67 0 15.2 7.7 5.0 2.5 2 0 2 2 2
-4310.2 -6845.3 -22.2 337 0 18.6 9.0 7.5 2.5 2 0 3 3 3
-4431.4 -6847.0 -21.3 321 0 8.7 11.2 7.5 2.5 2 1 3 5 5
-4351.0 -6658.0 -23.7 62 0 11.3 8.3 2.5 2.5 2 0 1 4 4
-4338.8 -6608.1 -25.4 147 0 6.6 7.6 7.5 2.5 2 1 3 3 3
-4377.0 -6609.7 -23.2 152 0 7.0 11.8 10.0 2.5 2 1 4 4 4
-4402.5 -6818.3 -21.6 247 0 9.0 18.6 5.0 0.0 0 1 2 5 5
-4371.8 -6629.0 -23.4 151 0 6.9 12.4 2.5 2.5 4 1 1 1 1
-4345.4 -6859.4 -22.0 247 0 9.0 18.6 5.0 2.5 2 1 2 1 1
-4351.2 -6603.7 -24.3 335 0 7.9 13.1 7.5 2.5 4 1 3 5 5
-4415.3 -6800.5 -21.6 67 0 15.2 7.7 10.0 2.5 2 0 4 4 4
-4361.9 -6588.6 -23.8 329 0 6.5 11.5 5.0 2.5 2 1 2 0 0
-4347.9 -6594.3 -25.0 151 0 8.0 9.4 7.5 0.0 0 1 3 4 4
-5912.0 6374.9 13.6 95 0 9.5 12.5 7.5 2.5 2 1 3 3 3
-6096.7 6140.9 9.3 36 0 10.1 16.8 7.5 2.5 2 1 3 4 4
-5360.7 6159.7 16.6 275 0 8.3 12.5 7.5 2.5 2 1 3 5 5
-6014.8 6409.2 13.1 95 0 9.5 12.5 7.5 2.5 2 1 3 2 2
-5997.2 6394.8 13.5 126 0 16.8 10.1 5.0 2.5 2 0 2 0 0
-6125.8 6467.5 12.9 126 0 16.8 10.1 7.5 2.5 2 0 3 4 4
-5393.3 6189.0 17.3 184 0 9.5 10.5 10.0 2.5 2 1 4 0 0
-6711.8 -5574.0 -19.1 90 0 7.0 7.1 7.5 2.5 2 1 3 0 0
-6829.3 -5281.4 -19.0 180 0 7.1 7.0 7.5 2.5 4 0 3 4 4
-6444.8 -5632.7 -21.8 0 0 7.1 7.0 5.0 2.5 2 0 2 4 4
-6563.8 -4889.0 -21.7 300 0 7.6 8.9 7.5 0.0 0 1 3 1 1
-6390.4 -4987.9 -22.2 296 0 9.5 12.4 2.5 2.5 4 1 1 4 4
-6351.4 -4886.6 -27.3 39 0 9.9 11.8 5.0 2.5 2 1 2 4 4
-6787.0 -5302.1 -18.6 0 0 7.1 7.0 7.5 2.5 2 0 3 1 1
-6344.2 -4867.7 -27.6 304 0 8.3 8.5 10.0 2.5 2 1 4 1 1
-6882.7 -5297.9 -19.3 0 0 7.1 7.0 7.5 2.5 2 0 3 2 2
-6286.7 -5070.7 -21.5 324 0 8.0 14.2 5.0 2.5 2 1 2 4 4
-6317.8 -5023.0 -22.1 293 0 8.9 19.9 7.5 2.5 2 1 3 3 3
-6643.7 -5222.3 -19.4 0 0 7.1 7.0 10.0 2.5 4 0 4 0 0
-6855.1 -5131.8 -19.2 270 0 7.0 7.1 2.5 2.5 2 1 1 5 5
-6865.1 -5315.1 -19.5 180 0 7.1 7.0 10.0 2.5 2 0 4 1 1
-6667.2 -5550.9 -19.6 90 0 7.0 7.1 7.5 2.5 2 1 3 5 5
-6855.1 -5373.6 -19.6 270 0 7.0 7.1 5.0 2.5 2 1 2 4 4
-6325.4 -4925.1 -25.9 308 0 6.2 12.0 7.5 2.5 2 1 3 3 3
-6254.6 -5097.7 -21.3 310 0 9.2 7.1 5.0 2.5 2 0 2 0 0
-6271.4 -5089.3 -21.2 315 0 8.3 12.5 10.0 2.5 2 1 4 4 4
-6821.0 -5376.0 -19.4 90 0 7.0 7.1 7.5 2.5 2 1 3 3 3
-6802.2 -5281.4 -18.7 0 0 7.1 7.1 7.5 2.5 2 0 3 0 0
-6878.0 -5377.7 -19.7 270 0 7.1 7.1 7.5 0.0 0 1 3 3 3
-6803.1 -5149.6 -19.0 270 0 11.1 7.7 7.5 2.5 4 0 3 1 1
-6324.0 -4899.6 -26.9 299 0 6.0 17.6 2.5 2.5 2 1 1 4 4
-6864.5 -5258.3 -18.9 180 0 7.1 7.0 7.5 0.0 0 0 3 3 3
-6412.4 -5616.0 -22.5 90 0 7.0 7.1 5.0 2.5 2 1 2 3 3
-6804.0 -5305.6 -18.9 90 0 7.0 7.1 7.5 2.5 2 1 3 4 4
-6487.0 -5613.8 -21.8 270 0 7.1 7.1 7.5 2.5 4 1 3 0 0
-6894.4 -5383.7 -20.4 270 0 7.0 7.1 2.5 2.5 4 1 1 4 4
-6413.6 -4874.1 -26.0 202 0 6.4 12.1 7.5 2.5 2 1 3 3 3
-6470.0 -5607.9 -22.2 270 0 7.0 7.1 10.0 2.5 2 1 4 5 5
-6738.8 -5516.1 -19.8 180 0 7.1 7.0 5.0 2.5 2 0 2 2 2
-6681.9 -5345.8 -18.7 270 0 7.0 7.1 7.5 2.5 4 1 3 5 5
-6643.7 -4885.9 -20.8 180 0 7.1 7.0 7.5 2.5 2 0 3 0 0
-6613.2 -4869.4 -21.6 270 0 7.0 7.1 10.0 0.0 0 1 4 3 3
-6577.4 -5548.6 -19.9 270 0 7.0 7.1 7.5 2.5 2 1 3 2 2
-6644.9 -4852.8 -21.6 270 0 7.0 7.1 5.0 2.5 2 1 2 0 0
-6866.2 -5330.5 -19.6 180 0 7.1 7.0 10.0 0.0 0 0 4 5 5
-6684.2 -5582.9 -19.0 270 0 7.0 7.1 5.0 2.5 2 1 2 1 1
-6398.3 -5028.4 -21.3 132 0 14.2 9.1 7.5 2.5 4 0 3 4 4
-6387.1 -4889.0 -26.1 215 0 10.5 31.3 7.5 2.5 2 1 3 0 0
-6808.7 -5335.2 -19.4 90 0 7.0 7.1 7.5 2.5 2 1 3 0 0
-6611.4 -5236.5 -19.9 0 0 7.1 7.1 10.0 2.5 4 0 4 3 3
-6833.4 -5348.8 -19.5 90 0 7.0 7.1 2.5 2.5 4 1 1 2 2
-6408.6 -4859.6 -26.7 201 0 8.2 13.0 5.0 2.5 2 1 2 5 5
-6864.5 -5289.7 -19.2 180 0 7.1 7.0 5.0 2.5 2 0 2 0 0
-6804.0 -5360.6 -19.2 270 0 7.0 7.1 7.5 2.5 2 1 3 4 4
-6882.1 -5318.0 -19.6 270 0 7.0 7.1 5.0 2.5 2 1 2 0 0
-6759.4 -5330.5 -18.4 0 0 7.1 7.0 10.0 2.5 2 0 4 0 0
-6280.0 -4959.2 -23.4 307 0 28.6 13.7 10.0 2.5 4 0 4 3 3
-6674.3 -4906.6 -19.7 180 0 7.1 7.0 5.0 2.5 2 0 2 0 0
-6905.6 -5408.5 -21.2 180 0 7.1 7.0 5.0 2.5 4 0 2 2 2
-6691.9 -5261.3 -18.8 90 0 7.0 7.1 7.5 2.5 2 1 3 3 3
-6885.0 -5357.1 -19.7 270 0 7.0 7.1 7.5 2.5 4 1 3 1 1
-6299.6 -5040.6 -21.9 300 0 8.0 17.7 10.0 2.5 2 1 4 1 1
-6838.7 -5365.3 -19.5 270 0 7.1 7.1 2.5 2.5 2 1 1 5 5
-6878.6 -4821.5 -20.0 0 0 7.1 7.0 10.0 2.5 2 0 4 5 5
-6644.9 -5336.4 -18.7 0 0 8.3 14.7 2.5 2.5 2 1 1 5 5
-6882.7 -5258.9 -19.2 0 0 7.1 7.0 7.5 0.0 0 0 3 3 3
-6323.3 -4952.7 -25.2 117 0 10.3 9.3 5.0 2.5 2 0 2 2 2
-5017.8 3769.7 12.5 8 0 8.9 8.1 10.0 2.5 2 0 4 3 3
-4862.8 3627.5 15.2 8 0 8.9 8.1 5.0 2.5 2 0 2 3 3
-5013.7 4052.2 6.5 8 0 8.9 8.1 5.0 0.0 0 0 2 3 3
-4822.2 3940.2 9.0 98 0 8.1 8.9 10.0 2.5 2 1 4 3 3
-5224.4 3631.6 12.3 98 0 8.1 8.9 7.5 2.5 2 1 3 0 0
-5023.3 3812.5 11.6 278 0 8.1 8.9 7.5 2.5 2 1 3 5 5
-5007.3 4022.1 6.6 8 0 8.9 8.1 5.0 2.5 2 0 2 5 5
-4938.5 3970.9 8.2 98 0 8.1 8.9 5.0 2.5 2 1 2 4 4
-4902.5 3591.6 16.1 188 0 8.9 8.1 5.0 2.5 2 0 2 1 1
-5122.3 3681.3 12.5 98 0 8.1 8.9 7.5 0.0 0 1 3 5 5
-4953.1 4056.0 7.8 278 0 8.1 8.9 7.5 0.0 0 1 3 2 2
-4930.7 3749.4 13.0 98 0 8.1 8.9 5.0 2.5 2 1 2 0 0
-1787.5 1382.0 8.2 0 0 9.5 10.6 7.5 2.5 2 1 3 1 1
-1395.2 1226.0 6.5 0 0 9.5 10.6 5.0 2.5 2 1 2 4 4
-1565.5 2097.3 13.1 180 0 9.5 10.6 7.5 2.5 2 1 3 3 3
-1539.1 1343.0 7.5 180 0 9.5 10.6 7.5 2.5 2 1 3 4 4
-1411.1 1256.1 6.9 270 0 10.6 9.5 7.5 2.5 2 0 3 1 1
-1333.0 1546.9 9.1 90 0 10.6 9.5 2.5 2.5 2 0 1 5 5
-1549.7 1285.1 6.2 180 0 9.5 10.6 5.0 2.5 2 1 2 1 1
-1538.5 1309.9 6.8 180 0 9.5 10.6 7.5 2.5 2 1 3 0 0
-1519.1 1280.3 6.4 90 0 10.6 9.5 5.0 2.5 2 0 2 0 0
-1850.9 1364.9 7.0 90 0 10.6 9.5 7.5 2.5 2 0 3 2 2
-1801.0 1402.1 8.4 270 0 10.6 9.5 2.5 2.5 2 0 1 3 3
-1855.6 1378.5 7.2 180 0 9.5 10.6 7.5 2.5 2 1 3 5 5
-1556.7 1923.5 13.4 180 0 9.5 10.6 7.5 2.5 2 1 3 5 5
-1478.6 1424.6 9.3 180 0 9.5 10.6 7.5 2.5 4 1 3 4 4
-5300.9 -677.2 -17.5 156 0 6.5 10.3 7.5 2.5 2 1 3 3 3
-5289.2 -694.6 -17.2 154 0 14.5 8.4 10.0 2.5 2 0 4 4 4
-5426.1 -500.5 -23.9 161 0 9.4 9.0 2.5 2.5 2 0 1 3 3
-5359.6 -595.6 -18.2 146 0 7.6 9.5 7.5 2.5 2 1 3 1 1
-1471.5 4727.8 18.6 176 0 6.8 8.8 7.5 2.5 2 1 3 1 1
-1423.2 4645.2 17.0 7 0 8.7 7.7 5.0 2.5 2 0 2 3 3
-1318.6 4663.9 16.4 86 0 7.3 9.3 7.5 2.5 2 1 3 2 2
-5215.5 -1003.4 -20.1 266 0 8.4 17.0 5.0 2.5 2 1 2 1 1
-5185.5 -1122.8 -18.7 84 0 6.1 8.3 2.5 0.0 0 1 1 2 2
6864.3 5162.0 -11.4 193 0 11.1 6.7 10.0 2.5 2 0 4 1 1
6811.0 5217.5 -9.8 17 0 9.6 9.4 10.0 2.5 2 0 4 5 5
6494.7 5277.6 -9.4 190 0 6.1 9.3 7.5 2.5 2 1 3 0 0
6731.0 5042.3 -10.4 13 0 6.3 10.4 2.5 2.5 2 1 1 0 0
-4382.4 -6841.6 -21.7 57 0 7.7 7.8 7.5 2.5 2 1 3 5 5
-4378.1 -6861.0 -21.8 56 0 12.3 9.0 7.5 2.5 2 0 3 3 3
-4375.1 -6746.0 -21.9 318 0 7.4 7.5 5.0 2.5 2 1 2 4 4
-4417.8 -6834.2 -21.5 240 0 8.1 6.2 7.5 2.5 2 0 3 0 0
-6224.4 5618.6 1.1 19 0 7.7 23.9 7.5 2.5 2 1 3 1 1
-6217.1 5867.6 -1.3 9 0 8.8 11.3 5.0 2.5 2 1 2 1 1
-6359.0 5806.4 -2.1 99 0 11.9 9.2 10.0 0.0 0 0 4 0 0
-6445.9 5762.0 -1.0 11 0 8.9 13.5 7.5 2.5 2 1 3 0 0
-6625.6 5901.8 -2.3 277 0 7.5 8.5 10.0 2.5 2 1 4 4 4
-6282.6 5629.1 1.0 108 0 18.6 8.5 2.5 2.5 2 0 1 0 0
-6534.0 5853.5 -3.1 16 0 8.2 8.6 5.0 2.5 2 1 2 3 3
-6304.2 5635.7 0.8 108 0 18.6 8.5 5.0 2.5 2 0 2 4 4
-6332.8 5650.9 0.7 198 0 8.5 18.6 5.0 2.5 2 1 2 5 5
-5970.5 6093.1 9.5 90 0 11.2 6.5 7.5 2.5 2 0 3 5 5
-5282.1 -43.7 -17.6 60 0 6.2 7.8 7.5 2.5 2 1 3 0 0
-5314.5 -5042.7 -19.8 342 0 8.7 49.3 12.5 2.5 2 1 5 1 1
-16.4 5313.1 5.4 282 0 13.6 12.7 5.0 2.5 2 0 2 5 5
9.8 5228.8 13.1 226 0 15.6 10.5 10.0 2.5 4 0 4 0 0
-0.0 5191.3 12.6 48 0 9.8 10.1 5.0 2.5 2 1 2 3 3
