6050.6 -5606.8 1.9 272 0 8.2 9.5 5.0 2.5 2 0 2 3 3
5992.0 -5543.0 -2.1 269 0 9.0 12.1 5.0 2.5 2 1 2 1 1
5876.4 -6681.2 -15.4 11 0 6.0 11.2 10.0 0.0 0 1 4 0 0
5883.4 -6630.4 -14.0 11 0 6.0 11.2 5.0 2.5 2 1 2 2 2
5629.1 -6304.9 -8.3 32 0 6.7 20.9 10.0 2.5 2 1 4 2 2
5887.5 -6468.9 -10.4 198 0 13.6 9.5 7.5 2.5 2 0 3 0 0
5883.2 -6536.2 -11.6 94 0 8.8 6.5 7.5 2.5 2 0 3 2 2
6016.5 -5890.0 -0.8 85 0 6.4 13.1 5.0 2.5 2 1 2 1 1
5976.1 -5835.1 -2.4 268 0 9.7 7.1 5.0 2.5 2 0 2 5 5
5804.7 -6648.1 -15.7 281 0 11.2 6.0 7.5 2.5 2 0 3 1 1
6355.8 -6086.4 7.6 82 0 10.5 8.7 10.0 2.5 4 0 4 5 5
5744.1 -6631.0 -14.6 101 0 11.2 6.0 7.5 2.5 4 0 3 0 0
6241.7 -6355.7 0.3 175 0 7.0 14.7 7.5 2.5 2 1 3 2 2
5930.0 -6482.4 -9.3 18 0 13.6 9.5 7.5 2.5 2 0 3 4 4
6143.4 -6257.7 1.2 85 0 9.6 9.2 7.5 2.5 4 0 3 3 3
6052.6 -6379.6 -3.6 85 0 6.4 13.1 5.0 2.5 2 1 2 4 4
5799.0 -6707.7 -17.1 114 0 11.2 16.1 7.5 2.5 2 1 3 5 5
6249.6 -6250.1 3.8 85 0 9.4 6.9 5.0 2.5 2 0 2 1 1
6006.5 -6374.0 -4.3 85 0 6.4 13.1 5.0 2.5 2 1 2 1 1
5960.1 -5938.9 -4.6 192 0 17.8 9.0 7.5 2.5 4 0 3 1 1
5707.5 -6596.8 -13.7 191 0 6.0 11.2 7.5 2.5 2 1 3 1 1
5701.8 -6464.4 -12.8 281 0 11.2 6.0 5.0 0.0 0 0 2 3 3
-3699.0 -5232.2 -15.3 271 0 9.3 11.5 5.0 2.5 2 1 2 0 0
-3767.0 -5278.2 -16.9 178 0 12.2 13.9 7.5 2.5 2 1 3 1 1
