2651.6 -4335.0 4.4 347 0 15.8 6.0 5.0 2.5 2 0 2 2 2
2678.0 -4411.3 5.9 349 0 6.0 17.5 5.0 2.5 2 0 2 1 1
3329.4 -6387.2 14.6 2 0 7.7 10.8 10.0 2.5 2 1 4 2 2
3349.7 -6473.6 13.2 92 0 10.8 7.7 7.5 2.5 2 0 3 1 1
2862.6 -6776.8 3.4 2 0 12.3 11.9 2.5 2.5 2 0 1 5 5
3314.9 -6573.8 6.9 175 0 14.2 11.0 7.5 2.5 2 0 3 4 4
3321.6 -6599.6 5.7 182 0 7.7 10.8 7.5 2.5 2 1 3 1 1
3329.8 -6663.4 4.4 92 0 10.8 7.7 5.0 2.5 2 0 2 3 3
3545.1 -6584.3 11.3 2 0 6.8 7.1 10.0 0.0 0 1 4 2 2
3027.2 -6351.1 19.2 272 0 19.1 7.3 5.0 2.5 2 0 2 2 2
3052.7 -6711.1 5.5 92 0 6.1 9.7 2.5 2.5 2 1 1 0 0
3375.3 -6654.4 5.8 2 0 7.7 10.8 5.0 2.5 2 1 2 4 4
3032.4 -6427.0 13.8 2 0 18.0 8.9 7.5 2.5 2 0 3 4 4
3296.1 -6437.4 13.7 182 0 15.0 6.5 7.5 2.5 4 0 3 5 5
3354.7 -6550.4 10.8 272 0 10.8 7.7 7.5 2.5 2 0 3 1 1
3606.4 -6543.3 13.6 182 0 6.5 15.3 7.5 2.5 2 1 3 5 5
3367.0 -6609.5 7.7 2 0 7.7 10.8 7.5 2.5 4 1 3 5 5
4122.1 -6716.6 7.7 92 0 15.9 14.2 5.0 2.5 2 0 2 3 3
3510.7 -6535.2 12.2 182 0 8.0 14.7 2.5 2.5 2 1 1 4 4
3038.9 -6370.1 18.0 2 0 10.1 16.7 7.5 2.5 4 1 3 3 3
3362.8 -6572.1 9.3 358 0 9.5 17.2 7.5 2.5 2 1 3 0 0
2862.8 -6852.7 0.6 272 0 12.0 9.3 7.5 2.5 2 0 3 2 2
3294.1 -6320.3 17.7 92 0 8.3 13.3 7.5 2.5 2 1 3 5 5
-3165.1 -185.4 -15.3 121 0 11.6 10.1 7.5 2.5 4 0 3 5 5
-2890.2 -541.9 -15.5 121 0 11.6 10.1 10.0 2.5 2 0 4 3 3
-2974.2 -900.8 -15.7 121 0 11.6 10.1 5.0 2.5 2 0 2 4 4
-3061.7 -665.5 -16.1 121 0 11.6 10.1 7.5 0.0 0 0 3 2 2
-2909.0 -184.2 -18.1 121 0 11.6 10.1 7.5 2.5 2 0 3 5 5
-2773.4 -984.9 -16.9 301 0 11.6 10.1 7.5 2.5 2 0 3 3 3
-2932.5 -675.6 -16.3 121 0 11.6 10.1 7.5 2.5 2 0 3 3 3
-2927.8 -255.1 -18.0 121 0 11.6 10.1 5.0 2.5 2 0 2 1 1
-2834.4 -492.8 -16.3 121 0 11.6 10.1 5.0 2.5 2 0 2 2 2
-3220.9 -720.5 -14.0 121 0 11.6 10.1 7.5 2.5 4 0 3 3 3
-2780.4 -70.1 -16.5 121 0 11.6 10.1 10.0 2.5 2 0 4 1 1
-2638.9 -228.9 -15.0 31 0 10.1 11.6 7.5 2.5 2 1 3 4 4
-1376.1 -1611.4 -15.9 357 0 8.0 14.6 5.0 0.0 0 1 2 3 3
-840.1 -1563.5 -13.0 291 0 7.4 10.1 5.0 0.0 0 1 2 1 1
-973.4 -1277.1 -10.0 357 0 18.9 11.7 5.0 2.5 2 0 2 1 1
-1068.6 -1488.0 -10.4 177 0 10.1 10.7 5.0 2.5 2 1 2 2 2
-943.5 -1403.4 -9.3 177 0 10.1 10.7 5.0 2.5 2 1 2 5 5
-1243.3 -1169.2 -13.5 87 0 10.7 10.1 5.0 2.5 2 0 2 1 1
-958.5 -1149.9 -9.6 357 0 8.0 25.8 7.5 2.5 2 1 3 3 3
-1158.7 -1411.4 -11.2 177 0 9.3 22.3 10.0 2.5 2 1 4 0 0
-1184.6 -1299.9 -11.8 267 0 10.7 10.1 5.0 2.5 2 0 2 4 4
-1289.1 -1795.4 -14.8 87 0 10.7 10.1 7.5 2.5 4 0 3 3 3
-1234.7 -1509.5 -12.6 87 0 20.2 12.4 10.0 2.5 2 0 4 3 3
-921.1 -1330.1 -9.8 177 0 10.1 10.7 5.0 2.5 2 1 2 4 4
-1430.1 -1865.2 -16.9 87 0 10.7 10.1 5.0 2.5 2 0 2 4 4
-1375.5 -1576.1 -15.3 267 0 10.7 10.1 7.5 2.5 2 0 3 1 1
-804.3 -1291.7 -11.9 177 0 10.1 10.7 2.5 2.5 2 1 1 3 3
-1203.6 -1859.3 -14.0 357 0 10.1 10.7 7.5 2.5 2 1 3 1 1
-918.5 -1112.4 -10.1 177 0 11.5 16.0 10.0 2.5 2 1 4 2 2
-997.2 -1819.7 -12.4 87 0 10.7 10.1 7.5 2.5 2 0 3 1 1
-1106.7 -1402.8 -11.1 357 0 10.1 10.7 10.0 2.5 4 1 4 2 2
-1273.1 -1526.9 -13.9 87 0 7.3 27.7 5.0 2.5 2 1 2 5 5
-1436.6 -1608.6 -19.1 267 0 10.7 10.1 7.5 2.5 2 0 3 0 0
-690.9 -1081.7 -10.1 87 0 8.3 18.3 10.0 2.5 2 1 4 3 3
-1084.4 -1952.7 -11.9 357 0 10.1 10.7 7.5 2.5 2 1 3 2 2
-919.8 -1241.8 -10.4 201 0 9.6 10.4 7.5 0.0 0 1 3 0 0
-655.3 -1110.1 -10.4 87 0 10.7 10.1 7.5 2.5 2 0 3 4 4
-1250.6 -1559.5 -13.9 267 0 29.3 7.7 7.5 2.5 2 0 3 5 5
-771.3 -1590.2 -15.2 357 0 10.1 10.7 5.0 2.5 4 1 2 1 1
-1140.8 -1667.1 -12.2 357 0 10.1 10.7 7.5 2.5 2 1 3 0 0
-951.7 -1470.2 -10.0 177 0 10.1 10.7 2.5 2.5 2 1 1 2 2
-888.9 -1587.5 -11.5 103 0 9.6 12.8 7.5 2.5 2 1 3 3 3
-1006.2 -1378.0 -8.6 173 0 32.7 11.0 12.5 2.5 2 0 5 5 5
-829.2 -1645.2 -13.5 288 0 12.8 21.1 7.5 2.5 2 1 3 4 4
-991.5 -1248.9 -10.3 177 0 15.1 14.4 5.0 2.5 2 0 2 4 4
-812.8 -1494.2 -11.8 101 0 12.6 11.2 2.5 2.5 2 0 1 0 0
-1222.7 -1816.1 -14.6 357 0 10.1 10.7 7.5 2.5 2 1 3 0 0
-679.1 -1003.1 -9.9 177 0 10.1 10.7 10.0 2.5 2 1 4 1 1
-1173.4 -1776.5 -13.6 267 0 10.7 10.1 2.5 2.5 2 0 1 4 4
-1421.9 -1929.1 -16.9 87 0 10.7 10.1 7.5 2.5 2 0 3 5 5
-1378.5 -1899.4 -16.0 357 0 8.0 14.6 7.5 2.5 2 1 3 5 5
-1098.2 -1220.1 -11.6 87 0 10.7 10.1 7.5 2.5 2 0 3 4 4
-1488.3 -1825.6 -20.2 191 0 9.0 6.5 10.0 2.5 2 0 4 1 1
-611.9 -1070.5 -10.6 267 0 10.7 10.1 5.0 2.5 2 0 2 3 3
-911.2 -1168.1 -10.1 177 0 10.1 10.7 10.0 0.0 0 1 4 1 1
-1008.4 -1305.5 -9.3 267 0 8.3 30.3 7.5 2.5 2 1 3 2 2
-1326.7 -1031.5 -11.6 87 0 10.7 10.1 5.0 2.5 2 0 2 2 2
-791.6 -1124.9 -9.7 87 0 10.7 10.1 7.5 2.5 2 0 3 0 0
-884.4 -1669.2 -11.4 109 0 10.8 23.2 7.5 2.5 2 1 3 1 1
-888.1 -1365.5 -9.6 87 0 10.7 10.1 2.5 2.5 2 0 1 1 1
-1099.5 -1377.2 -11.2 357 0 6.1 17.4 2.5 2.5 2 1 1 5 5
-929.5 -1224.4 -10.2 177 0 6.1 16.8 5.0 0.0 0 1 2 0 0
-903.2 -1058.1 -9.7 177 0 8.8 21.7 7.5 2.5 2 1 3 5 5
-1073.0 -1842.7 -13.6 87 0 10.7 10.1 7.5 2.5 2 0 3 3 3
-932.0 -1009.6 -9.1 267 0 10.7 10.1 7.5 2.5 2 0 3 1 1
-935.3 -1257.4 -10.3 177 0 10.1 10.7 7.5 2.5 2 1 3 5 5
-635.3 -1126.1 -10.6 87 0 10.7 10.1 5.0 2.5 2 0 2 4 4
-1365.2 -1781.2 -14.9 357 0 10.1 10.7 7.5 2.5 2 1 3 5 5
-968.7 -1888.2 -13.3 357 0 10.1 10.7 2.5 2.5 2 1 1 1 1
-1482.7 -1805.5 -20.2 177 0 10.1 10.7 5.0 0.0 0 1 2 3 3
-980.7 -1100.1 -9.0 267 0 10.7 10.1 7.5 2.5 2 0 3 1 1
-919.1 -1953.3 -16.4 87 0 10.7 10.1 7.5 2.5 2 0 3 4 4
-753.0 -1674.8 -16.9 279 0 11.9 12.5 2.5 2.5 2 1 1 2 2
-1257.7 -1866.4 -14.0 177 0 10.1 10.7 5.0 2.5 2 1 2 2 2
-1070.6 -1759.4 -11.4 87 0 10.7 10.1 7.5 2.5 2 0 3 3 3
-823.8 -1610.5 -13.7 107 0 7.1 9.9 7.5 2.5 2 1 3 3 3
-1048.2 -1619.1 -9.1 31 0 24.1 12.4 7.5 2.5 2 0 3 4 4
-1162.8 -1707.3 -12.9 87 0 10.7 10.1 5.0 0.0 0 0 2 5 5
-1361.6 -1639.3 -15.3 357 0 10.1 10.7 7.5 2.5 2 1 3 2 2
-1300.4 -1729.4 -14.5 87 0 14.6 8.0 10.0 2.5 2 0 4 2 2
-1202.1 -1545.8 -14.2 267 0 7.5 28.0 5.0 0.0 0 1 2 2 2
-1136.1 -1822.4 -14.3 177 0 10.1 10.7 2.5 2.5 4 1 1 2 2
-1411.9 -1681.9 -17.6 87 0 10.7 10.1 5.0 2.5 2 0 2 4 4
-1257.8 -1525.9 -13.5 87 0 8.0 35.7 12.5 2.5 2 1 5 3 3
-1498.2 -1856.9 -20.4 177 0 10.1 10.7 5.0 2.5 2 1 2 3 3
-4146.5 -4509.5 -22.5 280 0 8.3 13.2 7.5 2.5 4 1 3 0 0
-4210.0 -4300.2 -19.1 100 0 8.3 13.2 10.0 2.5 2 1 4 5 5
-3597.9 -3977.9 -14.9 100 0 8.3 13.2 5.0 2.5 2 1 2 3 3
-4312.2 -4711.1 -23.2 100 0 8.3 13.2 7.5 0.0 0 1 3 2 2
-3484.0 -4173.6 -18.8 100 0 8.3 13.2 7.5 2.5 2 1 3 1 1
-4401.5 -4869.1 -21.6 100 0 8.3 13.2 7.5 2.5 2 1 3 2 2
-4347.4 -4892.1 -23.0 280 0 8.3 13.2 7.5 2.5 2 1 3 2 2
-3753.6 -4275.9 -25.6 100 0 8.3 13.2 7.5 2.5 2 1 3 3 3
-3999.7 -4126.3 -24.4 100 0 8.3 13.2 5.0 2.5 2 1 2 0 0
-4405.0 -4712.9 -22.0 100 0 8.3 13.2 7.5 2.5 2 1 3 4 4
-4283.4 -4913.9 -24.5 100 0 8.3 13.2 10.0 2.5 2 1 4 1 1
-4117.2 -4265.3 -21.9 100 0 8.3 13.2 7.5 2.5 2 1 3 5 5
-4210.0 -4409.5 -19.8 100 0 8.3 13.2 7.5 2.5 4 1 3 1 1
-5839.1 -6343.1 -16.9 90 0 13.5 8.9 5.0 2.5 2 0 2 0 0
-5657.0 -6738.1 -19.6 184 0 7.7 15.4 7.5 2.5 4 1 3 2 2
-5578.0 -5895.0 -9.0 109 0 10.0 7.5 5.0 2.5 4 0 2 4 4
-5518.7 -5863.4 -8.5 86 0 13.0 9.5 7.5 0.0 0 0 3 4 4
-5672.8 -6456.7 -22.2 166 0 7.3 12.5 2.5 2.5 4 1 1 4 4
-5773.0 -6777.4 -19.4 184 0 7.7 15.4 5.0 2.5 2 1 2 5 5
-5565.4 -6165.1 -13.7 129 0 8.4 12.7 2.5 2.5 2 1 1 3 3
-5416.4 -5907.2 -10.1 101 0 8.5 12.6 5.0 2.5 2 1 2 2 2
-5912.8 -5887.8 -9.3 90 0 13.5 8.9 7.5 2.5 2 0 3 1 1
-5656.6 -5847.7 -8.2 120 0 13.8 9.5 10.0 2.5 2 0 4 1 1
-5516.5 -6689.3 -22.0 90 0 13.5 8.9 7.5 2.5 2 0 3 2 2
-5879.0 -5799.4 -9.3 90 0 13.5 8.9 5.0 2.5 2 0 2 1 1
-5423.4 -6780.8 -21.4 346 0 7.3 12.5 7.5 2.5 2 1 3 3 3
-5882.8 -6055.1 -8.6 90 0 13.5 8.9 2.5 2.5 2 0 1 4 4
-5976.9 -6186.4 -12.1 90 0 13.5 8.9 10.0 2.5 4 0 4 1 1
-5802.4 -6675.1 -21.1 184 0 7.7 15.4 2.5 2.5 2 1 1 3 3
-5568.8 -6265.1 -15.6 166 0 7.3 12.5 10.0 2.5 2 1 4 4 4
-5504.7 -6147.6 -13.8 278 0 8.0 8.9 7.5 2.5 2 1 3 5 5
650.5 -5931.9 5.1 265 0 14.2 8.8 7.5 2.5 2 0 3 5 5
410.7 -5927.7 -2.8 90 0 7.6 7.1 5.0 2.5 2 0 2 2 2
-521.6 5147.7 1.3 43 0 8.5 7.3 7.5 2.5 2 0 3 2 2
-429.7 5230.0 -0.9 301 0 7.7 9.0 7.5 2.5 2 1 3 3 3
-461.1 5194.7 -0.2 211 0 9.0 7.7 7.5 2.5 4 0 3 5 5
-608.7 5057.8 1.8 127 0 8.4 8.8 5.0 2.5 4 1 2 5 5
-364.7 5274.0 -2.8 31 0 9.0 7.7 7.5 2.5 2 0 3 5 5
-53.4 3699.3 -9.1 74 0 6.6 10.8 10.0 2.5 2 1 4 3 3
81.2 3568.9 -11.9 58 0 6.4 6.2 5.0 2.5 2 0 2 3 3
-77.5 3906.9 -7.9 327 0 12.0 7.5 7.5 2.5 4 0 3 1 1
115.2 3632.3 -12.3 245 0 10.8 8.5 7.5 2.5 2 0 3 5 5
5801.4 6712.1 9.7 207 0 6.6 6.3 7.5 2.5 2 0 3 2 2
5681.3 6544.2 5.7 90 0 9.4 9.5 2.5 2.5 2 1 1 1 1
5549.7 6187.1 4.9 75 0 9.1 6.7 10.0 0.0 0 0 4 1 1
5792.9 6666.4 7.7 220 0 10.9 12.4 5.0 2.5 2 1 2 5 5
5658.2 6319.5 3.8 122 0 6.8 17.8 5.0 2.5 4 1 2 4 4
5802.1 6527.1 5.5 177 0 10.7 8.8 5.0 2.5 2 0 2 3 3
5759.9 6559.5 5.7 193 0 9.6 16.3 7.5 2.5 2 1 3 1 1
5788.2 6316.8 4.0 183 0 10.1 8.4 7.5 2.5 4 0 3 4 4
5821.4 6574.8 6.1 191 0 6.0 11.1 7.5 2.5 2 1 3 5 5
5938.9 6456.6 6.3 42 0 7.1 6.7 2.5 2.5 4 0 1 0 0
5911.4 6419.9 5.2 16 0 9.5 7.3 5.0 2.5 2 0 2 4 4
5660.5 6376.6 4.0 264 0 6.7 16.6 5.0 2.5 2 1 2 0 0
397.7 -5299.5 -1.9 85 0 12.9 14.0 7.5 2.5 4 1 3 0 0
408.8 -5376.9 -1.6 90 0 7.0 15.4 7.5 2.5 2 1 3 5 5
571.5 -5495.9 1.9 84 0 14.2 8.5 10.0 2.5 2 0 4 0 0
545.9 -4972.0 -0.3 359 0 7.6 7.2 7.5 2.5 2 0 3 0 0
799.6 -5317.5 8.6 80 0 6.6 9.7 7.5 2.5 2 1 3 3 3
725.8 -5055.9 4.0 86 0 14.6 9.5 2.5 2.5 2 0 1 1 1
548.5 -5159.0 2.3 180 0 9.5 7.6 7.5 2.5 2 0 3 5 5
-2019.4 6497.4 -0.7 319 0 6.8 17.4 5.0 2.5 2 1 2 1 1
1898.4 -588.2 -14.5 204 0 13.7 7.1 7.5 2.5 2 0 3 0 0
1651.1 -757.1 -14.9 347 0 10.6 6.2 7.5 2.5 2 0 3 5 5
1582.7 -842.9 -14.9 252 0 46.9 12.5 7.5 2.5 2 0 3 1 1
1359.0 -171.6 -17.2 342 0 6.8 13.7 5.0 2.5 2 1 2 0 0
1594.4 -717.6 -14.2 356 0 8.3 12.9 7.5 2.5 2 1 3 1 1
1510.1 -879.1 -13.8 75 0 27.9 10.5 7.5 2.5 2 0 3 4 4
1584.1 -908.2 -14.8 249 0 42.0 17.8 10.0 2.5 2 0 4 3 3
1569.2 -478.4 -17.9 63 0 21.8 11.6 5.0 2.5 2 0 2 2 2
1836.7 -768.5 -14.2 115 0 12.9 11.4 7.5 2.5 2 0 3 0 0
1476.0 -828.0 -14.1 251 0 8.7 26.2 5.0 2.5 2 1 2 4 4
1767.1 -840.6 -15.2 205 0 9.8 11.4 7.5 0.0 0 1 3 5 5
1822.8 -725.1 -15.1 205 0 9.6 11.1 10.0 0.0 0 1 4 5 5
1904.7 -504.0 -15.1 25 0 8.0 6.1 7.5 2.5 2 0 3 4 4
1534.5 -956.4 -14.2 74 0 26.9 14.0 5.0 2.5 2 0 2 3 3
2030.8 -384.1 -15.0 24 0 13.7 7.1 7.5 2.5 2 0 3 5 5
1961.8 -464.0 -14.1 204 0 13.7 7.1 2.5 2.5 2 0 1 3 3
1950.7 -494.1 -14.2 204 0 13.7 7.1 2.5 2.5 2 0 1 0 0
1508.0 -841.3 -13.6 262 0 13.0 10.9 10.0 2.5 2 0 4 0 0
1388.9 -914.8 -14.7 80 0 10.4 6.6 7.5 2.5 2 0 3 4 4
1987.1 -420.2 -13.7 204 0 13.7 7.1 5.0 2.5 2 0 2 4 4
1463.1 -950.6 -13.7 153 0 10.6 19.7 5.0 2.5 2 1 2 3 3
1856.5 -595.6 -13.9 25 0 13.8 8.9 7.5 2.5 2 0 3 0 0
1745.0 -965.0 -15.4 263 0 6.4 17.0 5.0 2.5 2 1 2 0 0
2681.8 -42.0 -14.0 118 0 11.3 9.0 7.5 2.5 2 0 3 4 4
2540.4 -200.7 -14.8 253 0 11.3 6.2 2.5 2.5 2 0 1 5 5
2474.0 -228.9 -13.9 275 0 6.2 6.3 7.5 2.5 2 1 3 2 2
2600.7 -35.9 -17.5 43 0 11.7 12.1 7.5 2.5 2 1 3 4 4
2616.6 -142.1 -14.2 172 0 8.1 16.0 7.5 0.0 0 1 3 2 2
4947.4 480.0 -3.2 63 0 7.9 7.9 7.5 2.5 4 1 3 0 0
4500.4 405.5 -4.6 63 0 7.9 7.9 10.0 2.5 2 1 4 4 4
4980.9 768.5 -8.7 333 0 7.9 7.9 10.0 2.5 2 0 4 5 5
4794.1 488.3 -4.5 63 0 7.9 7.9 7.5 0.0 0 1 3 5 5
5148.9 399.0 0.1 243 0 7.9 7.9 5.0 0.0 0 1 2 3 3
5143.1 -16.1 1.9 63 0 7.9 7.9 10.0 2.5 2 1 4 1 1
4495.0 430.3 -5.0 243 0 7.9 7.9 7.5 2.5 2 1 3 0 0
5006.2 368.8 0.4 153 0 7.9 7.9 7.5 2.5 2 0 3 0 0
5117.8 311.5 1.7 63 0 7.9 7.9 7.5 2.5 2 1 3 4 4
5151.3 511.3 -3.0 63 0 7.9 7.9 2.5 2.5 2 1 1 1 1
4585.5 409.0 -5.5 63 0 7.9 7.9 7.5 2.5 4 1 3 1 1
4865.2 -32.7 -3.1 270 0 11.8 9.5 7.5 2.5 2 0 3 1 1
4983.8 743.1 -8.2 153 0 7.9 7.9 7.5 2.5 2 0 3 4 4
4864.0 514.3 -3.9 63 0 7.9 7.9 5.0 2.5 2 1 2 4 4
4449.2 411.4 -4.6 243 0 7.9 7.9 7.5 2.5 2 1 3 2 2
5253.5 135.8 0.6 63 0 7.9 7.9 7.5 2.5 2 1 3 2 2
4987.6 432.6 -2.6 9 0 7.2 9.2 7.5 2.5 2 1 3 2 2
4716.6 202.7 -1.7 63 0 7.9 7.9 5.0 2.5 2 1 2 3 3
4529.1 254.1 -0.7 63 0 7.9 7.9 5.0 2.5 2 1 2 0 0
5085.6 147.3 3.5 217 0 6.5 14.7 10.0 0.0 0 1 4 2 2
4302.9 318.5 -0.4 243 0 7.9 7.9 10.0 0.0 0 1 4 3 3
4304.7 312.0 -0.3 243 0 7.9 7.9 5.0 2.5 2 1 2 3 3
5196.5 361.7 0.3 333 0 7.9 7.9 7.5 2.5 2 0 3 4 4
4747.7 140.0 -2.7 63 0 7.9 7.9 5.0 2.5 2 1 2 1 1
-884.1 -1857.6 -16.6 207 0 8.3 6.3 5.0 2.5 2 0 2 5 5
-1352.6 -1483.9 -16.8 227 0 11.3 9.4 7.5 2.5 2 0 3 1 1
-860.0 -1324.5 -10.4 274 0 13.2 7.1 5.0 2.5 2 0 2 2 2
-807.3 -1628.5 -14.4 114 0 8.1 7.5 7.5 2.5 2 0 3 5 5
-895.4 -1466.0 -10.2 87 0 11.5 8.7 5.0 0.0 0 0 2 0 0
-869.3 -1920.9 -18.3 358 0 14.8 8.0 5.0 2.5 2 0 2 5 5
-1281.4 -1756.0 -15.0 273 0 10.3 12.4 5.0 0.0 0 1 2 5 5
-862.1 -1641.1 -12.0 300 0 11.6 7.7 7.5 2.5 2 0 3 0 0
-998.8 -1924.7 -13.0 200 0 9.0 17.5 10.0 0.0 0 1 4 0 0
-711.5 -1763.7 -20.6 38 0 6.2 8.9 5.0 2.5 2 1 2 3 3
-832.4 -1815.1 -16.7 22 0 7.0 6.1 10.0 2.5 2 0 4 3 3
-970.9 -1500.9 -9.8 181 0 8.4 13.2 7.5 2.5 2 1 3 3 3
-1045.5 -1341.8 -8.9 180 0 7.8 8.5 5.0 2.5 2 1 2 4 4
-1195.7 -1329.3 -12.0 43 0 6.8 9.9 7.5 0.0 0 1 3 3 3
-1419.8 -1527.7 -18.4 221 0 6.6 9.4 10.0 2.5 2 1 4 0 0
-969.1 -1512.7 -9.6 170 0 6.8 6.7 5.0 2.5 2 0 2 5 5
-1207.6 -1979.8 -14.2 17 0 6.1 16.9 2.5 2.5 2 1 1 0 0
6236.3 299.5 3.7 36 0 14.7 9.5 5.0 2.5 2 0 2 5 5
5982.3 28.5 -2.8 8 0 6.6 7.7 5.0 2.5 2 1 2 1 1
5963.7 -14.5 -3.5 29 0 6.1 14.3 7.5 2.5 2 1 3 0 0
5923.3 96.1 -0.9 90 0 13.2 8.9 10.0 2.5 2 0 4 3 3
5189.8 459.3 -2.2 156 0 9.4 15.9 7.5 2.5 2 1 3 3 3
5546.5 753.5 -2.8 58 0 7.3 9.3 7.5 2.5 2 1 3 5 5
5343.8 503.3 -1.0 69 0 9.1 10.7 2.5 2.5 2 1 1 2 2
5369.8 562.7 -0.7 87 0 6.5 11.5 10.0 2.5 2 1 4 4 4
5535.0 554.5 3.4 263 0 9.8 12.4 5.0 2.5 2 1 2 0 0
5413.8 506.9 0.4 154 0 6.9 11.3 7.5 2.5 4 1 3 4 4
5496.5 378.9 2.7 64 0 12.7 13.5 7.5 2.5 2 1 3 0 0
5713.9 411.9 6.2 328 0 8.0 10.6 7.5 2.5 4 1 3 1 1
5761.6 299.8 2.2 300 0 7.5 6.0 5.0 2.5 2 0 2 1 1
6179.3 413.0 3.3 153 0 17.2 9.9 5.0 2.5 2 0 2 5 5
5681.6 628.2 2.6 99 0 11.6 12.0 2.5 0.0 0 1 1 4 4
5699.8 627.5 2.1 89 0 13.8 26.7 10.0 2.5 2 1 4 3 3
6136.2 514.2 2.8 15 0 12.3 10.3 5.0 2.5 2 0 2 2 2
6137.1 474.8 3.2 13 0 18.9 9.1 10.0 2.5 2 0 4 0 0
6106.7 669.4 1.9 283 0 9.9 36.4 5.0 2.5 2 1 2 0 0
6172.0 667.8 0.6 272 0 9.4 26.4 5.0 2.5 2 1 2 5 5
6174.9 629.1 0.8 2 0 20.1 9.4 2.5 2.5 2 0 1 2 2
6109.9 598.1 2.0 101 0 26.9 10.6 7.5 2.5 2 0 3 4 4
6539.8 828.4 -4.0 48 0 17.4 12.7 5.0 2.5 2 0 2 4 4
4356.2 2452.7 -5.9 232 0 13.8 24.1 12.5 0.0 0 1 5 5 5
