-4226.0 4647.1 -2.3 94 0 6.3 7.7 5.0 2.5 2 1 2 0 0
-4329.3 4495.4 -2.4 131 0 9.2 7.1 7.5 2.5 2 0 3 4 4
-4809.5 4662.0 -4.1 294 0 29.4 11.8 7.5 2.5 2 0 3 5 5
-4376.4 4455.3 -2.2 279 0 8.4 7.2 7.5 2.5 2 0 3 0 0
-4388.9 4538.6 -3.1 301 0 7.5 6.9 7.5 2.5 2 0 3 0 0
-4826.9 4593.0 -5.2 115 0 7.1 31.9 2.5 2.5 2 1 1 5 5
-4454.3 4554.9 -2.5 275 0 7.7 9.5 5.0 2.5 2 1 2 1 1
-4212.8 4405.9 -2.9 195 0 9.2 6.7 7.5 2.5 4 0 3 3 3
-4522.4 4451.5 -2.2 119 0 7.9 7.4 5.0 2.5 2 0 2 0 0
-4346.7 4428.6 -2.5 90 0 11.1 8.3 7.5 2.5 2 0 3 0 0
-4285.8 4521.9 -2.0 11 0 9.6 8.2 10.0 0.0 0 0 4 1 1
-3515.8 3066.0 0.8 90 0 7.6 7.1 5.0 2.5 2 0 2 0 0
-3544.7 3330.1 -1.2 42 0 8.7 11.0 2.5 2.5 2 1 1 4 4
-3465.5 3220.8 0.6 291 0 6.7 9.8 7.5 2.5 2 0 3 1 1
-3384.9 3156.6 0.4 73 0 8.2 12.3 5.0 2.5 2 0 2 2 2
-3602.6 3527.2 -2.1 180 0 9.4 10.0 7.5 2.5 2 1 3 3 3
-3800.7 3388.3 -0.1 280 0 9.5 10.8 5.0 0.0 0 1 2 3 3
-3312.4 3093.1 0.5 0 0 6.5 10.6 7.5 2.5 4 1 3 4 4
-3820.4 3349.6 -0.2 90 0 10.0 6.5 2.5 2.5 2 0 1 0 0
-3328.0 3308.3 -1.8 115 0 13.7 19.5 12.5 2.5 4 1 5 0 0
-3398.2 3225.5 -0.2 215 0 7.2 12.1 7.5 2.5 2 1 3 3 3
-3577.4 3193.5 0.4 180 0 8.3 6.4 7.5 2.5 2 0 3 1 1
-3624.6 3460.2 -1.3 191 0 9.0 9.4 7.5 2.5 4 1 3 5 5
-3361.7 3147.2 0.5 48 0 12.5 7.1 10.0 2.5 2 0 4 3 3
-3388.8 3089.7 -0.5 238 0 7.3 7.7 5.0 2.5 2 1 2 0 0
-3508.9 3016.7 -0.3 105 0 7.1 6.7 7.5 0.0 0 0 3 2 2
-3569.5 3064.8 0.9 90 0 11.1 13.0 7.5 2.5 2 1 3 5 5
-3464.5 3127.9 1.1 26 0 6.9 7.2 7.5 2.5 2 1 3 1 1
-3511.2 3256.6 0.1 270 0 11.7 7.7 7.5 2.5 2 0 3 0 0
-3548.4 3097.9 1.1 199 0 9.3 11.0 5.0 2.5 2 1 2 1 1
-3515.0 3173.1 1.1 270 0 10.6 6.2 5.0 2.5 2 0 2 1 1
-3772.3 3356.6 -0.3 90 0 7.6 8.9 7.5 2.5 4 1 3 2 2
-3615.4 2959.6 -0.5 109 0 12.1 8.4 7.5 2.5 2 0 3 2 2
-3577.9 3508.8 -2.1 25 0 8.4 6.5 5.0 2.5 4 0 2 2 2
-3360.2 2977.3 -0.6 90 0 8.2 6.5 5.0 0.0 0 0 2 0 0
-3614.6 3394.3 -0.9 10 0 10.2 9.0 10.0 2.5 2 0 4 3 3
-3322.3 3173.9 -0.0 312 0 7.9 12.5 5.0 2.5 2 1 2 4 4
-3413.0 2971.0 -1.5 110 0 6.8 6.9 7.5 2.5 2 1 3 4 4
-3523.7 3129.4 1.4 196 0 8.6 11.8 5.0 2.5 2 1 2 1 1
-3348.9 3084.4 0.1 225 0 13.7 10.0 7.5 2.5 2 0 3 3 3
-3887.4 3393.3 -1.6 289 0 10.3 18.1 10.0 2.5 2 1 4 4 4
-3577.2 3227.5 0.2 219 0 8.4 7.7 5.0 2.5 2 0 2 0 0
-3482.4 3089.7 0.8 357 0 6.5 8.1 7.5 2.5 4 1 3 3 3
-3553.5 3153.0 0.9 198 0 7.5 6.3 7.5 2.5 2 0 3 5 5
-3240.6 3379.0 -1.4 105 0 9.2 6.7 7.5 2.5 2 0 3 3 3
-3444.3 3221.9 0.6 293 0 7.0 11.5 7.5 2.5 2 1 3 3 3
-3340.6 3139.9 0.6 61 0 6.7 12.1 2.5 2.5 2 1 1 4 4
-3458.7 2972.1 -2.3 124 0 6.4 14.7 7.5 2.5 2 1 3 5 5
-5501.3 2462.1 -2.5 105 0 11.2 13.4 10.0 2.5 2 1 4 1 1
-5517.6 2745.6 -4.1 280 0 6.7 7.2 7.5 2.5 2 1 3 4 4
-5290.4 2434.4 -2.7 10 0 7.2 6.7 10.0 2.5 4 0 4 1 1
-5566.3 2332.8 -4.3 285 0 11.2 13.4 7.5 2.5 2 1 3 4 4
-5621.4 2600.8 -4.5 105 0 11.2 13.5 10.0 2.5 2 1 4 2 2
-5480.1 2581.9 -2.4 100 0 6.7 7.2 7.5 2.5 2 1 3 2 2
-5348.4 2475.3 1.1 232 0 8.8 9.4 7.5 0.0 0 1 3 5 5
-5477.4 2327.3 -4.7 201 0 7.7 8.5 7.5 2.5 2 1 3 0 0
-5508.3 2671.6 -2.6 280 0 6.7 7.2 7.5 2.5 2 1 3 0 0
-5363.7 2587.8 -4.2 10 0 7.2 6.7 5.0 2.5 4 0 2 1 1
-5329.5 2313.4 -4.6 100 0 6.7 7.2 7.5 2.5 2 1 3 2 2
-5448.3 2506.6 -4.2 15 0 13.4 11.2 2.5 2.5 2 0 1 4 4
-5363.7 2548.9 -3.7 10 0 7.2 6.7 7.5 2.5 2 0 3 0 0
-5602.7 2424.9 -4.6 195 0 13.5 11.2 10.0 2.5 2 0 4 4 4
-5463.7 2265.0 -5.3 105 0 11.2 13.4 5.0 2.5 2 1 2 3 3
-5402.0 2364.6 -5.1 21 0 7.3 8.7 5.0 2.5 4 1 2 1 1
-5494.8 2537.0 -4.6 105 0 11.2 13.4 7.5 2.5 2 1 3 2 2
-5279.9 2400.7 -3.4 9 0 7.2 6.7 5.0 2.5 2 0 2 2 2
-5590.4 2281.5 -3.2 105 0 11.2 13.4 7.5 2.5 2 1 3 1 1
-5682.4 2851.6 -2.8 285 0 11.2 13.4 2.5 2.5 2 1 1 3 3
-5432.2 2316.0 -5.3 50 0 12.7 6.9 7.5 2.5 2 0 3 5 5
-5422.1 2473.3 -0.5 280 0 6.7 7.2 7.5 2.5 2 1 3 4 4
-5528.8 2599.0 -2.8 100 0 6.7 7.2 10.0 2.5 2 1 4 5 5
-5506.6 2503.7 -3.6 195 0 13.4 11.2 5.0 2.5 2 0 2 4 4
-5314.2 2388.9 -4.2 100 0 6.7 7.2 10.0 0.0 0 1 4 1 1
-5557.0 2695.1 -2.1 190 0 7.2 6.7 5.0 2.5 2 0 2 3 3
-5755.8 2764.5 -4.0 195 0 13.5 11.2 7.5 2.5 2 0 3 0 0
-5401.6 2547.6 -2.9 100 0 6.7 7.2 2.5 2.5 2 1 1 1 1
-5573.5 2560.9 -4.9 195 0 13.4 11.2 2.5 2.5 2 0 1 1 1
-5566.9 2751.3 -3.2 280 0 6.7 7.2 7.5 2.5 2 1 3 5 5
-5626.1 2810.3 -3.3 285 0 11.2 13.4 7.5 2.5 2 1 3 2 2
-5416.2 2580.7 -2.4 280 0 6.7 7.2 7.5 2.5 2 1 3 4 4
-5625.7 2300.1 -3.0 195 0 13.5 11.2 5.0 2.5 2 0 2 5 5
-5587.6 2640.0 -3.1 195 0 13.5 11.2 7.5 2.5 2 0 3 0 0
-5494.2 2584.2 -2.7 100 0 6.7 7.2 5.0 2.5 2 1 2 0 0
-5609.4 2769.0 -2.6 10 0 7.2 6.7 7.5 2.5 2 0 3 0 0
-5700.0 2840.4 -2.2 285 0 11.2 13.4 2.5 2.5 2 1 1 5 5
-5546.4 2551.8 -5.2 100 0 6.7 7.2 5.0 0.0 0 1 2 2 2
-5418.6 2424.5 -2.9 190 0 7.2 6.7 7.5 2.5 2 0 3 3 3
-2397.5 6810.3 -1.1 13 0 11.6 7.4 7.5 2.5 2 0 3 5 5
-2355.1 6770.0 -1.5 193 0 6.3 6.4 2.5 2.5 2 1 1 5 5
-2373.4 6808.1 -1.1 13 0 11.2 11.9 5.0 2.5 2 1 2 0 0
-2237.3 6875.7 -0.6 13 0 7.9 8.6 7.5 2.5 2 1 3 4 4
-2206.0 6858.7 -1.7 283 0 8.6 7.9 7.5 2.5 2 0 3 0 0
-2407.4 6875.9 -0.9 193 0 7.9 8.6 2.5 2.5 2 1 1 4 4
-2399.7 6775.4 -1.5 13 0 7.9 8.6 5.0 0.0 0 1 2 2 2
-2443.1 6781.4 -1.4 94 0 8.2 7.7 7.5 2.5 2 0 3 4 4
-1836.5 -8.4 1.7 214 0 8.5 10.7 7.5 2.5 2 1 3 4 4
-5379.5 4715.6 -3.9 199 0 6.5 11.8 5.0 2.5 2 1 2 5 5
-6083.9 4572.1 -5.6 0 0 11.8 9.4 7.5 2.5 2 0 3 0 0
-5556.3 4351.4 -4.2 17 0 7.1 8.5 7.5 2.5 4 1 3 2 2
-6090.2 4545.6 -5.2 306 0 7.6 8.0 5.0 2.5 4 1 2 2 2
-5581.3 4330.7 -4.1 90 0 7.6 7.4 5.0 2.5 2 0 2 4 4
-6019.9 4501.7 -5.5 277 0 12.1 10.1 7.5 2.5 2 0 3 1 1
3599.3 1908.2 -1.0 103 0 8.7 9.1 10.0 2.5 2 1 4 0 0
4318.5 1875.3 -1.6 283 0 8.7 9.1 7.5 2.5 2 1 3 5 5
3687.8 1806.1 -0.7 13 0 9.1 8.7 5.0 2.5 2 0 2 3 3
4348.0 1771.3 -1.4 13 0 9.1 8.7 7.5 2.5 2 0 3 2 2
4501.7 1644.5 -1.5 103 0 8.7 9.1 2.5 2.5 2 1 1 4 4
4522.8 1824.4 0.2 13 0 9.1 8.7 10.0 2.5 4 0 4 1 1
4310.9 1742.0 -1.8 193 0 9.1 8.7 2.5 2.5 2 0 1 3 3
4335.7 1672.1 -1.8 13 0 9.1 8.7 10.0 2.5 2 0 4 4 4
3671.1 1870.1 -0.1 13 0 9.1 8.7 7.5 2.5 2 0 3 5 5
4558.0 1740.0 -2.4 13 0 9.1 8.7 5.0 2.5 2 0 2 4 4
3621.4 1846.2 -1.2 199 0 9.1 12.7 7.5 2.5 2 1 3 4 4
4342.2 1767.7 -1.5 13 0 9.1 8.7 5.0 2.5 2 0 2 5 5
4042.0 1846.9 -1.3 103 0 8.7 9.1 10.0 2.5 2 1 4 3 3
4037.3 1822.6 -1.3 13 0 9.1 8.7 7.5 2.5 2 0 3 4 4
4567.3 1750.6 -2.3 13 0 9.1 8.7 7.5 2.5 2 0 3 4 4
4348.6 1659.2 -1.8 13 0 9.1 8.7 7.5 0.0 0 0 3 3 3
3700.4 1884.3 0.6 13 0 9.1 8.7 7.5 2.5 2 0 3 5 5
4217.7 1877.1 -2.2 193 0 9.1 8.7 7.5 2.5 4 0 3 2 2
4366.6 1871.1 -1.3 283 0 8.7 9.1 5.0 2.5 4 1 2 4 4
4004.2 1927.9 -2.0 193 0 9.1 8.7 2.5 2.5 2 0 1 5 5
4543.9 1718.8 -2.2 13 0 9.1 8.7 7.5 0.0 0 0 3 4 4
4479.9 1789.0 -0.9 104 0 8.7 20.0 5.0 2.5 4 1 2 4 4
4294.5 1682.4 -1.7 193 0 9.1 8.7 5.0 2.5 2 0 2 5 5
4435.4 1775.5 -1.5 103 0 8.7 9.1 2.5 2.5 2 1 1 5 5
3678.7 1881.1 0.2 13 0 9.1 8.7 7.5 2.5 2 0 3 5 5
4380.6 1854.0 -0.9 283 0 8.7 9.1 7.5 2.5 2 1 3 5 5
4329.7 1845.3 -1.1 193 0 9.1 8.7 7.5 2.5 4 0 3 3 3
3636.9 1906.9 -0.4 193 0 9.1 8.7 2.5 2.5 4 0 1 0 0
3656.9 1944.6 0.7 198 0 6.7 11.7 7.5 2.5 2 1 3 4 4
3673.5 1920.2 0.7 193 0 9.1 8.7 10.0 2.5 2 0 4 2 2
-6209.6 45.1 -5.3 283 0 8.4 8.0 5.0 2.5 2 0 2 1 1
-6137.8 3.6 -6.4 13 0 8.0 8.4 5.0 0.0 0 1 2 4 4
-6144.8 773.3 -5.8 193 0 8.0 8.4 7.5 2.5 4 1 3 2 2
-6220.2 145.2 -5.6 103 0 8.4 8.0 7.5 2.5 2 0 3 4 4
-6428.3 539.5 -4.8 103 0 8.4 8.0 10.0 0.0 0 0 4 3 3
-6421.8 575.6 -4.8 283 0 8.4 8.0 7.5 2.5 2 0 3 5 5
-6261.2 742.6 -1.6 283 0 8.4 8.0 5.0 2.5 2 0 2 4 4
-6118.8 714.1 -5.3 94 0 13.4 17.2 5.0 2.5 2 1 2 1 1
-6253.3 621.6 -2.7 193 0 8.0 8.4 2.5 2.5 2 1 1 1 1
-6141.9 -7.6 -6.2 13 0 8.0 8.4 10.0 0.0 0 1 4 2 2
-6251.5 961.6 -4.7 193 0 8.0 8.4 5.0 2.5 2 1 2 4 4
-6122.6 54.4 -6.0 13 0 8.0 8.4 5.0 2.5 4 1 2 0 0
-6310.5 669.9 -2.0 103 0 8.4 8.0 5.0 2.5 2 0 2 2 2
-6153.4 -39.5 -5.7 103 0 8.4 8.0 7.5 2.5 4 0 3 0 0
-6171.2 760.3 -5.1 193 0 8.0 8.4 5.0 2.5 2 1 2 4 4
-6319.5 748.5 -2.9 193 0 8.0 8.4 7.5 2.5 2 1 3 2 2
-6246.2 897.3 -4.3 193 0 8.0 8.4 7.5 2.5 4 1 3 4 4
-6212.5 697.2 -3.5 283 0 8.4 8.0 7.5 2.5 2 0 3 4 4
-6383.2 514.7 -5.4 103 0 8.4 8.0 10.0 2.5 4 0 4 1 1
-6474.9 604.4 -4.2 103 0 8.4 8.0 2.5 2.5 4 0 1 1 1
-6484.2 546.1 -6.3 193 0 8.0 8.4 5.0 2.5 2 1 2 1 1
-6154.5 670.6 -5.1 283 0 8.4 8.0 5.0 2.5 2 0 2 0 0
-6134.9 26.0 -6.5 13 0 8.0 8.4 7.5 2.5 2 1 3 1 1
5365.2 2836.8 -2.2 191 0 12.0 15.2 5.0 2.5 2 1 2 1 1
5183.6 2725.8 -2.9 11 0 12.0 15.2 10.0 2.5 2 1 4 2 2
5332.1 2735.6 -2.7 101 0 15.2 12.0 7.5 2.5 4 0 3 1 1
4749.1 2472.7 -0.0 11 0 12.0 15.2 7.5 2.5 2 1 3 3 3
5057.7 2684.9 -2.1 101 0 15.2 12.0 10.0 2.5 2 0 4 3 3
5359.5 2652.1 -3.9 11 0 12.0 15.2 7.5 0.0 0 1 3 4 4
5422.3 2479.8 -5.0 11 0 12.0 15.2 5.0 0.0 0 1 2 4 4
5160.3 2354.4 -2.7 101 0 15.2 12.0 7.5 2.5 2 0 3 0 0
5194.2 2866.9 -3.3 11 0 12.0 15.2 2.5 2.5 2 1 1 3 3
5369.8 2812.6 -2.5 191 0 12.0 15.2 7.5 2.5 2 1 3 4 4
4919.9 2708.5 -1.6 101 0 15.2 12.0 10.0 2.5 2 0 4 5 5
5382.0 1933.0 -0.8 101 0 15.2 12.0 2.5 2.5 2 0 1 0 0
5456.3 2702.2 -4.9 281 0 15.2 12.0 7.5 0.0 0 0 3 4 4
4861.9 2732.1 -1.3 281 0 15.2 12.0 5.0 2.5 2 0 2 3 3
5372.4 2689.8 -3.8 11 0 12.0 15.2 7.5 2.5 2 1 3 1 1
5062.4 2723.2 -2.1 281 0 15.2 12.0 10.0 2.5 2 0 4 3 3
5377.8 2516.7 -3.9 175 0 6.2 7.9 5.0 2.5 2 1 2 5 5
4880.1 2469.4 -0.9 281 0 15.2 12.0 5.0 0.0 0 0 2 0 0
5200.6 2691.0 -3.6 11 0 12.0 15.2 10.0 2.5 2 1 4 3 3
5115.4 2845.7 -2.0 191 0 12.0 15.2 7.5 2.5 2 1 3 3 3
5456.4 2615.8 -5.3 101 0 15.2 12.0 7.5 2.5 2 0 3 0 0
5409.4 2531.1 -3.9 11 0 12.0 15.2 5.0 2.5 2 1 2 5 5
4656.6 2722.0 -0.5 281 0 15.2 12.0 5.0 2.5 2 0 2 3 3
5151.0 2768.1 -2.2 281 0 15.2 12.0 5.0 2.5 2 0 2 1 1
5325.9 2655.1 -3.9 191 0 12.0 15.2 7.5 0.0 0 1 3 5 5
5144.1 2864.0 -2.7 191 0 12.0 15.2 7.5 0.0 0 1 3 1 1
5374.5 2782.5 -3.0 191 0 12.0 15.2 5.0 2.5 2 1 2 2 2
4754.4 2558.8 0.2 11 0 12.0 15.2 7.5 2.5 2 1 3 4 4
5351.3 2620.8 -3.4 11 0 12.0 15.2 5.0 2.5 2 1 2 5 5
4566.9 2539.7 -0.6 101 0 15.2 12.0 7.5 2.5 2 0 3 1 1
5356.2 1926.5 -0.4 101 0 15.2 12.0 7.5 2.5 2 0 3 4 4
5115.9 2859.3 -2.1 191 0 12.0 15.2 7.5 2.5 2 1 3 4 4
5335.5 2853.3 -2.4 11 0 12.0 15.2 2.5 2.5 2 1 1 1 1
5130.6 2883.5 -2.5 191 0 12.0 15.2 5.0 2.5 2 1 2 2 2
1511.9 4594.8 0.3 218 0 6.7 8.8 7.5 2.5 2 1 3 5 5
1722.4 4558.2 0.7 218 0 6.7 8.8 5.0 2.5 2 1 2 5 5
1499.5 4637.2 1.0 38 0 6.7 8.8 7.5 2.5 2 1 3 4 4
1747.0 4599.5 0.6 218 0 6.7 8.8 2.5 2.5 2 1 1 2 2
1643.3 4528.7 0.2 218 0 6.7 8.8 7.5 2.5 2 1 3 5 5
1523.5 4679.7 1.4 38 0 6.7 8.8 7.5 2.5 2 1 3 1 1
568.1 2850.1 -1.1 18 0 8.6 7.4 7.5 2.5 4 0 3 4 4
400.4 2630.6 -2.4 18 0 8.6 7.4 7.5 2.5 2 0 3 1 1
273.4 2544.9 -2.8 288 0 7.4 8.6 10.0 2.5 2 1 4 5 5
409.2 2424.6 -1.5 18 0 8.6 7.4 5.0 2.5 4 0 2 4 4
269.9 2509.5 -2.5 18 0 8.6 7.4 2.5 2.5 2 0 1 0 0
-1369.1 1356.8 -1.6 18 0 8.7 7.2 2.5 2.5 2 0 1 2 2
-4788.4 868.0 -2.6 113 0 8.6 7.5 5.0 2.5 2 0 2 0 0
-4736.8 865.7 -3.4 293 0 6.7 6.0 7.5 2.5 2 0 3 2 2
-1801.9 -283.6 -1.8 0 0 8.9 7.0 5.0 2.5 2 0 2 3 3
-1807.2 -63.8 1.7 270 0 7.0 8.9 5.0 2.5 2 1 2 5 5
-1886.3 -33.1 0.2 270 0 7.0 8.9 2.5 0.0 0 1 1 0 0
-1897.5 -956.7 -6.2 180 0 8.9 7.0 5.0 2.5 2 0 2 1 1
-1931.8 -430.0 -3.3 90 0 8.8 8.3 5.0 2.5 2 0 2 5 5
-1893.4 -175.9 -0.4 90 0 7.0 8.8 2.5 0.0 0 1 1 4 4
-1916.2 -252.4 -3.0 180 0 8.9 7.0 7.5 2.5 2 0 3 4 4
-1781.4 -85.3 1.4 0 0 8.8 7.0 7.5 0.0 0 0 3 3 3
-1718.1 -260.6 -0.2 180 0 8.9 7.0 7.5 2.5 4 0 3 2 2
-1773.8 -196.9 -0.1 0 0 8.9 7.0 10.0 2.5 2 0 4 0 0
-1825.9 -335.3 -3.2 90 0 7.0 8.8 10.0 2.5 2 1 4 4 4
-1879.3 -107.8 0.8 180 0 8.9 7.0 7.5 0.0 0 0 3 1 1
-1838.8 -67.3 2.7 270 0 7.0 8.9 5.0 0.0 0 1 2 3 3
-1783.1 -178.3 -0.3 0 0 34.8 11.7 15.0 0.0 0 0 6 4 4
-1902.1 -644.5 -3.2 90 0 7.0 8.9 7.5 2.5 2 1 3 2 2
-1940.8 -117.2 -1.4 180 0 8.9 7.0 7.5 2.5 2 0 3 4 4
-1857.6 -545.7 -5.1 180 0 14.2 8.2 7.5 2.5 2 0 3 5 5
-1962.2 -742.5 -3.1 90 0 7.0 8.9 2.5 2.5 2 1 1 1 1
-1663.5 -201.0 -0.5 0 0 8.9 7.0 7.5 2.5 2 0 3 3 3
-1896.3 -130.8 -0.6 180 0 8.9 7.0 5.0 2.5 2 0 2 5 5
-1820.7 -204.8 -0.2 90 0 7.0 8.9 7.5 2.5 2 1 3 2 2
-2010.6 -609.1 -1.6 270 0 7.0 8.9 7.5 2.5 2 1 3 0 0
-1914.5 -121.3 -1.2 180 0 8.9 7.0 7.5 2.5 2 0 3 4 4
-1849.4 -148.2 0.7 90 0 7.0 8.9 5.0 2.5 2 1 2 3 3
-1740.0 -761.7 -4.8 329 0 9.0 13.0 5.0 2.5 2 1 2 4 4
-1805.4 -186.3 -0.2 0 0 8.8 7.0 2.5 2.5 2 0 1 3 3
-1846.5 -92.4 2.1 270 0 21.1 18.3 7.5 2.5 2 0 3 2 2
-1791.9 -145.5 -0.2 0 0 8.9 7.0 10.0 0.0 0 0 4 3 3
-1784.8 -805.9 -4.9 248 0 12.0 6.9 5.0 2.5 2 0 2 5 5
-1784.3 -856.7 -5.9 90 0 7.0 8.9 7.5 2.5 2 1 3 0 0
-2018.2 -266.2 -3.9 90 0 7.0 8.9 5.0 2.5 2 1 2 1 1
-1738.0 -107.2 0.7 0 0 8.9 7.0 5.0 2.5 2 0 2 0 0
-1692.8 -175.6 -0.2 180 0 8.9 7.0 7.5 0.0 0 0 3 4 4
-1858.8 -174.7 -0.2 90 0 7.0 8.9 7.5 2.5 2 1 3 3 3
-1828.3 -213.4 -0.5 180 0 8.9 7.0 5.0 2.5 2 0 2 3 3
-1782.0 -50.8 0.8 270 0 7.0 8.8 7.5 2.5 2 1 3 0 0
-1719.8 -133.7 -0.4 180 0 8.9 7.0 5.0 0.0 0 0 2 5 5
-1959.0 -343.5 -3.6 90 0 7.0 8.8 5.0 2.5 2 1 2 5 5
-1831.8 -263.6 -1.6 180 0 8.9 7.0 7.5 2.5 2 0 3 1 1
-2019.4 -838.7 -5.0 90 0 7.0 8.9 7.5 2.5 2 1 3 1 1
-1816.0 -304.3 -2.5 0 0 8.8 7.0 5.0 2.5 2 0 2 4 4
-1846.5 -710.9 -3.3 180 0 8.9 7.0 10.0 2.5 2 0 4 2 2
-1840.6 -915.4 -6.8 0 0 8.9 7.0 2.5 2.5 2 0 1 4 4
-1902.1 -222.8 -2.1 0 0 8.8 7.0 10.0 0.0 0 0 4 2 2
-1961.4 -149.1 -0.9 180 0 8.9 7.0 7.5 2.5 2 0 3 0 0
-1903.9 -84.7 -0.2 180 0 8.9 7.0 5.0 2.5 2 0 2 2 2
-1753.8 -62.3 0.3 0 0 8.8 7.0 5.0 2.5 2 0 2 1 1
-1721.6 -117.2 -0.0 180 0 8.9 7.0 10.0 2.5 2 0 4 2 2
-5625.2 2742.1 -1.9 100 0 10.1 7.7 7.5 2.5 2 0 3 3 3
-5648.1 2757.3 -2.0 100 0 8.3 7.4 7.5 2.5 2 0 3 4 4
-5460.6 2569.7 -2.0 102 0 6.8 9.9 5.0 2.5 2 1 2 1 1
-5367.8 2461.5 0.0 233 0 8.8 7.6 5.0 2.5 2 0 2 1 1
-5561.3 2267.6 -4.0 127 0 23.1 29.9 10.0 0.0 0 1 4 4 4
4699.8 2516.9 0.2 177 0 6.8 7.2 5.0 2.5 2 1 2 2 2
5333.2 2596.1 -2.9 88 0 6.7 7.1 10.0 2.5 2 1 4 4 4
4585.9 2766.2 -1.5 191 0 7.3 8.6 7.5 2.5 2 1 3 2 2
4752.7 2746.0 -0.9 101 0 8.4 7.4 7.5 2.5 2 0 3 5 5
-1318.4 1890.9 -1.8 123 0 11.7 10.0 7.5 2.5 4 0 3 0 0
-4426.0 4520.3 -2.5 106 0 8.1 11.5 7.5 2.5 2 1 3 0 0
-4406.5 4516.4 -2.7 112 0 14.4 11.3 7.5 2.5 2 0 3 1 1
-3325.1 2967.9 -0.1 92 0 9.8 7.5 7.5 2.5 2 0 3 3 3
1886.5 -262.8 -6.6 292 0 8.7 8.1 7.5 2.5 2 0 3 1 1
1873.7 -258.7 -6.5 292 0 8.7 8.1 5.0 2.5 2 0 2 0 0
1903.2 -233.8 -7.2 99 0 6.9 8.6 5.0 2.5 2 1 2 0 0
1932.3 -227.6 -7.6 108 0 8.7 8.1 7.5 2.5 2 0 3 5 5
1889.0 -212.2 -7.1 108 0 8.1 7.9 10.0 2.5 2 0 4 4 4
1912.2 -186.7 -7.5 15 0 8.5 6.9 5.0 2.5 2 0 2 3 3
1905.4 -160.5 -7.4 18 0 8.1 8.7 7.5 2.5 2 1 3 4 4
1876.4 -172.7 -7.1 108 0 8.7 8.1 7.5 2.5 2 0 3 3 3
1894.8 -126.3 -6.3 19 0 8.1 11.4 5.0 2.5 2 1 2 3 3
1919.5 -139.3 -6.6 18 0 8.1 8.7 7.5 2.5 2 1 3 0 0
1857.7 -145.8 -7.0 198 0 8.1 8.7 10.0 2.5 2 1 4 0 0
1840.4 -195.6 -6.4 108 0 8.7 8.1 10.0 2.5 2 0 4 0 0
1826.2 -239.8 -6.0 288 0 8.7 8.1 5.0 2.5 2 0 2 3 3
1822.3 -268.5 -5.8 108 0 8.7 8.1 7.5 2.5 2 0 3 4 4
1812.1 -205.1 -6.0 108 0 8.7 8.1 10.0 2.5 4 0 4 1 1
1791.2 -173.2 -5.5 196 0 6.3 8.8 7.5 2.5 2 1 3 0 0
1771.0 -187.4 -4.9 18 0 8.1 8.7 5.0 2.5 2 1 2 0 0
1775.8 -255.5 -5.3 108 0 8.7 8.1 5.0 2.5 2 0 2 5 5
1813.6 -332.3 -5.8 186 0 8.1 8.7 7.5 2.5 2 1 3 1 1
1867.9 -98.1 -5.6 200 0 6.6 11.6 10.0 0.0 0 1 4 4 4
1901.7 -68.9 -5.5 288 0 8.7 8.1 7.5 2.5 4 0 3 2 2
1886.8 11.4 -6.0 281 0 7.9 9.0 10.0 0.0 0 1 4 0 0
1853.4 17.8 -5.4 289 0 8.8 8.1 5.0 0.0 0 0 2 0 0
1827.3 -5.0 -5.2 108 0 8.7 8.1 5.0 0.0 0 0 2 0 0
1818.3 -35.2 -5.8 108 0 8.7 8.1 2.5 2.5 2 0 1 3 3
1810.9 37.9 -4.6 289 0 9.0 9.3 10.0 2.5 2 1 4 4 4
1778.9 49.8 -4.0 288 0 8.7 8.1 5.0 2.5 2 0 2 0 0
1788.9 -47.4 -5.5 106 0 6.8 7.8 7.5 2.5 2 1 3 4 4
1835.6 29.7 -5.1 270 0 6.8 8.5 2.5 2.5 2 1 1 5 5
1747.5 32.9 -3.8 292 0 7.3 8.0 10.0 2.5 2 1 4 2 2
1724.6 -18.4 -3.9 108 0 8.7 8.1 2.5 2.5 2 0 1 0 0
1737.1 -50.2 -4.9 288 0 8.7 8.1 5.0 2.5 2 0 2 2 2
1692.9 44.9 -4.9 288 0 8.7 8.1 7.5 2.5 2 0 3 5 5
1746.5 -107.9 -5.5 18 0 8.1 8.7 7.5 2.5 2 1 3 4 4
1725.8 -156.9 -4.6 108 0 8.7 8.1 10.0 0.0 0 0 4 0 0
1738.0 -210.2 -4.8 289 0 7.3 9.6 5.0 2.5 2 1 2 5 5
1710.8 -203.9 -4.2 288 0 8.7 8.1 7.5 2.5 2 0 3 2 2
1754.5 -234.8 -5.1 18 0 8.1 8.7 10.0 2.5 2 1 4 0 0
1664.0 -281.8 -4.0 189 0 11.2 8.3 7.5 2.5 2 0 3 3 3
1679.1 -125.6 -3.8 202 0 11.2 8.3 5.0 2.5 2 0 2 3 3
1677.3 -313.4 -3.9 9 0 11.2 8.3 5.0 2.5 2 0 2 1 1
1706.8 -234.0 -4.5 99 0 8.3 11.2 5.0 0.0 0 1 2 5 5
1766.6 -264.8 -5.1 275 0 12.4 7.7 5.0 0.0 0 0 2 4 4
1690.5 -805.3 -3.2 60 0 61.7 8.5 7.5 2.5 2 0 3 1 1
1716.3 -480.6 -4.8 157 0 7.2 9.3 5.0 2.5 2 1 2 4 4
1617.2 -350.7 -3.5 253 0 10.8 7.8 5.0 2.5 2 0 2 3 3
1522.9 -401.4 -4.1 343 0 7.5 10.8 7.5 2.5 2 1 3 5 5
1466.7 -456.3 -2.2 253 0 10.8 7.4 2.5 2.5 4 0 1 3 3
1485.9 -482.5 -2.7 66 0 8.0 8.5 2.5 2.5 2 1 1 5 5
1460.1 -372.1 -3.9 66 0 8.0 8.5 10.0 2.5 2 1 4 1 1
1458.4 -393.1 -3.7 246 0 8.0 8.5 5.0 2.5 2 1 2 0 0
1439.7 -401.4 -4.1 246 0 8.0 8.5 7.5 2.5 2 1 3 5 5
1453.8 -435.3 -3.3 66 0 8.0 8.5 7.5 2.5 2 1 3 2 2
1515.6 -462.4 -3.2 66 0 8.0 8.5 5.0 2.5 2 1 2 1 1
1532.7 -364.0 -3.7 66 0 8.0 8.5 5.0 2.5 4 1 2 5 5
1513.0 -345.5 -4.0 154 0 8.0 8.5 7.5 2.5 2 1 3 2 2
1571.4 -464.0 -4.7 66 0 8.0 8.5 5.0 2.5 2 1 2 2 2
1590.8 -453.8 -4.5 66 0 8.0 8.5 5.0 2.5 2 1 2 0 0
1604.2 -449.8 -4.4 50 0 8.5 8.0 7.5 2.5 4 0 3 3 3
1584.4 -361.0 -3.7 246 0 8.0 8.5 7.5 2.5 2 1 3 3 3
1609.8 -333.8 -3.7 76 0 8.5 8.0 2.5 2.5 4 0 1 3 3
1591.2 -336.8 -3.7 69 0 8.5 8.0 7.5 2.5 2 0 3 4 4
1645.8 -628.2 -3.1 252 0 10.4 34.1 7.5 2.5 2 1 3 2 2
1683.5 -660.7 -3.8 71 0 34.0 10.5 7.5 2.5 2 0 3 3 3
1596.7 -745.7 -4.0 244 0 10.4 34.1 10.0 2.5 2 1 4 1 1
1662.2 -807.6 -3.7 62 0 8.6 24.2 2.5 2.5 2 1 1 0 0
1642.9 -772.9 -3.9 242 0 9.8 13.8 5.0 2.5 2 1 2 5 5
1640.8 -827.3 -3.3 59 0 8.5 9.1 7.5 0.0 0 1 3 3 3
1622.0 -784.7 -4.0 150 0 6.7 10.3 7.5 2.5 2 1 3 1 1
1612.4 -785.7 -4.0 152 0 10.5 6.3 5.0 2.5 4 0 2 5 5
1545.3 -544.5 -4.6 248 0 9.5 7.4 7.5 2.5 4 0 3 3 3
1535.3 -462.2 -3.9 68 0 7.4 9.5 5.0 2.5 4 1 2 3 3
1370.2 -536.5 -4.7 65 0 7.1 9.3 7.5 2.5 2 1 3 5 5
1425.4 -552.4 -4.0 335 0 9.3 7.1 5.0 2.5 2 0 2 1 1
1380.9 -553.6 -4.7 245 0 7.1 9.3 7.5 2.5 2 1 3 4 4
1423.1 -497.5 -4.2 155 0 9.3 7.1 2.5 2.5 2 0 1 1 1
1423.5 -479.9 -3.9 158 0 7.1 9.3 7.5 2.5 2 1 3 2 2
1388.1 -526.1 -4.7 69 0 6.7 8.3 10.0 2.5 2 1 4 0 0
1368.5 -500.0 -4.7 233 0 6.7 8.3 10.0 2.5 2 1 4 4 4
1395.1 -491.8 -4.6 335 0 8.3 6.7 7.5 2.5 2 0 3 0 0
1403.9 -453.5 -4.2 159 0 8.3 6.7 7.5 2.5 2 0 3 5 5
1432.4 -625.7 -3.8 56 0 6.7 8.3 5.0 2.5 2 1 2 3 3
1442.0 -647.8 -3.5 239 0 8.3 6.8 5.0 2.5 4 0 2 5 5
1390.0 -650.9 -4.7 59 0 8.3 6.8 5.0 0.0 0 0 2 5 5
1414.9 -640.3 -4.2 59 0 8.3 6.8 2.5 2.5 2 0 1 3 3
1468.4 -668.5 -3.0 59 0 6.7 8.3 7.5 2.5 2 1 3 3 3
1447.5 -631.2 -3.4 243 0 7.3 15.0 7.5 2.5 2 1 3 0 0
1514.1 -616.7 -3.3 249 0 9.3 7.1 7.5 2.5 2 0 3 1 1
1562.4 -621.3 -3.4 69 0 9.3 7.1 5.0 2.5 2 0 2 4 4
1582.0 -584.9 -4.0 248 0 8.7 6.0 7.5 2.5 2 0 3 5 5
1637.7 -615.2 -3.5 247 0 14.3 9.4 7.5 2.5 2 0 3 4 4
1614.0 -546.0 -4.7 67 0 14.3 9.4 2.5 2.5 2 0 1 0 0
1650.1 -560.1 -4.7 249 0 9.3 7.1 7.5 2.5 2 0 3 2 2
1700.8 -570.3 -4.7 69 0 7.1 9.3 5.0 2.5 2 1 2 0 0
1676.0 -579.3 -4.6 54 0 7.2 7.0 5.0 2.5 2 0 2 3 3
1552.8 -508.8 -4.6 61 0 7.4 9.5 5.0 2.5 2 1 2 4 4
1467.5 -517.8 -3.5 248 0 9.5 7.4 7.5 2.5 2 0 3 5 5
1450.4 -619.4 -3.4 65 0 7.1 9.3 7.5 2.5 2 1 3 4 4
1758.5 -638.0 -4.9 103 0 6.7 11.3 5.0 2.5 2 1 2 2 2
1772.8 -620.0 -5.1 123 0 7.1 9.3 7.5 2.5 2 1 3 0 0
1787.2 -581.8 -5.6 33 0 9.3 10.6 7.5 2.5 2 1 3 1 1
1817.8 -516.0 -6.5 25 0 9.3 7.1 7.5 2.5 2 0 3 1 1
1769.8 -671.6 -5.2 251 0 9.3 7.1 7.5 2.5 2 0 3 1 1
1784.8 -672.0 -5.3 256 0 10.9 17.0 5.0 2.5 2 1 2 3 3
1818.0 -908.7 -2.6 24 0 10.2 13.8 7.5 2.5 2 1 3 1 1
1772.5 -817.7 -3.1 20 0 10.3 11.5 5.0 2.5 2 1 2 0 0
1679.4 -1049.8 -1.0 205 0 11.6 10.3 5.0 2.5 2 0 2 1 1
1700.9 -995.2 -1.1 214 0 10.3 11.5 7.5 2.5 2 1 3 2 2
1691.2 -957.9 -0.4 117 0 7.7 8.5 7.5 2.5 2 1 3 2 2
1727.2 -971.8 -1.2 207 0 8.5 7.7 7.5 2.5 2 0 3 5 5
1719.6 -997.8 -1.3 308 0 7.7 8.5 5.0 2.5 2 1 2 1 1
1720.5 -921.8 -1.0 27 0 8.5 7.7 10.0 2.5 2 0 4 1 1
1751.2 -873.9 -1.7 24 0 7.7 8.5 7.5 2.5 2 1 3 2 2
1809.3 -859.0 -3.1 304 0 6.6 12.4 2.5 0.0 0 1 1 3 3
1739.9 -1104.3 -1.8 29 0 7.9 12.1 7.5 2.5 2 1 3 0 0
1751.6 -1086.5 -1.9 29 0 7.9 12.1 7.5 2.5 2 1 3 3 3
1756.3 -1074.6 -1.8 29 0 7.9 12.1 7.5 2.5 2 1 3 4 4
1764.6 -1058.5 -1.9 29 0 7.9 12.1 5.0 2.5 2 1 2 0 0
1768.7 -1045.0 -1.8 29 0 7.9 12.1 5.0 2.5 2 1 2 3 3
1731.7 -1034.2 -1.7 299 0 12.1 7.9 10.0 0.0 0 0 4 0 0
1714.3 -1101.9 -1.6 119 0 12.1 7.9 7.5 2.5 4 0 3 1 1
1799.5 -1084.6 -1.5 299 0 12.1 7.9 7.5 2.5 2 0 3 1 1
1856.4 -1166.1 -3.9 124 0 7.9 12.1 7.5 2.5 2 1 3 5 5
1825.3 -1080.3 -1.3 115 0 7.9 12.2 7.5 0.0 0 1 3 0 0
1814.6 -1074.9 -1.4 115 0 7.9 12.2 5.0 2.5 2 1 2 0 0
1802.3 -1022.3 -2.0 205 0 12.2 7.9 7.5 2.5 2 0 3 4 4
1658.2 -1159.5 -1.0 140 0 9.2 17.7 5.0 2.5 2 1 2 1 1
1628.7 -1197.2 -3.7 228 0 42.1 15.4 10.0 2.5 2 0 4 0 0
1685.4 -1296.3 -5.0 124 0 13.2 9.7 7.5 0.0 0 0 3 3 3
1720.7 -1273.9 -4.9 304 0 6.3 13.3 7.5 2.5 2 1 3 0 0
1713.8 -1187.5 -1.9 214 0 9.7 13.2 10.0 0.0 0 1 4 1 1
1685.1 -1224.9 -3.2 214 0 9.7 13.2 5.0 2.5 2 1 2 3 3
1739.8 -1132.3 -1.8 214 0 9.7 13.2 7.5 2.5 2 1 3 1 1
1781.7 -1198.9 -3.3 124 0 13.2 9.7 7.5 2.5 2 0 3 4 4
1670.9 -1226.0 -2.7 41 0 13.4 11.7 2.5 2.5 2 0 1 5 5
1563.7 -1109.2 -2.1 294 0 9.5 9.3 7.5 2.5 2 0 3 2 2
1591.3 -1187.7 -3.2 224 0 9.3 9.6 7.5 2.5 2 1 3 1 1
1659.3 -1274.6 -4.7 128 0 9.4 11.3 5.0 0.0 0 1 2 3 3
1748.1 -1261.2 -4.7 124 0 7.6 9.6 7.5 2.5 2 1 3 3 3
1707.2 -1245.6 -4.0 123 0 7.6 14.8 2.5 0.0 0 1 1 4 4
1759.4 -1199.7 -2.7 121 0 9.6 7.6 5.0 0.0 0 0 2 4 4
1747.8 -1180.1 -1.9 121 0 9.6 7.6 7.5 2.5 2 0 3 2 2
1723.5 -1180.0 -1.7 120 0 7.6 9.6 5.0 2.5 2 1 2 3 3
1771.2 -1143.1 -1.8 300 0 7.6 9.6 7.5 0.0 0 1 3 0 0
1819.4 -1164.3 -2.8 302 0 9.6 7.6 5.0 2.5 2 0 2 1 1
1820.9 -1232.4 -4.4 127 0 7.6 9.6 5.0 2.5 2 1 2 1 1
1848.4 -1267.9 -4.9 310 0 7.1 10.6 2.5 2.5 4 1 1 3 3
1865.3 -1148.7 -3.7 118 0 9.6 7.6 7.5 2.5 2 0 3 0 0
1872.4 -1090.0 -2.1 112 0 7.6 9.6 7.5 2.5 2 1 3 5 5
1841.2 -1093.9 -1.1 118 0 9.6 7.6 7.5 2.5 2 0 3 4 4
1786.5 -1057.6 -1.5 118 0 9.6 7.6 7.5 2.5 2 0 3 2 2
1772.1 -1088.1 -1.7 208 0 6.3 10.4 10.0 2.5 2 1 4 2 2
1775.9 -1120.0 -1.7 126 0 10.2 12.7 2.5 2.5 2 1 1 2 2
1702.9 -1208.2 -2.4 207 0 6.7 7.2 5.0 2.5 2 1 2 4 4
1698.8 -1197.0 -1.9 207 0 6.7 7.2 5.0 2.5 2 1 2 0 0
1693.6 -1208.6 -2.3 207 0 6.7 7.2 2.5 2.5 2 1 1 5 5
1727.8 -1152.6 -1.7 207 0 6.7 7.2 2.5 2.5 2 1 1 1 1
1735.5 -1174.0 -1.8 117 0 7.2 6.7 7.5 2.5 2 0 3 4 4
1679.0 -1113.3 -1.0 297 0 7.2 6.7 2.5 2.5 2 0 1 2 2
1699.8 -1113.8 -1.4 207 0 6.7 7.2 5.0 0.0 0 1 2 0 0
1767.4 -1232.0 -4.4 303 0 7.6 9.6 10.0 2.5 2 1 4 1 1
1793.7 -1307.2 -5.1 128 0 13.5 15.9 5.0 0.0 0 1 2 3 3
1730.9 -1239.6 -4.2 123 0 7.6 9.6 7.5 2.5 2 1 3 2 2
1678.3 -909.2 -1.8 116 0 8.3 21.8 7.5 2.5 2 1 3 4 4
1829.4 -1093.6 -1.2 300 0 7.0 10.2 5.0 2.5 2 1 2 0 0
1840.4 -1108.2 -1.4 298 0 9.6 7.6 7.5 2.5 2 0 3 0 0
1817.1 -1141.1 -1.8 117 0 6.2 12.5 2.5 2.5 2 1 1 3 3
1831.3 -1149.4 -2.4 117 0 6.2 12.5 7.5 2.5 2 1 3 2 2
1837.9 -1152.0 -2.6 116 0 6.2 15.3 7.5 0.0 0 1 3 2 2
1807.3 -1123.9 -1.3 116 0 12.4 6.3 10.0 2.5 2 0 4 0 0
1764.5 -1191.5 -2.4 116 0 12.4 6.3 10.0 2.5 4 0 4 1 1
1746.2 -1359.2 -5.4 316 0 17.7 8.8 5.0 2.5 2 0 2 3 3
1744.4 -1394.7 -5.4 27 0 6.7 7.2 2.5 2.5 2 1 1 1 1
1943.9 -1288.5 -6.3 223 0 6.0 10.8 7.5 2.5 2 1 3 5 5
1916.0 -1322.8 -5.4 314 0 6.0 10.8 5.0 2.5 2 1 2 2 2
1870.5 -1266.9 -4.8 123 0 10.8 6.7 5.0 0.0 0 0 2 0 0
1876.5 -1232.8 -4.5 303 0 10.8 6.7 7.5 2.5 4 0 3 3 3
1857.2 -1176.5 -4.6 306 0 10.7 24.5 7.5 2.5 2 1 3 3 3
-3820.2 2197.4 -2.4 25 0 14.2 19.8 7.5 2.5 2 1 3 4 4
-3928.3 2292.8 -1.0 301 0 6.4 12.5 10.0 0.0 0 1 4 0 0
-2548.0 1826.1 -2.2 43 0 13.1 10.9 5.0 2.5 2 0 2 1 1
-2526.9 1705.8 -2.7 9 0 10.2 11.9 5.0 2.5 2 1 2 3 3
-2569.3 1622.9 -3.9 18 0 11.2 10.0 7.5 2.5 4 0 3 5 5
-2607.0 1566.9 -2.9 116 0 8.9 8.2 10.0 2.5 2 0 4 3 3
-2818.8 3436.9 -0.1 196 0 8.7 8.7 7.5 0.0 0 1 3 5 5
-2815.0 3494.1 0.3 177 0 10.6 14.1 7.5 2.5 4 1 3 4 4
-2738.4 3382.8 0.0 196 0 6.2 11.8 10.0 2.5 2 1 4 1 1
-2778.1 3390.9 0.3 28 0 13.1 10.6 7.5 2.5 2 0 3 1 1
-2802.8 3389.7 -0.0 122 0 9.4 9.8 7.5 2.5 2 1 3 0 0
-2957.4 3121.6 -1.2 285 0 6.1 13.3 5.0 0.0 0 1 2 0 0
-2984.3 3036.9 -2.3 182 0 8.9 12.4 7.5 2.5 2 1 3 1 1
-3207.2 2511.8 -1.4 95 0 11.6 10.1 7.5 2.5 2 0 3 5 5
-2351.3 3073.5 -2.6 315 0 7.0 26.7 7.5 2.5 2 1 3 0 0
-2333.3 3054.6 -2.1 315 0 8.9 26.5 10.0 2.5 2 1 4 3 3
-2373.9 3071.4 -2.6 221 0 7.6 7.1 7.5 2.5 2 0 3 4 4
-2392.5 3039.7 -2.1 128 0 9.2 14.0 7.5 2.5 2 1 3 4 4
-2448.8 3173.0 -2.7 328 0 7.5 13.1 7.5 2.5 2 1 3 1 1
-2473.7 3178.4 -2.6 299 0 16.2 13.8 5.0 0.0 0 0 2 0 0
-2521.6 3185.1 -2.2 205 0 9.1 11.3 5.0 2.5 2 1 2 5 5
-2561.9 3108.1 -1.2 206 0 6.3 8.6 7.5 2.5 2 1 3 1 1
-2519.4 3112.3 -1.9 218 0 7.9 13.4 5.0 2.5 2 1 2 2 2
-2491.3 3085.1 -2.1 33 0 11.9 10.6 5.0 2.5 4 0 2 4 4
-2526.9 3049.9 -1.4 114 0 8.7 8.6 5.0 2.5 4 0 2 3 3
-2550.8 3067.3 -1.2 204 0 10.0 8.1 5.0 2.5 2 0 2 1 1
-2583.9 3054.9 -0.5 194 0 9.7 7.3 5.0 0.0 0 0 2 4 4
-2572.7 3041.5 -0.8 202 0 9.3 19.3 10.0 2.5 2 1 4 4 4
-2550.2 3011.6 -0.7 0 0 10.0 8.5 5.0 2.5 2 0 2 2 2
-2586.7 2997.2 -0.3 195 0 8.1 7.9 5.0 2.5 2 0 2 5 5
-2602.3 3089.3 -1.4 293 0 7.2 10.8 5.0 2.5 2 1 2 3 3
-2593.2 3071.8 -1.1 24 0 7.0 8.0 2.5 2.5 2 1 1 5 5
-2630.3 3068.5 -1.9 186 0 10.7 11.8 10.0 2.5 2 1 4 5 5
-2597.2 3052.3 -1.2 6 0 14.5 9.8 7.5 2.5 2 0 3 4 4
-2625.6 3034.9 -1.6 184 0 9.5 11.8 5.0 2.5 2 1 2 3 3
-2610.5 3001.8 -1.2 6 0 8.9 9.4 7.5 2.5 2 1 3 1 1
-2573.4 3294.9 -0.3 313 0 8.7 8.9 7.5 0.0 0 1 3 3 3
-2577.2 3226.1 -0.5 37 0 10.7 6.6 5.0 2.5 2 0 2 1 1
-2512.2 3252.9 -2.5 308 0 11.6 10.5 5.0 2.5 4 0 2 4 4
-2517.3 3231.9 -2.4 35 0 12.0 13.5 5.0 2.5 2 1 2 1 1
-2641.4 3217.3 -1.0 187 0 8.1 8.7 7.5 2.5 2 1 3 0 0
-2571.3 3165.9 -0.9 26 0 6.6 7.9 7.5 2.5 2 1 3 4 4
-2594.7 3190.7 -0.7 20 0 10.6 6.9 5.0 2.5 2 0 2 1 1
-2619.8 3181.1 -0.9 182 0 8.0 6.5 2.5 2.5 2 0 1 4 4
-2593.0 3129.3 -0.9 20 0 6.9 8.9 7.5 2.5 4 1 3 5 5
-2663.8 3268.1 -1.0 98 0 8.0 44.8 10.0 0.0 0 1 4 2 2
-2604.0 3332.1 -0.1 315 0 10.4 10.3 7.5 2.5 4 0 3 3 3
-2364.0 3133.2 -2.9 123 0 12.9 16.8 5.0 2.5 2 1 2 0 0
-2295.5 3210.2 -2.2 216 0 8.9 9.0 7.5 2.5 2 1 3 2 2
-2282.3 3180.5 -2.4 297 0 10.9 9.9 10.0 2.5 4 0 4 1 1
-2310.7 3165.2 -2.1 212 0 9.4 9.5 5.0 2.5 2 1 2 4 4
-2288.3 3160.0 -2.5 249 0 6.1 16.0 5.0 2.5 2 1 2 3 3
-2250.1 3174.0 -3.0 293 0 9.6 13.5 7.5 0.0 0 1 3 5 5
-2224.4 3161.9 -3.4 17 0 11.1 8.6 7.5 0.0 0 0 3 0 0
-2238.5 3142.7 -3.2 21 0 10.5 8.8 10.0 2.5 2 0 4 3 3
-2248.6 3118.4 -3.2 24 0 10.3 10.8 7.5 2.5 2 1 3 5 5
-2249.1 3086.0 -2.9 18 0 10.4 8.9 10.0 2.5 2 0 4 4 4
-2264.1 3067.6 -2.5 7 0 10.3 6.9 5.0 0.0 0 0 2 4 4
-2222.0 2975.5 -2.2 130 0 9.4 9.1 7.5 2.5 2 0 3 5 5
-2101.1 2788.4 -1.9 317 0 21.6 37.7 10.0 0.0 0 1 4 5 5
-2146.8 2848.6 -2.5 318 0 18.1 28.9 10.0 2.5 2 1 4 3 3
-2184.6 2834.9 -2.5 225 0 6.1 13.2 10.0 2.5 2 1 4 3 3
-2202.6 2818.3 -2.5 206 0 6.6 7.9 2.5 2.5 2 1 1 5 5
-2478.2 3253.5 -3.2 139 0 8.4 9.8 7.5 2.5 2 1 3 0 0
-2440.5 3214.3 -2.7 134 0 18.2 12.5 10.0 2.5 2 0 4 3 3
-2407.8 3218.7 -2.3 315 0 8.8 15.8 2.5 2.5 2 1 1 3 3
-2286.1 3310.8 -3.6 5 0 11.3 13.2 10.0 2.5 2 1 4 5 5
-2262.9 3282.2 -3.5 26 0 9.2 9.5 7.5 0.0 0 1 3 0 0
-2202.7 3300.9 -3.1 217 0 9.3 10.7 7.5 2.5 2 1 3 3 3
-2165.2 3342.0 -2.6 200 0 7.5 10.0 7.5 2.5 2 1 3 3 3
-2024.4 3418.6 -2.9 92 0 8.1 7.7 5.0 2.5 2 0 2 1 1
-2153.6 3442.7 -2.3 12 0 8.5 13.9 5.0 2.5 2 1 2 3 3
-2042.0 3464.2 -2.7 274 0 9.8 12.1 5.0 2.5 2 1 2 4 4
-2072.1 3472.8 -2.9 273 0 10.6 13.0 7.5 2.5 2 1 3 1 1
-2084.8 3408.4 -2.4 181 0 8.3 18.1 5.0 0.0 0 1 2 0 0
-2126.8 3328.7 -3.2 103 0 11.7 10.9 7.5 0.0 0 0 3 2 2
-2433.1 3412.7 -3.1 182 0 8.0 7.6 7.5 2.5 2 0 3 0 0
-2414.8 3416.4 -3.2 180 0 10.0 13.5 7.5 2.5 2 1 3 3 3
-2404.1 3388.2 -3.8 107 0 18.7 11.2 7.5 2.5 2 0 3 4 4
-2369.2 3436.5 -2.8 270 0 8.5 13.3 10.0 0.0 0 1 4 1 1
-2367.6 3390.0 -3.5 98 0 8.0 6.8 5.0 2.5 2 0 2 0 0
-2267.2 3448.9 -1.6 270 0 7.9 9.1 7.5 2.5 2 1 3 5 5
-2266.6 3426.6 -1.7 358 0 8.0 8.5 5.0 2.5 2 1 2 1 1
-2693.3 3505.6 1.7 188 0 6.8 20.4 10.0 0.0 0 1 4 1 1
-2655.6 3481.3 1.4 117 0 8.9 12.9 10.0 2.5 2 1 4 1 1
-2664.1 3465.0 1.4 118 0 8.3 15.0 5.0 2.5 2 1 2 5 5
-2614.2 3509.8 0.8 281 0 14.3 10.5 5.0 2.5 2 0 2 2 2
-2470.9 3458.5 -1.6 292 0 19.9 10.5 10.0 2.5 2 0 4 2 2
-2466.8 3403.2 -2.9 27 0 10.3 16.5 7.5 2.5 2 1 3 5 5
-2517.9 3362.1 -2.3 31 0 13.9 8.8 7.5 2.5 2 0 3 1 1
-2570.2 3343.6 -0.8 131 0 6.2 12.1 5.0 2.5 2 1 2 0 0
-2189.8 3500.7 -2.8 38 0 11.3 17.3 7.5 2.5 2 1 3 3 3
-2177.9 3497.4 -3.4 94 0 6.6 28.2 7.5 0.0 0 1 3 5 5
-2478.3 3491.0 -0.4 92 0 9.9 11.7 7.5 2.5 2 1 3 5 5
-2494.5 3500.4 -0.1 103 0 6.1 10.9 7.5 2.5 2 1 3 2 2
-2547.9 3510.7 -0.4 109 0 22.7 12.7 12.5 2.5 2 0 5 0 0
-2832.7 3624.4 0.5 327 0 10.6 15.1 5.0 0.0 0 1 2 2 2
-2852.6 3619.4 0.3 322 0 16.4 12.5 2.5 2.5 2 0 1 4 4
-2775.3 3536.4 1.2 297 0 14.2 11.5 2.5 2.5 2 0 1 3 3
-2799.0 3548.8 0.6 285 0 12.3 23.8 10.0 2.5 2 1 4 0 0
-2851.3 3527.8 -0.4 122 0 9.9 11.5 2.5 0.0 0 1 1 5 5
-2900.0 3587.7 -0.4 136 0 8.5 12.4 10.0 0.0 0 1 4 2 2
-2927.3 3602.9 -0.6 128 0 7.5 8.3 7.5 2.5 2 1 3 3 3
-2953.7 3637.0 -0.7 223 0 9.0 10.9 5.0 2.5 4 1 2 4 4
-2974.4 3547.3 0.4 44 0 10.6 9.1 5.0 2.5 2 0 2 1 1
-3071.2 3583.1 0.7 186 0 11.6 6.5 7.5 0.0 0 0 3 5 5
-3008.9 3636.5 -1.0 58 0 11.8 11.1 5.0 2.5 4 0 2 0 0
-3048.5 3632.3 -0.5 284 0 12.1 11.1 7.5 2.5 2 0 3 4 4
-2896.2 3691.4 0.9 239 0 12.0 15.0 5.0 2.5 2 1 2 5 5
-3042.2 3864.0 -0.5 113 0 13.5 8.6 10.0 2.5 2 0 4 1 1
-3001.8 3856.0 0.5 302 0 10.4 10.2 7.5 0.0 0 0 3 0 0
-3021.0 3804.0 1.2 210 0 11.1 15.6 10.0 2.5 2 1 4 4 4
-2967.9 3802.9 1.6 325 0 6.7 13.6 7.5 2.5 2 1 3 1 1
-2921.2 3701.6 0.7 40 0 15.5 14.8 7.5 0.0 0 0 3 2 2
-2996.1 3702.1 -0.0 281 0 9.0 8.8 7.5 2.5 2 0 3 4 4
-3018.3 3667.8 -1.1 211 0 6.6 6.8 7.5 2.5 2 1 3 3 3
-2820.9 3673.6 1.1 149 0 9.9 17.9 7.5 2.5 2 1 3 3 3
-2803.3 3709.2 1.3 8 0 8.4 19.1 5.0 2.5 2 1 2 4 4
-2860.8 3764.3 2.3 132 0 6.4 7.2 10.0 2.5 2 1 4 0 0
-2810.5 3768.4 1.1 26 0 13.6 16.0 10.0 2.5 2 1 4 4 4
-2831.5 3823.3 -0.2 278 0 11.6 20.3 2.5 2.5 2 1 1 4 4
-2893.3 3796.9 1.6 137 0 9.3 8.8 5.0 2.5 2 0 2 4 4
-2904.7 3814.0 1.1 127 0 8.2 12.6 7.5 2.5 2 1 3 5 5
-2772.4 3648.0 1.0 186 0 10.6 18.0 7.5 2.5 2 1 3 2 2
-2733.4 3620.0 1.7 136 0 31.2 10.0 15.0 0.0 0 0 6 1 1
-2750.0 3616.0 1.4 146 0 33.6 10.3 7.5 2.5 2 0 3 3 3
-2729.8 3583.9 2.1 148 0 35.1 12.4 10.0 0.0 0 0 4 4 4
-2692.3 3558.2 2.8 109 0 31.4 14.9 10.0 2.5 2 0 4 4 4
-2648.1 3567.3 2.5 101 0 8.4 16.2 5.0 2.5 2 1 2 4 4
-2641.8 3590.5 2.8 90 0 6.7 10.3 5.0 2.5 2 1 2 2 2
-2684.5 3626.4 2.1 180 0 8.0 10.8 5.0 2.5 2 1 2 4 4
-2661.3 3617.2 2.2 88 0 6.6 8.3 7.5 2.5 2 1 3 0 0
-2684.5 3640.7 1.6 193 0 10.7 28.0 7.5 2.5 2 1 3 1 1
-2619.9 3683.1 0.9 16 0 9.1 15.6 7.5 2.5 2 1 3 1 1
-2636.0 3739.5 0.2 302 0 7.4 15.8 2.5 2.5 2 1 1 0 0
-2674.5 3725.7 0.8 264 0 10.6 6.2 2.5 0.0 0 0 1 2 2
-2522.7 3693.5 -0.0 287 0 13.5 9.1 7.5 2.5 2 0 3 0 0
-2520.5 3505.4 -0.3 107 0 14.3 46.4 10.0 2.5 2 1 4 4 4
-2531.0 3656.4 0.9 18 0 6.8 18.7 5.0 0.0 0 1 2 5 5
-2560.3 3695.0 -0.3 199 0 15.1 15.9 10.0 2.5 2 1 4 5 5
-2569.8 3669.2 0.7 208 0 6.5 7.0 7.5 2.5 2 1 3 1 1
-2580.8 3662.7 0.9 288 0 10.2 7.5 7.5 2.5 2 0 3 5 5
-2618.0 3910.6 -1.3 270 0 11.5 13.3 7.5 2.5 2 1 3 4 4
-2682.3 3976.5 -1.1 285 0 11.9 14.0 10.0 2.5 2 1 4 3 3
-2727.1 3905.2 -2.3 114 0 9.3 14.9 7.5 2.5 2 1 3 5 5
-2663.6 4338.1 -0.8 207 0 21.3 12.8 7.5 0.0 0 0 3 4 4
-2685.5 4188.5 0.1 224 0 9.8 10.4 2.5 0.0 0 1 1 5 5
-2668.2 4151.0 -0.3 38 0 11.3 19.9 2.5 2.5 2 1 1 5 5
-2591.3 4299.2 -0.9 25 0 12.0 15.9 7.5 2.5 2 1 3 2 2
-2608.5 4327.6 -1.0 291 0 11.3 14.6 7.5 2.5 2 1 3 4 4
-2497.0 4612.8 -1.8 211 0 7.3 16.9 5.0 2.5 2 1 2 2 2
-2484.6 4632.4 -1.7 28 0 15.8 25.0 7.5 2.5 2 1 3 5 5
-2418.4 4436.5 -1.1 102 0 11.0 23.3 10.0 2.5 2 1 4 1 1
-2413.0 4423.2 -0.8 99 0 14.3 6.5 7.5 2.5 2 0 3 2 2
-2361.7 4041.7 -0.2 207 0 8.1 21.7 7.5 2.5 2 1 3 4 4
-2296.2 3825.0 -2.1 48 0 7.5 9.0 5.0 0.0 0 1 2 2 2
-2437.0 4411.5 -1.0 288 0 9.1 27.6 10.0 0.0 0 1 4 5 5
-2421.8 4358.3 -0.0 10 0 10.2 8.9 7.5 2.5 2 0 3 4 4
-2469.5 4327.5 0.2 192 0 11.8 15.7 5.0 2.5 2 1 2 4 4
-2489.4 4342.6 -0.2 203 0 6.1 7.8 5.0 2.5 2 1 2 4 4
-2498.3 4298.4 0.1 212 0 12.4 11.3 5.0 2.5 2 0 2 5 5
-2536.8 4227.0 -1.0 220 0 13.7 12.2 7.5 2.5 2 0 3 0 0
-2556.0 4227.4 -0.8 220 0 6.4 15.1 7.5 2.5 2 1 3 5 5
-2574.3 4211.1 -0.7 225 0 15.0 9.8 10.0 2.5 2 0 4 0 0
-2595.2 4171.9 -0.7 215 0 11.8 11.7 10.0 2.5 2 0 4 2 2
-2462.3 4041.0 -1.4 16 0 11.9 16.5 5.0 2.5 2 1 2 2 2
-2506.5 4018.4 -1.2 108 0 13.0 10.1 7.5 2.5 2 0 3 3 3
-2536.4 4026.6 -1.0 199 0 12.8 10.5 7.5 2.5 2 0 3 5 5
-2534.3 4078.6 -1.1 194 0 12.9 14.5 7.5 2.5 2 1 3 4 4
-2739.4 4014.5 -0.8 193 0 11.5 10.3 7.5 2.5 4 0 3 4 4
-2413.1 3884.0 -1.9 11 0 19.3 9.4 5.0 2.5 2 0 2 3 3
-2511.3 3952.8 -0.1 275 0 7.2 11.9 7.5 0.0 0 1 3 0 0
-2441.6 4096.1 -1.8 17 0 10.5 15.0 7.5 2.5 2 1 3 5 5
-2509.6 4136.3 -1.3 262 0 6.9 21.6 7.5 2.5 2 1 3 5 5
-3113.1 4449.6 1.1 111 0 8.5 14.9 2.5 2.5 2 1 1 3 3
-3030.5 4354.8 1.5 107 0 7.7 9.0 7.5 0.0 0 1 3 0 0
-2977.9 4306.6 0.5 200 0 13.9 30.4 7.5 2.5 2 1 3 2 2
-2849.6 4284.9 0.3 114 0 7.3 10.7 5.0 2.5 2 1 2 1 1
-2867.9 4159.4 -0.4 276 0 6.4 12.6 10.0 2.5 2 1 4 1 1
-2819.6 4152.1 0.5 113 0 12.1 9.4 7.5 2.5 2 0 3 4 4
-2771.5 4171.8 0.8 290 0 9.6 14.7 5.0 2.5 2 1 2 3 3
-2825.0 4061.4 -0.2 191 0 11.4 14.0 7.5 2.5 2 1 3 3 3
-2783.9 4097.0 0.1 230 0 6.9 8.8 7.5 2.5 4 1 3 3 3
-2755.3 4079.9 0.0 39 0 6.6 15.5 5.0 2.5 2 1 2 3 3
-2463.5 5377.4 -0.1 12 0 8.3 7.4 7.5 2.5 2 0 3 1 1
-2481.6 5282.8 -1.7 95 0 6.5 7.7 10.0 2.5 2 1 4 4 4
-2505.2 5154.7 -2.9 4 0 15.1 10.5 7.5 2.5 2 0 3 5 5
-2490.0 5162.1 -2.8 358 0 6.5 7.9 7.5 2.5 2 1 3 1 1
-2457.0 5566.1 -1.6 3 0 12.2 10.6 5.0 2.5 2 0 2 0 0
-2483.7 5554.5 -1.6 182 0 6.1 8.1 7.5 2.5 2 1 3 4 4
-2439.6 5503.8 -0.8 4 0 11.3 13.5 5.0 2.5 2 1 2 3 3
-2051.9 4799.3 -0.4 196 0 10.8 14.9 2.5 2.5 2 1 1 2 2
-2511.5 4898.8 -2.0 181 0 12.0 13.1 7.5 2.5 2 1 3 3 3
-2405.2 5336.1 -1.0 91 0 9.8 9.2 5.0 0.0 0 0 2 0 0
-2389.8 5383.2 -0.9 4 0 10.5 8.4 7.5 2.5 2 0 3 4 4
-2419.0 5514.3 -0.7 178 0 10.3 10.9 5.0 2.5 2 1 2 0 0
-2418.6 5529.8 -1.2 180 0 10.6 10.8 7.5 2.5 2 1 3 5 5
-2441.9 5612.8 -1.8 3 0 6.1 19.3 5.0 0.0 0 1 2 5 5
-2865.1 6685.1 -2.4 268 0 6.6 9.0 5.0 2.5 2 1 2 5 5
-2909.6 6673.2 -2.4 271 0 9.7 9.0 7.5 2.5 2 0 3 3 3
-3128.5 6654.0 -1.7 188 0 10.0 10.7 10.0 0.0 0 1 4 3 3
-3142.5 6655.8 -1.7 198 0 8.9 9.6 5.0 2.5 2 1 2 4 4
-3151.7 6647.5 -1.9 204 0 11.6 6.8 7.5 2.5 2 0 3 4 4
-2407.6 6127.8 -1.5 358 0 10.3 8.8 7.5 2.5 2 0 3 3 3
-2477.4 5962.2 -1.1 98 0 10.9 11.0 2.5 2.5 2 1 1 3 3
-2582.8 6455.1 -1.7 16 0 10.2 10.4 5.0 2.5 2 1 2 4 4
-2744.6 6672.8 -2.3 275 0 9.1 9.9 5.0 2.5 2 1 2 1 1
-2821.3 6613.0 -3.2 3 0 8.3 8.9 7.5 2.5 2 1 3 4 4
-2402.9 6671.2 -2.2 90 0 8.4 8.7 5.0 2.5 2 1 2 4 4
-2384.1 6678.3 -2.2 2 0 9.8 8.4 7.5 2.5 2 0 3 3 3
-2317.9 6506.1 -0.6 191 0 15.2 9.6 2.5 2.5 2 0 1 4 4
-2227.6 6813.2 -2.7 187 0 11.6 11.3 10.0 2.5 2 0 4 3 3
-2370.6 6858.5 -0.7 359 0 8.4 6.6 7.5 2.5 2 0 3 5 5
-2372.4 6826.2 -0.9 3 0 11.3 11.9 2.5 2.5 2 1 1 1 1
-2434.9 6841.6 -1.0 182 0 8.6 6.5 7.5 2.5 2 0 3 1 1
-1864.3 -609.2 -4.4 180 0 9.7 11.7 7.5 2.5 2 1 3 2 2
-1960.6 -985.1 -5.3 115 0 6.5 7.0 10.0 2.5 2 1 4 4 4
-1879.5 -1099.4 -5.9 20 0 8.3 10.9 5.0 2.5 4 1 2 4 4
-1794.5 -1292.8 -6.6 189 0 14.9 7.4 5.0 2.5 2 0 2 1 1
-1952.7 -171.8 -0.9 178 0 7.1 7.6 7.5 2.5 2 1 3 3 3
-1789.7 -236.2 -0.7 11 0 12.7 10.9 2.5 2.5 2 0 1 5 5
-1770.0 -127.3 0.3 358 0 8.5 8.8 5.0 2.5 2 1 2 0 0
-1758.7 -141.3 -0.3 326 0 7.6 8.9 7.5 2.5 2 1 3 5 5
-1706.7 -1.1 -1.3 203 0 6.8 6.7 2.5 2.5 2 0 1 4 4
-1368.3 1992.7 -1.3 150 0 9.5 9.9 7.5 2.5 2 1 3 2 2
-1460.3 2061.6 -0.5 229 0 6.2 10.8 7.5 2.5 4 1 3 5 5
-1449.2 2168.2 -1.7 133 0 7.2 10.4 7.5 2.5 2 1 3 4 4
-1301.5 1788.5 -1.4 191 0 7.1 14.3 7.5 2.5 2 1 3 0 0
-1693.3 2614.6 -2.8 222 0 6.8 6.9 2.5 2.5 4 1 1 3 3
-1709.4 2582.6 -2.2 39 0 10.5 12.0 7.5 0.0 0 1 3 5 5
-1762.9 2591.6 -2.3 223 0 7.3 6.5 10.0 2.5 2 0 4 1 1
-1765.1 2535.1 -1.1 134 0 8.0 10.8 7.5 2.5 2 1 3 5 5
-1695.9 2431.1 -1.3 130 0 8.7 10.0 2.5 2.5 2 1 1 5 5
-1673.4 2402.2 -1.5 132 0 10.0 11.8 7.5 2.5 2 1 3 1 1
-1598.2 2436.4 -3.2 301 0 7.6 7.1 10.0 2.5 4 0 4 2 2
-1570.2 2411.5 -3.2 310 0 9.0 10.2 10.0 2.5 4 1 4 0 0
-1633.2 2407.4 -2.4 132 0 7.6 8.5 10.0 2.5 2 1 4 5 5
-1526.1 2376.3 -3.2 26 0 10.1 11.7 7.5 2.5 2 1 3 2 2
-1562.0 2342.4 -2.5 35 0 6.9 6.4 7.5 2.5 2 0 3 0 0
-1651.6 2895.4 -3.5 123 0 7.4 8.7 5.0 2.5 2 1 2 5 5
-1813.4 2782.6 -3.5 37 0 10.3 8.9 7.5 0.0 0 0 3 2 2
-1854.1 2802.4 -2.4 270 0 8.7 8.3 10.0 0.0 0 0 4 3 3
-1894.8 2774.9 -2.1 220 0 10.7 6.3 7.5 2.5 2 0 3 3 3
-1933.0 2714.9 -1.9 214 0 8.2 7.4 10.0 2.5 2 0 4 5 5
-1880.8 2708.5 -2.3 35 0 10.1 8.1 7.5 2.5 2 0 3 4 4
-1898.7 2695.5 -2.3 38 0 6.6 6.0 5.0 2.5 2 0 2 2 2
-1929.9 2671.6 -2.1 49 0 6.0 6.5 2.5 2.5 2 1 1 5 5
-1861.2 2696.2 -2.4 225 0 6.5 11.7 5.0 2.5 2 1 2 3 3
-1863.6 2653.1 -2.3 221 0 6.3 6.3 7.5 2.5 2 1 3 4 4
-1873.8 2623.3 -2.0 129 0 6.1 6.5 7.5 2.5 2 1 3 0 0
-1815.8 2703.2 -3.5 37 0 6.4 6.7 7.5 2.5 2 1 3 0 0
-1737.8 2714.5 -5.0 127 0 9.0 8.5 7.5 2.5 2 0 3 5 5
-1783.9 2661.1 -3.5 302 0 6.3 7.0 7.5 2.5 2 1 3 0 0
-1765.2 2636.3 -3.3 27 0 7.4 6.2 7.5 0.0 0 0 3 1 1
-1819.0 2613.9 -2.5 37 0 6.0 9.8 7.5 0.0 0 1 3 2 2
-1846.3 2591.8 -2.0 131 0 6.7 7.6 5.0 2.5 2 1 2 4 4
-1821.8 2566.6 -1.7 43 0 10.9 7.2 7.5 2.5 2 0 3 1 1
-872.6 2496.9 0.6 7 0 8.8 9.2 7.5 2.5 4 1 3 5 5
-944.1 3314.4 -2.2 353 0 11.0 8.8 7.5 2.5 2 0 3 2 2
-1149.2 2850.0 -1.7 281 0 8.0 8.1 5.0 2.5 2 1 2 2 2
-1164.9 2817.7 -1.6 133 0 10.4 9.2 2.5 2.5 2 0 1 2 2
-1309.3 2832.6 0.2 111 0 9.0 9.8 7.5 2.5 2 1 3 2 2
-1685.6 3382.3 0.1 88 0 9.7 10.0 5.0 2.5 2 1 2 1 1
-939.3 3094.8 -1.7 222 0 11.0 8.0 2.5 2.5 2 0 1 4 4
-1576.7 4516.6 -0.4 115 0 7.2 7.3 2.5 2.5 2 1 1 3 3
-1677.6 4257.7 0.0 20 0 8.2 12.2 7.5 2.5 2 1 3 3 3
-1690.8 4279.1 0.8 119 0 6.2 6.4 2.5 2.5 2 1 1 4 4
-1685.3 4293.0 1.2 123 0 6.6 8.0 5.0 2.5 2 1 2 3 3
-1874.5 4330.4 0.3 290 0 9.4 14.8 7.5 2.5 2 1 3 1 1
-1827.5 4385.6 0.7 17 0 8.8 10.5 7.5 2.5 2 1 3 1 1
-1907.8 4402.9 0.1 112 0 7.9 10.5 7.5 2.5 2 1 3 2 2
-1872.6 4278.5 -0.1 16 0 8.1 9.6 7.5 2.5 2 1 3 4 4
-1940.7 4338.0 -0.2 109 0 12.0 9.9 5.0 2.5 2 0 2 2 2
-1970.3 4342.5 -0.6 116 0 8.1 17.1 5.0 2.5 4 1 2 1 1
-1783.7 5114.5 -1.7 293 0 10.5 6.8 2.5 2.5 2 0 1 5 5
-1798.9 5090.8 -1.3 112 0 9.0 9.7 2.5 2.5 2 1 1 1 1
-1631.8 4786.7 -1.5 104 0 9.7 10.0 5.0 0.0 0 1 2 5 5
-1639.9 4824.6 -0.8 277 0 11.2 9.7 5.0 2.5 2 0 2 1 1
-1679.7 4848.6 0.5 277 0 7.5 9.8 7.5 2.5 2 1 3 5 5
-1725.5 4904.6 0.5 9 0 17.5 11.9 7.5 2.5 2 0 3 4 4
-1721.7 4800.7 -1.2 358 0 6.6 8.3 7.5 2.5 2 1 3 5 5
-1736.3 4781.3 -1.4 92 0 10.9 14.9 7.5 2.5 2 1 3 4 4
-1805.0 4775.8 -1.5 16 0 9.4 9.8 7.5 2.5 2 1 3 2 2
-1792.9 4881.5 -0.2 299 0 7.9 14.3 2.5 2.5 2 1 1 3 3
-1939.4 4965.7 0.6 301 0 8.6 7.9 10.0 2.5 2 0 4 1 1
-1889.1 5017.2 0.8 300 0 9.2 9.5 10.0 0.0 0 1 4 1 1
-1874.0 4967.7 0.4 0 0 10.6 10.0 2.5 2.5 2 0 1 4 4
-1965.3 4942.7 0.5 274 0 8.8 7.5 5.0 2.5 2 0 2 4 4
-1976.4 4893.9 0.2 119 0 9.7 8.8 7.5 0.0 0 0 3 0 0
-1059.5 5218.5 1.0 213 0 6.8 9.2 2.5 2.5 2 1 1 2 2
-1098.4 5193.7 0.4 36 0 6.5 8.4 7.5 2.5 2 1 3 3 3
-1095.1 5312.4 -0.6 128 0 6.3 6.9 5.0 2.5 2 1 2 1 1
-1170.0 5292.6 -0.3 55 0 8.6 9.0 7.5 2.5 2 1 3 2 2
-1714.0 5175.4 -0.4 278 0 6.0 6.7 7.5 2.5 2 1 3 0 0
-1132.3 6463.9 -0.1 297 0 9.1 9.2 2.5 2.5 2 1 1 5 5
-1187.4 6432.0 -0.8 187 0 7.2 7.2 10.0 0.0 0 1 4 5 5
-1115.7 6386.2 1.1 14 0 9.6 9.1 2.5 2.5 2 0 1 2 2
-1082.3 6348.9 1.6 210 0 8.1 10.1 5.0 2.5 2 1 2 1 1
-1049.6 6312.8 2.1 24 0 8.7 11.3 2.5 2.5 2 1 1 4 4
-1089.0 6267.7 1.5 23 0 8.7 9.9 7.5 2.5 2 1 3 2 2
-1109.3 6322.4 2.0 215 0 12.9 7.8 7.5 2.5 2 0 3 5 5
-1147.5 6236.6 0.2 36 0 8.9 11.5 7.5 2.5 2 1 3 3 3
-1136.9 6350.2 1.1 37 0 9.2 7.3 7.5 2.5 2 0 3 1 1
-1180.4 6362.7 0.0 114 0 10.4 11.5 7.5 2.5 2 1 3 2 2
-1237.9 6380.3 -1.3 198 0 8.4 9.2 7.5 2.5 2 1 3 3 3
-1066.5 6162.4 0.8 91 0 9.1 8.9 10.0 2.5 2 0 4 1 1
-1112.1 6144.3 -0.2 273 0 7.1 8.9 10.0 2.5 2 1 4 4 4
-1179.8 6157.0 -1.4 292 0 7.2 12.0 7.5 2.5 4 1 3 1 1
-1244.2 6216.4 -1.7 193 0 11.4 10.5 7.5 2.5 2 0 3 3 3
-1274.5 6266.8 -1.7 279 0 8.8 9.0 7.5 2.5 2 1 3 4 4
-1367.3 6413.0 -0.3 12 0 8.7 8.7 2.5 2.5 2 0 1 1 1
-1404.2 6384.8 -0.1 103 0 11.7 9.0 7.5 2.5 2 0 3 5 5
-1411.0 6398.1 -0.1 115 0 7.7 8.2 2.5 2.5 2 1 1 1 1
-1464.4 6381.1 -0.5 97 0 8.9 13.7 7.5 2.5 4 1 3 2 2
-1473.0 6394.3 -0.4 97 0 7.1 6.4 7.5 2.5 2 0 3 4 4
-1484.4 6417.3 -0.4 277 0 6.4 8.9 10.0 2.5 2 1 4 4 4
-1412.6 6327.9 0.1 18 0 10.3 16.9 7.5 2.5 2 1 3 5 5
-850.7 6323.5 1.3 184 0 11.2 11.6 5.0 2.5 2 1 2 2 2
-879.9 6288.6 1.2 188 0 9.2 12.8 7.5 2.5 2 1 3 0 0
-1000.7 6236.5 2.0 183 0 10.1 11.7 7.5 2.5 2 1 3 1 1
-931.6 6229.4 1.4 10 0 7.1 19.6 5.0 0.0 0 1 2 4 4
-918.9 6055.6 -0.5 182 0 6.8 15.7 5.0 2.5 2 1 2 0 0
-1136.0 6570.7 0.0 27 0 8.3 11.8 7.5 2.5 2 1 3 4 4
-1098.0 6627.9 0.2 286 0 9.7 9.2 10.0 2.5 2 0 4 5 5
-1087.3 6600.5 0.2 296 0 8.8 21.1 7.5 2.5 2 1 3 3 3
-1049.4 6588.1 0.3 99 0 8.1 11.5 7.5 2.5 2 1 3 2 2
-976.1 6609.8 0.6 9 0 7.8 10.6 5.0 2.5 2 1 2 2 2
-1031.6 6559.2 0.4 286 0 7.6 7.7 7.5 2.5 2 1 3 0 0
-1029.3 6543.2 -0.4 288 0 6.3 21.8 10.0 0.0 0 1 4 5 5
-985.0 6528.1 -1.0 197 0 9.9 13.0 5.0 2.5 2 1 2 3 3
-926.3 6460.2 -1.1 192 0 9.1 14.7 7.5 2.5 2 1 3 4 4
-862.7 6507.2 -1.7 114 0 9.2 8.7 7.5 2.5 4 0 3 2 2
-848.9 6457.3 -0.5 198 0 10.6 37.1 7.5 2.5 2 1 3 3 3
-1087.7 6441.2 0.6 21 0 11.7 10.1 7.5 2.5 4 0 3 4 4
-1056.7 6423.1 0.5 294 0 10.4 10.0 2.5 2.5 2 0 1 2 2
-996.1 6404.4 0.3 274 0 10.2 9.8 2.5 2.5 2 0 1 0 0
-993.1 6380.7 0.8 280 0 15.5 6.6 7.5 2.5 2 0 3 4 4
-1002.3 6336.4 1.2 67 0 9.2 25.5 7.5 0.0 0 1 3 2 2
-996.2 6318.7 1.3 71 0 7.3 28.0 10.0 2.5 2 1 4 3 3
-952.2 6398.1 0.3 283 0 9.1 15.1 10.0 2.5 2 1 4 5 5
-929.2 6388.1 0.4 279 0 8.9 15.5 7.5 2.5 2 1 3 2 2
-894.1 6364.6 0.6 14 0 7.7 11.2 5.0 2.5 2 1 2 2 2
-1256.0 6766.3 -1.6 212 0 10.0 11.6 7.5 2.5 2 1 3 1 1
-1239.7 6722.4 -1.4 13 0 9.4 13.2 7.5 2.5 2 1 3 0 0
-1209.8 6559.6 -1.0 118 0 6.1 8.0 2.5 2.5 2 1 1 1 1
1576.7 6069.3 2.3 213 0 9.3 17.4 7.5 0.0 0 1 3 2 2
1638.6 5960.3 4.3 121 0 7.2 6.6 10.0 2.5 2 0 4 5 5
1637.4 6053.4 3.0 38 0 6.5 7.6 10.0 2.5 2 1 4 4 4
1739.8 6099.2 1.4 114 0 7.6 8.5 7.5 2.5 2 1 3 0 0
1654.4 6193.1 2.5 211 0 10.9 6.7 2.5 2.5 2 0 1 5 5
1720.1 6210.7 1.2 33 0 6.7 7.3 5.0 2.5 2 1 2 4 4
1675.7 6217.4 2.7 210 0 10.5 8.5 2.5 2.5 2 0 1 4 4
1588.9 6271.9 3.3 114 0 7.9 7.7 7.5 2.5 2 0 3 0 0
1638.3 6358.5 3.1 287 0 8.0 7.5 7.5 0.0 0 0 3 0 0
1602.3 6393.0 2.5 38 0 9.4 15.4 7.5 2.5 2 1 3 3 3
1673.9 6431.2 2.1 223 0 7.3 6.9 5.0 2.5 2 0 2 4 4
1635.2 6559.4 1.0 92 0 7.1 6.1 5.0 2.5 2 0 2 3 3
1613.5 6581.1 0.8 178 0 7.2 6.1 10.0 2.5 2 0 4 1 1
1602.8 6644.1 0.2 5 0 6.9 6.9 5.0 2.5 2 0 2 0 0
1597.0 6676.4 0.6 1 0 6.6 7.1 7.5 2.5 2 1 3 1 1
2700.1 6802.1 -1.1 105 0 8.1 6.3 7.5 2.5 2 0 3 4 4
2762.7 6857.0 0.6 271 0 6.8 7.2 5.0 2.5 2 1 2 5 5
1684.0 5643.6 2.3 213 0 6.5 8.1 7.5 2.5 4 1 3 2 2
1646.3 5578.8 1.9 215 0 6.8 8.1 5.0 2.5 2 1 2 4 4
1649.6 5633.3 2.2 33 0 7.8 8.6 7.5 2.5 2 1 3 1 1
1754.7 5802.0 2.3 30 0 6.6 9.6 7.5 0.0 0 1 3 2 2
1644.5 5823.6 2.2 33 0 6.9 6.8 7.5 2.5 2 0 3 0 0
1608.7 5312.7 0.2 212 0 6.6 10.5 10.0 2.5 2 1 4 0 0
1660.7 5231.6 1.0 32 0 7.6 10.1 7.5 2.5 2 1 3 2 2
1705.2 5299.6 0.5 28 0 7.7 6.8 2.5 2.5 2 0 1 1 1
1681.5 5197.7 0.8 211 0 11.0 8.8 7.5 2.5 2 0 3 3 3
1755.4 5177.1 1.7 30 0 6.5 8.7 7.5 2.5 2 1 3 2 2
1835.3 5299.1 1.1 30 0 8.3 6.6 5.0 2.5 4 0 2 0 0
1878.8 5377.5 0.3 41 0 11.6 9.0 2.5 2.5 2 0 1 2 2
1870.4 5322.8 0.4 209 0 9.5 9.6 2.5 2.5 2 1 1 2 2
1847.1 5259.1 2.0 211 0 7.2 9.0 7.5 2.5 4 1 3 3 3
1751.1 5123.9 1.7 210 0 10.0 8.4 10.0 2.5 2 0 4 0 0
1956.0 5281.1 -0.9 31 0 10.1 8.5 5.0 2.5 2 0 2 2 2
2040.3 4972.4 0.0 293 0 6.4 11.1 7.5 0.0 0 1 3 2 2
2023.8 5196.8 -1.5 33 0 9.2 9.6 10.0 2.5 2 1 4 1 1
1980.3 5123.6 1.1 36 0 7.2 6.3 2.5 2.5 2 0 1 0 0
1950.5 5092.7 1.5 33 0 7.6 10.5 7.5 0.0 0 1 3 1 1
1918.8 5052.3 1.6 213 0 7.9 7.2 5.0 2.5 2 0 2 5 5
1720.5 5098.9 1.2 299 0 14.9 6.9 5.0 2.5 2 0 2 1 1
1751.4 5053.6 1.2 28 0 14.7 22.4 7.5 0.0 0 1 3 2 2
1655.5 4906.1 0.4 28 0 7.2 7.4 2.5 0.0 0 1 1 4 4
1613.3 4843.9 0.9 33 0 6.7 9.9 7.5 2.5 2 1 3 1 1
1601.1 4750.2 1.1 217 0 8.4 6.6 5.0 2.5 2 0 2 3 3
1649.8 4803.3 0.5 36 0 7.2 7.8 5.0 2.5 4 1 2 3 3
1697.0 4914.4 1.5 203 0 7.1 6.8 7.5 2.5 2 0 3 5 5
1769.2 5018.8 2.5 212 0 8.4 8.2 7.5 2.5 2 0 3 4 4
1794.9 4728.9 1.6 35 0 8.4 9.7 7.5 2.5 2 1 3 0 0
1858.2 4850.3 3.2 34 0 7.3 8.4 5.0 2.5 2 1 2 1 1
1927.1 4959.0 1.4 303 0 8.1 8.2 2.5 2.5 2 1 1 3 3
1934.6 4896.3 1.9 210 0 8.5 6.3 5.0 2.5 4 0 2 3 3
1956.6 4937.4 1.1 214 0 6.6 9.1 7.5 2.5 4 1 3 2 2
2016.3 4752.6 1.8 33 0 6.5 7.1 7.5 2.5 2 1 3 0 0
2043.7 4798.8 1.3 26 0 6.4 6.7 7.5 2.5 2 1 3 0 0
2011.0 4552.5 -0.0 43 0 6.4 6.5 5.0 2.5 2 1 2 4 4
1988.6 4710.0 2.5 34 0 6.9 6.6 5.0 2.5 2 0 2 2 2
1967.4 4672.9 1.8 31 0 6.9 6.3 7.5 2.5 2 0 3 1 1
1916.2 4646.8 1.7 209 0 7.6 7.8 7.5 0.0 0 1 3 5 5
1915.8 4589.7 0.9 34 0 7.1 7.0 7.5 2.5 2 0 3 5 5
1812.1 4417.8 1.7 40 0 6.2 6.1 7.5 2.5 2 0 3 0 0
1803.5 4683.4 1.6 216 0 6.7 6.2 5.0 2.5 2 0 2 2 2
1829.4 4727.2 2.0 212 0 7.5 6.1 7.5 2.5 2 0 3 0 0
1669.3 -165.8 -3.2 94 0 6.4 7.1 5.0 2.5 2 1 2 0 0
1711.9 -173.8 -4.0 111 0 6.8 7.1 7.5 2.5 2 1 3 2 2
1846.0 -156.4 -6.8 207 0 9.6 8.3 5.0 2.5 2 0 2 1 1
1827.9 -125.0 -6.6 199 0 7.1 8.2 5.0 2.5 2 1 2 3 3
1751.8 -1203.6 -3.0 300 0 8.0 7.8 7.5 2.5 2 0 3 3 3
1655.1 -1232.4 -3.7 317 0 7.6 13.9 7.5 2.5 2 1 3 4 4
1637.1 -1252.1 -4.5 130 0 6.9 6.9 2.5 2.5 2 1 1 4 4
1751.7 -804.3 -2.9 211 0 6.2 8.2 7.5 2.5 2 1 3 0 0
1726.5 -630.8 -4.4 346 0 8.5 8.3 7.5 2.5 2 0 3 5 5
1715.6 -622.9 -4.3 351 0 9.4 7.2 2.5 2.5 2 0 1 4 4
1636.8 -596.4 -4.1 63 0 8.5 7.7 2.5 2.5 2 0 1 4 4
1612.0 -387.7 -3.8 67 0 7.1 7.3 7.5 2.5 2 1 3 3 3
1751.3 -604.6 -5.0 224 0 7.0 13.6 7.5 2.5 2 1 3 4 4
1756.0 -273.6 -4.8 297 0 8.3 6.8 2.5 2.5 2 0 1 0 0
1879.8 -279.1 -6.5 104 0 6.3 6.8 10.0 2.5 2 1 4 4 4
1685.2 -219.9 -3.9 108 0 7.7 8.2 7.5 2.5 2 1 3 5 5
1870.8 -1289.1 -5.0 312 0 6.3 6.8 7.5 2.5 2 1 3 1 1
-415.7 2489.7 -2.2 118 0 6.3 7.3 7.5 2.5 2 1 3 3 3
-301.7 2602.6 -2.2 11 0 7.5 8.0 7.5 2.5 2 1 3 0 0
-343.6 2571.2 -3.3 187 0 12.2 8.5 5.0 2.5 2 0 2 2 2
-703.4 3478.5 -2.0 93 0 8.5 12.0 2.5 2.5 2 1 1 2 2
-565.8 3433.4 -2.3 11 0 10.8 9.2 7.5 0.0 0 0 3 1 1
-495.1 3291.7 -1.4 97 0 8.2 9.5 7.5 0.0 0 1 3 1 1
-530.1 3069.4 -2.9 107 0 6.1 8.2 10.0 2.5 2 1 4 4 4
-66.2 3192.6 -1.6 134 0 8.9 11.0 5.0 2.5 4 1 2 4 4
-262.0 3191.4 -3.3 105 0 10.8 9.4 7.5 2.5 4 0 3 4 4
-2.4 2952.6 -2.2 101 0 7.2 8.4 5.0 2.5 2 1 2 2 2
82.6 3106.2 -2.0 294 0 8.9 12.9 5.0 2.5 2 1 2 3 3
37.7 3055.4 -1.1 124 0 8.3 7.8 2.5 0.0 0 0 1 1 1
235.1 2963.9 -1.1 20 0 7.7 11.2 2.5 2.5 2 1 1 1 1
1797.2 -1072.4 -1.6 28 0 8.6 16.6 2.5 2.5 4 1 1 2 2
1652.8 -1117.1 -1.0 206 0 8.3 26.6 7.5 2.5 2 1 3 4 4
1736.4 -1144.2 -1.9 208 0 7.2 13.1 7.5 2.5 4 1 3 3 3
1786.2 -1186.4 -2.6 117 0 8.1 7.8 7.5 2.5 2 0 3 3 3
1793.7 -1189.1 -2.8 116 0 6.1 7.7 7.5 2.5 2 1 3 0 0
1793.7 -1211.0 -4.1 125 0 6.1 13.1 7.5 2.5 2 1 3 2 2
1821.8 -1058.1 -1.7 124 0 16.4 13.7 7.5 2.5 2 0 3 4 4
1879.5 -1039.7 -2.1 296 0 9.5 13.3 5.0 0.0 0 1 2 4 4
1768.4 -991.9 -2.1 26 0 18.5 7.2 5.0 0.0 0 0 2 3 3
1764.2 -1026.1 -1.9 131 0 6.2 14.5 5.0 2.5 2 1 2 3 3
1836.2 -1010.9 -2.3 289 0 7.7 9.4 7.5 2.5 2 1 3 4 4
-808.0 4138.0 0.8 192 0 6.3 6.8 5.0 2.5 2 1 2 3 3
-768.9 4115.7 0.0 5 0 17.2 9.5 5.0 2.5 2 0 2 2 2
-154.4 3862.4 -1.7 7 0 11.5 14.5 7.5 2.5 2 1 3 2 2
-212.5 3820.0 -2.2 108 0 8.8 9.6 10.0 2.5 2 1 4 1 1
-339.6 3957.3 -3.9 12 0 11.5 9.2 7.5 2.5 2 0 3 1 1
-749.5 4457.9 -0.5 112 0 8.3 10.2 2.5 2.5 2 1 1 3 3
128.5 4251.1 -1.9 116 0 8.8 12.3 5.0 2.5 4 1 2 5 5
107.4 3983.6 0.4 160 0 6.9 6.4 7.5 2.5 2 0 3 2 2
28.6 3882.0 -0.7 101 0 8.5 10.1 5.0 2.5 2 1 2 4 4
-210.1 3687.7 -2.5 190 0 7.6 9.9 7.5 2.5 2 1 3 2 2
-88.4 3727.0 -2.4 119 0 8.4 9.4 5.0 0.0 0 1 2 5 5
-142.2 3935.3 -2.3 98 0 10.4 12.2 7.5 2.5 2 1 3 5 5
-53.4 4473.3 -1.6 29 0 9.1 8.6 7.5 2.5 2 0 3 2 2
-46.7 4363.3 -2.7 196 0 7.0 7.6 7.5 2.5 2 1 3 4 4
91.0 4511.0 -3.3 92 0 9.5 9.1 2.5 2.5 2 0 1 5 5
179.8 4410.6 -3.1 119 0 6.1 8.0 5.0 2.5 2 1 2 2 2
2071.6 -760.2 0.1 93 0 12.5 13.6 2.5 2.5 2 1 1 5 5
2053.2 -767.8 0.5 101 0 8.9 9.3 7.5 0.0 0 1 3 4 4
2355.2 -783.2 -2.2 96 0 9.9 12.6 5.0 2.5 2 1 2 3 3
2489.4 -816.6 -4.7 223 0 10.5 12.4 10.0 2.5 2 1 4 2 2
2474.3 -830.3 -4.6 224 0 12.2 7.6 5.0 2.5 2 0 2 2 2
2419.8 -874.8 -4.3 224 0 9.3 13.6 5.0 2.5 4 1 2 5 5
2387.6 -890.9 -3.8 236 0 10.7 6.0 7.5 2.5 2 0 3 4 4
2364.4 -924.6 -4.1 140 0 6.4 8.8 7.5 0.0 0 1 3 2 2
2331.4 -920.1 -4.0 235 0 8.4 7.8 5.0 2.5 2 0 2 1 1
2347.5 -961.0 -5.3 147 0 7.3 9.5 7.5 2.5 2 1 3 4 4
2320.4 -951.8 -4.6 325 0 6.9 11.1 7.5 2.5 2 1 3 1 1
2282.3 -915.1 -3.5 153 0 9.3 6.1 7.5 2.5 2 0 3 2 2
2306.2 -906.6 -3.3 55 0 6.7 7.6 5.0 0.0 0 1 2 4 4
2391.4 -872.8 -3.5 59 0 6.5 12.5 10.0 2.5 4 1 4 0 0
2406.1 -817.7 -3.3 311 0 7.9 12.3 10.0 2.5 2 1 4 0 0
2371.6 -839.0 -3.0 237 0 9.5 6.3 7.5 2.5 2 0 3 5 5
2352.2 -845.9 -3.0 225 0 11.4 6.8 7.5 2.5 2 0 3 3 3
2327.0 -852.3 -2.9 242 0 9.5 6.3 2.5 2.5 2 0 1 2 2
2330.5 -859.5 -3.0 241 0 11.3 7.2 10.0 2.5 2 0 4 0 0
2310.3 -871.1 -2.7 233 0 10.6 6.9 7.5 2.5 4 0 3 1 1
2289.3 -883.9 -2.9 238 0 9.9 7.2 5.0 2.5 2 0 2 0 0
2269.8 -900.1 -3.0 146 0 8.7 11.3 7.5 2.5 2 1 3 0 0
2251.3 -835.4 -1.7 327 0 7.0 10.9 10.0 2.5 2 1 4 0 0
2227.7 -818.3 -1.3 242 0 8.7 13.1 2.5 0.0 0 1 1 1 1
2209.5 -1069.7 -5.9 221 0 9.1 7.3 5.0 2.5 2 0 2 2 2
2175.9 -1033.9 -4.9 118 0 9.7 9.5 2.5 2.5 2 0 1 2 2
2141.4 -1008.1 -3.8 124 0 8.5 6.7 7.5 2.5 2 0 3 5 5
2101.9 -1014.9 -2.0 201 0 6.2 6.4 7.5 2.5 2 1 3 1 1
2134.6 -920.9 -3.1 207 0 10.3 8.1 7.5 2.5 2 0 3 4 4
2149.5 -861.0 -0.2 186 0 7.8 11.9 5.0 2.5 2 1 2 5 5
2192.5 -795.5 -1.0 270 0 7.5 11.4 7.5 2.5 2 1 3 1 1
2135.7 -826.8 1.0 176 0 12.1 13.1 2.5 2.5 2 1 1 0 0
2109.9 -797.9 1.0 271 0 8.9 21.6 5.0 2.5 2 1 2 1 1
2081.9 -809.1 1.2 181 0 8.3 13.0 7.5 2.5 2 1 3 1 1
2048.0 -882.5 -0.1 16 0 7.6 9.1 2.5 2.5 2 1 1 5 5
2067.9 -802.7 0.6 1 0 8.2 10.5 5.0 2.5 2 1 2 0 0
2047.6 -790.3 0.4 272 0 11.3 9.9 5.0 2.5 4 0 2 2 2
2056.4 -824.1 -0.7 11 0 12.7 18.7 2.5 2.5 2 1 1 2 2
2012.0 -809.7 -0.0 278 0 11.9 9.4 5.0 2.5 2 0 2 0 0
1948.1 -794.5 -2.4 186 0 8.3 10.3 2.5 2.5 2 1 1 1 1
2113.7 -857.5 -0.7 11 0 10.9 8.5 5.0 2.5 4 0 2 0 0
2092.0 -912.6 -2.5 15 0 6.2 7.0 2.5 2.5 2 1 1 2 2
2106.0 -940.9 -2.9 359 0 6.9 12.2 5.0 0.0 0 1 2 2 2
2063.5 -978.9 -1.9 104 0 6.5 15.7 5.0 2.5 2 1 2 3 3
2089.8 -1016.8 -2.4 16 0 6.1 12.9 7.5 2.5 2 1 3 0 0
2034.8 -910.4 -0.8 2 0 6.4 6.7 5.0 0.0 0 1 2 4 4
1992.7 -920.2 -2.6 198 0 8.3 7.9 5.0 0.0 0 0 2 1 1
2036.7 -967.0 -2.1 0 0 9.7 7.8 5.0 2.5 2 0 2 5 5
2099.5 -1066.8 -1.6 30 0 7.0 8.6 7.5 2.5 2 1 3 5 5
2043.4 -1121.2 -2.1 43 0 8.4 10.4 7.5 2.5 2 1 3 3 3
2044.1 -1153.2 -5.1 222 0 8.0 7.8 5.0 2.5 2 0 2 4 4
2173.1 -767.2 -1.0 93 0 7.2 9.9 7.5 2.5 2 1 3 5 5
2156.0 -770.2 -0.8 98 0 9.5 12.1 5.0 2.5 2 1 2 1 1
3173.8 1229.9 -1.5 49 0 8.5 9.3 5.0 0.0 0 1 2 5 5
3145.2 1251.6 -1.8 226 0 8.4 12.8 2.5 2.5 2 1 1 0 0
3149.8 1214.8 -2.0 49 0 7.1 9.9 7.5 2.5 2 1 3 2 2
-730.9 5297.8 -0.6 119 0 8.7 7.7 2.5 2.5 2 0 1 2 2
3494.4 2043.1 -0.4 112 0 10.3 6.2 7.5 2.5 2 0 3 2 2
3796.3 2289.3 0.3 8 0 19.4 11.0 7.5 2.5 2 0 3 4 4
3792.0 2265.3 0.3 7 0 7.4 9.5 10.0 2.5 2 1 4 4 4
3782.6 2247.5 -0.0 12 0 16.8 8.5 7.5 0.0 0 0 3 4 4
3832.8 2107.7 -1.0 26 0 7.5 9.1 5.0 0.0 0 1 2 3 3
3912.6 2136.3 -1.4 108 0 9.2 8.9 7.5 2.5 2 0 3 3 3
3933.1 2195.4 -0.6 298 0 8.9 10.5 7.5 2.5 2 1 3 4 4
3869.6 2260.5 -1.6 313 0 32.3 10.3 7.5 2.5 2 0 3 4 4
3854.4 2136.7 -1.2 17 0 37.4 10.9 5.0 2.5 2 0 2 5 5
3819.0 2147.4 -1.1 292 0 20.7 10.8 2.5 2.5 2 0 1 3 3
3700.6 2148.2 -0.9 192 0 13.1 19.2 10.0 2.5 2 1 4 1 1
3746.2 2101.7 -1.0 184 0 6.6 9.1 7.5 2.5 4 1 3 3 3
3737.7 2072.8 -1.3 193 0 7.0 7.2 7.5 2.5 2 1 3 5 5
3750.4 2070.4 -1.4 193 0 9.7 7.9 7.5 2.5 2 0 3 1 1
3752.8 2007.0 -1.4 2 0 10.1 7.6 7.5 2.5 2 0 3 3 3
3724.0 1975.6 -0.5 183 0 9.5 8.8 5.0 2.5 2 0 2 3 3
3656.2 1961.1 0.7 204 0 6.9 11.6 7.5 2.5 2 1 3 5 5
3646.7 1941.3 0.5 203 0 6.4 6.4 10.0 2.5 2 1 4 3 3
3670.3 1835.4 -0.6 15 0 8.0 6.1 5.0 2.5 2 0 2 5 5
3676.5 2093.6 -0.1 8 0 9.7 9.9 2.5 0.0 0 1 1 2 2
3593.5 2097.3 -0.5 290 0 10.1 9.2 7.5 2.5 2 0 3 5 5
3564.0 2115.3 -1.0 275 0 10.6 10.3 10.0 0.0 0 0 4 3 3
3537.9 2079.3 -0.7 93 0 7.9 8.5 7.5 2.5 4 1 3 1 1
3634.1 2038.8 0.2 8 0 7.0 11.2 5.0 2.5 2 1 2 5 5
3645.6 2041.7 0.2 5 0 9.0 8.5 5.0 2.5 2 0 2 0 0
3641.8 2029.3 0.2 0 0 7.5 8.2 5.0 2.5 2 1 2 1 1
3622.2 2038.2 0.2 6 0 7.6 12.4 2.5 0.0 0 1 1 2 2
3570.7 2018.1 0.2 191 0 10.2 12.6 5.0 2.5 2 1 2 4 4
3566.2 1922.6 -1.5 197 0 9.5 11.4 5.0 0.0 0 1 2 5 5
3557.2 1808.8 -1.3 21 0 11.3 12.8 7.5 2.5 2 1 3 5 5
3512.5 1649.7 -1.8 201 0 9.3 9.9 7.5 2.5 2 1 3 1 1
3489.2 1496.1 -2.1 117 0 8.9 8.2 5.0 2.5 2 0 2 2 2
3247.9 1311.2 -2.2 225 0 9.7 13.4 2.5 2.5 2 1 1 2 2
3247.1 1286.2 -2.2 36 0 8.8 9.4 7.5 0.0 0 1 3 1 1
3213.7 1256.0 -1.8 44 0 9.2 10.2 5.0 2.5 2 1 2 0 0
3188.7 1243.4 -1.6 50 0 8.0 9.7 7.5 0.0 0 1 3 4 4
274.2 4932.8 -1.0 115 0 9.7 10.5 10.0 2.5 2 1 4 1 1
3214.2 2307.4 -0.4 140 0 7.3 8.2 5.0 2.5 2 1 2 1 1
3236.3 2310.3 -0.3 113 0 6.9 7.1 5.0 2.5 2 1 2 5 5
3181.5 2315.8 -0.6 316 0 8.2 10.3 5.0 2.5 2 1 2 4 4
3129.8 2263.6 -0.6 158 0 7.8 12.4 7.5 2.5 2 1 3 0 0
3177.4 2284.0 -0.5 46 0 9.6 11.6 2.5 2.5 2 1 1 5 5
3195.0 2299.7 -0.5 318 0 8.3 12.9 2.5 2.5 2 1 1 1 1
3215.4 2257.0 -0.5 226 0 6.1 7.2 7.5 0.0 0 1 3 1 1
3214.4 2273.7 -0.3 56 0 9.9 8.5 7.5 0.0 0 0 3 0 0
3231.5 2286.5 -0.2 151 0 8.6 9.4 10.0 2.5 2 1 4 1 1
3257.7 2259.3 -0.3 144 0 8.1 10.1 10.0 2.5 2 1 4 1 1
3269.4 2284.6 -0.0 146 0 8.1 9.9 5.0 2.5 2 1 2 4 4
3286.5 2268.9 -0.2 53 0 9.5 7.3 10.0 2.5 2 0 4 1 1
3335.1 2283.2 -0.1 60 0 8.9 8.4 7.5 2.5 2 0 3 5 5
3124.0 2149.4 -2.1 107 0 12.7 6.1 10.0 0.0 0 0 4 0 0
3161.4 2193.4 -1.1 265 0 6.2 8.9 5.0 2.5 4 1 2 5 5
3277.2 2179.4 -0.5 177 0 8.8 11.9 10.0 2.5 2 1 4 2 2
3353.9 2263.1 0.1 217 0 14.3 7.8 7.5 2.5 2 0 3 4 4
3350.4 2181.2 -0.2 93 0 9.7 6.2 5.0 2.5 2 0 2 0 0
3404.6 2195.9 -0.2 96 0 6.1 9.9 2.5 2.5 2 1 1 0 0
3486.4 2197.0 -0.1 292 0 13.9 12.6 5.0 2.5 2 0 2 3 3
3511.6 2202.2 0.7 296 0 7.2 8.7 7.5 0.0 0 1 3 5 5
3455.9 2145.9 -1.1 110 0 9.9 8.3 2.5 2.5 2 0 1 0 0
3508.5 2127.8 -1.6 305 0 9.5 7.7 10.0 2.5 2 0 4 0 0
3480.8 2054.8 -0.8 102 0 8.0 9.7 7.5 2.5 2 1 3 4 4
-701.6 5160.4 -0.9 24 0 9.4 7.3 7.5 2.5 2 0 3 1 1
-705.5 6388.6 -2.2 284 0 25.1 16.5 10.0 2.5 2 0 4 3 3
-701.8 6355.6 -2.5 12 0 19.7 11.1 7.5 2.5 2 0 3 2 2
-589.8 6389.9 -1.2 90 0 6.7 7.4 7.5 2.5 2 1 3 3 3
-563.5 6385.2 -1.4 5 0 9.2 11.2 2.5 2.5 2 1 1 1 1
-620.2 6432.6 -1.7 278 0 6.9 15.9 7.5 2.5 2 1 3 1 1
3754.3 2116.7 -0.8 271 0 7.0 8.1 5.0 2.5 4 1 2 5 5
3388.9 2258.9 0.4 301 0 10.9 7.2 7.5 2.5 2 0 3 4 4
3654.6 1835.3 -0.9 15 0 7.8 7.2 5.0 2.5 4 0 2 3 3
3907.4 1992.8 -2.2 20 0 6.9 8.6 5.0 2.5 2 1 2 2 2
3590.4 1824.5 -1.8 193 0 8.3 7.9 5.0 2.5 2 0 2 0 0
3646.9 1885.8 -0.2 204 0 6.6 7.6 10.0 2.5 2 1 4 4 4
3709.1 1882.6 0.6 23 0 9.0 7.2 7.5 2.5 2 0 3 1 1
3904.5 2222.7 -1.4 300 0 7.8 8.1 5.0 2.5 4 1 2 3 3
3780.9 1940.5 -1.2 23 0 7.9 7.4 5.0 2.5 2 0 2 3 3
3821.1 2026.6 -1.9 22 0 8.7 7.8 7.5 2.5 2 0 3 4 4
3802.2 2027.9 -1.9 104 0 9.8 7.5 2.5 2.5 2 0 1 5 5
3883.3 2051.1 -1.7 19 0 8.9 8.2 7.5 2.5 2 0 3 0 0
3666.0 1852.8 -0.6 17 0 9.0 11.9 5.0 2.5 2 1 2 5 5
3797.0 2315.6 -0.2 356 0 17.2 13.8 7.5 2.5 2 0 3 3 3
3159.2 2330.8 -0.7 324 0 9.0 9.7 5.0 2.5 2 1 2 1 1
3139.1 2318.8 -0.8 326 0 8.8 9.4 10.0 0.0 0 1 4 1 1
3286.1 2335.9 -0.2 324 0 9.3 11.4 5.0 2.5 4 1 2 2 2
3298.9 2329.0 -0.1 309 0 9.3 10.8 5.0 2.5 2 1 2 3 3
3262.5 2354.5 -0.3 326 0 8.8 8.5 7.5 2.5 2 0 3 3 3
3237.0 2345.3 -0.4 151 0 8.4 8.8 5.0 2.5 2 1 2 2 2
3196.5 2322.0 -0.5 140 0 11.2 7.3 7.5 2.5 2 0 3 2 2
3183.0 2338.2 -0.6 134 0 8.7 11.2 7.5 2.5 2 1 3 5 5
3226.3 2355.2 -0.5 161 0 8.1 9.5 7.5 2.5 2 1 3 2 2
3248.8 2369.3 -0.4 328 0 9.5 9.9 5.0 2.5 2 1 2 4 4
3197.9 2419.2 -0.8 331 0 8.8 9.9 2.5 2.5 4 1 1 5 5
3180.7 2435.0 -0.9 244 0 9.3 7.7 10.0 2.5 2 0 4 2 2
3159.5 2426.0 -1.0 234 0 9.1 8.1 5.0 2.5 4 0 2 3 3
3129.9 2385.0 -1.0 147 0 8.2 9.8 7.5 2.5 2 1 3 1 1
3096.8 2318.0 -0.9 142 0 8.7 8.9 7.5 2.5 2 1 3 3 3
3076.5 2311.7 -1.0 154 0 8.1 9.9 5.0 2.5 2 1 2 1 1
2998.2 3878.5 1.0 356 0 9.7 7.7 2.5 2.5 2 0 1 4 4
2995.8 3842.3 0.6 14 0 9.1 9.1 7.5 2.5 2 0 3 0 0
3184.9 3895.9 1.0 80 0 6.3 8.1 5.0 2.5 2 1 2 2 2
3280.2 3917.0 -0.0 357 0 11.0 20.8 5.0 2.5 2 1 2 1 1
3281.7 3939.1 -0.5 346 0 22.5 6.0 10.0 2.5 2 0 4 4 4
3191.1 3964.8 0.8 84 0 8.7 8.1 7.5 0.0 0 0 3 0 0
3179.3 3958.2 0.7 79 0 7.6 17.0 7.5 2.5 2 1 3 4 4
3134.8 3953.4 0.8 104 0 13.0 18.6 7.5 2.5 2 1 3 5 5
3074.1 3937.4 1.4 84 0 8.5 10.1 10.0 2.5 2 1 4 5 5
3012.9 3952.5 1.1 89 0 9.2 8.3 10.0 2.5 2 0 4 3 3
2978.6 3977.7 0.8 1 0 7.1 6.4 5.0 0.0 0 0 2 3 3
2896.0 3856.7 -1.4 178 0 10.9 6.2 5.0 2.5 2 0 2 5 5
2826.1 3900.2 -0.9 28 0 9.6 10.5 5.0 2.5 2 1 2 4 4
3003.6 3925.4 1.4 88 0 8.4 9.1 2.5 2.5 2 1 1 1 1
3950.2 5250.8 -0.9 126 0 6.2 14.4 7.5 0.0 0 1 3 5 5
3942.1 5254.5 -0.9 134 0 6.3 12.7 5.0 0.0 0 1 2 0 0
3818.4 5357.4 -1.2 128 0 6.6 11.6 5.0 2.5 2 1 2 3 3
3550.3 5609.3 -0.4 312 0 6.0 7.6 7.5 2.5 2 1 3 0 0
3696.5 5449.6 0.6 322 0 7.2 6.1 5.0 2.5 4 0 2 4 4
3679.7 5413.0 0.9 196 0 7.1 8.8 10.0 2.5 2 1 4 1 1
3761.1 5261.1 -0.9 131 0 6.4 6.1 5.0 2.5 2 0 2 5 5
3779.1 5286.9 -0.9 212 0 6.3 7.0 7.5 2.5 2 1 3 3 3
3797.7 5340.7 -1.1 304 0 6.2 14.6 7.5 0.0 0 1 3 0 0
3809.2 5272.6 -0.7 45 0 6.2 6.6 2.5 0.0 0 1 1 5 5
3879.8 5269.8 -0.5 306 0 14.4 8.0 5.0 2.5 2 0 2 3 3
3888.1 5250.6 -0.4 294 0 9.2 7.6 7.5 2.5 2 0 3 1 1
3895.8 5199.0 0.0 115 0 7.7 7.9 5.0 2.5 4 1 2 0 0
3872.5 5125.5 -1.8 200 0 7.0 14.7 7.5 2.5 2 1 3 3 3
3913.7 5092.8 -1.2 103 0 31.0 8.0 5.0 2.5 2 0 2 5 5
3960.0 5101.2 -0.4 16 0 8.9 6.2 10.0 2.5 2 0 4 1 1
3967.2 5074.1 -0.8 24 0 20.3 9.1 10.0 2.5 2 0 4 1 1
3937.6 4832.5 -0.3 194 0 6.3 6.8 7.5 2.5 2 1 3 3 3
2955.9 6862.2 -0.2 90 0 12.5 10.8 2.5 2.5 2 0 1 5 5
3254.7 6837.8 0.6 87 0 8.7 6.2 5.0 2.5 2 0 2 5 5
3031.1 6339.5 0.4 151 0 8.2 10.2 5.0 2.5 2 1 2 1 1
3039.6 6304.0 0.5 148 0 7.4 15.9 7.5 0.0 0 1 3 4 4
3093.7 6222.8 0.4 69 0 7.4 7.6 2.5 2.5 2 1 1 5 5
3079.4 6265.1 0.2 326 0 19.2 20.4 10.0 2.5 2 1 4 4 4
3071.3 6288.9 0.4 333 0 9.6 16.3 7.5 2.5 2 1 3 1 1
3052.5 6240.7 0.2 153 0 16.1 9.7 7.5 2.5 2 0 3 0 0
3074.4 6215.0 0.2 60 0 9.1 14.7 7.5 0.0 0 1 3 2 2
2786.5 6732.1 -0.9 267 0 10.0 6.5 7.5 2.5 2 0 3 1 1
2914.3 6725.9 -0.2 356 0 8.3 7.0 10.0 2.5 2 0 4 1 1
2814.8 6799.7 0.7 85 0 6.3 6.2 2.5 2.5 2 0 1 1 1
1080.7 6431.9 -2.0 31 0 8.1 17.8 5.0 0.0 0 1 2 4 4
1178.7 6403.6 -2.0 297 0 9.4 25.1 10.0 2.5 4 1 4 4 4
1549.8 6476.0 0.8 26 0 8.4 6.6 7.5 2.5 2 0 3 4 4
1550.3 5941.3 3.5 28 0 7.7 9.3 7.5 2.5 2 1 3 1 1
1538.6 5967.2 3.5 211 0 7.4 9.2 7.5 2.5 2 1 3 5 5
1468.9 6217.2 2.1 306 0 8.7 7.6 5.0 2.5 2 0 2 3 3
1505.5 6240.3 2.3 24 0 7.4 9.0 7.5 2.5 2 1 3 1 1
1560.6 6336.5 3.5 27 0 6.8 7.6 5.0 2.5 4 1 2 0 0
1337.6 6207.8 0.8 116 0 14.4 14.1 5.0 2.5 2 0 2 5 5
1338.5 6149.8 2.2 28 0 7.6 13.2 5.0 0.0 0 1 2 3 3
1436.0 6117.2 1.7 300 0 7.9 7.7 5.0 2.5 2 0 2 2 2
1417.5 6098.1 2.3 31 0 10.6 6.9 7.5 2.5 2 0 3 5 5
1501.9 6113.3 0.9 306 0 6.6 14.9 10.0 0.0 0 1 4 4 4
1535.2 6069.0 1.8 28 0 14.9 11.2 5.0 2.5 2 0 2 0 0
1517.3 6028.7 3.2 35 0 8.6 13.9 7.5 2.5 2 1 3 5 5
1463.0 6057.6 2.8 125 0 11.1 6.2 2.5 2.5 2 0 1 2 2
1434.2 6013.9 3.1 115 0 12.0 8.0 7.5 2.5 2 0 3 1 1
1386.2 6054.5 3.3 25 0 8.0 7.6 5.0 2.5 2 0 2 4 4
1311.4 5964.0 1.5 117 0 8.6 8.5 7.5 2.5 4 0 3 4 4
1212.5 5993.0 0.9 299 0 8.1 7.8 2.5 2.5 2 0 1 1 1
1030.2 6190.5 1.5 287 0 11.7 7.8 7.5 2.5 2 0 3 1 1
1134.5 6264.0 1.4 279 0 8.8 8.1 10.0 2.5 2 0 4 1 1
1149.4 6265.7 1.2 286 0 7.8 11.2 7.5 2.5 4 1 3 2 2
920.9 6443.2 0.3 198 0 8.1 11.2 5.0 2.5 2 1 2 5 5
786.5 6449.5 -1.2 9 0 7.9 9.2 7.5 2.5 2 1 3 2 2
585.5 6646.7 -0.4 28 0 6.1 9.3 7.5 2.5 4 1 3 5 5
1483.2 6812.9 2.9 95 0 8.0 8.2 5.0 2.5 2 1 2 1 1
1495.4 6865.0 3.1 275 0 8.5 7.6 7.5 0.0 0 0 3 4 4
1541.8 6669.7 1.5 0 0 8.0 8.2 7.5 2.5 2 1 3 4 4
1095.7 5508.1 2.1 122 0 6.5 10.5 10.0 2.5 2 1 4 1 1
1141.6 5533.7 2.0 298 0 8.4 8.8 10.0 2.5 2 1 4 2 2
1577.0 5583.3 1.7 305 0 8.5 11.3 2.5 2.5 2 1 1 4 4
1498.7 5547.4 0.9 206 0 8.0 7.7 7.5 2.5 2 0 3 2 2
1417.9 5414.3 -0.1 216 0 6.5 6.1 7.5 2.5 2 0 3 2 2
1386.6 5365.9 0.1 207 0 9.8 7.0 5.0 2.5 2 0 2 3 3
1421.3 5307.8 -0.5 119 0 7.6 11.6 7.5 2.5 2 1 3 0 0
1469.5 5345.8 -1.5 34 0 7.4 7.5 2.5 2.5 2 1 1 3 3
1517.9 5411.8 0.4 27 0 8.3 11.6 5.0 2.5 2 1 2 5 5
1557.0 5481.5 2.3 35 0 9.9 8.6 7.5 2.5 2 0 3 5 5
1555.0 5432.0 1.4 221 0 8.2 7.4 10.0 2.5 2 0 4 3 3
1512.9 5365.9 -0.5 217 0 7.7 8.3 7.5 2.5 2 1 3 5 5
1580.2 5329.1 -0.1 41 0 10.0 12.4 2.5 2.5 2 1 1 5 5
1568.0 5245.6 -0.1 215 0 6.5 11.3 2.5 2.5 2 1 1 3 3
1550.5 5281.1 -0.7 24 0 7.3 9.5 7.5 2.5 2 1 3 1 1
1559.4 5076.3 -0.6 215 0 11.4 7.0 7.5 2.5 2 0 3 1 1
1494.7 4967.4 -0.8 119 0 6.8 8.3 5.0 2.5 2 1 2 3 3
1556.3 4746.5 1.5 35 0 10.0 7.4 2.5 2.5 2 0 1 2 2
1460.7 4911.8 -0.4 303 0 6.8 7.9 10.0 2.5 2 1 4 1 1
1427.3 4892.1 -0.6 211 0 6.9 13.2 10.0 2.5 2 1 4 0 0
1453.8 4848.1 -0.2 29 0 9.3 9.7 7.5 2.5 4 1 3 4 4
1392.0 4812.5 -1.4 218 0 8.8 7.0 7.5 2.5 2 0 3 2 2
1355.4 4772.2 -2.4 218 0 7.2 10.9 5.0 2.5 2 1 2 2 2
1313.8 4753.6 -3.2 30 0 7.8 10.9 5.0 0.0 0 1 2 2 2
1345.7 4804.3 -2.6 34 0 10.3 11.7 5.0 2.5 2 1 2 4 4
1378.4 4857.8 -1.9 34 0 10.3 9.4 7.5 0.0 0 0 3 3 3
1493.4 5176.2 -1.3 124 0 10.5 9.2 5.0 2.5 2 0 2 4 4
1394.1 5274.8 0.3 38 0 6.6 8.0 7.5 2.5 2 1 3 5 5
1409.8 5241.2 -0.5 213 0 8.6 8.1 2.5 0.0 0 0 1 5 5
1358.0 5213.9 -0.7 36 0 7.2 10.9 5.0 2.5 2 1 2 0 0
1378.2 5185.0 -1.4 213 0 8.6 7.4 5.0 2.5 2 0 2 1 1
1347.4 5136.6 -2.6 211 0 8.0 8.0 10.0 2.5 4 0 4 3 3
1275.8 5040.1 -0.7 212 0 11.5 14.4 10.0 0.0 0 1 4 4 4
1278.4 4939.0 -0.6 123 0 20.0 9.1 5.0 2.5 4 0 2 4 4
1241.8 4966.4 0.1 212 0 11.6 33.3 10.0 2.5 4 1 4 3 3
1192.1 4869.7 -1.3 215 0 7.8 7.1 2.5 2.5 2 0 1 0 0
1160.9 4811.1 -0.9 119 0 12.8 14.6 7.5 2.5 2 1 3 1 1
1232.9 5010.8 0.3 35 0 7.3 6.9 10.0 2.5 2 0 4 4 4
1041.4 5025.6 -0.0 212 0 8.1 11.0 5.0 2.5 2 1 2 1 1
1076.0 5079.3 0.5 212 0 10.5 7.7 7.5 2.5 2 0 3 3 3
1213.7 5181.4 -2.3 199 0 8.1 13.7 10.0 0.0 0 1 4 0 0
1223.0 5294.0 -1.5 198 0 6.9 10.0 5.0 2.5 2 1 2 1 1
1248.8 5309.5 -0.8 352 0 10.1 12.7 2.5 2.5 2 1 1 0 0
1149.1 5281.3 -1.5 31 0 7.5 7.6 2.5 2.5 2 1 1 2 2
1120.5 5231.6 -2.3 33 0 7.2 7.4 10.0 2.5 2 1 4 1 1
1083.2 5178.4 -1.2 306 0 8.5 8.3 10.0 2.5 2 0 4 5 5
1052.9 5121.6 -0.5 29 0 8.6 7.6 7.5 2.5 2 0 3 4 4
1022.8 5072.3 -0.8 33 0 8.1 8.3 5.0 2.5 2 1 2 3 3
956.4 4966.1 -0.5 38 0 8.7 8.0 7.5 2.5 2 0 3 4 4
857.7 5005.1 0.7 24 0 7.4 6.2 2.5 2.5 2 0 1 3 3
833.5 5092.1 0.5 214 0 8.3 8.0 10.0 2.5 2 0 4 5 5
895.2 5200.1 1.0 216 0 8.4 8.3 7.5 2.5 2 0 3 0 0
1556.7 5686.1 2.4 34 0 8.2 9.7 2.5 2.5 2 1 1 1 1
1566.8 5807.5 3.5 42 0 6.8 7.3 7.5 2.5 2 1 3 3 3
1498.8 5753.2 2.2 208 0 6.7 6.1 10.0 2.5 2 0 4 5 5
1456.4 5688.4 0.6 212 0 6.4 6.8 7.5 0.0 0 1 3 2 2
1393.0 5737.7 0.1 117 0 7.3 8.3 5.0 2.5 2 1 2 1 1
1446.3 5927.6 2.3 30 0 7.0 7.8 5.0 2.5 2 1 2 4 4
1326.0 5875.7 0.2 213 0 6.7 9.6 5.0 2.5 2 1 2 4 4
1285.3 5820.8 -0.9 209 0 7.6 11.0 5.0 2.5 4 1 2 4 4
1327.0 5753.7 -0.8 126 0 6.7 11.7 7.5 2.5 2 1 3 1 1
973.8 5397.2 1.6 114 0 8.9 13.1 2.5 0.0 0 1 1 1 1
1030.7 5485.8 2.2 110 0 9.0 10.5 5.0 0.0 0 1 2 1 1
1296.5 5906.6 0.3 30 0 8.0 8.6 10.0 2.5 2 1 4 0 0
1259.4 5864.6 -0.5 121 0 11.1 8.0 5.0 2.5 2 0 2 5 5
1131.1 5691.6 1.9 36 0 7.3 7.7 2.5 2.5 2 1 1 0 0
1169.5 5744.1 0.9 27 0 7.0 7.1 5.0 2.5 2 1 2 1 1
1121.5 5770.1 0.9 299 0 8.9 8.3 5.0 2.5 2 0 2 2 2
1015.0 5834.0 1.4 206 0 7.5 9.1 7.5 2.5 2 1 3 3 3
915.8 5827.0 -0.5 119 0 7.0 7.1 10.0 0.0 0 1 4 5 5
1004.7 5659.5 2.1 27 0 8.0 8.2 7.5 2.5 2 1 3 5 5
923.8 5773.2 -0.3 297 0 8.9 12.1 7.5 2.5 2 1 3 0 0
855.0 5794.5 -1.9 29 0 8.8 7.9 5.0 2.5 2 0 2 4 4
900.2 5539.2 2.0 300 0 7.6 7.8 5.0 2.5 2 1 2 1 1
863.2 5560.8 2.1 304 0 8.1 10.8 2.5 2.5 2 1 1 1 1
767.0 5591.9 3.5 213 0 7.1 11.5 7.5 2.5 2 1 3 0 0
749.6 5661.2 1.4 126 0 9.3 8.1 5.0 2.5 4 0 2 0 0
728.9 5839.7 -0.6 6 0 7.8 9.7 10.0 2.5 4 1 4 2 2
1723.0 5956.3 2.5 36 0 7.0 7.9 10.0 2.5 2 1 4 4 4
761.1 4622.1 -2.6 120 0 14.2 9.3 2.5 2.5 2 0 1 3 3
1471.5 -367.6 -3.8 67 0 9.6 10.8 7.5 2.5 2 1 3 4 4
1496.1 -370.9 -3.8 239 0 6.3 6.7 10.0 2.5 2 1 4 5 5
1531.3 -518.7 -4.4 52 0 7.9 7.0 7.5 2.5 2 0 3 3 3
1503.4 -588.9 -3.7 68 0 8.1 9.4 7.5 2.5 2 1 3 4 4
1526.2 -554.5 -4.3 250 0 7.0 6.6 7.5 2.5 2 0 3 4 4
1560.1 -322.1 -4.1 62 0 8.8 6.6 5.0 2.5 2 0 2 4 4
1266.8 -143.3 -5.5 27 0 6.2 13.5 7.5 0.0 0 1 3 4 4
471.8 -150.9 -3.2 29 0 7.9 6.9 7.5 2.5 2 0 3 3 3
1736.5 -1333.0 -5.2 357 0 6.1 11.5 7.5 2.5 2 1 3 2 2
6379.0 4515.3 -2.2 6 0 11.2 12.8 10.0 2.5 2 1 4 5 5
6494.2 4072.4 -5.0 133 0 9.7 10.3 7.5 2.5 2 1 3 1 1
6508.1 4060.4 -5.0 129 0 12.2 11.2 7.5 2.5 2 0 3 5 5
5637.4 4235.7 -5.2 85 0 14.3 9.5 5.0 2.5 2 0 2 5 5
5640.6 4256.6 -5.3 351 0 9.8 14.1 5.0 2.5 4 1 2 5 5
5643.8 4286.0 -5.2 358 0 9.9 13.9 5.0 2.5 2 1 2 5 5
5613.8 4275.2 -5.3 173 0 13.9 14.1 10.0 2.5 2 1 4 2 2
5529.2 4261.6 -4.9 181 0 12.1 39.2 7.5 2.5 2 1 3 5 5
5585.5 4277.1 -5.0 353 0 35.8 14.2 12.5 0.0 0 0 5 4 4
5611.8 4309.4 -5.4 177 0 10.1 12.8 7.5 2.5 2 1 3 2 2
5617.5 4341.2 -5.3 181 0 11.4 13.5 5.0 2.5 2 1 2 1 1
5640.3 4351.1 -5.1 89 0 13.5 12.7 7.5 2.5 2 0 3 1 1
5613.2 4417.2 -5.4 271 0 11.2 11.3 10.0 2.5 2 1 4 5 5
5610.5 4430.4 -5.4 271 0 11.0 11.5 10.0 2.5 2 1 4 4 4
5638.4 4395.5 -5.2 273 0 11.1 12.9 2.5 2.5 2 1 1 3 3
5677.8 4385.1 -4.0 274 0 10.4 11.0 5.0 2.5 2 1 2 0 0
5676.3 4411.7 -4.3 277 0 10.4 12.9 7.5 2.5 4 1 3 0 0
5651.4 4424.1 -4.8 274 0 8.7 11.3 2.5 2.5 2 1 1 1 1
5540.5 4621.1 -2.8 1 0 21.2 13.0 10.0 2.5 2 0 4 0 0
5695.3 4379.9 -3.8 280 0 14.3 12.6 10.0 2.5 4 0 4 2 2
5619.7 4441.4 -5.4 93 0 12.9 14.3 2.5 2.5 2 1 1 2 2
5650.0 4463.7 -5.3 91 0 11.4 11.5 5.0 0.0 0 1 2 1 1
5644.5 4492.8 -5.6 180 0 11.7 11.2 7.5 2.5 2 0 3 3 3
5640.4 4528.1 -5.3 177 0 17.9 14.5 10.0 2.5 2 0 4 5 5
5659.2 4533.3 -5.2 194 0 13.1 12.5 7.5 2.5 2 0 3 0 0
5657.3 4549.8 -5.0 190 0 14.1 15.8 5.0 2.5 2 1 2 4 4
5585.2 4616.4 -4.0 183 0 12.3 13.1 7.5 2.5 2 1 3 4 4
5613.7 4621.9 -4.1 276 0 11.3 14.9 7.5 2.5 2 1 3 2 2
5639.1 4584.7 -4.5 183 0 10.9 14.1 2.5 2.5 2 1 1 0 0
5657.7 4581.4 -4.5 184 0 13.9 11.4 7.5 0.0 0 0 3 3 3
5680.7 4590.8 -4.5 275 0 11.4 11.7 2.5 2.5 2 1 1 0 0
5650.4 4625.3 -4.1 279 0 9.4 16.7 5.0 2.5 4 1 2 2 2
5669.7 4616.3 -4.2 289 0 10.0 15.9 7.5 2.5 2 1 3 1 1
5697.9 4441.4 -5.0 96 0 9.7 13.6 10.0 2.5 2 1 4 1 1
5754.2 4416.4 -4.7 109 0 8.0 15.1 5.0 2.5 2 1 2 5 5
5771.0 4410.8 -4.6 108 0 11.2 16.2 5.0 2.5 2 1 2 4 4
5759.7 4441.4 -5.0 102 0 8.5 9.0 7.5 2.5 2 1 3 0 0
5723.8 4454.3 -5.2 110 0 9.4 11.3 5.0 2.5 2 1 2 0 0
5736.1 4466.3 -5.4 110 0 11.5 10.0 5.0 2.5 4 0 2 1 1
5752.7 4456.2 -5.3 106 0 9.7 14.0 7.5 2.5 2 1 3 5 5
5774.0 4464.0 -5.4 18 0 11.6 8.7 5.0 2.5 2 0 2 4 4
5786.3 4458.0 -5.3 19 0 12.4 10.1 5.0 2.5 2 0 2 1 1
5714.8 4510.0 -5.5 98 0 10.7 12.3 7.5 2.5 2 1 3 5 5
5721.6 4619.0 -4.0 291 0 9.7 12.5 10.0 2.5 2 1 4 4 4
5739.6 4527.7 -5.3 14 0 14.2 9.7 10.0 2.5 4 0 4 5 5
5742.7 4551.8 -5.0 15 0 12.6 9.2 10.0 2.5 2 0 4 2 2
5760.5 4512.6 -5.5 10 0 9.6 10.7 10.0 2.5 2 1 4 5 5
5780.1 4510.5 -5.6 2 0 14.6 15.1 5.0 2.5 2 1 2 0 0
5769.2 4582.3 -4.5 11 0 10.4 10.6 7.5 2.5 2 1 3 0 0
5762.1 4616.8 -3.7 279 0 12.0 13.0 7.5 2.5 4 1 3 2 2
5776.8 4613.7 -3.6 282 0 8.3 11.7 5.0 2.5 2 1 2 1 1
5797.1 4406.1 -4.6 98 0 12.2 17.7 7.5 2.5 2 1 3 3 3
5811.0 4625.7 -3.8 278 0 26.3 36.2 10.0 0.0 0 1 4 2 2
5842.4 4610.2 -3.2 269 0 14.9 15.2 5.0 2.5 4 1 2 5 5
5965.3 4370.2 -4.0 94 0 10.7 14.4 5.0 2.5 4 1 2 5 5
5937.4 4349.7 -3.9 281 0 13.5 11.3 2.5 2.5 2 0 1 4 4
5982.7 4442.6 -3.8 357 0 12.9 17.6 7.5 2.5 2 1 3 1 1
5950.1 4608.0 -3.9 351 0 11.3 9.2 2.5 0.0 0 0 1 0 0
5933.5 4604.1 -3.9 358 0 11.4 7.6 7.5 2.5 2 0 3 4 4
5903.0 4611.6 -3.8 277 0 7.8 9.4 7.5 2.5 4 1 3 1 1
5913.7 4607.4 -3.8 277 0 9.1 8.6 7.5 0.0 0 0 3 0 0
6017.4 4195.6 -4.6 131 0 13.6 11.3 7.5 2.5 2 0 3 4 4
6054.9 4125.1 -5.6 29 0 16.3 12.6 7.5 0.0 0 0 3 3 3
6077.0 4178.8 -5.1 306 0 10.3 17.0 7.5 2.5 2 1 3 3 3
6073.3 4267.6 -4.1 138 0 11.9 17.7 5.0 2.5 2 1 2 0 0
6037.6 4484.0 -3.6 4 0 14.9 11.4 7.5 2.5 2 0 3 1 1
6018.2 4426.4 -4.2 189 0 22.5 13.4 10.0 2.5 2 0 4 5 5
6077.7 4560.8 -3.2 110 0 11.4 14.8 5.0 2.5 2 1 2 4 4
6088.7 4635.6 -2.8 205 0 14.4 13.9 7.5 2.5 2 0 3 3 3
6147.4 4608.8 -3.6 306 0 9.4 13.3 10.0 2.5 2 1 4 0 0
6186.6 4635.2 -3.9 318 0 19.7 11.0 2.5 2.5 2 0 1 4 4
6268.5 4302.8 -3.2 120 0 10.6 13.4 7.5 2.5 2 1 3 0 0
6280.5 4384.6 -3.8 7 0 11.1 10.6 7.5 2.5 2 0 3 1 1
6203.3 4511.1 -2.7 126 0 9.9 14.5 7.5 2.5 2 1 3 3 3
6235.2 4532.9 -2.2 21 0 12.7 12.4 5.0 2.5 2 0 2 0 0
-4349.4 4469.2 -2.5 284 0 12.7 13.3 10.0 2.5 2 1 4 5 5
-4113.5 4397.6 -1.8 288 0 8.8 16.0 2.5 2.5 2 1 1 1 1
-4006.6 4397.0 -3.0 97 0 10.3 10.5 10.0 2.5 2 1 4 5 5
-3299.7 4383.2 -2.8 120 0 13.2 12.0 7.5 2.5 4 0 3 1 1
-3499.2 4494.2 -1.9 19 0 15.2 24.5 7.5 2.5 2 1 3 0 0
-3579.1 4464.6 -1.0 200 0 16.0 18.5 10.0 0.0 0 1 4 1 1
-3626.9 4524.2 -1.1 20 0 10.5 10.5 10.0 2.5 2 1 4 1 1
-3515.5 4486.2 -1.5 18 0 10.5 9.2 5.0 2.5 2 0 2 0 0
6169.2 4642.2 -3.6 341 0 15.2 20.1 5.0 0.0 0 1 2 5 5
6185.3 4564.9 -1.6 115 0 9.3 17.8 7.5 2.5 2 1 3 5 5
6299.9 4499.6 -2.8 16 0 13.1 7.8 7.5 2.5 4 0 3 3 3
6232.4 4589.6 -1.5 293 0 6.8 7.4 7.5 2.5 2 1 3 3 3
6218.9 4586.2 -1.4 321 0 9.2 8.6 5.0 2.5 2 0 2 3 3
6195.5 4401.5 -4.9 109 0 8.5 8.5 7.5 2.5 2 1 3 5 5
6337.7 4668.9 -5.2 0 0 14.3 6.4 7.5 2.5 4 0 3 1 1
6000.0 4491.3 -3.3 180 0 7.2 7.6 7.5 2.5 2 1 3 0 0
5941.1 4515.9 -4.8 187 0 9.0 10.3 7.5 0.0 0 1 3 0 0
5952.2 4539.8 -4.1 8 0 10.2 10.6 7.5 2.5 2 1 3 4 4
5944.9 4571.4 -3.2 332 0 6.5 9.4 7.5 2.5 2 1 3 5 5
6333.5 4607.4 -2.2 355 0 6.4 7.1 5.0 2.5 2 1 2 5 5
6342.5 4543.9 -2.0 188 0 7.5 8.9 2.5 2.5 4 1 1 0 0
6354.0 4372.6 -3.0 357 0 7.5 7.3 5.0 2.5 2 0 2 0 0
6269.9 4348.5 -3.5 305 0 7.2 7.6 10.0 2.5 2 1 4 0 0
5424.6 4630.8 -2.7 283 0 7.9 10.2 7.5 0.0 0 1 3 3 3
5482.6 4635.9 -3.2 261 0 6.4 8.6 10.0 2.5 2 1 4 3 3
5684.7 4632.2 -4.0 292 0 7.7 15.1 10.0 2.5 2 1 4 0 0
5645.3 4636.8 -3.8 267 0 18.4 10.0 7.5 2.5 2 0 3 1 1
5669.6 4637.9 -3.9 270 0 16.9 10.7 5.0 2.5 2 0 2 1 1
5593.6 4472.8 -5.0 182 0 8.7 11.6 5.0 2.5 2 1 2 0 0
5606.5 4439.9 -5.3 65 0 7.9 8.9 2.5 2.5 4 1 1 0 0
5119.7 4672.3 -4.7 277 0 7.0 9.2 7.5 2.5 2 1 3 4 4
5036.9 4676.6 -4.8 274 0 6.4 7.9 10.0 2.5 2 1 4 5 5
4019.1 4992.9 -0.8 104 0 12.8 17.9 5.0 2.5 2 1 2 0 0
4105.8 5290.4 -1.3 28 0 17.2 9.9 7.5 2.5 2 0 3 3 3
4096.5 5276.5 -1.4 26 0 8.9 11.1 5.0 2.5 2 1 2 1 1
3986.3 5227.1 -1.0 133 0 6.3 11.0 7.5 2.5 2 1 3 5 5
4117.1 5098.3 -1.4 293 0 6.2 13.1 7.5 2.5 4 1 3 2 2
4082.0 5123.0 -1.0 285 0 8.7 11.1 5.0 2.5 2 1 2 5 5
4056.6 5180.5 -1.1 211 0 7.5 7.6 7.5 2.5 2 1 3 5 5
4063.6 5166.6 -1.0 113 0 6.8 6.9 7.5 2.5 2 1 3 4 4
4075.6 5185.0 -1.3 206 0 10.1 10.7 5.0 2.5 2 1 2 3 3
4108.7 5180.5 -1.4 37 0 11.2 7.8 5.0 2.5 2 0 2 1 1
4088.4 5231.3 -1.7 196 0 6.1 7.6 5.0 2.5 2 1 2 1 1
4107.2 5243.8 -1.7 214 0 8.7 7.1 5.0 0.0 0 0 2 4 4
4844.3 4813.3 -3.9 191 0 8.1 7.5 5.0 2.5 2 0 2 5 5
4712.3 4787.7 -3.8 116 0 15.0 9.9 7.5 2.5 2 0 3 5 5
4503.0 4881.2 -1.6 135 0 6.3 9.8 10.0 2.5 2 1 4 1 1
4424.8 4919.7 -1.5 128 0 8.9 8.7 5.0 2.5 2 0 2 0 0
4428.6 4930.4 -1.7 128 0 7.3 7.1 7.5 2.5 2 0 3 2 2
4452.6 4912.8 -1.7 122 0 20.3 10.1 10.0 2.5 2 0 4 4 4
4470.9 4903.1 -1.7 126 0 6.3 9.2 7.5 2.5 2 1 3 1 1
4289.9 5010.1 -0.5 138 0 6.8 6.1 7.5 2.5 2 0 3 3 3
4749.3 2671.0 -0.4 182 0 11.5 11.5 5.0 2.5 2 0 2 3 3
4846.7 2693.7 -1.0 99 0 12.2 11.8 7.5 2.5 2 0 3 2 2
4804.7 2611.4 -0.2 6 0 8.8 10.0 5.0 2.5 4 1 2 1 1
4784.5 2498.7 0.2 22 0 9.0 10.4 2.5 2.5 4 1 1 4 4
4852.9 2459.7 -0.2 196 0 9.7 8.9 5.0 0.0 0 0 2 0 0
4644.0 2611.8 0.2 106 0 9.4 8.0 2.5 2.5 2 0 1 5 5
4684.7 2707.1 -0.4 14 0 10.9 11.4 7.5 2.5 4 1 3 1 1
5088.4 2401.2 -3.0 189 0 16.0 12.1 10.0 2.5 2 0 4 3 3
5105.2 2377.6 -2.9 106 0 6.2 13.5 5.0 2.5 2 1 2 5 5
4820.7 2726.3 -1.1 179 0 16.8 12.0 7.5 2.5 2 0 3 5 5
4857.3 2377.1 -2.3 114 0 9.6 11.6 5.0 2.5 2 1 2 2 2
4842.0 2432.6 0.2 200 0 8.3 7.0 2.5 2.5 4 0 1 4 4
4611.7 2654.4 0.1 20 0 9.2 10.8 7.5 2.5 4 1 3 0 0
4587.6 2629.6 0.1 198 0 11.8 12.1 10.0 0.0 0 1 4 1 1
5128.5 2359.5 -2.8 101 0 15.3 11.5 10.0 0.0 0 0 4 2 2
5157.9 2406.1 -2.7 285 0 10.9 51.5 7.5 2.5 2 1 3 1 1
5142.4 2895.2 -2.5 275 0 10.8 6.7 7.5 2.5 2 0 3 0 0
4750.3 2524.9 0.2 287 0 9.1 10.0 2.5 2.5 2 1 1 0 0
4768.0 2603.1 -0.0 199 0 8.7 7.9 10.0 2.5 2 0 4 2 2
4610.9 2679.9 -0.0 212 0 7.2 6.3 5.0 2.5 4 0 2 0 0
4722.0 2542.4 0.2 197 0 13.1 11.4 7.5 2.5 2 0 3 4 4
4891.0 2406.1 -0.3 3 0 8.9 10.1 5.0 2.5 2 1 2 5 5
4737.9 2459.6 -0.3 18 0 9.9 8.1 7.5 2.5 4 0 3 3 3
4003.5 2181.1 -0.9 271 0 12.5 11.8 7.5 2.5 2 0 3 5 5
3991.1 1888.7 -1.9 192 0 12.6 11.7 5.0 2.5 4 0 2 4 4
4055.8 1881.4 -1.4 18 0 11.4 11.1 10.0 2.5 4 0 4 1 1
4241.6 1866.4 -2.1 103 0 8.6 15.4 10.0 2.5 2 1 4 2 2
4288.0 1885.1 -1.9 283 0 8.9 9.4 5.0 2.5 4 1 2 0 0
4322.3 1834.2 -1.0 193 0 9.6 10.3 10.0 0.0 0 1 4 4 4
4360.9 1822.3 -0.8 10 0 10.7 10.2 2.5 2.5 2 0 1 5 5
4483.0 1834.4 0.0 288 0 10.3 9.1 2.5 2.5 2 0 1 2 2
4474.7 1793.0 -0.8 15 0 7.6 7.7 5.0 2.5 2 1 2 1 1
4496.6 1812.5 -0.2 19 0 11.7 12.8 7.5 2.5 4 1 3 1 1
4291.7 1722.2 -1.7 188 0 9.4 7.8 7.5 2.5 2 0 3 4 4
4401.4 1717.5 -2.1 283 0 6.7 8.7 7.5 2.5 2 1 3 2 2
4302.7 1529.0 -2.0 189 0 10.7 10.4 7.5 2.5 2 0 3 3 3
4672.7 1662.6 -2.6 203 0 11.0 9.9 7.5 2.5 2 0 3 1 1
4675.1 1636.8 -2.4 23 0 11.6 12.1 7.5 2.5 2 1 3 0 0
4778.4 1815.8 -2.9 191 0 14.6 12.0 7.5 2.5 2 0 3 4 4
4940.4 1135.3 -1.9 217 0 10.1 9.2 7.5 2.5 4 0 3 1 1
4957.4 1112.0 -1.8 123 0 10.8 11.9 7.5 2.5 4 1 3 5 5
5037.5 1116.5 -1.9 139 0 12.2 11.2 2.5 2.5 2 0 1 2 2
5050.8 2267.4 -1.4 220 0 13.1 10.0 10.0 2.5 2 0 4 2 2
5135.2 2114.6 -2.3 27 0 10.7 9.7 7.5 2.5 4 0 3 5 5
5111.4 2212.0 -1.2 34 0 7.9 8.9 10.0 2.5 2 1 4 3 3
-6270.3 933.2 -4.8 193 0 8.0 8.4 7.5 2.5 2 1 3 0 0
