-6076.6 -3434.3 -16.4 137 0 9.1 8.1 7.5 2.5 2 0 3 2 2
-6192.5 -3247.7 -15.3 317 0 9.1 8.1 2.5 2.5 2 0 1 1 1
-6209.9 -3281.0 -15.8 47 0 8.1 9.1 5.0 2.5 2 1 2 0 0
-5986.4 -3217.8 -14.0 38 0 8.1 9.1 7.5 2.5 2 1 3 4 4
-5408.2 -3647.3 -15.7 118 0 14.2 14.5 2.5 2.5 2 1 1 5 5
6170.0 -6595.2 -10.3 82 0 10.6 8.4 2.5 0.0 0 0 1 4 4
5714.4 -6871.8 -14.4 82 0 10.6 8.4 5.0 2.5 2 0 2 0 0
5823.6 -6827.9 -13.3 82 0 10.6 8.4 7.5 2.5 2 0 3 5 5
5900.0 -6789.1 -14.0 82 0 10.6 8.4 2.5 2.5 2 0 1 2 2
6155.9 -6671.6 -13.6 82 0 10.6 8.4 7.5 2.5 2 0 3 0 0
6889.7 -5448.2 -12.3 90 0 7.0 7.1 5.0 2.5 2 0 2 0 0
6851.5 -5360.1 -11.1 90 0 7.0 7.1 5.0 2.5 2 0 2 4 4
6727.1 -5633.7 -11.0 180 0 7.1 7.0 5.0 2.5 2 0 2 3 3
6897.3 -5350.6 -11.3 90 0 7.0 7.1 7.5 2.5 2 1 3 4 4
6730.0 -5458.8 -10.8 0 0 7.1 7.0 7.5 2.5 2 0 3 4 4
6899.7 -5395.6 -12.4 0 0 7.1 7.0 10.0 0.0 0 0 4 1 1
6757.0 -5571.7 -10.0 270 0 7.0 7.1 5.0 2.5 2 1 2 0 0
6842.7 -5368.4 -11.4 270 0 7.0 7.1 2.5 2.5 2 1 1 4 4
6670.1 -5359.5 -7.4 270 0 7.0 7.1 5.0 2.5 2 1 2 0 0
6631.4 -5370.2 -6.5 270 0 7.0 7.1 7.5 2.5 2 1 3 1 1
6733.5 -5510.2 -10.7 0 0 7.1 7.0 10.0 2.5 2 0 4 0 0
6714.7 -5611.8 -11.0 180 0 7.1 7.0 7.5 2.5 4 0 3 4 4
6900.5 -5407.6 -12.6 0 0 7.1 7.1 7.5 2.5 2 0 3 0 0
6867.4 -5352.4 -11.1 90 0 7.1 7.1 7.5 2.5 2 1 3 5 5
6781.1 -5624.8 -10.0 0 0 7.1 7.0 5.0 2.5 2 0 2 1 1
6896.2 -5386.1 -12.1 0 0 7.1 7.0 7.5 2.5 4 0 3 3 3
6866.2 -5384.9 -11.9 270 0 7.0 7.1 5.0 2.5 2 1 2 0 0
6858.6 -5370.2 -11.5 270 0 7.0 7.1 7.5 2.5 2 1 3 4 4
6740.6 -5572.8 -10.2 0 0 7.1 7.0 10.0 2.5 4 0 4 1 1
6910.8 -5345.9 -11.2 90 0 7.0 7.1 7.5 2.5 4 1 3 4 4
6634.3 -5409.7 -6.6 90 0 7.0 7.1 7.5 2.5 2 1 3 4 4
6831.0 -5347.7 -10.8 270 0 7.0 7.1 7.5 2.5 2 1 3 0 0
6744.1 -5150.3 -10.2 90 0 7.0 7.1 7.5 2.5 2 1 3 4 4
6732.9 -5490.1 -10.9 0 0 7.1 7.0 7.5 2.5 4 0 3 0 0
6644.3 -5393.2 -6.8 90 0 7.0 7.1 10.0 2.5 2 1 4 3 3
6911.4 -5368.4 -11.7 90 0 7.0 7.1 5.0 2.5 2 1 2 5 5
6900.9 -5419.8 -12.6 0 0 7.1 7.0 7.5 0.0 0 0 3 4 4
6774.3 5963.7 6.2 284 0 7.3 8.7 7.5 2.5 2 1 3 4 4
6813.4 5950.3 5.9 286 0 10.4 7.2 7.5 2.5 2 0 3 4 4
