-3362.6 5774.5 -20.3 38 0 7.4 12.2 5.0 2.5 2 1 2 0 0
2271.2 6726.4 17.4 208 0 9.9 13.7 10.5 2.5 2 1 3 5 5
2325.7 6814.5 17.0 297 0 11.4 29.5 7.5 2.5 2 1 3 0 0
2352.2 6784.6 16.9 39 0 11.3 8.3 3.5 2.5 2 0 1 5 5
2322.4 6744.7 17.6 31 0 21.9 9.5 3.5 2.5 2 0 1 0 0
2317.5 6757.9 17.4 31 0 40.5 9.4 5.0 2.5 2 0 2 0 0
2339.8 6771.5 17.1 33 0 20.8 8.5 7.0 2.5 2 0 2 5 5
2309.4 6706.8 17.9 28 0 10.3 24.5 10.0 2.5 2 1 4 0 0
-6843.7 2173.4 -22.4 92 0 9.6 9.7 5.0 2.5 2 1 2 3 3
-6770.1 2327.0 -26.6 180 0 8.9 9.4 10.0 2.5 2 1 4 3 3
-6788.0 3200.6 -17.5 1 0 9.9 8.2 7.5 2.5 2 0 3 3 3
-6826.7 3229.5 -18.1 290 0 10.0 15.3 7.5 2.5 2 1 3 0 0
-3009.2 2157.4 -23.4 168 0 38.9 8.7 7.5 0.0 0 0 3 4 4
-1503.2 -1458.8 -14.0 13 0 8.9 7.6 5.0 2.5 2 0 2 2 2
-3046.7 5342.0 -19.0 287 0 8.3 7.1 7.5 2.5 4 0 3 3 3
-3725.2 4523.3 -23.1 90 0 16.5 18.9 15.0 0.0 0 1 6 5 5
-4203.7 4709.7 -25.5 43 0 6.3 9.9 7.5 2.5 4 1 3 1 1
-3605.8 6509.8 -21.1 158 0 9.6 10.3 5.0 2.5 2 1 2 1 1
4125.4 6727.2 -7.8 97 0 7.7 12.1 7.5 2.5 2 1 3 5 5
4047.0 6740.8 -9.0 182 0 8.8 7.9 10.0 2.5 2 0 4 5 5
4034.0 6656.9 -7.6 202 0 7.4 10.1 7.5 2.5 2 1 3 5 5
4030.3 6616.6 -7.3 180 0 10.1 7.5 2.5 2.5 2 0 1 0 0
4022.9 6560.4 -8.5 0 0 8.0 7.3 7.5 2.5 2 0 3 2 2
4041.6 6553.8 -7.6 205 0 8.1 8.8 10.0 2.5 2 1 4 3 3
4046.9 6499.0 -8.6 188 0 7.6 7.2 7.5 2.5 2 0 3 5 5
4025.7 6415.3 -13.0 287 0 10.6 40.8 12.5 2.5 2 1 5 0 0
4012.5 6415.4 -13.3 317 0 10.4 31.7 10.0 2.5 4 1 4 5 5
3989.3 6395.0 -13.4 194 0 17.1 8.4 7.5 2.5 2 0 3 4 4
3646.1 6709.2 -10.2 123 0 6.6 9.1 7.5 2.5 2 1 3 2 2
3586.4 6586.5 -10.5 220 0 8.7 9.3 10.0 2.5 2 1 4 4 4
3649.8 6518.2 -10.5 83 0 10.2 7.7 7.5 2.5 2 0 3 4 4
3728.8 6503.7 -11.5 275 0 8.6 9.9 7.5 2.5 2 1 3 5 5
3771.1 6454.9 -13.6 13 0 6.9 7.4 5.0 2.5 2 1 2 1 1
3741.7 6462.4 -12.1 13 0 7.1 8.6 5.0 2.5 4 1 2 3 3
3766.9 6410.1 -13.4 13 0 10.3 8.6 7.5 2.5 2 0 3 0 0
3757.4 6419.1 -13.0 13 0 13.6 7.1 5.0 2.5 2 0 2 4 4
3689.7 6412.2 -11.7 283 0 10.1 9.9 2.5 2.5 2 0 1 5 5
2825.0 6820.2 4.9 306 0 9.3 8.5 7.5 2.5 2 0 3 4 4
2763.1 6868.9 7.9 36 0 8.7 7.9 5.0 2.5 2 0 2 0 0
4339.6 6259.6 -10.8 299 0 6.7 7.3 2.5 2.5 2 1 1 2 2
4298.8 6214.6 -12.6 130 0 6.3 7.7 5.0 0.0 0 1 2 0 0
3861.1 6728.6 -9.9 22 0 8.3 8.2 7.5 2.5 2 0 3 0 0
3924.0 6723.0 -8.9 196 0 7.6 11.6 5.0 2.5 2 1 2 3 3
3908.8 6652.4 -10.9 103 0 7.5 11.2 5.0 2.5 2 1 2 1 1
3910.3 6634.5 -11.5 285 0 7.8 10.2 7.5 2.5 2 1 3 4 4
4443.6 6639.2 -1.2 202 0 6.4 6.1 2.5 2.5 2 0 1 1 1
4423.9 6618.7 -2.0 205 0 12.2 6.8 7.5 2.5 2 0 3 2 2
4430.6 6604.7 -2.4 211 0 6.8 7.5 5.0 0.0 0 1 2 4 4
4465.3 6583.0 -3.0 26 0 8.3 9.6 7.5 2.5 2 1 3 1 1
4424.2 6572.8 -3.4 213 0 7.3 7.0 7.5 2.5 2 0 3 2 2
4395.2 6547.3 -5.1 210 0 9.7 7.0 2.5 2.5 2 0 1 5 5
4746.9 6451.7 -3.5 102 0 7.2 10.2 5.0 2.5 2 1 2 3 3
4929.6 6452.3 1.9 101 0 7.2 10.5 7.5 2.5 2 1 3 2 2
4924.1 6394.1 2.3 192 0 10.7 7.0 2.5 2.5 2 0 1 1 1
4903.3 6271.6 -1.5 86 0 7.2 9.5 7.5 2.5 2 1 3 0 0
4846.7 6281.1 -2.2 86 0 7.4 9.6 10.0 2.5 2 1 4 4 4
4695.0 6198.8 -3.7 4 0 7.4 6.8 5.0 0.0 0 0 2 3 3
4670.8 6221.0 -4.8 274 0 9.2 17.1 2.5 2.5 4 1 1 1 1
4529.5 6238.8 -8.1 192 0 8.2 6.1 7.5 2.5 2 0 3 5 5
4418.3 6437.5 -10.5 118 0 9.9 8.8 5.0 2.5 2 0 2 3 3
4480.0 6385.5 -8.4 23 0 6.2 6.0 7.5 2.5 4 0 3 2 2
4393.2 6334.2 -9.5 212 0 8.6 6.6 7.5 0.0 0 0 3 1 1
4363.1 6561.0 -5.7 27 0 6.6 8.4 7.5 2.5 2 1 3 0 0
4321.3 6588.6 -6.8 278 0 9.8 9.1 5.0 2.5 2 0 2 0 0
3201.1 5988.2 -2.7 289 0 9.2 7.8 7.5 2.5 2 0 3 5 5
3122.2 5966.4 -1.1 205 0 8.3 8.9 10.0 2.5 2 1 4 0 0
3167.3 5903.4 -4.2 19 0 7.5 8.4 7.5 2.5 2 1 3 0 0
3130.0 5891.1 -4.8 26 0 8.7 8.9 7.5 2.5 4 1 3 4 4
3098.9 5920.8 -5.2 205 0 8.9 8.3 5.0 2.5 2 0 2 5 5
2683.2 5808.2 1.6 89 0 7.5 7.5 5.0 2.5 4 1 2 3 3
2661.8 5819.6 1.7 183 0 7.9 10.4 7.5 0.0 0 1 3 1 1
2970.7 5557.3 1.5 104 0 7.3 6.6 7.5 2.5 2 0 3 0 0
2991.4 5678.2 -3.4 182 0 8.0 9.3 5.0 2.5 2 1 2 4 4
3173.3 5467.5 -2.1 27 0 12.8 7.1 7.5 2.5 2 0 3 0 0
3818.6 5207.5 -12.8 126 0 6.6 6.2 2.5 2.5 2 0 1 5 5
3767.0 4929.0 -12.2 127 0 9.7 16.4 7.5 2.5 2 1 3 5 5
3545.8 5048.5 -10.8 120 0 7.2 8.0 5.0 2.5 2 1 2 0 0
3032.4 5456.3 2.2 145 0 6.3 12.6 10.0 2.5 2 1 4 2 2
3017.1 5445.3 2.3 338 0 31.9 9.9 10.0 2.5 2 0 4 5 5
2991.0 5471.1 2.6 272 0 14.8 9.3 7.5 0.0 0 0 3 1 1
3140.8 6080.7 0.1 18 0 8.6 8.1 7.5 2.5 2 0 3 3 3
3147.5 6154.1 1.1 275 0 8.6 6.4 7.5 2.5 2 0 3 2 2
3182.7 6209.1 0.5 125 0 8.3 11.3 2.5 2.5 4 1 1 2 2
3128.0 6225.5 2.4 198 0 7.5 8.3 7.5 2.5 2 1 3 3 3
2427.4 6866.4 16.3 190 0 7.8 6.6 10.0 2.5 2 0 4 0 0
2428.2 6835.9 16.1 187 0 7.7 8.5 5.0 2.5 2 1 2 0 0
2398.9 6790.6 16.3 216 0 9.8 8.6 7.5 2.5 4 0 3 1 1
2343.6 6654.4 18.5 25 0 9.2 7.5 10.0 0.0 0 0 4 0 0
2352.0 6739.3 17.4 213 0 6.8 10.0 7.5 2.5 2 1 3 2 2
2554.7 6672.7 9.1 212 0 7.6 10.6 2.5 2.5 2 1 1 2 2
2613.4 6632.1 8.2 300 0 8.6 6.5 10.0 0.0 0 0 4 5 5
2673.3 6461.1 9.9 109 0 9.5 8.7 5.0 2.5 2 0 2 2 2
2750.1 6387.1 4.5 94 0 7.5 9.5 5.0 2.5 4 1 2 3 3
2502.4 6836.0 15.4 275 0 7.5 11.7 5.0 2.5 2 1 2 5 5
2538.2 6780.9 11.5 20 0 7.3 9.1 7.5 2.5 4 1 3 0 0
2672.6 6867.5 9.6 295 0 9.0 9.1 5.0 2.5 2 1 2 0 0
2705.4 6830.9 7.4 117 0 9.0 18.1 7.5 2.5 4 1 3 0 0
2852.7 6738.7 2.5 117 0 9.5 6.4 7.5 2.5 2 0 3 0 0
2923.4 6698.3 1.4 116 0 11.2 8.6 10.0 2.5 4 0 4 1 1
3003.6 6646.2 -1.1 208 0 6.7 7.6 2.5 2.5 4 1 1 5 5
3070.3 6613.9 -2.5 292 0 7.6 8.8 5.0 2.5 2 1 2 5 5
3117.4 6574.4 -5.3 109 0 6.7 6.3 7.5 2.5 2 0 3 1 1
3608.4 5863.8 -8.6 116 0 9.4 8.5 10.0 2.5 2 0 4 2 2
3609.1 5901.6 -10.1 294 0 6.3 6.3 7.5 0.0 0 0 3 2 2
3603.8 5969.4 -14.6 4 0 6.8 6.9 7.5 2.5 2 1 3 3 3
3487.9 5727.3 -8.9 299 0 7.5 7.7 7.5 2.5 2 1 3 4 4
3436.5 5817.1 -4.6 115 0 9.0 8.6 7.5 2.5 2 0 3 2 2
3407.8 5956.5 -4.1 297 0 9.2 7.6 10.0 2.5 2 0 4 5 5
3363.5 5923.0 -1.8 20 0 7.4 9.0 2.5 2.5 2 1 1 0 0
3324.2 6001.3 -4.2 87 0 6.1 6.3 7.5 0.0 0 1 3 2 2
3299.4 5918.0 -2.0 99 0 7.1 6.1 5.0 2.5 2 0 2 2 2
3267.2 5893.1 -2.3 99 0 7.9 8.6 7.5 2.5 2 1 3 1 1
3255.8 5889.4 -2.5 101 0 8.9 7.3 10.0 2.5 2 0 4 0 0
3226.4 5889.3 -2.9 195 0 8.5 7.7 5.0 2.5 2 0 2 3 3
3470.2 5947.4 -5.5 307 0 6.8 9.3 7.5 2.5 2 1 3 3 3
3455.2 5954.7 -5.4 292 0 8.6 7.2 7.5 2.5 2 0 3 3 3
3560.3 5961.9 -12.2 103 0 10.6 8.0 5.0 2.5 2 0 2 2 2
3510.1 5930.8 -7.7 125 0 8.6 8.1 5.0 2.5 2 0 2 3 3
3514.0 5981.2 -9.3 198 0 8.4 9.0 7.5 0.0 0 1 3 5 5
3496.4 6023.7 -9.3 100 0 7.7 7.7 7.5 0.0 0 0 3 3 3
3488.9 6198.3 -10.6 283 0 8.3 8.0 7.5 2.5 2 0 3 3 3
3382.3 6282.2 -5.6 195 0 7.5 9.9 5.0 2.5 2 1 2 5 5
3366.0 6293.7 -4.3 17 0 7.1 10.1 7.5 2.5 2 1 3 1 1
3335.9 6304.2 -4.4 291 0 6.4 7.6 7.5 2.5 2 1 3 0 0
3307.6 6301.7 -4.2 204 0 6.9 6.7 7.5 2.5 2 0 3 1 1
3296.2 6213.0 -2.4 206 0 7.9 6.2 2.5 2.5 2 0 1 5 5
3311.5 6166.6 -4.3 115 0 8.5 8.5 5.0 2.5 2 0 2 5 5
3302.5 6183.7 -3.4 102 0 6.9 7.9 7.5 2.5 2 1 3 0 0
3245.4 6077.0 -5.5 98 0 6.7 6.7 5.0 2.5 2 1 2 1 1
3200.9 6127.6 -2.5 196 0 11.1 7.8 7.5 2.5 2 0 3 0 0
2013.0 6622.8 14.2 64 0 7.2 8.2 2.5 2.5 2 1 1 3 3
2051.6 6769.3 9.7 1 0 8.2 12.4 7.5 2.5 2 1 3 4 4
2057.0 6701.5 12.3 347 0 9.1 7.2 7.5 2.5 2 0 3 3 3
2056.8 6595.4 15.0 257 0 7.3 7.9 7.5 2.5 4 1 3 4 4
2100.1 6634.7 15.6 268 0 8.9 6.5 10.0 2.5 2 0 4 5 5
2127.8 6616.6 16.1 358 0 6.4 8.3 5.0 2.5 4 1 2 3 3
2211.1 6705.6 16.2 187 0 19.2 16.0 7.5 2.5 2 0 3 1 1
2213.4 6818.5 14.6 17 0 7.7 7.0 7.5 2.5 2 0 3 4 4
2376.4 5992.2 7.6 53 0 9.4 9.3 7.5 2.5 2 0 3 3 3
2283.9 4889.6 -10.1 151 0 6.4 7.8 5.0 2.5 2 1 2 2 2
2424.6 4811.7 -10.7 80 0 6.4 7.4 7.5 2.5 2 1 3 4 4
2498.9 4666.5 -7.6 135 0 10.7 8.4 5.0 2.5 2 0 2 0 0
2682.7 6370.6 7.6 266 0 9.2 8.3 2.5 0.0 0 0 1 5 5
1765.8 6175.7 -5.1 12 0 7.9 11.1 7.5 0.0 0 1 3 5 5
1728.4 6132.6 -5.9 192 0 9.0 8.3 10.0 2.5 2 0 4 1 1
1751.3 6121.5 -6.5 12 0 10.1 8.1 10.0 2.5 2 0 4 3 3
1743.7 5939.0 -8.0 297 0 6.7 8.1 10.0 2.5 2 1 4 3 3
1724.5 5814.5 -9.2 17 0 8.3 9.9 7.5 2.5 2 1 3 0 0
1593.0 5828.2 -10.2 86 0 8.4 7.9 2.5 2.5 2 0 1 3 3
1525.7 5825.1 -9.4 176 0 7.8 10.8 7.5 2.5 2 1 3 3 3
1476.3 5914.8 -8.2 266 0 9.6 8.9 7.5 2.5 2 0 3 0 0
1451.8 5882.6 -6.2 86 0 7.8 8.3 2.5 2.5 2 1 1 0 0
1255.4 6018.6 0.8 263 0 11.2 11.1 7.5 2.5 2 0 3 2 2
1228.6 6048.6 -1.4 83 0 9.3 8.5 7.5 2.5 2 0 3 5 5
1241.8 6051.8 -1.6 77 0 7.9 7.2 5.0 2.5 2 0 2 2 2
1264.2 6059.9 -2.4 63 0 8.1 6.9 7.5 2.5 2 0 3 0 0
1302.9 6069.4 -3.3 45 0 8.3 10.8 7.5 2.5 2 1 3 5 5
1368.2 6090.0 -5.6 194 0 8.4 9.4 5.0 2.5 2 1 2 5 5
1483.5 6073.1 -8.7 177 0 6.0 9.9 10.0 0.0 0 1 4 4 4
1599.7 6155.6 -5.6 195 0 7.9 6.3 10.0 0.0 0 0 4 5 5
1622.5 6231.4 -1.6 285 0 7.0 7.2 5.0 2.5 2 1 2 4 4
1556.3 6293.7 4.0 122 0 7.0 8.5 7.5 2.5 2 1 3 5 5
1532.9 6330.9 3.6 302 0 6.0 10.8 5.0 2.5 2 1 2 4 4
1557.5 6387.4 4.2 21 0 10.3 6.7 7.5 0.0 0 0 3 1 1
1610.8 6448.5 6.0 85 0 7.1 10.7 5.0 2.5 2 1 2 5 5
1628.4 6419.9 7.4 236 0 8.1 9.6 5.0 0.0 0 1 2 2 2
1676.2 6477.5 8.9 85 0 9.7 8.0 5.0 2.5 2 0 2 4 4
1841.8 6411.2 7.9 9 0 8.0 9.5 5.0 0.0 0 1 2 4 4
1852.1 6324.0 2.6 184 0 8.8 9.4 7.5 2.5 2 1 3 5 5
1942.5 6383.9 6.5 354 0 8.1 8.7 10.0 2.5 2 1 4 5 5
1922.0 6439.9 10.2 336 0 12.6 7.9 7.5 2.5 2 0 3 4 4
1878.0 6466.7 11.1 173 0 9.7 14.1 5.0 2.5 4 1 2 0 0
2084.3 6250.3 5.2 205 0 9.8 6.8 7.5 2.5 2 0 3 3 3
1816.5 5973.4 -6.0 2 0 8.1 9.7 10.0 2.5 2 1 4 5 5
1807.9 5913.7 -5.2 182 0 8.6 11.0 7.5 2.5 2 1 3 5 5
1864.7 5928.3 -3.7 272 0 11.4 8.0 2.5 2.5 2 0 1 1 1
2151.9 6687.5 15.1 61 0 11.3 9.3 7.5 0.0 0 0 3 3 3
2141.6 6337.3 7.9 140 0 6.2 11.4 5.0 2.5 2 1 2 2 2
2024.9 6209.6 3.8 62 0 6.8 6.9 2.5 2.5 2 1 1 5 5
2018.3 6239.6 4.0 324 0 7.8 9.4 5.0 2.5 2 1 2 5 5
1824.0 6192.5 -4.3 206 0 9.5 8.4 5.0 2.5 2 0 2 5 5
925.3 5829.3 -8.1 83 0 11.4 8.0 7.5 2.5 2 0 3 3 3
1161.7 6027.7 -0.5 80 0 8.2 8.9 2.5 2.5 2 1 1 1 1
808.2 6339.4 -7.2 121 0 11.3 9.3 7.5 2.5 4 0 3 4 4
797.0 6406.9 -9.8 200 0 7.9 6.9 7.5 2.5 4 0 3 4 4
823.5 6459.3 -11.8 219 0 7.8 7.7 2.5 2.5 2 0 1 0 0
876.4 6537.1 -13.3 23 0 8.0 7.9 2.5 0.0 0 0 1 0 0
888.8 6477.9 -11.3 120 0 6.4 7.4 5.0 2.5 2 1 2 5 5
953.2 6438.1 -8.1 120 0 8.0 6.3 7.5 2.5 2 0 3 1 1
987.7 6497.7 -9.8 16 0 7.8 7.4 2.5 2.5 2 0 1 4 4
970.9 6439.2 -8.5 109 0 12.4 18.7 2.5 2.5 2 1 1 3 3
1000.3 6453.5 -8.3 32 0 7.1 9.3 7.5 2.5 2 1 3 3 3
1013.3 6482.9 -8.8 22 0 8.1 9.7 2.5 0.0 0 1 1 1 1
1120.8 6589.9 -10.4 113 0 11.7 8.1 7.5 2.5 2 0 3 0 0
833.4 6821.5 -6.4 41 0 6.8 9.0 7.5 2.5 2 1 3 3 3
882.8 5674.4 -9.3 98 0 10.1 7.5 7.5 2.5 2 0 3 2 2
1743.5 5313.9 -1.9 339 0 6.2 6.5 10.0 2.5 2 1 4 1 1
2024.8 5011.8 -4.7 107 0 12.3 14.5 7.5 2.5 2 1 3 2 2
1684.6 5520.5 -2.6 148 0 6.0 9.7 5.0 0.0 0 1 2 2 2
1624.8 5578.0 -3.7 49 0 7.2 10.8 10.0 2.5 2 1 4 0 0
1673.3 5604.9 -5.0 344 0 9.9 8.4 5.0 2.5 2 0 2 4 4
1697.6 5710.3 -8.0 178 0 8.1 8.6 2.5 2.5 2 1 1 1 1
1667.8 5679.3 -7.3 354 0 8.1 10.5 10.0 2.5 2 1 4 4 4
1614.0 5724.2 -9.5 256 0 10.5 8.4 2.5 2.5 2 0 1 5 5
1676.9 6854.8 3.4 172 0 6.3 11.7 7.5 2.5 2 1 3 3 3
1829.4 6821.6 8.8 2 0 10.4 10.7 5.0 2.5 2 1 2 3 3
2199.6 6657.0 17.1 267 0 6.8 7.7 10.0 2.5 2 1 4 1 1
1967.2 6736.9 11.0 81 0 8.3 8.4 7.5 2.5 2 1 3 0 0
1940.6 6555.5 14.1 34 0 9.1 10.5 5.0 0.0 0 1 2 3 3
1952.3 6513.7 13.4 238 0 6.1 8.7 5.0 0.0 0 1 2 3 3
1523.1 6722.3 -0.3 79 0 8.8 10.1 7.5 2.5 2 1 3 4 4
1492.5 6578.9 -0.4 49 0 8.4 8.4 5.0 0.0 0 1 2 3 3
1383.2 6614.2 -4.4 31 0 9.0 6.9 5.0 2.5 4 0 2 0 0
1147.6 6408.4 -5.2 34 0 8.2 8.4 10.0 2.5 2 1 4 3 3
1374.3 6279.6 -1.9 297 0 7.4 7.1 5.0 2.5 2 0 2 3 3
1511.9 6150.6 -5.6 120 0 9.0 8.0 7.5 2.5 2 0 3 2 2
1023.4 6760.3 -6.9 234 0 6.3 8.3 7.5 2.5 2 1 3 0 0
1021.6 6711.8 -8.8 168 0 9.5 12.6 5.0 2.5 2 1 2 3 3
5642.7 5975.7 -2.5 283 0 7.0 8.3 7.5 2.5 2 1 3 5 5
6879.2 6512.3 -11.6 153 0 8.8 7.3 7.5 2.5 2 0 3 5 5
6909.7 6539.5 -10.2 328 0 8.7 9.4 2.5 2.5 2 1 1 0 0
6910.5 6588.2 -9.7 339 0 6.9 7.0 5.0 2.5 4 1 2 0 0
5804.9 5847.7 -11.5 233 0 6.6 8.1 10.0 2.5 2 1 4 3 3
2478.0 6240.2 13.1 41 0 10.4 7.0 5.0 2.5 4 0 2 3 3
1915.1 6344.8 4.3 50 0 6.9 11.8 5.0 2.5 4 1 2 0 0
2157.0 6009.2 3.8 14 0 7.3 10.7 2.5 2.5 2 1 1 4 4
2106.3 5999.9 2.4 249 0 7.6 8.8 10.0 2.5 2 1 4 4 4
3643.8 6553.4 -10.1 329 0 11.0 8.4 5.0 2.5 2 0 2 0 0
3619.4 6543.7 -10.8 162 0 11.8 7.0 7.5 2.5 2 0 3 0 0
3652.0 6470.4 -10.3 129 0 8.5 7.8 5.0 2.5 2 0 2 4 4
3463.9 6449.8 -12.8 208 0 7.7 6.6 7.5 2.5 2 0 3 4 4
3471.5 6437.0 -12.9 203 0 7.9 9.0 5.0 2.5 2 1 2 5 5
3458.1 6331.1 -10.4 21 0 10.0 9.9 7.5 2.5 2 0 3 2 2
3302.8 6320.0 -5.1 204 0 7.4 7.6 2.5 2.5 4 1 1 4 4
2530.9 5686.9 0.3 302 0 6.6 9.3 5.0 2.5 2 1 2 4 4
2433.2 6242.6 12.4 219 0 7.5 7.1 7.5 2.5 2 0 3 1 1
2226.7 6679.7 16.8 82 0 11.0 6.3 5.0 2.5 2 0 2 5 5
2288.7 6633.6 18.7 354 0 8.8 7.4 2.5 2.5 2 0 1 5 5
6103.8 6034.9 -10.9 51 0 6.1 9.0 5.0 2.5 4 1 2 3 3
2638.4 5533.0 -3.0 285 0 9.2 7.0 10.0 2.5 2 0 4 2 2
3452.2 6040.4 -8.6 197 0 9.4 8.9 5.0 2.5 2 0 2 2 2
3115.5 5877.4 -5.3 38 0 7.7 7.1 7.5 2.5 2 0 3 0 0
2569.4 6609.0 10.7 16 0 6.5 9.5 7.5 2.5 2 1 3 1 1
2000.0 5196.1 -6.8 336 0 14.8 10.5 5.0 2.5 2 0 2 3 3
1965.4 5040.8 -0.9 286 0 6.0 7.1 5.0 2.5 2 1 2 2 2
1663.0 5896.9 -10.4 19 0 8.0 7.2 7.5 2.5 2 0 3 4 4
1850.0 6635.4 12.4 69 0 9.3 7.4 5.0 2.5 2 0 2 4 4
-2316.7 5270.2 -19.3 60 0 6.4 6.2 5.0 2.5 2 0 2 4 4
1220.6 6231.9 -1.0 290 0 9.3 6.7 7.5 2.5 2 0 3 3 3
1170.1 6229.6 -1.4 108 0 10.0 6.2 5.0 0.0 0 0 2 5 5
2069.1 6271.8 5.7 30 0 6.5 12.4 7.5 2.5 2 1 3 5 5
1451.0 4588.4 -15.5 95 0 6.9 6.3 7.5 2.5 2 0 3 2 2
-3115.1 -2622.9 -11.1 111 0 6.5 10.3 7.5 2.5 2 1 3 5 5
2299.2 4814.9 -10.7 351 0 7.3 11.7 7.5 2.5 4 1 3 3 3
4014.5 6330.7 -14.2 25 0 17.6 14.5 5.0 0.0 0 0 2 0 0
4046.0 6315.3 -13.9 202 0 9.2 11.5 5.0 2.5 2 1 2 0 0
4070.5 6304.0 -14.3 15 0 6.4 12.3 5.0 0.0 0 1 2 5 5
6895.4 6575.2 -10.6 326 0 6.6 9.4 10.0 2.5 4 1 4 1 1
2546.3 4611.9 -11.5 283 0 8.7 11.0 7.5 2.5 2 1 3 0 0
