6593.5 -608.2 -2.6 25 0 8.8 13.8 7.5 2.5 4 0 3 0 0
6323.1 -327.6 -8.2 44 0 15.3 19.1 5.0 0.0 0 0 2 1 1
6732.5 -623.1 -1.3 121 0 9.9 8.3 2.5 2.5 4 0 1 4 4
6831.2 -575.7 -1.3 127 0 8.1 6.4 2.5 2.5 2 0 1 5 5
6640.7 -468.3 0.5 113 0 9.6 7.6 2.5 2.5 4 0 1 4 4
6660.6 -399.7 0.9 121 0 10.1 9.6 2.5 2.5 4 0 1 0 0
6831.8 -634.3 -0.8 134 0 12.1 10.0 2.5 2.5 4 0 1 2 2
6593.7 -1037.2 -1.8 212 0 7.8 8.8 2.5 2.5 2 0 1 0 0
6427.3 -647.8 -2.6 29 0 6.8 10.2 2.5 2.5 2 0 1 3 3
6624.8 -732.2 -1.9 20 0 7.9 7.3 2.5 2.5 2 0 1 4 4
6630.9 -787.2 -1.7 19 0 7.8 6.7 2.5 2.5 2 0 1 5 5
6734.2 -377.6 -0.6 123 0 7.3 9.1 5.0 2.5 2 0 2 4 4
6611.5 -709.0 -2.2 22 0 8.3 8.1 2.5 2.5 2 0 1 2 2
6750.2 -671.0 -0.8 111 0 10.1 7.2 2.5 2.5 2 0 1 0 0
6869.0 -216.8 -2.2 141 0 7.6 8.9 3.5 3.5 4 1 1 1 1
6121.6 -660.3 -2.7 38 0 7.5 7.4 2.5 2.5 2 0 1 1 1
6618.9 -809.9 -1.9 22 0 9.9 11.7 2.5 2.5 2 0 1 1 1
6766.1 -655.2 -0.7 127 0 6.2 7.8 2.5 2.5 4 0 1 3 3
6758.5 -445.7 -1.4 110 0 10.2 7.1 2.5 2.5 2 0 1 1 1
6545.1 -453.8 -0.7 32 0 8.7 9.1 2.5 2.5 2 0 1 0 0
6263.5 -527.3 -1.1 31 0 6.8 9.6 2.5 2.5 2 0 1 1 1
6361.5 -262.5 -5.5 39 0 9.8 7.2 2.5 2.5 4 0 1 2 2
6604.3 -570.7 -3.3 104 0 7.1 8.1 2.5 2.5 2 0 1 2 2
6648.4 -956.8 -2.2 121 0 8.2 7.8 2.5 2.5 2 0 1 5 5
6616.5 -549.4 -2.4 116 0 9.0 8.0 2.5 2.5 2 0 1 1 1
6664.1 -973.7 -2.2 123 0 12.5 8.0 2.5 2.5 2 0 1 1 1
6740.5 -327.4 0.2 131 0 7.9 8.1 5.0 2.5 2 0 2 2 2
6811.5 -681.8 -0.8 123 0 7.9 7.9 2.5 2.5 2 0 1 3 3
6899.9 -159.6 -4.4 244 0 9.3 8.9 3.5 3.5 2 0 1 0 0
6222.8 -638.2 -1.1 32 0 8.4 9.0 2.5 2.5 2 0 1 3 3
6866.9 -608.9 -0.8 123 0 7.0 13.0 2.5 2.5 2 0 1 4 4
6621.5 -535.5 -1.8 111 0 12.9 30.1 5.0 2.5 2 0 2 0 0
6811.1 -606.1 -0.8 126 0 7.0 9.9 2.5 2.5 2 0 1 3 3
6786.4 -665.1 -0.7 123 0 7.9 7.7 2.5 2.5 2 0 1 0 0
6648.6 -324.2 0.0 119 0 10.1 9.4 2.5 2.5 2 0 1 1 1
6816.1 -554.6 -1.9 123 0 13.5 11.4 2.5 2.5 2 0 1 1 1
6196.4 -576.4 -6.0 32 0 6.6 8.2 2.5 2.5 4 0 1 5 5
6807.5 -646.5 -0.8 126 0 8.9 10.4 2.5 2.5 2 0 1 0 0
5739.6 -1290.9 -8.7 30 0 6.9 9.1 2.5 2.5 2 1 1 0 0
6414.4 -664.2 -2.2 28 0 8.1 10.3 2.5 2.5 2 0 1 4 4
6734.2 -662.5 -0.8 120 0 8.4 7.8 2.5 2.5 2 0 1 1 1
6402.1 -206.3 -7.6 35 0 7.0 10.6 2.5 2.5 1 0 1 0 0
6646.9 -453.9 0.6 102 0 13.9 8.4 2.5 2.5 2 0 1 3 3
6214.2 -559.6 -4.8 38 0 6.7 9.5 2.5 2.5 2 0 1 0 0
6197.8 -548.6 -9.0 37 0 6.5 12.3 2.5 2.5 2 0 1 1 1
6272.6 -637.1 -2.9 31 0 8.2 10.9 2.5 2.5 4 0 1 3 3
6542.6 -286.6 -0.9 53 0 9.8 8.3 2.5 2.5 2 0 1 1 1
6745.9 -641.6 -0.7 127 0 11.0 6.6 2.5 2.5 2 0 1 4 4
6572.3 -481.7 -1.3 28 0 7.5 12.3 2.5 2.5 2 0 1 5 5
6723.0 -854.1 -1.3 113 0 10.6 8.9 2.5 2.5 2 0 1 2 2
6558.3 -473.7 -1.2 20 0 7.9 13.1 2.5 2.5 4 0 1 1 1
6715.0 -768.1 -0.8 108 0 6.6 8.1 2.5 2.5 4 0 1 3 3
6633.4 -387.9 0.6 113 0 8.3 9.3 2.5 2.5 2 0 1 3 3
6359.8 -380.3 -1.8 32 0 13.5 9.1 2.5 2.5 2 0 1 4 4
6570.1 -555.4 -4.6 115 0 13.1 26.9 2.5 2.5 2 0 1 4 4
6534.2 -448.4 -1.0 20 0 8.3 9.9 2.5 2.5 2 0 1 2 2
6446.5 -282.5 -8.3 53 0 14.6 10.5 2.5 2.5 2 0 1 3 3
6717.2 -751.0 -0.8 109 0 7.0 8.5 5.0 2.5 2 0 2 0 0
6442.0 -329.9 -8.6 58 0 16.7 17.3 2.5 2.5 4 0 1 1 1
6117.3 -763.1 -5.2 31 0 7.6 7.6 2.5 2.5 2 0 1 1 1
6137.6 -736.5 -3.1 38 0 8.5 7.2 2.5 2.5 2 0 1 3 3
6719.9 -696.5 -0.8 126 0 7.6 13.1 2.5 2.5 2 0 1 0 0
6710.7 -370.6 -0.1 121 0 11.2 10.1 2.5 2.5 4 0 1 5 5
6569.4 -398.5 -1.3 31 0 9.4 15.2 2.5 2.5 4 0 1 4 4
6600.6 -496.0 -1.5 29 0 8.8 28.6 2.5 2.5 2 0 1 2 2
6565.8 -301.0 -0.7 60 0 11.2 8.7 2.5 2.5 2 0 1 2 2
6453.7 -678.8 -3.4 23 0 7.6 8.0 2.5 2.5 2 0 1 2 2
6659.8 -773.6 -1.5 25 0 7.8 11.4 2.5 2.5 2 0 1 4 4
6548.6 -789.9 -2.6 19 0 7.6 12.3 2.5 2.5 4 0 1 0 0
6747.8 -603.6 -1.5 123 0 10.1 8.5 2.5 2.5 2 0 1 5 5
6597.6 -529.1 -2.6 110 0 8.9 35.1 2.5 2.5 2 0 1 1 1
6572.7 -280.8 -0.8 50 0 6.9 7.7 2.5 2.5 2 0 1 4 4
6518.8 -331.9 -1.5 56 0 10.0 7.8 2.5 2.5 2 0 1 2 2
6879.1 -184.4 -1.9 232 0 8.9 9.3 3.5 3.5 2 1 1 0 0
6792.0 -692.9 -0.8 123 0 11.4 6.6 2.5 2.5 2 0 1 1 1
6323.1 -413.9 -1.3 31 0 18.9 9.4 2.5 2.5 2 0 1 3 3
6311.1 -440.5 -3.8 31 0 11.7 35.2 2.5 2.5 2 0 1 2 2
5735.8 -1248.0 -9.4 294 0 13.3 8.1 2.5 2.5 2 0 1 4 4
6634.5 -759.2 -1.7 9 0 7.6 12.5 2.5 2.5 4 0 1 0 0
6616.7 -697.9 -1.9 22 0 6.4 8.3 2.5 2.5 2 0 1 0 0
6611.6 -323.6 -0.2 117 0 12.8 9.4 2.5 2.5 4 0 1 3 3
6233.7 -617.9 -1.0 31 0 6.6 9.4 2.5 2.5 2 0 1 2 2
6550.2 -762.7 -2.7 13 0 8.4 10.5 2.5 2.5 4 0 1 2 2
6787.2 -414.8 -2.2 117 0 11.5 7.2 2.5 2.5 4 0 1 0 0
6182.5 -695.1 -1.2 31 0 8.4 8.9 7.5 2.5 2 0 3 1 1
6676.6 -401.8 0.1 114 0 8.4 11.5 2.5 2.5 4 0 1 3 3
6343.5 -425.2 -3.2 31 0 18.7 13.3 2.5 2.5 2 0 1 1 1
6643.7 -392.6 0.7 112 0 9.6 8.8 5.0 2.5 2 0 2 5 5
6768.0 -458.4 -1.6 112 0 8.0 7.2 2.5 2.5 4 0 1 2 2
6696.0 -314.3 0.2 31 0 7.5 12.9 2.5 2.5 4 0 1 0 0
6636.7 -987.4 -2.0 36 0 9.2 8.0 2.5 2.5 2 0 1 3 3
6624.0 -1000.4 -1.9 32 0 6.6 12.7 2.5 2.5 2 1 1 3 3
6806.9 -305.7 -2.0 108 0 9.7 13.6 2.5 2.5 2 0 1 4 4
6406.4 -378.5 -7.7 29 0 12.7 13.9 5.0 2.5 4 0 2 0 0
6515.3 -275.4 -1.2 53 0 13.5 17.3 5.0 2.5 2 0 2 1 1
6853.5 -501.7 -2.2 123 0 7.3 11.2 2.5 2.5 2 0 1 3 3
6678.6 -714.2 -1.4 105 0 9.7 7.7 2.5 2.5 2 0 1 5 5
6150.4 -4222.5 -4.4 313 0 9.1 8.0 10.0 2.5 2 0 4 3 3
5913.6 -4300.6 -4.0 212 0 6.1 8.7 7.5 2.5 2 1 3 5 5
6098.4 -4203.1 -4.3 225 0 6.8 6.5 7.5 2.5 2 0 3 4 4
6098.0 -4399.9 -2.9 46 0 6.9 7.2 7.5 2.5 4 1 3 1 1
6071.5 -4164.3 -3.4 314 0 10.0 6.6 5.0 2.5 2 0 2 1 1
5988.2 -4365.0 -2.9 123 0 6.6 6.2 7.5 2.5 2 0 3 0 0
6135.2 -4227.8 -4.3 223 0 6.4 12.1 2.5 2.5 2 1 1 0 0
6106.9 -4358.2 -2.7 306 0 10.4 6.2 7.5 2.5 2 0 3 1 1
5508.8 -2837.7 -1.4 49 0 11.6 7.8 5.0 2.5 2 0 2 5 5
5486.3 -2707.4 -0.2 130 0 12.4 7.0 5.0 2.5 2 0 2 0 0
5619.8 -2654.9 -3.2 292 0 7.3 9.8 2.5 2.5 2 1 1 3 3
4904.9 -2991.2 -3.7 122 0 11.1 7.7 2.5 2.5 1 0 1 4 4
6185.0 -761.7 -5.5 38 0 8.3 8.3 2.5 2.5 2 0 1 4 4
6066.5 -901.5 -7.5 43 0 8.7 6.5 2.5 2.5 2 0 1 1 1
6325.9 -529.4 -2.7 38 0 14.3 7.2 2.5 2.5 2 0 1 0 0
6721.5 -728.5 -0.8 116 0 7.5 7.3 2.5 2.5 2 0 1 5 5
6272.9 -1560.8 -2.5 39 0 7.6 11.1 2.5 2.5 4 1 1 1 1
6193.2 -1534.0 -2.0 128 0 7.0 6.1 2.5 2.5 2 0 1 2 2
6302.8 -1333.2 -3.6 36 0 8.6 6.4 2.5 2.5 2 0 1 4 4
6301.5 -1455.1 -2.9 227 0 6.3 6.4 2.5 2.5 2 1 1 3 3
6292.7 -1444.7 -2.9 221 0 7.9 9.3 2.5 2.5 2 1 1 1 1
6387.9 -1585.5 -2.8 220 0 11.5 7.3 2.5 2.5 2 0 1 4 4
6341.8 -1412.4 -2.0 214 0 11.5 8.1 2.5 2.5 2 0 1 4 4
6334.2 -1296.6 -5.1 39 0 7.7 7.1 2.5 2.5 2 0 1 2 2
6395.0 -1286.3 -5.5 225 0 7.0 13.7 2.5 2.5 2 1 1 5 5
6304.0 -1556.1 -3.0 123 0 6.4 8.2 2.5 2.5 2 1 1 3 3
6382.1 -1307.0 -4.9 131 0 16.2 7.5 2.5 2.5 2 0 1 5 5
6363.9 -1335.2 -3.4 312 0 8.5 14.1 2.5 2.5 2 1 1 5 5
6279.3 -1469.7 -3.2 121 0 7.1 6.9 5.0 2.5 2 0 2 4 4
5956.1 -1263.1 -6.7 116 0 6.4 11.0 2.5 2.5 2 1 1 3 3
5986.5 -1141.6 -3.1 269 0 6.9 7.4 2.5 2.5 2 1 1 1 1
6105.7 -4389.7 -2.7 42 0 6.2 7.0 5.0 2.5 4 1 2 3 3
6480.9 -1169.1 -3.4 58 0 6.1 6.3 2.5 2.5 2 1 1 1 1
6529.2 -1139.3 -3.5 62 0 8.5 6.6 2.5 2.5 2 0 1 4 4
6576.9 -364.3 -0.8 102 0 8.1 13.1 2.5 2.5 4 0 1 1 1
5957.7 -4244.1 -3.5 307 0 7.6 6.9 7.5 2.5 4 0 3 0 0
6273.1 589.2 -8.3 232 0 6.1 20.5 2.5 0.0 0 1 1 4 4
6310.4 616.9 -8.1 232 0 19.1 12.6 2.5 2.5 2 0 1 1 1
6327.0 571.8 -9.7 55 0 10.6 12.6 2.5 2.5 2 1 1 4 4
5997.6 -4358.8 -2.8 123 0 8.4 6.7 5.0 2.5 2 0 2 5 5
6251.7 -2066.4 -3.6 353 0 7.3 11.7 2.5 0.0 0 1 1 2 2
6300.2 -1962.2 -3.9 138 0 9.1 10.5 2.5 2.5 2 1 1 3 3
6250.7 -1867.5 -3.8 320 0 7.8 8.4 2.5 2.5 2 1 1 0 0
6026.8 -2097.5 -4.6 38 0 11.2 10.0 2.5 2.5 2 0 1 2 2
6313.2 -1919.9 -3.4 142 0 7.7 10.3 2.5 2.5 2 1 1 1 1
6073.5 -2194.9 -3.5 310 0 6.1 7.9 2.5 2.5 2 1 1 4 4
6169.1 -2030.3 -3.1 144 0 7.3 10.2 2.5 2.5 2 1 1 3 3
6100.8 -2095.3 -2.8 133 0 10.7 7.8 2.5 2.5 2 0 1 5 5
6270.6 -1771.0 -3.8 318 0 7.5 9.6 2.5 2.5 2 1 1 0 0
6320.2 -2008.0 -4.2 319 0 7.4 8.8 2.5 2.5 2 1 1 3 3
6331.5 -1902.1 -3.3 320 0 7.3 10.8 2.5 2.5 2 1 1 5 5
5954.1 -2094.5 -4.3 307 0 7.7 10.0 2.5 2.5 2 1 1 4 4
6070.3 -2068.9 -3.2 131 0 10.1 6.7 2.5 2.5 2 0 1 4 4
6348.7 -1924.0 -3.6 324 0 7.5 9.4 2.5 2.5 2 1 1 5 5
6100.2 -2057.3 -2.6 37 0 10.8 6.9 2.5 2.5 2 0 1 5 5
6138.2 -2163.5 -2.9 217 0 10.1 7.2 2.5 2.5 2 0 1 3 3
6020.0 -2109.7 -4.8 42 0 10.2 6.9 2.5 2.5 2 0 1 3 3
6266.8 -1807.3 -3.7 136 0 7.4 9.2 2.5 2.5 2 1 1 5 5
6013.4 -2021.1 -3.8 127 0 6.9 10.5 2.5 2.5 2 1 1 0 0
6295.3 -1977.4 -3.9 321 0 8.5 8.0 2.5 2.5 2 0 1 3 3
6204.8 -1907.8 -3.7 140 0 7.1 10.1 2.5 2.5 2 1 1 3 3
6013.9 -2145.2 -4.6 317 0 7.4 10.5 2.5 2.5 2 1 1 5 5
6206.8 -1989.9 -3.2 321 0 7.5 9.2 2.5 2.5 2 1 1 0 0
6029.1 -1996.3 -3.0 219 0 10.3 7.3 2.5 2.5 2 0 1 3 3
6224.0 -1891.0 -3.9 321 0 7.6 9.6 2.5 2.5 2 1 1 3 3
6141.3 -2096.2 -2.6 223 0 8.3 10.7 2.5 2.5 2 1 1 1 1
5990.2 -2126.2 -5.1 311 0 7.4 9.7 2.5 2.5 2 1 1 3 3
6304.9 -1986.6 -4.0 316 0 6.9 9.5 2.5 2.5 2 1 1 4 4
6237.4 -1910.0 -3.7 317 0 8.2 9.0 2.5 2.5 2 1 1 1 1
6263.7 -1941.0 -3.5 320 0 9.1 8.0 2.5 2.5 2 0 1 0 0
6082.3 -2185.0 -3.5 133 0 7.3 9.2 2.5 2.5 2 1 1 2 2
6363.4 -1939.9 -3.8 316 0 6.9 9.5 2.5 2.5 2 1 1 0 0
6087.5 -2017.1 -2.4 44 0 6.9 10.2 2.5 2.5 2 1 1 3 3
6061.0 -2013.8 -2.8 221 0 12.9 8.2 2.5 2.5 2 0 1 4 4
6111.6 -2174.5 -3.4 41 0 6.9 9.3 2.5 2.5 2 1 1 1 1
6272.3 -2044.7 -3.9 138 0 7.5 9.5 2.5 2.5 2 1 1 0 0
6289.9 -2031.0 -4.0 318 0 9.1 7.8 2.5 2.5 2 0 1 5 5
6093.2 -2195.2 -3.3 134 0 6.7 10.2 2.5 2.5 2 1 1 1 1
6146.4 -2066.1 -2.7 39 0 6.7 9.6 2.5 2.5 2 1 1 1 1
5973.0 -2109.0 -4.9 310 0 7.0 10.6 2.5 2.5 2 1 1 1 1
6186.8 -2005.1 -3.2 143 0 10.1 7.5 2.5 2.5 2 0 1 5 5
6046.1 -2012.1 -3.1 34 0 8.0 11.3 2.5 2.5 2 1 1 2 2
6232.2 -1884.0 -3.8 138 0 6.9 9.6 2.5 2.5 2 1 1 2 2
6207.5 -2076.4 -3.2 142 0 8.6 7.6 2.5 2.5 2 0 1 5 5
6279.5 -1848.5 -3.6 230 0 9.3 7.4 2.5 2.5 2 0 1 1 1
6112.5 -2140.1 -3.2 222 0 9.8 6.6 2.5 2.5 2 0 1 0 0
6117.0 -2043.3 -2.6 40 0 7.4 9.9 2.5 2.5 2 1 1 3 3
6240.3 -2025.6 -3.6 324 0 7.9 10.4 2.5 2.5 2 1 1 5 5
6353.8 -1968.5 -4.0 137 0 9.6 6.8 2.5 2.5 2 0 1 5 5
6323.7 -1955.9 -3.9 320 0 8.1 9.2 2.5 2.5 2 1 1 2 2
5965.4 -2083.2 -4.5 131 0 8.6 11.6 2.5 2.5 2 1 1 0 0
6049.3 -2181.0 -3.8 42 0 9.9 6.8 2.5 2.5 2 0 1 2 2
6231.6 -1930.1 -3.5 53 0 7.1 8.9 2.5 2.5 2 1 1 4 4
6063.6 -2051.3 -3.2 40 0 9.8 6.7 2.5 2.5 2 0 1 3 3
6071.9 -2169.8 -3.8 45 0 7.7 9.7 2.5 2.5 2 1 1 0 0
6330.7 -1996.3 -4.3 137 0 9.9 7.6 2.5 2.5 2 0 1 5 5
6072.1 -2002.0 -2.4 220 0 10.3 7.0 2.5 2.5 2 0 1 2 2
6023.2 -2151.1 -4.3 311 0 7.1 9.2 2.5 2.5 2 1 1 3 3
5987.0 -2087.5 -4.9 41 0 7.0 10.7 2.5 2.5 2 1 1 4 4
6014.0 -2053.7 -4.3 39 0 9.9 12.2 2.5 2.5 2 1 1 1 1
6283.3 -2003.6 -4.0 142 0 7.4 9.0 2.5 2.5 2 1 1 5 5
6263.3 -2036.2 -3.8 140 0 7.1 9.9 2.5 2.5 2 1 1 0 0
6048.3 -2063.2 -3.7 309 0 10.2 6.9 2.5 2.5 2 0 1 4 4
6293.5 -1916.0 -3.5 312 0 6.8 10.0 2.5 2.5 2 1 1 5 5
6299.6 -2022.5 -4.2 137 0 7.4 9.2 2.5 2.5 2 1 1 1 1
6045.8 -1967.1 -2.4 217 0 10.3 7.1 2.5 2.5 2 0 1 0 0
6310.3 -1820.4 -3.7 225 0 8.4 7.8 2.5 2.5 2 0 1 4 4
5977.2 -2055.0 -4.6 218 0 6.9 10.3 2.5 2.5 2 1 1 1 1
6358.0 -1884.5 -3.1 229 0 8.8 7.9 2.5 2.5 2 0 1 2 2
5934.4 -1916.6 -0.0 313 0 7.7 6.3 2.5 2.5 2 0 1 4 4
6197.8 -2064.9 -3.2 139 0 9.6 7.2 2.5 2.5 2 0 1 3 3
5879.2 -1905.9 -0.0 131 0 6.5 10.4 2.5 2.5 2 1 1 3 3
6060.8 -1994.7 -2.3 44 0 6.8 10.4 2.5 2.5 2 1 1 4 4
6009.4 -2080.8 -4.6 221 0 9.6 10.3 2.5 2.5 2 1 1 0 0
6227.0 -2052.5 -3.5 144 0 8.3 12.2 2.5 2.5 2 1 1 4 4
6053.6 -2191.6 -3.6 218 0 14.5 10.7 2.5 2.5 2 0 1 4 4
6378.9 -1908.5 -3.4 215 0 7.0 8.8 2.5 2.5 2 1 1 4 4
6244.8 -1855.4 -3.9 321 0 8.7 10.9 2.5 2.5 2 1 1 5 5
6142.5 -1895.6 -3.8 141 0 6.9 9.9 2.5 2.5 2 1 1 2 2
6092.5 -1939.9 -2.8 131 0 9.6 7.0 2.5 2.5 2 0 1 1 1
6148.2 -1922.9 -3.5 323 0 8.6 8.0 2.5 2.5 2 0 1 3 3
6129.1 -1937.2 -3.4 143 0 7.7 10.2 2.5 2.5 2 1 1 4 4
6200.6 -1863.0 -4.1 319 0 9.7 11.9 2.5 2.5 2 1 1 4 4
6252.6 -1849.1 -3.7 134 0 7.2 8.8 2.5 2.5 2 1 1 4 4
6126.3 -1894.7 -3.4 326 0 8.1 9.4 2.5 2.5 2 1 1 2 2
6228.1 -1837.1 -4.0 322 0 7.4 8.7 2.5 2.5 2 1 1 4 4
6148.9 -2001.1 -2.8 53 0 9.8 8.1 2.5 2.5 2 0 1 0 0
6222.2 -1811.6 -4.1 141 0 7.3 9.4 2.5 2.5 2 1 1 1 1
6114.2 -1964.7 -3.0 146 0 7.5 9.0 2.5 2.5 2 1 1 1 1
6209.2 -1933.5 -3.4 323 0 6.8 10.1 2.5 2.5 2 1 1 0 0
6173.8 -1981.8 -2.9 51 0 8.3 7.8 2.5 2.5 2 0 1 2 2
6190.9 -1950.5 -3.3 140 0 7.6 8.4 2.5 2.5 2 1 1 0 0
6162.8 -1879.7 -3.9 320 0 8.7 7.7 2.5 2.5 2 0 1 4 4
6136.1 -1884.2 -3.7 142 0 9.4 7.4 2.5 2.5 2 0 1 5 5
6125.1 -1976.9 -2.9 143 0 7.9 8.5 2.5 2.5 2 1 1 5 5
6198.7 -1923.4 -3.5 319 0 9.2 7.3 2.5 2.5 2 0 1 1 1
6253.3 -1789.0 -3.8 139 0 7.6 8.6 2.5 2.5 2 1 1 5 5
6120.6 -1927.0 -3.4 142 0 8.4 9.5 2.5 2.5 2 1 1 4 4
6232.4 -1821.5 -4.0 139 0 9.1 7.6 2.5 2.5 2 0 1 3 3
6253.6 -1752.8 -4.0 318 0 8.7 11.2 2.5 2.5 2 1 1 5 5
6107.9 -1887.1 -3.2 226 0 8.9 7.3 2.5 2.5 2 0 1 4 4
6185.5 -1827.5 -4.3 139 0 7.7 9.9 2.5 2.5 2 1 1 5 5
6102.9 -1950.8 -3.0 134 0 9.8 8.5 2.5 2.5 2 0 1 5 5
6173.9 -1872.7 -4.1 143 0 9.2 10.4 2.5 2.5 2 1 1 2 2
6216.7 -1865.1 -4.0 143 0 7.2 8.9 2.5 2.5 2 1 1 4 4
6164.2 -1860.6 -4.2 140 0 10.2 11.3 2.5 2.5 2 1 1 2 2
5569.2 -2952.4 -3.4 206 0 6.4 13.0 5.0 2.5 2 1 2 5 5
5637.9 -3187.9 -4.4 30 0 10.4 10.0 2.5 2.5 2 0 1 1 1
5604.9 -3311.2 -4.7 32 0 9.5 7.7 2.5 2.5 2 0 1 2 2
5529.1 -3460.4 -3.6 213 0 8.4 7.7 2.5 2.5 2 0 1 4 4
5580.0 -3377.5 -4.4 212 0 11.4 8.5 2.5 2.5 2 0 1 2 2
5674.1 -3231.3 -5.2 211 0 8.9 8.2 2.5 2.5 2 0 1 5 5
5572.2 -3291.1 -4.3 31 0 9.1 7.9 2.5 2.5 2 0 1 4 4
5617.8 -3249.4 -4.6 214 0 9.7 8.5 2.5 2.5 2 0 1 4 4
5583.3 -3298.5 -4.6 213 0 10.2 8.0 2.5 2.5 2 0 1 4 4
5542.7 -3413.4 -4.1 34 0 10.5 8.2 2.5 2.5 2 0 1 5 5
5579.3 -3351.7 -4.4 33 0 9.8 7.9 2.5 2.5 2 0 1 0 0
5541.2 -3440.0 -3.8 212 0 10.7 8.6 2.5 2.5 2 0 1 5 5
5662.7 -3249.6 -5.2 212 0 9.0 7.6 2.5 2.5 2 0 1 0 0
5684.9 -3213.2 -5.2 211 0 9.8 8.7 2.5 2.5 2 0 1 2 2
5640.2 -3212.5 -4.4 212 0 8.0 9.4 2.5 2.5 2 1 1 2 2
5523.6 -3373.5 -4.3 33 0 9.5 9.2 2.5 2.5 2 0 1 3 3
5683.4 -3188.9 -5.0 32 0 9.9 8.7 2.5 2.5 2 0 1 5 5
5332.6 -3473.5 -1.8 28 0 11.3 12.7 2.5 2.5 2 1 1 4 4
5529.6 -3433.1 -3.7 33 0 10.7 7.7 2.5 2.5 2 0 1 4 4
5555.4 -3392.8 -4.3 35 0 10.8 9.0 2.5 2.5 2 0 1 3 3
5592.2 -3331.7 -4.5 36 0 9.9 8.3 2.5 2.5 2 0 1 0 0
5499.6 -3034.8 -3.5 202 0 22.7 11.0 10.0 2.5 2 0 4 5 5
5660.0 -3225.3 -4.7 33 0 8.9 9.2 2.5 2.5 2 1 1 5 5
5485.7 -3433.3 -3.6 32 0 9.0 9.2 2.5 2.5 1 1 1 3 3
5558.2 -3338.8 -4.4 212 0 10.4 7.8 2.5 2.5 2 0 1 0 0
5464.0 -2883.6 -1.8 13 0 7.7 16.0 7.5 2.5 2 1 3 2 2
6394.0 -2556.4 -3.0 44 0 7.1 10.2 2.5 2.5 2 1 1 1 1
6358.1 -2362.3 -2.6 135 0 8.8 10.8 2.5 2.5 2 1 1 1 1
6359.7 -2337.2 -2.7 217 0 7.4 9.4 2.5 2.5 2 1 1 4 4
6326.1 -2408.3 -1.9 42 0 10.3 7.7 2.5 2.5 2 0 1 3 3
6330.8 -2548.0 -1.8 313 0 9.8 6.7 2.5 2.5 2 0 1 3 3
6401.7 -2633.1 -3.5 130 0 10.4 7.1 2.5 2.5 2 0 1 3 3
6385.2 -2595.1 -3.0 219 0 6.9 10.1 2.5 2.5 2 1 1 3 3
6330.7 -2419.2 -1.9 216 0 7.4 12.0 10.0 2.5 2 1 4 1 1
6378.3 -2546.4 -2.7 131 0 10.8 7.2 2.5 2.5 2 0 1 4 4
6357.4 -2567.6 -1.9 309 0 10.2 7.9 2.5 2.5 2 0 1 5 5
6352.8 -2399.1 -2.3 125 0 12.1 9.3 2.5 2.5 2 0 1 1 1
6355.8 -2627.6 -2.0 215 0 6.5 10.0 2.5 2.5 2 1 1 0 0
6347.8 -2518.3 -1.8 219 0 7.1 10.2 2.5 2.5 2 1 1 4 4
6359.9 -2379.0 -2.3 306 0 8.6 8.2 2.5 2.5 2 0 1 3 3
6342.7 -2557.3 -1.8 311 0 9.9 6.9 2.5 2.5 2 0 1 2 2
6392.2 -2380.5 -3.1 129 0 9.2 9.0 2.5 2.5 2 0 1 3 3
6294.1 -2385.0 -1.8 31 0 7.2 11.4 2.5 2.5 2 1 1 0 0
6344.8 -2583.4 -1.8 127 0 9.8 7.6 2.5 2.5 2 0 1 4 4
6376.1 -2606.1 -2.7 222 0 6.4 9.6 2.5 2.5 2 1 1 0 0
6415.6 -2617.5 -3.8 311 0 10.4 6.9 2.5 2.5 2 0 1 5 5
6363.2 -2536.5 -2.2 128 0 10.3 7.8 2.5 2.5 2 0 1 5 5
6379.7 -2330.2 -3.1 122 0 9.8 7.4 2.5 2.5 2 0 1 5 5
6336.0 -2390.4 -2.2 131 0 7.6 11.4 2.5 2.5 2 1 1 3 3
6390.1 -2533.2 -2.9 311 0 10.2 7.0 2.5 2.5 2 0 1 3 3
5204.5 -3890.8 -3.8 179 0 8.4 8.7 2.5 2.5 1 1 1 4 4
5934.3 -4272.4 -3.6 214 0 6.5 7.2 2.5 2.5 2 1 1 4 4
6145.8 -4253.9 -4.1 39 0 6.8 8.0 5.0 2.5 2 1 2 3 3
6398.3 -3206.2 -2.5 22 0 7.5 7.8 2.5 2.5 2 1 1 3 3
6199.8 -3227.7 -4.4 30 0 9.5 9.6 2.5 2.5 2 1 1 4 4
6146.3 -3323.2 -3.1 30 0 9.4 8.5 2.5 2.5 2 0 1 1 1
6183.3 -3252.1 -4.1 27 0 9.1 7.3 2.5 2.5 2 0 1 4 4
6100.5 -3394.9 -3.1 119 0 6.6 10.2 2.5 2.5 2 1 1 4 4
6380.2 -3356.0 -1.9 196 0 6.9 9.9 2.5 2.5 2 1 1 3 3
6162.3 -3293.4 -3.4 30 0 10.3 8.3 2.5 2.5 2 0 1 4 4
6191.9 -3240.6 -4.3 31 0 9.1 8.7 2.5 2.5 2 0 1 3 3
6203.1 -3264.2 -4.0 206 0 9.0 9.0 2.5 2.5 2 0 1 5 5
6362.9 -3319.5 -3.1 18 0 8.4 8.5 2.5 2.5 2 1 1 1 1
6155.9 -3309.9 -3.1 29 0 9.6 10.4 2.5 2.5 2 1 1 1 1
6395.3 -3428.9 -1.6 293 0 8.6 7.6 2.5 2.5 2 0 1 2 2
6181.5 -3267.6 -3.9 29 0 9.4 16.0 2.5 2.5 2 1 1 4 4
6378.1 -3459.3 -2.2 109 0 9.8 6.1 2.5 2.5 4 0 1 4 4
6350.5 -3385.4 -2.5 20 0 8.1 7.4 2.5 2.5 2 0 1 1 1
6373.8 -3293.8 -2.8 20 0 8.4 8.5 2.5 2.5 2 1 1 3 3
6306.5 -3702.4 -1.7 193 0 6.5 6.4 2.5 2.5 4 0 1 5 5
6005.5 -3800.4 -2.9 117 0 8.6 8.6 2.5 2.5 2 1 1 0 0
6303.3 -3901.3 -1.9 30 0 8.1 9.4 2.5 2.5 2 1 1 5 5
6230.6 -3817.0 -2.0 30 0 7.2 8.2 2.5 2.5 2 1 1 4 4
6375.9 -3786.9 -1.7 202 0 6.5 12.3 2.5 2.5 2 1 1 2 2
6242.3 -3527.9 -3.5 212 0 6.9 8.3 7.5 2.5 2 1 3 5 5
6393.1 -3494.7 -2.6 293 0 10.5 7.2 2.5 2.5 2 0 1 4 4
6104.5 -3916.7 -3.6 216 0 6.2 8.8 2.5 2.5 2 1 1 0 0
6384.1 -3755.3 -1.8 199 0 7.6 7.5 2.5 2.5 2 0 1 3 3
6342.9 -3804.9 -2.0 113 0 10.1 11.0 2.5 2.5 2 1 1 5 5
6063.9 -3972.2 -4.2 305 0 16.0 6.4 10.0 2.5 2 0 4 1 1
6037.8 -4009.5 -4.3 129 0 6.1 7.4 5.0 0.0 0 1 2 5 5
6290.9 -3618.4 -2.5 43 0 8.4 7.4 10.0 2.5 2 0 4 5 5
6380.8 -3643.3 -2.9 31 0 10.6 21.5 2.5 2.5 2 1 1 1 1
6148.0 -3872.3 -3.3 225 0 7.2 8.2 7.5 2.5 2 1 3 2 2
6382.9 -3882.0 -2.1 312 0 7.4 8.7 2.5 2.5 4 1 1 0 0
6315.1 -3673.8 -1.9 190 0 7.7 10.0 2.5 2.5 2 1 1 5 5
6342.7 -3816.1 -1.7 307 0 7.0 9.1 5.0 2.5 2 1 2 2 2
6058.4 -3980.8 -4.4 306 0 15.4 7.1 5.0 2.5 2 0 2 0 0
6374.8 -3676.5 -2.4 23 0 7.9 6.9 2.5 2.5 2 0 1 5 5
6274.6 -3534.1 -3.6 20 0 6.4 8.9 10.0 2.5 2 1 4 2 2
6224.1 -3886.9 -1.5 319 0 24.2 12.7 7.5 0.0 0 0 3 3 3
6335.3 -3969.5 -3.4 122 0 6.8 10.9 2.5 2.5 2 1 1 3 3
6269.5 -3906.3 -1.8 133 0 9.7 6.3 2.5 2.5 2 0 1 5 5
6154.9 -3913.7 -2.5 224 0 6.4 7.5 7.5 2.5 2 1 3 4 4
6787.6 -1445.8 -6.5 213 0 7.3 10.1 2.5 2.5 4 0 1 2 2
6726.5 -1621.6 -5.3 214 0 8.9 7.7 2.5 2.5 2 0 1 5 5
6160.0 -4231.8 -4.4 315 0 9.1 6.7 7.5 2.5 2 0 3 3 3
6789.9 -1465.8 -6.3 211 0 7.7 7.5 2.5 2.5 2 0 1 4 4
6886.4 -1638.5 -4.7 212 0 17.7 14.0 2.5 2.5 2 0 1 0 0
6793.7 -1371.6 -7.3 128 0 11.9 9.9 2.5 2.5 2 0 1 0 0
6793.8 -1660.5 -1.7 214 0 8.0 9.4 2.5 2.5 2 0 1 5 5
6850.9 -1636.9 -5.0 215 0 7.4 13.3 2.5 2.5 2 0 1 0 0
6810.0 -1539.6 -6.0 212 0 7.4 18.4 2.5 2.5 2 0 1 1 1
6903.2 -1464.9 -4.8 253 0 7.7 9.9 2.5 2.5 2 0 1 2 2
6789.9 -1507.4 -5.9 211 0 8.2 9.6 2.5 2.5 2 0 1 4 4
6823.2 -1439.5 -7.1 193 0 8.5 9.1 2.5 2.5 2 0 1 1 1
6806.8 -1500.5 -6.5 209 0 7.3 9.9 2.5 2.5 2 0 1 5 5
6841.7 -1521.4 -5.7 205 0 8.5 10.7 5.0 2.5 4 0 2 2 2
6790.7 -1493.0 -6.1 204 0 8.2 10.2 2.5 2.5 2 0 1 2 2
6878.6 -1455.7 -5.2 159 0 8.6 9.4 2.5 2.5 2 0 1 2 2
6779.7 -1409.2 -6.6 210 0 8.9 7.3 2.5 2.5 2 0 1 2 2
6818.1 -1483.0 -6.8 214 0 8.0 8.7 2.5 2.5 2 1 1 1 1
6903.9 -1512.9 -4.7 210 0 7.2 9.0 2.5 2.5 2 1 1 4 4
6872.1 -1431.8 -5.4 160 0 8.5 9.6 2.5 2.5 2 1 1 3 3
6887.9 -1427.5 -5.1 161 0 10.4 7.6 2.5 2.5 2 0 1 3 3
6681.5 -1643.2 -5.4 209 0 10.8 8.8 2.5 2.5 2 0 1 4 4
6790.3 -1421.0 -6.8 213 0 8.4 9.3 2.5 2.5 2 1 1 3 3
6879.1 -1603.1 -4.9 211 0 7.4 8.9 2.5 2.5 2 1 1 1 1
6894.9 -1526.2 -4.8 209 0 6.9 9.5 2.5 2.5 2 1 1 1 1
6872.6 -1512.4 -5.2 212 0 8.0 9.5 2.5 2.5 2 1 1 2 2
6455.8 -1221.1 -4.3 143 0 14.8 9.9 2.5 2.5 2 0 1 4 4
6897.5 -1596.3 -4.6 210 0 7.5 9.2 2.5 2.5 2 1 1 2 2
6890.4 -1547.3 -4.8 210 0 7.8 9.6 2.5 2.5 2 1 1 1 1
6811.1 -1432.9 -7.3 205 0 10.2 7.7 2.5 2.5 2 0 1 5 5
6895.4 -1564.7 -4.7 214 0 9.0 7.4 2.5 2.5 2 0 1 1 1
6830.9 -1418.1 -7.0 206 0 7.8 9.9 2.5 2.5 2 1 1 5 5
6903.5 -1226.9 -4.4 187 0 10.0 7.9 2.5 2.5 2 0 1 1 1
6750.9 -1581.6 -5.9 212 0 9.8 7.0 2.5 2.5 2 0 1 5 5
6861.3 -1592.1 -5.2 207 0 7.4 9.8 2.5 2.5 2 1 1 4 4
6835.4 -1533.9 -5.8 209 0 8.0 9.4 2.5 2.5 2 1 1 5 5
6742.4 -1515.0 -5.2 211 0 7.8 9.5 2.5 2.5 2 1 1 4 4
6764.1 -1448.0 -5.7 215 0 10.6 8.7 2.5 2.5 1 0 1 2 2
6893.1 -1449.2 -5.0 164 0 9.1 9.9 2.5 2.5 2 1 1 3 3
6744.2 -1544.3 -5.7 209 0 7.0 9.7 2.5 2.5 2 1 1 1 1
6026.3 -4345.3 -2.5 34 0 6.5 8.1 5.0 2.5 2 1 2 1 1
6198.6 -4260.9 -4.2 315 0 7.8 6.3 7.5 2.5 2 0 3 4 4
6032.7 -4231.6 -2.9 312 0 8.1 8.0 7.5 2.5 2 0 3 4 4
5954.9 -4209.8 -4.0 49 0 6.2 7.4 2.5 2.5 2 1 1 0 0
6069.1 -4242.4 -3.8 131 0 8.0 8.1 2.5 2.5 2 1 1 2 2
5909.4 -4314.2 -4.1 128 0 10.3 6.0 7.5 2.5 2 0 3 3 3
5940.2 -4263.8 -3.5 215 0 6.0 7.3 2.5 2.5 2 1 1 1 1
5890.2 -4301.9 -4.2 34 0 7.0 6.3 5.0 2.5 4 0 2 2 2
6081.9 -4173.1 -3.6 315 0 7.4 6.2 10.0 2.5 2 0 4 0 0
5921.1 -4321.7 -3.9 124 0 6.5 8.2 7.5 2.5 2 1 3 5 5
5979.2 -4326.3 -2.7 40 0 6.6 7.0 7.5 0.0 0 1 3 5 5
6027.6 -4266.8 -2.9 42 0 7.7 10.8 2.5 2.5 4 1 1 2 2
6302.3 -4174.4 -3.9 314 0 8.1 10.9 7.5 2.5 2 1 3 1 1
5967.9 -4251.0 -3.4 307 0 7.6 6.6 7.5 2.5 2 0 3 4 4
5944.6 -4252.2 -3.5 219 0 7.4 10.3 5.0 2.5 4 1 2 2 2
6050.7 -4355.5 -2.6 214 0 6.0 8.2 2.5 2.5 2 1 1 5 5
6008.3 -4159.5 -3.7 219 0 8.6 7.4 5.0 2.5 2 0 2 3 3
6169.2 -4270.0 -4.1 228 0 7.1 9.0 7.5 2.5 2 1 3 1 1
5972.5 -4335.2 -2.6 37 0 6.0 6.7 5.0 2.5 2 1 2 2 2
5992.8 -4237.6 -3.3 45 0 6.7 6.5 5.0 2.5 4 0 2 3 3
6033.5 -4303.2 -2.8 301 0 7.6 7.7 5.0 2.5 2 1 2 1 1
6168.8 -4298.9 -3.8 44 0 7.1 7.0 5.0 2.5 2 0 2 4 4
6152.7 -4243.5 -4.3 39 0 8.6 7.0 7.5 2.5 4 0 3 1 1
5920.6 -4259.1 -4.0 31 0 6.8 7.9 2.5 2.5 4 1 1 3 3
6098.5 -4231.3 -4.0 40 0 6.5 7.4 7.5 2.5 2 1 3 4 4
6130.1 -4239.0 -4.1 222 0 7.5 8.4 5.0 2.5 2 1 2 1 1
6106.3 -4338.5 -3.0 127 0 7.6 6.1 7.5 2.5 2 0 3 5 5
6105.8 -4224.5 -4.2 43 0 7.0 8.2 10.0 2.5 4 1 4 1 1
6066.6 -4411.8 -3.1 128 0 9.7 6.9 10.0 2.5 2 0 4 2 2
6118.0 -4278.6 -3.7 130 0 8.4 6.8 5.0 2.5 4 0 2 4 4
6088.9 -4379.6 -2.7 216 0 6.2 7.2 5.0 2.5 2 1 2 4 4
6176.6 -4290.5 -3.9 45 0 6.5 7.4 7.5 2.5 2 1 3 5 5
6004.9 -4264.4 -2.9 132 0 7.3 7.0 2.5 2.5 2 0 1 2 2
5955.9 -4274.6 -3.3 36 0 6.2 7.5 7.5 2.5 2 1 3 0 0
5925.9 -4251.0 -3.8 34 0 6.1 7.1 7.5 2.5 2 1 3 1 1
6097.0 -4368.3 -2.6 216 0 7.2 8.1 7.5 2.5 2 1 3 4 4
6045.6 -4189.8 -3.2 219 0 7.5 7.6 5.0 2.5 2 1 2 0 0
5981.3 -4291.1 -2.8 219 0 6.7 7.3 5.0 2.5 4 1 2 4 4
6082.2 -4340.4 -2.8 310 0 6.8 7.8 5.0 0.0 0 1 2 5 5
6038.6 -4204.6 -3.1 131 0 7.4 6.1 7.5 2.5 2 0 3 3 3
6112.2 -4323.3 -3.2 221 0 6.5 8.3 7.5 2.5 2 1 3 2 2
6050.5 -4180.9 -3.2 222 0 7.4 9.8 7.5 2.5 2 1 3 2 2
6029.7 -4139.6 -3.7 312 0 7.5 6.1 5.0 2.5 2 0 2 0 0
6189.3 -4252.1 -4.3 313 0 6.5 7.0 7.5 2.5 2 1 3 5 5
5946.5 -4218.5 -4.0 52 0 7.1 7.2 10.0 2.5 2 1 4 3 3
5998.1 -4275.6 -2.8 307 0 7.7 6.8 7.5 2.5 2 0 3 4 4
6016.5 -4324.2 -2.5 214 0 6.5 7.1 5.0 2.5 2 1 2 2 2
6183.5 -4283.8 -4.0 49 0 6.2 7.7 5.0 2.5 2 1 2 3 3
6009.8 -4250.9 -2.9 223 0 7.3 8.8 7.5 2.5 2 1 3 4 4
6059.7 -4343.3 -2.6 219 0 6.2 8.3 7.5 2.5 2 1 3 2 2
6018.0 -4147.1 -3.7 221 0 7.0 7.7 5.0 2.5 2 1 2 0 0
5937.3 -4233.6 -3.9 36 0 6.2 7.1 7.5 2.5 2 1 3 4 4
6090.5 -4241.5 -3.9 41 0 7.2 8.3 5.0 2.5 2 1 2 2 2
5928.0 -4282.2 -3.7 220 0 7.7 6.3 2.5 2.5 2 0 1 3 3
6231.1 -4309.7 -3.9 130 0 19.7 14.5 10.0 2.5 2 0 4 5 5
6071.1 -4333.8 -2.8 307 0 7.6 7.1 5.0 0.0 0 0 2 2 2
6110.3 -4193.6 -4.4 309 0 6.9 6.2 5.0 2.5 2 0 2 2 2
6084.7 -4219.2 -4.0 224 0 7.4 7.2 5.0 2.5 2 0 2 1 1
6113.6 -4255.4 -3.9 219 0 7.1 10.1 5.0 2.5 2 1 2 0 0
6074.3 -4400.4 -3.0 218 0 6.4 7.2 7.5 2.5 2 1 3 1 1
6092.4 -4423.8 -3.2 35 0 7.1 8.6 7.5 2.5 2 1 3 2 2
6079.5 -4276.8 -3.4 314 0 7.5 10.0 5.0 2.5 2 1 2 5 5
6073.6 -4227.1 -3.9 218 0 6.2 9.7 7.5 2.5 2 1 3 4 4
6116.8 -4346.2 -3.0 132 0 7.1 7.1 7.5 2.5 2 0 3 0 0
6003.0 -4343.1 -2.6 214 0 6.8 7.6 7.5 2.5 2 1 3 5 5
5998.4 -4204.4 -3.6 314 0 9.9 6.5 5.0 2.5 2 0 2 4 4
6061.5 -4202.4 -3.3 41 0 6.8 8.5 5.0 2.5 2 1 2 4 4
6031.9 -4334.0 -2.5 30 0 6.1 6.7 7.5 2.5 2 1 3 0 0
5963.5 -4202.5 -4.0 48 0 6.2 7.0 7.5 2.5 2 1 3 0 0
6031.6 -4212.1 -3.1 136 0 7.0 7.0 5.0 2.5 2 0 2 3 3
6005.3 -4547.2 -4.7 38 0 7.3 11.5 10.0 2.5 2 1 4 4 4
6559.4 -1530.6 -3.3 213 0 8.3 10.5 2.5 2.5 2 1 1 3 3
6515.3 -1620.4 -2.5 216 0 9.4 10.5 2.5 2.5 2 1 1 1 1
6553.7 -1601.3 -3.5 208 0 8.5 14.1 2.5 2.5 2 1 1 0 0
6682.3 -1130.7 -3.1 224 0 13.8 8.9 2.5 2.5 2 0 1 1 1
6615.3 -1513.6 -4.6 213 0 8.7 12.4 2.5 2.5 1 1 1 4 4
6651.8 -1632.1 -5.8 218 0 9.4 7.1 2.5 2.5 1 0 1 5 5
6489.3 -1628.0 -2.1 222 0 10.4 8.1 2.5 2.5 2 0 1 2 2
6746.3 -1461.1 -5.4 212 0 14.2 24.1 2.5 2.5 1 1 1 4 4
6515.4 -1578.8 -2.5 207 0 8.8 11.3 2.5 2.5 2 1 1 1 1
6698.0 -1375.3 -3.8 311 0 9.9 9.0 2.5 2.5 2 0 1 2 2
6500.4 -1608.9 -2.3 207 0 8.7 11.4 2.5 2.5 2 1 1 0 0
6591.3 -1182.2 -4.5 312 0 7.7 19.2 2.5 2.5 2 1 1 0 0
6694.3 -1518.4 -5.2 216 0 14.3 11.0 2.5 2.5 1 0 1 2 2
6716.1 -1584.1 -5.8 216 0 8.1 9.9 2.5 2.5 2 1 1 1 1
6603.5 -1531.6 -4.6 213 0 9.4 11.4 2.5 2.5 2 1 1 3 3
6688.6 -1601.5 -5.8 214 0 7.8 9.4 2.5 2.5 4 1 1 2 2
6603.4 -1239.2 -4.3 39 0 6.4 6.9 2.5 2.5 2 1 1 0 0
6448.5 -1660.9 -2.1 305 0 10.8 7.8 2.5 2.5 2 0 1 2 2
6545.2 -1552.0 -3.1 211 0 9.3 10.8 2.5 2.5 2 1 1 2 2
6486.3 -1656.7 -2.5 217 0 13.2 9.0 2.5 2.5 2 0 1 3 3
6634.0 -1612.9 -5.8 214 0 6.2 6.1 10.0 2.5 2 0 4 0 0
6823.7 -4597.5 -6.5 6 0 7.9 12.6 7.5 2.5 2 1 3 2 2
6529.4 -1254.2 -4.3 147 0 8.4 6.4 2.5 2.5 2 0 1 2 2
6635.6 -1626.2 -5.8 212 0 10.4 6.8 2.5 2.5 4 0 1 1 1
6436.4 -1647.9 -1.8 303 0 11.3 8.7 2.5 2.5 2 0 1 0 0
6611.2 -1074.4 -2.4 217 0 8.2 14.8 2.5 2.5 2 1 1 1 1
6532.2 -4693.9 -7.7 305 0 7.3 9.8 7.5 2.5 2 1 3 5 5
6591.8 -1551.5 -4.7 216 0 8.8 11.6 2.5 2.5 2 1 1 1 1
6538.0 -1177.3 -4.4 232 0 8.2 9.3 2.5 2.5 2 1 1 2 2
6420.7 -1426.7 -1.7 134 0 7.9 7.9 2.5 2.5 2 1 1 4 4
6574.0 -1223.2 -4.4 130 0 7.8 6.7 2.5 2.5 2 0 1 1 1
6535.5 -1265.3 -4.1 150 0 7.6 8.9 2.5 2.5 2 1 1 3 3
6449.0 -1613.5 -1.7 210 0 9.4 12.9 2.5 2.5 2 1 1 3 3
6536.7 -1588.1 -2.8 219 0 11.8 8.4 2.5 2.5 2 0 1 5 5
6534.6 -1632.8 -2.8 211 0 8.7 11.9 2.5 2.5 2 1 1 4 4
6677.2 -1624.4 -5.8 217 0 7.5 9.0 2.5 2.5 2 1 1 0 0
6425.2 -1607.1 -2.2 301 0 13.7 9.0 2.5 2.5 2 0 1 1 1
6462.2 -1623.9 -1.8 206 0 8.1 10.7 2.5 2.5 2 1 1 3 3
6459.5 -1519.4 -2.3 133 0 8.2 7.0 2.5 2.5 2 0 1 3 3
6634.7 -1094.6 -2.7 304 0 7.9 8.6 2.5 2.5 99 1 1 2 2
6523.3 -1606.6 -2.6 215 0 10.9 8.4 2.5 2.5 2 0 1 0 0
6815.6 -4555.4 -6.1 24 0 10.3 7.3 2.5 2.5 2 0 1 0 0
6855.9 -4284.3 -7.2 21 0 7.0 11.2 7.5 2.5 2 1 3 4 4
6623.2 -4693.1 -7.5 29 0 7.2 8.5 2.5 2.5 2 1 1 2 2
6733.6 -4410.5 -5.4 137 0 15.2 32.2 2.5 2.5 2 1 1 1 1
6836.9 -4350.1 -7.2 16 0 8.9 9.8 2.5 2.5 2 1 1 5 5
6536.4 -4136.7 -5.0 221 0 8.4 15.3 2.5 2.5 4 1 1 5 5
6822.0 -3002.6 -1.5 36 0 10.8 32.1 2.5 0.0 0 1 1 0 0
6700.4 -3262.5 -2.4 28 0 8.0 16.0 2.5 2.5 1 1 1 2 2
6841.6 -3153.1 -2.1 112 0 7.3 10.1 2.5 2.5 2 1 1 0 0
6497.0 -3196.9 -1.7 114 0 6.2 6.4 2.5 2.5 2 1 1 0 0
6515.4 -3262.7 -0.9 203 0 7.2 6.9 10.0 2.5 2 0 4 2 2
6602.6 -3199.4 -1.4 302 0 8.5 10.3 2.5 2.5 2 1 1 1 1
6806.6 -3152.2 -1.2 117 0 7.2 8.1 2.5 2.5 1 1 1 3 3
6652.2 -3404.1 -3.0 126 0 11.2 6.6 2.5 2.5 2 0 1 3 3
6639.9 -3150.7 -1.8 86 0 12.9 9.3 2.5 2.5 2 0 1 4 4
6856.7 -3092.8 -2.4 298 0 10.3 25.5 7.5 2.5 2 1 3 4 4
6648.3 -2975.3 -2.5 280 0 7.3 10.7 2.5 2.5 2 1 1 0 0
6643.7 -3097.5 -2.4 274 0 7.4 6.5 2.5 2.5 2 0 1 5 5
6892.7 -2939.5 -3.7 219 0 35.2 7.8 2.5 2.5 2 0 1 4 4
6871.4 -3061.6 -3.3 297 0 10.7 27.4 7.5 2.5 2 1 3 4 4
6673.7 -3069.2 -2.6 97 0 8.1 8.7 2.5 2.5 2 1 1 3 3
6873.2 -2963.5 -3.0 220 0 13.1 7.1 2.5 2.5 2 0 1 4 4
6456.0 -3329.4 -0.2 97 0 8.1 6.8 7.5 2.5 2 0 3 0 0
6531.3 -3348.5 -0.6 107 0 6.7 6.8 2.5 2.5 2 1 1 4 4
6493.8 -3443.4 -0.9 115 0 7.1 6.1 2.5 2.5 4 0 1 5 5
6443.5 -3186.2 -2.3 121 0 12.9 6.1 2.5 2.5 2 0 1 1 1
6439.9 -3290.9 -0.7 284 0 8.3 7.1 2.5 2.5 2 0 1 3 3
6635.9 -3298.2 -2.3 296 0 8.9 6.3 2.5 2.5 2 0 1 0 0
6609.1 -2976.3 -3.5 196 0 8.0 7.2 2.5 2.5 2 0 1 2 2
6659.8 -3160.1 -1.5 103 0 6.4 10.0 2.5 2.5 2 1 1 2 2
6793.5 -3131.5 -0.7 102 0 11.1 37.0 5.0 2.5 2 1 2 1 1
6672.5 -3006.3 -1.9 193 0 7.9 9.0 2.5 2.5 2 1 1 1 1
6534.4 -3230.2 -1.3 120 0 7.7 7.3 2.5 2.5 4 0 1 4 4
6677.0 -3109.0 -2.0 287 0 10.5 6.4 2.5 2.5 2 0 1 4 4
6610.8 -2991.9 -3.7 199 0 7.5 6.7 2.5 2.5 2 0 1 4 4
6438.1 -3398.8 -0.6 116 0 7.8 6.9 2.5 2.5 2 0 1 2 2
6519.1 -3140.1 -2.3 290 0 6.6 6.8 2.5 2.5 2 1 1 3 3
6583.0 -3300.2 -1.2 299 0 6.2 6.9 2.5 2.5 2 1 1 1 1
6612.3 -3237.9 -0.9 110 0 9.9 8.2 2.5 2.5 4 0 1 1 1
6524.8 -3290.6 -0.6 207 0 6.6 6.8 2.5 2.5 2 1 1 2 2
6776.6 -3435.4 -4.1 329 0 13.2 15.6 2.5 2.5 4 1 1 4 4
6701.6 -3464.7 -3.3 307 0 8.0 6.5 2.5 2.5 2 0 1 3 3
6445.2 -3226.2 -1.8 279 0 6.5 6.1 2.5 2.5 2 0 1 3 3
6843.2 -3023.6 -2.7 214 0 18.3 7.1 2.5 2.5 2 0 1 0 0
6729.6 -3048.6 -1.1 164 0 27.1 12.4 2.5 2.5 4 0 1 2 2
6830.1 -3145.9 -1.7 117 0 11.9 29.7 5.0 2.5 2 1 2 4 4
6810.0 -3039.2 -1.5 198 0 7.0 11.4 2.5 2.5 4 1 1 4 4
6618.2 -3099.1 -2.6 183 0 9.1 6.9 2.5 2.5 2 0 1 3 3
6581.6 -3250.1 -0.9 109 0 7.3 6.6 2.5 2.5 2 0 1 3 3
6418.0 -3362.1 -1.4 291 0 8.4 7.7 2.5 2.5 2 0 1 4 4
6762.1 -2981.5 -1.1 164 0 10.9 7.6 2.5 2.5 2 0 1 3 3
6430.1 -3211.6 -2.0 294 0 7.5 7.3 2.5 2.5 2 0 1 2 2
6594.3 -3246.0 -0.9 109 0 9.0 10.3 2.5 2.5 2 1 1 2 2
6508.7 -3509.3 -1.0 39 0 6.1 8.5 2.5 2.5 2 1 1 1 1
6437.2 -3839.8 -1.9 215 0 9.8 7.3 2.5 2.5 2 0 1 1 1
6656.9 -3943.5 -4.9 32 0 7.0 6.4 10.0 2.5 2 0 4 3 3
6511.7 -3555.4 -1.6 198 0 6.4 6.5 2.5 2.5 2 1 1 5 5
6449.7 -3585.5 -3.0 124 0 8.2 19.0 2.5 2.5 2 1 1 2 2
6599.8 -3510.2 -2.2 121 0 8.7 12.6 2.5 2.5 2 1 1 4 4
6461.8 -3820.8 -2.0 214 0 8.8 7.6 2.5 2.5 2 0 1 2 2
6535.5 -3873.9 -3.0 209 0 9.6 7.5 2.5 2.5 2 0 1 5 5
6543.8 -3546.2 -1.6 199 0 10.3 12.3 2.5 2.5 4 1 1 5 5
6427.8 -3863.8 -2.0 124 0 8.2 9.2 2.5 2.5 2 1 1 2 2
6595.6 -2218.2 -5.1 275 0 7.9 9.6 2.5 2.5 2 1 1 4 4
6610.6 -2250.0 -5.5 93 0 8.1 10.0 2.5 2.5 2 1 1 5 5
6613.7 -2220.0 -5.5 269 0 8.8 9.7 2.5 2.5 2 1 1 2 2
6847.2 -2248.7 -6.3 185 0 11.8 7.9 2.5 2.5 2 0 1 5 5
6656.9 -2270.1 -5.8 25 0 11.8 9.2 2.5 2.5 2 0 1 4 4
6554.7 -2215.8 -4.2 2 0 9.0 8.4 2.5 2.5 2 0 1 3 3
6606.6 -2191.1 -5.4 96 0 9.8 8.3 2.5 2.5 2 0 1 2 2
6585.0 -1772.1 -4.5 237 0 6.4 10.6 2.5 2.5 2 1 1 2 2
6601.6 -2106.7 -5.3 54 0 12.1 7.8 2.5 2.5 2 0 1 5 5
6683.5 -1697.9 -4.3 212 0 9.8 8.2 2.5 2.5 2 0 1 4 4
6766.6 -1699.5 -2.2 203 0 8.2 9.6 2.5 2.5 2 1 1 2 2
6624.0 -1707.7 -5.2 210 0 8.2 10.0 2.5 2.5 2 1 1 1 1
6746.3 -1796.3 -5.5 215 0 7.4 10.3 2.5 2.5 2 1 1 4 4
6784.3 -1698.0 -2.5 210 0 7.3 9.2 2.5 2.5 2 1 1 1 1
6545.4 -2255.7 -4.9 96 0 8.5 9.8 2.5 2.5 2 1 1 2 2
6730.5 -1680.3 -3.2 205 0 7.7 10.0 2.5 2.5 2 1 1 4 4
6704.8 -1790.2 -4.6 213 0 10.5 8.2 2.5 2.5 2 0 1 0 0
6754.1 -2037.0 -6.4 21 0 11.2 8.5 2.5 2.5 2 0 1 0 0
6758.6 -1741.1 -3.7 214 0 9.7 7.9 2.5 2.5 2 0 1 5 5
6608.1 -1696.4 -5.3 209 0 13.7 13.8 2.5 2.5 4 1 1 3 3
6697.2 -1737.4 -3.6 211 0 7.8 9.8 2.5 2.5 2 1 1 2 2
6623.8 -1678.1 -5.5 213 0 7.5 9.2 2.5 2.5 2 1 1 0 0
6671.3 -2202.0 -5.3 105 0 9.5 7.9 2.5 2.5 2 0 1 1 1
6642.1 -1673.6 -5.4 212 0 8.5 9.1 2.5 2.5 2 1 1 0 0
6707.8 -2160.5 -5.4 21 0 10.6 8.8 2.5 2.5 2 0 1 0 0
6479.8 -2243.1 -4.3 20 0 32.8 16.2 2.5 2.5 2 0 1 0 0
6529.3 -2229.7 -4.5 188 0 10.6 7.9 2.5 2.5 2 0 1 1 1
6675.1 -1806.5 -4.3 213 0 6.8 9.7 2.5 2.5 2 1 1 2 2
6735.0 -1811.9 -6.2 219 0 8.3 9.0 2.5 2.5 2 1 1 2 2
6744.2 -1686.2 -2.8 209 0 7.7 11.5 2.5 2.5 2 1 1 5 5
6652.9 -1718.1 -4.7 213 0 8.0 8.6 2.5 2.5 2 1 1 1 1
6721.9 -1794.6 -5.4 217 0 8.2 9.7 2.5 2.5 2 1 1 4 4
6745.7 -2057.5 -6.6 21 0 11.6 8.3 2.5 2.5 2 0 1 5 5
6779.2 -1748.8 -4.4 209 0 9.5 7.9 2.5 2.5 2 0 1 1 1
6589.1 -2116.0 -4.9 54 0 10.5 7.7 2.5 2.5 2 0 1 0 0
6604.7 -1745.0 -4.8 211 0 8.7 9.4 2.5 2.5 2 1 1 1 1
6622.3 -1862.1 -3.9 218 0 8.5 7.2 2.5 2.5 2 0 1 1 1
6573.3 -2101.3 -4.8 229 0 11.3 8.2 2.5 2.5 2 0 1 5 5
6682.3 -1835.9 -5.7 227 0 10.1 8.9 2.5 2.5 2 0 1 0 0
6616.3 -2095.2 -5.7 54 0 11.5 8.0 2.5 2.5 2 0 1 2 2
6690.3 -2038.7 -6.1 53 0 11.0 8.5 2.5 2.5 2 0 1 2 2
6661.2 -2255.1 -5.6 25 0 12.4 7.9 2.5 2.5 2 0 1 0 0
6668.9 -2237.9 -5.5 27 0 13.7 8.2 2.5 2.5 2 0 1 1 1
6884.4 -2267.7 -5.4 4 0 11.6 8.4 2.5 2.5 2 0 1 0 0
6576.4 -2220.6 -4.8 183 0 11.6 8.2 2.5 2.5 2 0 1 2 2
6792.7 -2263.0 -5.3 203 0 12.0 8.1 2.5 2.5 2 0 1 2 2
6589.8 -1735.9 -4.8 213 0 9.5 9.4 2.5 2.5 2 0 1 3 3
6599.2 -1814.1 -4.1 217 0 9.8 7.2 2.5 2.5 2 0 1 0 0
6607.9 -1890.8 -4.0 213 0 16.2 9.6 2.5 2.5 2 0 1 4 4
6702.1 -1826.3 -6.1 208 0 7.5 10.2 2.5 2.5 2 1 1 1 1
6506.7 -2429.4 -5.3 307 0 7.6 10.3 2.5 2.5 2 1 1 5 5
6737.3 -2404.8 -3.9 198 0 10.9 7.9 2.5 2.5 2 0 1 5 5
6765.2 -2392.1 -3.9 21 0 9.8 7.5 2.5 2.5 2 0 1 3 3
6781.6 -2808.5 -3.2 35 0 15.4 19.6 5.0 2.5 4 1 2 4 4
6775.6 -2395.8 -3.9 23 0 11.1 9.5 2.5 2.5 2 0 1 5 5
6775.2 -2358.1 -4.0 117 0 7.9 8.1 2.5 2.5 2 1 1 1 1
6478.3 -2406.8 -4.6 307 0 8.9 11.3 2.5 2.5 2 1 1 5 5
6768.4 -2374.0 -4.1 291 0 7.5 9.7 2.5 2.5 2 1 1 0 0
6756.2 -2367.0 -4.2 290 0 8.0 11.2 2.5 2.5 2 1 1 2 2
6746.9 -2429.7 -3.9 110 0 8.1 10.6 2.5 2.5 2 1 1 2 2
6789.7 -2282.7 -4.9 113 0 8.7 11.2 2.5 2.5 2 1 1 2 2
6680.4 -2650.3 -3.0 130 0 6.4 18.4 2.5 0.0 0 1 1 4 4
6711.0 -2613.6 -2.7 315 0 6.6 17.7 2.5 0.0 0 1 1 4 4
6681.7 -2621.1 -2.8 218 0 7.7 22.1 2.5 2.5 4 1 1 4 4
6590.5 -2697.3 -3.9 209 0 6.9 8.2 2.5 2.5 2 1 1 3 3
6570.1 -3538.4 -1.8 296 0 9.4 9.5 2.5 2.5 1 1 1 3 3
6561.4 -3040.2 -3.2 1 0 7.7 9.3 7.5 2.5 2 1 3 4 4
5523.6 -2896.7 -3.0 31 0 12.0 26.0 7.5 2.5 2 1 3 4 4
6722.2 -956.0 -2.5 305 0 9.6 11.7 2.5 2.5 2 1 1 5 5
6778.5 -803.7 -0.2 126 0 6.2 6.9 2.5 2.5 2 1 1 3 3
6827.9 -711.4 -0.8 119 0 7.0 11.8 2.5 2.5 2 1 1 1 1
6721.8 -945.2 -2.6 122 0 8.3 8.6 2.5 2.5 4 1 1 3 3
6689.8 -974.2 -2.3 210 0 7.3 10.7 2.5 2.5 2 1 1 5 5
6680.7 -1047.3 -1.8 217 0 9.8 8.1 2.5 2.5 2 0 1 1 1
6884.2 -630.8 -0.8 129 0 10.9 7.7 2.5 2.5 4 0 1 3 3
6734.2 -904.2 -2.7 190 0 7.8 8.6 2.5 2.5 1 1 1 3 3
6808.7 -750.1 -0.7 122 0 7.7 7.6 2.5 2.5 2 0 1 5 5
6852.5 -703.3 -0.8 134 0 9.2 8.7 2.5 2.5 2 0 1 3 3
6872.8 -655.2 -0.8 137 0 6.7 8.8 2.5 2.5 2 1 1 5 5
6787.9 -768.7 -0.5 118 0 9.6 7.8 2.5 2.5 4 0 1 2 2
6831.0 -688.1 -0.8 124 0 7.3 6.8 2.5 2.5 2 0 1 5 5
6908.8 -594.4 -0.9 124 0 7.8 6.2 2.5 2.5 2 0 1 3 3
6861.5 -780.1 -1.3 121 0 7.2 7.8 2.5 2.5 2 1 1 1 1
6718.5 -992.1 -2.2 215 0 8.6 6.5 2.5 2.5 2 0 1 5 5
6883.3 -744.2 -0.9 125 0 8.2 7.4 2.5 2.5 2 0 1 0 0
6874.4 -788.9 -1.9 121 0 6.1 9.2 2.5 2.5 2 1 1 1 1
6845.0 -693.6 -0.8 133 0 8.4 7.2 2.5 2.5 2 0 1 2 2
6856.6 -802.3 -2.0 121 0 8.1 7.9 2.5 2.5 2 0 1 4 4
6820.1 -729.3 -0.8 121 0 6.0 9.3 2.5 2.5 2 1 1 5 5
6733.3 -5264.3 -2.0 200 0 7.5 7.5 7.5 2.5 2 0 3 5 5
6517.2 -5055.4 -6.4 125 0 13.6 26.1 12.5 2.5 2 1 5 1 1
6786.3 -332.4 -1.3 119 0 10.5 15.8 2.5 2.5 2 1 1 2 2
6747.9 -351.5 -0.5 120 0 9.0 8.4 5.0 2.5 2 0 2 2 2
6691.0 -5204.0 -3.1 119 0 9.5 10.2 2.5 2.5 2 1 1 1 1
6797.0 -5182.2 -1.8 338 0 11.8 7.4 7.5 2.5 2 0 3 0 0
6464.1 -4962.8 -5.4 39 0 17.1 18.2 7.5 2.5 2 1 3 4 4
6824.1 -5236.7 -4.4 341 0 20.1 9.8 5.0 2.5 2 0 2 1 1
6593.8 -4881.1 -6.9 306 0 7.2 6.2 5.0 2.5 2 0 2 1 1
6448.0 -4809.1 -5.7 201 0 10.4 8.1 7.5 2.5 2 0 3 5 5
6799.2 -4877.0 -7.1 298 0 8.7 9.7 10.0 2.5 2 1 4 4 4
6766.2 -5207.1 -2.1 344 0 12.7 6.2 7.5 0.0 0 0 3 0 0
6724.6 -5254.4 -1.7 205 0 8.0 7.8 5.0 2.5 2 0 2 5 5
6574.4 -4914.2 -6.5 301 0 10.6 8.1 7.5 2.5 2 0 3 1 1
6716.7 -5088.1 -1.7 9 0 6.9 9.4 5.0 2.5 2 1 2 1 1
6479.2 -4991.1 -5.8 218 0 21.5 20.8 10.0 2.5 2 0 4 0 0
6693.1 -5284.2 -0.6 209 0 8.4 8.8 7.5 2.5 2 1 3 1 1
6806.8 -5248.3 -4.4 282 0 7.7 7.4 2.5 2.5 4 0 1 1 1
6695.6 -5181.3 -3.2 120 0 14.2 9.4 7.5 2.5 2 0 3 4 4
6439.0 -5046.4 -8.1 298 0 42.5 32.2 7.5 0.0 0 0 3 1 1
6807.0 -4877.2 -7.1 202 0 6.2 8.2 7.5 2.5 2 1 3 5 5
6436.5 -4873.0 -5.5 123 0 10.7 7.2 2.5 2.5 2 0 1 0 0
6496.4 -4916.2 -5.9 124 0 8.0 6.6 7.5 2.5 2 0 3 5 5
6578.5 -4863.8 -6.8 306 0 9.7 7.7 7.5 2.5 2 0 3 2 2
6426.6 -4783.6 -5.6 222 0 6.7 7.8 2.5 2.5 4 1 1 4 4
6779.7 -5187.5 -1.9 301 0 7.9 14.6 7.5 2.5 2 1 3 0 0
6795.5 -4971.2 -5.2 293 0 7.8 7.6 7.5 2.5 2 0 3 0 0
6535.0 -4935.1 -6.2 123 0 9.0 9.2 7.5 2.5 2 1 3 3 3
6804.8 -5008.6 -4.6 2 0 10.8 14.3 2.5 2.5 4 1 1 5 5
6401.8 -5125.3 -8.3 116 0 15.3 41.1 10.0 2.5 2 1 4 0 0
6817.6 -4764.6 -7.5 181 0 7.0 8.7 7.5 2.5 2 1 3 0 0
6847.4 -5266.7 -5.7 355 0 6.8 8.0 7.5 2.5 4 1 3 4 4
6515.5 -5153.2 -8.2 28 0 17.1 17.4 10.0 2.5 2 1 4 1 1
6489.0 -4765.4 -6.1 26 0 8.3 12.6 7.5 2.5 2 1 3 3 3
6819.5 -5042.7 -4.4 353 0 6.5 10.7 5.0 2.5 2 1 2 2 2
6418.2 -4960.0 -6.0 220 0 17.1 16.3 7.5 2.5 4 0 3 3 3
6666.4 -5094.3 -3.3 107 0 7.7 33.7 15.0 0.0 0 1 6 1 1
6771.4 -5233.5 -3.3 305 0 11.5 8.0 5.0 2.5 2 0 2 1 1
6677.0 -5119.6 -4.2 184 0 6.5 32.4 2.5 0.0 0 1 1 5 5
6814.1 -5193.7 -2.5 345 0 9.0 6.4 2.5 2.5 2 0 1 4 4
6485.0 -5193.1 -8.0 118 0 16.6 16.6 12.5 2.5 2 0 5 3 3
6429.2 -4931.9 -5.7 39 0 15.2 41.8 7.5 2.5 2 1 3 2 2
6649.7 -4911.7 -6.4 308 0 8.4 13.6 5.0 2.5 2 1 2 0 0
6715.8 -5247.2 -1.4 209 0 8.1 7.6 7.5 2.5 2 0 3 4 4
6750.8 -5288.3 -2.7 196 0 15.6 8.6 7.5 2.5 2 0 3 1 1
6743.7 -5087.2 -1.5 0 0 22.7 9.2 5.0 2.5 2 0 2 3 3
6836.1 -5209.5 -3.7 342 0 18.3 8.6 7.5 2.5 2 0 3 3 3
6887.4 -5291.9 -7.5 358 0 14.0 8.8 7.5 2.5 2 0 3 4 4
6513.3 -5199.3 -8.1 29 0 16.8 16.4 10.0 2.5 2 0 4 5 5
6818.1 -4889.1 -6.9 17 0 7.2 8.8 7.5 2.5 2 1 3 0 0
6730.9 -5240.6 -2.1 197 0 6.9 8.0 7.5 2.5 2 1 3 5 5
6783.1 -4935.4 -6.4 120 0 8.9 15.7 5.0 2.5 2 1 2 3 3
6448.9 -4884.5 -5.5 119 0 8.5 8.0 7.5 2.5 2 0 3 1 1
6674.0 -5194.6 -4.0 117 0 7.8 7.1 10.0 2.5 2 0 4 1 1
6433.2 -4845.9 -5.5 213 0 6.8 7.2 5.0 2.5 2 1 2 2 2
6783.8 -5004.2 -4.1 280 0 7.5 8.0 7.5 2.5 2 1 3 3 3
6480.4 -5068.0 -8.2 297 0 25.3 32.3 10.0 0.0 0 1 4 3 3
6525.0 -4711.1 -7.3 34 0 11.2 7.2 2.5 2.5 2 0 1 2 2
6662.2 -5211.8 -3.1 119 0 10.2 10.4 7.5 2.5 2 1 3 2 2
6416.6 -4958.8 -6.1 38 0 18.3 15.7 10.0 2.5 2 0 4 5 5
6442.6 -4827.2 -5.6 185 0 7.5 7.1 7.5 2.5 2 0 3 2 2
6460.7 -5137.2 -8.2 29 0 41.5 14.9 10.0 2.5 2 0 4 4 4
6532.3 -5162.5 -8.4 29 0 17.4 16.6 7.5 2.5 2 0 3 5 5
6805.3 -4852.3 -7.3 282 0 7.9 8.2 5.0 2.5 2 1 2 2 2
6696.5 -5268.8 -0.7 201 0 9.5 8.9 5.0 0.0 0 0 2 3 3
6796.3 -5022.9 -4.1 358 0 11.9 8.1 10.0 2.5 2 0 4 1 1
6508.1 -4922.4 -6.0 122 0 6.5 7.6 7.5 2.5 4 1 3 3 3
6495.1 -4741.4 -6.5 26 0 9.3 7.9 7.5 0.0 0 0 3 1 1
6814.5 -5083.9 -3.1 340 0 7.0 11.8 5.0 2.5 2 1 2 4 4
6778.5 -5254.2 -3.9 298 0 10.3 8.9 10.0 0.0 0 0 4 0 0
6723.5 -5140.7 -2.4 15 0 10.0 14.0 5.0 2.5 2 1 2 2 2
6460.8 -5169.4 -7.6 205 0 22.7 17.4 7.5 2.5 2 0 3 1 1
6503.2 -4810.7 -6.0 20 0 6.1 8.9 7.5 2.5 2 1 3 4 4
6795.7 -4751.5 -7.6 20 0 6.8 7.0 7.5 2.5 2 1 3 0 0
6584.9 -5200.7 -6.7 77 0 6.7 18.4 7.5 2.5 2 1 3 4 4
6473.6 -4936.0 -5.6 26 0 6.9 13.4 7.5 2.5 2 1 3 5 5
6624.7 -4890.8 -7.0 304 0 9.7 8.3 2.5 2.5 2 0 1 5 5
6683.6 -5144.2 -3.7 197 0 9.4 12.3 5.0 2.5 4 1 2 3 3
6674.0 -5016.7 -3.6 305 0 7.2 6.8 7.5 2.5 2 0 3 3 3
6748.2 -4864.0 -7.5 121 0 8.3 11.8 10.0 2.5 2 1 4 5 5
6836.2 -5123.5 -2.3 341 0 8.2 7.7 7.5 2.5 2 0 3 4 4
6615.5 -4737.3 -7.1 30 0 7.6 7.5 7.5 2.5 2 0 3 1 1
6778.1 -4955.1 -5.6 31 0 6.8 7.5 10.0 2.5 2 1 4 5 5
6416.8 -4864.6 -5.3 219 0 7.8 8.7 7.5 2.5 2 1 3 0 0
6664.4 -5188.3 -4.5 121 0 7.0 8.2 7.5 2.5 2 1 3 3 3
6429.0 -4825.6 -5.5 201 0 7.2 8.7 7.5 2.5 2 1 3 0 0
6639.8 -5212.0 -2.6 197 0 6.8 12.2 7.5 2.5 2 1 3 4 4
6546.3 -5137.4 -8.5 29 0 20.6 44.4 10.0 2.5 2 1 4 1 1
6763.4 -4968.1 -5.1 16 0 8.5 11.8 7.5 2.5 2 1 3 5 5
6459.6 -4867.2 -5.6 114 0 10.9 7.8 2.5 2.5 2 0 1 3 3
6431.6 -4805.9 -5.6 194 0 8.7 7.3 7.5 2.5 2 0 3 0 0
6710.5 -5261.6 -1.1 200 0 11.7 7.9 5.0 2.5 2 0 2 5 5
6797.5 -5076.9 -3.1 351 0 23.5 13.7 12.5 2.5 2 0 5 3 3
6736.8 -5063.6 -1.8 3 0 8.4 8.9 7.5 2.5 2 1 3 1 1
6452.1 -4977.9 -5.8 38 0 17.4 17.8 12.5 2.5 2 1 5 0 0
6420.0 -5143.1 -8.2 118 0 21.0 44.6 10.0 0.0 0 1 4 3 3
6836.8 -4865.2 -7.2 21 0 12.6 11.0 5.0 2.5 2 0 2 5 5
6567.7 -4887.1 -6.6 303 0 8.9 9.7 7.5 2.5 2 1 3 1 1
6642.6 -5279.4 -0.3 207 0 11.9 12.2 7.5 2.5 4 1 3 1 1
6452.9 -4923.8 -5.4 121 0 7.8 6.0 5.0 2.5 2 0 2 3 3
6797.0 -4983.6 -4.9 289 0 7.4 10.7 10.0 2.5 2 1 4 5 5
6708.2 -5162.3 -2.2 128 0 8.6 8.1 5.0 2.5 4 0 2 5 5
6528.2 -4872.4 -6.2 305 0 11.4 8.4 10.0 2.5 2 0 4 1 1
6828.0 -4732.4 -7.5 182 0 9.5 7.9 7.5 2.5 4 0 3 4 4
6842.0 -5138.5 -2.5 349 0 8.7 11.1 5.0 2.5 4 1 2 5 5
6721.9 -5006.0 -3.9 291 0 13.8 8.4 7.5 0.0 0 0 3 4 4
6487.0 -4932.3 -5.8 121 0 7.2 8.5 7.5 2.5 2 1 3 1 1
6555.3 -4938.6 -6.0 129 0 10.6 8.0 10.0 2.5 2 0 4 0 0
6677.6 -4991.3 -4.3 304 0 9.0 6.9 5.0 2.5 2 0 2 2 2
6650.9 -5207.0 -3.3 116 0 7.2 8.0 7.5 2.5 2 1 3 1 1
6611.9 -4906.0 -6.6 302 0 7.7 6.7 7.5 2.5 2 0 3 1 1
6682.0 -5090.2 -2.6 106 0 7.9 23.4 10.0 2.5 2 1 4 1 1
6826.2 -5153.5 -1.4 347 0 10.0 12.5 5.0 2.5 2 1 2 4 4
6852.4 -5296.8 -6.7 359 0 9.3 8.2 2.5 2.5 2 0 1 4 4
6714.2 -5019.5 -3.4 282 0 6.2 13.0 7.5 2.5 2 1 3 4 4
6515.5 -5176.8 -8.3 28 0 18.7 19.8 7.5 2.5 2 1 3 1 1
6584.0 -4804.1 -6.7 213 0 9.6 12.0 5.0 2.5 2 1 2 5 5
6787.9 -5162.5 -1.0 334 0 12.6 8.9 7.5 2.5 4 0 3 3 3
6711.4 -5233.0 -1.5 205 0 8.4 8.3 5.0 2.5 2 0 2 1 1
6745.9 -4719.8 -7.8 219 0 6.4 10.7 10.0 2.5 2 1 4 0 0
6764.2 -5170.5 -1.0 20 0 8.0 14.0 7.5 2.5 2 1 3 5 5
6807.2 -4726.8 -7.4 22 0 7.7 10.9 7.5 2.5 2 1 3 3 3
6450.4 -5200.0 -7.3 293 0 9.4 19.0 5.0 2.5 2 1 2 2 2
6808.3 -4825.1 -7.4 197 0 6.1 11.4 5.0 2.5 2 1 2 5 5
6796.6 -4775.2 -7.9 19 0 11.6 8.3 5.0 2.5 2 0 2 4 4
6735.3 -5089.7 -2.2 337 0 21.7 24.9 10.0 2.5 2 1 4 0 0
6730.3 -5159.0 -1.4 20 0 7.2 10.7 10.0 2.5 2 1 4 5 5
6811.8 -5105.2 -2.4 344 0 16.4 38.7 10.0 2.5 2 1 4 2 2
6438.5 -4935.9 -5.6 231 0 6.9 18.3 7.5 2.5 2 1 3 1 1
6503.6 -5022.2 -5.7 98 0 7.1 16.5 5.0 2.5 2 1 2 4 4
6800.6 -5142.7 -1.0 27 0 7.0 13.5 10.0 2.5 2 1 4 4 4
6865.6 -2380.9 -4.3 40 0 9.8 8.9 2.5 2.5 2 0 1 1 1
6875.6 -2315.8 -5.2 49 0 11.1 8.0 2.5 2.5 2 0 1 1 1
6681.8 -2580.2 -2.7 128 0 11.3 25.3 5.0 2.5 2 1 2 1 1
6564.0 -2390.5 -6.1 34 0 10.3 7.7 2.5 2.5 2 0 1 2 2
6525.4 -2559.4 -3.6 198 0 9.6 7.1 2.5 2.5 2 0 1 5 5
6592.3 -2375.9 -6.5 197 0 12.3 7.9 2.5 2.5 2 0 1 2 2
6575.8 -2491.8 -4.2 23 0 7.6 10.3 2.5 2.5 2 1 1 5 5
6442.8 -2369.1 -4.2 219 0 7.4 11.0 2.5 2.5 2 1 1 1 1
6768.1 -2487.7 -3.0 38 0 11.3 8.9 2.5 2.5 2 0 1 4 4
6885.4 -2432.8 -3.9 40 0 8.6 9.1 2.5 2.5 2 1 1 4 4
6674.1 -2853.1 -3.1 124 0 7.4 6.3 2.5 2.5 2 0 1 1 1
6711.0 -2493.3 -3.7 16 0 8.6 7.8 2.5 2.5 2 0 1 2 2
6539.1 -2520.7 -4.1 116 0 9.4 7.7 2.5 2.5 2 0 1 4 4
6718.7 -2823.8 -3.4 304 0 8.1 6.1 2.5 2.5 2 0 1 2 2
6517.4 -2635.9 -4.0 19 0 9.5 7.1 2.5 2.5 2 0 1 2 2
6635.6 -2325.6 -6.3 23 0 13.3 7.2 2.5 2.5 2 0 1 3 3
6813.9 -2340.1 -3.9 213 0 27.3 9.6 2.5 2.5 2 0 1 0 0
6549.5 -2481.3 -4.4 204 0 8.2 11.0 2.5 2.5 2 1 1 3 3
6727.0 -2802.4 -3.3 124 0 6.1 6.1 10.0 2.5 2 0 4 5 5
6408.2 -2569.8 -3.7 219 0 6.6 9.5 2.5 2.5 2 1 1 5 5
6785.5 -2782.6 -3.1 34 0 21.3 11.4 2.5 2.5 4 0 1 3 3
6491.9 -2710.5 -4.6 16 0 9.6 7.0 2.5 2.5 2 0 1 5 5
6480.6 -2332.7 -5.0 127 0 9.5 11.6 2.5 2.5 2 1 1 5 5
6784.9 -2296.6 -4.1 295 0 6.6 10.3 5.0 2.5 2 1 2 3 3
6625.7 -2299.6 -6.0 294 0 8.3 11.1 2.5 2.5 2 1 1 1 1
6802.0 -2449.4 -3.1 50 0 11.0 6.7 2.5 2.5 2 0 1 1 1
6472.4 -2493.1 -5.0 128 0 9.0 6.6 2.5 2.5 2 0 1 3 3
6817.2 -2380.3 -4.2 44 0 10.5 7.0 2.5 2.5 2 0 1 2 2
6497.1 -2612.7 -4.0 218 0 9.2 10.4 2.5 2.5 2 1 1 1 1
6906.5 -2340.6 -4.6 42 0 10.7 8.5 2.5 2.5 2 0 1 0 0
6502.4 -2297.3 -4.9 220 0 11.2 7.5 2.5 2.5 2 0 1 4 4
6875.4 -2369.5 -4.4 41 0 10.5 7.7 2.5 2.5 2 0 1 2 2
6547.7 -2543.7 -3.5 288 0 8.3 7.7 2.5 2.5 2 0 1 2 2
6701.1 -2679.3 -3.0 309 0 11.7 6.2 2.5 2.5 2 0 1 2 2
6518.6 -2576.3 -3.5 200 0 9.6 7.4 2.5 2.5 2 0 1 4 4
6436.6 -2570.9 -4.5 309 0 9.7 6.6 2.5 2.5 2 0 1 3 3
6515.6 -2475.7 -5.2 129 0 6.5 11.6 2.5 2.5 2 1 1 4 4
6614.0 -2382.8 -6.7 26 0 13.7 6.8 2.5 2.5 2 0 1 5 5
6568.6 -2508.1 -4.0 26 0 7.7 9.5 2.5 2.5 2 1 1 5 5
6742.1 -2445.3 -4.0 294 0 10.1 10.3 2.5 2.5 2 1 1 0 0
6450.5 -2607.0 -4.9 125 0 9.3 7.5 2.5 2.5 2 0 1 1 1
6555.4 -2467.5 -4.6 203 0 8.0 10.7 2.5 2.5 2 1 1 3 3
6657.2 -2811.9 -3.6 124 0 6.9 7.8 7.5 2.5 2 1 3 4 4
6727.4 -2438.6 -4.2 290 0 7.3 9.7 2.5 2.5 2 1 1 4 4
6418.4 -2672.7 -3.7 302 0 10.8 6.4 2.5 2.5 2 0 1 3 3
6544.2 -2497.6 -4.2 208 0 8.5 8.3 2.5 2.5 1 0 1 0 0
6798.1 -2302.1 -4.2 294 0 8.3 11.1 2.5 2.5 1 1 1 1 1
6630.2 -2286.8 -5.9 115 0 7.5 11.6 2.5 2.5 2 1 1 4 4
6538.1 -2577.4 -3.3 19 0 10.0 6.7 2.5 2.5 2 0 1 1 1
6496.3 -2632.8 -4.1 202 0 8.9 8.9 2.5 2.5 2 0 1 3 3
6501.9 -2464.0 -5.5 128 0 7.8 11.3 2.5 2.5 2 1 1 0 0
6851.1 -2343.3 -4.3 46 0 10.1 7.6 2.5 2.5 2 0 1 1 1
6499.3 -2339.9 -5.1 38 0 10.7 8.8 2.5 2.5 2 0 1 0 0
6469.5 -2467.6 -4.7 309 0 8.9 7.6 2.5 2.5 2 0 1 2 2
6884.6 -2392.8 -4.1 220 0 7.4 6.6 2.5 2.5 2 0 1 1 1
6497.0 -2697.2 -4.6 19 0 9.7 7.8 2.5 2.5 2 0 1 5 5
6827.1 -2369.3 -4.0 43 0 12.2 7.0 2.5 2.5 2 0 1 4 4
6525.4 -2347.2 -5.5 310 0 7.2 13.3 2.5 2.5 2 1 1 3 3
6543.1 -2309.4 -5.4 220 0 16.4 15.2 2.5 2.5 2 0 1 4 4
6526.1 -2598.2 -3.4 115 0 6.7 9.9 2.5 2.5 2 1 1 3 3
6815.7 -2433.9 -3.5 43 0 9.4 7.0 2.5 2.5 2 0 1 5 5
6521.8 -2280.0 -4.9 314 0 8.8 13.5 2.5 2.5 2 1 1 0 0
6507.8 -2658.0 -4.2 111 0 7.6 9.0 2.5 2.5 2 1 1 1 1
6663.3 -2689.4 -3.4 258 0 10.2 16.4 2.5 2.5 2 1 1 3 3
6716.0 -2637.2 -2.9 12 0 7.8 22.8 2.5 2.5 4 1 1 5 5
6660.9 -2670.3 -3.2 129 0 12.4 12.8 2.5 2.5 2 1 1 2 2
6003.0 -1564.1 -5.1 36 0 7.1 10.9 2.5 2.5 2 1 1 1 1
6122.6 -1477.0 -3.3 315 0 8.1 9.8 2.5 2.5 2 1 1 4 4
6488.2 -999.8 -2.8 71 0 8.8 8.0 2.5 2.5 2 0 1 4 4
6311.5 -484.1 -3.0 45 0 9.1 6.1 2.5 2.5 1 0 1 4 4
6358.6 -398.8 -3.4 31 0 8.5 6.8 2.5 2.5 2 0 1 1 1
6232.6 -568.2 -1.2 34 0 7.6 7.0 2.5 2.5 2 0 1 1 1
6113.2 -628.3 -3.0 51 0 6.9 10.0 2.5 2.5 4 1 1 1 1
6164.9 -683.4 -1.7 33 0 7.1 7.9 2.5 2.5 4 1 1 0 0
6129.0 -754.2 -4.5 28 0 7.8 7.8 2.5 2.5 2 0 1 5 5
6080.6 -644.9 -3.3 45 0 8.8 7.2 2.5 2.5 2 0 1 0 0
6377.9 -701.2 -1.1 33 0 13.4 7.9 2.5 2.5 4 0 1 1 1
6539.1 -712.5 -3.2 18 0 6.0 7.7 5.0 2.5 2 1 2 2 2
6691.5 -414.7 -0.7 117 0 10.1 8.9 10.0 2.5 2 0 4 3 3
6876.4 -211.1 -2.1 143 0 7.2 6.1 3.5 3.5 2 0 1 5 5
6830.3 -172.2 -8.3 265 0 7.7 6.4 3.5 3.5 1 0 1 5 5
6813.6 -471.2 -2.6 111 0 8.2 6.9 2.5 2.5 2 0 1 0 0
6648.0 -665.7 0.2 77 0 8.8 7.5 5.0 2.5 2 0 2 4 4
6888.4 -470.4 -3.4 99 0 7.3 24.6 2.5 0.0 0 1 1 1 1
6881.7 -515.0 -1.8 130 0 7.0 7.2 2.5 2.5 2 1 1 1 1
6487.2 -720.4 -3.4 22 0 6.2 12.0 2.5 2.5 2 1 1 0 0
5481.6 -2417.4 -2.6 126 0 13.5 8.1 2.5 2.5 2 0 1 0 0
6519.3 -1231.7 -4.7 154 0 6.6 6.8 2.5 2.5 2 1 1 2 2
6518.1 -1162.8 -3.9 237 0 6.0 6.4 7.5 2.5 2 1 3 4 4
6444.1 -1286.0 -5.6 134 0 6.9 6.6 2.5 2.5 2 0 1 3 3
6630.6 -1067.0 -2.1 146 0 7.3 6.4 2.5 2.5 2 0 1 4 4
6862.9 -753.7 -0.7 109 0 7.0 7.3 2.5 2.5 2 1 1 5 5
6412.2 -1588.2 -2.4 306 0 7.2 11.5 2.5 2.5 2 1 1 3 3
6399.6 -1646.2 -2.1 206 0 8.1 10.6 2.5 2.5 2 1 1 4 4
5932.8 -1943.9 0.6 34 0 6.4 7.6 2.5 2.5 2 1 1 4 4
6911.7 -4134.1 -6.3 205 0 7.7 9.2 5.0 2.5 2 1 2 4 4
6912.4 -4149.4 -6.2 23 0 7.2 8.4 2.5 2.5 1 1 1 4 4
6891.9 -4171.4 -6.3 23 0 6.5 10.3 2.5 2.5 2 1 1 3 3
6891.5 -4188.3 -7.1 20 0 7.6 14.0 2.5 2.5 2 1 1 2 2
6331.3 -3860.1 -1.2 24 0 6.3 8.0 2.5 2.5 1 1 1 5 5
6393.7 -3894.5 -2.3 311 0 6.5 10.3 2.5 2.5 1 1 1 1 1
6288.7 -3850.9 -0.8 202 0 7.9 6.4 2.5 2.5 2 0 1 5 5
6562.3 -4118.6 -5.5 223 0 9.5 7.1 2.5 2.5 2 0 1 5 5
6408.3 -3863.5 -1.8 296 0 9.8 7.3 2.5 2.5 2 0 1 5 5
6468.1 -3963.9 -3.4 306 0 18.0 8.8 2.5 2.5 2 0 1 5 5
6262.0 -3884.2 -1.2 206 0 6.7 8.8 2.5 2.5 2 1 1 2 2
6571.8 -4083.1 -5.6 225 0 11.1 8.1 7.5 2.5 2 0 3 5 5
6592.0 -4103.3 -6.3 39 0 15.0 9.5 2.5 2.5 2 0 1 4 4
6402.4 -3882.2 -2.0 304 0 7.2 10.5 7.5 2.5 2 1 3 2 2
6522.3 -4148.4 -4.3 213 0 6.7 8.2 2.5 2.5 2 1 1 1 1
6721.8 -3169.1 -0.8 7 0 6.4 6.4 2.5 2.5 2 0 1 1 1
6752.6 -3790.8 -4.8 289 0 8.8 6.6 2.5 2.5 2 0 1 5 5
6714.6 -3833.3 -5.1 290 0 10.6 10.6 2.5 2.5 1 0 1 4 4
6673.4 -3136.3 -1.7 113 0 7.8 6.9 2.5 2.5 2 0 1 3 3
6656.8 -2995.0 -2.4 16 0 6.9 6.3 2.5 2.5 2 0 1 0 0
6743.3 -3829.0 -5.0 289 0 11.1 14.7 2.5 2.5 2 1 1 0 0
6626.9 -3274.5 -1.2 111 0 6.9 8.5 2.5 0.0 0 1 1 1 1
6673.7 -3309.1 -3.5 201 0 6.7 8.1 2.5 2.5 2 1 1 0 0
6747.7 -3869.8 -5.1 24 0 11.0 10.5 2.5 2.5 1 0 1 2 2
6509.3 -3017.7 -3.5 180 0 7.1 9.9 5.0 0.0 0 1 2 2 2
6756.3 -2655.8 -2.5 214 0 6.1 8.7 10.0 2.5 4 1 4 1 1
6763.9 -2827.6 -3.2 132 0 8.5 7.6 2.5 2.5 4 0 1 3 3
6748.5 -2832.8 -3.1 295 0 6.9 6.1 5.0 2.5 2 0 2 5 5
6912.5 -2795.8 -2.7 53 0 6.8 8.5 2.5 2.5 2 1 1 0 0
6871.9 -2737.2 -2.4 40 0 9.6 6.1 2.5 2.5 1 0 1 4 4
6877.3 -2758.2 -2.4 142 0 6.8 9.3 2.5 2.5 2 1 1 4 4
6608.9 -2725.0 -3.9 121 0 8.8 6.7 2.5 2.5 2 0 1 2 2
6850.9 -2739.7 -2.4 324 0 8.1 8.3 2.5 2.5 2 1 1 0 0
6864.9 -2770.9 -2.4 324 0 9.8 7.0 2.5 2.5 2 0 1 3 3
6660.7 -2604.2 -3.0 37 0 6.0 8.3 5.0 2.5 1 1 2 0 0
6161.0 -3478.5 -3.6 194 0 8.5 12.4 2.5 2.5 2 1 1 2 2
6234.0 -3501.3 -3.8 118 0 7.4 7.1 2.5 2.5 1 0 1 1 1
6476.4 -3642.9 -2.8 296 0 6.4 11.2 2.5 2.5 2 1 1 1 1
6309.5 -3397.7 -3.3 109 0 9.2 6.8 2.5 2.5 2 0 1 5 5
6246.1 -3845.4 -1.2 30 0 9.1 8.5 2.5 2.5 2 0 1 4 4
6346.0 -3555.4 -3.6 277 0 8.3 7.3 7.5 2.5 2 0 3 0 0
6410.0 -3842.3 -1.7 113 0 8.2 6.6 7.5 2.5 2 0 3 0 0
6266.4 -3766.3 -1.1 286 0 9.1 8.2 5.0 2.5 2 0 2 1 1
6452.5 -3088.7 -3.0 122 0 7.8 7.3 2.5 2.5 2 0 1 5 5
6383.6 -3846.8 -1.6 269 0 10.7 8.9 2.5 2.5 2 0 1 4 4
6185.2 -3769.1 -3.4 216 0 7.5 6.6 2.5 2.5 2 0 1 1 1
6420.8 -3500.7 -2.3 295 0 6.7 6.5 2.5 2.5 2 0 1 5 5
6443.4 -3657.9 -2.7 206 0 10.6 7.5 2.5 2.5 2 0 1 4 4
6355.8 -3337.5 -2.6 5 0 6.8 7.2 2.5 2.5 2 1 1 5 5
6239.3 -3762.2 -2.3 286 0 10.8 9.9 5.0 2.5 2 0 2 2 2
6352.0 -3358.9 -2.3 2 0 6.1 7.8 10.0 2.5 2 1 4 5 5
6352.5 -3406.4 -2.5 359 0 7.2 7.8 2.5 2.5 1 1 1 0 0
6293.4 -3771.8 -1.4 138 0 8.9 9.0 7.5 2.5 2 1 3 0 0
6548.2 -3491.3 -1.5 299 0 6.5 6.5 2.5 2.5 2 1 1 2 2
6307.9 -3730.5 -1.8 228 0 7.4 7.1 2.5 2.5 2 0 1 1 1
6442.6 -3627.8 -3.0 206 0 9.0 6.6 2.5 2.5 2 0 1 3 3
6433.0 -3134.9 -2.7 201 0 7.9 8.5 2.5 2.5 2 1 1 2 2
6564.8 -3416.5 -1.3 42 0 6.0 7.5 2.5 2.5 2 1 1 5 5
6424.7 -3155.8 -2.7 201 0 7.4 8.1 2.5 2.5 2 1 1 5 5
6136.8 -3723.8 -5.0 234 0 7.2 8.8 2.5 2.5 2 1 1 4 4
6204.9 -3805.8 -2.5 120 0 7.0 6.6 2.5 2.5 2 0 1 1 1
6496.3 -3597.2 -2.5 181 0 6.5 8.9 2.5 2.5 2 1 1 0 0
6563.6 -3726.4 -3.6 304 0 7.2 6.7 2.5 2.5 2 0 1 4 4
6738.5 -2380.4 -3.9 203 0 9.9 18.5 2.5 2.5 2 1 1 1 1
6705.8 -2450.7 -4.4 206 0 8.4 6.2 2.5 2.5 2 0 1 0 0
6272.3 -2526.6 -3.6 121 0 6.1 8.3 2.5 2.5 2 1 1 4 4
6587.4 910.2 -6.6 52 0 7.7 9.5 3.5 3.5 2 1 1 3 3
6617.5 933.9 -5.4 52 0 12.9 12.2 3.5 3.5 2 0 1 3 3
6496.8 741.1 -2.6 242 0 6.5 7.7 3.5 3.5 2 1 1 0 0
4774.4 -5151.1 1.1 42 0 7.8 6.5 7.5 2.5 2 0 3 1 1
4745.1 -5191.6 -0.8 34 0 7.9 10.0 7.5 2.5 2 1 3 5 5
4816.3 -5090.9 -1.0 41 0 10.2 7.7 10.0 2.5 2 0 4 4 4
4841.6 -5056.3 -2.0 29 0 8.7 7.8 7.5 2.5 2 0 3 3 3
4831.2 -5169.4 -0.9 217 0 23.4 28.1 10.0 0.0 0 1 4 0 0
6797.5 -1264.9 -7.1 213 0 15.6 11.4 2.5 0.0 0 0 1 4 4
6761.5 -1279.6 -6.0 123 0 10.3 17.2 5.0 2.5 1 1 2 0 0
1374.1 -6444.3 -4.4 17 0 7.1 9.0 2.5 2.5 2 1 1 1 1
1329.4 -6516.6 -3.8 286 0 9.7 8.6 7.5 2.5 2 0 3 3 3
1228.7 -6652.1 -2.3 200 0 10.1 8.8 7.5 2.5 4 0 3 0 0
1251.3 -6659.2 -1.9 20 0 10.1 8.8 7.5 2.5 2 0 3 5 5
1220.8 -6674.0 -2.1 200 0 10.1 8.8 2.5 2.5 2 0 1 1 1
1211.9 -6700.5 -2.5 200 0 10.1 8.8 2.5 2.5 2 0 1 5 5
1234.7 -6708.9 -3.2 20 0 10.1 8.8 5.0 2.5 2 0 2 1 1
1306.2 -6606.6 -3.1 289 0 7.8 9.5 5.0 2.5 2 1 2 0 0
1201.3 -6570.3 -4.1 289 0 7.8 9.5 7.5 2.5 2 1 3 1 1
1181.4 -6626.2 -3.3 289 0 7.8 9.5 2.5 2.5 2 1 1 1 1
1198.6 -6632.7 -3.3 289 0 7.8 9.5 7.5 2.5 2 1 3 0 0
1195.4 -6695.4 -2.1 19 0 9.5 11.2 5.0 2.5 2 1 2 5 5
1179.0 -6685.1 -2.0 289 0 7.8 9.5 5.0 2.5 2 1 2 5 5
1161.2 -6678.8 -2.0 289 0 7.8 9.5 7.5 2.5 2 1 3 3 3
1244.7 -6683.0 -2.6 20 0 9.2 10.3 10.0 2.5 2 1 4 3 3
1137.4 -6676.1 -2.0 201 0 7.8 9.6 7.5 2.5 2 1 3 3 3
1150.7 -6651.6 -2.7 108 0 8.8 10.0 10.0 2.5 2 1 4 5 5
1213.6 -6643.2 -3.1 20 0 9.9 10.4 7.5 2.5 2 1 3 1 1
1199.7 -6668.9 -2.8 109 0 8.3 8.8 7.5 2.5 4 1 3 0 0
1169.0 -6657.9 -2.7 112 0 7.4 8.9 5.0 2.5 2 1 2 0 0
1186.0 -6663.5 -2.8 112 0 7.4 8.9 7.5 2.5 2 1 3 4 4
1192.8 -6593.0 -3.9 112 0 7.4 8.8 7.5 2.5 4 1 3 5 5
1273.4 -6552.0 -2.6 202 0 6.1 9.4 7.5 2.5 4 1 3 5 5
1294.6 -6566.0 -2.8 112 0 7.4 8.9 2.5 2.5 2 1 1 0 0
1318.6 -6571.1 -3.7 22 0 8.9 9.4 2.5 2.5 2 1 1 0 0
1297.1 -6627.5 -3.0 112 0 7.4 8.9 7.5 2.5 2 1 3 0 0
1308.5 -6518.2 -3.0 112 0 7.4 8.9 5.0 2.5 2 1 2 3 3
1322.6 -6557.5 -4.0 20 0 8.3 9.4 2.5 2.5 2 1 1 3 3
1252.9 -6594.1 -2.6 202 0 7.3 8.7 10.0 2.5 2 1 4 0 0
1237.3 -6587.0 -3.2 20 0 10.4 8.6 7.5 2.5 2 0 3 1 1
1218.8 -6549.4 -3.9 109 0 7.2 9.1 7.5 0.0 0 1 3 1 1
3928.5 -6111.6 -3.6 36 0 8.2 36.4 15.0 0.0 0 1 6 0 0
3856.2 -6145.5 -2.6 216 0 7.2 6.3 7.5 2.5 2 0 3 0 0
3877.5 -6143.0 -2.8 36 0 7.2 6.3 10.0 2.5 2 0 4 4 4
3841.6 -6219.7 -2.7 33 0 7.1 8.6 7.5 2.5 2 1 3 5 5
3787.0 -6246.0 -2.4 307 0 6.8 10.1 7.5 2.5 2 1 3 0 0
3699.0 -6446.5 -2.8 221 0 8.0 7.6 5.0 2.5 2 0 2 3 3
3040.3 -6069.9 -1.9 314 0 9.5 6.9 7.5 2.5 2 0 3 1 1
3026.4 -6061.3 -1.9 320 0 6.8 6.0 7.5 0.0 0 0 3 5 5
3057.1 -6112.1 -2.1 47 0 7.2 7.7 7.5 2.5 2 1 3 2 2
3012.9 -6007.5 -2.0 134 0 7.8 6.4 7.5 2.5 2 0 3 5 5
3089.2 -5983.2 -2.3 44 0 6.5 7.8 5.0 2.5 2 1 2 5 5
3101.7 -6068.6 -2.1 134 0 7.8 6.4 7.5 2.5 4 0 3 4 4
3048.2 -6007.7 -1.8 29 0 6.0 8.9 5.0 0.0 0 1 2 3 3
1842.6 -5931.7 0.3 326 0 8.5 7.6 5.0 2.5 2 0 2 1 1
1858.6 -5897.9 0.5 56 0 7.6 8.5 10.0 2.5 2 1 4 1 1
1877.3 -5901.9 0.1 146 0 8.5 7.6 7.5 2.5 2 0 3 4 4
1910.2 -5845.2 1.3 327 0 8.5 7.6 5.0 2.5 2 0 2 5 5
1900.2 -5781.1 0.1 147 0 8.5 7.6 7.5 2.5 2 0 3 5 5
1917.4 -5831.8 1.3 147 0 9.9 7.3 7.5 2.5 2 0 3 1 1
1780.7 -5751.3 -3.5 246 0 7.3 15.7 7.5 2.5 2 1 3 0 0
1817.4 -5848.7 0.6 307 0 8.9 7.3 7.5 2.5 4 0 3 2 2
1973.1 -5935.5 -1.6 152 0 8.3 7.5 5.0 2.5 2 0 2 4 4
1962.0 -5952.4 -1.8 62 0 7.5 8.3 7.5 2.5 4 1 3 1 1
2037.3 -6026.4 -2.6 147 0 8.6 6.6 10.0 2.5 2 0 4 3 3
2064.0 -5997.1 -2.3 237 0 6.6 8.6 7.5 2.5 2 1 3 3 3
2082.2 -6026.1 -1.6 147 0 8.6 6.6 5.0 2.5 2 0 2 2 2
2112.3 -6013.9 -1.2 57 0 6.6 8.6 7.5 0.0 0 1 3 1 1
2099.5 -6046.3 -1.3 57 0 6.6 8.6 5.0 2.5 2 1 2 4 4
2075.9 -6071.6 -1.8 57 0 6.6 8.6 7.5 2.5 2 1 3 0 0
2058.3 -6088.5 -2.3 57 0 6.6 8.6 5.0 2.5 2 1 2 5 5
1987.0 -6029.2 -2.3 237 0 6.6 8.6 7.5 2.5 2 1 3 1 1
2032.7 -6137.4 -3.9 62 0 7.4 7.0 10.0 2.5 2 0 4 3 3
1977.5 -6062.7 -1.9 137 0 6.8 6.4 5.0 2.5 2 0 2 5 5
2225.2 -5974.5 0.5 327 0 8.6 6.6 5.0 2.5 2 0 2 5 5
2202.3 -6028.5 0.2 147 0 8.6 6.6 10.0 2.5 2 0 4 2 2
2149.0 -6003.4 -0.6 51 0 7.1 8.3 10.0 2.5 2 1 4 4 4
2169.3 -5926.9 -0.2 227 0 6.8 8.0 7.5 0.0 0 1 3 0 0
2152.8 -5949.6 -0.6 153 0 7.8 7.4 5.0 2.5 2 0 2 1 1
2210.8 -5911.4 0.1 314 0 7.5 6.8 7.5 2.5 2 0 3 2 2
2140.9 -5815.8 -1.0 321 0 15.0 9.8 7.5 2.5 2 0 3 1 1
5793.1 -6403.3 -4.8 304 0 14.3 18.2 7.5 2.5 2 1 3 0 0
5755.3 -6411.5 -5.1 304 0 10.7 6.2 7.5 2.5 4 0 3 0 0
6408.1 -5730.7 -4.2 295 0 7.7 10.4 5.0 2.5 2 1 2 2 2
5750.3 -6393.4 -5.0 304 0 7.4 8.0 7.5 2.5 2 1 3 0 0
5770.8 -6505.4 -4.9 129 0 12.0 6.1 7.5 0.0 0 0 3 4 4
6354.7 -5828.7 -7.0 42 0 10.5 10.8 5.0 2.5 2 1 2 5 5
5783.2 -6324.6 -3.8 311 0 7.1 7.1 5.0 2.5 2 0 2 3 3
5715.2 -6490.5 -4.9 133 0 6.3 6.9 5.0 0.0 0 1 2 5 5
6294.5 -5701.3 -4.7 287 0 11.8 8.4 7.5 2.5 2 0 3 4 4
5743.6 -6492.7 -5.2 124 0 14.4 10.3 10.0 2.5 2 0 4 1 1
5749.2 -6513.5 -4.7 133 0 7.6 8.1 5.0 2.5 2 1 2 2 2
6217.2 -3791.7 -2.4 217 0 8.6 8.9 5.0 2.5 2 1 2 0 0
6628.5 -5480.4 -0.4 111 0 10.3 13.4 7.5 2.5 2 1 3 4 4
6441.4 -6036.5 -5.4 34 0 7.8 7.8 5.0 2.5 2 1 2 5 5
6526.9 -5818.1 -3.4 295 0 9.8 7.6 2.5 2.5 2 0 1 2 2
6571.6 -5715.0 -6.4 213 0 7.8 8.7 7.5 2.5 2 1 3 1 1
6444.4 -5929.8 -4.5 288 0 9.4 9.6 7.5 2.5 2 1 3 1 1
6495.1 -5741.2 -3.6 119 0 8.2 8.3 7.5 2.5 2 1 3 4 4
6412.5 -5980.1 -3.6 189 0 9.6 8.6 7.5 0.0 0 0 3 2 2
6533.8 -5639.4 -4.7 119 0 7.5 6.3 2.5 2.5 2 0 1 3 3
6562.0 -5732.8 -5.7 210 0 8.2 8.1 2.5 2.5 2 0 1 1 1
6529.5 -5719.0 -3.7 29 0 8.9 14.3 5.0 2.5 4 1 2 0 0
6646.5 -5563.9 -5.2 292 0 12.0 17.7 7.5 2.5 4 1 3 4 4
6529.7 -5657.3 -4.9 119 0 8.2 9.3 5.0 2.5 2 1 2 1 1
6569.8 -5559.2 -3.6 201 0 10.4 10.2 5.0 2.5 2 0 2 5 5
6432.9 -5953.7 -4.0 187 0 9.0 7.7 7.5 2.5 2 0 3 2 2
6472.6 -5866.4 -3.1 295 0 7.3 6.9 5.0 2.5 2 0 2 2 2
6411.0 -5949.5 -4.7 196 0 9.6 7.4 7.5 0.0 0 0 3 5 5
6613.5 -5607.9 -5.6 21 0 11.5 8.8 5.0 2.5 2 0 2 3 3
6567.4 -5649.6 -5.5 119 0 10.7 7.2 10.0 2.5 4 0 4 0 0
6484.2 -5780.1 -3.0 295 0 9.6 8.0 5.0 2.5 4 0 2 5 5
6494.3 -5894.4 -4.1 288 0 14.4 7.5 7.5 2.5 2 0 3 5 5
6540.0 -5662.8 -5.1 119 0 7.4 7.3 7.5 2.5 2 0 3 5 5
6414.7 -5893.0 -5.0 294 0 7.8 6.5 2.5 2.5 4 0 1 0 0
6462.7 -5972.8 -3.7 16 0 7.1 7.6 10.0 2.5 2 1 4 1 1
6481.1 -5872.3 -3.5 206 0 7.3 6.8 7.5 0.0 0 0 3 5 5
6584.7 -5697.1 -6.3 119 0 8.6 8.8 5.0 2.5 2 1 2 5 5
6510.4 -5918.1 -4.9 21 0 10.5 7.4 5.0 2.5 2 0 2 4 4
6501.3 -5874.2 -4.1 300 0 11.2 11.7 7.5 2.5 2 1 3 4 4
6492.1 -5920.4 -4.3 22 0 9.4 11.5 7.5 2.5 2 1 3 2 2
6573.5 -5581.9 -4.4 201 0 13.1 8.6 5.0 2.5 2 0 2 1 1
6537.2 -5805.5 -3.0 295 0 11.3 9.8 5.0 0.0 0 0 2 5 5
6429.9 -6012.6 -4.2 19 0 8.1 8.1 5.0 2.5 2 0 2 4 4
6583.5 -5621.9 -5.3 26 0 6.9 8.7 2.5 2.5 2 1 1 3 3
6562.8 -5708.8 -6.0 30 0 8.0 8.6 7.5 2.5 2 1 3 0 0
6428.0 -5898.5 -4.7 204 0 10.2 8.7 7.5 2.5 2 0 3 0 0
6451.4 -5910.6 -4.8 290 0 6.3 6.9 5.0 2.5 2 1 2 1 1
6616.4 -5545.3 -3.5 292 0 7.4 18.0 7.5 2.5 2 1 3 3 3
6398.7 -5925.1 -6.0 121 0 15.6 6.2 7.5 2.5 2 0 3 0 0
6474.9 -5756.4 -3.5 295 0 8.1 11.6 7.5 2.5 4 1 3 1 1
6432.2 -5850.2 -3.4 200 0 9.4 7.8 7.5 2.5 2 0 3 2 2
6606.5 -5523.2 -1.8 22 0 10.8 9.2 7.5 2.5 2 0 3 1 1
6514.7 -5678.3 -4.3 299 0 10.1 10.3 7.5 2.5 2 1 3 3 3
6519.9 -5878.2 -4.6 293 0 9.9 9.2 7.5 2.5 2 0 3 2 2
6523.0 -5774.8 -2.8 111 0 8.4 9.2 5.0 2.5 4 1 2 4 4
6451.2 -5995.5 -4.1 8 0 8.1 7.5 7.5 2.5 4 0 3 2 2
6555.3 -5672.4 -5.5 119 0 9.5 8.6 5.0 2.5 2 0 2 4 4
6717.7 -5460.8 -2.4 39 0 7.6 8.0 7.5 2.5 2 1 3 2 2
6587.6 -5553.7 -3.5 202 0 13.1 11.8 5.0 2.5 2 0 2 3 3
5267.3 -2967.4 -3.3 299 0 9.2 12.2 7.5 2.5 2 1 3 2 2
6678.9 -5327.6 -0.4 208 0 17.9 51.1 10.0 2.5 2 1 4 1 1
6516.1 -5460.9 -1.9 117 0 14.1 8.3 5.0 2.5 2 0 2 1 1
6817.8 -5349.6 -4.9 20 0 12.5 12.2 7.5 2.5 2 0 3 0 0
6500.5 -5601.1 -4.8 220 0 6.8 19.4 2.5 2.5 2 1 1 2 2
6771.1 -5334.0 -2.9 28 0 7.3 7.5 10.0 2.5 2 1 4 0 0
6597.4 -5324.2 0.9 297 0 10.9 11.9 5.0 2.5 2 1 2 5 5
6837.6 -5383.7 -6.4 28 0 9.9 10.6 7.5 2.5 2 1 3 1 1
6660.5 -5375.3 0.7 198 0 14.3 10.4 10.0 2.5 2 0 4 0 0
6577.5 -5459.4 -0.8 113 0 9.2 16.6 7.5 0.0 0 1 3 1 1
6747.5 -5460.7 -3.4 45 0 7.4 8.2 7.5 2.5 2 1 3 3 3
6759.5 -5388.0 -2.5 26 0 7.6 8.2 7.5 2.5 2 1 3 0 0
6704.7 -5308.3 -0.7 201 0 6.3 7.3 7.5 0.0 0 1 3 3 3
6449.9 -5754.1 -3.7 295 0 6.5 9.1 7.5 2.5 2 1 3 0 0
6596.1 -5425.9 -0.1 26 0 10.8 14.9 5.0 2.5 2 1 2 2 2
6784.8 -5356.6 -3.5 28 0 12.2 8.1 7.5 0.0 0 0 3 4 4
6436.1 -5461.1 -3.7 116 0 8.7 11.7 5.0 2.5 2 1 2 1 1
6556.0 -5505.4 -1.9 117 0 7.3 12.0 5.0 2.5 4 1 2 3 3
6739.8 -5346.6 -1.7 109 0 7.8 10.2 5.0 2.5 2 1 2 1 1
6544.8 -5341.4 0.7 207 0 16.7 21.0 5.0 0.0 0 1 2 4 4
6694.8 -5331.7 -0.5 201 0 7.4 10.0 10.0 2.5 2 1 4 3 3
6596.8 -5398.7 0.6 297 0 12.3 7.7 7.5 2.5 2 0 3 2 2
6429.9 -5472.9 -4.4 308 0 11.3 6.9 7.5 2.5 2 0 3 0 0
6772.0 -5272.9 -3.5 294 0 12.7 8.8 2.5 2.5 2 0 1 1 1
6419.3 -5464.7 -4.8 308 0 7.8 9.6 7.5 2.5 2 1 3 4 4
6499.8 -5575.9 -4.4 210 0 13.7 11.3 7.5 2.5 2 0 3 4 4
6490.5 -5523.8 -3.4 300 0 8.5 6.6 5.0 2.5 2 0 2 0 0
6862.2 -5340.0 -6.9 17 0 11.1 8.5 7.5 2.5 2 0 3 3 3
6481.6 -5485.1 -2.8 117 0 6.3 11.9 2.5 2.5 2 1 1 5 5
6771.8 -5417.0 -3.1 38 0 7.1 12.4 7.5 2.5 2 1 3 5 5
6827.8 -5372.6 -5.7 22 0 8.1 8.3 2.5 2.5 2 1 1 0 0
6604.2 -5362.3 1.0 297 0 10.9 14.5 10.0 2.5 2 1 4 3 3
6733.4 -5302.9 -1.8 204 0 7.2 8.7 10.0 2.5 2 1 4 3 3
6877.3 -5339.2 -7.6 28 0 11.1 8.6 5.0 2.5 2 0 2 4 4
6449.4 -5470.0 -3.4 116 0 7.8 12.4 7.5 2.5 4 1 3 0 0
6769.2 -5351.4 -2.7 21 0 13.2 11.6 7.5 2.5 2 0 3 3 3
6472.1 -5451.9 -2.7 117 0 10.5 11.4 2.5 2.5 2 1 1 1 1
6441.1 -5384.8 -3.3 128 0 10.2 15.9 7.5 2.5 2 1 3 1 1
6767.5 -5303.2 -3.0 24 0 10.6 7.9 7.5 0.0 0 0 3 1 1
6800.1 -5342.4 -4.1 21 0 12.2 8.1 5.0 2.5 2 0 2 2 2
6823.5 -5403.1 -6.0 41 0 7.6 7.7 2.5 2.5 2 1 1 4 4
6565.9 -5300.2 -0.2 297 0 10.1 14.1 10.0 2.5 2 1 4 5 5
6543.6 -5530.3 -2.6 116 0 15.9 15.5 2.5 2.5 2 0 1 0 0
6714.0 -5337.8 -0.8 201 0 8.3 10.9 7.5 2.5 2 1 3 2 2
6782.8 -5389.6 -3.9 35 0 6.3 10.5 7.5 2.5 4 1 3 2 2
6853.8 -5389.5 -7.2 29 0 8.6 10.2 2.5 2.5 2 1 1 2 2
6687.1 -5408.2 0.3 109 0 12.3 14.8 7.5 2.5 2 1 3 1 1
5626.7 -6755.9 -1.9 33 0 9.3 12.1 7.5 2.5 2 1 3 5 5
5515.3 -6879.6 -6.7 133 0 9.3 14.3 2.5 2.5 2 1 1 5 5
5598.3 -6686.9 -1.7 36 0 17.8 10.9 2.5 2.5 2 0 1 5 5
5552.2 -6739.6 -1.9 44 0 22.9 11.9 7.5 2.5 2 0 3 0 0
5472.7 -6729.1 -2.4 298 0 7.7 7.5 7.5 2.5 2 0 3 1 1
5541.6 -6852.6 -5.9 219 0 13.6 13.2 7.5 2.5 2 0 3 5 5
5660.9 -6599.0 -4.1 321 0 11.1 11.1 7.5 2.5 2 0 3 5 5
5648.0 -6809.1 -3.5 217 0 7.0 8.5 5.0 2.5 2 1 2 2 2
5585.2 -6696.2 -1.5 41 0 10.8 16.2 2.5 2.5 2 1 1 0 0
5470.5 -6698.0 -1.9 122 0 11.1 7.6 2.5 2.5 2 0 1 1 1
5665.2 -6778.2 -3.6 126 0 8.8 6.4 7.5 2.5 2 0 3 0 0
5504.9 -6723.8 -1.8 123 0 10.5 9.1 10.0 2.5 2 0 4 0 0
5644.1 -6619.4 -4.1 52 0 27.8 11.5 7.5 2.5 2 0 3 0 0
5672.5 -6630.7 -4.3 141 0 7.1 11.7 7.5 2.5 2 1 3 4 4
5564.9 -6725.0 -1.6 43 0 9.9 20.1 7.5 0.0 0 1 3 2 2
5541.3 -6768.0 -4.1 313 0 9.5 34.7 12.5 2.5 2 1 5 3 3
5604.1 -6625.9 -3.6 49 0 7.6 6.3 7.5 0.0 0 0 3 3 3
5481.7 -6672.6 -2.0 123 0 11.1 10.2 2.5 2.5 2 0 1 4 4
5529.9 -6610.6 -2.2 309 0 9.4 9.0 7.5 2.5 2 0 3 5 5
5453.9 -6653.9 -2.9 124 0 8.5 7.9 5.0 0.0 0 0 2 3 3
5548.2 -6639.2 -1.8 308 0 9.3 8.7 7.5 2.5 2 0 3 2 2
5506.7 -6644.1 -2.0 306 0 9.7 7.8 2.5 2.5 2 0 1 3 3
5474.2 -6653.6 -2.5 127 0 10.0 7.2 5.0 2.5 2 0 2 2 2
5491.9 -6535.9 -3.6 224 0 9.0 8.9 7.5 2.5 4 0 3 4 4
5483.6 -6599.5 -3.1 214 0 8.5 10.0 7.5 2.5 2 1 3 0 0
5515.5 -6553.3 -3.0 302 0 9.2 10.7 7.5 2.5 2 1 3 2 2
5459.2 -6582.6 -3.8 211 0 11.7 10.7 10.0 2.5 2 0 4 3 3
5482.1 -6630.4 -2.7 218 0 6.5 12.5 7.5 2.5 2 1 3 4 4
5230.6 -6571.4 -5.4 217 0 7.4 10.5 5.0 2.5 2 1 2 5 5
5232.3 -6670.4 -5.2 311 0 8.1 7.8 7.5 2.5 4 0 3 2 2
5239.1 -6682.9 -5.1 314 0 9.0 7.9 7.5 2.5 2 0 3 2 2
5416.3 -6512.1 -5.5 312 0 7.7 7.5 7.5 2.5 2 0 3 2 2
5370.1 -6532.3 -5.9 216 0 7.3 9.8 5.0 2.5 2 1 2 3 3
5247.8 -6740.2 -4.8 40 0 16.4 9.3 10.0 2.5 2 0 4 1 1
5280.6 -6657.4 -5.4 134 0 6.2 6.2 7.5 2.5 2 0 3 1 1
5336.3 -6599.1 -5.6 129 0 8.8 8.3 2.5 2.5 2 0 1 2 2
5300.2 -6559.3 -5.3 125 0 6.2 12.9 5.0 2.5 2 1 2 3 3
5346.3 -6512.4 -5.3 217 0 9.3 9.0 2.5 2.5 2 0 1 0 0
5430.0 -6593.2 -4.5 39 0 10.0 9.3 7.5 0.0 0 0 3 1 1
5243.3 -6559.6 -5.3 221 0 8.6 10.1 7.5 2.5 2 1 3 2 2
5219.6 -6603.8 -5.6 132 0 7.9 8.3 10.0 2.5 2 1 4 3 3
5313.6 -6567.3 -5.3 120 0 6.4 6.6 7.5 2.5 2 1 3 3 3
5349.8 -6573.3 -5.8 122 0 8.3 7.1 7.5 2.5 2 0 3 0 0
5447.8 -6562.1 -4.4 49 0 9.3 9.1 7.5 2.5 2 0 3 0 0
5426.4 -6631.4 -3.8 215 0 7.3 10.7 5.0 2.5 2 1 2 0 0
5633.2 -6008.0 -5.7 36 0 18.3 18.1 10.0 2.5 4 0 4 4 4
5733.7 -6031.8 -5.4 311 0 10.7 12.0 7.5 2.5 2 1 3 0 0
5774.8 -6069.6 -5.1 315 0 10.8 11.0 7.5 2.5 2 1 3 0 0
5674.5 -5952.1 -5.8 30 0 24.9 8.7 5.0 2.5 2 0 2 4 4
4740.9 -5237.6 -1.6 222 0 9.4 8.3 5.0 2.5 2 0 2 0 0
5755.4 -5934.6 -4.5 311 0 9.0 11.0 5.0 2.5 2 1 2 0 0
5739.3 -5952.9 -4.7 131 0 10.2 11.3 7.5 2.5 2 1 3 1 1
5858.1 -6024.2 -6.1 311 0 10.9 10.9 7.5 2.5 2 1 3 0 0
5821.9 -6024.9 -5.1 131 0 9.9 11.0 5.0 2.5 2 1 2 5 5
5796.4 -6028.6 -4.7 312 0 10.4 11.6 7.5 2.5 2 1 3 3 3
5717.6 -5993.9 -5.2 134 0 10.6 12.1 5.0 2.5 2 1 2 4 4
5838.9 -5947.8 -5.0 314 0 11.7 11.1 7.5 2.5 2 0 3 1 1
5879.7 -5984.0 -6.5 312 0 10.3 11.5 5.0 2.5 2 1 2 0 0
5863.4 -6002.9 -6.3 133 0 11.3 11.3 7.5 2.5 4 1 3 3 3
6054.2 -6257.7 -5.1 310 0 8.7 11.2 2.5 0.0 0 1 1 3 3
6008.6 -6298.7 -5.0 220 0 7.0 7.5 10.0 2.5 2 1 4 2 2
6027.1 -6277.9 -5.1 220 0 9.4 11.5 2.5 2.5 2 1 1 0 0
5978.9 -6380.7 -5.1 310 0 8.3 14.4 2.5 2.5 4 1 1 3 3
6054.1 -6309.9 -5.0 127 0 8.7 16.1 5.0 2.5 2 1 2 1 1
6043.1 -6305.5 -5.0 126 0 11.8 19.1 5.0 2.5 2 1 2 3 3
6012.7 -6447.0 -6.0 130 0 10.9 11.5 7.5 2.5 2 1 3 4 4
5938.4 -6501.1 -6.8 136 0 6.3 7.6 7.5 2.5 2 1 3 0 0
5905.1 -6206.7 -5.9 212 0 14.9 33.0 7.5 2.5 2 1 3 4 4
5959.1 -6155.6 -6.3 284 0 11.2 35.3 10.0 2.5 2 1 4 0 0
5843.5 -5926.7 -5.1 135 0 10.9 11.5 10.0 2.5 2 1 4 4 4
5917.0 -5958.1 -7.0 317 0 10.6 12.1 2.5 2.5 2 1 1 0 0
5834.4 -5884.4 -4.4 313 0 10.4 12.3 10.0 2.5 2 1 4 5 5
5802.7 -5891.0 -3.7 132 0 10.3 12.2 7.5 2.5 2 1 3 5 5
5759.5 -5776.9 -7.2 39 0 10.1 6.9 7.5 2.5 2 0 3 2 2
5788.7 -5746.6 -7.3 220 0 9.0 6.7 10.0 2.5 2 0 4 3 3
5843.4 -5780.7 -6.0 312 0 7.5 9.9 7.5 2.5 2 1 3 0 0
5814.4 -5832.6 -4.8 220 0 10.5 7.4 2.5 2.5 2 0 1 1 1
5822.4 -5822.0 -5.0 222 0 9.3 7.4 7.5 2.5 2 0 3 4 4
5831.0 -5810.6 -5.3 223 0 11.7 7.6 7.5 2.5 2 0 3 0 0
5838.2 -5800.0 -5.6 218 0 9.9 8.0 7.5 2.5 2 0 3 5 5
5826.1 -5808.7 -5.5 39 0 9.5 7.2 7.5 0.0 0 0 3 0 0
5817.4 -5819.8 -5.3 40 0 8.2 7.5 2.5 2.5 4 0 1 2 2
5810.7 -5831.1 -5.0 39 0 9.7 8.2 7.5 2.5 2 0 3 5 5
5809.8 -5779.1 -6.2 224 0 9.6 7.6 5.0 2.5 2 0 2 0 0
5813.2 -5765.7 -6.7 45 0 7.7 7.4 5.0 2.5 4 0 2 3 3
5804.6 -5776.3 -6.5 42 0 8.1 6.4 7.5 2.5 2 0 3 0 0
5796.9 -5787.6 -6.3 40 0 8.2 7.2 5.0 0.0 0 0 2 1 1
5792.6 -5800.9 -5.8 222 0 9.4 7.7 10.0 2.5 2 0 4 4 4
5763.6 -5779.6 -6.9 219 0 9.3 7.3 5.0 2.5 2 0 2 0 0
5846.4 -5707.3 -7.0 36 0 6.9 8.3 2.5 2.5 2 1 1 3 3
5577.6 -5254.4 -4.1 310 0 10.1 10.2 7.5 2.5 2 1 3 3 3
5621.9 -5338.6 -3.8 310 0 8.1 11.2 10.0 2.5 2 1 4 0 0
5608.2 -5361.6 -4.2 40 0 11.3 9.0 5.0 2.5 2 0 2 1 1
5600.3 -5374.9 -4.4 40 0 10.8 9.9 5.0 2.5 2 0 2 0 0
5591.5 -5348.5 -4.5 220 0 10.4 9.4 5.0 2.5 2 0 2 3 3
5580.5 -5357.2 -4.7 220 0 11.5 10.7 7.5 2.5 2 0 3 5 5
5569.7 -5371.3 -4.8 220 0 9.3 10.2 7.5 2.5 2 1 3 1 1
5581.1 -5305.8 -4.4 310 0 9.0 10.0 7.5 2.5 2 1 3 2 2
5580.0 -5338.2 -4.6 40 0 10.0 10.6 5.0 2.5 2 1 2 0 0
5541.4 -5346.1 -4.8 220 0 8.3 10.4 5.0 2.5 2 1 2 0 0
5547.1 -5279.2 -4.4 310 0 8.5 9.2 7.5 2.5 2 1 3 2 2
5542.4 -5315.9 -4.6 40 0 9.6 9.6 5.0 2.5 2 1 2 2 2
5534.2 -5326.9 -4.7 40 0 9.8 9.9 5.0 2.5 2 1 2 4 4
5516.6 -5312.5 -4.7 220 0 10.6 8.8 7.5 2.5 2 0 3 2 2
5502.5 -5317.8 -4.8 220 0 9.4 9.4 5.0 0.0 0 0 2 3 3
5589.7 -5420.2 -4.6 310 0 10.5 6.8 7.5 2.5 4 0 3 2 2
5488.0 -5336.3 -5.0 310 0 6.5 7.8 10.0 2.5 2 1 4 1 1
5511.0 -5355.4 -5.0 310 0 9.5 7.8 5.0 2.5 2 0 2 3 3
5556.0 -5393.8 -5.1 310 0 9.5 7.8 7.5 2.5 2 0 3 1 1
5666.5 -5489.3 -5.5 312 0 6.2 8.0 7.5 2.5 2 1 3 0 0
5681.3 -5496.8 -5.9 311 0 8.5 11.9 7.5 2.5 2 1 3 5 5
5692.1 -5508.8 -6.0 310 0 9.5 7.8 5.0 2.5 2 0 2 1 1
5711.7 -5527.9 -6.2 310 0 6.6 7.8 5.0 2.5 2 1 2 0 0
5717.6 -5538.7 -6.3 220 0 7.8 9.5 2.5 0.0 0 1 1 0 0
5634.6 -5459.0 -4.7 312 0 11.2 9.7 5.0 2.5 2 0 2 4 4
5567.5 -5401.4 -5.1 312 0 10.6 9.2 10.0 0.0 0 0 4 3 3
5546.8 -5382.6 -5.1 310 0 9.9 9.6 7.5 2.5 2 0 3 1 1
5772.2 -5464.5 -4.9 219 0 10.1 8.7 10.0 0.0 0 0 4 2 2
5763.9 -5475.8 -5.2 220 0 9.0 8.8 5.0 2.5 2 0 2 4 4
5747.4 -5498.6 -5.9 220 0 9.6 8.3 7.5 2.5 2 0 3 4 4
5739.2 -5510.6 -6.1 220 0 11.2 7.9 10.0 2.5 2 0 4 5 5
5730.1 -5522.3 -6.2 219 0 9.6 8.7 7.5 2.5 2 0 3 2 2
5724.2 -5453.4 -4.6 220 0 10.4 8.5 10.0 2.5 2 0 4 3 3
5740.8 -5467.5 -4.8 40 0 10.0 8.5 7.5 2.5 2 0 3 3 3
5732.1 -5479.0 -5.2 40 0 9.5 8.6 7.5 2.5 2 0 3 5 5
5716.4 -5464.0 -4.9 221 0 10.5 7.8 7.5 2.5 2 0 3 3 3
5723.1 -5490.3 -5.5 40 0 9.1 8.4 2.5 2.5 2 0 1 4 4
5706.8 -5476.6 -5.2 220 0 10.6 8.4 5.0 2.5 2 0 2 2 2
5709.3 -5500.8 -5.7 130 0 9.9 8.6 10.0 2.5 2 0 4 3 3
5699.5 -5492.1 -5.5 130 0 10.7 8.2 5.0 2.5 4 0 2 0 0
5714.3 -5422.4 -3.7 310 0 7.9 10.5 7.5 2.5 2 1 3 1 1
5703.8 -5413.4 -3.5 310 0 9.3 10.9 5.0 2.5 2 1 2 0 0
5705.1 -5439.5 -4.0 40 0 11.0 8.0 7.5 0.0 0 0 3 4 4
5680.4 -5435.6 -4.0 220 0 10.6 7.4 5.0 0.0 0 0 2 0 0
5688.9 -5461.1 -4.6 40 0 9.2 10.7 7.5 0.0 0 1 3 2 2
5675.0 -5471.6 -4.9 130 0 10.8 8.0 7.5 2.5 2 0 3 1 1
5671.2 -5445.1 -4.3 220 0 10.7 9.6 7.5 2.5 2 0 3 5 5
5662.9 -5465.1 -4.7 130 0 10.2 11.6 7.5 2.5 2 1 3 1 1
5681.5 -5396.7 -2.8 40 0 9.2 17.7 2.5 0.0 0 1 1 4 4
5641.2 -5349.2 -3.0 220 0 8.1 11.8 2.5 2.5 2 1 1 3 3
5740.4 -5434.5 -3.9 37 0 8.2 10.2 2.5 2.5 2 1 1 1 1
5633.9 -5361.9 -3.2 217 0 10.8 8.9 7.5 2.5 2 0 3 3 3
5625.2 -5380.3 -3.5 131 0 9.8 10.7 5.0 2.5 2 1 2 2 2
5664.1 -5411.8 -3.2 129 0 10.5 8.5 2.5 0.0 0 0 1 3 3
5657.7 -5430.5 -3.7 39 0 9.2 11.0 2.5 2.5 4 1 1 3 3
5631.6 -5430.8 -3.7 130 0 9.6 8.5 5.0 2.5 2 0 2 3 3
5603.6 -5406.6 -4.1 129 0 10.1 7.9 2.5 2.5 2 0 1 1 1
5646.9 -5319.3 -3.2 40 0 8.6 9.4 7.5 0.0 0 1 3 0 0
5639.2 -5329.7 -3.4 41 0 9.1 10.5 5.0 2.5 2 1 2 2 2
5631.9 -5302.2 -3.6 310 0 9.4 8.0 10.0 2.5 2 0 4 4 4
5619.4 -5290.0 -4.0 310 0 10.3 9.5 5.0 2.5 2 0 2 0 0
5604.4 -5308.0 -4.2 131 0 10.4 9.8 2.5 2.5 2 0 1 4 4
5589.4 -5293.8 -4.2 129 0 10.5 9.7 5.0 2.5 4 0 2 1 1
5592.2 -5267.0 -4.1 310 0 10.2 9.4 7.5 2.5 2 0 3 1 1
5577.9 -5283.9 -4.2 131 0 10.3 8.4 7.5 0.0 0 0 3 5 5
5950.4 -5509.4 -4.3 310 0 10.5 8.0 5.0 2.5 2 0 2 3 3
5836.3 -5494.4 -5.8 316 0 6.6 8.5 7.5 2.5 2 1 3 0 0
5856.9 -5425.0 -4.1 226 0 7.4 8.7 2.5 2.5 2 1 1 0 0
5825.7 -5451.1 -4.4 130 0 6.2 8.9 7.5 2.5 2 1 3 0 0
5748.3 -5553.9 -6.4 42 0 7.0 6.3 5.0 0.0 0 0 2 2 2
6129.4 -5721.3 -5.3 96 0 9.8 8.1 5.0 0.0 0 0 2 3 3
6156.2 -5825.0 -2.9 135 0 9.0 9.0 7.5 2.5 4 1 3 3 3
6116.0 -5744.6 -5.2 315 0 10.1 8.0 7.5 2.5 2 0 3 3 3
5972.3 -5620.0 -5.1 311 0 6.9 7.5 5.0 2.5 2 1 2 0 0
5969.1 -5639.0 -5.5 132 0 7.0 6.1 7.5 2.5 2 0 3 2 2
6375.4 -5960.7 -4.0 213 0 6.6 8.4 10.0 2.5 2 1 4 2 2
6340.8 -6106.9 -3.9 36 0 7.2 11.2 2.5 0.0 0 1 1 5 5
6405.7 -6033.7 -4.4 37 0 6.2 8.0 2.5 2.5 2 1 1 4 4
6399.7 -6062.7 -4.1 38 0 7.0 9.6 7.5 2.5 4 1 3 0 0
6398.6 -6099.7 -5.1 39 0 6.9 10.7 2.5 2.5 4 1 1 0 0
6379.9 -6045.6 -3.6 221 0 9.0 6.7 10.0 2.5 2 0 4 0 0
6392.3 -5950.0 -4.7 198 0 11.3 15.6 7.5 2.5 2 1 3 0 0
6378.0 -5996.1 -3.6 127 0 6.1 10.8 10.0 2.5 2 1 4 3 3
6364.0 -6010.5 -3.5 212 0 9.8 8.9 2.5 2.5 2 0 1 4 4
6337.4 -6045.0 -2.2 223 0 7.9 11.2 5.0 2.5 2 1 2 3 3
6336.7 -6033.1 -2.3 306 0 8.5 10.2 7.5 2.5 2 1 3 5 5
6295.3 -6079.0 -2.7 131 0 11.8 7.1 7.5 2.5 4 0 3 3 3
6289.9 -6091.0 -3.1 131 0 14.2 8.7 2.5 2.5 2 0 1 0 0
6270.3 -6169.9 -2.2 44 0 9.5 11.3 7.5 2.5 2 1 3 2 2
6229.3 -6192.4 -3.5 43 0 7.6 15.4 2.5 2.5 2 1 1 0 0
6215.3 -6201.6 -4.0 42 0 7.7 12.6 7.5 2.5 2 1 3 0 0
6178.0 -6237.1 -4.9 42 0 10.3 9.1 7.5 2.5 2 0 3 5 5
6202.0 -5894.2 -1.4 312 0 10.5 8.4 7.5 2.5 2 0 3 5 5
6125.7 -5914.7 -1.5 128 0 13.3 10.0 7.5 2.5 4 0 3 2 2
6112.4 -5928.3 -2.3 135 0 11.3 9.8 5.0 2.5 2 0 2 4 4
6086.7 -5874.1 -2.0 222 0 7.8 11.8 5.0 2.5 2 1 2 1 1
6203.1 -5821.5 -4.0 312 0 11.8 8.8 2.5 2.5 2 0 1 4 4
6242.0 -5712.6 -4.6 309 0 7.8 8.8 7.5 2.5 2 1 3 4 4
6210.2 -5796.7 -4.1 127 0 9.0 12.0 7.5 2.5 4 1 3 0 0
6187.1 -5780.9 -3.9 130 0 9.5 7.4 7.5 2.5 2 0 3 5 5
6170.5 -5717.3 -4.6 119 0 8.0 6.3 5.0 2.5 2 0 2 4 4
6159.3 -5726.3 -4.7 135 0 8.2 9.9 7.5 2.5 4 1 3 5 5
6145.3 -5744.3 -4.7 133 0 11.6 8.2 5.0 2.5 2 0 2 5 5
6157.5 -5644.0 -3.4 300 0 13.5 10.3 5.0 2.5 4 0 2 5 5
6145.0 -5660.3 -4.1 307 0 8.0 10.4 2.5 2.5 2 1 1 5 5
6386.8 -6509.6 -10.9 130 0 6.9 11.6 5.0 2.5 2 1 2 2 2
5385.8 -6447.7 -5.8 309 0 6.7 6.7 7.5 2.5 2 0 3 4 4
5370.3 -6464.5 -5.6 129 0 9.7 8.2 5.0 2.5 4 0 2 0 0
5351.5 -6486.8 -5.4 210 0 9.3 13.0 5.0 2.5 2 1 2 2 2
5307.5 -6467.7 -4.6 312 0 8.3 10.8 10.0 2.5 2 1 4 1 1
5293.1 -6464.4 -4.5 213 0 10.5 7.2 5.0 2.5 4 0 2 5 5
5284.4 -6480.3 -4.7 215 0 8.6 9.7 5.0 2.5 2 1 2 5 5
5268.1 -6511.4 -4.9 211 0 7.5 8.9 5.0 2.5 2 1 2 0 0
5484.3 -6386.3 -5.3 310 0 6.1 8.7 7.5 2.5 2 1 3 2 2
5474.5 -6415.6 -5.2 122 0 9.1 7.2 10.0 2.5 2 0 4 1 1
5450.8 -6394.6 -5.9 132 0 7.5 7.6 5.0 0.0 0 1 2 0 0
5433.0 -6420.3 -6.0 121 0 11.4 6.5 2.5 2.5 2 0 1 2 2
5414.9 -6410.3 -6.3 128 0 11.8 8.7 5.0 0.0 0 0 2 4 4
5419.6 -6477.7 -5.7 313 0 6.9 6.0 5.0 2.5 2 0 2 4 4
5430.4 -6486.7 -5.4 313 0 6.9 8.9 10.0 0.0 0 1 4 4 4
5398.4 -6501.9 -5.8 223 0 7.0 7.7 7.5 2.5 2 1 3 0 0
5417.2 -6454.7 -6.0 313 0 7.2 9.6 5.0 2.5 2 1 2 4 4
5423.8 -6441.7 -6.0 308 0 10.4 7.3 7.5 2.5 2 0 3 2 2
5355.5 -6382.5 -4.4 121 0 7.0 8.6 5.0 0.0 0 1 2 5 5
5335.6 -6394.8 -4.0 216 0 7.7 11.6 5.0 2.5 2 1 2 4 4
5569.2 -6199.0 -5.2 41 0 6.8 6.2 10.0 2.5 2 0 4 3 3
5548.9 -6211.5 -4.9 131 0 7.6 12.3 7.5 2.5 2 1 3 3 3
5492.6 -6212.8 -5.1 309 0 7.2 8.4 5.0 2.5 2 1 2 4 4
5431.8 -6320.5 -6.5 220 0 8.2 6.4 10.0 2.5 2 0 4 4 4
5392.8 -6316.7 -5.3 217 0 6.1 6.2 7.5 2.5 2 1 3 3 3
5378.0 -6328.7 -4.8 215 0 7.6 7.5 5.0 0.0 0 0 2 5 5
5366.6 -6344.9 -4.5 214 0 8.1 7.8 2.5 2.5 2 0 1 1 1
5327.0 -5797.4 -3.6 311 0 6.4 7.2 5.0 0.0 0 1 2 5 5
5298.7 -5937.8 -3.9 130 0 34.4 18.3 10.0 0.0 0 0 4 0 0
5494.4 -5580.3 -2.7 217 0 9.8 34.6 7.5 0.0 0 1 3 1 1
5176.5 -5521.9 -3.8 29 0 8.1 12.7 5.0 2.5 2 1 2 3 3
4920.4 -5647.4 -2.7 306 0 10.9 15.9 2.5 2.5 2 1 1 4 4
4895.8 -5677.5 -2.6 214 0 30.2 10.3 10.0 2.5 4 0 4 3 3
5071.3 -5653.8 -2.8 223 0 17.7 10.8 10.0 2.5 2 0 4 5 5
5098.4 -5625.7 -3.2 221 0 10.6 36.9 7.5 0.0 0 1 3 0 0
5086.6 -5613.6 -2.8 43 0 8.1 9.5 7.5 2.5 2 1 3 3 3
5068.0 -5586.4 -3.5 312 0 9.2 15.4 5.0 0.0 0 1 2 3 3
5050.8 -5575.0 -3.9 311 0 11.6 7.8 7.5 2.5 2 0 3 4 4
4926.3 -5616.4 -2.9 218 0 12.3 17.4 2.5 2.5 2 1 1 4 4
4979.0 -5654.9 -3.1 89 0 16.0 16.8 7.5 2.5 2 1 3 5 5
4987.4 -5635.7 -3.1 129 0 13.8 17.1 5.0 2.5 4 1 2 2 2
5002.2 -5607.4 -3.4 220 0 17.4 14.5 7.5 2.5 2 0 3 0 0
5015.8 -5595.8 -3.7 177 0 14.0 18.1 10.0 2.5 2 1 4 3 3
5048.8 -5615.0 -3.1 42 0 14.0 17.1 5.0 2.5 2 1 2 3 3
5058.8 -5633.9 -2.6 88 0 14.1 17.2 5.0 2.5 2 1 2 0 0
5049.1 -5647.5 -2.4 41 0 16.8 13.4 10.0 2.5 4 0 4 1 1
5034.6 -5664.5 -2.3 39 0 17.1 13.7 7.5 2.5 4 0 3 1 1
5013.1 -5683.5 -2.1 87 0 17.3 13.8 7.5 2.5 2 0 3 3 3
4990.2 -5668.8 -2.4 132 0 18.0 14.9 5.0 2.5 2 0 2 2 2
4988.2 -5732.2 -2.4 39 0 10.3 13.7 5.0 2.5 2 1 2 0 0
4978.8 -5742.6 -2.7 39 0 11.5 12.8 2.5 2.5 4 1 1 3 3
4921.4 -5911.5 -1.7 305 0 11.2 8.1 2.5 2.5 2 0 1 3 3
4896.8 -5951.8 -1.8 33 0 15.3 13.1 7.5 2.5 2 0 3 4 4
4725.2 -6097.0 -4.3 124 0 11.5 20.7 10.0 2.5 2 1 4 2 2
4816.7 -6060.1 -2.1 217 0 8.5 6.3 7.5 2.5 2 0 3 1 1
4828.8 -6119.1 -2.8 303 0 11.8 26.1 7.5 2.5 2 1 3 1 1
4783.2 -6093.4 -2.3 306 0 6.7 6.1 5.0 2.5 2 0 2 1 1
4739.8 -6166.8 -4.5 125 0 11.3 10.9 5.0 2.5 2 0 2 2 2
4739.3 -6207.0 -5.2 305 0 8.6 28.7 7.5 2.5 4 1 3 3 3
5246.4 -6501.4 -4.9 310 0 7.9 28.7 7.5 2.5 2 1 3 1 1
5147.9 -6466.6 -4.3 133 0 12.0 8.0 2.5 0.0 0 0 1 1 1
5121.8 -6506.6 -4.1 133 0 6.8 7.3 10.0 0.0 0 1 4 5 5
5059.5 -6453.9 -2.6 220 0 6.8 6.3 5.0 2.5 2 0 2 5 5
5090.6 -6427.7 -2.8 309 0 8.1 10.9 2.5 2.5 4 1 1 4 4
5049.9 -6444.3 -2.9 39 0 8.5 7.5 7.5 2.5 2 0 3 5 5
5028.5 -6390.5 -2.5 307 0 6.2 6.7 7.5 2.5 2 1 3 4 4
5003.3 -6355.9 -2.5 315 0 6.9 6.4 10.0 2.5 2 0 4 4 4
4989.5 -6339.1 -2.5 313 0 8.4 9.5 7.5 2.5 2 1 3 2 2
4981.4 -6328.3 -2.5 314 0 7.7 9.2 2.5 2.5 2 1 1 4 4
4970.6 -6364.5 -2.7 131 0 7.2 9.2 10.0 2.5 2 1 4 4 4
5362.7 -5925.2 -2.8 42 0 11.1 10.2 5.0 2.5 2 0 2 0 0
4942.5 -6259.9 -2.7 222 0 6.1 10.2 2.5 2.5 2 1 1 4 4
4977.5 -6261.4 -2.2 309 0 8.5 6.5 7.5 0.0 0 0 3 3 3
5060.8 -6382.2 -2.5 129 0 6.2 6.5 10.0 2.5 4 1 4 0 0
5095.1 -6401.3 -2.7 218 0 8.4 6.2 5.0 2.5 2 0 2 0 0
5108.5 -6380.2 -2.9 228 0 8.9 8.0 5.0 2.5 2 0 2 5 5
5131.1 -6389.6 -3.2 312 0 8.8 11.4 10.0 2.5 2 1 4 2 2
5152.3 -6250.6 -3.9 130 0 7.4 8.2 5.0 2.5 2 1 2 1 1
5099.1 -6206.3 -3.1 131 0 9.8 6.7 2.5 2.5 2 0 1 3 3
5079.0 -6184.6 -2.6 137 0 6.4 7.2 5.0 2.5 2 1 2 5 5
5044.7 -6055.9 -3.2 40 0 10.1 7.3 2.5 2.5 2 0 1 1 1
5000.3 -6138.2 -3.3 40 0 6.6 9.3 2.5 2.5 2 1 1 0 0
4930.5 -6282.4 -2.8 304 0 7.6 8.8 10.0 2.5 2 1 4 1 1
4943.3 -6301.6 -2.6 313 0 11.3 8.4 5.0 2.5 2 0 2 3 3
4919.9 -6311.6 -2.8 128 0 7.3 7.6 10.0 2.5 2 1 4 0 0
4927.0 -6329.3 -2.8 126 0 7.6 7.5 10.0 2.5 2 0 4 4 4
5241.4 -6280.3 -5.5 313 0 8.9 8.4 7.5 2.5 2 0 3 3 3
5192.4 -6283.1 -4.8 129 0 9.1 7.7 7.5 2.5 2 0 3 4 4
5051.1 -6177.5 -2.3 310 0 10.5 7.0 10.0 0.0 0 0 4 1 1
5008.2 -6152.7 -2.9 215 0 8.9 9.6 5.0 2.5 4 1 2 0 0
5329.8 -6276.0 -5.0 220 0 6.4 11.0 10.0 2.5 2 1 4 0 0
5341.8 -6361.5 -3.7 41 0 6.3 6.0 7.5 2.5 2 0 3 3 3
5307.3 -6380.5 -3.8 135 0 7.9 6.9 5.0 2.5 2 0 2 0 0
5315.4 -6340.9 -3.6 309 0 8.4 9.0 2.5 2.5 2 1 1 1 1
5291.3 -6370.2 -3.7 128 0 8.8 10.7 2.5 2.5 2 1 1 5 5
5268.0 -6350.0 -3.5 130 0 9.1 8.0 7.5 2.5 4 0 3 5 5
5712.7 -6143.8 -5.4 315 0 6.4 7.5 2.5 2.5 2 1 1 5 5
5708.9 -6164.1 -5.6 309 0 7.7 6.9 10.0 2.5 4 0 4 0 0
5722.0 -6149.6 -5.4 309 0 8.4 6.7 2.5 2.5 2 0 1 5 5
5736.4 -6163.6 -5.3 310 0 6.2 8.8 10.0 2.5 2 1 4 5 5
5230.9 -5900.5 -4.4 132 0 22.1 11.0 10.0 2.5 2 0 4 5 5
5184.0 -6167.2 -3.6 43 0 10.2 7.9 7.5 2.5 2 0 3 2 2
5282.9 -6226.2 -6.2 303 0 7.5 14.8 7.5 2.5 2 1 3 0 0
5331.6 -6440.4 -4.3 219 0 6.5 6.6 5.0 2.5 2 1 2 4 4
5315.5 -6427.0 -4.2 214 0 6.8 7.3 2.5 2.5 2 1 1 0 0
4984.9 -6196.0 -2.7 216 0 8.6 7.2 7.5 2.5 2 0 3 1 1
5045.4 -6252.2 -2.6 314 0 6.7 8.7 7.5 0.0 0 1 3 2 2
5062.1 -6266.5 -2.7 316 0 7.4 6.4 7.5 2.5 2 0 3 5 5
5076.1 -6280.2 -2.8 314 0 7.7 7.7 2.5 2.5 2 0 1 5 5
5056.5 -6307.9 -2.7 132 0 8.0 9.5 5.0 2.5 4 1 2 4 4
5076.6 -6328.4 -2.7 46 0 6.7 8.8 2.5 2.5 2 1 1 4 4
5088.9 -6341.3 -2.8 129 0 7.7 7.4 7.5 2.5 2 0 3 4 4
5121.8 -6338.5 -3.1 35 0 7.5 14.4 7.5 2.5 4 1 3 4 4
5120.5 -6359.0 -3.0 220 0 8.8 8.3 5.0 2.5 2 0 2 4 4
5153.1 -6350.5 -3.4 309 0 10.7 9.3 5.0 2.5 2 0 2 4 4
5150.1 -6389.9 -3.6 127 0 8.0 6.5 5.0 2.5 4 0 2 3 3
5196.1 -6394.4 -3.9 311 0 8.7 6.2 5.0 2.5 2 0 2 1 1
5216.6 -6400.6 -3.9 311 0 8.7 7.9 7.5 2.5 2 0 3 0 0
5198.0 -6427.4 -4.1 133 0 9.6 7.7 2.5 2.5 2 0 1 0 0
5228.7 -6415.6 -4.1 311 0 7.6 7.1 7.5 2.5 2 0 3 3 3
5237.1 -6421.2 -4.1 309 0 6.9 7.8 5.0 2.5 2 1 2 0 0
5229.0 -6456.1 -4.4 127 0 8.1 7.3 7.5 2.5 2 0 3 5 5
5245.5 -6434.8 -4.2 311 0 11.0 8.0 10.0 2.5 4 0 4 4 4
5258.8 -6445.6 -4.3 315 0 8.7 6.8 7.5 2.5 2 0 3 4 4
5281.1 -6450.0 -4.4 312 0 9.3 10.9 7.5 2.5 2 1 3 5 5
5294.4 -6397.9 -4.0 309 0 6.3 6.0 10.0 2.5 2 0 4 4 4
5306.6 -6414.2 -4.1 44 0 7.6 8.6 5.0 2.5 2 1 2 2 2
5283.0 -6393.2 -3.9 296 0 8.1 7.0 5.0 2.5 2 0 2 5 5
5244.8 -6395.5 -3.9 132 0 6.2 8.6 7.5 0.0 0 1 3 4 4
5225.2 -6388.3 -3.8 128 0 8.4 7.9 5.0 2.5 2 0 2 0 0
5207.3 -6319.0 -4.2 305 0 8.9 8.2 7.5 2.5 2 0 3 0 0
5170.0 -6337.1 -3.7 130 0 10.6 7.3 5.0 2.5 2 0 2 4 4
5182.1 -6297.4 -4.3 312 0 8.5 8.3 2.5 2.5 4 0 1 3 3
5134.5 -6299.9 -3.3 130 0 8.7 8.5 7.5 2.5 2 0 3 2 2
5118.0 -6297.9 -3.2 132 0 13.0 8.5 5.0 2.5 2 0 2 2 2
5101.6 -6280.3 -3.1 134 0 9.6 7.8 2.5 2.5 2 0 1 4 4
5075.9 -6257.0 -2.9 133 0 6.5 6.4 7.5 2.5 2 0 3 1 1
5071.9 -6209.7 -2.8 308 0 8.1 6.2 7.5 2.5 2 0 3 1 1
5090.1 -6225.5 -3.0 309 0 10.0 7.1 10.0 2.5 2 0 4 0 0
4884.3 -5440.2 -1.4 126 0 7.9 9.0 7.5 2.5 2 1 3 3 3
4778.8 -5312.0 -2.1 313 0 12.0 9.5 7.5 2.5 2 0 3 2 2
4796.2 -5333.1 -2.2 317 0 6.2 9.5 2.5 2.5 2 1 1 4 4
5477.9 -6291.7 -5.3 38 0 7.4 10.7 7.5 0.0 0 1 3 4 4
5451.4 -6368.4 -6.2 40 0 6.2 6.9 5.0 2.5 2 1 2 5 5
4978.0 -6481.4 -4.4 220 0 8.6 6.4 7.5 2.5 2 0 3 1 1
5032.0 -6462.3 -3.4 308 0 7.8 7.8 10.0 2.5 4 1 4 4 4
4790.7 -6198.7 -2.9 126 0 10.5 20.8 7.5 2.5 2 1 3 3 3
4885.2 -6517.0 -6.3 16 0 17.9 7.8 10.0 2.5 2 0 4 4 4
4871.4 -6523.5 -6.1 99 0 6.4 10.8 10.0 2.5 2 1 4 2 2
4711.1 -6375.4 -4.0 38 0 8.8 7.3 2.5 2.5 2 0 1 3 3
4445.7 -6306.9 -4.0 36 0 8.0 6.7 7.5 2.5 4 0 3 0 0
4080.3 -6373.8 -3.9 228 0 8.6 6.8 10.0 2.5 2 0 4 4 4
4314.8 -6243.0 -3.6 309 0 8.5 7.4 5.0 2.5 2 0 2 1 1
4350.4 -6251.0 -3.7 315 0 8.9 7.3 7.5 2.5 2 0 3 0 0
4360.6 -6284.8 -4.0 315 0 8.3 6.8 5.0 2.5 2 0 2 0 0
4327.7 -6280.2 -3.9 44 0 11.2 6.7 7.5 2.5 2 0 3 2 2
4230.1 -6280.0 -4.1 228 0 8.0 6.3 5.0 2.5 2 0 2 4 4
4188.8 -6333.0 -5.2 314 0 7.2 6.1 2.5 2.5 2 0 1 0 0
4090.3 -6394.4 -3.6 133 0 6.7 8.0 5.0 2.5 4 1 2 3 3
4113.5 -6431.7 -1.9 211 0 8.1 7.3 5.0 2.5 4 0 2 3 3
4649.0 -4908.2 -3.2 30 0 8.8 9.3 7.5 2.5 2 1 3 2 2
4879.3 -5016.3 -1.9 43 0 9.0 10.4 7.5 2.5 2 1 3 3 3
4867.0 -5032.3 -1.5 43 0 11.1 8.5 5.0 2.5 2 0 2 5 5
5067.6 -4744.9 -2.7 34 0 7.5 6.8 7.5 0.0 0 0 3 0 0
4948.8 -4920.1 -3.7 209 0 9.0 9.8 5.0 2.5 2 1 2 1 1
4957.9 -4964.3 -3.8 221 0 7.0 8.6 2.5 2.5 4 1 1 1 1
4945.3 -4979.4 -3.4 217 0 10.2 10.8 7.5 2.5 2 1 3 3 3
4939.7 -4997.4 -2.9 221 0 6.3 8.0 5.0 2.5 2 1 2 4 4
4908.5 -5022.0 -2.0 217 0 8.7 10.3 5.0 2.5 2 1 2 0 0
5032.1 -5037.0 -3.6 207 0 8.9 9.0 7.5 2.5 2 1 3 2 2
5058.4 -5043.5 -3.7 316 0 10.5 10.3 7.5 2.5 2 0 3 4 4
5046.4 -5069.3 -3.3 41 0 10.9 9.1 7.5 0.0 0 0 3 3 3
5016.1 -5102.5 -2.4 34 0 9.9 9.4 5.0 2.5 2 0 2 0 0
4817.0 -5131.4 0.9 220 0 8.4 10.3 2.5 0.0 0 1 1 5 5
4917.4 -5394.5 -1.8 133 0 8.8 11.9 7.5 2.5 2 1 3 5 5
4885.2 -5286.9 -1.2 222 0 8.7 6.4 5.0 2.5 2 0 2 0 0
4909.0 -5236.1 -1.1 36 0 8.6 9.6 7.5 2.5 2 1 3 1 1
4878.1 -5180.0 -1.2 271 0 9.8 6.4 5.0 2.5 2 0 2 4 4
4867.7 -5182.0 -1.3 309 0 9.2 7.0 5.0 2.5 4 0 2 3 3
4859.2 -5190.0 -1.3 311 0 6.8 11.7 7.5 2.5 2 1 3 5 5
4852.3 -5212.6 -1.4 46 0 8.7 11.2 7.5 2.5 2 1 3 4 4
4869.8 -5205.6 -1.3 30 0 7.7 7.4 2.5 2.5 4 0 1 2 2
4870.1 -5227.2 -1.4 43 0 10.8 7.7 7.5 2.5 4 0 3 1 1
4872.9 -5254.3 -1.4 44 0 8.9 10.3 5.0 2.5 2 1 2 4 4
4847.0 -5245.7 -1.6 40 0 8.7 9.8 2.5 0.0 0 1 1 5 5
4837.3 -5263.9 -1.7 41 0 10.3 7.2 5.0 2.5 2 0 2 3 3
4817.4 -5304.0 -1.9 119 0 7.8 9.5 7.5 2.5 4 1 3 4 4
4724.5 -5223.0 -1.6 44 0 10.8 9.5 5.0 2.5 2 0 2 4 4
4735.0 -5136.0 -0.3 222 0 6.8 6.4 10.0 2.5 2 0 4 1 1
4816.3 -4947.8 -2.7 309 0 8.6 8.3 7.5 0.0 0 0 3 3 3
4811.7 -4979.8 -2.4 40 0 6.4 6.2 5.0 2.5 2 0 2 5 5
4786.8 -4971.6 -2.6 141 0 10.7 8.1 10.0 2.5 2 0 4 3 3
6163.1 -6014.2 -1.2 309 0 29.1 6.7 7.5 2.5 2 0 3 4 4
6189.1 -6037.6 -1.2 311 0 7.1 6.4 7.5 2.5 2 0 3 5 5
6182.9 -6045.0 -1.3 310 0 9.0 11.5 7.5 2.5 2 1 3 3 3
6197.5 -6062.5 -1.3 312 0 18.9 6.9 10.0 2.5 4 0 4 5 5
6174.4 -6036.6 -1.5 309 0 6.3 32.8 2.5 2.5 4 1 1 5 5
6122.9 -6097.1 -1.6 218 0 9.6 8.4 7.5 2.5 2 0 3 0 0
6116.4 -6108.3 -1.8 217 0 7.1 13.5 2.5 2.5 2 1 1 2 2
6044.7 -6081.2 -4.3 314 0 11.3 9.8 7.5 2.5 2 0 3 0 0
6131.6 -6197.2 -2.9 125 0 10.5 11.7 7.5 0.0 0 1 3 4 4
6135.8 -6165.4 -2.3 125 0 7.5 9.0 5.0 2.5 2 1 2 2 2
6119.1 -6152.2 -2.5 126 0 7.1 8.5 10.0 0.0 0 1 4 1 1
6105.5 -6139.2 -2.7 217 0 10.1 8.5 7.5 2.5 2 0 3 5 5
6092.4 -6172.6 -3.5 127 0 8.2 7.7 10.0 2.5 2 0 4 0 0
6067.1 -6157.3 -4.3 117 0 8.4 7.5 7.5 2.5 2 0 3 2 2
5772.2 -6261.4 -4.5 310 0 6.8 9.5 5.0 2.5 2 1 2 0 0
5723.8 -6298.3 -5.6 133 0 8.0 6.0 2.5 2.5 2 0 1 4 4
5616.2 -6259.5 -2.7 309 0 10.7 9.9 7.5 2.5 2 0 3 3 3
5629.7 -6339.6 -3.1 304 0 6.4 11.5 5.0 2.5 2 1 2 0 0
5573.0 -6266.6 -3.3 224 0 7.7 7.7 10.0 2.5 2 1 4 2 2
6272.3 -5880.0 -5.1 309 0 6.8 7.5 5.0 2.5 2 1 2 3 3
6207.1 -5976.1 -1.5 137 0 6.2 9.3 2.5 2.5 2 1 1 0 0
6286.8 -5976.3 -2.3 312 0 10.5 8.6 2.5 2.5 2 0 1 3 3
6252.0 -6018.9 -1.8 132 0 7.4 8.6 7.5 2.5 2 1 3 4 4
6227.6 -6008.1 -1.5 135 0 11.1 9.1 5.0 0.0 0 0 2 5 5
6244.9 -6046.6 -1.6 136 0 8.7 7.2 5.0 2.5 2 0 2 1 1
6206.7 -6141.8 -1.3 311 0 7.7 20.9 7.5 0.0 0 1 3 1 1
6208.1 -6160.1 -1.6 44 0 8.7 6.8 5.0 2.5 2 0 2 3 3
6173.5 -6203.4 -3.5 44 0 10.2 12.0 5.0 2.5 2 1 2 2 2
6378.9 -5296.6 -5.6 29 0 9.5 6.8 10.0 2.5 2 0 4 5 5
6378.2 -5179.0 -6.0 101 0 12.3 8.8 10.0 2.5 4 0 4 5 5
4636.7 -4726.7 -3.6 322 0 6.3 7.1 7.5 2.5 2 1 3 4 4
5244.0 -4465.6 -2.4 127 0 10.8 7.0 7.5 2.5 2 0 3 4 4
5675.4 -4447.0 -4.2 52 0 10.3 13.8 5.0 2.5 2 1 2 1 1
5859.0 -4737.8 -4.1 35 0 6.7 19.0 7.5 2.5 2 1 3 2 2
6114.4 -4973.1 -3.8 217 0 9.0 7.6 5.0 2.5 2 0 2 5 5
6140.3 -5061.2 -4.4 119 0 11.2 7.4 2.5 2.5 4 0 1 3 3
6176.1 -5009.3 -4.9 35 0 9.3 11.5 7.5 2.5 4 1 3 2 2
6184.4 -4993.9 -5.1 33 0 7.8 10.7 7.5 2.5 2 1 3 0 0
6303.0 -5328.4 -5.7 210 0 7.1 10.7 7.5 2.5 2 1 3 3 3
6227.5 -5657.2 -5.2 99 0 6.9 7.0 7.5 2.5 2 1 3 4 4
6392.1 -5493.2 -6.0 226 0 6.0 23.5 7.5 2.5 4 1 3 5 5
6073.8 -5128.0 -6.5 130 0 8.2 11.0 7.5 2.5 2 1 3 5 5
5642.1 -4821.5 -3.4 117 0 6.6 10.4 5.0 2.5 2 1 2 5 5
5984.2 -5502.0 -2.5 132 0 8.5 6.1 7.5 2.5 2 0 3 3 3
6031.4 -5500.0 -3.9 221 0 6.7 6.6 7.5 2.5 2 0 3 1 1
6068.8 -5431.5 -4.1 229 0 7.0 9.0 7.5 2.5 2 1 3 2 2
6189.9 -5461.5 -7.1 295 0 6.6 8.2 2.5 2.5 2 1 1 5 5
6171.4 -5496.5 -6.0 205 0 6.3 7.1 5.0 2.5 2 1 2 0 0
6102.1 -5532.6 -5.0 25 0 9.3 9.3 5.0 2.5 2 1 2 4 4
6115.4 -5529.4 -4.8 205 0 7.5 10.3 10.0 2.5 2 1 4 3 3
6192.8 -5519.9 -5.2 25 0 6.4 7.6 2.5 2.5 2 1 1 5 5
6187.5 -5532.4 -4.7 25 0 6.7 8.6 7.5 2.5 2 1 3 5 5
6130.4 -5593.6 -2.8 115 0 7.9 11.7 5.0 2.5 2 1 2 2 2
6180.3 -5645.6 -3.3 113 0 6.9 10.0 7.5 2.5 2 1 3 4 4
6044.3 -5574.8 -2.9 315 0 9.9 8.6 5.0 2.5 2 0 2 3 3
6313.7 -5704.6 -4.7 290 0 12.8 8.7 7.5 2.5 2 0 3 3 3
6341.3 -5720.0 -4.8 289 0 11.6 7.5 2.5 2.5 2 0 1 4 4
6404.1 -5810.8 -4.8 32 0 13.1 10.5 7.5 0.0 0 0 3 1 1
6071.2 -4826.4 -4.7 140 0 8.9 8.3 7.5 0.0 0 0 3 5 5
6254.8 -4120.1 -4.6 63 0 7.2 7.5 7.5 2.5 2 1 3 2 2
6404.4 -4882.9 -5.3 223 0 6.3 6.9 10.0 2.5 2 1 4 4 4
6380.8 -4945.2 -6.3 125 0 23.6 17.0 15.0 0.0 0 0 6 3 3
5912.7 -5416.8 -4.1 337 0 10.8 6.5 10.0 2.5 2 0 4 0 0
6149.2 -4742.7 -5.3 41 0 9.8 8.0 7.5 2.5 2 0 3 2 2
5399.5 -6232.8 -6.1 36 0 7.4 8.6 5.0 2.5 2 1 2 3 3
4878.0 -4965.4 -2.8 311 0 8.9 12.4 7.5 0.0 0 1 3 4 4
4779.4 -4428.8 -3.9 46 0 16.9 7.8 5.0 2.5 2 0 2 2 2
5335.3 -5118.6 -3.8 41 0 9.1 7.0 2.5 2.5 2 0 1 1 1
6038.0 -5773.5 -5.2 309 0 10.9 8.8 7.5 2.5 2 0 3 0 0
6063.6 -5928.9 -4.8 312 0 9.6 6.4 2.5 0.0 0 0 1 3 3
6191.8 -6105.0 -1.4 312 0 8.1 7.9 5.0 2.5 2 0 2 0 0
5646.6 -5274.4 -3.0 130 0 6.9 6.7 5.0 2.5 2 0 2 1 1
5738.1 -5322.6 -1.5 221 0 7.2 8.5 10.0 2.5 4 1 4 4 4
5718.2 -5357.4 -1.7 133 0 9.4 7.9 2.5 2.5 4 0 1 2 2
3338.4 -6227.2 -1.4 221 0 9.3 7.0 7.5 2.5 2 0 3 0 0
3331.2 -6272.2 -0.8 138 0 9.1 8.2 5.0 2.5 4 0 2 3 3
3384.0 -6237.9 -2.6 49 0 8.7 11.6 5.0 2.5 4 1 2 1 1
3341.2 -6284.3 -1.1 145 0 7.0 7.0 7.5 2.5 2 0 3 1 1
3369.0 -6298.2 -1.9 137 0 9.8 8.8 7.5 2.5 2 0 3 2 2
3291.3 -6264.6 -0.8 308 0 12.9 9.2 10.0 2.5 2 0 4 4 4
3313.2 -6341.2 -0.3 121 0 10.3 14.6 10.0 0.0 0 1 4 1 1
3268.6 -6422.5 -3.6 314 0 15.9 9.0 7.5 2.5 2 0 3 5 5
3473.5 -6067.5 -2.8 200 0 6.9 9.5 5.0 2.5 2 1 2 3 3
3190.0 -5931.0 -3.3 225 0 12.8 10.0 7.5 2.5 2 0 3 2 2
3087.3 -6056.3 -2.2 122 0 9.7 8.6 10.0 2.5 2 0 4 4 4
3225.1 -6119.0 -2.8 311 0 14.3 13.5 10.0 2.5 2 0 4 4 4
3273.6 -6120.6 -2.8 320 0 10.2 8.7 7.5 0.0 0 0 3 1 1
3235.2 -6183.7 -1.6 132 0 9.4 7.7 10.0 2.5 2 0 4 0 0
3250.4 -6202.6 -1.3 129 0 12.4 11.5 5.0 2.5 2 0 2 4 4
3294.3 -6107.8 -3.0 315 0 7.9 13.0 2.5 2.5 2 1 1 4 4
3307.0 -6138.2 -2.4 311 0 8.6 12.0 7.5 2.5 2 1 3 1 1
3316.0 -6180.7 -1.7 45 0 9.4 9.0 10.0 2.5 2 0 4 2 2
3295.0 -6100.1 -3.3 142 0 10.6 9.4 10.0 2.5 2 0 4 4 4
3313.3 -6110.8 -3.2 118 0 8.4 9.1 10.0 2.5 2 1 4 3 3
3356.8 -6114.8 -3.6 46 0 8.0 6.6 7.5 2.5 2 0 3 4 4
3330.4 -6126.1 -3.3 133 0 7.3 6.6 5.0 2.5 2 0 2 5 5
3370.2 -6073.4 -3.6 37 0 6.3 9.2 2.5 2.5 2 1 1 4 4
3396.9 -6017.5 -3.8 326 0 9.9 8.3 7.5 2.5 2 0 3 1 1
3415.8 -6044.3 -3.9 36 0 6.9 8.8 2.5 2.5 2 1 1 4 4
3470.7 -6123.2 -2.9 320 0 12.4 10.7 10.0 2.5 2 0 4 0 0
3413.2 -6091.9 -3.2 227 0 10.2 9.1 7.5 0.0 0 0 3 3 3
3404.2 -6107.5 -3.3 227 0 11.2 8.5 7.5 2.5 2 0 3 1 1
3367.5 -6174.8 -3.4 227 0 7.0 7.8 5.0 2.5 2 1 2 2 2
3362.5 -6203.9 -2.7 232 0 12.1 8.9 7.5 2.5 2 0 3 3 3
3306.0 -6235.8 -0.5 133 0 8.0 8.7 2.5 2.5 2 1 1 3 3
3294.3 -6239.0 -0.4 131 0 7.9 8.6 7.5 2.5 2 1 3 1 1
2205.3 -6079.3 -0.0 151 0 6.2 6.5 10.0 2.5 2 1 4 4 4
2194.5 -6100.6 -0.3 151 0 10.1 8.9 7.5 0.0 0 0 3 3 3
2226.7 -5934.1 0.3 309 0 11.3 6.3 2.5 2.5 2 0 1 4 4
2261.1 -5995.6 -0.3 315 0 12.0 8.8 5.0 2.5 2 0 2 4 4
2293.0 -5964.2 0.6 147 0 12.3 8.2 5.0 2.5 2 0 2 0 0
2353.7 -6036.7 -1.0 143 0 7.9 9.1 5.0 2.5 4 1 2 3 3
2411.6 -6074.3 -2.0 309 0 6.1 6.3 5.0 0.0 0 1 2 0 0
2417.9 -6122.6 -2.6 150 0 8.5 11.0 10.0 2.5 4 1 4 4 4
3243.6 -5821.8 -3.1 44 0 10.9 12.1 10.0 2.5 4 1 4 0 0
3257.6 -5881.7 -2.5 54 0 9.4 7.3 2.5 0.0 0 0 1 0 0
3238.7 -5902.7 -2.5 56 0 7.4 7.2 5.0 0.0 0 0 2 2 2
2949.2 -5752.5 -3.6 140 0 7.1 12.0 10.0 2.5 2 1 4 0 0
3079.1 -5922.2 -2.1 235 0 9.4 10.4 5.0 2.5 2 1 2 1 1
3066.6 -5985.4 -2.0 44 0 8.5 11.3 10.0 2.5 2 1 4 0 0
5408.4 -6774.0 -3.1 125 0 15.0 9.7 7.5 2.5 2 0 3 4 4
5020.6 -6719.3 -3.9 211 0 6.4 6.5 2.5 2.5 2 1 1 5 5
5038.0 -6767.1 -3.9 125 0 10.6 8.6 10.0 2.5 2 0 4 1 1
5060.4 -6753.2 -4.1 125 0 8.3 7.3 2.5 2.5 2 0 1 2 2
5124.1 -6703.5 -4.6 42 0 7.3 6.1 7.5 2.5 2 0 3 5 5
5086.5 -6654.8 -4.8 216 0 6.5 8.8 5.0 0.0 0 1 2 4 4
5114.8 -6606.9 -4.8 303 0 6.9 6.3 7.5 2.5 2 0 3 5 5
5189.3 -6518.5 -4.9 311 0 7.9 7.4 7.5 2.5 2 0 3 1 1
5216.1 -6546.1 -5.1 311 0 6.2 9.7 7.5 2.5 2 1 3 1 1
5201.0 -6536.8 -5.0 313 0 8.0 6.1 7.5 0.0 0 0 3 5 5
5209.5 -6793.5 -5.1 42 0 6.9 7.5 10.0 2.5 2 1 4 3 3
5236.8 -6815.9 -5.0 211 0 15.4 8.9 10.0 2.5 2 0 4 0 0
5345.2 -6734.8 -4.9 37 0 8.5 13.3 7.5 2.5 2 1 3 1 1
5318.8 -6744.8 -4.9 146 0 6.5 7.5 10.0 2.5 2 1 4 1 1
5327.8 -6757.8 -4.9 46 0 10.8 9.8 2.5 2.5 2 0 1 3 3
5325.6 -6786.6 -4.4 219 0 8.1 7.1 7.5 2.5 2 0 3 5 5
5343.6 -6761.3 -4.1 208 0 6.2 7.2 7.5 2.5 2 1 3 3 3
5363.2 -6738.0 -3.9 127 0 7.9 6.9 10.0 2.5 2 0 4 0 0
5378.6 -6667.1 -4.5 44 0 10.0 8.1 5.0 2.5 2 0 2 2 2
5627.2 -6693.5 -1.8 312 0 6.9 7.7 2.5 2.5 2 1 1 1 1
4912.7 -6444.5 -5.1 307 0 7.0 10.4 7.5 0.0 0 1 3 1 1
6135.5 -4727.0 -5.2 224 0 14.4 9.3 5.0 2.5 2 0 2 0 0
4778.7 -6125.1 -2.4 205 0 7.9 6.9 7.5 0.0 0 0 3 2 2
2034.8 -6102.8 -3.0 149 0 6.9 8.1 7.5 2.5 2 1 3 2 2
2099.1 -5982.3 -1.7 240 0 7.4 9.9 10.0 2.5 2 1 4 4 4
2218.1 -6165.9 -0.9 328 0 8.4 7.5 7.5 2.5 2 0 3 4 4
2067.6 -5592.9 -0.2 226 0 12.0 20.6 5.0 2.5 2 1 2 0 0
2327.9 -5387.0 -9.2 35 0 6.4 12.9 5.0 2.5 4 1 2 3 3
3244.9 -6338.5 -1.8 127 0 6.7 10.9 7.5 2.5 2 1 3 2 2
3164.4 -6166.7 -1.7 302 0 9.5 7.7 10.0 2.5 2 0 4 5 5
3128.7 -6150.4 -1.9 215 0 7.3 11.2 10.0 2.5 2 1 4 0 0
2893.8 -5970.2 -3.2 83 0 8.9 7.1 2.5 2.5 2 0 1 1 1
2792.8 -6230.4 -3.0 51 0 6.2 8.3 7.5 2.5 4 1 3 2 2
3327.0 -5989.5 -3.8 127 0 7.4 6.6 2.5 2.5 2 0 1 2 2
3396.6 -5974.2 -3.8 141 0 9.0 6.2 7.5 2.5 2 0 3 2 2
3457.2 -6055.8 -3.3 137 0 7.9 8.0 7.5 2.5 2 1 3 3 3
3485.5 -6095.4 -2.7 134 0 7.4 9.2 2.5 0.0 0 1 1 1 1
2822.3 -5669.2 -3.7 320 0 8.6 7.2 5.0 2.5 2 0 2 2 2
3730.3 -6676.6 -3.7 40 0 8.4 10.6 7.5 2.5 2 1 3 0 0
3692.2 -6680.1 -3.1 130 0 10.3 7.2 5.0 2.5 2 0 2 4 4
3700.7 -6653.9 -3.3 220 0 8.6 11.9 10.0 2.5 2 1 4 0 0
3636.9 -6624.4 -3.3 40 0 11.6 31.5 7.5 0.0 0 1 3 3 3
3623.3 -6536.6 -1.8 225 0 8.6 11.1 5.0 2.5 2 1 2 2 2
3616.5 -6565.6 -2.4 224 0 10.5 18.9 7.5 2.5 2 1 3 5 5
3620.7 -6687.9 -3.5 36 0 11.1 7.5 5.0 2.5 2 0 2 0 0
3600.4 -6696.8 -3.7 37 0 7.3 10.1 5.0 2.5 2 1 2 1 1
3571.1 -6675.0 -3.9 219 0 7.4 9.5 10.0 2.5 2 1 4 5 5
3568.7 -6630.3 -3.9 225 0 8.8 9.5 10.0 2.5 4 1 4 2 2
3567.2 -6644.7 -3.9 222 0 10.5 7.5 10.0 2.5 2 0 4 2 2
3554.8 -6658.7 -4.0 219 0 8.8 10.0 10.0 2.5 2 1 4 0 0
3520.7 -6646.3 -4.5 37 0 9.2 11.8 7.5 2.5 2 1 3 4 4
3550.1 -6602.5 -3.8 36 0 11.6 6.8 7.5 2.5 4 0 3 3 3
3555.0 -6613.9 -4.0 35 0 7.7 7.9 5.0 2.5 2 1 2 3 3
3489.5 -6554.8 -4.1 309 0 13.1 10.7 5.0 2.5 2 0 2 0 0
3300.1 -6690.6 -2.2 294 0 8.8 9.4 7.5 2.5 2 1 3 3 3
3692.9 -6516.7 -0.8 226 0 11.8 7.8 10.0 2.5 2 0 4 5 5
3809.9 -6563.7 -2.5 338 0 6.8 8.2 10.0 2.5 2 1 4 3 3
3735.7 -6523.2 -1.6 322 0 7.4 8.7 2.5 2.5 2 1 1 5 5
3731.1 -6541.3 -1.2 322 0 7.0 9.9 10.0 2.5 2 1 4 0 0
3691.0 -6572.1 -1.6 142 0 8.9 6.7 5.0 2.5 2 0 2 4 4
3688.6 -6606.6 -2.4 142 0 10.5 6.6 5.0 2.5 2 0 2 1 1
3741.2 -6624.0 -2.8 34 0 7.0 11.0 7.5 2.5 2 1 3 5 5
3589.7 -6614.6 -3.6 219 0 9.0 19.9 7.5 2.5 2 1 3 2 2
3239.0 -6716.0 -1.4 124 0 6.2 6.8 7.5 0.0 0 1 3 4 4
5620.9 -2773.9 -2.7 53 0 14.5 8.8 5.0 2.5 2 0 2 4 4
6363.4 -1921.1 -3.5 140 0 6.1 6.3 5.0 2.5 2 1 2 4 4
5257.3 -6507.3 -4.8 38 0 6.9 7.1 2.5 2.5 2 1 1 4 4
6443.3 -4032.3 -2.1 132 0 6.1 9.0 7.5 2.5 2 1 3 5 5
5630.1 -2427.9 -3.1 55 0 6.7 6.0 5.0 2.5 2 0 2 0 0
4958.2 -6346.3 -2.7 130 0 6.5 6.3 7.5 2.5 2 0 3 4 4
6371.8 679.4 -7.4 230 0 6.6 7.9 5.0 2.5 2 1 2 4 4
6193.8 -5736.1 -4.3 129 0 6.1 6.2 2.5 2.5 2 1 1 5 5
5958.4 -5572.9 -4.9 129 0 7.7 9.4 5.0 2.5 2 1 2 0 0
6579.5 -728.5 -2.5 2 0 6.7 8.1 7.5 2.5 2 1 3 3 3
6521.5 -186.1 -7.0 60 0 13.7 14.2 10.0 2.5 2 1 4 3 3
6755.3 -559.5 -2.4 119 0 6.9 10.0 7.5 2.5 2 1 3 4 4
6729.9 -480.0 -1.3 109 0 14.6 9.4 7.5 2.5 2 0 3 1 1
6654.9 -712.3 -1.5 103 0 6.2 8.1 10.0 2.5 2 1 4 0 0
5301.5 -6330.8 -3.9 311 0 6.1 6.2 7.5 2.5 2 1 3 2 2
5542.3 -5756.7 -3.4 61 0 12.3 8.4 7.5 2.5 2 0 3 0 0
5584.2 -6406.9 -4.1 37 0 12.1 7.7 2.5 2.5 4 0 1 3 3
6665.1 -5499.7 -2.5 90 0 9.6 11.3 7.5 2.5 2 1 3 2 2
6702.4 -4812.5 -7.7 126 0 6.4 6.2 5.0 2.5 2 0 2 3 3
5448.1 -4788.7 -4.4 25 0 8.7 8.4 7.5 2.5 2 0 3 4 4
5416.0 -4827.6 -4.0 48 0 7.1 7.2 7.5 2.5 2 1 3 0 0
5398.1 -4849.5 -3.8 45 0 6.7 9.2 10.0 2.5 2 1 4 1 1
5387.2 -4864.3 -3.6 37 0 8.9 7.5 5.0 2.5 2 0 2 2 2
5462.1 -4800.7 -4.6 127 0 8.8 8.9 7.5 2.5 2 1 3 4 4
5456.3 -4804.4 -4.5 301 0 9.0 8.4 10.0 2.5 2 0 4 1 1
5448.5 -4824.9 -4.4 30 0 8.9 8.2 7.5 2.5 2 0 3 3 3
5418.8 -4845.2 -4.0 218 0 8.1 11.3 5.0 2.5 4 1 2 5 5
5407.6 -4859.4 -3.8 217 0 8.9 12.0 7.5 2.5 2 1 3 3 3
5398.0 -4882.1 -3.6 128 0 9.2 7.6 2.5 2.5 2 0 1 2 2
5415.4 -4899.8 -3.7 127 0 9.7 11.3 5.0 2.5 2 1 2 4 4
5437.9 -4878.8 -3.9 36 0 9.5 11.0 7.5 2.5 2 1 3 3 3
5445.1 -4864.9 -4.1 45 0 7.5 7.1 5.0 2.5 4 0 2 4 4
5448.9 -4900.9 -3.9 215 0 13.2 7.2 2.5 2.5 2 0 1 5 5
5455.5 -4882.3 -4.1 208 0 11.6 8.7 7.5 2.5 4 0 3 4 4
5463.9 -4865.4 -4.2 216 0 8.0 6.6 10.0 2.5 2 0 4 4 4
5471.9 -4850.8 -4.4 211 0 6.9 7.8 5.0 2.5 2 1 2 1 1
5502.7 -4851.1 -4.6 299 0 6.1 6.6 5.0 2.5 2 1 2 5 5
5505.2 -4872.7 -4.5 17 0 9.5 6.1 2.5 2.5 4 0 1 4 4
5475.8 -4926.2 -3.9 26 0 8.5 6.6 7.5 2.5 4 0 3 3 3
5443.1 -4926.7 -3.7 124 0 9.3 6.2 10.0 0.0 0 0 4 5 5
5461.0 -4943.3 -3.7 120 0 8.2 8.5 10.0 0.0 0 1 4 4 4
5479.7 -4820.6 -4.7 119 0 6.9 6.1 7.5 2.5 2 0 3 4 4
5492.4 -4829.1 -4.7 119 0 6.1 6.1 7.5 0.0 0 1 3 3 3
5523.4 -4863.1 -4.7 292 0 6.1 9.6 7.5 2.5 2 1 3 2 2
5886.0 -6620.9 -9.0 128 0 9.6 7.4 2.5 2.5 2 0 1 4 4
5365.7 -6255.2 -5.2 221 0 11.6 7.1 2.5 2.5 2 0 1 3 3
6239.5 -6094.1 -1.3 306 0 23.8 11.6 10.0 2.5 4 0 4 4 4
6211.0 -6122.0 -1.4 311 0 36.9 10.6 7.5 2.5 2 0 3 2 2
6036.2 -2297.5 -3.2 39 0 13.7 20.0 12.5 2.5 2 1 5 5 5
6000.3 -2244.1 -3.7 219 0 17.6 32.0 7.5 2.5 2 1 3 0 0
5889.8 -2416.2 -2.9 43 0 76.8 41.7 12.5 0.0 0 0 5 2 2
1362.9 -6476.2 -3.9 16 0 6.9 8.4 5.0 2.5 2 1 2 2 2
5843.7 -6234.7 -5.2 133 0 21.7 14.8 7.5 0.0 0 0 3 4 4
