1270.0 -483.0 5.8 65 0 7.4 12.5 2.5 2.5 2 0 1 0 0
1509.7 -332.6 -5.7 64 0 7.5 6.1 5.0 0.0 0 0 2 3 3
1199.0 -105.0 -4.8 329 0 6.9 6.8 5.0 2.5 2 0 2 4 4
1569.4 -784.9 -8.3 344 0 7.8 7.9 7.5 2.5 2 0 3 2 2
688.8 254.2 -2.0 106 0 7.1 6.7 5.0 2.5 2 0 2 4 4
881.1 250.3 -4.6 180 0 7.9 6.5 5.0 2.5 2 0 2 1 1
1518.8 -765.6 -8.1 266 0 6.7 7.7 7.5 2.5 2 0 3 0 0
1025.8 656.0 -9.3 195 0 6.1 6.9 5.0 2.5 2 1 2 0 0
1245.7 -223.7 -3.9 142 0 6.1 6.3 7.5 2.5 2 1 3 0 0
917.8 581.7 -6.8 99 0 7.1 6.1 2.5 2.5 2 0 1 4 4
899.2 207.8 -4.2 177 0 6.1 6.8 7.5 2.5 2 1 3 5 5
1447.4 -772.9 -6.5 275 0 8.8 7.1 7.5 2.5 4 0 3 0 0
810.3 335.1 -4.6 88 0 7.4 6.4 7.5 2.5 2 0 3 4 4
929.1 179.1 -3.9 99 0 6.9 6.8 5.0 2.5 2 0 2 1 1
962.4 160.9 -4.5 116 0 8.9 8.5 7.5 2.5 4 0 3 4 4
1408.3 -767.2 -6.1 182 0 8.5 7.4 7.5 2.5 2 0 3 1 1
971.3 186.1 -4.3 108 0 6.4 6.6 10.0 2.5 4 1 4 5 5
1523.2 -144.4 -2.0 153 0 9.2 8.6 7.5 2.5 4 0 3 4 4
1342.6 -327.2 -1.9 146 0 7.9 6.7 7.5 2.5 2 0 3 2 2
1312.4 -315.4 -2.4 147 0 11.3 9.8 7.5 2.5 2 0 3 2 2
720.9 93.6 -1.9 97 0 6.9 7.6 7.5 2.5 2 1 3 3 3
1402.9 -374.5 -2.4 110 0 6.5 7.1 7.5 2.5 4 1 3 3 3
862.3 238.8 -4.5 1 0 11.7 8.7 10.0 2.5 2 0 4 5 5
1234.2 -199.8 -4.0 60 0 8.1 7.9 5.0 2.5 2 0 2 4 4
1097.1 646.0 -9.9 1 0 6.8 6.9 7.5 2.5 2 1 3 3 3
1200.8 -145.2 -4.6 148 0 8.3 7.0 7.5 2.5 2 0 3 1 1
992.3 181.0 -4.5 22 0 6.6 8.7 5.0 2.5 2 1 2 1 1
904.4 469.3 -7.1 95 0 6.8 6.1 10.0 2.5 2 0 4 1 1
192.7 267.7 -3.5 82 0 8.2 6.4 5.0 2.5 4 0 2 0 0
233.1 272.6 -2.5 269 0 6.6 6.8 5.0 2.5 2 1 2 0 0
1340.8 -212.0 -3.0 328 0 6.3 6.9 7.5 2.5 2 1 3 1 1
738.6 215.5 -2.2 280 0 6.4 6.2 7.5 2.5 2 0 3 2 2
1338.1 -204.7 -3.0 327 0 6.1 8.2 7.5 2.5 2 1 3 4 4
947.6 653.2 -8.8 273 0 8.3 7.5 7.5 2.5 2 0 3 3 3
883.3 504.5 -5.3 9 0 7.0 6.3 2.5 2.5 2 0 1 4 4
1025.3 228.3 -4.8 17 0 6.6 6.3 7.5 2.5 2 0 3 5 5
716.8 289.8 -1.9 92 0 6.5 6.5 10.0 2.5 2 1 4 2 2
945.3 601.9 -7.4 99 0 6.7 6.7 7.5 2.5 2 0 3 2 2
1404.8 -829.3 -6.2 90 0 6.6 8.1 10.0 2.5 4 1 4 4 4
741.3 285.0 -1.4 91 0 6.3 7.0 7.5 2.5 2 1 3 4 4
764.6 118.8 -2.4 0 0 8.9 7.2 10.0 2.5 2 0 4 1 1
1433.6 -806.0 -6.4 92 0 6.8 6.6 7.5 2.5 2 0 3 1 1
1067.9 117.6 -5.5 115 0 7.3 7.0 7.5 2.5 2 0 3 3 3
859.8 403.0 -6.2 182 0 8.4 7.9 7.5 0.0 0 0 3 2 2
1189.1 457.9 -8.0 267 0 7.2 26.6 7.5 2.5 2 0 3 4 4
1388.5 -307.7 -2.7 254 0 7.0 8.5 2.5 2.5 2 1 1 2 2
914.4 125.3 -3.7 121 0 7.6 6.0 7.5 2.5 2 0 3 2 2
817.5 202.2 -4.0 93 0 8.6 15.9 5.0 2.5 2 1 2 2 2
880.4 580.8 -6.0 95 0 7.0 8.2 5.0 2.5 2 1 2 0 0
841.9 558.9 -5.2 178 0 6.8 6.3 2.5 2.5 2 0 1 4 4
660.2 519.9 -2.6 178 0 6.5 6.6 2.5 2.5 2 1 1 4 4
794.9 546.6 -4.1 294 0 6.9 8.9 7.5 2.5 2 1 3 5 5
638.4 450.5 -0.8 191 0 8.0 6.5 5.0 2.5 2 0 2 5 5
643.0 479.1 -1.3 96 0 6.4 6.6 7.5 2.5 2 1 3 1 1
811.0 405.1 -4.8 358 0 8.0 7.6 5.0 2.5 2 0 2 0 0
764.9 590.2 -5.4 77 0 6.2 6.5 2.5 2.5 2 1 1 1 1
810.8 438.7 -4.9 269 0 6.7 6.6 7.5 2.5 2 0 3 4 4
624.3 366.0 -1.5 190 0 7.3 6.6 7.5 2.5 2 0 3 4 4
742.3 510.1 -2.9 279 0 6.7 7.2 2.5 2.5 2 1 1 0 0
689.9 597.5 -5.8 82 0 6.9 10.2 5.0 2.5 2 1 2 3 3
840.4 384.3 -5.4 359 0 8.1 7.3 2.5 2.5 2 0 1 2 2
713.9 471.8 -2.3 93 0 7.0 6.9 5.0 0.0 0 0 2 1 1
1170.7 525.2 -9.3 256 0 10.3 42.4 10.0 0.0 0 0 4 1 1
438.8 257.7 -1.6 20 0 6.7 6.3 5.0 2.5 2 0 2 5 5
204.7 333.3 -3.3 183 0 6.7 6.3 5.0 0.0 0 0 2 1 1
218.1 365.9 -4.2 186 0 6.3 6.1 5.0 2.5 2 0 2 0 0
503.7 389.2 -1.3 181 0 8.0 8.5 7.5 2.5 2 1 3 2 2
1177.6 524.5 -10.1 173 0 7.2 25.5 2.5 2.5 2 0 1 1 1
326.5 328.2 -3.6 14 0 6.4 6.9 7.5 2.5 2 1 3 5 5
538.5 273.6 -0.9 204 0 6.5 6.8 7.5 2.5 2 1 3 3 3
275.6 372.0 -4.9 358 0 8.1 7.3 5.0 2.5 2 0 2 5 5
330.2 343.7 -4.1 11 0 6.6 7.0 7.5 2.5 2 1 3 5 5
593.4 348.3 -0.9 11 0 7.3 8.2 5.0 2.5 2 1 2 3 3
181.6 410.7 -5.7 181 0 7.8 7.2 5.0 0.0 0 0 2 4 4
1198.4 487.4 -8.8 165 0 9.0 14.3 5.0 2.5 2 1 2 5 5
1184.1 515.4 -9.8 171 0 9.0 19.9 7.5 0.0 0 1 3 2 2
336.5 287.2 -2.3 97 0 7.0 6.3 2.5 2.5 4 0 1 4 4
366.7 277.9 -2.0 106 0 6.5 6.8 5.0 2.5 2 1 2 4 4
557.2 178.9 -0.9 105 0 7.6 6.3 2.5 2.5 2 0 1 2 2
495.3 334.4 -1.1 191 0 6.8 6.7 5.0 2.5 2 0 2 4 4
572.3 244.6 -1.4 13 0 6.7 7.8 7.5 2.5 2 1 3 2 2
478.6 305.6 -1.4 198 0 7.3 7.6 10.0 2.5 2 1 4 3 3
1526.4 982.2 -7.9 92 0 7.9 11.1 7.5 2.5 2 1 3 2 2
1565.6 889.1 -5.9 89 0 8.0 7.4 10.0 2.5 4 0 4 1 1
1527.3 1023.0 -8.3 274 0 8.1 6.7 2.5 2.5 2 0 1 0 0
1559.3 1057.1 -8.1 209 0 8.2 8.3 10.0 2.5 2 1 4 3 3
2424.6 263.6 -8.5 177 0 10.4 7.7 7.5 2.5 2 0 3 0 0
2543.8 882.9 -8.7 102 0 6.1 6.5 7.5 2.5 2 1 3 3 3
2538.6 836.8 -10.1 194 0 7.9 7.8 7.5 2.5 4 0 3 1 1
2100.8 29.9 -4.4 270 0 8.5 8.2 5.0 2.5 4 0 2 0 0
-4365.4 -6645.5 2.2 1 0 10.0 26.3 7.5 0.0 0 1 3 5 5
-4222.4 -6679.3 6.7 7 0 7.2 36.9 15.0 0.0 0 1 6 1 1
-4403.4 -6842.6 8.7 5 0 7.8 21.9 5.0 2.5 2 1 2 5 5
-4461.4 -6681.3 2.2 185 0 8.5 14.2 5.0 2.5 2 1 2 1 1
-4341.5 -6726.4 8.4 189 0 7.6 39.5 12.5 2.5 2 1 5 3 3
-4450.9 -6796.7 6.5 185 0 8.5 33.0 10.0 0.0 0 1 4 4 4
-4279.1 -6814.8 12.1 5 0 8.0 34.1 12.5 2.5 2 1 5 1 1
-4285.9 -6712.0 8.9 186 0 6.8 13.3 2.5 2.5 2 1 1 1 1
-4334.0 -6683.8 6.5 188 0 7.8 37.8 10.0 2.5 2 1 4 3 3
-4266.0 -6671.6 6.2 8 0 7.8 14.0 7.5 2.5 2 1 3 5 5
-4405.5 -6858.7 9.3 7 0 7.0 27.3 7.5 2.5 4 1 3 2 2
-4343.3 -6746.4 9.0 185 0 8.4 29.4 7.5 2.5 2 1 3 5 5
-4452.5 -6813.4 7.2 183 0 8.1 33.0 10.0 2.5 2 1 4 3 3
-4222.2 -6721.3 9.4 9 0 8.7 38.0 7.5 2.5 2 1 3 1 1
-4229.0 -6764.3 11.5 11 0 8.8 39.2 7.5 2.5 2 1 3 3 3
-4338.4 -6704.3 7.5 188 0 8.2 39.2 10.0 2.5 2 1 4 1 1
-4436.4 -6877.1 10.0 91 0 13.6 8.6 5.0 2.5 2 0 2 0 0
-4429.4 -6560.3 1.8 8 0 6.6 13.7 2.5 2.5 2 1 1 2 2
-4327.6 -6663.5 5.3 185 0 7.7 33.0 10.0 2.5 2 1 4 0 0
-4313.1 -6602.7 2.0 200 0 16.9 11.3 5.0 2.5 2 0 2 0 0
-4277.6 -6756.0 10.9 12 0 6.5 16.3 5.0 2.5 4 1 2 2 2
-4462.3 -6812.5 6.9 178 0 16.2 6.6 5.0 2.5 2 0 2 0 0
-4265.1 -6859.7 14.8 99 0 32.2 10.7 12.5 2.5 2 0 5 4 4
-4227.8 -6698.8 8.1 7 0 7.3 35.6 7.5 2.5 2 1 3 0 0
-4445.6 -6705.3 2.5 99 0 7.4 23.1 10.0 2.5 4 1 4 1 1
-4408.1 -6706.5 2.8 93 0 6.2 28.6 2.5 2.5 4 1 1 2 2
-894.9 6595.4 -8.7 269 0 7.2 7.5 5.0 2.5 2 1 2 3 3
-1333.6 6436.8 -10.4 345 0 6.5 8.0 7.5 2.5 2 1 3 1 1
-1511.5 6349.4 -9.6 275 0 7.6 8.1 5.0 2.5 2 1 2 5 5
-1136.2 6821.3 -11.1 72 0 6.6 6.5 7.5 2.5 4 0 3 4 4
-1493.2 6343.4 -8.8 273 0 7.3 7.7 10.0 2.5 2 1 4 2 2
-1466.0 6491.6 -12.3 274 0 7.5 7.0 7.5 0.0 0 0 3 0 0
-1230.4 6851.2 -12.0 177 0 7.0 6.9 5.0 0.0 0 0 2 0 0
-866.4 6759.6 -9.9 91 0 14.5 19.8 7.5 2.5 2 1 3 1 1
-880.0 5808.1 -8.2 184 0 9.5 7.1 5.0 0.0 0 0 2 1 1
-944.1 6884.0 -13.6 268 0 9.3 7.3 5.0 2.5 2 0 2 2 2
-1072.8 6639.6 -9.0 351 0 6.4 7.4 7.5 2.5 2 1 3 1 1
-1263.2 6577.4 -10.4 94 0 7.1 6.9 7.5 2.5 2 0 3 1 1
-975.5 6429.7 -6.2 80 0 7.9 7.6 7.5 2.5 2 0 3 2 2
-1304.4 6611.0 -9.6 178 0 7.6 7.4 7.5 2.5 2 0 3 5 5
-1174.9 6634.4 -10.1 5 0 7.9 6.5 2.5 2.5 2 0 1 1 1
-1072.3 6494.1 -8.5 77 0 8.5 7.5 5.0 2.5 2 0 2 2 2
-1271.4 6560.1 -10.8 262 0 7.8 6.7 7.5 2.5 2 0 3 4 4
-1062.4 6548.7 -8.7 269 0 7.4 7.5 5.0 2.5 2 1 2 1 1
-1059.3 6585.5 -8.7 267 0 7.7 6.7 7.5 2.5 2 0 3 1 1
-1210.6 6643.8 -9.7 275 0 7.1 7.2 7.5 2.5 2 1 3 1 1
-1283.3 6577.3 -10.2 92 0 9.3 7.3 7.5 2.5 2 0 3 0 0
-956.7 6591.4 -7.8 270 0 7.5 6.4 5.0 2.5 4 0 2 1 1
-1252.9 6330.6 -5.3 94 0 9.2 6.7 10.0 2.5 2 0 4 2 2
-1201.2 6434.1 -9.1 170 0 6.4 6.9 7.5 2.5 2 1 3 0 0
-1116.3 6449.1 -8.4 162 0 6.5 8.6 7.5 2.5 4 1 3 0 0
-1144.3 6423.0 -8.3 340 0 6.7 7.3 5.0 2.5 2 1 2 5 5
-1466.3 6347.2 -8.2 276 0 7.1 6.7 5.0 2.5 2 0 2 1 1
-1085.0 6439.3 -7.9 81 0 7.4 6.4 2.5 0.0 0 0 1 3 3
-1177.6 6416.7 -8.4 177 0 6.8 6.6 5.0 2.5 2 0 2 5 5
-1411.4 6392.1 -9.6 90 0 7.7 6.2 2.5 0.0 0 0 1 0 0
-1420.9 6301.1 -7.6 81 0 6.9 6.4 7.5 2.5 2 0 3 2 2
-1328.0 6656.1 -9.6 0 0 7.5 6.8 10.0 2.5 2 0 4 1 1
-1308.9 6710.4 -10.1 114 0 7.0 6.5 7.5 0.0 0 0 3 2 2
-1325.0 6614.3 -10.0 5 0 6.1 8.2 10.0 2.5 2 1 4 3 3
-3022.0 6415.6 -22.2 78 0 13.0 21.6 10.0 2.5 2 1 4 1 1
-2167.6 6212.4 -14.5 182 0 10.0 8.2 7.5 2.5 2 0 3 2 2
-2980.6 6470.1 -23.0 0 0 7.9 30.9 3.5 2.5 2 1 1 2 2
-2984.3 6439.1 -23.0 353 0 13.4 7.1 7.0 0.0 0 0 2 5 5
-2995.8 6456.5 -23.0 1 0 10.7 21.7 10.5 2.5 2 1 3 1 1
-1897.0 6300.2 -10.2 76 0 7.7 8.6 7.5 2.5 2 1 3 4 4
-1912.0 6277.7 -10.4 259 0 8.2 8.2 7.5 2.5 2 1 3 4 4
-2050.4 6249.5 -13.4 273 0 6.5 7.1 2.5 2.5 2 1 1 3 3
-1759.8 6308.2 -11.6 257 0 6.7 7.9 7.5 2.5 2 1 3 5 5
-1576.9 6373.6 -11.2 80 0 6.6 8.6 2.5 2.5 2 1 1 0 0
-1724.0 6349.1 -11.4 79 0 6.9 8.9 7.5 2.5 2 1 3 0 0
-1675.1 6360.6 -9.8 88 0 7.4 8.0 5.0 2.5 2 1 2 1 1
-1828.0 6288.1 -10.7 265 0 6.7 7.3 7.5 0.0 0 1 3 1 1
-1349.9 6349.3 -7.5 263 0 7.4 7.1 7.5 2.5 2 0 3 1 1
-1738.6 6314.3 -11.5 257 0 7.2 7.3 7.5 2.5 2 1 3 1 1
-1848.5 6317.5 -10.9 77 0 6.6 8.2 5.0 0.0 0 1 2 4 4
-1880.8 6304.6 -10.4 77 0 9.0 8.6 5.0 2.5 2 0 2 3 3
-1698.6 6356.3 -10.5 79 0 7.1 7.7 7.5 2.5 2 1 3 5 5
-1717.4 6443.6 -11.6 181 0 7.6 7.4 7.5 2.5 2 0 3 2 2
-1801.4 6298.8 -11.1 263 0 6.9 8.7 5.0 2.5 2 1 2 2 2
-897.3 6559.5 -8.7 91 0 8.2 6.2 10.0 2.5 2 0 4 4 4
-2083.2 6191.5 -14.3 7 0 8.3 8.2 2.5 2.5 2 0 1 3 3
-1270.0 6764.4 -10.6 5 0 6.8 9.2 10.0 0.0 0 1 4 5 5
-2013.3 6391.0 -11.5 350 0 6.6 8.5 7.5 2.5 2 1 3 1 1
-1999.8 6466.9 -10.7 194 0 7.6 8.0 5.0 2.5 2 1 2 0 0
-2034.7 6280.3 -13.2 94 0 8.2 8.8 5.0 2.5 2 1 2 4 4
-2009.6 6569.8 -11.9 5 0 8.0 8.3 10.0 2.5 2 1 4 4 4
-1662.3 6331.2 -9.2 268 0 6.4 8.5 7.5 2.5 2 1 3 1 1
-1894.4 6411.3 -10.9 359 0 7.3 8.0 7.5 2.5 2 1 3 4 4
-2037.7 6455.6 -10.6 344 0 7.3 7.6 2.5 2.5 2 1 1 2 2
-2000.0 6497.1 -11.1 180 0 7.9 6.6 5.0 2.5 2 0 2 1 1
-1900.0 6439.6 -11.1 344 0 10.0 6.3 10.0 2.5 2 0 4 2 2
-2018.9 6535.4 -11.5 22 0 6.8 8.7 5.0 2.5 2 1 2 1 1
-1605.0 6475.2 -11.6 85 0 7.7 6.8 2.5 2.5 2 0 1 0 0
-5342.9 3444.3 -15.7 133 0 9.6 12.4 5.0 2.5 2 1 2 5 5
-3743.2 5845.7 -18.6 181 0 6.7 7.3 7.5 2.5 2 1 3 2 2
-3649.4 5858.8 -17.4 269 0 6.9 7.3 10.0 2.5 2 1 4 1 1
-3723.0 5813.2 -17.2 181 0 6.4 7.6 7.5 2.5 2 1 3 4 4
-3679.2 5789.7 -17.1 94 0 8.2 6.4 7.5 2.5 2 0 3 4 4
-3771.9 5848.9 -19.6 180 0 6.9 8.1 2.5 2.5 2 1 1 3 3
-3698.6 5777.7 -17.0 83 0 7.8 7.7 10.0 2.5 2 0 4 1 1
-3718.2 5864.1 -18.2 263 0 7.5 6.8 5.0 2.5 2 0 2 5 5
-4542.8 -6812.6 8.0 11 0 21.3 11.8 10.0 2.5 2 0 4 0 0
-1860.8 6289.1 -10.4 268 0 7.7 8.7 7.5 2.5 2 1 3 3 3
-1958.5 6477.3 -10.9 274 0 7.0 8.2 5.0 2.5 2 1 2 5 5
-1876.1 6285.1 -10.2 258 0 8.8 8.5 10.0 2.5 2 0 4 4 4
-1309.5 6563.9 -10.7 269 0 7.4 7.1 5.0 2.5 2 0 2 0 0
-1123.3 6547.0 -9.3 186 0 6.4 7.8 7.5 2.5 2 1 3 1 1
-962.4 6483.3 -7.0 173 0 8.5 7.9 7.5 2.5 2 0 3 4 4
-1271.6 6511.5 -10.8 169 0 6.5 7.6 7.5 2.5 2 1 3 3 3
-2803.9 6520.9 -19.0 173 0 6.1 7.6 7.5 2.5 2 1 3 5 5
-2831.4 6408.0 -18.2 270 0 6.1 6.1 7.5 2.5 2 1 3 4 4
-2876.5 6553.7 -19.4 124 0 6.9 6.7 10.0 2.5 2 0 4 2 2
-2640.1 6341.7 -18.8 272 0 6.5 7.0 7.5 2.5 2 1 3 3 3
-2885.5 6610.9 -20.4 0 0 6.2 7.0 5.0 2.5 2 1 2 4 4
-2407.0 6344.1 -16.7 115 0 9.4 13.5 10.0 0.0 0 1 4 3 3
-4617.2 -6823.1 9.6 90 0 12.3 6.6 2.5 2.5 2 0 1 1 1
-4275.8 -6615.2 2.7 285 0 12.5 8.4 5.0 2.5 2 0 2 2 2
-2901.9 -5456.5 -4.4 15 0 7.9 14.3 7.5 2.5 2 1 3 5 5
-885.8 6789.7 -10.2 265 0 7.0 7.4 10.0 2.5 2 1 4 2 2
-1178.5 6580.1 -10.0 88 0 8.1 7.6 5.0 2.5 2 0 2 4 4
-1298.2 6507.6 -11.1 180 0 6.2 7.9 5.0 2.5 2 1 2 5 5
-1186.6 6516.4 -10.0 180 0 6.5 7.9 5.0 2.5 2 1 2 3 3
-1278.5 6325.5 -4.9 92 0 7.6 6.6 7.5 2.5 2 0 3 5 5
-1441.7 6346.6 -8.2 270 0 8.2 8.3 5.0 2.5 4 1 2 3 3
-3118.1 -5733.8 -5.4 110 0 33.5 11.4 10.0 2.5 2 0 4 3 3
-1632.0 6323.4 -9.4 92 0 8.4 6.2 2.5 2.5 2 0 1 2 2
-3116.8 -5678.1 -4.2 296 0 9.6 39.3 12.5 2.5 2 1 5 4 4
-2947.7 -5399.5 -3.9 195 0 7.3 8.4 2.5 2.5 2 1 1 3 3
-3031.4 -5716.3 -5.5 119 0 9.4 11.9 5.0 2.5 4 1 2 5 5
-859.4 6692.9 -9.7 94 0 10.8 8.6 5.0 2.5 2 0 2 4 4
-2901.8 -5542.6 -4.7 196 0 40.5 16.6 12.5 2.5 4 0 5 5 5
-1061.0 6365.7 -5.1 97 0 8.0 6.6 5.0 2.5 2 0 2 0 0
-1250.8 6623.4 -9.7 270 0 7.9 8.3 7.5 2.5 2 1 3 1 1
-1678.7 6329.7 -9.7 263 0 11.1 8.8 10.0 0.0 0 0 4 1 1
-1388.7 6351.5 -8.3 265 0 10.0 10.7 10.0 2.5 2 1 4 1 1
-3088.4 -5677.6 -3.4 20 0 11.4 22.5 10.0 2.5 2 1 4 3 3
-1582.6 6341.0 -10.8 284 0 6.5 6.4 7.5 2.5 2 0 3 1 1
-1119.5 6376.7 -6.3 255 0 8.7 6.2 5.0 2.5 4 0 2 3 3
-2896.4 -5421.2 -5.4 15 0 21.4 7.3 5.0 2.5 2 0 2 1 1
-1043.4 6546.8 -8.5 355 0 8.8 8.9 7.5 2.5 4 1 3 2 2
-4814.5 3966.2 -11.3 220 0 8.8 18.1 7.5 2.5 2 1 3 3 3
-5366.4 3473.4 -16.7 211 0 8.5 10.1 7.5 2.5 2 1 3 3 3
-5026.3 3772.0 -16.3 45 0 6.1 7.1 7.5 2.5 4 1 3 4 4
1204.6 -227.3 -4.0 337 0 8.9 7.5 10.0 2.5 2 0 4 1 1
1235.0 -254.1 -3.9 337 0 9.2 6.9 7.5 2.5 2 0 3 2 2
2391.6 152.2 -5.2 178 0 6.2 6.9 7.5 2.5 2 1 3 2 2
1972.5 -248.7 -5.2 267 0 7.9 8.1 5.0 0.0 0 1 2 4 4
1958.0 -275.7 -6.1 168 0 7.1 6.6 7.5 2.5 2 0 3 0 0
2024.3 -261.0 -4.1 352 0 7.8 6.5 7.5 2.5 2 0 3 1 1
2298.0 -167.8 -9.0 267 0 6.6 7.3 7.5 2.5 2 1 3 0 0
1990.8 -298.5 -5.7 163 0 6.5 6.5 10.0 2.5 2 0 4 2 2
2253.0 -181.4 -7.4 269 0 6.6 7.3 10.0 2.5 2 1 4 3 3
2226.8 -193.6 -6.3 265 0 8.3 8.3 7.5 2.5 2 1 3 4 4
1796.3 -271.4 -7.9 353 0 6.3 8.8 5.0 2.5 2 1 2 2 2
1889.1 -185.2 -6.2 280 0 9.4 9.8 7.5 2.5 2 1 3 1 1
1389.7 -6272.9 -1.0 176 0 8.6 7.9 5.0 0.0 0 0 2 4 4
1806.0 -6851.2 -2.4 96 0 6.5 7.1 7.5 2.5 2 1 3 0 0
1669.6 -6878.8 -3.2 90 0 6.0 11.5 10.0 2.5 2 1 4 3 3
1534.7 -6400.6 3.4 276 0 7.5 10.7 7.5 2.5 2 1 3 4 4
1576.0 -6359.2 4.6 96 0 7.1 8.1 5.0 2.5 2 1 2 4 4
1583.0 -6310.4 2.5 281 0 8.1 8.1 7.5 2.5 2 1 3 2 2
1609.8 -6333.8 2.5 90 0 8.8 8.7 7.5 2.5 2 0 3 3 3
1684.7 -6320.9 -1.0 182 0 8.4 7.8 7.5 2.5 2 0 3 3 3
1656.9 -6605.3 -1.1 0 0 9.8 8.2 7.5 2.5 2 0 3 3 3
1662.6 -6681.5 -1.2 185 0 8.5 8.1 5.0 2.5 2 0 2 3 3
1642.0 -6680.2 -1.7 10 0 14.0 10.6 5.0 2.5 2 0 2 3 3
1661.7 -6767.1 -1.0 181 0 7.4 6.9 5.0 2.5 2 0 2 2 2
1739.8 -6818.2 -0.6 1 0 6.3 7.8 7.5 2.5 2 1 3 3 3
1224.1 3123.2 -15.7 177 0 6.2 6.2 2.5 2.5 2 1 1 2 2
1244.5 3150.8 -15.5 5 0 6.2 11.2 7.5 2.5 2 1 3 2 2
1058.1 2770.0 -12.2 177 0 19.0 7.4 7.5 2.5 2 0 3 3 3
5358.5 -1344.0 -11.3 164 0 12.2 10.1 7.5 2.5 2 0 3 0 0
5435.8 -1341.6 -9.6 89 0 7.5 8.1 5.0 0.0 0 1 2 1 1
5435.4 -1375.2 -10.0 273 0 7.6 7.5 5.0 2.5 2 0 2 3 3
5490.2 -1409.0 -10.1 84 0 8.9 7.5 7.5 0.0 0 0 3 1 1
5601.2 -1329.7 -9.3 92 0 7.1 11.1 5.0 2.5 2 1 2 2 2
5652.8 -1287.0 -8.8 176 0 7.7 6.5 2.5 2.5 4 0 1 5 5
5663.9 -1328.8 -7.4 87 0 8.2 7.7 10.0 2.5 2 0 4 0 0
5692.9 -1325.0 -7.0 90 0 8.1 11.8 7.5 2.5 2 1 3 2 2
5735.2 -1318.2 -6.2 84 0 8.6 11.4 7.5 2.5 2 1 3 0 0
5225.4 -4734.3 7.1 44 0 10.1 6.8 7.5 2.5 2 0 3 2 2
5925.2 -1286.1 -5.8 173 0 8.8 8.6 10.0 2.5 2 0 4 4 4
5983.1 -1140.7 -5.2 192 0 7.7 8.3 10.0 2.5 2 1 4 4 4
6006.0 -1050.8 -8.8 183 0 6.8 7.7 5.0 2.5 2 1 2 4 4
6009.3 -1028.3 -9.5 187 0 6.8 7.4 7.5 0.0 0 1 3 5 5
6026.8 -905.7 -11.6 203 0 6.4 6.4 5.0 0.0 0 0 2 0 0
6061.8 -851.0 -11.9 183 0 6.4 8.7 5.0 2.5 2 1 2 2 2
6005.5 -804.8 -12.4 183 0 7.8 8.8 5.0 0.0 0 1 2 1 1
6051.1 -795.2 -11.9 186 0 7.6 10.3 5.0 2.5 2 1 2 0 0
6015.2 -845.3 -12.4 8 0 7.9 9.5 7.5 2.5 2 1 3 0 0
5991.6 -924.3 -11.5 7 0 6.1 7.1 5.0 2.5 2 1 2 0 0
5996.0 -948.6 -11.2 4 0 9.8 7.5 10.0 2.5 2 0 4 2 2
5978.6 -945.1 -10.8 358 0 7.7 7.0 5.0 2.5 2 0 2 0 0
5980.1 -992.4 -10.4 4 0 8.3 9.6 5.0 2.5 2 1 2 4 4
5864.7 -1127.7 -5.8 84 0 8.1 8.2 5.0 2.5 2 1 2 1 1
5895.9 -1122.7 -5.6 88 0 9.0 8.1 7.5 2.5 2 0 3 2 2
5973.3 -1091.0 -5.8 14 0 8.4 8.8 7.5 2.5 4 1 3 1 1
5950.9 -1139.4 -5.2 276 0 8.5 8.8 7.5 2.5 2 1 3 5 5
5931.6 -1205.3 -4.8 11 0 9.8 8.4 7.5 0.0 0 0 3 2 2
5896.3 -1248.7 -4.6 280 0 8.3 8.4 2.5 2.5 2 1 1 2 2
5868.8 -1245.0 -4.6 270 0 9.4 7.7 5.0 2.5 2 0 2 2 2
2400.7 996.0 -4.4 186 0 8.5 9.0 7.5 2.5 2 1 3 5 5
2435.4 969.0 -5.5 90 0 8.0 8.6 5.0 2.5 4 1 2 5 5
2413.1 960.7 -5.7 183 0 7.2 7.9 7.5 2.5 2 1 3 2 2
2469.4 966.8 -6.0 0 0 8.0 8.7 10.0 2.5 2 1 4 1 1
2371.7 1064.7 -3.0 5 0 8.1 8.0 5.0 2.5 2 0 2 5 5
2323.8 1053.8 -5.6 267 0 8.7 9.1 7.5 2.5 4 1 3 4 4
2275.6 1201.6 -3.6 359 0 8.1 9.3 5.0 2.5 2 1 2 1 1
2289.3 1252.9 -2.8 179 0 8.4 8.1 10.0 2.5 2 0 4 5 5
2280.6 1319.6 -3.4 180 0 7.9 8.3 2.5 2.5 2 1 1 5 5
2180.8 1403.0 -8.1 90 0 7.9 9.2 7.5 0.0 0 1 3 4 4
2241.3 1450.8 -8.5 178 0 8.4 9.1 5.0 2.5 2 1 2 2 2
2610.7 2447.1 -10.0 179 0 7.0 6.6 7.5 2.5 2 0 3 0 0
2377.2 1432.0 -4.6 95 0 8.9 8.4 10.0 2.5 2 0 4 2 2
2370.9 1379.9 -3.4 207 0 6.4 6.3 7.5 2.5 2 0 3 2 2
2376.2 1413.4 -4.1 275 0 7.1 8.3 10.0 2.5 2 1 4 2 2
3007.6 875.3 -10.1 359 0 6.1 7.3 7.5 2.5 2 1 3 3 3
3023.3 932.6 -9.7 360 0 6.2 6.1 7.5 2.5 2 0 3 3 3
2963.9 960.1 -10.3 184 0 7.6 6.2 7.5 2.5 2 0 3 4 4
2979.5 969.2 -10.2 269 0 7.5 6.5 7.5 2.5 2 0 3 5 5
2862.0 858.6 -10.7 90 0 7.0 8.7 7.5 2.5 2 1 3 0 0
2621.3 845.5 -9.9 272 0 6.8 6.1 7.5 2.5 2 0 3 3 3
2652.0 912.7 -8.2 291 0 6.8 6.6 7.5 2.5 2 0 3 5 5
2675.3 919.9 -8.0 269 0 8.3 8.1 2.5 2.5 2 0 1 4 4
2163.7 1247.5 -3.9 206 0 7.6 6.8 7.5 2.5 2 0 3 1 1
2190.5 1225.2 -4.2 86 0 9.1 8.3 5.0 2.5 2 0 2 3 3
2222.2 1257.4 -4.7 265 0 7.8 7.7 7.5 2.5 2 0 3 1 1
2258.3 1245.5 -3.4 268 0 8.4 7.4 7.5 2.5 4 0 3 1 1
1640.1 754.2 -3.5 81 0 7.7 7.5 7.5 2.5 4 0 3 5 5
1529.0 853.7 -6.9 96 0 7.6 7.6 7.5 2.5 4 1 3 5 5
1639.2 826.6 -3.5 3 0 8.7 6.2 5.0 2.5 4 0 2 1 1
1752.3 1381.6 -9.2 72 0 7.9 9.6 5.0 2.5 4 1 2 3 3
1761.9 1506.0 -10.4 356 0 9.3 8.6 5.0 0.0 0 0 2 1 1
1757.0 1456.2 -9.4 179 0 7.1 6.9 5.0 2.5 2 0 2 4 4
1782.9 1434.7 -9.0 352 0 7.4 7.4 5.0 2.5 2 0 2 4 4
1864.0 1447.3 -9.1 249 0 7.2 6.5 5.0 2.5 2 0 2 4 4
1889.8 1443.0 -9.8 73 0 7.7 6.1 2.5 2.5 2 0 1 3 3
2147.0 1542.6 -10.6 338 0 8.1 8.4 10.0 2.5 2 1 4 5 5
2441.7 1308.4 -2.9 1 0 7.3 6.3 7.5 2.5 2 0 3 3 3
6027.7 -845.1 -12.3 8 0 7.2 9.0 7.5 0.0 0 1 3 2 2
6079.6 -768.3 -11.7 352 0 6.5 7.7 7.5 2.5 2 1 3 0 0
5970.4 -1035.0 -8.5 345 0 6.5 6.4 7.5 2.5 2 0 3 2 2
5840.1 -1244.9 -4.7 277 0 8.0 6.9 7.5 2.5 2 0 3 1 1
5817.8 -1307.2 -4.8 86 0 8.1 8.5 5.0 2.5 2 1 2 3 3
5840.1 -1302.4 -4.7 82 0 7.7 8.9 2.5 2.5 2 1 1 5 5
2359.7 1138.1 -1.6 91 0 7.3 6.4 7.5 2.5 4 0 3 3 3
2336.6 1188.1 -1.7 188 0 8.0 7.8 10.0 2.5 2 0 4 1 1
2347.5 1225.9 -1.8 112 0 7.7 6.6 7.5 2.5 2 0 3 3 3
2389.5 1225.8 0.1 357 0 8.3 8.6 5.0 2.5 2 1 2 3 3
2440.7 1207.0 -0.5 271 0 8.8 7.6 7.5 2.5 2 0 3 4 4
2501.1 1250.8 -3.1 32 0 8.1 7.7 7.5 2.5 2 0 3 0 0
2546.9 1183.6 -2.7 12 0 7.2 8.4 5.0 2.5 2 1 2 2 2
2495.9 1132.8 -0.5 359 0 7.3 8.9 5.0 2.5 2 1 2 1 1
2232.4 1546.7 -11.1 167 0 11.7 8.2 7.5 2.5 4 0 3 4 4
2323.6 1428.6 -5.4 81 0 8.7 7.6 7.5 2.5 2 0 3 1 1
2262.6 1416.3 -6.7 84 0 9.6 7.7 10.0 2.5 2 0 4 2 2
2265.3 1400.0 -5.5 246 0 8.6 7.9 5.0 0.0 0 0 2 5 5
2344.1 1326.8 -2.8 16 0 7.4 8.1 7.5 2.5 2 1 3 0 0
2312.4 1286.1 -2.2 185 0 7.8 9.8 7.5 2.5 2 1 3 3 3
2147.5 -521.7 -7.2 256 0 9.5 8.1 10.0 2.5 2 0 4 5 5
2152.3 -551.2 -7.2 77 0 8.3 6.8 2.5 2.5 2 0 1 2 2
2182.4 49.7 -5.1 354 0 8.3 6.6 7.5 2.5 2 0 3 2 2
2682.4 365.0 -11.7 96 0 8.1 7.7 7.5 2.5 2 0 3 1 1
2706.8 340.7 -10.9 100 0 7.7 7.8 7.5 2.5 2 1 3 3 3
5974.5 4176.6 -21.0 274 0 9.6 11.1 5.0 2.5 2 1 2 3 3
6042.7 4092.7 -19.8 95 0 9.7 9.3 7.5 2.5 2 0 3 5 5
6126.5 4540.7 -22.2 182 0 8.3 10.7 10.0 2.5 2 1 4 3 3
6133.9 4433.6 -21.2 4 0 19.9 10.6 2.5 2.5 2 0 1 5 5
6114.1 4371.9 -21.3 94 0 12.5 12.2 7.5 2.5 2 0 3 4 4
6111.5 4271.5 -19.7 88 0 13.8 9.8 2.5 2.5 2 0 1 2 2
6258.3 4170.0 -20.6 89 0 12.9 13.6 10.0 2.5 2 1 4 2 2
6408.6 4508.2 -21.3 355 0 12.5 13.3 5.0 0.0 0 1 2 4 4
6481.9 4563.3 -21.2 164 0 9.5 10.9 2.5 2.5 2 1 1 0 0
6525.7 4593.0 -22.4 268 0 10.9 13.9 7.5 2.5 2 1 3 4 4
6584.9 4695.1 -22.4 180 0 10.1 12.1 5.0 2.5 2 1 2 0 0
6794.8 4518.1 -22.2 279 0 12.4 9.3 5.0 2.5 2 0 2 1 1
6829.5 4171.0 -20.0 176 0 8.9 11.4 5.0 2.5 2 1 2 1 1
6833.0 4467.5 -22.2 96 0 9.8 17.5 7.5 2.5 2 1 3 2 2
6919.7 4414.6 -19.7 4 0 11.9 40.9 10.0 2.5 2 1 4 4 4
-2401.4 -6500.6 3.3 90 0 8.5 7.7 7.5 2.5 2 0 3 5 5
-2367.6 -6494.9 3.3 266 0 8.5 7.5 5.0 2.5 2 0 2 4 4
-2347.6 -6577.4 3.9 146 0 11.4 7.8 7.5 2.5 2 0 3 4 4
-2301.9 -6557.7 3.9 73 0 8.0 20.1 10.0 0.0 0 1 4 4 4
-2316.5 -6354.1 -2.8 204 0 8.1 7.1 7.5 2.5 2 0 3 3 3
-2311.7 -6402.4 -0.8 0 0 7.7 9.1 5.0 2.5 2 1 2 3 3
-2319.0 -6443.8 0.8 98 0 8.2 9.0 7.5 2.5 2 1 3 1 1
-2308.7 -6504.8 3.7 266 0 7.7 6.8 5.0 2.5 2 0 2 3 3
-2255.7 -6522.3 2.0 334 0 7.1 8.5 7.5 2.5 2 1 3 0 0
-2215.3 -6458.1 2.6 356 0 8.8 9.1 7.5 0.0 0 1 3 4 4
-2181.9 -6302.8 -0.9 282 0 11.7 7.1 10.0 2.5 2 0 4 3 3
-2873.5 -6468.0 -3.6 357 0 11.0 7.4 10.0 2.5 2 0 4 1 1
-2849.5 -6532.4 -1.2 188 0 8.4 8.9 7.5 0.0 0 1 3 3 3
-2756.3 -6756.9 4.3 176 0 8.9 9.0 7.5 2.5 2 1 3 0 0
-2739.4 -6750.8 4.5 265 0 10.4 6.5 7.5 2.5 2 0 3 2 2
-2721.8 -6751.5 4.8 259 0 10.1 10.8 5.0 2.5 2 1 2 4 4
-2671.3 -6700.4 3.8 247 0 10.6 9.3 7.5 2.5 2 0 3 3 3
-2666.6 -6795.0 5.0 90 0 13.8 11.0 7.5 2.5 2 0 3 5 5
-2645.4 -6676.9 2.9 244 0 7.5 9.9 7.5 2.5 2 1 3 2 2
-2591.3 -6682.8 3.9 238 0 9.5 9.0 7.5 2.5 2 0 3 0 0
-2562.7 -6668.8 4.2 335 0 7.1 6.2 10.0 2.5 2 0 4 1 1
-2560.2 -6652.0 3.5 339 0 9.2 10.1 7.5 2.5 2 1 3 0 0
-2605.5 -6556.5 -1.6 182 0 9.8 9.9 5.0 0.0 0 1 2 5 5
-2574.5 -6510.1 -1.1 287 0 8.2 7.5 7.5 2.5 2 0 3 4 4
-2559.4 -6547.4 0.6 107 0 8.9 8.0 7.5 2.5 2 0 3 1 1
-2536.3 -6547.1 1.9 97 0 7.8 7.1 5.0 2.5 4 0 2 0 0
-2527.1 -6505.5 1.4 261 0 8.1 9.3 2.5 2.5 4 1 1 5 5
-2555.0 -6477.5 -1.3 186 0 8.6 6.4 7.5 2.5 2 0 3 4 4
-2544.5 -6417.0 -2.4 116 0 7.0 8.8 7.5 2.5 2 1 3 3 3
-2473.2 -6428.4 1.3 275 0 8.6 7.4 2.5 2.5 4 0 1 0 0
-2438.7 -6407.4 0.3 274 0 8.8 10.3 5.0 2.5 2 1 2 1 1
-2456.8 -6555.5 4.8 358 0 7.5 7.6 2.5 2.5 2 1 1 1 1
-2515.2 -6603.8 3.8 189 0 6.9 9.0 7.5 2.5 2 1 3 0 0
-2480.8 -6632.8 4.8 180 0 6.2 7.7 7.5 2.5 4 1 3 3 3
-2441.5 -6598.1 4.6 17 0 6.8 8.4 2.5 2.5 2 1 1 2 2
-1338.3 -6357.7 -6.9 276 0 8.7 8.0 7.5 2.5 4 0 3 1 1
173.8 -3006.0 0.9 188 0 7.6 9.4 5.0 2.5 2 1 2 1 1
184.1 -2971.8 1.2 206 0 6.1 7.8 7.5 2.5 2 1 3 2 2
194.0 -2943.4 0.4 188 0 8.3 7.8 2.5 2.5 2 0 1 5 5
160.7 -2918.8 0.9 206 0 7.4 7.6 7.5 0.0 0 1 3 4 4
193.6 -2832.8 -0.9 26 0 8.5 7.5 7.5 0.0 0 0 3 0 0
191.6 -2813.9 -1.4 206 0 8.6 8.0 7.5 2.5 2 0 3 3 3
293.6 -2831.0 -3.7 26 0 7.6 7.4 7.5 2.5 2 0 3 0 0
286.7 -2651.1 -3.9 116 0 10.1 7.9 5.0 2.5 2 0 2 2 2
344.3 -2677.3 -4.5 296 0 7.6 6.4 10.0 2.5 2 0 4 4 4
15.9 -2599.0 -5.7 89 0 12.8 8.6 10.0 2.5 2 0 4 0 0
238.7 -2451.5 -4.5 116 0 7.5 8.4 5.0 2.5 2 1 2 1 1
352.2 -2650.0 -3.7 111 0 7.6 8.3 7.5 2.5 2 1 3 2 2
342.9 -2538.9 -0.8 202 0 7.5 7.8 7.5 2.5 2 1 3 3 3
392.2 -2536.7 -0.5 292 0 7.5 9.4 5.0 2.5 2 1 2 3 3
413.0 -2579.8 -1.0 116 0 7.6 9.5 7.5 2.5 2 1 3 1 1
447.0 -2617.7 -2.5 207 0 7.9 8.1 10.0 2.5 2 1 4 0 0
466.9 -2587.1 -2.2 210 0 7.9 7.4 2.5 2.5 2 0 1 1 1
507.3 -2603.4 -3.4 26 0 8.1 7.0 5.0 2.5 2 0 2 4 4
495.6 -2558.0 -1.2 209 0 9.5 8.6 7.5 2.5 2 0 3 3 3
511.0 -2540.3 -1.0 209 0 8.8 7.7 10.0 2.5 2 0 4 3 3
492.8 -2530.5 -0.9 22 0 8.7 7.2 7.5 2.5 2 0 3 5 5
494.6 -2509.2 -0.7 22 0 7.5 8.0 2.5 2.5 2 1 1 0 0
512.0 -2489.1 -0.7 29 0 11.2 8.7 7.5 2.5 2 0 3 3 3
522.4 -2475.2 -0.6 29 0 6.3 6.5 7.5 2.5 2 1 3 1 1
541.4 -2459.4 -0.6 22 0 10.1 6.9 7.5 2.5 2 0 3 1 1
541.8 -2445.8 -0.5 29 0 8.2 7.9 7.5 2.5 2 0 3 1 1
573.3 -2412.0 -1.3 209 0 7.7 7.5 2.5 0.0 0 0 1 2 2
606.4 -2445.5 -2.8 209 0 8.9 7.7 7.5 2.5 2 0 3 3 3
648.4 -2395.2 -2.6 187 0 8.5 7.5 7.5 2.5 2 0 3 5 5
660.2 -2473.7 -4.3 291 0 7.3 8.3 7.5 2.5 2 1 3 5 5
695.1 -2513.5 -4.8 298 0 7.0 7.5 10.0 2.5 2 1 4 3 3
-1751.4 -874.2 1.0 202 0 8.2 6.7 7.5 2.5 2 0 3 1 1
934.4 459.1 -7.8 89 0 6.7 8.0 7.5 2.5 2 1 3 4 4
-2173.0 -4653.4 1.8 13 0 7.4 10.8 5.0 2.5 2 1 2 4 4
1386.9 6302.5 -18.9 276 0 6.3 7.0 7.5 2.5 2 1 3 2 2
3164.0 5458.3 -23.0 91 0 11.4 8.1 10.0 2.5 2 0 4 4 4
-834.7 2462.3 -7.2 112 0 13.4 16.2 5.0 0.0 0 1 2 1 1
6907.4 4350.5 -18.6 2 0 8.6 7.3 7.5 2.5 2 0 3 4 4
6889.2 4347.7 -19.0 2 0 8.9 12.8 7.5 2.5 2 1 3 5 5
6875.9 4312.6 -18.8 358 0 7.5 7.8 7.5 2.5 2 1 3 5 5
6833.6 4288.4 -19.5 185 0 6.6 8.4 5.0 2.5 2 1 2 3 3
6898.5 4276.7 -17.9 351 0 6.7 8.6 10.0 2.5 2 1 4 2 2
6128.7 -564.3 -13.0 254 0 7.2 9.1 10.0 2.5 2 1 4 1 1
6107.0 -574.7 -12.4 255 0 6.8 9.5 7.5 2.5 4 1 3 0 0
6109.5 -622.1 -12.4 0 0 8.0 8.4 5.0 2.5 4 1 2 1 1
6061.6 -590.4 -12.2 262 0 7.1 8.1 7.5 0.0 0 1 3 3 3
6115.7 -407.0 -13.9 182 0 8.5 8.8 7.5 2.5 2 1 3 0 0
6152.6 -402.9 -14.1 356 0 6.8 8.8 5.0 2.5 2 1 2 3 3
6131.2 -518.3 -13.5 80 0 10.7 37.9 7.5 2.5 4 1 3 4 4
6094.1 -545.0 -12.9 56 0 38.0 11.6 12.5 2.5 2 0 5 1 1
6050.4 -706.1 -11.9 175 0 7.2 9.7 7.5 2.5 2 1 3 4 4
6034.4 -689.2 -12.1 2 0 8.2 9.1 5.0 2.5 2 1 2 2 2
6011.9 -740.1 -12.3 181 0 6.6 7.8 7.5 2.5 4 1 3 4 4
6550.9 2947.3 -19.8 71 0 8.2 6.5 7.5 2.5 2 0 3 3 3
6560.3 3108.4 -17.1 177 0 8.3 8.8 2.5 2.5 4 1 1 3 3
6288.7 3482.1 -19.1 84 0 7.4 7.8 10.0 2.5 2 1 4 3 3
6363.4 3535.2 -19.2 0 0 9.6 7.2 7.5 2.5 2 0 3 4 4
6314.5 3517.0 -18.5 97 0 9.3 8.5 7.5 2.5 2 0 3 0 0
6114.1 3460.6 -20.0 88 0 7.4 9.5 7.5 2.5 2 1 3 5 5
5980.4 4065.6 -19.7 173 0 12.5 9.4 7.5 2.5 2 0 3 0 0
6017.2 3984.1 -21.3 178 0 8.6 8.6 5.0 2.5 2 0 2 2 2
6068.0 4019.6 -20.3 276 0 8.0 8.3 7.5 2.5 2 1 3 5 5
6108.6 2327.4 -16.8 272 0 6.2 9.2 5.0 2.5 2 1 2 3 3
6141.3 2115.3 -14.4 95 0 8.7 8.4 7.5 2.5 2 0 3 2 2
5907.9 2015.6 -15.0 194 0 6.2 6.7 10.0 2.5 2 1 4 5 5
1297.8 373.1 -7.9 85 0 7.0 6.2 5.0 2.5 2 0 2 5 5
1913.2 1387.5 -10.6 344 0 7.7 9.3 10.0 0.0 0 1 4 2 2
1879.2 1378.9 -10.5 180 0 7.7 9.1 5.0 2.5 2 1 2 3 3
1906.8 1347.0 -11.1 70 0 8.7 6.9 7.5 2.5 2 0 3 4 4
1864.6 1338.7 -10.8 171 0 9.6 8.4 5.0 2.5 4 0 2 1 1
1598.3 848.4 -4.3 249 0 7.3 8.9 2.5 2.5 2 1 1 3 3
1709.7 778.5 -2.5 81 0 7.3 8.4 5.0 2.5 2 1 2 1 1
4667.5 2833.0 -18.9 4 0 9.2 7.8 7.5 2.5 2 0 3 1 1
2702.4 109.8 -9.2 270 0 8.5 6.2 7.5 2.5 2 0 3 4 4
5767.4 2052.1 -18.2 260 0 7.2 8.0 2.5 2.5 2 1 1 5 5
6889.6 4469.7 -21.4 354 0 8.0 10.4 7.5 2.5 2 1 3 3 3
4917.2 3674.9 -17.3 4 0 6.7 7.5 5.0 2.5 2 1 2 3 3
4859.9 3389.3 -20.4 82 0 7.1 6.9 7.5 2.5 2 0 3 3 3
5902.7 -976.2 -7.4 275 0 8.3 9.5 5.0 2.5 4 1 2 5 5
6024.3 5432.2 -21.6 354 0 8.9 7.1 7.5 2.5 2 0 3 1 1
6085.6 4148.4 -19.4 1 0 7.7 6.5 7.5 2.5 2 0 3 5 5
6147.3 4590.3 -23.1 356 0 9.3 8.5 2.5 2.5 2 0 1 4 4
1808.3 -686.9 -9.5 93 0 6.3 8.1 5.0 2.5 2 1 2 0 0
1802.8 -660.6 -9.6 262 0 8.0 9.1 7.5 2.5 2 1 3 3 3
-2906.6 -5478.5 -4.0 14 0 10.8 21.5 5.0 2.5 2 1 2 5 5
6896.0 4367.5 -19.0 358 0 6.5 6.5 7.5 2.5 2 0 3 0 0
388.7 -2687.1 -4.7 210 0 7.5 8.4 10.0 2.5 2 1 4 1 1
1033.5 2821.4 -11.0 7 0 8.6 6.8 2.5 2.5 2 0 1 1 1
999.8 2824.0 -10.7 179 0 6.9 6.2 2.5 2.5 2 0 1 2 2
2272.6 1159.5 -4.4 47 0 6.3 7.0 10.0 2.5 4 1 4 5 5
2276.8 1014.2 -6.6 85 0 9.8 14.2 10.0 2.5 4 1 4 4 4
2669.2 870.4 -9.1 95 0 7.7 11.1 10.0 2.5 2 1 4 2 2
2692.6 847.4 -10.4 276 0 6.2 9.4 7.5 2.5 2 1 3 5 5
2560.8 1004.7 -5.3 90 0 7.0 6.1 7.5 2.5 2 0 3 0 0
2414.4 942.7 -6.2 96 0 8.1 9.4 7.5 0.0 0 1 3 5 5
-6801.1 6431.3 -24.7 56 0 6.5 9.5 5.0 2.5 2 1 2 5 5
-1063.8 6452.3 -7.7 91 0 8.3 7.3 10.0 2.5 2 0 4 5 5
-1128.6 -6685.4 -7.6 97 0 8.3 11.0 5.0 2.5 2 1 2 1 1
-750.3 6182.1 -11.6 114 0 9.3 10.2 5.0 2.5 4 1 2 3 3
-4245.5 -6737.5 10.4 5 0 9.2 20.1 10.0 2.5 2 1 4 3 3
-531.5 6268.2 -12.3 127 0 6.1 9.6 7.5 2.5 2 1 3 4 4
-829.0 6433.5 -10.7 181 0 6.1 9.2 2.5 2.5 2 1 1 0 0
-711.3 6141.5 -12.5 25 0 6.1 9.1 7.5 2.5 2 1 3 2 2
-518.6 5169.9 -11.5 83 0 6.7 8.3 2.5 2.5 2 1 1 0 0
-643.1 6401.3 -12.7 11 0 8.5 6.1 2.5 2.5 2 0 1 0 0
-561.7 5937.8 -13.3 275 0 7.1 6.9 2.5 2.5 2 0 1 4 4
-1997.6 6536.5 -11.5 199 0 6.9 8.3 7.5 2.5 2 1 3 2 2
-4329.4 -6883.7 13.1 101 0 11.3 29.2 7.5 0.0 0 1 3 3 3
-1985.0 6381.4 -10.6 180 0 7.4 9.0 5.0 2.5 4 1 2 3 3
-1916.5 6385.7 -10.6 82 0 6.4 8.4 7.5 2.5 2 1 3 1 1
-1495.1 6474.4 -12.6 180 0 8.8 9.5 5.0 2.5 2 1 2 2 2
-612.7 6622.9 -13.5 95 0 6.9 7.2 2.5 2.5 2 1 1 1 1
907.5 6363.9 -15.2 66 0 6.2 7.7 10.0 2.5 2 1 4 4 4
493.7 6349.1 -16.9 110 0 8.1 6.3 10.0 2.5 4 0 4 0 0
53.8 5558.7 -14.2 112 0 7.8 18.5 10.0 2.5 4 1 4 3 3
635.6 6531.3 -14.8 174 0 6.4 9.4 10.0 2.5 2 1 4 0 0
480.2 6620.0 -17.4 30 0 7.4 6.5 7.5 2.5 2 0 3 0 0
405.3 6744.9 -14.1 294 0 10.0 6.5 5.0 2.5 2 0 2 5 5
-134.3 6657.1 -15.6 18 0 7.0 7.8 7.5 2.5 2 1 3 5 5
663.2 5307.4 -8.9 311 0 7.4 12.6 2.5 2.5 2 1 1 5 5
-605.8 5489.3 -13.5 109 0 10.7 10.7 7.5 2.5 4 0 3 5 5
-761.5 6525.6 -13.5 181 0 6.6 7.9 2.5 2.5 2 1 1 3 3
-1018.1 6804.0 -11.2 275 0 6.0 6.5 10.0 2.5 2 1 4 3 3
-47.9 6797.9 -14.2 82 0 8.0 9.0 5.0 2.5 2 1 2 2 2
-1672.1 6567.9 -15.1 359 0 6.6 7.6 5.0 2.5 2 1 2 5 5
6867.7 4303.9 -18.8 2 0 6.4 6.4 5.0 2.5 2 1 2 3 3
6159.5 4504.9 -20.9 89 0 10.3 10.6 5.0 2.5 2 1 2 1 1
1609.8 -842.4 -8.4 156 0 52.0 41.9 10.0 0.0 0 0 4 3 3
153.8 -3859.8 -1.6 107 0 18.7 10.7 5.0 2.5 2 0 2 0 0
675.6 -2329.9 -4.2 46 0 15.5 17.9 5.0 2.5 2 1 2 0 0
-2836.3 -6783.6 4.3 88 0 13.5 13.6 7.5 2.5 2 1 3 2 2
-2328.9 -4768.1 -5.7 96 0 12.4 13.7 5.0 2.5 2 1 2 0 0
-2909.0 -2659.9 1.9 87 0 10.9 24.8 10.0 2.5 2 1 4 5 5
-1091.6 1290.1 -5.7 188 0 40.7 18.4 10.0 0.0 0 0 4 1 1
2332.5 1231.3 -2.3 119 0 10.3 12.3 10.0 2.5 2 1 4 2 2
811.9 125.4 -3.1 95 0 8.2 13.1 5.0 2.5 2 1 2 5 5
799.0 133.1 -3.0 185 0 13.7 7.9 7.5 2.5 2 0 3 5 5
1341.2 -377.8 -1.8 151 0 64.5 40.2 7.5 0.0 0 0 3 3 3
1353.0 -412.5 -0.7 328 0 13.6 12.8 7.5 2.5 2 0 3 3 3
-1479.9 2493.8 3.7 289 0 12.1 13.1 5.0 2.5 4 1 2 3 3
-1462.5 2450.1 3.9 20 0 39.5 10.7 10.0 2.5 4 0 4 0 0
-2749.0 -3174.5 7.0 9 0 9.0 8.1 10.0 2.5 2 0 4 0 0
-2809.5 -3214.9 7.4 181 0 11.5 9.2 5.0 2.5 2 0 2 4 4
