-2921.1 -1595.5 -26.5 125 0 6.7 9.2 5.0 2.5 2 1 2 4 4
-2968.8 -1716.0 -29.4 115 0 8.1 14.4 7.5 2.5 2 1 3 0 0
-2808.4 -1731.2 -26.2 359 0 10.2 7.2 5.0 2.5 2 0 2 5 5
-2861.4 -1658.5 -23.7 303 0 9.1 12.5 7.5 2.5 2 1 3 1 1
-2977.5 -1910.1 -33.0 261 0 7.2 7.2 10.0 2.5 2 0 4 3 3
-2977.5 -1965.0 -35.1 88 0 11.0 8.4 7.5 2.5 2 0 3 0 0
-2860.1 -1907.3 -31.0 263 0 10.3 11.5 2.5 2.5 2 1 1 4 4
-2916.7 -1926.2 -32.8 268 0 9.1 11.8 7.5 2.5 2 1 3 1 1
5563.3 1985.8 -11.5 106 0 6.6 38.8 12.5 2.5 2 1 5 4 4
5566.8 2059.7 -9.6 209 0 61.8 9.8 12.5 2.5 2 0 5 4 4
5595.5 1987.1 -11.3 98 0 41.7 8.9 12.5 2.5 2 0 5 0 0
5502.9 1992.0 -11.7 119 0 12.4 9.7 10.0 0.0 0 0 4 4 4
5522.5 2006.8 -11.2 29 0 8.5 19.2 7.5 0.0 0 1 3 0 0
5530.0 2035.5 -10.5 28 0 14.9 19.5 7.5 2.5 2 1 3 3 3
5529.2 2054.2 -10.2 25 0 11.7 15.7 10.0 2.5 2 1 4 5 5
510.3 5995.3 31.3 277 0 38.1 11.5 7.5 0.0 0 0 3 4 4
1358.4 2274.1 -7.3 1 0 13.2 9.6 7.5 2.5 2 0 3 4 4
1362.0 2313.9 -7.0 3 0 13.5 12.4 5.0 0.0 0 0 2 4 4
1316.2 2271.8 -7.9 265 0 8.8 8.8 7.5 2.5 4 1 3 2 2
1264.9 2251.8 -7.6 91 0 15.7 9.3 7.5 2.5 2 0 3 2 2
1259.2 2297.1 -7.7 340 0 11.9 11.9 5.0 2.5 2 1 2 1 1
1208.1 2267.6 -7.5 86 0 10.7 6.3 7.5 2.5 2 0 3 5 5
1184.0 2333.1 -5.3 299 0 6.2 14.2 10.0 2.5 4 1 4 5 5
1135.2 2286.3 -4.7 175 0 12.8 10.3 7.5 2.5 4 0 3 2 2
1160.6 2219.7 -6.4 89 0 7.4 11.9 7.5 2.5 2 1 3 1 1
1403.3 1990.5 -9.6 89 0 10.2 17.6 7.5 2.5 2 1 3 2 2
1363.9 2102.8 -11.3 1 0 11.2 8.1 7.5 2.5 2 0 3 3 3
1310.9 2070.7 -5.6 89 0 9.6 18.6 7.5 0.0 0 1 3 1 1
1193.1 2008.6 2.7 32 0 8.1 13.4 7.5 2.5 2 1 3 5 5
1154.4 2003.7 2.7 195 0 8.3 8.7 7.5 2.5 2 1 3 5 5
1140.0 1928.5 1.5 186 0 14.1 13.1 7.5 2.5 2 0 3 2 2
1127.7 1862.9 -0.1 183 0 14.0 8.5 5.0 2.5 2 0 2 3 3
