347.4 3232.6 -3.2 295 0 8.7 8.6 7.5 2.5 2 0 3 5 5
390.0 3290.1 -5.9 50 0 13.2 12.9 10.0 2.5 2 0 4 5 5
4427.1 5979.9 0.7 79 0 11.5 10.6 7.5 2.5 2 0 3 5 5
4426.3 6050.0 -4.7 178 0 8.9 9.0 5.0 2.5 2 0 2 0 0
4472.8 6050.1 -3.9 90 0 9.5 9.6 7.5 2.5 2 0 3 0 0
4516.1 6132.9 -7.5 270 0 10.2 8.2 7.5 2.5 2 0 3 3 3
3342.2 4624.4 -14.0 62 0 17.1 24.7 7.5 2.5 2 1 3 5 5
3585.8 4702.3 -2.0 176 0 25.6 37.2 14.0 0.0 0 0 4 2 2
3334.0 4997.5 -11.5 323 0 12.2 23.4 10.0 2.5 2 1 4 0 0
3280.3 4933.9 -13.4 51 0 11.8 16.4 5.0 2.5 2 1 2 1 1
4022.2 4342.5 4.9 55 0 6.0 10.6 7.5 2.5 2 1 3 1 1
3996.0 4328.6 5.7 52 0 13.4 7.9 7.5 2.5 2 0 3 1 1
4004.7 4348.4 6.0 55 0 17.9 40.8 15.0 0.0 0 1 6 4 4
3972.8 4326.1 6.4 54 0 15.5 7.3 5.0 2.5 2 0 2 3 3
3977.3 4340.6 6.9 57 0 22.9 8.2 2.5 2.5 2 0 1 1 1
3945.2 4373.4 8.7 147 0 8.8 34.8 7.5 2.5 2 1 3 3 3
3519.5 4682.7 -4.8 4 0 11.9 15.4 14.0 3.5 2 1 4 1 1
3414.9 4681.2 -7.1 145 0 16.5 15.8 14.0 3.5 2 0 4 2 2
3443.2 4711.5 -6.9 228 0 11.1 14.3 14.0 3.5 4 1 4 3 3
3479.7 4754.5 -7.3 321 0 9.3 23.9 14.0 3.5 2 1 4 1 1
3431.0 4717.3 -7.4 140 0 12.7 35.4 14.0 3.5 2 1 4 0 0
3470.8 4673.4 -6.0 81 0 14.6 28.9 14.0 3.5 2 1 4 3 3
3452.8 4646.3 -6.8 120 0 15.6 16.3 14.0 3.5 4 1 4 4 4
3496.2 4680.8 -6.9 49 0 11.3 59.4 14.0 3.5 2 1 4 0 0
3494.7 4720.8 -6.9 320 0 58.3 14.6 14.0 3.5 2 0 4 0 0
3641.3 4646.6 0.2 138 0 9.6 19.1 14.0 3.5 2 1 4 5 5
3657.1 4721.9 -1.3 353 0 16.4 13.9 14.0 3.5 4 0 4 4 4
3659.6 4706.0 -0.9 352 0 12.4 20.2 14.0 3.5 2 1 4 0 0
3592.7 4770.1 -1.7 243 0 12.4 31.5 14.0 3.5 4 1 4 0 0
3564.9 4633.7 -3.7 143 0 30.6 12.7 14.0 0.0 0 0 4 1 1
3655.2 4555.7 1.6 303 0 8.5 21.0 10.0 0.0 0 1 4 1 1
