5542.3 4615.9 -25.5 321 0 31.5 7.3 7.5 2.5 2 0 3 0 0
5576.6 4606.8 -25.5 328 0 10.0 25.4 7.5 2.5 2 0 3 2 2
5575.2 4661.8 -25.9 158 0 13.2 7.9 2.5 2.5 2 0 1 1 1
3521.3 5625.5 -19.8 272 0 8.5 10.1 7.5 2.5 2 1 3 0 0
4840.0 4449.2 -17.5 89 0 8.9 6.5 7.5 2.5 2 0 3 4 4
5768.4 4364.6 -23.5 163 0 16.6 9.3 7.5 2.5 2 0 3 2 2
4990.4 4568.1 -21.9 359 0 7.8 6.2 5.0 2.5 2 0 2 0 0
3502.4 5579.2 -21.4 184 0 7.7 8.5 7.5 2.5 2 1 3 3 3
4953.6 4619.3 -22.2 271 0 7.3 6.8 5.0 2.5 2 0 2 5 5
3809.1 4777.5 -17.4 90 0 6.5 7.1 5.0 2.5 2 1 2 3 3
3861.6 5365.1 -21.7 267 0 8.5 9.3 7.5 2.5 2 1 3 4 4
5682.0 4421.8 -23.3 167 0 6.6 8.8 7.5 2.5 4 1 3 4 4
-1599.2 3326.9 -19.4 168 0 6.5 14.7 7.5 2.5 2 1 3 3 3
-1721.5 3968.3 -13.9 172 0 6.6 6.0 10.0 2.5 2 0 4 2 2
-1828.3 4000.2 -14.0 172 0 6.6 6.2 5.0 2.5 4 0 2 0 0
-1644.1 3752.5 -13.3 169 0 6.6 8.0 2.5 2.5 2 1 1 5 5
-1619.7 3626.3 -13.9 169 0 6.5 8.0 7.5 2.5 2 1 3 3 3
-1685.5 3800.9 -14.1 349 0 6.5 8.0 7.5 2.5 2 1 3 4 4
-1657.1 3618.2 -13.2 349 0 6.5 8.0 10.0 2.5 2 1 4 0 0
-1604.7 3547.1 -15.6 169 0 6.6 8.0 5.0 2.5 2 1 2 2 2
-1666.8 3667.6 -12.0 349 0 6.5 8.0 7.5 2.5 2 1 3 3 3
-1643.1 3503.9 -15.4 157 0 9.2 6.3 2.5 2.5 2 0 1 4 4
-1649.4 3776.7 -13.6 169 0 6.6 8.0 2.5 2.5 2 1 1 3 3
-1695.3 3832.0 -14.7 79 0 8.0 6.5 5.0 0.0 0 0 2 2 2
-1708.8 3906.4 -14.9 79 0 8.0 6.5 7.5 2.5 2 0 3 4 4
-1615.0 3601.0 -14.6 169 0 6.6 8.0 7.5 2.5 2 1 3 0 0
-1600.1 3525.8 -15.7 169 0 6.5 8.0 7.5 2.5 2 1 3 3 3
-1651.7 3810.0 -14.4 259 0 8.0 6.5 5.0 2.5 2 0 2 0 0
-1626.6 3652.6 -13.2 169 0 6.6 8.0 7.5 2.5 2 1 3 5 5
-1609.8 3579.2 -15.1 169 0 6.6 8.0 5.0 2.5 2 1 2 5 5
-1648.9 3538.1 -14.8 169 0 6.5 8.0 2.5 2.5 2 1 1 1 1
-1717.1 3932.2 -14.8 169 0 6.6 8.0 7.5 2.5 2 1 3 2 2
-1655.7 3570.3 -14.2 169 0 6.6 8.0 5.0 0.0 0 1 2 3 3
-1732.8 3562.2 -14.7 70 0 8.5 8.5 3.5 2.5 2 0 1 4 4
-1750.1 3582.5 -14.7 161 0 15.1 26.2 7.5 2.5 2 1 3 5 5
-1715.4 3547.5 -14.6 253 0 10.1 6.0 7.5 2.5 2 0 3 2 2
-1742.2 3411.4 -18.3 261 0 10.9 39.2 10.0 2.5 2 1 4 1 1
5480.7 4644.1 -25.6 90 0 7.8 13.5 10.0 2.5 2 1 4 4 4
5460.9 4643.3 -25.8 88 0 12.1 9.3 7.5 2.5 2 0 3 2 2
5470.1 4882.1 -26.7 281 0 7.2 9.6 7.5 2.5 2 1 3 2 2
5503.4 5019.3 -26.3 359 0 6.8 8.9 7.5 2.5 4 1 3 3 3
5463.0 4941.7 -26.8 178 0 7.8 8.5 5.0 2.5 2 1 2 1 1
5487.7 4923.1 -26.8 1 0 6.6 6.3 2.5 2.5 2 0 1 3 3
5641.5 4412.6 -23.2 84 0 8.1 10.6 7.5 2.5 2 1 3 5 5
5556.1 4551.6 -24.9 165 0 8.5 7.8 5.0 2.5 2 0 2 0 0
754.0 2384.8 -18.9 190 0 8.7 7.7 7.5 2.5 2 0 3 4 4
730.9 2331.5 -18.2 200 0 7.7 6.1 2.5 2.5 2 0 1 1 1
736.3 2420.8 -18.9 195 0 7.8 10.3 5.0 2.5 2 1 2 2 2
5507.1 5522.4 -28.4 343 0 7.1 8.3 10.0 2.5 2 1 4 2 2
2388.0 3107.7 -14.7 290 0 11.6 19.8 5.0 0.0 0 1 2 0 0
2450.4 3175.3 -12.8 213 0 7.7 12.1 5.0 2.5 2 1 2 2 2
2347.9 3150.1 -14.7 189 0 11.8 9.1 10.0 2.5 4 0 4 4 4
2335.7 3126.4 -15.2 283 0 6.7 12.8 7.5 2.5 2 1 3 3 3
2286.0 3112.4 -15.8 111 0 6.6 11.8 2.5 2.5 4 1 1 1 1
2318.1 3156.4 -15.2 8 0 14.2 6.4 7.5 2.5 2 0 3 4 4
2368.9 3164.7 -14.4 268 0 16.4 11.5 7.5 2.5 4 0 3 5 5
2363.2 3097.7 -14.9 194 0 13.2 8.7 7.5 2.5 2 0 3 0 0
2338.0 3172.4 -14.8 273 0 8.5 16.6 7.5 2.5 2 1 3 5 5
2310.8 3105.8 -15.5 107 0 6.8 13.3 5.0 2.5 2 1 2 4 4
2442.7 3202.1 -12.8 193 0 13.5 9.5 2.5 2.5 2 0 1 0 0
2384.6 3076.7 -14.7 181 0 12.9 6.9 10.0 0.0 0 0 4 4 4
2426.0 3129.0 -13.6 193 0 8.2 9.2 5.0 2.5 2 1 2 2 2
1990.1 3765.2 -16.2 247 0 6.0 6.6 5.0 2.5 2 1 2 2 2
5742.7 3611.6 -23.2 0 0 7.4 7.8 7.5 2.5 2 1 3 0 0
5999.0 3567.0 -20.9 102 0 7.3 9.1 2.5 2.5 4 1 1 4 4
6008.7 3588.0 -20.7 105 0 8.3 6.3 5.0 2.5 2 0 2 4 4
5742.8 3542.4 -21.6 358 0 8.4 8.0 10.0 2.5 2 0 4 3 3
5990.8 3657.8 -20.6 285 0 8.0 7.4 7.5 2.5 4 0 3 3 3
5948.0 3658.6 -20.9 181 0 6.8 7.1 7.5 0.0 0 1 3 1 1
-279.4 -37.5 -3.8 106 0 18.6 12.1 2.5 2.5 2 0 1 2 2
-304.5 97.1 1.3 269 0 8.2 7.7 7.5 2.5 2 0 3 0 0
-311.7 54.2 -1.5 176 0 14.6 18.0 12.5 2.5 2 1 5 5 5
-264.7 -3.2 -2.4 311 0 17.1 13.9 10.0 2.5 2 0 4 2 2
-205.1 29.3 -3.3 182 0 15.4 9.3 2.5 2.5 2 0 1 4 4
-301.2 8.7 -2.9 314 0 12.1 9.6 7.5 0.0 0 0 3 2 2
-278.6 79.2 -0.0 270 0 27.2 12.3 7.5 0.0 0 0 3 3 3
-343.8 -8.3 -4.9 152 0 10.0 22.2 7.5 2.5 2 1 3 5 5
-336.8 61.5 -1.7 313 0 10.8 10.6 10.0 2.5 2 0 4 4 4
-228.7 100.1 -2.0 270 0 7.8 28.4 7.5 2.5 2 1 3 2 2
-278.5 89.9 0.2 271 0 37.0 9.9 15.0 0.0 0 0 6 1 1
-208.2 -1.2 -3.3 191 0 28.3 10.4 7.5 2.5 2 0 3 3 3
2352.0 2981.9 -16.7 0 0 10.6 38.8 7.5 2.5 2 1 3 3 3
1593.5 3319.4 -20.6 185 0 6.2 6.2 5.0 2.5 2 0 2 2 2
2150.9 1066.2 -11.6 187 0 6.3 6.0 7.5 2.5 2 0 3 4 4
2331.6 3058.2 -15.7 284 0 11.5 8.2 2.5 2.5 2 0 1 4 4
-186.3 73.7 -3.8 177 0 29.9 11.3 7.5 2.5 2 0 3 3 3
-187.0 116.9 -4.1 181 0 16.6 26.6 7.5 2.5 2 1 3 5 5
-280.4 162.1 -0.1 259 0 23.1 13.4 10.0 2.5 2 0 4 4 4
-224.7 -91.8 -5.7 120 0 9.2 20.7 5.0 2.5 2 1 2 1 1
-250.1 124.8 -1.2 86 0 25.9 11.3 7.5 2.5 2 0 3 0 0
-215.8 127.9 -2.5 84 0 6.8 14.3 7.5 2.5 2 1 3 5 5
-231.1 52.6 -2.5 351 0 9.2 7.7 7.5 2.5 2 0 3 5 5
3925.9 2127.0 -17.6 206 0 15.4 14.8 10.0 2.5 2 0 4 4 4
-340.8 105.2 1.5 276 0 9.6 10.2 2.5 2.5 2 1 1 1 1
-227.4 -55.3 -4.3 308 0 6.1 7.8 10.0 2.5 2 1 4 4 4
-184.6 258.6 -2.4 55 0 22.2 10.4 5.0 2.5 2 0 2 3 3
-303.5 140.5 0.6 265 0 6.2 6.4 7.5 2.5 2 1 3 1 1
-256.2 5.5 -2.2 99 0 15.2 12.4 7.5 2.5 4 0 3 5 5
6148.9 3785.7 -21.3 137 0 6.2 13.7 5.0 2.5 2 1 2 5 5
-3184.4 2230.7 -23.6 357 0 7.1 8.8 5.0 2.5 2 1 2 3 3
-3154.2 3623.9 -24.2 355 0 8.3 6.5 5.0 2.5 2 0 2 2 2
-1755.7 3510.3 -14.0 178 0 6.4 7.3 2.5 0.0 0 1 1 5 5
-1836.9 3505.1 -15.2 264 0 8.3 7.0 5.0 2.5 2 0 2 4 4
-1833.7 3460.7 -15.6 93 0 6.0 7.3 5.0 2.5 2 1 2 4 4
-1815.4 3460.7 -15.5 97 0 6.4 6.4 2.5 0.0 0 1 1 3 3
-1766.0 3458.2 -15.3 91 0 7.8 8.7 7.5 0.0 0 1 3 4 4
-1746.2 3462.9 -15.0 76 0 6.7 7.2 7.5 2.5 4 1 3 5 5
-1734.4 3514.4 -14.1 265 0 6.3 6.0 10.0 2.5 2 0 4 5 5
-1768.3 3840.5 -13.5 170 0 8.9 8.7 10.0 2.5 2 0 4 0 0
-1762.3 3815.4 -14.2 160 0 8.9 8.1 7.5 0.0 0 0 3 4 4
-1750.4 3782.7 -13.2 69 0 6.0 9.1 5.0 0.0 0 1 2 1 1
-1739.9 3718.1 -11.5 247 0 7.2 8.2 10.0 2.5 2 1 4 2 2
-1775.3 3718.4 -12.6 262 0 7.3 7.3 7.5 2.5 2 1 3 3 3
-1730.4 3659.3 -11.5 68 0 6.9 6.2 7.5 2.5 2 0 3 1 1
-1773.8 3677.8 -12.2 160 0 7.2 6.6 7.5 2.5 2 0 3 1 1
-1771.1 3655.1 -12.7 174 0 6.5 7.7 2.5 2.5 2 1 1 1 1
-1773.7 3921.0 -13.8 342 0 7.4 6.5 7.5 2.5 2 0 3 5 5
-1767.5 3892.7 -13.8 342 0 6.9 7.1 5.0 2.5 2 1 2 5 5
811.4 1630.9 -14.0 355 0 8.3 6.0 7.5 2.5 2 0 3 2 2
798.7 1581.5 -12.5 175 0 9.6 7.1 7.5 2.5 2 0 3 3 3
781.4 1457.4 -14.4 358 0 6.6 7.8 7.5 2.5 2 1 3 3 3
766.9 1352.8 -17.1 268 0 9.6 8.0 5.0 2.5 2 0 2 2 2
2619.8 -6264.0 8.2 335 0 10.3 7.6 5.0 2.5 2 0 2 0 0
2586.4 -6164.1 9.1 187 0 6.3 10.8 5.0 2.5 2 1 2 5 5
2505.3 -6250.1 11.4 155 0 6.4 6.6 5.0 2.5 2 1 2 1 1
2465.6 -6183.5 8.7 177 0 7.3 6.3 7.5 2.5 2 0 3 3 3
4789.0 841.6 -17.3 103 0 12.6 20.0 10.0 2.5 2 1 4 2 2
4810.1 932.3 -18.8 103 0 15.4 18.5 10.0 2.5 2 1 4 2 2
5950.3 3783.0 -24.3 88 0 8.2 7.4 2.5 2.5 2 0 1 5 5
6333.4 3957.4 -22.1 38 0 9.9 6.9 2.5 2.5 2 0 1 1 1
2429.7 3172.0 -13.3 198 0 17.4 7.6 7.5 2.5 2 0 3 2 2
2238.5 3160.1 -16.0 89 0 6.9 12.5 2.5 2.5 2 1 1 5 5
2244.0 3199.0 -15.3 355 0 12.6 12.9 7.5 2.5 2 1 3 4 4
2324.4 3122.0 -15.3 285 0 6.3 8.1 10.0 2.5 2 1 4 1 1
-1055.3 -4184.4 5.6 177 0 6.8 6.7 7.5 2.5 2 0 3 3 3
-3177.3 -5398.2 -4.6 195 0 7.4 11.1 7.5 2.5 2 1 3 1 1
-3107.8 -5376.0 -3.9 8 0 6.9 10.6 5.0 2.5 4 1 2 0 0
-3056.8 -5270.9 -0.3 4 0 7.7 8.7 2.5 2.5 2 1 1 1 1
-3109.4 -5218.0 0.8 185 0 6.6 7.0 7.5 2.5 2 1 3 1 1
-3053.7 -5209.6 2.5 359 0 6.3 6.2 7.5 2.5 4 0 3 0 0
-3035.8 -5180.8 3.9 8 0 6.9 8.3 10.0 2.5 2 1 4 1 1
-3006.4 -4889.1 8.9 98 0 8.4 7.3 7.5 2.5 2 0 3 2 2
-3054.3 -4789.6 2.9 281 0 7.3 7.7 10.0 2.5 4 1 4 3 3
-3130.4 -4747.2 -6.5 201 0 8.9 8.2 5.0 2.5 2 0 2 3 3
-3177.2 -4911.6 -4.6 181 0 7.4 8.2 7.5 2.5 2 1 3 4 4
-3177.2 -4844.6 -6.6 191 0 6.3 8.2 10.0 0.0 0 1 4 3 3
-3030.4 -4442.2 -5.8 193 0 7.5 7.5 7.5 2.5 4 1 3 3 3
-3032.2 -4410.3 -5.4 187 0 6.7 8.6 5.0 2.5 2 1 2 5 5
-2754.1 -3928.8 -4.6 98 0 7.2 8.6 7.5 2.5 2 1 3 0 0
-2852.3 -3958.7 -6.0 87 0 7.9 11.6 5.0 0.0 0 1 2 1 1
-2839.0 -3884.1 -7.4 180 0 7.2 6.5 5.0 2.5 2 0 2 1 1
-2912.8 -3958.6 -7.4 92 0 7.7 8.2 5.0 2.5 2 1 2 2 2
-3009.7 -3997.9 -9.8 271 0 9.8 26.4 12.5 2.5 2 1 5 1 1
-3059.5 -4035.0 -10.2 173 0 10.0 37.6 7.5 2.5 2 1 3 0 0
-3041.2 -4001.4 -10.0 278 0 7.7 14.0 7.0 2.5 4 1 2 2 2
-2977.4 -3937.3 -9.4 275 0 7.3 7.6 5.0 2.5 2 1 2 2 2
-2313.1 -4610.1 26.3 78 0 9.3 6.8 10.0 2.5 2 0 4 5 5
-987.8 -4172.9 5.2 353 0 8.1 20.2 7.5 2.5 2 1 3 4 4
-976.0 -4132.1 4.8 262 0 17.2 22.6 7.5 2.5 2 1 3 1 1
-946.2 -4140.1 4.5 311 0 7.0 13.4 7.5 2.5 2 1 3 5 5
-986.6 -4194.3 5.1 33 0 9.7 6.2 7.5 2.5 2 0 3 0 0
-3347.4 -5335.1 -5.9 272 0 7.0 8.1 7.5 2.5 2 1 3 5 5
-3345.3 -5463.5 -3.4 295 0 8.2 6.5 2.5 2.5 2 0 1 3 3
-3371.5 -5454.1 -4.1 199 0 6.5 6.1 5.0 2.5 2 0 2 0 0
-3289.2 -5469.3 -2.7 195 0 8.7 10.2 5.0 0.0 0 1 2 0 0
-3238.2 -5495.9 -3.5 29 0 7.5 6.9 7.5 2.5 2 0 3 0 0
-3337.0 -5597.8 -2.8 4 0 6.8 10.2 10.0 2.5 2 1 4 2 2
-3411.7 -5513.2 -4.9 188 0 7.3 7.1 5.0 2.5 2 0 2 4 4
-3413.5 -5553.1 -5.0 178 0 8.4 8.5 7.5 2.5 2 1 3 2 2
1131.4 -4888.2 -2.5 150 0 6.5 8.5 5.0 2.5 2 1 2 0 0
844.2 -5089.8 -2.2 70 0 6.6 8.0 2.5 2.5 2 1 1 3 3
1086.6 -4919.8 -1.8 323 0 7.0 8.9 10.0 2.5 2 1 4 2 2
1050.6 -4947.9 -0.9 248 0 9.5 7.6 7.5 0.0 0 0 3 5 5
1015.1 -4965.2 -0.5 160 0 6.2 7.5 7.5 2.5 2 1 3 5 5
1001.1 -4938.7 1.1 57 0 9.6 6.5 2.5 2.5 4 0 1 0 0
979.1 -4949.1 1.1 331 0 6.5 7.7 5.0 2.5 2 1 2 3 3
841.1 -5056.3 -2.4 167 0 8.5 10.1 7.5 2.5 2 1 3 5 5
956.0 -4914.5 2.6 333 0 6.2 7.6 7.5 2.5 2 1 3 1 1
996.8 -4847.8 3.8 238 0 19.8 8.4 5.0 2.5 2 0 2 1 1
920.0 -4834.7 4.7 147 0 7.2 9.2 7.5 2.5 2 1 3 0 0
942.8 -4806.3 4.7 240 0 8.0 6.4 5.0 2.5 2 0 2 4 4
966.7 -4799.0 4.7 242 0 9.2 6.1 5.0 2.5 2 0 2 5 5
1001.4 -4802.8 4.4 327 0 7.6 9.0 7.5 2.5 4 1 3 4 4
882.8 -4854.2 4.1 336 0 6.3 7.4 5.0 2.5 2 1 2 0 0
883.3 -4802.8 4.9 332 0 6.2 9.3 7.5 2.5 4 1 3 4 4
894.4 -4781.7 5.0 151 0 6.8 6.1 5.0 2.5 2 0 2 5 5
6.5 -4194.6 21.6 307 0 6.3 9.8 7.5 2.5 2 1 3 4 4
16.7 -4235.2 20.8 359 0 6.9 11.4 7.5 2.5 2 1 3 4 4
1004.1 -889.5 -2.3 20 0 9.9 29.6 7.5 2.5 2 1 3 2 2
-73.9 -819.2 -9.5 26 0 16.5 13.6 5.0 2.5 2 0 2 3 3
-3784.2 -3093.0 -12.1 341 0 10.9 9.5 10.0 2.5 4 0 4 0 0
-3617.3 -3167.8 -7.7 358 0 7.8 8.3 5.0 2.5 2 1 2 1 1
-3234.1 -5874.0 -7.2 181 0 7.1 8.7 7.5 2.5 2 1 3 4 4
-3448.9 -5656.4 -4.5 178 0 7.2 9.7 7.5 2.5 2 1 3 0 0
-3361.7 -5693.4 -3.9 95 0 7.5 9.5 5.0 2.5 2 1 2 2 2
-3303.3 -5606.5 -2.3 7 0 7.6 7.6 7.5 2.5 2 0 3 2 2
-3273.2 -5826.4 -7.5 90 0 7.3 8.1 7.5 2.5 2 1 3 4 4
-3270.3 -5624.3 -3.5 20 0 6.2 7.3 5.0 2.5 2 1 2 5 5
-3242.3 -5688.3 -4.9 179 0 8.6 9.3 7.5 2.5 2 1 3 3 3
-3639.6 -2969.6 -4.8 277 0 7.7 7.8 7.5 2.5 2 1 3 5 5
-3807.9 -2586.0 -10.6 264 0 8.6 8.0 5.0 2.5 2 0 2 5 5
-3767.9 -2855.6 -9.7 179 0 8.3 9.1 5.0 2.5 2 1 2 1 1
-3702.7 -2998.3 -7.1 89 0 10.6 8.6 10.0 2.5 2 0 4 3 3
4780.2 536.0 -15.5 269 0 7.1 12.9 2.5 2.5 2 1 1 1 1
4822.0 517.0 -14.9 359 0 6.6 6.5 5.0 2.5 2 0 2 1 1
4799.6 533.4 -15.3 270 0 6.6 12.5 7.5 2.5 2 1 3 0 0
4985.3 589.8 -15.3 94 0 6.6 12.2 7.5 2.5 2 1 3 1 1
4945.4 595.6 -15.4 94 0 6.8 12.9 5.0 2.5 2 1 2 1 1
4845.8 612.3 -16.6 95 0 6.0 10.9 7.5 2.5 2 1 3 2 2
4824.9 612.1 -17.1 98 0 7.1 13.2 7.5 2.5 4 1 3 3 3
4806.0 615.8 -17.6 93 0 6.3 12.1 2.5 2.5 2 1 1 3 3
4785.9 618.6 -17.9 90 0 6.2 12.4 7.5 2.5 2 1 3 2 2
4765.5 620.4 -17.7 91 0 7.0 12.2 7.5 2.5 2 1 3 4 4
4745.0 622.4 -17.6 93 0 8.0 14.7 7.5 2.5 2 1 3 0 0
4725.7 626.4 -17.4 91 0 7.2 13.6 5.0 2.5 2 1 2 3 3
-135.7 245.9 -4.1 3 0 11.3 18.1 7.5 2.5 2 1 3 4 4
-163.6 152.6 -4.2 261 0 8.1 23.3 5.0 2.5 2 1 2 2 2
-3991.1 -2502.8 -14.2 268 0 7.8 8.1 2.5 2.5 2 1 1 5 5
-3969.3 -2674.0 -12.9 92 0 9.3 9.5 7.5 2.5 2 1 3 0 0
-4005.4 -2650.0 -13.7 91 0 7.5 11.1 5.0 2.5 2 1 2 2 2
-4232.8 -2566.2 -16.5 99 0 7.8 7.7 7.5 2.5 2 0 3 4 4
-4296.3 -2544.8 -17.6 92 0 9.3 8.5 7.5 2.5 2 0 3 3 3
-3602.9 -2955.9 -4.4 94 0 7.0 7.3 5.0 2.5 2 1 2 3 3
-3853.0 -2572.0 -10.7 270 0 9.4 10.6 5.0 2.5 2 1 2 5 5
-4241.7 -1022.4 -15.2 179 0 11.2 7.4 10.0 2.5 2 0 4 1 1
-4187.8 -1044.4 -16.7 3 0 13.6 21.3 10.0 0.0 0 1 4 2 2
-4192.2 -1030.0 -16.5 6 0 7.3 8.3 10.0 2.5 2 1 4 1 1
-4227.0 -1069.8 -15.5 72 0 7.9 20.4 10.0 2.5 2 1 4 2 2
-1279.8 2155.7 -18.3 146 0 6.9 17.7 7.5 2.5 2 1 3 3 3
-3986.0 5502.9 -31.1 92 0 10.6 16.1 10.0 0.0 0 1 4 5 5
-3993.1 5313.5 -24.2 93 0 9.2 9.6 7.5 2.5 2 1 3 2 2
-4175.1 5181.5 -25.5 94 0 8.5 8.9 7.5 2.5 2 1 3 2 2
-4060.9 5152.4 -24.6 89 0 10.1 8.9 5.0 0.0 0 0 2 0 0
-3999.0 5124.2 -23.6 77 0 8.2 9.6 7.5 2.5 2 1 3 5 5
-4381.9 5150.6 -27.9 187 0 7.4 9.9 2.5 2.5 2 1 1 4 4
-4344.6 5237.9 -25.9 89 0 9.8 10.9 7.5 2.5 2 1 3 0 0
-4575.7 5416.3 -30.5 94 0 7.6 12.1 5.0 2.5 2 1 2 5 5
-4483.1 5631.4 -29.9 88 0 8.3 10.4 7.5 2.5 2 1 3 5 5
-4536.3 5634.2 -29.5 183 0 12.4 12.1 7.5 2.5 4 0 3 0 0
-4968.4 6787.5 -27.8 197 0 13.0 10.2 7.5 2.5 4 0 3 5 5
-4966.5 6857.9 -27.2 90 0 13.5 9.5 7.5 2.5 4 0 3 5 5
-5213.6 6742.6 -28.9 182 0 9.8 10.0 5.0 2.5 4 1 2 1 1
-6747.5 4501.4 -33.5 275 0 9.0 9.1 5.0 2.5 4 1 2 2 2
-6777.4 4510.4 -33.3 180 0 9.5 10.4 5.0 2.5 2 1 2 4 4
-6802.6 4497.6 -33.0 185 0 9.1 10.0 5.0 0.0 0 1 2 3 3
-6785.9 4425.5 -31.6 90 0 11.9 9.0 10.0 2.5 2 0 4 2 2
-6810.2 4445.1 -31.8 93 0 11.8 9.9 5.0 2.5 2 0 2 5 5
-6792.5 4472.5 -32.5 179 0 10.2 9.0 5.0 2.5 2 0 2 5 5
-6633.6 4450.0 -33.3 354 0 8.5 9.9 5.0 2.5 2 1 2 2 2
-6657.4 4461.6 -32.7 264 0 11.0 9.4 2.5 2.5 2 0 1 5 5
-6688.4 4461.0 -32.1 354 0 8.2 10.6 7.5 2.5 2 1 3 0 0
-6713.2 4477.4 -33.0 354 0 9.5 10.1 10.0 2.5 2 1 4 4 4
-6721.8 4440.3 -32.4 84 0 11.8 9.7 7.5 2.5 2 0 3 1 1
697.9 -5669.6 -5.4 95 0 13.6 14.7 7.5 0.0 0 1 3 3 3
-2901.5 -4018.4 -5.1 179 0 6.1 6.0 10.0 2.5 2 0 4 3 3
-3043.5 -3973.5 -10.3 90 0 7.2 6.8 7.5 0.0 0 0 3 0 0
-6626.6 3002.4 -27.6 349 0 10.7 15.7 7.5 2.5 2 1 3 3 3
-6594.3 3069.1 -28.5 250 0 7.9 9.4 7.5 2.5 2 1 3 2 2
-6761.7 2973.6 -28.7 358 0 6.5 9.1 7.5 0.0 0 1 3 2 2
-6790.2 2969.9 -28.9 171 0 7.9 8.6 10.0 2.5 2 1 4 0 0
-6836.3 3024.6 -28.1 245 0 10.8 7.1 5.0 0.0 0 0 2 1 1
-6880.4 2990.8 -28.6 177 0 11.0 8.2 7.5 2.5 2 0 3 2 2
-6720.6 1594.2 -25.1 185 0 9.1 8.3 7.5 2.5 2 0 3 1 1
-6760.7 1413.3 -25.6 199 0 8.1 9.2 10.0 2.5 2 1 4 1 1
-6617.9 1237.2 -27.2 108 0 7.2 10.6 7.5 2.5 2 1 3 3 3
-6141.7 1238.7 -27.5 174 0 8.1 8.3 7.5 2.5 4 1 3 5 5
-6565.5 1067.2 -27.3 69 0 8.7 11.0 7.5 2.5 2 1 3 2 2
-6645.5 856.4 -25.8 0 0 10.1 7.9 7.5 2.5 2 0 3 5 5
-6643.9 776.2 -24.7 90 0 7.1 7.8 7.5 2.5 2 1 3 3 3
-6682.6 834.4 -25.4 182 0 7.5 6.2 5.0 2.5 2 0 2 0 0
-6707.9 843.3 -26.1 98 0 8.5 9.4 7.5 2.5 2 1 3 2 2
-6842.4 743.6 -24.9 173 0 7.7 8.7 10.0 2.5 2 1 4 0 0
-6808.0 737.9 -24.2 277 0 6.8 9.3 2.5 2.5 2 1 1 3 3
-6786.1 708.1 -24.2 274 0 7.7 10.3 5.0 2.5 2 1 2 3 3
-6721.5 676.5 -24.2 5 0 9.2 9.6 7.5 0.0 0 1 3 5 5
-6823.2 673.2 -24.3 194 0 7.6 8.2 10.0 2.5 2 1 4 3 3
-6778.4 648.2 -24.3 166 0 7.6 6.8 7.5 2.5 2 0 3 2 2
-6809.8 558.0 -26.1 19 0 9.4 8.0 7.5 2.5 2 0 3 5 5
-6782.6 535.4 -25.6 187 0 8.2 9.6 5.0 2.5 2 1 2 3 3
-6818.6 449.1 -25.1 182 0 9.4 6.8 7.5 2.5 2 0 3 0 0
-6756.9 357.8 -24.0 100 0 6.5 8.4 7.5 2.5 2 1 3 1 1
-6790.2 348.6 -24.2 86 0 8.0 10.7 5.0 2.5 2 1 2 5 5
-6817.0 336.0 -24.3 79 0 8.1 8.2 7.5 2.5 2 1 3 2 2
-6862.5 263.1 -26.6 277 0 8.6 10.3 7.5 2.5 2 1 3 4 4
-6805.5 301.7 -24.0 179 0 7.2 7.1 10.0 0.0 0 0 4 0 0
-6743.1 306.9 -23.5 268 0 7.8 7.4 7.5 2.5 2 0 3 2 2
-6680.5 316.8 -23.9 257 0 9.0 13.6 7.5 2.5 2 1 3 3 3
-6618.9 325.6 -24.5 309 0 8.0 7.3 7.5 2.5 2 0 3 4 4
-5137.0 -261.9 -22.8 182 0 7.1 7.4 7.5 0.0 0 1 3 5 5
-5048.8 -478.8 -21.8 202 0 8.0 8.1 5.0 2.5 2 1 2 4 4
-3908.5 2532.4 -24.3 330 0 9.5 8.3 7.5 2.5 2 0 3 5 5
-4056.5 2478.8 -22.4 182 0 7.7 9.5 10.0 2.5 2 1 4 2 2
-4078.7 2586.5 -26.5 100 0 6.9 8.7 7.5 2.5 2 1 3 3 3
-4210.5 2472.6 -23.2 356 0 8.6 7.8 7.5 2.5 2 0 3 5 5
-6056.2 3684.0 -30.6 107 0 8.6 8.0 2.5 2.5 4 0 1 0 0
-6036.0 3790.1 -30.4 199 0 6.1 8.3 5.0 2.5 2 1 2 0 0
-6036.6 3904.7 -30.2 178 0 6.7 9.2 7.5 2.5 2 1 3 5 5
-5989.8 3982.6 -30.6 271 0 6.0 8.1 2.5 2.5 2 1 1 5 5
-6839.9 3807.1 -31.8 65 0 12.4 13.0 5.0 2.5 4 1 2 1 1
-6541.6 3793.5 -30.7 352 0 7.5 8.8 7.5 2.5 4 1 3 5 5
-6707.9 3590.9 -29.4 270 0 9.8 7.8 7.5 0.0 0 0 3 3 3
-6688.2 3559.1 -28.9 265 0 8.4 18.7 7.5 2.5 2 1 3 5 5
-6702.7 3539.8 -28.9 177 0 38.8 9.1 10.0 0.0 0 0 4 1 1
-6650.6 3457.1 -29.1 77 0 9.4 12.2 7.5 2.5 2 1 3 0 0
-6661.3 3635.6 -29.9 174 0 10.4 9.1 7.5 2.5 2 0 3 3 3
-6634.8 3647.6 -29.8 272 0 10.9 9.8 5.0 2.5 2 0 2 1 1
-6613.0 3625.0 -29.3 2 0 8.6 7.0 5.0 2.5 2 0 2 5 5
-6617.5 3507.7 -28.7 348 0 7.2 7.8 5.0 2.5 2 1 2 2 2
-6585.8 3488.9 -30.2 2 0 9.2 9.4 7.5 2.5 2 1 3 2 2
-6606.2 3437.0 -30.5 79 0 9.1 9.1 7.5 2.5 2 0 3 4 4
-3342.7 3645.8 -26.0 255 0 6.2 9.2 7.5 2.5 2 1 3 0 0
-3310.1 3568.7 -24.9 290 0 7.5 7.9 7.5 2.5 2 1 3 0 0
-5322.6 6480.8 -32.6 88 0 10.6 11.7 7.5 2.5 2 1 3 1 1
-3281.9 3548.5 -25.2 2 0 6.8 7.7 2.5 0.0 0 1 1 1 1
-5240.0 6638.7 -30.0 245 0 12.1 8.9 7.5 2.5 2 0 3 4 4
-3262.1 2097.4 -20.5 262 0 9.1 8.4 7.5 2.5 2 0 3 5 5
-3535.4 1756.9 -11.4 117 0 9.3 10.3 7.5 2.5 2 1 3 5 5
-3405.8 1905.4 -11.8 28 0 6.3 7.5 5.0 2.5 2 1 2 1 1
-3429.6 1718.9 -10.4 185 0 8.2 9.5 7.5 2.5 2 1 3 4 4
-4601.7 1640.1 -23.2 249 0 8.2 8.0 10.0 2.5 2 0 4 5 5
-4416.0 1554.3 -20.0 6 0 8.9 7.7 7.5 2.5 2 0 3 3 3
-4353.0 1585.8 -19.8 81 0 8.2 9.6 7.5 2.5 2 1 3 2 2
-4331.3 1606.1 -20.0 250 0 8.3 8.2 7.5 2.5 2 0 3 3 3
-4192.7 1662.8 -20.5 49 0 9.4 11.0 5.0 2.5 2 1 2 3 3
-4546.2 5402.6 -30.4 90 0 10.3 10.6 5.0 2.5 2 1 2 5 5
-4665.8 4923.2 -30.9 85 0 9.4 11.8 5.0 2.5 2 1 2 1 1
-4482.0 4228.6 -30.8 53 0 9.9 9.1 5.0 2.5 2 0 2 2 2
-3928.6 701.0 -20.7 97 0 8.6 7.1 10.0 2.5 2 0 4 1 1
-3940.7 794.5 -17.1 179 0 8.1 8.2 7.5 2.5 2 1 3 5 5
-3865.1 829.5 -14.3 289 0 8.7 8.4 7.5 2.5 2 0 3 4 4
-4094.4 -274.4 -18.7 92 0 7.5 7.3 5.0 2.5 2 0 2 2 2
-4143.8 -300.0 -17.4 274 0 7.7 8.5 7.5 2.5 2 1 3 2 2
-4068.7 -336.7 -19.5 289 0 7.4 7.5 5.0 2.5 2 1 2 1 1
-3878.4 -391.9 -16.6 19 0 9.3 8.1 2.5 2.5 4 0 1 0 0
-3756.1 -378.8 -15.8 32 0 9.2 7.0 7.5 2.5 2 0 3 3 3
-5418.3 604.6 -23.0 18 0 6.8 8.2 10.0 2.5 2 1 4 2 2
-4251.9 5250.9 -25.9 90 0 14.1 13.6 7.5 2.5 2 0 3 1 1
-3624.6 5785.5 -25.0 85 0 6.3 6.7 2.5 2.5 2 1 1 3 3
-3624.4 5852.3 -26.0 182 0 11.4 10.9 7.5 2.5 2 0 3 3 3
-3513.4 5924.9 -24.9 276 0 11.2 10.7 5.0 2.5 2 0 2 4 4
-3674.0 5905.8 -28.0 262 0 9.4 10.3 5.0 2.5 2 1 2 1 1
-4307.8 5165.9 -26.2 276 0 17.1 20.1 7.5 0.0 0 1 3 0 0
-3370.8 6445.6 -26.1 285 0 11.6 8.6 5.0 2.5 2 0 2 0 0
-3380.1 6427.7 -26.5 205 0 9.6 11.1 7.5 2.5 2 1 3 4 4
-4065.5 5885.7 -31.2 92 0 9.4 9.8 7.5 2.5 4 1 3 5 5
-4006.8 5858.1 -30.3 180 0 10.1 8.8 7.5 2.5 2 0 3 4 4
-3954.3 5888.6 -29.7 288 0 8.3 8.4 7.5 2.5 2 1 3 5 5
-3932.4 5863.2 -30.2 106 0 11.4 10.2 2.5 2.5 2 0 1 1 1
-3863.2 5904.6 -31.4 259 0 10.8 9.7 5.0 0.0 0 0 2 0 0
-3836.4 5931.0 -31.2 345 0 9.8 9.1 7.5 2.5 2 0 3 3 3
-4211.1 4854.3 -28.0 92 0 12.2 10.8 7.5 2.5 2 0 3 1 1
-3345.7 5620.9 -18.2 90 0 12.6 14.5 2.5 2.5 2 1 1 2 2
-3554.4 5617.7 -27.1 84 0 9.3 9.0 7.5 2.5 2 0 3 5 5
-3953.0 5250.6 -23.1 214 0 9.8 8.2 2.5 2.5 4 0 1 1 1
-5534.2 4200.7 -30.3 102 0 6.9 6.8 2.5 2.5 2 0 1 0 0
-5009.3 6884.8 -24.6 259 0 9.3 10.4 7.5 2.5 2 1 3 3 3
-5097.4 6596.1 -31.7 104 0 6.7 9.3 5.0 2.5 2 1 2 4 4
-2244.8 5418.8 -15.7 80 0 7.7 9.2 2.5 2.5 2 1 1 3 3
-1913.5 5154.5 -23.7 93 0 8.2 7.2 7.5 2.5 2 0 3 4 4
-1930.9 5281.4 -21.8 84 0 13.5 8.9 7.5 2.5 2 0 3 2 2
-4785.6 5693.7 -31.0 225 0 7.5 13.1 2.5 2.5 4 1 1 1 1
2241.4 1620.9 -17.7 284 0 13.3 10.5 5.0 2.5 2 0 2 0 0
-5269.5 6793.4 -32.7 360 0 9.0 9.8 7.5 2.5 2 1 3 2 2
-4791.0 6588.7 -27.7 269 0 7.7 8.7 7.5 2.5 2 1 3 1 1
-4816.9 6484.7 -27.8 177 0 7.8 6.1 2.5 2.5 2 0 1 4 4
-4786.6 6525.6 -27.0 270 0 6.7 9.4 7.5 2.5 2 1 3 0 0
-4750.2 6520.9 -25.5 359 0 8.6 8.7 2.5 2.5 2 1 1 0 0
-2323.8 5521.2 -11.8 26 0 11.2 10.8 7.5 2.5 2 0 3 5 5
-45.5 -4250.5 20.0 180 0 7.1 11.5 7.5 0.0 0 1 3 4 4
-67.8 -4181.9 20.6 175 0 6.5 11.0 5.0 2.5 2 1 2 3 3
956.1 -4967.1 0.8 334 0 7.4 7.6 2.5 2.5 2 1 1 3 3
927.2 -4982.5 0.7 158 0 6.2 9.3 7.5 2.5 2 1 3 5 5
5670.6 -2132.7 -4.0 86 0 11.2 10.1 2.5 2.5 2 0 1 3 3
5697.2 -4574.1 12.7 305 0 8.9 13.6 7.5 2.5 2 1 3 0 0
5663.5 -4625.5 12.5 181 0 8.2 6.8 5.0 2.5 2 0 2 1 1
5654.7 -4643.2 13.2 210 0 12.8 8.7 7.5 2.5 2 0 3 5 5
5650.1 -4687.2 14.6 45 0 8.8 14.4 7.5 2.5 2 1 3 1 1
5585.2 -4720.1 12.2 128 0 8.6 30.9 7.5 2.5 2 1 3 1 1
5565.1 -4672.5 7.4 132 0 9.3 19.4 5.0 2.5 2 1 2 2 2
4884.8 603.0 -15.7 88 0 9.4 15.3 7.5 2.5 2 1 3 2 2
5286.3 878.5 -16.7 90 0 11.4 7.4 5.0 2.5 2 0 2 5 5
5302.7 943.7 -17.1 1 0 6.6 12.2 7.5 2.5 2 1 3 3 3
5307.9 985.0 -17.0 359 0 8.1 14.7 7.5 2.5 2 1 3 3 3
5310.5 1003.0 -16.7 3 0 7.7 14.4 7.5 2.5 2 1 3 1 1
5317.3 1042.5 -16.1 1 0 8.5 15.6 5.0 2.5 2 1 2 3 3
5313.2 1021.5 -16.3 4 0 7.5 13.6 7.5 2.5 4 1 3 1 1
5322.9 1082.2 -15.7 1 0 7.5 13.8 5.0 2.5 2 1 2 4 4
5311.2 1102.5 -15.8 182 0 7.6 13.4 10.0 2.5 2 1 4 1 1
5311.7 1121.4 -16.2 183 0 8.6 15.9 7.5 0.0 0 1 3 2 2
5314.4 1140.0 -16.6 184 0 7.6 16.0 10.0 2.5 2 1 4 5 5
5324.3 1207.0 -17.8 270 0 6.9 14.9 5.0 2.5 2 1 2 5 5
5303.8 1207.8 -17.8 271 0 7.2 14.2 5.0 2.5 2 1 2 1 1
5261.3 1210.2 -17.8 268 0 8.7 16.5 5.0 2.5 2 1 2 3 3
5240.0 1211.7 -17.9 268 0 8.2 15.5 2.5 2.5 2 1 1 1 1
5219.0 1210.1 -18.1 268 0 7.0 13.0 7.5 2.5 2 1 3 3 3
5198.8 1211.6 -18.3 268 0 8.0 14.4 7.5 2.5 2 1 3 1 1
5176.1 1217.8 -18.4 267 0 9.4 18.3 7.5 2.5 2 1 3 0 0
5154.3 1216.7 -18.6 269 0 8.9 16.2 5.0 2.5 2 1 2 2 2
5110.5 1217.7 -19.0 270 0 7.3 16.0 7.5 2.5 4 1 3 2 2
5089.5 1216.5 -19.2 268 0 8.6 14.7 2.5 2.5 2 1 1 1 1
5068.4 1217.9 -19.2 272 0 7.0 13.5 7.5 2.5 2 1 3 4 4
5047.3 1220.0 -18.8 274 0 7.4 14.9 7.5 2.5 2 1 3 3 3
5004.7 1224.2 -17.8 274 0 6.9 17.2 5.0 2.5 2 1 2 1 1
4958.9 1215.8 -16.9 179 0 14.1 7.1 2.5 2.5 2 0 1 2 2
4752.5 498.7 -15.7 107 0 9.3 33.5 7.5 2.5 2 1 3 4 4
4550.2 1218.5 -18.3 187 0 8.9 14.1 7.5 2.5 2 1 3 5 5
4566.3 1233.8 -18.8 6 0 8.3 13.0 2.5 2.5 2 1 1 5 5
4567.6 1243.8 -18.9 7 0 8.8 13.7 2.5 2.5 2 1 1 3 3
4570.2 1263.1 -18.9 5 0 8.0 12.8 5.0 2.5 2 1 2 0 0
4618.9 1316.2 -19.1 272 0 7.5 17.7 2.5 2.5 2 1 1 0 0
-5308.7 6801.3 -34.0 180 0 10.6 7.2 7.5 2.5 2 0 3 3 3
-3781.7 -3095.7 -12.1 356 0 9.5 10.3 2.5 2.5 2 1 1 1 1
-3779.3 -3123.1 -12.4 352 0 8.4 7.1 2.5 2.5 2 0 1 2 2
