-2360.8 -4232.2 5.6 68 0 11.9 53.9 2.5 2.5 2 1 1 1 1
-2498.6 -4065.5 7.9 327 0 25.2 12.3 2.5 2.5 2 0 1 5 5
-2450.7 -4089.7 6.7 146 0 18.2 20.7 2.5 2.5 2 1 1 2 2
-2488.2 -4132.2 7.4 149 0 6.3 30.7 2.5 0.0 0 1 1 5 5
-3843.0 -4891.7 -5.2 358 0 10.0 24.9 10.5 0.0 0 1 3 5 5
-3897.2 -4894.3 -5.3 178 0 9.5 25.8 10.5 3.5 2 1 3 5 5
-3806.5 -4842.7 -6.9 310 0 7.9 14.8 10.5 3.5 2 1 3 0 0
-3982.1 -4727.5 -12.6 243 0 9.3 7.1 10.5 3.5 2 0 3 4 4
-3958.1 -4704.3 -12.0 343 0 10.1 9.5 10.5 3.5 2 0 3 5 5
-3912.8 -4786.0 -12.2 146 0 11.6 10.7 10.5 3.5 2 0 3 1 1
-3889.4 -4800.3 -11.8 133 0 11.1 24.9 10.5 3.5 2 1 3 4 4
-3865.1 -4933.7 -3.4 89 0 26.9 9.7 10.5 3.5 2 0 3 5 5
