-4314.4 6317.0 7.1 50 0 8.2 15.6 2.5 2.5 2 0 1 3 3
-4344.2 6627.8 8.9 291 0 15.6 8.1 5.0 2.5 2 0 2 0 0
-4315.1 6527.5 11.6 351 0 7.5 17.0 7.5 2.5 2 0 3 4 4
-4265.6 6765.6 5.7 11 0 6.2 40.9 7.5 2.5 2 0 3 0 0
-4388.4 6767.3 3.9 188 0 9.9 39.3 10.0 2.5 2 0 4 5 5
-4326.3 6820.6 5.8 187 0 6.6 17.2 7.5 2.5 2 0 3 4 4
-4331.8 6733.4 6.5 99 0 15.3 7.8 5.0 2.5 2 0 2 2 2
-4364.1 6741.0 5.1 187 0 8.5 12.4 5.0 2.5 2 0 2 4 4
-4300.8 6200.7 2.2 324 0 8.0 6.1 7.5 2.5 2 0 3 0 0
-3236.9 5973.3 -14.6 96 0 11.9 12.3 5.0 2.5 2 1 2 4 4
-3330.9 6226.1 -8.6 178 0 7.0 14.2 7.5 2.5 4 1 3 5 5
-4269.5 6748.2 5.6 5 0 8.5 36.6 7.5 2.5 2 0 3 0 0
-4293.7 6443.9 9.2 350 0 8.5 16.4 7.5 2.5 2 0 3 0 0
-4286.2 6419.1 8.8 346 0 7.4 20.0 10.0 2.5 2 0 4 2 2
-4272.4 6726.5 5.7 7 0 6.5 30.3 7.5 2.5 2 0 3 2 2
-4356.2 6478.4 10.4 263 0 6.4 31.1 5.0 2.5 2 0 2 0 0
-4379.5 6828.9 3.3 191 0 9.3 41.9 12.5 2.5 2 0 5 1 1
-4382.6 6807.6 4.1 184 0 8.4 40.3 10.0 2.5 2 0 4 2 2
-4411.6 6621.3 6.2 180 0 9.6 7.8 7.5 2.5 2 0 3 1 1
-3241.5 6245.5 -12.2 0 0 7.7 20.7 2.5 2.5 2 1 1 5 5
-3298.9 6119.9 -10.8 101 0 32.3 15.3 12.5 2.5 2 0 5 3 3
-4258.6 6812.7 5.7 5 0 7.2 41.2 10.0 2.5 2 0 4 1 1
-4384.3 6786.8 4.3 188 0 7.9 40.1 10.0 2.5 2 0 4 3 3
-4272.1 6892.8 3.7 281 0 33.1 16.5 12.5 2.5 2 0 5 0 0
-4329.8 6742.7 6.6 96 0 16.8 9.6 10.0 2.5 2 0 4 2 2
-4262.5 6790.6 5.7 9 0 6.3 39.0 5.0 2.5 2 0 2 5 5
-4359.9 6343.1 6.6 147 0 14.9 11.4 5.0 2.5 2 0 2 4 4
-4349.4 6470.9 10.7 173 0 9.4 8.5 5.0 2.5 2 0 2 3 3
-4581.4 6786.5 5.0 10 0 33.0 14.6 7.5 2.5 2 0 3 1 1
-4501.1 6802.8 3.5 10 0 13.4 32.3 5.0 2.5 2 1 2 3 3
-3181.1 3454.0 -11.1 91 0 7.8 7.2 5.0 2.5 2 0 2 3 3
-3214.1 2662.5 -7.1 98 0 7.8 7.6 2.5 2.5 2 0 1 1 1
-3180.6 3122.0 -7.9 266 0 7.7 13.7 7.5 2.5 2 1 3 3 3
-3139.2 3097.5 -8.8 358 0 12.2 9.3 7.5 0.0 0 0 3 0 0
-3069.4 4325.9 -16.9 109 0 10.4 24.8 10.0 2.5 2 1 4 1 1
-3145.2 3120.4 -8.6 265 0 10.3 11.6 7.5 2.5 2 1 3 5 5
-3143.3 3213.8 -8.5 88 0 8.5 12.5 7.5 2.5 2 1 3 2 2
-3239.2 3053.5 -6.5 357 0 21.2 8.9 5.0 2.5 2 0 2 4 4
-3192.2 3540.0 -13.0 353 0 7.7 7.4 7.5 2.5 2 0 3 5 5
-3155.9 2965.0 -9.8 271 0 10.8 7.4 10.0 0.0 0 0 4 4 4
-3248.1 3472.4 -10.8 88 0 11.4 7.1 10.0 2.5 2 0 4 3 3
-3098.5 3098.8 -10.7 177 0 12.3 14.6 10.0 2.5 2 1 4 4 4
-3283.4 2699.3 -7.3 189 0 15.5 9.5 7.5 2.5 2 0 3 1 1
-3325.5 3457.8 -9.6 92 0 8.5 11.3 10.0 2.5 2 0 4 1 1
-3094.4 4320.1 -16.6 86 0 10.6 15.1 2.5 2.5 2 1 1 2 2
-3251.8 2964.3 -7.4 270 0 19.7 10.8 2.5 2.5 2 0 1 1 1
-3206.8 3529.2 -12.7 2 0 7.2 6.9 7.5 2.5 2 0 3 4 4
-3218.6 2967.7 -8.3 271 0 17.5 14.3 7.5 2.5 2 0 3 0 0
-3452.2 2603.2 -9.0 96 0 9.5 7.5 5.0 2.5 2 0 2 5 5
-3146.2 3190.9 -8.4 1 0 12.0 12.2 5.0 2.5 2 1 2 0 0
-3450.7 3008.5 -7.2 179 0 7.5 13.1 5.0 2.5 2 1 2 5 5
-3224.3 3060.5 -6.8 357 0 18.5 6.8 7.5 2.5 2 0 3 2 2
-3178.9 3088.8 -7.8 89 0 7.8 12.5 5.0 2.5 2 1 2 4 4
-3211.5 3061.8 -7.0 357 0 20.8 8.4 7.5 2.5 4 0 3 2 2
-3125.2 4470.5 -15.3 262 0 8.4 7.3 5.0 2.5 2 0 2 3 3
-3121.5 4482.5 -14.9 85 0 8.3 11.3 7.5 2.5 2 1 3 0 0
-3243.3 3010.5 -6.6 88 0 8.0 27.2 7.5 2.5 2 1 3 2 2
-3205.9 3545.7 -13.0 6 0 6.6 7.7 7.5 2.5 2 1 3 5 5
-3413.3 2671.9 -8.4 11 0 7.2 9.4 10.0 2.5 2 1 4 2 2
-3305.2 2675.5 -6.1 7 0 8.1 13.6 2.5 2.5 2 1 1 3 3
-3225.2 3010.4 -7.1 88 0 8.4 28.8 7.5 2.5 2 1 3 5 5
-3453.7 3155.4 -10.9 29 0 13.3 8.9 10.0 2.5 2 0 4 1 1
-3042.3 3433.6 -12.3 271 0 8.5 12.2 7.5 2.5 2 1 3 0 0
-3431.1 4670.7 -10.8 185 0 10.5 6.3 7.5 2.5 2 0 3 5 5
-3338.9 4445.6 -14.8 272 0 6.5 9.7 10.0 2.5 2 1 4 2 2
-3320.7 4552.6 -13.4 270 0 8.0 7.5 7.5 2.5 2 0 3 3 3
-3154.8 4923.7 -9.7 178 0 10.0 39.5 10.0 2.5 2 1 4 3 3
-3175.2 4667.5 -14.3 0 0 7.2 11.0 7.5 2.5 2 1 3 1 1
-3103.0 4545.3 -14.8 176 0 6.8 6.3 7.5 2.5 2 0 3 4 4
-3108.3 4901.2 -10.3 360 0 31.2 9.6 7.5 2.5 2 0 3 3 3
-3211.2 4641.3 -14.9 0 0 8.7 9.4 7.5 2.5 2 1 3 4 4
-3205.1 4299.5 -16.2 94 0 6.9 10.6 10.0 2.5 2 1 4 1 1
-3365.8 4576.6 -12.3 90 0 7.6 8.9 7.5 2.5 2 1 3 2 2
-3267.8 4530.4 -14.4 180 0 8.2 13.4 5.0 2.5 2 1 2 2 2
-3229.3 4505.6 -14.2 87 0 7.1 9.0 5.0 2.5 4 1 2 0 0
-3233.7 4638.9 -15.0 180 0 7.2 7.8 5.0 2.5 2 1 2 0 0
-3314.2 4588.7 -13.5 91 0 8.3 6.7 2.5 2.5 2 0 1 3 3
-3449.0 4713.1 -10.7 359 0 7.0 11.1 7.5 2.5 2 1 3 2 2
-3324.9 4664.2 -13.0 0 0 7.4 9.8 7.5 2.5 2 1 3 1 1
-3231.4 4925.9 -8.7 89 0 8.9 7.7 10.0 2.5 2 0 4 3 3
-3351.0 5001.3 -8.6 269 0 7.8 11.1 5.0 2.5 2 1 2 5 5
-3331.7 4758.8 -13.2 359 0 11.4 7.6 10.0 0.0 0 0 4 4 4
-3269.8 4841.3 -11.4 87 0 7.8 10.4 5.0 2.5 2 1 2 0 0
-3324.7 5033.5 -10.2 358 0 8.0 9.4 2.5 2.5 2 1 1 5 5
-3412.1 4923.0 -12.1 271 0 6.8 9.7 2.5 2.5 2 1 1 1 1
-3208.2 4971.5 -9.1 2 0 7.4 9.9 5.0 0.0 0 1 2 4 4
-3340.2 4483.7 -13.5 88 0 7.3 9.1 7.5 2.5 2 1 3 1 1
-3471.9 4670.9 -10.7 349 0 9.9 7.7 7.5 2.5 2 0 3 3 3
-3376.8 4396.6 -14.9 90 0 8.1 7.7 7.5 2.5 2 0 3 3 3
-3462.5 4850.6 -12.8 1 0 6.2 9.4 5.0 2.5 2 1 2 1 1
-3350.1 4668.9 -12.3 359 0 9.5 7.6 7.5 2.5 2 0 3 3 3
-3315.6 4764.4 -13.7 356 0 10.9 8.2 5.0 2.5 2 0 2 0 0
-3350.2 4830.5 -13.2 268 0 6.5 12.8 2.5 2.5 2 1 1 1 1
-3552.4 4688.0 -10.8 180 0 8.3 7.3 7.5 2.5 2 0 3 4 4
-3559.0 4738.3 -10.8 182 0 6.9 9.5 5.0 0.0 0 1 2 4 4
-3294.4 4906.0 -9.7 170 0 11.8 7.1 7.5 2.5 2 0 3 3 3
-3351.7 5023.0 -9.7 89 0 8.7 12.6 2.5 2.5 2 1 1 5 5
-3539.5 4773.7 -10.7 269 0 6.8 9.6 5.0 2.5 2 1 2 3 3
-3457.1 4789.6 -10.7 16 0 14.3 7.1 7.5 2.5 2 0 3 3 3
-3553.5 4770.5 -10.8 268 0 6.8 8.7 7.5 2.5 2 1 3 0 0
-3414.4 4825.2 -11.4 269 0 7.8 10.1 2.5 2.5 2 1 1 2 2
-3354.3 2745.8 -8.3 283 0 8.2 10.2 7.5 2.5 2 1 3 1 1
-3421.9 2861.9 -5.8 181 0 8.7 11.9 5.0 0.0 0 1 2 2 2
-2989.0 2936.5 -9.8 176 0 7.0 11.1 2.5 2.5 4 1 1 1 1
-3390.0 2763.5 -7.3 104 0 6.5 9.5 5.0 2.5 2 1 2 4 4
-4315.6 2368.7 -7.7 77 0 7.8 7.0 7.5 2.5 2 0 3 0 0
-3796.8 2532.7 -7.6 269 0 11.0 7.5 7.5 2.5 4 0 3 3 3
-3295.8 5151.8 -15.0 181 0 7.0 12.9 10.0 2.5 2 1 4 2 2
-3763.5 2543.2 -7.8 265 0 8.4 7.0 5.0 2.5 2 0 2 2 2
-3384.5 5100.2 -11.4 271 0 8.7 10.7 7.5 2.5 2 1 3 0 0
-3388.7 4489.6 -13.0 89 0 8.2 6.1 7.5 2.5 2 0 3 5 5
-3327.8 3147.2 -6.4 87 0 14.4 12.0 7.5 2.5 2 0 3 5 5
-3339.5 5153.6 -14.5 359 0 6.4 6.4 5.0 2.5 2 0 2 3 3
-3357.3 5095.0 -11.8 269 0 6.8 7.5 7.5 2.5 2 1 3 0 0
-3318.0 4381.4 -16.9 288 0 9.7 7.4 7.5 2.5 2 0 3 0 0
-3478.2 2649.1 -8.1 276 0 8.4 7.2 7.5 2.5 4 0 3 0 0
-3417.6 4468.1 -13.0 272 0 7.0 11.9 5.0 2.5 2 1 2 4 4
-3242.9 4379.5 -15.7 270 0 8.3 7.7 7.5 2.5 4 0 3 5 5
-3410.2 3121.7 -9.7 265 0 7.8 9.5 5.0 2.5 4 1 2 3 3
-4331.8 2399.3 -7.7 160 0 7.6 10.2 2.5 2.5 4 1 1 2 2
-3165.4 4491.4 -14.6 358 0 6.2 11.4 5.0 2.5 2 1 2 5 5
-3677.1 2766.6 -8.5 69 0 6.0 8.8 10.0 2.5 2 1 4 1 1
-3444.7 3345.3 -10.9 202 0 15.9 25.9 10.0 2.5 2 1 4 2 2
-3375.1 4736.4 -12.1 178 0 10.1 8.9 7.5 2.5 4 0 3 4 4
-3296.5 4753.1 -13.9 8 0 6.5 11.1 5.0 2.5 2 1 2 5 5
-3376.6 4846.1 -12.9 91 0 10.0 10.3 5.0 2.5 4 1 2 2 2
-3747.4 2742.3 -8.8 341 0 6.8 10.8 5.0 2.5 2 1 2 3 3
-3267.8 4912.4 -9.4 265 0 8.1 7.1 7.5 2.5 2 0 3 2 2
-3412.0 4761.9 -10.2 180 0 8.9 7.5 5.0 2.5 2 0 2 0 0
-3475.7 3102.4 -9.4 1 0 7.0 6.3 7.5 2.5 2 0 3 2 2
-3336.4 3269.7 -6.3 266 0 7.1 7.3 7.5 2.5 2 1 3 0 0
-3343.8 3501.3 -10.7 170 0 9.2 6.8 7.5 2.5 4 0 3 0 0
-3490.8 4378.6 -13.7 267 0 8.3 6.2 5.0 2.5 4 0 2 1 1
-3159.8 3305.5 -8.2 86 0 8.0 8.7 5.0 2.5 2 1 2 5 5
-3195.5 3281.3 -7.4 268 0 7.0 7.8 2.5 2.5 2 1 1 4 4
-3387.6 4762.9 -11.3 179 0 8.3 8.2 7.5 2.5 2 0 3 4 4
-3641.2 2750.4 -6.8 256 0 9.7 7.0 7.5 2.5 2 0 3 0 0
-3492.8 3054.9 -7.7 183 0 6.7 7.2 7.5 2.5 2 1 3 1 1
-3190.8 4485.6 -14.5 87 0 6.3 6.8 5.0 2.5 2 1 2 3 3
-3170.0 4508.0 -14.4 359 0 7.3 9.1 5.0 0.0 0 1 2 1 1
-3652.2 2705.3 -6.1 172 0 6.7 7.5 10.0 0.0 0 1 4 0 0
-4162.0 2401.4 -8.4 261 0 7.7 6.8 7.5 2.5 2 0 3 2 2
-3914.8 2523.8 -8.3 57 0 8.6 6.1 5.0 2.5 2 0 2 1 1
-3883.8 2602.5 -6.1 177 0 6.8 9.5 2.5 2.5 2 1 1 3 3
-3674.1 2536.5 -8.7 77 0 8.5 9.6 10.0 0.0 0 1 4 3 3
-3491.5 2646.9 -8.0 271 0 8.0 8.4 5.0 2.5 4 1 2 1 1
-3849.5 2677.8 -6.3 268 0 8.7 7.2 5.0 2.5 2 0 2 3 3
-3438.9 2694.0 -7.8 178 0 6.9 8.3 5.0 2.5 2 1 2 1 1
-3506.4 2802.5 -5.8 271 0 11.1 6.2 7.5 2.5 2 0 3 4 4
-3782.4 2696.7 -7.8 256 0 8.0 10.4 7.5 2.5 4 1 3 0 0
-4241.5 2558.8 -9.9 85 0 10.1 6.3 2.5 2.5 4 0 1 2 2
-4178.4 2561.4 -8.0 255 0 7.4 7.9 5.0 2.5 2 1 2 5 5
-4150.4 2560.0 -7.2 348 0 7.2 7.0 5.0 2.5 2 0 2 2 2
-4176.9 2583.8 -8.2 76 0 7.7 7.0 10.0 2.5 2 0 4 5 5
-4116.9 2603.8 -7.8 77 0 9.5 7.6 7.5 2.5 2 0 3 2 2
-3455.1 2687.9 -7.6 354 0 6.9 8.9 10.0 2.5 2 1 4 3 3
-3630.0 2645.1 -5.5 160 0 7.4 8.5 7.5 0.0 0 1 3 0 0
-3487.5 2671.2 -7.4 67 0 6.1 9.1 5.0 0.0 0 1 2 4 4
-4044.5 2612.7 -8.1 253 0 9.7 7.1 5.0 0.0 0 0 2 4 4
-4057.6 2624.6 -8.4 73 0 8.1 9.4 7.5 2.5 2 1 3 1 1
-3950.3 2648.7 -7.6 259 0 7.4 9.3 2.5 2.5 2 1 1 4 4
-3826.8 2710.8 -6.8 75 0 7.0 6.3 7.5 0.0 0 0 3 2 2
-4267.8 2520.6 -9.3 259 0 9.1 6.4 5.0 2.5 2 0 2 1 1
-4010.6 2626.4 -8.5 257 0 9.8 7.0 7.5 2.5 2 0 3 0 0
-3474.2 2837.4 -5.8 77 0 9.3 7.4 5.0 0.0 0 0 2 4 4
-3139.7 2870.7 -9.7 267 0 9.4 7.2 5.0 2.5 2 0 2 3 3
-3199.9 2726.4 -7.8 277 0 10.8 14.8 7.5 2.5 2 1 3 4 4
-3091.4 3460.0 -11.7 85 0 9.4 7.1 5.0 2.5 2 0 2 0 0
-3089.9 3431.0 -11.5 268 0 6.9 9.4 7.5 0.0 0 1 3 3 3
-3878.0 2529.9 -7.7 337 0 8.0 9.1 5.0 2.5 2 1 2 3 3
-3485.4 2735.2 -6.3 3 0 7.8 7.1 5.0 2.5 2 0 2 3 3
-3461.5 3006.1 -7.1 356 0 7.6 10.5 7.5 2.5 2 1 3 2 2
-3853.1 2515.9 -7.5 255 0 8.7 6.0 7.5 2.5 4 0 3 5 5
-4623.0 6824.2 2.4 280 0 18.5 8.0 2.5 2.5 2 0 1 5 5
-4679.9 6850.0 -0.7 178 0 7.5 11.8 2.5 2.5 2 1 1 4 4
-3301.2 5094.2 -12.9 271 0 8.1 9.0 5.0 2.5 2 1 2 5 5
-3951.4 2476.7 -8.6 268 0 8.5 6.6 2.5 0.0 0 0 1 5 5
-3785.7 2559.7 -7.1 83 0 7.3 9.0 5.0 0.0 0 1 2 0 0
-3765.0 2553.5 -7.6 254 0 7.6 6.1 10.0 2.5 2 0 4 4 4
-3550.4 2808.1 -5.8 87 0 7.1 7.0 2.5 2.5 2 0 1 1 1
-3932.9 2502.7 -8.4 62 0 6.2 7.5 7.5 2.5 2 1 3 1 1
-3912.3 2609.6 -6.9 293 0 7.0 15.2 5.0 2.5 2 1 2 4 4
-3864.8 2540.3 -6.7 172 0 6.1 6.2 5.0 2.5 2 1 2 4 4
-3712.2 2568.6 -7.9 248 0 6.5 7.2 10.0 0.0 0 1 4 2 2
-3838.1 2514.3 -7.3 265 0 10.7 7.4 5.0 2.5 2 0 2 4 4
-3653.0 2646.0 -5.9 167 0 6.4 11.7 5.0 2.5 2 1 2 4 4
-3360.4 2982.1 -6.9 92 0 18.0 15.4 7.5 0.0 0 0 3 3 3
-3379.5 2984.9 -7.0 80 0 6.8 7.3 10.0 2.5 2 1 4 2 2
-3463.9 3022.6 -7.5 357 0 8.7 7.5 7.5 2.5 2 0 3 2 2
-3420.5 3292.8 -10.5 30 0 6.4 10.9 5.0 2.5 4 1 2 2 2
-3394.4 3244.6 -9.7 204 0 7.1 6.9 7.5 2.5 2 0 3 0 0
-3348.3 3118.7 -7.5 276 0 11.1 7.3 7.5 2.5 2 0 3 5 5
-3589.6 2772.6 -6.0 261 0 7.6 7.6 5.0 2.5 2 1 2 1 1
-3300.9 3113.2 -6.1 264 0 6.9 11.9 5.0 2.5 2 1 2 2 2
-3422.7 2933.3 -6.5 177 0 7.1 7.5 10.0 2.5 2 1 4 4 4
-3402.9 2869.3 -5.9 188 0 17.6 12.2 7.5 2.5 2 0 3 5 5
-3469.2 3077.5 -8.6 0 0 6.7 8.2 5.0 2.5 2 1 2 3 3
-3450.2 2961.8 -6.2 270 0 6.7 9.5 7.5 0.0 0 1 3 1 1
-3556.9 2790.4 -5.8 254 0 7.1 7.4 10.0 2.5 2 1 4 3 3
-3458.9 3118.6 -9.7 2 0 6.8 9.8 5.0 2.5 2 1 2 0 0
-3352.4 2968.1 -6.3 270 0 8.2 7.9 2.5 2.5 2 0 1 3 3
-3177.2 3376.3 -7.9 2 0 7.0 11.4 5.0 2.5 2 1 2 2 2
-3353.5 3431.6 -9.7 18 0 7.3 8.1 5.0 2.5 2 1 2 1 1
-3258.0 3283.0 -6.1 264 0 7.5 10.4 5.0 2.5 2 1 2 0 0
-3078.4 3282.4 -9.9 85 0 7.0 9.9 7.5 2.5 2 1 3 5 5
-3238.5 3531.2 -12.4 189 0 6.8 10.2 10.0 2.5 2 1 4 3 3
-3352.3 3511.5 -11.1 154 0 6.5 9.6 7.5 2.5 2 1 3 4 4
-3402.6 3326.5 -10.3 30 0 6.8 8.6 7.5 2.5 2 1 3 4 4
-3366.6 3432.7 -10.2 25 0 7.1 10.8 2.5 2.5 2 1 1 0 0
-3235.0 3457.5 -10.2 104 0 8.9 7.2 10.0 2.5 2 0 4 0 0
-2991.1 3067.4 -11.1 355 0 19.9 7.4 2.5 2.5 2 0 1 3 3
-3246.2 3139.4 -6.7 77 0 8.0 10.9 5.0 2.5 2 1 2 2 2
-3145.0 3463.9 -11.3 358 0 10.1 10.3 7.5 2.5 2 1 3 5 5
-3222.6 3614.6 -13.7 253 0 8.3 7.9 5.0 2.5 2 0 2 0 0
-3153.4 3629.0 -15.1 70 0 7.8 10.1 2.5 2.5 2 1 1 1 1
-3034.8 3332.8 -11.2 81 0 11.6 7.4 5.0 2.5 2 0 2 2 2
-3302.5 3452.7 -9.2 89 0 10.4 7.3 7.5 2.5 2 0 3 1 1
-3316.8 3433.1 -8.7 270 0 8.3 7.6 5.0 2.5 2 0 2 4 4
-3240.5 3280.2 -6.6 265 0 13.0 8.7 10.0 2.5 2 0 4 4 4
-3014.7 3607.2 -13.9 353 0 12.1 17.4 5.0 2.5 2 1 2 4 4
-3185.3 3298.6 -7.7 86 0 6.5 11.2 7.5 2.5 2 1 3 0 0
-3230.5 3608.7 -13.5 260 0 9.4 6.5 7.5 2.5 2 0 3 4 4
-3208.3 3451.3 -10.7 86 0 8.1 8.1 7.5 2.5 2 1 3 3 3
-2990.8 3199.4 -11.6 266 0 7.2 17.6 7.5 2.5 4 1 3 1 1
-3147.8 3440.1 -10.4 276 0 8.7 8.6 10.0 2.5 2 0 4 4 4
-3005.8 3213.9 -11.5 90 0 10.0 19.3 10.0 0.0 0 1 4 3 3
-2985.9 2756.7 -12.2 266 0 8.8 10.2 7.5 0.0 0 1 3 3 3
-2994.6 2952.3 -10.1 87 0 34.8 9.1 10.0 2.5 4 0 4 5 5
-2985.4 2989.9 -10.8 267 0 14.2 8.4 7.5 2.5 2 0 3 5 5
-2963.3 2647.3 -12.7 357 0 12.7 16.6 2.5 2.5 2 1 1 2 2
-3006.8 2928.0 -9.8 267 0 7.1 8.7 10.0 2.5 2 1 4 4 4
-3301.7 2697.9 -6.9 19 0 6.0 9.4 5.0 2.5 2 1 2 1 1
-3283.5 2569.5 -6.8 29 0 8.0 8.4 7.5 2.5 2 1 3 5 5
-3337.5 2529.1 -7.6 351 0 9.0 7.9 10.0 2.5 4 0 4 1 1
-2996.0 2978.7 -10.6 267 0 30.3 7.9 7.5 2.5 2 0 3 1 1
-2990.2 2942.6 -9.9 86 0 20.6 8.7 7.5 2.5 4 0 3 3 3
-3251.2 2833.5 -9.2 95 0 6.4 9.8 5.0 0.0 0 1 2 2 2
-3291.9 2653.9 -5.9 205 0 6.5 11.1 2.5 2.5 2 1 1 3 3
-3492.8 2990.6 -6.9 93 0 15.1 18.0 10.0 2.5 2 1 4 3 3
-2983.6 2969.7 -10.2 267 0 9.8 6.5 10.0 2.5 2 0 4 0 0
-3301.2 2685.1 -6.5 13 0 7.5 8.4 10.0 2.5 2 1 4 2 2
-2976.7 2887.9 -10.0 357 0 8.8 9.3 2.5 2.5 2 1 1 0 0
-3765.2 2782.8 -8.3 343 0 9.1 15.1 10.0 0.0 0 1 4 1 1
-3294.1 2639.9 -5.9 203 0 9.9 10.0 5.0 2.5 2 1 2 5 5
-2993.8 3011.2 -11.0 91 0 6.1 15.9 7.5 2.5 2 1 3 0 0
-3190.6 2797.2 -9.0 199 0 8.4 7.0 5.0 2.5 2 0 2 4 4
-3232.7 2973.9 -7.7 273 0 8.3 15.1 5.0 2.5 2 1 2 0 0
-3152.9 5042.5 -12.8 109 0 9.3 11.5 7.5 2.5 2 1 3 4 4
-3133.6 4427.5 -16.1 172 0 12.5 6.2 2.5 2.5 4 0 1 0 0
-3423.2 2646.6 -8.7 20 0 6.3 11.4 7.5 2.5 2 1 3 2 2
-3074.6 3488.9 -11.8 352 0 8.8 14.3 5.0 2.5 2 1 2 1 1
-3135.2 4590.9 -15.1 178 0 7.8 7.5 5.0 2.5 2 0 2 4 4
-3050.2 4385.1 -15.6 0 0 6.2 9.2 7.5 2.5 2 1 3 5 5
-3081.7 4515.9 -15.0 85 0 8.5 10.0 5.0 2.5 4 1 2 3 3
-4683.2 6708.9 -1.4 189 0 13.3 12.7 7.5 2.5 2 0 3 0 0
-3108.2 4467.3 -15.4 263 0 7.8 7.6 7.5 0.0 0 0 3 1 1
-3054.6 4416.0 -15.2 270 0 13.2 11.5 5.0 2.5 4 0 2 4 4
-3088.2 2928.2 -10.2 180 0 7.2 8.7 2.5 2.5 4 1 1 1 1
-4697.2 6716.4 -2.1 183 0 9.3 7.5 7.5 2.5 2 0 3 3 3
-4312.5 6614.4 8.4 6 0 12.9 13.2 7.5 2.5 2 1 3 1 1
-3052.2 4305.6 -17.1 90 0 7.5 13.3 2.5 2.5 2 1 1 2 2
-3727.6 2721.5 -8.2 262 0 11.3 8.2 10.0 2.5 2 0 4 2 2
-3105.5 5092.5 -14.1 111 0 13.9 7.0 7.5 2.5 2 0 3 1 1
-4629.4 6689.9 1.4 31 0 6.7 7.9 7.5 2.5 2 1 3 0 0
-3131.3 4483.9 -14.8 86 0 8.1 6.6 5.0 2.5 4 0 2 2 2
-4338.9 6570.9 10.9 21 0 9.7 7.5 7.5 2.5 2 0 3 0 0
-3074.9 4710.3 -15.1 356 0 9.3 10.3 7.5 2.5 4 1 3 5 5
-3259.6 5090.3 -13.6 270 0 7.4 9.4 7.5 2.5 2 1 3 1 1
-3237.2 5111.8 -14.6 108 0 6.2 11.5 2.5 2.5 4 1 1 1 1
-3274.5 5003.2 -10.1 273 0 7.1 10.9 7.5 2.5 2 1 3 0 0
-3247.6 5004.5 -10.3 272 0 9.3 8.1 7.5 2.5 2 0 3 4 4
-3260.7 4999.5 -10.1 265 0 9.1 6.9 7.5 2.5 2 0 3 0 0
-3246.6 4753.4 -13.9 176 0 9.8 6.2 10.0 2.5 2 0 4 5 5
-3390.0 4832.9 -12.7 271 0 10.6 6.5 5.0 2.5 4 0 2 5 5
-3474.3 4961.9 -13.3 354 0 9.4 6.1 7.5 2.5 2 0 3 2 2
-3269.4 4298.3 -17.3 180 0 9.5 8.5 2.5 2.5 2 0 1 3 3
-3186.2 4795.5 -13.6 357 0 6.2 9.0 10.0 2.5 2 1 4 3 3
-3352.0 4574.3 -12.5 90 0 7.3 9.6 7.5 2.5 2 1 3 1 1
-3336.0 4829.2 -12.8 270 0 11.7 7.3 7.5 2.5 2 0 3 0 0
-3288.3 5021.5 -10.8 90 0 7.1 6.7 5.0 0.0 0 0 2 2 2
-3360.9 5112.1 -12.8 86 0 8.2 11.6 2.5 2.5 2 1 1 2 2
-3372.1 4642.0 -12.0 180 0 6.1 9.4 7.5 2.5 2 1 3 0 0
-3340.1 4724.0 -12.9 357 0 6.8 6.4 7.5 2.5 2 0 3 0 0
-3244.1 4927.0 -8.6 85 0 7.7 12.6 7.5 2.5 2 1 3 0 0
-3227.3 4913.2 -9.1 276 0 6.6 7.7 5.0 2.5 2 1 2 5 5
-3447.2 4667.9 -10.7 0 0 6.0 9.0 10.0 2.5 2 1 4 5 5
-3267.9 4824.1 -12.2 273 0 7.1 8.1 7.5 2.5 2 1 3 3 3
-3281.7 4931.1 -8.6 92 0 11.0 7.1 7.5 2.5 2 0 3 5 5
-3355.6 4760.9 -12.3 0 0 6.2 7.0 7.5 2.5 2 1 3 4 4
-3422.0 4643.3 -11.1 184 0 9.6 7.3 7.5 2.5 2 0 3 5 5
-3284.2 4575.5 -14.1 359 0 6.9 10.2 5.0 2.5 2 1 2 2 2
-3242.8 4824.9 -12.1 268 0 8.3 8.8 7.5 2.5 2 1 3 0 0
-3503.2 5121.2 -13.3 94 0 6.2 7.1 5.0 2.5 2 1 2 4 4
-3454.2 5086.2 -11.2 264 0 8.7 6.2 5.0 2.5 2 0 2 1 1
-3446.4 4375.0 -13.3 4 0 6.9 6.4 5.0 2.5 2 0 2 1 1
-3178.0 4726.2 -13.8 351 0 6.2 6.3 7.5 2.5 4 1 3 2 2
-3361.3 4829.0 -13.3 270 0 6.2 11.5 5.0 2.5 2 1 2 2 2
-3216.0 4556.3 -15.0 267 0 8.3 7.2 5.0 2.5 4 0 2 1 1
-3238.5 4892.4 -9.8 266 0 6.1 6.7 7.5 2.5 2 1 3 4 4
-3374.1 5187.1 -15.0 274 0 8.1 6.8 7.5 2.5 2 0 3 5 5
-3324.5 4733.2 -13.4 8 0 9.0 6.5 7.5 2.5 2 0 3 0 0
-3253.1 4912.0 -9.4 262 0 10.9 9.8 7.5 2.5 2 0 3 0 0
-3206.4 4623.2 -15.1 356 0 7.7 6.0 5.0 0.0 0 0 2 4 4
-3454.7 4923.2 -13.3 180 0 7.4 9.5 5.0 2.5 2 1 2 3 3
-3434.6 5100.5 -11.0 268 0 7.5 6.4 7.5 2.5 2 0 3 5 5
-3397.6 4734.9 -11.1 180 0 7.4 7.9 2.5 2.5 2 1 1 4 4
-3286.1 4449.7 -14.4 359 0 6.2 6.0 5.0 2.5 2 0 2 2 2
-3467.7 4915.9 -13.7 0 0 8.0 7.9 7.5 2.5 2 0 3 0 0
-3285.1 5088.4 -13.0 281 0 6.1 9.1 7.5 2.5 2 1 3 5 5
-3494.6 4542.4 -11.9 274 0 7.5 10.3 10.0 2.5 2 1 4 1 1
-3416.6 4558.0 -12.1 274 0 9.3 9.6 2.5 2.5 2 1 1 1 1
-3327.9 4573.0 -13.1 90 0 6.6 10.7 5.0 2.5 2 1 2 2 2
-3316.0 4483.6 -13.9 87 0 11.4 9.3 7.5 2.5 4 0 3 4 4
-3258.1 4841.9 -11.3 89 0 7.7 9.4 2.5 2.5 2 1 1 3 3
-3199.0 4822.2 -12.5 273 0 9.0 10.6 2.5 2.5 2 1 1 0 0
-3302.9 4852.3 -11.5 355 0 7.6 15.5 10.0 2.5 2 1 4 4 4
-3297.9 4603.7 -13.7 357 0 9.5 7.7 7.5 2.5 2 0 3 5 5
-3463.0 4484.7 -12.6 94 0 8.9 11.3 7.5 2.5 2 1 3 5 5
-3431.5 4579.1 -11.7 184 0 6.9 6.6 10.0 2.5 2 0 4 4 4
-3268.9 4929.8 -8.6 95 0 8.1 13.5 10.0 2.5 2 1 4 3 3
-3229.3 4836.6 -11.3 90 0 7.1 7.1 5.0 2.5 2 1 2 1 1
-3363.5 4920.9 -10.6 272 0 10.2 10.0 10.0 2.5 4 0 4 5 5
-3379.8 5072.5 -10.5 263 0 8.0 7.2 2.5 2.5 2 0 1 3 3
-3390.2 4848.0 -13.0 88 0 6.4 12.1 5.0 2.5 2 1 2 2 2
-1118.1 -6874.2 -1.8 70 0 12.6 7.0 14.0 3.5 2 0 4 4 4
-1123.2 -6839.2 -1.7 337 0 9.9 13.7 14.0 3.5 2 1 4 3 3
-1166.5 -6814.5 -1.6 158 0 7.1 12.0 14.0 3.5 2 1 4 1 1
-1263.8 -6823.6 -0.5 168 0 9.3 11.9 14.0 0.0 0 1 4 1 1
-1232.1 -6770.7 -2.2 250 0 6.1 11.7 14.0 3.5 2 1 4 1 1
-1193.3 -6654.4 -5.1 341 0 8.2 19.7 14.0 3.5 2 1 4 2 2
-1193.7 -6668.6 -4.8 340 0 10.5 17.0 14.0 3.5 4 1 4 0 0
-1232.2 -6612.9 -6.5 164 0 9.2 10.3 14.0 0.0 0 1 4 3 3
-1157.5 -6538.3 -5.1 154 0 23.7 14.7 7.5 2.5 2 0 3 2 2
-1072.1 -6658.8 -4.7 258 0 9.7 11.1 5.0 2.5 2 1 2 1 1
-1037.3 -6637.7 -5.7 254 0 11.1 14.8 5.0 2.5 2 1 2 1 1
-1139.0 -6688.7 -3.6 334 0 8.5 14.5 14.0 0.0 0 1 4 2 2
-1103.1 -6758.0 -2.6 337 0 14.0 8.0 14.0 3.5 4 0 4 0 0
-1095.7 -6777.5 -2.4 336 0 15.7 7.9 14.0 0.0 0 0 4 2 2
1410.7 5068.6 -10.0 181 0 7.1 9.1 7.5 0.0 0 1 3 5 5
1412.8 4999.0 -10.9 0 0 9.0 7.9 5.0 2.5 2 0 2 5 5
1423.3 5034.0 -10.7 2 0 13.9 11.0 10.0 2.5 2 0 4 5 5
1129.1 5060.1 -12.9 195 0 6.4 6.4 5.0 2.5 4 1 2 1 1
1173.1 4968.5 -9.5 183 0 8.0 7.7 7.5 2.5 2 0 3 1 1
1187.5 4981.4 -9.0 268 0 6.7 6.9 5.0 2.5 2 1 2 3 3
1162.7 5011.5 -10.8 67 0 8.6 8.7 5.0 2.5 2 1 2 0 0
1170.9 5022.7 -10.8 84 0 6.1 6.1 7.5 2.5 4 1 3 0 0
1173.1 5051.6 -11.4 258 0 7.7 8.1 5.0 2.5 2 1 2 4 4
1212.0 5004.3 -9.2 89 0 6.5 7.1 2.5 2.5 2 1 1 4 4
1278.4 4915.4 -10.5 98 0 7.7 8.1 7.5 2.5 4 1 3 0 0
1252.1 4993.6 -8.1 266 0 7.0 6.4 7.5 2.5 2 0 3 0 0
1288.0 5018.3 -8.2 77 0 7.8 8.1 10.0 2.5 2 1 4 1 1
1320.9 5015.6 -8.9 85 0 8.5 8.1 7.5 2.5 2 0 3 2 2
1401.0 5163.7 -8.7 179 0 8.3 9.0 7.5 2.5 2 1 3 3 3
1620.6 6567.7 -10.7 1 0 11.5 8.8 7.5 2.5 2 0 3 4 4
1636.6 6541.2 -10.1 189 0 8.1 8.1 7.5 2.5 2 1 3 3 3
1622.5 6544.4 -10.4 358 0 7.0 7.2 7.5 2.5 2 1 3 0 0
1608.9 6538.5 -10.5 359 0 7.5 9.0 10.0 0.0 0 1 4 5 5
1629.1 6501.2 -9.8 180 0 9.0 8.7 7.5 2.5 2 0 3 3 3
1596.7 6418.7 -9.4 3 0 8.7 8.4 7.5 2.5 2 0 3 1 1
1604.5 6376.5 -8.1 1 0 8.0 7.6 7.5 2.5 2 0 3 0 0
1627.3 6382.5 -7.6 180 0 6.2 6.8 2.5 2.5 2 1 1 3 3
1593.2 6307.2 -7.4 2 0 6.6 8.1 7.5 2.5 2 1 3 0 0
1622.3 6275.2 -7.8 184 0 8.3 8.1 5.0 2.5 2 0 2 1 1
1620.2 6293.7 -7.5 184 0 8.0 7.2 7.5 2.5 4 0 3 4 4
1616.7 6229.3 -7.8 179 0 6.1 6.0 7.5 2.5 4 0 3 3 3
1607.3 6208.7 -7.7 187 0 14.1 8.6 7.5 2.5 4 0 3 3 3
1566.0 6212.4 -5.8 185 0 8.4 9.1 5.0 2.5 4 1 2 5 5
1600.6 6170.2 -7.7 191 0 8.2 8.5 5.0 2.5 4 1 2 5 5
1591.4 6142.8 -7.4 203 0 7.2 9.1 5.0 2.5 2 1 2 1 1
1572.4 6136.6 -5.9 2 0 9.9 8.4 7.0 0.0 0 0 2 0 0
1950.1 -1826.2 0.2 184 0 8.3 8.8 10.0 2.5 2 1 4 1 1
1964.2 -1904.9 2.9 273 0 7.2 8.4 7.5 2.5 2 1 3 0 0
1953.2 -1711.8 -2.0 179 0 8.3 8.7 7.5 0.0 0 1 3 0 0
2112.6 -1551.5 4.0 93 0 8.5 9.3 5.0 2.5 4 1 2 4 4
1853.5 -2286.4 2.3 34 0 6.8 8.0 2.5 0.0 0 1 1 2 2
2129.8 -2636.3 -2.8 287 0 7.3 9.1 7.5 2.5 2 1 3 1 1
1907.2 -2498.8 -0.7 10 0 6.9 6.7 7.5 2.5 4 0 3 3 3
1939.3 -2478.7 0.6 200 0 7.8 8.7 5.0 2.5 2 1 2 3 3
1966.2 -2446.7 1.9 192 0 8.8 6.9 2.5 2.5 2 0 1 5 5
2308.2 -2257.1 8.5 267 0 7.2 6.2 10.0 2.5 2 0 4 1 1
-1409.1 -4972.3 -0.5 317 0 6.3 6.8 7.5 2.5 2 1 3 0 0
-1358.0 -5043.1 -1.5 271 0 6.4 7.8 10.0 2.5 2 1 4 4 4
-1339.0 -5113.6 -2.1 71 0 8.8 7.3 5.0 0.0 0 0 2 2 2
-637.9 -4621.1 -2.5 53 0 7.9 6.7 7.5 2.5 2 0 3 1 1
-1645.7 -3841.4 -1.1 46 0 9.3 7.3 7.5 2.5 2 0 3 3 3
-1636.3 -3881.7 -1.4 310 0 7.5 11.3 5.0 2.5 2 1 2 4 4
1984.5 -2160.3 6.3 168 0 6.5 8.4 7.5 2.5 4 1 3 4 4
1304.8 -5582.1 -4.2 355 0 8.3 9.2 7.5 2.5 2 1 3 0 0
-1670.7 -1797.4 -6.8 5 0 6.2 6.4 7.5 2.5 2 1 3 0 0
-2241.4 -1850.6 -1.1 245 0 6.6 7.6 7.5 2.5 2 1 3 2 2
-2128.3 -2083.5 -6.0 6 0 9.8 6.4 7.5 2.5 2 0 3 3 3
-2474.7 -3376.4 -4.1 149 0 6.9 9.8 5.0 2.5 2 1 2 3 3
-1885.1 -3923.5 0.4 215 0 7.0 10.4 7.5 0.0 0 1 3 4 4
-1836.5 -3825.3 -2.9 234 0 6.1 9.2 10.0 2.5 2 1 4 2 2
-1090.6 -3601.9 -2.1 57 0 6.3 7.2 7.5 0.0 0 1 3 0 0
-3055.4 4963.3 -11.3 88 0 12.2 6.4 7.5 2.5 2 0 3 0 0
4066.5 -3082.0 12.3 327 0 6.8 10.6 10.0 2.5 2 1 4 0 0
4059.4 -3112.3 13.4 331 0 7.4 10.7 7.5 2.5 2 1 3 3 3
3820.5 -3249.9 5.6 250 0 14.3 11.8 5.0 2.5 2 0 2 1 1
3837.7 -3239.1 7.0 160 0 11.9 46.8 12.5 2.5 2 1 5 1 1
3888.8 -3213.4 9.5 71 0 11.3 37.4 5.0 2.5 2 1 2 2 2
3852.9 -3135.8 8.8 249 0 8.9 11.2 7.5 2.5 2 1 3 4 4
3996.5 -3039.0 9.8 61 0 10.2 10.5 7.5 0.0 0 1 3 0 0
4010.0 -3138.1 12.6 153 0 7.4 8.0 5.0 2.5 2 1 2 0 0
4016.6 -3055.5 11.1 265 0 6.5 7.7 5.0 2.5 2 1 2 3 3
4109.5 -3146.9 11.4 332 0 7.7 7.3 7.5 2.5 2 0 3 1 1
4120.5 -3191.3 10.8 66 0 7.4 6.1 7.5 2.5 2 0 3 4 4
4144.5 -3114.0 9.9 335 0 7.8 7.9 10.0 2.5 2 1 4 3 3
4126.4 -3104.8 10.3 149 0 8.1 9.0 7.5 2.5 2 1 3 0 0
4057.3 -2989.3 9.4 345 0 6.3 9.6 2.5 2.5 2 1 1 1 1
3798.3 -3585.3 4.2 95 0 6.9 7.9 5.0 2.5 4 1 2 0 0
3806.7 -3725.2 3.5 97 0 7.4 9.4 7.5 2.5 2 1 3 5 5
3878.3 -3641.8 6.6 1 0 8.9 6.9 2.5 2.5 2 0 1 3 3
3886.8 -3688.0 5.4 229 0 8.7 6.8 5.0 2.5 2 0 2 1 1
3887.4 -3587.9 6.6 1 0 7.4 8.9 7.5 2.5 2 1 3 1 1
3888.1 -3577.5 6.6 1 0 10.0 8.2 7.5 2.5 4 0 3 0 0
3894.3 -3529.4 6.7 5 0 10.0 9.2 2.5 2.5 2 0 1 0 0
3904.4 -3503.6 6.2 358 0 8.1 7.5 5.0 2.5 4 0 2 1 1
3934.3 -3574.3 4.7 183 0 7.4 6.5 2.5 2.5 2 0 1 4 4
3960.0 -3380.2 9.0 185 0 6.7 7.4 2.5 2.5 2 1 1 3 3
3976.3 -3343.2 10.0 188 0 7.5 7.0 7.5 0.0 0 0 3 4 4
3998.4 -3297.8 10.9 192 0 7.1 7.6 7.5 2.5 2 1 3 0 0
4018.4 -3301.1 10.7 23 0 9.0 6.6 5.0 2.5 2 0 2 5 5
4022.3 -3275.4 11.2 194 0 8.4 7.1 7.5 2.5 2 0 3 4 4
4083.9 -3249.4 10.2 250 0 6.0 8.3 7.5 2.5 2 1 3 3 3
4114.0 -3228.0 10.0 240 0 9.0 8.5 5.0 2.5 2 0 2 0 0
4141.8 -3216.0 9.5 227 0 10.0 7.6 10.0 2.5 2 0 4 5 5
3947.6 -3099.7 9.7 328 0 6.1 11.6 10.0 2.5 2 1 4 3 3
-2838.8 -2737.4 -5.5 351 0 6.2 7.4 7.5 2.5 2 1 3 3 3
-2917.5 -1594.4 -0.8 184 0 8.3 9.0 7.5 2.5 2 1 3 1 1
-2902.3 -1552.4 -0.6 266 0 17.0 8.4 7.5 2.5 2 0 3 1 1
-2854.0 -1556.0 -0.9 9 0 8.8 8.1 7.5 2.5 2 0 3 0 0
-1983.5 -3900.7 -1.4 288 0 10.9 9.8 7.5 2.5 2 0 3 0 0
-3613.3 -1638.9 -1.3 155 0 6.7 15.6 5.0 2.5 2 1 2 2 2
2453.3 -3890.4 -6.3 90 0 6.3 6.2 5.0 2.5 2 0 2 2 2
1793.1 -2294.3 1.1 209 0 7.4 6.9 2.5 2.5 2 0 1 5 5
-3653.2 -3103.4 -0.9 13 0 7.0 6.3 10.0 2.5 2 0 4 2 2
-1242.8 3670.0 -16.9 98 0 7.3 8.2 7.5 2.5 2 1 3 5 5
-2841.4 4785.2 -14.0 88 0 10.9 20.6 5.0 2.5 2 1 2 3 3
-2890.0 4712.0 -11.3 175 0 8.5 11.7 7.5 2.5 2 1 3 0 0
-3119.5 6667.3 -13.6 173 0 10.6 8.1 7.5 2.5 2 0 3 3 3
-3120.3 6680.5 -13.3 175 0 10.2 8.9 10.0 2.5 2 0 4 0 0
-3135.7 6230.8 -14.2 175 0 11.5 8.6 7.5 2.5 2 0 3 4 4
-3057.3 5021.0 -11.7 175 0 9.9 8.3 5.0 2.5 2 0 2 1 1
-2831.1 4811.8 -13.8 270 0 8.2 26.8 7.5 2.5 2 1 3 4 4
-2903.2 4562.8 -11.4 176 0 15.8 23.9 12.5 2.5 2 1 5 0 0
-2888.9 4579.2 -10.6 176 0 9.7 6.9 5.0 2.5 2 0 2 3 3
-2907.0 4578.5 -11.2 176 0 9.8 16.5 5.0 2.5 2 1 2 0 0
-2866.4 4565.1 -11.7 356 0 13.2 11.8 5.0 2.5 2 0 2 3 3
-2850.7 4567.2 -11.8 356 0 10.4 13.9 5.0 2.5 2 1 2 2 2
-2853.5 4579.1 -10.9 358 0 10.8 10.7 7.5 2.5 2 0 3 2 2
-2875.3 4596.9 -10.0 177 0 8.2 9.2 10.0 2.5 2 1 4 1 1
-2895.6 4642.3 -10.4 184 0 12.2 9.1 10.0 2.5 2 0 4 3 3
-2725.8 4707.8 -12.8 178 0 8.4 20.9 7.5 2.5 2 1 3 0 0
-2714.8 4726.4 -12.8 270 0 20.7 7.4 7.5 2.5 2 0 3 1 1
-2677.7 4722.0 -12.6 2 0 8.1 20.6 7.5 2.5 2 1 3 1 1
-2677.4 4707.4 -12.5 1 0 7.3 22.0 7.5 2.5 2 1 3 2 2
-2698.9 4597.3 -18.3 50 0 11.4 9.6 7.5 2.5 4 0 3 2 2
-2690.7 4634.4 -16.1 356 0 12.6 9.1 5.0 2.5 2 0 2 1 1
-2737.1 4637.4 -11.0 266 0 6.3 9.6 10.0 2.5 2 1 4 1 1
-2748.4 4560.0 -14.8 86 0 10.1 7.9 10.0 2.5 2 0 4 2 2
-2360.3 5029.8 -17.6 58 0 9.5 12.1 5.0 2.5 2 1 2 1 1
-992.3 5685.0 -20.5 0 0 6.8 6.2 7.5 2.5 2 0 3 0 0
-28.3 3631.3 -13.9 4 0 6.2 6.6 5.0 2.5 2 1 2 5 5
-2580.9 4600.3 -16.0 5 0 17.8 19.5 12.5 2.5 2 1 5 3 3
-2754.2 -807.2 -5.9 304 0 6.5 11.8 5.0 2.5 2 1 2 0 0
-2714.1 -837.1 -4.4 313 0 7.5 7.0 5.0 0.0 0 0 2 1 1
-2624.3 -900.3 -2.1 304 0 8.7 10.5 7.5 2.5 2 1 3 2 2
-2590.7 -931.5 -2.3 272 0 7.8 8.7 10.0 2.5 2 1 4 1 1
-2382.3 -1069.9 -5.3 227 0 7.7 8.3 5.0 0.0 0 1 2 1 1
-2339.3 -1114.8 -4.6 305 0 9.2 6.1 5.0 2.5 2 0 2 4 4
-2629.5 -1158.9 -2.7 188 0 10.6 7.4 7.5 2.5 2 0 3 2 2
-2463.6 -1273.5 -1.0 216 0 9.5 7.7 10.0 2.5 2 0 4 0 0
-2769.0 -947.4 -0.7 359 0 9.6 6.5 10.0 0.0 0 0 4 1 1
-2768.3 -1001.2 0.5 10 0 7.2 6.8 5.0 2.5 2 0 2 5 5
-2603.0 -1248.4 -1.4 133 0 8.5 7.4 2.5 2.5 2 0 1 5 5
-2616.0 -1444.9 0.3 240 0 7.9 7.1 7.5 2.5 2 0 3 5 5
-2756.6 -1320.1 -2.0 354 0 7.0 9.4 5.0 2.5 2 1 2 0 0
-2753.7 -1391.4 -2.8 71 0 8.6 12.5 5.0 2.5 2 1 2 4 4
-2897.2 -1369.4 -1.0 360 0 6.0 9.1 2.5 2.5 2 1 1 2 2
-2894.8 -1389.8 -1.1 359 0 6.7 14.7 7.5 2.5 2 1 3 2 2
-2915.2 -1414.0 -1.1 184 0 6.1 9.7 5.0 0.0 0 1 2 5 5
-2901.2 -1482.8 -0.9 88 0 7.1 25.5 12.5 0.0 0 1 5 3 3
-3092.1 -1334.7 -1.8 215 0 11.1 15.3 10.0 2.5 2 1 4 3 3
-3181.2 -1237.1 0.1 270 0 10.0 13.7 5.0 0.0 0 1 2 1 1
-3094.4 -1456.6 -1.0 92 0 13.2 30.9 10.0 2.5 2 1 4 3 3
-3080.4 -1394.8 -0.3 179 0 20.7 12.2 7.5 2.5 2 0 3 4 4
-3259.7 -1295.8 1.2 88 0 9.5 12.7 2.5 2.5 2 1 1 0 0
-3260.2 -1248.4 0.7 269 0 10.4 14.2 5.0 2.5 4 1 2 1 1
-3261.0 -1215.2 -0.4 266 0 9.5 14.4 7.5 2.5 2 1 3 5 5
-3223.9 -1248.1 0.7 272 0 9.7 14.5 7.5 2.5 2 1 3 1 1
-3224.8 -1295.7 1.8 92 0 9.3 13.8 5.0 2.5 2 1 2 3 3
-3173.0 -1290.8 -0.8 1 0 11.8 13.9 2.5 0.0 0 1 1 5 5
-3097.2 -1190.8 -2.4 268 0 11.1 14.6 10.0 2.5 2 1 4 5 5
-3059.8 -1197.6 -3.2 359 0 15.4 10.0 5.0 2.5 4 0 2 2 2
-3073.1 -1241.3 -2.8 88 0 10.5 19.7 5.0 0.0 0 1 2 2 2
-3253.2 -1430.6 1.4 3 0 7.6 15.4 7.5 2.5 2 1 3 0 0
-3345.1 -1305.6 0.2 43 0 6.3 8.1 7.5 2.5 2 1 3 1 1
-3370.9 -1282.9 -0.8 132 0 8.1 7.9 7.5 2.5 2 0 3 1 1
-3397.9 -1343.6 -0.3 286 0 7.6 10.3 10.0 2.5 2 1 4 3 3
-3383.4 -1347.7 0.2 287 0 7.0 9.3 7.5 2.5 2 1 3 3 3
-3032.2 3685.2 -15.0 76 0 7.3 11.3 7.5 2.5 2 1 3 0 0
-3342.6 6193.4 -8.3 180 0 6.2 6.0 5.0 2.5 2 0 2 5 5
-2869.7 -4533.4 2.9 270 0 6.2 6.4 2.5 2.5 4 1 1 3 3
-2865.6 -4495.4 2.0 67 0 8.9 12.0 5.0 2.5 2 1 2 4 4
-2902.1 -4542.8 2.0 270 0 10.4 10.0 10.0 0.0 0 0 4 2 2
-2964.8 -4563.0 0.5 247 0 7.2 8.7 7.5 2.5 2 1 3 5 5
-2605.1 -4667.0 1.4 350 0 8.2 13.6 7.5 2.5 2 1 3 4 4
-2622.5 -4633.8 2.1 339 0 10.4 9.4 2.5 2.5 2 0 1 0 0
-2620.2 -4594.3 3.0 266 0 7.2 11.4 2.5 2.5 2 1 1 5 5
-2669.6 -4631.0 1.7 84 0 7.0 12.0 10.0 2.5 4 1 4 1 1
-2869.8 -4430.0 -0.9 165 0 13.0 9.6 10.0 2.5 2 0 4 2 2
-2818.2 -4476.4 1.3 74 0 9.3 10.6 7.5 2.5 2 1 3 2 2
-2785.2 -4500.8 2.7 258 0 9.7 9.7 10.0 2.5 2 0 4 5 5
-2688.0 -4586.4 2.4 146 0 11.0 12.5 10.0 2.5 2 1 4 2 2
-2742.1 -4456.8 -0.4 92 0 8.3 8.9 7.5 2.5 2 1 3 4 4
-2687.4 -4434.7 -0.2 81 0 6.9 8.8 2.5 2.5 2 1 1 4 4
-2572.8 -4459.0 0.1 88 0 11.6 8.3 7.5 2.5 2 0 3 2 2
-2579.5 -4489.2 0.8 262 0 11.5 10.7 7.5 2.5 2 0 3 0 0
-2265.3 -1064.3 -3.5 210 0 6.3 9.9 2.5 2.5 2 1 1 3 3
-2308.7 -1147.0 -4.3 305 0 9.7 7.8 7.5 2.5 2 0 3 0 0
-2345.0 -1208.7 -4.7 43 0 10.9 14.6 5.0 0.0 0 1 2 1 1
-2402.3 -1280.5 -1.1 41 0 7.3 10.8 5.0 2.5 2 1 2 0 0
-2480.8 -1357.2 -2.4 221 0 6.6 7.2 7.5 2.5 2 1 3 0 0
-2466.6 -1385.1 -2.3 126 0 8.1 7.8 7.5 2.5 2 0 3 4 4
-2437.8 -1413.5 -1.6 117 0 6.4 6.7 7.5 2.5 2 1 3 5 5
-2599.2 -1499.2 0.6 68 0 9.3 14.7 5.0 2.5 2 1 2 0 0
-2411.8 -1450.8 -1.2 44 0 6.1 8.4 7.5 2.5 2 1 3 2 2
-3379.8 224.4 -1.4 243 0 6.7 7.0 7.5 2.5 2 1 3 4 4
-3055.8 201.6 -0.0 275 0 7.7 11.3 2.5 2.5 2 1 1 4 4
-3526.2 -186.9 -2.7 177 0 6.3 7.0 2.5 2.5 2 1 1 0 0
-3543.8 144.4 -4.3 1 0 6.1 13.1 7.5 2.5 2 1 3 1 1
-3448.9 141.2 -3.7 98 0 8.7 8.9 2.5 2.5 2 1 1 3 3
-3337.4 31.5 -6.7 3 0 6.2 11.3 2.5 2.5 2 1 1 4 4
-3293.6 138.6 -2.7 92 0 8.1 10.5 7.5 2.5 2 1 3 3 3
-3187.5 140.4 -1.6 90 0 13.2 7.8 5.0 2.5 2 0 2 5 5
-3181.4 -104.8 -5.4 307 0 7.2 7.0 2.5 0.0 0 0 1 2 2
-2907.6 161.9 -2.2 181 0 8.6 9.0 7.5 2.5 2 1 3 5 5
-2908.7 -78.2 -7.0 2 0 10.5 7.3 7.5 2.5 2 0 3 4 4
-3083.6 27.7 -5.3 187 0 9.8 16.7 5.0 2.5 4 1 2 4 4
-3488.4 -268.1 -3.9 87 0 15.8 8.1 2.5 2.5 2 0 1 3 3
-3458.1 -341.3 -3.7 249 0 7.4 7.9 5.0 0.0 0 1 2 2 2
-3604.3 -213.0 -1.0 270 0 7.0 7.0 5.0 2.5 2 0 2 3 3
-3527.0 -389.2 -1.9 154 0 6.4 8.5 7.5 2.5 2 1 3 4 4
-3525.5 -309.7 -3.3 180 0 9.3 11.9 7.5 2.5 2 1 3 3 3
-3496.3 -405.7 -2.2 154 0 9.6 8.2 7.5 2.5 2 0 3 4 4
-2869.9 503.4 0.3 273 0 8.7 10.1 10.0 2.5 2 1 4 5 5
-2850.2 -1454.5 -0.9 349 0 7.7 6.7 10.0 2.5 2 0 4 3 3
-2007.2 -4498.8 -2.6 249 0 6.6 13.9 2.5 2.5 2 1 1 1 1
-2027.6 -4451.3 -1.9 60 0 7.9 8.2 5.0 2.5 2 1 2 1 1
-2004.3 -4447.6 -1.9 338 0 6.8 7.1 5.0 2.5 2 1 2 3 3
-1917.8 -4940.1 -1.3 160 0 8.2 6.5 7.5 2.5 2 0 3 3 3
-1947.8 -4893.9 -0.4 268 0 14.8 14.4 10.0 2.5 2 0 4 0 0
-1972.2 -4907.5 -0.8 268 0 10.7 9.5 10.0 2.5 2 0 4 0 0
-2014.3 -4909.2 -1.0 271 0 8.7 7.1 2.5 2.5 2 0 1 4 4
-2059.0 -4917.2 -1.6 265 0 7.1 6.7 10.0 0.0 0 0 4 4 4
-2097.3 -4901.9 -1.6 277 0 12.6 12.8 2.5 2.5 2 1 1 2 2
-2195.8 -4853.7 -0.8 287 0 10.1 7.9 2.5 2.5 2 0 1 2 2
-2219.6 -4924.1 -2.1 137 0 6.0 11.4 7.5 2.5 2 1 3 3 3
-2134.7 -4560.0 1.8 79 0 7.7 6.8 7.5 2.5 2 0 3 2 2
-2134.4 -4844.6 0.4 142 0 6.6 8.3 7.5 2.5 2 1 3 0 0
-2065.8 -4878.5 -0.5 92 0 14.0 11.5 7.5 2.5 2 0 3 4 4
-1904.6 -4876.2 -0.1 79 0 10.6 8.8 10.0 2.5 4 0 4 5 5
-1930.9 -4794.2 -0.8 254 0 19.9 11.5 5.0 2.5 2 0 2 1 1
-1994.9 -4737.2 0.1 64 0 15.3 12.8 2.5 2.5 4 0 1 3 3
-2128.7 -4752.9 3.0 0 0 7.1 6.6 7.5 2.5 2 0 3 5 5
-2125.2 -4705.4 2.1 270 0 12.3 12.5 7.5 2.5 2 1 3 4 4
-2140.3 -4713.9 2.2 270 0 8.1 8.7 10.0 2.5 2 1 4 0 0
-2171.7 -4729.5 2.1 173 0 8.0 9.7 7.5 2.5 2 1 3 4 4
-2065.0 -4509.1 -1.0 248 0 10.3 31.5 10.0 0.0 0 1 4 0 0
-2149.4 -4529.0 3.0 250 0 7.9 9.7 7.5 2.5 2 1 3 4 4
-2241.0 -4561.1 3.3 357 0 6.8 7.1 7.5 2.5 4 1 3 0 0
-2071.1 -4471.8 0.3 75 0 10.6 17.4 5.0 2.5 2 1 2 3 3
-2165.2 -4507.4 4.0 93 0 6.5 8.6 7.5 2.5 2 1 3 2 2
-2450.0 -4564.6 1.0 40 0 6.3 16.7 7.5 2.5 2 1 3 4 4
-2275.6 -4547.5 3.4 255 0 6.8 9.1 2.5 2.5 2 1 1 4 4
-2320.7 -4576.9 2.6 177 0 9.0 10.1 7.5 2.5 2 1 3 1 1
-2274.2 -4464.5 4.1 233 0 8.8 13.4 5.0 2.5 2 1 2 0 0
-2304.1 -4510.1 4.6 88 0 10.2 15.8 5.0 2.5 2 1 2 3 3
-2328.7 -4503.4 4.1 90 0 7.0 8.0 7.5 2.5 2 1 3 2 2
-2228.8 -4050.4 -2.0 60 0 6.1 9.7 10.0 2.5 2 1 4 0 0
-2204.2 -4088.5 -2.3 335 0 7.9 12.6 7.5 2.5 2 1 3 0 0
-2240.5 -4107.1 -2.6 179 0 6.7 12.4 10.0 2.5 2 1 4 3 3
-2217.7 -4234.2 -1.7 246 0 9.4 11.9 5.0 2.5 2 1 2 4 4
-2198.5 -4369.7 2.1 59 0 9.6 21.6 7.5 2.5 2 1 3 5 5
-2287.6 -4238.8 0.4 155 0 10.4 9.9 5.0 2.5 2 0 2 5 5
-2306.3 -4217.9 0.5 180 0 6.7 8.6 7.5 2.5 4 1 3 4 4
-2409.1 -4471.4 2.4 271 0 11.3 8.3 7.5 2.5 4 0 3 1 1
-2480.3 -4476.9 0.2 125 0 9.1 7.7 2.5 2.5 2 0 1 3 3
-2519.2 -4569.4 2.1 181 0 7.7 11.3 2.5 2.5 2 1 1 4 4
-2485.5 -4618.4 2.1 171 0 7.8 14.2 7.5 2.5 2 1 3 5 5
-1600.3 -5217.7 -3.0 254 0 9.3 8.8 5.0 2.5 2 0 2 5 5
-1588.7 -5271.6 -3.7 61 0 10.2 12.3 2.5 2.5 2 1 1 1 1
-1515.1 -5269.4 -3.8 140 0 11.9 11.9 7.5 2.5 2 0 3 1 1
-2588.2 1080.3 -6.9 0 0 8.2 10.3 2.5 2.5 2 1 1 2 2
-2512.9 1140.2 -7.3 299 0 9.1 10.1 7.5 2.5 2 1 3 1 1
-2453.1 1133.3 -6.6 274 0 8.4 12.6 7.5 2.5 2 1 3 2 2
-2466.6 1062.8 -7.1 119 0 7.0 14.8 10.0 2.5 2 1 4 4 4
-2413.1 1138.2 -6.6 272 0 8.7 9.9 2.5 2.5 2 1 1 2 2
-2446.4 908.3 -5.0 211 0 15.0 7.6 7.5 2.5 2 0 3 4 4
-2658.3 985.7 -7.7 94 0 12.8 10.0 7.5 2.5 2 0 3 3 3
-2634.2 902.0 -7.4 95 0 7.7 9.4 7.5 2.5 2 1 3 2 2
-2659.1 841.8 -6.4 246 0 11.3 9.3 7.5 0.0 0 0 3 3 3
-2702.5 840.3 -7.1 268 0 6.4 10.1 7.5 2.5 2 1 3 0 0
-2754.8 918.5 -8.7 268 0 8.8 8.2 7.5 2.5 2 0 3 4 4
-2768.4 845.1 -8.0 102 0 10.3 10.4 5.0 2.5 2 1 2 1 1
-2777.9 759.4 -4.9 180 0 9.7 13.9 5.0 0.0 0 1 2 0 0
-2764.9 698.9 -1.8 253 0 7.2 8.7 5.0 2.5 2 1 2 1 1
-2662.2 631.9 1.2 266 0 11.4 9.2 10.0 2.5 2 0 4 4 4
-2624.4 684.1 -0.5 247 0 8.8 36.2 7.5 2.5 2 1 3 4 4
-2598.6 690.4 -1.1 246 0 10.8 26.6 10.0 2.5 2 1 4 3 3
-2573.2 684.3 -1.4 254 0 10.3 13.2 7.5 2.5 2 1 3 2 2
-2593.6 716.3 -1.8 252 0 6.1 20.4 7.5 2.5 4 1 3 2 2
-2551.3 745.2 -3.4 181 0 9.5 13.4 7.5 2.5 2 1 3 3 3
-2558.8 781.7 -4.1 179 0 11.5 13.7 5.0 2.5 2 1 2 1 1
-2522.3 787.0 -4.4 269 0 13.7 10.8 7.5 2.5 2 0 3 1 1
-2498.1 696.2 -2.7 351 0 10.6 15.4 7.5 2.5 2 1 3 5 5
-2767.4 625.0 -0.1 89 0 6.8 8.1 2.5 2.5 2 1 1 0 0
-2763.8 539.1 1.7 322 0 13.6 12.7 5.0 2.5 2 0 2 1 1
-2689.4 520.3 1.5 52 0 7.5 13.6 7.5 2.5 4 1 3 0 0
-2520.3 613.1 -1.0 60 0 8.2 12.7 10.0 2.5 2 1 4 1 1
-2484.0 624.8 -1.9 70 0 21.8 8.3 7.5 2.5 2 0 3 1 1
-2477.6 396.6 -2.1 184 0 8.8 6.5 5.0 2.5 2 0 2 5 5
-2646.1 353.4 1.1 268 0 9.2 13.6 7.5 2.5 2 1 3 5 5
-2692.2 326.6 0.8 274 0 6.4 11.7 10.0 2.5 2 1 4 3 3
-2730.7 334.4 0.9 271 0 9.4 11.8 5.0 2.5 2 1 2 5 5
-2769.7 324.8 0.8 185 0 8.8 9.5 7.5 2.5 2 1 3 5 5
-2528.6 161.0 -3.3 158 0 9.5 12.1 5.0 2.5 2 1 2 1 1
-2545.2 266.5 -0.4 7 0 13.0 8.0 10.0 2.5 2 0 4 0 0
-2608.8 257.3 -0.1 284 0 11.0 6.6 5.0 2.5 2 0 2 2 2
-2608.1 218.0 -0.6 1 0 6.1 6.4 7.5 2.5 2 1 3 2 2
-2624.6 173.3 -1.6 186 0 8.5 8.2 7.5 2.5 2 0 3 0 0
-2685.0 266.0 0.2 178 0 8.9 15.6 7.5 2.5 2 1 3 1 1
-2745.7 196.6 -1.4 301 0 6.4 9.5 7.5 2.5 2 1 3 1 1
-2758.0 193.3 -1.4 126 0 7.2 8.9 2.5 2.5 2 1 1 0 0
-2319.7 412.6 -5.8 319 0 8.1 7.8 7.5 2.5 4 0 3 0 0
-2295.3 417.5 -6.2 275 0 7.8 9.4 5.0 2.5 2 1 2 0 0
-2288.8 308.5 -5.7 21 0 6.9 12.5 7.5 0.0 0 1 3 0 0
-2378.8 145.5 -6.3 130 0 6.7 6.6 7.5 2.5 2 0 3 4 4
-2417.6 144.3 -6.1 92 0 8.9 9.9 10.0 2.5 2 1 4 4 4
-2483.2 134.2 -4.8 68 0 10.7 7.2 7.5 0.0 0 0 3 3 3
-2694.2 49.8 -4.8 96 0 6.3 6.1 5.0 0.0 0 0 2 1 1
-2704.2 51.5 -4.7 96 0 9.0 6.1 5.0 2.5 2 0 2 2 2
-2212.5 -708.2 -1.9 52 0 10.1 7.5 7.5 2.5 2 0 3 5 5
-2199.0 -721.4 -1.6 135 0 6.7 13.4 5.0 2.5 2 1 2 5 5
-2207.7 -723.3 -1.2 50 0 19.3 7.3 2.5 2.5 2 0 1 3 3
-2168.8 -679.9 -4.1 311 0 15.2 21.4 10.0 2.5 2 1 4 3 3
-2167.2 -643.0 -5.2 325 0 6.6 18.2 7.5 2.5 2 1 3 1 1
-2150.6 -646.6 -5.1 152 0 7.2 27.8 7.5 0.0 0 1 3 4 4
-2064.6 -595.3 -4.9 62 0 8.1 9.8 2.5 2.5 2 1 1 0 0
-1998.0 -601.7 -5.9 94 0 14.1 8.1 2.5 2.5 2 0 1 4 4
-2015.3 -576.2 -6.2 162 0 6.3 18.6 2.5 2.5 2 1 1 0 0
-1864.3 -664.6 -3.1 250 0 10.9 6.5 2.5 2.5 2 0 1 0 0
-1852.5 -676.7 -2.6 336 0 15.5 9.5 10.0 2.5 2 0 4 4 4
-1875.7 -685.7 -2.4 157 0 10.4 7.0 5.0 2.5 2 0 2 4 4
-1889.7 -787.8 -2.2 343 0 6.0 17.7 5.0 2.5 2 1 2 4 4
-1910.9 -813.0 -2.9 75 0 8.8 6.4 7.5 2.5 2 0 3 4 4
-1928.7 -789.7 -2.6 254 0 32.1 11.7 7.5 2.5 2 0 3 0 0
-1932.5 -817.1 -3.1 79 0 22.1 10.7 7.5 2.5 2 0 3 0 0
-2002.6 -705.5 -1.4 256 0 10.4 14.8 2.5 2.5 2 1 1 2 2
-1986.8 -748.3 -0.5 347 0 8.3 11.9 7.5 2.5 2 1 3 0 0
-1974.6 -760.4 -0.9 348 0 6.2 6.4 5.0 2.5 2 1 2 3 3
-1974.0 -786.5 -1.9 347 0 22.5 17.4 12.5 2.5 4 0 5 0 0
-1983.2 -825.7 -2.5 167 0 14.3 18.5 7.5 2.5 4 1 3 0 0
-2040.4 -721.2 -0.6 228 0 14.7 18.2 12.5 2.5 2 1 5 4 4
-2042.8 -783.3 0.0 143 0 6.2 6.4 7.5 2.5 2 1 3 0 0
-2034.3 -774.5 -0.1 143 0 16.2 9.9 7.5 2.5 2 0 3 3 3
-2060.0 -758.0 -0.2 143 0 6.2 14.2 2.5 2.5 4 1 1 4 4
-2079.1 -773.0 -0.6 143 0 9.4 19.3 10.0 2.5 2 1 4 5 5
-2097.1 -787.2 -1.3 323 0 8.5 15.3 2.5 2.5 2 1 1 5 5
-2060.2 -783.4 -0.2 143 0 8.9 18.4 7.5 0.0 0 1 3 1 1
-2079.2 -798.9 -0.7 255 0 8.4 28.2 7.5 0.0 0 1 3 1 1
-2082.9 -845.5 -0.8 165 0 25.5 9.4 5.0 2.5 2 0 2 1 1
-3661.2 2571.4 -8.5 255 0 7.3 9.1 2.5 2.5 2 1 1 5 5
-3396.4 2712.1 -8.0 7 0 6.4 8.3 7.5 2.5 2 1 3 3 3
-3369.7 2745.5 -8.1 277 0 7.4 12.4 5.0 2.5 2 1 2 1 1
-3734.4 2694.2 -7.5 254 0 6.3 6.4 2.5 2.5 2 1 1 3 3
-2957.5 2576.6 -13.9 358 0 14.6 12.4 7.5 2.5 2 0 3 5 5
-2663.4 1401.1 -10.3 272 0 9.4 9.2 7.5 2.5 2 0 3 4 4
-2672.4 1340.8 -9.4 181 0 6.3 8.9 7.5 2.5 2 1 3 5 5
-2716.6 1306.8 -9.1 286 0 7.2 11.2 5.0 2.5 2 1 2 4 4
-2763.2 1212.0 -9.0 185 0 11.1 7.7 7.5 2.5 2 0 3 4 4
-2654.1 1226.6 -9.4 358 0 8.3 11.8 7.5 2.5 2 1 3 5 5
-2587.1 1201.4 -9.6 96 0 10.7 7.7 7.5 2.5 2 0 3 3 3
1321.0 -5548.1 -3.4 94 0 6.5 9.7 5.0 2.5 2 1 2 5 5
2744.9 -2063.9 6.7 280 0 7.4 6.6 5.0 2.5 2 0 2 5 5
2798.7 -2056.1 3.1 2 0 9.6 9.1 7.5 2.5 2 0 3 4 4
2798.6 -2157.4 2.3 102 0 6.9 8.8 5.0 2.5 2 1 2 0 0
2782.9 -2166.8 2.6 106 0 9.2 8.9 7.5 2.5 2 0 3 3 3
2070.3 -1568.3 2.3 89 0 8.8 8.0 10.0 2.5 2 0 4 0 0
2039.3 -1659.2 1.8 292 0 7.1 8.6 7.5 2.5 2 1 3 4 4
2067.6 -1680.2 4.1 13 0 6.7 6.6 7.5 2.5 2 0 3 5 5
2013.8 -1775.3 1.4 270 0 6.2 8.0 7.5 2.5 2 1 3 2 2
2017.4 -2015.0 8.5 188 0 6.9 7.8 7.5 0.0 0 1 3 2 2
1902.6 -1931.4 1.1 0 0 8.4 7.6 7.5 2.5 2 0 3 4 4
1736.1 -2175.6 2.1 111 0 7.2 6.5 5.0 2.5 2 0 2 0 0
1755.1 -2090.6 0.2 182 0 9.7 8.1 5.0 2.5 2 0 2 4 4
1771.0 -2081.7 0.9 270 0 6.0 10.0 7.5 2.5 2 1 3 3 3
1887.5 -2072.1 4.8 15 0 8.8 8.6 2.5 2.5 4 0 1 3 3
1940.0 -2110.6 5.2 7 0 8.3 7.7 5.0 2.5 2 0 2 2 2
1915.0 -2138.8 5.2 114 0 9.3 8.6 5.0 2.5 2 0 2 3 3
1894.1 -2174.7 5.0 290 0 6.7 6.8 7.5 2.5 2 1 3 1 1
1877.6 -2124.6 5.3 109 0 9.3 7.5 5.0 2.5 2 0 2 0 0
1821.0 -2146.3 4.8 201 0 9.5 8.8 2.5 2.5 2 0 1 0 0
1776.8 -2188.7 3.8 104 0 6.8 7.5 2.5 2.5 2 1 1 0 0
1790.3 -2262.4 2.1 194 0 9.3 7.1 10.0 2.5 2 0 4 4 4
1724.8 -2429.0 -3.9 359 0 7.4 6.7 10.0 2.5 2 0 4 4 4
1797.7 -2480.1 -2.9 98 0 8.5 9.0 7.5 2.5 4 1 3 4 4
2024.1 -2626.7 -3.3 298 0 8.5 6.9 7.5 2.5 2 0 3 2 2
1971.5 -2255.9 4.6 20 0 7.4 7.4 2.5 2.5 2 1 1 5 5
1947.7 -2281.9 3.5 2 0 8.0 8.5 2.5 0.0 0 1 1 1 1
1926.9 -2401.3 1.1 21 0 16.2 8.2 7.5 2.5 2 0 3 1 1
1899.1 -2412.7 0.4 355 0 6.8 7.6 7.5 2.5 2 1 3 3 3
1914.1 -2461.7 0.0 10 0 6.8 7.3 7.5 2.5 2 1 3 0 0
1997.4 -2319.8 4.5 293 0 17.5 9.9 2.5 2.5 2 0 1 0 0
2190.0 -2392.3 8.6 207 0 7.5 7.1 7.5 2.5 4 0 3 5 5
2158.9 -2218.5 8.5 98 0 38.2 11.2 10.0 2.5 2 0 4 1 1
2192.0 -2190.9 8.9 0 0 30.8 8.8 10.0 2.5 4 0 4 3 3
2276.1 -2281.1 7.6 268 0 9.1 14.9 10.0 2.5 2 1 4 0 0
2296.5 -2255.1 8.2 271 0 7.6 11.1 7.5 2.5 2 1 3 0 0
3282.9 -4594.4 -3.6 262 0 8.6 9.2 7.5 2.5 4 1 3 4 4
3293.3 -4583.8 -3.7 264 0 10.5 14.9 7.5 2.5 2 1 3 0 0
3322.7 -4576.2 -4.0 335 0 8.9 9.2 7.5 2.5 2 1 3 2 2
2929.9 -4800.7 1.0 240 0 9.8 14.9 7.5 2.5 2 1 3 0 0
2924.9 -4836.7 1.3 68 0 7.9 6.8 7.5 2.5 2 0 3 5 5
2936.6 -4854.8 2.4 239 0 7.7 6.3 7.5 2.5 2 0 3 4 4
3001.9 -4786.9 0.6 53 0 6.2 7.1 7.5 2.5 2 1 3 4 4
3071.7 -4731.9 -0.9 55 0 9.3 7.2 5.0 2.5 2 0 2 5 5
-1741.0 -4711.5 -2.5 328 0 10.5 7.7 7.5 2.5 2 0 3 2 2
-1689.6 -4832.4 -1.5 326 0 7.5 11.9 7.5 2.5 2 1 3 5 5
-1536.0 -4903.9 3.6 326 0 13.2 15.9 7.5 0.0 0 1 3 2 2
-1547.0 -5026.6 3.3 59 0 9.5 15.3 7.5 2.5 2 1 3 2 2
-1703.4 -5058.5 -0.5 176 0 6.8 10.9 10.0 2.5 2 1 4 4 4
-1615.9 -5064.9 1.2 327 0 6.5 10.5 5.0 2.5 4 1 2 1 1
-2296.8 1437.7 -6.7 92 0 9.5 10.1 10.0 2.5 2 1 4 4 4
-2327.9 1190.0 -7.0 27 0 7.4 6.3 7.5 2.5 2 0 3 2 2
-2255.6 1452.1 -6.9 273 0 6.1 8.8 5.0 2.5 2 1 2 1 1
-2747.5 1598.6 -12.2 187 0 8.1 10.9 7.5 2.5 2 1 3 0 0
-2728.1 1576.7 -12.0 177 0 9.8 10.8 7.5 2.5 2 1 3 1 1
-2331.1 1527.0 -8.5 102 0 8.1 10.9 7.5 2.5 2 1 3 5 5
-2327.5 1462.3 -7.8 270 0 9.4 11.9 7.5 2.5 2 1 3 2 2
-2571.4 1443.4 -11.7 89 0 8.6 7.8 7.5 2.5 2 0 3 5 5
-2352.6 1309.1 -10.0 270 0 10.8 9.3 5.0 2.5 2 0 2 0 0
-2462.3 1320.5 -10.4 359 0 8.8 9.3 5.0 2.5 2 1 2 0 0
2057.0 -1504.7 0.0 281 0 6.1 8.7 7.5 0.0 0 1 3 2 2
1879.8 -1974.4 2.7 21 0 7.2 6.5 5.0 2.5 4 0 2 1 1
-2035.9 794.5 -7.4 320 0 6.4 9.5 5.0 2.5 2 1 2 2 2
-2191.8 870.7 -6.7 101 0 9.4 11.6 2.5 0.0 0 1 1 1 1
-2194.4 1022.6 -7.6 20 0 7.5 11.5 5.0 0.0 0 1 2 2 2
-2080.6 744.7 -6.7 93 0 9.2 7.9 2.5 2.5 2 0 1 3 3
-2142.4 759.6 -6.4 238 0 15.0 10.5 5.0 2.5 2 0 2 3 3
-2217.4 739.0 -5.8 252 0 9.2 9.7 7.5 2.5 2 1 3 0 0
-2269.3 720.4 -5.6 238 0 7.9 9.5 7.5 2.5 4 1 3 3 3
-2438.7 637.6 -3.0 80 0 8.4 11.6 7.5 2.5 2 1 3 2 2
-2446.7 713.1 -3.6 343 0 11.0 8.6 7.5 2.5 2 0 3 3 3
-2452.6 741.1 -4.2 347 0 13.5 9.6 7.5 2.5 4 0 3 4 4
-2455.5 799.9 -5.4 66 0 10.2 18.5 2.5 2.5 2 1 1 4 4
-2418.8 867.0 -5.0 36 0 17.5 10.2 7.5 2.5 4 0 3 4 4
-2338.9 842.8 -4.0 94 0 9.0 6.1 7.5 2.5 2 0 3 2 2
-2119.8 890.1 -8.4 195 0 9.0 10.9 2.5 2.5 2 1 1 2 2
-2139.7 967.6 -8.7 69 0 9.9 9.8 7.5 0.0 0 0 3 4 4
-2230.7 937.0 -6.2 250 0 9.1 10.9 2.5 2.5 2 1 1 5 5
-2293.8 1046.4 -5.5 90 0 8.9 9.4 10.0 2.5 2 1 4 2 2
-2349.9 1048.2 -5.7 21 0 7.6 6.5 7.5 2.5 2 0 3 3 3
-2379.2 978.4 -4.2 102 0 8.0 11.8 7.5 2.5 2 1 3 3 3
-1838.4 -3949.9 -0.7 304 0 13.4 10.0 7.5 2.5 2 0 3 3 3
-1894.4 -4099.7 0.1 308 0 12.8 18.6 2.5 2.5 2 1 1 1 1
-1992.5 -4023.3 1.5 226 0 9.3 8.1 7.5 2.5 2 0 3 5 5
-2054.8 -3994.2 -0.0 316 0 10.2 14.0 7.5 2.5 2 1 3 0 0
-2059.1 -4059.0 0.4 224 0 10.6 14.5 5.0 2.5 2 1 2 0 0
-2043.9 -4118.2 -0.6 128 0 9.7 17.9 7.5 0.0 0 1 3 0 0
-2017.7 -4195.8 -1.6 218 0 10.9 21.0 10.0 2.5 2 1 4 4 4
-2011.3 -4173.7 -1.7 222 0 10.2 29.6 5.0 2.5 2 1 2 1 1
-1964.6 -4267.6 -2.0 147 0 19.2 13.9 10.0 2.5 2 0 4 2 2
-1967.6 -4326.6 -2.4 151 0 12.1 24.6 12.5 2.5 2 1 5 5 5
-1883.8 -4459.9 -1.1 253 0 6.7 11.4 5.0 2.5 4 1 2 5 5
-1687.9 -4189.1 -5.6 315 0 7.9 12.7 5.0 0.0 0 1 2 0 0
-1735.8 -4132.3 -3.9 229 0 11.9 8.1 5.0 2.5 2 0 2 1 1
-1775.5 -4039.4 -2.9 53 0 17.3 13.8 5.0 2.5 4 0 2 5 5
-1753.0 -4012.2 -3.2 33 0 7.6 15.5 7.5 2.5 2 1 3 4 4
-1621.0 -3992.7 -4.3 328 0 13.5 10.0 7.5 2.5 2 0 3 0 0
-1880.8 939.2 -9.5 178 0 12.5 13.1 10.0 2.5 2 1 4 5 5
-1927.9 891.6 -9.4 246 0 9.5 6.5 2.5 2.5 2 0 1 4 4
-1778.6 905.6 -9.1 186 0 11.1 8.9 2.5 2.5 2 0 1 1 1
-1728.5 958.0 -8.9 351 0 9.4 10.2 7.5 2.5 2 1 3 1 1
-1968.5 777.7 -7.3 232 0 13.7 7.9 10.0 2.5 2 0 4 5 5
-1830.5 846.5 -7.5 278 0 7.2 12.0 7.5 2.5 2 1 3 1 1
-1841.1 821.1 -7.1 74 0 15.6 6.8 7.5 2.5 2 0 3 4 4
-1855.9 862.1 -7.0 268 0 11.5 12.7 7.5 2.5 2 1 3 3 3
-1929.3 832.5 -7.6 156 0 6.3 33.3 7.5 2.5 2 1 3 4 4
-1937.5 754.9 -7.6 155 0 9.7 6.3 5.0 2.5 2 0 2 2 2
-1939.1 710.3 -7.5 174 0 7.9 8.0 7.5 2.5 2 1 3 0 0
-2005.5 622.7 -8.7 350 0 10.2 11.6 5.0 2.5 2 1 2 1 1
-2132.2 558.3 -9.3 335 0 8.5 8.1 7.5 2.5 2 0 3 3 3
-2025.3 560.7 -10.2 64 0 7.3 10.5 7.5 2.5 4 1 3 1 1
-2099.0 685.9 -7.5 353 0 7.8 13.1 5.0 0.0 0 1 2 0 0
-2295.1 592.6 -6.5 3 0 7.5 8.7 7.5 2.5 2 1 3 4 4
-2337.9 600.5 -5.5 70 0 8.8 7.3 7.5 2.5 2 0 3 2 2
-2421.7 447.9 -3.5 81 0 10.4 8.6 5.0 2.5 2 0 2 4 4
-1484.5 -4918.8 1.7 332 0 13.1 9.7 2.5 0.0 0 0 1 0 0
-1828.6 -4439.2 -2.5 52 0 7.7 7.9 5.0 2.5 2 1 2 3 3
3800.8 -3737.8 3.0 35 0 6.1 6.3 7.5 2.5 2 1 3 2 2
-2344.8 -5986.8 9.9 263 0 9.8 12.5 10.0 2.5 2 1 4 5 5
-2272.1 -6063.0 7.2 331 0 7.3 13.3 7.5 2.5 2 1 3 2 2
-2256.9 -5959.8 9.6 261 0 9.2 18.7 5.0 2.5 2 1 2 1 1
-2169.7 -5953.4 6.8 271 0 11.2 14.4 5.0 2.5 4 1 2 3 3
-2484.5 -5982.1 11.1 82 0 10.6 17.5 7.5 2.5 2 1 3 1 1
-2481.4 -5852.8 9.2 272 0 12.4 9.9 5.0 2.5 2 0 2 2 2
-2458.2 -5863.6 9.4 271 0 13.2 11.4 7.5 0.0 0 0 3 5 5
-2371.8 -5956.7 9.5 70 0 18.9 13.2 7.5 0.0 0 0 3 1 1
-2347.8 -5951.4 10.6 73 0 18.1 11.3 5.0 2.5 2 0 2 3 3
-2403.3 -5845.2 9.0 270 0 10.4 9.6 7.5 2.5 2 0 3 2 2
-2337.1 -5840.7 9.6 245 0 13.2 6.7 2.5 2.5 2 0 1 1 1
-2337.6 -5819.4 9.1 254 0 17.1 10.9 2.5 2.5 2 0 1 1 1
-2304.8 -5939.9 11.7 83 0 10.1 12.3 7.5 2.5 2 1 3 2 2
-2314.3 -5891.5 10.7 345 0 10.9 13.4 5.0 2.5 2 1 2 3 3
-2204.7 -5931.7 8.0 82 0 12.5 12.6 2.5 0.0 0 1 1 0 0
-2174.6 -5906.4 7.7 351 0 6.0 15.0 2.5 2.5 4 1 1 0 0
-2234.5 -5805.9 10.0 257 0 15.0 12.9 5.0 2.5 2 0 2 2 2
-2180.7 -5795.8 8.1 272 0 14.7 7.8 5.0 2.5 2 0 2 0 0
-2149.4 -5803.7 6.9 357 0 9.9 7.0 2.5 2.5 2 0 1 1 1
-2591.3 -5758.2 2.5 168 0 16.1 11.9 5.0 2.5 2 0 2 4 4
-2547.4 -5846.0 7.3 88 0 10.3 13.2 5.0 2.5 2 1 2 0 0
-2538.4 -5731.6 2.0 268 0 14.7 7.1 2.5 2.5 2 0 1 4 4
-2520.9 -5833.6 6.8 87 0 9.1 15.2 2.5 0.0 0 1 1 1 1
-2498.4 -5824.9 6.7 87 0 14.8 16.9 10.0 2.5 4 1 4 4 4
-2472.5 -5828.1 8.0 90 0 16.2 8.1 7.5 2.5 2 0 3 5 5
-2461.8 -5699.2 1.0 256 0 11.5 16.6 5.0 2.5 2 1 2 2 2
-2383.4 -5803.6 7.6 86 0 11.6 19.2 5.0 0.0 0 1 2 0 0
-2348.7 -5776.1 6.6 86 0 7.7 10.4 5.0 2.5 2 1 2 4 4
-2404.6 -5718.9 2.3 272 0 9.4 8.6 5.0 2.5 2 0 2 0 0
-2412.4 -5703.0 1.1 270 0 8.7 7.8 7.5 2.5 2 0 3 5 5
-2406.1 -5688.9 0.6 265 0 12.3 11.6 2.5 2.5 2 0 1 3 3
-2270.5 -5780.5 7.7 73 0 12.6 11.0 5.0 0.0 0 0 2 0 0
-2168.9 -5667.0 1.2 358 0 15.4 11.6 5.0 2.5 2 0 2 5 5
-1810.3 -3985.6 -1.3 264 0 7.2 9.2 7.5 2.5 2 1 3 1 1
-1670.5 -4115.4 -3.7 321 0 6.5 9.6 7.5 2.5 2 1 3 5 5
-1688.6 -4047.0 -4.3 45 0 11.1 7.2 5.0 0.0 0 0 2 2 2
-1704.9 -4167.2 -5.0 339 0 11.2 17.2 5.0 0.0 0 1 2 2 2
-1853.3 -4132.2 -1.1 319 0 12.5 15.4 7.5 2.5 2 1 3 4 4
-1809.5 -4180.9 -3.0 310 0 11.5 13.3 10.0 2.5 2 1 4 0 0
-1972.5 -4046.0 1.7 312 0 7.5 8.3 2.5 2.5 4 1 1 2 2
-1938.9 -4077.3 0.9 318 0 10.8 14.6 7.5 2.5 4 1 3 5 5
-1796.2 -4068.9 -2.5 191 0 6.5 9.2 7.5 2.5 2 1 3 3 3
-2417.7 300.6 -3.9 346 0 10.1 9.1 2.5 2.5 2 0 1 0 0
-2370.5 451.9 -4.9 297 0 7.3 8.3 7.5 2.5 4 1 3 0 0
-2348.5 355.5 -5.1 92 0 7.1 7.0 5.0 2.5 2 0 2 0 0
-2833.4 3037.8 -9.3 48 0 14.5 6.5 7.5 2.5 2 0 3 3 3
-1978.3 -4209.7 -2.1 310 0 30.2 10.9 10.0 2.5 2 0 4 4 4
-1834.9 -4440.5 -2.5 316 0 8.2 21.7 10.0 2.5 2 1 4 1 1
-1724.1 -4452.2 -1.6 63 0 7.1 11.2 10.0 2.5 2 1 4 1 1
-1919.9 -4399.7 -1.7 353 0 9.8 22.2 7.5 2.5 2 1 3 0 0
-1927.3 -4308.5 -2.8 331 0 21.7 10.2 5.0 2.5 2 0 2 2 2
-1989.6 -4230.1 -1.8 138 0 7.3 6.9 5.0 0.0 0 0 2 3 3
-3697.2 128.5 -2.7 128 0 9.0 30.7 7.5 2.5 2 1 3 3 3
-3682.9 55.3 -4.1 86 0 12.1 9.0 5.0 2.5 2 0 2 0 0
-3605.4 145.2 -3.5 265 0 6.3 9.1 2.5 2.5 2 1 1 0 0
-3608.5 232.6 -1.5 184 0 9.0 11.9 2.5 2.5 2 1 1 0 0
-2475.4 328.3 -1.5 340 0 6.8 11.7 7.5 2.5 2 1 3 1 1
-1166.1 -6879.0 -0.7 68 0 7.3 15.3 14.0 0.0 0 1 4 4 4
-1237.3 -6889.5 -1.3 243 0 6.7 16.3 14.0 3.5 2 1 4 1 1
-1635.9 -5046.5 2.0 238 0 11.0 10.1 7.5 2.5 2 0 3 4 4
-1629.6 -4831.4 -1.0 230 0 12.4 12.4 7.5 2.5 2 1 3 1 1
-1743.1 -4858.0 -1.3 243 0 14.5 11.6 5.0 2.5 2 0 2 3 3
-1781.8 -4725.4 -2.6 170 0 10.2 16.3 10.0 2.5 2 1 4 0 0
-1869.7 -4648.9 -3.7 76 0 10.3 10.2 7.5 2.5 2 0 3 0 0
-1784.1 -4574.0 -3.2 59 0 10.6 13.0 2.5 2.5 2 1 1 0 0
-1924.3 -4539.4 -2.0 156 0 11.8 11.2 5.0 2.5 2 0 2 5 5
-1455.2 -4956.8 1.1 328 0 9.0 10.6 7.5 2.5 2 1 3 5 5
-1549.7 -4829.0 -0.3 59 0 7.5 15.4 7.5 2.5 4 1 3 1 1
-1530.5 -4818.2 1.0 330 0 7.2 8.6 7.5 2.5 2 1 3 1 1
-1553.7 -4770.6 -1.6 230 0 7.8 14.5 5.0 2.5 2 1 2 1 1
-1655.3 -4693.3 -2.0 58 0 6.3 7.1 7.5 2.5 4 1 3 4 4
-2789.1 -1558.1 -0.8 181 0 6.8 11.2 2.5 2.5 2 1 1 5 5
-2679.8 -1511.0 -0.1 87 0 10.4 6.4 10.0 2.5 2 0 4 5 5
-2596.5 -1516.7 0.8 32 0 9.6 10.1 5.0 2.5 2 1 2 3 3
-1579.3 -5065.0 2.0 347 0 11.7 11.4 7.5 2.5 2 0 3 0 0
-1496.4 -5074.2 1.5 132 0 13.5 11.6 5.0 0.0 0 0 2 2 2
-3388.2 -1138.7 -3.5 198 0 6.0 14.1 2.5 2.5 2 1 1 0 0
-3312.2 -1218.6 -0.7 271 0 8.2 12.7 5.0 2.5 2 1 2 1 1
-3312.3 -1263.8 -0.3 92 0 10.7 13.6 10.0 0.0 0 1 4 0 0
-3122.9 -1243.7 -2.0 86 0 10.2 20.4 10.0 0.0 0 1 4 5 5
-3125.5 -1201.3 -1.4 269 0 7.4 13.9 5.0 2.5 2 1 2 2 2
-3126.1 -1180.9 -1.7 272 0 6.8 14.8 7.5 2.5 2 1 3 4 4
-3153.8 -1213.1 -1.1 180 0 14.5 12.6 7.5 2.5 2 0 3 5 5
-3147.7 -1243.7 -1.6 88 0 12.4 13.9 7.5 2.5 2 1 3 2 2
-2155.4 -6166.4 0.2 141 0 8.4 13.8 5.0 2.5 2 1 2 0 0
-2256.3 -5962.2 9.6 262 0 9.4 16.6 5.0 0.0 0 1 2 3 3
-2169.2 -5954.3 6.8 269 0 10.7 13.3 10.0 2.5 2 1 4 5 5
-3368.1 -4299.4 1.2 90 0 9.0 10.5 7.5 2.5 2 1 3 3 3
-3256.7 -4294.3 -0.8 89 0 8.2 10.6 2.5 0.0 0 1 1 3 3
-2322.6 -5667.6 0.4 268 0 12.7 11.1 5.0 2.5 2 0 2 2 2
-2245.7 -5655.1 0.2 261 0 12.9 11.2 10.0 2.5 2 0 4 1 1
-2184.1 -5762.4 6.3 83 0 15.3 12.7 5.0 2.5 2 0 2 5 5
-2465.9 -6315.3 4.4 21 0 18.5 11.4 5.0 2.5 4 0 2 2 2
-2515.1 -6352.7 6.3 6 0 7.1 6.3 5.0 2.5 2 0 2 2 2
-2576.6 -6302.0 7.4 212 0 7.5 9.9 7.5 2.5 4 1 3 3 3
-2578.8 -6277.0 6.4 227 0 11.2 16.4 2.5 2.5 2 1 1 5 5
-2522.5 -6247.7 4.4 236 0 6.6 9.3 7.5 2.5 4 1 3 0 0
-2563.5 -6056.1 9.7 237 0 11.9 11.8 7.5 0.0 0 0 3 2 2
-2532.5 -6117.6 6.6 359 0 10.4 14.8 5.0 0.0 0 1 2 5 5
-2505.1 -6112.1 6.2 357 0 8.9 10.0 7.5 2.5 2 1 3 1 1
-2512.4 -6029.0 9.7 342 0 8.8 24.8 12.5 2.5 2 1 5 1 1
-2438.7 -6246.2 1.6 163 0 11.3 7.6 7.5 2.5 2 0 3 3 3
-2407.9 -6303.2 1.4 278 0 8.5 11.2 2.5 2.5 2 1 1 3 3
-2427.3 -6162.5 2.9 271 0 7.9 14.2 5.0 2.5 2 1 2 1 1
-2355.3 -6223.6 2.1 89 0 9.3 9.2 5.0 2.5 2 0 2 5 5
-2338.4 -6154.4 4.3 268 0 8.7 13.2 5.0 2.5 4 1 2 2 2
-2505.9 -6036.0 9.0 168 0 13.5 25.1 10.0 0.0 0 1 4 3 3
-2478.6 -6095.6 6.1 171 0 8.2 6.9 2.5 2.5 2 0 1 0 0
-2430.2 -6131.1 4.3 60 0 10.0 8.7 5.0 2.5 2 0 2 0 0
-2406.9 -6133.2 3.8 72 0 6.8 6.1 5.0 2.5 2 0 2 4 4
-2434.3 -6008.6 8.2 271 0 11.6 9.6 7.5 2.5 2 0 3 0 0
-1240.5 -6732.3 -3.6 53 0 6.1 7.4 14.0 3.5 2 1 4 2 2
-1226.3 -6738.5 -3.7 69 0 12.9 15.6 14.0 3.5 2 1 4 1 1
-1219.0 -6678.3 -4.8 167 0 8.8 8.1 14.0 0.0 0 0 4 0 0
-1227.9 -6666.7 -5.3 154 0 7.9 8.5 14.0 3.5 2 1 4 2 2
-1191.1 -6568.7 -6.0 338 0 8.0 11.8 14.0 0.0 0 1 4 3 3
-1282.8 -6881.7 -2.5 79 0 9.6 8.1 10.5 3.5 2 0 3 5 5
-3244.8 3452.0 -9.7 123 0 6.2 6.6 5.0 2.5 2 1 2 5 5
-2649.6 -6321.7 11.4 39 0 9.5 9.0 7.5 2.5 2 0 3 5 5
-3339.5 -6334.6 4.4 262 0 10.4 10.2 5.0 2.5 2 0 2 1 1
-3312.9 -6319.8 5.1 259 0 10.9 15.7 10.0 2.5 2 1 4 5 5
-3207.8 -6323.9 8.3 3 0 6.9 9.8 2.5 2.5 2 1 1 2 2
-3167.6 -6305.9 8.4 273 0 14.2 13.6 10.0 2.5 2 0 4 3 3
-3147.5 -6298.3 8.5 258 0 11.2 12.8 5.0 2.5 2 1 2 1 1
-3093.7 -6344.9 7.2 113 0 11.4 8.7 7.5 0.0 0 0 3 2 2
-3441.4 -6187.6 3.8 263 0 12.1 10.6 7.5 2.5 2 0 3 1 1
-3317.8 -6289.0 6.2 83 0 10.3 7.3 7.5 2.5 2 0 3 2 2
-3302.5 -6157.5 5.3 263 0 12.8 6.4 5.0 2.5 2 0 2 4 4
-3279.1 -6156.7 5.5 270 0 7.5 6.8 5.0 2.5 2 0 2 3 3
-3250.6 -6147.9 5.0 267 0 7.2 6.2 2.5 2.5 2 0 1 0 0
-3290.2 -6273.1 7.4 78 0 8.5 7.0 7.5 0.0 0 0 3 3 3
-3195.8 -6248.2 9.6 1 0 14.8 11.3 2.5 2.5 2 0 1 3 3
-3163.7 -6189.3 6.4 212 0 11.8 9.8 5.0 2.5 2 0 2 4 4
-3101.8 -6287.1 8.5 103 0 14.0 18.9 10.0 0.0 0 1 4 1 1
-3057.0 -6289.5 6.9 87 0 11.2 8.4 2.5 0.0 0 0 1 1 1
-3030.1 -6302.6 6.6 99 0 9.6 8.2 10.0 2.5 2 0 4 2 2
-3007.4 -6182.4 5.1 274 0 6.5 7.7 2.5 2.5 2 1 1 0 0
-3005.3 -6169.9 4.9 274 0 7.5 10.8 7.5 2.5 2 1 3 5 5
-2994.2 -6317.8 7.0 90 0 8.4 10.6 5.0 2.5 4 1 2 5 5
-2962.0 -6317.6 7.7 91 0 11.9 8.9 10.0 2.5 4 0 4 1 1
-2903.4 -6333.1 9.4 89 0 6.2 11.8 5.0 2.5 2 1 2 3 3
-2870.0 -6329.5 10.1 110 0 11.5 9.9 5.0 2.5 2 0 2 5 5
-2821.1 -6322.8 11.0 6 0 12.2 9.4 10.0 2.5 2 0 4 1 1
-2936.1 -6192.3 5.9 275 0 14.4 10.1 7.5 2.5 2 0 3 3 3
-2912.3 -6202.9 7.2 280 0 8.8 13.1 5.0 2.5 2 1 2 3 3
-2851.5 -6208.4 9.7 271 0 16.6 12.7 2.5 2.5 2 0 1 0 0
-2820.8 -6212.0 10.8 277 0 15.0 21.1 7.5 2.5 2 1 3 4 4
-2777.9 -6261.3 12.1 12 0 19.5 16.2 10.0 2.5 2 0 4 3 3
-2795.9 -6285.6 11.6 22 0 10.3 9.9 5.0 2.5 2 0 2 3 3
-2807.1 -6327.5 11.6 54 0 8.8 6.3 5.0 2.5 2 0 2 5 5
-2758.0 -6297.5 13.2 210 0 18.7 14.7 7.5 2.5 2 0 3 3 3
-2742.8 -6272.7 13.3 222 0 12.5 9.8 7.5 2.5 2 0 3 2 2
-2664.7 -6279.8 12.4 302 0 8.7 10.5 5.0 2.5 4 1 2 5 5
-2655.4 -6348.0 11.0 27 0 8.1 6.7 5.0 2.5 2 0 2 3 3
-2603.5 -6334.3 10.0 193 0 10.9 10.0 10.0 2.5 2 0 4 1 1
-2621.2 -6269.9 9.3 119 0 8.8 10.2 7.5 2.5 2 1 3 1 1
-2584.3 -6239.9 6.4 40 0 9.8 8.7 7.5 2.5 2 0 3 2 2
-2704.0 -6213.2 13.3 116 0 7.0 9.5 7.5 2.5 2 1 3 0 0
-2714.8 -6188.1 13.4 221 0 13.7 10.2 2.5 2.5 2 0 1 4 4
-2683.2 -6179.1 13.4 221 0 7.2 6.2 5.0 2.5 2 0 2 3 3
-2687.8 -6160.2 13.4 221 0 13.2 16.0 2.5 2.5 2 1 1 3 3
-2661.5 -6114.4 11.2 216 0 12.1 18.1 7.5 2.5 2 1 3 4 4
-2647.4 -6087.4 11.1 224 0 15.1 11.3 5.0 2.5 2 0 2 3 3
-2629.4 -6070.0 11.4 226 0 6.4 7.2 10.0 2.5 2 1 4 4 4
-3465.2 -6229.8 4.0 355 0 9.2 10.7 7.5 2.5 2 1 3 2 2
-3472.9 -6209.2 3.0 336 0 11.3 10.2 7.5 2.5 2 0 3 4 4
-3358.4 -6114.8 2.8 275 0 12.7 16.1 5.0 2.5 2 1 2 2 2
-3196.8 -6118.3 2.7 88 0 6.0 10.5 5.0 2.5 4 1 2 3 3
-3092.5 -6120.3 3.1 184 0 13.4 10.5 5.0 0.0 0 0 2 3 3
-2989.2 -6106.6 4.0 273 0 14.3 9.9 7.5 2.5 2 0 3 0 0
-2969.3 -6158.6 4.7 97 0 14.2 18.7 10.0 2.5 2 1 4 5 5
-2919.2 -6168.3 6.5 93 0 6.9 10.1 7.5 0.0 0 1 3 1 1
-2847.4 -6170.3 9.3 31 0 20.7 11.5 7.5 2.5 2 0 3 4 4
-2743.3 -6183.3 13.4 26 0 26.8 14.8 7.5 2.5 2 0 3 0 0
-2831.7 -6088.3 10.2 51 0 7.4 7.0 2.5 2.5 2 0 1 5 5
-2803.3 -6044.5 10.1 304 0 7.6 8.2 7.5 0.0 0 1 3 1 1
-2681.4 -6064.4 13.0 86 0 7.9 8.2 10.0 2.5 4 1 4 2 2
-2720.6 -6025.7 11.5 261 0 11.8 22.3 5.0 2.5 2 1 2 0 0
-2718.3 -6082.6 12.4 171 0 34.0 9.9 12.5 2.5 2 0 5 0 0
-2689.2 -6096.0 12.9 79 0 11.3 31.7 10.0 2.5 2 1 4 3 3
-2703.5 -5936.8 10.1 237 0 8.7 17.8 7.5 2.5 2 1 3 0 0
-2680.8 -5963.2 10.9 329 0 14.6 9.5 7.5 2.5 2 0 3 4 4
-2664.8 -5989.1 11.8 327 0 14.3 9.4 2.5 2.5 4 0 1 2 2
-2582.8 -5984.1 11.7 353 0 19.1 10.7 7.5 2.5 2 0 3 4 4
-2606.6 -5925.3 10.4 337 0 20.5 9.9 5.0 2.5 2 0 2 4 4
-2623.6 -5785.1 4.4 348 0 9.2 8.0 5.0 2.5 2 0 2 3 3
-2748.5 -5657.2 2.1 92 0 10.7 11.8 5.0 2.5 2 1 2 2 2
-2764.8 -5648.0 2.4 180 0 9.3 7.2 5.0 2.5 2 0 2 1 1
-2705.8 -5631.5 1.1 356 0 10.0 10.3 7.5 0.0 0 1 3 1 1
-2722.1 -5558.6 -1.4 128 0 26.9 18.8 7.5 2.5 2 0 3 1 1
-2641.7 -5563.6 -2.6 68 0 8.5 18.7 5.0 0.0 0 1 2 2 2
-2616.2 -5552.0 -2.6 68 0 6.5 12.4 5.0 2.5 2 1 2 2 2
-2599.5 -5535.4 -2.3 338 0 12.1 12.5 2.5 2.5 2 1 1 1 1
-3253.6 -5922.8 0.0 44 0 7.3 9.1 2.5 2.5 2 1 1 2 2
-3331.6 -5924.5 1.5 96 0 9.2 11.2 7.5 2.5 2 1 3 0 0
2450.2 -2382.1 6.2 311 0 6.1 8.1 2.5 2.5 2 1 1 2 2
3471.8 -3297.2 3.1 99 0 7.1 10.0 7.5 2.5 2 1 3 5 5
-2984.6 -6419.8 7.0 182 0 12.0 11.8 5.0 2.5 2 0 2 3 3
-2957.1 -6476.1 5.4 102 0 10.5 11.0 10.0 2.5 2 1 4 5 5
-2880.9 -6493.0 7.0 92 0 12.2 11.5 7.5 2.5 2 0 3 3 3
-2902.9 -6464.4 7.8 87 0 8.9 7.7 5.0 2.5 2 0 2 4 4
-2832.8 -6495.5 8.8 91 0 9.0 11.5 7.5 2.5 2 1 3 1 1
-2795.8 -6429.5 10.8 344 0 6.8 6.9 7.5 2.5 2 1 3 0 0
-2800.3 -6418.0 10.9 344 0 7.3 10.5 5.0 2.5 2 1 2 1 1
-2777.4 -6496.8 10.0 251 0 15.7 7.2 5.0 2.5 2 0 2 0 0
-2754.4 -6525.3 9.6 338 0 10.8 8.7 10.0 2.5 4 0 4 2 2
-2780.9 -6641.3 5.9 59 0 9.4 9.6 7.5 2.5 4 1 3 5 5
-2727.6 -6641.3 6.9 251 0 6.0 8.8 2.5 2.5 2 1 1 3 3
-2749.1 -6558.6 8.9 331 0 13.2 8.0 10.0 2.5 2 0 4 2 2
-2716.2 -6616.3 7.8 71 0 8.1 11.1 5.0 2.5 2 1 2 4 4
-2707.9 -6639.5 7.0 260 0 13.9 11.7 10.0 0.0 0 0 4 5 5
-2678.0 -6732.6 4.8 66 0 10.4 8.7 5.0 2.5 2 0 2 2 2
-2536.7 -6811.1 -0.6 62 0 11.0 7.7 7.5 2.5 2 0 3 1 1
-2554.9 -6592.1 3.2 323 0 13.9 6.4 5.0 2.5 2 0 2 2 2
-2569.6 -6639.2 2.9 151 0 9.1 15.0 7.5 0.0 0 1 3 2 2
-2527.9 -6571.6 2.7 152 0 9.7 6.5 7.5 2.5 4 0 3 4 4
-2543.7 -6505.0 4.8 148 0 7.3 8.6 2.5 2.5 4 1 1 1 1
-2506.5 -6389.7 6.2 24 0 9.0 9.5 7.5 2.5 2 1 3 0 0
-2482.9 -6437.0 5.6 181 0 8.4 7.2 5.0 2.5 2 0 2 3 3
-2463.3 -6455.7 4.7 314 0 7.6 7.0 7.5 2.5 2 0 3 5 5
-2379.0 -6396.1 1.1 319 0 9.0 11.2 10.0 2.5 2 1 4 5 5
-2644.3 -6392.9 9.6 341 0 11.3 9.2 5.0 2.5 2 0 2 2 2
-2584.7 -6449.3 7.0 144 0 16.5 6.4 7.5 2.5 2 0 3 2 2
-2672.3 -6373.0 10.6 355 0 13.9 10.8 2.5 2.5 2 0 1 5 5
-2722.0 -6443.1 10.1 63 0 14.9 7.9 5.0 2.5 2 0 2 0 0
-2724.1 -6467.1 9.4 226 0 13.4 14.2 7.5 2.5 4 1 3 0 0
-2725.9 -6510.2 8.9 158 0 8.5 12.4 5.0 2.5 2 1 2 0 0
-2681.0 -6583.3 7.0 158 0 8.4 8.2 10.0 2.5 2 0 4 5 5
-2661.1 -6641.7 6.0 151 0 6.5 6.4 2.5 2.5 2 0 1 5 5
-2650.3 -6644.5 5.5 153 0 9.0 11.3 2.5 2.5 2 1 1 4 4
-2909.3 291.0 2.5 180 0 8.6 9.0 7.5 2.5 2 1 3 3 3
-2915.8 276.6 2.3 179 0 6.9 9.9 10.0 2.5 2 1 4 1 1
-3305.1 -290.2 -4.3 244 0 9.1 12.7 10.0 2.5 2 1 4 4 4
-3187.1 188.3 -0.1 272 0 8.1 8.1 7.5 2.5 2 0 3 4 4
-3549.9 -252.2 -2.6 127 0 7.6 8.2 10.0 2.5 2 1 4 0 0
-2899.0 415.4 2.1 273 0 6.6 30.3 7.5 0.0 0 1 3 4 4
-3497.0 -363.9 -2.8 259 0 9.2 9.5 7.5 2.5 2 1 3 1 1
-3306.6 -385.9 -4.9 153 0 9.8 15.3 5.0 2.5 2 1 2 3 3
-3256.9 -267.6 -5.0 275 0 7.2 9.1 7.5 2.5 2 1 3 1 1
-2920.6 221.7 0.2 180 0 8.9 10.7 7.5 2.5 2 1 3 0 0
-3392.4 72.1 -6.2 267 0 8.8 6.1 10.0 2.5 2 0 4 5 5
-3130.5 116.4 -2.6 86 0 10.4 7.1 5.0 2.5 2 0 2 3 3
-2909.1 88.4 -3.9 359 0 9.5 10.9 2.5 2.5 2 1 1 1 1
-3204.2 -167.0 -5.2 69 0 7.1 6.7 7.5 2.5 4 0 3 2 2
-3472.1 -451.0 -2.0 80 0 8.3 12.9 2.5 2.5 2 1 1 1 1
-1385.0 -733.5 -8.2 339 0 6.8 8.5 7.5 2.5 4 1 3 2 2
-3323.9 -6166.2 5.4 239 0 9.3 10.7 7.5 2.5 2 1 3 5 5
-3119.7 -6449.6 3.0 105 0 12.9 7.5 7.5 2.5 2 0 3 4 4
-3044.4 -6422.6 4.7 272 0 7.1 10.4 5.0 2.5 4 1 2 2 2
-3023.9 -6450.8 5.0 101 0 7.1 12.5 7.5 2.5 2 1 3 4 4
-2939.6 -6359.7 8.9 273 0 6.2 8.7 5.0 2.5 4 1 2 4 4
-2907.0 -6364.5 9.5 270 0 12.3 8.6 10.0 2.5 2 0 4 1 1
-3257.5 -6438.6 5.7 85 0 12.8 9.9 7.5 2.5 2 0 3 5 5
-2983.1 -6495.7 3.5 268 0 10.3 6.3 2.5 2.5 4 0 1 0 0
-2891.2 -6526.8 4.6 359 0 12.7 10.1 5.0 2.5 2 0 2 4 4
-2909.1 -6588.6 3.0 143 0 7.1 10.3 5.0 2.5 2 1 2 4 4
-2841.7 -6520.1 6.7 259 0 13.7 12.6 7.5 2.5 2 0 3 2 2
-2833.4 -6569.8 6.2 150 0 9.1 11.1 7.5 2.5 2 1 3 4 4
-482.0 -2541.8 -7.1 71 0 6.1 7.0 7.5 2.5 2 1 3 3 3
-3249.1 -6463.5 4.9 269 0 7.5 9.6 5.0 2.5 4 1 2 4 4
-3221.0 -6469.1 4.5 268 0 7.8 8.1 7.5 2.5 2 1 3 0 0
-3159.8 -6476.0 2.0 269 0 8.6 10.8 2.5 2.5 4 1 1 3 3
124.5 -5507.3 -5.9 92 0 7.2 7.4 7.5 2.5 4 1 3 3 3
-3041.9 3012.4 -12.4 89 0 9.6 14.5 2.5 0.0 0 1 1 2 2
-3339.3 2718.8 -8.1 288 0 6.6 10.7 5.0 2.5 2 1 2 0 0
-3742.5 2557.4 -7.9 248 0 7.5 7.5 5.0 0.0 0 0 2 2 2
-852.3 -3107.3 -5.3 86 0 6.7 6.1 5.0 2.5 2 0 2 0 0
3535.5 -3266.2 3.6 331 0 6.1 15.2 7.5 2.5 2 1 3 0 0
-1109.7 -6533.6 -3.9 335 0 16.0 7.9 2.5 2.5 2 0 1 0 0
-1001.5 -6718.5 -4.0 86 0 13.1 8.2 7.5 2.5 2 0 3 1 1
-1874.6 -4117.8 -0.4 310 0 9.8 12.8 5.0 0.0 0 1 2 0 0
-1744.3 -4207.0 -4.8 141 0 8.7 9.0 7.5 2.5 2 1 3 1 1
-1914.2 -4122.3 -0.2 216 0 8.0 8.0 7.5 2.5 2 1 3 2 2
-3645.2 -4035.0 -2.2 32 0 7.5 8.4 10.0 2.5 2 1 4 2 2
-3218.3 5115.1 -14.6 356 0 8.7 6.6 5.0 2.5 2 0 2 1 1
-3282.6 5182.6 -15.7 272 0 7.2 11.7 7.5 2.5 4 1 3 5 5
-3035.5 3030.6 -12.4 91 0 17.7 16.0 7.5 2.5 2 0 3 5 5
-3368.9 4462.6 -13.5 269 0 7.0 8.9 7.5 2.5 2 1 3 2 2
-1888.7 -4449.1 -1.3 254 0 10.6 7.5 5.0 2.5 2 0 2 0 0
-137.0 657.4 -8.8 199 0 8.3 12.2 5.0 2.5 4 1 2 5 5
-2165.6 3327.0 -11.6 99 0 6.8 7.6 7.5 2.5 2 1 3 1 1
-2940.5 -6159.7 5.4 106 0 12.6 9.1 10.0 2.5 2 0 4 1 1
-2612.0 -6065.7 11.0 232 0 11.2 8.1 7.5 2.5 2 0 3 0 0
-2578.8 -5703.3 1.1 276 0 13.0 15.2 5.0 2.5 2 1 2 0 0
-788.0 -2115.2 -7.7 84 0 6.7 6.1 7.5 2.5 2 0 3 5 5
-2703.8 -6821.7 1.4 316 0 7.5 6.7 7.5 2.5 2 0 3 3 3
-2730.7 -6813.8 1.1 309 0 14.5 11.8 10.0 2.5 2 0 4 0 0
-1143.8 -6838.5 -1.4 60 0 7.6 8.0 14.0 3.5 2 1 4 2 2
-1119.4 -6822.3 -1.9 339 0 6.3 9.3 14.0 3.5 2 1 4 4 4
3964.7 -3629.5 3.4 359 0 7.3 8.1 7.5 2.5 2 1 3 5 5
-2484.8 -6404.5 5.6 207 0 6.3 7.2 5.0 2.5 2 1 2 4 4
-2642.7 -6738.5 3.9 323 0 11.2 8.8 7.5 2.5 2 0 3 3 3
-2643.0 -6791.2 2.3 89 0 6.5 9.0 5.0 2.5 4 1 2 0 0
-2646.3 -6673.2 5.2 104 0 8.1 13.9 7.5 2.5 2 1 3 1 1
-2202.5 3222.1 -9.1 263 0 48.1 26.2 10.0 2.5 2 0 4 3 3
-6236.1 -203.9 3.6 85 0 11.7 10.0 5.0 2.5 2 0 2 1 1
-6215.8 -153.5 2.0 346 0 6.6 8.7 2.5 2.5 2 1 1 0 0
-6168.9 -136.9 1.6 76 0 12.5 7.9 5.0 2.5 2 0 2 5 5
-6140.6 -137.9 2.4 346 0 10.0 10.1 7.5 2.5 2 1 3 5 5
-6169.2 -87.6 -0.1 325 0 7.8 7.8 5.0 2.5 2 0 2 5 5
-6056.1 -593.1 2.1 159 0 11.9 9.0 7.5 2.5 2 0 3 4 4
-6006.3 -525.9 1.7 236 0 7.5 6.1 2.5 2.5 2 0 1 3 3
-5983.4 -515.8 1.6 340 0 9.6 10.1 7.5 2.5 2 1 3 0 0
-6094.7 -504.8 0.4 326 0 9.5 10.0 7.5 0.0 0 1 3 0 0
-6148.6 -491.5 0.4 138 0 9.9 8.4 7.5 0.0 0 0 3 1 1
-6084.0 -382.0 1.7 227 0 12.9 9.0 7.5 2.5 2 0 3 1 1
-5760.8 -1313.2 1.8 125 0 11.7 10.2 10.0 2.5 2 0 4 0 0
-5817.0 -1274.0 1.2 160 0 13.5 9.8 10.0 2.5 2 0 4 5 5
-5838.1 -1218.0 1.5 347 0 8.3 9.8 10.0 2.5 2 1 4 1 1
-5848.3 -1171.6 1.2 352 0 11.8 20.0 5.0 2.5 2 1 2 0 0
-5882.1 -1142.8 0.7 182 0 7.0 12.3 5.0 2.5 2 1 2 4 4
-5902.7 -1108.1 -0.0 159 0 9.2 13.7 5.0 0.0 0 1 2 3 3
-5928.0 -1033.8 -1.1 158 0 6.9 10.6 7.5 2.5 2 1 3 4 4
-5942.1 -860.5 1.4 70 0 7.9 8.0 10.0 2.5 2 1 4 4 4
-5970.2 -819.4 1.8 158 0 7.2 19.1 5.0 2.5 2 1 2 4 4
-5940.9 -803.0 1.8 343 0 7.0 10.7 5.0 2.5 2 1 2 4 4
-6009.6 -668.1 3.5 63 0 8.1 9.6 7.5 2.5 2 1 3 0 0
-6117.5 -651.4 2.2 248 0 7.5 6.7 5.0 2.5 2 0 2 0 0
-6080.6 -615.6 2.0 331 0 6.7 16.8 2.5 0.0 0 1 1 0 0
-6163.1 -886.2 -0.6 250 0 7.1 8.8 5.0 2.5 4 1 2 2 2
-6135.4 -875.8 0.2 255 0 13.7 10.5 5.0 2.5 4 0 2 0 0
-6036.0 -763.3 3.2 354 0 10.9 11.2 7.5 2.5 2 1 3 0 0
-6054.0 -681.2 3.4 340 0 7.5 7.5 10.0 2.5 2 0 4 1 1
-5960.9 -1038.1 -0.4 355 0 11.6 7.1 7.5 2.5 2 0 3 2 2
-5950.9 -1085.9 -1.5 340 0 8.2 8.5 7.5 2.5 2 1 3 3 3
-5917.9 -1164.4 0.1 337 0 7.2 7.9 7.5 2.5 2 1 3 0 0
-5912.6 -1186.2 0.5 341 0 14.4 8.7 10.0 2.5 2 0 4 1 1
-5972.1 -951.4 0.8 333 0 8.3 8.0 10.0 2.5 2 0 4 0 0
-6057.4 -922.0 1.5 91 0 15.7 11.7 10.0 2.5 2 0 4 5 5
-6157.1 -920.6 -0.8 180 0 6.1 7.3 7.5 0.0 0 1 3 3 3
-6396.9 -562.0 -0.2 80 0 10.3 17.4 10.0 2.5 2 1 4 5 5
-6447.5 -559.7 -0.0 269 0 7.4 7.2 5.0 2.5 2 0 2 0 0
-6498.8 -539.1 0.1 211 0 7.0 14.0 2.5 2.5 2 1 1 4 4
-6398.3 -497.2 -0.2 158 0 11.9 10.7 7.5 2.5 2 0 3 3 3
-6411.2 -438.5 -0.3 172 0 11.6 8.4 2.5 2.5 2 0 1 5 5
-6424.9 -421.6 -0.3 170 0 10.1 11.0 10.0 2.5 2 1 4 4 4
-6441.2 -376.1 0.8 172 0 19.0 13.5 12.5 2.5 2 0 5 3 3
-6612.0 -405.5 0.9 258 0 9.6 6.2 2.5 2.5 2 0 1 0 0
-6688.2 -252.8 -0.4 174 0 8.0 15.4 2.5 2.5 2 1 1 5 5
-6700.1 -328.5 -0.6 343 0 10.3 10.4 10.0 2.5 2 1 4 0 0
-6755.3 -336.3 -0.8 241 0 16.5 9.8 7.5 0.0 0 0 3 5 5
-6802.1 -349.9 -0.9 246 0 7.1 11.0 7.5 2.5 2 1 3 3 3
-6747.1 -586.3 -5.9 194 0 10.4 8.2 5.0 2.5 2 0 2 1 1
-6721.3 -639.4 -4.1 87 0 10.3 6.7 7.5 2.5 2 0 3 2 2
-6563.4 -556.1 0.3 1 0 6.1 7.9 10.0 2.5 2 1 4 5 5
-6306.8 -703.9 -1.0 267 0 6.7 6.6 7.5 2.5 2 0 3 5 5
-6285.2 -677.8 -0.9 169 0 11.8 13.6 2.5 2.5 2 1 1 4 4
-6240.7 -743.2 -1.5 68 0 14.1 9.0 10.0 2.5 4 0 4 0 0
-6278.7 -748.5 -1.5 67 0 7.4 8.6 5.0 2.5 2 1 2 5 5
-6472.4 -826.3 -4.8 75 0 19.2 11.1 7.5 2.5 2 0 3 4 4
-6513.4 -776.4 -5.0 255 0 9.6 13.3 7.5 2.5 2 1 3 2 2
-6461.0 346.2 -0.0 347 0 9.6 12.0 10.0 2.5 2 1 4 0 0
-6493.7 436.4 -2.6 2 0 12.3 13.8 7.5 2.5 2 1 3 4 4
-6534.0 501.0 -3.6 253 0 8.3 10.7 5.0 2.5 2 1 2 5 5
-6524.1 322.6 -1.6 75 0 7.0 7.3 10.0 0.0 0 1 4 2 2
-6572.7 372.1 -2.1 180 0 6.5 12.0 5.0 2.5 2 1 2 5 5
-6567.4 452.3 -3.5 183 0 7.4 7.9 7.5 2.5 2 1 3 3 3
-6565.3 464.0 -3.6 185 0 10.8 8.9 2.5 2.5 2 0 1 4 4
-6571.0 508.1 -3.6 268 0 6.6 6.9 5.0 2.5 2 1 2 2 2
-6538.2 597.4 -3.9 64 0 8.2 7.6 10.0 2.5 4 0 4 2 2
-6397.1 637.1 -3.6 248 0 6.8 6.4 10.0 2.5 2 0 4 0 0
-6785.5 -247.1 -1.9 358 0 9.0 19.7 10.0 2.5 2 1 4 5 5
-6677.1 -191.6 1.4 259 0 7.5 9.3 7.5 2.5 2 1 3 0 0
-6649.9 -199.1 1.5 260 0 8.8 8.4 7.5 2.5 2 0 3 0 0
-6684.7 -17.2 -2.1 105 0 21.5 10.6 7.5 2.5 2 0 3 1 1
-6449.6 -94.8 2.7 353 0 10.6 12.1 5.0 2.5 2 1 2 3 3
-6453.7 -156.1 2.7 345 0 11.7 7.8 7.5 2.5 2 0 3 2 2
-6499.9 -103.3 3.1 351 0 10.9 11.2 10.0 2.5 2 1 4 1 1
-6528.9 -139.7 3.1 79 0 19.6 9.0 2.5 2.5 2 0 1 2 2
-6534.7 -177.4 2.7 80 0 8.5 28.6 7.5 0.0 0 1 3 4 4
-6513.6 -174.0 2.7 80 0 9.5 28.4 10.0 2.5 2 1 4 1 1
-6465.4 -278.6 1.6 174 0 10.9 15.1 7.5 2.5 2 1 3 5 5
-6427.8 -287.8 2.2 72 0 6.5 20.8 5.0 2.5 2 1 2 0 0
-6393.8 -245.4 3.2 78 0 11.3 20.3 10.0 2.5 2 1 4 0 0
-6398.0 -207.7 3.3 257 0 22.1 8.4 7.5 2.5 2 0 3 3 3
-6436.2 -208.9 2.5 250 0 17.9 11.0 10.0 2.5 2 0 4 1 1
-6390.6 -371.9 1.6 256 0 8.4 14.0 7.5 0.0 0 1 3 4 4
-6351.5 -499.2 -0.2 334 0 8.3 12.4 7.5 2.5 2 1 3 4 4
-6248.5 -938.1 -2.7 183 0 8.2 6.9 7.5 2.5 2 0 3 5 5
-6282.3 -522.8 1.0 63 0 9.1 10.1 7.5 2.5 2 1 3 3 3
-6311.0 -323.1 4.1 88 0 21.2 10.1 7.5 0.0 0 0 3 4 4
-6283.7 -290.6 5.1 343 0 6.2 7.3 7.5 2.5 2 1 3 5 5
-6281.1 -112.8 3.0 182 0 8.2 9.3 10.0 2.5 2 1 4 0 0
-6359.9 -58.0 2.9 78 0 10.8 21.9 7.5 2.5 2 1 3 3 3
-6366.6 -11.3 3.0 320 0 12.9 7.8 7.5 2.5 2 0 3 1 1
-6242.9 28.1 2.7 342 0 15.2 14.0 5.0 2.5 2 0 2 3 3
-6248.6 81.5 2.9 270 0 9.1 11.3 10.0 2.5 2 1 4 4 4
-6262.8 205.8 3.2 250 0 7.2 10.4 7.5 2.5 2 1 3 0 0
-6252.5 158.3 3.7 348 0 9.7 21.8 5.0 2.5 2 1 2 5 5
-6292.5 104.3 3.3 180 0 7.8 17.5 7.5 2.5 2 1 3 1 1
-6397.1 114.3 1.0 340 0 15.5 12.0 7.5 2.5 2 0 3 3 3
-6416.0 151.2 0.3 356 0 9.7 11.1 10.0 2.5 2 1 4 0 0
-6694.7 269.5 -3.3 197 0 8.0 13.4 2.5 2.5 2 1 1 3 3
-6591.0 271.2 -2.5 182 0 7.8 9.3 7.5 2.5 2 1 3 0 0
-6508.6 291.7 -1.1 174 0 6.0 6.5 2.5 0.0 0 1 1 3 3
-6503.4 240.5 0.0 176 0 9.3 11.5 7.5 2.5 4 1 3 0 0
-6502.5 55.7 1.0 267 0 11.3 10.1 2.5 2.5 2 0 1 4 4
-6500.3 31.6 1.0 352 0 11.7 8.1 7.5 0.0 0 0 3 5 5
-6566.2 47.9 -0.3 255 0 8.2 10.7 2.5 0.0 0 1 1 4 4
-6803.7 -121.6 -1.0 328 0 10.8 11.3 5.0 2.5 2 1 2 0 0
-6783.4 -148.6 -0.1 276 0 10.8 10.3 5.0 2.5 2 0 2 4 4
-6830.9 -190.7 -1.9 101 0 14.9 14.2 7.5 2.5 2 0 3 3 3
-6876.5 -88.5 -2.6 289 0 13.1 11.9 5.0 2.5 2 0 2 1 1
-6871.9 160.9 -3.7 217 0 10.0 14.0 5.0 2.5 2 1 2 1 1
-6873.8 83.1 -3.2 145 0 8.7 10.1 5.0 2.5 2 1 2 1 1
-4482.0 6462.1 4.0 319 0 11.6 9.8 7.5 2.5 2 0 3 5 5
-4149.7 2409.4 -8.3 253 0 6.4 11.7 7.5 2.5 2 1 3 4 4
-4188.9 2395.3 -8.7 253 0 7.3 11.4 7.5 2.5 4 1 3 4 4
-2874.2 1106.6 -9.1 89 0 9.2 11.7 7.5 0.0 0 1 3 5 5
-2909.9 509.0 -1.5 268 0 11.1 22.5 12.5 2.5 2 1 5 3 3
-2856.7 476.2 0.8 0 0 10.6 8.6 7.5 2.5 2 0 3 2 2
-5347.3 2742.1 -4.3 239 0 6.8 6.0 5.0 2.5 2 0 2 3 3
-5289.4 2678.2 -2.9 333 0 6.6 8.9 5.0 2.5 2 1 2 3 3
-5289.0 2592.9 -0.3 166 0 7.1 7.0 10.0 2.5 2 0 4 0 0
-5255.2 2586.0 0.4 344 0 6.1 20.9 2.5 2.5 2 1 1 4 4
-4818.5 2695.7 -7.3 354 0 9.4 7.6 5.0 2.5 2 0 2 1 1
-5080.4 -163.2 0.3 274 0 10.6 11.1 5.0 2.5 2 1 2 3 3
-5098.1 -226.6 0.3 181 0 11.7 12.4 7.5 0.0 0 1 3 2 2
-5096.6 -256.2 0.3 178 0 8.3 8.8 7.5 0.0 0 1 3 1 1
-5075.6 -306.3 0.8 177 0 8.8 10.7 2.5 2.5 2 1 1 0 0
-5070.1 -346.3 0.7 177 0 8.4 6.0 7.5 2.5 2 0 3 3 3
-5075.9 -574.6 1.6 359 0 8.9 10.0 7.5 2.5 2 1 3 3 3
-4897.2 -629.7 7.9 46 0 8.8 7.0 2.5 2.5 2 0 1 4 4
-5149.8 -675.6 4.2 41 0 8.0 14.3 7.5 2.5 4 1 3 0 0
-5061.1 -721.9 6.4 227 0 22.2 10.5 7.5 2.5 2 0 3 0 0
-5185.6 -797.5 6.2 245 0 6.2 9.6 7.5 2.5 2 1 3 1 1
-5212.0 -857.4 7.0 235 0 9.1 10.8 7.5 2.5 2 1 3 2 2
-5235.4 -894.9 7.3 144 0 7.9 9.4 7.5 2.5 4 1 3 4 4
-5390.1 -1217.4 5.4 176 0 9.2 6.2 7.5 2.5 2 0 3 0 0
-5415.5 -1311.4 5.2 284 0 11.4 9.8 7.5 2.5 2 0 3 5 5
-5424.3 -1421.0 6.0 15 0 15.0 7.7 5.0 2.5 2 0 2 5 5
-5431.4 -1437.7 6.4 19 0 12.2 8.0 10.0 2.5 2 0 4 5 5
-5562.9 -912.4 3.3 55 0 6.5 10.6 7.5 2.5 2 1 3 4 4
-5613.9 -757.8 5.3 349 0 8.8 8.5 5.0 2.5 2 0 2 2 2
-4648.7 -334.2 5.9 28 0 6.2 7.4 7.5 2.5 2 1 3 2 2
-4612.6 -312.7 6.5 51 0 14.9 17.0 10.0 2.5 4 1 4 3 3
-4572.7 -285.3 6.4 53 0 13.2 16.6 5.0 2.5 2 1 2 4 4
-4619.3 -182.6 2.2 69 0 7.3 11.0 10.0 2.5 2 1 4 0 0
-4586.0 -214.9 4.9 62 0 13.0 7.7 7.5 2.5 2 0 3 0 0
-4488.0 -213.7 5.3 146 0 9.6 8.2 5.0 2.5 4 0 2 1 1
-4496.3 -217.5 5.4 147 0 12.4 7.7 10.0 2.5 2 0 4 5 5
-4446.4 -183.9 5.4 134 0 10.3 9.4 7.5 2.5 2 0 3 2 2
-4362.5 -108.6 4.8 44 0 11.1 7.9 5.0 2.5 2 0 2 5 5
-4495.8 8.8 -1.3 307 0 10.0 11.9 7.5 2.5 2 1 3 2 2
-4525.1 33.8 -1.5 40 0 7.7 10.9 2.5 2.5 4 1 1 1 1
-4588.0 62.7 -2.4 144 0 7.0 11.3 7.5 2.5 2 1 3 1 1
-4598.1 130.1 -2.9 179 0 10.9 7.1 10.0 2.5 2 0 4 1 1
-4619.1 179.9 -3.7 161 0 13.9 10.3 7.5 2.5 2 0 3 3 3
-4622.5 223.4 -3.6 188 0 8.6 6.2 5.0 2.5 2 0 2 1 1
-4626.7 258.3 -3.4 164 0 7.4 7.5 2.5 0.0 0 1 1 1 1
-4637.3 328.6 -2.9 177 0 6.0 6.9 7.5 2.5 4 1 3 0 0
-4635.5 342.7 -2.8 177 0 8.2 9.7 5.0 2.5 2 1 2 3 3
-4641.9 387.9 -2.6 186 0 8.6 6.7 7.5 2.5 2 0 3 4 4
-4647.2 420.4 -3.2 163 0 13.3 8.1 10.0 0.0 0 0 4 0 0
-4638.6 452.2 -3.2 278 0 8.6 7.7 7.5 2.5 2 0 3 3 3
-4171.7 44.0 3.3 131 0 16.7 10.4 7.5 2.5 4 0 3 4 4
-4572.8 -385.2 5.7 56 0 11.6 20.0 2.5 0.0 0 1 1 5 5
-4638.7 -400.5 6.2 135 0 6.5 15.1 7.5 2.5 2 1 3 3 3
-4655.3 -445.3 5.8 309 0 9.0 8.3 7.5 2.5 2 0 3 4 4
-4848.0 -557.1 5.7 54 0 11.8 29.8 10.0 2.5 2 1 4 2 2
-4823.0 -538.2 4.9 55 0 10.8 28.5 12.5 2.5 2 1 5 3 3
-4860.8 -485.5 3.9 234 0 9.5 19.4 7.5 2.5 2 1 3 2 2
-4898.2 -496.0 4.1 318 0 14.5 7.7 2.5 2.5 2 0 1 3 3
-4933.3 -536.0 5.1 56 0 10.6 13.5 7.5 2.5 2 1 3 5 5
-4963.1 -502.8 4.0 147 0 12.5 10.9 7.5 2.5 2 0 3 3 3
-4939.4 -458.7 3.0 229 0 10.0 13.4 7.5 2.5 2 1 3 0 0
-4913.9 -434.8 3.0 228 0 9.8 12.6 2.5 2.5 2 1 1 3 3
-5003.2 -440.3 2.1 75 0 6.1 7.3 5.0 2.5 2 1 2 3 3
-5022.6 -353.3 1.7 338 0 9.2 10.2 10.0 2.5 2 1 4 5 5
-5012.4 -230.7 2.4 1 0 9.2 6.0 7.5 2.5 2 0 3 5 5
-5018.1 -186.6 1.1 191 0 10.7 9.8 5.0 2.5 2 0 2 2 2
-5034.0 -80.2 -1.7 89 0 10.1 13.9 10.0 2.5 2 1 4 0 0
-5027.9 -27.9 -2.1 268 0 10.1 8.5 7.5 2.5 2 0 3 3 3
-5098.9 -68.0 -2.5 277 0 11.5 10.4 10.0 2.5 2 0 4 4 4
-5082.6 -113.3 -1.4 83 0 11.9 11.8 5.0 2.5 2 0 2 5 5
-5159.0 -127.8 -2.0 84 0 6.3 8.8 7.5 2.5 2 1 3 0 0
-4474.5 713.7 -5.6 318 0 13.7 11.9 5.0 2.5 2 0 2 1 1
-4421.3 742.4 -3.9 246 0 8.7 10.0 7.5 2.5 2 1 3 4 4
-4384.1 777.1 -4.3 180 0 8.0 10.3 5.0 2.5 4 1 2 2 2
-4341.1 716.1 -4.2 68 0 7.9 9.7 2.5 2.5 4 1 1 5 5
-4311.1 725.6 -4.5 358 0 9.1 8.8 5.0 0.0 0 0 2 5 5
-4393.8 701.0 -3.9 76 0 7.3 7.3 7.5 2.5 4 1 3 1 1
-4436.6 654.8 -3.4 48 0 6.2 7.1 10.0 2.5 2 1 4 0 0
-4395.5 554.2 -3.5 275 0 7.1 9.5 5.0 2.5 2 1 2 2 2
-4362.9 555.9 -3.9 257 0 12.0 7.9 7.5 2.5 2 0 3 0 0
-4332.4 548.8 -4.2 95 0 10.0 7.9 5.0 2.5 2 0 2 5 5
-4280.8 562.9 -4.9 270 0 14.4 13.0 2.5 2.5 4 0 1 0 0
-4168.2 595.2 -6.0 296 0 11.3 13.5 7.5 2.5 4 1 3 3 3
-4132.9 577.6 -6.1 315 0 11.3 11.5 10.0 0.0 0 1 4 2 2
-4114.4 546.1 -5.4 301 0 10.7 10.3 10.0 0.0 0 0 4 1 1
-4093.8 504.5 -3.0 316 0 12.8 17.9 5.0 2.5 4 1 2 3 3
-4007.0 419.3 -0.2 301 0 11.0 9.3 5.0 0.0 0 0 2 0 0
-4237.1 517.7 -5.3 80 0 7.9 11.7 7.5 2.5 2 1 3 0 0
-4184.0 447.7 -3.8 66 0 14.1 10.3 2.5 2.5 2 0 1 3 3
-4126.5 458.2 -2.4 141 0 7.3 11.1 10.0 2.5 2 1 4 0 0
-4069.6 402.3 -1.4 125 0 8.6 13.6 5.0 2.5 4 1 2 1 1
-4028.2 374.1 -0.1 143 0 9.8 7.0 5.0 2.5 2 0 2 1 1
-3999.9 358.2 1.0 148 0 8.0 6.1 10.0 2.5 2 0 4 2 2
-3972.7 320.8 2.2 52 0 9.5 10.5 7.5 2.5 2 1 3 0 0
-4000.4 269.6 2.2 141 0 9.0 10.3 5.0 2.5 2 1 2 5 5
-4276.2 338.1 -1.2 156 0 6.1 8.7 7.5 2.5 4 1 3 4 4
-4212.3 316.3 0.3 324 0 11.6 10.6 5.0 2.5 4 0 2 2 2
-4147.4 325.0 -0.5 334 0 11.5 15.4 10.0 2.5 4 1 4 1 1
-4161.9 265.6 1.8 158 0 9.2 8.7 10.0 2.5 2 0 4 2 2
-4082.7 207.4 3.0 307 0 10.3 8.3 5.0 2.5 4 0 2 1 1
-4278.1 308.1 0.1 182 0 9.2 10.0 10.0 0.0 0 1 4 5 5
-4240.3 272.6 0.9 145 0 10.4 11.0 2.5 2.5 2 1 1 5 5
-4372.9 459.0 -3.4 2 0 10.0 14.4 2.5 2.5 2 1 1 5 5
-4370.6 371.7 -3.2 342 0 9.1 9.2 5.0 2.5 2 1 2 0 0
-4366.7 330.7 -2.6 351 0 7.9 11.3 7.5 2.5 4 1 3 4 4
-4333.3 212.3 3.0 240 0 14.2 12.2 7.5 2.5 2 0 3 4 4
-4306.9 182.3 4.2 327 0 8.5 11.5 7.5 2.5 2 1 3 1 1
-4128.1 157.1 4.8 33 0 12.0 10.8 2.5 2.5 4 0 1 4 4
-4465.7 626.6 -3.2 145 0 6.8 6.9 7.5 2.5 2 1 3 1 1
-4447.3 598.7 -3.2 355 0 8.4 13.6 7.5 2.5 2 1 3 2 2
-4454.4 539.1 -3.1 168 0 10.1 6.5 7.5 2.5 2 0 3 4 4
-4447.2 504.9 -3.0 262 0 8.5 7.9 2.5 2.5 2 0 1 2 2
-4444.8 480.3 -3.0 261 0 11.2 9.4 10.0 2.5 2 0 4 4 4
-4435.9 359.4 -2.4 178 0 10.1 10.6 7.5 2.5 4 1 3 0 0
-4430.2 306.5 -1.9 163 0 11.9 23.4 7.5 2.5 2 1 3 1 1
-4446.4 261.1 -0.7 165 0 7.4 8.5 7.5 2.5 2 1 3 0 0
-4417.0 270.7 -1.2 73 0 10.1 10.7 5.0 2.5 2 1 2 0 0
-4396.2 225.8 -0.5 344 0 12.6 12.5 2.5 2.5 2 0 1 2 2
-4399.0 193.2 0.8 160 0 11.3 8.6 5.0 2.5 2 0 2 0 0
-4386.3 159.4 1.9 144 0 11.6 15.8 7.5 2.5 2 1 3 5 5
-4327.7 102.7 4.3 35 0 7.2 6.3 7.5 2.5 2 0 3 3 3
-4238.5 57.3 5.9 136 0 10.3 11.1 7.5 2.5 2 1 3 4 4
-4262.1 18.2 6.3 119 0 9.8 10.2 7.5 2.5 2 1 3 0 0
-4303.7 -42.9 6.7 44 0 11.9 16.0 2.5 2.5 2 1 1 0 0
-4326.3 -63.4 6.9 36 0 14.7 7.1 5.0 2.5 2 0 2 2 2
-4413.6 -19.1 3.4 47 0 11.3 10.5 10.0 2.5 2 0 4 1 1
-4434.4 33.9 1.0 288 0 11.2 14.6 10.0 2.5 2 1 4 0 0
-4506.3 79.9 0.1 37 0 7.5 10.7 7.5 2.5 2 1 3 1 1
-4554.4 160.8 -2.1 270 0 7.8 9.5 7.5 2.5 2 1 3 0 0
-4572.7 288.8 -2.4 350 0 9.3 8.3 5.0 2.5 2 0 2 2 2
-4597.4 406.4 -2.1 358 0 9.6 7.6 5.0 2.5 2 0 2 0 0
-4604.7 446.9 -1.9 265 0 9.3 10.5 5.0 2.5 2 1 2 3 3
-4603.0 518.0 -3.1 320 0 7.8 14.4 5.0 2.5 2 1 2 3 3
-4647.2 525.4 -3.3 243 0 13.7 15.8 7.5 2.5 4 1 3 5 5
-4149.1 -1251.5 10.7 308 0 13.4 11.6 7.5 2.5 2 0 3 2 2
-4068.9 -1189.2 7.2 190 0 11.3 16.1 2.5 2.5 2 1 1 5 5
-4126.8 -1165.3 10.1 29 0 6.3 8.0 5.0 2.5 4 1 2 4 4
-4205.6 -1124.5 11.3 203 0 10.6 13.4 7.5 2.5 2 1 3 3 3
-4032.5 -1139.8 6.3 20 0 10.6 12.8 5.0 0.0 0 1 2 5 5
-4153.1 -1054.1 9.2 359 0 12.1 20.3 7.5 2.5 4 1 3 2 2
-4240.6 -1071.5 11.2 192 0 7.6 10.5 7.5 2.5 2 1 3 3 3
-4257.3 -990.0 9.0 273 0 9.7 6.2 5.0 2.5 2 0 2 5 5
-4458.0 -1008.2 8.4 356 0 13.0 13.8 10.0 2.5 2 1 4 1 1
-4454.2 -967.6 7.5 276 0 10.9 7.6 7.5 2.5 2 0 3 1 1
-4312.6 -974.1 7.0 268 0 7.6 10.4 5.0 2.5 2 1 2 5 5
-4300.5 -1053.2 10.2 8 0 10.1 8.4 5.0 2.5 2 0 2 4 4
-4465.8 -1052.6 9.5 355 0 8.1 8.8 2.5 2.5 2 1 1 2 2
-4435.4 -1102.6 10.6 51 0 11.7 14.1 10.0 2.5 2 1 4 1 1
-4451.8 -1144.3 11.8 0 0 10.4 9.4 7.5 2.5 2 0 3 2 2
-4452.7 -1176.5 12.7 347 0 12.4 9.4 7.5 2.5 4 0 3 4 4
-4453.8 -1223.9 13.6 0 0 10.9 13.5 2.5 0.0 0 1 1 0 0
-4305.6 -1101.4 11.8 7 0 10.6 9.2 7.5 2.5 2 0 3 0 0
-4301.2 -1140.7 12.4 7 0 15.9 11.5 2.5 2.5 2 0 1 0 0
-4317.5 -1179.1 13.0 187 0 14.7 11.9 7.5 2.5 2 0 3 2 2
-4312.4 -1222.2 13.4 180 0 8.9 12.2 2.5 2.5 2 1 1 0 0
-4326.7 -1264.4 13.3 212 0 14.5 8.1 7.5 2.5 2 0 3 0 0
-4468.7 -1265.4 13.7 0 0 12.1 7.5 7.5 2.5 2 0 3 2 2
-4367.7 -1452.9 14.5 155 0 15.6 12.2 10.0 2.5 2 0 4 3 3
-4669.0 -1503.5 12.9 7 0 8.9 7.4 7.5 0.0 0 0 3 3 3
-4676.1 -1096.0 10.5 188 0 10.0 15.1 5.0 2.5 2 1 2 2 2
-4684.8 -1208.8 14.3 175 0 9.7 18.3 5.0 2.5 2 1 2 1 1
-4680.1 -1296.4 16.0 358 0 8.6 7.4 10.0 2.5 4 0 4 3 3
-4549.3 -1272.5 15.1 180 0 6.5 8.2 5.0 2.5 2 1 2 4 4
-4515.4 -1289.4 14.8 90 0 7.9 6.2 7.5 2.5 2 0 3 4 4
-4510.2 -1170.5 12.8 90 0 7.6 10.9 7.5 2.5 2 1 3 3 3
-4511.1 -1140.6 11.8 180 0 10.7 13.2 7.5 2.5 2 1 3 0 0
-4514.9 -1098.6 10.5 184 0 8.3 7.1 2.5 2.5 4 0 1 2 2
-4512.3 -1061.5 9.6 180 0 11.5 7.3 7.5 2.5 2 0 3 3 3
-4510.1 -1010.0 8.3 190 0 8.2 10.4 7.5 2.5 2 1 3 1 1
-4515.4 -958.9 7.1 271 0 14.4 13.0 2.5 2.5 4 0 1 4 4
-4656.7 -668.0 6.0 7 0 9.2 11.4 7.5 2.5 2 1 3 2 2
-4641.5 -577.7 7.4 14 0 8.0 9.7 7.5 2.5 2 1 3 2 2
-4593.3 -514.1 6.2 46 0 12.7 8.4 5.0 2.5 2 0 2 5 5
-4709.5 -709.8 6.4 92 0 8.4 10.9 5.0 2.5 2 1 2 0 0
-4869.2 -827.4 10.1 345 0 11.6 7.5 5.0 2.5 2 0 2 1 1
-4883.0 -911.4 12.3 90 0 11.2 9.8 5.0 2.5 2 0 2 4 4
-4720.7 -871.8 7.7 270 0 8.2 13.6 5.0 2.5 2 1 2 0 0
-4726.8 -926.3 8.3 180 0 9.6 16.6 7.5 2.5 2 1 3 3 3
-4888.7 -1118.9 13.3 270 0 9.0 8.9 10.0 2.5 2 0 4 3 3
-4882.0 -1292.5 13.9 3 0 17.2 11.2 5.0 2.5 2 0 2 2 2
-4737.3 -1476.9 13.3 78 0 7.0 10.3 10.0 2.5 2 1 4 0 0
-4731.5 -1446.5 14.3 176 0 8.0 8.2 7.5 2.5 2 1 3 1 1
-4721.2 -1418.3 14.8 345 0 9.1 12.8 7.5 2.5 2 1 3 1 1
-4717.4 -1338.7 15.9 13 0 7.3 9.1 7.5 2.5 2 1 3 4 4
-4951.2 -1475.2 12.0 181 0 8.3 10.3 7.5 2.5 2 1 3 2 2
-5092.3 -1383.8 14.3 266 0 6.6 8.6 7.5 2.5 4 1 3 4 4
-4932.1 -1336.1 14.4 197 0 9.9 6.6 7.5 2.5 2 0 3 3 3
-4931.5 -1234.3 13.3 182 0 15.4 12.0 10.0 2.5 4 0 4 4 4
-4933.3 -1095.4 14.1 198 0 9.6 9.7 10.0 2.5 4 1 4 0 0
-4931.5 -991.5 14.0 116 0 7.9 8.7 10.0 2.5 2 1 4 2 2
-4924.2 -971.1 14.2 274 0 6.6 12.5 7.5 2.5 2 1 3 2 2
-5183.1 -1452.1 14.3 264 0 10.6 6.8 7.5 2.5 2 0 3 2 2
-3270.0 4503.0 -13.9 180 0 14.9 8.4 2.5 2.5 2 0 1 1 1
-3298.7 4801.6 -13.0 360 0 6.8 10.9 10.0 2.5 2 1 4 3 3
-4188.6 -1299.5 9.2 29 0 33.8 8.3 12.5 2.5 2 0 5 5 5
-4203.5 -1290.2 9.6 29 0 33.2 8.2 10.0 0.0 0 0 4 0 0
-4214.5 -1264.2 10.0 299 0 9.1 33.5 10.0 2.5 2 1 4 5 5
-4231.4 -1255.5 10.5 299 0 9.5 33.7 10.0 0.0 0 1 4 4 4
-4254.2 -1241.7 11.7 301 0 9.2 34.8 5.0 2.5 2 1 2 3 3
-4289.5 -1293.3 11.4 209 0 27.6 9.7 7.5 2.5 2 0 3 1 1
-4269.0 -1321.3 10.5 121 0 8.2 29.7 5.0 2.5 2 1 2 1 1
-4241.7 -1319.5 10.0 31 0 29.9 8.0 5.0 2.5 2 0 2 5 5
-4225.5 -1328.4 9.4 30 0 29.9 9.2 7.5 2.5 2 0 3 3 3
-4211.2 -1337.6 8.8 31 0 30.1 7.0 7.5 2.5 2 0 3 0 0
-4195.1 -1347.2 8.4 30 0 37.4 8.4 7.5 2.5 2 0 3 1 1
-4213.0 -1377.3 8.5 34 0 16.1 9.1 7.5 2.5 4 0 3 2 2
-4228.4 -1373.0 9.0 31 0 12.5 11.3 2.5 2.5 2 0 1 2 2
-4245.4 -1361.6 9.7 28 0 12.4 8.5 7.5 2.5 2 0 3 3 3
-4275.6 -1369.6 10.1 119 0 9.1 27.8 10.0 2.5 2 1 4 5 5
-4292.9 -1363.8 10.5 120 0 8.8 38.4 10.0 0.0 0 1 4 2 2
-4315.0 -1354.6 11.1 122 0 14.2 32.2 5.0 2.5 2 1 2 2 2
-4329.6 -1382.6 11.0 215 0 7.1 7.4 7.5 2.5 2 1 3 3 3
-4160.7 -1494.3 6.3 15 0 6.3 17.9 7.5 2.5 4 1 3 3 3
-4189.5 -1462.2 7.2 308 0 13.2 10.6 5.0 2.5 2 0 2 3 3
-4253.5 -1407.3 9.3 345 0 10.1 14.5 7.5 2.5 2 1 3 1 1
-4258.5 -1438.9 9.1 1 0 8.0 7.8 2.5 2.5 2 0 1 0 0
-4238.5 -1447.7 8.5 347 0 9.4 15.6 5.0 2.5 2 1 2 2 2
-4287.5 -1458.1 9.9 171 0 9.8 15.3 7.5 2.5 2 1 3 0 0
-4300.2 -1416.0 9.9 173 0 10.6 15.9 2.5 2.5 2 1 1 3 3
-4334.2 -1423.4 11.7 170 0 8.0 17.0 7.5 2.5 2 1 3 0 0
-3913.6 78.4 -0.6 280 0 9.2 7.7 7.5 2.5 2 0 3 0 0
-3963.9 -21.0 0.3 52 0 6.7 7.1 7.5 2.5 2 1 3 3 3
-4016.6 -57.8 0.9 334 0 8.1 10.1 2.5 2.5 2 1 1 1 1
-4151.3 -136.9 1.5 245 0 11.1 12.6 7.5 2.5 2 1 3 0 0
-4213.1 -210.4 1.9 43 0 9.8 10.4 7.5 2.5 2 1 3 4 4
-4331.2 -296.9 1.8 234 0 10.2 8.5 5.0 2.5 2 0 2 3 3
-4269.8 -1507.8 8.5 162 0 6.9 20.4 7.5 2.5 2 1 3 0 0
-4215.4 -1504.3 7.2 105 0 8.8 8.7 5.0 2.5 4 0 2 2 2
-6244.0 4677.9 -5.2 53 0 7.8 13.5 5.0 2.5 2 1 2 3 3
-6176.0 4735.3 -6.2 322 0 8.9 14.7 7.5 2.5 2 1 3 2 2
-6783.9 1529.2 1.5 72 0 8.0 14.0 2.5 2.5 2 1 1 5 5
-4733.9 -1291.6 15.6 244 0 7.0 15.6 5.0 2.5 2 1 2 3 3
-2217.5 802.5 -5.2 56 0 6.8 9.4 7.5 2.5 4 1 3 4 4
-4435.8 454.7 -3.1 173 0 10.8 17.9 5.0 2.5 2 1 2 5 5
-4265.6 3215.6 -12.1 87 0 8.3 6.7 2.5 2.5 2 0 1 1 1
-6280.2 -300.2 5.0 335 0 7.8 7.4 7.5 2.5 2 0 3 3 3
-6568.7 321.0 -2.5 171 0 6.8 7.4 7.5 0.0 0 1 3 5 5
-6426.2 28.1 2.3 181 0 7.0 10.1 2.5 2.5 2 1 1 5 5
-6426.3 -42.4 2.8 62 0 8.5 13.4 5.0 2.5 2 1 2 0 0
-6406.8 618.7 -4.0 157 0 11.7 12.5 7.5 0.0 0 1 3 1 1
-6333.0 215.4 3.1 164 0 8.5 7.9 2.5 2.5 2 0 1 0 0
-6566.2 617.9 -3.8 344 0 8.6 6.1 7.5 2.5 2 0 3 3 3
-4885.8 -1340.2 14.5 359 0 9.3 13.2 7.5 2.5 2 1 3 2 2
-4892.4 -1383.3 14.8 91 0 9.0 10.9 5.0 0.0 0 1 2 2 2
-6304.4 -665.2 -0.7 155 0 7.7 10.0 7.5 2.5 2 1 3 1 1
-6530.2 -394.0 -0.1 256 0 15.0 10.0 5.0 2.5 2 0 2 4 4
-6593.3 -784.0 -3.7 243 0 7.0 6.6 5.0 2.5 2 0 2 0 0
127.6 -1030.3 -8.8 214 0 6.3 8.3 7.5 2.5 2 1 3 1 1
172.9 -1246.3 -8.7 50 0 8.2 7.5 7.5 2.5 2 0 3 3 3
-770.8 -1457.2 -7.0 327 0 6.8 10.3 5.0 2.5 2 1 2 2 2
-3781.4 -1478.3 2.0 55 0 8.0 11.5 7.5 0.0 0 1 3 0 0
-2268.7 -1090.8 -3.5 126 0 7.1 9.0 10.0 2.5 2 1 4 2 2
-1896.7 -1073.3 -8.7 358 0 7.0 8.4 7.5 2.5 4 1 3 4 4
-1786.6 -1155.5 -8.4 46 0 7.2 9.4 2.5 2.5 2 1 1 2 2
-512.9 -1100.3 -7.3 219 0 6.4 10.9 7.5 2.5 2 1 3 5 5
-1984.8 -708.0 -1.5 347 0 6.7 8.1 7.5 2.5 2 1 3 3 3
-1975.3 -675.3 -3.4 2 0 8.0 6.7 2.5 2.5 2 0 1 5 5
-2654.1 -1222.5 -2.3 141 0 8.1 11.3 7.5 2.5 2 1 3 1 1
378.6 -341.6 -10.2 269 0 8.9 6.9 7.5 2.5 2 0 3 3 3
-1074.8 433.7 -10.3 86 0 6.8 6.2 5.0 2.5 2 0 2 0 0
-50.7 209.4 -10.5 359 0 6.9 10.7 5.0 2.5 2 1 2 1 1
-2100.1 -5.2 -8.7 57 0 10.3 9.1 5.0 2.5 2 0 2 4 4
-716.8 -304.0 -9.2 88 0 8.7 6.8 5.0 2.5 2 0 2 1 1
263.9 4286.0 -14.9 199 0 6.8 12.5 2.5 2.5 2 1 1 2 2
-294.1 5452.3 -15.9 196 0 6.7 9.5 10.0 0.0 0 1 4 2 2
-597.4 994.2 -12.6 87 0 9.9 16.1 7.5 2.5 2 1 3 3 3
-127.6 809.9 -10.2 56 0 6.1 6.8 5.0 2.5 2 1 2 5 5
11.5 884.6 -9.3 85 0 8.6 14.8 7.5 2.5 2 1 3 4 4
675.2 905.3 -13.2 95 0 7.2 9.5 7.5 2.5 2 1 3 3 3
731.5 1007.6 -13.9 91 0 8.5 10.9 5.0 2.5 2 1 2 1 1
-3281.0 310.9 -0.5 3 0 10.1 7.3 5.0 2.5 2 0 2 3 3
187.0 3210.4 -14.9 245 0 10.4 10.9 5.0 0.0 0 1 2 1 1
-84.6 2368.4 -14.3 89 0 6.3 11.7 10.0 0.0 0 1 4 4 4
205.5 2291.5 -14.2 66 0 6.7 6.3 7.5 2.5 2 0 3 4 4
189.6 2195.1 -13.0 58 0 8.7 6.2 7.5 2.5 4 0 3 2 2
404.5 2203.1 -13.1 84 0 8.6 12.3 2.5 2.5 4 1 1 0 0
368.9 2046.7 -13.5 60 0 9.5 7.3 5.0 0.0 0 0 2 3 3
-2489.1 1426.2 -11.3 178 0 11.7 14.7 7.5 2.5 2 1 3 3 3
-2685.6 1391.8 -10.1 181 0 7.0 9.1 2.5 2.5 4 1 1 3 3
-149.0 -52.1 -9.5 72 0 9.7 14.9 5.0 2.5 4 1 2 2 2
-3347.2 5342.8 -17.4 71 0 13.0 26.0 10.0 2.5 2 1 4 1 1
-3509.4 5014.5 -13.7 268 0 6.8 8.7 5.0 2.5 2 1 2 0 0
-3557.9 5006.3 -14.5 179 0 7.6 7.2 5.0 2.5 2 0 2 3 3
-3557.3 4793.3 -11.3 280 0 11.2 12.3 10.0 2.5 4 1 4 5 5
-3523.9 4629.1 -10.7 90 0 8.6 12.3 7.5 2.5 2 1 3 3 3
-3315.3 4733.1 -13.6 2 0 10.3 7.0 5.0 2.5 2 0 2 5 5
-3312.4 4709.0 -13.6 1 0 12.5 7.8 10.0 2.5 4 0 4 1 1
-3354.2 4560.6 -12.7 270 0 12.1 10.6 10.0 2.5 2 0 4 1 1
-722.4 3019.8 -14.1 97 0 10.9 11.8 5.0 2.5 2 1 2 3 3
-396.1 2549.8 -15.0 90 0 7.9 11.1 7.5 0.0 0 1 3 0 0
-2939.8 3057.0 -9.6 355 0 7.4 8.5 10.0 2.5 2 1 4 5 5
-2932.9 3033.1 -9.5 86 0 13.4 14.8 10.0 2.5 2 1 4 1 1
-3590.3 3085.3 -9.0 1 0 6.6 7.2 7.5 2.5 2 1 3 2 2
-5264.0 4229.6 -9.9 287 0 10.3 8.4 10.0 2.5 2 0 4 1 1
-3943.5 -4508.7 5.7 334 0 6.7 11.1 2.5 2.5 2 1 1 5 5
-3943.2 -4534.0 6.0 81 0 10.8 6.6 5.0 2.5 2 0 2 4 4
1867.1 -2142.1 5.3 287 0 11.7 9.5 7.5 0.0 0 0 3 3 3
1899.7 -2157.8 5.0 291 0 12.0 10.1 7.5 0.0 0 0 3 3 3
3954.1 -3050.9 8.5 61 0 6.3 12.5 2.5 0.0 0 1 1 3 3
3098.7 -4754.7 -0.2 200 0 6.5 10.7 5.0 2.5 2 1 2 5 5
-5890.4 -4368.5 6.2 102 0 11.7 7.4 7.5 2.5 2 0 3 1 1
-5849.3 -4337.9 7.0 24 0 9.2 6.4 5.0 2.5 2 0 2 2 2
-5898.9 -4313.0 6.4 185 0 9.8 10.0 5.0 2.5 2 1 2 4 4
-5895.5 -4285.8 6.0 188 0 9.3 10.1 2.5 2.5 4 1 1 1 1
-5836.3 -4220.6 4.4 287 0 6.1 8.9 5.0 0.0 0 1 2 1 1
-5914.5 -4188.6 5.9 182 0 10.1 14.4 5.0 2.5 2 1 2 4 4
-5875.5 -4166.5 5.9 17 0 6.6 13.9 5.0 2.5 2 1 2 3 3
-5828.0 -4063.3 3.9 351 0 9.6 7.2 7.5 2.5 2 0 3 5 5
-5883.2 -4145.3 6.3 194 0 12.5 7.6 10.0 2.5 2 0 4 4 4
-5879.2 -4110.0 5.7 185 0 9.5 8.1 7.5 2.5 2 0 3 3 3
-5884.4 -4084.0 5.5 177 0 13.6 9.1 7.5 0.0 0 0 3 4 4
-5875.8 -4030.3 5.0 178 0 13.3 9.4 7.5 2.5 2 0 3 0 0
-5869.5 -3984.9 5.2 261 0 14.1 9.0 7.5 2.5 2 0 3 3 3
-5803.1 -4001.2 3.6 358 0 6.8 9.8 10.0 2.5 2 1 4 5 5
-5823.0 -4008.5 3.8 90 0 7.6 9.2 2.5 2.5 2 1 1 5 5
-5813.1 -3888.9 4.7 16 0 16.9 10.6 2.5 2.5 2 0 1 0 0
-5807.5 -3848.2 5.2 1 0 14.2 10.0 7.5 2.5 2 0 3 2 2
-5788.8 -3770.8 6.2 90 0 13.2 8.0 10.0 0.0 0 0 4 4 4
-5728.4 -3775.9 6.9 78 0 13.1 16.0 2.5 0.0 0 1 1 4 4
-5764.1 -3802.9 6.8 267 0 15.0 11.3 2.5 2.5 4 0 1 3 3
-5864.7 -3828.4 5.4 188 0 8.4 11.0 7.5 2.5 2 1 3 4 4
-5929.4 -3801.2 6.0 103 0 12.5 6.4 7.5 2.5 2 0 3 5 5
-6034.4 -3965.7 4.4 274 0 16.7 12.7 2.5 2.5 2 0 1 1 1
-6041.8 -3889.9 3.9 264 0 8.6 12.7 10.0 0.0 0 1 4 1 1
-6102.1 -3878.7 4.9 115 0 11.1 11.6 5.0 2.5 2 1 2 0 0
-6090.2 -3775.4 6.6 279 0 9.6 9.3 10.0 2.5 2 0 4 5 5
-6174.9 -3771.7 5.6 265 0 12.9 7.1 2.5 2.5 2 0 1 2 2
-6272.4 -3780.8 4.2 80 0 10.1 12.3 7.5 2.5 2 1 3 2 2
-6619.0 -3869.7 5.7 40 0 10.0 9.3 10.0 2.5 2 0 4 1 1
-6675.4 -3861.5 4.8 53 0 8.0 16.9 5.0 2.5 2 1 2 2 2
-6688.8 -3770.2 6.6 295 0 10.0 14.3 2.5 0.0 0 1 1 0 0
-6718.0 -3797.6 5.4 209 0 12.5 10.8 7.5 2.5 4 0 3 2 2
-5102.5 -4221.8 4.7 211 0 13.2 10.7 10.0 2.5 2 0 4 0 0
-5177.6 -4263.3 5.9 278 0 10.1 9.9 7.5 0.0 0 0 3 5 5
-5312.1 -4234.8 6.7 160 0 10.7 10.2 10.0 2.5 2 0 4 4 4
-5339.9 -4215.0 6.8 132 0 12.3 8.1 7.5 2.5 2 0 3 4 4
-5417.7 -4121.9 6.2 352 0 6.3 6.5 5.0 2.5 2 1 2 1 1
-5447.4 -4135.4 7.1 152 0 12.0 9.3 10.0 2.5 2 0 4 3 3
-5474.3 -4113.4 6.7 152 0 9.0 18.2 10.0 2.5 2 1 4 1 1
-5452.6 -4066.8 5.5 329 0 9.9 11.4 10.0 2.5 2 1 4 4 4
-5482.8 -4084.1 6.6 151 0 18.5 12.4 5.0 0.0 0 0 2 3 3
-5491.8 -4058.1 6.5 154 0 7.5 10.7 10.0 0.0 0 1 4 5 5
-5477.1 -4003.7 5.5 55 0 7.4 7.2 7.5 2.5 2 0 3 0 0
-5539.4 -3940.1 7.1 166 0 8.8 17.7 7.5 2.5 4 1 3 2 2
-5550.1 -3904.4 7.8 167 0 12.8 10.9 5.0 2.5 2 0 2 4 4
-5545.2 -3855.5 7.9 169 0 7.5 10.5 7.5 2.5 2 1 3 3 3
-5330.0 -2192.7 11.9 280 0 11.9 12.1 5.0 2.5 2 1 2 3 3
-5028.6 -1735.3 10.0 93 0 6.5 10.5 5.0 2.5 2 1 2 2 2
-5002.9 -1650.6 9.3 233 0 9.7 7.5 7.5 2.5 2 0 3 0 0
-4957.3 -1629.6 8.2 249 0 13.9 18.2 5.0 2.5 4 1 2 2 2
-5058.7 -1866.8 11.8 22 0 13.3 10.8 7.5 2.5 2 0 3 1 1
-5153.6 -1729.4 12.5 236 0 11.4 11.7 2.5 2.5 2 1 1 5 5
-5161.5 -1674.7 13.2 204 0 6.9 11.6 5.0 2.5 2 1 2 5 5
-5069.7 -1717.9 10.5 164 0 10.1 15.3 7.5 2.5 2 1 3 5 5
-4790.7 -1910.4 7.0 188 0 11.8 11.9 2.5 2.5 2 1 1 2 2
-4764.6 -1956.9 6.3 337 0 12.4 14.6 10.0 0.0 0 1 4 3 3
-4812.4 -2129.5 4.4 92 0 10.6 9.6 2.5 2.5 2 0 1 3 3
-4770.5 -2213.3 3.7 266 0 9.7 12.6 5.0 2.5 2 1 2 0 0
-4783.3 -2280.5 3.5 176 0 6.9 7.0 10.0 2.5 2 1 4 5 5
-5371.4 -3101.3 8.1 357 0 8.7 8.0 5.0 2.5 2 0 2 3 3
-5240.5 -2885.5 5.1 86 0 14.4 6.6 5.0 2.5 2 0 2 4 4
-5260.1 -3001.5 6.5 189 0 8.6 9.2 10.0 2.5 4 1 4 4 4
-5198.6 -3181.6 6.0 167 0 6.7 13.9 7.5 0.0 0 1 3 3 3
-5168.9 -3320.6 5.0 173 0 7.6 9.2 5.0 2.5 2 1 2 3 3
-5927.1 -2974.0 5.8 63 0 10.3 7.4 7.5 2.5 2 0 3 5 5
-5984.0 -3021.8 3.6 356 0 9.1 8.5 7.5 2.5 2 0 3 2 2
-5987.3 -3051.7 3.6 102 0 6.9 8.3 5.0 2.5 2 1 2 2 2
-6005.3 -3132.5 4.3 202 0 13.0 9.2 7.5 0.0 0 0 3 2 2
-5952.0 -3147.2 5.3 2 0 14.5 10.3 5.0 2.5 2 0 2 1 1
-5942.9 -3187.2 6.4 8 0 12.0 12.8 7.5 0.0 0 1 3 3 3
-5816.7 -3172.6 8.8 151 0 6.5 10.1 7.5 2.5 2 1 3 0 0
-5874.0 -3205.6 8.7 248 0 9.5 10.1 2.5 0.0 0 1 1 4 4
-5841.5 -3244.9 9.5 131 0 6.3 16.6 2.5 2.5 2 1 1 5 5
-5822.2 -3309.6 9.9 197 0 12.0 6.1 7.5 2.5 2 0 3 0 0
-5787.4 -3345.8 9.6 101 0 9.0 9.8 2.5 2.5 2 1 1 1 1
-5790.7 -3386.2 9.2 253 0 20.3 10.3 5.0 0.0 0 0 2 4 4
-5750.1 -3352.0 9.3 86 0 8.2 12.4 7.5 2.5 2 1 3 2 2
-5710.6 -3393.6 8.1 278 0 10.1 11.0 5.0 2.5 2 1 2 1 1
-5686.5 -3354.2 8.6 350 0 11.1 10.1 5.0 2.5 2 0 2 1 1
-6353.6 -2885.2 2.8 204 0 6.8 7.8 7.5 2.5 4 1 3 3 3
-6534.2 -2856.5 5.5 281 0 9.6 9.5 7.5 2.5 2 0 3 1 1
-6534.7 -2931.9 7.4 1 0 10.4 15.6 5.0 2.5 2 1 2 3 3
-6592.2 -2988.5 5.1 268 0 9.4 13.2 7.5 2.5 2 1 3 5 5
-6537.1 -2970.0 7.2 0 0 10.9 6.8 7.5 2.5 2 0 3 1 1
-6554.5 -3029.0 5.6 189 0 9.8 11.0 10.0 2.5 2 1 4 3 3
-6555.9 -3099.0 5.6 180 0 12.1 9.4 5.0 2.5 4 0 2 5 5
-6580.4 -3135.4 5.2 176 0 12.1 9.1 2.5 2.5 2 0 1 1 1
-6592.6 -2867.4 6.5 180 0 8.6 7.6 7.5 2.5 2 0 3 1 1
-6697.7 -2836.8 4.4 178 0 11.9 8.5 5.0 2.5 2 0 2 0 0
-6778.4 -2884.3 1.8 103 0 6.3 11.2 7.5 0.0 0 1 3 5 5
-6779.0 -2687.4 4.6 248 0 7.6 12.5 7.5 2.5 2 1 3 1 1
-6717.6 -2673.3 4.7 257 0 10.8 7.6 5.0 2.5 2 0 2 1 1
-6701.3 -2582.9 4.2 244 0 11.2 8.6 10.0 2.5 2 0 4 5 5
-6672.4 -2615.5 4.4 81 0 9.2 7.7 10.0 2.5 2 0 4 1 1
-6526.3 -2641.1 3.0 326 0 9.9 10.0 7.5 2.5 2 1 3 3 3
-6492.4 -2702.6 4.7 318 0 11.1 9.6 5.0 2.5 2 0 2 0 0
-6470.4 -2729.6 5.3 334 0 6.3 6.6 5.0 2.5 2 1 2 0 0
-6144.4 -2995.4 4.7 5 0 11.7 9.7 7.5 2.5 2 0 3 0 0
-6140.1 -2967.9 4.4 4 0 11.8 11.8 7.5 2.5 2 1 3 3 3
-6132.2 -2922.5 3.4 8 0 9.6 8.6 7.5 0.0 0 0 3 2 2
-5974.7 -2754.3 3.3 183 0 8.8 13.2 5.0 2.5 2 1 2 5 5
-5964.8 -2775.3 3.6 192 0 6.6 6.9 7.5 2.5 2 1 3 3 3
-5973.4 -2799.0 3.9 177 0 10.0 10.3 2.5 2.5 2 1 1 3 3
-5978.7 -2879.9 4.8 174 0 10.9 10.3 7.5 2.5 2 0 3 4 4
-5924.9 -2888.6 4.8 16 0 12.3 8.3 7.5 2.5 4 0 3 0 0
-5928.7 -2845.1 4.3 344 0 12.9 15.9 7.5 2.5 4 1 3 3 3
-5926.4 -2810.5 3.8 21 0 15.9 8.8 10.0 2.5 2 0 4 0 0
-5919.8 -2773.6 3.4 2 0 7.5 10.6 7.5 2.5 2 1 3 3 3
-5970.6 -2707.1 2.8 178 0 6.9 18.2 7.5 0.0 0 1 3 1 1
-5921.9 -2705.3 2.7 308 0 10.9 15.1 5.0 2.5 2 1 2 0 0
-5763.0 -2646.1 3.5 275 0 9.0 14.1 7.5 2.5 2 1 3 2 2
-5713.4 -2732.3 3.7 357 0 16.5 9.4 7.5 2.5 4 0 3 1 1
-4951.1 -1508.0 10.6 190 0 9.7 13.4 2.5 2.5 2 1 1 4 4
-4912.5 -1623.2 7.6 267 0 12.4 10.8 7.5 2.5 2 0 3 4 4
-4847.8 -1774.4 6.7 169 0 10.5 7.8 5.0 2.5 2 0 2 2 2
-4855.8 -1731.0 6.1 136 0 8.2 10.6 7.5 2.5 2 1 3 0 0
-4740.9 -1628.8 6.9 299 0 9.1 8.5 5.0 2.5 4 0 2 2 2
-4765.9 -1597.7 7.0 95 0 6.8 12.5 2.5 2.5 2 1 1 2 2
-4782.3 -1586.9 6.8 85 0 10.9 9.6 2.5 2.5 2 0 1 4 4
-4740.8 -1588.8 7.6 99 0 15.5 9.0 5.0 2.5 4 0 2 3 3
-4634.9 -1624.3 9.0 270 0 9.1 8.0 7.5 2.5 2 0 3 4 4
-4582.7 -1603.6 11.0 112 0 9.5 7.5 7.5 2.5 2 0 3 4 4
-4573.9 -1621.2 9.8 256 0 8.2 22.0 7.5 2.5 2 1 3 1 1
-4372.4 -1621.3 8.3 265 0 18.6 16.8 12.5 2.5 2 0 5 0 0
-4298.1 -1525.5 10.3 153 0 27.1 11.6 10.0 2.5 2 0 4 2 2
-4279.4 -1518.8 9.3 163 0 22.6 11.7 10.0 2.5 2 0 4 1 1
-4268.8 -1553.7 8.2 149 0 18.5 10.7 10.0 2.5 4 0 4 0 0
-4237.4 -1564.5 7.2 61 0 9.8 6.7 5.0 2.5 2 0 2 3 3
-4228.7 -1549.9 7.1 74 0 7.3 19.3 2.5 2.5 2 1 1 4 4
-4189.3 -1556.1 5.9 49 0 21.1 15.7 10.0 2.5 2 0 4 0 0
-4660.2 -1941.7 3.9 250 0 8.7 11.2 7.5 2.5 2 1 3 1 1
-4696.0 -2002.5 3.6 7 0 12.1 12.1 7.5 2.5 2 1 3 4 4
-4530.6 -1887.4 4.1 245 0 6.8 7.6 10.0 0.0 0 1 4 1 1
-4492.5 -1904.8 3.1 59 0 11.0 9.0 5.0 2.5 2 0 2 1 1
-4406.0 -2019.0 0.8 264 0 11.2 12.9 5.0 2.5 2 1 2 0 0
-4392.2 -1952.0 0.9 193 0 13.9 9.1 7.5 2.5 4 0 3 1 1
-4408.7 -1911.5 1.4 171 0 9.4 11.0 7.5 0.0 0 1 3 5 5
-4352.4 -1958.1 0.9 351 0 7.4 11.6 2.5 2.5 2 1 1 3 3
-4412.7 -2103.1 0.8 193 0 9.8 10.3 7.5 2.5 2 1 3 4 4
-4321.7 -2161.6 -2.7 108 0 9.6 19.5 10.0 2.5 2 1 4 4 4
-4116.8 -2218.9 -4.1 183 0 8.5 10.6 5.0 2.5 2 1 2 0 0
-4140.4 -2155.0 -2.9 198 0 9.0 13.0 7.5 2.5 4 1 3 0 0
-4094.2 -2167.8 -2.8 283 0 7.8 11.6 7.5 2.5 2 1 3 2 2
-4042.8 -2234.3 -4.1 11 0 8.6 9.0 5.0 2.5 2 1 2 1 1
-4195.2 -3806.0 1.0 17 0 10.3 6.6 5.0 2.5 2 0 2 5 5
-4178.3 -3910.1 -1.6 38 0 10.0 7.9 5.0 0.0 0 0 2 3 3
-4127.4 -4009.3 -3.0 249 0 10.1 11.0 10.0 0.0 0 1 4 2 2
-4168.1 -4043.6 -2.8 247 0 12.5 6.8 5.0 2.5 2 0 2 3 3
-4241.8 -4111.4 -3.5 43 0 10.9 13.8 5.0 2.5 2 1 2 0 0
-4275.5 -4139.8 -3.1 37 0 10.8 7.9 7.5 2.5 2 0 3 0 0
-4296.9 -4164.1 -2.9 47 0 9.3 8.3 5.0 2.5 2 0 2 3 3
-4334.3 -4219.7 -2.9 48 0 10.7 10.3 5.0 2.5 2 0 2 4 4
-4423.7 -4273.4 -2.5 63 0 7.0 8.0 10.0 2.5 2 1 4 0 0
-4394.8 -4212.9 -3.0 227 0 10.2 6.9 2.5 2.5 2 0 1 0 0
-4375.9 -4258.4 -3.0 138 0 7.9 13.1 7.5 2.5 2 1 3 3 3
-4460.6 -4219.7 -2.3 271 0 13.7 7.5 10.0 2.5 2 0 4 3 3
-4480.0 -4274.8 -1.1 85 0 11.6 9.5 2.5 2.5 2 0 1 0 0
-4561.3 -4276.8 -0.6 167 0 6.7 13.7 7.5 2.5 2 1 3 1 1
-4532.8 -4223.1 -1.3 348 0 12.7 13.2 10.0 2.5 2 1 4 0 0
-4596.9 -4233.2 -1.9 270 0 7.9 8.9 5.0 2.5 2 1 2 3 3
-4629.7 -4233.0 -1.6 289 0 8.4 13.7 7.5 2.5 2 1 3 1 1
-4680.1 -4286.6 0.6 355 0 7.7 10.6 5.0 2.5 2 1 2 3 3
-4746.9 -4292.8 2.1 165 0 6.9 9.0 7.5 2.5 2 1 3 0 0
-4760.9 -4244.1 1.5 265 0 9.7 6.8 2.5 2.5 2 0 1 2 2
-4803.4 -4250.9 2.8 230 0 7.0 10.5 7.5 2.5 2 1 3 5 5
-4825.9 -4299.6 3.2 39 0 8.5 10.9 7.5 2.5 2 1 3 0 0
-4866.2 -4244.4 4.2 282 0 8.4 8.6 7.5 2.5 2 1 3 0 0
-4892.7 -4295.2 4.3 88 0 11.8 8.0 5.0 2.5 2 0 2 2 2
-4952.1 -4294.1 4.5 175 0 6.8 8.5 5.0 2.5 2 1 2 4 4
-4335.4 -3844.2 0.2 307 0 8.3 10.1 7.5 2.5 2 1 3 1 1
-4381.2 -3867.1 -0.1 216 0 12.3 9.2 10.0 0.0 0 0 4 1 1
-4340.5 -4036.9 -2.4 41 0 9.3 11.9 7.5 0.0 0 1 3 1 1
-4320.1 -3996.2 -1.4 321 0 10.5 10.8 2.5 2.5 4 1 1 3 3
-4378.3 -3968.5 1.0 132 0 9.4 9.1 7.5 2.5 2 0 3 3 3
-4439.2 -3946.1 1.7 123 0 8.7 17.3 2.5 2.5 2 1 1 1 1
-4411.8 -3877.5 -0.1 224 0 10.7 7.0 7.5 2.5 2 0 3 2 2
-4581.5 -3870.7 3.3 131 0 8.8 11.6 7.5 2.5 2 1 3 2 2
-4676.3 -3910.0 3.5 220 0 10.1 7.3 7.5 2.5 2 0 3 3 3
-4624.5 -3926.7 2.6 30 0 9.5 10.9 7.5 2.5 2 1 3 4 4
-4663.7 -3997.3 1.0 35 0 11.0 15.1 10.0 2.5 4 1 4 1 1
-4695.6 -4028.5 -0.0 308 0 9.9 12.8 10.0 2.5 4 1 4 0 0
-4675.8 -4109.8 -0.8 78 0 10.0 9.7 2.5 2.5 4 0 1 3 3
-4738.7 -4104.4 -0.3 82 0 12.3 11.8 7.5 0.0 0 0 3 1 1
-4793.1 -4035.9 2.2 239 0 9.7 8.1 5.0 2.5 2 0 2 4 4
-4832.9 -4049.3 1.6 240 0 9.9 10.6 10.0 0.0 0 1 4 2 2
-5128.2 -4305.1 4.8 350 0 11.1 9.8 7.5 2.5 2 0 3 3 3
-5014.2 -4317.9 3.9 26 0 12.0 10.7 7.5 2.5 2 0 3 3 3
-5035.1 -4194.3 4.0 308 0 8.1 8.2 5.0 2.5 2 1 2 1 1
-5033.4 -4241.4 4.3 334 0 11.0 13.5 7.5 2.5 2 1 3 4 4
-4622.3 -3845.3 3.4 229 0 11.9 8.2 7.5 2.5 2 0 3 0 0
-4578.5 -3769.7 1.6 219 0 9.7 10.7 7.5 2.5 2 1 3 4 4
-4597.4 -3812.1 2.8 236 0 12.8 7.9 5.0 2.5 2 0 2 1 1
-4558.8 -3747.5 1.5 215 0 7.7 8.2 7.5 0.0 0 1 3 4 4
-4535.6 -3724.7 1.2 240 0 12.6 6.5 10.0 2.5 2 0 4 0 0
-4485.0 -3743.1 0.4 152 0 7.0 9.2 2.5 2.5 2 1 1 5 5
-4493.2 -3694.6 0.5 227 0 11.9 9.2 5.0 2.5 4 0 2 3 3
-4467.0 -3680.1 0.2 238 0 8.3 9.4 7.5 0.0 0 1 3 2 2
-4428.0 -3722.4 -0.2 84 0 9.3 8.6 7.5 0.0 0 0 3 2 2
-4389.5 -3636.6 -0.5 232 0 10.3 9.7 7.5 2.5 4 0 3 0 0
-4394.9 -3711.2 0.4 71 0 6.3 12.1 5.0 2.5 2 1 2 1 1
-4316.2 -3663.6 0.1 338 0 8.6 13.9 7.5 2.5 2 1 3 2 2
-4359.3 -3613.2 -0.9 262 0 11.0 12.5 2.5 2.5 4 1 1 4 4
-4284.2 -3584.9 -1.8 69 0 12.1 11.4 2.5 2.5 2 0 1 5 5
-4248.7 -3527.4 -2.0 237 0 14.9 8.1 7.5 2.5 2 0 3 4 4
-4226.5 -3581.2 -1.4 336 0 14.5 6.0 2.5 2.5 4 0 1 4 4
-4211.5 -3620.7 -0.7 2 0 8.0 8.3 7.5 0.0 0 1 3 2 2
-4190.8 -3661.2 0.3 0 0 7.4 11.2 5.0 2.5 2 1 2 0 0
-4514.4 6746.7 3.6 103 0 13.1 29.0 10.0 2.5 2 1 4 5 5
-5908.7 -3512.4 6.0 13 0 11.5 9.1 5.0 2.5 2 0 2 4 4
-5910.3 -3543.3 6.0 3 0 10.0 7.6 2.5 2.5 2 0 1 1 1
-6042.6 -3746.0 7.0 97 0 8.8 6.9 7.5 2.5 2 0 3 5 5
-6205.2 -3700.1 5.6 264 0 6.0 12.1 7.5 2.5 2 1 3 4 4
-6235.8 -3633.0 5.3 7 0 6.1 13.4 2.5 2.5 2 1 1 1 1
-6291.0 -3645.3 5.0 103 0 9.6 8.5 5.0 2.5 2 0 2 1 1
-6365.5 -3618.1 4.3 264 0 9.1 8.1 7.5 2.5 2 0 3 3 3
-6343.4 -3511.3 4.9 97 0 11.7 14.4 5.0 2.5 2 1 2 5 5
-6274.9 -3490.7 4.9 84 0 15.3 8.6 7.5 2.5 2 0 3 1 1
-6328.7 -3487.3 5.1 183 0 9.8 15.7 2.5 2.5 2 1 1 3 3
-6314.2 -3451.7 5.5 264 0 10.8 19.2 7.5 2.5 2 1 3 1 1
-6286.8 -3389.2 6.2 322 0 11.2 6.9 2.5 2.5 2 0 1 4 4
-6281.8 -3384.6 6.3 52 0 7.8 10.1 5.0 2.5 2 1 2 0 0
-6258.6 -3315.3 6.9 146 0 9.3 10.5 7.5 2.5 2 1 3 1 1
-6287.0 -3260.1 6.1 2 0 7.6 9.3 7.5 2.5 2 1 3 4 4
-6195.7 -3283.5 6.7 261 0 9.5 9.0 10.0 2.5 4 0 4 0 0
-6380.3 -3096.0 5.3 183 0 7.6 6.1 5.0 2.5 2 0 2 3 3
-6384.3 -3281.8 4.4 99 0 11.2 10.5 5.0 2.5 2 0 2 1 1
-6717.4 -3485.2 6.1 43 0 11.8 13.3 5.0 2.5 2 1 2 2 2
-6727.1 -3525.4 6.2 21 0 8.9 6.6 5.0 2.5 2 0 2 5 5
-6743.8 -3561.1 6.4 12 0 11.1 9.5 10.0 2.5 2 0 4 0 0
-6712.2 -3576.5 7.1 201 0 11.1 9.6 7.5 2.5 2 0 3 2 2
-6622.1 -3674.8 7.8 179 0 8.7 7.7 7.5 2.5 2 0 3 4 4
-6545.0 -3723.9 6.1 4 0 10.1 7.5 2.5 2.5 2 0 1 3 3
-6598.6 -3711.7 6.8 177 0 10.5 12.6 7.5 2.5 2 1 3 0 0
-6471.7 -3529.1 4.6 104 0 9.2 9.6 5.0 2.5 2 1 2 1 1
-6453.1 -3458.9 5.3 2 0 8.4 10.8 5.0 2.5 4 1 2 3 3
-6440.6 -3150.9 5.7 105 0 9.3 9.6 2.5 2.5 2 1 1 5 5
-6331.1 -3101.6 4.5 83 0 18.6 12.7 5.0 2.5 2 0 2 3 3
-6193.3 -3108.9 4.2 271 0 10.4 15.2 10.0 2.5 2 1 4 3 3
-6156.0 -3113.2 4.3 271 0 7.9 7.8 5.0 2.5 2 0 2 3 3
-6161.2 -3221.8 5.5 348 0 8.2 7.5 7.5 2.5 2 0 3 5 5
-5973.6 -3217.1 6.1 78 0 10.6 8.6 5.0 2.5 2 0 2 2 2
-6001.1 -2970.9 5.7 179 0 7.8 13.1 5.0 2.5 2 1 2 1 1
-5632.5 -2431.4 6.2 348 0 8.5 11.6 7.5 2.5 4 1 3 3 3
-5623.9 -2525.8 4.5 348 0 10.7 7.0 7.5 2.5 2 0 3 1 1
-5637.5 -2566.3 4.9 182 0 10.2 8.9 10.0 2.5 2 0 4 4 4
-5651.1 -2697.5 4.4 78 0 8.7 12.0 7.5 2.5 2 1 3 5 5
-5793.1 -3059.7 7.6 272 0 7.8 14.2 7.5 2.5 2 1 3 2 2
-5788.9 -3110.9 8.3 3 0 6.9 10.6 7.5 2.5 2 1 3 2 2
-5995.4 -3501.0 5.2 2 0 31.0 11.6 10.0 0.0 0 0 4 1 1
-5825.1 -3585.7 7.8 113 0 8.8 7.9 7.5 2.5 2 0 3 4 4
-5637.2 -1698.5 4.2 32 0 14.2 19.3 7.5 2.5 2 1 3 3 3
-4992.3 -1917.4 11.6 99 0 6.5 10.0 5.0 0.0 0 1 2 2 2
-4832.6 -2110.6 5.0 198 0 6.9 9.0 7.5 2.5 2 1 3 4 4
-4665.4 -2100.6 1.4 127 0 8.8 10.7 5.0 0.0 0 1 2 5 5
-4661.6 -2069.8 1.8 226 0 6.2 8.0 5.0 2.5 2 1 2 5 5
-4526.4 -2075.8 -0.3 103 0 15.9 14.0 5.0 2.5 2 0 2 4 4
-4373.8 -1726.2 7.2 177 0 7.6 6.9 7.5 2.5 4 0 3 2 2
-4321.1 -1769.7 5.2 86 0 15.2 12.3 7.5 2.5 2 0 3 0 0
-4327.5 -1685.0 5.7 195 0 12.5 8.0 2.5 2.5 2 0 1 3 3
-4320.2 -1722.2 5.5 354 0 10.4 6.2 10.0 2.5 2 0 4 5 5
-4185.2 -1587.6 5.0 261 0 9.2 12.5 10.0 2.5 2 1 4 0 0
-4129.5 -1597.5 3.4 291 0 10.3 7.3 7.5 2.5 2 0 3 4 4
-4080.8 -1853.4 3.6 108 0 8.2 6.2 5.0 2.5 2 0 2 4 4
-4028.9 -1801.9 -0.1 44 0 8.0 9.1 2.5 0.0 0 1 1 3 3
