6489.7 4126.7 -2.2 266 0 7.5 11.8 7.5 2.5 2 0 3 1 1
6362.5 4663.3 -4.7 353 0 9.8 10.8 2.5 2.5 2 0 1 4 4
6245.6 4730.3 -4.6 179 0 12.1 11.7 5.0 2.5 2 0 2 1 1
6465.5 4814.6 -7.5 175 0 23.4 13.5 7.5 2.5 2 0 3 5 5
6309.8 4656.8 -4.1 177 0 11.9 11.5 7.5 2.5 2 0 3 3 3
6447.9 4768.2 -6.6 355 0 11.0 6.6 5.0 2.5 2 0 2 0 0
6282.7 4654.1 -3.3 268 0 12.2 13.2 2.5 2.5 2 1 1 2 2
6354.7 4790.7 -6.2 4 0 13.8 11.9 7.5 2.5 2 0 3 1 1
6299.4 4552.8 -2.5 356 0 11.8 12.7 7.5 2.5 2 1 3 4 4
6368.3 4564.1 -3.0 3 0 9.6 8.5 5.0 2.5 2 0 2 1 1
6467.8 4240.4 -2.4 267 0 10.7 11.0 7.5 2.5 2 1 3 4 4
6445.5 4833.2 -7.3 357 0 16.9 10.8 7.5 2.5 4 0 3 3 3
6474.6 4070.6 -2.7 86 0 9.1 12.3 7.5 2.5 2 1 3 5 5
6254.6 4614.4 -2.5 179 0 12.9 14.4 7.5 2.5 2 1 3 4 4
6467.1 4093.8 -2.5 176 0 8.9 11.1 7.5 2.5 2 1 3 2 2
6509.1 4868.1 -8.5 87 0 7.4 7.2 5.0 2.5 2 0 2 3 3
6408.1 4723.8 -6.0 85 0 11.8 8.6 10.0 2.5 2 0 4 5 5
6532.6 4780.8 -3.6 86 0 8.3 6.5 7.5 2.5 2 0 3 1 1
6494.8 4097.8 -2.4 356 0 13.7 14.2 7.5 2.5 2 1 3 5 5
6349.8 4722.2 -5.7 358 0 11.3 8.2 5.0 0.0 0 0 2 5 5
6279.9 4530.1 -2.5 89 0 9.8 13.6 7.5 2.5 4 1 3 0 0
6505.8 4233.4 -2.4 2 0 9.4 13.3 7.5 2.5 2 1 3 4 4
6501.8 4137.8 -2.0 357 0 14.9 12.3 7.5 2.5 2 0 3 5 5
6286.8 4760.0 -5.2 2 0 8.1 12.7 5.0 2.5 2 1 2 2 2
6310.1 4574.0 -2.3 4 0 9.0 10.0 7.5 2.5 4 1 3 0 0
6354.9 4599.7 -2.5 1 0 6.1 7.4 5.0 2.5 2 1 2 0 0
6322.8 4683.7 -5.0 179 0 11.4 11.0 7.5 2.5 2 0 3 3 3
6481.2 4250.3 -2.5 272 0 11.1 10.4 10.0 2.5 4 0 4 1 1
6246.0 4700.1 -4.1 184 0 7.3 11.0 7.5 2.5 4 1 3 0 0
6481.7 4127.3 -2.3 267 0 6.6 13.0 7.5 2.5 2 1 3 2 2
6296.6 4667.8 -4.3 87 0 14.9 13.5 7.5 2.5 2 0 3 4 4
6361.2 4632.2 -3.7 358 0 11.8 13.6 7.5 2.5 2 1 3 4 4
6447.5 4805.5 -7.0 359 0 9.7 18.3 7.5 2.5 4 1 3 4 4
6251.2 4642.4 -2.8 184 0 10.5 12.7 10.0 2.5 2 1 4 3 3
6352.4 4647.0 -4.1 360 0 12.0 11.5 5.0 2.5 2 0 2 2 2
6435.8 4709.5 -4.9 178 0 12.4 12.4 7.5 0.0 0 1 3 0 0
6305.2 4647.7 -3.6 357 0 13.1 14.2 7.5 2.5 2 1 3 5 5
6355.7 4674.0 -5.0 358 0 7.3 10.0 7.5 2.5 2 1 3 2 2
6448.5 4234.8 -2.5 267 0 13.7 8.9 5.0 2.5 2 0 2 3 3
6261.8 4583.1 -1.9 179 0 11.8 9.6 5.0 2.5 2 0 2 3 3
6249.0 4782.3 -4.9 176 0 6.2 9.2 10.0 2.5 2 1 4 1 1
6453.0 4646.1 -2.8 350 0 8.9 9.0 7.5 2.5 2 1 3 2 2
6300.1 4587.8 -2.1 356 0 14.6 17.4 10.0 2.5 4 1 4 4 4
6466.0 4204.4 -2.3 92 0 11.3 13.2 2.5 2.5 2 1 1 3 3
6353.2 4822.3 -6.4 353 0 10.3 15.0 7.5 2.5 2 1 3 3 3
6298.3 4566.7 -2.3 4 0 11.5 11.9 7.5 2.5 2 1 3 1 1
6363.0 4578.1 -2.7 0 0 9.4 16.5 5.0 2.5 2 1 2 5 5
6348.7 4734.7 -5.8 357 0 10.7 11.6 5.0 2.5 2 1 2 4 4
6492.5 4057.7 -2.7 90 0 12.9 11.7 7.5 2.5 2 0 3 5 5
6262.0 4553.7 -2.2 176 0 8.9 13.5 10.0 2.5 2 1 4 3 3
6314.0 4617.1 -2.9 177 0 15.8 11.3 5.0 2.5 2 0 2 0 0
6297.5 4615.7 -2.5 359 0 13.3 16.1 7.5 2.5 4 1 3 4 4
6406.7 4700.9 -5.1 274 0 14.0 16.0 5.0 2.5 2 1 2 2 2
6460.4 4727.5 -5.3 359 0 9.8 14.3 7.5 2.5 2 1 3 1 1
6490.9 4199.7 -2.1 88 0 8.6 10.5 7.5 2.5 4 1 3 5 5
6502.9 4833.9 -7.9 266 0 8.7 29.6 12.5 2.5 2 1 5 0 0
6470.1 4777.3 -5.9 171 0 6.4 24.5 12.5 2.5 2 1 5 0 0
6294.4 4788.1 -5.5 359 0 15.2 10.6 7.5 2.5 2 0 3 2 2
6296.8 4715.5 -5.0 359 0 7.0 11.5 7.5 2.5 2 1 3 1 1
6464.2 4837.8 -7.6 178 0 8.7 7.2 7.5 2.5 2 0 3 3 3
6468.4 4751.9 -5.5 180 0 10.3 14.2 7.5 0.0 0 1 3 5 5
-3348.4 4114.3 -2.3 102 0 12.4 38.7 3.5 0.0 0 1 1 5 5
-3572.2 4162.8 -0.3 5 0 10.6 16.9 17.5 3.5 2 1 5 1 1
-3566.3 4176.5 -0.4 2 0 8.3 19.7 17.5 3.5 2 1 5 5 5
-3566.3 4192.5 -0.5 4 0 11.3 25.3 17.5 3.5 2 1 5 3 3
-3565.7 4202.6 -0.6 3 0 8.8 25.7 17.5 0.0 0 1 5 2 2
-3565.2 4212.7 -0.7 2 0 11.6 25.9 17.5 3.5 2 1 5 2 2
-3564.5 4222.5 -0.7 5 0 8.1 26.2 17.5 3.5 2 1 5 0 0
-3563.8 4232.7 -0.8 3 0 12.3 18.1 17.5 3.5 4 1 5 0 0
-3563.2 4244.1 -0.9 3 0 10.5 17.8 17.5 3.5 2 1 5 0 0
-3586.1 4250.6 -0.8 275 0 11.5 22.7 17.5 3.5 2 1 5 2 2
-3597.7 4251.4 -0.7 272 0 11.7 13.6 17.5 3.5 2 1 5 3 3
-3615.5 4246.0 -0.7 182 0 13.3 11.6 17.5 3.5 2 0 5 2 2
-3615.5 4233.7 -0.7 177 0 11.3 22.2 17.5 3.5 2 1 5 2 2
-3602.4 4129.9 -0.3 95 0 12.9 30.7 17.5 0.0 0 1 5 0 0
-3616.7 4155.8 -0.3 185 0 11.0 8.5 17.5 3.5 2 0 5 1 1
-3615.5 4167.3 -0.3 187 0 12.2 19.1 17.5 3.5 2 1 5 0 0
-3614.6 4130.9 -0.4 95 0 9.0 19.2 17.5 3.5 2 1 5 1 1
-3614.6 4180.6 -0.4 181 0 14.3 28.8 17.5 3.5 4 1 5 3 3
-3614.2 4193.6 -0.4 182 0 11.8 22.7 17.5 3.5 2 1 5 3 3
-3613.6 4205.2 -0.5 184 0 11.3 22.3 17.5 3.5 2 1 5 4 4
-3614.2 4219.4 -0.6 173 0 17.3 23.9 17.5 3.5 2 1 5 4 4
6675.8 1837.9 -6.3 314 0 8.0 42.9 10.0 2.5 2 1 4 4 4
6744.0 1907.5 -5.6 258 0 10.7 30.9 10.0 2.5 2 1 4 3 3
6790.5 3936.8 -4.7 270 0 58.9 67.8 10.0 0.0 0 1 4 0 0
6666.3 4166.7 -2.8 178 0 10.1 14.1 5.0 0.0 0 1 2 0 0
6676.1 4440.4 -2.2 178 0 9.1 12.7 10.0 0.0 0 1 4 0 0
6717.8 4258.4 -2.9 348 0 10.4 12.6 5.0 2.5 2 1 2 2 2
6796.7 3934.5 -3.3 270 0 18.2 39.4 7.5 2.5 2 1 3 4 4
6724.8 4080.3 -3.7 358 0 15.8 10.4 7.5 2.5 2 0 3 0 0
6848.9 4464.0 0.4 179 0 11.4 13.8 10.0 2.5 2 1 4 4 4
6889.7 4605.1 -2.2 89 0 15.2 11.4 5.0 0.0 0 0 2 4 4
6664.4 4377.9 -3.4 178 0 10.0 12.3 7.5 2.5 2 1 3 2 2
6810.2 4447.6 -0.0 179 0 10.9 13.2 5.0 2.5 2 1 2 3 3
6709.7 4329.9 -3.0 1 0 8.6 11.6 5.0 2.5 2 1 2 0 0
6903.9 4469.8 0.1 359 0 9.4 11.3 7.5 2.5 2 1 3 2 2
6852.7 4385.2 -1.1 86 0 16.4 12.6 2.5 2.5 2 0 1 3 3
6666.8 4227.7 -2.6 178 0 10.9 13.2 5.0 2.5 4 1 2 3 3
6812.6 4529.1 0.2 266 0 9.4 11.4 5.0 2.5 2 1 2 0 0
6806.7 3878.1 -2.8 181 0 8.9 6.4 5.0 2.5 2 0 2 5 5
6784.0 3876.7 -2.8 181 0 9.5 21.7 5.0 2.5 2 1 2 4 4
6826.4 4459.2 0.2 179 0 12.7 14.5 5.0 2.5 2 1 2 1 1
6708.0 4409.5 -2.0 358 0 10.4 11.3 2.5 2.5 2 1 1 4 4
6664.4 4303.6 -2.8 181 0 11.9 10.0 5.0 0.0 0 0 2 4 4
6864.1 4595.5 -1.5 269 0 12.3 13.5 7.5 2.5 2 1 3 1 1
6670.4 4216.0 -2.7 180 0 8.4 16.0 5.0 0.0 0 1 2 5 5
6868.2 4360.6 -1.9 73 0 10.8 7.8 2.5 2.5 4 0 1 3 3
6888.0 4515.4 -0.3 359 0 14.4 12.7 5.0 2.5 2 0 2 1 1
6765.1 3920.7 -3.8 92 0 8.9 16.0 7.5 2.5 2 1 3 1 1
6897.9 4531.7 -0.5 356 0 11.5 14.8 5.0 2.5 2 1 2 2 2
6710.9 4039.8 -3.6 358 0 7.4 8.2 7.5 2.5 4 1 3 2 2
6824.0 4409.8 -0.6 179 0 9.7 12.3 5.0 2.5 2 1 2 2 2
6888.7 4577.9 -1.4 359 0 13.2 12.3 7.5 0.0 0 0 3 3 3
6719.8 4304.2 -2.7 1 0 10.2 9.8 7.5 2.5 2 0 3 1 1
6725.2 4130.2 -3.5 358 0 7.7 10.3 7.5 2.5 2 1 3 0 0
6670.8 4133.7 -3.0 178 0 13.5 14.9 7.5 2.5 2 1 3 1 1
6887.7 4451.6 0.3 357 0 9.9 9.8 7.5 2.5 2 0 3 3 3
6850.1 4363.7 -1.8 83 0 12.7 12.8 5.0 2.5 2 1 2 2 2
6811.3 4477.8 0.4 179 0 13.0 13.4 7.5 2.5 2 1 3 3 3
6709.2 4396.8 -2.4 358 0 9.2 14.9 10.0 2.5 2 1 4 2 2
6708.3 4098.6 -3.4 88 0 11.2 14.2 7.5 2.5 2 1 3 3 3
6707.6 4454.3 -1.6 358 0 10.9 13.9 7.5 2.5 4 1 3 0 0
6884.0 4466.2 0.3 359 0 13.4 11.7 5.0 2.5 2 0 2 2 2
6718.5 4152.3 -3.3 358 0 12.7 8.4 7.5 2.5 4 0 3 2 2
6713.6 4136.0 -3.3 358 0 10.4 11.4 5.0 2.5 4 1 2 1 1
6867.4 4435.6 -0.1 359 0 13.4 8.7 7.5 0.0 0 0 3 5 5
6669.3 4194.3 -2.7 178 0 8.8 9.6 2.5 2.5 4 1 1 5 5
6890.3 4397.6 -0.9 356 0 13.1 12.1 5.0 2.5 2 0 2 3 3
6911.9 4378.7 -1.6 349 0 12.6 14.2 2.5 2.5 2 1 1 4 4
6684.2 4258.4 -2.7 181 0 12.5 14.5 7.5 2.5 2 1 3 4 4
6908.6 4503.4 -0.5 179 0 15.9 16.4 5.0 0.0 0 1 2 1 1
6709.9 4317.0 -2.8 1 0 7.7 11.1 10.0 2.5 4 1 4 3 3
6696.8 4508.2 -0.6 268 0 10.0 15.4 5.0 2.5 4 1 2 0 0
6707.6 4194.8 -3.0 358 0 8.5 14.7 5.0 2.5 2 1 2 1 1
6708.5 4425.6 -1.8 358 0 12.4 15.8 7.5 2.5 2 1 3 2 2
6712.9 4165.6 -3.2 358 0 10.7 13.0 5.0 2.5 2 1 2 0 0
6705.0 4073.6 -3.5 267 0 10.4 10.1 10.0 2.5 2 0 4 3 3
6722.9 4014.0 -3.9 358 0 7.6 10.8 7.5 2.5 2 1 3 2 2
6667.9 4497.6 -0.6 178 0 11.7 13.8 7.5 2.5 2 1 3 4 4
6717.7 4215.6 -3.0 358 0 7.4 14.3 7.5 0.0 0 1 3 3 3
-3226.5 3669.4 1.2 181 0 15.4 20.8 10.5 3.5 2 1 3 2 2
-3969.6 1887.6 -2.8 280 0 83.5 56.6 14.0 0.0 0 0 4 3 3
-4273.8 2779.1 -4.9 131 0 17.2 166.9 10.0 0.0 0 1 4 2 2
-3992.6 3843.5 -2.1 280 0 81.0 58.8 14.0 0.0 0 0 4 3 3
-4024.8 3757.4 -2.1 194 0 41.7 58.3 10.5 0.0 0 1 3 5 5
-4952.3 4237.3 -4.6 18 0 13.7 26.1 10.0 2.5 2 1 4 4 4
-4953.6 4336.9 -4.0 202 0 51.2 64.4 7.5 0.0 0 1 3 1 1
-4499.1 4260.9 -4.6 182 0 20.5 91.1 12.5 0.0 0 1 5 2 2
-4503.5 4245.3 -3.7 276 0 8.0 8.7 7.5 2.5 2 1 3 2 2
-3988.7 1266.3 -7.0 178 0 37.1 36.7 17.5 0.0 0 0 7 4 4
-3882.3 1800.0 -4.6 188 0 32.3 81.8 14.0 0.0 0 1 4 5 5
-4828.9 4314.1 -5.7 15 0 63.8 37.6 10.0 0.0 0 0 4 1 1
6729.9 1785.8 -7.0 300 0 8.8 6.7 7.5 2.5 4 0 3 3 3
6624.5 1936.3 -7.7 143 0 6.7 8.8 2.5 2.5 4 1 1 2 2
6600.1 1894.6 -7.6 319 0 8.9 6.7 7.5 2.5 2 0 3 1 1
6712.2 1784.0 -7.0 300 0 8.8 6.7 10.0 2.5 2 0 4 3 3
6801.0 1908.7 -5.7 122 0 6.7 8.9 5.0 2.5 2 1 2 2 2
6640.1 1741.8 -7.6 123 0 8.8 6.7 5.0 0.0 0 0 2 2 2
6643.8 1756.0 -7.4 213 0 6.7 8.8 7.5 2.5 4 1 3 5 5
6572.1 1875.4 -8.3 229 0 6.7 8.9 7.5 2.5 2 1 3 5 5
6666.2 1984.7 -6.6 238 0 8.8 6.7 10.0 0.0 0 0 4 5 5
6832.1 1830.1 -6.2 212 0 8.9 6.7 7.5 2.5 2 0 3 3 3
6593.1 1882.5 -7.8 49 0 6.7 8.9 5.0 2.5 2 1 2 4 4
6717.2 1792.7 -6.9 300 0 8.8 6.7 2.5 2.5 2 0 1 1 1
6867.7 1739.1 -6.8 125 0 6.7 8.9 10.0 0.0 0 1 4 2 2
6774.6 1749.9 -6.4 300 0 8.8 6.7 5.0 2.5 2 0 2 3 3
6745.7 1841.9 -6.3 302 0 6.7 8.9 5.0 2.5 4 1 2 2 2
6654.7 1772.9 -7.1 213 0 6.7 8.8 5.0 2.5 2 1 2 3 3
6775.9 1924.2 -5.3 122 0 6.7 8.9 7.5 2.5 4 1 3 2 2
6618.7 1843.3 -6.2 228 0 6.7 8.9 5.0 2.5 2 1 2 0 0
6845.3 1910.5 -5.6 302 0 6.7 8.9 7.5 2.5 2 1 3 4 4
6733.6 1980.4 -5.5 174 0 6.7 8.8 7.5 2.5 4 1 3 1 1
6678.9 1994.2 -6.3 238 0 8.8 6.7 7.5 2.5 2 0 3 4 4
6635.3 1732.9 -7.8 123 0 8.8 6.7 10.0 2.5 4 0 4 4 4
6833.5 1890.1 -5.9 122 0 6.7 8.9 2.5 2.5 4 1 1 1 1
6771.4 1774.2 -6.8 300 0 8.8 6.7 5.0 2.5 2 0 2 5 5
6755.3 1814.0 -6.7 32 0 8.9 6.7 5.0 2.5 2 0 2 4 4
6734.7 1794.0 -6.9 300 0 8.8 6.7 7.5 2.5 2 0 3 0 0
6642.4 1939.0 -7.3 143 0 6.7 8.8 5.0 2.5 2 1 2 5 5
6779.6 1758.7 -6.2 300 0 8.8 6.7 10.0 2.5 2 0 4 3 3
6777.0 1960.8 -5.6 329 0 13.1 6.2 7.5 2.5 4 0 3 5 5
6755.6 2004.2 -6.1 354 0 6.7 8.8 7.5 2.5 2 1 3 1 1
6694.2 1723.8 -8.0 120 0 8.8 6.7 10.0 2.5 2 0 4 3 3
6682.3 1731.7 -7.9 120 0 8.8 6.7 7.5 0.0 0 0 3 2 2
6588.1 1857.9 -7.8 49 0 6.7 8.9 5.0 0.0 0 1 2 5 5
6695.2 1977.0 -5.9 328 0 6.7 8.8 5.0 0.0 0 1 2 0 0
6822.8 1923.5 -5.8 302 0 6.7 8.9 2.5 2.5 2 1 1 3 3
6763.6 1856.4 -6.1 124 0 19.1 31.4 10.0 2.5 2 1 4 5 5
6841.5 1756.9 -5.4 125 0 6.7 8.9 10.0 2.5 4 1 4 3 3
6872.5 1763.4 -6.5 305 0 6.7 8.9 2.5 2.5 2 1 1 1 1
6784.3 1766.9 -6.3 300 0 8.8 6.7 7.5 2.5 2 0 3 5 5
6699.2 1732.6 -7.9 120 0 8.8 6.7 2.5 2.5 2 0 1 2 2
6624.5 1754.9 -7.4 213 0 6.7 8.8 5.0 2.5 2 1 2 1 1
6635.4 1772.4 -7.1 213 0 6.7 8.8 5.0 2.5 2 1 2 2 2
6687.2 1740.4 -7.7 120 0 8.8 6.7 7.5 2.5 2 0 3 5 5
6635.8 1838.9 -5.7 228 0 6.7 8.9 10.0 2.5 2 1 4 1 1
6732.4 1990.5 -5.6 174 0 6.7 8.8 5.0 2.5 2 1 2 5 5
6779.6 1949.6 -5.4 302 0 6.7 8.9 5.0 0.0 0 1 2 3 3
6839.1 1843.2 -6.2 212 0 8.9 6.7 10.0 2.5 2 0 4 3 3
6700.8 1968.5 -5.7 328 0 6.7 8.8 7.5 2.5 2 1 3 0 0
6804.0 1742.8 -5.8 300 0 6.7 8.9 7.5 2.5 2 1 3 3 3
6610.7 1835.2 -6.4 229 0 6.7 8.9 5.0 2.5 2 1 2 4 4
6756.7 1748.6 -7.0 300 0 8.8 6.7 5.0 2.5 2 0 2 3 3
6719.9 1768.4 -7.3 300 0 8.8 6.7 5.0 2.5 2 0 2 4 4
6648.7 1931.1 -7.1 143 0 6.7 8.8 7.5 0.0 0 1 3 3 3
6762.8 1826.2 -6.5 32 0 8.9 6.7 7.5 0.0 0 0 3 4 4
6758.0 1984.3 -5.8 354 0 6.7 8.8 5.0 2.5 2 1 2 4 4
6784.3 1918.9 -5.4 122 0 6.7 8.9 7.5 2.5 2 1 3 5 5
6821.7 1768.2 -5.1 122 0 6.7 8.9 5.0 2.5 2 1 2 3 3
6754.4 2014.1 -6.2 354 0 6.7 8.8 7.5 2.5 2 1 3 4 4
6692.0 1748.7 -7.5 120 0 8.8 6.7 7.5 2.5 2 0 3 0 0
6689.9 1985.3 -6.1 328 0 6.7 8.8 7.5 2.5 2 1 3 2 2
6619.6 1745.9 -7.6 213 0 6.7 8.8 2.5 2.5 2 1 1 5 5
6861.2 1834.8 -5.7 302 0 6.7 8.9 5.0 2.5 2 1 2 4 4
6889.0 1818.8 -5.0 302 0 6.7 8.9 7.5 2.5 2 1 3 4 4
6725.1 1827.5 -6.3 122 0 6.7 8.9 5.0 2.5 2 1 2 5 5
6637.9 1952.2 -7.5 233 0 8.8 6.7 7.5 2.5 2 0 3 0 0
6850.4 1750.9 -6.1 125 0 6.7 8.9 2.5 2.5 2 1 1 0 0
6704.0 1740.9 -7.7 120 0 8.8 6.7 7.5 2.5 2 0 3 1 1
6640.8 1780.7 -6.9 213 0 6.7 8.8 7.5 2.5 2 1 3 5 5
6633.4 1856.8 -5.8 228 0 6.7 8.9 7.5 2.5 4 1 3 5 5
6900.4 1787.0 -5.7 32 0 8.9 6.7 7.5 2.5 2 0 3 2 2
6734.1 2014.1 -5.7 264 0 8.8 6.7 10.0 2.5 2 0 4 1 1
6794.7 1784.8 -6.3 122 0 6.7 8.9 5.0 2.5 4 1 2 5 5
6869.8 1829.5 -5.4 302 0 6.7 8.9 2.5 2.5 2 1 1 4 4
6834.8 1788.2 -5.2 302 0 6.7 8.9 2.5 2.5 2 1 1 0 0
6908.9 1800.2 -5.4 32 0 8.9 6.7 10.0 2.5 2 0 4 4 4
6816.9 1799.3 -5.9 302 0 6.7 8.9 7.5 2.5 2 1 3 5 5
6829.6 1728.2 -6.3 300 0 6.7 8.9 7.5 2.5 2 1 3 5 5
6630.6 1928.4 -7.6 143 0 6.7 8.8 7.5 2.5 4 1 3 5 5
6807.8 1804.8 -6.3 302 0 6.7 8.9 5.0 2.5 2 1 2 3 3
6880.9 1752.2 -6.5 35 0 8.9 6.7 7.5 2.5 2 0 3 2 2
6769.6 1741.3 -6.9 300 0 8.8 6.7 5.0 2.5 2 0 2 3 3
6647.3 1791.7 -6.7 213 0 6.7 8.8 7.5 2.5 2 1 3 0 0
6767.4 1929.4 -5.1 122 0 6.7 8.9 5.0 2.5 2 1 2 0 0
6626.1 1850.1 -5.9 228 0 6.7 8.9 5.0 2.5 2 1 2 0 0
6830.6 1762.8 -4.8 122 0 6.7 8.9 2.5 0.0 0 1 1 2 2
6682.5 1967.4 -6.3 328 0 6.7 8.8 5.0 2.5 2 1 2 1 1
6621.2 1818.8 -6.0 139 0 8.9 6.7 5.0 2.5 2 0 2 4 4
6841.9 1884.9 -5.7 122 0 6.7 8.9 2.5 0.0 0 1 1 5 5
6751.8 1739.9 -7.5 300 0 8.8 6.7 7.5 2.5 2 0 3 4 4
6900.4 1805.9 -5.4 32 0 8.9 6.7 7.5 0.0 0 0 3 4 4
6716.6 1832.7 -6.1 122 0 6.7 8.9 7.5 2.5 4 1 3 4 4
6715.0 1759.7 -7.4 300 0 8.8 6.7 10.0 2.5 2 0 4 5 5
6603.2 1871.7 -7.3 49 0 6.7 8.8 10.0 2.5 2 1 4 4 4
6831.8 1705.0 -7.1 30 0 8.9 6.7 7.5 0.0 0 0 3 1 1
6702.3 1766.7 -7.3 300 0 8.8 6.7 5.0 0.0 0 0 2 3 3
6756.7 1994.3 -6.0 354 0 6.7 8.8 10.0 2.5 2 1 4 2 2
6904.8 1853.8 -5.1 32 0 8.9 6.7 7.5 2.5 2 0 3 3 3
6854.5 1775.6 -5.3 305 0 6.7 8.9 7.5 2.5 2 1 3 3 3
6689.2 1715.2 -8.2 120 0 8.8 6.7 7.5 2.5 2 0 3 5 5
6661.1 1783.9 -6.8 213 0 6.7 8.8 2.5 2.5 2 1 1 4 4
6677.2 1723.1 -8.0 120 0 8.8 6.7 7.5 2.5 4 0 3 5 5
6688.1 1959.0 -6.1 328 0 6.7 8.8 7.5 2.5 2 1 3 4 4
6843.7 1782.8 -4.9 302 0 6.7 8.9 7.5 2.5 2 1 3 1 1
6628.4 1832.0 -5.8 228 0 6.7 8.8 5.0 2.5 2 1 2 2 2
6731.3 2000.3 -5.6 174 0 6.7 8.8 7.5 2.5 2 1 3 0 0
6788.1 1944.4 -5.5 302 0 6.7 8.9 7.5 2.5 2 1 3 3 3
6610.6 1878.3 -7.1 49 0 6.7 8.9 7.5 2.5 2 1 3 0 0
6875.2 1797.5 -5.1 122 0 6.7 8.9 5.0 2.5 2 1 2 2 2
6761.7 1757.1 -6.8 300 0 8.8 6.7 5.0 2.5 2 0 2 3 3
6859.5 1744.7 -6.7 125 0 6.7 8.9 10.0 0.0 0 1 4 0 0
6612.1 1808.5 -6.2 138 0 8.9 6.7 10.0 0.0 0 0 4 0 0
6889.1 1858.3 -5.1 122 0 6.7 8.9 5.0 2.5 2 1 2 5 5
6792.9 1913.7 -5.6 122 0 6.7 8.9 7.5 2.5 2 1 3 1 1
6655.9 1851.3 -5.5 318 0 8.9 6.7 5.0 2.5 2 0 2 2 2
6836.8 1915.7 -5.7 302 0 6.7 8.9 5.0 2.5 2 1 2 2 2
6803.8 1779.3 -5.9 122 0 6.7 8.9 7.5 0.0 0 1 3 2 2
6798.5 1871.1 -6.1 299 0 7.2 8.4 7.5 2.5 2 1 3 3 3
6671.7 1976.3 -6.5 238 0 8.8 6.7 5.0 2.5 2 0 2 1 1
6838.3 1723.2 -6.9 300 0 6.7 8.9 7.5 2.5 2 1 3 4 4
6825.0 1895.4 -6.0 122 0 6.7 8.9 5.0 0.0 0 1 2 3 3
6766.7 1765.9 -6.8 300 0 8.8 6.7 5.0 2.5 2 0 2 2 2
-3459.8 5194.8 -0.8 177 0 11.2 7.5 5.0 2.5 2 0 2 3 3
-3525.7 5245.5 -1.0 90 0 8.7 8.7 10.0 2.5 2 1 4 0 0
-3314.4 4751.5 -2.3 9 0 12.6 15.2 14.0 3.5 2 1 4 3 3
-3459.5 5238.9 -0.8 86 0 8.7 10.7 2.5 2.5 2 1 1 5 5
-3460.7 5265.8 -0.8 94 0 8.6 7.9 7.5 2.5 2 0 3 5 5
-3393.1 5270.1 -0.8 337 0 9.4 12.4 5.0 2.5 2 1 2 3 3
-3580.7 4753.2 -0.1 186 0 7.5 8.7 14.0 3.5 2 1 4 2 2
-4544.9 4415.8 -2.3 93 0 10.3 10.8 7.5 2.5 2 1 3 0 0
-4628.0 4400.2 -2.6 10 0 8.9 10.0 2.5 2.5 2 1 1 2 2
-4537.5 4437.0 -2.5 185 0 10.5 10.9 5.0 2.5 2 1 2 0 0
-4603.5 4454.5 -3.8 18 0 10.3 12.7 7.5 0.0 0 1 3 5 5
-4640.0 4448.2 -3.7 198 0 10.2 6.2 10.0 2.5 2 0 4 0 0
-4535.2 4356.7 -2.3 266 0 11.8 9.0 5.0 2.5 2 0 2 0 0
-2739.7 4195.4 -0.0 358 0 20.0 8.8 14.0 3.5 2 0 4 2 2
-2648.8 4234.3 0.8 356 0 10.2 8.3 7.5 2.5 2 0 3 5 5
-4672.7 4373.8 -2.1 92 0 14.4 9.9 5.0 2.5 2 0 2 0 0
-4774.2 4309.3 -5.5 195 0 16.8 29.6 10.0 0.0 0 1 4 5 5
-2658.5 4171.9 -0.3 2 0 9.9 15.0 5.0 2.5 2 1 2 1 1
-4511.7 4356.1 -2.7 268 0 10.3 8.9 5.0 2.5 2 0 2 5 5
-4763.0 4349.1 -4.3 195 0 16.5 27.4 12.5 2.5 2 1 5 1 1
-2781.8 4131.6 -0.4 178 0 7.3 14.4 14.0 3.5 2 1 4 4 4
-4625.9 4349.4 -1.8 101 0 10.5 9.9 7.5 2.5 2 0 3 1 1
-4627.6 4317.7 -1.3 90 0 8.2 13.6 7.5 2.5 2 1 3 4 4
-2776.0 4119.4 -0.1 176 0 11.9 13.6 14.0 3.5 2 1 4 1 1
-4511.6 4365.4 -2.7 100 0 8.4 9.4 2.5 2.5 2 1 1 2 2
-4610.9 4430.3 -3.4 17 0 6.9 8.3 5.0 2.5 2 1 2 4 4
-4550.6 4364.9 -2.1 98 0 14.5 8.7 10.0 2.5 2 0 4 3 3
-4585.6 4455.5 -3.2 191 0 6.1 7.5 7.5 2.5 4 1 3 3 3
-4746.1 4402.4 -2.7 193 0 8.4 7.0 5.0 2.5 2 0 2 1 1
-4602.0 4426.6 -3.0 192 0 8.1 7.2 5.0 2.5 2 0 2 3 3
-4616.3 4392.0 -2.5 289 0 6.0 8.4 2.5 0.0 0 1 1 5 5
-4545.7 4306.1 -2.4 93 0 9.2 12.8 7.5 2.5 2 1 3 1 1
-2730.4 4195.8 -0.1 358 0 20.0 8.6 14.0 3.5 2 0 4 1 1
-4581.1 4315.8 -1.6 101 0 11.4 20.5 7.5 2.5 2 1 3 5 5
-4565.2 4447.3 -2.9 17 0 8.4 10.2 2.5 2.5 4 1 1 5 5
-4683.3 4416.8 -1.6 272 0 12.1 14.1 7.5 2.5 4 1 3 3 3
-4568.1 4399.5 -2.1 9 0 6.8 16.7 5.0 2.5 2 1 2 3 3
-2719.2 4195.3 -0.2 356 0 22.4 10.1 14.0 3.5 2 0 4 0 0
-4646.0 4388.3 -2.4 355 0 6.7 8.1 7.5 2.5 2 1 3 5 5
-2783.4 4169.8 -0.2 176 0 10.9 13.6 14.0 3.5 2 1 4 4 4
-4533.6 4466.7 -2.5 270 0 7.4 12.1 5.0 2.5 2 1 2 1 1
-4523.7 4304.3 -2.8 92 0 7.7 8.8 5.0 2.5 2 1 2 3 3
-4638.0 4385.5 -2.5 272 0 10.2 7.7 7.5 2.5 4 0 3 4 4
-4575.4 4476.9 -3.5 289 0 9.0 14.2 10.0 2.5 4 1 4 3 3
-2739.1 4125.8 -0.4 2 0 7.9 21.7 14.0 3.5 2 1 4 3 3
-4653.9 4399.9 -2.2 3 0 10.2 11.2 5.0 2.5 2 1 2 0 0
6253.6 4056.3 -1.9 353 0 7.1 11.9 5.0 2.5 2 1 2 5 5
6411.5 4718.9 -6.6 87 0 86.3 65.7 10.0 0.0 0 0 4 1 1
5722.3 4516.6 -5.5 130 0 34.1 138.3 10.0 0.0 0 1 4 1 1
5519.7 4010.9 -6.2 7 0 82.8 24.8 10.0 0.0 0 0 4 2 2
6203.8 4006.8 -3.5 157 0 40.6 56.5 10.0 0.0 0 1 4 5 5
-3317.8 3806.3 0.5 98 0 29.9 34.7 7.0 0.0 0 1 2 0 0
-2387.0 4000.2 -2.2 90 0 87.4 67.0 10.0 0.0 0 0 4 4 4
-4400.8 4887.3 -0.9 190 0 45.0 10.7 7.5 2.5 4 0 3 0 0
-4344.5 4981.7 -1.7 14 0 6.5 13.2 5.0 2.5 2 1 2 4 4
-4361.1 4439.2 -5.3 281 0 10.9 46.1 7.5 0.0 0 1 3 1 1
-3249.9 4390.7 -2.4 295 0 7.9 36.1 17.5 3.5 2 1 5 2 2
-4835.0 3653.3 -4.9 19 0 7.8 12.4 7.5 2.5 2 1 3 2 2
-4852.8 3775.3 -3.2 189 0 6.6 37.8 10.0 2.5 2 1 4 1 1
-4771.0 3801.4 -3.5 21 0 13.0 31.2 10.0 2.5 2 1 4 3 3
-4800.0 3737.5 -3.5 28 0 6.5 20.7 7.5 2.5 2 1 3 0 0
-6325.5 5197.2 -7.5 173 0 13.5 13.1 7.5 2.5 2 0 3 2 2
-6327.4 5163.3 -2.9 179 0 9.9 13.4 2.5 2.5 2 1 1 5 5
-6336.2 5172.5 -5.5 1 0 9.8 9.9 7.5 2.5 2 1 3 3 3
-6341.9 5204.4 -9.3 268 0 9.9 8.1 5.0 2.5 2 0 2 4 4
-6334.7 5159.4 -2.9 357 0 9.6 10.5 7.5 2.5 2 1 3 5 5
-3347.7 4769.4 -1.8 198 0 10.8 10.0 14.0 3.5 2 0 4 2 2
-3330.2 4787.3 -2.2 290 0 11.0 7.3 14.0 3.5 2 0 4 4 4
-3305.6 4731.2 -2.7 180 1 13.4 13.1 14.0 3.5 2 0 4 3 3
