1648.5 -4143.2 16.4 334 0 8.8 16.9 7.5 2.5 2 0 3 4 4
1590.3 -4176.0 16.5 72 0 20.6 7.2 2.5 2.5 2 0 1 2 2
506.3 5475.3 -19.4 355 0 6.2 8.8 7.5 2.5 2 0 3 0 0
418.9 5642.8 -20.9 158 0 11.4 7.2 5.0 2.5 2 0 2 1 1
423.0 5633.1 -21.1 159 0 7.8 22.8 7.5 2.5 2 0 3 5 5
448.8 5677.3 -22.2 353 0 8.8 7.8 7.5 2.5 2 0 3 2 2
430.4 5685.2 -22.1 264 0 11.2 19.6 2.5 2.5 2 1 1 1 1
477.1 5550.0 -19.3 318 0 6.4 6.8 5.0 2.5 2 1 2 1 1
426.8 5548.0 -19.6 328 0 20.1 9.6 5.0 2.5 2 0 2 1 1
409.9 5583.5 -20.4 343 0 9.6 18.9 7.5 2.5 2 1 3 0 0
398.8 5629.6 -20.3 169 0 14.5 10.4 7.5 2.5 2 0 3 0 0
453.0 5650.9 -21.6 251 0 8.6 7.2 10.0 0.0 0 0 4 1 1
520.9 5620.4 -22.2 146 0 9.8 7.2 7.5 2.5 2 0 3 3 3
506.6 5637.3 -22.4 140 0 15.7 8.6 5.0 2.5 2 0 2 4 4
491.1 5636.5 -21.8 329 0 9.6 15.5 10.0 2.5 2 1 4 0 0
481.7 5564.1 -20.1 162 0 12.7 13.0 7.5 2.5 2 1 3 3 3
468.5 5565.6 -19.6 353 0 7.2 9.8 7.5 2.5 2 1 3 3 3
459.5 5517.8 -18.4 162 0 9.9 7.1 5.0 0.0 0 0 2 5 5
168.3 5457.2 -19.6 247 0 6.0 7.1 7.5 2.5 2 1 3 4 4
133.8 5472.6 -21.6 243 0 6.6 6.5 10.0 2.5 4 0 4 1 1
115.3 5450.6 -21.9 167 0 6.4 7.9 7.5 2.5 2 1 3 5 5
261.8 5469.0 -20.3 355 0 6.5 7.8 7.5 2.5 2 1 3 5 5
271.8 5422.0 -19.3 346 0 6.2 8.0 10.0 2.5 2 1 4 3 3
338.8 5345.4 -17.0 342 0 6.2 6.3 7.5 2.5 2 1 3 3 3
370.2 5174.3 -13.5 69 0 6.0 6.0 5.0 0.0 0 1 2 3 3
-6028.1 -931.9 -11.8 89 0 12.1 13.3 7.5 2.5 2 1 3 1 1
1541.8 -4237.6 15.4 339 0 9.2 13.5 10.0 2.5 2 1 4 1 1
1494.8 -4331.5 11.5 139 0 8.6 6.2 7.5 2.5 2 0 3 5 5
1442.9 -4286.8 14.8 100 0 11.5 6.6 10.0 2.5 4 0 4 5 5
1402.4 -4272.2 14.4 162 0 28.0 14.1 12.5 2.5 2 0 5 0 0
1265.8 -4308.9 13.8 7 0 7.5 21.3 7.5 2.5 2 1 3 0 0
1184.3 -4241.8 18.3 210 0 7.5 19.9 7.5 2.5 2 1 3 3 3
