-1213.6 6511.2 -17.9 249 0 8.6 25.3 10.5 3.5 2 0 3 0 0
-1270.7 6515.4 -18.9 248 0 8.9 20.5 10.5 0.0 0 0 3 4 4
-1305.7 6450.8 -17.8 158 0 14.2 17.1 10.5 0.0 0 0 3 1 1
-1233.1 6401.1 -17.5 70 0 13.9 32.1 10.5 3.5 2 0 3 1 1
-1222.1 6418.7 -17.3 157 0 27.8 14.5 10.5 3.5 2 0 3 4 4
-1169.6 6454.4 -16.6 339 0 15.0 10.8 10.5 3.5 2 0 3 4 4
-1178.7 6472.9 -16.9 338 0 13.6 8.1 10.5 0.0 0 0 3 4 4
-1140.4 6556.5 -16.8 157 0 33.1 8.8 14.0 3.5 2 0 4 0 0
-1123.1 6479.5 -15.4 157 0 10.2 29.2 14.0 3.5 2 0 4 4 4
-1075.6 6566.1 -15.0 155 0 21.6 14.8 14.0 3.5 2 0 4 4 4
-1091.9 6444.2 -14.0 161 0 10.5 7.7 14.0 3.5 2 0 4 5 5
-1102.8 6454.0 -14.3 163 0 6.9 10.2 14.0 3.5 4 1 4 3 3
-1089.2 6469.6 -14.1 251 0 7.3 11.6 14.0 3.5 2 1 4 0 0
-1074.0 6456.7 -13.8 340 0 6.4 9.6 14.0 3.5 2 1 4 2 2
-1182.9 6375.3 -16.3 68 0 11.2 18.5 10.5 3.5 2 0 3 4 4
-1155.5 6375.4 -15.5 69 0 17.1 12.0 10.5 3.5 2 0 3 1 1
-1186.8 6432.7 -16.8 339 0 25.8 9.4 10.5 3.5 2 0 3 1 1
-1141.9 6423.6 -15.8 340 0 9.4 17.7 10.5 3.5 2 0 3 4 4
-1149.3 6356.3 -15.8 148 0 8.6 15.6 10.5 3.5 2 0 3 5 5
-1076.4 6389.0 -15.5 337 0 18.6 8.9 10.5 3.5 2 0 3 3 3
-1090.8 6333.0 -15.6 67 0 13.2 10.5 10.5 3.5 2 0 3 5 5
-1223.3 6350.9 -16.6 74 0 13.1 26.5 10.5 3.5 2 0 3 0 0
-1139.8 6472.9 -16.1 1 0 8.7 11.3 10.5 3.5 2 1 3 2 2
-1321.2 6419.0 -16.9 160 0 18.9 10.4 10.5 0.0 0 0 3 0 0
-1389.7 6424.4 -14.0 352 0 11.5 25.5 14.0 3.5 2 1 4 5 5
-1373.5 6419.1 -14.7 351 0 8.2 13.7 14.0 3.5 4 1 4 4 4
-1318.5 6302.9 -16.2 337 0 15.9 9.9 14.0 3.5 2 0 4 5 5
-1334.2 6323.0 -15.4 338 0 15.0 9.1 14.0 3.5 2 0 4 3 3
-1316.8 6263.2 -17.4 70 0 10.5 15.3 14.0 3.5 2 1 4 4 4
-1476.3 6552.0 -14.5 338 0 39.5 10.4 14.0 3.5 2 0 4 4 4
-1494.8 6534.2 -13.8 340 0 17.8 10.6 14.0 3.5 2 0 4 1 1
-1543.6 6532.6 -15.3 157 0 32.8 13.7 14.0 3.5 2 0 4 1 1
-1802.1 6530.6 -15.5 333 0 10.3 8.2 2.5 2.5 2 0 1 3 3
-1793.5 6509.0 -15.3 337 0 29.5 9.5 10.0 2.5 2 0 4 2 2
-1784.4 6473.5 -14.8 68 0 9.3 17.7 5.0 2.5 2 1 2 5 5
-1831.8 6569.3 -16.3 249 0 6.5 37.3 10.0 2.5 2 1 4 1 1
-1861.1 6539.8 -16.8 161 0 29.7 10.2 10.0 2.5 2 0 4 1 1
-1851.4 6559.6 -16.6 250 0 9.0 35.3 7.5 2.5 2 1 3 3 3
-1850.9 6512.4 -15.6 160 0 12.8 9.1 10.0 2.5 4 0 4 5 5
-1825.8 6461.6 -15.1 67 0 10.0 47.3 7.5 2.5 2 1 3 1 1
-1862.1 6439.0 -14.8 62 0 22.0 6.7 2.5 2.5 2 0 1 2 2
-1908.9 6462.5 -16.3 155 0 9.3 13.9 2.5 2.5 2 1 1 1 1
-1936.6 6407.2 -16.4 61 0 7.6 14.0 7.5 2.5 2 1 3 2 2
-1886.2 6430.3 -15.7 56 0 8.0 23.3 7.5 2.5 4 1 3 0 0
-1903.6 6416.9 -15.7 61 0 7.9 17.3 10.0 2.5 2 1 4 0 0
-1888.3 6494.7 -16.3 241 0 8.1 17.0 5.0 2.5 2 1 2 1 1
-1888.0 6466.8 -15.7 244 0 7.2 11.6 7.5 0.0 0 1 3 4 4
-1970.4 6497.2 -19.2 115 0 8.5 14.5 7.5 2.5 2 1 3 3 3
-1800.3 6275.5 -13.6 164 0 9.9 25.5 10.0 2.5 2 1 4 3 3
-1782.7 6306.1 -13.6 342 0 7.9 18.6 7.5 2.5 2 1 3 1 1
-1764.7 6346.0 -14.4 164 0 17.5 8.7 5.0 2.5 2 0 2 5 5
-1716.3 6295.9 -14.0 50 0 10.5 22.7 5.0 2.5 2 1 2 4 4
-1350.3 6581.5 -15.7 69 0 37.1 8.3 14.0 3.5 2 0 4 3 3
-1372.5 6640.0 -17.1 249 0 11.5 30.1 14.0 3.5 2 1 4 1 1
-1403.5 6619.2 -16.0 252 0 8.7 12.1 14.0 0.0 0 1 4 1 1
-1351.6 6536.9 -15.7 70 0 11.8 9.6 14.0 3.5 4 0 4 3 3
-1398.9 6514.9 -14.3 68 0 32.7 9.1 14.0 3.5 2 0 4 4 4
-1321.6 6629.3 -16.8 249 0 7.6 34.1 14.0 3.5 2 1 4 5 5
-1332.8 6655.2 -17.5 251 0 8.6 10.4 14.0 3.5 4 1 4 0 0
-1351.2 6648.6 -17.5 247 0 7.7 30.7 14.0 3.5 2 1 4 4 4
-1307.3 6631.8 -16.8 248 0 6.9 31.1 14.0 3.5 2 1 4 2 2
-1289.9 6641.0 -16.9 250 0 7.3 33.9 14.0 3.5 2 1 4 1 1
-1285.8 6672.2 -17.5 250 0 6.1 27.6 14.0 3.5 2 1 4 1 1
-1268.9 6677.3 -17.3 248 0 10.3 25.0 14.0 3.5 2 1 4 3 3
-1211.5 6616.8 -16.6 336 0 12.1 9.9 14.0 3.5 2 0 4 5 5
-1420.6 6690.0 -18.8 251 0 10.2 7.0 14.0 0.0 0 0 4 0 0
-1397.3 6654.5 -18.1 67 0 7.7 12.3 14.0 0.0 0 1 4 0 0
-1470.1 6644.7 -17.2 66 0 8.2 11.0 14.0 3.5 2 1 4 5 5
-1165.5 6621.2 -17.1 244 0 10.9 48.9 14.0 3.5 4 1 4 0 0
-1231.5 6806.3 -19.6 338 0 9.1 24.1 14.0 0.0 0 1 4 5 5
-1291.2 6822.7 -20.9 159 0 18.4 10.3 14.0 3.5 2 0 4 5 5
-1299.5 6858.6 -21.4 247 0 9.5 18.1 14.0 3.5 2 1 4 3 3
-1167.6 6761.9 -18.6 157 0 8.6 19.1 14.0 3.5 2 1 4 4 4
-1152.9 6716.8 -18.1 67 0 6.9 47.8 14.0 3.5 2 1 4 3 3
-1136.1 6732.5 -18.4 67 0 28.6 6.4 14.0 3.5 2 0 4 3 3
-1131.1 6747.2 -18.9 66 0 20.6 21.2 14.0 3.5 2 1 4 0 0
-1112.2 6743.9 -18.9 66 0 6.5 17.6 14.0 3.5 2 1 4 3 3
-1124.1 6664.6 -17.1 155 0 8.5 7.7 14.0 3.5 2 0 4 2 2
-1114.5 6669.9 -17.3 154 0 11.4 6.9 14.0 3.5 2 0 4 5 5
-1107.6 6719.2 -18.3 245 0 15.0 8.2 14.0 3.5 2 0 4 4 4
-1099.4 6888.0 -20.1 248 0 10.8 6.8 14.0 0.0 0 0 4 0 0
-1111.4 6891.8 -19.7 334 0 9.0 9.7 14.0 3.5 2 1 4 5 5
-1323.9 6735.3 -19.4 248 0 7.4 22.4 14.0 3.5 4 1 4 4 4
-1341.8 6728.9 -19.4 247 0 7.6 26.3 14.0 0.0 0 1 4 5 5
-1337.8 6677.5 -18.6 68 0 7.2 20.4 14.0 3.5 2 1 4 4 4
-1484.8 6673.2 -18.8 158 0 10.7 8.1 14.0 3.5 2 0 4 5 5
-1515.2 6707.6 -19.7 166 0 9.0 32.6 14.0 3.5 2 1 4 0 0
-1553.3 6703.5 -19.8 69 0 9.8 39.5 14.0 3.5 2 1 4 3 3
-1582.5 6736.4 -19.6 249 0 9.2 40.6 14.0 3.5 2 1 4 3 3
-1676.4 6683.9 -18.1 72 0 8.9 11.8 10.5 3.5 2 1 3 5 5
-1680.6 6714.8 -18.4 344 0 11.7 9.1 10.5 3.5 2 0 3 0 0
-1723.1 6700.9 -17.8 162 0 11.4 8.2 10.5 3.5 2 0 3 2 2
-1733.0 6637.8 -17.4 67 0 8.0 10.9 7.5 2.5 2 1 3 3 3
-1765.5 6627.2 -16.7 71 0 7.9 10.5 5.0 2.5 2 1 2 5 5
-1547.5 6879.3 -22.3 251 0 13.7 10.7 2.5 2.5 4 0 1 0 0
-1551.5 6892.0 -22.5 250 0 12.1 10.8 5.0 0.0 0 0 2 2 2
-1050.1 6868.0 -21.1 339 0 9.5 12.2 14.0 3.5 2 1 4 3 3
-922.4 6703.4 -20.4 158 0 9.2 16.6 14.0 3.5 2 1 4 5 5
-984.5 6366.1 -17.0 248 0 8.7 16.9 14.0 3.5 2 1 4 4 4
-1113.0 6229.4 -20.7 89 0 7.8 18.7 5.0 2.5 4 1 2 5 5
-1069.4 6254.5 -19.9 273 0 6.2 10.0 7.5 2.5 2 1 3 5 5
-3854.3 6324.9 -10.8 223 0 18.9 131.0 10.0 0.0 0 1 4 3 3
-3835.9 6344.3 -11.2 223 0 17.6 131.0 7.5 0.0 0 1 3 3 3
-3720.3 6273.7 -11.6 44 0 18.5 132.0 10.0 0.0 0 1 4 0 0
-3700.4 6294.3 -11.3 41 0 18.1 42.0 7.5 2.5 2 1 3 0 0
-884.0 6846.3 -22.3 75 0 13.9 19.7 12.5 2.5 2 1 5 1 1
5860.5 4507.8 -15.6 1 0 7.5 6.2 7.5 2.5 2 0 3 2 2
1013.4 3392.2 -9.2 67 0 10.2 10.9 2.5 2.5 2 1 1 4 4
1164.1 3490.9 -7.0 235 0 11.6 9.7 7.5 2.5 2 0 3 0 0
990.6 3375.1 -9.0 60 0 15.2 9.5 5.0 0.0 0 0 2 5 5
1064.0 3425.0 -9.4 57 0 11.2 7.0 7.5 2.5 2 0 3 1 1
1160.5 3609.0 -8.6 74 0 7.8 6.5 5.0 2.5 2 0 2 2 2
1093.4 3476.7 -9.2 239 0 10.2 9.7 7.5 2.5 2 0 3 3 3
1141.1 3455.5 -7.4 144 0 9.0 12.2 2.5 2.5 2 1 1 5 5
1186.5 3504.1 -6.4 234 0 8.8 9.1 5.0 0.0 0 1 2 2 2
1241.0 3531.2 -7.0 246 0 8.4 8.9 5.0 0.0 0 1 2 1 1
1268.7 3549.6 -7.6 254 0 10.9 8.8 2.5 2.5 4 0 1 1 1
1322.4 3567.6 -8.6 251 0 7.6 12.2 5.0 2.5 2 1 2 3 3
1379.5 3590.2 -9.2 249 0 8.6 7.1 7.5 2.5 4 0 3 1 1
1430.4 3564.6 -9.9 154 0 7.7 13.1 10.0 2.5 2 1 4 2 2
1443.9 3618.7 -10.2 245 0 11.2 8.6 5.0 2.5 2 0 2 0 0
1469.1 3624.3 -10.4 237 0 10.5 8.4 7.5 2.5 2 0 3 2 2
1598.2 3668.3 -10.2 350 0 8.3 8.2 7.5 2.5 2 0 3 5 5
6459.7 5055.9 -21.1 33 0 7.0 7.2 7.5 0.0 0 1 3 5 5
134.1 3329.3 -13.4 208 0 6.5 6.3 10.0 2.5 4 0 4 0 0
109.9 3276.9 -14.1 135 0 6.3 7.9 10.0 2.5 2 1 4 3 3
836.7 3672.3 -14.7 285 0 9.5 7.0 5.0 2.5 2 0 2 5 5
741.8 3617.6 -11.8 176 0 7.9 7.3 5.0 2.5 2 0 2 3 3
651.8 3622.2 -13.9 17 0 8.2 11.0 7.5 2.5 2 1 3 1 1
700.0 3573.8 -12.6 275 0 9.5 8.5 7.5 2.5 2 0 3 2 2
719.9 3562.8 -12.1 96 0 11.1 6.1 7.5 0.0 0 0 3 2 2
591.3 3585.9 -15.0 180 0 13.3 6.2 7.5 2.5 4 0 3 2 2
590.2 3549.1 -14.7 184 0 11.1 8.5 5.0 2.5 4 0 2 5 5
469.5 3438.4 -10.4 326 0 7.1 7.0 2.5 2.5 2 0 1 3 3
581.0 3473.0 -11.6 181 0 10.7 8.1 5.0 2.5 4 0 2 2 2
581.4 3431.9 -10.2 188 0 9.0 6.1 5.0 2.5 2 0 2 3 3
632.1 3496.6 -13.1 1 0 10.7 7.2 7.5 2.5 2 0 3 5 5
714.0 3492.7 -11.4 144 0 6.6 8.8 2.5 2.5 4 1 1 2 2
726.4 3397.5 -9.9 97 0 6.1 8.7 10.0 2.5 2 1 4 4 4
625.9 3412.9 -10.0 0 0 7.1 7.2 5.0 2.5 2 1 2 2 2
629.7 3338.9 -9.0 308 0 12.4 10.5 10.0 0.0 0 0 4 4 4
645.2 3316.9 -8.1 308 0 9.0 8.4 7.5 2.5 2 0 3 0 0
189.1 3310.2 -12.4 31 0 13.0 15.8 2.5 2.5 2 1 1 1 1
287.5 3471.5 -9.4 313 0 8.1 10.3 5.0 2.5 2 1 2 1 1
249.6 3416.6 -10.3 222 0 9.9 7.7 2.5 2.5 2 0 1 4 4
258.0 3371.2 -11.1 25 0 7.2 10.4 10.0 0.0 0 1 4 2 2
343.8 3351.0 -9.5 231 0 7.3 7.8 5.0 2.5 2 1 2 0 0
523.3 3338.7 -9.7 226 0 10.0 8.1 7.5 2.5 2 0 3 1 1
580.4 3261.6 -7.1 125 0 7.9 9.2 7.5 2.5 2 1 3 2 2
613.1 3205.7 -5.2 127 0 8.9 12.7 10.0 2.5 4 1 4 4 4
563.7 3154.2 -5.5 223 0 14.1 8.3 2.5 2.5 4 0 1 2 2
291.4 3279.2 -10.4 225 0 10.7 10.5 7.5 2.5 4 0 3 5 5
273.1 3253.7 -10.7 212 0 8.7 12.6 7.5 2.5 2 1 3 2 2
190.0 3151.7 -11.8 143 0 7.4 9.7 7.5 0.0 0 1 3 2 2
195.7 3063.3 -10.8 144 0 6.0 7.8 7.5 2.5 2 1 3 5 5
415.4 3215.2 -8.9 218 0 11.6 11.3 7.5 2.5 2 0 3 1 1
364.0 3261.5 -8.8 359 0 6.8 7.9 2.5 2.5 2 1 1 4 4
331.9 3238.3 -9.4 50 0 9.7 7.3 7.5 2.5 2 0 3 5 5
313.2 3221.0 -9.9 50 0 12.1 11.4 10.0 2.5 2 0 4 2 2
241.1 3076.4 -10.4 51 0 7.6 15.3 5.0 2.5 2 1 2 3 3
293.7 3015.8 -8.8 295 0 11.7 6.0 7.5 2.5 2 0 3 5 5
355.3 3117.1 -8.2 215 0 10.6 7.0 5.0 2.5 2 0 2 3 3
375.5 3139.7 -8.1 218 0 11.3 6.2 10.0 2.5 2 0 4 5 5
464.7 3181.7 -8.0 44 0 11.9 8.5 7.5 2.5 2 0 3 2 2
448.9 3157.7 -8.0 57 0 8.7 12.5 7.5 2.5 2 1 3 1 1
526.0 3099.1 -5.9 223 0 7.0 7.8 5.0 2.5 2 1 2 5 5
488.8 3021.2 -6.2 318 0 8.9 9.8 5.0 2.5 2 1 2 5 5
331.5 2995.1 -7.8 312 0 6.2 10.0 5.0 2.5 2 1 2 1 1
396.3 3080.4 -7.9 37 0 8.0 10.8 7.5 2.5 2 1 3 1 1
400.7 2951.4 -4.9 215 0 8.3 14.0 5.0 2.5 2 1 2 4 4
417.9 2932.7 -4.7 218 0 11.4 11.4 7.5 2.5 2 1 3 2 2
411.3 2862.0 -5.3 47 0 10.2 7.7 7.5 2.5 2 0 3 3 3
224.7 2692.2 -6.8 242 0 8.3 10.7 2.5 2.5 2 1 1 2 2
247.1 2758.5 -7.0 161 0 10.6 17.9 7.5 2.5 2 1 3 5 5
325.0 2627.4 -4.8 157 0 12.6 12.2 5.0 2.5 4 0 2 1 1
970.4 3508.8 -11.1 153 0 8.1 9.7 2.5 2.5 2 1 1 0 0
788.7 3524.7 -10.3 0 0 7.5 9.7 7.5 2.5 2 1 3 1 1
773.8 3441.5 -9.6 1 0 7.4 6.6 5.0 2.5 2 0 2 4 4
831.0 3264.2 -10.2 233 0 10.4 7.4 7.5 2.5 2 0 3 2 2
771.3 3340.6 -6.7 318 0 12.9 8.3 5.0 2.5 2 0 2 1 1
791.9 3312.7 -8.1 53 0 12.0 8.1 5.0 2.5 2 0 2 4 4
643.2 3073.3 -4.7 94 0 9.1 32.6 7.5 0.0 0 1 3 0 0
669.2 3167.3 -6.2 125 0 19.3 10.6 2.5 2.5 4 0 1 2 2
510.2 3002.3 -5.7 310 0 7.3 9.5 7.5 2.5 2 1 3 2 2
602.1 2926.8 -7.0 44 0 10.6 8.4 10.0 2.5 2 0 4 5 5
525.8 2873.1 -6.2 225 0 6.0 9.9 10.0 2.5 2 1 4 4 4
457.4 2917.8 -4.8 308 0 12.0 6.2 7.5 0.0 0 0 3 5 5
468.0 2892.5 -5.1 298 0 9.8 6.5 5.0 0.0 0 0 2 4 4
485.9 2844.7 -6.1 133 0 9.7 7.3 7.5 2.5 2 0 3 3 3
405.0 2778.7 -6.6 151 0 12.6 10.5 7.5 2.5 2 0 3 3 3
446.1 2719.2 -7.3 149 0 12.0 7.6 2.5 2.5 2 0 1 4 4
451.8 2701.6 -7.4 142 0 12.6 15.1 7.5 2.5 4 1 3 1 1
-922.6 3913.5 -7.6 233 0 7.9 9.4 7.5 2.5 2 1 3 2 2
-904.5 3918.6 -7.8 233 0 9.2 7.7 7.5 2.5 2 0 3 5 5
-866.3 3881.4 -8.8 151 0 13.8 15.2 5.0 2.5 2 1 2 1 1
-876.1 3944.6 -7.5 240 0 7.0 11.4 7.5 2.5 2 1 3 4 4
-845.9 3974.7 -7.5 252 0 6.6 10.7 5.0 2.5 2 1 2 4 4
-814.7 3954.8 -8.3 326 0 8.3 9.6 7.5 2.5 2 1 3 2 2
-744.8 4084.2 -8.3 236 0 8.0 9.3 7.5 2.5 4 1 3 4 4
-723.1 4062.2 -7.7 326 0 10.1 12.8 2.5 2.5 2 1 1 2 2
-599.8 4113.7 -11.7 20 0 8.8 12.6 7.5 2.5 2 1 3 3 3
-847.8 4149.1 -9.4 182 0 8.7 16.8 10.0 2.5 2 1 4 3 3
-799.6 4142.2 -9.8 73 0 10.2 7.7 2.5 2.5 2 0 1 5 5
-765.6 4187.0 -11.1 157 0 6.1 6.3 5.0 2.5 2 1 2 1 1
-728.7 4204.7 -11.8 86 0 6.3 12.4 5.0 0.0 0 1 2 4 4
-606.1 4350.1 -15.9 245 0 6.9 8.6 7.5 2.5 2 1 3 3 3
-548.9 4370.4 -15.8 248 0 8.5 6.2 5.0 0.0 0 0 2 1 1
-444.5 4426.6 -14.2 250 0 10.4 9.4 10.0 2.5 2 0 4 3 3
-418.1 4420.8 -14.2 58 0 8.6 8.9 7.5 2.5 2 1 3 3 3
-410.7 4313.7 -16.5 82 0 13.2 14.6 5.0 2.5 4 1 2 0 0
-386.4 4343.2 -15.9 252 0 15.2 6.7 7.5 2.5 2 0 3 5 5
-284.3 4318.4 -16.1 178 0 20.3 7.9 5.0 2.5 2 0 2 0 0
-535.3 4185.1 -13.4 83 0 9.4 9.7 5.0 2.5 2 1 2 2 2
-469.4 4180.0 -14.1 11 0 9.9 13.9 10.0 2.5 2 1 4 1 1
-237.6 4261.2 -16.6 353 0 15.6 7.7 7.5 2.5 2 0 3 2 2
-295.0 4477.5 -15.7 253 0 12.3 9.3 2.5 2.5 2 0 1 1 1
-350.8 4466.3 -14.6 254 0 9.7 7.7 5.0 2.5 2 0 2 1 1
-429.0 4571.0 -11.7 357 0 8.5 19.5 7.5 0.0 0 1 3 1 1
-347.1 4613.6 -12.0 181 0 9.0 24.3 2.5 2.5 2 1 1 2 2
-698.5 4585.0 -11.8 79 0 7.5 11.5 7.5 2.5 2 1 3 4 4
-659.1 4621.9 -12.4 244 0 9.2 8.0 7.5 2.5 2 0 3 5 5
-617.9 4605.4 -12.3 55 0 10.6 6.3 2.5 0.0 0 0 1 0 0
-643.3 4619.7 -12.4 67 0 14.5 9.3 7.5 2.5 2 0 3 5 5
-599.1 4639.4 -12.1 33 0 17.1 8.1 7.5 2.5 2 0 3 1 1
-552.6 4727.5 -10.7 24 0 16.4 17.4 10.0 2.5 2 1 4 2 2
-559.1 4697.4 -10.5 11 0 21.6 13.5 10.0 2.5 2 0 4 3 3
-537.3 4755.3 -10.3 23 0 16.9 8.3 7.5 2.5 2 0 3 3 3
-396.8 4696.4 -8.7 81 0 6.8 14.8 7.5 2.5 2 1 3 4 4
-366.3 4702.8 -9.2 79 0 8.2 14.8 5.0 2.5 2 1 2 5 5
-354.3 4806.4 -11.2 69 0 7.3 22.6 7.5 2.5 4 1 3 0 0
-383.4 4843.4 -11.7 164 0 24.3 7.3 7.5 2.5 2 0 3 5 5
-375.7 4874.1 -11.2 154 0 7.5 15.5 7.5 2.5 4 1 3 4 4
-440.0 4923.5 -13.4 152 0 9.0 9.7 5.0 2.5 2 1 2 1 1
-418.9 5080.0 -13.3 176 0 14.5 8.0 5.0 2.5 2 0 2 5 5
-404.2 5090.8 -12.9 265 0 10.0 18.2 2.5 0.0 0 1 1 1 1
-382.8 5034.4 -11.5 343 0 14.5 14.8 7.5 2.5 2 1 3 2 2
-378.7 4995.8 -11.0 345 0 12.6 11.2 5.0 2.5 2 0 2 5 5
-234.1 5531.3 -17.2 214 0 6.1 8.4 5.0 2.5 2 1 2 0 0
-208.1 5431.9 -15.7 281 0 11.8 9.9 5.0 2.5 2 0 2 3 3
-374.2 5343.0 -16.5 187 0 7.2 7.0 7.5 2.5 4 0 3 5 5
-374.8 5311.5 -16.2 187 0 10.3 7.1 10.0 2.5 4 0 4 0 0
-335.0 5262.2 -14.8 358 0 11.8 8.8 10.0 2.5 2 0 4 2 2
-248.5 5144.4 -10.3 182 0 10.5 10.6 7.5 2.5 2 1 3 4 4
-276.2 5111.7 -10.3 85 0 9.4 11.3 7.5 2.5 2 1 3 0 0
-263.5 5041.0 -8.8 259 0 10.3 8.1 7.5 2.5 2 0 3 2 2
-268.8 4958.4 -10.9 261 0 8.1 10.1 2.5 0.0 0 1 1 4 4
-163.7 5488.1 -16.8 197 0 8.5 13.8 5.0 2.5 4 1 2 4 4
-152.0 5413.4 -16.0 94 0 15.9 8.2 2.5 2.5 2 0 1 5 5
-178.0 5320.3 -13.0 276 0 9.2 9.4 5.0 2.5 2 1 2 4 4
-65.1 5196.0 -12.0 278 0 7.5 8.5 10.0 2.5 2 1 4 0 0
-126.7 5204.4 -11.7 180 0 7.7 6.6 5.0 2.5 2 0 2 0 0
-127.2 5159.5 -10.7 83 0 8.2 8.9 7.5 2.5 2 1 3 3 3
-206.7 5083.8 -9.5 5 0 13.9 6.6 10.0 2.5 2 0 4 4 4
-224.4 4930.9 -11.9 87 0 10.2 8.9 10.0 2.5 4 0 4 4 4
178.9 4863.4 -15.9 230 0 8.7 6.9 5.0 2.5 2 0 2 1 1
-189.6 4642.5 -15.5 164 0 13.8 10.4 7.5 2.5 2 0 3 1 1
-182.3 4689.2 -14.7 251 0 10.2 11.9 5.0 2.5 2 1 2 2 2
799.6 4178.0 -17.8 78 0 6.0 8.7 7.5 2.5 2 1 3 5 5
-1734.1 5891.1 -14.4 341 0 10.0 19.9 5.0 0.0 0 1 2 1 1
-1675.3 5849.1 -13.3 154 0 15.1 39.2 10.0 2.5 2 1 4 5 5
-1606.9 5719.1 -10.8 98 0 10.1 16.5 2.5 2.5 2 1 1 5 5
-1561.0 5939.2 -16.7 77 0 15.1 10.9 7.5 2.5 2 0 3 1 1
-1723.4 6145.1 -15.1 187 0 16.8 6.8 7.5 2.5 2 0 3 1 1
-1714.7 6197.8 -15.0 193 0 9.7 6.3 5.0 2.5 2 0 2 5 5
-1729.8 6108.8 -15.7 188 0 10.8 6.3 2.5 2.5 2 0 1 5 5
-1716.3 6163.9 -15.0 169 0 6.3 12.7 10.0 2.5 2 1 4 3 3
-1535.2 6590.6 -17.5 96 0 7.7 19.7 14.0 3.5 2 1 4 1 1
-1523.2 6642.7 -19.1 337 0 33.1 13.6 14.0 3.5 2 0 4 0 0
-1538.3 6618.5 -18.6 70 0 15.6 9.9 14.0 3.5 2 0 4 4 4
-1436.8 6532.9 -14.4 161 0 23.2 12.2 14.0 3.5 2 0 4 2 2
-1413.4 6645.6 -17.6 74 0 8.8 11.7 14.0 3.5 2 1 4 4 4
-1421.0 6303.3 -16.4 343 0 8.3 8.7 14.0 3.5 2 1 4 2 2
-1451.8 6325.8 -15.6 188 0 9.0 9.6 14.0 3.5 2 1 4 0 0
-1452.7 6356.4 -14.5 162 0 9.8 12.8 14.0 3.5 2 1 4 5 5
-1429.3 6391.6 -13.2 66 0 8.6 13.4 14.0 3.5 2 1 4 1 1
-1421.6 6365.8 -13.8 71 0 10.0 18.8 14.0 3.5 2 1 4 5 5
-1333.4 6392.9 -15.9 331 0 8.4 6.1 14.0 3.5 2 0 4 0 0
-1461.5 6413.2 -13.0 166 0 9.9 23.3 14.0 3.5 2 1 4 1 1
-1415.3 6392.7 -13.5 73 0 9.2 10.8 14.0 3.5 2 1 4 4 4
-1363.9 6374.0 -15.1 69 0 6.1 10.8 14.0 3.5 2 1 4 2 2
-1288.7 6297.1 -16.5 156 0 6.6 6.8 10.5 3.5 2 1 3 0 0
-1308.2 6331.0 -15.3 148 0 10.5 8.1 10.5 3.5 2 0 3 1 1
-1285.1 6393.5 -16.6 158 0 9.7 11.6 10.5 3.5 2 1 3 1 1
-1157.7 6397.9 -15.9 339 0 12.5 13.9 10.5 3.5 2 1 3 1 1
-916.9 6364.5 -17.0 244 0 7.7 7.9 14.0 3.5 2 1 4 4 4
-953.0 6479.9 -13.6 251 0 8.8 10.9 14.0 3.5 2 1 4 4 4
-1055.7 6486.4 -13.3 164 0 15.3 15.5 14.0 3.5 2 1 4 3 3
-1033.0 6450.9 -14.6 161 0 19.9 14.0 14.0 3.5 2 0 4 3 3
-1013.9 6306.4 -17.7 83 0 10.6 6.9 14.0 3.5 2 0 4 0 0
-999.7 6362.8 -17.4 250 0 10.3 37.2 14.0 3.5 2 1 4 4 4
-1010.9 6358.1 -16.9 244 0 6.2 11.4 14.0 3.5 2 1 4 0 0
-965.8 6414.6 -15.5 71 0 6.8 14.0 14.0 3.5 2 1 4 2 2
-1001.6 6514.4 -12.8 348 0 17.8 6.3 14.0 3.5 2 0 4 5 5
-986.0 6568.4 -14.7 14 0 13.6 10.0 14.0 0.0 0 0 4 0 0
-1279.6 6715.8 -18.4 71 0 7.4 8.1 14.0 3.5 2 1 4 1 1
-1292.5 6691.8 -18.5 69 0 6.9 23.1 14.0 0.0 0 1 4 3 3
-1255.3 6773.3 -19.2 75 0 8.8 8.0 14.0 3.5 4 0 4 0 0
-787.8 6888.4 -21.4 328 0 9.4 15.6 14.0 3.5 2 1 4 3 3
-630.9 6791.5 -20.3 69 0 202.1 28.9 14.0 0.0 0 0 4 0 0
-556.1 6877.1 -20.7 339 0 27.9 201.9 14.0 0.0 0 1 4 3 3
-1058.5 4559.7 -6.6 77 0 10.3 9.7 10.0 0.0 0 0 4 1 1
-1333.2 4266.9 -7.8 26 0 7.6 14.0 7.5 2.5 2 1 3 0 0
-1273.6 4306.6 -6.9 34 0 11.3 8.0 7.5 2.5 2 0 3 4 4
-1226.4 4354.8 -5.2 28 0 16.6 9.0 5.0 2.5 2 0 2 4 4
-1145.5 4516.8 -5.1 51 0 11.5 7.8 7.5 2.5 2 0 3 1 1
-1114.1 4534.6 -5.6 56 0 8.6 7.1 7.5 2.5 2 0 3 4 4
-1119.2 4620.7 -8.0 261 0 6.8 11.8 5.0 2.5 4 1 2 3 3
-1002.2 4545.9 -6.3 87 0 9.6 9.2 10.0 2.5 2 0 4 2 2
-916.3 4563.7 -7.9 99 0 6.1 6.9 2.5 2.5 4 1 1 4 4
-846.8 4584.6 -9.0 89 0 9.4 7.5 5.0 2.5 2 0 2 0 0
-822.7 4570.8 -9.4 82 0 10.2 18.7 5.0 2.5 2 1 2 4 4
-843.3 4651.1 -9.1 0 0 11.5 7.5 10.0 0.0 0 0 4 3 3
-770.2 4710.5 -12.2 252 0 13.8 11.4 10.0 2.5 2 0 4 0 0
-1079.4 4504.4 -6.1 253 0 9.2 6.8 5.0 2.5 2 0 2 5 5
-1815.3 3787.1 -7.8 63 0 8.5 6.6 7.5 2.5 2 0 3 3 3
-1738.7 3676.3 -6.0 278 0 11.0 8.1 5.0 2.5 2 0 2 5 5
-1687.4 3638.8 -4.9 106 0 7.6 9.9 7.5 2.5 2 1 3 1 1
-1533.8 3604.8 -3.7 283 0 8.1 12.0 5.0 2.5 2 1 2 4 4
-1533.8 3554.2 -4.9 106 0 7.6 11.1 5.0 2.5 2 1 2 5 5
-1414.7 3496.4 -7.1 340 0 10.4 7.7 7.5 2.5 4 0 3 4 4
-1638.4 3672.3 -2.8 209 0 6.7 10.0 7.5 2.5 2 1 3 3 3
-1499.5 3744.9 -1.7 29 0 15.5 10.1 2.5 2.5 4 0 1 0 0
-1529.0 3751.5 -2.7 121 0 8.6 17.1 7.5 2.5 2 1 3 2 2
-1456.3 3855.7 -4.4 27 0 13.5 9.5 7.5 2.5 2 0 3 3 3
-1214.6 3918.6 -3.3 257 0 7.3 7.4 10.0 2.5 2 1 4 4 4
-1174.7 3962.9 -4.7 236 0 8.1 13.9 7.5 2.5 4 1 3 2 2
-991.4 4177.3 -10.1 232 0 8.4 9.5 5.0 2.5 4 1 2 3 3
-1132.2 4067.6 -8.6 79 0 7.5 15.2 5.0 2.5 2 1 2 5 5
-1131.3 3956.1 -5.1 240 0 13.4 13.3 2.5 2.5 2 0 1 1 1
-1103.4 3965.6 -5.7 233 0 7.6 7.6 7.5 2.5 2 1 3 2 2
-1073.5 3980.2 -6.8 243 0 11.9 9.1 10.0 2.5 2 0 4 4 4
-1050.4 3989.5 -7.5 248 0 12.8 8.1 10.0 2.5 2 0 4 3 3
-1035.7 4016.5 -8.0 247 0 8.2 12.8 7.5 2.5 2 1 3 4 4
-1003.7 4027.9 -8.2 225 0 6.9 11.5 7.5 2.5 2 1 3 2 2
-963.6 4051.9 -8.8 240 0 6.8 11.9 5.0 2.5 2 1 2 5 5
-927.9 4082.2 -9.1 245 0 9.1 16.7 5.0 2.5 4 1 2 2 2
-961.5 4194.1 -10.2 224 0 7.3 13.3 5.0 0.0 0 1 2 2 2
-938.2 4207.0 -10.2 241 0 11.1 10.8 2.5 2.5 2 0 1 4 4
-876.3 4101.4 -8.9 56 0 11.5 8.7 7.5 2.5 2 0 3 1 1
-1385.3 3744.5 -2.9 247 0 14.8 10.3 7.5 2.5 2 0 3 2 2
-1304.2 3670.3 -6.3 245 0 8.0 10.9 5.0 2.5 2 1 2 2 2
-1311.2 3788.6 -4.4 234 0 11.2 11.0 7.5 2.5 2 0 3 5 5
-1250.5 3674.7 -7.3 60 0 9.4 8.9 10.0 2.5 2 0 4 4 4
-1256.9 3811.7 -4.0 250 0 13.5 8.8 7.5 2.5 2 0 3 4 4
-1229.6 3820.0 -3.4 54 0 17.6 11.0 5.0 2.5 2 0 2 2 2
-1210.3 3840.5 -2.6 55 0 6.9 7.2 5.0 2.5 2 1 2 5 5
-1202.4 3860.7 -2.3 54 0 10.2 6.9 7.5 2.5 2 0 3 3 3
-1122.7 3762.1 -7.2 322 0 8.7 10.8 2.5 2.5 2 1 1 0 0
-1092.8 3833.3 -6.6 236 0 7.4 20.0 7.5 2.5 2 1 3 1 1
-1131.8 3888.2 -4.5 48 0 12.7 9.1 5.0 0.0 0 0 2 3 3
-1102.6 3906.8 -5.5 55 0 12.1 6.5 5.0 2.5 2 0 2 0 0
-1046.2 3943.4 -6.5 62 0 7.2 9.5 5.0 2.5 2 1 2 2 2
-977.4 3867.7 -9.5 235 0 7.2 11.2 7.5 2.5 2 1 3 4 4
-937.3 3875.3 -8.8 58 0 11.4 9.9 7.5 2.5 2 0 3 3 3
-1127.1 3628.5 -11.0 54 0 7.2 8.2 5.0 2.5 2 1 2 3 3
-1085.8 3669.8 -11.3 329 0 9.5 8.2 5.0 2.5 2 0 2 1 1
-980.0 3726.4 -10.4 55 0 7.4 8.1 7.5 2.5 2 1 3 1 1
-1029.3 3790.3 -8.8 245 0 6.6 13.8 5.0 2.5 2 1 2 0 0
-956.0 3822.1 -10.4 330 0 8.3 12.8 5.0 2.5 2 1 2 3 3
-1461.9 3982.4 -8.1 55 0 7.1 10.3 10.0 2.5 2 1 4 5 5
-1466.1 4074.7 -10.0 142 0 9.2 6.9 7.5 2.5 2 0 3 2 2
-1484.1 4107.5 -10.3 205 0 10.2 7.1 2.5 2.5 2 0 1 0 0
-1428.9 4163.2 -8.8 356 0 9.5 9.5 5.0 2.5 2 1 2 3 3
-1374.4 4074.4 -7.2 322 0 8.9 8.5 5.0 2.5 2 0 2 2 2
-1296.6 4212.6 -8.3 155 0 9.1 7.1 7.5 2.5 2 0 3 5 5
-1263.7 4188.7 -8.9 64 0 7.5 11.7 7.5 2.5 4 1 3 5 5
-1377.4 4205.1 -7.5 239 0 13.6 9.1 7.5 2.5 2 0 3 4 4
-1353.2 4170.1 -7.0 339 0 7.0 8.0 7.5 2.5 2 1 3 1 1
-1229.8 4220.3 -8.4 332 0 10.7 7.3 7.5 2.5 2 0 3 1 1
-1091.0 4353.6 -7.3 351 0 8.8 8.9 5.0 2.5 4 1 2 0 0
-1131.1 4334.9 -7.5 241 0 14.3 11.1 7.5 2.5 2 0 3 1 1
-1065.7 4326.3 -9.1 335 0 12.4 9.9 7.5 2.5 2 0 3 1 1
-1028.0 4451.8 -7.8 184 0 7.4 7.7 7.5 2.5 2 1 3 2 2
-1016.7 4520.6 -6.8 270 0 11.3 10.7 2.5 2.5 2 0 1 4 4
-990.2 4374.6 -9.7 154 0 11.3 18.2 2.5 2.5 2 1 1 2 2
-967.5 4338.2 -10.0 156 0 9.7 15.1 7.5 2.5 2 1 3 2 2
-956.5 4465.5 -8.6 260 0 14.5 8.7 7.5 2.5 2 0 3 4 4
-979.6 4494.0 -7.8 262 0 9.8 8.7 5.0 0.0 0 0 2 3 3
-972.2 4523.6 -7.4 257 0 12.0 10.6 5.0 2.5 2 0 2 0 0
-939.1 4381.4 -9.4 65 0 8.1 8.9 7.5 2.5 2 1 3 5 5
-905.0 4369.5 -9.5 61 0 8.8 8.1 2.5 2.5 2 0 1 2 2
-843.9 4379.2 -9.9 69 0 8.4 18.5 5.0 0.0 0 1 2 4 4
-859.0 4435.9 -9.3 75 0 8.6 19.6 7.5 2.5 2 1 3 1 1
-851.7 4421.0 -9.5 71 0 8.1 14.4 5.0 2.5 2 1 2 4 4
-856.1 4484.6 -9.2 268 0 7.6 14.7 7.5 0.0 0 1 3 5 5
-861.4 4507.8 -8.9 278 0 6.2 12.0 5.0 2.5 2 1 2 1 1
-808.9 4480.9 -10.5 242 0 9.5 9.2 10.0 2.5 2 0 4 2 2
-702.4 4444.0 -13.4 335 0 6.3 10.1 7.5 2.5 2 1 3 1 1
-797.2 4544.9 -10.2 265 0 11.4 10.7 7.5 2.5 2 0 3 1 1
-751.0 4547.7 -11.6 267 0 16.0 19.9 10.0 2.5 2 1 4 3 3
-705.8 4539.5 -12.2 267 0 15.9 8.3 7.5 2.5 2 0 3 1 1
-666.9 4513.7 -13.3 354 0 11.6 10.6 7.5 2.5 2 0 3 1 1
-638.7 4469.9 -14.2 69 0 7.7 10.9 10.0 2.5 2 1 4 4 4
-637.8 4558.6 -12.7 267 0 6.6 15.1 2.5 2.5 2 1 1 5 5
-551.0 4616.4 -10.9 193 0 8.8 16.9 5.0 2.5 2 1 2 1 1
-482.3 4605.0 -10.2 294 0 17.2 7.1 5.0 2.5 2 0 2 2 2
-524.8 4550.5 -11.2 60 0 12.6 10.2 2.5 2.5 2 0 1 4 4
-1712.0 6379.1 -14.1 253 0 18.7 9.0 2.5 2.5 2 0 1 3 3
-1602.4 6259.5 -14.9 284 0 31.1 8.8 14.0 0.0 0 0 4 5 5
-1572.0 6283.1 -14.5 99 0 28.9 11.8 14.0 3.5 4 0 4 4 4
-1633.8 6354.8 -12.8 164 0 10.7 15.2 14.0 3.5 2 1 4 3 3
-1606.0 6343.4 -12.9 69 0 10.4 19.5 14.0 3.5 2 1 4 5 5
-1581.0 6354.1 -12.9 167 0 10.0 8.4 14.0 3.5 2 0 4 2 2
-1545.7 6427.6 -12.1 253 0 7.4 15.0 14.0 3.5 2 1 4 1 1
-1518.2 6406.1 -12.7 343 0 11.3 6.4 14.0 0.0 0 0 4 2 2
-1503.7 6322.9 -14.9 357 0 7.8 15.3 14.0 3.5 2 1 4 3 3
-1497.2 6282.1 -15.7 15 0 9.3 23.3 14.0 3.5 2 1 4 2 2
-1497.7 6266.5 -15.9 6 0 6.8 22.2 14.0 3.5 2 1 4 2 2
-1489.0 6249.2 -16.7 183 0 9.5 14.9 14.0 3.5 2 1 4 1 1
-1513.3 6224.7 -17.1 6 0 11.9 16.5 14.0 3.5 2 1 4 2 2
-1538.0 6196.1 -17.9 28 0 13.5 8.7 14.0 3.5 2 0 4 2 2
-1558.1 6184.2 -18.6 215 0 6.7 16.4 14.0 3.5 2 1 4 5 5
-1512.7 6153.4 -18.8 300 0 8.8 11.3 14.0 3.5 2 1 4 2 2
-1516.7 6181.7 -18.9 302 0 9.3 45.4 14.0 3.5 4 1 4 5 5
-2943.8 5777.8 -9.2 170 0 37.1 15.9 7.5 2.5 2 0 3 2 2
-2059.0 6203.8 -13.4 134 0 11.5 25.4 12.5 2.5 2 1 5 3 3
-1874.8 6541.0 -17.0 146 0 8.9 11.6 7.5 2.5 2 1 3 2 2
-1779.5 6373.0 -14.0 313 0 6.1 10.5 5.0 2.5 2 1 2 3 3
-1737.6 6369.2 -14.4 256 0 6.8 14.1 7.5 2.5 2 1 3 4 4
-1937.9 6206.1 -14.7 230 0 6.4 9.2 5.0 2.5 2 1 2 3 3
-1947.8 6200.7 -14.7 224 0 6.8 9.5 5.0 2.5 2 1 2 3 3
-1787.3 6161.0 -13.2 11 0 6.3 16.0 7.5 2.5 2 1 3 0 0
-1800.9 6209.0 -13.5 137 0 7.3 13.4 7.5 2.5 4 1 3 3 3
-1852.8 6132.1 -12.7 126 0 7.6 20.5 7.5 0.0 0 1 3 0 0
-1664.6 6072.5 -18.2 77 0 6.3 8.0 5.0 2.5 2 1 2 3 3
-1749.1 6028.9 -16.8 346 0 6.7 14.3 5.0 2.5 2 1 2 2 2
-1760.7 5952.8 -17.4 78 0 15.1 8.5 10.0 2.5 2 0 4 5 5
-1832.9 5935.6 -16.2 76 0 17.7 13.4 7.5 2.5 2 0 3 1 1
-1870.1 6004.8 -14.3 248 0 14.4 8.6 5.0 2.5 4 0 2 3 3
-1936.5 6022.0 -12.3 162 0 11.5 7.3 7.5 2.5 2 0 3 2 2
-1923.9 5981.2 -12.9 72 0 7.6 12.4 10.0 2.5 2 1 4 0 0
-1951.3 6077.7 -12.7 178 0 13.7 8.1 7.5 2.5 2 0 3 5 5
-1922.9 6129.9 -13.8 300 0 8.2 23.5 5.0 2.5 2 1 2 1 1
-1952.7 6280.3 -15.8 159 0 9.8 20.2 5.0 2.5 2 1 2 1 1
-1863.8 6316.2 -13.3 137 0 7.0 6.3 5.0 2.5 2 0 2 5 5
-1898.3 6330.8 -13.9 166 0 7.3 10.3 10.0 2.5 2 1 4 5 5
-2902.3 5762.5 -10.2 90 0 12.1 9.9 2.5 2.5 2 0 1 2 2
-2697.1 5988.8 -15.5 82 0 10.1 15.5 7.5 0.0 0 1 3 2 2
-3732.7 6801.4 -14.6 79 0 11.9 8.6 2.5 2.5 2 0 1 2 2
-1580.3 6471.4 -13.5 242 0 32.1 16.8 14.0 3.5 2 0 4 0 0
-2955.1 5808.1 -10.5 169 0 13.0 58.5 12.5 2.5 2 1 5 2 2
-3790.5 6122.5 -8.3 225 0 6.1 15.6 7.5 2.5 2 1 3 3 3
-3749.6 6124.1 -8.5 317 0 12.9 9.7 5.0 0.0 0 0 2 3 3
-1167.6 5772.2 -19.1 267 0 17.9 14.8 5.0 0.0 0 0 2 2 2
-1237.0 5773.4 -18.3 88 0 12.4 19.2 7.5 2.5 2 1 3 4 4
-1385.4 5881.3 -18.6 359 0 11.2 7.7 5.0 0.0 0 0 2 4 4
-1392.2 5906.3 -18.7 330 0 14.7 12.6 7.5 2.5 2 0 3 5 5
-2404.2 5987.9 -13.5 177 0 23.7 19.3 10.0 2.5 2 0 4 1 1
-2393.1 5932.8 -11.3 173 0 24.9 16.2 7.5 2.5 2 0 3 1 1
-1887.8 5848.6 -13.6 86 0 16.9 28.2 10.0 2.5 2 1 4 4 4
-1935.9 5910.3 -13.6 330 0 12.6 22.9 10.0 2.5 2 1 4 4 4
-2213.9 6034.5 -9.9 87 0 18.4 13.2 7.5 2.5 2 0 3 3 3
-2173.1 5806.1 -12.2 49 0 16.8 12.1 5.0 2.5 2 0 2 2 2
-2183.1 5910.2 -8.5 55 0 18.3 10.8 5.0 2.5 2 0 2 0 0
-2145.7 5825.7 -12.3 55 0 23.6 16.9 7.5 2.5 2 0 3 0 0
-2095.0 5919.3 -11.2 264 0 16.2 14.9 7.5 2.5 2 0 3 1 1
-2098.7 5864.7 -12.3 90 0 10.6 21.3 5.0 2.5 2 1 2 1 1
-2121.6 5854.2 -12.0 55 0 12.9 10.8 2.5 2.5 4 0 1 2 2
-1981.8 5875.6 -14.0 147 0 23.1 28.2 10.0 0.0 0 1 4 5 5
-2019.9 5980.1 -11.0 261 0 17.3 23.9 7.5 2.5 2 1 3 3 3
-2125.5 6102.8 -10.3 358 0 11.2 8.3 7.5 2.5 4 0 3 5 5
-2214.0 6136.3 -14.2 57 0 22.8 16.5 12.5 2.5 4 0 5 4 4
-2244.5 6107.5 -14.2 51 0 17.4 15.9 7.5 2.5 2 0 3 3 3
-2294.6 6148.7 -15.6 270 0 24.4 17.5 7.5 2.5 2 0 3 0 0
-2294.2 5997.7 -11.8 76 0 18.5 10.5 5.0 2.5 2 0 2 5 5
-1629.8 6449.3 -13.1 343 0 6.8 29.6 14.0 3.5 2 1 4 3 3
-1669.1 6440.8 -14.5 19 0 11.6 58.6 14.0 3.5 2 1 4 5 5
-2628.1 6856.7 -19.0 241 0 6.6 8.4 5.0 2.5 2 1 2 5 5
-1075.1 6824.4 -20.3 72 0 10.8 8.5 14.0 3.5 2 0 4 3 3
-1113.7 6800.7 -19.6 65 0 10.1 28.6 14.0 3.5 2 1 4 1 1
-292.7 5770.8 -20.1 125 0 10.4 8.1 5.0 2.5 2 0 2 2 2
-897.9 6715.1 -20.4 338 0 8.4 8.0 14.0 3.5 2 0 4 4 4
-149.7 5056.1 -12.7 282 0 11.3 13.0 2.5 2.5 2 1 1 4 4
-2718.3 6415.0 -17.0 218 0 7.0 9.3 5.0 2.5 2 1 2 3 3
-2817.4 6238.8 -12.6 94 0 7.2 6.7 10.0 2.5 2 0 4 0 0
-708.3 4459.8 -13.1 341 0 6.5 7.2 7.5 2.5 2 1 3 0 0
-338.2 5337.0 -15.1 358 0 6.1 6.7 7.5 2.5 2 1 3 0 0
-2123.1 6223.4 -12.3 259 0 22.1 10.4 7.5 2.5 4 0 3 5 5
-2031.4 5914.6 -11.4 65 0 8.6 13.0 7.5 2.5 2 1 3 2 2
-2040.3 6016.2 -10.0 246 0 6.9 6.9 5.0 2.5 2 0 2 2 2
-2072.9 6000.9 -9.3 239 0 14.3 9.8 2.5 2.5 2 0 1 4 4
-2105.6 5983.7 -8.6 249 0 13.7 14.9 2.5 2.5 2 1 1 2 2
-2135.0 5962.2 -8.4 248 0 11.9 10.2 7.5 2.5 4 0 3 3 3
-1882.2 5458.1 -15.4 358 0 8.1 6.3 7.5 0.0 0 0 3 2 2
-1893.8 5497.6 -16.1 254 0 9.1 12.9 7.5 2.5 2 1 3 0 0
-2236.3 5839.9 -9.7 59 0 20.1 11.5 7.5 2.5 2 0 3 3 3
-2304.7 5807.3 -7.0 49 0 6.2 6.4 7.5 2.5 2 1 3 1 1
-2302.3 5727.9 -8.2 328 0 10.5 17.1 10.0 2.5 2 1 4 5 5
-989.8 6247.7 -19.1 272 0 6.9 9.9 10.5 3.5 2 1 3 0 0
-1107.2 6674.1 -17.5 154 0 16.4 6.0 14.0 3.5 2 0 4 2 2
-1024.4 6604.2 -15.9 245 0 9.1 9.4 14.0 3.5 2 1 4 5 5
-1791.1 6559.2 -16.1 341 0 8.5 9.1 10.0 2.5 2 1 4 3 3
-1785.2 6566.0 -16.2 70 0 9.2 28.8 10.0 0.0 0 1 4 1 1
-1762.5 6492.1 -14.9 347 0 12.2 7.2 2.5 2.5 2 0 1 1 1
-1168.1 4465.5 -4.5 29 0 11.5 7.0 5.0 2.5 2 0 2 4 4
-1209.9 4505.8 -4.3 205 0 6.2 7.9 7.5 2.5 4 1 3 2 2
-491.1 4750.1 -9.8 191 0 10.8 11.8 7.5 2.5 2 1 3 4 4
-471.1 4723.3 -9.2 96 0 9.2 18.7 7.5 2.5 2 1 3 1 1
-992.4 4400.0 -9.3 155 0 10.4 7.1 10.0 2.5 2 0 4 4 4
570.9 2997.8 -5.0 312 0 6.5 9.6 7.5 0.0 0 1 3 0 0
537.5 3319.4 -9.3 221 0 10.0 8.0 10.0 2.5 2 0 4 3 3
571.3 3244.2 -6.7 124 0 7.4 10.8 7.5 0.0 0 1 3 1 1
-1710.2 1930.3 -0.9 88 0 15.1 15.1 7.5 2.5 2 0 3 2 2
-1685.4 1925.7 -0.6 87 0 9.5 10.1 7.5 2.5 2 1 3 4 4
-1651.9 1934.6 -0.6 275 0 12.0 9.3 5.0 2.5 2 0 2 4 4
-1639.7 1917.4 -0.2 89 0 8.9 11.8 5.0 2.5 2 1 2 5 5
-1626.7 1940.5 -0.4 258 0 9.7 13.3 5.0 2.5 2 1 2 2 2
-1589.3 1935.9 -0.4 66 0 12.1 13.1 5.0 2.5 2 1 2 4 4
-1557.9 1944.0 -0.4 64 0 11.8 13.1 7.5 0.0 0 1 3 4 4
-1481.4 1921.1 -0.8 85 0 8.8 11.1 7.5 2.5 2 1 3 2 2
-1445.5 1937.2 -1.8 80 0 10.4 9.8 5.0 2.5 2 0 2 5 5
-1387.2 1912.3 -3.1 152 0 6.0 6.0 7.5 2.5 2 1 3 0 0
-1369.4 1913.1 -3.4 47 0 9.2 10.3 7.5 2.5 2 1 3 1 1
-1358.4 1966.7 -3.4 327 0 9.3 16.7 10.0 0.0 0 1 4 0 0
-1469.6 1968.1 -1.3 72 0 6.9 8.5 5.0 2.5 2 1 2 5 5
-1442.5 2012.3 -1.9 324 0 8.4 11.3 7.5 2.5 2 1 3 5 5
-1586.2 2009.3 -3.4 150 0 9.4 7.0 5.0 2.5 2 0 2 5 5
-1527.6 2063.3 -3.3 349 0 10.6 16.9 7.5 2.5 2 1 3 2 2
-1681.0 2031.0 -5.3 86 0 11.0 6.8 7.5 0.0 0 0 3 2 2
-1680.9 2083.9 -5.2 269 0 9.3 7.9 5.0 2.5 2 0 2 3 3
-1657.9 2084.5 -5.1 270 0 10.1 9.8 5.0 2.5 2 0 2 5 5
-1584.2 2100.5 -4.5 82 0 15.5 6.3 10.0 2.5 2 0 4 1 1
-1531.7 2109.0 -4.7 5 0 9.6 14.3 7.5 2.5 2 1 3 1 1
-1428.8 2045.2 -2.1 317 0 7.7 12.5 5.0 2.5 2 1 2 2 2
-1403.2 2022.5 -2.6 311 0 8.6 8.0 5.0 2.5 2 0 2 3 3
-1381.7 1999.6 -3.1 324 0 9.3 6.1 7.5 2.5 2 0 3 1 1
1355.0 479.6 -1.9 246 0 17.1 10.7 5.0 2.5 2 0 2 3 3
1362.5 413.6 -2.2 154 0 6.0 6.8 7.5 2.5 2 1 3 2 2
1395.1 425.1 -3.2 337 0 15.0 13.7 5.0 2.5 2 0 2 2 2
1198.2 381.2 2.7 239 0 6.4 18.1 5.0 2.5 2 1 2 1 1
1231.5 400.8 1.9 245 0 14.2 13.8 2.5 2.5 2 0 1 5 5
1366.3 448.1 -2.4 239 0 7.3 17.9 7.5 2.5 2 1 3 5 5
5770.8 1530.7 -8.0 132 0 6.9 10.7 7.5 2.5 2 1 3 2 2
1453.6 319.6 -2.8 155 0 16.0 16.8 10.0 2.5 2 1 4 2 2
1480.8 288.6 -3.1 352 0 12.4 8.3 7.5 2.5 2 0 3 4 4
1453.0 235.3 -2.9 167 0 7.0 8.1 5.0 0.0 0 1 2 5 5
1500.8 247.1 -3.0 347 0 7.2 19.5 7.5 2.5 2 1 3 0 0
1507.4 208.4 -2.2 340 0 16.0 13.8 2.5 2.5 2 0 1 1 1
1421.6 344.0 -2.9 148 0 8.4 14.3 7.5 2.5 2 1 3 0 0
1374.5 165.8 -0.8 59 0 7.5 12.6 7.5 2.5 2 1 3 5 5
1367.2 254.7 -3.5 67 0 13.7 9.9 7.5 2.5 2 0 3 3 3
1368.7 302.4 -3.4 330 0 13.6 17.3 5.0 2.5 4 1 2 3 3
1328.3 313.9 -2.1 150 0 13.2 9.5 7.5 2.5 2 0 3 3 3
1318.2 241.2 -2.2 229 0 7.7 10.1 7.5 2.5 2 1 3 3 3
1304.8 170.8 -0.9 150 0 7.1 17.7 7.5 2.5 2 1 3 0 0
1552.3 15.1 -0.7 82 0 12.2 9.8 2.5 2.5 4 0 1 4 4
1555.4 65.3 -0.2 347 0 9.1 10.1 5.0 2.5 2 1 2 0 0
1591.6 -49.6 -0.6 72 0 8.0 6.8 2.5 2.5 2 0 1 4 4
1634.8 -138.8 -0.2 345 0 9.5 25.8 7.5 2.5 2 1 3 2 2
6848.1 -6868.5 -11.3 121 0 8.2 9.7 7.5 2.5 4 1 3 0 0
6909.9 -6856.6 -8.1 332 0 9.6 9.3 2.5 2.5 2 0 1 4 4
6819.6 -6828.4 -10.5 48 0 10.2 15.2 5.0 2.5 4 1 2 3 3
6859.1 -6788.2 -8.2 34 0 6.8 12.6 7.5 2.5 4 1 3 0 0
6867.7 -6638.7 -10.1 192 0 11.1 8.4 2.5 2.5 2 0 1 4 4
6876.7 -6725.1 -8.0 244 0 8.8 15.6 7.5 2.5 4 1 3 2 2
6872.6 -6562.8 -10.6 145 0 11.2 6.8 5.0 2.5 2 0 2 4 4
6866.7 -6531.9 -10.7 318 0 10.5 7.1 5.0 2.5 2 0 2 3 3
6834.6 -6497.5 -10.5 324 0 9.1 12.7 7.5 2.5 2 1 3 2 2
6779.4 -6472.7 -9.8 126 0 9.3 12.5 2.5 2.5 2 1 1 4 4
6754.3 -6425.7 -9.9 174 0 7.4 8.3 7.5 0.0 0 1 3 2 2
6739.9 -6383.9 -10.4 188 0 7.6 10.4 7.5 2.5 2 1 3 5 5
6759.0 -6308.8 -8.7 105 0 10.3 9.7 7.5 0.0 0 0 3 0 0
6763.6 -6236.2 -9.4 270 0 10.3 13.6 7.5 2.5 2 1 3 5 5
6761.1 -6066.0 -15.5 60 0 14.9 12.4 5.0 2.5 2 0 2 0 0
6728.6 -6089.2 -15.6 148 0 10.6 6.6 7.5 2.5 2 0 3 4 4
6711.2 -6059.4 -16.3 238 0 6.6 7.3 7.5 2.5 2 1 3 0 0
6620.2 -6048.4 -16.6 17 0 11.2 12.9 5.0 2.5 2 1 2 4 4
6652.1 -6109.0 -15.3 357 0 10.7 14.7 10.0 2.5 2 1 4 0 0
6743.7 -6740.0 -11.9 213 0 10.9 15.8 5.0 2.5 2 1 2 4 4
6797.7 -6722.7 -10.2 51 0 14.0 13.7 7.5 2.5 2 0 3 1 1
6827.5 -6635.3 -11.0 100 0 12.5 10.8 7.5 2.5 2 0 3 4 4
6709.8 -6404.3 -11.9 6 0 8.2 11.8 5.0 2.5 2 1 2 0 0
6663.6 -6413.1 -12.8 90 0 12.3 12.7 10.0 2.5 2 1 4 4 4
6677.9 -6293.5 -11.8 269 0 11.5 7.7 2.5 2.5 2 0 1 3 3
6640.3 -6291.2 -13.4 262 0 10.1 8.3 5.0 2.5 2 0 2 4 4
6714.7 -6597.6 -14.7 119 0 10.1 14.1 10.0 2.5 2 1 4 5 5
6681.0 -6576.0 -15.4 115 0 12.8 12.7 7.5 2.5 2 0 3 1 1
6652.9 -6480.4 -13.3 58 0 7.3 9.6 2.5 2.5 2 1 1 0 0
6736.9 -6466.1 -12.8 314 0 13.4 11.5 7.5 2.5 2 0 3 5 5
6780.4 -6502.0 -12.3 312 0 17.8 7.9 7.5 2.5 2 0 3 3 3
6761.4 -6498.6 -13.4 310 0 10.8 18.8 7.5 2.5 2 1 3 2 2
6747.9 -6491.2 -12.9 318 0 14.9 7.1 7.5 2.5 2 0 3 3 3
6607.6 -6299.8 -15.5 264 0 11.5 8.4 7.5 2.5 2 0 3 3 3
6614.9 -6425.5 -14.9 93 0 11.5 9.9 5.0 2.5 2 0 2 5 5
6555.2 -6507.1 -16.6 321 0 9.2 10.3 7.5 2.5 2 1 3 1 1
6541.0 -6458.0 -17.5 284 0 15.1 11.0 7.5 2.5 2 0 3 5 5
6427.9 -6440.7 -17.3 122 0 8.3 10.5 2.5 2.5 2 1 1 2 2
6671.6 -5100.6 -4.1 351 0 10.2 11.0 10.0 2.5 2 1 4 0 0
6589.6 -4697.2 -1.8 168 0 18.7 12.3 10.0 0.0 0 0 4 1 1
6597.2 -4743.2 -1.8 172 0 16.5 21.4 10.0 2.5 2 1 4 5 5
6523.8 -4692.3 0.1 350 0 20.2 10.4 5.0 2.5 2 0 2 4 4
6222.4 -4764.1 6.4 210 0 9.3 8.4 7.5 2.5 2 0 3 2 2
6459.2 -4784.8 2.6 350 0 12.4 12.5 7.5 2.5 2 1 3 3 3
6331.8 -4756.4 4.0 118 0 16.1 8.7 10.0 2.5 2 0 4 4 4
6367.2 -4780.5 3.1 111 0 8.5 15.5 7.5 2.5 2 1 3 5 5
6359.1 -4813.3 2.0 24 0 8.7 11.1 7.5 2.5 2 1 3 5 5
6309.2 -4913.4 -0.1 38 0 7.6 11.8 7.5 2.5 2 1 3 3 3
6317.7 -4887.2 0.9 50 0 11.5 11.0 5.0 2.5 2 0 2 0 0
6326.7 -5002.1 -1.8 33 0 7.0 10.5 2.5 2.5 2 1 1 3 3
6344.4 -4895.5 -0.2 208 0 6.3 6.3 7.5 2.5 2 0 3 4 4
6366.2 -4844.5 0.9 216 0 13.5 6.7 7.5 2.5 2 0 3 2 2
6407.9 -4825.2 2.3 282 0 11.5 8.2 10.0 2.5 2 0 4 0 0
6445.1 -4941.3 -1.4 24 0 9.4 8.3 10.0 2.5 2 0 4 4 4
6414.4 -5020.7 -2.6 35 0 15.2 12.9 7.5 2.5 2 0 3 3 3
6112.0 -4898.0 3.3 205 0 8.4 8.4 7.5 2.5 2 1 3 0 0
6097.8 -5043.5 3.0 37 0 10.3 17.2 7.5 2.5 2 1 3 0 0
6129.1 -4990.9 2.5 31 0 10.3 10.2 7.5 2.5 2 0 3 1 1
6141.5 -4957.8 1.9 133 0 11.9 7.7 5.0 2.5 2 0 2 2 2
6212.8 -5163.6 -0.2 69 0 8.2 8.9 5.0 2.5 2 1 2 3 3
6242.2 -5001.6 0.2 43 0 6.9 13.1 10.0 2.5 2 1 4 1 1
6259.3 -5027.0 -0.6 320 0 9.1 6.9 7.5 2.5 2 0 3 2 2
6322.0 -5150.0 -3.9 82 0 8.6 12.5 7.5 2.5 2 1 3 1 1
6270.0 -5215.2 -2.6 62 0 6.3 9.3 5.0 0.0 0 1 2 4 4
6096.5 -5187.8 0.9 208 0 10.0 13.9 7.5 2.5 2 1 3 5 5
6160.4 -5091.3 2.2 231 0 11.3 10.0 7.5 2.5 2 0 3 2 2
6161.7 -5128.8 1.3 228 0 15.4 12.0 7.5 2.5 2 0 3 4 4
6143.5 -5292.4 -1.5 66 0 16.7 9.6 7.5 2.5 4 0 3 3 3
6088.5 -5327.1 -4.6 52 0 13.4 13.1 5.0 2.5 2 0 2 5 5
6057.2 -5123.6 1.2 31 0 9.7 14.9 10.0 2.5 2 1 4 5 5
5938.9 -5148.5 -0.3 122 0 9.8 8.8 5.0 2.5 4 0 2 1 1
6005.8 -5099.1 0.5 26 0 8.6 11.8 10.0 2.5 2 1 4 4 4
5986.6 -5127.2 -0.2 62 0 10.0 9.3 7.5 2.5 4 0 3 2 2
6037.4 -5158.4 0.1 24 0 8.7 12.2 5.0 2.5 4 1 2 5 5
5950.5 -5183.5 -1.3 116 0 8.9 7.9 7.5 0.0 0 0 3 4 4
5983.3 -5254.8 -3.3 30 0 9.3 13.1 7.5 2.5 2 1 3 1 1
5832.1 -5207.3 -1.0 149 0 8.5 13.1 5.0 2.5 2 1 2 1 1
5921.0 -5193.3 -1.4 29 0 7.8 10.6 10.0 2.5 2 1 4 1 1
5887.0 -5200.8 -1.3 45 0 6.3 9.0 5.0 2.5 2 1 2 1 1
5935.1 -5224.1 -2.2 31 0 10.5 8.1 7.5 2.5 2 0 3 2 2
5907.7 -5259.1 -2.9 44 0 12.3 11.9 7.5 2.5 2 0 3 1 1
6046.5 -5264.8 -2.8 218 0 12.0 9.6 10.0 2.5 2 0 4 0 0
6034.4 -5278.9 -3.7 225 0 7.5 11.4 5.0 2.5 2 1 2 0 0
6031.3 -5321.5 -5.1 143 0 14.4 7.9 2.5 2.5 2 0 1 4 4
6011.0 -5322.4 -5.4 133 0 10.7 6.5 7.5 2.5 2 0 3 4 4
5972.5 -5316.1 -5.3 38 0 8.1 8.8 5.0 2.5 2 1 2 0 0
5941.6 -5322.3 -5.3 133 0 6.3 6.1 5.0 2.5 2 0 2 1 1
5932.9 -5365.4 -6.6 133 0 16.9 8.6 7.5 2.5 2 0 3 4 4
5855.4 -5324.4 -5.0 226 0 19.6 10.3 5.0 2.5 2 0 2 2 2
5902.1 -5411.1 -7.7 40 0 17.8 13.3 5.0 0.0 0 0 2 0 0
5792.6 -5389.6 -7.9 221 0 17.8 9.9 2.5 2.5 2 0 1 2 2
5826.9 -5446.4 -9.3 130 0 15.1 13.6 7.5 2.5 4 0 3 2 2
6319.5 -5609.9 -8.6 323 0 11.7 19.4 7.5 2.5 2 1 3 1 1
6161.0 -5561.0 -6.6 159 0 9.7 8.7 7.5 2.5 2 0 3 5 5
6175.6 -5590.5 -6.3 174 0 9.3 8.0 7.5 2.5 2 0 3 1 1
6188.9 -5610.0 -6.6 167 0 10.6 15.1 5.0 2.5 2 1 2 1 1
6224.4 -5670.3 -8.7 48 0 7.5 6.8 5.0 2.5 2 0 2 2 2
6180.2 -5693.3 -9.5 162 0 11.7 11.4 10.0 2.5 2 0 4 1 1
6074.6 -5659.1 -10.3 144 0 25.7 18.8 12.5 2.5 2 0 5 3 3
6012.6 -5604.9 -9.9 143 0 13.1 12.8 7.5 2.5 2 0 3 2 2
6024.1 -5575.0 -9.4 229 0 13.6 12.0 7.5 2.5 2 0 3 1 1
5994.7 -5355.2 -6.4 232 0 10.1 6.6 5.0 0.0 0 0 2 1 1
6011.7 -5410.8 -7.2 325 0 7.9 6.8 10.0 2.5 2 0 4 2 2
6020.8 -5479.1 -7.9 62 0 7.6 7.0 5.0 2.5 2 0 2 0 0
6009.5 -5506.5 -8.3 56 0 12.1 14.5 7.5 2.5 2 1 3 1 1
5924.5 -5447.7 -7.9 226 0 11.5 12.3 2.5 2.5 2 1 1 3 3
5920.6 -5530.0 -8.6 86 0 9.7 13.0 5.0 2.5 2 1 2 0 0
5834.3 -5570.2 -10.5 231 0 8.0 10.1 5.0 2.5 2 1 2 3 3
5852.8 -5560.8 -10.2 338 0 6.9 6.3 7.5 2.5 2 0 3 0 0
5908.0 -5978.0 -12.0 340 0 17.7 11.9 7.5 2.5 2 0 3 3 3
5827.1 -6190.9 -13.6 251 0 11.5 6.3 10.0 2.5 2 0 4 5 5
5825.9 -6070.6 -9.7 149 0 12.4 17.4 10.0 0.0 0 1 4 5 5
5872.1 -6056.3 -11.1 257 0 10.6 10.7 5.0 2.5 2 1 2 1 1
6094.6 -5799.4 -12.5 57 0 8.7 18.9 7.5 2.5 2 1 3 3 3
6066.1 -5801.0 -13.2 237 0 8.1 18.8 5.0 2.5 4 1 2 0 0
6113.7 -5858.8 -12.7 2 0 16.2 9.4 2.5 2.5 2 0 1 3 3
6147.9 -5938.6 -14.4 167 0 13.6 10.8 2.5 2.5 2 0 1 3 3
6159.6 -5953.9 -14.5 167 0 13.1 13.0 7.5 2.5 2 0 3 3 3
6225.3 -5889.0 -14.1 161 0 34.8 9.3 7.5 2.5 2 0 3 1 1
6237.7 -5852.2 -13.6 175 0 19.9 6.9 5.0 2.5 2 0 2 1 1
6255.2 -5830.5 -13.9 269 0 7.2 30.0 2.5 2.5 2 1 1 3 3
6389.2 -5911.2 -16.0 123 0 9.7 14.5 5.0 2.5 2 1 2 4 4
6379.0 -5846.8 -15.8 319 0 13.9 16.3 7.5 2.5 2 1 3 0 0
6381.7 -5746.9 -15.0 147 0 16.6 13.6 5.0 2.5 2 0 2 0 0
6513.6 -5756.8 -15.4 62 0 7.6 8.4 5.0 2.5 2 1 2 1 1
6506.3 -5694.1 -14.2 330 0 9.6 12.5 5.0 2.5 2 1 2 4 4
6574.3 -5573.1 -12.0 244 0 7.5 9.1 7.5 2.5 2 1 3 4 4
6512.9 -5655.2 -12.9 140 0 9.0 12.8 5.0 0.0 0 1 2 5 5
6496.3 -5620.7 -12.5 230 0 13.8 12.4 7.5 2.5 2 0 3 4 4
6329.6 -4533.9 -1.7 14 0 15.9 9.7 7.5 2.5 2 0 3 0 0
6399.5 -4615.6 0.6 218 0 6.9 8.0 10.0 2.5 2 1 4 1 1
6430.4 -4625.8 0.3 30 0 8.2 11.6 7.5 2.5 2 1 3 1 1
6426.1 -5405.5 -10.1 150 0 6.2 8.2 7.5 2.5 2 1 3 0 0
6487.4 -5157.1 -4.6 278 0 19.3 13.2 7.5 2.5 4 0 3 3 3
6529.5 -5175.4 -5.4 289 0 14.6 9.3 2.5 2.5 2 0 1 5 5
6579.0 -5211.7 -6.9 274 0 8.5 11.4 5.0 2.5 4 1 2 4 4
6603.1 -5210.7 -6.6 291 0 12.3 12.1 5.0 2.5 2 0 2 2 2
6656.6 -5228.6 -6.4 294 0 9.3 10.0 2.5 2.5 2 1 1 5 5
6627.7 -5217.9 -6.6 285 0 10.3 17.1 7.5 2.5 2 1 3 2 2
6634.3 -5390.4 -8.3 62 0 8.9 10.2 5.0 2.5 2 1 2 3 3
6604.8 -5405.3 -10.4 62 0 10.7 12.2 5.0 2.5 2 1 2 1 1
6578.2 -5421.0 -11.0 62 0 13.0 11.7 5.0 2.5 2 0 2 1 1
6503.4 -5475.7 -10.8 60 0 17.0 12.9 7.5 2.5 2 0 3 0 0
6375.4 -5218.5 -4.9 229 0 6.3 8.4 10.0 2.5 2 1 4 4 4
6349.2 -5186.8 -4.9 236 0 15.3 7.5 5.0 2.5 4 0 2 2 2
6337.8 -5211.3 -4.5 233 0 7.8 10.3 7.5 2.5 2 1 3 3 3
6319.9 -5265.1 -4.2 140 0 6.0 9.6 5.0 2.5 2 1 2 2 2
6282.6 -5242.6 -3.5 142 0 14.8 8.2 7.5 2.5 2 0 3 4 4
6398.3 -5475.4 -9.8 338 0 7.5 8.6 7.5 2.5 2 1 3 0 0
6422.2 -5523.5 -10.1 64 0 6.8 8.6 2.5 2.5 2 1 1 3 3
6354.0 -5597.7 -9.5 61 0 14.5 12.3 10.0 2.5 2 0 4 0 0
6331.7 -5564.2 -8.4 143 0 9.2 7.4 5.0 2.5 2 0 2 0 0
6253.0 -5323.9 -2.1 329 0 8.3 17.6 2.5 2.5 2 1 1 3 3
6235.8 -5425.6 -3.4 61 0 16.1 16.1 7.5 2.5 2 1 3 3 3
6089.1 -5369.1 -5.7 242 0 10.7 8.9 7.5 2.5 4 0 3 3 3
6116.0 -5347.2 -4.2 234 0 9.1 8.1 2.5 2.5 2 0 1 0 0
6146.4 -5438.9 -5.1 62 0 8.7 8.3 7.5 2.5 2 0 3 2 2
6717.8 -5405.9 -13.6 217 0 15.8 63.6 10.0 2.5 2 1 4 2 2
6682.7 -5182.1 -5.5 85 0 10.0 12.8 7.5 2.5 2 1 3 2 2
6686.8 -5150.9 -5.1 352 0 12.6 17.2 7.5 2.5 2 1 3 0 0
6676.7 -5125.7 -4.6 347 0 14.1 11.8 10.0 2.5 2 0 4 3 3
6656.5 -5132.1 -4.7 332 0 8.9 7.6 5.0 2.5 2 0 2 5 5
6597.6 -5171.4 -5.5 29 0 9.1 33.6 7.5 2.5 4 1 3 2 2
6594.8 -5154.1 -5.1 90 0 9.4 17.7 2.5 2.5 2 1 1 1 1
6613.1 -5099.9 -4.4 260 0 6.6 14.2 5.0 2.5 4 1 2 5 5
6579.9 -5084.2 -4.1 254 0 6.4 9.9 5.0 2.5 2 1 2 0 0
6691.2 -5479.7 -13.4 131 0 12.6 40.7 12.5 2.5 2 1 5 5 5
6708.4 -5439.6 -12.1 221 0 12.3 8.3 7.5 2.5 2 0 3 5 5
5990.5 -4423.5 -4.7 56 0 13.1 11.3 10.0 2.5 4 0 4 3 3
6005.2 -4410.5 -4.4 56 0 8.9 12.4 7.5 2.5 2 1 3 3 3
6045.7 -4428.7 -3.8 255 0 9.1 7.7 5.0 2.5 2 0 2 0 0
6080.3 -4444.4 -3.3 159 0 9.5 7.3 5.0 2.5 2 0 2 2 2
6097.5 -4422.2 -3.6 245 0 9.1 12.8 5.0 2.5 4 1 2 5 5
6062.0 -4389.0 -5.0 68 0 11.1 16.2 7.5 2.5 2 1 3 5 5
6078.1 -4373.9 -5.3 63 0 18.2 11.6 7.5 2.5 2 0 3 2 2
6132.9 -4365.4 -4.9 76 0 14.5 9.0 5.0 0.0 0 0 2 0 0
6205.5 -4389.9 -2.3 254 0 11.9 10.1 10.0 2.5 2 0 4 1 1
6213.6 -4347.8 -3.9 73 0 11.3 11.2 7.5 2.5 2 0 3 1 1
6266.3 -4328.7 -4.4 81 0 11.9 12.2 7.5 0.0 0 1 3 1 1
6298.4 -4356.8 -3.3 247 0 13.1 13.3 5.0 2.5 2 1 2 4 4
6380.2 -4331.1 -4.2 263 0 16.3 15.7 10.0 2.5 2 0 4 0 0
6436.8 -4317.0 -4.1 287 0 8.0 7.3 7.5 2.5 2 0 3 1 1
6512.8 -4314.4 -3.3 117 0 9.9 8.7 7.5 2.5 2 0 3 4 4
6452.3 -4296.2 -4.3 104 0 9.7 8.7 7.5 2.5 2 0 3 1 1
6245.4 -1310.5 2.5 145 0 14.7 11.4 7.5 2.5 2 0 3 1 1
6180.7 -1357.1 2.6 338 0 11.4 13.3 5.0 2.5 2 1 2 5 5
6154.4 -1436.1 5.5 160 0 10.0 12.2 10.0 2.5 2 1 4 3 3
6162.6 -1497.1 6.8 78 0 10.2 13.7 7.5 2.5 2 1 3 0 0
6166.7 -1505.7 6.6 356 0 7.5 8.0 5.0 2.5 2 1 2 0 0
6197.1 -1443.0 5.1 79 0 13.5 15.9 5.0 2.5 4 1 2 4 4
6042.3 -1358.2 5.8 309 0 9.4 8.8 7.5 2.5 2 0 3 1 1
5897.7 -1176.5 4.2 45 0 12.9 23.8 12.5 2.5 2 1 5 5 5
5842.4 -1209.4 5.0 215 0 10.2 6.4 5.0 0.0 0 0 2 5 5
5807.3 -1269.1 6.7 63 0 11.2 7.5 5.0 2.5 2 0 2 2 2
6011.7 -1303.3 6.6 7 0 11.9 12.3 5.0 2.5 2 1 2 2 2
6001.7 -1242.6 4.7 336 0 15.0 13.6 7.5 2.5 2 0 3 4 4
5957.2 -1270.0 8.3 316 0 10.2 9.4 7.5 2.5 2 0 3 3 3
5960.5 -1173.3 2.8 290 0 9.7 14.8 7.5 2.5 2 1 3 1 1
5943.2 -1203.4 5.3 235 0 11.1 9.7 7.5 2.5 2 0 3 3 3
5994.6 -1357.9 7.7 43 0 10.7 14.8 7.5 2.5 2 1 3 1 1
5971.8 -1312.6 8.6 304 0 7.4 15.1 7.5 2.5 2 1 3 1 1
5891.3 -1258.0 8.8 228 0 10.6 17.5 7.5 0.0 0 1 3 4 4
5946.8 -1313.5 9.2 30 0 9.9 12.3 7.5 0.0 0 1 3 1 1
5967.7 -1408.6 7.8 110 0 10.6 17.8 5.0 2.5 2 1 2 5 5
5944.5 -1398.8 8.3 105 0 9.1 14.2 7.5 2.5 2 1 3 5 5
5912.3 -1387.9 8.9 110 0 12.2 15.2 7.5 2.5 2 1 3 1 1
5847.8 -1366.3 10.0 104 0 12.7 11.2 7.5 2.5 2 0 3 2 2
5827.1 -1295.6 8.8 248 0 14.9 12.6 7.5 2.5 4 0 3 0 0
5802.9 -1318.9 8.9 238 0 16.7 13.3 5.0 0.0 0 0 2 1 1
5799.7 -1378.3 9.8 313 0 12.5 10.1 7.5 2.5 2 0 3 0 0
5839.1 -1436.6 8.6 136 0 15.9 13.1 2.5 2.5 2 0 1 3 3
5842.1 -1398.3 9.2 288 0 17.9 14.7 10.0 2.5 2 0 4 1 1
5890.6 -1418.6 8.2 281 0 10.8 14.6 2.5 2.5 2 1 1 2 2
5939.1 -1531.4 6.0 147 0 12.4 16.4 7.5 2.5 2 1 3 3 3
5916.3 -1444.2 7.3 286 0 14.7 12.5 5.0 2.5 2 0 2 5 5
5948.2 -1449.0 6.9 283 0 12.1 15.4 7.5 2.5 4 1 3 2 2
5974.3 -1461.4 7.0 302 0 10.7 10.0 5.0 2.5 2 0 2 2 2
5944.6 -1618.2 3.1 199 0 8.1 9.1 10.0 2.5 2 1 4 4 4
5971.0 -1577.6 5.0 214 0 11.5 9.6 7.5 0.0 0 0 3 2 2
6007.0 -1482.0 7.0 293 0 11.5 9.6 10.0 2.5 2 0 4 0 0
5980.9 -1557.3 6.2 126 0 10.3 11.6 5.0 2.5 2 1 2 0 0
6026.3 -1588.6 4.1 164 0 10.1 9.5 5.0 2.5 2 0 2 2 2
6065.4 -1639.7 0.9 15 0 10.0 15.5 5.0 2.5 2 1 2 0 0
6047.6 -1486.1 6.9 298 0 15.0 10.7 2.5 2.5 2 0 1 3 3
6083.7 -1503.2 6.6 268 0 15.3 18.3 10.0 2.5 2 1 4 0 0
6105.6 -1579.4 4.3 351 0 15.1 19.0 12.5 2.5 2 1 5 5 5
6097.1 -1746.0 0.1 55 0 12.3 17.2 5.0 2.5 2 1 2 1 1
6127.7 -1670.5 2.5 273 0 12.9 21.5 10.0 2.5 2 1 4 3 3
6195.2 -1605.8 5.5 345 0 20.8 21.2 10.0 2.5 2 1 4 0 0
6329.8 -2119.0 4.2 1 0 7.7 12.9 2.5 0.0 0 1 1 4 4
6312.2 -2294.9 4.6 178 0 11.8 8.5 7.5 2.5 2 0 3 3 3
6333.2 -2262.8 5.0 352 0 14.7 8.6 7.5 2.5 2 0 3 4 4
6484.6 -2251.9 10.2 8 0 8.1 10.4 5.0 2.5 2 1 2 5 5
6354.3 -2300.6 6.1 184 0 21.2 12.1 7.5 0.0 0 0 3 4 4
6373.0 -2242.2 7.1 219 0 10.7 12.2 7.5 2.5 2 1 3 1 1
6496.7 -2167.7 9.6 356 0 7.8 9.4 10.0 2.5 2 1 4 1 1
6481.0 -2185.2 9.9 11 0 13.8 13.5 7.5 2.5 2 0 3 0 0
6378.3 -2213.9 7.3 196 0 9.3 14.1 10.0 2.5 2 1 4 0 0
6374.4 -2136.6 6.4 141 0 10.2 10.3 7.5 0.0 0 1 3 2 2
6382.8 -2154.7 7.1 184 0 11.9 8.2 2.5 2.5 2 0 1 1 1
6334.2 -2235.3 4.9 0 0 14.5 9.7 5.0 2.5 2 0 2 0 0
6466.1 -2041.4 6.1 339 0 13.4 17.1 2.5 2.5 2 1 1 3 3
6426.4 -2016.8 5.9 339 0 16.0 16.3 7.5 2.5 2 1 3 0 0
6369.4 -2097.7 5.7 339 0 13.3 6.3 2.5 2.5 2 0 1 0 0
6347.5 -2084.9 5.8 159 0 12.1 10.0 5.0 2.5 2 0 2 3 3
6307.7 -2054.0 5.3 134 0 14.0 17.7 2.5 0.0 0 1 1 3 3
6359.2 -1995.8 6.9 161 0 9.5 19.5 7.5 2.5 2 1 3 3 3
6414.0 -1972.1 6.9 276 0 8.6 11.9 5.0 2.5 2 1 2 4 4
6412.0 -1992.2 6.6 332 0 10.3 28.2 10.0 2.5 2 1 4 3 3
6380.6 -1925.5 7.4 262 0 10.4 32.5 10.0 2.5 2 1 4 1 1
6340.2 -1929.4 7.5 270 0 12.6 29.0 12.5 2.5 2 1 5 4 4
6298.1 -1796.8 7.1 329 0 9.9 17.2 7.5 0.0 0 1 3 5 5
6213.3 -1890.9 8.8 343 0 6.8 8.9 7.5 2.5 2 1 3 0 0
6269.3 -2046.1 3.9 338 0 11.0 10.4 5.0 2.5 2 0 2 2 2
6215.0 -2043.6 4.3 111 0 12.9 6.6 5.0 2.5 4 0 2 3 3
6157.5 -2015.0 5.6 290 0 9.4 8.8 7.5 2.5 2 0 3 3 3
6140.9 -1884.1 6.7 139 0 19.7 14.4 10.0 2.5 2 0 4 2 2
6240.5 -1829.7 8.1 62 0 11.3 14.2 7.5 2.5 2 1 3 1 1
6206.8 -1736.8 5.7 325 0 12.9 15.0 7.5 2.5 2 1 3 2 2
6168.1 -1774.4 5.9 151 0 10.0 6.1 5.0 2.5 2 0 2 5 5
6188.4 -1810.3 7.4 339 0 8.7 6.6 5.0 2.5 2 0 2 4 4
6183.8 -1932.8 8.5 102 0 9.9 10.6 2.5 2.5 2 1 1 2 2
6045.6 -1988.1 4.4 99 0 9.5 9.2 7.5 2.5 2 0 3 4 4
6122.6 -1835.0 4.8 284 0 21.8 14.6 12.5 2.5 2 0 5 5 5
6038.1 -1913.4 3.9 295 0 9.7 10.8 7.5 2.5 2 1 3 5 5
5956.1 -2005.2 2.7 190 0 11.7 13.7 7.5 2.5 2 1 3 0 0
6007.0 -1959.2 4.7 182 0 10.2 13.5 2.5 2.5 2 1 1 3 3
5925.6 -3458.4 6.9 173 0 11.8 11.6 10.0 2.5 2 0 4 3 3
5962.5 -3462.8 7.6 49 0 10.9 10.4 10.0 2.5 2 0 4 5 5
5990.7 -3460.4 8.0 78 0 14.4 11.3 10.0 0.0 0 0 4 4 4
6008.3 -3520.5 7.9 180 0 7.7 8.2 2.5 2.5 2 1 1 1 1
6017.7 -3494.1 9.1 270 0 10.6 11.2 7.5 2.5 2 1 3 1 1
6014.6 -3471.7 8.9 90 0 10.3 9.8 7.5 2.5 2 0 3 1 1
6080.2 -3506.6 9.8 273 0 10.6 8.6 5.0 2.5 2 0 2 4 4
6047.7 -3504.4 9.1 267 0 11.8 10.8 7.5 2.5 4 0 3 1 1
6114.1 -3526.8 9.9 88 0 8.8 10.1 7.5 2.5 4 1 3 1 1
6098.9 -3472.5 9.6 119 0 8.6 10.8 2.5 0.0 0 1 1 1 1
6152.0 -3477.9 10.1 100 0 7.2 9.3 10.0 2.5 2 1 4 5 5
6177.1 -3509.6 10.9 276 0 10.9 13.6 7.5 2.5 2 1 3 0 0
6188.1 -3540.9 10.4 11 0 9.5 11.1 5.0 2.5 2 1 2 5 5
6219.6 -3695.4 4.7 94 0 13.0 16.0 2.5 2.5 2 1 1 0 0
6227.0 -3600.9 7.7 5 0 9.4 6.8 7.5 2.5 2 0 3 5 5
6215.6 -3568.9 9.4 194 0 13.6 12.4 5.0 2.5 2 0 2 3 3
6240.6 -3509.7 10.9 272 0 10.9 12.1 5.0 2.5 4 1 2 2 2
6338.7 -3624.1 10.2 358 0 9.7 10.6 7.5 2.5 2 1 3 4 4
6334.0 -3504.2 11.8 263 0 10.4 13.4 2.5 2.5 2 1 1 0 0
6343.9 -3542.1 11.7 354 0 10.5 22.5 7.5 2.5 2 1 3 1 1
6345.1 -3567.3 11.6 358 0 11.1 15.3 7.5 2.5 2 1 3 1 1
6321.4 -3477.6 10.0 90 0 16.8 11.8 10.0 2.5 2 0 4 2 2
6351.0 -3459.1 9.8 281 0 10.8 11.4 10.0 2.5 2 1 4 1 1
6377.3 -3480.2 10.8 105 0 13.4 9.7 2.5 2.5 2 0 1 5 5
6436.4 -3522.8 12.3 67 0 9.0 9.9 2.5 2.5 2 1 1 5 5
6420.4 -3477.9 10.8 90 0 9.7 14.2 5.0 2.5 2 1 2 2 2
6449.2 -3471.5 11.3 91 0 13.2 13.2 7.5 2.5 2 1 3 2 2
6417.4 -3378.2 7.0 161 0 8.7 9.3 7.5 2.5 2 1 3 5 5
6432.5 -3404.6 8.2 349 0 10.8 9.6 10.0 2.5 4 0 4 3 3
6510.8 -3380.9 5.4 96 0 11.2 7.9 7.5 2.5 2 0 3 5 5
6487.5 -3514.0 11.4 270 0 16.5 9.2 7.5 2.5 2 0 3 4 4
6514.4 -3508.3 11.5 279 0 12.5 11.6 7.5 2.5 2 0 3 4 4
6608.3 -3539.8 13.1 51 0 9.8 12.4 10.0 2.5 4 1 4 4 4
6885.9 -2994.4 8.4 219 0 8.4 8.8 10.0 2.5 2 1 4 4 4
6880.6 -3009.0 7.8 229 0 7.7 9.2 10.0 2.5 2 1 4 2 2
6833.4 -3159.4 3.6 174 0 20.2 10.4 2.5 2.5 2 0 1 1 1
6654.8 -3467.5 11.1 149 0 11.2 13.1 7.5 2.5 2 1 3 2 2
6694.4 -3522.4 13.1 139 0 12.8 14.0 10.0 2.5 2 1 4 3 3
6695.5 -3474.8 11.9 238 0 10.7 13.5 7.5 2.5 2 1 3 2 2
6744.2 -3512.3 12.1 320 0 14.2 15.7 5.0 2.5 2 1 2 5 5
6769.2 -3538.6 11.2 313 0 10.9 12.9 2.5 0.0 0 1 1 1 1
6743.1 -3565.8 12.1 136 0 7.9 15.2 2.5 2.5 2 1 1 4 4
6741.6 -3438.4 9.1 135 0 12.1 7.5 7.5 2.5 2 0 3 5 5
6782.3 -3475.3 10.5 126 0 13.7 13.9 7.5 2.5 4 1 3 0 0
6815.2 -3362.1 7.5 93 0 15.3 9.3 7.5 2.5 2 0 3 5 5
6809.0 -3490.6 9.6 132 0 10.3 14.8 2.5 2.5 2 1 1 3 3
6831.9 -3506.2 9.3 139 0 8.9 12.5 2.5 2.5 2 1 1 5 5
6837.3 -3528.1 9.2 145 0 10.8 13.3 5.0 2.5 2 1 2 0 0
6872.0 -3543.2 8.8 131 0 13.7 16.7 5.0 2.5 2 1 2 1 1
6877.0 -3409.2 8.9 298 0 13.8 10.0 5.0 2.5 2 0 2 1 1
6844.5 -3365.1 7.5 141 0 11.6 13.2 7.5 2.5 2 1 3 0 0
6849.7 -3283.1 6.1 198 0 8.5 8.6 7.5 2.5 2 1 3 1 1
6911.2 -3250.5 3.8 288 0 9.6 12.7 2.5 2.5 2 1 1 5 5
6893.1 -3713.7 11.2 129 0 16.4 19.3 10.0 2.5 2 1 4 0 0
6852.7 -3765.6 13.3 51 0 9.3 9.2 7.5 2.5 2 0 3 1 1
6823.5 -3795.5 12.9 45 0 6.5 7.9 5.0 2.5 2 1 2 1 1
6784.1 -3843.7 9.5 52 0 6.7 12.2 7.5 2.5 2 1 3 3 3
6719.7 -3806.3 8.0 24 0 8.7 12.2 7.5 2.5 4 1 3 2 2
6735.1 -3641.3 13.5 82 0 10.4 37.6 7.5 2.5 2 1 3 0 0
6647.5 -3538.8 13.5 220 0 10.8 17.3 7.5 2.5 2 1 3 4 4
6682.2 -3555.5 13.9 311 0 7.3 9.9 7.5 2.5 4 1 3 3 3
6671.7 -3585.6 14.1 42 0 20.5 10.3 5.0 2.5 2 0 2 3 3
6638.2 -3617.3 13.5 133 0 9.9 21.9 7.5 2.5 4 1 3 2 2
6581.0 -3703.1 12.1 143 0 9.9 12.2 2.5 2.5 2 1 1 1 1
6563.7 -3677.9 13.1 133 0 11.9 12.5 2.5 2.5 2 1 1 5 5
6548.3 -3636.2 13.9 222 0 7.5 12.1 7.5 2.5 2 1 3 4 4
6406.4 -3605.0 10.9 14 0 14.6 7.6 5.0 2.5 2 0 2 3 3
6368.8 -3638.0 10.2 191 0 8.8 11.1 2.5 2.5 2 1 1 3 3
6401.5 -3742.5 6.3 136 0 11.6 12.7 10.0 2.5 2 1 4 1 1
6524.6 -3636.5 12.4 46 0 12.3 15.6 7.5 2.5 2 1 3 3 3
6504.4 -3653.4 11.5 17 0 17.6 12.3 5.0 2.5 2 0 2 4 4
6485.8 -3672.1 10.8 42 0 9.6 13.6 7.5 2.5 2 1 3 2 2
6453.9 -3711.6 8.5 42 0 14.6 12.7 7.5 2.5 2 0 3 4 4
6430.2 -3793.8 6.0 136 0 11.3 17.1 10.0 0.0 0 1 4 3 3
6457.3 -3743.0 8.5 217 0 8.2 6.5 7.5 2.5 2 0 3 0 0
6480.7 -3753.5 8.8 44 0 15.6 14.9 2.5 2.5 2 0 1 5 5
6538.7 -3700.3 12.3 311 0 14.9 13.8 5.0 2.5 2 0 2 2 2
6563.0 -3718.8 12.2 312 0 15.3 9.2 2.5 2.5 2 0 1 5 5
6619.8 -3795.2 7.4 45 0 20.8 9.8 10.0 2.5 4 0 4 4 4
5809.7 -4527.3 -9.4 311 0 8.6 11.7 10.0 2.5 2 1 4 2 2
5790.9 -4575.5 -8.6 240 0 12.3 10.3 7.5 2.5 2 0 3 2 2
5960.3 -4442.5 -6.2 35 0 8.7 11.7 10.0 2.5 2 1 4 1 1
5883.7 -4532.1 -7.2 47 0 12.1 14.2 7.5 2.5 2 1 3 2 2
5939.1 -4597.4 -4.1 58 0 12.8 9.2 2.5 2.5 2 0 1 2 2
5947.2 -4518.1 -4.0 204 0 12.3 8.5 5.0 2.5 2 0 2 3 3
5974.4 -4491.0 -3.2 230 0 8.8 6.8 7.5 2.5 2 0 3 4 4
6853.4 -1964.4 1.3 318 0 11.3 10.2 2.5 2.5 2 0 1 3 3
6833.9 -1936.2 0.3 314 0 10.2 10.7 7.5 2.5 2 1 3 5 5
6913.2 -2278.1 4.2 31 0 14.4 17.2 5.0 2.5 2 1 2 0 0
6913.1 -2357.6 5.4 200 0 17.6 11.9 5.0 2.5 2 0 2 5 5
6882.5 -2368.2 5.5 98 0 17.8 13.8 7.5 2.5 2 0 3 2 2
6855.1 -2336.1 5.2 263 0 10.1 15.7 7.5 0.0 0 1 3 4 4
6824.0 -2360.6 5.3 103 0 16.3 17.1 10.0 2.5 2 1 4 2 2
6791.9 -2351.1 5.1 96 0 11.8 16.1 7.5 2.5 2 1 3 0 0
6757.9 -2359.7 5.2 90 0 8.2 13.0 5.0 2.5 2 1 2 2 2
6730.2 -2349.0 4.9 106 0 12.8 16.3 7.5 2.5 4 1 3 3 3
6684.6 -2313.7 4.5 273 0 9.7 14.7 5.0 0.0 0 1 2 5 5
6620.3 -2330.8 6.0 104 0 13.9 17.7 5.0 2.5 2 1 2 0 0
6517.7 -2280.4 8.3 198 0 11.2 7.7 2.5 2.5 2 0 1 4 4
6532.5 -2231.9 8.9 180 0 13.0 8.5 5.0 2.5 2 0 2 1 1
6611.3 -2148.5 7.1 206 0 11.1 10.8 5.0 2.5 2 0 2 0 0
6598.4 -2216.8 7.6 120 0 7.1 11.2 7.5 2.5 2 1 3 1 1
6665.8 -2049.3 4.0 196 0 10.2 14.3 7.5 2.5 2 1 3 3 3
6699.4 -2049.8 3.5 20 0 8.6 11.3 5.0 2.5 2 1 2 0 0
6718.8 -1889.1 3.2 65 0 8.4 10.7 7.5 2.5 2 1 3 0 0
6737.3 -1975.9 2.5 27 0 13.0 13.6 7.5 2.5 2 1 3 4 4
6670.1 -2007.0 3.6 200 0 10.9 10.6 7.5 2.5 2 0 3 5 5
6641.5 -2094.1 5.4 180 0 14.8 12.9 7.5 2.5 4 0 3 2 2
6530.9 -2119.4 8.3 185 0 22.2 12.4 10.0 2.5 2 0 4 1 1
6572.7 -2145.5 7.8 121 0 15.0 13.2 7.5 2.5 2 0 3 2 2
6476.9 -1999.8 6.1 240 0 30.4 40.6 10.0 0.0 0 1 4 2 2
6473.6 -1989.4 6.5 66 0 10.0 21.5 7.5 2.5 2 1 3 3 3
6514.1 -2077.0 7.2 154 0 17.6 13.7 5.0 2.5 2 0 2 3 3
6546.5 -1981.9 6.9 241 0 9.1 13.1 7.5 2.5 2 1 3 4 4
6575.7 -1967.7 6.5 245 0 11.3 13.8 7.5 2.5 2 1 3 0 0
6626.8 -1959.2 5.4 246 0 12.5 8.6 7.5 2.5 2 0 3 4 4
6613.4 -1843.5 7.4 265 0 9.7 17.1 5.0 2.5 2 1 2 1 1
6703.6 -1855.6 3.9 338 0 11.8 8.6 7.5 2.5 2 0 3 3 3
6691.2 -1785.3 3.8 336 0 10.4 8.0 5.0 2.5 2 0 2 4 4
6661.2 -1835.8 5.8 254 0 7.4 17.8 5.0 2.5 2 1 2 1 1
6624.0 -1898.6 6.7 76 0 14.8 11.0 7.5 0.0 0 0 3 1 1
6590.4 -1933.4 7.1 77 0 12.0 11.6 5.0 2.5 2 0 2 5 5
6587.8 -1761.7 4.2 82 0 16.6 11.2 7.5 2.5 2 0 3 1 1
6475.7 -1755.9 5.0 288 0 10.5 16.9 5.0 2.5 2 1 2 0 0
6556.4 -1881.6 7.6 172 0 10.5 18.7 7.5 2.5 2 1 3 1 1
6550.9 -1948.9 8.0 61 0 8.4 15.1 10.0 2.5 2 1 4 5 5
6528.1 -1964.4 7.5 69 0 17.0 8.2 5.0 2.5 2 0 2 5 5
6507.1 -1968.0 7.3 62 0 7.0 12.6 7.5 2.5 2 1 3 2 2
6496.3 -1978.7 6.9 60 0 11.9 20.9 2.5 2.5 2 1 1 4 4
6471.7 -1935.8 7.4 329 0 22.8 10.3 5.0 2.5 2 0 2 4 4
6432.7 -1929.6 7.6 139 0 21.3 11.7 2.5 2.5 2 0 1 1 1
6409.1 -1892.9 7.3 165 0 11.2 12.2 5.0 2.5 2 1 2 4 4
6520.2 -1763.9 4.9 199 0 10.9 11.8 2.5 2.5 4 1 1 4 4
6472.0 -1799.0 5.4 158 0 9.4 12.0 7.5 2.5 2 1 3 4 4
6394.2 -1872.6 7.0 160 0 11.8 15.0 7.5 2.5 4 1 3 0 0
6367.5 -1825.5 6.7 152 0 9.4 14.4 7.5 0.0 0 1 3 4 4
6405.2 -1703.6 3.2 3 0 10.4 6.5 7.5 0.0 0 0 3 2 2
6393.9 -1762.8 5.5 333 0 7.4 9.9 5.0 2.5 2 1 2 4 4
6337.9 -1801.4 6.8 156 0 16.0 9.3 7.5 2.5 2 0 3 1 1
6268.0 -1680.5 4.0 156 0 10.6 16.1 7.5 0.0 0 1 3 5 5
6319.7 -1750.8 5.2 158 0 8.2 8.6 5.0 2.5 2 1 2 4 4
6307.1 -1736.9 4.7 143 0 10.1 16.8 2.5 2.5 2 1 1 1 1
6230.4 -1269.0 0.6 162 0 18.0 13.6 7.5 2.5 4 0 3 2 2
6887.8 -1099.9 3.7 309 0 8.9 8.4 5.0 2.5 2 0 2 1 1
6900.7 -1130.3 2.5 51 0 11.3 15.1 7.5 2.5 2 1 3 0 0
6876.0 -1165.2 1.7 53 0 11.8 13.2 2.5 2.5 2 1 1 5 5
6837.1 -1143.1 3.0 135 0 13.8 15.8 5.0 2.5 2 1 2 1 1
6806.7 -1124.8 3.0 239 0 19.8 15.7 10.0 2.5 4 0 4 5 5
6841.4 -1075.3 4.5 231 0 12.8 18.2 5.0 0.0 0 1 2 5 5
6875.9 -1037.4 3.3 214 0 8.5 9.7 5.0 2.5 2 1 2 4 4
6859.7 -1015.3 3.4 41 0 11.3 14.5 5.0 2.5 2 1 2 1 1
6837.8 -988.3 2.6 310 0 9.3 6.9 7.5 2.5 2 0 3 5 5
6843.3 -1040.4 4.1 35 0 17.3 23.7 7.5 0.0 0 1 3 1 1
6762.1 -997.8 1.6 208 0 18.5 19.2 12.5 2.5 2 1 5 4 4
6728.1 -1033.7 1.9 193 0 12.5 15.7 7.5 2.5 2 1 3 4 4
6669.9 -1061.4 -0.3 235 0 18.6 18.3 10.0 2.5 2 0 4 3 3
6790.8 -1096.1 3.1 59 0 11.0 14.4 5.0 2.5 2 1 2 1 1
6772.3 -1117.8 1.8 47 0 10.4 14.2 5.0 2.5 2 1 2 2 2
6755.6 -1130.1 0.8 46 0 9.0 14.5 5.0 2.5 2 1 2 0 0
6740.8 -1193.2 2.3 240 0 13.2 14.7 10.0 2.5 2 1 4 3 3
6736.1 -1287.1 4.1 31 0 11.4 10.5 5.0 2.5 2 0 2 2 2
6691.9 -1315.5 4.0 56 0 15.3 9.4 5.0 2.5 2 0 2 3 3
6634.8 -1395.1 2.0 72 0 8.6 10.2 5.0 0.0 0 1 2 4 4
6719.7 -1211.0 3.0 225 0 11.7 9.2 10.0 2.5 2 0 4 3 3
6654.2 -1352.6 3.2 13 0 8.0 11.8 7.5 2.5 2 1 3 3 3
6639.7 -1238.7 5.9 272 0 11.2 7.7 5.0 2.5 2 0 2 3 3
6660.9 -1202.1 4.6 79 0 12.6 10.2 2.5 2.5 2 0 1 2 2
6636.7 -1181.1 5.0 260 0 13.1 13.6 7.5 2.5 2 1 3 1 1
6574.0 -1191.4 4.2 260 0 13.1 13.0 5.0 2.5 2 0 2 5 5
6607.9 -1216.2 4.9 74 0 9.5 13.4 2.5 2.5 2 1 1 2 2
6611.2 -1235.6 5.1 268 0 13.5 15.7 2.5 2.5 2 1 1 0 0
6578.0 -1244.8 4.4 260 0 10.1 12.0 7.5 2.5 2 1 3 0 0
6550.0 -1257.0 3.7 240 0 15.9 11.2 7.5 0.0 0 0 3 2 2
6517.6 -1263.6 3.8 262 0 11.0 13.9 5.0 2.5 4 1 2 5 5
6488.2 -1060.3 1.9 272 0 7.1 9.8 2.5 2.5 2 1 1 4 4
6500.1 -1168.9 2.5 174 0 6.3 10.6 2.5 2.5 2 1 1 5 5
6519.0 -1229.6 3.8 50 0 13.0 8.3 2.5 2.5 2 0 1 2 2
6484.0 -1230.8 3.8 78 0 20.4 13.9 7.5 2.5 2 0 3 1 1
6427.8 -1061.9 1.4 335 0 14.6 9.7 5.0 2.5 4 0 2 5 5
6444.0 -1107.3 3.7 353 0 10.6 12.1 7.5 2.5 4 1 3 4 4
6371.8 -1089.2 2.3 198 0 11.8 7.7 2.5 2.5 2 0 1 4 4
6367.6 -1142.5 4.5 195 0 13.3 7.9 10.0 2.5 2 0 4 0 0
6408.6 -1150.8 5.0 101 0 11.1 10.0 5.0 2.5 2 0 2 0 0
6266.5 -1333.5 4.2 145 0 11.5 12.3 5.0 2.5 2 1 2 3 3
6278.0 -1263.1 1.8 304 0 14.9 11.7 7.5 2.5 2 0 3 1 1
6358.7 -1304.4 5.8 38 0 12.0 12.4 5.0 2.5 2 1 2 1 1
6322.0 -1333.7 5.3 68 0 12.4 17.1 7.5 2.5 2 1 3 3 3
6348.1 -1197.3 5.1 338 0 11.7 8.6 7.5 0.0 0 0 3 1 1
6429.5 -1241.3 4.4 108 0 10.8 14.9 5.0 2.5 2 1 2 1 1
6393.4 -1267.6 5.2 57 0 10.2 11.1 7.5 2.5 2 1 3 3 3
6483.3 -1263.3 4.1 242 0 9.0 9.4 10.0 2.5 4 1 4 1 1
6429.3 -1281.5 4.9 208 0 10.0 11.7 5.0 2.5 4 1 2 5 5
6386.7 -1313.0 4.8 234 0 7.6 10.5 7.5 2.5 2 1 3 3 3
6363.3 -1325.9 5.4 231 0 9.4 11.5 7.5 2.5 2 1 3 3 3
6314.0 -1373.9 6.3 230 0 6.9 9.9 10.0 2.5 2 1 4 4 4
6328.3 -1395.2 6.2 42 0 9.6 11.3 2.5 2.5 2 1 1 1 1
6315.7 -1408.8 6.4 48 0 7.9 11.8 7.5 0.0 0 1 3 1 1
6289.8 -1428.5 6.4 61 0 14.1 9.5 5.0 2.5 2 0 2 2 2
6250.9 -1484.1 6.8 51 0 8.0 6.7 7.5 2.5 2 0 3 0 0
6202.6 -1513.9 6.4 214 0 12.5 9.1 2.5 2.5 2 0 1 1 1
6188.3 -1533.6 6.3 158 0 15.3 8.8 7.5 2.5 2 0 3 2 2
6207.8 -1482.0 6.8 214 0 11.8 9.6 5.0 2.5 2 0 2 1 1
6293.3 -1567.2 3.2 77 0 16.9 12.0 5.0 0.0 0 0 2 3 3
6136.5 -1531.6 6.3 297 0 8.6 7.4 5.0 2.5 2 0 2 0 0
6179.4 -1561.9 5.9 335 0 19.2 9.7 2.5 0.0 0 0 1 5 5
6509.0 786.1 -5.8 54 0 24.0 12.4 10.0 2.5 2 0 4 5 5
6511.2 955.5 -5.1 320 0 20.6 9.2 10.0 2.5 2 0 4 4 4
6830.8 1155.6 -3.0 158 0 12.4 7.9 2.5 2.5 2 0 1 5 5
6843.0 1156.6 -2.7 158 0 6.8 7.9 7.5 2.5 2 1 3 1 1
6893.1 1247.4 -3.7 341 0 8.6 11.5 7.5 2.5 2 1 3 1 1
6857.7 1108.2 -2.6 177 0 12.5 10.0 5.0 2.5 2 0 2 3 3
6674.3 873.1 -0.0 231 0 7.5 15.2 7.5 2.5 2 1 3 1 1
6890.4 908.5 1.3 336 0 15.6 22.6 7.5 2.5 2 1 3 5 5
6661.5 1913.0 -8.0 61 0 8.0 8.3 5.0 2.5 2 1 2 2 2
6623.9 1881.5 -8.4 148 0 21.3 13.5 10.0 2.5 4 0 4 2 2
6612.2 1902.3 -8.3 144 0 19.8 13.5 7.5 2.5 2 0 3 0 0
6692.2 1950.0 -8.4 56 0 13.1 19.8 7.5 2.5 2 1 3 5 5
6610.4 1944.0 -7.9 133 0 11.2 21.9 5.0 2.5 2 1 2 0 0
6546.8 1992.5 -7.8 42 0 19.0 15.0 10.0 2.5 2 0 4 4 4
6576.5 2052.2 -9.9 64 0 12.1 15.2 5.0 2.5 4 1 2 2 2
6553.3 2074.4 -9.3 296 0 15.9 11.2 7.5 2.5 4 0 3 4 4
6671.5 2140.3 -13.5 47 0 11.3 12.7 7.5 2.5 2 1 3 0 0
6586.1 2179.2 -14.4 151 0 17.9 12.1 7.5 2.5 2 0 3 5 5
6607.3 2108.4 -12.9 139 0 14.9 11.7 5.0 2.5 2 0 2 4 4
6692.4 2123.5 -12.5 217 0 10.7 9.2 5.0 2.5 2 0 2 3 3
6674.5 2104.0 -12.6 222 0 8.4 10.5 7.5 2.5 2 1 3 1 1
6730.5 2004.3 -9.5 138 0 8.9 8.8 7.5 2.5 2 0 3 5 5
6799.5 2042.5 -10.5 27 0 16.2 11.6 10.0 2.5 2 0 4 3 3
6780.9 1917.6 -9.0 142 0 6.5 9.7 2.5 2.5 2 1 1 2 2
6766.3 1958.1 -8.7 131 0 9.7 7.1 7.5 2.5 2 0 3 0 0
6831.9 1901.5 -10.0 246 0 10.3 17.6 7.5 2.5 2 1 3 4 4
6901.6 1804.3 -8.4 336 0 19.2 11.9 5.0 2.5 2 0 2 5 5
6868.0 1910.6 -10.4 237 0 8.7 8.6 10.0 2.5 2 0 4 4 4
6891.4 1740.7 -6.9 148 0 15.1 8.3 7.5 2.5 2 0 3 3 3
6903.5 1439.2 -6.9 331 0 13.1 11.7 7.5 2.5 4 0 3 1 1
6889.6 1467.5 -6.3 62 0 8.7 21.9 7.5 2.5 4 1 3 0 0
6835.2 1518.1 -6.3 151 0 8.2 6.1 10.0 2.5 2 0 4 5 5
6825.2 1579.9 -5.5 336 0 9.8 12.9 10.0 0.0 0 1 4 2 2
6794.8 1622.3 -4.9 147 0 12.4 10.2 7.5 0.0 0 0 3 2 2
6784.2 1654.4 -4.8 143 0 10.3 8.8 7.5 2.5 2 0 3 0 0
6764.4 1686.0 -5.2 232 0 8.6 16.4 7.5 2.5 2 1 3 3 3
6905.9 1628.4 -2.8 323 0 14.7 12.2 7.5 0.0 0 0 3 2 2
6899.7 1662.6 -2.9 328 0 15.1 10.7 10.0 2.5 2 0 4 0 0
6872.1 1706.2 -5.5 344 0 8.7 9.5 7.5 2.5 2 1 3 5 5
6753.2 1713.4 -5.4 61 0 11.5 14.1 5.0 2.5 2 1 2 3 3
6723.0 1737.4 -5.9 156 0 11.5 13.8 7.5 0.0 0 1 3 3 3
6801.6 1824.9 -9.1 283 0 10.3 13.8 5.0 2.5 2 1 2 4 4
6796.6 1847.0 -9.0 328 0 12.7 10.0 7.5 2.5 2 0 3 1 1
6687.4 1787.2 -7.9 151 0 9.5 16.5 5.0 2.5 4 1 2 5 5
6644.3 1847.8 -8.6 146 0 11.4 6.4 5.0 2.5 2 0 2 5 5
6653.5 1865.0 -8.5 227 0 9.2 8.2 2.5 0.0 0 0 1 3 3
6306.5 1611.7 -9.1 214 0 8.3 6.4 5.0 0.0 0 0 2 2 2
6270.8 1576.2 -8.2 210 0 12.3 22.7 7.5 2.5 2 1 3 1 1
6266.9 1553.7 -7.5 199 0 10.9 11.8 2.5 2.5 2 1 1 4 4
6285.4 1452.4 -7.3 118 0 12.1 11.1 7.5 2.5 2 0 3 0 0
6512.9 1379.3 -9.2 292 0 10.4 15.0 5.0 2.5 2 1 2 0 0
6517.5 1329.5 -7.6 325 0 10.3 11.8 2.5 2.5 2 1 1 5 5
6523.3 1260.9 -4.8 149 0 12.8 16.5 7.5 2.5 2 1 3 4 4
6597.3 1186.9 -2.5 53 0 7.8 11.1 7.5 2.5 2 1 3 4 4
6583.0 1229.2 -3.0 282 0 13.8 7.9 2.5 2.5 2 0 1 2 2
6634.1 1231.7 -4.2 51 0 11.7 18.1 2.5 2.5 2 1 1 1 1
6413.7 1148.5 -5.0 90 0 9.3 22.9 2.5 2.5 2 1 1 5 5
6430.1 1184.5 -4.9 275 0 16.5 11.8 2.5 0.0 0 0 1 3 3
6485.0 1145.2 -3.0 6 0 18.6 8.3 7.5 2.5 2 0 3 5 5
6464.7 1176.4 -3.5 272 0 7.9 37.7 7.5 2.5 2 1 3 3 3
6482.4 1129.2 -3.8 283 0 13.3 45.8 10.0 2.5 4 1 4 3 3
6545.8 971.4 -4.0 142 0 9.4 6.7 5.0 2.5 2 0 2 0 0
6623.4 891.8 -1.6 135 0 32.9 12.5 15.0 0.0 0 0 6 5 5
6619.8 1121.5 -2.5 143 0 9.6 13.7 2.5 2.5 2 1 1 0 0
6650.9 1209.6 -4.1 225 0 12.9 16.9 5.0 2.5 2 1 2 2 2
6658.5 1086.9 -1.7 143 0 9.0 7.8 7.5 2.5 2 0 3 5 5
6711.9 966.2 -0.2 325 0 13.0 10.4 2.5 2.5 2 0 1 5 5
6729.5 947.6 0.5 59 0 7.9 6.8 7.5 0.0 0 0 3 2 2
6678.7 1248.8 -5.2 144 0 10.5 11.6 5.0 2.5 2 1 2 2 2
6650.7 1283.9 -6.4 151 0 12.3 12.4 2.5 2.5 2 1 1 5 5
6623.4 1314.8 -7.4 156 0 6.9 9.6 5.0 2.5 2 1 2 4 4
6753.5 1279.1 -6.2 63 0 6.6 7.5 10.0 2.5 2 1 4 2 2
6755.1 1376.2 -6.9 347 0 11.6 6.3 2.5 2.5 2 0 1 3 3
6748.8 1593.6 -6.9 324 0 6.7 11.0 7.5 2.5 2 1 3 5 5
6752.3 1528.6 -7.5 140 0 11.2 10.7 7.5 2.5 2 0 3 2 2
6778.8 1512.3 -7.5 143 0 8.6 7.8 2.5 2.5 2 0 1 2 2
6809.9 1494.5 -7.6 319 0 17.2 10.4 2.5 2.5 2 0 1 0 0
6818.6 1467.4 -7.6 331 0 11.3 6.7 7.5 2.5 4 0 3 0 0
6861.3 1412.8 -7.6 326 0 13.6 10.0 2.5 2.5 2 0 1 0 0
6813.3 1318.5 -6.9 156 0 9.2 10.0 2.5 2.5 2 1 1 5 5
6905.9 1347.3 -6.8 340 0 7.4 9.4 5.0 2.5 2 1 2 3 3
6912.3 1316.2 -5.8 252 0 11.7 14.0 7.5 2.5 2 1 3 1 1
6900.4 1308.2 -5.6 340 0 6.5 11.0 7.5 2.5 4 1 3 4 4
6842.5 1276.0 -5.4 66 0 15.4 11.2 7.5 2.5 2 0 3 3 3
6552.5 1846.5 -9.1 233 0 11.5 21.6 2.5 2.5 2 1 1 1 1
6575.2 1845.5 -9.0 256 0 8.5 17.9 7.5 0.0 0 1 3 4 4
6538.1 1808.3 -9.4 240 0 14.6 8.5 10.0 2.5 2 0 4 3 3
6505.1 1769.9 -9.0 169 0 9.4 12.0 7.5 2.5 2 1 3 5 5
6466.7 1668.5 -8.1 244 0 8.8 13.2 7.5 2.5 2 1 3 2 2
6511.6 1498.3 -7.5 158 0 19.8 8.8 2.5 2.5 2 0 1 0 0
6561.2 1474.8 -7.8 347 0 32.5 9.1 10.0 2.5 2 0 4 5 5
6545.7 1412.2 -8.7 137 0 9.6 11.7 7.5 0.0 0 1 3 3 3
6135.6 1187.4 -3.3 233 0 7.0 9.5 2.5 2.5 2 1 1 4 4
6147.0 1147.1 -3.3 40 0 11.9 11.6 7.5 2.5 2 0 3 4 4
6279.6 1228.6 -3.7 310 0 11.3 9.2 7.5 2.5 2 0 3 4 4
6232.5 1262.2 -5.0 345 0 9.1 10.3 2.5 2.5 2 1 1 3 3
6138.8 1053.9 -4.1 256 0 6.1 9.4 5.0 0.0 0 1 2 4 4
6120.7 986.8 -5.4 148 0 12.9 13.5 10.0 2.5 4 1 4 4 4
6196.6 989.0 -5.4 187 0 9.6 9.5 7.5 2.5 2 0 3 5 5
6347.9 1197.8 -4.5 137 0 10.6 12.9 7.5 2.5 2 1 3 3 3
6257.9 1186.7 -3.3 197 0 10.8 11.7 2.5 2.5 2 1 1 0 0
6277.5 1163.8 -3.8 175 0 14.4 10.9 5.0 2.5 2 0 2 4 4
6273.8 1137.8 -4.4 202 0 15.4 12.0 7.5 2.5 4 0 3 0 0
6227.2 972.1 -5.5 65 0 11.1 14.0 7.5 2.5 2 1 3 4 4
6255.1 994.6 -4.9 270 0 11.8 8.9 7.5 2.5 2 0 3 5 5
6282.0 1098.4 -5.0 169 0 10.8 13.8 7.5 2.5 2 1 3 0 0
6330.4 943.0 -5.0 67 0 11.5 15.0 7.5 2.5 2 1 3 4 4
6294.4 1074.3 -5.0 165 0 10.1 21.0 5.0 2.5 2 1 2 0 0
6328.4 1086.4 -5.0 164 0 10.0 15.3 7.5 2.5 2 1 3 0 0
6332.0 1058.0 -5.0 165 0 14.3 7.9 5.0 0.0 0 0 2 1 1
6338.3 1026.7 -5.0 166 0 11.9 10.9 10.0 2.5 2 0 4 2 2
6347.8 1004.9 -5.0 162 0 13.0 8.6 7.5 2.5 2 0 3 4 4
6367.5 972.4 -5.2 56 0 13.8 9.3 7.5 2.5 2 0 3 5 5
6424.1 1027.2 -5.2 57 0 9.8 10.9 7.5 2.5 2 1 3 5 5
6402.0 992.8 -5.6 83 0 15.4 11.0 7.5 2.5 2 0 3 4 4
6399.5 1083.7 -5.2 338 0 30.7 21.0 10.0 0.0 0 0 4 3 3
6209.8 1315.4 -4.9 122 0 12.6 19.2 7.5 2.5 2 1 3 3 3
6166.0 1356.4 -4.6 229 0 11.3 8.9 2.5 2.5 2 0 1 5 5
6199.8 1435.3 -5.3 207 0 12.7 6.6 7.5 2.5 2 0 3 5 5
6232.5 1409.5 -5.6 130 0 11.6 13.2 2.5 2.5 2 1 1 0 0
6297.8 1403.7 -5.9 311 0 8.6 13.2 5.0 2.5 2 1 2 2 2
6262.9 1286.4 -5.0 121 0 12.2 9.7 5.0 2.5 2 0 2 5 5
6279.8 1262.7 -4.7 125 0 10.8 18.1 10.0 2.5 2 1 4 3 3
6320.1 1385.1 -6.0 305 0 15.7 10.2 7.5 2.5 2 0 3 3 3
6344.0 1375.2 -6.3 304 0 12.4 13.6 2.5 2.5 2 1 1 4 4
6308.7 1303.0 -4.7 306 0 11.0 21.6 5.0 2.5 2 1 2 4 4
6377.1 1275.3 -4.6 324 0 8.0 12.7 2.5 2.5 4 1 1 0 0
6342.4 1221.0 -4.2 56 0 17.6 10.7 7.5 2.5 2 0 3 3 3
6353.0 1245.0 -4.2 57 0 9.1 11.5 7.5 2.5 2 1 3 5 5
6671.5 1678.1 -8.7 153 0 7.9 15.8 10.0 2.5 2 1 4 5 5
6455.6 1860.8 -9.1 314 0 11.9 9.8 7.5 2.5 2 0 3 3 3
6473.8 1841.8 -9.3 310 0 7.7 8.2 7.5 2.5 2 1 3 5 5
6355.2 1981.5 -9.6 338 0 7.0 17.2 7.5 2.5 2 1 3 0 0
6336.2 2037.8 -10.4 0 0 10.4 12.9 7.5 2.5 2 1 3 1 1
6279.4 2127.8 -11.4 330 0 11.2 18.3 7.5 2.5 2 1 3 4 4
6337.1 2146.2 -11.7 55 0 7.2 7.9 5.0 2.5 2 1 2 1 1
6465.6 2116.7 -10.1 14 0 14.8 10.6 5.0 2.5 4 0 2 0 0
6379.0 2090.9 -9.2 106 0 8.8 8.6 7.5 2.5 2 0 3 5 5
6388.2 1969.9 -7.9 157 0 7.5 10.5 7.5 2.5 2 1 3 2 2
6418.8 1936.1 -7.4 123 0 7.0 10.2 7.5 0.0 0 1 3 0 0
6438.0 2031.4 -8.2 230 0 13.8 14.1 2.5 2.5 2 1 1 2 2
6459.3 2010.2 -7.7 330 0 9.5 10.5 7.5 2.5 2 1 3 3 3
6469.8 2018.7 -7.8 336 0 7.7 8.7 10.0 2.5 2 1 4 0 0
6486.7 1991.5 -7.3 332 0 11.3 18.0 5.0 2.5 2 1 2 5 5
6470.2 1869.7 -9.0 124 0 12.7 13.8 5.0 2.5 4 1 2 3 3
6484.6 1904.3 -8.7 214 0 20.0 11.0 10.0 2.5 2 0 4 2 2
6545.0 1917.0 -8.5 297 0 16.8 16.9 7.5 2.5 2 1 3 2 2
6534.0 1855.6 -9.0 20 0 15.9 20.3 7.5 0.0 0 1 3 5 5
6617.6 1921.6 -8.0 122 0 10.9 9.0 7.5 0.0 0 0 3 2 2
6570.1 1891.1 -8.5 31 0 9.2 11.6 7.5 2.5 2 1 3 2 2
6599.4 1863.1 -8.9 251 0 11.5 39.8 7.5 2.5 2 1 3 1 1
6587.3 1856.1 -9.0 254 0 9.5 34.7 7.5 2.5 2 1 3 2 2
5944.8 1469.6 -7.9 194 0 17.1 13.6 5.0 2.5 2 0 2 3 3
5949.0 1437.2 -7.2 113 0 9.9 16.5 7.5 2.5 2 1 3 0 0
5979.2 1438.5 -6.9 70 0 10.6 12.4 7.5 2.5 2 1 3 2 2
5991.8 1422.6 -6.4 105 0 11.5 15.3 5.0 2.5 2 1 2 3 3
6024.8 1409.5 -5.4 101 0 11.3 10.6 7.5 2.5 2 0 3 5 5
6058.4 1399.2 -4.9 66 0 8.7 15.0 7.5 2.5 2 1 3 5 5
6076.0 1390.5 -4.6 135 0 11.3 8.8 2.5 2.5 2 0 1 2 2
6116.5 1355.8 -4.7 116 0 7.1 16.8 10.0 2.5 2 1 4 1 1
6119.3 1394.9 -4.4 303 0 10.0 6.4 5.0 2.5 2 0 2 1 1
6174.2 1457.2 -4.9 25 0 7.8 11.4 7.5 2.5 2 1 3 4 4
6103.2 1503.7 -6.5 294 0 11.0 11.0 7.5 2.5 2 0 3 4 4
6070.9 1521.8 -7.1 256 0 12.8 13.4 7.5 0.0 0 1 3 5 5
6037.5 1513.3 -7.7 135 0 12.3 7.9 5.0 2.5 2 0 2 2 2
6089.0 1689.6 -8.9 305 0 10.4 8.3 7.5 2.5 2 0 3 5 5
6040.0 1664.4 -7.8 203 0 14.4 13.9 2.5 0.0 0 0 1 3 3
6085.7 1582.9 -7.8 40 0 6.9 7.6 7.5 2.5 2 1 3 2 2
6092.5 1544.3 -7.6 124 0 8.1 10.0 7.5 2.5 2 1 3 1 1
6124.9 1536.8 -7.4 119 0 12.3 8.5 5.0 2.5 2 0 2 3 3
6158.0 1542.7 -7.4 301 0 10.6 11.4 7.5 0.0 0 1 3 0 0
6189.7 1614.7 -8.2 114 0 15.3 7.8 5.0 2.5 2 0 2 2 2
6177.8 1506.2 -6.6 120 0 12.5 9.3 2.5 2.5 2 0 1 2 2
5727.7 1578.4 -8.7 312 0 8.3 7.7 10.0 2.5 2 0 4 4 4
5665.0 1626.1 -9.5 222 0 10.0 9.4 7.5 0.0 0 0 3 4 4
5785.2 1672.5 -11.0 312 0 10.7 10.0 10.0 2.5 2 0 4 5 5
5746.9 1539.2 -8.1 117 0 9.6 10.2 7.5 2.5 2 1 3 1 1
5800.1 1523.7 -8.2 123 0 8.7 19.5 7.5 0.0 0 1 3 2 2
5834.1 1499.8 -8.1 60 0 8.2 20.3 5.0 2.5 2 1 2 2 2
5863.4 1497.5 -8.6 84 0 8.9 15.2 10.0 2.5 2 1 4 0 0
5919.6 1465.6 -7.6 22 0 11.2 7.9 7.5 2.5 4 0 3 5 5
5834.3 1637.7 -10.9 296 0 8.8 9.8 5.0 2.5 4 1 2 0 0
5863.5 1623.5 -11.3 289 0 6.5 6.3 7.5 2.5 4 0 3 5 5
5881.0 1622.4 -11.2 295 0 9.1 13.1 5.0 2.5 2 1 2 3 3
5929.2 1593.1 -9.7 291 0 9.5 9.2 5.0 2.5 2 0 2 2 2
5815.4 1687.6 -11.9 129 0 10.3 9.6 2.5 0.0 0 0 1 4 4
5855.1 1706.0 -11.6 10 0 9.3 11.9 7.5 2.5 2 1 3 3 3
5900.2 1642.8 -9.9 133 0 13.6 10.4 10.0 2.5 2 0 4 5 5
6023.8 1695.1 -8.7 27 0 15.6 13.2 5.0 2.5 2 0 2 1 1
5963.2 1091.3 -4.3 114 0 7.4 16.6 10.0 2.5 2 1 4 3 3
5982.0 1218.8 -6.0 270 0 8.5 9.8 2.5 2.5 2 1 1 1 1
5929.7 1100.1 -4.7 117 0 9.6 17.5 7.5 2.5 2 1 3 2 2
5908.3 1255.6 -7.7 290 0 13.8 22.2 10.0 2.5 2 1 4 5 5
5859.0 1136.9 -6.5 97 0 9.5 11.0 7.5 2.5 4 1 3 3 3
5868.9 1274.3 -7.5 293 0 6.7 11.4 2.5 2.5 2 1 1 2 2
5850.7 1281.4 -8.0 294 0 8.5 11.0 7.5 2.5 4 1 3 2 2
5706.9 1349.4 -10.0 280 0 13.4 9.8 5.0 2.5 4 0 2 3 3
5695.9 1131.0 -10.5 197 0 10.1 8.0 7.5 2.5 2 0 3 2 2
5794.9 1129.5 -7.0 308 0 17.4 12.0 2.5 2.5 2 0 1 1 1
5845.6 1092.2 -5.4 113 0 9.2 14.2 5.0 2.5 2 1 2 1 1
5910.2 1082.8 -5.2 305 0 9.3 6.2 7.5 2.5 2 0 3 2 2
5923.1 1070.0 -5.5 281 0 14.1 8.5 10.0 2.5 2 0 4 0 0
5934.9 940.4 -8.7 128 0 17.8 8.6 7.5 2.5 2 0 3 0 0
6032.1 1193.4 -4.9 270 0 10.6 12.4 10.0 2.5 2 1 4 1 1
6088.3 1157.6 -3.8 12 0 9.7 12.9 7.5 2.5 2 1 3 4 4
6062.5 1123.8 -3.6 21 0 17.6 7.5 10.0 2.5 2 0 4 2 2
5992.9 1058.7 -5.1 259 0 10.8 8.2 7.5 2.5 2 0 3 4 4
6034.1 941.5 -7.4 88 0 8.8 12.4 2.5 2.5 2 1 1 5 5
6069.7 942.0 -6.7 85 0 13.5 10.7 7.5 2.5 2 0 3 5 5
6106.8 963.3 -5.9 341 0 6.9 7.4 7.5 2.5 2 1 3 4 4
6074.5 1031.3 -4.8 337 0 8.4 11.2 7.5 2.5 2 1 3 2 2
6094.4 986.2 -5.5 340 0 13.5 9.4 7.5 0.0 0 0 3 4 4
5416.5 1590.7 -10.9 98 0 6.5 6.6 2.5 2.5 4 1 1 4 4
5504.7 1592.7 -7.9 125 0 9.4 7.6 7.5 2.5 2 0 3 1 1
5518.9 1683.2 -9.5 233 0 10.3 9.5 5.0 2.5 2 0 2 3 3
5642.5 1558.9 -8.1 133 0 7.9 11.7 7.5 2.5 2 1 3 4 4
5653.7 1654.1 -10.0 72 0 9.9 11.8 5.0 2.5 4 1 2 5 5
5622.2 1689.6 -9.9 247 0 7.7 11.5 7.5 2.5 2 1 3 0 0
5537.4 1778.2 -11.9 222 0 15.9 18.0 7.5 0.0 0 1 3 1 1
5707.2 1381.1 -9.6 89 0 9.5 10.8 5.0 2.5 2 1 2 0 0
5674.6 1459.8 -8.3 199 0 14.9 8.1 10.0 2.5 2 0 4 0 0
5854.8 1441.8 -6.6 304 0 11.8 8.9 5.0 2.5 2 0 2 5 5
5866.8 1331.8 -8.0 294 0 11.9 13.2 7.5 2.5 2 1 3 4 4
5965.8 1399.6 -5.4 220 0 6.9 12.2 2.5 2.5 2 1 1 5 5
6017.3 1349.1 -5.3 126 0 13.4 9.9 7.5 2.5 2 0 3 3 3
6044.5 1360.9 -5.2 292 0 7.0 14.1 7.5 2.5 4 1 3 2 2
6081.9 1348.0 -5.4 299 0 24.5 15.9 12.5 2.5 2 0 5 1 1
6086.4 1303.5 -6.0 123 0 10.5 11.5 7.5 2.5 2 1 3 5 5
6112.5 1336.8 -5.6 296 0 12.8 20.9 10.0 2.5 2 1 4 2 2
6126.8 1319.1 -5.8 295 0 9.7 18.3 2.5 2.5 2 1 1 4 4
6162.9 1295.0 -5.9 28 0 16.4 10.0 7.5 2.5 2 0 3 2 2
6027.2 1228.9 -5.5 107 0 10.2 8.0 10.0 2.5 2 0 4 3 3
6047.1 1219.8 -5.1 139 0 8.2 10.9 7.5 2.5 2 1 3 1 1
6075.7 1197.6 -4.4 124 0 9.8 11.5 7.5 2.5 2 1 3 3 3
5744.0 -5641.4 -11.2 227 0 9.6 9.3 7.5 2.5 2 0 3 0 0
5728.8 -5678.2 -10.9 225 0 10.8 10.4 5.0 2.5 2 0 2 5 5
6774.3 -3984.1 5.0 127 0 19.4 19.4 12.5 2.5 2 0 5 2 2
6795.8 -3922.6 5.8 211 0 11.1 18.2 5.0 2.5 2 1 2 4 4
6866.5 -3983.6 3.4 7 0 17.5 34.9 12.5 0.0 0 1 5 4 4
6537.5 -4583.1 -2.1 119 0 7.6 20.6 5.0 2.5 2 1 2 0 0
6490.0 -4535.5 -3.3 275 0 21.6 11.9 7.5 2.5 2 0 3 2 2
6574.5 -4523.4 -3.9 260 0 20.3 7.2 5.0 2.5 2 0 2 1 1
6606.7 -4537.4 -3.7 348 0 19.8 16.9 7.5 2.5 4 0 3 3 3
6617.7 -4621.6 -3.1 0 0 9.8 12.3 5.0 2.5 2 1 2 0 0
6611.1 -4639.3 -2.7 352 0 6.2 9.8 7.5 2.5 2 1 3 1 1
6621.5 -4661.4 -2.8 0 0 11.2 14.7 5.0 0.0 0 1 2 4 4
6889.1 -3179.8 3.2 3 0 7.8 17.6 5.0 2.5 2 1 2 1 1
6234.4 -3403.9 6.3 358 0 9.4 9.7 7.5 2.5 2 1 3 5 5
6263.7 -3479.2 10.0 86 0 13.6 10.4 5.0 2.5 2 0 2 2 2
6184.8 -3569.4 8.6 2 0 11.6 6.8 7.5 2.5 2 0 3 0 0
-4405.8 402.8 -7.3 35 0 9.2 8.7 7.5 2.5 2 0 3 3 3
-4410.8 390.0 -6.8 35 0 6.1 13.7 7.5 2.5 2 1 3 1 1
-4423.0 372.8 -5.8 28 0 10.9 15.0 5.0 2.5 2 1 2 5 5
-4392.1 378.4 -6.1 209 0 8.3 10.4 5.0 2.5 2 1 2 1 1
-4370.2 339.0 -6.3 110 0 13.5 8.6 2.5 0.0 0 0 1 1 1
-4342.9 367.9 -6.3 301 0 11.4 20.4 5.0 2.5 4 1 2 1 1
-4282.5 312.8 -7.2 105 0 7.9 16.7 5.0 2.5 2 1 2 3 3
-4213.9 353.8 -7.9 281 0 10.5 12.0 10.0 0.0 0 1 4 5 5
-4118.6 345.5 -9.7 298 0 12.9 16.4 7.5 2.5 2 1 3 1 1
-3993.0 133.7 -10.9 227 0 8.8 7.0 10.0 0.0 0 0 4 1 1
-3913.7 117.7 -10.6 234 0 6.7 6.6 7.5 2.5 2 0 3 0 0
-3898.7 138.4 -11.1 218 0 12.6 8.0 10.0 2.5 2 0 4 2 2
-3833.7 131.9 -12.5 13 0 8.1 7.6 7.5 2.5 2 0 3 1 1
-3912.8 31.5 -8.4 61 0 8.9 9.8 10.0 2.5 2 1 4 0 0
-3923.3 -2.7 -7.3 83 0 8.1 12.8 7.5 2.5 2 1 3 4 4
-3857.4 -2.1 -7.6 226 0 9.4 9.7 7.5 2.5 2 1 3 3 3
-3791.1 29.3 -9.6 304 0 8.9 16.3 7.5 2.5 2 1 3 3 3
-3814.3 -2.6 -8.5 213 0 11.5 8.1 2.5 2.5 2 0 1 3 3
-3802.0 -52.7 -9.6 76 0 8.2 10.6 5.0 2.5 2 1 2 4 4
-3858.0 -217.4 -10.5 309 0 10.1 12.6 10.0 2.5 2 1 4 4 4
-3812.1 -254.6 -10.5 301 0 11.5 8.6 5.0 2.5 4 0 2 4 4
-4504.0 -37.4 -13.3 144 0 14.9 8.0 7.5 2.5 2 0 3 1 1
-4477.1 1.7 -12.5 227 0 10.8 10.9 5.0 2.5 2 1 2 3 3
-4444.6 10.0 -13.3 223 0 9.6 12.1 7.5 0.0 0 1 3 1 1
-4574.6 26.0 -11.1 221 0 14.9 15.7 5.0 0.0 0 1 2 4 4
-4590.6 -3.4 -11.5 222 0 9.0 8.8 7.5 2.5 2 0 3 4 4
-4628.6 -58.0 -12.5 210 0 9.4 11.9 2.5 2.5 4 1 1 3 3
-4631.6 -79.5 -13.1 204 0 12.4 14.2 7.5 2.5 2 1 3 5 5
-4646.4 -91.4 -13.1 206 0 9.7 12.1 7.5 2.5 2 1 3 4 4
-4533.4 94.4 -10.6 237 0 13.8 11.0 2.5 2.5 2 0 1 3 3
-4460.4 91.9 -11.0 119 0 7.8 8.0 7.5 2.5 2 1 3 5 5
-4516.4 122.3 -10.5 211 0 13.4 13.7 5.0 2.5 2 1 2 2 2
-4423.1 138.1 -11.2 52 0 18.9 13.5 7.5 2.5 2 0 3 5 5
-4420.4 256.5 -8.2 274 0 14.4 14.4 2.5 0.0 0 0 1 2 2
-4364.8 263.1 -8.6 272 0 9.7 31.4 10.0 2.5 2 1 4 2 2
-4347.6 259.4 -8.4 274 0 8.5 24.9 7.5 2.5 2 1 3 3 3
-4325.8 241.5 -8.5 11 0 30.3 11.1 7.5 2.5 2 0 3 2 2
-4282.6 160.6 -10.4 270 0 12.6 19.5 2.5 2.5 2 1 1 2 2
-4154.8 142.0 -9.7 86 0 9.7 7.2 7.5 2.5 2 0 3 1 1
-4170.9 223.4 -9.1 233 0 12.6 9.3 7.5 0.0 0 0 3 2 2
-4163.8 256.9 -8.6 228 0 15.0 9.4 5.0 2.5 2 0 2 4 4
-4114.9 229.3 -10.0 247 0 10.3 7.8 10.0 2.5 2 0 4 2 2
-4058.6 136.4 -10.9 231 0 8.8 11.7 5.0 2.5 2 1 2 0 0
-4071.1 -41.3 -10.1 330 0 7.1 9.3 5.0 2.5 4 1 2 5 5
-3990.4 37.2 -8.1 249 0 12.9 7.5 7.5 2.5 2 0 3 1 1
-3972.0 -15.3 -7.5 62 0 8.7 8.3 7.5 0.0 0 0 3 2 2
-3947.2 -175.6 -10.7 2 0 8.4 10.9 7.5 2.5 2 1 3 5 5
-3959.2 -105.4 -10.0 334 0 8.9 12.8 7.5 2.5 4 1 3 1 1
-4019.7 -200.6 -11.5 146 0 14.5 9.0 7.5 2.5 2 0 3 4 4
-3983.4 -191.0 -10.6 43 0 9.6 11.9 2.5 2.5 2 1 1 4 4
-3945.0 -154.6 -10.6 348 0 12.1 8.7 7.5 2.5 2 0 3 1 1
-3897.3 -256.7 -10.1 135 0 12.5 19.8 2.5 2.5 2 1 1 0 0
-3842.8 -293.3 -9.2 126 0 9.1 8.7 5.0 0.0 0 0 2 4 4
-3874.7 -377.4 -13.0 228 0 7.9 11.1 5.0 2.5 2 1 2 5 5
-4737.0 1184.7 -7.5 258 0 13.8 11.5 7.5 2.5 2 0 3 3 3
-4562.8 1455.6 -9.3 182 0 12.6 8.2 5.0 0.0 0 0 2 4 4
-4704.2 1193.9 -6.8 247 0 10.9 8.7 2.5 2.5 2 0 1 2 2
-4665.1 1208.7 -5.9 235 0 9.4 9.9 5.0 0.0 0 1 2 0 0
-4641.7 1168.3 -5.3 47 0 8.1 11.0 10.0 2.5 4 1 4 4 4
-4633.3 1240.4 -5.2 243 0 11.1 6.8 10.0 2.5 2 0 4 1 1
-4621.0 1240.8 -4.9 238 0 9.5 6.8 2.5 2.5 4 0 1 5 5
-4596.2 1268.7 -4.6 232 0 6.9 7.5 7.5 2.5 4 1 3 2 2
-4541.0 1318.8 -4.9 245 0 7.5 7.1 10.0 2.5 2 0 4 5 5
-4570.7 1316.2 -4.9 230 0 8.3 11.8 7.5 2.5 2 1 3 5 5
-4574.7 1218.2 -4.5 48 0 10.9 10.9 2.5 2.5 2 0 1 5 5
-4586.5 1209.3 -4.5 56 0 9.3 11.7 10.0 2.5 2 1 4 4 4
-4610.1 1177.5 -4.8 48 0 8.0 10.0 7.5 2.5 4 1 3 1 1
-4540.3 1264.6 -4.5 42 0 7.8 9.2 5.0 2.5 2 1 2 3 3
-4550.6 1256.9 -4.5 50 0 9.4 11.9 7.5 2.5 2 1 3 2 2
-4541.1 1240.2 -4.4 54 0 8.3 10.2 7.5 2.5 2 1 3 4 4
-4554.6 1219.4 -4.4 58 0 12.3 12.3 7.5 2.5 2 1 3 0 0
-4500.2 1209.8 -3.6 174 0 8.7 13.1 10.0 2.5 2 1 4 3 3
-4498.9 1184.6 -4.3 174 0 11.2 14.3 2.5 0.0 0 1 1 4 4
-4502.7 1169.8 -4.8 172 0 9.2 8.6 7.5 2.5 2 0 3 3 3
-4501.3 1147.4 -5.8 178 0 8.5 12.9 7.5 2.5 2 1 3 3 3
-4485.7 1126.7 -6.7 5 0 8.0 13.0 10.0 2.5 2 1 4 4 4
-4418.6 1188.0 -5.0 90 0 7.0 9.3 7.5 2.5 2 1 3 3 3
-4430.6 1165.0 -5.5 92 0 11.6 8.8 10.0 2.5 2 0 4 0 0
-4362.8 1128.0 -7.3 87 0 10.0 12.4 5.0 2.5 2 1 2 1 1
-4358.4 1160.5 -6.5 85 0 9.7 9.5 10.0 2.5 2 0 4 0 0
-4330.8 1134.6 -7.4 87 0 7.9 7.3 5.0 2.5 2 0 2 4 4
-4294.0 1164.8 -6.0 83 0 10.2 7.4 5.0 2.5 2 0 2 3 3
-4273.7 1284.5 -3.0 352 0 32.8 11.1 10.0 2.5 4 0 4 4 4
-4258.5 1287.4 -2.8 350 0 23.1 8.9 5.0 0.0 0 0 2 5 5
-4243.7 1288.5 -2.7 354 0 30.3 8.5 10.0 0.0 0 0 4 0 0
-4432.4 1504.6 -6.2 267 0 9.7 11.4 2.5 0.0 0 1 1 2 2
-4503.5 1468.7 -8.3 259 0 8.1 10.8 2.5 2.5 2 1 1 3 3
-4491.9 1463.3 -7.8 254 0 7.6 10.3 7.5 2.5 2 1 3 5 5
-4457.1 1460.2 -7.0 269 0 10.0 11.1 7.5 2.5 2 1 3 1 1
-4499.6 1338.4 -5.1 263 0 9.8 8.8 10.0 2.5 4 0 4 0 0
-4470.9 1309.2 -4.6 273 0 6.8 8.0 7.5 2.5 2 1 3 5 5
-4452.1 1312.5 -4.5 270 0 9.7 10.7 7.5 2.5 2 1 3 2 2
-4432.5 1304.1 -4.2 252 0 8.6 11.5 2.5 2.5 2 1 1 0 0
-4458.4 1344.8 -5.0 270 0 21.2 10.9 7.5 2.5 2 0 3 5 5
-4432.3 1473.3 -6.7 280 0 8.1 7.6 7.5 2.5 2 0 3 2 2
-4414.0 1392.5 -5.4 175 0 10.9 6.5 7.5 2.5 4 0 3 4 4
-4431.5 1364.6 -5.1 258 0 8.4 13.1 5.0 2.5 2 1 2 2 2
-4413.9 1369.0 -5.1 187 0 12.5 9.5 5.0 2.5 2 0 2 5 5
-4408.8 1342.1 -4.6 270 0 9.4 10.1 7.5 2.5 2 1 3 0 0
-4381.7 1339.5 -4.5 176 0 6.6 15.6 7.5 2.5 2 1 3 5 5
-4195.3 1826.1 -3.9 10 0 8.7 11.4 2.5 2.5 2 1 1 4 4
-4190.6 1742.8 -3.3 199 0 12.5 13.7 5.0 2.5 2 1 2 3 3
-4215.4 1764.7 -4.2 24 0 6.4 8.0 7.5 2.5 2 1 3 3 3
-4224.8 1729.8 -4.2 17 0 6.7 7.1 7.5 2.5 2 1 3 5 5
-4240.4 1695.6 -5.0 24 0 7.3 14.9 7.5 2.5 4 1 3 1 1
-4255.0 1662.6 -5.2 10 0 11.2 9.9 5.0 2.5 2 0 2 3 3
-4217.6 1653.0 -4.3 175 0 14.4 13.0 5.0 2.5 4 0 2 1 1
-4193.3 1629.1 -3.4 159 0 10.9 6.6 2.5 2.5 2 0 1 5 5
-4163.9 1651.1 -2.1 343 0 8.6 12.9 5.0 2.5 2 1 2 3 3
-4205.8 1600.4 -4.7 161 0 9.1 16.2 2.5 2.5 2 1 1 2 2
-4112.3 1499.7 -3.8 227 0 6.8 12.9 7.5 2.5 2 1 3 4 4
-4125.2 1498.9 -3.9 248 0 6.7 18.4 5.0 2.5 4 1 2 5 5
-4129.8 1543.5 -3.5 206 0 15.3 13.2 5.0 2.5 2 0 2 5 5
-4095.7 1513.8 -3.5 215 0 10.0 11.2 7.5 2.5 2 1 3 2 2
-4089.9 1526.9 -3.4 207 0 8.6 10.9 5.0 2.5 2 1 2 2 2
-4071.0 1571.2 -3.0 205 0 16.3 15.7 15.0 0.0 0 0 6 1 1
-4053.0 1596.8 -2.6 206 0 6.9 7.9 10.0 0.0 0 1 4 4 4
-4092.8 1646.9 -1.8 106 0 15.6 9.1 2.5 2.5 2 0 1 4 4
-4046.9 1631.3 -2.2 204 0 8.4 11.3 2.5 2.5 2 1 1 3 3
-4035.0 1639.3 -1.8 120 0 11.9 6.2 7.5 2.5 2 0 3 1 1
-4025.5 1675.1 -1.4 206 0 8.0 12.8 2.5 2.5 2 1 1 4 4
-4019.9 1687.8 -1.1 198 0 9.3 16.7 5.0 0.0 0 1 2 5 5
-3994.7 1730.1 0.2 214 0 11.4 13.1 5.0 2.5 2 1 2 4 4
-3942.7 1692.2 0.7 304 0 10.0 7.6 10.0 0.0 0 0 4 2 2
-3953.8 1685.7 0.3 300 0 14.6 6.6 7.5 2.5 2 0 3 0 0
-3957.6 1663.6 0.2 20 0 8.1 13.5 7.5 2.5 2 1 3 4 4
-3968.6 1638.3 -0.0 27 0 6.9 12.9 5.0 2.5 2 1 2 0 0
-3967.3 1604.9 0.2 30 0 11.4 9.2 7.5 2.5 2 0 3 5 5
-3983.1 1596.7 -0.2 23 0 10.2 7.4 7.5 2.5 2 0 3 2 2
-4000.1 1580.9 -0.9 33 0 7.8 10.9 5.0 2.5 2 1 2 4 4
-3985.2 1568.6 -0.6 24 0 14.1 13.6 5.0 0.0 0 0 2 0 0
-4005.2 1543.4 -1.3 27 0 6.4 10.9 5.0 2.5 2 1 2 0 0
-4013.8 1561.6 -1.6 14 0 8.6 9.4 10.0 2.5 2 1 4 4 4
-4019.7 1537.3 -2.1 30 0 8.8 15.9 7.5 2.5 2 1 3 0 0
-4026.5 1524.2 -2.4 26 0 7.0 15.1 2.5 0.0 0 1 1 4 4
-4041.0 1501.3 -3.0 24 0 7.3 11.6 7.5 2.5 2 1 3 3 3
-4047.8 1492.5 -3.2 17 0 9.5 14.8 5.0 2.5 2 1 2 5 5
-4317.3 1620.6 -4.6 356 0 12.9 8.2 10.0 2.5 2 0 4 1 1
-4367.0 1585.1 -4.7 177 0 8.6 10.6 5.0 2.5 2 1 2 5 5
-4375.1 1532.2 -5.3 170 0 11.8 17.0 5.0 2.5 2 1 2 1 1
-4259.3 1586.9 -4.9 356 0 8.1 11.5 7.5 2.5 2 1 3 1 1
-4256.3 1570.4 -4.7 0 0 7.1 10.3 5.0 0.0 0 1 2 4 4
-4251.1 1559.6 -4.7 359 0 8.5 15.3 2.5 2.5 2 1 1 1 1
-4285.4 1503.4 -5.0 350 0 6.9 8.1 5.0 0.0 0 1 2 1 1
-4261.2 1501.9 -4.9 354 0 8.0 13.6 7.5 2.5 2 1 3 0 0
-4232.7 1354.0 -3.8 24 0 18.1 19.6 15.0 0.0 0 1 6 5 5
-4205.8 1397.6 -3.8 172 0 16.6 10.7 5.0 2.5 2 0 2 3 3
-4198.0 1357.7 -2.4 166 0 20.5 9.7 2.5 2.5 2 0 1 5 5
-4168.1 1380.8 -2.0 248 0 6.3 13.9 7.5 2.5 4 1 3 0 0
-4085.9 1355.5 -1.8 174 0 10.4 8.9 7.5 2.5 2 0 3 2 2
-4135.6 1439.6 -3.4 159 0 11.7 11.6 5.0 2.5 2 0 2 0 0
-4132.4 1414.4 -2.5 174 0 13.3 8.6 7.5 2.5 2 0 3 0 0
-4143.7 1367.0 -1.4 266 0 9.4 22.6 5.0 2.5 4 1 2 3 3
-4179.2 1254.1 -2.2 168 0 20.8 9.9 10.0 2.5 2 0 4 4 4
-4112.3 1322.7 -1.4 182 0 7.9 10.9 10.0 0.0 0 1 4 5 5
-4029.6 1306.6 -2.1 7 0 9.0 12.4 7.5 2.5 2 1 3 5 5
-4103.1 1239.8 -1.9 6 0 11.3 12.9 5.0 2.5 2 1 2 3 3
-4090.6 1199.0 -3.3 78 0 7.1 9.7 10.0 2.5 4 1 4 3 3
-4107.2 1173.8 -3.9 101 0 12.1 7.7 7.5 2.5 4 0 3 3 3
-4151.9 1246.5 -2.0 188 0 8.6 13.5 7.5 0.0 0 1 3 5 5
-4194.2 1197.6 -3.2 183 0 6.4 12.1 7.5 2.5 2 1 3 3 3
-4067.2 1417.4 -2.6 276 0 12.1 9.8 10.0 2.5 2 0 4 1 1
-3998.8 1406.1 -3.7 1 0 6.9 8.2 7.5 0.0 0 1 3 2 2
-3990.1 1269.7 -4.0 3 0 9.2 11.3 5.0 2.5 2 1 2 1 1
-4020.7 1241.4 -3.2 5 0 15.1 10.0 10.0 2.5 2 0 4 0 0
-4032.9 1206.7 -4.2 182 0 6.1 7.6 5.0 2.5 2 1 2 2 2
-3995.5 1213.1 -4.3 343 0 6.6 10.1 5.0 2.5 2 1 2 2 2
-3990.4 1133.0 -4.4 353 0 8.4 10.4 7.5 2.5 2 1 3 1 1
-4032.7 1164.6 -4.4 182 0 8.1 10.6 7.5 2.5 2 1 3 5 5
-4094.0 1093.1 -6.2 194 0 6.1 10.6 5.0 2.5 2 1 2 3 3
-4073.8 1093.6 -6.4 264 0 13.3 8.4 5.0 2.5 2 0 2 2 2
-4007.1 997.7 -9.3 330 0 7.9 7.5 5.0 2.5 2 0 2 3 3
-4176.2 1125.8 -5.2 177 0 12.8 15.0 7.5 2.5 2 1 3 0 0
-4189.1 1097.1 -5.9 180 0 8.6 8.5 10.0 2.5 2 0 4 1 1
-4182.8 1053.7 -5.8 174 0 8.9 11.2 10.0 2.5 4 1 4 2 2
-4183.6 1022.8 -5.8 166 0 8.2 12.4 5.0 2.5 2 1 2 3 3
-4213.4 1152.6 -5.3 357 0 17.6 19.6 7.5 2.5 2 1 3 1 1
-4209.9 1106.0 -6.5 355 0 9.4 13.7 2.5 0.0 0 1 1 1 1
-4208.5 1058.1 -6.4 350 0 9.3 11.9 7.5 2.5 2 1 3 2 2
-4213.9 1008.1 -5.8 4 0 8.1 6.6 7.5 2.5 2 0 3 5 5
-4205.4 1026.1 -6.1 4 0 8.0 10.3 10.0 0.0 0 1 4 5 5
-4240.7 991.3 -5.7 174 0 9.9 8.7 7.5 2.5 4 0 3 0 0
-4216.3 994.7 -5.6 357 0 9.4 11.8 5.0 2.5 4 1 2 2 2
-4210.5 958.4 -5.1 0 0 17.5 22.9 7.5 2.5 2 1 3 3 3
-4184.9 938.6 -5.5 185 0 6.9 12.7 5.0 0.0 0 1 2 0 0
-4183.3 891.4 -6.1 187 0 8.3 15.1 5.0 2.5 2 1 2 4 4
-4216.6 841.3 -6.5 8 0 9.3 18.4 2.5 2.5 4 1 1 2 2
-4189.5 844.9 -6.4 188 0 9.4 12.2 5.0 2.5 2 1 2 0 0
-4226.2 780.9 -8.2 8 0 6.8 10.1 7.5 2.5 2 1 3 4 4
-4219.6 710.3 -7.9 205 0 7.1 12.4 7.5 2.5 2 1 3 0 0
-4494.9 2205.1 -3.9 268 0 10.3 7.0 7.5 2.5 2 0 3 4 4
-5221.5 2147.0 -9.7 319 0 8.6 7.0 10.0 2.5 2 0 4 0 0
-5180.7 2109.8 -8.5 319 0 10.9 6.8 7.5 2.5 2 0 3 5 5
-5149.5 2177.0 -6.5 26 0 8.6 8.5 2.5 2.5 2 0 1 2 2
-5393.2 1869.4 -6.6 102 0 10.8 12.1 10.0 2.5 2 1 4 0 0
-5534.7 1766.4 -9.9 203 0 8.3 6.1 7.5 0.0 0 0 3 1 1
-5466.7 1804.8 -5.2 30 0 6.6 7.5 7.5 2.5 2 1 3 0 0
-5378.8 1777.6 -6.4 81 0 9.4 29.3 10.0 2.5 2 1 4 4 4
-5404.8 1839.3 -6.0 264 0 11.5 21.1 5.0 2.5 2 1 2 0 0
-5398.7 1772.1 -5.9 84 0 10.8 32.7 12.5 2.5 2 1 5 0 0
-5994.2 1745.3 -10.1 62 0 14.1 9.4 2.5 2.5 2 0 1 2 2
-5995.2 1700.3 -10.5 253 0 14.7 14.2 7.5 0.0 0 0 3 3 3
-5863.8 1761.8 -8.3 260 0 10.8 6.9 2.5 2.5 2 0 1 2 2
-5871.3 1797.2 -8.0 76 0 11.3 9.8 5.0 2.5 2 0 2 0 0
-5928.2 1898.7 -9.8 213 0 7.2 10.2 7.5 0.0 0 1 3 4 4
-5805.4 1994.6 -11.7 83 0 11.2 7.1 10.0 2.5 2 0 4 4 4
-5765.4 1850.3 -6.9 68 0 11.5 8.0 2.5 2.5 2 0 1 2 2
-5660.7 1888.3 -8.0 65 0 6.7 12.0 5.0 2.5 4 1 2 0 0
-5642.6 2059.9 -9.6 4 0 9.0 9.1 5.0 2.5 2 1 2 1 1
-5623.5 2038.1 -7.4 177 0 11.0 6.1 5.0 2.5 2 0 2 1 1
-5650.1 1995.1 -9.6 357 0 13.0 13.7 10.0 2.5 2 1 4 5 5
-5625.3 1983.1 -7.7 180 0 13.3 9.1 7.5 2.5 2 0 3 4 4
-5588.6 1886.6 -8.2 257 0 18.7 12.1 2.5 2.5 2 0 1 3 3
-5502.6 1909.2 -5.4 78 0 12.3 9.8 2.5 2.5 2 0 1 1 1
-5475.0 1892.3 -5.3 113 0 22.8 13.2 7.5 2.5 2 0 3 4 4
-5507.1 2007.9 -7.0 4 0 10.8 7.7 7.5 2.5 2 0 3 1 1
-5454.9 2057.4 -8.5 91 0 15.9 6.3 5.0 2.5 2 0 2 2 2
-5371.0 2043.3 -10.2 94 0 8.5 7.1 5.0 2.5 2 0 2 0 0
-5338.2 2010.7 -10.9 283 0 8.1 6.6 7.5 2.5 2 0 3 5 5
-5358.6 1384.5 -7.9 22 0 12.2 6.3 2.5 2.5 2 0 1 1 1
-5394.5 1363.5 -7.8 204 0 11.3 15.1 2.5 2.5 2 1 1 4 4
-5611.6 1405.6 -9.1 120 0 9.9 11.0 5.0 2.5 4 1 2 2 2
-5558.7 1429.5 -6.2 221 0 10.5 16.7 7.5 0.0 0 1 3 4 4
-5514.3 1464.8 -4.7 318 0 17.8 8.2 10.0 2.5 2 0 4 1 1
-5419.8 1482.4 -5.7 51 0 8.6 13.6 10.0 2.5 2 1 4 3 3
-5355.5 1647.4 -6.2 306 0 8.4 7.9 10.0 2.5 2 0 4 5 5
-5388.6 1651.6 -5.9 286 0 7.6 6.5 10.0 2.5 2 0 4 1 1
-5420.9 1625.4 -6.0 266 0 8.1 13.0 7.5 2.5 2 1 3 4 4
-5409.5 1596.9 -6.3 216 0 7.7 8.0 7.5 2.5 2 1 3 1 1
-5392.8 1536.0 -6.1 55 0 8.7 9.3 7.5 2.5 2 1 3 3 3
-5353.0 1575.6 -6.2 77 0 11.9 10.9 7.5 2.5 2 0 3 0 0
-5201.7 1766.9 -4.4 0 0 17.4 10.6 5.0 2.5 4 0 2 4 4
-5224.1 1738.4 -4.6 87 0 21.5 10.4 5.0 0.0 0 0 2 0 0
-5170.5 1798.0 -4.0 350 0 7.2 18.8 7.5 2.5 4 1 3 4 4
-5158.6 1828.9 -3.6 258 0 8.9 8.8 7.5 2.5 2 0 3 0 0
-5140.3 1862.2 -3.8 64 0 16.9 25.6 7.5 2.5 2 1 3 2 2
-5111.7 1874.7 -3.6 50 0 6.2 7.3 5.0 2.5 2 1 2 2 2
-5095.1 1852.1 -3.3 247 0 6.9 13.1 2.5 2.5 2 1 1 0 0
-5043.0 2112.1 -4.7 247 0 11.5 8.3 7.5 2.5 4 0 3 2 2
-4983.7 1956.8 -3.8 239 0 9.6 6.9 10.0 2.5 2 0 4 5 5
-4950.6 1971.2 -4.3 193 0 6.8 8.8 7.5 0.0 0 1 3 1 1
-4741.3 2178.8 -3.3 235 0 11.6 11.5 7.5 0.0 0 0 3 4 4
-4650.8 2206.5 -2.6 268 0 13.6 8.0 2.5 2.5 2 0 1 4 4
-4959.4 -453.9 -11.6 327 0 8.8 7.9 10.0 2.5 2 0 4 1 1
-4925.0 -525.8 -11.3 331 0 12.8 17.6 7.5 2.5 2 1 3 0 0
-4771.1 -521.9 -10.7 65 0 8.8 7.8 10.0 2.5 2 0 4 3 3
-4934.1 -384.4 -11.3 249 0 8.6 9.2 7.5 2.5 2 1 3 1 1
-4935.1 -436.9 -11.3 146 0 11.1 15.2 7.5 2.5 2 1 3 4 4
-4892.3 -449.5 -10.9 331 0 6.1 10.2 5.0 2.5 2 1 2 1 1
-4910.8 -486.7 -11.0 153 0 7.9 8.0 2.5 2.5 2 1 1 4 4
-4891.5 -513.5 -10.8 162 0 13.4 9.7 7.5 2.5 2 0 3 2 2
-4657.4 40.2 -9.2 27 0 9.8 7.0 10.0 2.5 2 0 4 3 3
-4384.1 601.3 -8.3 219 0 11.4 8.0 7.5 2.5 2 0 3 5 5
-4374.7 558.6 -8.7 11 0 8.8 13.2 2.5 2.5 2 1 1 4 4
-4424.7 496.9 -9.1 199 0 7.5 12.7 2.5 2.5 2 1 1 3 3
-4445.3 326.0 -5.2 30 0 10.3 12.3 2.5 2.5 2 1 1 3 3
-6176.3 3263.7 -17.3 250 0 41.6 58.3 12.5 0.0 0 1 5 0 0
-6126.5 3152.3 -17.3 73 0 59.8 37.6 7.5 0.0 0 0 3 5 5
-5782.0 3973.3 -11.2 184 0 38.4 25.9 10.0 0.0 0 0 4 4 4
-5029.5 3857.1 -9.0 106 0 8.6 15.3 7.5 2.5 2 1 3 0 0
-5279.3 3959.8 -9.5 322 0 19.2 7.5 5.0 2.5 2 0 2 2 2
-5150.1 3981.2 -7.9 244 0 14.5 9.5 7.5 2.5 2 0 3 1 1
-5090.4 3971.6 -8.3 318 0 20.4 9.6 2.5 2.5 2 0 1 2 2
-5065.4 3932.8 -8.4 45 0 13.3 14.2 7.5 2.5 2 1 3 1 1
-5215.8 3793.9 -11.4 329 0 21.0 13.7 10.0 2.5 2 0 4 1 1
-5138.8 3708.6 -9.6 0 0 16.6 12.9 7.5 2.5 2 0 3 3 3
