-528.9 -2307.0 -12.8 6 0 7.0 19.0 10.0 2.5 2 0 4 4 4
-2408.6 -4277.9 -16.6 176 0 19.8 7.5 2.5 2.5 2 0 1 2 2
-2360.3 -4251.0 -15.6 340 0 7.1 10.6 7.5 2.5 2 0 3 5 5
-2356.9 -4281.9 -15.7 355 0 7.9 13.8 7.5 2.5 2 0 3 0 0
-2370.3 -4219.9 -15.8 359 0 14.3 12.7 5.0 2.5 2 0 2 5 5
-582.5 1166.5 0.5 313 0 6.8 8.2 7.5 2.5 2 0 3 2 2
-618.0 1069.4 4.2 340 0 7.5 8.2 7.5 2.5 2 0 3 4 4
-636.3 1109.1 5.2 229 0 6.8 9.1 7.5 2.5 2 0 3 2 2
-571.5 1027.0 1.5 26 0 6.8 8.4 5.0 2.5 2 0 2 5 5
-504.4 1054.5 -1.5 37 0 6.7 8.0 5.0 2.5 2 0 2 3 3
-515.0 1068.8 -1.2 309 0 15.8 9.0 7.5 2.5 2 0 3 2 2
-518.9 1091.2 -0.7 304 0 6.4 12.2 7.5 2.5 2 0 3 3 3
-803.2 967.9 11.0 207 0 6.1 7.6 5.0 2.5 2 0 2 5 5
-823.5 1176.2 14.3 131 0 7.9 6.5 7.5 2.5 2 0 3 2 2
-697.3 1273.3 3.9 314 0 8.7 11.6 7.5 2.5 2 1 3 4 4
-805.5 1297.0 8.0 133 0 9.1 12.6 7.5 2.5 2 1 3 1 1
-815.8 1234.5 11.9 195 0 8.3 7.4 7.5 2.5 2 0 3 1 1
-703.0 1219.6 4.9 85 0 11.9 10.0 7.5 2.5 4 0 3 3 3
-775.5 1284.5 7.4 203 0 9.2 11.4 10.0 2.5 2 1 4 5 5
-824.8 1437.4 2.8 266 0 9.5 15.4 7.5 0.0 0 1 3 3 3
-845.1 1506.0 2.7 243 0 7.3 9.0 7.5 2.5 2 1 3 5 5
-868.9 1398.8 6.0 226 0 6.1 6.6 7.5 2.5 2 1 3 5 5
-863.4 1326.6 8.9 164 0 9.1 8.6 5.0 2.5 2 0 2 1 1
-877.1 1375.0 7.5 236 0 6.6 9.4 5.0 2.5 2 1 2 4 4
-906.0 1478.8 6.0 52 0 7.6 7.7 10.0 2.5 2 1 4 4 4
-952.5 1622.2 3.8 51 0 8.1 10.2 10.0 2.5 2 1 4 2 2
-717.2 1327.6 4.1 319 0 9.2 6.6 5.0 2.5 2 0 2 3 3
-731.2 1355.5 3.6 322 0 9.1 6.4 7.5 2.5 2 0 3 4 4
-695.3 1313.4 2.9 320 0 6.9 8.4 7.5 2.5 2 1 3 0 0
-705.8 1353.2 2.9 336 0 12.0 6.4 5.0 2.5 2 0 2 2 2
-745.5 1416.2 1.0 29 0 8.6 9.8 5.0 2.5 2 1 2 2 2
-716.1 1394.5 1.6 345 0 7.7 14.4 7.5 2.5 2 1 3 1 1
-724.7 1404.0 1.6 349 0 9.2 6.7 10.0 2.5 2 0 4 3 3
-763.8 1215.0 9.7 31 0 6.1 7.7 5.0 2.5 2 1 2 4 4
-929.8 1295.1 14.5 203 0 6.1 9.3 7.5 2.5 2 1 3 4 4
-6288.5 -5806.6 -13.2 15 0 19.3 12.7 7.5 2.5 2 0 3 5 5
-6433.9 -5846.5 -17.7 87 0 13.1 15.6 10.0 2.5 2 1 4 2 2
-6405.6 -5799.8 -17.1 354 0 14.7 15.9 7.5 2.5 2 1 3 3 3
-6498.8 -5856.0 -17.3 73 0 18.0 14.9 7.5 2.5 2 0 3 3 3
-6465.8 -5792.7 -17.3 170 0 11.1 14.4 2.5 0.0 0 1 1 3 3
-6460.0 -5834.8 -17.6 116 0 13.5 21.8 10.0 2.5 2 1 4 5 5
