-6611.4 4097.6 -18.3 188 0 54.8 78.9 12.5 0.0 0 0 5 4 4
-5907.9 3226.5 -17.5 259 0 8.6 112.3 10.0 0.0 0 1 4 1 1
-4077.0 1690.7 2.7 87 0 14.5 11.9 5.0 2.5 2 0 2 4 4
-4092.4 1578.5 4.1 180 0 9.8 9.1 7.5 2.5 2 0 3 4 4
-4011.9 1611.9 0.8 268 0 10.0 8.0 2.5 2.5 2 0 1 0 0
-3879.6 -1313.3 0.4 1 0 118.5 208.0 14.0 0.0 0 1 4 4 4
-3414.9 -1205.2 1.3 255 0 8.1 15.6 7.5 2.5 2 0 3 0 0
-3371.1 -1259.1 2.0 347 0 16.1 8.2 7.5 2.5 2 0 3 3 3
-3399.6 -1285.1 1.9 166 0 14.3 8.1 2.5 2.5 2 0 1 5 5
-3390.8 -1319.3 3.3 166 0 15.4 6.6 7.5 2.5 2 0 3 4 4
-3382.1 -1356.2 5.3 169 0 18.4 8.3 7.5 2.5 2 0 3 4 4
-3346.7 -1373.2 5.0 75 0 8.3 17.5 7.5 2.5 2 1 3 4 4
-3362.1 -1294.9 2.3 349 0 17.6 7.6 5.0 2.5 2 0 2 2 2
-4596.8 -1643.4 -2.4 265 0 6.5 12.3 14.0 3.5 2 0 4 2 2
-4611.7 -1649.6 -2.2 237 0 9.5 17.1 14.0 3.5 2 0 4 1 1
-4565.2 -1583.9 -3.3 74 0 13.0 6.2 14.0 3.5 2 0 4 5 5
-4519.4 -1510.5 -4.8 208 0 7.9 14.6 14.0 3.5 2 0 4 5 5
-4518.0 -1574.8 -3.1 120 0 8.0 16.5 14.0 3.5 2 0 4 2 2
-4524.4 -1554.9 -3.4 211 0 6.8 10.1 14.0 3.5 2 0 4 1 1
-4485.3 -1563.8 -3.7 92 0 7.6 12.6 14.0 3.5 2 0 4 2 2
-4506.7 -1470.8 -6.4 172 0 8.1 17.3 14.0 3.5 2 0 4 3 3
-4420.6 -1553.8 -5.0 71 0 7.3 21.3 14.0 3.5 2 0 4 1 1
-4403.7 -1548.7 -5.2 70 0 25.2 8.7 14.0 3.5 2 0 4 5 5
-4451.2 -1544.1 -5.2 80 0 8.2 27.4 14.0 3.5 2 0 4 5 5
-4405.5 -1491.1 -7.0 251 0 10.6 6.7 14.0 3.5 2 0 4 2 2
-4396.6 -1503.2 -6.7 342 0 6.2 23.8 14.0 3.5 2 0 4 3 3
-4403.6 -1517.8 -6.5 71 0 26.1 6.4 14.0 3.5 2 0 4 2 2
-4421.9 -1652.7 -5.9 67 0 8.5 11.3 14.0 3.5 2 0 4 0 0
-4434.1 -1624.6 -5.4 246 0 10.0 15.4 14.0 3.5 2 0 4 0 0
-4407.4 -1632.6 -5.6 4 0 10.9 11.1 14.0 3.5 2 0 4 3 3
-4464.2 -1631.8 -4.9 242 0 11.2 8.1 14.0 3.5 2 0 4 4 4
-4685.6 -1652.6 -3.9 71 0 7.4 16.6 14.0 3.5 4 1 4 4 4
-4640.6 -1663.5 -2.9 246 0 8.7 19.2 14.0 3.5 4 1 4 0 0
-4622.8 -1655.2 -2.4 247 0 6.6 11.5 14.0 3.5 2 1 4 0 0
-4584.8 -1634.9 -2.7 258 0 6.9 9.8 14.0 3.5 2 1 4 4 4
-4597.2 -1568.8 -4.0 251 0 9.3 31.5 14.0 3.5 2 1 4 1 1
-4518.6 -1616.8 -3.9 250 0 7.1 26.4 14.0 3.5 2 1 4 4 4
-4533.5 -1587.3 -3.3 70 0 9.7 22.4 14.0 3.5 2 1 4 2 2
-4674.7 -1674.5 -4.4 249 0 9.1 16.5 14.0 3.5 2 1 4 1 1
-4590.3 -1668.6 -2.5 75 0 6.6 10.1 14.0 3.5 2 1 4 2 2
-4540.6 -1593.6 -3.2 70 0 7.9 10.6 14.0 3.5 2 1 4 0 0
-4547.8 -1596.1 -3.1 70 0 7.2 19.9 14.0 3.5 2 1 4 1 1
-3631.2 -2259.0 12.5 84 0 10.7 11.0 7.5 2.5 4 1 3 2 2
-3542.5 -2403.7 11.8 61 0 13.1 10.9 5.0 0.0 0 0 2 2 2
-3592.1 -2449.4 10.5 352 0 8.1 8.2 5.0 0.0 0 1 2 1 1
-3641.2 -2508.2 8.1 158 0 10.9 17.7 2.5 2.5 2 1 1 3 3
-3649.0 -2476.8 8.0 152 0 12.0 20.0 7.5 2.5 2 1 3 4 4
