4514.3 -6861.9 -6.3 280 0 7.6 15.7 7.5 2.5 2 0 3 2 2
5581.6 -5997.4 -2.3 81 0 11.6 8.5 7.5 2.5 2 0 3 3 3
5577.3 -5945.8 -3.5 81 0 11.3 10.5 7.5 2.5 2 0 3 5 5
5535.1 -5918.5 -3.5 166 0 7.2 9.7 5.0 2.5 2 0 2 1 1
5544.6 -5913.1 -3.7 169 0 9.8 8.6 7.5 2.5 2 0 3 5 5
5540.4 -6002.2 -2.0 75 0 11.7 8.4 2.5 2.5 2 0 1 1 1
5513.2 -5971.4 -2.2 166 0 8.5 10.8 5.0 2.5 2 0 2 5 5
5472.2 -5967.6 -2.2 340 0 9.3 12.7 7.5 2.5 2 0 3 4 4
5491.0 -5965.0 -2.2 163 0 9.3 10.2 7.5 2.5 2 0 3 4 4
5478.1 -5967.1 -2.2 159 0 11.0 10.8 5.0 2.5 2 0 2 0 0
5486.2 -5978.2 -2.1 160 0 9.8 7.5 5.0 2.5 2 0 2 1 1
5521.9 -5996.6 -2.0 354 0 8.6 9.5 7.5 2.5 2 0 3 0 0
5520.6 -6012.6 -2.0 355 0 8.5 8.4 7.5 2.5 2 0 3 4 4
5510.3 -6022.4 -2.0 353 0 7.3 10.3 5.0 2.5 2 0 2 4 4
5522.6 -6023.6 -2.0 356 0 8.2 8.9 7.5 2.5 2 0 3 2 2
5517.3 -6054.3 -2.1 345 0 6.7 12.0 7.5 2.5 2 0 3 5 5
5491.0 -6090.3 -2.8 84 0 12.0 9.7 10.0 2.5 2 0 4 5 5
5455.6 -6064.9 -2.1 167 0 8.5 10.5 7.5 2.5 2 0 3 3 3
5455.4 -6035.7 -2.1 165 0 11.3 11.3 5.0 2.5 2 0 2 3 3
5464.3 -6007.4 -2.1 255 0 7.6 14.2 5.0 2.5 2 0 2 2 2
5457.1 -5990.6 -2.2 71 0 11.6 9.2 2.5 2.5 2 0 1 3 3
5440.0 -6003.8 -2.2 71 0 8.9 6.7 5.0 2.5 2 0 2 1 1
5423.9 -6012.6 -2.2 348 0 6.9 7.4 10.0 2.5 2 0 4 4 4
5431.5 -6030.9 -2.2 350 0 8.9 11.3 7.5 2.5 2 0 3 5 5
5432.6 -6049.5 -2.1 351 0 7.0 7.6 7.5 2.5 2 0 3 4 4
5401.8 -6077.2 -2.7 84 0 13.4 8.7 2.5 2.5 2 0 1 2 2
5413.1 -6058.4 -2.3 81 0 8.9 7.5 7.5 2.5 2 0 3 0 0
5410.8 -6036.3 -2.3 347 0 8.1 6.6 2.5 2.5 2 0 1 1 1
5398.2 -6035.8 -2.4 341 0 10.5 10.7 10.0 2.5 2 0 4 2 2
5364.0 -6078.3 -3.1 71 0 9.9 9.9 7.5 2.5 2 0 3 3 3
5302.2 -6110.8 -4.4 60 0 10.8 8.8 10.0 2.5 2 0 4 2 2
5285.6 -6120.7 -4.8 62 0 9.0 12.6 5.0 2.5 2 0 2 0 0
5313.7 -6191.7 -7.1 70 0 10.4 9.1 10.0 2.5 2 0 4 4 4
5289.1 -6131.0 -5.3 247 0 7.4 9.1 7.5 2.5 2 0 3 4 4
5312.0 -6138.4 -5.5 254 0 13.0 9.0 7.5 2.5 2 0 3 4 4
5261.1 -6156.4 -6.3 246 0 10.2 12.3 7.5 2.5 2 0 3 4 4
5233.2 -6169.2 -6.0 153 0 10.3 13.1 2.5 2.5 2 0 1 4 4
5185.0 -6259.6 -6.8 328 0 12.3 7.6 2.5 2.5 2 0 1 3 3
5157.8 -6228.5 -6.0 151 0 13.9 19.0 7.5 2.5 2 0 3 2 2
5084.8 -6294.9 -5.9 334 0 10.2 11.8 7.5 2.5 2 0 3 2 2
5055.5 -6334.2 -6.4 67 0 12.5 10.5 2.5 2.5 2 0 1 3 3
4966.3 -6418.5 -6.4 72 0 6.9 6.4 7.5 2.5 4 0 3 2 2
4702.3 -6758.2 -8.5 68 0 10.0 7.2 5.0 2.5 4 0 2 1 1
4651.4 -6622.4 -8.6 296 0 10.5 8.4 5.0 0.0 0 0 2 1 1
4721.2 -6887.8 -8.5 83 0 13.0 9.1 10.0 2.5 2 0 4 0 0
4691.0 -6764.2 -8.4 69 0 10.7 6.2 7.5 2.5 2 0 3 5 5
4694.3 -6774.6 -7.6 228 0 11.2 27.1 17.5 0.0 0 1 7 5 5
4812.2 -6767.2 -7.5 359 0 6.7 7.9 5.0 2.5 2 1 2 1 1
4792.5 -6798.3 -6.7 85 0 10.9 8.2 7.5 2.5 4 0 3 3 3
4758.6 -6783.7 -7.4 173 0 13.7 7.6 5.0 2.5 2 0 2 4 4
4737.4 -6831.9 -6.9 3 0 6.7 7.9 7.5 2.5 2 1 3 2 2
4738.8 -6819.4 -6.6 359 0 7.1 8.5 7.5 2.5 2 1 3 4 4
4746.9 -6877.6 -8.2 180 0 9.0 11.2 2.5 2.5 2 1 1 4 4
4765.8 -6889.9 -8.3 83 0 7.8 6.1 7.5 2.5 2 0 3 2 2
5501.0 -5833.5 -3.8 255 0 7.7 18.0 7.5 0.0 0 0 3 0 0
5465.4 -5931.6 -2.5 153 0 7.3 6.8 5.0 2.5 2 0 2 2 2
5464.1 -5921.3 -2.6 156 0 6.9 6.5 5.0 2.5 2 0 2 2 2
5456.1 -5908.3 -2.7 155 0 9.1 10.2 7.5 2.5 2 0 3 1 1
5446.1 -5889.5 -2.9 157 0 8.2 13.9 7.5 2.5 2 0 3 0 0
5467.3 -5870.1 -3.3 144 0 9.3 8.0 10.0 2.5 2 0 4 2 2
5466.9 -5809.4 -3.8 68 0 9.3 11.0 10.0 2.5 2 0 4 2 2
5459.8 -5791.4 -3.7 73 0 11.2 9.0 7.5 2.5 2 0 3 3 3
5451.0 -5771.2 -3.9 71 0 8.8 10.9 7.5 2.5 2 0 3 3 3
5430.2 -5768.3 -4.3 251 0 13.4 8.3 7.5 2.5 2 0 3 1 1
5423.0 -5796.6 -3.9 337 0 9.3 10.0 2.5 2.5 2 0 1 1 1
5433.8 -5809.0 -3.6 340 0 7.7 10.1 7.5 2.5 2 0 3 2 2
5433.7 -5827.6 -3.5 70 0 8.0 7.4 7.5 2.5 2 0 3 2 2
5457.9 -5851.2 -3.5 160 0 11.0 9.6 5.0 2.5 2 0 2 4 4
5444.6 -5853.9 -3.2 155 0 9.1 11.2 5.0 2.5 2 0 2 0 0
5440.6 -5862.6 -3.2 67 0 9.5 10.5 10.0 2.5 2 0 4 1 1
5427.2 -5842.8 -3.3 67 0 12.0 7.6 2.5 2.5 2 0 1 5 5
5413.5 -5821.5 -3.6 69 0 8.8 10.1 7.5 2.5 2 0 3 2 2
5399.6 -5805.2 -4.0 156 0 14.8 13.4 7.5 2.5 2 0 3 1 1
5391.7 -5780.6 -4.5 245 0 8.5 7.0 5.0 2.5 2 0 2 0 0
5367.3 -5781.2 -4.7 238 0 12.5 8.7 7.5 2.5 2 0 3 1 1
5344.6 -5801.2 -4.6 151 0 6.4 7.6 7.5 2.5 2 0 3 4 4
5308.2 -5777.5 -4.8 150 0 9.1 10.1 7.5 2.5 2 0 3 4 4
5338.2 -5769.5 -5.2 244 0 17.1 7.4 5.0 2.5 2 0 2 1 1
5323.3 -5795.4 -4.6 164 0 7.9 9.9 7.5 2.5 2 0 3 0 0
5321.2 -5814.4 -4.3 151 0 12.8 12.2 2.5 2.5 2 0 1 4 4
5360.9 -5842.6 -3.6 147 0 7.4 7.2 7.5 2.5 2 0 3 0 0
5383.2 -5813.7 -4.0 153 0 8.6 12.5 5.0 0.0 0 0 2 4 4
5383.4 -5843.9 -3.3 149 0 6.6 6.6 5.0 2.5 2 0 2 4 4
5373.9 -5859.4 -3.1 147 0 8.8 7.5 7.5 2.5 2 0 3 1 1
5359.2 -5867.0 -3.1 152 0 11.4 12.8 7.5 2.5 2 0 3 0 0
5371.1 -5879.3 -2.9 151 0 12.3 8.9 7.5 2.5 2 0 3 3 3
5393.6 -5890.2 -2.8 149 0 8.0 10.6 5.0 2.5 2 0 2 0 0
5415.7 -5871.6 -3.0 333 0 13.4 12.5 5.0 2.5 2 0 2 2 2
5440.0 -5904.4 -2.7 335 0 17.7 11.9 7.5 2.5 2 0 3 1 1
5444.1 -5941.0 -2.4 331 0 16.1 9.5 7.5 2.5 2 0 3 2 2
5425.9 -5917.2 -2.5 326 0 8.7 12.4 7.5 2.5 2 0 3 4 4
5389.4 -5923.7 -2.6 240 0 12.7 9.1 7.5 2.5 2 0 3 3 3
5400.9 -5940.8 -2.5 239 0 8.3 8.2 7.5 2.5 2 0 3 5 5
5417.5 -5968.1 -2.4 60 0 12.4 7.0 7.5 2.5 2 0 3 3 3
5400.5 -5984.8 -2.5 60 0 8.7 14.7 7.5 2.5 2 0 3 4 4
5289.2 -5977.1 -3.8 240 0 9.7 7.5 7.5 2.5 2 0 3 1 1
5352.3 -5980.9 -2.7 152 0 10.9 11.4 10.0 2.5 2 0 4 3 3
5384.7 -5991.5 -2.5 61 0 9.1 11.3 2.5 2.5 2 0 1 2 2
5335.7 -6035.5 -2.9 55 0 10.1 9.0 7.5 2.5 2 0 3 0 0
5310.0 -6039.2 -3.2 149 0 10.9 10.9 5.0 2.5 2 0 2 5 5
5275.2 -6014.2 -3.5 149 0 7.1 9.5 7.5 2.5 2 0 3 5 5
5235.4 -6007.6 -3.8 142 0 6.5 10.6 7.5 2.5 2 0 3 0 0
5243.5 -6021.1 -3.5 150 0 8.0 11.1 10.0 2.5 2 0 4 3 3
5262.1 -6047.8 -3.1 145 0 7.2 8.0 7.5 2.5 2 0 3 3 3
5271.8 -6056.6 -3.0 235 0 9.7 10.6 10.0 2.5 2 0 4 3 3
5254.7 -6095.9 -4.2 148 0 12.0 11.6 10.0 2.5 2 0 4 2 2
5244.7 -6046.8 -3.3 327 0 8.6 6.2 7.5 2.5 2 0 3 0 0
5225.5 -6006.1 -4.0 333 0 6.7 6.4 10.0 2.5 2 0 4 1 1
5236.4 -6028.5 -3.7 326 0 10.8 8.1 7.5 2.5 2 0 3 2 2
5185.4 -6036.9 -4.3 150 0 8.6 12.3 10.0 2.5 2 0 4 5 5
5196.3 -6054.4 -4.4 149 0 8.3 7.5 10.0 2.5 2 0 4 5 5
5207.9 -6049.7 -3.9 147 0 12.1 10.1 10.0 2.5 2 0 4 0 0
5206.3 -6066.0 -4.4 143 0 10.9 8.4 10.0 2.5 2 0 4 2 2
5226.7 -6099.6 -4.6 148 0 9.1 12.6 7.5 2.5 2 0 3 0 0
5230.9 -6120.6 -4.9 331 0 10.2 12.2 7.5 2.5 2 0 3 5 5
5163.4 -6160.7 -5.2 231 0 9.2 13.3 7.5 2.5 2 0 3 1 1
5141.0 -6152.7 -4.6 236 0 6.4 6.6 7.5 2.5 2 0 3 5 5
5127.9 -6160.1 -4.6 242 0 11.2 8.3 5.0 2.5 2 0 2 0 0
5124.0 -6187.7 -5.0 247 0 9.0 10.9 7.5 2.5 2 0 3 2 2
5094.3 -6220.1 -5.1 146 0 26.9 13.7 12.5 2.5 2 0 5 1 1
5091.1 -5954.0 -6.1 64 0 13.0 12.6 5.0 2.5 2 0 2 4 4
5079.3 -5939.9 -5.5 67 0 10.6 13.3 7.5 0.0 0 1 3 2 2
5087.2 -5881.5 -3.7 152 0 10.8 7.0 5.0 2.5 2 0 2 2 2
5055.1 -5895.9 -4.3 242 0 9.0 10.2 7.5 2.5 2 1 3 3 3
5041.3 -5904.6 -4.6 242 0 9.9 12.0 7.5 2.5 2 1 3 5 5
5053.7 -5927.6 -5.3 242 0 11.0 7.8 5.0 2.5 2 0 2 5 5
5035.0 -5930.6 -5.4 242 0 6.5 8.4 10.0 2.5 2 1 4 4 4
5018.6 -5925.3 -5.2 242 0 7.6 7.3 7.5 2.5 2 0 3 5 5
5010.1 -5917.4 -5.1 242 0 6.3 9.9 7.5 2.5 4 1 3 0 0
5000.4 -5932.4 -5.6 242 0 12.5 10.4 5.0 2.5 2 0 2 5 5
4953.4 -5996.0 -6.3 152 0 8.8 11.1 7.5 2.5 4 1 3 5 5
4993.5 -5971.8 -6.5 152 0 8.4 11.0 5.0 2.5 4 1 2 2 2
5003.2 -5995.2 -6.5 152 0 8.7 10.8 7.5 0.0 0 1 3 0 0
5045.3 -5980.0 -6.6 62 0 6.9 7.0 2.5 2.5 4 1 1 3 3
5090.2 -6004.2 -6.3 329 0 10.4 11.7 5.0 2.5 2 1 2 0 0
5104.8 -5959.5 -6.3 238 0 10.8 19.2 7.5 2.5 2 1 3 5 5
5139.3 -5987.9 -5.6 325 0 8.3 16.2 10.0 2.5 2 1 4 4 4
5140.6 -6005.6 -5.4 332 0 10.4 9.0 7.5 2.5 2 0 3 2 2
5104.3 -6006.6 -6.2 235 0 11.4 8.8 5.0 2.5 2 0 2 1 1
5088.8 -6016.8 -6.1 245 0 7.3 8.7 2.5 2.5 2 1 1 4 4
5091.4 -6061.6 -5.4 242 0 8.9 7.7 10.0 2.5 2 0 4 5 5
5072.5 -6072.5 -5.3 154 0 9.5 7.6 7.5 2.5 2 0 3 5 5
5072.7 -6031.3 -5.9 331 0 11.3 10.9 5.0 2.5 2 0 2 0 0
5053.3 -6014.8 -6.1 238 0 7.1 9.2 7.5 2.5 2 1 3 5 5
5033.7 -6027.7 -6.0 240 0 9.3 9.3 5.0 2.5 2 1 2 5 5
4997.2 -6024.9 -6.1 246 0 9.9 9.7 10.0 2.5 2 0 4 0 0
5195.3 -6068.5 -5.3 329 0 10.5 10.2 7.5 2.5 2 0 3 1 1
5191.4 -6096.3 -5.3 59 0 9.3 14.0 7.5 2.5 4 1 3 1 1
5148.4 -6065.3 -5.5 329 0 8.7 12.3 2.5 2.5 2 1 1 4 4
5158.1 -6091.1 -5.3 55 0 12.1 11.0 7.5 0.0 0 0 3 3 3
5171.1 -6108.0 -5.1 56 0 9.6 13.5 5.0 2.5 4 1 2 1 1
5140.0 -6102.6 -5.0 55 0 7.3 6.8 5.0 2.5 2 0 2 5 5
5116.9 -6078.7 -5.4 56 0 8.8 12.3 2.5 2.5 2 1 1 1 1
5103.2 -6085.9 -5.2 60 0 6.3 9.0 7.5 2.5 2 1 3 2 2
5155.0 -6121.9 -4.8 55 0 13.1 9.3 7.5 2.5 4 0 3 3 3
5136.8 -6135.0 -4.5 56 0 11.4 8.2 2.5 2.5 4 0 1 1 1
5123.0 -6119.4 -4.7 57 0 9.9 8.2 7.5 2.5 2 0 3 3 3
5120.5 -6146.1 -4.3 54 0 8.0 10.0 10.0 2.5 2 1 4 1 1
5083.3 -6102.2 -4.8 150 0 7.0 7.9 5.0 2.5 2 1 2 5 5
5100.3 -6118.1 -4.7 58 0 14.1 9.2 5.0 0.0 0 0 2 3 3
5086.4 -6166.7 -4.1 57 0 8.0 10.7 7.5 2.5 4 1 3 2 2
5081.0 -6153.1 -4.1 53 0 8.9 8.3 7.5 2.5 2 0 3 1 1
5046.5 -6145.6 -4.4 147 0 8.6 10.8 7.5 2.5 2 1 3 1 1
5038.9 -6268.3 -6.3 321 0 9.0 9.6 7.5 2.5 2 0 3 5 5
5027.0 -6261.9 -6.8 320 0 15.2 17.9 7.5 2.5 2 0 3 0 0
5001.2 -6274.5 -7.2 321 0 12.1 10.4 7.5 2.5 2 0 3 4 4
4973.5 -6305.9 -7.4 144 0 11.4 19.7 7.5 2.5 2 0 3 5 5
4940.4 -6338.9 -7.5 142 0 9.3 22.7 10.0 0.0 0 0 4 5 5
4919.2 -6308.3 -7.7 145 0 13.0 43.2 10.0 2.5 2 0 4 1 1
4917.5 -6253.8 -7.8 234 0 26.0 35.6 7.5 2.5 2 0 3 0 0
4994.7 -6202.5 -6.7 148 0 8.5 12.9 7.5 2.5 2 0 3 3 3
4929.5 -6228.4 -7.5 52 0 8.8 11.7 5.0 2.5 2 0 2 0 0
4941.5 -6185.1 -7.0 112 0 15.2 22.8 12.5 0.0 0 0 5 3 3
4901.2 -6166.7 -6.5 151 0 10.3 11.3 5.0 2.5 2 0 2 4 4
4910.1 -6145.7 -6.4 237 0 10.1 10.6 7.5 2.5 2 0 3 4 4
4920.7 -6126.8 -5.9 56 0 10.9 11.2 7.5 2.5 2 0 3 1 1
4839.4 -6103.5 -6.4 331 0 8.5 9.0 5.0 2.5 2 1 2 5 5
4820.2 -6084.6 -7.4 245 0 12.0 11.4 5.0 2.5 2 0 2 1 1
4795.7 -6108.5 -6.7 242 0 7.8 9.4 5.0 2.5 2 1 2 0 0
4828.8 -6051.8 -7.9 352 0 7.5 11.2 10.0 2.5 2 1 4 3 3
4766.0 -6118.1 -7.3 248 0 11.8 9.9 10.0 2.5 2 0 4 5 5
4773.0 -6140.8 -6.3 160 0 10.5 12.0 7.5 0.0 0 1 3 2 2
6021.4 -5815.6 -2.3 349 0 8.6 10.9 7.5 2.5 2 0 3 4 4
6023.6 -5829.8 -2.6 352 0 12.4 10.3 7.5 2.5 2 0 3 3 3
6006.9 -5831.7 -2.5 357 0 8.9 9.1 7.5 2.5 2 0 3 5 5
5994.0 -5864.7 -3.0 81 0 8.6 16.2 7.5 2.5 2 0 3 4 4
5979.4 -5871.2 -3.3 81 0 12.1 11.8 7.5 2.5 2 0 3 1 1
5977.7 -5839.6 -2.5 86 0 12.7 11.6 7.5 2.5 2 0 3 5 5
5954.4 -5831.7 -2.6 81 0 11.0 8.5 7.5 2.5 2 0 3 2 2
5957.1 -5844.2 -2.8 79 0 11.7 7.8 5.0 2.5 2 0 2 3 3
5964.4 -5873.9 -3.7 80 0 11.8 12.5 7.5 2.5 2 0 3 4 4
5989.6 -5946.2 -5.7 172 0 7.5 7.7 7.5 2.5 2 0 3 5 5
6004.9 -5923.1 -4.6 164 0 8.0 7.6 7.5 2.5 2 0 3 1 1
5984.2 -5927.0 -5.5 170 0 7.8 10.2 7.5 2.5 2 0 3 2 2
5994.6 -5883.0 -4.0 169 0 8.9 9.9 7.5 2.5 2 0 3 1 1
6015.8 -5896.6 -3.6 170 0 12.8 8.1 5.0 2.5 2 0 2 2 2
6018.9 -5921.7 -4.0 171 0 9.4 11.5 7.5 2.5 2 0 3 5 5
6034.4 -5920.8 -3.3 166 0 6.8 6.3 5.0 2.5 2 0 2 3 3
6054.6 -5941.2 -3.0 167 0 8.5 11.2 2.5 2.5 2 0 1 3 3
6061.9 -5888.3 -2.9 256 0 9.2 7.3 7.5 2.5 2 0 3 5 5
6077.4 -5880.7 -3.1 260 0 9.0 7.4 5.0 2.5 2 0 2 3 3
6079.8 -5895.1 -3.0 258 0 7.6 10.4 7.5 2.5 2 0 3 4 4
6095.3 -5915.9 -3.1 73 0 8.7 7.1 7.5 2.5 2 0 3 2 2
6030.4 -5990.7 -4.9 160 0 7.7 11.1 10.0 2.5 2 0 4 4 4
6041.2 -6027.7 -4.6 164 0 9.4 10.8 2.5 2.5 2 0 1 3 3
6071.4 -6072.5 -5.1 64 0 10.5 8.2 2.5 2.5 2 0 1 2 2
6112.7 -5973.0 -2.8 359 0 10.1 10.1 10.0 2.5 2 0 4 0 0
6112.1 -6017.7 -4.1 81 0 13.1 8.4 5.0 2.5 2 0 2 1 1
6161.7 -6070.1 -6.8 355 0 8.2 8.6 7.5 2.5 2 0 3 0 0
6138.9 -6064.6 -5.7 80 0 8.1 6.8 5.0 2.5 2 0 2 2 2
6141.0 -6074.9 -6.3 90 0 8.4 7.1 5.0 2.5 2 0 2 3 3
6140.2 -6032.8 -4.9 338 0 6.0 7.1 7.5 2.5 2 0 3 3 3
6139.6 -6054.0 -5.4 86 0 12.3 8.8 2.5 2.5 2 0 1 2 2
6160.2 -6012.2 -4.1 356 0 8.0 11.2 2.5 2.5 2 0 1 1 1
6143.3 -5993.3 -3.5 2 0 9.4 15.1 7.5 2.5 2 0 3 5 5
6155.5 -5983.4 -3.1 2 0 9.9 7.8 7.5 2.5 2 0 3 3 3
6204.0 -5946.2 -3.3 2 0 9.2 13.5 5.0 2.5 2 0 2 0 0
6195.6 -5924.6 -3.6 2 0 8.3 11.5 7.5 2.5 2 0 3 1 1
6242.0 -5794.1 -5.9 88 0 9.2 9.8 5.0 2.5 2 0 2 3 3
6256.3 -5793.3 -5.8 81 0 6.5 7.5 5.0 2.5 2 0 2 2 2
6269.7 -5796.6 -6.2 83 0 7.9 10.4 7.5 2.5 2 0 3 5 5
6294.0 -5795.4 -6.1 85 0 9.6 9.7 5.0 2.5 2 0 2 0 0
6324.3 -5798.7 -6.7 92 0 9.3 8.9 5.0 2.5 2 0 2 2 2
5921.4 -5792.8 -2.9 82 0 11.6 8.4 7.5 2.5 2 0 3 5 5
6036.2 -5783.6 -2.2 347 0 7.1 6.3 2.5 2.5 2 0 1 3 3
6038.1 -5774.4 -2.5 351 0 8.4 10.5 10.0 2.5 2 0 4 5 5
6258.3 -6002.5 -6.1 93 0 15.4 11.9 5.0 2.5 2 0 2 1 1
6164.3 -5813.7 -4.8 171 0 6.9 7.6 7.5 2.5 2 0 3 3 3
6118.8 -5822.3 -4.0 266 0 7.9 11.3 7.5 2.5 2 0 3 3 3
6125.3 -5842.3 -4.0 261 0 14.1 8.5 7.5 2.5 2 0 3 4 4
6087.8 -5802.1 -2.9 270 0 7.6 10.6 5.0 2.5 2 0 2 3 3
6043.0 -5818.4 -2.4 351 0 7.8 10.7 5.0 2.5 2 0 2 5 5
5167.0 -5878.1 -4.5 242 0 10.9 14.2 7.5 2.5 2 1 3 1 1
5166.7 -6010.8 -4.9 152 0 10.7 7.7 5.0 2.5 2 0 2 0 0
5195.8 -5988.2 -4.7 326 0 9.2 10.3 2.5 2.5 2 0 1 2 2
5181.7 -5976.4 -4.9 245 0 10.0 7.6 5.0 2.5 2 0 2 2 2
5164.4 -5980.8 -5.1 236 0 10.1 6.1 10.0 2.5 2 0 4 4 4
5128.7 -5951.9 -6.0 151 0 13.3 13.5 7.5 2.5 2 0 3 1 1
5134.3 -5920.8 -5.5 245 0 7.7 8.0 7.5 2.5 2 0 3 3 3
5108.4 -5906.7 -4.6 67 0 9.0 7.6 7.5 2.5 2 0 3 0 0
4955.8 -5808.2 -6.6 164 0 8.1 10.5 10.0 2.5 2 1 4 4 4
5038.5 -5816.9 -5.2 338 0 6.9 9.7 2.5 2.5 4 1 1 2 2
5725.6 -5964.6 -4.4 79 0 11.6 8.4 5.0 2.5 2 0 2 2 2
5701.6 -5944.2 -4.3 266 0 8.8 18.3 7.5 2.5 2 0 3 5 5
5689.1 -5943.2 -4.5 359 0 10.3 13.5 5.0 2.5 2 0 2 2 2
5655.2 -5960.9 -4.0 172 0 10.3 8.8 7.5 2.5 2 0 3 3 3
5626.5 -6046.5 -1.3 83 0 10.2 10.8 2.5 2.5 2 0 1 3 3
5616.6 -6080.3 -1.3 87 0 12.7 10.8 10.0 2.5 2 0 4 3 3
5558.5 -6012.5 -1.6 265 0 10.8 10.0 2.5 2.5 2 0 1 3 3
5532.6 -6022.2 -2.0 173 0 8.3 10.3 7.5 2.5 2 0 3 3 3
5536.4 -6028.1 -2.0 265 0 8.4 10.8 7.5 2.5 2 0 3 2 2
5728.7 -6111.0 -6.2 5 0 9.1 7.3 2.5 2.5 2 0 1 0 0
5655.5 -6105.3 -3.7 186 0 8.0 9.5 5.0 2.5 2 0 2 2 2
5630.3 -6104.1 -3.3 270 0 9.8 7.8 7.5 2.5 2 0 3 3 3
5606.2 -6109.0 -4.3 271 0 12.1 11.7 5.0 2.5 2 0 2 5 5
5498.0 -6105.6 -4.2 270 0 9.3 8.0 10.0 2.5 2 0 4 1 1
5478.1 -6099.8 -3.5 267 0 10.2 11.1 7.5 2.5 2 0 3 2 2
5741.8 -5959.1 -4.5 79 0 12.3 9.1 5.0 2.5 2 0 2 5 5
5714.9 -5935.9 -4.5 168 0 8.2 12.6 5.0 2.5 2 0 2 0 0
5701.9 -5944.2 -4.3 271 0 8.7 18.2 10.0 2.5 2 0 4 2 2
5668.8 -5946.2 -4.4 349 0 10.1 15.8 7.5 2.5 2 0 3 3 3
5632.7 -5990.5 -3.1 164 0 13.5 13.3 7.5 2.5 2 0 3 3 3
5636.0 -5970.9 -3.7 75 0 15.0 10.9 10.0 2.5 2 0 4 1 1
5687.1 -5987.5 -3.5 353 0 6.9 8.2 10.0 2.5 2 0 4 4 4
5695.8 -6013.8 -3.7 1 0 9.2 12.6 5.0 2.5 2 0 2 1 1
5666.1 -6082.5 -3.1 186 0 8.0 10.1 5.0 2.5 2 0 2 4 4
5650.7 -6066.5 -1.8 89 0 7.4 6.6 7.5 2.5 2 0 3 1 1
5613.2 -6060.3 -0.7 90 0 11.5 10.3 5.0 2.5 2 0 2 5 5
5628.8 -6081.1 -1.1 89 0 7.0 10.1 7.5 2.5 2 0 3 0 0
5616.7 -6011.9 -2.0 259 0 16.2 8.3 7.5 2.5 2 0 3 4 4
5549.2 -6051.0 -1.7 172 0 7.5 9.2 5.0 2.5 2 0 2 4 4
5542.7 -6085.3 -3.1 85 0 11.0 9.1 7.5 2.5 2 0 3 2 2
5718.4 -6113.3 -5.7 1 0 9.5 10.8 5.0 2.5 2 0 2 1 1
5677.3 -6131.1 -5.2 89 0 6.7 9.2 7.5 2.5 2 0 3 4 4
5590.6 -6095.5 -3.4 267 0 9.2 10.1 5.0 2.5 2 0 2 4 4
5580.0 -6096.7 -3.6 268 0 8.9 9.0 2.5 2.5 2 0 1 0 0
5516.6 -6104.9 -4.8 271 0 6.6 9.3 10.0 2.5 2 0 4 5 5
5429.6 -6146.7 -5.0 344 0 9.1 9.8 7.5 2.5 2 0 3 0 0
5421.8 -6086.4 -3.1 263 0 8.5 7.9 10.0 2.5 2 0 4 3 3
5370.5 -6106.1 -4.2 262 0 9.1 10.2 10.0 2.5 2 0 4 0 0
5602.9 -5915.6 -4.2 348 0 10.6 19.5 7.5 2.5 2 0 3 5 5
5594.7 -5993.7 -2.6 88 0 7.3 10.2 7.5 2.5 2 0 3 2 2
5611.0 -5985.8 -2.9 80 0 7.7 7.2 7.5 2.5 2 0 3 2 2
5824.8 -5920.5 -4.6 354 0 8.0 9.9 10.0 2.5 2 0 4 4 4
5809.3 -5939.0 -4.9 353 0 8.0 8.6 5.0 2.5 2 0 2 0 0
5815.1 -5951.8 -5.3 352 0 6.6 9.7 7.5 2.5 2 0 3 5 5
5764.3 -5983.2 -6.0 69 0 9.1 6.2 5.0 2.5 2 0 2 0 0
5778.7 -5977.9 -5.3 77 0 7.2 6.7 5.0 2.5 2 0 2 4 4
5306.9 -5873.1 -3.4 153 0 6.6 7.4 7.5 2.5 2 0 3 1 1
5320.8 -5894.3 -3.3 155 0 6.0 7.3 7.5 2.5 2 0 3 2 2
5358.5 -5885.0 -2.8 327 0 12.9 9.0 5.0 2.5 2 0 2 4 4
5588.8 -5787.1 -4.1 249 0 9.0 11.5 5.0 2.5 2 0 2 1 1
5581.0 -5849.6 -4.5 342 0 17.4 9.5 2.5 2.5 2 0 1 1 1
5573.6 -5859.9 -4.4 343 0 7.7 10.3 7.5 2.5 2 0 3 4 4
5575.9 -5868.1 -4.5 344 0 7.5 10.6 2.5 2.5 2 0 1 3 3
5561.0 -5840.5 -4.3 249 0 9.3 16.5 7.5 2.5 2 0 3 5 5
5542.8 -5845.5 -4.0 256 0 10.1 10.5 5.0 2.5 2 0 2 1 1
5558.8 -5799.7 -4.4 250 0 9.3 37.4 7.5 2.5 2 0 3 2 2
5617.6 -5844.0 -4.9 341 0 11.4 16.5 5.0 2.5 2 0 2 1 1
5599.1 -5844.3 -4.7 342 0 31.1 9.0 7.5 2.5 2 0 3 2 2
5743.7 -5766.6 -3.8 169 0 7.2 12.5 2.5 2.5 2 0 1 2 2
5652.6 -5792.4 -4.5 348 0 10.4 9.0 10.0 2.5 2 0 4 3 3
5673.1 -5824.7 -4.7 349 0 8.2 21.2 7.5 2.5 2 0 3 1 1
5628.0 -5839.4 -4.8 168 0 12.9 22.5 7.5 2.5 2 0 3 4 4
5630.1 -5799.6 -4.4 163 0 9.6 10.5 2.5 2.5 2 0 1 5 5
5621.8 -5814.8 -4.5 170 0 13.3 11.8 5.0 2.5 2 0 2 1 1
5620.6 -5782.7 -4.2 161 0 8.7 8.6 10.0 2.5 2 0 4 0 0
5664.2 -5778.1 -4.4 358 0 7.4 8.0 10.0 2.5 2 0 4 0 0
5666.3 -5787.1 -4.5 350 0 8.3 11.5 7.5 2.5 2 0 3 0 0
5687.4 -5789.7 -4.3 176 0 10.8 12.9 5.0 2.5 2 0 2 4 4
5709.2 -5818.2 -4.2 178 0 15.3 11.3 2.5 2.5 2 0 1 0 0
5737.1 -5817.5 -3.9 178 0 7.7 12.1 5.0 2.5 2 0 2 4 4
5738.7 -5828.9 -4.0 171 0 10.9 7.3 7.5 2.5 2 0 3 3 3
5771.8 -5787.9 -3.3 166 0 13.8 17.4 5.0 2.5 2 0 2 3 3
5795.9 -5791.4 -3.0 169 0 12.1 14.3 7.5 2.5 2 0 3 0 0
5796.8 -5807.0 -3.1 173 0 7.4 8.4 7.5 2.5 2 0 3 1 1
5783.7 -5809.5 -3.3 175 0 9.5 10.2 7.5 2.5 2 0 3 2 2
5820.4 -5806.4 -3.0 353 0 8.9 11.3 7.5 2.5 2 0 3 2 2
5808.2 -5828.6 -3.2 87 0 9.4 10.1 5.0 2.5 2 0 2 0 0
5828.6 -5819.7 -2.9 82 0 8.7 7.5 5.0 2.5 2 0 2 1 1
5829.8 -5808.0 -2.8 83 0 9.4 9.2 2.5 2.5 2 0 1 5 5
5855.5 -5816.8 -2.7 78 0 7.5 10.7 5.0 2.5 2 0 2 5 5
5846.9 -5818.5 -2.8 79 0 7.3 7.2 7.5 2.5 2 0 3 1 1
5867.6 -5817.9 -2.7 84 0 14.0 10.6 5.0 2.5 2 0 2 0 0
5879.2 -5782.5 -2.6 85 0 12.2 9.3 7.5 2.5 2 0 3 2 2
5881.9 -5800.8 -2.6 78 0 11.3 11.2 5.0 2.5 2 0 2 5 5
5886.6 -5815.5 -2.7 77 0 13.8 12.9 5.0 2.5 2 0 2 0 0
5901.9 -5777.1 -2.8 76 0 11.5 8.4 7.5 2.5 2 0 3 3 3
5938.6 -5798.9 -2.7 79 0 8.6 11.5 5.0 2.5 2 0 2 5 5
6150.3 -5777.1 -5.0 177 0 7.7 10.0 7.5 2.5 2 0 3 3 3
5921.7 -5844.8 -3.6 78 0 10.2 11.6 10.0 2.5 2 0 4 1 1
5675.2 -5903.1 -4.6 354 0 9.8 12.2 5.0 2.5 2 0 2 5 5
5679.0 -5920.7 -4.6 354 0 17.7 15.4 7.5 2.5 2 0 3 2 2
5687.7 -5902.1 -4.4 356 0 10.9 8.9 2.5 2.5 2 0 1 0 0
5680.3 -5871.0 -4.5 352 0 6.7 7.9 7.5 2.5 2 0 3 0 0
5642.6 -5875.9 -4.8 173 0 8.1 11.9 7.5 2.5 2 0 3 0 0
5657.0 -5893.9 -4.7 355 0 7.3 8.5 7.5 2.5 2 0 3 4 4
5622.9 -5876.7 -4.9 262 0 12.9 11.8 10.0 2.5 2 0 4 5 5
5615.6 -5909.2 -4.5 264 0 9.4 10.6 5.0 2.5 2 0 2 5 5
5622.9 -5939.3 -4.1 79 0 11.1 10.0 7.5 2.5 2 0 3 5 5
5714.9 -5897.5 -4.4 171 0 13.3 13.5 10.0 2.5 2 0 4 3 3
5712.1 -5874.8 -4.3 178 0 8.8 10.4 2.5 2.5 2 0 1 0 0
5726.4 -5860.1 -4.1 178 0 10.2 10.2 5.0 2.5 2 0 2 0 0
5699.7 -5917.6 -4.3 172 0 13.3 7.3 7.5 2.5 2 0 3 5 5
5719.2 -5918.9 -4.4 171 0 12.1 10.2 7.5 2.5 2 0 3 4 4
5731.5 -5919.1 -4.4 178 0 6.1 8.4 2.5 2.5 2 0 1 4 4
5730.7 -5906.6 -4.3 173 0 10.4 8.3 7.5 2.5 2 0 3 1 1
5731.1 -5893.9 -4.2 173 0 7.7 10.9 7.5 2.5 2 0 3 0 0
5739.1 -5858.0 -4.0 177 0 11.6 15.9 5.0 2.5 2 0 2 5 5
5759.5 -5905.8 -4.1 171 0 6.3 7.1 5.0 2.5 2 0 2 4 4
5768.9 -5911.5 -4.1 169 0 9.3 10.7 7.5 2.5 2 0 3 3 3
5854.9 -5866.5 -4.6 83 0 6.8 8.9 10.0 2.5 2 0 4 1 1
5839.0 -5869.9 -4.0 79 0 8.6 9.9 7.5 2.5 2 0 3 4 4
5814.7 -5887.6 -3.5 83 0 9.4 10.6 10.0 2.5 2 0 4 2 2
5805.5 -5860.0 -3.4 85 0 8.1 11.3 7.5 2.5 2 0 3 2 2
5790.4 -5879.3 -3.7 83 0 13.1 13.9 5.0 2.5 2 0 2 3 3
5792.6 -5887.7 -3.8 356 0 8.3 8.9 7.5 2.5 2 0 3 4 4
5794.7 -5906.8 -4.1 353 0 9.7 9.5 7.5 2.5 2 0 3 5 5
5810.3 -5902.6 -4.1 349 0 10.9 12.1 5.0 2.5 2 0 2 0 0
5817.0 -5906.6 -4.1 77 0 8.1 9.9 5.0 2.5 2 0 2 2 2
5846.0 -5897.2 -5.1 71 0 8.2 7.7 5.0 2.5 2 0 2 2 2
5874.1 -5858.9 -4.4 76 0 10.7 7.8 10.0 2.5 2 0 4 3 3
5904.1 -5854.0 -4.3 87 0 13.8 14.3 7.5 2.5 2 0 3 1 1
6055.4 -5810.4 -2.4 259 0 9.8 8.6 2.5 2.5 2 0 1 0 0
6137.9 -6142.9 -8.5 262 0 9.3 8.5 5.0 2.5 2 0 2 2 2
6133.9 -6162.8 -8.7 159 0 10.8 11.5 7.5 2.5 2 1 3 5 5
6072.6 -5843.4 -3.0 263 0 13.2 12.5 5.0 2.5 2 0 2 4 4
6587.9 -5932.5 -5.9 73 0 6.5 6.1 5.0 2.5 2 0 2 3 3
5917.2 -5774.2 -3.0 79 0 10.0 9.8 5.0 2.5 2 0 2 3 3
5861.1 -5772.6 -2.4 78 0 6.4 7.0 7.5 2.5 2 0 3 2 2
5506.8 -5808.2 -3.7 252 0 27.8 8.6 5.0 2.5 2 0 2 3 3
5533.2 -5808.6 -3.8 250 0 10.8 28.8 7.5 2.5 2 0 3 0 0
5546.4 -5789.5 -3.6 70 0 12.5 8.6 5.0 2.5 2 0 2 1 1
5509.8 -5803.0 -3.5 69 0 8.6 7.9 7.5 2.5 2 0 3 3 3
5495.7 -5800.6 -3.6 75 0 6.3 6.6 7.5 2.5 2 0 3 4 4
5364.8 -5805.5 -4.3 150 0 10.3 7.4 5.0 2.5 2 0 2 2 2
5340.6 -5851.4 -3.4 326 0 7.5 11.9 10.0 2.5 2 0 4 3 3
5360.1 -5906.9 -2.7 331 0 9.3 10.8 5.0 2.5 2 0 2 2 2
5335.6 -5917.3 -3.0 241 0 11.5 7.7 2.5 2.5 2 0 1 5 5
5066.0 -5779.9 -5.3 151 0 9.3 10.2 7.5 2.5 2 1 3 4 4
5166.5 -5763.4 -4.8 325 0 8.1 11.8 7.5 0.0 0 1 3 4 4
5240.5 -5780.5 -4.0 149 0 9.1 7.6 5.0 2.5 4 0 2 1 1
5219.3 -5785.7 -4.1 325 0 13.1 9.4 7.5 2.5 2 0 3 3 3
5199.2 -5805.1 -3.9 157 0 10.1 11.6 7.5 2.5 2 1 3 0 0
5195.3 -6102.1 -5.1 243 0 6.8 9.8 10.0 2.5 2 0 4 3 3
5213.0 -5992.4 -4.4 333 0 8.5 9.3 5.0 2.5 2 0 2 5 5
5259.0 -5932.5 -4.3 332 0 9.7 9.6 5.0 2.5 2 0 2 3 3
5221.4 -5985.2 -4.2 153 0 7.8 10.6 2.5 2.5 2 0 1 2 2
5205.5 -5966.4 -4.7 149 0 10.5 13.9 5.0 2.5 2 0 2 4 4
5238.7 -5962.9 -4.2 149 0 11.0 7.4 7.5 2.5 2 0 3 5 5
5232.7 -5943.2 -4.5 244 0 9.9 8.9 7.5 2.5 2 0 3 0 0
5221.8 -5908.5 -5.1 61 0 8.6 6.4 2.5 2.5 2 0 1 3 3
5222.1 -5924.7 -5.0 58 0 11.0 8.7 2.5 2.5 2 0 1 1 1
5192.4 -5873.9 -4.3 235 0 6.4 6.8 7.5 2.5 2 1 3 4 4
5107.4 -5763.1 -5.2 340 0 10.2 11.2 7.5 2.5 2 1 3 0 0
5088.9 -5804.4 -4.7 154 0 10.3 11.4 7.5 2.5 2 1 3 3 3
5163.5 -5870.5 -4.0 62 0 8.1 6.5 7.5 2.5 4 0 3 1 1
5144.9 -5836.5 -3.9 64 0 11.6 12.5 7.5 2.5 2 1 3 3 3
5180.1 -5800.2 -4.1 334 0 10.3 9.9 5.0 2.5 2 0 2 2 2
5156.1 -5801.3 -4.3 335 0 9.0 12.0 7.5 2.5 2 1 3 3 3
5169.8 -5840.7 -3.7 60 0 9.4 9.3 2.5 2.5 2 0 1 4 4
5200.1 -5846.1 -3.9 63 0 10.5 11.2 10.0 2.5 2 1 4 0 0
5207.8 -5855.4 -4.2 238 0 12.4 11.7 10.0 2.5 2 0 4 5 5
5225.8 -5837.7 -4.1 240 0 7.8 10.1 7.5 2.5 2 0 3 2 2
5300.1 -5810.9 -3.8 331 0 12.1 9.5 5.0 2.5 2 0 2 2 2
5318.5 -5831.7 -3.6 328 0 7.6 11.2 2.5 2.5 2 0 1 1 1
5287.4 -5851.6 -3.6 150 0 13.0 10.4 7.5 2.5 2 0 3 5 5
5564.9 -6082.3 -2.5 86 0 13.9 9.9 5.0 2.5 2 0 2 0 0
4672.0 -6485.1 -6.9 238 0 9.7 8.7 10.0 2.5 2 0 4 0 0
4679.5 -6507.7 -7.5 327 0 8.9 8.3 7.5 2.5 2 0 3 4 4
5840.0 -5983.9 -6.8 79 0 10.5 6.0 7.5 2.5 2 0 3 1 1
5324.3 -6049.7 -3.0 55 0 6.1 6.3 5.0 2.5 2 0 2 1 1
5321.9 -5845.7 -3.3 332 0 8.3 7.4 5.0 2.5 2 0 2 3 3
5421.5 -5897.2 -2.8 329 0 12.8 7.5 10.0 2.5 2 0 4 4 4
5197.9 -5779.5 -4.3 135 0 6.2 6.2 5.0 2.5 2 1 2 1 1
5196.9 -6027.8 -4.2 147 0 9.2 6.6 7.5 2.5 2 0 3 0 0
6021.5 -5776.8 -2.2 350 0 9.5 22.0 7.5 0.0 0 0 3 1 1
5578.1 -5896.2 -4.3 347 0 9.9 17.7 7.5 0.0 0 0 3 3 3
5179.0 -5950.5 -5.3 61 0 7.0 7.4 7.5 2.5 2 0 3 4 4
4679.6 -6524.2 -7.8 322 0 9.2 6.9 2.5 2.5 2 0 1 3 3
4819.2 -6152.4 -5.0 152 0 8.8 6.3 7.5 2.5 2 0 3 4 4
1987.0 -6886.6 -7.4 70 0 7.8 15.0 10.0 2.5 2 1 4 5 5
2290.5 -6870.7 -6.0 151 0 7.5 11.2 7.5 2.5 2 1 3 4 4
2252.3 -6834.7 -4.9 53 0 7.3 12.5 2.5 2.5 2 1 1 1 1
2251.3 -6769.5 -5.2 296 0 8.5 23.3 7.5 2.5 2 1 3 0 0
3132.3 -6298.6 -4.5 155 0 12.6 22.4 7.5 2.5 2 1 3 3 3
3269.7 -6301.3 -5.2 347 0 6.1 7.4 2.5 2.5 2 1 1 2 2
3359.4 -6257.0 -5.5 55 0 6.2 10.1 7.5 2.5 2 1 3 3 3
3380.9 -6243.3 -5.8 53 0 6.1 18.3 7.5 2.5 2 1 3 2 2
2927.2 -6243.7 -4.2 258 0 6.8 6.3 5.0 2.5 2 0 2 5 5
2950.2 -6367.7 -4.8 175 0 7.1 8.7 5.0 2.5 2 1 2 2 2
2974.8 -6353.9 -3.8 175 0 7.6 11.6 2.5 2.5 4 1 1 1 1
3017.2 -6365.6 -2.7 88 0 10.0 9.7 10.0 2.5 2 0 4 0 0
3081.2 -6232.0 -5.3 148 0 7.5 31.3 10.0 2.5 2 1 4 2 2
2567.7 -6854.7 -3.7 173 0 7.1 7.8 2.5 2.5 2 1 1 5 5
2601.2 -6882.0 -3.5 80 0 11.6 7.7 2.5 2.5 2 0 1 4 4
2594.2 -6848.1 -3.6 350 0 9.4 7.0 7.5 2.5 2 0 3 4 4
2591.4 -6836.0 -3.7 352 0 9.9 7.1 2.5 2.5 2 0 1 3 3
2582.4 -6809.8 -3.8 250 0 12.0 7.5 5.0 0.0 0 0 2 0 0
2592.3 -6823.3 -3.7 342 0 7.6 12.9 10.0 2.5 2 1 4 2 2
2560.0 -6820.9 -3.8 249 0 8.5 10.2 5.0 2.5 2 1 2 5 5
2552.4 -6850.1 -3.8 168 0 7.5 11.3 7.5 2.5 2 1 3 1 1
2582.6 -6885.4 -3.6 89 0 9.9 7.3 10.0 2.5 2 0 4 4 4
2545.3 -6866.0 -3.9 344 0 7.8 9.0 7.5 0.0 0 1 3 3 3
2539.4 -6891.8 -3.8 74 0 8.4 7.9 5.0 2.5 2 0 2 4 4
2496.8 -6859.3 -4.2 248 0 8.4 9.3 2.5 2.5 2 1 1 3 3
2489.9 -6879.4 -4.2 267 0 7.6 6.4 7.5 2.5 2 0 3 2 2
2633.7 -6749.7 -3.0 353 0 8.0 9.3 2.5 2.5 4 1 1 5 5
2616.0 -6740.4 -3.3 357 0 6.8 11.7 7.5 0.0 0 1 3 1 1
2609.6 -6770.9 -3.6 65 0 7.1 20.0 5.0 2.5 2 1 2 2 2
2647.1 -6605.7 -3.3 70 0 9.2 7.0 10.0 2.5 2 0 4 3 3
2646.8 -6415.1 -5.7 337 0 10.0 16.0 7.5 2.5 4 1 3 5 5
2641.3 -6506.2 -4.3 158 0 6.2 7.9 7.5 2.5 2 1 3 3 3
2668.3 -6458.3 -4.6 335 0 9.5 7.4 7.5 2.5 2 0 3 4 4
2699.7 -6558.3 -3.2 4 0 7.1 6.5 7.5 2.5 2 0 3 4 4
2703.3 -6583.9 -3.2 92 0 11.0 7.5 7.5 2.5 2 0 3 5 5
2617.6 -6617.0 -3.5 82 0 7.1 7.8 5.0 0.0 0 1 2 5 5
2606.0 -6595.8 -3.8 178 0 8.1 10.2 7.5 2.5 2 1 3 0 0
2602.8 -6644.7 -3.6 77 0 9.0 7.6 7.5 2.5 2 0 3 0 0
2549.1 -6670.6 -4.0 82 0 11.0 6.6 7.5 2.5 2 0 3 3 3
2534.9 -6680.5 -4.2 72 0 6.9 6.7 7.5 2.5 2 0 3 5 5
2526.0 -6683.3 -4.5 73 0 7.8 9.9 7.5 2.5 2 1 3 0 0
2518.5 -6771.0 -4.2 164 0 7.8 10.6 5.0 0.0 0 1 2 3 3
2506.5 -6772.0 -4.6 163 0 9.0 7.3 7.5 2.5 2 0 3 1 1
2505.2 -6805.9 -4.6 348 0 7.8 8.2 2.5 2.5 2 1 1 0 0
2476.9 -6807.6 -5.0 177 0 7.9 9.9 5.0 2.5 2 1 2 1 1
2481.7 -6849.1 -4.7 158 0 6.7 11.0 7.5 2.5 4 1 3 4 4
2463.7 -6767.8 -5.9 1 0 10.0 8.0 5.0 2.5 4 0 2 5 5
2454.5 -6809.8 -5.5 86 0 8.2 7.0 5.0 2.5 2 0 2 0 0
2453.2 -6781.4 -5.8 358 0 6.9 8.1 5.0 0.0 0 1 2 1 1
2436.1 -6779.3 -6.4 265 0 12.3 11.2 10.0 2.5 2 0 4 1 1
2436.4 -6810.7 -6.2 90 0 9.0 7.0 5.0 2.5 2 0 2 3 3
2470.1 -6836.8 -5.3 356 0 6.8 13.6 5.0 2.5 2 1 2 0 0
2435.7 -6827.3 -6.0 178 0 6.2 10.7 5.0 2.5 2 1 2 0 0
2445.5 -6862.7 -5.4 179 0 6.8 6.7 7.5 2.5 2 0 3 3 3
2428.1 -6835.9 -6.3 350 0 7.4 8.6 10.0 2.5 2 1 4 3 3
2433.1 -6850.3 -6.0 359 0 6.9 6.5 7.5 2.5 2 0 3 1 1
2402.8 -6854.4 -6.8 257 0 7.7 9.6 10.0 2.5 2 1 4 5 5
5819.8 -5700.1 -2.2 250 0 13.6 9.7 2.5 0.0 0 0 1 4 4
5800.4 -5731.6 -2.4 140 0 6.8 7.6 10.0 2.5 2 1 4 3 3
5783.4 -5708.4 -2.6 260 0 7.5 9.3 5.0 2.5 4 1 2 1 1
5778.0 -5684.5 -2.7 254 0 9.3 9.0 5.0 2.5 2 0 2 5 5
5762.7 -5688.4 -3.0 263 0 8.3 11.0 2.5 0.0 0 1 1 4 4
5762.2 -5718.0 -3.1 172 0 9.0 13.0 7.5 2.5 2 1 3 3 3
5780.8 -5731.0 -2.8 180 0 9.8 6.9 7.5 2.5 2 0 3 3 3
5790.0 -5750.1 -2.7 171 0 10.0 15.9 5.0 2.5 2 1 2 0 0
5827.3 -5767.0 -2.4 76 0 11.2 13.5 7.5 2.5 4 1 3 2 2
2704.6 -6884.6 -4.2 75 0 11.4 9.1 10.0 2.5 2 0 4 0 0
2625.2 -6884.1 -3.4 175 0 8.2 10.9 5.0 2.5 2 1 2 3 3
5779.2 -5508.1 -5.2 74 0 9.9 10.1 5.0 2.5 2 1 2 2 2
5819.9 -5480.6 -5.8 350 0 9.1 9.0 10.0 2.5 2 0 4 5 5
5797.0 -5512.7 -4.7 164 0 7.8 8.7 5.0 2.5 2 1 2 5 5
5805.0 -5537.4 -4.1 163 0 9.4 7.8 7.5 0.0 0 0 3 2 2
5757.2 -5534.8 -4.4 163 0 10.8 13.2 7.5 0.0 0 1 3 4 4
5777.5 -5556.0 -4.0 163 0 8.1 8.2 10.0 2.5 2 1 4 2 2
5762.7 -5548.9 -4.2 163 0 13.2 10.9 7.5 2.5 2 0 3 4 4
5742.0 -5538.7 -4.5 73 0 14.8 10.8 10.0 2.5 2 0 4 2 2
5719.2 -5545.4 -4.6 73 0 11.4 9.3 5.0 0.0 0 0 2 4 4
5745.6 -5566.9 -4.0 163 0 9.3 10.5 7.5 2.5 2 1 3 5 5
5733.7 -5577.4 -4.3 69 0 13.2 10.2 7.5 2.5 2 0 3 1 1
5813.7 -5591.5 -3.4 161 0 7.9 9.5 7.5 2.5 2 1 3 1 1
5819.0 -5561.3 -3.8 161 0 6.8 7.6 10.0 2.5 2 1 4 2 2
5826.7 -5557.7 -3.8 161 0 8.9 11.6 2.5 2.5 2 1 1 4 4
5818.6 -5574.6 -3.6 151 0 10.5 12.4 7.5 2.5 2 1 3 5 5
5810.1 -5606.2 -3.3 159 0 12.0 8.2 7.5 2.5 2 0 3 1 1
5817.6 -5628.1 -2.9 241 0 6.6 7.5 5.0 2.5 2 1 2 4 4
5791.6 -5638.2 -2.9 161 0 9.6 10.5 7.5 2.5 2 1 3 5 5
5769.2 -5641.8 -3.2 254 0 13.3 8.0 7.5 2.5 2 0 3 2 2
5774.3 -5623.7 -3.1 252 0 10.9 13.7 7.5 2.5 2 1 3 4 4
5763.0 -5618.8 -3.3 163 0 11.6 9.7 5.0 2.5 2 0 2 4 4
5787.2 -5613.0 -3.3 163 0 10.0 8.4 7.5 2.5 2 0 3 2 2
5753.7 -5585.9 -3.8 162 0 10.5 12.3 2.5 2.5 2 1 1 3 3
5747.2 -5620.5 -3.7 250 0 11.7 10.4 10.0 2.5 2 0 4 3 3
5755.2 -5644.9 -3.4 252 0 9.9 8.6 7.5 2.5 2 0 3 1 1
5755.2 -5671.7 -3.3 252 0 9.7 11.1 7.5 2.5 2 1 3 2 2
2633.6 -6783.9 -3.2 267 0 12.4 9.7 5.0 2.5 2 0 2 5 5
2619.5 -6791.1 -3.5 260 0 7.5 6.6 5.0 2.5 2 0 2 5 5
2601.8 -6799.4 -3.7 170 0 7.1 8.3 7.5 2.5 2 1 3 1 1
2604.2 -6810.3 -3.6 175 0 7.2 10.9 5.0 2.5 2 1 2 1 1
2607.5 -6825.1 -3.6 175 0 6.4 8.0 5.0 2.5 2 1 2 4 4
2611.5 -6836.2 -3.5 179 0 6.8 10.3 7.5 0.0 0 1 3 5 5
2619.9 -6847.7 -3.5 170 0 6.8 10.1 5.0 2.5 2 1 2 3 3
2641.6 -6838.5 -3.3 178 0 10.7 10.8 10.0 2.5 2 1 4 0 0
2657.2 -6837.7 -3.0 178 0 6.3 8.3 7.5 2.5 2 1 3 2 2
2671.0 -6865.8 -3.0 90 0 10.9 11.3 5.0 2.5 2 1 2 3 3
2646.5 -6854.4 -3.3 176 0 8.4 12.6 7.5 0.0 0 1 3 1 1
2635.2 -6868.5 -3.4 165 0 9.5 10.4 5.0 2.5 2 1 2 1 1
2621.6 -6861.8 -3.4 168 0 7.0 9.6 7.5 2.5 2 1 3 3 3
2621.4 -6873.7 -3.4 165 0 9.0 11.3 5.0 2.5 2 1 2 0 0
2737.8 -6873.3 -5.0 349 0 7.9 18.4 7.5 2.5 2 1 3 0 0
4559.4 -6892.6 -7.9 97 0 17.5 10.0 7.5 0.0 0 0 3 2 2
4594.3 -6875.4 -8.6 360 0 8.2 8.3 5.0 2.5 2 1 2 5 5
4564.3 -6864.1 -8.2 188 0 10.6 22.0 2.5 2.5 2 1 1 1 1
4605.6 -6841.2 -8.6 156 0 11.9 21.6 10.0 0.0 0 1 4 1 1
4592.6 -6791.1 -7.8 285 0 12.4 9.7 7.5 0.0 0 0 3 5 5
2717.4 -6758.8 -3.5 270 0 6.0 9.4 7.5 2.5 2 1 3 0 0
2727.8 -6840.7 -4.3 26 0 19.3 13.3 7.5 2.5 2 0 3 4 4
2730.0 -6810.7 -4.1 349 0 9.4 19.8 5.0 2.5 2 1 2 3 3
2709.3 -6805.0 -3.4 349 0 9.1 6.3 7.5 2.5 2 0 3 2 2
2687.5 -6793.1 -2.9 256 0 7.4 10.2 10.0 2.5 2 1 4 0 0
2705.5 -6830.9 -3.4 0 0 6.5 9.8 7.5 0.0 0 1 3 0 0
2707.1 -6853.5 -3.8 341 0 6.6 6.9 5.0 2.5 2 1 2 4 4
2694.1 -6859.1 -3.5 75 0 9.5 12.3 7.5 2.5 2 1 3 3 3
2689.0 -6836.2 -3.1 343 0 9.2 11.1 7.5 2.5 2 1 3 4 4
2681.6 -6821.9 -2.8 346 0 6.1 7.2 7.5 2.5 2 1 3 1 1
2684.4 -6813.0 -2.9 347 0 8.3 11.1 7.5 2.5 2 1 3 0 0
2670.4 -6764.3 -2.4 265 0 8.6 10.9 7.5 2.5 2 1 3 2 2
2658.3 -6773.6 -2.6 267 0 6.2 6.5 7.5 2.5 2 1 3 5 5
2648.8 -6784.0 -3.0 264 0 13.2 7.0 7.5 2.5 2 0 3 4 4
4367.0 -6373.2 -7.3 148 0 8.0 9.1 5.0 0.0 0 1 2 1 1
4375.8 -6394.0 -7.6 153 0 7.9 9.7 2.5 2.5 2 1 1 2 2
4413.8 -6477.4 -5.9 150 0 6.2 13.5 7.5 2.5 2 1 3 5 5
4405.8 -6457.9 -6.3 156 0 8.8 12.5 7.5 2.5 2 1 3 0 0
4421.0 -6452.2 -6.4 150 0 6.7 6.9 5.0 2.5 4 1 2 1 1
4436.0 -6434.7 -6.7 338 0 7.8 9.5 2.5 2.5 4 1 1 2 2
4449.7 -6456.7 -6.2 345 0 6.8 9.1 7.5 2.5 2 1 3 2 2
4457.9 -6487.1 -5.7 59 0 9.9 6.0 7.5 2.5 2 0 3 3 3
4513.0 -6462.4 -6.4 147 0 7.8 10.1 2.5 2.5 2 1 1 4 4
4443.7 -6530.9 -4.8 148 0 8.0 10.9 5.0 2.5 2 1 2 5 5
4462.4 -6564.9 -4.1 148 0 7.0 10.6 2.5 2.5 2 1 1 2 2
4529.4 -6473.8 -6.3 241 0 12.6 10.5 7.5 2.5 4 0 3 2 2
4488.2 -6497.2 -5.6 142 0 11.6 8.6 5.0 2.5 2 0 2 4 4
4478.1 -6590.9 -3.6 149 0 6.0 7.9 7.5 2.5 4 1 3 3 3
4489.4 -6612.8 -3.2 152 0 8.7 11.2 7.5 2.5 4 1 3 2 2
4500.7 -6626.5 -2.9 62 0 7.9 6.5 5.0 2.5 2 0 2 4 4
4517.1 -6637.3 -3.5 243 0 10.3 9.9 2.5 2.5 2 0 1 4 4
4505.7 -6692.4 -4.5 336 0 13.4 13.9 7.5 0.0 0 1 3 5 5
4493.2 -6670.9 -3.8 337 0 9.8 13.1 7.5 0.0 0 1 3 5 5
4495.5 -6652.9 -3.5 333 0 7.6 15.5 7.5 2.5 2 1 3 1 1
4486.5 -6635.1 -3.1 335 0 8.0 12.2 5.0 2.5 2 1 2 0 0
4453.4 -6599.6 -3.3 243 0 11.4 11.6 7.5 2.5 2 1 3 4 4
4444.6 -6643.2 -3.2 245 0 7.7 7.2 7.5 2.5 2 0 3 1 1
4458.1 -6671.8 -3.4 67 0 9.8 14.0 5.0 2.5 2 1 2 0 0
4377.8 -6673.3 -4.4 156 0 7.6 6.4 5.0 2.5 2 0 2 5 5
4353.7 -6657.3 -5.6 156 0 11.4 10.9 10.0 2.5 2 0 4 1 1
4405.7 -6722.0 -4.5 156 0 11.0 7.2 7.5 2.5 2 0 3 2 2
4412.7 -6765.8 -6.4 133 0 10.3 8.9 7.5 2.5 2 0 3 1 1
4432.7 -6783.2 -6.9 129 0 11.2 10.6 5.0 2.5 2 0 2 2 2
4453.9 -6800.0 -7.2 131 0 8.5 17.4 10.0 0.0 0 1 4 4 4
4499.5 -6822.4 -6.5 125 0 15.4 9.1 2.5 2.5 2 0 1 0 0
4526.5 -6847.5 -6.7 110 0 7.5 18.9 5.0 2.5 2 1 2 1 1
4365.2 -6775.9 -6.5 248 0 6.2 6.8 7.5 2.5 2 1 3 4 4
4392.2 -6764.1 -6.2 326 0 9.4 10.0 10.0 2.5 2 1 4 4 4
4392.8 -6812.7 -7.2 151 0 7.7 7.3 7.5 2.5 2 0 3 5 5
4422.0 -6802.3 -7.9 334 0 12.3 9.0 7.5 2.5 2 0 3 3 3
4421.2 -6835.6 -7.5 82 0 10.1 7.2 7.5 2.5 2 0 3 2 2
4442.5 -6816.3 -7.8 348 0 9.1 11.4 2.5 0.0 0 1 1 4 4
4480.3 -6847.7 -6.9 215 0 14.1 10.5 5.0 2.5 2 0 2 4 4
2731.4 -6655.5 -3.1 268 0 10.6 9.7 10.0 2.5 2 0 4 4 4
2739.4 -6697.5 -3.3 355 0 7.9 10.9 7.5 2.5 2 1 3 2 2
2735.0 -6720.2 -3.4 78 0 8.7 6.8 10.0 0.0 0 0 4 5 5
2724.7 -6699.0 -3.0 359 0 7.4 12.5 5.0 2.5 2 1 2 4 4
2721.5 -6723.5 -3.1 11 0 7.4 10.0 5.0 2.5 2 1 2 5 5
2700.3 -6664.7 -2.6 269 0 8.5 8.2 5.0 2.5 2 0 2 3 3
2696.8 -6680.2 -2.5 269 0 7.8 6.3 7.5 2.5 2 0 3 1 1
2728.8 -6625.7 -3.2 358 0 7.6 11.2 7.5 2.5 2 1 3 1 1
2712.0 -6652.9 -2.9 86 0 8.7 8.4 2.5 2.5 2 0 1 0 0
2687.7 -6603.0 -2.9 260 0 6.5 9.8 7.5 2.5 2 1 3 1 1
2679.6 -6603.1 -2.8 263 0 6.5 10.3 10.0 2.5 2 1 4 1 1
2689.5 -6618.9 -2.8 265 0 7.8 6.3 7.5 2.5 2 0 3 0 0
2666.6 -6619.8 -2.8 267 0 10.0 8.8 10.0 2.5 2 0 4 4 4
2657.2 -6642.8 -2.8 76 0 8.0 7.3 7.5 2.5 2 0 3 1 1
2618.9 -6634.4 -3.3 169 0 7.4 11.4 7.5 2.5 2 1 3 1 1
2623.9 -6648.8 -3.1 169 0 9.7 6.5 7.5 2.5 2 0 3 1 1
2638.9 -6668.5 -2.8 84 0 6.9 7.4 7.5 2.5 2 1 3 3 3
2654.0 -6665.9 -2.6 85 0 7.1 6.5 5.0 2.5 2 0 2 0 0
2661.8 -6686.9 -2.3 264 0 11.5 7.2 7.5 2.5 2 0 3 2 2
2678.9 -6682.6 -2.2 267 0 9.9 7.6 7.5 2.5 2 0 3 0 0
2683.7 -6698.6 -2.2 266 0 9.3 6.8 5.0 2.5 2 0 2 0 0
2705.0 -6709.0 -2.6 0 0 6.1 9.0 5.0 2.5 2 1 2 1 1
2704.8 -6729.5 -2.8 88 0 6.4 10.1 5.0 2.5 2 1 2 4 4
2697.0 -6751.8 -2.8 88 0 7.3 7.1 7.5 2.5 2 0 3 3 3
2686.0 -6749.9 -2.5 85 0 6.3 9.4 10.0 2.5 2 1 4 3 3
2691.0 -6727.4 -2.5 88 0 7.6 9.2 7.5 2.5 2 1 3 5 5
2681.9 -6729.2 -2.3 92 0 8.2 10.5 7.5 2.5 2 1 3 3 3
2675.7 -6752.1 -2.3 92 0 8.4 7.6 10.0 2.5 2 0 4 2 2
2642.8 -6678.5 -2.7 263 0 13.3 8.9 5.0 0.0 0 0 2 2 2
2628.0 -6686.8 -2.8 173 0 7.1 7.4 7.5 2.5 2 1 3 4 4
2630.8 -6700.8 -2.6 168 0 10.6 11.7 7.5 2.5 2 1 3 0 0
2643.8 -6698.3 -2.5 168 0 7.6 11.1 7.5 2.5 2 1 3 1 1
2635.5 -6714.1 -2.6 175 0 8.3 10.2 7.5 2.5 2 1 3 4 4
2640.7 -6728.3 -2.6 176 0 6.8 8.0 7.5 2.5 4 1 3 3 3
2642.5 -6737.8 -2.6 178 0 6.0 12.8 5.0 2.5 2 1 2 3 3
2651.4 -6755.1 -2.6 89 0 6.8 7.4 10.0 2.5 2 1 4 3 3
2749.6 -6580.3 -3.7 263 0 7.6 6.3 10.0 2.5 2 0 4 5 5
2745.6 -6616.1 -3.5 176 0 9.2 11.3 7.5 2.5 4 1 3 3 3
2750.8 -6639.9 -3.5 176 0 10.6 7.7 5.0 2.5 4 0 2 2 2
2803.4 -6669.4 -3.6 182 0 6.1 9.9 7.5 0.0 0 1 3 2 2
2787.9 -6687.4 -3.8 355 0 6.2 9.5 7.5 2.5 2 1 3 4 4
2787.2 -6706.4 -3.8 84 0 13.8 15.0 5.0 2.5 2 1 2 2 2
2750.0 -6753.4 -4.5 182 0 13.0 15.5 5.0 2.5 2 1 2 4 4
2734.3 -6766.0 -4.0 165 0 7.8 12.8 10.0 2.5 2 1 4 0 0
2781.8 -6760.3 -4.5 83 0 11.6 8.1 7.5 2.5 2 0 3 4 4
2767.8 -6728.5 -4.3 264 0 8.0 9.4 7.5 2.5 2 1 3 1 1
2792.4 -6713.1 -4.0 269 0 7.1 10.4 10.0 2.5 2 1 4 1 1
4286.5 -6579.4 -7.1 61 0 11.3 9.4 7.5 2.5 2 0 3 5 5
4291.7 -6592.7 -7.0 66 0 9.7 9.9 5.0 2.5 2 1 2 2 2
4307.7 -6566.3 -6.9 340 0 6.7 10.3 7.5 2.5 4 1 3 5 5
4298.1 -6541.6 -7.0 344 0 8.1 9.0 5.0 2.5 2 1 2 1 1
4267.0 -6521.7 -7.2 345 0 11.1 9.5 7.5 2.5 2 0 3 3 3
4233.9 -6478.1 -7.6 79 0 9.3 10.1 2.5 2.5 4 1 1 4 4
4277.4 -6455.7 -7.1 77 0 9.2 11.1 7.5 2.5 2 1 3 3 3
4271.1 -6390.9 -6.3 248 0 6.8 6.1 7.5 2.5 2 0 3 3 3
4349.0 -6377.9 -6.5 340 0 8.1 11.5 7.5 2.5 2 1 3 5 5
4369.2 -6419.7 -7.0 339 0 8.6 12.3 7.5 2.5 2 1 3 2 2
4306.3 -6517.3 -6.8 160 0 8.1 10.4 5.0 2.5 2 1 2 5 5
4328.0 -6530.7 -6.7 162 0 10.9 11.3 5.0 2.5 2 1 2 0 0
4313.5 -6467.0 -6.7 254 0 8.8 9.3 7.5 2.5 2 1 3 4 4
4364.3 -6468.7 -5.9 260 0 6.2 10.6 7.5 2.5 2 1 3 3 3
4374.0 -6467.0 -5.9 255 0 10.6 8.0 7.5 2.5 2 0 3 5 5
4394.9 -6531.4 -5.1 67 0 21.6 15.8 10.0 0.0 0 0 4 2 2
4408.6 -6491.2 -5.5 330 0 11.3 8.6 5.0 0.0 0 0 2 1 1
4320.1 -6616.9 -6.8 333 0 8.1 6.6 10.0 2.5 2 0 4 0 0
4206.1 -6667.1 -5.9 335 0 7.3 7.4 5.0 2.5 2 1 2 2 2
4300.1 -6728.0 -5.7 163 0 7.7 16.6 5.0 2.5 2 1 2 3 3
4331.8 -6746.1 -6.0 76 0 8.9 6.9 7.5 2.5 2 0 3 5 5
4400.1 -6599.4 -4.2 333 0 6.0 8.5 10.0 0.0 0 1 4 2 2
4394.2 -6553.3 -4.3 148 0 8.5 10.4 5.0 2.5 2 1 2 5 5
4434.4 -6533.5 -4.6 333 0 7.6 10.6 7.5 2.5 2 1 3 3 3
4450.4 -6568.3 -3.9 333 0 7.4 14.6 5.0 2.5 4 1 2 1 1
4436.5 -6555.9 -4.2 336 0 7.9 11.7 7.5 2.5 2 1 3 4 4
2725.4 -6539.4 -4.0 173 0 6.5 7.5 5.0 2.5 2 1 2 4 4
3484.9 -6171.3 -7.4 72 0 6.4 9.4 5.0 2.5 2 1 2 1 1
4424.9 -6233.1 -7.8 165 0 8.3 10.2 7.5 0.0 0 1 3 3 3
4447.2 -6221.7 -7.8 343 0 8.4 12.4 2.5 2.5 2 1 1 2 2
4420.9 -6218.6 -7.7 169 0 7.6 8.9 5.0 2.5 2 1 2 1 1
4446.7 -6210.6 -7.7 347 0 7.7 14.3 7.5 2.5 2 1 3 5 5
4414.2 -6184.3 -7.5 169 0 7.7 9.6 5.0 0.0 0 1 2 0 0
4441.0 -6176.8 -7.5 347 0 9.7 13.3 7.5 2.5 2 1 3 1 1
4468.1 -6269.9 -8.1 180 0 6.7 8.1 7.5 2.5 2 1 3 3 3
4462.2 -6256.4 -8.0 167 0 10.1 12.2 2.5 2.5 2 1 1 2 2
4459.3 -6241.6 -7.9 169 0 8.3 11.5 10.0 2.5 2 1 4 4 4
4456.4 -6223.9 -7.8 175 0 8.1 9.8 7.5 2.5 2 1 3 1 1
4454.7 -6206.6 -7.7 175 0 9.0 10.1 7.5 2.5 2 1 3 0 0
4454.2 -6189.5 -7.6 173 0 9.8 10.5 2.5 2.5 4 1 1 4 4
4474.6 -6181.5 -7.5 357 0 9.7 8.8 2.5 2.5 2 0 1 2 2
4479.2 -6204.6 -7.7 349 0 7.2 9.4 7.5 2.5 2 1 3 2 2
4468.0 -6222.1 -7.8 180 0 7.7 6.6 7.5 2.5 2 0 3 0 0
4483.5 -6234.0 -7.9 349 0 8.0 8.3 5.0 2.5 2 1 2 2 2
4486.0 -6249.5 -8.0 352 0 9.5 9.1 5.0 2.5 2 0 2 2 2
4492.3 -6269.4 -8.1 357 0 6.6 12.0 7.5 2.5 2 1 3 4 4
4484.0 -6163.3 -7.4 166 0 6.2 12.5 5.0 2.5 2 1 2 0 0
4487.0 -6174.2 -7.5 174 0 6.8 12.3 2.5 0.0 0 1 1 4 4
4499.6 -6253.2 -8.0 157 0 7.0 9.5 7.5 2.5 2 1 3 2 2
4501.6 -6262.5 -8.1 167 0 10.7 10.1 5.0 2.5 2 0 2 0 0
4477.0 -6291.0 -8.2 258 0 9.0 8.3 10.0 2.5 2 0 4 5 5
4495.6 -6291.2 -8.2 348 0 8.2 11.3 5.0 2.5 2 1 2 2 2
5772.9 -5377.4 -7.0 250 0 8.2 8.3 2.5 2.5 2 1 1 5 5
5751.9 -5500.0 -5.5 71 0 10.1 8.2 7.5 2.5 2 0 3 3 3
5750.0 -5486.8 -6.0 72 0 9.7 6.8 2.5 2.5 2 0 1 3 3
5770.1 -5489.7 -5.8 72 0 6.5 7.5 7.5 2.5 2 1 3 0 0
5770.9 -5480.9 -6.2 75 0 12.1 9.4 5.0 2.5 2 0 2 5 5
5832.6 -5251.6 -4.9 347 0 10.5 8.4 7.5 2.5 2 0 3 5 5
5803.9 -5243.5 -4.8 256 0 10.4 10.2 7.5 2.5 2 0 3 2 2
5817.9 -5260.7 -5.1 346 0 11.6 11.4 10.0 2.5 2 0 4 2 2
5824.8 -5284.5 -5.4 346 0 9.3 9.4 5.0 2.5 2 1 2 5 5
5711.9 -5446.8 -6.6 257 0 6.6 6.4 2.5 2.5 4 0 1 0 0
5711.5 -5436.6 -6.9 258 0 9.0 9.5 7.5 0.0 0 1 3 4 4
5709.1 -5424.5 -7.2 257 0 10.7 9.9 5.0 2.5 2 0 2 0 0
5689.6 -5405.3 -6.9 256 0 11.8 9.3 10.0 2.5 2 0 4 5 5
5609.1 -5443.3 -6.4 164 0 11.2 7.7 7.5 2.5 2 0 3 3 3
5621.7 -5421.3 -6.6 158 0 10.5 10.2 7.5 2.5 2 0 3 4 4
5643.7 -5395.6 -6.4 338 0 7.9 9.7 2.5 2.5 2 1 1 5 5
5643.8 -5372.6 -6.2 346 0 10.1 11.6 7.5 2.5 2 1 3 3 3
5599.2 -5306.6 -5.7 155 0 7.8 13.6 10.0 2.5 2 1 4 3 3
5562.0 -5400.9 -6.8 343 0 6.0 9.2 10.0 2.5 2 1 4 1 1
5552.1 -5410.1 -6.7 345 0 6.7 6.5 10.0 2.5 2 0 4 3 3
5540.4 -5409.9 -6.7 346 0 12.6 10.8 7.5 2.5 2 0 3 5 5
5527.8 -5379.6 -7.0 254 0 8.3 12.6 7.5 2.5 2 1 3 5 5
5553.8 -5369.3 -6.8 337 0 10.7 10.3 7.5 0.0 0 0 3 4 4
5543.5 -5432.0 -6.4 357 0 8.9 8.3 5.0 2.5 2 0 2 0 0
5579.5 -5425.0 -6.5 353 0 8.4 8.0 2.5 2.5 2 0 1 0 0
5586.8 -5417.8 -6.6 357 0 7.4 7.3 7.5 2.5 2 0 3 2 2
5634.3 -5714.8 -3.6 357 0 12.7 6.8 7.5 2.5 2 0 3 0 0
5604.9 -5716.5 -3.5 169 0 9.0 10.2 7.5 2.5 2 1 3 4 4
5610.5 -5697.8 -3.3 169 0 6.8 7.0 5.0 2.5 2 1 2 5 5
5594.5 -5698.9 -3.3 169 0 12.0 9.4 5.0 2.5 4 0 2 1 1
5584.1 -5664.1 -3.4 169 0 10.2 12.6 2.5 2.5 2 1 1 5 5
5610.7 -5653.3 -3.5 259 0 11.9 9.3 7.5 2.5 2 0 3 5 5
5610.3 -5681.5 -3.5 169 0 10.5 13.8 5.0 0.0 0 1 2 1 1
5647.8 -5693.7 -3.5 349 0 8.8 12.5 5.0 2.5 2 1 2 1 1
5654.6 -5746.6 -4.0 349 0 10.0 8.8 7.5 2.5 2 0 3 0 0
5620.5 -5726.9 -3.6 169 0 7.1 6.7 7.5 2.5 2 0 3 3 3
5618.9 -5743.0 -3.8 169 0 9.6 10.1 7.5 2.5 2 1 3 0 0
5624.3 -5755.1 -3.9 138 0 6.3 6.7 7.5 2.5 2 1 3 0 0
5663.0 -5716.4 -3.8 165 0 10.9 6.9 7.5 2.5 2 0 3 3 3
5670.6 -5714.8 -3.8 170 0 8.6 7.1 7.5 2.5 2 0 3 5 5
5667.8 -5738.6 -4.1 172 0 11.4 14.6 7.5 0.0 0 1 3 5 5
5699.2 -5754.3 -4.1 170 0 7.1 8.4 7.5 0.0 0 1 3 0 0
5692.2 -5719.0 -4.0 172 0 9.8 9.2 5.0 2.5 2 0 2 2 2
5691.2 -5709.4 -3.9 172 0 8.0 10.3 7.5 2.5 2 1 3 0 0
5708.8 -5716.7 -4.0 167 0 10.1 11.2 7.5 2.5 2 1 3 4 4
5720.6 -5704.8 -3.8 170 0 12.0 8.7 7.5 2.5 2 0 3 2 2
5746.2 -5713.0 -3.3 166 0 7.5 7.3 7.5 2.5 4 0 3 1 1
5688.8 -5692.3 -3.9 166 0 6.1 9.6 5.0 2.5 2 1 2 5 5
5701.5 -5687.3 -4.0 166 0 10.4 10.0 7.5 2.5 2 0 3 4 4
5699.8 -5654.4 -4.1 256 0 6.6 13.6 7.5 2.5 2 1 3 5 5
5712.5 -5685.4 -4.0 166 0 6.5 10.4 7.5 2.5 2 1 3 0 0
5725.9 -5682.5 -3.8 166 0 9.9 14.7 5.0 2.5 2 1 2 2 2
5730.2 -5647.8 -3.9 256 0 7.2 8.5 10.0 2.5 2 1 4 5 5
5722.7 -5653.1 -4.0 256 0 8.1 8.5 7.5 0.0 0 1 3 2 2
5727.7 -5636.4 -4.0 256 0 8.4 7.4 5.0 2.5 2 0 2 5 5
5697.4 -5631.0 -4.2 256 0 9.8 9.9 5.0 2.5 2 1 2 1 1
5673.6 -5621.4 -4.1 256 0 12.7 12.6 5.0 2.5 2 0 2 4 4
5663.5 -5578.8 -4.2 166 0 6.1 9.0 7.5 2.5 2 1 3 5 5
5656.1 -5566.6 -4.3 166 0 6.0 7.5 7.5 2.5 2 1 3 2 2
5639.0 -5568.8 -4.4 166 0 11.5 10.3 7.5 2.5 2 0 3 4 4
5645.2 -5616.3 -4.0 166 0 11.6 17.2 5.0 2.5 2 1 2 0 0
5688.1 -5601.8 -4.3 76 0 10.2 10.0 2.5 2.5 2 0 1 5 5
5684.3 -5589.1 -4.3 76 0 10.2 8.8 7.5 2.5 2 0 3 3 3
5709.1 -5604.7 -4.4 77 0 11.4 9.8 5.0 2.5 2 0 2 3 3
5683.9 -5555.6 -4.4 155 0 9.6 6.0 2.5 2.5 2 0 1 5 5
5549.0 -5617.1 -4.1 68 0 13.5 12.6 2.5 2.5 2 0 1 5 5
5557.8 -5586.3 -4.4 81 0 7.2 7.5 7.5 2.5 2 1 3 0 0
5559.4 -5607.0 -4.2 82 0 8.0 7.1 2.5 2.5 2 0 1 0 0
5570.5 -5598.6 -4.3 75 0 9.4 11.1 5.0 2.5 2 1 2 1 1
5608.8 -5630.4 -3.7 77 0 14.2 10.4 7.5 2.5 2 0 3 4 4
5625.2 -5623.1 -3.8 74 0 11.2 6.3 5.0 2.5 2 0 2 1 1
5637.5 -5625.8 -3.8 75 0 7.6 8.6 2.5 0.0 0 1 1 5 5
5535.1 -5656.2 -3.5 70 0 8.7 9.0 7.5 2.5 2 1 3 2 2
5520.2 -5618.6 -3.9 71 0 8.6 6.7 7.5 2.5 2 0 3 0 0
5516.1 -5603.0 -4.2 74 0 14.6 9.6 7.5 2.5 2 0 3 1 1
5498.5 -5608.8 -4.0 65 0 11.1 8.7 5.0 2.5 2 0 2 3 3
5489.8 -5583.4 -4.4 71 0 11.7 10.3 5.0 2.5 4 0 2 0 0
5482.5 -5568.9 -4.5 70 0 7.8 6.7 7.5 2.5 2 0 3 2 2
5421.3 -5577.8 -4.2 71 0 8.5 9.4 2.5 2.5 2 1 1 4 4
5425.4 -5535.5 -4.8 77 0 13.6 9.4 5.0 0.0 0 0 2 1 1
5419.2 -5509.3 -5.1 87 0 7.9 7.6 5.0 2.5 2 0 2 5 5
5401.9 -5515.8 -5.0 87 0 11.1 10.3 10.0 2.5 2 0 4 4 4
5396.2 -5492.7 -5.1 252 0 11.6 9.4 7.5 2.5 2 0 3 3 3
5444.7 -5481.7 -5.4 343 0 6.3 6.1 7.5 2.5 2 0 3 1 1
5478.2 -5526.4 -4.9 347 0 6.8 7.9 2.5 2.5 2 1 1 5 5
5487.7 -5512.8 -5.2 344 0 10.6 12.1 10.0 2.5 2 1 4 5 5
5482.5 -5488.2 -5.5 343 0 10.2 12.2 10.0 2.5 2 1 4 0 0
5490.5 -5499.7 -5.3 347 0 7.6 8.0 10.0 0.0 0 1 4 2 2
5497.2 -5492.2 -5.4 339 0 6.7 6.9 2.5 2.5 2 1 1 2 2
5501.0 -5508.5 -5.2 341 0 7.6 7.5 7.5 2.5 2 0 3 4 4
5485.1 -5553.0 -4.7 73 0 11.1 9.0 7.5 2.5 2 0 3 2 2
5535.5 -5476.1 -5.8 341 0 12.0 8.8 5.0 2.5 2 0 2 0 0
5475.9 -5726.4 -3.7 254 0 9.7 7.7 7.5 2.5 4 0 3 2 2
5464.1 -5703.6 -4.2 249 0 9.0 9.2 2.5 0.0 0 1 1 3 3
5484.7 -5697.6 -3.8 249 0 9.0 7.4 10.0 2.5 2 0 4 4 4
5529.8 -5705.0 -2.9 254 0 12.2 10.3 7.5 2.5 2 0 3 5 5
5522.8 -5683.0 -3.0 252 0 13.8 8.3 5.0 2.5 2 0 2 0 0
5548.2 -5718.6 -3.1 342 0 6.1 7.7 2.5 2.5 2 1 1 4 4
5557.8 -5701.1 -3.0 341 0 8.8 8.7 5.0 2.5 2 0 2 3 3
5543.7 -5675.3 -3.1 248 0 12.1 9.2 5.0 2.5 2 0 2 0 0
5602.9 -5744.5 -3.7 343 0 15.1 13.5 5.0 2.5 2 0 2 0 0
5590.3 -5734.2 -3.5 342 0 10.5 10.1 7.5 2.5 2 0 3 0 0
5582.6 -5713.1 -3.3 343 0 10.3 11.2 7.5 2.5 2 1 3 1 1
5579.5 -5671.2 -3.2 340 0 7.3 12.0 10.0 2.5 2 1 4 5 5
5561.7 -5661.6 -3.2 253 0 11.2 10.3 10.0 2.5 2 0 4 0 0
5945.3 -5479.0 -5.5 162 0 8.9 11.2 2.5 2.5 2 1 1 1 1
6013.0 -5407.7 -7.3 340 0 10.7 11.8 2.5 2.5 2 1 1 2 2
6020.9 -5428.2 -7.1 335 0 7.6 7.0 5.0 2.5 2 0 2 4 4
6005.8 -5437.1 -6.8 348 0 9.3 9.1 7.5 2.5 2 0 3 5 5
5976.3 -5429.7 -6.8 159 0 7.7 7.9 10.0 2.5 4 1 4 0 0
5956.6 -5435.1 -6.3 158 0 10.1 9.7 7.5 2.5 2 0 3 1 1
5932.1 -5390.5 -6.2 156 0 8.7 9.8 7.5 2.5 2 1 3 0 0
5964.2 -5370.4 -7.0 240 0 10.0 8.8 10.0 2.5 4 0 4 1 1
6154.8 -5406.4 -8.1 77 0 10.2 9.2 10.0 2.5 2 0 4 5 5
6061.8 -5261.8 -7.9 55 0 11.0 8.3 7.5 2.5 4 0 3 2 2
6226.4 -4791.1 -7.4 254 0 6.6 11.7 2.5 2.5 2 1 1 3 3
6226.7 -4839.4 -7.6 168 0 10.7 13.5 7.5 2.5 2 1 3 0 0
6719.5 -4827.1 -9.6 77 0 8.1 6.4 2.5 2.5 2 0 1 5 5
6230.0 -5534.6 -7.6 270 0 7.8 7.3 7.5 2.5 4 0 3 1 1
6228.6 -5571.1 -7.4 179 0 9.9 11.8 7.5 2.5 2 1 3 2 2
6247.6 -5536.5 -7.4 271 0 7.6 7.2 10.0 2.5 2 0 4 5 5
6239.8 -5556.1 -7.6 180 0 10.2 10.9 7.5 2.5 2 1 3 5 5
6273.0 -5557.9 -7.2 358 0 11.1 10.7 2.5 2.5 2 0 1 1 1
6271.8 -5538.4 -7.1 3 0 10.0 11.0 5.0 2.5 2 1 2 5 5
5459.5 -5684.5 -4.0 69 0 8.0 7.8 7.5 2.5 2 0 3 5 5
5477.7 -5677.7 -3.5 62 0 9.5 7.6 7.5 2.5 2 0 3 1 1
5450.9 -5660.6 -3.6 81 0 8.7 6.9 7.5 2.5 2 0 3 2 2
5446.2 -5651.5 -3.5 64 0 9.8 10.0 10.0 2.5 2 1 4 0 0
5441.9 -5638.6 -3.4 69 0 7.7 6.4 5.0 2.5 2 0 2 3 3
5437.3 -5620.5 -3.7 73 0 10.4 7.1 5.0 2.5 2 0 2 5 5
5448.9 -5601.9 -3.9 73 0 7.9 8.7 7.5 2.5 2 1 3 2 2
5466.4 -5586.1 -4.2 68 0 9.0 9.0 7.5 2.5 4 0 3 1 1
5473.0 -5596.5 -4.1 71 0 11.1 9.7 2.5 2.5 2 0 1 2 2
5479.5 -5619.0 -3.8 73 0 11.9 8.4 2.5 2.5 2 0 1 1 1
5485.6 -5635.1 -3.6 73 0 8.8 6.2 5.0 2.5 2 0 2 4 4
5497.8 -5643.4 -3.6 67 0 7.5 10.0 2.5 2.5 2 1 1 2 2
5491.5 -5657.0 -3.4 68 0 9.6 11.2 10.0 2.5 2 1 4 3 3
4116.0 -6342.1 -8.4 167 0 6.7 7.2 7.5 2.5 2 1 3 1 1
4166.0 -6327.4 -7.9 72 0 13.0 12.0 5.0 2.5 2 0 2 1 1
4222.9 -6283.4 -7.1 255 0 13.3 12.9 7.5 0.0 0 0 3 2 2
4328.5 -6303.3 -6.6 157 0 11.9 10.6 2.5 2.5 2 0 1 1 1
4425.8 -6310.4 -8.3 350 0 8.9 9.5 2.5 2.5 2 1 1 1 1
4402.9 -6295.2 -8.1 82 0 10.2 8.6 7.5 2.5 2 0 3 2 2
4394.7 -6275.2 -8.0 170 0 8.9 12.5 10.0 2.5 2 1 4 2 2
4416.7 -6265.0 -8.0 346 0 10.5 7.6 10.0 2.5 2 0 4 5 5
4391.3 -6258.2 -7.8 169 0 9.5 11.0 7.5 2.5 2 1 3 3 3
4414.3 -6235.8 -7.8 349 0 8.5 13.7 2.5 2.5 2 1 1 2 2
4385.6 -6225.9 -7.6 163 0 10.7 11.0 5.0 2.5 2 1 2 0 0
4410.5 -6219.7 -7.6 349 0 7.1 10.6 7.5 2.5 2 1 3 3 3
4406.5 -6202.2 -7.5 343 0 10.0 10.6 2.5 2.5 2 1 1 2 2
2853.5 -6850.3 -5.3 167 0 7.3 9.4 7.5 2.5 2 1 3 4 4
6228.4 -5628.2 -6.8 175 0 7.9 7.8 5.0 2.5 2 0 2 2 2
6291.9 -5730.9 -5.7 6 0 7.4 9.6 5.0 0.0 0 1 2 2 2
6233.2 -5726.4 -6.4 182 0 13.3 9.6 5.0 2.5 2 0 2 5 5
6239.5 -5696.9 -6.6 180 0 12.8 11.0 10.0 2.5 2 0 4 4 4
6267.5 -5615.1 -7.3 360 0 8.1 6.4 7.5 2.5 2 0 3 3 3
6256.2 -5627.4 -7.1 354 0 6.4 6.1 5.0 2.5 2 0 2 5 5
6268.9 -5729.1 -6.2 3 0 7.7 6.6 7.5 2.5 2 0 3 5 5
6294.3 -5700.9 -6.0 0 0 11.7 10.8 7.5 2.5 4 0 3 1 1
6312.1 -5683.9 -5.5 4 0 8.3 8.7 7.5 2.5 2 1 3 0 0
6302.6 -5648.9 -6.2 355 0 8.9 10.9 5.0 2.5 2 1 2 4 4
6034.9 -5519.9 -5.0 80 0 10.5 9.2 7.5 2.5 2 0 3 3 3
5970.3 -5494.9 -5.2 167 0 8.8 10.3 2.5 2.5 2 1 1 1 1
5955.2 -5500.9 -4.9 164 0 8.4 9.9 7.5 2.5 4 1 3 4 4
5874.6 -5303.4 -5.6 156 0 9.0 11.7 10.0 2.5 2 1 4 4 4
5885.5 -5295.0 -5.7 155 0 10.7 7.5 7.5 2.5 2 0 3 1 1
5882.1 -5283.8 -5.6 162 0 7.7 9.7 5.0 2.5 2 1 2 5 5
5875.8 -5269.8 -5.6 164 0 8.3 10.5 7.5 0.0 0 1 3 3 3
5905.2 -5243.2 -5.8 260 0 10.2 8.0 5.0 2.5 2 0 2 2 2
5926.7 -5265.3 -6.1 70 0 11.8 8.0 7.5 2.5 2 0 3 5 5
5943.6 -5256.9 -6.3 62 0 9.6 8.3 5.0 2.5 2 0 2 5 5
2952.4 -6843.0 -5.5 255 0 9.6 6.3 7.5 2.5 2 0 3 2 2
2943.0 -6850.4 -5.4 272 0 6.8 16.4 10.0 2.5 2 1 4 1 1
5293.8 -5138.0 -7.1 241 0 6.3 6.1 5.0 2.5 2 0 2 2 2
5343.3 -5334.2 -5.6 258 0 7.0 6.0 7.5 2.5 2 0 3 5 5
5369.8 -5333.0 -6.2 257 0 7.3 7.3 7.5 2.5 2 0 3 4 4
5458.0 -5344.7 -7.2 259 0 13.9 8.4 2.5 2.5 2 0 1 4 4
5482.0 -5351.1 -7.2 347 0 8.9 12.7 7.5 2.5 2 1 3 5 5
5422.6 -5365.8 -6.9 255 0 10.9 9.1 7.5 2.5 4 0 3 2 2
5393.8 -5367.3 -6.9 251 0 9.3 9.0 7.5 2.5 2 0 3 0 0
5354.9 -5376.6 -7.2 249 0 8.1 7.9 5.0 2.5 2 0 2 4 4
5375.8 -5427.4 -5.9 249 0 9.3 9.5 7.5 0.0 0 1 3 1 1
5379.5 -5404.9 -6.3 253 0 10.1 9.7 5.0 2.5 2 0 2 2 2
5392.9 -5401.7 -6.3 254 0 15.5 9.2 5.0 2.5 2 0 2 1 1
5401.1 -5420.5 -6.1 255 0 10.3 8.9 7.5 2.5 2 0 3 3 3
5425.1 -5411.1 -6.3 250 0 12.8 13.1 5.0 0.0 0 1 2 2 2
5452.0 -5403.1 -6.5 343 0 11.6 10.7 7.5 2.5 2 0 3 0 0
5438.9 -5379.4 -6.8 249 0 9.8 12.6 10.0 2.5 2 1 4 0 0
5465.5 -5435.9 -6.1 342 0 7.3 9.1 7.5 0.0 0 1 3 4 4
5524.6 -5415.5 -6.5 342 0 9.6 18.9 5.0 2.5 2 1 2 5 5
5504.5 -5386.9 -6.9 342 0 11.6 13.0 5.0 2.5 2 1 2 5 5
5954.0 -5701.7 -3.7 352 0 8.4 9.0 5.0 2.5 2 1 2 1 1
5885.0 -5678.6 -3.0 352 0 7.5 8.8 5.0 0.0 0 1 2 3 3
5890.1 -5697.0 -3.0 350 0 9.4 7.7 7.5 2.5 2 0 3 1 1
5934.6 -5735.6 -3.4 357 0 8.5 8.0 7.5 2.5 2 0 3 3 3
5960.4 -5729.6 -3.7 356 0 6.4 10.6 7.5 2.5 2 1 3 4 4
5969.6 -5714.3 -3.9 356 0 8.9 8.6 7.5 2.5 2 0 3 2 2
5968.0 -5759.3 -3.2 357 0 10.7 9.9 7.5 0.0 0 0 3 2 2
5998.5 -5754.8 -2.7 354 0 8.0 10.9 5.0 2.5 4 1 2 4 4
6009.2 -5738.9 -3.3 345 0 8.5 10.0 2.5 2.5 2 1 1 3 3
6013.5 -5753.0 -2.9 347 0 10.1 10.4 2.5 2.5 2 1 1 5 5
5975.4 -5697.2 -4.0 355 0 7.1 11.4 5.0 2.5 4 1 2 4 4
5962.8 -5672.3 -4.0 348 0 8.2 9.7 7.5 2.5 4 1 3 0 0
5981.4 -5661.9 -4.2 354 0 10.4 12.4 2.5 2.5 2 1 1 2 2
6022.5 -5734.6 -3.6 344 0 8.5 6.8 5.0 2.5 2 0 2 5 5
6027.4 -5749.4 -3.2 347 0 9.3 10.6 7.5 2.5 2 1 3 0 0
6046.5 -5758.4 -3.1 346 0 10.1 6.8 7.5 0.0 0 0 3 5 5
5872.4 -5508.4 -4.5 341 0 8.5 11.6 7.5 2.5 2 1 3 2 2
5897.0 -5500.5 -4.4 345 0 7.9 6.4 10.0 2.5 4 0 4 0 0
5905.9 -5492.1 -4.3 339 0 11.4 8.5 5.0 2.5 4 0 2 1 1
5901.3 -5478.3 -4.6 331 0 10.2 11.6 7.5 2.5 2 1 3 3 3
5846.1 -5351.3 -6.5 341 0 10.1 9.3 2.5 2.5 4 0 1 3 3
5907.8 -5437.2 -4.9 330 0 11.1 8.9 10.0 2.5 2 0 4 2 2
5904.7 -5407.4 -5.2 342 0 9.8 8.1 7.5 0.0 0 0 3 2 2
5890.3 -5385.4 -5.7 339 0 7.7 6.0 7.5 2.5 2 0 3 5 5
5840.4 -5269.4 -5.1 343 0 9.8 9.6 7.5 2.5 2 0 3 0 0
5864.9 -5575.3 -3.4 334 0 11.2 12.2 5.0 2.5 2 1 2 1 1
5873.3 -5537.9 -3.8 342 0 8.9 10.5 5.0 2.5 2 1 2 2 2
5882.9 -5557.5 -3.6 347 0 8.7 8.3 7.5 2.5 2 0 3 2 2
5852.7 -5545.9 -3.8 342 0 8.1 9.9 7.5 2.5 2 1 3 1 1
5858.9 -5561.9 -3.6 342 0 8.5 12.8 5.0 2.5 2 1 2 3 3
5869.5 -5598.1 -3.2 342 0 9.1 11.8 7.5 2.5 2 1 3 4 4
5887.7 -5609.3 -3.4 351 0 11.5 7.6 5.0 2.5 2 0 2 1 1
5873.3 -5621.0 -3.2 346 0 7.1 9.0 7.5 2.5 4 1 3 0 0
5881.8 -5656.5 -3.1 348 0 10.4 9.5 2.5 2.5 2 0 1 3 3
5920.3 -5643.3 -3.6 345 0 10.4 9.3 7.5 2.5 2 0 3 4 4
5969.4 -5569.5 -4.3 344 0 8.8 9.2 7.5 2.5 2 1 3 3 3
5375.7 -5746.0 -5.3 245 0 13.8 13.7 7.5 2.5 2 0 3 4 4
5401.8 -5755.5 -4.9 245 0 12.1 11.1 5.0 2.5 4 0 2 4 4
5402.9 -5723.1 -5.3 244 0 13.2 9.8 7.5 2.5 4 0 3 5 5
5348.7 -5704.3 -6.6 64 0 7.1 11.0 7.5 2.5 2 1 3 3 3
5360.0 -5698.4 -6.4 64 0 11.0 9.1 7.5 2.5 2 0 3 5 5
5368.7 -5711.4 -6.2 64 0 12.0 8.4 5.0 2.5 2 0 2 3 3
5361.4 -5727.5 -6.1 65 0 9.2 11.3 7.5 2.5 2 1 3 3 3
5379.4 -5681.4 -5.6 66 0 10.6 9.9 5.0 2.5 2 0 2 1 1
5385.2 -5717.0 -5.9 64 0 10.5 14.1 5.0 2.5 2 1 2 2 2
5396.4 -5713.4 -5.6 64 0 9.7 8.6 7.5 2.5 2 0 3 5 5
5379.2 -5652.3 -4.9 64 0 9.1 9.1 7.5 2.5 2 0 3 2 2
5431.0 -5700.6 -4.9 74 0 15.3 10.3 10.0 2.5 2 0 4 4 4
5421.0 -5676.2 -4.7 74 0 13.4 9.4 2.5 2.5 2 0 1 2 2
5395.1 -5654.8 -4.7 75 0 13.5 9.1 7.5 2.5 2 0 3 3 3
5421.2 -5647.7 -4.0 75 0 10.6 8.5 5.0 2.5 2 0 2 5 5
5405.9 -5633.8 -4.0 74 0 9.9 7.9 7.5 2.5 2 0 3 3 3
5407.4 -5614.6 -3.7 72 0 8.9 15.1 7.5 2.5 2 1 3 2 2
5372.5 -5635.0 -4.7 74 0 9.4 14.6 10.0 2.5 2 1 4 0 0
5367.3 -5620.7 -4.5 74 0 10.2 7.2 7.5 2.5 2 0 3 1 1
5363.5 -5667.3 -5.6 72 0 12.4 10.5 7.5 2.5 4 0 3 4 4
5349.9 -5671.7 -6.0 76 0 8.0 8.8 10.0 2.5 2 1 4 0 0
5351.6 -5643.1 -5.3 74 0 12.1 10.5 10.0 0.0 0 0 4 3 3
5324.4 -5630.8 -5.5 164 0 10.7 12.1 7.5 0.0 0 1 3 3 3
5320.6 -5645.8 -6.0 159 0 13.0 8.6 7.5 2.5 2 0 3 2 2
5359.6 -5601.3 -4.2 71 0 8.8 8.5 7.5 0.0 0 0 3 4 4
5378.9 -5570.6 -4.2 74 0 9.3 12.8 10.0 2.5 2 1 4 3 3
5388.1 -5591.8 -3.9 74 0 11.9 10.3 7.5 2.5 2 0 3 4 4
5397.5 -5579.1 -4.1 74 0 11.8 9.8 5.0 2.5 2 0 2 0 0
5380.4 -5541.1 -4.6 74 0 12.4 8.4 7.5 0.0 0 0 3 1 1
5314.8 -5525.5 -4.6 163 0 8.2 14.3 5.0 2.5 2 1 2 4 4
5309.0 -5586.5 -4.8 164 0 8.7 9.3 7.5 2.5 2 1 3 1 1
5330.4 -5607.4 -4.9 164 0 12.7 11.1 5.0 2.5 4 0 2 2 2
5305.2 -5619.5 -5.7 164 0 8.5 11.4 5.0 2.5 2 1 2 4 4
5323.0 -5575.2 -4.3 164 0 14.2 11.0 2.5 0.0 0 0 1 5 5
5291.1 -5584.2 -5.2 164 0 9.1 12.6 7.5 2.5 2 1 3 4 4
5292.2 -5574.0 -5.0 74 0 9.4 10.3 7.5 2.5 2 1 3 1 1
5301.6 -5548.1 -4.2 162 0 11.3 10.2 2.5 2.5 4 0 1 4 4
5276.3 -5543.9 -4.6 162 0 9.9 12.3 7.5 2.5 2 1 3 1 1
5288.9 -5525.5 -4.5 163 0 11.8 9.3 2.5 2.5 2 0 1 1 1
5281.6 -5529.4 -4.4 164 0 8.1 7.1 5.0 2.5 2 0 2 5 5
5258.1 -5497.3 -5.0 164 0 7.5 10.7 7.5 2.5 2 1 3 2 2
5288.5 -5455.2 -5.9 164 0 10.5 12.1 7.5 2.5 2 1 3 0 0
5144.9 -5396.0 -6.5 164 0 10.3 31.5 10.0 2.5 2 1 4 0 0
5255.5 -5350.3 -6.1 164 0 11.9 12.4 10.0 2.5 4 1 4 2 2
5250.9 -5376.4 -6.5 164 0 6.8 11.6 7.5 2.5 2 1 3 1 1
5243.2 -5423.8 -7.2 164 0 11.2 13.1 7.5 2.5 2 1 3 2 2
5269.8 -5416.7 -7.2 164 0 9.8 15.1 2.5 2.5 2 1 1 3 3
5321.1 -5376.8 -7.3 252 0 11.1 11.2 10.0 2.5 2 1 4 3 3
5294.9 -5347.6 -6.0 342 0 12.4 13.0 10.0 2.5 2 1 4 1 1
5265.2 -5296.1 -5.6 162 0 7.9 10.5 5.0 2.5 2 1 2 3 3
5303.1 -5283.6 -5.5 342 0 9.8 12.3 7.5 2.5 4 1 3 0 0
5267.0 -5245.3 -7.3 161 0 7.8 17.6 7.5 2.5 2 1 3 5 5
5230.8 -5093.6 -7.7 163 0 11.9 13.4 10.0 2.5 2 1 4 1 1
5303.7 -5101.3 -7.9 73 0 17.3 37.7 7.5 2.5 2 1 3 1 1
5308.1 -5116.7 -7.6 73 0 13.1 15.8 5.0 2.5 2 1 2 1 1
5274.5 -5068.5 -7.5 165 0 13.0 9.8 7.5 2.5 2 0 3 2 2
5316.9 -5105.3 -7.7 76 0 6.4 14.1 5.0 2.5 2 1 2 2 2
5332.8 -5102.3 -7.6 73 0 6.2 13.0 2.5 2.5 2 1 1 0 0
5309.5 -5059.2 -7.5 347 0 6.5 7.1 5.0 2.5 2 1 2 1 1
5298.2 -5033.3 -7.6 344 0 9.7 7.9 10.0 2.5 2 0 4 1 1
5869.7 -5740.1 -2.6 82 0 9.4 11.1 7.5 2.5 2 1 3 1 1
5851.7 -5743.9 -2.4 83 0 10.2 8.6 7.5 2.5 2 0 3 3 3
5870.6 -5702.3 -2.8 353 0 8.0 8.3 7.5 2.5 2 1 3 0 0
5844.9 -5678.6 -2.7 170 0 8.4 7.5 7.5 2.5 2 0 3 5 5
5834.0 -5678.3 -2.5 260 0 9.1 8.9 2.5 2.5 2 0 1 1 1
5844.0 -5648.6 -2.8 164 0 10.6 8.5 7.5 2.5 4 0 3 1 1
5840.1 -5581.7 -3.4 159 0 6.5 7.0 2.5 2.5 2 1 1 5 5
4017.3 -5881.0 -7.2 165 0 10.1 6.5 7.5 2.5 2 0 3 4 4
6204.8 -5741.9 -5.8 260 0 10.1 7.6 7.5 2.5 2 0 3 2 2
6210.9 -5682.5 -6.4 180 0 8.1 12.0 10.0 2.5 2 1 4 0 0
6211.5 -5700.1 -6.2 179 0 8.2 10.4 7.5 2.5 2 1 3 3 3
6215.0 -5718.4 -6.1 180 0 10.1 7.1 7.5 2.5 2 0 3 1 1
5222.5 -5462.9 -6.5 162 0 8.8 12.8 2.5 2.5 2 1 1 2 2
5241.0 -5492.5 -5.3 246 0 11.1 19.0 2.5 2.5 2 1 1 0 0
5248.4 -5527.8 -4.7 164 0 8.9 11.6 7.5 2.5 2 1 3 3 3
5241.1 -5546.3 -5.3 163 0 12.1 10.2 7.5 0.0 0 0 3 4 4
5246.6 -5559.2 -5.5 159 0 9.0 11.7 2.5 2.5 2 1 1 5 5
5265.0 -5576.2 -5.5 158 0 9.8 11.2 7.5 2.5 2 1 3 3 3
5231.9 -5566.8 -5.8 151 0 12.4 10.3 7.5 2.5 2 0 3 5 5
5240.6 -5585.4 -6.1 154 0 11.2 11.2 2.5 2.5 2 0 1 1 1
5218.5 -5589.8 -6.4 159 0 9.6 11.9 7.5 2.5 2 1 3 3 3
5277.5 -5606.5 -5.9 158 0 8.1 11.1 7.5 2.5 2 1 3 5 5
5245.6 -5645.0 -6.0 155 0 6.4 8.0 5.0 2.5 2 1 2 3 3
5249.0 -5663.3 -5.8 150 0 8.8 13.6 7.5 2.5 4 1 3 3 3
5273.7 -5657.5 -6.2 153 0 7.5 8.9 7.5 2.5 2 1 3 5 5
5277.5 -5669.6 -6.2 151 0 8.5 10.2 7.5 2.5 2 1 3 1 1
5274.2 -5686.3 -5.9 159 0 12.6 10.2 10.0 2.5 2 0 4 0 0
5293.4 -5698.4 -5.9 157 0 7.7 8.2 7.5 2.5 2 1 3 3 3
5316.4 -5677.5 -6.5 157 0 6.9 7.6 7.5 2.5 2 1 3 1 1
5298.3 -5714.5 -5.9 160 0 9.2 11.6 5.0 2.5 2 1 2 2 2
5327.4 -5714.6 -6.3 64 0 11.0 9.8 2.5 2.5 2 0 1 1 1
5339.7 -5735.4 -6.2 64 0 12.3 16.3 5.0 2.5 2 1 2 3 3
5310.9 -5724.7 -5.8 70 0 6.3 6.5 7.5 2.5 4 1 3 2 2
5321.2 -5758.2 -5.2 238 0 7.0 7.8 2.5 2.5 2 1 1 2 2
4978.6 -5716.9 -5.0 163 0 12.5 9.3 5.0 2.5 2 0 2 5 5
5002.1 -5761.9 -6.3 74 0 9.5 11.0 5.0 2.5 2 1 2 5 5
5098.0 -5737.0 -5.8 342 0 12.8 16.4 7.5 2.5 2 1 3 3 3
5107.7 -5751.2 -5.4 344 0 6.7 7.6 2.5 2.5 2 1 1 4 4
5082.1 -5760.5 -5.5 341 0 9.5 13.4 5.0 2.5 2 1 2 3 3
5050.7 -5747.6 -6.0 254 0 9.5 12.5 2.5 2.5 2 1 1 4 4
5020.1 -5706.2 -5.5 72 0 8.6 6.2 7.5 2.5 2 0 3 0 0
5010.7 -5686.1 -5.3 162 0 8.4 12.9 7.5 2.5 2 1 3 2 2
5038.3 -5715.5 -6.1 73 0 10.1 13.0 10.0 2.5 2 1 4 3 3
5017.0 -5656.0 -5.4 162 0 6.4 8.3 7.5 2.5 2 1 3 5 5
5034.1 -5614.9 -5.7 251 0 13.2 11.3 7.5 2.5 2 0 3 5 5
5097.7 -5561.5 -6.3 343 0 9.0 12.9 7.5 2.5 2 1 3 4 4
5101.4 -5599.4 -6.3 341 0 13.2 8.4 7.5 2.5 2 0 3 0 0
5108.5 -5693.9 -6.4 73 0 6.5 11.6 5.0 2.5 4 1 2 1 1
5105.7 -5712.5 -5.9 246 0 10.9 10.6 7.5 2.5 2 0 3 4 4
5120.9 -5760.9 -5.1 157 0 7.6 11.9 7.5 2.5 2 1 3 1 1
5166.9 -5745.8 -5.1 72 0 13.6 9.5 2.5 2.5 2 0 1 1 1
5179.5 -5711.4 -5.5 342 0 6.7 11.3 7.5 2.5 2 1 3 2 2
5144.0 -5615.2 -6.4 247 0 11.8 10.2 5.0 2.5 4 0 2 2 2
5174.0 -5636.8 -6.4 75 0 12.2 8.3 10.0 2.5 2 0 4 2 2
5204.6 -5610.8 -6.4 250 0 7.2 11.1 2.5 2.5 2 1 1 4 4
5228.9 -5657.5 -6.1 71 0 13.4 12.2 7.5 2.5 2 0 3 0 0
5229.0 -5677.2 -5.6 246 0 10.7 11.7 7.5 2.5 2 1 3 4 4
5210.5 -5687.4 -5.5 246 0 13.9 8.4 7.5 2.5 2 0 3 4 4
5188.0 -5699.3 -5.6 156 0 8.6 10.5 2.5 2.5 2 1 1 3 3
5203.5 -5725.1 -5.1 154 0 9.0 10.8 10.0 2.5 2 1 4 0 0
3086.1 -6892.9 -7.4 68 0 11.5 7.3 7.5 2.5 2 0 3 5 5
2930.1 -6466.3 -4.6 268 0 14.7 10.2 5.0 2.5 2 0 2 1 1
2952.9 -6447.5 -5.2 259 0 9.7 8.7 7.5 0.0 0 0 3 1 1
2946.8 -6494.3 -3.6 87 0 11.3 7.4 7.5 2.5 2 0 3 3 3
2973.5 -6497.8 -2.2 263 0 10.3 9.1 5.0 2.5 2 0 2 1 1
2962.7 -6504.3 -2.4 257 0 7.5 13.0 2.5 2.5 2 1 1 0 0
2948.4 -6515.3 -2.5 172 0 8.6 11.4 10.0 2.5 2 1 4 1 1
2951.3 -6527.4 -2.0 168 0 11.3 11.1 7.5 0.0 0 0 3 2 2
2975.9 -6535.1 -2.0 170 0 11.4 7.1 10.0 2.5 2 0 4 3 3
2984.3 -6534.5 -2.0 172 0 17.3 10.1 7.5 2.5 2 0 3 0 0
2940.7 -6511.0 -3.0 349 0 20.2 11.2 7.5 0.0 0 0 3 2 2
2912.2 -6534.6 -2.6 171 0 10.4 10.7 5.0 2.5 2 1 2 3 3
2912.0 -6552.4 -2.2 179 0 8.7 11.7 10.0 2.5 2 1 4 5 5
2918.3 -6570.8 -1.8 177 0 10.6 12.4 7.5 2.5 4 1 3 1 1
2944.1 -6568.8 -1.8 359 0 9.1 10.9 5.0 2.5 4 1 2 3 3
2931.0 -6599.5 -1.8 83 0 8.5 12.7 7.5 2.5 4 1 3 1 1
2942.1 -6600.4 -1.8 89 0 11.4 12.7 5.0 2.5 2 1 2 2 2
2961.8 -6598.4 -1.6 94 0 11.4 8.9 5.0 2.5 2 0 2 2 2
2993.3 -6597.2 -1.4 92 0 14.5 9.2 2.5 0.0 0 0 1 3 3
2991.8 -6615.1 -1.4 272 0 10.2 12.2 5.0 2.5 2 1 2 5 5
2965.5 -6605.1 -1.6 270 0 9.1 13.6 2.5 2.5 2 1 1 3 3
2950.9 -6637.3 -1.6 100 0 7.6 12.4 10.0 2.5 2 1 4 0 0
2930.1 -6610.2 -1.8 271 0 12.2 8.9 5.0 2.5 2 0 2 2 2
2907.9 -6632.7 -1.8 187 0 9.1 14.5 7.5 2.5 2 1 3 3 3
2938.3 -6658.3 -2.0 90 0 9.3 12.1 7.5 2.5 4 1 3 1 1
2925.8 -6666.4 -2.6 273 0 10.1 8.7 7.5 2.5 2 0 3 1 1
2931.0 -6683.1 -3.1 272 0 9.7 7.9 7.5 2.5 2 0 3 3 3
2935.6 -6711.0 -3.7 96 0 17.5 11.3 7.5 2.5 4 0 3 5 5
2946.7 -6684.1 -3.2 4 0 9.6 9.6 2.5 2.5 2 0 1 4 4
2958.9 -6695.7 -3.8 180 0 9.8 9.9 5.0 2.5 4 1 2 0 0
2970.2 -6653.8 -2.3 181 0 9.8 13.2 7.5 2.5 2 1 3 3 3
2999.3 -6630.3 -1.6 269 0 15.5 9.4 2.5 2.5 2 0 1 0 0
3007.2 -6664.5 -2.9 356 0 7.7 16.7 7.5 0.0 0 1 3 2 2
3009.4 -6681.3 -3.7 355 0 9.1 16.1 2.5 2.5 2 1 1 5 5
2867.2 -6538.6 -3.6 85 0 12.6 10.2 10.0 2.5 2 0 4 5 5
2897.5 -6561.7 -2.6 79 0 16.2 9.3 7.5 2.5 2 0 3 0 0
2888.5 -6572.5 -2.2 269 0 10.0 8.4 10.0 2.5 2 0 4 5 5
2908.3 -6576.6 -2.0 1 0 9.1 13.7 7.5 2.5 2 1 3 3 3
2903.1 -6586.3 -1.8 359 0 9.9 15.4 10.0 2.5 2 1 4 0 0
2890.4 -6595.0 -1.7 2 0 6.1 7.7 7.5 2.5 2 1 3 1 1
2889.3 -6605.2 -1.4 359 0 7.1 9.3 2.5 2.5 2 1 1 2 2
2904.2 -6612.3 -1.6 3 0 7.1 12.7 7.5 2.5 2 1 3 1 1
2891.6 -6626.4 -1.4 3 0 7.4 11.4 7.5 2.5 2 1 3 4 4
2899.0 -6655.0 -1.8 9 0 8.4 19.8 7.5 2.5 2 1 3 4 4
2883.1 -6677.1 -2.3 360 0 10.1 10.4 7.5 0.0 0 1 3 3 3
2866.9 -6690.6 -2.5 90 0 9.2 6.5 2.5 2.5 4 0 1 5 5
2878.4 -6698.8 -2.7 89 0 8.4 6.3 7.5 2.5 2 0 3 3 3
2904.4 -6716.2 -3.6 274 0 9.3 12.9 5.0 2.5 2 1 2 0 0
2919.8 -6745.0 -4.3 179 0 9.8 9.6 7.5 2.5 2 0 3 3 3
2908.4 -6743.6 -4.2 178 0 12.5 9.5 5.0 2.5 4 0 2 5 5
2903.6 -6740.0 -4.0 268 0 7.4 8.7 7.5 2.5 2 1 3 5 5
2904.9 -6757.2 -4.4 268 0 9.7 9.6 5.0 0.0 0 0 2 3 3
2928.9 -6776.1 -5.1 178 0 10.7 9.8 10.0 2.5 2 0 4 3 3
2952.0 -6734.7 -4.7 268 0 8.0 12.4 5.0 2.5 2 1 2 0 0
2963.5 -6739.1 -4.8 270 0 10.9 8.4 7.5 2.5 2 0 3 2 2
3001.6 -6748.7 -5.5 269 0 12.0 9.1 2.5 2.5 2 0 1 3 3
3021.8 -6769.0 -5.9 354 0 9.8 13.1 7.5 2.5 2 1 3 2 2
3022.4 -6788.7 -6.2 348 0 7.1 9.6 10.0 2.5 2 1 4 5 5
3005.2 -6782.6 -5.9 359 0 6.1 7.4 10.0 2.5 2 1 4 5 5
3001.5 -6795.3 -6.1 89 0 11.1 9.2 5.0 2.5 2 0 2 0 0
3004.2 -6809.9 -6.1 72 0 10.0 11.5 5.0 2.5 2 1 2 4 4
2954.1 -6835.6 -5.7 76 0 8.5 16.0 7.5 2.5 2 1 3 3 3
2951.5 -6817.1 -5.6 82 0 8.4 10.6 7.5 2.5 2 1 3 4 4
2912.3 -6798.4 -5.2 179 0 9.4 11.4 7.5 2.5 2 1 3 2 2
2904.1 -6800.6 -5.1 91 0 8.1 11.6 5.0 2.5 2 1 2 3 3
2915.5 -6817.7 -5.4 181 0 11.5 10.1 5.0 2.5 2 0 2 5 5
2921.8 -6843.5 -5.3 87 0 11.6 9.4 5.0 2.5 2 0 2 2 2
3038.5 -6793.2 -6.6 166 0 8.3 13.1 7.5 2.5 2 1 3 4 4
3178.7 -6553.1 -4.3 358 0 7.0 9.8 5.0 2.5 2 1 2 2 2
3160.8 -6548.6 -4.0 167 0 6.1 8.2 7.5 2.5 2 1 3 0 0
3085.4 -6473.0 -2.3 169 0 11.0 9.6 5.0 0.0 0 0 2 1 1
3096.0 -6457.8 -2.3 250 0 8.8 12.4 10.0 2.5 2 1 4 3 3
3109.2 -6460.8 -2.4 259 0 10.2 7.1 5.0 2.5 2 0 2 4 4
3148.9 -6458.1 -2.6 248 0 10.9 8.6 7.5 2.5 2 0 3 3 3
3160.1 -6428.9 -2.8 253 0 8.2 13.1 5.0 2.5 2 1 2 5 5
3136.8 -6384.6 -3.8 342 0 9.0 9.6 7.5 2.5 2 1 3 0 0
3103.9 -6444.4 -2.7 73 0 12.8 7.2 5.0 2.5 2 0 2 1 1
3074.7 -6432.2 -2.4 80 0 7.5 6.8 5.0 2.5 2 0 2 0 0
3082.8 -6432.6 -2.6 82 0 7.9 10.7 7.5 2.5 2 1 3 2 2
3083.0 -6450.9 -2.3 77 0 10.1 6.9 5.0 2.5 2 0 2 5 5
3043.7 -6467.0 -2.0 75 0 12.7 10.0 2.5 2.5 2 0 1 4 4
3007.9 -6469.4 -2.4 80 0 6.5 9.2 2.5 2.5 2 1 1 2 2
3015.3 -6442.3 -2.8 265 0 7.2 10.9 7.5 2.5 2 1 3 1 1
2977.0 -6375.8 -3.9 169 0 7.5 8.3 10.0 0.0 0 1 4 4 4
3011.7 -6718.1 -5.0 176 0 9.2 11.7 5.0 2.5 2 1 2 4 4
3030.3 -6756.7 -5.9 179 0 8.4 10.1 7.5 2.5 2 1 3 5 5
3043.1 -6756.3 -6.0 176 0 9.5 10.1 10.0 2.5 2 1 4 3 3
5871.1 -5399.4 -6.2 346 0 10.7 6.4 7.5 2.5 2 0 3 3 3
3095.2 -6821.8 -7.4 155 0 14.3 10.4 7.5 2.5 2 0 3 0 0
3107.3 -6835.0 -7.5 146 0 7.0 8.5 7.5 2.5 2 1 3 3 3
3189.7 -6789.5 -6.9 241 0 7.6 10.0 10.0 2.5 2 1 4 2 2
3216.0 -6818.6 -6.9 335 0 7.0 8.8 5.0 2.5 4 1 2 0 0
3310.6 -6860.1 -8.1 69 0 8.6 7.5 5.0 2.5 2 0 2 0 0
3319.6 -6768.4 -8.3 125 0 9.1 8.2 7.5 0.0 0 0 3 3 3
3316.4 -6752.8 -8.3 132 0 9.5 7.8 5.0 0.0 0 0 2 3 3
3340.4 -6744.8 -8.5 41 0 6.6 8.9 7.5 0.0 0 1 3 2 2
3347.2 -6739.3 -8.6 43 0 8.3 9.4 7.5 2.5 2 1 3 0 0
3313.3 -6726.8 -8.3 133 0 9.8 8.1 7.5 2.5 2 0 3 4 4
3320.4 -6720.5 -8.3 135 0 9.0 8.5 7.5 2.5 2 0 3 5 5
3305.0 -6717.2 -8.0 130 0 9.1 6.6 2.5 2.5 2 0 1 2 2
3288.6 -6741.2 -7.5 146 0 7.9 7.3 2.5 2.5 2 0 1 2 2
3297.4 -6735.7 -7.8 131 0 8.5 7.5 7.5 2.5 2 0 3 3 3
3286.5 -6726.1 -7.5 137 0 8.5 7.8 5.0 2.5 2 0 2 2 2
3261.3 -6698.8 -6.9 134 0 8.2 8.6 2.5 0.0 0 1 1 5 5
3270.6 -6708.2 -7.1 132 0 8.6 9.1 2.5 2.5 4 1 1 2 2
3281.4 -6679.0 -7.6 227 0 7.8 8.9 5.0 2.5 2 1 2 0 0
3305.0 -6665.6 -8.1 227 0 7.6 8.0 2.5 2.5 2 1 1 4 4
3307.2 -6680.4 -8.2 224 0 7.6 8.4 7.5 0.0 0 1 3 2 2
3314.6 -6674.5 -8.2 225 0 8.1 8.1 5.0 2.5 2 0 2 1 1
3322.0 -6658.1 -8.2 226 0 8.4 9.0 10.0 2.5 2 1 4 2 2
3334.9 -6692.6 -8.3 219 0 7.6 8.5 5.0 2.5 2 1 2 2 2
3328.5 -6699.2 -8.3 225 0 7.8 9.3 2.5 2.5 2 1 1 3 3
3350.8 -6706.6 -8.5 43 0 7.3 8.1 5.0 2.5 4 1 2 0 0
3390.1 -6728.6 -9.0 65 0 6.7 6.4 7.5 2.5 2 0 3 3 3
3391.2 -6680.6 -8.5 332 0 6.1 7.1 5.0 2.5 2 1 2 2 2
3393.9 -6664.3 -8.5 334 0 7.7 7.2 7.5 2.5 2 0 3 2 2
3379.9 -6667.2 -8.5 244 0 7.2 6.9 7.5 2.5 4 0 3 5 5
3370.1 -6646.1 -8.4 244 0 7.0 7.3 7.5 2.5 2 1 3 0 0
3378.6 -6642.3 -8.4 244 0 7.9 6.6 2.5 2.5 2 0 1 4 4
3391.8 -6634.7 -8.4 244 0 7.5 7.1 7.5 2.5 2 0 3 0 0
3183.0 -6686.7 -4.8 75 0 6.4 7.8 5.0 2.5 2 1 2 2 2
3164.9 -6661.7 -4.4 256 0 9.8 9.1 7.5 2.5 2 0 3 5 5
3165.6 -6640.2 -4.3 164 0 6.4 6.3 7.5 2.5 2 0 3 0 0
3155.0 -6615.0 -4.0 161 0 8.7 12.0 5.0 0.0 0 1 2 4 4
3151.6 -6598.9 -3.9 166 0 8.2 11.1 2.5 2.5 2 1 1 5 5
3146.7 -6656.5 -4.2 165 0 7.1 8.6 5.0 0.0 0 1 2 3 3
3153.3 -6665.5 -4.4 254 0 10.7 8.2 10.0 2.5 4 0 4 1 1
3157.6 -6684.6 -4.8 260 0 7.0 8.3 5.0 2.5 2 1 2 1 1
3156.2 -6676.3 -4.6 257 0 12.1 7.2 10.0 2.5 2 0 4 0 0
3138.6 -6666.6 -4.5 257 0 10.5 6.8 2.5 2.5 4 0 1 4 4
3145.5 -6686.6 -5.0 256 0 10.0 11.0 7.5 2.5 4 1 3 0 0
3146.2 -6721.4 -5.4 81 0 10.2 8.2 7.5 2.5 2 0 3 1 1
3118.2 -6693.5 -5.0 259 0 11.1 9.6 7.5 2.5 2 0 3 5 5
3115.5 -6680.6 -4.8 262 0 12.6 10.5 2.5 2.5 2 0 1 1 1
3090.9 -6688.2 -4.8 265 0 9.3 7.6 10.0 2.5 2 0 4 5 5
3080.6 -6688.1 -4.9 265 0 10.4 12.1 7.5 2.5 4 1 3 3 3
3067.5 -6673.1 -4.6 265 0 7.7 14.3 5.0 2.5 2 1 2 3 3
3056.1 -6694.2 -4.9 267 0 6.4 10.2 7.5 2.5 2 1 3 2 2
3046.2 -6695.7 -5.0 265 0 8.7 12.8 10.0 2.5 2 1 4 2 2
3042.9 -6686.6 -4.5 267 0 9.8 7.8 2.5 0.0 0 0 1 3 3
3026.0 -6730.1 -5.4 169 0 10.1 10.6 5.0 2.5 4 1 2 5 5
3023.6 -6705.9 -4.9 180 0 8.1 9.7 2.5 0.0 0 1 1 4 4
3012.5 -6702.9 -4.7 174 0 10.3 9.3 10.0 2.5 2 0 4 1 1
3073.2 -6665.8 -4.2 78 0 10.9 9.7 5.0 2.5 2 0 2 5 5
3028.2 -6673.5 -3.3 69 0 12.1 8.7 10.0 2.5 2 0 4 4 4
3028.4 -6623.9 -1.6 267 0 11.0 11.3 5.0 2.5 2 1 2 4 4
3025.8 -6608.4 -1.2 268 0 13.7 7.8 5.0 2.5 2 0 2 3 3
3021.8 -6601.1 -1.2 271 0 6.3 6.7 7.5 2.5 4 1 3 0 0
3012.9 -6599.3 -1.3 91 0 8.3 9.8 5.0 2.5 2 1 2 0 0
3020.5 -6573.6 -1.7 81 0 9.1 7.9 2.5 2.5 2 0 1 2 2
3006.8 -6559.2 -1.9 81 0 8.4 11.2 7.5 2.5 4 1 3 2 2
3021.5 -6554.0 -2.0 80 0 17.6 9.1 7.5 2.5 2 0 3 0 0
3043.3 -6546.8 -2.1 349 0 13.5 9.7 2.5 2.5 2 0 1 1 1
3057.8 -6544.4 -2.2 349 0 13.1 13.7 7.5 2.5 2 1 3 4 4
3039.4 -6527.4 -2.3 356 0 12.7 12.3 7.5 2.5 2 0 3 5 5
3023.6 -6485.0 -2.1 256 0 14.6 10.6 10.0 2.5 4 0 4 5 5
3009.5 -6485.3 -2.1 257 0 10.9 31.3 10.0 2.5 2 1 4 0 0
3002.9 -6502.6 -2.1 259 0 8.1 19.7 7.5 2.5 2 1 3 3 3
5185.8 -5343.5 -6.4 254 0 16.6 12.6 7.5 2.5 2 0 3 4 4
4645.5 -6648.3 -8.3 19 0 7.7 12.2 5.0 2.5 2 1 2 5 5
5046.3 -5854.9 -4.5 345 0 7.7 7.9 7.5 2.5 2 1 3 0 0
5770.2 -5885.3 -4.0 179 0 11.8 7.9 10.0 2.5 2 0 4 2 2
5336.5 -5971.0 -2.9 227 0 9.3 8.3 7.5 2.5 2 0 3 5 5
4912.9 -6032.7 -6.2 249 0 9.8 10.4 5.0 2.5 2 1 2 5 5
3055.2 -6739.5 -5.8 171 0 6.1 6.0 7.5 2.5 2 0 3 2 2
2905.4 -6655.0 -1.9 182 0 8.6 6.0 5.0 2.5 2 0 2 3 3
2908.3 -6673.1 -2.4 181 0 6.2 8.2 7.5 2.5 4 1 3 3 3
5813.2 -5673.7 -2.3 257 0 6.7 10.3 2.5 2.5 2 1 1 0 0
4390.4 -6421.4 -6.9 243 0 9.2 13.7 7.5 2.5 2 1 3 1 1
5653.2 -5487.5 -5.5 159 0 7.5 10.5 2.5 2.5 2 1 1 5 5
5702.5 -5496.6 -5.5 163 0 8.7 11.4 10.0 2.5 2 1 4 2 2
5589.3 -5398.3 -6.6 155 0 9.0 10.4 5.0 2.5 4 1 2 5 5
4454.6 -6260.5 -8.0 348 0 9.1 11.4 7.5 2.5 2 1 3 5 5
4451.5 -6281.6 -8.1 78 0 7.9 7.0 10.0 2.5 2 0 4 5 5
4431.0 -6283.6 -8.1 168 0 8.5 11.5 5.0 0.0 0 1 2 0 0
5608.7 -5745.5 -3.7 167 0 8.7 7.3 2.5 2.5 2 0 1 3 3
5666.8 -5655.4 -3.9 164 0 10.9 6.8 5.0 0.0 0 0 2 0 0
5332.4 -5553.6 -4.2 157 0 6.8 8.7 5.0 2.5 2 1 2 1 1
5263.4 -5637.3 -6.4 154 0 13.1 8.2 10.0 0.0 0 0 4 4 4
5160.5 -5653.2 -6.4 73 0 6.5 9.6 7.5 2.5 2 1 3 2 2
5034.4 -5763.8 -6.0 159 0 7.4 9.0 7.5 2.5 2 1 3 2 2
5041.8 -5727.1 -6.3 69 0 8.8 6.7 7.5 2.5 2 0 3 4 4
5898.2 -5757.9 -2.9 84 0 8.1 8.9 5.0 2.5 2 1 2 4 4
3669.7 -6191.9 -8.7 64 0 6.3 8.4 10.0 2.5 2 1 4 4 4
4079.0 -6499.9 -8.0 159 0 7.2 12.0 5.0 2.5 4 1 2 1 1
5278.8 -5630.3 -6.4 152 0 6.4 7.3 5.0 0.0 0 1 2 5 5
5829.1 -5599.9 -3.2 173 0 9.1 11.1 10.0 2.5 2 1 4 0 0
5844.7 -5725.7 -2.4 177 0 7.0 8.5 7.5 2.5 2 1 3 2 2
5728.3 -5750.3 -3.9 177 0 8.4 10.8 10.0 2.5 2 1 4 4 4
6028.3 -6158.2 -6.7 62 0 6.3 8.6 7.5 2.5 2 1 3 3 3
5506.0 -5935.6 -3.2 171 0 13.4 26.2 10.0 2.5 2 1 4 1 1
