1838.3 4386.4 -467.5 351 0 11.8 17.6 7.5 2.5 2 0 3 0 0
2023.0 4454.8 -475.1 206 0 22.7 15.7 10.0 2.5 2 0 4 0 0
1685.5 4475.9 -460.3 258 0 13.8 16.2 7.5 2.5 2 0 3 3 3
2022.9 4431.7 -476.1 193 0 10.7 11.5 7.5 2.5 2 1 3 5 5
1829.9 4582.9 -464.6 21 0 17.1 19.9 7.5 2.5 2 0 3 2 2
1733.4 4446.9 -461.7 269 0 8.4 15.7 7.5 2.5 2 0 3 0 0
1660.8 4290.1 -459.2 180 0 22.9 17.1 10.0 2.5 2 0 4 1 1
1647.0 4359.6 -457.3 80 0 11.1 33.5 12.5 2.5 2 0 5 1 1
2057.4 4414.2 -476.3 21 0 20.5 15.1 10.0 0.0 0 0 4 1 1
1787.6 4458.1 -464.3 275 0 16.4 47.1 12.5 2.5 2 0 5 4 4
1747.5 4492.4 -460.8 1 0 15.9 10.9 5.0 2.5 2 0 2 3 3
1945.2 4377.7 -472.2 6 0 21.7 17.2 12.5 2.5 2 0 5 1 1
1761.8 4482.1 -461.3 351 0 12.9 10.4 5.0 2.5 2 0 2 3 3
1857.6 4332.1 -470.0 339 0 14.3 18.1 10.0 2.5 2 0 4 1 1
1828.8 4444.6 -465.6 355 0 22.6 11.0 7.5 2.5 2 0 3 2 2
1647.5 4426.1 -456.9 181 0 19.6 12.6 5.0 2.5 2 0 2 3 3
2013.8 4407.7 -476.5 131 0 12.1 17.2 7.5 2.5 2 1 3 1 1
1871.6 4246.8 -473.1 181 0 16.0 31.8 12.5 2.5 2 0 5 0 0
1570.9 4463.6 -462.3 94 0 19.6 22.9 17.5 2.5 2 0 7 3 3
2069.1 4454.6 -474.5 302 0 16.9 16.1 12.5 2.5 2 0 5 4 4
1870.2 4502.5 -466.6 6 0 20.9 14.9 10.0 2.5 2 0 4 0 0
1711.4 4416.6 -460.7 82 0 7.8 13.7 2.5 2.5 2 0 1 0 0
1768.6 4539.5 -462.6 0 0 17.8 25.3 10.0 2.5 2 0 4 5 5
1850.6 4275.1 -468.7 349 0 19.9 24.8 12.5 2.5 2 0 5 4 4
1634.9 4461.9 -459.0 166 0 23.6 19.0 12.5 2.5 2 0 5 0 0
1842.2 4362.3 -468.6 319 0 13.8 18.5 7.5 2.5 2 1 3 0 0
1678.3 4428.8 -458.5 78 0 13.0 14.1 10.0 2.5 2 1 4 1 1
1898.0 4435.1 -470.2 259 0 22.0 22.8 12.5 2.5 2 1 5 1 1
1519.8 4441.3 -459.4 219 0 8.5 19.1 12.5 2.5 2 1 5 3 3
2981.2 4240.0 -493.7 183 0 10.8 32.6 3.5 3.5 4 1 1 3 3
2966.2 4215.6 -493.8 182 0 12.8 54.1 3.5 3.5 2 1 1 3 3
1423.8 2245.2 -459.7 359 0 8.2 19.8 5.0 2.5 2 1 2 1 1
5605.1 -6617.8 441.2 153 0 96.0 24.1 10.0 0.0 0 0 4 3 3
6199.1 -5379.6 486.5 169 0 10.4 32.6 12.5 2.5 2 1 5 0 0
3785.0 3816.6 -483.6 125 0 11.1 26.0 12.5 2.5 2 1 5 1 1
3830.2 3869.7 -482.0 306 0 18.3 32.2 10.0 2.5 2 1 4 3 3
3859.9 3841.6 -483.3 34 0 6.9 16.7 7.5 0.0 0 1 3 0 0
3883.5 3951.3 -474.5 133 0 13.9 22.1 12.5 2.5 2 1 5 3 3
