-5552.6 -6458.8 -3.0 248 0 14.0 10.2 7.5 2.5 2 0 3 4 4
-5530.8 -6368.8 -6.8 318 0 12.2 15.4 2.5 2.5 2 0 1 0 0
-5483.4 -6419.7 -6.2 44 0 8.8 40.3 12.5 2.5 2 0 5 4 4
-5242.0 -6067.2 -11.3 330 0 8.5 8.2 5.0 2.5 2 0 2 2 2
-5299.3 -6069.1 -13.4 102 0 11.0 8.5 7.5 2.5 2 0 3 3 3
-5285.7 -6003.3 -10.0 255 0 6.2 9.3 2.5 2.5 2 1 1 0 0
-5354.7 -5871.9 -8.7 263 0 8.2 6.9 7.5 2.5 2 0 3 0 0
-5047.1 -5532.3 -10.1 90 0 6.3 7.0 2.5 2.5 2 1 1 2 2
-5102.7 -5445.6 -14.6 43 0 7.9 6.7 7.5 2.5 2 0 3 2 2
-5119.3 -5553.9 -12.5 64 0 8.0 8.9 7.5 2.5 2 1 3 1 1
-4493.2 -5109.6 0.6 77 0 14.5 11.4 7.5 2.5 2 0 3 0 0
-4533.9 -5251.6 -0.0 36 0 9.8 11.5 5.0 2.5 2 1 2 1 1
-4268.8 -5119.1 -3.6 339 0 13.0 9.0 5.0 2.5 2 0 2 4 4
-4298.0 -5079.4 -5.6 262 0 11.1 9.0 7.5 2.5 2 0 3 0 0
-4337.3 -5064.6 -6.9 83 0 7.9 9.8 10.0 0.0 0 1 4 0 0
-4319.0 -5192.2 1.5 76 0 11.0 30.2 12.5 2.5 2 1 5 5 5
-4396.8 -5178.2 4.5 72 0 9.9 10.6 2.5 2.5 2 1 1 3 3
-4392.5 -5149.2 3.1 255 0 29.5 9.1 10.0 2.5 2 0 4 0 0
-4367.3 -5142.3 1.7 254 0 14.4 8.1 10.0 2.5 2 0 4 4 4
-4342.3 -5134.5 -0.6 254 0 26.6 9.8 12.5 2.5 2 0 5 1 1
-4277.7 -5178.4 -0.7 71 0 7.8 25.9 7.5 2.5 2 1 3 1 1
-6390.3 4749.3 5.2 90 0 6.3 10.5 5.0 0.0 0 1 2 5 5
