-2636.6 -421.8 -25.1 193 0 9.7 25.6 7.5 2.5 2 0 3 4 4
4079.0 6893.8 4.6 287 0 12.9 14.1 2.5 2.5 2 0 1 1 1
4070.3 6793.1 4.6 1 0 11.5 13.2 7.5 2.5 2 0 3 5 5
4020.2 6746.8 2.4 180 0 16.0 12.9 7.5 2.5 2 0 3 2 2
2789.4 6708.8 -11.3 48 0 18.2 12.9 5.0 2.5 2 0 2 0 0
1670.7 6691.6 -1.4 350 0 14.5 14.0 5.0 2.5 2 0 2 1 1
4218.6 6890.1 5.9 317 0 17.5 20.5 7.5 2.5 2 1 3 3 3
4188.1 6839.5 5.5 11 0 15.8 10.8 7.5 2.5 2 0 3 0 0
4129.8 6894.0 5.1 24 0 13.2 10.3 2.5 2.5 2 0 1 2 2
4111.6 6876.4 4.9 206 0 19.0 9.5 7.5 2.5 2 0 3 4 4
4182.2 6756.2 5.3 15 0 12.0 9.1 7.5 2.5 2 0 3 1 1
4175.5 6704.6 5.2 19 0 18.9 17.4 7.5 2.5 2 0 3 5 5
4179.7 6733.1 5.3 7 0 18.2 15.4 10.0 2.5 2 0 4 4 4
4173.8 6805.0 5.2 280 0 30.7 28.5 5.0 0.0 0 0 2 3 3
4131.1 6795.1 4.9 276 0 35.6 15.2 7.5 2.5 2 0 3 1 1
4089.6 6807.6 4.8 194 0 10.0 12.6 5.0 2.5 2 1 2 5 5
4208.4 6740.2 5.4 178 0 10.4 8.8 5.0 2.5 2 0 2 5 5
4199.1 6754.2 5.6 182 0 7.1 12.2 7.5 2.5 2 1 3 0 0
4199.8 6710.6 5.2 193 0 6.7 6.8 10.0 2.5 2 1 4 2 2
4228.5 6782.8 5.8 284 0 13.6 15.1 2.5 0.0 0 1 1 2 2
4318.1 6767.3 5.0 283 0 9.8 11.2 7.5 2.5 2 1 3 4 4
4298.4 6695.4 4.4 200 0 11.5 10.0 5.0 0.0 0 0 2 2 2
4500.2 6853.0 0.6 110 0 6.1 12.3 7.5 2.5 4 1 3 0 0
4432.3 6872.9 2.0 223 0 10.4 19.6 7.5 2.5 2 1 3 2 2
4418.2 6840.4 1.6 225 0 8.8 13.8 7.5 2.5 2 1 3 3 3
4415.4 6799.9 0.7 50 0 7.6 6.1 5.0 2.5 2 0 2 4 4
4399.8 6821.9 2.1 225 0 12.0 8.1 7.5 2.5 4 0 3 5 5
4378.0 6762.2 1.8 114 0 6.6 11.7 5.0 2.5 2 1 2 0 0
4387.8 6795.0 1.5 221 0 11.0 9.8 7.5 2.5 2 0 3 4 4
4351.0 6693.0 2.3 205 0 9.0 11.3 10.0 2.5 4 1 4 3 3
4403.5 6893.2 2.4 219 0 18.5 13.5 10.0 2.5 4 0 4 0 0
4364.7 6830.1 4.1 34 0 18.6 12.7 7.5 2.5 2 0 3 0 0
4349.1 6810.8 4.8 31 0 10.9 8.8 7.5 2.5 2 0 3 0 0
4312.9 6789.0 5.3 112 0 10.5 13.9 7.5 2.5 2 1 3 1 1
4253.4 6846.8 6.1 119 0 10.6 7.3 7.5 2.5 4 0 3 5 5
4263.3 6892.2 5.5 150 0 9.7 12.5 10.0 2.5 2 1 4 0 0
-6290.0 3548.0 -23.3 88 0 9.1 7.0 7.5 0.0 0 0 3 1 1
-6423.6 3450.7 -26.3 196 0 8.6 11.6 7.5 2.5 2 1 3 2 2
6278.3 6860.4 13.1 36 0 6.5 7.3 7.5 2.5 2 1 3 4 4
6348.5 6785.9 14.7 43 0 9.0 12.2 7.5 2.5 2 1 3 5 5
6331.5 6888.6 13.6 234 0 12.0 10.4 5.0 2.5 2 0 2 0 0
6400.6 6749.7 14.0 312 0 12.9 10.0 5.0 2.5 2 0 2 1 1
6110.6 6804.6 14.1 27 0 10.7 9.9 7.5 2.5 4 0 3 0 0
4561.3 6764.2 3.6 316 0 13.1 19.8 7.5 2.5 2 1 3 1 1
4591.5 6753.5 4.1 328 0 13.6 11.1 10.0 2.5 2 0 4 5 5
566.1 1669.4 -1.9 170 0 9.0 10.0 5.0 2.5 4 1 2 2 2
548.2 1733.9 -3.3 191 0 7.5 11.0 5.0 0.0 0 1 2 3 3
560.3 1764.5 -3.7 256 0 6.3 14.3 5.0 0.0 0 1 2 0 0
595.9 1901.5 -6.7 234 0 14.4 19.2 7.5 2.5 2 1 3 5 5
695.6 1889.8 -7.0 239 0 12.4 12.9 7.5 0.0 0 1 3 1 1
732.0 1867.6 -6.8 322 0 7.1 10.3 5.0 2.5 2 1 2 2 2
735.2 1844.6 -6.1 320 0 15.6 9.7 2.5 2.5 2 0 1 5 5
698.3 1769.7 -3.4 62 0 9.9 7.7 10.0 2.5 4 0 4 5 5
-143.6 124.3 -26.0 33 0 98.4 80.6 10.0 0.0 0 0 4 1 1
6654.4 6882.4 17.6 232 0 10.5 15.1 10.0 2.5 2 1 4 5 5
6573.8 6771.4 15.7 45 0 13.3 12.9 7.5 0.0 0 0 3 5 5
6514.3 6893.6 16.5 334 0 13.9 17.6 7.5 2.5 2 1 3 1 1
6516.8 6712.2 14.0 45 0 10.0 12.9 7.5 2.5 4 1 3 2 2
6495.3 6859.6 16.6 58 0 9.0 10.0 7.5 2.5 2 1 3 0 0
6449.8 6820.5 15.6 60 0 16.4 12.4 5.0 2.5 2 0 2 3 3
6426.6 6855.7 15.8 56 0 17.8 15.1 7.5 0.0 0 0 3 5 5
6417.9 6819.1 15.3 237 0 15.4 14.4 5.0 2.5 2 0 2 2 2
6553.0 6695.7 14.1 230 0 14.9 11.2 5.0 2.5 2 0 2 1 1
6579.7 6722.4 14.9 220 0 12.8 14.6 5.0 0.0 0 1 2 2 2
6604.4 6747.9 15.7 218 0 8.6 11.6 5.0 2.5 2 1 2 1 1
6625.2 6774.8 16.4 224 0 19.8 14.6 12.5 2.5 2 0 5 4 4
6651.4 6800.6 17.9 222 0 12.7 10.1 2.5 2.5 2 0 1 2 2
6663.6 6818.9 18.7 226 0 12.7 11.0 7.5 2.5 4 0 3 3 3
6684.9 6670.4 15.0 44 0 14.4 11.3 7.5 2.5 2 0 3 1 1
6720.3 6724.1 17.5 46 0 11.9 12.1 5.0 2.5 4 1 2 1 1
6733.1 6763.0 18.7 236 0 11.0 13.3 7.5 2.5 2 1 3 2 2
6708.9 6843.8 18.8 318 0 8.4 16.5 2.5 2.5 2 1 1 1 1
6728.7 6850.1 18.4 147 0 10.0 8.7 7.5 2.5 2 0 3 1 1
-3066.2 6895.0 -14.9 174 0 8.3 8.3 7.5 2.5 2 0 3 2 2
-3421.4 6724.5 -6.5 354 0 12.8 13.0 5.0 2.5 2 1 2 2 2
-3417.5 6691.2 -6.3 350 0 7.7 8.9 5.0 2.5 4 1 2 5 5
-3419.9 6750.0 -6.5 346 0 17.0 11.8 5.0 2.5 2 0 2 3 3
-3424.8 6778.6 -6.6 0 0 11.0 10.0 7.5 2.5 4 0 3 2 2
-3420.9 6805.9 -5.9 2 0 12.3 9.1 5.0 2.5 4 0 2 0 0
-3429.2 6831.7 -5.7 7 0 10.0 9.2 5.0 2.5 2 0 2 3 3
-3402.2 6865.0 -5.8 174 0 10.5 10.7 5.0 2.5 2 1 2 2 2
-3390.9 6894.3 -6.0 269 0 15.9 10.7 7.5 2.5 2 0 3 4 4
-3355.4 6892.4 -6.1 20 0 12.1 18.8 7.5 2.5 2 1 3 2 2
-3269.5 6893.1 -7.0 354 0 8.0 13.9 10.0 2.5 2 1 4 2 2
-3226.9 6892.2 -9.0 152 0 11.0 13.3 5.0 2.5 2 1 2 5 5
-3378.1 6773.3 -4.9 101 0 7.8 13.0 10.0 0.0 0 1 4 4 4
-3293.9 6776.4 -5.3 112 0 11.1 9.4 5.0 2.5 2 0 2 3 3
-3260.8 6781.6 -5.7 80 0 16.1 11.0 7.5 2.5 2 0 3 5 5
-3206.6 6788.2 -7.5 90 0 9.7 10.7 2.5 2.5 2 1 1 5 5
-3188.5 6796.7 -9.2 91 0 11.8 13.0 2.5 2.5 2 1 1 1 1
-3095.0 6758.2 -14.9 222 0 8.3 13.2 5.0 0.0 0 1 2 0 0
-3096.3 6697.8 -14.5 250 0 11.3 10.6 7.5 2.5 2 0 3 4 4
-3145.2 6736.0 -11.2 95 0 9.7 15.0 7.5 2.5 2 1 3 3 3
-3214.6 6757.1 -7.4 249 0 10.1 8.2 7.5 2.5 2 0 3 1 1
-3297.3 6747.7 -4.7 280 0 13.7 10.2 5.0 2.5 2 0 2 4 4
-3269.1 6749.8 -5.5 266 0 19.4 9.8 7.5 2.5 2 0 3 4 4
-3324.3 6749.4 -4.6 262 0 12.5 8.5 5.0 2.5 2 0 2 1 1
-3383.4 6733.2 -5.4 192 0 11.5 11.4 7.5 2.5 2 0 3 5 5
-7.2 6733.2 -13.9 288 0 13.3 9.9 2.5 2.5 2 0 1 3 3
56.0 6728.5 -14.9 270 0 19.1 8.6 7.5 2.5 2 0 3 2 2
23.6 6728.3 -14.4 269 0 14.1 9.2 5.0 0.0 0 0 2 5 5
-6.8 6853.4 -14.8 182 0 16.6 7.9 7.5 2.5 2 0 3 5 5
-444.8 6875.2 -17.4 270 0 12.6 6.5 2.5 2.5 2 0 1 2 2
-430.4 6892.2 -17.0 268 0 13.8 9.5 5.0 2.5 2 0 2 1 1
-375.4 6888.9 -15.2 255 0 11.5 9.6 7.5 2.5 2 0 3 2 2
-309.0 6763.7 -13.9 14 0 13.4 12.1 7.5 2.5 2 0 3 5 5
-289.6 6894.9 -12.7 273 0 13.2 7.3 5.0 0.0 0 0 2 4 4
-227.2 6762.7 -9.9 88 0 10.0 7.3 7.5 2.5 2 0 3 4 4
-255.3 6891.4 -11.6 279 0 7.7 8.3 5.0 0.0 0 1 2 5 5
-216.6 6844.1 -9.6 345 0 16.3 7.9 2.5 2.5 4 0 1 2 2
-215.2 6737.0 -9.6 275 0 13.9 15.3 5.0 2.5 2 1 2 0 0
-192.0 6789.8 -8.1 339 0 14.0 10.1 7.5 2.5 2 0 3 4 4
-171.9 6756.4 -7.4 88 0 8.8 6.2 7.5 2.5 2 0 3 1 1
-155.4 6881.7 -9.8 278 0 10.1 8.5 5.0 2.5 2 0 2 2 2
-39.0 6880.7 -12.9 268 0 7.9 9.7 7.5 2.5 4 1 3 1 1
-121.6 6878.6 -10.7 271 0 13.8 8.5 10.0 2.5 2 0 4 3 3
-65.9 6883.3 -12.3 289 0 12.5 10.4 5.0 2.5 2 0 2 2 2
-94.2 6877.2 -11.4 274 0 13.3 9.2 7.5 0.0 0 0 3 0 0
-145.3 6773.5 -8.2 164 0 16.1 11.9 7.5 2.5 2 0 3 0 0
-69.6 6771.5 -11.0 87 0 13.4 11.5 7.5 2.5 2 0 3 4 4
1508.7 6647.0 3.5 6 0 9.9 11.8 7.5 2.5 2 1 3 5 5
1454.2 6707.6 3.9 196 0 9.4 13.1 5.0 2.5 2 1 2 5 5
1588.1 6703.1 2.2 285 0 13.4 16.3 7.5 2.5 2 1 3 1 1
1557.6 6701.9 2.7 286 0 23.8 12.9 12.5 2.5 2 0 5 3 3
1522.9 6704.1 3.2 286 0 19.0 10.3 7.5 2.5 2 0 3 1 1
1480.3 6685.9 3.6 180 0 12.4 10.6 7.5 2.5 4 0 3 3 3
1544.7 6854.8 0.2 358 0 14.2 15.3 5.0 2.5 2 1 2 4 4
1479.9 6896.6 0.2 272 0 15.3 19.6 5.0 2.5 2 1 2 2 2
1365.7 6755.6 4.6 180 0 9.8 11.5 10.0 2.5 2 1 4 2 2
1436.8 6724.2 4.2 9 0 15.8 19.3 7.5 2.5 2 1 3 4 4
1409.0 6887.0 2.2 302 0 8.8 6.6 5.0 2.5 4 0 2 3 3
1436.9 6852.7 2.2 12 0 9.0 8.4 5.0 0.0 0 0 2 5 5
1350.3 6890.6 1.6 90 0 10.9 11.5 7.5 2.5 2 1 3 4 4
1377.8 6890.8 1.5 88 0 10.6 18.4 2.5 2.5 4 1 1 0 0
1384.8 6796.9 4.6 12 0 11.5 11.7 5.0 2.5 2 1 2 2 2
1280.5 6736.2 1.9 95 0 14.7 11.0 2.5 2.5 2 0 1 5 5
1282.6 6798.1 2.9 276 0 10.9 9.9 5.0 2.5 2 0 2 0 0
1226.0 6736.6 -0.5 81 0 13.4 11.6 7.5 2.5 2 0 3 5 5
1171.6 6694.6 -3.5 192 0 7.0 7.2 10.0 2.5 2 1 4 2 2
1177.6 6713.3 -2.9 185 0 12.9 9.7 7.5 2.5 2 0 3 0 0
1202.8 6851.9 -1.7 354 0 13.7 11.2 5.0 2.5 2 0 2 1 1
-6647.3 6811.5 -26.0 166 0 13.2 12.1 7.5 2.5 2 0 3 3 3
-6553.3 6688.2 -25.7 336 0 15.4 8.7 2.5 2.5 2 0 1 3 3
-6571.3 6709.9 -25.9 250 0 6.9 9.2 10.0 2.5 4 1 4 2 2
-6657.9 6695.1 -28.8 46 0 7.7 13.3 2.5 2.5 2 1 1 2 2
-6597.5 6733.5 -26.9 58 0 11.1 7.6 10.0 2.5 2 0 4 5 5
-6615.5 6774.9 -26.5 313 0 12.9 6.5 7.5 2.5 2 0 3 0 0
-3095.9 6828.0 -15.7 195 0 7.5 13.1 5.0 2.5 2 1 2 1 1
3773.3 -1304.9 -13.8 247 0 14.0 11.0 5.0 2.5 2 0 2 2 2
3800.5 -1275.6 -14.1 152 0 9.7 13.7 10.0 2.5 2 1 4 2 2
3800.4 -1222.8 -14.0 324 0 8.1 12.7 7.5 2.5 2 1 3 1 1
3750.3 -1212.0 -14.2 150 0 12.5 17.3 5.0 0.0 0 1 2 3 3
3733.9 -1188.3 -13.4 152 0 10.5 19.4 7.5 2.5 2 1 3 4 4
3721.7 -1158.4 -12.5 153 0 8.5 13.6 7.5 2.5 4 1 3 1 1
3712.2 -1137.2 -11.9 154 0 10.8 19.6 5.0 2.5 2 1 2 0 0
3679.3 -1075.9 -10.2 146 0 14.7 11.0 10.0 0.0 0 0 4 3 3
3676.5 -1005.9 -8.8 217 0 13.4 12.8 7.5 2.5 4 0 3 4 4
3669.7 -956.9 -8.6 33 0 11.2 12.3 5.0 2.5 4 1 2 3 3
3686.7 -937.3 -8.9 31 0 11.8 20.8 5.0 2.5 2 1 2 4 4
3694.0 -977.2 -8.6 203 0 12.2 16.9 2.5 2.5 2 1 1 4 4
3715.9 -925.5 -8.6 211 0 13.2 11.4 7.5 2.5 2 0 3 5 5
3702.8 -900.8 -9.1 30 0 8.5 14.2 7.5 2.5 2 1 3 3 3
3731.2 -856.2 -9.7 24 0 11.1 19.9 5.0 2.5 2 1 2 5 5
3672.3 -708.0 -11.8 274 0 18.9 11.7 5.0 2.5 2 0 2 3 3
3648.9 -619.7 -7.7 243 0 10.5 12.2 7.5 2.5 2 1 3 3 3
3758.3 -911.7 -8.7 19 0 16.1 14.3 7.5 2.5 4 0 3 1 1
3728.1 -890.5 -8.7 206 0 16.6 17.0 10.0 2.5 2 1 4 2 2
3741.9 -876.7 -8.7 215 0 9.3 13.6 5.0 2.5 2 1 2 5 5
3767.7 -827.9 -8.9 207 0 11.8 16.5 7.5 2.5 4 1 3 2 2
3758.4 -854.2 -8.7 204 0 13.5 19.0 7.5 2.5 4 1 3 4 4
3774.8 -800.1 -9.1 197 0 16.0 13.2 7.5 2.5 2 0 3 2 2
3763.7 -768.9 -10.3 5 0 15.1 14.4 2.5 2.5 4 0 1 3 3
3781.9 -768.6 -9.4 196 0 13.6 11.0 10.0 2.5 2 0 4 5 5
3772.0 -718.6 -9.9 3 0 18.0 11.8 5.0 2.5 2 0 2 3 3
3790.6 -624.8 -7.7 9 0 11.1 15.5 5.0 2.5 2 1 2 2 2
3809.1 -556.3 -6.3 10 0 12.6 18.2 5.0 2.5 2 1 2 0 0
3794.0 -718.8 -9.4 192 0 9.6 12.9 5.0 2.5 2 1 2 1 1
3814.6 -635.0 -7.3 184 0 9.5 15.6 7.5 2.5 2 1 3 4 4
3835.3 -612.1 -6.8 183 0 7.9 24.4 10.0 2.5 2 1 4 0 0
3827.9 -953.9 -11.0 206 0 10.4 8.8 5.0 2.5 2 0 2 3 3
3838.6 -915.3 -11.3 208 0 10.3 7.6 2.5 2.5 2 0 1 3 3
3898.6 -982.8 -13.4 11 0 9.1 10.5 10.0 2.5 2 1 4 2 2
3819.7 -979.4 -10.7 211 0 10.1 9.2 7.5 0.0 0 0 3 4 4
3798.8 -1002.2 -10.1 202 0 10.6 16.5 10.0 0.0 0 1 4 3 3
3883.5 -1068.4 -12.5 326 0 12.9 10.6 5.0 2.5 2 0 2 4 4
3813.5 -1111.4 -11.8 152 0 11.8 15.0 5.0 2.5 4 1 2 0 0
3820.5 -1131.1 -12.3 156 0 8.4 15.4 5.0 2.5 2 1 2 1 1
3843.6 -1148.3 -13.0 157 0 12.1 15.7 7.5 2.5 4 1 3 4 4
3915.4 -1123.7 -13.4 329 0 8.8 9.9 5.0 2.5 2 1 2 1 1
3931.8 -1139.3 -14.0 301 0 7.5 9.9 7.5 2.5 2 1 3 2 2
3867.8 -1215.5 -14.4 153 0 11.2 11.6 7.5 2.5 4 1 3 4 4
3887.3 -1260.9 -14.9 167 0 11.1 11.8 7.5 2.5 2 1 3 5 5
3774.1 -1449.3 -13.9 212 0 11.5 10.5 10.0 2.5 4 0 4 4 4
3822.6 -1309.8 -14.3 314 0 13.5 12.7 2.5 2.5 4 0 1 1 1
3870.2 -1375.7 -12.9 320 0 10.3 12.8 5.0 2.5 2 1 2 4 4
3872.1 -1474.7 -10.4 274 0 12.4 8.0 5.0 2.5 2 0 2 1 1
3873.5 -1529.5 -12.0 129 0 8.6 8.8 7.5 2.5 2 1 3 1 1
3914.4 -1540.1 -12.9 98 0 15.4 13.1 5.0 2.5 2 0 2 5 5
3939.2 -1439.3 -10.9 144 0 11.8 10.5 10.0 2.5 2 0 4 2 2
4044.2 -1549.4 -12.7 2 0 8.9 10.0 7.5 2.5 4 1 3 0 0
3986.7 -1495.4 -10.8 13 0 7.6 13.9 7.5 2.5 2 1 3 0 0
3989.7 -1249.3 -15.7 339 0 8.0 9.1 10.0 2.5 2 1 4 2 2
3999.8 -1275.6 -16.0 339 0 9.3 11.6 7.5 0.0 0 1 3 1 1
3975.1 -1337.4 -14.3 103 0 9.3 7.2 7.5 2.5 2 0 3 2 2
4016.6 -1296.8 -15.9 350 0 7.7 6.6 7.5 2.5 2 0 3 3 3
4099.7 -1436.0 -11.3 244 0 8.8 9.5 10.0 2.5 2 1 4 3 3
3404.2 -1522.9 -14.7 57 0 11.3 10.3 2.5 2.5 2 0 1 1 1
3430.1 -1506.0 -15.0 56 0 10.0 11.7 7.5 0.0 0 1 3 3 3
3497.7 -1473.5 -13.7 214 0 9.6 9.1 5.0 2.5 2 0 2 0 0
3527.2 -1454.8 -13.5 232 0 6.7 10.8 7.5 2.5 2 1 3 5 5
3559.7 -1447.2 -13.6 49 0 7.7 17.2 10.0 2.5 2 1 4 1 1
3562.0 -1380.9 -15.1 59 0 13.1 8.2 5.0 2.5 2 0 2 1 1
3567.2 -1411.7 -13.8 234 0 9.5 9.2 5.0 0.0 0 0 2 1 1
3621.2 -1496.3 -13.6 236 0 10.0 11.8 5.0 2.5 2 1 2 2 2
3688.2 -1473.5 -13.6 163 0 14.0 11.4 7.5 2.5 2 0 3 2 2
3739.1 -1470.9 -13.6 82 0 10.4 8.4 5.0 2.5 2 0 2 0 0
3596.8 -1385.7 -14.0 245 0 16.2 11.7 5.0 2.5 2 0 2 1 1
3580.4 -1361.4 -15.3 61 0 10.4 9.0 5.0 2.5 2 0 2 1 1
3602.3 -1353.1 -15.1 70 0 21.3 10.6 7.5 0.0 0 0 3 1 1
3639.1 -1396.5 -11.9 57 0 8.9 6.3 7.5 0.0 0 0 3 3 3
3624.3 -1375.8 -12.9 235 0 6.5 16.0 5.0 2.5 2 1 2 0 0
3667.1 -1044.9 -9.5 160 0 9.6 16.8 5.0 2.5 2 1 2 5 5
3670.5 -1118.4 -11.9 336 0 7.1 9.4 7.5 2.5 2 1 3 1 1
3716.8 -1188.9 -13.3 339 0 7.2 11.0 7.5 2.5 2 1 3 1 1
3704.4 -1225.2 -14.3 156 0 10.9 10.3 7.5 2.5 2 0 3 5 5
3708.1 -1371.3 -10.9 79 0 9.0 17.1 2.5 2.5 2 1 1 4 4
3141.7 -1618.0 -15.8 270 0 12.3 15.7 7.5 2.5 2 1 3 2 2
3223.3 -1637.3 -12.8 86 0 8.0 8.0 5.0 2.5 2 1 2 0 0
3218.2 -1551.0 -16.4 254 0 7.3 10.2 7.5 2.5 2 1 3 3 3
3283.4 -1574.3 -13.5 86 0 9.4 9.8 2.5 2.5 2 1 1 1 1
3317.7 -1566.0 -13.7 71 0 14.6 9.3 7.5 2.5 2 0 3 2 2
3335.7 -1596.4 -12.7 259 0 12.9 7.3 7.5 2.5 2 0 3 0 0
3381.4 -1585.4 -12.6 238 0 10.7 16.3 7.5 2.5 4 1 3 3 3
3351.2 -1563.6 -13.4 69 0 11.6 9.4 7.5 2.5 2 0 3 4 4
3388.9 -1546.6 -13.6 46 0 13.1 10.9 10.0 2.5 2 0 4 5 5
3403.3 -1563.8 -12.8 237 0 11.3 17.6 5.0 2.5 4 1 2 3 3
3786.0 -293.5 -2.2 35 0 6.7 10.4 2.5 2.5 2 1 1 5 5
3801.2 -267.9 -2.0 39 0 13.4 10.8 10.0 2.5 2 0 4 1 1
3818.5 -249.9 -1.7 33 0 8.1 14.7 7.5 2.5 2 1 3 3 3
3850.3 -152.0 -0.8 14 0 7.0 11.8 7.5 2.5 2 1 3 5 5
3868.5 -133.2 -0.6 30 0 16.0 14.0 5.0 2.5 2 0 2 3 3
3906.6 -47.8 -4.3 31 0 15.6 9.3 10.0 2.5 2 0 4 3 3
3893.0 -436.8 -5.9 61 0 12.1 11.4 7.5 0.0 0 0 3 5 5
3839.1 -250.0 -0.3 211 0 11.3 18.5 7.5 2.5 2 1 3 1 1
3997.3 -420.3 -2.9 120 0 9.7 13.1 7.5 2.5 2 1 3 0 0
3928.5 -352.2 -0.4 148 0 15.9 10.0 2.5 2.5 2 0 1 3 3
3950.1 -406.9 -3.5 191 0 13.8 15.3 5.0 2.5 2 1 2 1 1
3975.1 -470.6 -8.0 178 0 10.0 17.1 7.5 2.5 2 1 3 2 2
4033.5 -387.9 -1.6 303 0 8.7 16.2 7.5 0.0 0 1 3 1 1
4067.4 -393.0 -2.6 295 0 12.6 16.2 7.5 2.5 2 1 3 3 3
4055.1 -485.7 -6.4 99 0 12.8 8.2 7.5 0.0 0 0 3 2 2
4076.9 -498.2 -7.2 103 0 11.5 9.0 7.5 2.5 4 0 3 2 2
4088.4 -413.7 -3.3 110 0 11.9 14.9 10.0 2.5 2 1 4 5 5
4200.8 -599.2 -12.5 90 0 10.9 11.2 10.0 2.5 2 1 4 5 5
4203.5 -511.3 -8.7 85 0 6.8 14.9 7.5 0.0 0 1 3 3 3
4148.9 -489.9 -8.4 183 0 8.7 12.9 5.0 0.0 0 1 2 4 4
4179.9 -478.4 -7.9 268 0 9.1 11.2 10.0 2.5 2 1 4 3 3
4149.9 -384.3 -4.0 277 0 10.4 17.1 7.5 2.5 2 1 3 4 4
4183.8 -442.9 -7.0 105 0 10.1 13.1 7.5 2.5 2 1 3 0 0
4200.8 -438.0 -7.1 149 0 8.9 14.4 7.5 2.5 2 1 3 2 2
4233.6 -424.2 -7.1 53 0 13.3 7.5 2.5 2.5 2 0 1 3 3
4264.7 -368.8 -7.9 359 0 6.5 12.6 7.5 2.5 4 1 3 5 5
4257.9 -409.3 -8.4 38 0 8.2 9.7 7.5 2.5 2 1 3 5 5
4232.2 -479.4 -8.7 241 0 8.0 11.6 7.5 2.5 2 1 3 4 4
4274.6 -571.5 -11.6 56 0 8.9 8.7 5.0 2.5 2 0 2 0 0
4294.8 -557.6 -11.8 54 0 9.5 10.8 7.5 2.5 2 1 3 1 1
4303.2 -466.4 -11.9 194 0 9.5 9.8 7.5 2.5 2 1 3 4 4
4342.3 -486.1 -12.5 135 0 11.1 10.0 7.5 2.5 2 0 3 1 1
4384.6 -474.5 -13.2 311 0 8.7 8.6 5.0 2.5 2 0 2 1 1
3738.7 -411.9 -4.3 27 0 12.9 25.1 10.0 0.0 0 1 4 2 2
3744.6 -375.3 -3.2 36 0 9.7 12.4 2.5 2.5 2 1 1 2 2
3807.3 -456.0 -5.1 132 0 15.3 16.4 10.0 2.5 2 1 4 2 2
3774.8 -446.2 -3.5 118 0 9.8 18.9 10.0 0.0 0 1 4 4 4
3761.9 -403.6 -3.2 209 0 28.4 8.0 5.0 2.5 2 0 2 0 0
3718.9 -538.4 -7.5 72 0 8.7 28.0 10.0 2.5 2 1 4 4 4
3710.0 -509.7 -6.9 72 0 9.4 36.7 10.0 2.5 2 1 4 4 4
3678.7 -459.9 -6.3 248 0 9.7 24.7 5.0 0.0 0 1 2 3 3
3675.3 -440.8 -5.5 251 0 9.5 16.1 7.5 0.0 0 1 3 0 0
3705.3 -458.6 -5.8 248 0 9.0 24.4 7.5 2.5 2 1 3 5 5
3725.5 -473.1 -6.1 252 0 8.5 32.0 10.0 2.5 2 1 4 1 1
3596.0 -404.0 -8.5 109 0 17.3 10.6 5.0 2.5 2 0 2 1 1
3629.6 -403.6 -6.6 113 0 11.9 8.8 2.5 2.5 4 0 1 3 3
2860.6 -349.5 -7.7 161 0 13.9 10.9 7.5 2.5 2 0 3 1 1
2888.6 -420.0 -5.8 155 0 10.2 14.6 7.5 2.5 2 1 3 0 0
2898.2 -462.6 -6.6 152 0 9.8 12.6 7.5 2.5 2 1 3 1 1
2938.8 -311.4 -9.4 256 0 11.2 7.4 5.0 2.5 2 0 2 2 2
2982.9 -331.2 -10.3 2 0 14.1 10.0 10.0 2.5 2 0 4 3 3
3006.8 -383.4 -10.5 331 0 15.1 11.1 2.5 2.5 2 0 1 0 0
3004.0 -452.5 -9.4 6 0 13.0 10.6 10.0 0.0 0 0 4 2 2
2928.9 -562.4 -3.3 156 0 10.6 15.4 7.5 2.5 2 1 3 3 3
2969.2 -592.5 -4.3 117 0 11.2 15.2 5.0 2.5 2 1 2 5 5
3003.9 -604.4 -5.4 105 0 14.6 14.3 5.0 2.5 2 0 2 1 1
3034.4 -500.2 -7.8 332 0 10.5 13.7 5.0 2.5 2 1 2 3 3
3051.8 -612.5 -6.2 70 0 17.5 12.9 2.5 2.5 4 0 1 1 1
3111.9 -629.0 -6.9 292 0 13.1 8.6 7.5 2.5 2 0 3 2 2
3133.9 -644.4 -7.9 286 0 11.6 11.9 2.5 2.5 2 1 1 2 2
3137.0 -612.1 -6.0 109 0 13.1 9.1 10.0 2.5 2 0 4 3 3
3124.7 -598.9 -5.3 65 0 9.7 14.2 5.0 2.5 2 1 2 5 5
3128.4 -457.8 -7.1 78 0 8.7 11.8 2.5 2.5 2 1 1 3 3
3084.7 -372.9 -10.5 311 0 19.6 15.7 7.5 2.5 2 0 3 0 0
3089.6 -529.2 -5.6 187 0 11.6 11.6 5.0 2.5 2 0 2 2 2
3122.5 -497.9 -6.1 353 0 11.1 18.7 5.0 2.5 4 1 2 3 3
3134.7 -356.2 -9.4 142 0 15.2 11.5 10.0 2.5 2 0 4 1 1
3090.2 -285.1 -10.7 199 0 10.7 13.2 7.5 2.5 2 1 3 1 1
3095.8 -190.3 -13.4 25 0 10.4 19.9 7.5 2.5 2 1 3 3 3
3117.9 -229.4 -10.4 193 0 9.4 14.4 2.5 2.5 2 1 1 5 5
3159.0 -219.9 -9.8 296 0 8.2 7.3 10.0 2.5 2 0 4 4 4
3175.2 -183.7 -10.8 120 0 11.0 6.5 2.5 2.5 2 0 1 0 0
3199.8 -199.6 -10.2 121 0 13.4 8.0 5.0 2.5 2 0 2 3 3
3180.5 -434.0 -5.8 292 0 10.2 20.1 2.5 2.5 2 1 1 0 0
3194.5 -419.9 -5.7 270 0 7.9 18.9 7.5 2.5 4 1 3 2 2
3210.0 -237.0 -9.2 297 0 12.5 18.5 7.5 2.5 2 1 3 5 5
3227.2 -286.5 -8.4 35 0 9.3 11.4 7.5 2.5 4 1 3 5 5
3214.1 -315.8 -8.5 31 0 8.3 16.5 5.0 2.5 2 1 2 0 0
3206.6 -343.0 -7.9 33 0 16.1 11.5 2.5 2.5 2 0 1 5 5
3228.2 -430.6 -5.4 267 0 10.9 11.9 5.0 2.5 2 1 2 3 3
3242.9 -312.1 -8.5 212 0 11.4 10.7 2.5 0.0 0 0 1 0 0
3239.5 -369.8 -7.0 194 0 14.4 13.6 7.5 2.5 2 0 3 1 1
3286.8 -431.6 -5.7 275 0 9.7 20.5 5.0 2.5 2 1 2 2 2
3316.7 -433.5 -6.2 274 0 8.0 11.6 10.0 2.5 2 1 4 1 1
3295.6 -406.3 -7.3 96 0 11.0 17.7 5.0 2.5 2 1 2 4 4
3274.8 -252.2 -11.0 112 0 10.8 12.9 7.5 2.5 2 1 3 4 4
3298.1 -262.7 -11.7 124 0 12.1 16.6 7.5 2.5 2 1 3 3 3
3318.5 -302.9 -10.4 284 0 15.5 14.4 7.5 2.5 2 0 3 5 5
3337.6 -295.6 -11.1 122 0 10.1 20.7 7.5 2.5 2 1 3 3 3
3365.8 -384.9 -7.6 84 0 13.3 7.5 7.5 2.5 2 0 3 0 0
3401.2 -433.7 -5.4 265 0 12.4 12.6 2.5 2.5 2 1 1 3 3
3407.0 -582.1 -3.0 243 0 10.5 10.2 7.5 2.5 2 0 3 5 5
3449.5 -578.5 -3.3 255 0 23.1 11.3 10.0 2.5 4 0 4 5 5
3430.2 -407.7 -6.7 82 0 11.0 9.3 10.0 2.5 2 0 4 3 3
3441.3 -354.5 -8.8 117 0 12.9 17.9 5.0 2.5 2 1 2 3 3
3480.5 -436.1 -6.1 263 0 9.5 15.0 7.5 2.5 2 1 3 0 0
3497.5 -434.7 -6.3 270 0 7.3 12.7 7.5 2.5 2 1 3 2 2
3564.5 -596.8 -5.3 70 0 24.7 12.0 10.0 2.5 2 0 4 3 3
3533.1 -559.1 -4.2 275 0 13.3 13.2 5.0 2.5 2 0 2 2 2
3587.6 -559.9 -5.1 239 0 18.9 15.7 7.5 2.5 2 0 3 5 5
3519.1 -403.7 -8.0 86 0 7.7 13.6 5.0 2.5 2 1 2 5 5
3536.5 -430.0 -6.8 277 0 18.4 14.3 12.5 2.5 2 0 5 0 0
3566.4 -429.5 -6.8 264 0 12.1 19.8 5.0 2.5 2 1 2 4 4
3601.2 -445.1 -6.1 275 0 9.4 32.5 10.0 2.5 2 1 4 3 3
2595.7 -124.2 -9.7 98 0 16.5 9.0 5.0 2.5 2 0 2 4 4
2624.9 -125.7 -10.8 68 0 10.4 10.7 7.5 2.5 2 1 3 2 2
2688.5 -135.5 -12.8 219 0 9.9 13.4 7.5 2.5 4 1 3 3 3
2840.2 -368.8 -7.5 347 0 12.7 15.4 7.5 2.5 2 1 3 5 5
2809.2 -301.0 -8.5 330 0 11.5 7.8 10.0 2.5 2 0 4 2 2
2727.6 -193.7 -11.2 116 0 9.2 13.5 5.0 2.5 2 1 2 4 4
2748.9 -211.4 -10.5 133 0 11.9 7.7 7.5 2.5 2 0 3 2 2
2817.0 -260.0 -9.0 132 0 10.3 8.8 5.0 2.5 2 0 2 0 0
2856.5 -310.3 -8.0 86 0 12.7 6.6 7.5 2.5 2 0 3 1 1
2879.5 -305.7 -8.6 69 0 18.0 22.8 15.0 0.0 0 1 6 3 3
2903.1 -294.5 -9.1 69 0 10.1 13.4 10.0 2.5 2 1 4 4 4
2932.0 -287.4 -9.9 75 0 15.6 9.3 5.0 2.5 2 0 2 3 3
2462.3 -312.2 -16.1 347 0 7.4 10.3 7.5 2.5 2 1 3 5 5
2461.5 -283.3 -15.8 345 0 10.3 12.8 10.0 2.5 4 1 4 0 0
2436.1 -224.8 -14.9 180 0 8.0 7.9 7.5 2.5 2 0 3 1 1
2470.1 -189.9 -13.2 1 0 14.5 11.5 5.0 2.5 2 0 2 0 0
2469.9 -165.3 -12.1 4 0 7.5 11.5 5.0 2.5 2 1 2 2 2
2459.2 -134.5 -11.3 278 0 8.0 10.1 7.5 2.5 2 1 3 5 5
2427.2 -106.8 -12.4 98 0 10.7 15.2 10.0 0.0 0 1 4 4 4
2490.5 -73.5 -10.1 270 0 12.3 8.3 7.5 2.5 4 0 3 2 2
2458.3 -101.3 -10.8 80 0 9.9 14.5 5.0 2.5 2 1 2 1 1
2535.2 -117.0 -9.0 103 0 10.6 18.2 7.5 2.5 2 1 3 4 4
2547.8 -122.3 -9.2 98 0 8.3 10.5 10.0 0.0 0 1 4 4 4
2593.8 -377.8 -11.0 189 0 10.3 11.9 5.0 0.0 0 1 2 5 5
2607.0 -338.9 -10.4 179 0 8.9 13.8 2.5 2.5 2 1 1 3 3
2601.1 -309.6 -10.9 186 0 8.4 17.7 10.0 2.5 2 1 4 3 3
2585.3 -276.6 -11.9 186 0 16.9 12.1 5.0 2.5 2 0 2 0 0
2608.8 -223.1 -11.4 179 0 7.4 12.1 10.0 2.5 4 1 4 3 3
2593.3 -154.4 -10.3 278 0 11.3 6.3 2.5 2.5 2 0 1 2 2
2658.7 -336.5 -8.9 1 0 12.4 16.5 2.5 2.5 2 1 1 0 0
2646.1 -298.8 -9.5 178 0 10.3 10.0 7.5 2.5 2 0 3 0 0
2663.7 -248.2 -10.2 269 0 14.4 15.7 7.5 2.5 2 1 3 3 3
2748.5 -305.1 -9.1 78 0 8.4 10.8 7.5 2.5 2 1 3 3 3
2751.6 -315.6 -8.9 349 0 7.5 15.3 7.5 2.5 2 1 3 2 2
2743.2 -383.5 -8.1 71 0 9.3 14.2 10.0 0.0 0 1 4 0 0
2602.5 -503.8 -10.8 124 0 11.0 18.3 5.0 2.5 2 1 2 4 4
2661.1 -503.0 -8.1 286 0 12.8 12.4 5.0 2.5 2 0 2 5 5
2779.6 -445.3 -5.8 284 0 9.7 9.5 10.0 2.5 2 0 4 2 2
2725.9 -539.3 -5.4 79 0 13.8 11.7 7.5 2.5 2 0 3 2 2
2704.8 -585.4 -5.5 252 0 8.6 7.2 5.0 2.5 2 0 2 3 3
2617.5 -587.0 -11.5 259 0 12.6 15.4 5.0 2.5 2 1 2 2 2
2640.9 -590.5 -9.7 268 0 10.6 10.0 5.0 0.0 0 0 2 5 5
2670.7 -698.6 -9.4 157 0 12.0 10.8 5.0 0.0 0 0 2 2 2
2707.5 -689.0 -8.1 72 0 12.6 11.8 5.0 2.5 2 0 2 0 0
2729.9 -587.4 -5.0 249 0 11.0 9.0 7.5 2.5 2 0 3 4 4
2765.8 -668.9 -5.9 85 0 10.6 10.5 7.5 2.5 2 0 3 2 2
2787.1 -570.6 -4.1 257 0 10.3 8.7 5.0 0.0 0 0 2 1 1
2811.8 -559.7 -3.7 255 0 12.8 14.4 2.5 2.5 4 1 1 2 2
2827.1 -672.6 -5.9 73 0 10.1 14.8 7.5 2.5 2 1 3 2 2
2858.8 -658.1 -5.3 252 0 10.8 8.7 5.0 2.5 4 0 2 3 3
2883.5 -680.2 -6.0 86 0 9.4 10.1 10.0 0.0 0 1 4 0 0
2926.8 -685.7 -6.2 81 0 13.7 10.9 5.0 2.5 2 0 2 3 3
2968.8 -638.6 -4.0 343 0 14.8 16.9 5.0 2.5 2 1 2 2 2
2842.5 -550.5 -3.6 272 0 9.7 13.3 7.5 2.5 2 1 3 2 2
2866.7 -553.6 -3.5 259 0 12.3 11.2 5.0 2.5 2 0 2 5 5
2873.3 -513.7 -3.3 70 0 8.5 6.9 7.5 2.5 2 0 3 0 0
2877.2 -474.3 -3.8 343 0 12.4 18.4 5.0 2.5 2 1 2 4 4
2860.6 -433.9 -4.8 330 0 24.4 16.6 12.5 2.5 2 0 5 0 0
2352.3 -191.4 -15.2 177 0 6.8 7.7 7.5 2.5 2 1 3 2 2
2354.8 -219.3 -15.8 184 0 7.5 9.3 2.5 2.5 2 1 1 5 5
2504.3 -210.6 -12.6 4 0 9.9 7.7 7.5 2.5 2 0 3 0 0
2491.9 -236.6 -13.7 196 0 10.4 13.8 5.0 2.5 4 1 2 4 4
2513.1 -269.4 -14.2 342 0 15.5 13.6 5.0 2.5 2 0 2 5 5
2438.0 -406.8 -15.5 157 0 6.6 9.0 10.0 2.5 2 1 4 3 3
2476.4 -415.6 -14.4 331 0 9.8 11.1 7.5 0.0 0 1 3 1 1
2511.0 -445.8 -12.7 311 0 7.7 8.6 7.5 2.5 2 1 3 1 1
2524.1 -464.5 -12.0 321 0 7.0 8.4 7.5 0.0 0 1 3 0 0
2550.2 -489.8 -11.7 309 0 11.1 11.3 7.5 2.5 2 1 3 4 4
2563.3 -521.9 -11.5 124 0 7.8 14.9 2.5 2.5 4 1 1 0 0
2570.0 -481.3 -11.9 129 0 11.7 11.1 5.0 2.5 2 0 2 1 1
2504.9 -316.2 -14.9 76 0 13.9 8.9 5.0 2.5 2 0 2 5 5
3250.0 -791.2 -13.5 90 0 14.4 8.6 10.0 0.0 0 0 4 1 1
3365.5 -752.3 -10.0 176 0 7.4 9.4 5.0 2.5 2 1 2 5 5
3388.3 -722.5 -8.4 170 0 11.0 16.1 7.5 2.5 2 1 3 3 3
3412.2 -789.2 -10.5 352 0 7.6 10.7 7.5 2.5 2 1 3 3 3
3442.8 -729.9 -8.3 153 0 7.3 13.6 5.0 2.5 2 1 2 2 2
3469.9 -727.9 -8.3 79 0 12.3 8.0 5.0 2.5 4 0 2 2 2
3497.7 -771.4 -10.1 80 0 6.6 12.0 7.5 2.5 2 1 3 3 3
3499.8 -708.5 -8.2 259 0 16.5 10.9 5.0 2.5 2 0 2 5 5
3533.8 -719.0 -8.5 85 0 13.0 10.3 5.0 2.5 2 0 2 4 4
3561.3 -719.9 -8.7 82 0 8.0 7.1 7.5 2.5 4 0 3 1 1
3467.9 -1120.5 -14.2 255 0 11.6 11.9 7.5 2.5 2 1 3 5 5
3399.4 -1134.4 -16.2 334 0 8.4 10.1 2.5 2.5 4 1 1 4 4
3432.7 -1115.9 -13.8 69 0 13.9 14.6 7.5 2.5 2 1 3 4 4
3467.5 -971.6 -12.6 248 0 8.6 10.1 5.0 2.5 2 1 2 3 3
3510.3 -1079.3 -11.5 69 0 10.1 17.7 7.5 2.5 2 1 3 0 0
3617.3 -1043.4 -9.4 68 0 10.2 10.2 7.5 2.5 2 1 3 0 0
3496.3 -981.6 -11.9 72 0 12.7 8.9 7.5 2.5 2 0 3 2 2
3508.1 -921.1 -12.5 151 0 6.7 8.0 10.0 2.5 4 1 4 2 2
3553.6 -876.2 -12.5 301 0 11.0 7.6 10.0 2.5 2 0 4 0 0
3566.8 -925.3 -11.2 32 0 8.2 6.2 5.0 2.5 4 0 2 1 1
3577.9 -897.5 -11.5 296 0 8.8 10.6 7.5 2.5 2 1 3 4 4
3608.3 -882.6 -11.1 212 0 7.3 11.5 5.0 2.5 2 1 2 5 5
2969.2 -814.7 -11.7 111 0 7.5 9.8 7.5 2.5 2 1 3 5 5
2917.0 -814.8 -12.8 160 0 7.7 12.8 7.5 2.5 2 1 3 0 0
2868.1 -738.5 -10.6 199 0 14.5 13.7 10.0 2.5 2 0 4 3 3
2913.3 -721.9 -9.7 285 0 12.2 14.0 10.0 2.5 2 1 4 4 4
2939.3 -726.5 -9.4 271 0 12.6 7.4 7.5 2.5 2 0 3 5 5
2967.0 -756.0 -11.1 166 0 9.1 12.4 7.5 2.5 2 1 3 0 0
2975.1 -715.1 -8.9 243 0 9.9 12.4 5.0 2.5 2 1 2 2 2
5273.2 -1010.7 -14.6 76 0 12.7 13.5 5.0 2.5 4 1 2 5 5
5270.4 -1323.7 -12.6 169 0 8.5 12.9 5.0 0.0 0 1 2 5 5
5244.2 -1371.6 -15.5 355 0 10.7 13.0 2.5 2.5 2 1 1 2 2
5244.0 -1123.6 -13.5 341 0 6.5 10.2 7.5 2.5 2 1 3 3 3
5207.3 -1019.1 -13.5 78 0 15.1 6.2 7.5 2.5 2 0 3 3 3
5151.2 -1195.1 -11.0 71 0 15.5 15.3 5.0 2.5 2 0 2 0 0
5018.1 -608.9 -13.6 261 0 11.6 37.2 7.5 2.5 2 1 3 1 1
4999.6 -679.9 -13.0 160 0 15.3 15.4 5.0 2.5 2 1 2 5 5
5042.3 -698.7 -13.4 346 0 29.5 13.9 7.5 2.5 2 0 3 2 2
4020.4 -1545.1 -12.6 358 0 6.8 9.4 7.5 2.5 2 1 3 5 5
4355.9 -2939.8 -20.0 270 0 9.4 8.6 10.0 2.5 2 0 4 5 5
4392.2 -2886.0 -21.1 103 0 8.1 8.4 10.0 2.5 2 1 4 5 5
4514.9 -3003.5 -19.0 32 0 6.6 15.5 7.5 2.5 2 1 3 0 0
4467.2 -2970.6 -19.9 284 0 14.1 8.2 7.5 2.5 2 0 3 3 3
4414.8 -2960.1 -19.8 279 0 13.4 7.8 5.0 2.5 2 0 2 0 0
4763.8 -2796.2 -16.3 0 0 10.4 15.0 5.0 2.5 2 1 2 1 1
4873.6 -3037.2 -13.4 39 0 8.0 15.8 7.5 2.5 2 1 3 4 4
4846.3 -3025.6 -12.9 132 0 11.4 8.8 7.5 2.5 2 0 3 2 2
5024.9 -2988.7 -12.3 178 0 10.6 13.3 5.0 2.5 2 1 2 2 2
5160.3 -2977.5 -12.2 276 0 8.9 8.3 2.5 2.5 2 0 1 4 4
5171.2 -2956.9 -11.9 123 0 25.6 9.6 5.0 2.5 2 0 2 4 4
5097.3 -2951.0 -11.4 95 0 16.1 11.3 2.5 2.5 2 0 1 4 4
5059.9 -2939.4 -12.0 105 0 16.8 12.6 2.5 2.5 2 0 1 1 1
5003.4 -2922.7 -12.5 111 0 15.7 9.8 2.5 2.5 2 0 1 5 5
4977.0 -2909.1 -12.6 96 0 11.1 9.2 5.0 2.5 2 0 2 0 0
4935.8 -2913.7 -12.7 94 0 10.0 8.9 5.0 2.5 2 0 2 2 2
4905.1 -2911.9 -13.4 105 0 14.2 9.2 5.0 2.5 2 0 2 4 4
4885.5 -2904.9 -13.7 102 0 10.9 7.0 10.0 2.5 2 0 4 3 3
4821.1 -2895.1 -13.6 93 0 13.1 11.8 10.0 2.5 2 0 4 1 1
4845.2 -2899.5 -13.6 88 0 13.0 8.0 7.5 2.5 2 0 3 3 3
4819.5 -3005.7 -12.5 127 0 16.8 9.3 7.5 2.5 2 0 3 2 2
4791.5 -2988.4 -12.5 118 0 14.6 9.4 2.5 2.5 2 0 1 5 5
4789.7 -2892.3 -13.9 91 0 15.8 13.0 2.5 0.0 0 0 1 5 5
4757.4 -2966.4 -14.3 138 0 15.0 7.1 10.0 2.5 2 0 4 1 1
4696.6 -2917.8 -17.9 146 0 14.5 10.0 5.0 2.5 2 0 2 2 2
4677.7 -2944.6 -17.7 298 0 8.6 6.3 7.5 2.5 2 0 3 4 4
5765.8 -2733.7 -14.6 273 0 12.7 9.1 7.5 2.5 2 0 3 5 5
5694.3 -2702.9 -14.1 162 0 10.4 10.8 7.5 2.5 2 1 3 0 0
5712.9 -2772.6 -12.4 176 0 7.7 13.3 5.0 2.5 2 1 2 4 4
5768.1 -2890.3 -11.3 154 0 6.8 16.1 7.5 2.5 2 1 3 3 3
5842.0 -2972.0 -11.1 155 0 12.4 15.5 5.0 2.5 2 1 2 1 1
5855.3 -3000.2 -10.9 154 0 13.0 9.5 5.0 2.5 2 0 2 5 5
5717.3 -2853.0 -12.4 338 0 6.6 13.6 7.5 2.5 2 1 3 2 2
5689.1 -2840.9 -13.3 339 0 11.1 18.6 5.0 2.5 2 1 2 2 2
5675.1 -2787.2 -13.4 350 0 9.5 8.7 7.5 2.5 2 0 3 0 0
5541.7 -2556.5 -16.1 81 0 9.8 9.9 7.5 2.5 2 1 3 3 3
5623.1 -2562.3 -13.7 157 0 9.6 6.7 2.5 2.5 2 0 1 1 1
5618.0 -2529.1 -14.4 354 0 12.1 12.1 5.0 2.5 2 0 2 0 0
5703.6 -2485.7 -15.6 88 0 13.8 13.3 7.5 2.5 2 0 3 3 3
5687.2 -2376.6 -16.8 5 0 9.4 9.2 5.0 2.5 2 0 2 5 5
6856.0 -2464.7 -10.6 270 0 17.1 8.6 7.5 2.5 4 0 3 1 1
6838.3 -2525.7 -11.8 3 0 11.2 10.3 2.5 2.5 2 0 1 2 2
6825.1 -2562.3 -13.2 93 0 12.9 8.9 7.5 2.5 2 0 3 2 2
6838.3 -2576.5 -13.9 107 0 8.0 11.8 7.5 2.5 2 1 3 3 3
6812.6 -2449.8 -11.1 279 0 12.8 12.8 7.5 2.5 2 1 3 4 4
6797.0 -2449.9 -11.3 270 0 8.5 7.7 5.0 2.5 2 0 2 5 5
6691.2 -2532.6 -14.8 97 0 11.6 9.5 7.5 2.5 2 0 3 2 2
6148.2 -881.4 -17.1 270 0 13.5 11.5 5.0 2.5 2 0 2 0 0
6281.8 -848.4 -16.1 64 0 10.1 11.6 5.0 2.5 4 1 2 1 1
6375.4 -792.2 -17.4 10 0 10.6 8.4 7.5 2.5 2 0 3 1 1
6383.8 -888.9 -11.4 344 0 9.0 12.6 7.5 2.5 2 1 3 0 0
6312.7 -898.1 -13.0 339 0 13.8 9.8 7.5 2.5 2 0 3 5 5
6190.0 -915.6 -15.3 239 0 7.5 13.8 7.5 2.5 2 1 3 2 2
6140.2 -936.8 -16.6 250 0 11.3 13.3 7.5 2.5 2 1 3 1 1
6168.7 -926.9 -15.9 247 0 14.1 9.0 7.5 2.5 2 0 3 0 0
6113.9 -970.5 -17.5 100 0 13.6 10.5 5.0 0.0 0 0 2 4 4
6148.8 -1042.5 -17.5 69 0 7.5 14.1 5.0 2.5 2 1 2 2 2
6438.2 -1170.1 -10.4 19 0 6.3 11.8 7.5 2.5 2 1 3 5 5
6397.6 -992.9 -11.0 233 0 8.8 11.9 2.5 2.5 2 1 1 5 5
6398.5 -1050.8 -11.2 24 0 9.4 12.4 5.0 0.0 0 1 2 4 4
6382.4 -1075.0 -11.6 14 0 7.0 13.6 7.5 2.5 2 1 3 3 3
6370.1 -1109.0 -11.9 32 0 10.1 15.7 5.0 2.5 2 1 2 4 4
6337.9 -1129.0 -12.4 26 0 9.9 12.0 7.5 0.0 0 1 3 3 3
6242.4 -1036.1 -15.0 53 0 9.9 9.4 5.0 2.5 2 0 2 5 5
6257.0 -1048.7 -14.5 240 0 8.8 14.7 5.0 2.5 2 1 2 4 4
6227.4 -1162.6 -14.8 124 0 8.9 7.9 2.5 2.5 4 0 1 2 2
6203.7 -1095.2 -16.7 242 0 7.0 10.6 10.0 2.5 2 1 4 4 4
6327.5 -1162.3 -12.1 21 0 6.6 14.3 7.5 2.5 2 1 3 3 3
6306.6 -1177.5 -12.4 26 0 7.9 15.1 7.5 2.5 2 1 3 3 3
6299.0 -1199.8 -12.3 33 0 8.8 19.8 7.5 2.5 2 1 3 4 4
6362.4 -556.2 -12.1 48 0 13.5 9.6 7.5 2.5 2 0 3 0 0
6334.9 -570.1 -13.5 184 0 10.4 13.0 7.5 2.5 2 1 3 2 2
6360.0 -628.8 -14.7 354 0 7.7 8.9 10.0 2.5 2 1 4 2 2
6316.6 -670.0 -17.2 112 0 7.0 9.7 2.5 2.5 2 1 1 2 2
6355.7 -818.7 -15.8 70 0 10.6 11.9 5.0 2.5 2 1 2 2 2
6372.4 -747.1 -17.0 4 0 13.6 11.2 5.0 2.5 2 0 2 3 3
6705.3 -492.7 -12.7 358 0 11.0 11.6 2.5 2.5 2 1 1 1 1
6597.7 -245.4 -11.7 192 0 14.4 16.6 5.0 2.5 2 1 2 3 3
6602.4 -299.1 -12.0 148 0 15.5 10.7 7.5 2.5 4 0 3 5 5
6656.7 -324.8 -12.2 73 0 13.5 10.3 7.5 2.5 2 0 3 3 3
6550.7 -334.0 -9.8 218 0 11.3 11.2 2.5 2.5 2 0 1 1 1
6526.7 -388.2 -9.5 221 0 10.2 15.2 5.0 0.0 0 1 2 4 4
6553.8 -451.3 -8.9 50 0 9.2 10.7 10.0 2.5 2 1 4 5 5
6433.2 -410.4 -9.7 53 0 13.7 11.8 5.0 2.5 2 0 2 1 1
6439.4 -456.8 -10.1 228 0 10.2 17.4 10.0 2.5 2 1 4 5 5
6418.8 -496.4 -10.6 179 0 12.8 16.2 7.5 2.5 2 1 3 3 3
6634.9 -411.5 -9.6 166 0 7.6 12.1 7.5 2.5 2 1 3 2 2
6710.7 -455.0 -12.2 339 0 10.3 18.9 10.0 2.5 2 1 4 3 3
6673.9 -531.1 -12.4 160 0 10.9 12.8 10.0 2.5 2 1 4 0 0
6744.5 -572.4 -15.3 264 0 10.9 12.7 5.0 2.5 2 1 2 5 5
6703.4 -615.4 -14.1 211 0 9.0 16.5 7.5 0.0 0 1 3 4 4
6698.3 -644.2 -13.7 210 0 11.9 13.4 10.0 2.5 2 1 4 0 0
6666.6 -689.0 -12.5 211 0 9.0 15.6 10.0 2.5 4 1 4 5 5
6636.3 -513.8 -9.4 325 0 8.5 7.2 5.0 2.5 2 0 2 3 3
6615.0 -470.8 -8.3 313 0 11.2 7.3 2.5 2.5 2 0 1 4 4
6521.9 -502.3 -9.1 234 0 10.1 8.9 7.5 2.5 2 0 3 2 2
6500.0 -527.5 -10.1 250 0 14.0 10.2 5.0 2.5 2 0 2 0 0
6562.3 -866.4 -12.0 210 0 8.9 11.0 7.5 2.5 2 1 3 1 1
6590.5 -811.9 -13.6 226 0 8.5 12.2 7.5 2.5 2 1 3 5 5
6650.3 -710.3 -11.9 219 0 11.8 15.1 5.0 2.5 2 1 2 4 4
6642.3 -731.6 -11.8 209 0 13.2 16.2 7.5 2.5 2 1 3 2 2
6621.9 -761.9 -12.1 226 0 11.9 13.1 10.0 2.5 2 1 4 2 2
6604.5 -787.1 -13.1 214 0 10.4 13.8 5.0 0.0 0 1 2 2 2
6548.5 -789.8 -13.3 192 0 8.8 14.7 7.5 2.5 4 1 3 2 2
6609.2 -730.4 -12.1 27 0 12.3 19.3 2.5 2.5 2 1 1 3 3
6404.2 -699.5 -14.2 194 0 9.8 14.6 7.5 2.5 2 1 3 5 5
6397.2 -667.6 -13.7 166 0 9.1 12.4 10.0 2.5 2 1 4 3 3
6461.1 -608.5 -11.1 339 0 7.2 16.7 2.5 2.5 4 1 1 0 0
6500.6 -682.9 -11.8 327 0 7.8 7.7 7.5 2.5 4 0 3 1 1
6526.7 -726.0 -13.7 295 0 14.2 14.1 5.0 0.0 0 0 2 4 4
6426.2 -738.9 -14.9 357 0 10.5 20.0 5.0 2.5 2 1 2 4 4
6490.6 -812.2 -14.2 228 0 7.1 11.5 5.0 2.5 2 1 2 1 1
6527.3 -914.1 -10.2 222 0 7.5 12.9 5.0 2.5 2 1 2 4 4
6481.8 -905.4 -10.0 28 0 8.7 8.4 10.0 2.5 2 0 4 2 2
6208.0 563.0 -4.5 293 0 17.0 11.9 7.5 2.5 2 0 3 4 4
6165.9 581.9 -4.2 305 0 13.6 10.2 5.0 2.5 4 0 2 3 3
6091.4 595.1 -3.5 274 0 18.9 9.2 7.5 2.5 2 0 3 3 3
6123.6 587.7 -3.8 294 0 10.2 14.9 10.0 2.5 2 1 4 0 0
6042.5 523.9 -3.7 339 0 7.9 11.0 7.5 2.5 2 1 3 2 2
6007.8 590.9 -3.5 256 0 9.7 7.0 5.0 2.5 2 0 2 4 4
5981.7 584.6 -2.5 248 0 10.2 16.0 5.0 2.5 2 1 2 5 5
6033.2 618.6 -4.6 83 0 11.3 7.2 5.0 2.5 2 0 2 3 3
6093.4 660.4 -1.3 203 0 10.6 7.2 10.0 2.5 2 0 4 1 1
6107.5 698.4 -1.3 197 0 13.0 25.2 5.0 2.5 2 1 2 3 3
6138.1 629.4 -1.6 100 0 13.4 8.1 7.5 2.5 4 0 3 4 4
6165.4 687.8 -0.3 21 0 10.5 9.9 2.5 2.5 2 0 1 1 1
6166.1 617.7 -2.0 111 0 10.7 13.5 10.0 2.5 2 1 4 3 3
6197.5 631.2 -1.3 289 0 10.0 9.6 7.5 2.5 4 0 3 4 4
6279.3 709.5 0.2 176 0 9.2 17.0 7.5 2.5 2 1 3 0 0
6279.7 606.1 -1.0 188 0 8.7 8.5 10.0 2.5 2 0 4 0 0
6301.9 628.7 0.2 209 0 10.2 17.8 7.5 2.5 2 1 3 3 3
6311.7 653.7 1.6 203 0 9.0 16.6 10.0 2.5 2 1 4 1 1
6324.4 702.6 0.3 271 0 13.8 15.4 2.5 2.5 2 1 1 1 1
6371.5 714.2 -0.9 284 0 11.6 11.0 7.5 2.5 2 0 3 0 0
6416.4 699.5 -1.9 291 0 12.9 9.8 7.5 2.5 2 0 3 4 4
6433.4 630.7 -1.1 19 0 11.6 12.5 5.0 0.0 0 1 2 2 2
6495.2 761.1 1.0 24 0 7.8 15.0 7.5 2.5 2 1 3 1 1
6510.1 807.7 -0.7 41 0 9.8 17.2 7.5 2.5 2 1 3 1 1
6523.8 842.2 -1.4 3 0 10.4 12.7 7.5 2.5 2 1 3 5 5
6537.2 870.2 -1.8 8 0 10.7 17.6 7.5 2.5 2 1 3 3 3
6618.7 925.1 0.6 207 0 11.5 17.1 7.5 2.5 2 1 3 4 4
6628.9 863.5 0.6 127 0 14.9 10.6 7.5 2.5 2 0 3 3 3
6664.2 812.9 1.4 278 0 15.1 8.9 7.5 2.5 2 0 3 2 2
6568.5 718.1 2.9 101 0 9.0 8.7 7.5 2.5 2 0 3 1 1
6541.3 728.9 3.7 107 0 7.1 8.0 5.0 0.0 0 1 2 3 3
6495.9 712.0 1.5 201 0 17.8 22.1 12.5 2.5 2 1 5 4 4
6663.6 624.7 -1.1 25 0 13.1 12.4 2.5 2.5 2 0 1 2 2
6541.5 580.4 -1.6 316 0 6.0 7.3 7.5 2.5 2 1 3 2 2
6521.4 592.0 -1.5 311 0 9.6 11.3 5.0 2.5 2 1 2 2 2
6368.4 475.1 -3.6 54 0 11.6 10.0 7.5 2.5 2 0 3 5 5
6337.1 504.4 -3.6 239 0 17.6 7.2 7.5 2.5 4 0 3 0 0
6272.3 546.5 -3.5 135 0 19.0 12.1 7.5 2.5 4 0 3 5 5
6266.7 519.2 -4.7 323 0 11.6 12.2 7.5 2.5 4 1 3 5 5
6319.0 447.2 -5.2 323 0 12.7 13.9 5.0 2.5 4 1 2 5 5
6368.4 383.8 -6.4 334 0 7.6 8.0 5.0 2.5 4 1 2 5 5
6366.6 339.2 -7.4 64 0 17.6 25.3 7.5 2.5 2 1 3 2 2
6384.2 526.9 -3.5 233 0 8.8 14.6 5.0 2.5 2 1 2 4 4
6417.0 550.9 -3.0 216 0 11.4 13.4 2.5 2.5 2 1 1 4 4
6441.5 372.5 -8.3 46 0 9.0 8.7 5.0 2.5 2 0 2 4 4
6486.2 408.1 -6.8 71 0 14.9 12.6 2.5 2.5 2 0 1 3 3
6511.1 440.4 -5.2 14 0 6.8 10.0 7.5 2.5 2 1 3 1 1
6521.5 489.0 -3.7 0 0 11.5 15.6 10.0 2.5 2 1 4 3 3
6541.5 488.3 -3.4 180 0 13.0 13.5 7.5 2.5 2 1 3 3 3
6537.4 426.1 -6.3 264 0 11.2 19.6 7.5 2.5 2 1 3 3 3
6603.4 403.7 -6.7 280 0 11.9 9.5 5.0 2.5 2 0 2 2 2
6567.7 389.9 -7.1 110 0 11.0 13.2 7.5 2.5 2 1 3 3 3
6446.7 345.6 -8.7 230 0 8.8 32.3 12.5 2.5 2 1 5 1 1
6466.8 344.5 -8.7 234 0 10.1 27.3 10.0 2.5 2 1 4 1 1
6504.6 320.4 -8.6 58 0 9.4 29.6 7.5 2.5 2 1 3 3 3
6554.5 334.6 -8.5 324 0 10.7 9.5 7.5 2.5 2 0 3 2 2
6532.6 221.6 -10.9 152 0 10.4 22.0 7.5 2.5 2 1 3 0 0
6591.1 292.6 -9.7 306 0 17.7 13.5 5.0 2.5 2 0 2 4 4
6606.3 242.1 -10.7 351 0 20.2 9.5 10.0 2.5 2 0 4 2 2
6608.6 94.4 -9.2 139 0 10.5 7.7 5.0 2.5 4 0 2 3 3
6621.8 73.8 -8.9 149 0 20.5 9.2 5.0 2.5 2 0 2 5 5
6669.3 39.3 -9.0 328 0 9.9 11.1 2.5 0.0 0 1 1 1 1
6669.1 4.0 -9.3 149 0 15.8 11.0 7.5 2.5 2 0 3 5 5
6754.5 -0.5 -10.4 10 0 9.5 15.5 7.5 2.5 2 1 3 0 0
6708.0 -36.4 -9.6 201 0 11.0 19.2 7.5 2.5 4 1 3 3 3
6707.0 -80.3 -9.3 35 0 10.7 21.8 7.5 2.5 2 1 3 4 4
5757.4 230.8 -9.0 168 0 10.1 17.7 5.0 2.5 2 1 2 5 5
5773.3 330.8 -6.8 353 0 16.0 13.9 2.5 2.5 2 0 1 3 3
5724.4 350.9 -6.3 162 0 9.2 11.4 7.5 2.5 4 1 3 3 3
5742.7 352.7 -6.2 169 0 11.3 15.6 5.0 2.5 2 1 2 3 3
5739.1 426.2 -4.5 244 0 8.2 12.5 7.5 2.5 2 1 3 1 1
5763.0 445.4 -3.3 253 0 12.6 9.3 7.5 2.5 2 0 3 5 5
5782.0 459.0 -2.2 234 0 7.6 12.3 7.5 2.5 2 1 3 0 0
5802.7 473.6 -1.8 230 0 14.9 18.9 7.5 2.5 2 1 3 4 4
5827.5 479.2 -1.8 194 0 11.8 17.9 5.0 2.5 2 1 2 1 1
5853.8 500.9 -2.3 238 0 13.5 17.9 2.5 2.5 2 1 1 1 1
5892.1 517.0 -2.1 327 0 14.3 12.3 7.5 2.5 2 0 3 4 4
5923.6 546.6 -1.5 142 0 10.6 14.9 7.5 2.5 2 1 3 4 4
5908.3 408.9 -1.8 348 0 9.5 12.9 2.5 2.5 2 1 1 4 4
5897.7 438.7 -1.7 348 0 12.9 14.7 5.0 2.5 2 1 2 0 0
5953.2 229.2 -5.4 164 0 13.8 10.7 10.0 2.5 2 0 4 4 4
5982.3 178.6 -5.1 184 0 13.8 14.1 5.0 2.5 2 1 2 4 4
5978.8 301.6 -3.5 262 0 18.1 12.8 7.5 0.0 0 0 3 5 5
6030.6 220.5 -5.0 270 0 12.9 17.2 5.0 2.5 2 1 2 3 3
6030.9 120.6 -8.1 67 0 12.1 10.5 2.5 2.5 2 0 1 0 0
6082.2 181.9 -6.7 10 0 11.6 13.2 7.5 2.5 4 1 3 2 2
6077.1 211.7 -6.1 0 0 10.6 13.5 7.5 2.5 2 1 3 4 4
6083.0 247.6 -6.5 349 0 17.7 18.0 17.5 0.0 0 1 7 1 1
6079.1 307.3 -6.2 358 0 18.6 16.5 7.5 0.0 0 0 3 1 1
5573.7 379.1 -7.9 49 0 8.2 12.3 7.5 2.5 2 1 3 4 4
5412.9 379.1 -13.4 241 0 11.5 11.3 7.5 2.5 2 0 3 5 5
5458.1 313.3 -13.3 67 0 12.8 18.8 5.0 2.5 4 1 2 3 3
5485.1 407.8 -10.9 163 0 10.4 14.1 7.5 2.5 2 1 3 5 5
5481.9 466.4 -11.1 142 0 7.7 6.7 7.5 2.5 2 0 3 0 0
5552.0 445.0 -9.0 332 0 9.3 24.4 5.0 2.5 2 1 2 2 2
5522.2 311.6 -12.4 235 0 16.1 21.3 10.0 2.5 2 1 4 0 0
5639.6 233.3 -8.5 349 0 7.9 12.6 10.0 2.5 2 1 4 5 5
5608.9 269.3 -7.3 145 0 12.2 11.9 2.5 2.5 2 0 1 4 4
5627.6 324.8 -6.2 330 0 13.2 9.5 7.5 2.5 2 0 3 5 5
5731.4 231.5 -8.5 353 0 10.2 7.7 7.5 2.5 2 0 3 3 3
5748.4 181.0 -10.0 340 0 7.1 20.9 5.0 2.5 2 1 2 4 4
5723.8 300.4 -7.3 348 0 13.8 11.1 7.5 2.5 4 0 3 4 4
5715.0 329.4 -6.7 338 0 14.1 14.9 5.0 2.5 2 1 2 1 1
5600.5 348.0 -7.0 246 0 13.2 19.0 7.5 2.5 2 1 3 1 1
5623.6 366.9 -6.2 239 0 12.0 17.4 7.5 2.5 2 1 3 3 3
5573.6 523.4 -10.4 332 0 9.8 10.7 7.5 2.5 2 1 3 2 2
5556.1 473.7 -9.0 155 0 6.3 11.7 7.5 2.5 2 1 3 5 5
5582.1 457.6 -8.0 147 0 8.7 11.3 5.0 2.5 2 1 2 1 1
5635.3 416.8 -6.2 59 0 9.6 10.9 7.5 2.5 2 1 3 1 1
5689.4 437.3 -5.7 62 0 14.6 20.2 15.0 0.0 0 1 6 3 3
5730.7 467.9 -4.6 57 0 8.7 16.7 2.5 2.5 2 1 1 5 5
5756.3 491.7 -4.3 64 0 14.1 9.6 5.0 2.5 2 0 2 1 1
5770.7 485.8 -3.5 57 0 8.1 6.7 7.5 0.0 0 0 3 2 2
5778.3 505.6 -4.3 69 0 14.1 20.4 15.0 0.0 0 1 6 1 1
5832.5 522.3 -2.7 60 0 8.2 11.1 7.5 2.5 2 1 3 2 2
5843.0 534.6 -2.7 48 0 6.7 10.5 7.5 2.5 2 1 3 0 0
5863.3 543.3 -2.6 62 0 9.0 15.2 7.5 2.5 2 1 3 0 0
5884.0 560.6 -2.6 66 0 9.6 9.2 5.0 2.5 2 0 2 1 1
6067.4 3527.4 6.0 181 0 20.2 12.9 10.0 2.5 2 0 4 4 4
6102.9 3542.6 5.3 271 0 10.6 33.8 10.0 2.5 2 1 4 3 3
6041.4 3473.3 6.3 208 0 11.0 19.4 2.5 2.5 2 1 1 3 3
6072.0 3496.1 7.8 208 0 25.1 10.7 15.0 0.0 0 0 6 1 1
6093.8 3469.0 7.4 40 0 43.5 11.1 10.0 2.5 2 0 4 5 5
6104.5 3379.5 5.0 130 0 11.3 10.9 2.5 2.5 2 0 1 4 4
6102.5 3034.8 7.4 1 0 8.2 8.9 7.5 2.5 2 1 3 3 3
6109.2 3088.8 6.1 1 0 7.5 14.7 5.0 2.5 2 1 2 1 1
6112.0 3154.1 4.4 0 0 17.5 8.5 7.5 2.5 2 0 3 1 1
6101.3 3179.7 4.6 353 0 11.3 16.0 10.0 0.0 0 1 4 3 3
6086.3 3193.7 4.8 342 0 10.7 11.4 7.5 2.5 2 1 3 4 4
6077.7 3242.3 3.8 4 0 16.4 11.8 5.0 2.5 2 0 2 5 5
6083.6 3271.0 3.2 358 0 12.8 16.2 7.5 2.5 2 1 3 0 0
6078.9 3310.1 2.6 358 0 11.2 18.8 5.0 2.5 2 1 2 4 4
6165.9 3332.5 2.3 205 0 12.8 12.4 7.5 2.5 2 0 3 2 2
6111.5 3259.4 2.6 161 0 14.5 16.7 5.0 2.5 2 1 2 1 1
6119.5 3233.8 2.8 168 0 13.1 21.0 7.5 2.5 2 1 3 1 1
6130.0 3192.8 3.0 175 0 6.1 14.7 2.5 0.0 0 1 1 3 3
6159.6 3122.0 3.7 100 0 20.3 10.2 10.0 2.5 2 0 4 5 5
6150.1 2817.8 7.2 330 0 6.6 7.1 7.5 2.5 2 1 3 0 0
6561.3 2733.8 -1.4 53 0 11.4 10.4 5.0 2.5 2 0 2 0 0
6517.4 2794.3 1.5 65 0 11.1 9.9 7.5 2.5 2 0 3 5 5
6513.6 2830.4 3.0 206 0 9.2 12.1 7.5 2.5 2 1 3 0 0
6363.9 2911.6 3.9 124 0 10.0 10.0 7.5 2.5 2 0 3 5 5
6429.3 2886.9 3.1 104 0 11.8 10.0 5.0 2.5 2 0 2 5 5
6452.7 2878.4 2.6 112 0 8.9 13.6 5.0 2.5 2 1 2 3 3
6469.5 2804.5 1.6 249 0 10.7 9.8 7.5 2.5 2 0 3 4 4
6435.1 2792.5 1.5 253 0 12.9 9.8 10.0 2.5 2 0 4 3 3
6387.7 2814.2 4.0 147 0 6.6 12.6 7.5 0.0 0 1 3 3 3
6375.7 2790.4 3.2 317 0 12.1 12.9 5.0 2.5 2 1 2 0 0
6359.3 2820.9 5.0 329 0 15.8 6.9 7.5 2.5 2 0 3 3 3
6323.4 2865.3 6.5 330 0 11.8 10.6 7.5 2.5 2 0 3 2 2
6252.3 3082.5 3.2 238 0 10.1 9.5 5.0 2.5 2 0 2 5 5
6213.7 3086.7 3.8 52 0 12.0 7.8 7.5 2.5 2 0 3 4 4
6227.9 3044.1 4.7 154 0 10.8 13.0 7.5 2.5 2 1 3 0 0
6343.7 2927.7 3.5 106 0 12.8 13.6 7.5 2.5 2 1 3 5 5
6312.4 2891.1 5.7 323 0 12.0 20.2 7.5 2.5 2 1 3 4 4
6292.8 2913.3 5.2 322 0 14.4 19.7 10.0 2.5 2 1 4 5 5
6271.4 2933.2 4.8 325 0 15.4 21.4 12.5 2.5 2 1 5 4 4
6203.9 2982.7 5.6 141 0 9.8 11.3 7.5 2.5 2 1 3 5 5
6104.2 3061.6 6.7 15 0 10.3 19.5 5.0 0.0 0 1 2 0 0
6115.4 3013.0 7.1 191 0 17.2 15.6 7.5 2.5 2 0 3 3 3
6136.1 2975.5 7.0 337 0 9.3 14.6 5.0 2.5 2 1 2 3 3
6105.0 2992.3 7.4 184 0 15.1 11.2 7.5 2.5 2 0 3 5 5
6084.4 2931.2 7.9 313 0 13.8 11.7 7.5 2.5 2 0 3 0 0
5887.5 2775.9 5.7 234 0 10.5 9.3 7.5 2.5 2 0 3 2 2
5890.1 2661.8 6.7 143 0 20.8 22.3 7.5 2.5 4 1 3 3 3
5967.8 2673.3 7.8 56 0 8.5 17.3 10.0 2.5 2 1 4 5 5
5981.5 2649.7 6.8 226 0 14.6 10.8 7.5 2.5 2 0 3 0 0
5938.7 2606.3 4.7 148 0 21.2 21.4 12.5 2.5 2 1 5 2 2
6127.1 2868.7 7.4 328 0 10.9 10.0 10.0 2.5 2 0 4 3 3
6115.4 2889.5 7.5 327 0 8.5 22.0 7.5 2.5 4 1 3 5 5
6055.9 2942.5 8.2 46 0 17.9 12.5 7.5 2.5 2 0 3 4 4
6032.5 2946.5 8.4 50 0 17.2 7.9 10.0 2.5 2 0 4 5 5
6037.3 2985.3 8.2 220 0 24.7 15.5 10.0 2.5 4 0 4 5 5
5897.3 2846.2 4.8 233 0 13.3 9.6 7.5 2.5 2 0 3 3 3
5912.5 2798.6 5.9 237 0 19.2 14.5 10.0 2.5 2 0 4 3 3
5978.3 2825.8 8.3 326 0 17.3 13.4 5.0 2.5 2 0 2 0 0
6043.8 2769.3 8.8 140 0 10.5 15.7 7.5 2.5 2 1 3 0 0
6025.2 2758.0 8.6 331 0 16.5 9.8 7.5 2.5 4 0 3 1 1
6020.7 2704.1 8.4 57 0 11.9 17.0 5.0 2.5 2 1 2 2 2
6018.7 2681.0 8.1 239 0 24.7 19.2 7.5 2.5 4 0 3 4 4
6065.0 2701.1 8.8 331 0 8.8 16.1 5.0 2.5 2 1 2 0 0
6100.2 2648.4 7.6 325 0 14.5 15.9 7.5 2.5 2 1 3 5 5
6097.4 2702.2 8.4 147 0 10.5 11.3 5.0 2.5 2 1 2 1 1
6114.1 2678.5 8.0 151 0 8.5 15.2 7.5 0.0 0 1 3 2 2
6132.6 2649.7 7.0 154 0 10.8 14.1 10.0 2.5 2 1 4 3 3
6214.3 2754.7 5.2 319 0 11.8 10.9 7.5 2.5 2 0 3 5 5
6202.5 2776.3 6.2 323 0 14.9 10.3 5.0 2.5 2 0 2 2 2
6175.7 2868.2 6.4 150 0 12.4 12.9 7.5 2.5 2 1 3 1 1
6221.4 2860.0 5.8 325 0 12.4 13.3 2.5 2.5 2 1 1 1 1
6233.3 2760.9 3.9 153 0 13.5 10.9 7.5 0.0 0 0 3 3 3
6262.4 2665.9 4.8 55 0 13.3 13.5 7.5 2.5 2 1 3 1 1
6150.5 2635.8 5.9 143 0 12.0 14.7 7.5 0.0 0 1 3 2 2
6159.2 2616.8 4.9 153 0 11.4 21.4 7.5 2.5 2 1 3 0 0
6178.3 2591.5 3.9 149 0 12.2 14.8 5.0 2.5 2 1 2 2 2
6179.8 2479.2 -0.7 206 0 9.1 10.1 7.5 2.5 2 1 3 5 5
6245.8 2560.7 5.5 321 0 16.3 9.7 7.5 2.5 2 0 3 5 5
6337.2 2536.8 5.8 327 0 15.6 14.3 5.0 2.5 2 0 2 0 0
6316.5 2594.8 6.8 337 0 8.2 12.8 7.5 2.5 2 1 3 3 3
6245.8 2741.5 3.7 122 0 8.3 8.8 7.5 2.5 2 1 3 5 5
6298.5 2703.9 3.5 57 0 7.9 9.9 5.0 0.0 0 1 2 3 3
6309.1 2641.8 4.1 147 0 10.3 29.3 12.5 2.5 2 1 5 1 1
6340.7 2606.5 6.1 162 0 7.7 10.5 10.0 2.5 2 1 4 2 2
6353.0 2574.0 7.3 158 0 14.8 10.4 2.5 2.5 2 0 1 2 2
6372.1 2552.3 7.2 155 0 14.5 8.4 7.5 2.5 2 0 3 2 2
6388.8 2523.5 6.8 144 0 10.7 13.7 10.0 2.5 2 1 4 5 5
6421.9 2516.9 5.9 50 0 6.9 13.6 2.5 2.5 2 1 1 3 3
6351.3 2419.9 6.0 58 0 15.2 14.6 5.0 2.5 2 0 2 2 2
6537.4 2228.7 3.9 332 0 7.5 8.3 7.5 2.5 2 1 3 3 3
6436.8 2446.0 5.0 146 0 8.5 11.0 10.0 2.5 2 1 4 5 5
6456.6 2418.2 3.4 143 0 9.5 9.2 7.5 2.5 2 0 3 2 2
6508.6 2349.9 2.7 156 0 12.8 10.9 7.5 2.5 2 0 3 4 4
6518.2 2319.8 3.5 153 0 13.3 17.8 2.5 2.5 2 1 1 2 2
6456.8 2369.0 4.0 329 0 7.1 12.7 2.5 2.5 2 1 1 4 4
6475.2 2345.1 3.9 331 0 7.8 11.5 7.5 2.5 2 1 3 0 0
6483.3 2317.2 4.6 327 0 7.4 8.1 7.5 2.5 2 1 3 1 1
6504.1 2295.7 5.1 340 0 10.5 13.8 7.5 2.5 2 1 3 1 1
6517.9 2268.7 5.1 322 0 11.7 21.0 10.0 2.5 2 1 4 4 4
6671.8 2231.6 -1.7 169 0 7.3 6.0 10.0 2.5 2 0 4 2 2
6653.8 2330.0 -0.9 79 0 13.8 16.3 7.5 2.5 2 1 3 0 0
6749.5 2327.7 -1.2 105 0 11.6 14.8 7.5 2.5 2 1 3 1 1
6749.7 2291.3 -0.8 272 0 7.6 10.8 2.5 2.5 2 1 1 2 2
6780.5 2323.3 -1.3 109 0 7.2 10.1 10.0 2.5 2 1 4 4 4
6832.2 2305.9 -1.2 56 0 6.4 9.2 7.5 2.5 2 1 3 2 2
6394.9 3430.6 2.2 316 0 8.3 8.1 10.0 0.0 0 0 4 5 5
6329.8 3540.9 0.2 205 0 11.1 14.0 5.0 2.5 2 1 2 2 2
6250.0 3420.2 4.5 116 0 9.5 12.2 5.0 2.5 2 1 2 2 2
6303.1 3421.9 2.7 107 0 12.9 10.2 7.5 2.5 2 0 3 5 5
6305.6 3318.6 0.5 112 0 14.9 10.0 7.5 2.5 2 0 3 1 1
6328.3 3413.3 3.2 129 0 13.6 7.6 5.0 2.5 2 0 2 4 4
6332.6 3470.7 0.8 291 0 16.4 10.3 2.5 2.5 2 0 1 5 5
6363.5 3462.7 0.9 303 0 10.9 13.6 7.5 2.5 2 1 3 2 2
6349.9 3402.2 3.4 119 0 9.7 16.5 5.0 2.5 2 1 2 3 3
6357.8 3295.3 0.5 114 0 8.2 6.5 2.5 2.5 2 0 1 5 5
6387.2 3381.1 3.8 104 0 13.3 8.3 5.0 2.5 4 0 2 3 3
6417.4 3368.0 3.4 6 0 16.9 13.1 7.5 2.5 2 0 3 5 5
6544.7 3315.8 0.9 119 0 10.8 6.1 7.5 2.5 2 0 3 2 2
6542.8 3416.9 -0.6 139 0 10.6 7.7 10.0 2.5 2 0 4 1 1
6028.2 2427.6 1.8 329 0 19.7 10.3 7.5 2.5 2 0 3 5 5
6152.7 2412.5 0.6 194 0 13.2 9.7 7.5 2.5 2 0 3 5 5
6170.4 3621.6 4.5 337 0 10.0 10.8 7.5 2.5 2 1 3 1 1
6140.2 3631.6 4.5 120 0 10.1 9.1 10.0 2.5 2 0 4 1 1
6134.2 3686.8 4.0 328 0 11.8 14.5 7.5 2.5 2 1 3 4 4
5496.6 2739.8 3.1 60 0 14.2 10.0 7.5 2.5 2 0 3 2 2
5448.2 2699.3 0.8 48 0 12.3 15.0 7.5 2.5 2 1 3 3 3
5343.1 2956.9 2.1 245 0 11.7 7.7 7.5 2.5 2 0 3 2 2
5405.7 2951.2 0.5 245 0 10.4 9.8 5.0 2.5 2 0 2 5 5
5410.0 2872.1 2.3 233 0 9.9 11.4 7.5 2.5 2 1 3 1 1
5475.7 2716.8 2.4 69 0 14.5 11.2 7.5 2.5 2 0 3 0 0
5458.3 2780.8 2.8 142 0 8.7 11.6 5.0 2.5 2 1 2 1 1
5450.0 2807.6 2.7 158 0 7.0 14.0 5.0 2.5 2 1 2 4 4
5437.8 2917.2 0.7 314 0 13.1 12.3 5.0 2.5 2 0 2 2 2
5506.3 2816.0 2.0 336 0 14.0 12.9 5.0 2.5 2 0 2 1 1
5535.4 2744.3 3.4 45 0 10.8 12.5 7.5 2.5 2 1 3 4 4
5548.9 2774.6 2.8 326 0 13.8 8.5 10.0 2.5 2 0 4 0 0
5616.5 2819.7 1.0 54 0 22.4 12.3 10.0 2.5 2 0 4 2 2
6491.5 3935.0 2.1 42 0 7.9 15.0 7.5 2.5 2 1 3 2 2
6525.4 3992.9 1.7 258 0 10.2 9.7 10.0 2.5 2 0 4 5 5
6611.9 3986.3 0.4 8 0 6.6 8.4 5.0 0.0 0 1 2 4 4
6567.9 3977.4 0.8 100 0 18.1 13.2 7.5 2.5 2 0 3 5 5
5744.2 2712.0 7.0 59 0 12.7 7.7 7.5 2.5 2 0 3 4 4
5786.4 2741.5 6.8 57 0 12.6 11.0 7.5 2.5 2 0 3 3 3
5867.2 2763.1 6.2 230 0 10.7 16.2 7.5 2.5 2 1 3 3 3
5851.5 2816.3 5.7 215 0 7.2 10.1 7.5 2.5 2 1 3 4 4
5818.2 2758.9 6.5 51 0 9.0 14.7 7.5 2.5 4 1 3 1 1
5979.4 3679.6 4.6 207 0 7.7 21.6 5.0 2.5 2 1 2 2 2
5948.5 3654.5 4.7 197 0 9.9 19.8 10.0 2.5 2 1 4 5 5
5986.0 3626.5 4.7 47 0 12.9 19.9 7.5 2.5 4 1 3 1 1
6017.4 3614.0 4.7 45 0 20.9 12.9 10.0 2.5 4 0 4 4 4
5618.5 3806.5 6.1 301 0 7.7 15.9 10.0 2.5 2 1 4 4 4
5638.4 3776.3 7.5 336 0 10.3 10.5 7.5 2.5 4 1 3 2 2
5465.0 3751.0 7.5 118 0 11.6 10.0 5.0 2.5 4 0 2 4 4
5511.2 3725.6 5.6 124 0 13.0 12.8 7.5 0.0 0 0 3 2 2
5567.8 3688.0 4.1 116 0 11.0 16.1 7.5 2.5 2 1 3 3 3
5653.7 3668.0 7.0 25 0 13.3 11.0 5.0 2.5 2 0 2 3 3
5511.9 3385.6 1.3 21 0 8.2 9.9 10.0 2.5 2 1 4 5 5
5605.5 3560.9 4.7 23 0 9.9 10.5 5.0 2.5 2 1 2 1 1
5585.6 3509.9 4.8 32 0 14.6 17.6 10.0 2.5 2 1 4 4 4
5607.8 3494.8 6.6 209 0 13.2 17.8 7.5 2.5 2 1 3 3 3
5556.0 3463.2 4.4 42 0 15.0 13.5 10.0 2.5 2 0 4 1 1
5575.4 3484.5 5.1 28 0 11.4 17.8 5.0 2.5 2 1 2 3 3
5701.8 3692.8 9.2 217 0 9.7 24.0 2.5 2.5 2 1 1 3 3
5712.1 3619.9 8.6 132 0 14.1 11.5 7.5 2.5 2 0 3 0 0
5758.0 3609.4 8.1 100 0 19.4 11.8 5.0 2.5 2 0 2 5 5
5822.4 3673.4 7.6 246 0 9.8 11.4 5.0 2.5 2 1 2 0 0
5827.4 3630.9 7.3 339 0 15.9 14.1 7.5 2.5 4 0 3 2 2
5837.7 3556.0 6.5 118 0 13.7 12.7 5.0 2.5 2 0 2 1 1
5877.0 3479.7 5.8 348 0 7.9 14.7 7.5 2.5 2 1 3 2 2
5879.3 3433.5 4.8 74 0 19.0 15.0 10.0 2.5 2 0 4 1 1
5824.0 3356.1 6.5 27 0 14.0 13.7 7.5 2.5 4 0 3 1 1
5804.3 3538.5 8.7 279 0 10.8 16.5 2.5 2.5 2 1 1 1 1
5734.1 3469.4 9.3 28 0 12.7 11.3 7.5 2.5 4 0 3 2 2
5694.1 3394.7 9.8 34 0 7.4 8.3 7.5 2.5 2 1 3 4 4
5717.0 3444.4 9.4 27 0 10.3 12.7 2.5 2.5 2 1 1 5 5
5770.4 3478.3 9.7 198 0 10.3 11.1 5.0 2.5 2 1 2 0 0
5851.6 3387.3 5.8 41 0 9.0 12.3 2.5 0.0 0 1 1 5 5
5788.9 3280.5 5.2 227 0 9.6 11.9 7.5 2.5 2 1 3 1 1
5724.9 3205.7 7.3 102 0 10.8 16.6 7.5 2.5 2 1 3 2 2
5738.8 3271.7 8.5 9 0 7.8 13.9 5.0 2.5 2 1 2 3 3
5714.4 3339.5 10.5 21 0 11.4 12.4 5.0 2.5 2 1 2 3 3
5674.7 3342.8 9.5 25 0 12.4 12.3 10.0 2.5 2 0 4 4 4
5537.4 3407.9 2.1 17 0 14.4 9.2 7.5 2.5 2 0 3 5 5
5558.7 3388.8 4.5 198 0 9.6 14.7 7.5 2.5 2 1 3 0 0
5588.6 3339.8 5.7 25 0 12.4 16.2 2.5 2.5 2 1 1 5 5
5612.4 3289.9 6.0 43 0 8.6 11.8 7.5 2.5 2 1 3 4 4
5509.7 3328.9 1.8 290 0 12.6 10.4 5.0 0.0 0 0 2 1 1
5571.7 3834.5 5.3 247 0 6.7 8.9 10.0 2.5 2 1 4 5 5
5617.8 3894.5 3.1 356 0 12.0 15.3 5.0 2.5 2 1 2 1 1
5599.0 3922.3 3.2 345 0 10.5 12.5 7.5 2.5 2 1 3 2 2
5600.0 3983.9 0.7 345 0 9.4 16.1 2.5 2.5 2 1 1 5 5
5604.7 4047.6 -0.2 157 0 9.5 11.5 5.0 2.5 2 1 2 0 0
5627.3 3931.9 2.2 164 0 13.3 11.0 5.0 2.5 2 0 2 3 3
5649.4 3873.8 3.7 159 0 9.5 11.4 7.5 2.5 2 1 3 5 5
5695.7 3796.3 6.9 120 0 11.9 9.9 7.5 2.5 2 0 3 0 0
5774.5 3953.5 5.0 350 0 8.7 16.1 10.0 2.5 2 1 4 2 2
5855.9 4129.1 5.7 184 0 6.1 9.1 10.0 0.0 0 1 4 4 4
5868.2 4083.0 6.3 93 0 16.8 10.4 5.0 2.5 2 0 2 0 0
5880.3 4053.8 7.5 249 0 11.4 9.2 7.5 2.5 2 0 3 2 2
5918.5 4048.3 8.7 64 0 9.5 6.8 5.0 2.5 4 0 2 4 4
5917.6 4090.9 8.0 70 0 9.7 6.6 7.5 2.5 2 0 3 4 4
5910.8 4275.0 4.1 220 0 6.8 11.9 2.5 2.5 2 1 1 5 5
5948.5 4201.1 6.2 34 0 8.9 13.6 7.5 2.5 2 1 3 4 4
5980.0 4076.6 10.5 243 0 10.4 7.4 5.0 2.5 2 0 2 0 0
6010.8 4084.0 11.4 246 0 8.5 11.2 5.0 2.5 2 1 2 0 0
5596.1 4790.9 0.2 257 0 11.5 12.1 5.0 2.5 2 1 2 3 3
5604.0 4698.3 1.9 168 0 9.3 6.9 7.5 2.5 2 0 3 4 4
5408.8 4322.7 1.6 194 0 11.9 20.2 5.0 2.5 2 1 2 4 4
5500.1 4417.1 -0.1 172 0 17.2 12.5 5.0 2.5 2 0 2 1 1
5566.6 4500.1 -0.8 347 0 6.9 14.8 2.5 2.5 2 1 1 1 1
5647.9 4556.1 2.9 251 0 11.2 10.5 5.0 2.5 2 0 2 2 2
5654.9 4488.1 4.3 176 0 12.4 13.6 7.5 2.5 2 1 3 5 5
5675.3 4379.6 4.7 64 0 15.0 13.4 2.5 2.5 2 0 1 1 1
5653.6 4450.1 4.4 170 0 15.3 19.7 7.5 2.5 2 1 3 5 5
5535.7 4465.8 -1.3 180 0 16.3 12.6 5.0 0.0 0 0 2 5 5
5570.7 4416.3 0.9 353 0 14.4 12.4 7.5 2.5 2 0 3 1 1
5589.9 4355.1 3.3 79 0 8.4 13.1 7.5 2.5 2 1 3 1 1
5642.2 4330.8 4.9 247 0 9.9 7.5 2.5 2.5 2 0 1 5 5
5632.1 4365.9 5.1 98 0 14.2 11.0 10.0 2.5 2 0 4 5 5
5525.8 4349.5 2.6 9 0 11.4 11.7 7.5 2.5 2 1 3 3 3
5562.7 4351.4 3.0 76 0 8.8 13.8 7.5 2.5 2 1 3 1 1
5532.3 4312.7 3.8 344 0 10.4 6.3 2.5 2.5 4 0 1 0 0
5532.0 4249.7 1.6 357 0 9.4 17.1 2.5 2.5 2 1 1 4 4
5544.5 4224.1 0.7 0 0 7.7 9.3 7.5 2.5 2 1 3 2 2
5551.5 4209.7 1.2 344 0 6.8 9.5 7.5 2.5 2 1 3 4 4
5548.5 4196.6 1.1 343 0 10.8 17.3 5.0 2.5 2 1 2 2 2
5561.0 4254.6 1.8 165 0 10.3 15.1 5.0 2.5 2 1 2 0 0
5573.7 4210.2 0.9 156 0 9.5 16.5 5.0 2.5 2 1 2 5 5
5708.8 4261.3 1.2 353 0 9.5 14.1 5.0 2.5 2 1 2 1 1
5696.8 4291.1 2.5 278 0 13.5 8.2 7.5 2.5 2 0 3 5 5
5715.1 4234.1 1.0 334 0 10.2 8.4 5.0 2.5 2 0 2 0 0
5720.7 4211.9 1.4 345 0 15.4 10.2 2.5 0.0 0 0 1 1 1
5729.3 4185.2 1.8 350 0 24.5 15.5 7.5 2.5 4 0 3 4 4
5742.1 4101.2 4.5 254 0 12.8 13.5 10.0 2.5 2 1 4 2 2
5576.4 3294.8 4.8 124 0 15.0 12.8 5.0 2.5 4 0 2 0 0
6315.8 5363.1 11.4 231 0 16.3 10.0 7.5 2.5 2 0 3 1 1
6285.2 5335.0 10.9 227 0 10.3 8.7 5.0 2.5 2 0 2 1 1
6138.9 5168.3 9.8 318 0 7.5 10.8 7.5 2.5 2 1 3 1 1
6164.6 5196.6 9.8 192 0 9.1 11.4 7.5 2.5 2 1 3 4 4
6193.4 5176.4 11.1 335 0 13.8 6.8 2.5 2.5 2 0 1 4 4
6199.1 5152.3 10.8 331 0 11.4 6.4 10.0 2.5 2 0 4 3 3
6172.3 5139.4 10.8 333 0 11.1 7.6 5.0 2.5 2 0 2 3 3
6179.1 5116.3 10.6 330 0 15.4 14.9 7.5 2.5 2 0 3 0 0
6238.3 4925.8 10.6 204 0 11.6 18.2 2.5 2.5 2 1 1 4 4
6144.2 4814.8 10.4 58 0 14.4 10.3 7.5 2.5 4 0 3 0 0
6163.5 4797.8 10.3 218 0 9.9 11.0 2.5 2.5 2 1 1 2 2
6150.4 4770.7 10.1 225 0 9.0 17.3 5.0 2.5 2 1 2 5 5
6093.6 4771.6 10.5 43 0 10.1 8.6 7.5 2.5 2 0 3 0 0
6073.0 4704.6 8.3 228 0 8.5 7.3 7.5 2.5 2 0 3 1 1
6040.8 4734.7 10.1 134 0 13.6 9.2 10.0 2.5 2 0 4 3 3
6121.7 5568.2 10.3 93 0 12.4 9.1 5.0 2.5 2 0 2 0 0
6195.9 5592.4 14.0 34 0 11.1 13.4 2.5 2.5 4 1 1 3 3
6200.7 5471.7 10.6 336 0 6.3 8.0 7.5 0.0 0 1 3 0 0
6241.0 5401.0 11.3 312 0 13.0 9.2 5.0 2.5 2 0 2 3 3
5689.1 5677.4 4.1 90 0 17.6 18.3 15.0 0.0 0 1 6 1 1
5782.3 5682.7 5.7 60 0 14.2 11.3 7.5 2.5 2 0 3 0 0
5877.3 5893.5 9.4 167 0 14.3 19.3 15.0 0.0 0 1 6 4 4
5895.4 5947.0 9.2 280 0 6.9 9.4 7.5 2.5 2 1 3 4 4
5955.2 5852.7 10.8 116 0 7.5 13.8 2.5 2.5 2 1 1 1 1
5982.3 5872.5 11.6 95 0 9.8 10.7 7.5 2.5 2 1 3 4 4
6013.3 5910.5 11.6 270 0 11.2 15.4 2.5 2.5 2 1 1 3 3
6075.9 5917.3 10.7 345 0 9.1 12.2 2.5 2.5 2 1 1 2 2
5956.3 6000.0 11.5 184 0 11.0 13.5 7.5 2.5 2 1 3 4 4
6056.0 5978.7 12.0 191 0 14.0 11.1 10.0 2.5 4 0 4 0 0
6009.6 6047.3 12.3 355 0 9.8 13.9 10.0 2.5 4 1 4 4 4
5939.6 6122.7 10.7 179 0 14.3 14.1 10.0 2.5 2 0 4 3 3
5950.4 6164.0 10.2 186 0 11.8 16.3 7.5 2.5 2 1 3 0 0
5979.0 6120.1 11.1 104 0 13.1 12.9 10.0 2.5 2 0 4 5 5
6014.1 6119.2 11.5 108 0 12.4 10.2 10.0 2.5 2 0 4 3 3
6018.0 6170.6 10.8 267 0 13.2 9.8 7.5 2.5 2 0 3 5 5
6048.5 6126.3 11.7 92 0 7.6 11.9 7.5 2.5 2 1 3 1 1
6199.3 6410.5 14.6 270 0 17.6 11.2 7.5 0.0 0 0 3 4 4
6228.4 6443.3 16.6 130 0 10.0 14.2 5.0 2.5 2 1 2 5 5
6094.1 6316.1 9.9 0 0 18.3 11.8 2.5 2.5 2 0 1 4 4
6076.3 6181.3 11.4 284 0 7.3 6.5 7.5 2.5 2 0 3 3 3
6081.6 6142.9 11.7 358 0 12.7 9.7 2.5 2.5 2 0 1 0 0
6110.5 5996.9 12.0 116 0 7.9 11.5 7.5 2.5 2 1 3 2 2
6206.7 6008.3 11.6 301 0 9.6 9.7 7.5 2.5 2 1 3 3 3
6188.7 6014.9 11.8 295 0 17.7 9.1 7.5 2.5 2 0 3 4 4
6204.9 6146.1 15.2 0 0 15.7 13.2 7.5 2.5 2 0 3 2 2
6202.2 6222.6 14.7 267 0 10.3 13.9 5.0 2.5 2 1 2 3 3
6241.2 6131.1 15.9 93 0 16.8 10.3 10.0 2.5 2 0 4 5 5
6275.2 6173.4 16.9 273 0 16.8 8.6 7.5 2.5 2 0 3 1 1
6342.3 6195.8 16.3 188 0 18.7 12.8 5.0 2.5 2 0 2 2 2
6328.5 6148.0 16.4 193 0 17.0 11.5 2.5 2.5 2 0 1 4 4
6274.4 6128.4 16.3 98 0 15.7 10.4 2.5 2.5 2 0 1 3 3
6287.8 6056.8 13.5 6 0 18.7 11.8 5.0 2.5 2 0 2 4 4
6258.6 6102.0 14.7 276 0 21.9 9.9 7.5 2.5 2 0 3 2 2
6898.0 6198.8 9.8 65 0 9.1 15.3 5.0 0.0 0 1 2 5 5
6912.8 6212.3 10.4 90 0 14.4 19.8 7.5 2.5 2 1 3 2 2
5019.7 5913.8 0.0 66 0 8.7 12.2 5.0 2.5 2 1 2 2 2
5153.6 6127.7 -0.7 65 0 14.2 10.4 5.0 2.5 2 0 2 4 4
5619.9 5290.4 7.0 218 0 10.1 7.8 7.5 2.5 2 0 3 1 1
5608.4 5264.9 6.7 217 0 14.1 6.7 7.5 2.5 2 0 3 2 2
5724.1 5528.3 9.0 346 0 9.8 7.6 7.5 2.5 2 0 3 2 2
6635.8 6613.1 15.5 137 0 7.2 8.8 7.5 2.5 2 1 3 5 5
6647.5 6663.7 15.3 224 0 18.1 11.9 7.5 2.5 2 0 3 4 4
6526.8 6659.2 13.4 136 0 12.8 15.4 7.5 0.0 0 1 3 4 4
6611.9 6403.1 12.1 264 0 11.2 15.2 7.5 0.0 0 1 3 2 2
6639.9 6313.7 9.5 209 0 16.0 12.4 5.0 2.5 2 0 2 5 5
6611.1 6278.4 11.6 210 0 8.0 16.4 7.5 2.5 2 1 3 3 3
6622.0 6249.0 11.9 8 0 13.2 15.4 7.5 2.5 2 1 3 0 0
6587.6 6204.4 13.3 30 0 13.9 16.4 7.5 2.5 2 1 3 1 1
6611.0 6128.1 11.9 29 0 13.2 13.4 7.5 2.5 4 1 3 3 3
6394.2 6266.0 15.2 4 0 16.9 9.0 7.5 2.5 2 0 3 0 0
6394.5 6302.1 14.3 1 0 36.5 8.8 10.0 2.5 2 0 4 2 2
6362.3 6320.1 14.5 270 0 7.3 34.8 10.0 2.5 2 1 4 4 4
6517.1 6488.2 15.5 37 0 14.5 12.4 7.5 2.5 2 0 3 3 3
6559.4 6583.2 13.7 317 0 12.1 19.0 10.0 2.5 2 1 4 3 3
6425.7 6426.9 16.9 92 0 10.0 10.6 5.0 2.5 2 1 2 1 1
6465.3 6582.2 12.6 52 0 18.7 7.3 7.5 2.5 2 0 3 1 1
6371.4 6513.4 15.0 224 0 24.8 20.3 10.0 2.5 2 0 4 0 0
6361.0 6478.5 16.1 183 0 11.8 11.2 7.5 2.5 2 0 3 3 3
6362.9 6415.8 17.0 93 0 11.5 17.2 5.0 0.0 0 1 2 5 5
6417.8 6635.4 12.1 227 0 15.2 11.6 7.5 2.5 2 0 3 2 2
6370.5 6597.7 13.5 222 0 10.7 13.1 7.5 0.0 0 1 3 0 0
6349.1 6532.1 15.0 49 0 8.2 15.9 10.0 2.5 2 1 4 3 3
6302.3 6560.8 15.3 124 0 18.9 8.9 5.0 2.5 2 0 2 2 2
6260.4 6613.0 15.2 116 0 19.8 9.5 5.0 2.5 2 0 2 5 5
6268.4 6561.0 16.1 324 0 16.8 11.0 5.0 2.5 2 0 2 5 5
6320.6 6461.0 16.9 355 0 9.3 9.7 7.5 2.5 2 1 3 4 4
6246.0 6369.5 16.8 109 0 8.0 8.9 7.5 2.5 4 1 3 1 1
6195.9 6425.2 14.6 334 0 6.1 10.3 2.5 2.5 2 1 1 1 1
6117.0 6581.8 13.9 171 0 15.0 22.0 7.5 0.0 0 1 3 0 0
6128.0 6652.6 14.3 291 0 9.0 8.9 7.5 2.5 2 0 3 1 1
6137.0 6639.8 14.6 305 0 11.5 8.3 10.0 2.5 2 0 4 1 1
6145.1 6670.6 14.6 112 0 8.5 8.0 7.5 2.5 2 0 3 2 2
6212.6 6655.6 14.9 30 0 12.0 13.6 10.0 2.5 2 1 4 4 4
1635.3 6629.5 -1.8 98 0 11.0 10.6 7.5 0.0 0 0 3 2 2
2037.6 6487.4 -12.5 55 0 9.3 7.8 2.5 2.5 2 0 1 2 2
3887.7 6666.7 0.6 73 0 16.6 15.0 5.0 2.5 2 0 2 4 4
3849.8 6659.6 0.3 86 0 35.3 11.9 7.5 2.5 2 0 3 3 3
4056.9 6536.9 1.9 159 0 13.6 13.9 7.5 2.5 2 1 3 0 0
4079.5 6570.9 2.6 358 0 7.4 8.5 2.5 2.5 2 1 1 5 5
4070.1 6627.1 3.0 357 0 15.5 11.2 5.0 2.5 2 0 2 2 2
4073.8 6599.3 2.6 6 0 12.7 11.5 7.5 2.5 4 0 3 4 4
4159.5 6667.5 5.0 0 0 13.0 10.3 7.5 0.0 0 0 3 1 1
4100.5 6647.0 4.6 178 0 15.7 15.9 2.5 0.0 0 1 1 4 4
4175.2 6506.2 2.9 44 0 10.2 15.0 5.0 2.5 2 1 2 5 5
4157.9 6563.9 3.9 204 0 8.7 9.6 7.5 2.5 2 1 3 1 1
4182.7 6643.3 4.7 197 0 11.8 13.0 7.5 2.5 2 1 3 2 2
4179.4 6605.5 4.0 197 0 10.2 6.9 7.5 2.5 4 0 3 1 1
4196.8 6664.9 4.9 205 0 9.1 9.3 7.5 2.5 2 1 3 1 1
4260.8 6527.0 1.4 270 0 7.4 10.9 7.5 2.5 2 1 3 3 3
4252.0 6563.4 2.6 35 0 10.8 12.9 5.0 2.5 2 1 2 1 1
4276.3 6559.3 2.1 218 0 8.2 11.2 7.5 2.5 2 1 3 1 1
4295.5 6608.1 3.5 59 0 9.2 8.7 2.5 2.5 2 0 1 4 4
4321.7 6596.8 2.9 213 0 8.1 8.3 2.5 2.5 2 1 1 5 5
4483.8 6649.4 0.1 326 0 12.5 12.7 5.0 0.0 0 1 2 1 1
4483.8 6604.6 0.8 145 0 14.0 12.3 5.0 2.5 2 0 2 2 2
4539.1 6589.0 1.6 310 0 10.6 14.7 7.5 2.5 2 1 3 4 4
4561.9 6609.0 2.5 121 0 11.6 15.5 5.0 2.5 2 1 2 3 3
4567.1 6526.1 2.1 174 0 12.9 10.4 10.0 2.5 2 0 4 5 5
4602.5 6574.3 3.1 147 0 13.9 10.2 7.5 2.5 2 0 3 4 4
4100.3 6501.8 2.7 220 0 13.2 18.2 7.5 2.5 2 1 3 3 3
4082.6 6468.8 2.0 213 0 10.6 8.1 7.5 2.5 2 0 3 5 5
4192.2 6447.3 -0.8 321 0 10.2 10.9 2.5 2.5 2 1 1 2 2
4207.2 6524.5 2.7 65 0 7.8 9.4 10.0 2.5 2 1 4 1 1
4213.3 6480.0 0.3 180 0 7.1 8.5 10.0 2.5 2 1 4 2 2
4238.6 6457.7 -0.2 91 0 12.3 9.8 10.0 0.0 0 0 4 3 3
4232.6 6419.3 -1.7 300 0 10.8 13.5 2.5 2.5 2 1 1 2 2
4472.0 6475.4 1.9 35 0 8.3 16.8 7.5 2.5 2 1 3 2 2
4342.1 6373.7 -0.1 315 0 9.8 7.1 7.5 2.5 2 0 3 1 1
4362.3 6412.6 0.0 17 0 8.2 8.3 5.0 2.5 2 1 2 2 2
4447.8 6212.2 3.0 163 0 10.4 11.1 7.5 2.5 4 1 3 2 2
4452.0 6248.4 3.4 196 0 13.0 13.8 7.5 2.5 4 1 3 5 5
4424.6 6263.0 2.1 15 0 13.9 12.8 2.5 0.0 0 0 1 2 2
4414.6 6344.9 0.6 305 0 8.3 6.3 10.0 2.5 2 0 4 5 5
4444.2 6365.8 1.6 105 0 9.4 10.8 7.5 2.5 2 1 3 2 2
4548.7 6404.4 4.4 98 0 10.1 10.4 5.0 2.5 2 1 2 3 3
4477.0 6410.3 2.9 29 0 11.0 12.1 2.5 2.5 2 1 1 2 2
4488.3 6303.2 4.4 350 0 11.0 11.6 5.0 2.5 2 1 2 3 3
4662.2 6113.3 2.6 287 0 12.8 10.2 5.0 2.5 2 0 2 4 4
4629.4 6113.5 2.8 118 0 14.1 10.0 7.5 2.5 2 0 3 3 3
4582.8 6131.8 3.3 109 0 12.5 9.7 5.0 2.5 2 0 2 3 3
4548.7 6169.5 4.0 62 0 13.3 9.2 7.5 2.5 2 0 3 0 0
4709.9 6169.0 2.7 20 0 12.9 15.9 7.5 2.5 2 1 3 3 3
4620.8 6287.8 5.5 225 0 8.8 14.6 2.5 2.5 2 1 1 0 0
4630.7 6317.4 4.6 198 0 10.3 22.4 10.0 0.0 0 1 4 3 3
4721.4 6197.5 2.7 20 0 9.5 10.6 5.0 2.5 2 1 2 2 2
4736.9 6167.2 1.8 209 0 6.1 10.7 7.5 2.5 2 1 3 5 5
4762.4 6303.1 0.8 358 0 20.2 11.2 5.0 2.5 2 0 2 1 1
4642.9 6487.5 3.3 304 0 8.9 8.7 2.5 2.5 2 0 1 3 3
4605.7 6508.5 2.8 303 0 8.1 10.6 7.5 2.5 4 1 3 2 2
4604.6 6387.6 5.2 103 0 9.3 16.5 7.5 2.5 2 1 3 0 0
4627.9 6393.3 5.2 15 0 21.4 11.3 5.0 2.5 2 0 2 5 5
4673.5 6406.0 5.1 299 0 10.4 11.7 5.0 2.5 2 1 2 1 1
4627.5 6553.2 3.6 152 0 12.4 12.0 7.5 2.5 2 0 3 1 1
4701.4 6658.6 5.8 335 0 13.5 11.3 7.5 2.5 2 0 3 5 5
4735.0 6392.6 3.2 286 0 13.1 15.9 5.0 2.5 2 1 2 5 5
4689.6 6429.4 4.3 107 0 13.9 14.0 7.5 2.5 4 1 3 2 2
4683.1 6469.4 3.9 203 0 17.4 10.8 7.5 2.5 4 0 3 2 2
4720.1 6485.2 3.8 31 0 11.4 19.4 2.5 2.5 2 1 1 2 2
4708.7 6515.8 3.7 178 0 13.0 9.4 7.5 2.5 2 0 3 0 0
4736.7 6418.2 3.7 116 0 13.4 17.2 7.5 2.5 2 1 3 2 2
4759.6 6415.2 3.4 106 0 8.2 10.5 10.0 2.5 2 1 4 3 3
4811.8 6442.0 3.4 49 0 8.6 12.3 7.5 2.5 2 1 3 3 3
4849.3 6528.9 3.7 327 0 14.3 11.9 2.5 0.0 0 0 1 2 2
6859.4 6361.5 10.7 27 0 9.6 12.8 7.5 2.5 4 1 3 4 4
6882.6 6403.5 11.6 221 0 6.3 9.2 2.5 2.5 2 1 1 4 4
3908.8 5475.5 -4.9 16 0 21.2 10.5 7.5 2.5 4 0 3 5 5
3876.5 5516.2 -3.4 145 0 14.4 17.6 10.0 2.5 2 1 4 1 1
3906.1 5544.9 -2.4 53 0 12.8 11.0 10.0 2.5 2 0 4 1 1
3916.9 5574.2 -1.6 221 0 13.8 11.4 7.5 2.5 2 0 3 4 4
3954.4 5540.4 -0.5 118 0 15.2 13.3 2.5 2.5 2 0 1 4 4
3973.8 5562.5 -0.3 26 0 8.2 18.3 10.0 2.5 2 1 4 3 3
3982.5 5588.2 -0.1 42 0 9.2 10.7 2.5 2.5 2 1 1 2 2
3932.2 5606.1 -0.9 220 0 6.9 15.3 7.5 2.5 2 1 3 0 0
3949.8 5623.8 -0.6 219 0 10.7 18.6 5.0 2.5 2 1 2 0 0
3990.7 5670.9 0.0 217 0 9.7 17.9 2.5 2.5 2 1 1 1 1
4001.8 5695.5 0.4 219 0 8.4 13.2 7.5 2.5 2 1 3 1 1
3880.1 5691.6 -2.4 20 0 11.3 9.7 5.0 2.5 2 0 2 2 2
3865.0 5752.0 -3.0 109 0 14.9 10.0 5.0 2.5 2 0 2 5 5
3795.7 5752.1 -6.0 216 0 7.0 9.5 7.5 2.5 2 1 3 3 3
3843.5 5795.3 -4.0 266 0 7.7 8.8 10.0 2.5 2 1 4 5 5
3841.1 5823.1 -4.0 77 0 9.3 6.8 7.5 2.5 2 0 3 4 4
3888.8 5830.1 -1.9 88 0 13.5 11.4 10.0 2.5 2 0 4 3 3
3925.6 5758.3 -0.1 139 0 9.0 11.3 5.0 2.5 2 1 2 0 0
4024.0 5715.8 1.2 218 0 8.6 18.3 7.5 2.5 2 1 3 5 5
3951.4 5809.3 0.8 263 0 13.6 7.1 7.5 2.5 4 0 3 3 3
4516.5 6159.9 3.8 64 0 10.8 11.5 5.0 2.5 2 1 2 5 5
4593.9 6323.3 6.2 27 0 11.5 8.4 7.5 2.5 2 0 3 5 5
3975.1 5849.2 0.1 76 0 17.2 12.8 5.0 2.5 2 0 2 3 3
3972.6 5986.0 -4.2 242 0 8.3 12.7 7.5 2.5 4 1 3 1 1
4000.8 5960.3 -2.7 154 0 6.3 9.0 2.5 2.5 2 1 1 2 2
4018.0 5944.0 -2.0 64 0 6.1 7.7 2.5 2.5 2 1 1 4 4
4026.2 5832.2 1.9 259 0 18.6 11.9 5.0 2.5 2 0 2 4 4
4076.5 5702.7 0.5 33 0 15.8 10.0 7.5 2.5 4 0 3 3 3
4066.0 5800.4 2.3 230 0 6.8 8.7 7.5 2.5 2 1 3 0 0
4068.9 5875.0 1.3 72 0 21.3 15.6 7.5 2.5 2 0 3 0 0
4073.8 5846.9 2.6 263 0 15.1 13.4 2.5 2.5 2 0 1 0 0
4089.4 5859.7 2.6 250 0 16.3 15.0 10.0 2.5 2 0 4 5 5
4117.8 5871.3 3.1 227 0 10.4 13.5 7.5 0.0 0 1 3 2 2
4122.3 5746.9 -0.9 8 0 10.6 13.1 7.5 2.5 2 1 3 2 2
4129.9 5761.5 -0.8 4 0 10.2 13.0 7.5 2.5 2 1 3 4 4
4231.4 5938.6 1.0 239 0 11.6 8.5 2.5 2.5 2 0 1 2 2
4124.8 6118.6 -1.5 242 0 19.2 13.5 10.0 2.5 2 0 4 3 3
4221.0 5812.6 -2.6 55 0 13.6 14.1 2.5 2.5 2 1 1 2 2
4194.0 5895.2 1.3 235 0 7.2 9.1 7.5 2.5 2 1 3 0 0
4168.2 5915.8 2.5 241 0 27.9 15.2 10.0 2.5 2 0 4 3 3
4280.7 5977.7 1.6 238 0 10.0 10.1 7.5 2.5 2 1 3 1 1
4280.1 6015.3 1.9 56 0 8.5 12.1 7.5 2.5 2 1 3 5 5
4126.6 5906.8 1.8 65 0 11.7 10.5 2.5 2.5 2 0 1 0 0
4070.5 5947.3 -0.7 325 0 12.4 7.2 5.0 2.5 2 0 2 2 2
4063.5 5967.6 -1.5 331 0 9.4 15.4 7.5 2.5 2 1 3 5 5
4149.0 6012.6 1.4 70 0 15.6 12.4 2.5 2.5 2 0 1 3 3
4114.9 6062.9 -0.2 126 0 8.0 9.9 7.5 2.5 2 1 3 1 1
4232.8 5986.4 1.6 60 0 16.2 15.1 5.0 2.5 2 0 2 1 1
4290.4 6115.6 0.2 337 0 11.7 12.1 7.5 2.5 2 1 3 4 4
4244.5 6168.5 -1.4 332 0 12.7 9.6 5.0 2.5 2 0 2 2 2
4192.6 6181.5 -2.1 168 0 15.8 13.8 5.0 2.5 2 0 2 4 4
4337.3 6054.8 2.0 322 0 7.9 9.7 2.5 2.5 2 1 1 1 1
4343.7 6012.4 1.6 232 0 9.7 11.4 5.0 2.5 2 1 2 4 4
4366.8 6033.6 1.5 239 0 16.5 12.3 5.0 0.0 0 0 2 0 0
4299.4 6146.3 -0.1 148 0 12.1 9.8 5.0 2.5 2 0 2 3 3
4343.1 6076.2 1.9 149 0 17.2 9.6 5.0 2.5 2 0 2 1 1
4402.0 6208.9 1.6 340 0 6.4 6.9 7.5 2.5 2 1 3 2 2
4389.6 6076.8 1.7 59 0 7.0 14.9 7.5 2.5 2 1 3 4 4
4403.5 6089.7 1.7 61 0 6.7 10.8 7.5 2.5 2 1 3 4 4
4426.7 6124.0 1.7 59 0 8.8 9.9 7.5 2.5 2 1 3 5 5
4316.5 6233.3 -0.3 56 0 7.4 6.0 7.5 2.5 4 0 3 2 2
4339.0 6246.2 -0.0 75 0 8.8 7.4 7.5 2.5 2 0 3 4 4
4422.1 6067.7 1.3 246 0 10.7 7.6 7.5 2.5 2 0 3 4 4
4450.5 5992.8 0.7 335 0 10.6 7.6 2.5 2.5 2 0 1 2 2
4461.8 6139.2 2.0 336 0 9.6 13.8 5.0 2.5 2 1 2 5 5
4485.2 6093.6 1.5 324 0 8.0 13.5 7.5 2.5 4 1 3 0 0
4572.5 6053.4 -0.4 287 0 8.9 13.4 10.0 2.5 2 1 4 1 1
2703.9 3484.4 -8.9 185 0 8.9 15.6 7.5 2.5 2 1 3 0 0
2480.1 4326.1 -13.3 154 0 9.9 8.2 7.5 0.0 0 0 3 5 5
2523.7 4334.9 -12.2 77 0 7.8 8.1 5.0 2.5 2 1 2 5 5
2398.9 4323.1 -11.5 97 0 9.8 7.2 7.5 2.5 2 0 3 5 5
2469.1 4387.7 -12.4 318 0 7.5 8.4 5.0 2.5 2 1 2 2 2
2240.7 4756.1 -10.2 47 0 15.2 11.4 7.5 2.5 2 0 3 2 2
2313.1 4679.3 -13.6 43 0 8.1 9.0 10.0 2.5 2 1 4 3 3
2412.1 4574.7 -10.3 54 0 7.6 8.0 7.5 2.5 2 1 3 5 5
2494.3 4473.2 -12.0 252 0 21.7 12.1 7.5 2.5 2 0 3 1 1
2566.0 4512.0 -8.8 304 0 10.0 13.6 10.0 2.5 2 1 4 1 1
2584.5 4469.2 -8.7 326 0 14.8 9.6 5.0 2.5 2 0 2 2 2
2598.7 4434.5 -8.5 316 0 11.8 7.7 7.5 2.5 2 0 3 3 3
2653.2 4361.9 -8.9 334 0 10.0 16.3 7.5 2.5 2 1 3 1 1
2644.0 4313.3 -8.9 153 0 13.7 17.1 2.5 2.5 2 1 1 3 3
3261.3 6117.9 -2.2 155 0 7.2 20.7 7.5 2.5 2 1 3 2 2
3306.3 6133.5 -1.4 336 0 8.8 22.8 7.5 2.5 2 1 3 2 2
3416.2 5990.7 -0.4 90 0 10.0 35.2 7.5 2.5 2 1 3 1 1
3433.1 5993.3 -0.9 90 0 9.7 27.2 7.5 2.5 2 1 3 5 5
3449.5 6055.2 -1.2 270 0 11.8 39.3 10.0 2.5 4 1 4 5 5
3467.3 6106.7 1.4 76 0 13.7 12.1 5.0 2.5 2 0 2 2 2
3460.8 6077.4 0.8 255 0 15.0 11.2 7.5 0.0 0 0 3 2 2
3478.1 6062.7 0.5 247 0 6.7 9.7 5.0 2.5 2 1 2 4 4
3498.3 6069.9 0.9 258 0 10.2 14.2 2.5 2.5 2 1 1 5 5
3540.2 6027.3 -1.5 111 0 9.0 12.1 5.0 2.5 2 1 2 0 0
3545.0 6069.5 0.0 43 0 6.0 8.1 7.5 0.0 0 1 3 1 1
3521.5 6131.1 0.8 71 0 8.1 9.8 5.0 2.5 2 1 2 0 0
3815.2 6254.9 0.1 240 0 13.6 9.8 5.0 2.5 2 0 2 5 5
3836.7 6299.1 0.2 66 0 12.5 14.9 7.5 2.5 2 1 3 3 3
3578.1 6174.6 0.7 248 0 8.1 12.9 5.0 0.0 0 1 2 3 3
3599.3 6135.2 1.3 246 0 13.6 11.4 7.5 2.5 2 0 3 3 3
3633.8 6127.5 -0.4 253 0 11.5 27.1 15.0 0.0 0 1 6 3 3
3662.9 6063.1 -2.2 69 0 19.6 10.9 7.5 0.0 0 0 3 0 0
3684.7 6114.2 -0.7 347 0 7.6 11.6 5.0 2.5 2 1 2 4 4
3681.5 6136.8 -0.3 342 0 7.8 11.6 5.0 2.5 2 1 2 0 0
3002.6 2848.2 -1.8 178 0 10.5 12.1 5.0 2.5 2 1 2 4 4
3022.8 2879.9 -2.5 327 0 8.3 20.7 5.0 2.5 2 1 2 2 2
3018.6 2912.1 -2.3 318 0 20.2 8.6 7.5 2.5 2 0 3 0 0
2981.6 2878.2 -2.6 190 0 13.7 8.4 5.0 2.5 2 0 2 4 4
2943.7 2938.4 -2.6 152 0 7.5 9.3 5.0 2.5 2 1 2 3 3
2933.4 2903.7 -3.1 180 0 13.0 11.2 5.0 0.0 0 0 2 0 0
2953.8 2839.3 -2.7 193 0 20.7 10.8 10.0 2.5 2 0 4 4 4
2931.6 2780.1 -1.1 176 0 9.0 18.6 7.5 2.5 2 1 3 2 2
2947.9 2753.5 0.1 175 0 11.5 10.9 5.0 2.5 2 0 2 4 4
2971.6 2681.4 0.6 5 0 8.0 13.0 2.5 2.5 2 1 1 3 3
2918.2 2724.4 -0.4 188 0 9.6 20.2 7.5 2.5 2 1 3 2 2
2695.6 2793.7 -4.8 270 0 13.5 10.7 5.0 2.5 2 0 2 4 4
2948.1 3031.6 -2.1 311 0 10.1 6.7 2.5 2.5 2 0 1 2 2
2838.9 3174.7 -6.7 319 0 14.7 8.2 7.5 2.5 2 0 3 5 5
2856.5 3065.3 -4.0 140 0 9.5 11.9 7.5 2.5 2 1 3 0 0
2887.0 3091.0 -4.3 318 0 9.4 13.8 7.5 2.5 2 1 3 5 5
2845.5 3089.7 -4.7 132 0 11.9 12.7 7.5 0.0 0 1 3 0 0
2831.7 3066.6 -4.2 125 0 10.7 16.7 5.0 2.5 4 1 2 4 4
2812.4 3157.2 -6.2 273 0 13.5 9.7 2.5 2.5 2 0 1 0 0
2807.7 3064.1 -5.0 90 0 9.7 21.9 2.5 2.5 2 1 1 4 4
2796.1 3091.9 -5.7 99 0 11.3 27.7 7.5 2.5 2 1 3 0 0
2772.4 3140.1 -6.6 187 0 11.3 27.6 10.0 2.5 2 1 4 4 4
2764.6 3110.2 -6.5 187 0 26.8 11.3 12.5 2.5 2 0 5 1 1
2876.6 2840.2 -5.5 347 0 15.4 15.4 2.5 2.5 4 0 1 4 4
2852.0 2781.0 -3.7 358 0 12.4 16.8 5.0 2.5 2 1 2 0 0
2836.3 2720.2 -2.5 112 0 10.2 11.5 7.5 2.5 2 1 3 4 4
2802.8 2772.0 -4.4 185 0 13.4 13.9 10.0 2.5 2 1 4 3 3
2814.2 2704.6 -3.1 90 0 8.5 11.2 5.0 2.5 2 1 2 4 4
2767.9 2677.7 -3.6 82 0 8.9 14.6 5.0 2.5 2 1 2 5 5
2704.2 2742.5 -3.2 356 0 13.7 15.3 5.0 2.5 2 1 2 1 1
2685.2 2682.7 -2.5 174 0 13.7 16.6 7.5 2.5 2 1 3 0 0
2511.6 2678.0 -4.2 263 0 9.5 12.3 5.0 2.5 2 1 2 5 5
2639.2 2741.3 -4.3 88 0 17.1 16.0 12.5 2.5 2 0 5 3 3
2649.0 2805.8 -5.8 281 0 12.6 14.7 10.0 2.5 2 1 4 2 2
2660.7 3213.8 -7.9 33 0 7.9 8.7 5.0 2.5 2 1 2 3 3
2577.1 3272.4 -8.8 118 0 12.8 13.7 5.0 2.5 2 1 2 3 3
2639.7 3265.4 -7.0 307 0 10.3 7.4 10.0 2.5 4 0 4 5 5
2699.1 3241.7 -7.5 21 0 16.2 14.2 5.0 2.5 4 0 2 1 1
2785.1 3226.9 -8.6 50 0 13.4 15.9 2.5 2.5 4 1 1 5 5
2751.6 3273.0 -8.5 274 0 9.4 12.5 7.5 2.5 2 1 3 2 2
2737.4 3307.1 -8.5 300 0 10.6 8.7 7.5 2.5 2 0 3 0 0
2692.0 3297.1 -7.1 207 0 23.7 9.9 2.5 2.5 4 0 1 1 1
2574.0 3431.1 -10.8 279 0 9.2 9.1 5.0 2.5 2 0 2 5 5
2547.4 3323.7 -10.4 267 0 9.7 8.8 2.5 2.5 2 0 1 4 4
3030.2 3124.3 -6.6 215 0 14.4 22.4 5.0 2.5 2 1 2 2 2
2992.8 3045.7 -3.7 133 0 18.2 10.8 5.0 2.5 2 0 2 3 3
2943.3 3094.4 -4.3 138 0 10.8 6.7 7.5 2.5 2 0 3 4 4
2969.4 3065.3 -3.7 117 0 8.1 8.3 7.5 2.5 2 1 3 5 5
2894.3 3211.1 -7.9 42 0 7.9 10.8 5.0 2.5 2 1 2 5 5
2926.7 3153.4 -6.1 201 0 7.3 7.8 5.0 0.0 0 1 2 3 3
2966.0 3281.8 -8.1 53 0 19.8 22.5 7.5 2.5 2 1 3 0 0
3214.8 2827.2 -1.6 121 0 10.5 12.5 5.0 2.5 2 1 2 3 3
3245.2 2867.3 -1.7 285 0 8.5 14.4 5.0 2.5 2 1 2 4 4
3235.6 3005.7 -4.7 253 0 9.9 18.2 2.5 2.5 2 1 1 2 2
3208.3 2902.8 -2.1 304 0 16.7 13.6 2.5 2.5 2 0 1 0 0
3152.3 2880.2 -2.1 130 0 13.2 15.5 7.5 2.5 2 1 3 4 4
3141.8 2901.2 -2.1 126 0 11.6 16.5 7.5 2.5 2 1 3 3 3
3216.1 2968.7 -3.5 113 0 21.8 11.3 5.0 2.5 2 0 2 0 0
3170.7 3022.9 -5.4 322 0 8.2 8.6 2.5 2.5 2 1 1 0 0
3155.8 2987.8 -4.3 216 0 12.5 7.2 7.5 2.5 2 0 3 1 1
3042.9 2973.7 -3.0 130 0 16.3 11.5 7.5 2.5 2 0 3 2 2
3056.5 3062.5 -5.3 11 0 11.9 9.0 5.0 2.5 2 0 2 3 3
3025.6 3008.1 -3.4 111 0 16.4 9.5 7.5 2.5 4 0 3 1 1
3151.6 2692.7 0.7 351 0 9.4 11.0 2.5 2.5 2 1 1 2 2
3119.1 2671.3 0.9 88 0 9.4 12.7 7.5 2.5 2 1 3 1 1
3123.1 2721.9 0.2 357 0 17.4 13.2 7.5 2.5 2 0 3 4 4
3111.0 2744.9 -0.2 3 0 17.9 11.5 2.5 2.5 2 0 1 5 5
3114.1 2832.7 -1.6 4 0 15.4 11.5 7.5 2.5 2 0 3 2 2
3076.2 2799.3 -1.1 90 0 8.2 14.5 7.5 2.5 2 1 3 4 4
3088.5 2771.1 -0.5 168 0 11.2 6.9 7.5 2.5 4 0 3 3 3
2997.7 2711.6 0.6 85 0 10.0 14.5 7.5 2.5 2 1 3 5 5
3017.0 2750.6 0.0 351 0 12.9 7.7 7.5 2.5 2 0 3 5 5
3671.4 2762.6 -1.6 358 0 25.8 19.4 7.5 2.5 2 0 3 1 1
3648.3 2769.7 -1.6 357 0 10.3 9.4 7.5 2.5 2 0 3 4 4
3670.8 2791.1 -2.0 359 0 21.0 27.0 7.5 2.5 2 1 3 2 2
3658.7 2829.3 -1.9 264 0 10.6 15.9 5.0 2.5 2 1 2 5 5
3857.5 2695.6 3.0 93 0 25.6 13.8 5.0 2.5 2 0 2 4 4
3821.0 2755.8 4.7 270 0 10.6 21.0 5.0 2.5 2 1 2 1 1
3774.1 2786.7 2.9 268 0 15.9 35.9 10.0 2.5 2 1 4 1 1
3700.4 2705.3 0.7 177 0 22.2 10.3 5.0 2.5 4 0 2 1 1
3714.0 2775.5 1.6 174 0 21.4 6.9 7.5 2.5 2 0 3 1 1
3699.5 2812.3 0.2 175 0 13.7 34.1 12.5 2.5 4 1 5 2 2
3613.6 2750.8 -1.5 177 0 10.5 12.2 7.5 2.5 2 1 3 1 1
3607.0 2733.0 -1.3 177 0 11.2 6.2 7.5 2.5 2 0 3 0 0
2883.0 3137.7 -5.6 358 0 6.5 7.1 5.0 2.5 2 1 2 0 0
2486.0 2656.7 -3.8 90 0 10.6 12.7 7.5 2.5 2 1 3 4 4
3640.8 2992.8 -1.0 82 0 17.2 9.1 7.5 2.5 2 0 3 4 4
3581.4 3217.4 -1.0 89 0 15.9 8.0 10.0 2.5 2 0 4 0 0
3647.1 3339.5 -3.9 3 0 13.1 9.7 7.5 2.5 2 0 3 1 1
3644.4 3321.3 -3.2 351 0 10.0 7.4 7.5 2.5 4 0 3 4 4
3648.0 3304.1 -2.9 357 0 14.0 10.6 10.0 2.5 2 0 4 2 2
3649.8 3198.7 -1.0 354 0 19.7 11.5 10.0 0.0 0 0 4 0 0
3612.5 3129.8 -2.7 272 0 9.7 11.5 7.5 0.0 0 1 3 2 2
3543.4 3112.6 -4.3 90 0 7.9 10.6 7.5 2.5 2 1 3 2 2
3504.1 3144.6 -4.7 183 0 11.4 10.6 7.5 2.5 2 0 3 1 1
3547.9 3141.6 -4.1 0 0 13.0 8.2 7.5 0.0 0 0 3 5 5
3534.0 2907.1 -4.4 2 0 12.1 9.1 10.0 2.5 2 0 4 1 1
3528.2 2956.4 -4.7 270 0 8.8 14.2 7.5 2.5 2 1 3 1 1
3476.9 2972.5 -7.3 280 0 6.9 10.0 5.0 2.5 2 1 2 2 2
3440.3 2912.8 -6.6 142 0 8.8 12.4 7.5 0.0 0 1 3 1 1
3286.8 2692.6 2.3 196 0 7.6 9.5 5.0 2.5 2 1 2 3 3
3327.7 2833.9 -1.4 345 0 7.3 8.2 7.5 2.5 2 1 3 2 2
3315.2 2880.7 -2.7 284 0 8.5 11.2 5.0 2.5 4 1 2 1 1
3673.6 2734.4 -1.2 356 0 25.8 30.3 7.5 0.0 0 1 3 1 1
3675.4 2704.3 -0.9 358 0 28.4 31.5 7.5 0.0 0 1 3 2 2
3881.3 2929.3 7.0 173 0 13.3 20.7 5.0 0.0 0 1 2 0 0
3837.1 3091.0 2.3 272 0 14.1 42.7 15.0 2.5 2 1 6 1 1
3822.4 3036.9 3.1 359 0 25.3 12.5 10.0 2.5 2 0 4 3 3
3808.5 2980.3 3.3 90 0 7.9 32.5 10.0 2.5 2 1 4 0 0
3792.9 3066.1 1.8 268 0 10.3 50.1 10.0 2.5 4 1 4 3 3
3788.1 2970.8 2.3 91 0 8.1 38.9 10.0 0.0 0 1 4 0 0
3763.9 3046.1 1.1 269 0 8.0 30.7 10.0 2.5 2 1 4 3 3
3768.0 2951.4 2.2 89 0 7.8 7.5 7.5 2.5 2 0 3 5 5
3750.7 3061.7 0.7 263 0 9.0 25.4 7.5 2.5 2 1 3 5 5
3738.4 3046.2 0.6 263 0 8.5 32.0 10.0 2.5 2 1 4 1 1
3742.3 2981.1 1.1 91 0 9.6 27.0 7.5 2.5 4 1 3 3 3
3732.9 2949.0 0.6 90 0 10.9 28.1 10.0 2.5 2 1 4 0 0
3715.1 3056.1 0.0 204 0 18.3 23.4 7.5 0.0 0 1 3 3 3
3712.9 2992.0 0.4 182 0 28.0 10.6 10.0 2.5 2 0 4 3 3
3685.2 3140.5 -1.3 183 0 11.4 17.7 10.0 2.5 4 1 4 3 3
3701.1 3211.2 -1.7 273 0 19.1 10.9 7.5 2.5 2 0 3 1 1
3687.9 3184.4 -1.0 177 0 18.2 10.3 7.5 2.5 2 0 3 1 1
3693.2 2957.7 -0.8 171 0 32.6 17.0 10.0 2.5 2 0 4 3 3
3616.3 2569.2 -2.2 214 0 17.0 19.9 7.5 2.5 2 1 3 4 4
3717.5 2484.8 -2.1 112 0 19.0 12.6 2.5 2.5 2 0 1 0 0
3700.3 2575.1 -0.1 276 0 11.8 9.8 10.0 2.5 2 0 4 0 0
3721.6 2543.6 -0.6 267 0 13.0 13.5 5.0 2.5 4 1 2 1 1
3783.4 2570.6 0.7 275 0 12.4 10.1 5.0 2.5 2 0 2 4 4
3840.5 2567.7 0.0 280 0 13.2 10.9 10.0 2.5 2 0 4 4 4
3914.8 2555.7 0.1 194 0 13.1 17.5 2.5 2.5 2 1 1 5 5
3996.1 2540.4 -1.3 90 0 17.6 13.0 2.5 2.5 2 0 1 4 4
4059.0 2540.4 -3.1 6 0 10.6 17.7 10.0 2.5 2 1 4 0 0
4166.3 2413.5 0.0 101 0 15.0 13.3 2.5 2.5 2 0 1 1 1
4183.0 2497.5 1.8 180 0 10.1 8.2 7.5 2.5 2 0 3 1 1
4189.9 2530.1 2.9 177 0 10.1 12.4 10.0 2.5 2 1 4 0 0
4237.6 2437.2 -0.2 270 0 13.2 10.7 2.5 2.5 2 0 1 3 3
4232.0 2525.0 2.1 270 0 12.6 16.3 7.5 0.0 0 1 3 5 5
4291.2 2430.0 -1.1 277 0 10.1 12.8 10.0 2.5 2 1 4 4 4
4342.3 2495.5 1.0 90 0 14.1 15.4 5.0 2.5 2 1 2 2 2
4384.4 2520.5 2.0 277 0 14.2 7.0 2.5 2.5 2 0 1 5 5
4409.7 2506.1 2.9 97 0 10.1 7.3 7.5 2.5 2 0 3 2 2
4408.8 2442.3 1.8 16 0 8.8 10.4 7.5 2.5 2 1 3 3 3
4363.9 2416.5 -0.3 178 0 11.3 14.7 7.5 2.5 2 1 3 1 1
4427.9 2315.0 2.9 29 0 10.8 13.2 7.5 2.5 4 1 3 1 1
4510.4 2200.2 3.9 140 0 7.7 9.2 2.5 2.5 2 1 1 0 0
4552.8 2170.3 1.6 153 0 11.8 7.2 5.0 2.5 2 0 2 4 4
4539.9 2258.5 2.8 232 0 11.6 10.8 7.5 2.5 2 0 3 2 2
4579.0 2210.5 0.9 323 0 11.7 11.8 7.5 2.5 2 1 3 3 3
4607.1 2179.2 -0.9 332 0 7.8 9.6 5.0 2.5 2 1 2 2 2
4448.6 2369.4 4.0 270 0 8.5 9.2 7.5 2.5 2 1 3 4 4
4433.0 2548.7 3.6 187 0 6.6 16.0 7.5 2.5 2 1 3 0 0
4452.2 2516.0 3.8 4 0 6.3 11.8 2.5 2.5 2 1 1 3 3
4537.5 2397.7 4.5 178 0 12.1 6.8 7.5 2.5 4 0 3 0 0
4575.4 2397.0 4.1 0 0 8.9 10.3 2.5 2.5 2 1 1 0 0
4663.6 2504.3 3.9 270 0 17.6 13.0 5.0 2.5 2 0 2 3 3
4688.9 2500.4 3.3 277 0 15.1 11.8 5.0 2.5 2 0 2 3 3
4711.1 2503.8 3.3 270 0 10.3 14.8 7.5 2.5 2 1 3 3 3
4782.5 2476.4 3.8 84 0 8.0 6.7 7.5 2.5 4 0 3 0 0
4776.7 2364.9 0.3 165 0 7.1 12.2 7.5 0.0 0 1 3 2 2
4803.3 2388.9 2.0 267 0 11.5 7.0 7.5 2.5 2 0 3 2 2
4821.4 2390.8 3.1 190 0 6.1 13.7 10.0 2.5 2 1 4 2 2
4902.4 2301.3 0.7 40 0 10.5 11.0 7.5 2.5 2 1 3 0 0
4880.7 2485.5 5.0 287 0 12.3 9.9 7.5 2.5 2 0 3 3 3
5587.0 2481.6 4.1 142 0 13.0 14.3 2.5 2.5 2 1 1 5 5
5562.5 2278.8 3.1 137 0 8.4 14.8 7.5 2.5 2 1 3 2 2
5531.8 2328.7 4.3 137 0 12.2 9.6 7.5 2.5 2 0 3 1 1
5545.5 2373.3 5.0 143 0 10.3 10.3 2.5 2.5 2 0 1 5 5
5521.8 2366.5 5.1 246 0 9.4 14.8 7.5 2.5 2 1 3 0 0
5394.0 2637.2 0.1 48 0 20.5 14.7 7.5 0.0 0 0 3 5 5
5586.2 2610.0 6.0 61 0 14.8 11.5 7.5 2.5 2 0 3 5 5
5618.6 2542.2 4.7 241 0 17.1 9.4 7.5 2.5 2 0 3 3 3
5587.1 2525.3 4.3 238 0 9.4 11.4 2.5 2.5 2 1 1 3 3
5510.1 2390.2 5.0 322 0 10.6 17.2 5.0 2.5 2 1 2 0 0
5514.7 2423.1 6.4 145 0 9.7 9.3 7.5 2.5 4 0 3 2 2
5483.1 2484.1 5.9 243 0 10.5 15.7 7.5 2.5 2 1 3 5 5
5492.4 2445.9 6.1 158 0 13.0 15.6 7.5 2.5 2 1 3 5 5
5485.3 2408.1 4.7 323 0 13.1 15.6 10.0 2.5 2 1 4 2 2
5469.0 2442.3 4.7 325 0 8.9 23.0 7.5 2.5 2 1 3 0 0
5446.9 2471.1 4.8 323 0 13.8 19.6 7.5 2.5 2 1 3 1 1
5392.5 2508.0 3.7 312 0 6.4 7.9 5.0 2.5 2 1 2 1 1
5420.6 2530.3 3.8 134 0 11.7 9.0 7.5 2.5 2 0 3 1 1
5503.8 2545.8 5.0 18 0 12.4 15.4 5.0 0.0 0 1 2 4 4
5539.6 2571.1 5.5 60 0 12.5 8.7 10.0 2.5 2 0 4 0 0
5512.3 2628.7 3.5 237 0 8.1 10.2 7.5 2.5 2 1 3 1 1
4213.6 2739.3 0.6 168 0 8.6 12.6 7.5 2.5 2 1 3 4 4
4614.5 2639.4 2.6 249 0 8.2 15.7 7.5 2.5 2 1 3 1 1
4663.5 2635.6 4.0 332 0 9.1 8.7 7.5 2.5 2 0 3 1 1
3967.0 2713.4 4.6 140 0 12.1 31.0 7.5 2.5 2 1 3 5 5
4011.7 2709.4 3.8 139 0 8.9 6.3 7.5 2.5 4 0 3 3 3
4013.8 2774.6 4.7 235 0 12.3 10.7 5.0 2.5 2 0 2 0 0
4026.4 2761.9 3.9 242 0 10.0 13.7 5.0 2.5 2 1 2 0 0
4091.1 2683.5 2.8 0 0 11.5 7.3 7.5 2.5 4 0 3 4 4
4090.3 2710.4 3.1 350 0 12.4 11.6 10.0 2.5 2 0 4 1 1
4081.9 2959.6 -0.3 103 0 10.3 8.6 7.5 0.0 0 0 3 5 5
4143.9 2747.7 3.6 290 0 10.6 12.2 5.0 2.5 2 1 2 5 5
4228.0 2666.0 3.3 169 0 13.5 9.6 7.5 2.5 2 0 3 2 2
4227.7 2695.0 2.2 159 0 10.5 7.5 7.5 2.5 2 0 3 2 2
4314.7 2655.8 5.5 87 0 12.4 11.6 7.5 2.5 2 0 3 4 4
4328.1 2839.4 -3.7 81 0 9.8 24.1 5.0 2.5 2 1 2 3 3
4346.3 2844.0 -3.5 93 0 10.9 20.9 7.5 2.5 2 1 3 1 1
4391.9 2865.4 -3.2 69 0 25.5 11.2 10.0 2.5 2 0 4 3 3
4174.5 2828.0 -1.4 180 0 10.1 12.3 7.5 2.5 2 1 3 1 1
4137.9 2951.3 -1.7 90 0 12.6 18.6 5.0 2.5 2 1 2 1 1
4163.8 3008.1 -2.1 13 0 17.6 9.3 2.5 2.5 2 0 1 4 4
4119.0 3065.2 -1.0 213 0 9.8 9.8 7.5 2.5 2 0 3 1 1
4147.0 3137.3 -2.8 302 0 8.3 8.0 10.0 2.5 2 0 4 5 5
4058.3 3197.9 -2.2 19 0 13.4 6.2 5.0 2.5 4 0 2 5 5
4104.9 3298.5 -6.8 92 0 9.4 12.1 10.0 2.5 2 1 4 1 1
4037.5 3269.5 -4.5 202 0 10.6 12.4 2.5 0.0 0 1 1 2 2
4009.5 3176.2 -0.8 119 0 8.4 10.4 7.5 2.5 2 1 3 0 0
3930.7 3274.2 -4.9 17 0 11.3 16.6 5.0 2.5 2 1 2 1 1
3907.3 3241.9 -4.2 176 0 18.4 15.9 10.0 2.5 2 0 4 0 0
4096.6 3030.0 0.4 211 0 8.1 11.6 7.5 2.5 2 1 3 3 3
4042.6 3043.7 3.1 186 0 11.5 14.2 7.5 0.0 0 1 3 1 1
3954.0 2895.2 6.5 173 0 11.4 16.6 7.5 2.5 4 1 3 2 2
3977.8 3106.2 2.1 97 0 12.1 15.0 7.5 2.5 2 1 3 3 3
4000.7 3005.8 4.5 250 0 16.3 13.1 2.5 2.5 2 0 1 5 5
3968.1 2962.0 5.4 90 0 9.7 19.2 2.5 2.5 2 1 1 2 2
3945.8 3011.5 5.8 267 0 15.6 9.5 7.5 2.5 2 0 3 2 2
2929.5 2375.8 -0.2 157 0 6.1 6.1 5.0 2.5 2 0 2 4 4
2938.5 2292.4 -3.0 250 0 6.9 11.5 5.0 2.5 2 1 2 2 2
2958.6 2245.8 -4.0 7 0 9.6 7.1 2.5 2.5 2 0 1 0 0
2970.1 2188.7 -4.9 81 0 11.3 15.3 10.0 0.0 0 1 4 0 0
3018.7 2230.0 -3.7 88 0 6.8 6.8 2.5 2.5 2 1 1 2 2
3047.4 2234.5 -4.3 273 0 11.8 13.3 7.5 2.5 4 1 3 0 0
3031.5 2289.4 -3.9 313 0 11.4 15.4 2.5 2.5 4 1 1 3 3
3072.7 2355.9 -4.0 26 0 10.6 12.6 2.5 0.0 0 1 1 0 0
2988.0 2410.5 -1.1 296 0 12.6 11.2 7.5 2.5 4 0 3 5 5
3037.3 2551.1 1.6 73 0 16.3 11.1 5.0 2.5 2 0 2 1 1
3087.0 2582.3 1.7 267 0 12.4 8.1 7.5 0.0 0 0 3 3 3
3102.7 2180.4 -5.1 63 0 14.5 13.5 7.5 2.5 2 0 3 0 0
3127.6 2210.9 -5.5 26 0 11.9 9.2 5.0 2.5 2 0 2 4 4
3186.1 2172.5 -2.9 130 0 9.3 14.7 2.5 2.5 2 1 1 3 3
3186.4 2245.4 -4.0 210 0 19.9 11.6 10.0 2.5 2 0 4 4 4
3227.6 2320.0 -1.4 208 0 11.4 9.9 7.5 0.0 0 0 3 5 5
3210.8 2298.5 -2.3 212 0 17.8 16.0 7.5 2.5 2 0 3 4 4
3252.0 2281.2 -1.9 27 0 13.2 23.2 7.5 2.5 2 1 3 1 1
3274.3 2328.6 -0.5 17 0 12.3 22.1 7.5 2.5 2 1 3 1 1
3180.8 2573.0 1.9 80 0 21.5 15.1 10.0 0.0 0 0 4 0 0
3263.7 2573.6 3.2 270 0 17.6 17.7 10.0 0.0 0 1 4 0 0
3287.7 2584.8 3.1 257 0 10.8 19.4 5.0 2.5 2 1 2 2 2
3327.3 2562.8 3.1 356 0 16.4 18.8 10.0 2.5 2 1 4 1 1
3294.3 2491.6 4.3 180 0 16.0 17.6 10.0 2.5 4 1 4 0 0
3308.0 2445.3 3.3 7 0 21.7 13.6 7.5 2.5 2 0 3 3 3
3271.5 2398.5 1.4 223 0 16.3 16.3 7.5 2.5 4 1 3 0 0
3351.7 2376.5 1.8 97 0 15.1 14.3 2.5 2.5 2 0 1 0 0
3383.8 2367.4 0.8 71 0 14.6 13.2 5.0 2.5 2 0 2 3 3
3436.8 2365.2 -1.5 76 0 10.9 10.2 2.5 2.5 2 0 1 3 3
3415.7 2363.4 -0.7 89 0 14.1 21.4 10.0 0.0 0 1 4 3 3
3385.6 2493.5 2.7 301 0 9.9 10.6 7.5 2.5 2 1 3 4 4
3429.6 2532.6 0.7 70 0 10.6 11.6 10.0 2.5 2 1 4 3 3
3512.3 2492.5 -1.9 303 0 16.2 20.8 10.0 2.5 4 1 4 1 1
3510.4 2523.9 -1.3 90 0 17.3 21.6 7.5 2.5 2 1 3 4 4
3490.3 2543.7 -0.5 275 0 8.1 8.4 10.0 2.5 4 1 4 5 5
3484.4 2512.6 -0.6 86 0 11.5 7.9 7.5 2.5 2 0 3 0 0
3386.7 2591.7 1.3 266 0 16.5 14.0 7.5 2.5 2 0 3 2 2
3417.7 2534.4 1.2 16 0 8.3 30.5 12.5 2.5 2 1 5 3 3
3433.9 2699.6 -0.2 90 0 10.0 10.1 7.5 2.5 2 1 3 3 3
3008.8 1986.7 -2.0 357 0 15.4 18.2 10.0 2.5 2 1 4 2 2
2977.9 2054.9 -4.9 49 0 12.1 8.8 7.5 2.5 4 0 3 1 1
3045.9 1999.4 -1.3 56 0 8.5 10.0 2.5 2.5 2 1 1 2 2
3077.6 2035.6 -1.5 45 0 8.8 14.4 7.5 2.5 4 1 3 5 5
3023.6 2116.5 -4.6 263 0 13.9 17.6 5.0 2.5 4 1 2 4 4
3171.0 2121.7 -1.9 68 0 16.8 15.5 5.0 2.5 2 0 2 2 2
3251.6 2145.1 0.6 168 0 12.0 8.4 10.0 0.0 0 0 4 4 4
3268.3 2234.0 -0.5 207 0 11.3 12.9 7.5 2.5 2 1 3 5 5
3235.0 2207.6 -1.4 199 0 23.0 18.6 10.0 2.5 2 0 4 5 5
2750.6 1818.1 -7.7 249 0 10.1 8.3 5.0 2.5 2 0 2 0 0
2742.5 1857.3 -8.2 206 0 10.8 17.8 7.5 2.5 2 1 3 3 3
2838.3 1784.5 -3.2 39 0 15.5 13.0 2.5 2.5 2 0 1 3 3
2846.8 1807.1 -2.6 40 0 12.3 11.6 10.0 2.5 2 0 4 5 5
2820.6 1883.5 -4.4 235 0 18.0 11.1 7.5 2.5 2 0 3 4 4
2820.0 1927.3 -5.3 223 0 12.9 18.8 10.0 2.5 2 1 4 1 1
2834.9 1954.7 -5.3 226 0 14.6 10.6 7.5 2.5 2 0 3 1 1
2859.6 1965.2 -4.5 219 0 12.2 12.4 10.0 2.5 2 1 4 1 1
2896.6 1858.0 -1.7 12 0 8.5 15.2 7.5 2.5 2 1 3 4 4
2971.6 1934.3 -1.4 59 0 6.9 9.7 2.5 2.5 2 1 1 1 1
2955.9 1917.2 -1.7 24 0 12.3 19.0 7.5 2.5 2 1 3 1 1
2871.2 2000.6 -5.3 237 0 10.9 15.2 7.5 2.5 2 1 3 1 1
2901.0 2002.3 -4.9 236 0 13.1 17.6 7.5 2.5 2 1 3 5 5
2931.2 2057.0 -6.1 241 0 11.5 9.9 7.5 0.0 0 0 3 0 0
2921.0 2019.8 -5.0 235 0 14.4 17.0 2.5 2.5 4 1 1 5 5
2998.8 1947.0 -1.2 51 0 14.0 13.5 5.0 2.5 2 0 2 0 0
3147.4 1851.3 -2.5 225 0 6.7 9.0 5.0 2.5 2 1 2 5 5
3133.0 1832.5 -3.6 242 0 13.3 24.6 12.5 2.5 2 1 5 3 3
3076.7 1657.5 -8.0 179 0 12.1 14.7 7.5 2.5 2 1 3 2 2
3082.3 1585.8 -7.0 128 0 9.7 19.3 5.0 2.5 4 1 2 4 4
3108.9 1497.3 -7.9 6 0 13.5 14.2 5.0 0.0 0 1 2 0 0
2991.0 1673.4 -7.6 237 0 14.3 17.2 10.0 2.5 2 1 4 1 1
3045.9 1638.1 -8.2 316 0 14.6 23.8 7.5 2.5 2 1 3 1 1
2753.9 1711.9 -8.0 37 0 7.4 12.3 5.0 2.5 4 1 2 2 2
2776.2 1667.4 -8.4 160 0 13.2 16.3 7.5 2.5 2 1 3 1 1
2872.9 1615.4 -6.4 58 0 13.2 17.7 5.0 2.5 4 1 2 5 5
2731.3 1812.3 -8.5 241 0 7.4 8.9 5.0 2.5 2 1 2 5 5
2709.7 1791.7 -8.6 241 0 16.7 9.9 2.5 2.5 2 0 1 2 2
2922.2 1653.4 -6.4 51 0 9.0 12.4 7.5 2.5 2 1 3 2 2
2834.4 1701.8 -4.8 63 0 18.4 16.0 12.5 2.5 2 0 5 5 5
2839.2 1744.5 -3.0 245 0 12.0 18.9 5.0 2.5 2 1 2 3 3
2855.8 1760.6 -1.8 244 0 13.0 14.2 10.0 2.5 2 1 4 5 5
2890.3 1766.4 -2.0 33 0 14.5 9.8 7.5 2.5 2 0 3 4 4
2901.5 1808.6 -2.1 245 0 10.7 14.9 10.0 2.5 2 1 4 4 4
2987.8 1724.6 -5.7 47 0 13.8 15.9 5.0 2.5 2 1 2 4 4
3008.6 1744.1 -5.7 52 0 10.5 11.0 10.0 2.5 2 1 4 4 4
2923.7 1825.7 -2.4 251 0 10.2 15.2 5.0 2.5 2 1 2 2 2
2962.3 1806.4 -3.5 139 0 6.8 16.3 5.0 2.5 2 1 2 1 1
2938.8 1856.0 -2.3 253 0 15.6 14.5 5.0 2.5 2 0 2 2 2
2997.6 1783.7 -4.5 145 0 10.8 20.9 7.5 2.5 2 1 3 3 3
3056.5 1788.1 -4.9 344 0 8.5 17.4 5.0 2.5 2 1 2 2 2
3057.9 1804.3 -4.1 60 0 14.6 24.0 10.0 0.0 0 1 4 5 5
3003.1 1903.9 -0.7 230 0 10.0 9.4 5.0 2.5 2 0 2 1 1
3095.9 1847.5 -2.3 72 0 8.7 10.2 5.0 2.5 2 1 2 4 4
3040.3 1948.8 0.0 219 0 15.3 14.0 5.0 2.5 2 0 2 5 5
3117.1 1869.8 -1.7 59 0 17.2 12.0 7.5 2.5 2 0 3 0 0
3145.0 1915.2 -1.3 46 0 13.1 8.5 5.0 2.5 2 0 2 5 5
3121.4 2029.1 -0.1 241 0 16.7 12.4 5.0 0.0 0 0 2 3 3
3149.4 2034.1 0.1 239 0 11.0 14.4 7.5 2.5 2 1 3 5 5
3160.3 2076.1 -0.2 236 0 11.0 9.7 10.0 2.5 2 0 4 0 0
3224.6 2046.4 -0.4 40 0 9.2 10.0 10.0 2.5 4 1 4 1 1
3266.5 2003.6 -1.4 145 0 11.8 14.0 2.5 2.5 2 1 1 1 1
3263.4 2062.4 -0.8 177 0 13.7 12.4 5.0 2.5 2 0 2 0 0
3259.1 2086.7 -0.9 167 0 9.8 18.4 7.5 2.5 2 1 3 1 1
3380.0 2107.8 -3.8 297 0 7.2 16.3 5.0 2.5 2 1 2 5 5
3353.8 2126.7 -3.1 179 0 9.7 13.8 7.5 2.5 2 1 3 0 0
3393.4 2162.5 -3.0 3 0 15.2 17.1 12.5 2.5 2 1 5 1 1
3351.8 2187.2 -0.9 185 0 12.4 13.9 7.5 0.0 0 1 3 1 1
3333.9 2229.5 0.9 267 0 6.2 11.3 5.0 2.5 2 1 2 3 3
3369.5 2232.1 -0.9 268 0 17.1 9.4 5.0 2.5 2 0 2 2 2
3215.6 1714.6 -4.1 1 0 9.8 16.8 2.5 0.0 0 1 1 0 0
3185.1 1552.3 -7.8 215 0 8.7 19.8 5.0 2.5 2 1 2 4 4
3298.0 1508.8 -7.1 39 0 20.4 12.6 10.0 2.5 2 0 4 3 3
3315.6 1535.0 -5.5 32 0 16.3 12.2 10.0 0.0 0 0 4 3 3
3353.4 1624.1 -6.5 4 0 12.8 14.1 7.5 2.5 2 1 3 2 2
3364.9 1668.9 -7.0 4 0 19.5 12.7 5.0 2.5 2 0 2 1 1
3374.8 1733.1 -6.2 357 0 10.6 17.7 5.0 2.5 2 1 2 5 5
3318.0 1674.8 -5.0 267 0 20.9 14.2 12.5 2.5 2 0 5 4 4
3243.6 1710.1 -3.1 177 0 19.7 19.1 10.0 2.5 2 0 4 3 3
3246.6 1768.9 -2.6 175 0 19.7 15.7 7.5 2.5 2 0 3 3 3
3258.1 1802.0 -2.6 180 0 12.4 7.3 5.0 2.5 4 0 2 1 1
3253.6 1825.8 -2.6 186 0 14.5 10.9 5.0 2.5 2 0 2 3 3
3368.1 1788.9 -5.6 354 0 15.8 14.8 10.0 2.5 2 0 4 4 4
3348.4 1816.3 -5.4 185 0 15.0 18.6 12.5 2.5 2 1 5 2 2
3347.2 1850.1 -4.7 180 0 9.8 6.8 7.5 2.5 2 0 3 4 4
3366.0 1873.8 -5.4 0 0 12.7 13.8 7.5 2.5 2 1 3 3 3
3370.1 1899.5 -5.1 9 0 11.5 17.2 2.5 2.5 2 1 1 0 0
3367.2 1968.6 -5.0 270 0 11.2 21.9 5.0 2.5 2 1 2 5 5
3264.0 1969.2 -2.1 229 0 8.6 10.8 7.5 2.5 2 1 3 2 2
3320.5 1911.9 -3.8 183 0 10.8 18.7 7.5 2.5 2 1 3 5 5
3128.0 1473.8 -8.4 211 0 22.3 14.4 7.5 0.0 0 0 3 4 4
3226.8 1414.8 -8.0 18 0 12.4 15.6 5.0 2.5 2 1 2 2 2
3183.7 1604.1 -7.7 29 0 12.9 11.5 7.5 0.0 0 0 3 2 2
2862.7 1488.5 -9.3 172 0 9.6 20.5 5.0 0.0 0 1 2 1 1
2895.5 1459.9 -10.0 73 0 23.3 11.0 7.5 2.5 2 0 3 2 2
2929.1 1451.9 -10.5 86 0 14.4 12.9 7.5 0.0 0 0 3 2 2
2998.3 1455.2 -9.9 80 0 15.5 21.0 7.5 2.5 2 1 3 3 3
2966.5 1537.1 -7.8 118 0 13.3 14.9 7.5 2.5 2 1 3 4 4
3038.0 1490.2 -8.9 2 0 9.6 11.0 7.5 2.5 2 1 3 3 3
3051.4 1551.3 -7.1 0 0 17.5 10.6 2.5 2.5 2 0 1 5 5
3126.8 1525.7 -7.1 17 0 14.7 9.4 2.5 2.5 2 0 1 0 0
3144.5 1566.2 -7.4 83 0 6.5 7.3 7.5 2.5 2 1 3 5 5
3160.0 1580.0 -7.5 2 0 8.0 14.7 5.0 2.5 2 1 2 2 2
3079.9 1687.4 -7.8 185 0 16.7 21.4 7.5 2.5 4 1 3 4 4
3094.5 1712.8 -7.3 183 0 8.4 11.2 2.5 0.0 0 1 1 2 2
3076.5 1725.5 -6.9 182 0 8.7 13.5 2.5 2.5 4 1 1 0 0
3080.9 1772.0 -5.6 162 0 17.3 33.6 12.5 2.5 2 1 5 2 2
3220.2 1749.5 -3.5 2 0 9.7 15.3 7.5 0.0 0 1 3 3 3
3210.7 1770.5 -3.0 1 0 12.9 12.9 2.5 2.5 2 1 1 5 5
2676.8 1745.0 -8.6 180 0 14.2 7.6 5.0 2.5 2 0 2 0 0
2728.7 1688.9 -9.8 42 0 17.1 12.5 2.5 2.5 2 0 1 4 4
2719.3 1666.1 -10.6 47 0 10.9 12.0 7.5 2.5 2 1 3 1 1
2659.4 1680.1 -12.6 328 0 12.5 16.0 7.5 2.5 2 1 3 0 0
2644.3 1698.8 -12.7 346 0 13.5 16.0 2.5 2.5 2 1 1 1 1
2636.1 1571.6 -13.2 69 0 13.5 15.5 5.0 2.5 4 1 2 3 3
2670.1 1469.5 -14.7 346 0 12.2 7.6 5.0 2.5 2 0 2 0 0
2694.2 1414.9 -15.3 338 0 10.3 8.6 7.5 0.0 0 0 3 0 0
2686.8 1517.1 -13.3 151 0 12.1 15.4 5.0 2.5 2 1 2 4 4
2689.2 1598.3 -12.7 248 0 20.3 14.8 10.0 2.5 2 0 4 5 5
2733.6 1651.3 -10.7 239 0 23.0 18.4 7.5 2.5 2 0 3 2 2
2774.1 1615.1 -10.0 356 0 16.1 22.7 10.0 2.5 2 1 4 1 1
2783.1 1589.3 -8.6 342 0 6.6 10.8 10.0 2.5 2 1 4 2 2
2789.5 1570.9 -8.4 331 0 12.7 13.8 7.5 2.5 2 1 3 2 2
2680.1 1345.9 -17.4 197 0 11.1 16.3 2.5 2.5 4 1 1 3 3
2717.7 1426.5 -12.8 144 0 9.1 11.2 5.0 0.0 0 1 2 3 3
2754.4 1408.6 -12.6 61 0 16.1 23.3 10.0 2.5 2 1 4 4 4
3018.0 1215.3 -12.1 79 0 10.8 17.0 5.0 2.5 2 1 2 0 0
3066.6 1271.4 -10.2 21 0 8.9 9.0 7.5 2.5 2 1 3 4 4
3027.9 1285.1 -8.9 198 0 7.8 15.5 5.0 0.0 0 1 2 1 1
2979.0 1247.5 -11.7 210 0 12.3 19.1 2.5 2.5 2 1 1 3 3
2933.4 1324.1 -11.3 201 0 10.5 20.9 5.0 2.5 2 1 2 4 4
2905.6 1293.0 -12.8 281 0 12.6 16.7 2.5 2.5 2 1 1 1 1
2883.2 1242.3 -15.1 115 0 12.1 7.5 5.0 0.0 0 0 2 1 1
2846.2 1265.2 -15.7 205 0 9.8 17.7 10.0 2.5 4 1 4 5 5
2848.8 1302.1 -13.7 165 0 11.1 7.0 5.0 2.5 2 0 2 1 1
2807.0 1509.0 -8.1 332 0 16.4 15.3 10.0 2.5 2 0 4 0 0
2820.0 1484.3 -8.7 348 0 13.2 12.3 2.5 2.5 4 0 1 1 1
2818.1 1441.6 -9.6 87 0 15.9 14.1 7.5 2.5 4 0 3 5 5
2842.1 1419.4 -11.4 262 0 19.0 11.6 7.5 2.5 2 0 3 5 5
2972.3 1372.0 -11.6 243 0 11.2 13.5 10.0 2.5 2 1 4 2 2
3024.2 1338.4 -9.7 297 0 11.6 15.2 7.5 2.5 2 1 3 4 4
3095.3 1290.4 -10.7 85 0 10.0 16.0 7.5 2.5 2 1 3 4 4
3029.3 1434.3 -10.0 270 0 18.5 13.3 2.5 2.5 2 0 1 1 1
3085.1 1404.7 -8.2 296 0 12.9 18.1 10.0 2.5 2 1 4 4 4
3107.8 1407.7 -7.6 299 0 14.5 13.2 7.5 2.5 4 0 3 4 4
3145.1 1296.7 -12.2 96 0 14.6 10.7 5.0 2.5 2 0 2 4 4
3210.2 1337.8 -11.8 302 0 8.4 19.1 7.5 2.5 2 1 3 0 0
3209.0 1580.9 -7.4 212 0 7.7 6.3 7.5 2.5 2 0 3 4 4
3206.1 1606.5 -6.5 206 0 7.9 9.9 10.0 2.5 2 1 4 2 2
3156.5 1377.2 -8.2 287 0 17.9 15.1 10.0 0.0 0 0 4 4 4
2246.5 820.5 -11.4 33 0 8.1 15.6 7.5 2.5 2 1 3 1 1
2194.3 943.7 -10.9 181 0 8.6 13.5 7.5 2.5 2 1 3 5 5
2026.1 710.0 -16.8 84 0 8.9 8.9 10.0 2.5 2 0 4 4 4
2044.0 794.5 -15.1 67 0 9.0 13.4 7.5 2.5 2 1 3 1 1
2090.3 869.9 -11.9 25 0 10.4 7.2 10.0 2.5 2 0 4 2 2
2118.9 1042.1 -9.9 206 0 11.5 7.8 5.0 2.5 2 0 2 1 1
2113.0 1007.7 -8.6 202 0 10.2 10.1 10.0 2.5 2 0 4 0 0
2092.1 969.7 -10.6 201 0 12.4 15.7 5.0 2.5 2 1 2 5 5
2104.7 917.5 -11.1 18 0 10.6 8.9 5.0 2.5 2 0 2 1 1
2072.8 899.0 -12.3 197 0 9.9 12.4 7.5 2.5 4 1 3 5 5
2017.5 901.6 -13.3 127 0 6.1 13.3 2.5 2.5 2 1 1 5 5
2066.1 958.4 -13.1 28 0 16.1 12.4 7.5 2.5 4 0 3 4 4
2075.9 979.2 -12.3 25 0 12.0 14.9 7.5 2.5 2 1 3 1 1
2088.1 1001.0 -11.3 22 0 12.7 17.4 2.5 2.5 2 1 1 5 5
2013.2 1008.5 -14.1 185 0 6.2 6.7 7.5 2.5 2 1 3 1 1
2008.2 988.3 -14.1 190 0 6.6 11.9 7.5 2.5 2 1 3 4 4
1979.2 927.2 -14.1 198 0 10.6 13.3 10.0 2.5 4 1 4 4 4
1947.2 1099.4 -16.5 305 0 8.2 8.3 7.5 2.5 2 1 3 3 3
1983.8 1019.9 -15.2 31 0 10.3 16.5 7.5 2.5 2 1 3 1 1
2002.7 1058.9 -16.1 34 0 7.9 10.4 2.5 2.5 2 1 1 2 2
2301.1 1758.3 -7.0 79 0 8.8 29.4 10.0 2.5 2 1 4 0 0
3160.7 -1652.8 -14.1 103 0 6.9 10.4 7.5 2.5 2 1 3 3 3
1649.5 -1989.4 -25.3 88 0 11.5 11.4 7.5 2.5 4 0 3 2 2
3155.4 -553.9 -3.9 339 0 13.4 8.9 5.0 2.5 2 0 2 3 3
3939.4 -1333.7 -14.6 112 0 6.1 11.2 10.0 2.5 2 1 4 4 4
3537.4 -1063.9 -10.8 67 0 9.2 9.4 7.5 2.5 2 1 3 3 3
3583.3 -1050.3 -9.8 71 0 15.1 13.4 5.0 2.5 2 0 2 3 3
3544.8 -1098.3 -11.9 247 0 13.4 10.9 2.5 2.5 2 0 1 3 3
3273.3 -398.0 -6.8 106 0 8.3 10.3 5.0 2.5 2 1 2 2 2
4878.5 248.5 -8.6 261 0 22.0 9.1 7.5 2.5 2 0 3 1 1
4982.9 94.2 -7.6 270 0 7.9 7.4 7.5 2.5 4 0 3 5 5
5028.8 125.5 -7.6 170 0 11.8 8.4 7.5 2.5 2 0 3 2 2
5007.0 213.2 -8.5 270 0 8.5 9.2 5.0 2.5 2 1 2 0 0
5006.9 164.9 -7.8 180 0 13.0 6.8 7.5 2.5 4 0 3 0 0
5022.8 166.9 -8.1 188 0 12.3 12.2 5.0 2.5 2 0 2 2 2
5081.9 165.0 -8.8 271 0 13.8 12.1 5.0 2.5 4 0 2 5 5
5061.0 160.5 -8.4 262 0 10.4 9.2 2.5 2.5 2 0 1 4 4
5085.1 4.3 -7.6 81 0 7.7 10.8 5.0 2.5 2 1 2 5 5
4906.5 41.4 -5.8 165 0 10.1 13.4 2.5 2.5 2 1 1 2 2
4211.3 399.1 -2.3 215 0 25.4 15.5 10.0 2.5 2 0 4 1 1
4243.9 422.0 -1.9 237 0 10.9 10.5 10.0 0.0 0 0 4 5 5
4315.0 506.3 -0.3 212 0 11.1 18.4 7.5 2.5 2 1 3 4 4
4355.2 415.4 -2.4 31 0 8.6 11.8 5.0 2.5 4 1 2 4 4
4332.7 368.8 -1.1 26 0 9.3 12.4 5.0 2.5 2 1 2 0 0
4325.9 338.0 -1.1 24 0 7.1 8.2 5.0 2.5 2 1 2 0 0
4308.0 307.3 -1.4 36 0 13.1 18.0 2.5 2.5 2 1 1 3 3
4282.1 289.1 -1.5 117 0 13.8 10.3 7.5 2.5 2 0 3 1 1
4311.4 183.2 -2.8 200 0 7.9 7.1 10.0 2.5 2 0 4 1 1
4353.1 167.5 -3.0 124 0 15.4 22.1 7.5 0.0 0 1 3 3 3
4427.2 324.8 -4.7 196 0 12.0 9.5 2.5 2.5 2 0 1 1 1
4436.0 355.8 -5.2 281 0 9.0 11.5 5.0 0.0 0 1 2 1 1
4441.0 280.4 -4.8 209 0 9.8 11.6 5.0 2.5 2 1 2 3 3
4430.0 265.9 -4.5 206 0 10.2 14.1 10.0 0.0 0 1 4 1 1
4425.2 248.6 -4.2 204 0 10.7 12.4 7.5 2.5 2 1 3 5 5
4415.9 227.0 -3.9 205 0 9.8 13.2 7.5 2.5 2 1 3 3 3
4399.7 194.5 -3.6 210 0 14.0 16.0 7.5 0.0 0 1 3 3 3
4419.2 127.8 -4.1 107 0 10.9 11.8 5.0 2.5 2 1 2 4 4
4415.8 150.9 -4.0 130 0 8.7 10.9 7.5 2.5 2 1 3 1 1
4529.4 164.5 -7.3 203 0 7.7 11.9 7.5 2.5 2 1 3 1 1
4573.6 52.4 -5.0 113 0 25.1 20.5 12.5 2.5 2 0 5 2 2
4558.1 91.6 -5.6 8 0 9.0 17.6 5.0 2.5 2 1 2 0 0
4486.7 114.4 -5.5 39 0 16.8 11.8 5.0 0.0 0 0 2 1 1
4510.2 121.7 -5.7 200 0 11.0 14.9 5.0 2.5 2 1 2 2 2
4550.4 201.7 -7.8 196 0 14.5 10.2 10.0 2.5 2 0 4 1 1
4568.3 217.7 -8.4 205 0 6.9 9.6 7.5 2.5 2 1 3 3 3
4528.0 247.3 -7.1 26 0 11.5 14.1 2.5 0.0 0 1 1 0 0
4548.3 307.5 -8.1 296 0 9.4 8.2 7.5 2.5 2 0 3 5 5
4579.2 263.1 -9.1 112 0 18.5 8.6 5.0 2.5 2 0 2 5 5
4639.4 161.3 -9.2 206 0 10.2 10.4 10.0 2.5 2 1 4 4 4
4745.6 125.1 -7.4 188 0 6.6 9.6 5.0 2.5 2 1 2 5 5
4748.8 190.1 -9.8 286 0 14.7 13.6 5.0 2.5 2 0 2 1 1
4852.3 84.5 -4.7 90 0 10.6 6.5 7.5 2.5 2 0 3 1 1
4910.0 133.6 -6.2 2 0 7.7 8.8 2.5 2.5 2 1 1 3 3
4874.3 112.9 -5.9 104 0 12.1 9.4 7.5 2.5 2 0 3 1 1
4797.8 187.6 -9.3 266 0 8.5 8.5 10.0 2.5 2 0 4 5 5
4359.3 923.5 -2.7 278 0 17.5 12.5 7.5 2.5 2 0 3 2 2
4415.9 897.0 -2.5 24 0 13.2 23.7 7.5 2.5 2 1 3 2 2
4435.6 932.6 -3.3 311 0 10.0 17.2 7.5 2.5 2 1 3 0 0
4232.8 231.8 -3.0 293 0 10.2 20.6 7.5 2.5 4 1 3 5 5
4191.4 249.0 -1.8 295 0 27.6 19.3 7.5 2.5 2 0 3 0 0
4168.0 258.7 -2.0 296 0 10.1 22.5 2.5 2.5 2 1 1 4 4
4143.2 243.0 -1.9 111 0 13.5 23.3 10.0 2.5 2 1 4 2 2
4114.9 255.3 -1.2 105 0 28.0 12.6 7.5 0.0 0 0 3 4 4
4042.8 283.0 -1.6 110 0 11.9 28.3 7.5 2.5 2 1 3 0 0
4117.7 323.3 -2.2 19 0 24.7 18.0 5.0 2.5 2 0 2 5 5
4155.3 396.9 -2.5 199 0 10.7 15.4 7.5 2.5 2 1 3 4 4
3832.1 532.3 -10.1 97 0 19.0 11.6 10.0 2.5 2 0 4 3 3
4228.4 468.5 -0.9 41 0 18.8 17.4 10.0 2.5 2 0 4 1 1
4198.5 501.6 -1.0 306 0 12.8 12.9 5.0 0.0 0 1 2 5 5
4173.0 520.4 -1.7 300 0 11.0 9.9 7.5 2.5 4 0 3 3 3
4143.0 533.6 -2.8 315 0 16.9 11.7 7.5 2.5 2 0 3 2 2
4019.9 427.9 -4.7 105 0 18.3 9.2 10.0 2.5 2 0 4 0 0
4023.0 459.2 -5.0 198 0 10.3 15.2 7.5 2.5 2 1 3 4 4
4089.6 560.8 -4.5 319 0 9.8 22.3 5.0 2.5 2 1 2 5 5
4058.4 576.4 -5.0 303 0 14.1 9.2 10.0 2.5 4 0 4 4 4
3962.6 519.8 -6.6 98 0 10.7 8.1 7.5 2.5 4 0 3 3 3
4028.0 585.9 -5.5 291 0 9.7 7.3 7.5 2.5 2 0 3 1 1
4008.6 609.0 -5.7 298 0 17.7 10.7 2.5 2.5 2 0 1 0 0
3669.5 919.6 -8.5 338 0 13.4 16.8 2.5 2.5 2 1 1 5 5
3750.2 900.2 -9.6 3 0 12.8 16.8 7.5 0.0 0 1 3 2 2
3831.1 774.8 -5.5 209 0 13.1 15.4 2.5 2.5 2 1 1 2 2
3878.2 811.6 -8.1 24 0 10.3 19.2 10.0 2.5 2 1 4 0 0
3858.2 712.6 -4.9 108 0 11.9 8.4 5.0 2.5 2 0 2 3 3
3953.2 755.3 -7.3 110 0 9.4 11.6 5.0 2.5 2 1 2 2 2
3979.9 658.7 -4.7 124 0 12.7 17.1 7.5 2.5 2 1 3 0 0
3994.5 639.3 -4.4 116 0 12.8 14.2 7.5 2.5 2 1 3 5 5
4034.7 668.3 -5.3 28 0 11.7 10.7 5.0 2.5 2 0 2 3 3
4062.9 703.2 -6.2 304 0 12.7 13.3 5.0 2.5 2 1 2 3 3
4078.8 598.3 -4.4 119 0 15.8 14.1 5.0 2.5 2 0 2 4 4
4128.3 654.6 -3.8 299 0 15.4 13.4 5.0 2.5 2 0 2 1 1
4157.7 600.9 -2.2 6 0 10.0 18.9 10.0 2.5 2 1 4 5 5
4165.2 567.0 -1.6 111 0 13.5 11.0 2.5 2.5 2 0 1 5 5
4213.1 570.3 -0.6 10 0 14.0 23.0 10.0 2.5 2 1 4 3 3
4246.5 507.5 0.1 85 0 12.4 13.8 7.5 2.5 2 1 3 2 2
4258.3 493.6 -0.3 126 0 11.8 16.9 2.5 2.5 2 1 1 1 1
4257.3 372.2 -2.0 46 0 17.5 20.5 7.5 0.0 0 1 3 4 4
4233.1 622.1 0.0 236 0 12.1 11.4 5.0 2.5 2 0 2 0 0
4300.1 594.4 0.3 49 0 7.7 12.5 5.0 2.5 2 1 2 0 0
4270.0 644.6 -0.3 249 0 30.5 19.6 7.5 2.5 2 0 3 5 5
4293.4 664.1 -0.6 304 0 12.9 7.5 5.0 2.5 2 0 2 4 4
4309.1 781.9 -1.8 169 0 6.9 11.1 7.5 2.5 2 1 3 4 4
4302.8 741.9 -2.8 172 0 15.8 8.9 5.0 2.5 2 0 2 2 2
4365.1 773.4 -1.3 17 0 9.1 15.1 5.0 2.5 2 1 2 1 1
4307.7 821.6 -1.2 185 0 13.0 9.5 7.5 2.5 2 0 3 5 5
4307.7 859.9 -1.9 203 0 10.9 11.5 10.0 2.5 2 1 4 3 3
4310.4 888.8 -2.6 195 0 12.2 19.5 7.5 2.5 2 1 3 5 5
4331.4 910.6 -2.5 247 0 14.6 9.3 7.5 2.5 4 0 3 3 3
3972.8 447.5 -5.2 29 0 12.6 7.0 5.0 2.5 4 0 2 3 3
4025.0 343.7 -3.1 53 0 16.4 11.0 7.5 2.5 2 0 3 0 0
3565.3 304.0 -3.0 18 0 7.5 12.3 5.0 2.5 2 1 2 5 5
3563.9 326.1 -3.8 201 0 8.9 12.0 5.0 2.5 2 1 2 0 0
3657.8 342.3 -4.1 293 0 18.7 13.5 7.5 2.5 2 0 3 2 2
3676.6 287.1 -4.6 182 0 8.6 12.6 5.0 0.0 0 1 2 5 5
3682.2 336.0 -4.1 282 0 12.0 16.0 5.0 2.5 2 1 2 5 5
3706.2 355.5 -4.6 288 0 11.5 13.1 2.5 2.5 4 1 1 2 2
3733.3 349.3 -5.7 294 0 13.1 25.0 7.5 2.5 2 1 3 2 2
3781.4 247.6 -6.6 83 0 7.5 6.9 7.5 2.5 2 0 3 5 5
3802.5 288.6 -6.0 17 0 11.8 16.3 7.5 2.5 2 1 3 4 4
3841.2 309.7 -5.9 291 0 15.2 16.2 5.0 2.5 2 1 2 2 2
3865.0 256.8 -4.8 192 0 13.6 21.7 10.0 2.5 2 1 4 3 3
3922.1 281.3 -3.4 298 0 9.2 10.0 7.5 2.5 2 1 3 5 5
3928.1 212.1 -2.5 101 0 14.6 9.6 2.5 2.5 2 0 1 2 2
3971.4 207.5 -1.0 306 0 8.0 9.1 10.0 2.5 2 1 4 2 2
3942.3 321.4 -5.0 15 0 20.2 43.2 10.0 2.5 2 1 4 0 0
3881.5 329.4 -6.2 109 0 14.9 22.4 10.0 2.5 2 1 4 0 0
3936.1 364.9 -5.1 37 0 11.7 8.8 5.0 2.5 2 0 2 0 0
3855.9 341.5 -7.0 107 0 26.4 11.5 10.0 2.5 4 0 4 5 5
3830.5 350.0 -7.6 109 0 9.7 19.4 5.0 2.5 4 1 2 3 3
3794.8 364.2 -8.0 106 0 11.7 10.5 5.0 2.5 4 0 2 1 1
3784.2 402.4 -8.9 291 0 14.5 29.8 10.0 2.5 2 1 4 4 4
3716.1 406.9 -9.1 192 0 16.4 17.7 12.5 2.5 2 1 5 3 3
3439.8 773.8 -12.8 77 0 10.3 18.1 7.5 2.5 2 1 3 1 1
3484.9 799.3 -12.6 315 0 15.2 17.1 7.5 2.5 2 1 3 4 4
3519.4 867.2 -11.8 305 0 14.3 13.4 7.5 2.5 2 0 3 3 3
3510.1 756.4 -13.2 126 0 13.5 9.5 10.0 2.5 2 0 4 5 5
3525.9 708.3 -14.1 48 0 11.1 18.0 5.0 2.5 2 1 2 2 2
3598.7 750.7 -9.8 308 0 18.2 10.5 5.0 2.5 2 0 2 0 0
3554.6 767.7 -11.0 55 0 9.7 16.1 2.5 2.5 2 1 1 5 5
3587.7 776.5 -9.9 307 0 13.0 9.7 7.5 0.0 0 0 3 3 3
3570.8 864.3 -9.8 153 0 10.7 12.9 2.5 2.5 2 1 1 4 4
3604.0 906.1 -6.8 206 0 9.5 10.8 5.0 2.5 2 1 2 4 4
3336.8 213.5 -8.7 315 0 14.4 13.8 7.5 0.0 0 0 3 4 4
3349.3 159.7 -8.8 120 0 12.1 11.6 7.5 2.5 2 0 3 3 3
3496.4 258.4 -4.3 41 0 8.6 9.8 5.0 2.5 2 1 2 4 4
3447.0 352.4 -5.9 324 0 13.5 9.1 7.5 2.5 2 0 3 4 4
3462.8 327.2 -5.2 331 0 16.6 18.2 12.5 2.5 2 1 5 5 5
4753.6 2480.5 3.7 82 0 10.7 6.2 10.0 2.5 4 0 4 3 3
5378.9 1363.1 -5.1 65 0 8.6 8.3 5.0 2.5 2 0 2 0 0
5261.0 3571.3 2.9 89 0 12.1 11.2 5.0 2.5 2 0 2 4 4
5291.5 3584.2 3.9 83 0 15.6 12.5 10.0 2.5 2 0 4 0 0
5288.9 3638.6 3.4 54 0 17.2 13.5 7.5 2.5 2 0 3 4 4
5319.9 3640.2 4.5 81 0 9.4 16.2 5.0 2.5 2 1 2 5 5
5315.5 3802.9 0.8 29 0 7.0 11.2 7.5 2.5 2 1 3 0 0
5336.9 3826.0 1.6 128 0 12.1 9.9 5.0 2.5 2 0 2 4 4
5413.4 3780.8 6.6 128 0 11.2 8.0 2.5 2.5 2 0 1 0 0
5367.2 3813.6 3.6 114 0 10.3 10.3 5.0 2.5 2 0 2 0 0
5358.4 3750.3 5.3 128 0 11.3 12.2 5.0 2.5 2 1 2 1 1
5391.4 3749.3 5.9 308 0 11.4 12.5 7.5 2.5 2 1 3 2 2
5388.6 3660.2 6.0 234 0 14.3 9.5 2.5 2.5 2 0 1 4 4
5398.7 3692.4 6.0 54 0 11.0 13.7 2.5 2.5 2 1 1 5 5
5437.6 3733.2 7.2 324 0 9.1 13.3 5.0 2.5 2 1 2 5 5
5449.5 3685.0 6.5 234 0 9.2 6.9 5.0 2.5 4 0 2 4 4
5488.4 2844.4 1.5 319 0 10.5 17.3 7.5 0.0 0 1 3 3 3
5430.0 4278.6 1.5 350 0 7.6 13.1 7.5 0.0 0 1 3 3 3
6722.7 -57.5 -9.4 15 0 7.6 9.5 10.0 2.5 2 1 4 5 5
6742.7 -22.7 -9.9 12 0 13.0 11.4 5.0 2.5 2 0 2 5 5
