-6818.3 4126.0 -4.3 56 0 9.2 21.7 7.5 2.5 2 0 3 5 5
-6865.9 4149.4 -3.3 166 0 26.3 8.9 5.0 2.5 2 0 2 1 1
-6795.8 4143.9 -4.2 53 0 39.0 7.6 10.0 2.5 2 0 4 5 5
-6852.9 4108.2 -4.3 153 0 9.2 32.2 10.0 2.5 2 0 4 1 1
-6857.1 4120.8 -3.9 145 0 9.5 27.5 10.0 2.5 2 0 4 0 0
-6879.4 4219.9 -3.2 172 0 11.2 11.3 2.5 0.0 0 1 1 3 3
-6885.1 4253.5 -3.4 174 0 12.3 10.8 5.0 2.5 2 0 2 3 3
-6874.9 4241.5 -3.3 263 0 16.0 10.3 7.5 2.5 2 0 3 2 2
-6889.1 4284.9 -3.5 176 0 11.0 10.0 2.5 2.5 2 0 1 4 4
-6868.5 4183.0 -3.0 77 0 7.5 11.2 7.5 2.5 2 1 3 3 3
-6841.1 4212.1 -3.4 349 0 13.4 9.4 7.5 2.5 2 0 3 3 3
-6840.1 4189.0 -3.4 79 0 12.2 12.4 5.0 2.5 2 1 2 0 0
-6849.8 4239.0 -3.5 263 0 11.8 11.7 5.0 2.5 2 0 2 1 1
-6847.6 4285.2 -3.7 354 0 12.9 13.1 7.5 2.5 2 1 3 3 3
-6837.6 4255.7 -3.7 81 0 12.4 10.5 10.0 0.0 0 0 4 3 3
-6480.6 4447.5 -2.5 168 0 28.9 10.2 7.5 2.5 2 0 3 4 4
-6464.1 4439.6 -2.6 168 0 9.7 31.3 7.5 2.5 2 1 3 5 5
-6460.9 4352.7 -4.6 168 0 33.4 9.4 10.0 2.5 2 0 4 0 0
-6472.3 4402.8 -3.4 168 0 59.1 11.0 12.5 2.5 2 0 5 4 4
-6471.4 4458.5 -3.0 170 0 11.5 34.8 10.0 2.5 2 1 4 3 3
-6433.9 4356.9 -4.0 170 0 11.4 29.1 7.5 0.0 0 1 3 3 3
-6820.9 4544.8 -2.6 357 0 13.9 13.0 7.5 2.5 2 0 3 0 0
-6874.7 4348.4 -3.6 268 0 9.3 8.4 5.0 2.5 2 0 2 2 2
-6810.8 4436.9 -2.9 358 0 12.3 14.3 7.5 2.5 4 1 3 2 2
-6816.0 4216.9 -3.8 176 0 8.4 9.4 5.0 2.5 2 1 2 3 3
-6823.1 4613.1 -4.0 86 0 10.3 8.7 7.5 2.5 2 0 3 3 3
-6858.7 4505.6 -2.6 178 0 9.9 12.1 7.5 2.5 4 1 3 4 4
-6803.1 4385.3 -3.9 358 0 13.3 17.1 7.5 2.5 2 1 3 5 5
-6775.5 4235.8 -3.9 350 0 13.0 19.2 10.0 2.5 2 1 4 5 5
-6838.2 4621.1 -4.1 88 0 8.4 12.7 7.5 2.5 2 1 3 4 4
-6883.4 4559.0 -2.0 358 0 10.8 7.2 7.5 2.5 4 0 3 4 4
-6901.7 4377.1 -2.5 172 0 15.1 12.2 10.0 2.5 2 0 4 1 1
-6820.0 4316.7 -3.9 180 0 14.8 15.8 5.0 2.5 2 1 2 3 3
-6902.0 4429.3 -1.2 175 0 13.5 13.6 5.0 2.5 2 1 2 1 1
-6819.6 4507.2 -3.4 358 0 11.2 13.5 7.5 0.0 0 1 3 2 2
-6846.3 4490.5 -3.0 178 0 11.8 12.4 7.5 2.5 2 1 3 3 3
-6852.5 4435.2 -2.3 178 0 11.7 14.1 7.5 2.5 2 1 3 3 3
-6784.2 4253.5 -3.9 350 0 15.1 14.0 5.0 0.0 0 0 2 0 0
-6852.8 4581.5 -3.0 178 0 13.0 10.9 7.5 2.5 2 0 3 3 3
-6829.2 4579.6 -2.9 356 0 9.2 11.0 5.0 2.5 2 1 2 2 2
-6861.8 4653.9 -4.3 265 0 9.4 11.1 5.0 2.5 2 1 2 5 5
-6853.0 4339.7 -3.7 358 0 8.9 11.7 7.5 2.5 4 1 3 5 5
-6876.0 4595.2 -2.9 352 0 9.9 7.9 10.0 2.5 2 0 4 3 3
-6810.3 4492.4 -3.5 358 0 16.1 17.7 10.0 2.5 2 1 4 5 5
-6849.2 4416.2 -2.4 178 0 12.0 14.1 7.5 2.5 2 1 3 1 1
-6837.9 4670.1 -4.9 266 0 10.9 11.2 10.0 2.5 2 1 4 3 3
-6872.8 4526.0 -1.5 358 0 11.4 12.4 2.5 2.5 2 1 1 1 1
-6845.9 4397.5 -3.0 178 0 9.0 12.9 2.5 2.5 2 1 1 4 4
-6794.7 4291.2 -3.9 350 0 12.2 13.7 7.5 2.5 2 1 3 4 4
-6857.9 4419.1 -1.8 352 0 12.9 13.9 7.5 2.5 2 1 3 0 0
-6882.6 4574.8 -2.4 1 0 10.9 15.0 5.0 2.5 2 1 2 3 3
-6861.7 4540.4 -1.7 176 0 8.0 10.5 5.0 2.5 2 1 2 4 4
-6865.3 4400.1 -2.3 352 0 15.4 15.6 7.5 2.5 2 1 3 4 4
-6865.1 4486.4 -2.0 2 0 12.3 12.8 10.0 2.5 2 1 4 5 5
-6812.9 4455.6 -3.0 358 0 14.3 12.8 5.0 2.5 2 0 2 0 0
-6778.5 4201.3 -3.9 77 0 15.7 12.9 7.5 2.5 4 0 3 0 0
-6826.8 4647.1 -4.5 357 0 9.0 14.9 5.0 2.5 2 1 2 5 5
-6884.0 4538.0 -1.6 358 0 11.3 9.9 7.5 2.5 2 0 3 3 3
-6810.2 4357.7 -3.9 88 0 15.1 10.3 7.5 2.5 2 0 3 1 1
-6777.4 4268.9 -4.0 350 0 6.6 10.8 7.5 2.5 2 1 3 3 3
-6910.7 4614.3 -3.1 175 0 8.8 10.8 10.0 2.5 2 1 4 1 1
-6869.8 4436.6 -1.6 355 0 14.4 13.6 7.5 2.5 2 0 3 0 0
-6807.0 4399.1 -3.5 358 0 10.7 13.2 2.5 2.5 2 1 1 2 2
-6792.4 4277.2 -3.9 350 0 10.6 11.8 7.5 2.5 2 1 3 3 3
-6882.3 4624.1 -3.7 86 0 11.5 13.3 10.0 2.5 2 1 4 2 2
-6867.6 4358.3 -3.5 88 0 14.4 12.5 7.5 2.5 2 0 3 1 1
-6904.1 4486.3 -1.3 171 0 12.4 14.1 10.0 2.5 4 1 4 3 3
-6895.8 4601.2 -2.8 265 0 8.7 10.1 7.5 2.5 2 1 3 2 2
-6835.9 4351.3 -3.8 268 0 7.9 9.3 10.0 2.5 2 1 4 2 2
-6815.8 4595.5 -3.4 356 0 10.5 10.3 7.5 2.5 2 0 3 3 3
-6798.1 4197.6 -3.8 77 0 8.0 13.0 7.5 0.0 0 1 3 2 2
-6815.2 4252.0 -3.9 170 0 10.8 13.2 7.5 2.5 2 1 3 3 3
-6233.1 4890.4 -9.0 167 0 204.0 102.1 10.0 0.0 0 0 4 2 2
-6513.9 4219.5 -3.8 161 0 23.2 46.9 7.5 0.0 0 1 3 0 0
-6471.4 4888.5 -7.4 341 0 63.4 232.1 15.0 0.0 0 1 6 3 3
-5962.9 4636.4 -2.7 352 0 9.8 23.8 7.5 2.5 2 1 3 0 0
-5941.2 4498.5 -4.0 344 0 10.2 9.2 2.5 2.5 4 0 1 5 5
-5981.7 4530.4 -3.8 265 0 6.6 19.3 10.0 0.0 0 1 4 4 4
-6033.2 4044.8 -6.7 269 0 8.9 9.9 7.5 2.5 2 1 3 0 0
-6038.0 4014.3 -6.4 88 0 9.3 11.6 5.0 2.5 4 1 2 2 2
