-5535.2 3040.5 1.8 26 0 12.4 10.3 7.5 2.5 2 0 3 1 1
-5501.2 2927.7 -0.1 271 0 13.5 15.1 5.0 2.5 2 0 2 2 2
-5491.7 2780.0 -6.5 53 0 9.9 14.8 7.5 2.5 2 0 3 3 3
-5983.3 3082.0 -6.1 104 0 11.0 7.9 7.5 2.5 2 0 3 5 5
-5950.0 3024.5 -8.2 278 0 10.3 13.8 7.5 2.5 2 0 3 2 2
-5924.2 3059.1 -5.6 91 0 10.3 7.8 5.0 2.5 2 0 2 2 2
-6415.0 4738.9 -17.9 63 0 15.4 17.8 7.5 2.5 2 1 3 0 0
-6542.5 4756.9 -17.6 323 0 15.4 15.1 2.5 0.0 0 0 1 5 5
-6694.4 4707.7 -19.9 323 0 10.3 9.4 7.5 2.5 2 0 3 4 4
-6693.1 4814.4 -21.0 319 0 10.2 13.0 10.0 2.5 2 1 4 0 0
-6690.8 4670.3 -19.9 125 0 10.4 11.9 7.5 2.5 2 1 3 5 5
-6568.7 4596.0 -19.6 126 0 23.7 12.7 7.5 2.5 2 0 3 5 5
-6568.5 4507.3 -19.8 29 0 15.5 14.7 5.0 2.5 2 0 2 0 0
-6608.5 4453.1 -20.0 205 0 22.1 11.1 5.0 2.5 2 0 2 5 5
-6620.6 4414.4 -19.4 199 0 18.1 11.2 7.5 2.5 2 0 3 5 5
-6484.9 4437.0 -14.8 27 0 16.3 10.4 5.0 2.5 2 0 2 1 1
-6557.1 4276.7 -17.4 303 0 12.0 20.7 5.0 2.5 2 1 2 2 2
-6564.5 4350.8 -16.9 92 0 11.2 29.0 10.0 0.0 0 1 4 4 4
-6547.9 4377.6 -16.4 274 0 11.5 28.5 7.5 2.5 2 1 3 3 3
-6526.5 4361.3 -15.7 4 0 32.6 10.8 7.5 2.5 2 0 3 2 2
-6796.4 4304.2 -15.9 269 0 13.8 11.5 5.0 2.5 2 0 2 5 5
-6819.1 4254.9 -11.1 94 0 8.5 8.4 7.5 2.5 2 0 3 5 5
-6852.0 4251.9 -9.2 90 0 10.3 12.7 10.0 2.5 2 1 4 2 2
-6863.8 4181.8 -8.6 270 0 12.7 9.5 7.5 2.5 2 0 3 5 5
-6900.1 4124.5 -9.2 174 0 18.7 11.4 5.0 0.0 0 0 2 0 0
-6903.7 4172.7 -8.0 177 0 16.3 11.7 5.0 2.5 2 0 2 4 4
-5414.3 3122.8 6.3 157 0 13.8 11.7 7.5 2.5 2 0 3 1 1
-5350.1 3180.5 5.6 259 0 16.5 12.1 7.5 2.5 4 0 3 3 3
-5262.0 2777.2 0.7 86 0 10.9 15.7 2.5 2.5 2 1 1 3 3
-5147.3 2731.4 -1.7 24 0 32.7 12.2 15.0 0.0 0 0 6 0 0
-5145.6 2787.4 -0.7 297 0 10.5 34.4 10.0 2.5 4 1 4 3 3
-5173.9 2784.4 -0.2 205 0 37.8 12.0 10.0 2.5 2 0 4 2 2
-5216.2 2673.5 -3.4 201 0 37.2 16.9 12.5 2.5 2 0 5 2 2
-5191.3 2711.1 -2.0 204 0 27.3 12.3 10.0 2.5 2 0 4 0 0
-5176.7 2740.2 -0.9 205 0 23.1 12.8 10.0 2.5 2 0 4 1 1
-5185.4 2644.7 -3.8 107 0 11.1 37.7 12.5 2.5 4 1 5 2 2
-5172.0 2638.7 -4.3 108 0 12.2 36.1 10.0 2.5 2 1 4 1 1
-5119.4 2629.7 -6.1 105 0 8.9 31.9 10.0 2.5 2 1 4 1 1
-5136.7 2633.2 -5.2 105 0 11.5 30.4 7.5 2.5 2 1 3 3 3
-5107.1 2743.4 -4.4 17 0 17.0 12.2 5.0 2.5 2 0 2 5 5
-5297.7 2992.0 2.1 251 0 6.0 13.9 5.0 0.0 0 1 2 2 2
-5216.7 2956.6 0.5 90 0 13.8 11.8 2.5 2.5 2 0 1 5 5
-3565.6 3261.7 -2.0 308 0 19.4 10.1 7.5 2.5 2 0 3 3 3
-3616.2 3223.7 -0.6 229 0 8.7 18.8 7.5 0.0 0 1 3 0 0
-3631.1 3216.0 -0.4 230 0 11.8 24.1 10.0 2.5 2 1 4 2 2
-3962.4 2877.3 -0.6 321 0 13.6 15.2 7.5 2.5 2 1 3 0 0
-3811.0 3356.1 -1.9 70 0 11.8 7.8 7.5 2.5 2 0 3 3 3
-3810.8 3256.9 0.2 211 0 11.4 13.2 5.0 2.5 2 1 2 3 3
-3772.6 3220.9 0.4 140 0 7.9 13.4 7.5 2.5 2 1 3 5 5
-3140.5 3491.0 -9.1 104 0 10.8 18.5 7.5 0.0 0 1 3 3 3
-3103.6 3321.5 -3.3 50 0 12.8 10.0 5.0 2.5 2 0 2 2 2
-3138.6 3288.8 -4.7 52 0 9.1 13.7 10.0 2.5 2 1 4 5 5
-3169.4 3342.4 -5.9 196 0 10.1 14.1 7.5 2.5 2 1 3 3 3
-3219.5 3240.3 -6.2 233 0 21.7 10.6 2.5 2.5 2 0 1 0 0
-3045.8 3156.7 -4.2 265 0 12.3 11.6 5.0 2.5 4 0 2 1 1
-3070.9 3143.6 -4.2 252 0 15.2 11.5 5.0 0.0 0 0 2 5 5
-3105.6 3120.9 -4.1 236 0 17.4 11.6 5.0 0.0 0 0 2 2 2
-3136.3 3109.8 -4.0 160 0 11.6 11.8 7.5 2.5 2 1 3 4 4
-3061.0 3082.4 -5.7 322 0 10.3 14.5 7.5 2.5 2 1 3 0 0
-2983.4 3154.7 -4.4 320 0 10.5 24.9 10.0 2.5 2 1 4 2 2
-2968.5 3123.7 -4.6 50 0 22.0 12.2 10.0 2.5 2 0 4 3 3
-2945.7 3165.2 -4.4 326 0 10.8 33.9 7.5 2.5 2 1 3 4 4
-2895.8 3344.7 -6.5 355 0 12.4 17.3 7.5 2.5 2 1 3 5 5
-2986.9 3301.3 -2.6 271 0 10.8 16.0 10.0 2.5 4 1 4 4 4
-2943.0 3642.3 -3.9 99 0 15.4 15.6 2.5 2.5 2 1 1 5 5
-2961.4 3585.6 -4.6 18 0 14.9 11.3 5.0 2.5 2 0 2 2 2
-2984.7 3526.9 -5.1 14 0 13.1 10.9 7.5 2.5 4 0 3 3 3
-3017.5 3606.3 -3.3 201 0 17.3 12.9 5.0 2.5 2 0 2 5 5
-3117.0 3924.3 -10.6 111 0 10.1 15.0 7.5 2.5 2 1 3 0 0
-3045.4 4067.1 -12.6 9 0 9.9 16.6 7.5 2.5 4 1 3 0 0
-3027.3 3870.9 -8.9 111 0 14.0 20.8 7.5 2.5 2 1 3 5 5
-3009.7 3955.5 -10.3 98 0 11.9 12.8 7.5 2.5 2 1 3 5 5
-2984.9 4062.1 -10.4 271 0 9.4 14.8 2.5 0.0 0 1 1 1 1
-2959.8 4050.5 -9.5 278 0 6.4 11.0 7.5 2.5 2 1 3 5 5
-3008.4 3776.0 -3.2 14 0 11.3 12.4 10.0 2.5 4 1 4 3 3
-2979.4 3876.6 -8.2 8 0 12.8 10.4 7.5 2.5 2 0 3 5 5
-2901.6 3852.3 -9.3 196 0 12.6 9.1 10.0 2.5 2 0 4 1 1
-2910.6 3821.8 -8.4 198 0 13.9 12.6 7.5 2.5 2 0 3 0 0
-2956.3 3705.4 -2.6 288 0 14.8 13.3 7.5 0.0 0 0 3 3 3
-3876.7 2906.9 0.5 261 0 9.9 19.1 7.5 2.5 2 1 3 1 1
-3848.3 3075.2 -2.1 263 0 8.0 13.2 7.5 2.5 2 1 3 5 5
-6843.0 2637.3 -10.6 358 0 16.7 7.2 5.0 2.5 4 0 2 2 2
-6887.7 2742.7 -9.3 268 0 9.4 8.0 2.5 2.5 2 0 1 2 2
-6882.1 2773.8 -10.7 79 0 7.0 14.6 10.0 2.5 2 1 4 4 4
-6905.8 2842.7 -9.1 169 0 10.9 10.5 5.0 2.5 2 0 2 0 0
-6905.7 2880.1 -8.5 169 0 12.4 7.2 5.0 2.5 4 0 2 0 0
-6854.8 2803.5 -13.3 179 0 15.9 12.9 5.0 2.5 2 0 2 1 1
-6867.6 2845.2 -12.3 165 0 9.0 9.4 2.5 2.5 2 1 1 1 1
-6878.5 2935.5 -10.3 190 0 11.4 8.7 7.5 2.5 2 0 3 4 4
-6895.0 2961.1 -8.8 186 0 9.0 9.3 7.5 2.5 2 1 3 5 5
-6904.0 2990.4 -7.9 184 0 13.7 8.0 10.0 2.5 2 0 4 5 5
-6845.1 3047.4 -11.5 245 0 10.6 21.4 7.5 2.5 2 1 3 1 1
-6834.6 2937.6 -13.7 65 0 13.3 22.1 12.5 2.5 2 1 5 4 4
-6677.0 3221.0 -4.9 283 0 9.3 6.8 5.0 2.5 2 0 2 5 5
-6704.1 3236.3 -6.5 283 0 12.5 11.5 7.5 2.5 2 0 3 3 3
-6746.1 3258.4 -8.6 350 0 7.3 9.5 2.5 2.5 2 1 1 2 2
-6686.7 3151.7 -4.3 80 0 12.7 11.6 2.5 2.5 2 0 1 3 3
-6717.9 3133.4 -5.2 80 0 15.7 16.0 7.5 0.0 0 1 3 3 3
-6778.4 3203.4 -10.2 143 0 12.7 10.1 5.0 2.5 2 0 2 5 5
-6742.8 3131.4 -5.9 85 0 8.1 9.5 7.5 2.5 2 1 3 1 1
-6775.3 3143.8 -7.3 228 0 8.2 10.7 7.5 2.5 2 1 3 2 2
-6807.7 3095.6 -9.1 68 0 8.2 6.0 5.0 2.5 2 0 2 1 1
-6804.9 3089.1 -9.2 69 0 8.6 6.3 7.5 2.5 2 0 3 5 5
-6853.3 3130.2 -9.9 164 0 11.7 9.2 5.0 2.5 2 0 2 4 4
-6647.8 2966.4 -10.5 188 0 9.7 8.5 7.5 2.5 2 0 3 2 2
-6615.7 2998.5 -8.9 304 0 6.3 10.6 5.0 0.0 0 1 2 2 2
-6653.8 3033.7 -7.8 215 0 9.6 10.2 7.5 2.5 2 1 3 1 1
-6623.7 3138.0 -4.9 245 0 11.2 8.7 7.5 2.5 2 0 3 0 0
-6685.4 3109.4 -5.4 262 0 15.1 17.2 7.5 2.5 2 1 3 3 3
-6754.0 3084.1 -9.0 266 0 7.3 12.1 5.0 2.5 4 1 2 2 2
-6633.1 3285.8 -2.4 175 0 6.8 7.9 7.5 2.5 2 1 3 1 1
-3147.7 3174.4 -3.9 54 0 16.2 8.7 10.0 2.5 2 0 4 3 3
-3126.9 3226.3 -3.7 326 0 6.7 9.7 7.5 2.5 2 1 3 3 3
-3026.4 3505.0 -4.9 98 0 12.7 9.0 5.0 0.0 0 0 2 4 4
-6720.8 3833.4 -7.4 187 0 14.0 12.4 7.5 2.5 2 0 3 1 1
-6695.3 3899.5 -5.9 17 0 9.9 8.1 5.0 0.0 0 0 2 0 0
-6721.2 3791.1 -8.4 205 0 15.8 8.8 2.5 2.5 4 0 1 0 0
-2982.4 4124.7 -11.1 113 0 6.5 9.0 7.5 2.5 4 1 3 4 4
-3613.7 3362.3 -4.7 316 0 8.5 10.2 10.0 2.5 2 1 4 5 5
-3655.1 3329.5 -3.8 57 0 11.2 9.8 5.0 2.5 2 0 2 4 4
-3675.1 3366.1 -2.9 245 0 14.2 10.7 7.5 2.5 2 0 3 5 5
-3788.9 3371.7 -0.7 62 0 7.6 7.0 7.5 2.5 2 0 3 1 1
-3737.9 3235.5 -0.3 334 0 10.2 9.0 7.5 2.5 2 0 3 0 0
-3719.9 3125.3 0.5 245 0 10.5 15.3 5.0 2.5 2 1 2 3 3
-3706.3 3146.0 0.2 232 0 12.2 21.6 7.5 2.5 2 1 3 1 1
-3700.5 3015.1 2.1 328 0 6.2 13.0 7.5 2.5 2 1 3 2 2
-3728.2 3036.6 2.0 302 0 10.1 16.1 10.0 2.5 2 1 4 5 5
-3769.4 3113.2 0.8 161 0 15.9 23.8 10.0 2.5 2 1 4 1 1
-3786.0 3150.2 0.9 171 0 8.1 8.6 7.5 2.5 4 1 3 0 0
-3699.8 3091.4 0.9 51 0 9.2 15.1 5.0 2.5 2 1 2 3 3
-5609.9 3544.8 -2.8 160 0 12.0 11.7 7.5 2.5 4 0 3 4 4
-5628.7 3583.3 -3.6 172 0 16.1 15.2 5.0 2.5 4 0 2 3 3
-5673.8 3706.5 -4.2 148 0 9.4 14.5 2.5 2.5 2 1 1 4 4
-5691.1 3641.6 -1.2 352 0 12.6 10.7 2.5 2.5 4 0 1 2 2
-5728.6 3706.8 -1.4 356 0 16.6 9.8 5.0 2.5 2 0 2 1 1
-5647.8 3339.5 0.9 321 0 8.4 8.9 2.5 2.5 2 1 1 0 0
-5656.2 3224.7 -1.4 68 0 8.1 12.7 5.0 2.5 2 1 2 2 2
-5630.8 3291.1 -0.7 52 0 8.3 13.5 7.5 2.5 2 1 3 1 1
-5744.8 3419.9 4.6 65 0 6.5 12.4 10.0 2.5 2 1 4 4 4
-5718.3 3449.5 3.4 347 0 15.0 6.3 7.5 2.5 2 0 3 0 0
-5666.9 2945.0 -1.8 15 0 11.6 14.9 5.0 2.5 2 1 2 0 0
-5744.7 2939.9 -4.0 336 0 13.0 9.2 7.5 2.5 2 0 3 5 5
-5469.5 2619.0 -2.3 156 0 7.4 12.5 2.5 2.5 2 1 1 4 4
-6749.7 4871.2 -24.3 222 0 10.2 7.5 7.5 2.5 2 0 3 3 3
-6845.5 4889.8 -28.7 57 0 11.4 10.2 5.0 2.5 2 0 2 3 3
-6881.1 4977.1 -30.3 241 0 8.4 6.1 7.5 2.5 2 0 3 5 5
-6866.7 4249.9 -8.6 81 0 9.4 17.1 5.0 2.5 2 1 2 3 3
-6878.6 4304.1 -10.5 272 0 10.0 8.3 10.0 2.5 2 0 4 0 0
-6832.5 4369.1 -15.8 79 0 6.6 12.4 7.5 2.5 2 1 3 1 1
-6742.0 4298.8 -18.7 313 0 15.2 10.4 7.5 2.5 2 0 3 5 5
-6694.7 4263.5 -20.0 28 0 9.0 12.9 7.5 0.0 0 1 3 1 1
-6784.0 4240.7 -12.9 184 0 8.9 11.9 7.5 2.5 2 1 3 1 1
-6619.3 4278.2 -18.9 202 0 11.1 7.4 5.0 2.5 2 0 2 2 2
-6755.9 3992.9 -8.3 282 0 6.9 7.3 2.5 2.5 2 1 1 2 2
-6787.2 4126.1 -8.6 343 0 15.7 10.7 7.5 2.5 2 0 3 5 5
-6863.7 4118.2 -9.2 88 0 12.3 6.2 7.5 2.5 4 0 3 3 3
-6861.9 4107.8 -9.1 89 0 13.8 8.7 2.5 2.5 4 0 1 3 3
-6856.5 4041.2 -8.3 178 0 9.5 7.1 7.5 2.5 2 0 3 1 1
-6825.0 4048.9 -7.3 270 0 7.3 8.3 10.0 2.5 2 1 4 3 3
-5373.6 3498.4 -5.4 251 0 8.3 6.7 5.0 0.0 0 0 2 1 1
-5373.0 3536.4 -6.4 79 0 7.7 7.5 7.5 2.5 4 0 3 4 4
-5498.2 3215.7 3.6 324 0 7.6 13.1 7.5 2.5 2 1 3 1 1
-5564.6 3336.7 2.2 70 0 7.5 6.9 10.0 0.0 0 0 4 2 2
-5586.7 3407.5 1.3 335 0 7.4 18.3 7.5 0.0 0 1 3 5 5
-5438.0 3215.7 6.4 353 0 10.1 9.4 2.5 2.5 2 0 1 5 5
-5150.1 2869.8 -0.7 358 0 9.2 13.6 10.0 0.0 0 1 4 1 1
-5291.7 2951.3 0.0 357 0 12.4 13.8 5.0 2.5 2 1 2 3 3
-5248.4 3007.0 2.2 280 0 9.1 10.8 5.0 2.5 4 1 2 1 1
-5368.7 2940.0 -1.0 171 0 12.9 20.1 5.0 2.5 2 1 2 3 3
-5347.2 2988.5 0.8 254 0 8.9 13.9 2.5 2.5 2 1 1 1 1
-5386.1 3007.1 1.7 175 0 13.1 8.6 5.0 2.5 4 0 2 0 0
-5268.0 2866.6 0.9 86 0 8.6 12.8 7.5 2.5 2 1 3 2 2
-5308.9 2897.3 -0.8 81 0 11.7 17.9 10.0 2.5 2 1 4 2 2
-5377.1 2904.9 -1.8 177 0 16.0 28.1 7.5 0.0 0 1 3 1 1
-5542.0 3106.0 1.8 293 0 11.9 11.3 10.0 2.5 2 0 4 4 4
-5566.5 3128.0 0.9 268 0 8.4 9.2 5.0 2.5 2 1 2 3 3
-5536.6 3070.5 1.9 351 0 9.6 11.7 7.5 2.5 2 1 3 1 1
-5559.9 2983.1 1.2 83 0 9.3 9.5 5.0 2.5 2 1 2 2 2
-5588.7 3026.0 -0.8 288 0 10.2 7.8 5.0 2.5 2 0 2 4 4
-5678.1 3127.6 -1.7 212 0 6.2 11.4 5.0 2.5 2 1 2 5 5
-5709.9 3022.4 -3.2 96 0 13.2 8.9 10.0 2.5 2 0 4 5 5
-5801.5 3277.4 1.5 78 0 7.0 11.8 7.5 2.5 4 1 3 3 3
-5898.3 3206.7 -1.7 159 0 12.4 9.3 7.5 0.0 0 0 3 0 0
-5969.9 3196.7 -4.1 85 0 10.6 7.1 7.5 2.5 2 0 3 0 0
-5949.0 3069.0 -5.5 90 0 8.8 7.4 2.5 2.5 2 0 1 3 3
-6531.9 2913.7 -9.3 100 0 9.2 6.6 10.0 2.5 2 0 4 1 1
-6445.0 2967.0 -6.1 286 0 7.5 7.4 7.5 0.0 0 0 3 2 2
-6385.6 3145.3 0.6 90 0 9.7 9.8 5.0 2.5 2 1 2 5 5
-6345.9 3109.6 -0.5 289 0 6.6 9.4 7.5 2.5 2 1 3 3 3
-6310.2 3140.8 -0.7 276 0 12.9 9.2 10.0 2.5 2 0 4 5 5
-6325.8 3104.8 -1.6 279 0 10.6 11.1 5.0 2.5 2 1 2 1 1
-6269.8 3095.0 -3.9 289 0 12.5 13.8 5.0 0.0 0 1 2 5 5
-6497.3 2769.3 -8.6 94 0 7.7 9.8 5.0 2.5 2 1 2 3 3
-6521.0 2783.9 -9.3 193 0 9.4 10.5 5.0 2.5 2 1 2 5 5
-6394.1 2773.1 -8.3 24 0 6.5 8.9 5.0 2.5 2 1 2 3 3
-6396.5 2826.6 -7.4 223 0 8.0 11.3 7.5 0.0 0 1 3 5 5
-6333.2 2940.5 -5.0 202 0 7.0 8.4 7.5 2.5 2 1 3 4 4
-6431.9 2744.2 -9.1 217 0 16.9 9.2 7.5 2.5 2 0 3 2 2
-6443.1 2841.5 -7.8 115 0 10.2 9.1 7.5 2.5 2 0 3 0 0
-6512.7 3005.6 -6.2 259 0 10.7 9.3 2.5 2.5 2 0 1 0 0
-6594.9 2946.8 -9.7 188 0 10.5 14.8 5.0 2.5 2 1 2 4 4
-6574.7 3052.4 -5.0 208 0 9.0 9.4 7.5 2.5 2 1 3 0 0
-6546.4 3003.6 -6.1 183 0 6.8 14.2 5.0 2.5 2 1 2 0 0
-6492.9 3038.4 -4.5 272 0 15.0 11.0 7.5 2.5 2 0 3 2 2
-6376.0 2954.1 -4.5 5 0 10.1 8.7 2.5 2.5 2 0 1 1 1
-6381.3 2893.9 -6.1 19 0 9.1 7.8 7.5 2.5 2 0 3 3 3
-6334.5 2999.3 -3.7 21 0 8.2 9.0 7.5 2.5 2 1 3 2 2
-6764.4 4792.6 -24.3 139 0 7.2 7.9 7.5 2.5 4 1 3 4 4
-5890.1 2821.4 -7.7 265 0 6.2 7.7 7.5 2.5 4 1 3 5 5
-5802.8 2774.5 -3.7 301 0 12.5 10.6 5.0 2.5 2 0 2 4 4
-5815.6 2924.5 -6.3 212 0 9.2 12.1 5.0 2.5 2 1 2 5 5
-5872.5 3107.8 -3.0 94 0 16.8 8.9 7.5 2.5 2 0 3 5 5
-5920.9 3016.5 -8.0 270 0 13.8 7.2 5.0 2.5 2 0 2 0 0
-5906.2 3019.5 -7.6 279 0 9.8 7.6 5.0 2.5 2 0 2 0 0
-6215.7 3078.8 -6.1 285 0 9.1 9.7 2.5 0.0 0 1 1 2 2
-6192.2 3074.4 -7.3 271 0 13.0 9.6 7.5 0.0 0 0 3 4 4
-6158.2 3093.7 -7.3 94 0 13.4 11.6 10.0 2.5 2 0 4 4 4
-6158.3 3066.2 -8.3 276 0 10.0 8.5 10.0 2.5 2 0 4 3 3
-6137.1 3062.6 -8.6 271 0 10.2 8.6 7.5 2.5 2 0 3 2 2
-6023.6 3021.1 -8.9 100 0 8.0 7.6 10.0 2.5 2 0 4 3 3
-6099.1 3166.1 -6.1 11 0 9.2 15.9 10.0 2.5 2 1 4 5 5
-6137.1 3186.6 -5.0 284 0 15.1 15.7 5.0 2.5 2 1 2 2 2
-6197.7 3215.6 -2.0 279 0 11.5 7.9 7.5 2.5 2 0 3 1 1
-6218.2 3252.8 0.4 95 0 11.1 9.1 7.5 2.5 2 0 3 4 4
-6320.2 3269.1 0.7 95 0 7.8 11.2 2.5 2.5 2 1 1 0 0
-6293.2 3254.7 0.9 80 0 19.0 14.3 10.0 2.5 2 0 4 4 4
-6704.0 4364.3 -21.6 124 0 7.5 6.6 7.5 2.5 2 0 3 1 1
-6417.1 3285.7 -0.7 101 0 9.2 9.8 7.5 2.5 2 1 3 2 2
-6456.2 3264.2 -0.7 296 0 10.5 9.1 7.5 2.5 2 0 3 1 1
-6515.4 3312.4 -4.4 122 0 12.1 6.8 5.0 2.5 2 0 2 4 4
-6554.4 3311.8 -5.1 89 0 10.1 6.2 7.5 2.5 2 0 3 3 3
-6620.7 3323.9 -4.7 114 0 6.1 13.7 7.5 2.5 2 1 3 2 2
-6590.3 3257.3 -1.5 9 0 7.6 8.1 7.5 2.5 2 1 3 3 3
-6615.5 3212.4 -2.2 192 0 11.5 7.2 5.0 2.5 2 0 2 1 1
-5947.6 3333.1 -1.8 139 0 6.4 6.8 10.0 0.0 0 1 4 0 0
-3543.4 3230.0 -2.1 42 0 6.5 10.6 7.5 2.5 2 1 3 2 2
-3823.8 2962.3 1.1 254 0 6.5 11.6 7.5 2.5 2 1 3 5 5
-3597.0 3269.5 -2.9 226 0 7.2 6.1 5.0 2.5 2 0 2 4 4
-3469.3 3411.9 -8.3 229 0 7.7 9.0 5.0 2.5 2 1 2 3 3
-4023.8 4096.4 -11.4 227 0 7.5 7.1 2.5 2.5 2 0 1 1 1
-3920.9 4167.3 -12.8 312 0 11.4 30.3 7.5 2.5 2 1 3 2 2
-4441.8 4283.4 -9.0 166 0 11.5 22.8 12.5 2.5 2 1 5 0 0
-6818.4 3785.6 -13.1 194 0 10.0 7.4 10.0 2.5 2 0 4 2 2
-6797.2 3818.9 -11.2 6 0 11.7 8.6 10.0 2.5 4 0 4 0 0
-6843.0 3844.6 -11.4 107 0 6.9 10.2 2.5 2.5 2 1 1 1 1
-6755.8 4204.7 -13.1 119 0 8.2 14.0 5.0 2.5 2 1 2 3 3
-6355.8 3266.8 0.2 108 0 13.3 13.1 5.0 2.5 2 0 2 2 2
-6550.2 4891.3 -23.5 128 0 11.0 8.7 7.5 2.5 2 0 3 5 5
-6253.0 3081.9 -4.8 280 0 8.8 9.3 5.0 2.5 2 1 2 2 2
-5999.6 3016.4 -8.5 111 0 9.9 8.7 2.5 0.0 0 0 1 3 3
-6024.4 3373.0 -2.4 53 0 6.4 6.9 10.0 2.5 2 1 4 2 2
-5408.4 3469.1 -3.3 153 0 6.4 8.6 5.0 2.5 2 1 2 2 2
-5825.1 2738.5 -4.0 38 0 8.0 11.4 7.5 2.5 2 1 3 4 4
-5760.8 2740.9 -5.3 53 0 10.7 7.2 2.5 2.5 2 0 1 2 2
-5886.3 2619.3 -6.5 191 0 11.9 7.6 7.5 2.5 4 0 3 4 4
-5806.6 2620.9 -9.6 336 0 13.4 7.1 10.0 2.5 2 0 4 2 2
-6723.9 3941.4 -7.0 191 0 7.5 15.8 7.5 2.5 2 1 3 3 3
-6790.2 4824.4 -26.3 239 0 6.8 7.5 7.5 2.5 2 1 3 1 1
-6846.7 4401.9 -16.2 223 0 9.6 7.2 5.0 0.0 0 0 2 2 2
-6788.6 3896.1 -7.9 11 0 7.8 6.6 7.5 2.5 2 0 3 5 5
-6273.0 3128.3 -2.0 84 0 8.9 7.1 2.5 0.0 0 0 1 3 3
-6243.4 3115.6 -3.6 109 0 12.1 9.8 7.5 2.5 2 0 3 1 1
-6087.0 3120.2 -7.9 185 0 6.4 6.6 7.5 2.5 2 1 3 4 4
-5700.7 3417.6 3.6 331 0 11.7 8.0 7.5 2.5 2 0 3 5 5
107.2 3750.4 -4.0 357 0 6.9 8.3 7.5 2.5 2 1 3 5 5
42.4 3753.5 -2.3 92 0 12.1 8.8 10.0 2.5 4 0 4 3 3
-24.5 3761.3 -0.4 260 0 12.9 8.9 7.5 2.5 2 0 3 0 0
219.7 3676.7 -5.8 100 0 10.5 8.0 5.0 2.5 2 0 2 1 1
58.0 3677.8 -2.2 1 0 6.8 8.3 7.5 2.5 2 1 3 1 1
-24.3 3690.3 1.4 178 0 9.5 7.8 10.0 0.0 0 0 4 0 0
-16.7 3634.9 -0.5 179 0 11.4 8.1 7.5 2.5 4 0 3 1 1
19.1 3626.8 -2.2 91 0 14.1 9.5 7.5 2.5 2 0 3 1 1
79.0 3615.9 -3.8 272 0 7.6 9.6 10.0 0.0 0 1 4 0 0
114.3 3591.6 -4.9 89 0 8.9 9.9 5.0 0.0 0 1 2 3 3
339.5 3649.0 -8.6 5 0 10.4 11.0 5.0 0.0 0 1 2 2 2
459.8 3148.9 5.2 50 0 8.9 6.4 2.5 2.5 2 0 1 1 1
712.7 3259.3 12.2 231 0 11.7 15.1 5.0 2.5 2 1 2 5 5
-996.7 3829.9 -0.2 87 0 13.8 8.7 2.5 2.5 2 0 1 3 3
-6396.1 -5292.7 11.3 90 0 12.3 14.8 5.0 2.5 2 1 2 3 3
-6429.6 -5301.9 12.3 111 0 18.2 16.0 5.0 2.5 2 0 2 0 0
-6485.1 -5296.9 11.5 90 0 17.6 11.8 7.5 2.5 2 0 3 3 3
-6844.2 -5591.3 8.9 304 0 9.6 21.7 7.5 2.5 2 1 3 0 0
-6377.0 -5290.6 10.6 95 0 7.1 12.1 5.0 2.5 2 1 2 3 3
-6501.1 -5400.2 11.0 168 0 12.6 17.4 7.5 2.5 2 1 3 2 2
-6512.7 -5359.3 11.9 20 0 10.7 15.6 10.0 2.5 2 1 4 5 5
-6686.8 -5246.3 4.4 185 0 11.2 12.4 7.5 2.5 2 1 3 4 4
-6675.5 -5268.4 4.8 7 0 12.0 10.1 5.0 2.5 2 0 2 3 3
-6670.9 -5304.6 6.1 0 0 13.0 12.9 5.0 2.5 2 0 2 3 3
-6634.1 -5262.6 5.1 183 0 14.2 11.2 5.0 0.0 0 0 2 3 3
-6580.7 -5303.4 8.2 90 0 12.4 10.1 5.0 0.0 0 0 2 0 0
-6546.0 -5327.5 10.5 263 0 20.7 10.3 5.0 2.5 2 0 2 5 5
-6681.0 -5391.6 9.0 353 0 11.8 10.1 5.0 2.5 2 0 2 1 1
-6673.8 -5338.5 7.0 5 0 15.1 13.6 2.5 2.5 2 0 1 0 0
-6680.3 -5367.9 7.9 0 0 14.2 10.0 5.0 2.5 2 0 2 2 2
-6615.4 -5335.2 8.8 286 0 15.3 17.1 10.0 2.5 2 1 4 0 0
-6653.2 -5367.3 8.6 178 0 26.0 14.1 10.0 2.5 4 0 4 1 1
-6632.3 -5455.7 9.8 12 0 15.3 8.4 7.5 2.5 2 0 3 2 2
-6649.2 -5484.2 9.2 190 0 13.7 7.1 5.0 2.5 4 0 2 1 1
-6639.9 -5519.8 8.8 11 0 17.2 9.6 10.0 0.0 0 0 4 1 1
-6514.2 -5586.8 5.1 55 0 20.8 15.2 7.5 2.5 2 0 3 5 5
-6763.3 -6033.6 -2.1 42 0 13.7 8.4 7.5 2.5 2 0 3 4 4
-6670.4 -5637.8 5.5 305 0 9.7 12.4 5.0 2.5 2 1 2 2 2
-6600.8 -5687.9 3.9 207 0 13.6 10.3 7.5 2.5 4 0 3 4 4
-6629.0 -5772.7 3.8 210 0 13.6 8.2 5.0 2.5 2 0 2 5 5
-6780.1 -5760.0 5.0 207 0 8.5 10.9 7.5 2.5 2 1 3 4 4
-6807.2 -5782.6 4.0 225 0 10.4 17.1 5.0 2.5 2 1 2 1 1
-6802.9 -5742.8 3.6 45 0 10.8 7.5 5.0 2.5 2 0 2 4 4
-6669.2 -5843.4 3.2 211 0 18.5 11.6 2.5 2.5 2 0 1 0 0
-6706.4 -5894.7 2.8 215 0 20.0 9.3 5.0 2.5 2 0 2 4 4
-6751.4 -5957.3 0.0 234 0 11.0 17.3 7.5 2.5 4 1 3 4 4
-6757.9 -5744.0 5.4 221 0 17.9 11.7 10.0 2.5 2 0 4 1 1
-6800.9 -5958.3 1.8 40 0 16.2 10.0 5.0 2.5 2 0 2 3 3
-6808.3 -6012.4 -0.9 343 0 8.1 14.9 2.5 2.5 2 1 1 0 0
-6102.0 -5434.0 6.6 86 0 12.1 9.5 7.5 2.5 2 0 3 1 1
-6074.6 -5468.3 6.2 253 0 12.0 9.8 5.0 2.5 4 0 2 3 3
-6129.3 -5434.4 5.7 79 0 12.9 10.6 10.0 2.5 2 0 4 5 5
-6151.7 -5474.1 3.3 270 0 13.2 8.9 7.5 0.0 0 0 3 0 0
-6376.9 -5515.2 8.3 236 0 9.7 8.9 7.5 0.0 0 0 3 2 2
-6472.5 -5593.0 6.6 227 0 9.0 6.5 5.0 2.5 4 0 2 0 0
-6457.6 -5509.3 9.1 150 0 14.4 8.8 2.5 2.5 4 0 1 2 2
-6306.9 -5466.0 4.0 89 0 11.5 8.0 7.5 2.5 2 0 3 5 5
-6677.7 -5173.5 4.7 91 0 6.5 13.7 7.5 2.5 2 1 3 5 5
-5707.1 -5131.8 10.2 244 0 12.5 15.7 5.0 2.5 4 1 2 0 0
-5721.4 -5206.8 8.9 343 0 6.4 9.4 2.5 2.5 2 1 1 3 3
-5743.5 -5163.9 10.0 160 0 9.8 14.9 10.0 2.5 2 1 4 2 2
-5760.1 -5199.7 9.6 350 0 7.6 6.9 5.0 2.5 2 0 2 4 4
-6004.5 -5366.9 8.3 206 0 15.3 10.8 7.5 2.5 2 0 3 0 0
-6090.4 -5302.9 9.7 127 0 12.4 9.9 7.5 2.5 2 0 3 2 2
-6055.1 -5455.0 6.6 234 0 11.2 9.3 5.0 2.5 2 0 2 1 1
-6281.4 -4326.2 4.7 239 0 24.4 9.3 5.0 2.5 4 0 2 0 0
-6263.3 -4361.3 3.3 239 0 11.6 6.4 7.5 0.0 0 0 3 0 0
-6218.0 -4298.3 2.3 239 0 12.7 10.5 7.5 2.5 2 0 3 3 3
-6225.7 -4321.4 1.7 239 0 13.7 36.4 7.5 2.5 2 1 3 5 5
-6159.4 -4283.4 0.8 232 0 10.8 13.3 7.5 2.5 2 1 3 5 5
-6179.4 -4360.8 0.2 232 0 18.7 12.7 2.5 2.5 2 0 1 3 3
-6193.9 -4377.7 0.3 232 0 16.8 13.4 5.0 0.0 0 0 2 3 3
-6117.8 -4578.9 3.7 322 0 8.0 13.3 7.5 0.0 0 1 3 5 5
-6055.3 -4408.5 -0.8 203 0 9.7 12.1 5.0 2.5 2 1 2 2 2
-6063.0 -4438.5 0.1 222 0 9.6 14.7 7.5 2.5 2 1 3 4 4
-5980.4 -4538.0 3.8 51 0 14.4 12.2 5.0 2.5 2 0 2 5 5
-6063.1 -4500.8 1.6 50 0 11.9 16.7 7.5 2.5 4 1 3 0 0
-6072.7 -4586.7 4.0 154 0 10.5 10.8 7.5 2.5 2 1 3 2 2
-6042.6 -4623.3 4.8 63 0 10.3 8.7 7.5 2.5 2 0 3 0 0
-6025.4 -4641.4 5.1 239 0 11.6 9.9 7.5 2.5 4 0 3 5 5
-6085.5 -4636.8 4.6 330 0 12.7 15.6 5.0 2.5 4 1 2 4 4
-6040.2 -4732.5 4.5 237 0 20.9 13.4 10.0 2.5 2 0 4 3 3
-6024.8 -4775.0 4.7 150 0 9.2 16.4 5.0 2.5 2 1 2 2 2
-5960.4 -4863.9 6.5 62 0 16.6 14.2 7.5 2.5 2 0 3 5 5
-5818.2 -5057.0 12.6 335 0 8.6 13.0 2.5 2.5 2 1 1 5 5
-5805.0 -5001.9 12.7 335 0 14.2 7.8 7.5 2.5 2 0 3 4 4
-6891.4 -6577.2 -1.9 258 0 6.9 6.6 10.0 2.5 2 0 4 1 1
-6879.6 -6606.9 -1.2 330 0 9.4 8.8 7.5 2.5 2 0 3 1 1
-6913.6 -6657.5 -1.0 223 0 11.7 9.3 7.5 2.5 2 0 3 0 0
-6846.3 -6606.9 -1.3 155 0 8.8 7.4 5.0 2.5 2 0 2 5 5
-6859.3 -6719.6 1.6 129 0 6.1 6.7 5.0 2.5 4 1 2 2 2
-6859.1 -6498.4 -4.1 180 0 12.6 7.3 5.0 0.0 0 0 2 2 2
-6854.2 -6531.8 -3.3 162 0 9.2 6.2 2.5 2.5 2 0 1 0 0
-6856.7 -6558.9 -2.6 167 0 8.2 8.6 7.5 2.5 2 1 3 5 5
-6854.0 -6569.4 -2.4 165 0 6.8 7.3 7.5 2.5 2 1 3 0 0
-6593.5 -4585.7 6.8 292 0 10.4 22.2 2.5 2.5 2 1 1 4 4
-6546.0 -4584.7 6.6 282 0 9.6 20.7 5.0 2.5 2 1 2 4 4
-6569.0 -4686.0 7.1 291 0 8.3 28.1 5.0 2.5 2 1 2 3 3
-6578.7 -4735.5 6.6 289 0 13.1 32.7 7.5 2.5 2 1 3 0 0
-6551.5 -4741.2 6.1 287 0 8.0 33.1 12.5 2.5 2 1 5 3 3
-6533.1 -4745.7 5.8 289 0 7.2 26.8 10.0 2.5 2 1 4 2 2
-6514.6 -4705.7 6.1 288 0 9.4 22.7 7.5 2.5 2 1 3 1 1
-6513.5 -4750.8 5.3 285 0 7.0 24.4 7.5 2.5 2 1 3 1 1
-6496.6 -4755.2 4.7 287 0 8.7 16.6 5.0 2.5 2 1 2 3 3
-6481.9 -4759.3 4.7 289 0 8.1 12.6 5.0 2.5 2 1 2 0 0
-6459.5 -4763.7 4.7 288 0 9.6 14.9 7.5 2.5 2 1 3 0 0
-6488.0 -4663.1 6.1 289 0 10.2 31.2 10.0 2.5 2 1 4 1 1
-6499.3 -4701.9 5.6 287 0 8.9 29.1 7.5 2.5 2 1 3 1 1
-6482.7 -4708.9 5.0 290 0 8.7 27.3 7.5 2.5 2 1 3 3 3
-6474.0 -4669.1 5.5 285 0 10.3 33.3 7.5 2.5 4 1 3 3 3
-6462.2 -4727.9 4.2 288 0 8.2 13.8 10.0 2.5 2 1 4 2 2
-6446.3 -4712.2 4.0 285 0 10.1 33.2 10.0 2.5 2 1 4 5 5
-6439.2 -4758.3 4.5 281 0 9.3 24.1 5.0 2.5 2 1 2 5 5
-6902.1 -5830.2 2.9 135 0 9.6 19.4 7.5 2.5 2 1 3 1 1
-4199.3 -3327.5 1.5 93 0 12.7 17.1 7.5 2.5 2 1 3 0 0
-4118.8 -3342.5 2.2 34 0 8.9 9.7 5.0 0.0 0 1 2 2 2
-4041.5 -3272.0 4.9 108 0 10.8 7.6 5.0 2.5 2 0 2 3 3
-3845.1 -3347.4 3.7 38 0 7.4 8.6 5.0 2.5 2 1 2 3 3
-3795.6 -3320.7 3.0 29 0 8.8 7.4 5.0 2.5 2 0 2 5 5
-3842.2 -3296.1 3.0 306 0 12.0 9.9 7.5 2.5 2 0 3 2 2
-3875.7 -3343.8 3.4 122 0 12.2 8.7 7.5 2.5 2 0 3 5 5
-3902.5 -3321.9 3.3 135 0 17.7 16.3 10.0 2.5 2 0 4 4 4
-3890.8 -3264.6 4.4 304 0 14.5 10.0 7.5 2.5 2 0 3 1 1
-3911.7 -3233.8 5.9 304 0 14.5 11.4 7.5 0.0 0 0 3 2 2
-3945.5 -3224.4 7.3 295 0 7.1 13.5 5.0 2.5 2 1 2 5 5
-3961.0 -3206.3 8.1 287 0 8.3 14.1 7.5 2.5 2 1 3 0 0
-3969.8 -3264.9 6.6 115 0 14.6 13.7 7.5 2.5 2 0 3 2 2
-3993.1 -3261.4 5.9 117 0 9.9 7.0 5.0 2.5 2 0 2 4 4
-4079.7 -3198.6 4.8 264 0 8.3 10.2 5.0 2.5 2 1 2 1 1
-4102.5 -3194.2 4.7 283 0 9.1 10.1 5.0 2.5 2 1 2 3 3
-4489.2 -3275.9 3.7 20 0 7.9 8.7 7.5 2.5 2 1 3 3 3
-5766.0 -2539.1 -11.6 318 0 8.8 13.8 7.5 2.5 2 1 3 3 3
-5766.1 -2587.6 -11.0 144 0 12.8 11.6 7.5 2.5 2 0 3 3 3
-5553.3 -3267.6 -1.3 50 0 10.7 9.3 5.0 2.5 2 0 2 2 2
-5492.9 -3262.7 -0.4 221 0 9.8 8.4 5.0 2.5 2 0 2 4 4
-5541.3 -3295.7 -0.3 243 0 7.9 10.4 10.0 2.5 2 1 4 4 4
-5626.9 -3242.8 0.8 187 0 9.1 9.5 7.5 2.5 2 1 3 3 3
-5651.3 -3339.1 -2.3 192 0 7.9 9.9 2.5 2.5 2 1 1 0 0
-5668.3 -3362.9 -3.4 199 0 9.2 10.9 5.0 2.5 2 1 2 3 3
-5631.3 -3417.7 -1.6 3 0 7.9 11.2 7.5 2.5 2 1 3 2 2
-5639.9 -3452.3 -2.0 2 0 13.2 10.9 7.5 2.5 2 0 3 4 4
-5528.8 -3563.2 0.7 103 0 11.8 14.9 7.5 2.5 2 1 3 1 1
-5472.7 -3573.9 1.1 289 0 12.1 10.0 7.5 2.5 4 0 3 3 3
-4968.9 -3680.9 -0.1 106 0 6.4 10.6 2.5 2.5 2 1 1 5 5
-4994.5 -3666.5 0.8 103 0 6.3 9.0 7.5 2.5 2 1 3 3 3
-5025.2 -3664.1 1.9 104 0 10.9 8.3 7.5 2.5 2 0 3 0 0
-5124.5 -3691.9 4.2 51 0 9.0 13.2 7.5 2.5 2 1 3 0 0
-5072.8 -3643.1 3.1 169 0 10.1 11.1 5.0 2.5 2 1 2 4 4
-5141.5 -3658.4 4.1 144 0 11.7 13.5 7.5 2.5 2 1 3 2 2
-5146.3 -3544.6 1.7 149 0 10.6 11.6 5.0 2.5 2 1 2 3 3
-5241.9 -3497.7 0.7 85 0 6.8 7.7 5.0 2.5 4 1 2 5 5
-5211.4 -3498.3 0.5 81 0 11.6 19.1 7.5 2.5 2 1 3 1 1
-5318.0 -3516.0 0.9 57 0 13.0 11.1 7.5 2.5 2 0 3 5 5
-5342.6 -3542.1 1.1 55 0 13.6 9.3 7.5 2.5 2 0 3 5 5
-5404.6 -3617.3 0.5 332 0 8.6 11.3 2.5 2.5 2 1 1 5 5
-5334.0 -3714.2 -1.2 324 0 14.0 10.1 7.5 2.5 2 0 3 1 1
-5309.7 -3739.5 -0.2 320 0 7.4 10.7 7.5 2.5 2 1 3 3 3
-5311.6 -3771.1 -0.4 136 0 9.0 14.2 7.5 2.5 2 1 3 4 4
-5281.0 -3787.3 1.5 326 0 12.2 7.4 5.0 0.0 0 0 2 5 5
-5252.5 -3804.4 2.4 334 0 18.1 13.4 5.0 2.5 2 0 2 5 5
-5236.9 -3830.6 2.4 330 0 11.0 9.5 7.5 2.5 4 0 3 4 4
-5245.4 -3878.8 1.4 57 0 8.7 14.4 7.5 2.5 2 1 3 0 0
-5483.1 -5273.2 7.7 109 0 11.2 10.2 5.0 2.5 2 0 2 2 2
-5266.4 -5347.7 10.3 123 0 10.9 10.0 7.5 2.5 2 0 3 3 3
-5239.9 -5408.3 9.7 138 0 9.2 9.8 7.5 2.5 2 1 3 3 3
-5091.4 -5539.5 6.1 93 0 10.3 10.1 7.5 2.5 2 0 3 0 0
-4983.4 -5518.2 8.1 67 0 7.6 10.4 5.0 2.5 2 1 2 3 3
-5042.5 -5756.6 9.2 55 0 8.7 7.5 7.5 0.0 0 0 3 2 2
-4990.5 -5690.7 9.6 87 0 10.0 10.5 5.0 2.5 2 1 2 1 1
-4730.2 -5668.4 18.3 103 0 9.3 12.0 5.0 2.5 2 1 2 1 1
-4471.1 -5153.6 17.5 86 0 15.3 13.6 2.5 2.5 2 0 1 5 5
-4430.8 -5407.7 20.3 264 0 8.9 8.9 10.0 2.5 2 1 4 2 2
-4412.8 -5407.7 20.8 262 0 11.0 7.1 7.5 2.5 2 0 3 1 1
-4393.2 -5400.5 20.5 258 0 8.7 9.6 7.5 2.5 2 1 3 4 4
-4230.6 -4678.3 10.2 156 0 11.9 10.3 7.5 2.5 2 0 3 3 3
-4402.3 -4550.8 12.9 125 0 17.3 13.3 5.0 2.5 2 0 2 2 2
-4477.2 -5015.7 14.0 76 0 15.1 13.9 5.0 2.5 2 0 2 4 4
-4389.9 -4978.7 12.1 75 0 15.8 15.5 7.5 2.5 2 0 3 0 0
-4383.2 -5035.9 14.2 69 0 19.6 14.4 10.0 2.5 2 0 4 4 4
-6854.8 -4484.4 1.5 250 0 12.8 12.9 7.5 2.5 2 1 3 0 0
-6817.4 -4516.2 2.7 158 0 12.1 8.8 7.5 2.5 2 0 3 0 0
-6806.2 -4469.6 2.1 257 0 9.3 10.3 5.0 2.5 2 1 2 4 4
-6773.4 -4490.8 3.8 258 0 8.4 9.3 5.0 2.5 2 1 2 0 0
-6790.8 -4498.4 3.3 252 0 11.7 10.6 2.5 2.5 2 0 1 4 4
-6779.0 -4590.2 5.3 70 0 13.8 12.1 7.5 2.5 4 0 3 3 3
-6797.9 -4542.6 4.0 158 0 9.6 9.5 2.5 2.5 2 0 1 3 3
-6761.4 -4538.4 4.8 72 0 13.6 11.4 7.5 2.5 2 0 3 0 0
-6711.4 -4510.1 5.5 332 0 15.1 15.3 2.5 2.5 2 1 1 3 3
-6642.4 -4714.5 8.2 261 0 15.5 13.8 5.0 0.0 0 0 2 5 5
-6615.6 -4331.0 4.4 351 0 14.9 7.4 7.5 2.5 4 0 3 5 5
-6614.4 -4356.5 3.5 349 0 15.6 9.6 7.5 2.5 4 0 3 4 4
-6590.6 -4434.6 3.4 280 0 8.7 13.0 5.0 2.5 2 1 2 2 2
-6595.0 -4456.3 3.7 303 0 9.8 14.2 5.0 0.0 0 1 2 2 2
-6535.1 -4390.8 4.8 294 0 8.7 11.9 7.5 2.5 2 1 3 2 2
-6544.7 -4414.1 4.5 287 0 9.2 22.8 5.0 2.5 2 1 2 4 4
-6580.5 -4535.3 5.3 284 0 12.7 16.0 5.0 2.5 2 1 2 0 0
-6483.0 -4600.2 7.0 285 0 18.8 26.3 10.0 2.5 4 1 4 4 4
-6512.2 -4498.2 6.0 278 0 17.8 12.8 5.0 2.5 2 0 2 0 0
-6493.2 -4533.7 6.3 285 0 23.1 14.4 10.0 0.0 0 0 4 0 0
-6490.9 -4444.6 6.0 246 0 39.8 15.8 10.0 0.0 0 0 4 5 5
-6441.6 -4423.7 6.0 247 0 13.4 27.6 10.0 2.5 2 1 4 5 5
-6455.2 -4463.9 6.2 244 0 31.3 12.4 7.5 2.5 2 0 3 3 3
-6421.3 -4473.8 5.0 241 0 19.5 13.3 12.5 0.0 0 0 5 1 1
-6356.3 -4383.4 4.7 237 0 24.0 10.5 7.5 2.5 2 0 3 1 1
-6407.7 -4438.7 5.2 238 0 8.3 17.6 2.5 0.0 0 1 1 3 3
-6463.7 -4348.5 6.7 247 0 12.8 9.1 5.0 2.5 2 0 2 0 0
-6452.1 -4366.2 6.9 246 0 23.5 9.7 5.0 2.5 2 0 2 0 0
-6434.2 -4334.5 6.7 249 0 18.6 28.5 10.0 2.5 2 1 4 3 3
-6401.4 -4324.0 5.3 245 0 19.1 27.3 10.0 2.5 2 1 4 5 5
-6377.7 -4315.4 4.8 246 0 12.5 22.7 10.0 2.5 2 1 4 2 2
-6344.6 -4299.7 4.3 247 0 10.5 23.8 7.5 2.5 2 1 3 2 2
-6318.3 -4262.8 3.1 244 0 38.8 57.6 15.0 0.0 0 1 6 4 4
-6277.4 -4217.4 2.3 238 0 9.4 7.1 7.5 2.5 2 0 3 5 5
-6262.7 -4248.3 2.6 242 0 13.0 16.1 5.0 2.5 2 1 2 3 3
-6249.6 -4268.1 2.8 246 0 15.8 25.1 7.5 2.5 2 1 3 5 5
-6170.2 -4185.0 1.0 223 0 14.3 7.7 5.0 2.5 2 0 2 3 3
-6192.5 -4171.6 1.1 229 0 15.9 9.0 7.5 2.5 2 0 3 4 4
-6227.8 -4134.2 1.5 247 0 15.0 11.9 7.5 0.0 0 0 3 2 2
-6211.6 -4153.7 1.3 235 0 14.0 10.3 5.0 2.5 2 0 2 2 2
-6202.8 -4055.2 -0.2 217 0 9.7 13.2 5.0 2.5 2 1 2 1 1
-6184.3 -4073.8 -0.6 217 0 8.2 15.6 7.5 2.5 2 1 3 1 1
-6150.3 -4090.7 -1.2 235 0 10.4 15.8 7.5 2.5 4 1 3 1 1
-6129.8 -4189.8 -0.1 215 0 10.2 10.8 7.5 2.5 2 1 3 0 0
-6168.6 -4267.7 1.3 230 0 6.5 9.1 5.0 2.5 2 1 2 5 5
-6088.2 -4255.5 -1.0 223 0 7.7 14.0 5.0 2.5 2 1 2 4 4
-6602.0 -4056.1 6.9 236 0 10.6 15.2 10.0 2.5 2 1 4 2 2
-6550.9 -4248.1 6.2 74 0 22.0 12.2 10.0 2.5 2 0 4 5 5
-6760.7 -4203.2 0.3 1 0 11.2 16.8 7.5 2.5 2 1 3 0 0
-6823.7 -4123.1 1.0 199 0 13.5 12.1 5.0 2.5 4 0 2 3 3
-6862.1 -4168.5 -0.8 101 0 9.3 10.4 7.5 2.5 2 1 3 4 4
-6900.7 -4107.4 0.2 177 0 8.6 10.9 10.0 2.5 2 1 4 0 0
-6863.0 -4016.1 1.1 93 0 20.3 11.4 7.5 2.5 2 0 3 0 0
-6453.6 -3865.7 4.1 244 0 10.1 15.1 5.0 2.5 2 1 2 3 3
-6442.1 -3884.0 4.0 240 0 14.9 12.3 5.0 2.5 2 0 2 0 0
-6434.7 -3905.9 3.9 238 0 9.0 13.8 7.5 2.5 4 1 3 0 0
-6378.5 -3875.0 1.7 160 0 9.4 14.7 5.0 2.5 2 1 2 1 1
-6350.5 -3928.7 1.4 245 0 12.0 9.4 10.0 2.5 2 0 4 5 5
-6332.6 -3980.7 1.4 247 0 7.7 11.4 2.5 2.5 2 1 1 3 3
-6318.0 -4035.9 1.0 256 0 10.9 16.4 7.5 0.0 0 1 3 3 3
-6303.2 -4067.0 1.3 254 0 14.1 13.1 10.0 2.5 2 0 4 5 5
-6275.9 -4105.2 2.0 231 0 10.3 15.7 7.5 2.5 4 1 3 3 3
-6545.4 -3828.5 4.5 239 0 19.8 12.8 10.0 2.5 2 0 4 5 5
-6528.4 -3858.8 4.8 230 0 19.3 15.7 10.0 2.5 2 0 4 5 5
-6508.6 -3882.2 4.9 235 0 13.6 17.1 10.0 2.5 2 1 4 4 4
-6495.4 -3911.4 5.1 245 0 14.2 15.0 7.5 2.5 2 1 3 5 5
-6479.8 -3936.8 5.2 241 0 13.4 13.3 10.0 2.5 2 0 4 3 3
-6430.9 -3992.9 3.3 244 0 16.3 15.2 2.5 2.5 2 0 1 2 2
-6446.8 -4035.7 3.5 261 0 14.3 17.4 7.5 2.5 2 1 3 4 4
-6497.4 -4020.4 5.4 252 0 15.4 12.3 7.5 2.5 2 0 3 4 4
-6576.5 -3784.7 3.7 77 0 16.3 12.6 5.0 0.0 0 0 2 2 2
-6584.6 -3745.9 2.9 343 0 13.1 12.3 7.5 2.5 2 0 3 5 5
-6655.6 -3639.4 0.6 344 0 12.9 15.3 7.5 2.5 2 1 3 5 5
-6728.2 -3716.1 1.4 71 0 18.0 15.9 7.5 2.5 2 0 3 5 5
-6704.4 -3816.1 1.7 75 0 13.4 12.1 5.0 2.5 2 0 2 5 5
-5949.6 -4417.5 1.1 299 0 13.4 15.7 2.5 2.5 4 1 1 3 3
-5911.0 -4472.9 1.4 190 0 11.2 19.7 2.5 2.5 2 1 1 2 2
-5717.1 -4747.6 6.3 83 0 10.1 7.7 7.5 2.5 2 0 3 0 0
-6575.5 -3407.4 -0.3 223 0 24.0 8.8 10.0 0.0 0 0 4 1 1
-6281.4 -3896.0 3.7 165 0 13.4 9.1 7.5 2.5 2 0 3 1 1
-5491.9 -6013.0 7.4 72 0 19.2 13.1 10.0 2.5 2 0 4 0 0
-5504.9 -5769.1 6.9 90 0 19.4 13.0 7.5 0.0 0 0 3 1 1
-5377.7 -5763.3 10.6 260 0 10.1 9.3 2.5 2.5 2 0 1 0 0
-5155.6 -5798.7 11.0 37 0 8.9 14.8 5.0 2.5 2 1 2 0 0
-5425.8 -6168.0 8.3 92 0 30.6 23.7 7.5 0.0 0 0 3 5 5
-5222.4 -6737.1 -1.9 76 0 9.7 10.7 5.0 2.5 2 1 2 1 1
-4964.5 -6883.6 1.8 137 0 12.8 20.9 10.0 2.5 2 1 4 0 0
-4857.3 -6787.0 0.0 45 0 16.7 17.9 15.0 0.0 0 1 6 1 1
-4615.4 -6831.5 -6.4 50 0 13.0 12.9 5.0 2.5 2 0 2 3 3
-4215.3 -6424.0 3.7 73 0 9.9 11.4 5.0 2.5 2 1 2 5 5
-4059.9 -6196.6 4.3 255 0 11.6 11.8 7.5 2.5 2 1 3 1 1
-4170.9 -5921.5 8.2 56 0 17.8 13.6 7.5 2.5 4 0 3 5 5
-6551.6 -4036.2 6.9 242 0 11.3 17.1 10.0 2.5 2 1 4 1 1
-4752.3 -5959.2 15.6 83 0 12.1 8.4 7.5 2.5 4 0 3 3 3
-5167.3 -5985.8 12.5 9 0 8.9 7.4 10.0 2.5 4 0 4 5 5
-5022.6 -6013.0 12.5 66 0 8.7 7.9 5.0 2.5 2 0 2 4 4
-5300.3 -5815.7 11.0 60 0 10.2 10.5 2.5 2.5 2 1 1 1 1
-5231.4 -6379.4 10.1 76 0 8.8 10.6 5.0 2.5 2 1 2 0 0
-5246.0 -6382.8 10.2 75 0 7.6 9.2 2.5 2.5 2 1 1 2 2
-5258.7 -6387.3 10.3 73 0 10.1 8.5 7.5 2.5 2 0 3 3 3
-5273.5 -6394.0 10.0 68 0 10.2 10.1 10.0 2.5 2 0 4 1 1
-5195.1 -6083.7 13.0 62 0 9.8 7.0 7.5 2.5 2 0 3 3 3
-5464.4 -6420.0 8.1 169 0 11.1 16.1 7.5 2.5 2 1 3 3 3
-5397.4 -6346.6 8.3 264 0 9.2 9.2 5.0 2.5 2 1 2 0 0
-5371.7 -6423.6 8.8 76 0 13.3 15.1 7.5 2.5 2 1 3 0 0
-6398.0 -6311.2 -2.8 52 0 7.8 9.6 10.0 2.5 2 1 4 1 1
-6685.0 -4618.6 7.8 21 0 10.5 7.8 7.5 0.0 0 0 3 1 1
-6645.9 -4765.4 6.7 262 0 10.7 10.9 5.0 2.5 2 1 2 5 5
-6564.9 -3713.8 1.7 148 0 8.2 8.3 2.5 0.0 0 1 1 5 5
-5538.1 -4808.5 11.8 36 0 11.8 13.1 10.0 2.5 2 1 4 3 3
-5296.9 -4669.3 14.6 212 0 6.1 14.8 5.0 2.5 4 1 2 3 3
-5313.8 -4775.4 15.4 31 0 11.9 12.9 5.0 2.5 2 1 2 3 3
-4908.3 -4170.6 11.9 114 0 6.5 8.9 2.5 0.0 0 1 1 0 0
-4705.0 -4197.8 5.2 49 0 6.3 7.0 7.5 2.5 2 1 3 3 3
-4280.7 -4708.6 11.3 87 0 9.1 14.3 7.5 2.5 2 1 3 4 4
-4593.9 -4451.7 6.9 63 0 10.5 17.2 7.5 2.5 4 1 3 1 1
-4936.8 -4865.8 18.8 38 0 7.1 6.2 7.5 2.5 2 0 3 1 1
-3681.8 -4364.9 10.3 326 0 10.4 7.8 7.5 2.5 4 0 3 2 2
-4985.6 -3779.3 2.2 194 0 6.2 10.0 7.5 0.0 0 1 3 4 4
-6518.3 -3392.2 -1.6 83 0 14.2 8.7 7.5 2.5 2 0 3 3 3
-3427.7 -2902.5 2.1 212 0 10.1 9.5 5.0 2.5 2 0 2 0 0
-3500.2 -3018.5 2.2 131 0 10.3 14.4 5.0 2.5 2 1 2 2 2
-3473.7 -2994.9 1.8 305 0 15.7 9.3 7.5 2.5 2 0 3 0 0
-3419.4 -2950.9 2.2 155 0 12.9 10.7 10.0 2.5 2 0 4 0 0
-3411.9 -2976.7 2.2 148 0 18.7 9.4 7.5 2.5 2 0 3 5 5
-3396.8 -3000.0 2.4 160 0 14.3 17.7 7.5 2.5 2 1 3 5 5
-3424.7 -3035.7 3.2 328 0 7.8 12.2 7.5 2.5 4 1 3 3 3
-3404.0 -3051.7 3.7 328 0 12.0 9.4 7.5 2.5 2 0 3 3 3
-3392.2 -3099.3 5.0 340 0 10.2 7.6 7.5 2.5 2 0 3 3 3
-3386.8 -3070.3 4.2 338 0 14.7 8.2 5.0 2.5 2 0 2 5 5
-3372.6 -3040.1 3.1 155 0 16.6 9.4 5.0 2.5 2 0 2 4 4
-3323.9 -3134.9 4.7 171 0 12.5 8.7 2.5 2.5 2 0 1 4 4
-3338.0 -3113.2 4.9 174 0 12.6 11.5 10.0 2.5 2 0 4 5 5
-3291.6 -3379.7 3.5 81 0 10.8 7.7 10.0 2.5 2 0 4 4 4
-3303.9 -3385.8 3.7 81 0 11.7 7.4 5.0 0.0 0 0 2 2 2
-3337.3 -3157.0 4.7 213 0 9.8 9.4 7.5 2.5 2 0 3 0 0
-3340.5 -3181.5 4.6 50 0 6.9 9.4 7.5 2.5 2 1 3 3 3
-3427.1 -3213.9 6.3 247 0 14.4 9.9 7.5 2.5 2 0 3 3 3
-3461.4 -3202.7 5.3 0 0 13.6 10.0 7.5 2.5 2 0 3 3 3
-3417.8 -3311.8 4.9 175 0 18.6 11.8 5.0 2.5 2 0 2 4 4
-3439.8 -3292.6 3.9 351 0 14.4 15.5 5.0 2.5 2 1 2 4 4
-3429.9 -3362.3 3.8 351 0 14.9 12.8 10.0 2.5 2 0 4 5 5
-3427.8 -3389.1 3.7 354 0 13.6 8.0 7.5 2.5 2 0 3 4 4
-3506.0 -3412.0 1.9 81 0 21.4 12.0 10.0 2.5 2 0 4 5 5
-3589.0 -3441.7 2.2 81 0 12.5 9.5 7.5 2.5 2 0 3 3 3
-3651.0 -3444.6 2.8 81 0 16.6 10.9 5.0 2.5 2 0 2 1 1
-3689.6 -3462.0 3.0 70 0 7.9 10.8 7.5 2.5 4 1 3 5 5
-3041.8 -3502.1 2.2 108 0 11.4 10.3 7.5 2.5 2 0 3 0 0
-3181.7 -3401.5 2.6 131 0 9.0 11.5 7.5 2.5 2 1 3 4 4
-3095.0 -3479.2 2.5 134 0 20.8 10.6 7.5 2.5 2 0 3 0 0
-3226.1 -3368.7 2.4 273 0 13.0 10.1 5.0 2.5 2 0 2 3 3
-2628.0 -2907.9 12.7 244 0 9.5 12.2 7.5 2.5 2 1 3 4 4
-2698.6 -2879.1 11.3 348 0 10.2 9.2 10.0 2.5 2 0 4 2 2
-2624.3 -2812.0 8.0 285 0 10.6 9.4 2.5 2.5 2 0 1 4 4
-2659.0 -2795.5 7.1 40 0 8.1 7.6 5.0 2.5 2 0 2 0 0
-2656.2 -2826.9 9.3 195 0 14.0 11.4 7.5 0.0 0 0 3 2 2
-2706.3 -2801.5 7.4 195 0 6.5 7.8 10.0 2.5 2 1 4 5 5
-2690.6 -2835.9 9.7 15 0 8.3 15.3 7.5 0.0 0 1 3 3 3
-2614.2 -3088.1 8.8 90 0 11.2 24.3 12.5 2.5 2 1 5 3 3
-2895.1 -3053.8 2.1 93 0 11.5 11.5 7.5 0.0 0 1 3 0 0
-2722.8 -2994.9 8.2 62 0 9.0 7.1 7.5 2.5 2 0 3 3 3
-2784.0 -3030.4 5.2 173 0 7.3 11.3 5.0 2.5 2 1 2 4 4
-2826.0 -2990.0 6.5 155 0 6.4 10.4 5.0 2.5 2 1 2 5 5
-2821.1 -2766.2 4.1 21 0 8.9 10.1 5.0 2.5 2 1 2 2 2
-2862.0 -2853.6 6.4 22 0 11.2 8.8 7.5 2.5 2 0 3 3 3
-2831.4 -2903.3 6.9 167 0 8.2 13.6 5.0 2.5 2 1 2 5 5
-2816.4 -2819.4 7.8 205 0 17.1 9.1 7.5 0.0 0 0 3 3 3
-2613.2 -2986.5 11.9 92 0 6.8 13.9 7.5 2.5 2 1 3 0 0
-3196.7 -5798.9 12.0 85 0 10.3 9.4 5.0 2.5 2 0 2 1 1
-3090.3 -5273.5 16.4 96 0 16.3 9.9 7.5 2.5 2 0 3 2 2
-3100.3 -5087.2 14.9 114 0 13.8 13.8 7.5 2.5 2 1 3 5 5
-3151.6 -5111.8 16.2 290 0 17.9 17.3 12.5 0.0 0 0 5 1 1
-3179.4 -5044.4 15.3 110 0 12.2 14.4 7.5 2.5 2 1 3 3 3
-3065.3 -4820.4 11.5 87 0 11.5 13.0 5.0 2.5 2 1 2 2 2
-2653.3 -5379.1 17.8 125 0 24.5 14.3 7.5 2.5 2 0 3 3 3
-2748.1 -5093.8 19.2 95 0 6.3 11.9 7.5 0.0 0 1 3 1 1
-2744.6 -5176.9 20.4 252 0 10.1 7.5 5.0 2.5 2 0 2 4 4
-2799.5 -5239.0 20.6 95 0 10.3 10.4 5.0 2.5 2 1 2 1 1
-2815.1 -4840.7 11.5 18 0 13.7 9.6 7.5 2.5 2 0 3 4 4
-2811.5 -4583.0 10.7 42 0 7.3 6.9 7.5 2.5 2 0 3 5 5
-2781.6 -4241.2 13.9 185 0 10.3 11.3 5.0 2.5 2 1 2 2 2
-2785.6 -4145.3 11.3 172 0 13.4 14.6 5.0 2.5 2 1 2 4 4
-2819.8 -3834.6 9.5 0 0 10.6 16.5 7.5 2.5 2 1 3 5 5
-2784.3 -3573.9 3.9 96 0 9.1 9.2 10.0 2.5 2 1 4 5 5
-2635.1 -6475.7 9.5 253 0 11.6 9.1 7.5 0.0 0 0 3 3 3
-3702.4 -5688.0 11.3 228 0 10.1 9.2 5.0 2.5 2 0 2 1 1
-2805.4 -5942.7 9.6 89 0 14.8 10.8 7.5 2.5 2 0 3 2 2
-2934.2 -5889.9 12.1 71 0 7.1 8.3 7.5 2.5 2 1 3 5 5
-2676.7 -5941.8 9.2 88 0 10.3 8.5 5.0 2.5 2 0 2 5 5
-3507.2 -4902.8 11.9 36 0 7.0 8.6 7.5 2.5 2 1 3 3 3
-3443.6 -4991.2 11.9 98 0 8.6 11.3 7.5 2.5 2 1 3 3 3
-3685.8 -4487.1 9.7 86 0 13.3 11.4 7.5 2.5 2 0 3 5 5
-3598.8 -4424.9 12.0 138 0 10.2 13.9 7.5 2.5 2 1 3 5 5
-3754.2 -4798.8 9.8 176 0 8.4 15.9 7.5 2.5 2 1 3 5 5
-3815.3 -4909.2 10.4 77 0 15.9 10.6 10.0 2.5 2 0 4 2 2
-4018.0 -5043.1 7.4 191 0 7.6 12.9 7.5 2.5 2 1 3 3 3
-3454.2 -5323.2 18.3 329 0 9.7 7.9 2.5 2.5 2 0 1 1 1
-4123.5 -4964.7 10.3 84 0 8.0 6.8 7.5 2.5 2 0 3 4 4
-3975.1 -5066.6 7.6 2 0 25.0 9.7 7.5 2.5 2 0 3 1 1
-3699.3 -5510.4 14.7 78 0 15.9 9.8 7.5 2.5 2 0 3 2 2
-3598.1 -5409.4 14.7 239 0 10.3 9.5 5.0 2.5 4 0 2 5 5
-3584.6 -5401.8 15.2 239 0 11.9 8.2 2.5 2.5 4 0 1 5 5
-3570.4 -5384.9 16.0 239 0 11.3 10.8 7.5 2.5 2 0 3 0 0
-4844.4 -6447.9 2.5 44 0 10.0 11.2 7.5 2.5 2 1 3 5 5
-4798.5 -6375.7 4.7 61 0 17.4 12.0 7.5 2.5 2 0 3 3 3
-4560.0 -6491.2 4.2 180 0 8.9 9.4 5.0 2.5 2 1 2 1 1
-4559.1 -6592.7 3.1 171 0 9.9 7.1 2.5 2.5 2 0 1 1 1
-4628.9 -6228.4 3.2 115 0 11.1 9.5 5.0 2.5 2 0 2 1 1
-5577.3 -4700.4 7.5 79 0 7.5 8.8 2.5 2.5 2 1 1 1 1
-2709.0 -4011.8 8.9 60 0 6.5 6.9 7.5 2.5 2 1 3 4 4
-2708.9 -3477.3 3.6 88 0 19.4 12.5 7.5 2.5 4 0 3 3 3
-2657.7 -3472.0 4.0 83 0 14.8 16.8 5.0 2.5 2 1 2 0 0
-3888.5 -6820.2 -4.3 99 0 14.3 11.7 5.0 2.5 2 0 2 3 3
-5358.5 -5813.2 10.1 90 0 8.2 10.1 7.5 2.5 2 1 3 3 3
-6844.3 -5830.4 3.6 146 0 10.6 7.0 7.5 0.0 0 0 3 2 2
-5073.7 -3777.0 3.6 90 0 17.6 12.4 2.5 2.5 2 0 1 1 1
-5393.1 -6145.0 8.1 264 0 17.3 11.6 7.5 2.5 2 0 3 1 1
-2862.7 -4194.7 13.1 359 0 11.1 11.5 7.5 2.5 2 1 3 4 4
-2898.5 -4318.9 11.5 87 0 10.6 12.0 2.5 2.5 2 1 1 0 0
-2841.7 -3947.5 14.2 156 0 13.4 11.9 7.5 0.0 0 0 3 0 0
-3136.0 -4603.5 7.7 58 0 9.0 7.9 7.5 2.5 2 0 3 2 2
-6769.7 -4151.2 1.4 359 0 12.7 7.9 7.5 2.5 2 0 3 2 2
-6775.8 -4236.4 -0.3 107 0 6.8 9.6 5.0 2.5 2 1 2 2 2
-6778.8 -3976.2 1.2 356 0 8.7 12.7 7.5 2.5 2 1 3 5 5
-6803.5 468.3 -10.1 213 0 8.1 8.6 5.0 2.5 2 1 2 1 1
-6753.1 513.6 -8.3 319 0 11.9 9.2 10.0 2.5 2 0 4 1 1
-6833.7 539.1 -9.6 320 0 9.0 7.3 5.0 2.5 2 0 2 4 4
-6758.7 651.2 -9.1 4 0 12.0 13.5 7.5 2.5 2 1 3 0 0
-6782.0 801.4 -14.2 94 0 15.4 15.7 7.5 2.5 2 1 3 0 0
-6444.2 529.2 -12.6 144 0 11.9 11.6 5.0 2.5 2 0 2 2 2
-6431.2 603.7 -14.1 322 0 12.0 18.3 7.5 2.5 2 1 3 3 3
-6406.2 375.5 -15.0 151 0 14.0 13.4 10.0 2.5 2 0 4 0 0
-6452.4 481.8 -12.6 317 0 17.9 12.1 2.5 2.5 2 0 1 4 4
-6654.7 424.0 -8.2 129 0 17.5 8.4 7.5 0.0 0 0 3 1 1
-6706.1 431.3 -7.6 311 0 13.8 11.7 7.5 2.5 2 0 3 0 0
-6560.4 323.8 -8.3 155 0 16.9 8.4 5.0 2.5 2 0 2 4 4
-6524.0 570.1 -13.5 318 0 10.8 8.8 5.0 2.5 2 0 2 1 1
-6548.3 604.4 -13.8 317 0 13.0 9.6 5.0 2.5 2 0 2 3 3
-6566.5 641.3 -13.4 322 0 10.4 8.6 7.5 2.5 2 0 3 2 2
-6564.8 673.0 -14.2 144 0 17.5 10.1 5.0 2.5 2 0 2 2 2
-6620.0 791.1 -14.8 261 0 7.1 10.6 7.5 2.5 2 1 3 2 2
-6635.8 857.4 -15.9 210 0 11.1 10.2 7.5 2.5 2 0 3 0 0
-6562.3 757.6 -14.4 19 0 6.3 9.5 2.5 0.0 0 1 1 4 4
-6584.4 695.7 -13.6 133 0 17.7 9.0 7.5 2.5 2 0 3 2 2
-6612.9 714.0 -12.6 128 0 10.2 8.6 5.0 2.5 2 0 2 1 1
-6638.0 664.8 -10.7 108 0 19.9 8.7 7.5 2.5 2 0 3 5 5
-6689.8 807.1 -14.2 10 0 9.7 11.9 7.5 2.5 2 1 3 4 4
-6739.8 711.7 -10.5 3 0 14.9 9.7 2.5 2.5 2 0 1 4 4
-6738.9 635.8 -7.9 183 0 15.7 9.7 10.0 2.5 2 0 4 5 5
-6658.4 970.9 -14.3 70 0 12.2 8.3 10.0 0.0 0 0 4 0 0
-6615.6 980.0 -13.3 61 0 15.4 11.8 5.0 2.5 2 0 2 5 5
-5393.2 2290.8 -11.4 58 0 16.9 7.7 5.0 2.5 2 0 2 0 0
-5373.9 2321.0 -11.3 300 0 14.3 11.3 5.0 2.5 2 0 2 3 3
-5369.9 2337.1 -10.9 303 0 9.6 11.7 7.5 2.5 2 1 3 3 3
-5384.4 2482.3 -6.1 199 0 8.9 14.3 7.5 2.5 2 1 3 0 0
-5336.4 2547.5 -7.0 172 0 8.8 17.8 5.0 2.5 2 1 2 0 0
-5315.9 2504.7 -7.6 350 0 14.4 17.9 7.5 2.5 2 1 3 4 4
-5331.6 2475.4 -8.2 175 0 10.2 14.2 7.5 2.5 2 1 3 4 4
-5327.3 2377.5 -10.9 174 0 15.7 16.0 7.5 2.5 2 1 3 0 0
-5326.1 2340.2 -11.9 177 0 10.8 25.9 5.0 0.0 0 1 2 4 4
-5420.7 2091.6 -13.2 227 0 19.2 16.9 12.5 2.5 2 0 5 0 0
-5398.8 2121.7 -13.7 225 0 22.5 20.4 10.0 2.5 2 0 4 4 4
-5386.5 2183.5 -13.1 185 0 11.0 21.2 5.0 2.5 4 1 2 0 0
-5335.3 2181.7 -14.6 316 0 13.7 22.9 10.0 0.0 0 1 4 1 1
-5375.0 2236.2 -12.5 268 0 15.9 34.3 12.5 2.5 2 1 5 5 5
-5895.3 1736.6 -20.0 55 0 6.8 8.8 7.5 2.5 2 1 3 0 0
-5771.8 1394.4 -22.8 95 0 13.6 9.0 10.0 2.5 2 0 4 1 1
-6651.4 1050.4 -15.8 199 0 10.0 11.3 7.5 2.5 2 1 3 2 2
-6580.9 1255.6 -15.8 84 0 16.6 15.4 10.0 2.5 2 0 4 1 1
-6526.0 1079.3 -15.3 125 0 19.4 20.5 12.5 2.5 2 1 5 5 5
-6350.2 1209.2 -14.9 247 0 26.1 13.8 12.5 2.5 2 0 5 2 2
-6465.1 768.3 -17.6 53 0 11.8 19.7 10.0 2.5 2 1 4 5 5
-5646.5 -494.7 -7.7 112 0 7.7 8.1 7.5 2.5 2 1 3 3 3
-5585.1 -545.8 -5.0 278 0 8.9 8.2 7.5 2.5 2 0 3 4 4
-5547.3 -527.1 -12.8 101 0 10.5 7.5 5.0 2.5 2 0 2 3 3
-5595.6 -439.7 -8.4 183 0 13.6 12.6 7.5 2.5 2 0 3 5 5
-6726.5 588.2 -7.4 100 0 8.3 16.0 5.0 2.5 2 1 2 0 0
-6584.5 363.3 -5.8 137 0 19.2 11.6 5.0 2.5 2 0 2 1 1
-6204.5 304.7 -16.0 327 0 11.2 10.8 10.0 2.5 2 0 4 5 5
-6164.9 240.1 -16.2 227 0 6.9 9.0 7.5 2.5 2 1 3 2 2
-6099.2 134.0 -13.8 276 0 16.4 12.3 7.5 2.5 2 0 3 2 2
-6201.6 42.1 -8.8 332 0 6.5 11.5 10.0 2.5 2 1 4 1 1
-6297.3 -23.3 -3.7 152 0 10.2 14.3 5.0 0.0 0 1 2 0 0
-6413.0 113.6 -4.3 96 0 6.7 10.3 5.0 2.5 2 1 2 1 1
-6057.5 -328.4 0.5 287 0 8.1 7.1 7.5 2.5 2 0 3 3 3
-6028.8 -398.0 1.0 123 0 10.9 12.3 5.0 0.0 0 1 2 3 3
-5971.3 -269.4 -0.7 20 0 9.1 17.9 5.0 2.5 2 1 2 0 0
-5915.5 -27.0 -9.0 317 0 10.4 13.3 5.0 2.5 2 1 2 1 1
-5893.1 -131.5 -4.9 36 0 13.2 10.5 10.0 2.5 2 0 4 3 3
-5947.2 -157.0 -3.9 213 0 10.9 7.9 5.0 2.5 4 0 2 2 2
-5946.6 -229.6 -1.7 24 0 13.3 9.3 10.0 2.5 2 0 4 2 2
-5959.4 -246.2 -1.2 21 0 8.5 16.5 7.5 2.5 4 1 3 4 4
-5942.3 -379.4 -1.8 27 0 8.7 11.6 5.0 2.5 4 1 2 1 1
-5922.3 -238.6 -3.0 213 0 15.1 10.1 7.5 0.0 0 0 3 0 0
-5856.0 -258.4 -4.8 317 0 10.4 15.0 7.5 2.5 2 1 3 2 2
-5794.3 -289.7 -6.0 340 0 8.1 11.5 5.0 2.5 2 1 2 2 2
-5787.1 -508.6 -2.6 287 0 9.6 11.4 10.0 2.5 2 1 4 5 5
-5702.9 -515.9 -2.5 285 0 11.6 10.6 5.0 2.5 2 0 2 3 3
-5668.3 -476.3 -7.6 250 0 10.6 8.9 7.5 2.5 2 0 3 2 2
-5662.5 -613.0 -2.6 33 0 13.5 8.5 10.0 2.5 2 0 4 5 5
-5674.4 -629.0 -3.3 22 0 11.7 7.9 5.0 2.5 2 0 2 5 5
-5686.6 -663.8 -4.7 27 0 7.7 9.9 2.5 2.5 2 1 1 1 1
-5646.2 -674.4 -4.4 231 0 7.3 10.0 7.5 2.5 2 1 3 1 1
-6311.5 -626.4 -3.8 46 0 10.2 9.4 5.0 2.5 2 0 2 4 4
-6172.8 -548.3 1.5 102 0 11.7 10.6 7.5 2.5 2 0 3 3 3
-6255.4 -536.8 -0.9 112 0 15.6 6.4 7.5 2.5 4 0 3 1 1
-6313.4 -264.6 -7.5 294 0 10.9 7.1 5.0 2.5 2 0 2 1 1
-6282.4 -310.0 -7.4 4 0 19.2 11.2 5.0 2.5 2 0 2 3 3
-5767.8 89.3 -11.5 78 0 11.0 11.1 7.5 2.5 2 1 3 3 3
-5864.3 460.1 -13.2 167 0 12.5 11.5 5.0 2.5 2 0 2 3 3
-5970.2 340.1 -14.2 93 0 10.6 9.8 10.0 2.5 2 0 4 3 3
-6016.6 177.7 -13.1 8 0 8.7 12.8 7.5 2.5 4 1 3 4 4
-5955.4 160.3 -12.4 187 0 10.4 15.1 7.5 2.5 2 1 3 5 5
-5914.1 195.5 -13.2 47 0 14.3 6.9 2.5 2.5 2 0 1 2 2
-5898.3 383.9 -10.6 207 0 14.0 14.0 5.0 2.5 2 0 2 0 0
-5971.5 91.3 -11.2 203 0 17.0 8.4 2.5 0.0 0 0 1 3 3
-5916.7 71.9 -11.1 119 0 16.1 11.9 7.5 2.5 2 0 3 1 1
-5664.5 899.9 -19.3 86 0 7.7 16.5 7.5 2.5 2 1 3 0 0
-5838.4 886.7 -17.4 260 0 16.7 19.6 7.5 2.5 2 1 3 5 5
-5882.1 708.5 -14.5 358 0 11.9 10.9 10.0 2.5 2 0 4 4 4
-5831.7 798.5 -17.0 153 0 11.6 9.6 5.0 2.5 2 0 2 0 0
-5838.3 709.1 -15.3 153 0 10.8 10.3 5.0 2.5 2 0 2 0 0
-5818.1 647.3 -15.0 299 0 22.3 12.8 7.5 2.5 2 0 3 2 2
-5680.7 668.7 -16.1 126 0 9.5 13.6 5.0 2.5 2 1 2 2 2
-6015.8 -547.9 0.2 212 0 9.9 7.9 7.5 2.5 2 0 3 3 3
-6019.5 -524.0 0.7 205 0 10.4 7.1 10.0 2.5 2 0 4 1 1
-6089.5 -514.0 -0.1 63 0 11.8 11.5 7.5 0.0 0 0 3 3 3
-5524.5 2187.2 -7.4 51 0 18.9 15.6 7.5 0.0 0 0 3 0 0
-5503.7 2204.9 -7.6 48 0 13.4 13.1 2.5 2.5 2 0 1 3 3
-5490.4 2217.4 -8.0 45 0 10.0 17.3 7.5 2.5 2 1 3 0 0
-5472.3 2234.3 -9.1 54 0 25.7 19.0 12.5 2.5 2 0 5 5 5
-5456.2 2270.6 -9.8 239 0 10.3 11.1 5.0 0.0 0 1 2 5 5
-5417.0 2276.3 -11.0 59 0 6.1 12.6 10.0 2.5 2 1 4 1 1
-5616.7 2144.0 -8.9 324 0 13.7 12.3 5.0 2.5 2 0 2 4 4
-5641.6 2175.0 -10.8 329 0 15.8 14.2 7.5 2.5 2 0 3 0 0
-5582.4 2486.0 -6.0 112 0 17.4 22.1 7.5 2.5 4 1 3 5 5
-5546.2 2398.3 -4.7 35 0 12.1 22.5 7.5 0.0 0 1 3 5 5
-5565.4 2365.3 -5.1 22 0 15.5 24.5 5.0 2.5 2 1 2 5 5
-5805.0 2619.9 -9.7 346 0 13.0 7.6 7.5 2.5 2 0 3 4 4
-5621.0 2007.4 -10.9 241 0 11.5 20.0 5.0 2.5 2 1 2 2 2
-5580.6 1987.2 -11.7 124 0 10.2 12.0 2.5 2.5 2 1 1 3 3
-5521.4 1982.0 -14.3 214 0 12.6 10.6 7.5 2.5 2 0 3 3 3
-5561.1 2057.5 -10.6 223 0 29.4 9.2 7.5 2.5 2 0 3 5 5
-6803.9 169.0 -8.9 78 0 11.2 9.6 10.0 2.5 2 0 4 5 5
-6522.3 -85.2 -7.4 116 0 6.8 9.9 10.0 0.0 0 1 4 4 4
-6577.5 -25.4 -8.7 25 0 12.4 9.1 5.0 2.5 2 0 2 2 2
-6556.8 44.3 -3.1 136 0 6.9 7.6 7.5 2.5 2 1 3 5 5
-6481.4 -48.4 -10.6 4 0 7.1 10.9 5.0 2.5 4 1 2 5 5
-6440.1 2.0 -0.9 142 0 10.2 6.5 2.5 2.5 2 0 1 2 2
-6469.7 135.8 -5.7 322 0 23.4 9.4 5.0 2.5 2 0 2 2 2
-6376.3 439.0 -15.1 143 0 9.8 8.3 7.5 2.5 2 0 3 0 0
-6513.0 -873.3 -9.0 321 0 11.3 10.7 5.0 2.5 2 0 2 2 2
-6544.2 -809.9 -9.6 248 0 8.6 13.6 5.0 2.5 2 1 2 4 4
-6151.4 -1206.0 -3.6 112 0 11.7 15.6 5.0 2.5 2 1 2 4 4
-6099.3 -1198.3 -0.3 249 0 8.2 11.9 7.5 2.5 2 1 3 1 1
-6104.6 -1055.1 -2.7 10 0 9.0 11.3 7.5 0.0 0 1 3 5 5
-6081.5 -771.7 1.1 193 0 8.5 12.7 2.5 2.5 2 1 1 3 3
-6098.9 -878.2 -2.2 21 0 10.3 13.5 5.0 2.5 2 1 2 3 3
-6152.3 -1035.0 -2.9 190 0 11.5 8.6 7.5 2.5 2 0 3 5 5
-6151.9 -1004.6 -2.0 190 0 9.7 10.4 2.5 2.5 2 1 1 1 1
-6158.4 -862.4 -2.9 115 0 11.9 7.1 5.0 0.0 0 0 2 4 4
-6350.5 -812.2 -7.1 100 0 9.5 14.3 7.5 2.5 2 1 3 4 4
-6302.0 -822.7 -5.0 118 0 8.2 13.1 7.5 2.5 2 1 3 4 4
-6196.4 -1194.0 -5.0 104 0 7.6 12.9 2.5 2.5 2 1 1 5 5
-6229.4 -1149.4 -5.7 36 0 15.5 7.9 10.0 2.5 2 0 4 3 3
-6265.5 -1183.6 -7.7 3 0 21.4 10.6 7.5 2.5 2 0 3 5 5
-6225.9 -1099.1 -5.8 27 0 12.9 10.2 2.5 2.5 4 0 1 2 2
-6207.5 -883.4 -3.0 297 0 10.3 8.5 2.5 2.5 2 0 1 5 5
-6160.8 -907.0 -2.7 28 0 14.7 7.6 7.5 2.5 2 0 3 3 3
-6238.6 -878.7 -3.1 298 0 10.4 7.6 7.5 2.5 2 0 3 1 1
-6276.4 -1060.7 -6.2 208 0 10.2 9.6 5.0 2.5 2 0 2 2 2
-6326.7 -987.3 -6.2 35 0 6.9 9.2 5.0 2.5 2 1 2 0 0
-6355.8 -901.3 -4.1 351 0 7.7 7.2 5.0 2.5 2 0 2 0 0
-6373.6 -941.8 -5.2 160 0 13.3 8.9 5.0 2.5 2 0 2 4 4
-6279.0 -1389.3 -3.9 190 0 8.4 8.6 2.5 0.0 0 1 1 2 2
-6191.8 -1396.7 -2.3 197 0 9.8 8.9 10.0 2.5 2 0 4 3 3
-6296.0 -1477.6 -2.2 107 0 7.1 10.9 5.0 2.5 4 1 2 5 5
-6291.1 -1444.8 -2.6 201 0 12.2 7.5 7.5 2.5 2 0 3 5 5
-6254.4 -1524.0 -3.0 294 0 12.3 10.7 5.0 2.5 2 0 2 5 5
-6239.7 -1505.7 -2.9 123 0 12.6 13.3 7.5 2.5 2 1 3 1 1
-6227.7 -1543.8 -3.7 301 0 6.9 11.3 7.5 2.5 2 1 3 4 4
-6187.7 -1646.9 -6.5 295 0 9.7 12.6 2.5 2.5 2 1 1 4 4
-6191.1 -1567.0 -5.1 289 0 8.1 13.7 10.0 2.5 2 1 4 2 2
-6159.6 -1579.4 -5.7 288 0 11.4 14.2 5.0 2.5 2 1 2 1 1
-6176.5 -1523.9 -4.4 149 0 9.1 10.3 7.5 2.5 2 1 3 0 0
-6151.5 -1533.5 -4.4 133 0 12.7 16.1 5.0 2.5 2 1 2 4 4
-6107.2 -1450.8 -1.8 99 0 11.4 18.2 2.5 2.5 2 1 1 4 4
-6112.6 -1380.4 -1.7 356 0 13.1 8.0 5.0 2.5 2 0 2 2 2
-6109.8 -1251.2 -1.9 277 0 9.8 8.3 7.5 2.5 2 0 3 4 4
-6135.8 -1249.2 -2.5 295 0 9.1 10.1 7.5 2.5 4 1 3 2 2
-6172.8 -1227.4 -4.6 290 0 7.8 8.6 2.5 2.5 2 1 1 5 5
-5951.8 -1306.2 -6.1 280 0 10.4 8.4 5.0 2.5 2 0 2 1 1
-5974.8 -1238.0 -4.0 259 0 10.8 7.5 7.5 2.5 2 0 3 0 0
-5958.7 -1272.4 -5.3 104 0 9.7 11.3 7.5 2.5 2 1 3 0 0
-6499.7 -833.7 -9.0 141 0 7.1 9.4 10.0 2.5 2 1 4 4 4
-6484.8 -791.3 -9.2 291 0 6.6 12.0 5.0 2.5 2 1 2 4 4
-6440.8 -860.4 -7.6 19 0 14.6 9.3 2.5 2.5 4 0 1 2 2
-6453.0 -894.6 -6.8 306 0 14.1 11.5 7.5 0.0 0 0 3 1 1
-6456.3 -935.6 -6.9 86 0 9.4 16.6 5.0 2.5 2 1 2 2 2
-6345.3 -1045.7 -9.2 329 0 16.5 21.9 12.5 2.5 2 1 5 5 5
-6240.7 -1660.9 -5.6 252 0 10.5 13.9 5.0 0.0 0 1 2 3 3
-6290.7 -1647.3 -5.1 77 0 13.6 12.8 7.5 2.5 2 0 3 4 4
-6368.4 -1723.1 -9.2 238 0 13.2 11.6 10.0 2.5 2 0 4 0 0
-6389.6 -1571.9 -4.4 255 0 11.6 8.3 2.5 2.5 2 0 1 5 5
-6410.6 -1691.2 -8.4 330 0 12.1 12.3 7.5 2.5 2 1 3 0 0
-6421.2 -1673.1 -7.7 336 0 14.9 10.0 2.5 2.5 2 0 1 2 2
-6468.9 -1605.1 -3.4 252 0 13.3 10.8 2.5 2.5 2 0 1 2 2
-6491.1 -1615.5 -3.4 264 0 13.9 19.3 12.5 2.5 2 1 5 5 5
-6586.1 -1720.6 -3.2 62 0 7.0 7.7 10.0 2.5 4 1 4 4 4
-6594.5 -1653.2 -1.5 247 0 12.8 16.0 10.0 2.5 2 1 4 2 2
-6650.2 -1681.9 -1.7 255 0 9.4 17.8 7.5 2.5 2 1 3 0 0
-6622.7 -1667.8 -1.6 253 0 14.4 16.0 10.0 2.5 2 1 4 0 0
-6822.9 -1666.9 -0.2 357 0 12.3 10.3 10.0 2.5 2 0 4 5 5
-6843.7 -1560.0 -6.8 139 0 8.8 7.4 7.5 2.5 2 0 3 0 0
-6796.9 -1682.9 -1.4 159 0 12.5 17.0 7.5 2.5 2 1 3 3 3
-6737.9 -1676.2 -0.9 71 0 11.8 11.2 7.5 0.0 0 0 3 2 2
-6728.2 -1515.6 -5.5 333 0 11.4 10.3 5.0 2.5 2 0 2 4 4
-6663.2 -1640.3 -1.3 331 0 9.4 12.1 7.5 2.5 2 1 3 5 5
-6615.7 -1629.1 -2.7 64 0 10.1 12.9 2.5 2.5 2 1 1 0 0
-6655.2 -1603.5 -3.3 150 0 13.8 8.8 7.5 2.5 2 0 3 3 3
-6679.8 -1547.1 -5.3 151 0 6.7 9.1 7.5 2.5 2 1 3 2 2
-6707.0 -1488.1 -6.1 164 0 12.4 14.7 7.5 2.5 2 1 3 1 1
-6677.9 -1513.7 -5.9 335 0 9.5 7.8 7.5 2.5 2 0 3 5 5
-6560.4 -1606.8 -3.1 66 0 10.3 12.5 5.0 2.5 2 1 2 4 4
-6556.8 -1498.5 -4.7 334 0 15.0 13.0 10.0 2.5 2 0 4 4 4
-6535.6 -1479.2 -4.7 156 0 14.3 11.9 7.5 2.5 2 0 3 5 5
-6508.5 -1540.4 -3.0 148 0 9.4 13.2 5.0 2.5 2 1 2 5 5
-6326.9 -1468.1 -3.4 25 0 8.9 12.0 5.0 2.5 4 1 2 5 5
-6357.4 -1524.1 -4.0 53 0 12.2 9.4 2.5 2.5 2 0 1 4 4
-6302.1 -1334.7 -6.1 24 0 9.4 12.4 7.5 2.5 2 1 3 4 4
-6332.5 -1366.5 -5.6 126 0 9.1 11.6 5.0 0.0 0 1 2 1 1
-6404.6 -1409.0 -6.0 118 0 9.3 11.0 5.0 2.5 2 1 2 2 2
-6405.3 -1372.0 -6.6 309 0 15.5 8.0 5.0 2.5 2 0 2 2 2
-6407.7 -1296.7 -7.6 75 0 13.7 11.9 7.5 2.5 2 0 3 2 2
-6429.7 -1304.8 -6.9 78 0 9.9 15.0 7.5 2.5 2 1 3 5 5
-6457.9 -1460.4 -5.3 59 0 8.6 12.2 7.5 2.5 2 1 3 5 5
-6461.0 -1300.1 -7.4 207 0 12.2 11.8 7.5 2.5 2 0 3 4 4
-6456.0 -1375.1 -8.2 0 0 11.2 10.0 7.5 2.5 2 0 3 5 5
-6287.7 -1288.6 -6.8 210 0 6.7 6.8 7.5 2.5 2 1 3 1 1
-6337.9 -1629.6 -6.0 253 0 10.2 9.5 7.5 0.0 0 0 3 5 5
-6835.9 408.8 -11.5 5 0 12.0 18.3 2.5 0.0 0 1 1 3 3
-6833.3 376.9 -11.2 2 0 12.1 10.9 7.5 0.0 0 0 3 4 4
-5795.9 670.6 -16.1 115 0 14.2 11.4 7.5 2.5 2 0 3 5 5
-6060.3 432.0 -18.5 116 0 10.1 16.8 7.5 2.5 4 1 3 1 1
-6346.6 597.8 -14.3 145 0 20.2 13.3 7.5 2.5 2 0 3 0 0
-6403.5 -770.5 -9.2 35 0 10.0 6.8 5.0 2.5 2 0 2 2 2
-6468.1 -501.8 -5.7 73 0 8.0 6.4 7.5 2.5 2 0 3 4 4
-6445.9 -429.9 -4.8 103 0 7.8 6.7 7.5 2.5 2 0 3 4 4
-6017.8 -818.6 0.5 47 0 34.1 29.2 7.5 0.0 0 0 3 1 1
-6800.2 2581.9 -13.5 174 0 17.2 6.2 5.0 2.5 2 0 2 2 2
-6903.5 2465.2 -12.5 164 0 13.3 9.5 7.5 2.5 2 0 3 3 3
-6905.5 2489.0 -11.1 171 0 12.6 11.6 2.5 0.0 0 0 1 0 0
-6830.9 2470.2 -14.6 67 0 11.2 13.5 10.0 2.5 2 1 4 1 1
-6824.1 2572.4 -11.4 355 0 13.5 9.4 5.0 2.5 2 0 2 5 5
-6813.8 2508.6 -14.1 341 0 9.4 9.3 5.0 2.5 2 0 2 3 3
-5759.7 1793.9 -19.7 41 0 23.4 13.4 7.5 2.5 2 0 3 3 3
-6256.4 2167.9 -14.1 30 0 9.5 8.7 5.0 2.5 2 0 2 0 0
-6115.7 2201.8 -10.6 296 0 7.3 8.4 2.5 2.5 2 1 1 0 0
-6103.6 2423.8 -9.1 58 0 8.3 7.7 7.5 2.5 2 0 3 0 0
-6102.4 2302.0 -7.1 39 0 12.2 7.7 7.5 2.5 2 0 3 3 3
-6029.2 2373.1 -6.6 227 0 11.7 10.9 7.5 2.5 2 0 3 1 1
-6039.5 2554.5 -10.1 220 0 11.9 9.6 7.5 2.5 4 0 3 3 3
-6029.8 2494.6 -9.2 172 0 8.3 12.8 2.5 2.5 2 1 1 1 1
-6004.5 2461.2 -8.1 20 0 10.1 6.3 7.5 2.5 2 0 3 3 3
-5916.4 2554.8 -6.6 215 0 11.9 10.2 7.5 2.5 2 0 3 0 0
-6740.0 1455.2 -20.7 69 0 10.6 14.1 2.5 2.5 2 1 1 2 2
-5701.5 2704.1 -9.0 316 0 13.7 16.3 5.0 2.5 2 1 2 5 5
-5743.7 2597.5 -11.9 70 0 12.8 12.2 2.5 2.5 2 0 1 4 4
-3518.3 3635.7 -10.4 45 0 6.6 12.2 7.5 2.5 2 1 3 3 3
-3621.6 3809.6 -9.3 344 0 8.6 19.0 5.0 2.5 2 1 2 4 4
-3753.0 3819.6 -11.6 169 0 15.4 7.5 2.5 2.5 2 0 1 4 4
-3075.6 3667.8 -4.2 18 0 13.2 6.4 2.5 0.0 0 0 1 4 4
-2995.3 3630.6 -2.9 194 0 20.6 8.5 7.5 2.5 2 0 3 3 3
-2994.5 3496.5 -5.3 104 0 8.2 10.0 7.5 2.5 2 1 3 2 2
-2881.3 3728.3 -7.0 12 0 14.8 9.9 7.5 2.5 2 0 3 4 4
-2870.9 3757.7 -8.1 12 0 11.4 11.3 7.5 2.5 2 0 3 3 3
-2851.7 3881.3 -10.9 13 0 9.2 8.4 5.0 2.5 2 0 2 5 5
-2849.8 3926.7 -11.0 282 0 7.5 11.3 5.0 2.5 4 1 2 3 3
-2950.1 4021.0 -9.2 13 0 12.7 9.3 7.5 2.5 2 0 3 3 3
-2961.1 4158.7 -11.4 292 0 11.1 11.3 2.5 2.5 2 1 1 5 5
-3082.2 4203.7 -15.4 58 0 6.2 10.9 2.5 2.5 2 1 1 3 3
-3134.4 3797.9 -9.3 30 0 12.4 10.8 5.0 0.0 0 0 2 5 5
-3132.2 3718.1 -6.1 114 0 12.3 8.2 5.0 2.5 2 0 2 3 3
-3074.6 3730.7 -3.4 195 0 8.6 16.4 7.5 2.5 2 1 3 1 1
-3237.1 3222.3 -6.5 237 0 11.3 12.9 5.0 2.5 2 1 2 1 1
-3046.9 3410.6 -3.8 19 0 11.4 11.2 10.0 2.5 2 0 4 4 4
-3171.6 3418.4 -6.9 289 0 10.2 13.2 7.5 2.5 2 1 3 1 1
-3058.1 3012.3 -7.5 134 0 9.0 9.4 7.5 2.5 2 1 3 3 3
-3050.5 3000.5 -8.1 137 0 11.6 11.3 7.5 2.5 2 0 3 5 5
-2901.4 3097.6 -7.8 124 0 7.8 12.0 2.5 2.5 2 1 1 3 3
-3001.2 3025.7 -8.4 63 0 12.2 10.9 2.5 2.5 2 0 1 1 1
-3177.1 3250.0 -5.5 49 0 8.6 12.9 10.0 2.5 2 1 4 5 5
-3102.1 3559.0 -7.5 15 0 7.8 14.0 10.0 2.5 2 1 4 4 4
-3108.9 3617.0 -7.1 199 0 13.0 7.4 10.0 0.0 0 0 4 4 4
-6078.9 3148.4 -7.4 195 0 9.4 8.2 2.5 2.5 2 0 1 0 0
-6042.0 3068.2 -8.2 97 0 12.7 13.0 7.5 2.5 2 1 3 5 5
-5769.4 2795.3 -2.8 233 0 14.3 10.2 5.0 2.5 2 0 2 1 1
-5387.6 2729.2 -4.1 5 0 21.2 10.3 7.5 2.5 4 0 3 3 3
-5394.2 2788.4 -3.4 352 0 14.8 12.2 7.5 2.5 4 0 3 3 3
-5461.2 2920.5 -0.7 274 0 9.4 12.8 2.5 0.0 0 1 1 0 0
-5546.7 2830.9 -2.1 330 0 6.5 9.5 10.0 2.5 2 1 4 5 5
-3131.5 4030.3 -14.6 279 0 9.8 7.2 7.5 2.5 2 0 3 1 1
-3070.6 3754.2 -3.1 192 0 17.8 16.8 10.0 2.5 2 0 4 4 4
