304.1 -3582.0 -8.1 157 0 6.8 15.4 7.5 2.5 2 0 3 4 4
3175.9 5597.7 -15.2 195 0 11.7 12.2 10.5 3.5 2 0 3 4 4
3213.8 5538.5 -13.0 190 0 9.8 16.8 10.5 3.5 2 0 3 5 5
3214.6 5550.3 -14.0 99 0 14.7 12.8 10.5 3.5 2 0 3 4 4
3156.7 5279.4 -10.2 101 0 12.1 8.4 10.5 3.5 2 0 3 5 5
3125.3 5425.8 -15.4 195 0 8.2 24.7 10.5 3.5 2 0 3 4 4
3174.7 5366.2 -13.2 286 0 21.8 20.7 10.5 3.5 2 0 3 2 2
3169.3 5540.3 -15.1 101 0 21.7 13.2 10.5 3.5 2 0 3 3 3
3208.9 5471.8 -12.3 87 0 9.7 8.7 10.5 3.5 2 0 3 1 1
3144.5 5402.2 -15.2 14 0 15.8 17.9 10.5 3.5 2 0 3 2 2
3172.9 5558.7 -15.2 105 0 19.1 12.3 10.5 3.5 2 0 3 2 2
3199.3 5504.2 -13.0 285 0 14.3 10.2 10.5 3.5 2 0 3 2 2
3184.2 5429.5 -13.4 269 0 11.0 8.0 10.5 3.5 2 0 3 4 4
3161.2 5250.6 -9.6 105 0 16.3 11.7 10.5 3.5 2 0 3 3 3
3154.4 5328.3 -12.0 197 0 11.1 14.5 10.5 3.5 2 0 3 0 0
3178.6 5397.0 -13.5 100 0 14.6 12.5 10.5 3.5 2 0 3 5 5
3198.3 5534.3 -13.5 192 0 19.0 13.1 10.5 3.5 2 0 3 5 5
3190.8 5485.7 -13.1 106 0 9.3 7.8 10.5 3.5 2 0 3 3 3
3160.3 5265.2 -9.7 102 0 14.2 11.2 10.5 3.5 2 0 3 1 1
3158.1 5342.3 -12.5 195 0 7.7 6.1 10.5 3.5 2 0 3 1 1
3175.5 5385.1 -13.5 100 0 18.3 8.7 10.5 3.5 2 0 3 4 4
3166.7 5475.2 -14.6 15 0 17.0 15.8 10.5 3.5 2 0 3 4 4
3167.3 5307.5 -11.1 191 0 14.8 23.2 10.5 3.5 2 0 3 0 0
3141.7 5254.8 -9.4 101 0 11.6 11.7 10.5 3.5 2 0 3 1 1
3115.6 5295.1 -11.2 185 0 9.3 9.2 10.5 3.5 2 0 3 4 4
3189.5 5649.6 -15.7 184 0 8.0 9.9 10.5 3.5 2 0 3 5 5
3232.1 5475.7 -11.3 86 0 10.2 7.2 10.5 3.5 2 0 3 3 3
3203.3 5451.8 -12.6 274 0 9.2 14.5 10.5 3.5 2 0 3 0 0
3155.1 5441.1 -15.1 16 0 11.8 21.5 10.5 3.5 2 0 3 0 0
3198.9 5260.7 -10.9 99 0 13.4 10.7 10.5 3.5 2 0 3 1 1
3153.2 5302.5 -10.8 274 0 8.1 10.3 10.5 3.5 2 0 3 2 2
3086.3 5251.0 -9.9 193 0 21.8 8.5 10.5 3.5 2 0 3 4 4
3195.7 5660.1 -15.8 194 0 7.0 9.4 10.5 3.5 2 0 3 0 0
3165.0 5515.9 -14.8 282 0 22.5 13.1 10.5 3.5 2 0 3 3 3
3128.4 5436.8 -15.3 194 0 9.7 22.8 10.5 3.5 2 0 3 0 0
3130.6 5348.6 -13.2 281 0 10.3 20.2 10.5 3.5 2 0 3 3 3
3181.2 5611.5 -15.3 192 0 10.6 10.5 10.5 3.5 2 0 3 2 2
3166.3 5489.9 -14.2 101 0 10.0 8.7 10.5 3.5 2 0 3 1 1
3107.9 5593.3 -17.3 294 0 19.7 20.4 10.5 3.5 2 0 3 2 2
3143.1 5240.5 -8.8 101 0 11.7 11.7 10.5 3.5 2 0 3 1 1
3125.4 5320.9 -12.1 276 0 9.6 16.6 10.5 3.5 2 0 3 0 0
3245.5 5477.1 -10.8 90 0 10.0 9.1 10.5 3.5 2 0 3 2 2
3293.5 5492.8 -10.1 90 0 8.1 9.7 10.5 3.5 2 0 3 4 4
3133.6 5369.2 -14.3 101 0 19.0 8.7 10.5 3.5 2 0 3 2 2
3193.5 5688.8 -16.1 184 0 6.3 14.1 10.5 3.5 2 0 3 2 2
3178.6 5578.7 -15.1 101 0 10.7 7.4 10.5 3.5 2 0 3 0 0
3256.6 5485.6 -10.5 86 0 10.5 9.3 10.5 3.5 2 0 3 0 0
3257.3 5466.4 -10.3 262 0 15.0 9.3 10.5 3.5 2 0 3 1 1
3168.2 5530.0 -14.8 282 0 20.2 11.3 10.5 3.5 2 0 3 5 5
3193.0 5700.1 -16.2 194 0 10.0 10.1 10.5 3.5 2 0 3 3 3
3002.3 5262.7 -13.3 26 0 15.8 35.8 10.5 3.5 2 0 3 2 2
3180.8 5635.3 -15.6 192 0 6.6 19.4 10.5 3.5 2 0 3 3 3
3223.4 5570.1 -15.3 106 0 11.3 44.7 10.5 3.5 2 0 3 2 2
-397.0 -6552.4 4.3 236 0 12.3 28.4 3.5 3.5 2 1 1 3 3
-274.2 -6778.1 4.9 332 0 15.2 25.8 3.5 3.5 2 1 1 5 5
-369.0 -6584.8 5.0 331 0 27.2 13.0 7.0 3.5 2 0 2 1 1
-243.0 -6752.9 3.3 64 0 14.0 17.0 16.0 3.5 2 1 4 0 0
-151.0 -6217.2 -1.1 182 0 20.9 47.1 7.0 3.5 2 1 2 4 4
-175.6 -6585.7 0.8 325 0 9.8 28.3 14.0 3.5 2 1 4 3 3
-101.2 -6590.6 -0.0 325 0 55.2 7.3 14.0 3.5 4 0 4 0 0
-118.7 -6599.7 -0.0 145 0 50.7 7.2 14.0 3.5 2 0 4 2 2
-152.6 -6573.5 -0.0 144 0 22.6 36.1 14.0 0.0 0 1 4 2 2
-124.3 -6623.0 0.1 162 0 8.2 17.6 14.0 3.5 2 1 4 3 3
-119.5 -6638.8 0.2 324 0 11.0 33.7 14.0 3.5 2 1 4 3 3
-137.4 -6624.0 0.1 324 0 7.1 24.1 14.0 3.5 2 1 4 4 4
-138.6 -6611.9 0.1 323 0 8.7 33.6 14.0 3.5 2 1 4 5 5
-164.4 -6688.4 0.2 144 0 10.4 22.6 14.0 3.5 2 1 4 1 1
-206.4 -6623.4 0.6 144 0 9.9 47.5 14.0 3.5 2 1 4 3 3
-204.9 -6593.0 1.0 144 0 9.3 27.4 14.0 3.5 2 1 4 2 2
-210.8 -6568.7 1.4 147 0 19.7 14.4 14.0 3.5 2 0 4 4 4
-200.5 -6640.2 0.6 142 0 9.7 28.2 14.0 3.5 2 1 4 4 4
-179.6 -6646.6 0.3 143 0 12.2 13.8 14.0 3.5 2 1 4 2 2
545.9 -6565.0 -2.3 16 0 8.6 22.3 7.5 0.0 0 1 3 2 2
-152.7 -4502.4 -6.8 306 0 24.9 11.8 10.0 2.5 2 0 4 0 0
1949.1 -6488.3 2.5 266 0 10.7 33.7 5.0 2.5 2 1 2 5 5
1931.4 -6489.2 2.5 267 0 11.4 27.2 7.5 2.5 2 1 3 3 3
1903.3 -6490.7 2.5 268 0 21.7 37.9 7.5 0.0 0 1 3 4 4
1921.5 -6396.2 2.6 48 0 10.1 65.6 10.0 2.5 4 1 4 3 3
2093.4 -6434.4 4.2 267 0 31.7 57.8 10.0 0.0 0 1 4 2 2
2123.4 -6451.0 5.2 268 0 15.5 31.9 12.5 0.0 0 1 5 5 5
2151.7 -6431.7 4.9 267 0 32.0 56.0 12.5 0.0 0 1 5 0 0
2159.1 -6613.2 3.0 88 0 22.1 55.0 5.0 0.0 0 1 2 4 4
2208.8 -6551.7 3.3 268 0 13.2 19.5 7.5 2.5 2 1 3 5 5
2204.4 -6592.3 3.6 358 0 6.1 14.6 7.5 2.5 2 1 3 0 0
-544.2 -5034.0 -0.2 292 0 8.8 14.2 7.5 2.5 2 1 3 5 5
1500.8 -4924.2 4.2 219 0 108.5 149.6 12.5 0.0 0 1 5 1 1
-266.1 -6724.6 3.7 154 0 10.4 8.8 17.5 0.0 0 0 5 5 5
-258.5 -6699.3 3.3 337 0 17.0 15.4 17.5 3.5 2 0 5 4 4
504.1 -6588.4 -2.0 196 0 7.1 11.9 14.0 0.0 0 1 4 0 0
541.3 -6598.2 -2.0 19 0 17.3 11.9 7.5 2.5 4 0 3 1 1
489.5 -6604.8 -1.8 197 0 9.3 29.0 5.0 2.5 2 1 2 0 0
2142.8 -6145.0 4.1 37 0 13.1 19.0 5.0 2.5 4 1 2 2 2
2161.8 -6142.3 4.7 200 0 17.4 10.5 5.0 2.5 2 0 2 3 3
2144.8 -6171.2 4.0 250 0 10.3 22.3 5.0 2.5 2 1 2 1 1
2090.1 -6164.3 3.3 79 0 9.6 17.5 5.0 2.5 2 1 2 4 4
2187.3 -6207.9 4.5 44 0 11.8 17.4 5.0 2.5 2 1 2 3 3
2197.0 -6184.4 4.6 42 0 10.9 14.6 5.0 2.5 2 1 2 0 0
2199.2 -6109.0 6.8 183 0 9.1 16.4 5.0 2.5 2 1 2 1 1
2271.9 -6155.7 6.8 85 0 14.7 12.9 7.5 2.5 2 0 3 3 3
2195.8 -6239.9 5.8 190 0 8.7 23.9 5.0 2.5 2 1 2 3 3
2192.0 -6290.0 7.5 184 0 10.1 11.8 5.0 2.5 2 1 2 5 5
2228.5 -6319.3 8.1 96 0 8.6 14.1 5.0 2.5 2 1 2 0 0
2029.6 -6369.1 5.9 199 0 10.6 21.1 5.0 0.0 0 1 2 2 2
2032.2 -6347.6 6.1 191 0 9.2 21.3 10.0 2.5 2 1 4 3 3
2071.7 -6381.9 6.5 97 0 10.3 11.6 5.0 2.5 2 1 2 3 3
2108.5 -6297.2 6.2 274 0 8.1 9.5 5.0 0.0 0 1 2 5 5
2096.7 -6317.6 6.4 182 0 12.0 16.0 5.0 2.5 2 1 2 4 4
2165.0 -6385.1 6.4 4 0 12.2 9.6 5.0 2.5 2 0 2 3 3
2180.6 -6376.0 7.0 181 0 12.2 18.2 5.0 2.5 2 1 2 0 0
1990.0 -6219.8 3.9 55 0 16.7 27.6 7.5 0.0 0 1 3 0 0
2318.0 -6120.4 6.8 10 0 12.1 14.9 2.5 2.5 2 1 1 1 1
2259.7 -5929.9 6.7 146 0 7.2 19.6 15.0 0.0 0 1 6 5 5
2247.6 -6002.7 7.2 181 0 18.0 8.8 5.0 2.5 2 0 2 0 0
2240.4 -6044.1 6.9 182 0 8.5 12.7 2.5 2.5 4 1 1 3 3
2239.2 -5834.6 5.2 156 0 14.5 24.5 12.5 2.5 2 1 5 3 3
2118.8 -6032.1 6.8 180 0 11.2 25.7 10.0 2.5 2 1 4 1 1
2121.0 -6050.8 6.6 183 0 15.5 21.6 7.5 2.5 2 1 3 3 3
2011.3 -6350.3 5.1 16 0 19.3 11.7 5.0 2.5 2 0 2 2 2
2287.3 -6253.0 6.5 267 0 12.7 16.1 5.0 2.5 2 1 2 0 0
2301.2 -6320.7 6.3 92 0 18.9 14.1 7.5 2.5 2 0 3 2 2
2313.4 -6298.1 6.3 3 0 8.2 13.7 5.0 2.5 2 1 2 2 2
2332.6 -6316.8 6.5 193 0 8.4 12.0 5.0 0.0 0 1 2 4 4
2337.5 -6295.3 6.6 176 0 20.7 17.1 10.0 2.5 2 0 4 3 3
2335.8 -6264.8 6.6 180 0 9.3 17.1 7.5 2.5 2 1 3 1 1
2332.8 -6218.2 6.7 168 0 10.3 15.8 5.0 2.5 2 1 2 5 5
2243.2 -6349.7 7.7 273 0 17.0 8.4 5.0 2.5 2 0 2 5 5
2294.2 -6352.4 6.3 4 0 20.5 11.1 2.5 2.5 2 0 1 3 3
2310.5 -6378.7 6.3 187 0 19.1 13.1 7.5 0.0 0 0 3 0 0
2415.0 -6507.2 6.3 182 0 9.1 13.8 5.0 2.5 2 1 2 2 2
-630.9 -6068.0 2.7 264 0 15.5 14.7 5.0 2.5 2 0 2 3 3
-618.6 -6055.9 2.4 264 0 11.5 14.9 5.0 2.5 2 1 2 0 0
1932.2 -5997.9 1.7 13 0 13.6 16.6 7.5 2.5 2 1 3 4 4
2570.8 -6285.6 9.4 313 0 10.1 16.6 5.0 2.5 2 1 2 1 1
-2858.7 -3703.8 1.0 115 0 9.9 9.6 7.0 0.0 0 0 2 3 3
-2844.6 -3673.8 2.7 14 0 15.7 10.6 5.0 2.5 2 0 2 1 1
-4540.7 -6219.2 14.5 0 0 43.2 23.3 12.5 0.0 0 0 5 5 5
-3541.7 -2042.0 -1.0 20 0 48.1 14.1 12.5 2.5 2 0 5 1 1
-3570.9 -2113.4 0.6 21 0 14.6 69.1 12.5 2.5 2 1 5 2 2
-3573.1 -2002.4 -2.8 292 0 28.1 35.7 10.0 0.0 0 1 4 4 4
-3608.0 -2090.1 -0.3 113 0 9.2 20.8 7.5 2.5 2 1 3 0 0
-3642.5 -2029.9 -1.6 201 0 8.4 43.2 7.5 2.5 2 1 3 4 4
-3637.4 -2007.1 -1.9 206 0 9.2 10.9 5.0 2.5 4 1 2 3 3
-3582.2 -2043.8 -1.9 20 0 9.1 15.9 7.5 2.5 2 1 3 0 0
-3628.0 -2071.1 -0.5 201 0 20.5 19.1 10.0 2.5 2 0 4 2 2
-3556.4 -2081.7 -0.8 20 0 36.5 15.9 12.5 2.5 2 0 5 3 3
-3573.8 -2064.3 -1.5 20 0 22.9 30.9 10.0 0.0 0 1 4 3 3
-3595.7 -1989.2 -3.1 288 0 8.8 36.2 12.5 2.5 2 1 5 1 1
-289.7 -6846.2 5.2 76 0 8.2 15.2 17.5 3.5 2 1 5 0 0
-422.9 -6784.9 6.2 180 0 25.0 38.5 14.0 3.5 2 1 4 1 1
-388.2 -6723.5 6.6 346 0 26.3 16.9 14.0 3.5 2 0 4 0 0
-606.4 -5977.2 0.8 95 0 17.7 11.6 10.0 2.5 2 0 4 5 5
-407.9 -6824.7 5.3 180 0 8.7 14.7 14.0 3.5 2 1 4 3 3
-415.5 -6812.6 5.5 180 0 11.5 25.6 14.0 3.5 2 1 4 2 2
3409.0 -330.2 -7.6 197 0 105.3 74.7 15.0 0.0 0 0 6 2 2
773.3 -3233.6 -2.6 148 0 6.0 85.9 14.0 3.5 2 1 4 5 5
790.0 -3202.9 -3.0 58 0 38.4 13.6 10.0 0.0 0 0 4 1 1
796.5 -3222.4 -3.0 237 0 36.2 10.5 14.0 3.5 2 0 4 0 0
4080.5 -5014.1 -8.1 159 0 7.6 19.3 5.0 0.0 0 1 2 1 1
4059.5 -4559.0 -9.9 256 0 10.3 12.1 7.5 2.5 2 1 3 0 0
4202.2 -4534.1 -7.1 352 0 8.5 10.4 7.5 2.5 2 1 3 2 2
3721.4 -5469.0 2.9 155 0 14.6 14.4 5.0 2.5 2 0 2 3 3
4383.4 -4571.0 -1.7 358 0 8.9 16.3 5.0 2.5 2 1 2 0 0
4272.8 -4596.6 -3.6 108 0 9.3 6.8 5.0 2.5 2 0 2 2 2
4247.4 -4567.6 -5.3 277 0 7.6 7.4 7.5 2.5 2 0 3 5 5
4179.1 -4565.9 -6.4 87 0 10.5 9.8 5.0 2.5 2 0 2 3 3
4194.1 -4499.2 -8.4 264 0 6.1 6.8 5.0 2.5 2 1 2 3 3
4219.5 -4588.2 -5.5 90 0 13.5 9.6 5.0 2.5 2 0 2 4 4
4224.7 -4497.7 -8.5 355 0 14.5 12.5 10.0 2.5 2 0 4 1 1
3694.0 -5469.4 3.1 152 0 6.3 7.8 5.0 0.0 0 1 2 5 5
4416.8 -4536.4 -2.2 17 0 8.0 12.5 2.5 2.5 2 1 1 2 2
4218.6 -4746.8 -6.1 88 0 9.4 17.4 5.0 2.5 2 1 2 1 1
4140.4 -4570.9 -6.9 92 0 11.5 7.7 7.5 2.5 2 0 3 0 0
3945.6 -5487.0 -2.6 59 0 9.9 30.1 12.5 2.5 2 1 5 0 0
4136.9 -4654.6 -7.2 37 0 6.7 22.0 7.5 2.5 4 1 3 3 3
4096.6 -5188.9 -5.0 292 0 8.0 15.6 5.0 2.5 2 1 2 2 2
4110.9 -4512.2 -9.6 254 0 10.3 16.8 2.5 2.5 2 1 1 2 2
2581.1 -5623.1 2.4 346 0 8.3 16.0 7.5 0.0 0 1 3 1 1
2690.0 -5755.9 2.9 4 0 10.9 18.0 7.5 0.0 0 1 3 1 1
2597.2 -5561.9 1.9 210 0 19.1 23.7 7.5 0.0 0 1 3 2 2
2664.6 -5616.7 1.9 333 0 10.4 18.0 7.5 0.0 0 1 3 3 3
2729.4 -5766.0 2.4 147 0 12.4 12.7 5.0 2.5 2 1 2 3 3
2689.3 -5362.7 0.3 144 0 10.2 11.2 2.5 2.5 2 1 1 3 3
2607.5 -5717.4 2.9 10 0 7.1 9.3 10.0 2.5 2 1 4 4 4
2665.0 -5544.1 1.4 129 0 15.2 16.5 10.0 2.5 2 1 4 5 5
2868.8 -5091.4 -0.6 217 0 6.3 9.7 7.5 2.5 2 1 3 1 1
2777.6 -5243.9 -0.2 50 0 16.0 10.8 5.0 2.5 2 0 2 5 5
2729.5 -5714.6 1.7 221 0 10.5 13.4 5.0 2.5 4 1 2 3 3
2536.4 -5730.7 4.3 87 0 13.2 23.3 7.5 2.5 2 1 3 2 2
2619.4 -5634.5 2.3 183 0 11.5 12.4 5.0 2.5 2 1 2 5 5
2829.4 -5163.2 -1.3 20 0 11.3 9.6 5.0 2.5 2 0 2 4 4
2675.2 -5865.5 3.4 62 0 10.5 16.0 7.5 0.0 0 1 3 3 3
2670.7 -5721.3 2.8 354 0 6.2 10.8 7.5 2.5 2 1 3 0 0
2569.9 -5735.1 4.0 110 0 6.8 6.7 2.5 2.5 2 0 1 4 4
2588.9 -5438.0 -0.4 84 0 6.5 14.7 5.0 2.5 4 1 2 4 4
2583.2 -5650.2 2.7 339 0 11.2 15.0 5.0 2.5 2 1 2 1 1
2833.0 -5109.8 -3.0 356 0 14.0 23.0 12.5 2.5 2 1 5 0 0
1721.4 -6518.3 2.5 90 0 13.4 11.7 2.5 2.5 2 0 1 5 5
1701.5 -6417.7 1.2 22 0 12.9 22.1 10.0 2.5 2 1 4 5 5
-6716.9 -6.7 -17.6 147 0 10.1 7.8 5.0 2.5 2 0 2 4 4
-6741.6 -48.6 -18.2 149 0 10.8 9.8 2.5 2.5 4 0 1 4 4
-6852.5 2.4 -15.9 100 0 16.1 11.0 2.5 2.5 2 0 1 1 1
-6831.9 82.0 -18.0 215 0 8.6 7.5 5.0 0.0 0 0 2 2 2
-6851.4 108.5 -18.9 116 0 8.8 16.3 5.0 2.5 4 1 2 5 5
-6908.8 135.1 -20.1 314 0 13.4 10.1 7.5 2.5 2 0 3 5 5
2935.3 -6615.5 2.5 92 0 9.5 21.6 7.5 2.5 2 1 3 5 5
2948.8 -6610.3 2.7 183 0 8.0 12.2 7.5 0.0 0 1 3 5 5
-184.0 -6274.5 0.7 104 0 10.2 25.8 10.5 3.5 2 1 3 5 5
-184.8 -6428.7 -0.3 260 0 12.9 8.6 14.0 3.5 4 0 4 2 2
-113.7 -6351.3 1.9 81 0 7.4 17.3 14.0 3.5 2 1 4 0 0
-120.7 -6477.9 -0.1 176 0 8.8 16.3 14.0 3.5 2 1 4 1 1
-173.2 -6376.5 0.5 347 0 8.8 8.5 14.0 3.5 2 0 4 3 3
-43.7 -6349.5 1.8 102 0 12.1 8.5 14.0 0.0 0 0 4 1 1
-208.0 -6209.8 -0.1 139 0 10.9 13.7 5.0 2.5 2 1 2 3 3
-217.3 -6220.3 0.5 112 0 11.7 9.4 5.0 2.5 2 0 2 2 2
-192.1 -6241.2 0.7 281 0 15.3 14.7 10.5 3.5 4 0 3 0 0
-208.7 -6244.7 1.1 270 0 12.6 9.5 10.5 3.5 2 0 3 5 5
-199.7 -6344.4 0.3 326 0 7.0 21.2 14.0 0.0 0 1 4 3 3
-65.1 -6481.3 1.3 90 0 12.0 7.1 14.0 3.5 2 0 4 2 2
-41.1 -6447.7 2.7 0 0 16.3 7.9 14.0 3.5 2 0 4 4 4
-43.1 -6366.9 1.8 320 0 13.3 17.6 14.0 3.5 2 1 4 5 5
-86.8 -6399.1 1.6 125 0 6.1 10.9 14.0 3.5 4 1 4 0 0
-90.3 -6378.4 1.8 303 0 8.1 11.4 14.0 0.0 0 1 4 3 3
-121.9 -6379.3 1.7 250 0 10.6 10.7 14.0 3.5 2 1 4 1 1
-137.8 -6319.2 1.7 172 0 8.4 20.0 14.0 3.5 2 1 4 5 5
-107.8 -6252.3 -0.6 357 0 10.4 25.3 14.0 3.5 2 1 4 3 3
-846.0 -6473.6 5.3 95 0 11.0 11.0 7.5 2.5 2 1 3 5 5
-1565.3 -6731.3 14.2 325 0 11.1 42.1 10.0 2.5 4 1 4 4 4
-1556.4 -6824.8 10.9 326 0 12.3 20.4 7.5 0.0 0 1 3 0 0
-1578.0 -6872.8 10.9 110 0 9.1 21.9 7.5 2.5 4 1 3 0 0
-1545.6 -6843.5 10.9 332 0 31.1 9.8 10.0 2.5 2 0 4 1 1
-1586.6 -6802.2 11.6 325 0 9.2 15.3 5.0 2.5 2 1 2 5 5
-1610.8 -6804.5 12.3 59 0 9.9 14.5 7.5 2.5 2 1 3 1 1
-1627.6 -6786.0 13.2 149 0 14.5 9.9 2.5 2.5 4 0 1 3 3
-1645.9 -6759.0 14.7 149 0 14.5 9.9 5.0 2.5 2 0 2 5 5
-1655.8 -6733.4 15.1 239 0 9.9 14.5 5.0 2.5 2 1 2 4 4
-1639.8 -6821.5 13.4 54 0 6.1 14.8 7.5 2.5 2 1 3 1 1
-1679.4 -6822.5 14.3 236 0 10.3 22.1 5.0 2.5 2 1 2 4 4
-1405.6 -4772.7 3.0 62 0 15.1 9.1 7.5 2.5 2 0 3 3 3
2429.1 -5760.6 5.7 323 0 8.0 9.8 7.5 2.5 2 1 3 1 1
2436.8 -5601.0 3.9 312 0 9.7 9.0 5.0 0.0 0 0 2 2 2
2409.2 -5694.2 7.7 160 0 7.9 7.7 7.5 2.5 2 0 3 1 1
3349.5 -6875.4 1.1 88 0 10.6 20.4 10.0 2.5 2 1 4 1 1
3253.7 -6833.1 -0.8 203 0 9.3 23.1 2.5 2.5 2 1 1 5 5
3200.2 -6758.0 -1.3 183 0 12.1 17.0 5.0 2.5 2 1 2 4 4
3167.4 -6808.6 -0.3 7 0 22.6 12.1 10.0 2.5 2 0 4 0 0
3174.9 -6759.5 -0.6 2 0 16.9 9.4 10.0 2.5 2 0 4 2 2
3135.1 -6749.2 0.4 186 0 19.0 10.5 7.5 2.5 2 0 3 2 2
3131.0 -6776.3 0.6 183 0 18.7 10.1 7.5 2.5 4 0 3 0 0
3127.3 -6799.8 0.9 186 0 17.8 10.3 7.5 2.5 2 0 3 2 2
3116.2 -6849.7 2.5 189 0 12.8 9.5 7.5 2.5 2 0 3 2 2
3154.5 -6859.0 1.4 15 0 16.5 10.5 7.5 2.5 2 0 3 4 4
3143.1 -6888.2 2.1 100 0 10.0 16.8 7.5 2.5 2 1 3 0 0
2269.7 -6890.9 4.6 7 0 9.8 18.6 5.0 2.5 2 1 2 5 5
2214.1 -6889.3 4.3 179 0 22.8 19.4 7.5 2.5 2 0 3 3 3
3179.2 -6640.2 0.7 92 0 18.5 8.0 5.0 0.0 0 0 2 5 5
3204.3 -6636.9 -0.5 82 0 11.9 14.6 5.0 2.5 2 1 2 3 3
3270.5 -6627.3 -0.5 260 0 18.7 7.2 7.5 2.5 2 0 3 3 3
3238.9 -6643.9 -1.0 257 0 11.4 16.4 2.5 2.5 2 1 1 3 3
3166.4 -6574.2 2.4 77 0 10.4 19.7 7.5 2.5 2 1 3 2 2
-4007.2 197.3 -12.0 139 0 8.2 7.3 5.0 2.5 2 0 2 2 2
-4045.9 183.4 -8.1 272 0 10.6 13.1 7.5 2.5 2 1 3 4 4
-4006.1 127.1 -11.1 16 0 9.9 13.5 7.5 2.5 2 1 3 3 3
-4519.8 77.7 -3.6 137 0 8.2 10.3 7.5 2.5 2 1 3 4 4
-4240.7 309.5 -11.0 87 0 6.0 15.6 2.5 2.5 2 1 1 2 2
-4165.0 394.1 -7.2 147 0 7.7 9.6 5.0 2.5 2 1 2 0 0
-4118.1 370.0 -8.2 52 0 16.7 16.4 10.0 2.5 2 0 4 1 1
-4151.4 333.2 -8.1 322 0 16.0 15.1 5.0 2.5 2 0 2 3 3
-4121.2 294.6 -9.1 317 0 12.1 15.4 5.0 2.5 2 1 2 3 3
-4096.1 267.6 -9.1 328 0 11.1 15.1 7.5 2.5 2 1 3 2 2
-3967.3 81.9 -4.9 180 0 7.4 7.3 2.5 2.5 2 0 1 1 1
-3993.1 161.3 -11.8 170 0 6.6 11.1 7.5 2.5 2 1 3 4 4
-3982.1 177.2 -7.6 178 0 8.6 6.2 7.5 2.5 2 0 3 4 4
-4051.7 262.0 -9.9 112 0 10.5 14.4 7.5 2.5 4 1 3 1 1
-4026.1 217.8 -10.5 172 0 9.4 13.0 7.5 2.5 2 1 3 4 4
-4022.4 87.0 -9.4 20 0 9.2 13.5 10.0 2.5 2 1 4 3 3
-4040.8 55.3 -6.9 54 0 7.6 10.6 5.0 2.5 4 1 2 3 3
-4059.5 29.8 -4.0 48 0 6.3 15.9 2.5 2.5 2 1 1 2 2
-4139.7 13.2 -5.9 99 0 11.3 17.7 2.5 2.5 2 1 1 5 5
-4191.2 14.3 -5.5 78 0 11.1 17.2 10.0 2.5 2 1 4 5 5
-4463.0 42.6 -7.4 129 0 11.7 16.5 7.5 2.5 2 1 3 5 5
-4484.9 12.7 -6.9 313 0 17.1 14.1 7.5 2.5 4 0 3 3 3
-4565.9 105.7 -5.6 175 0 7.1 10.5 5.0 2.5 2 1 2 5 5
-4504.7 75.7 -4.5 117 0 12.1 11.9 5.0 2.5 2 0 2 2 2
-4520.9 47.6 -6.8 296 0 6.7 29.9 7.5 2.5 2 1 3 5 5
-4467.1 14.2 -6.6 298 0 7.7 8.7 7.5 2.5 2 1 3 4 4
-4456.9 -7.2 -7.0 314 0 8.3 16.0 5.0 2.5 2 1 2 0 0
-4416.3 -27.5 -7.5 292 0 9.0 20.3 7.5 0.0 0 1 3 0 0
-4373.2 -23.8 -5.2 294 0 8.7 13.6 10.0 2.5 2 1 4 0 0
-4337.4 -35.3 -4.0 265 0 9.7 8.2 10.0 2.5 2 0 4 0 0
-4273.5 2112.9 -4.9 173 0 7.2 8.0 7.5 2.5 2 1 3 5 5
-4296.6 1906.2 -8.4 163 0 8.0 10.4 10.0 2.5 2 1 4 0 0
-4280.4 1922.4 -8.3 151 0 8.5 6.7 7.5 2.5 2 0 3 4 4
-4254.9 1906.7 -9.9 156 0 10.2 12.2 10.0 2.5 2 1 4 3 3
-4209.0 2051.9 -6.3 180 0 8.4 6.6 7.5 0.0 0 0 3 0 0
-4196.5 2114.6 -6.2 175 0 8.7 9.7 5.0 0.0 0 1 2 3 3
-4163.5 2088.8 -6.6 184 0 8.7 8.0 10.0 2.5 2 0 4 5 5
-4162.5 2036.8 -8.2 182 0 8.6 8.5 7.5 2.5 2 0 3 4 4
-4152.2 2050.1 -7.9 178 0 7.4 6.5 7.5 2.5 2 0 3 4 4
-4124.0 2058.9 -8.5 174 0 13.4 6.2 2.5 2.5 2 0 1 0 0
-4150.0 2104.6 -6.7 161 0 14.4 10.6 7.5 2.5 4 0 3 5 5
-4105.0 2107.3 -7.4 187 0 15.5 10.1 7.5 2.5 2 0 3 3 3
-4071.6 2095.7 -9.0 174 0 17.1 22.5 12.5 2.5 2 1 5 4 4
-2928.5 1504.2 -2.1 341 0 10.3 10.9 7.5 2.5 2 1 3 4 4
-2981.4 1550.0 -4.4 64 0 9.1 8.2 7.5 2.5 2 0 3 0 0
-2993.7 1480.7 -2.9 61 0 8.7 7.4 7.5 2.5 2 0 3 5 5
-3102.4 1536.0 -6.3 264 0 7.7 8.3 5.0 2.5 2 1 2 2 2
-3086.8 1459.2 -5.3 133 0 9.0 9.0 5.0 2.5 2 1 2 3 3
-3245.9 1537.6 -3.7 358 0 8.6 17.3 5.0 2.5 2 1 2 1 1
-3232.2 1439.1 -1.8 43 0 11.1 8.1 7.5 2.5 2 0 3 1 1
-3257.8 1426.2 -1.9 149 0 10.3 11.4 5.0 2.5 2 1 2 3 3
-3339.4 1543.7 -6.3 9 0 8.6 14.3 5.0 2.5 2 1 2 4 4
-3291.8 1471.7 -0.8 355 0 12.6 20.2 10.0 0.0 0 1 4 3 3
-3413.2 1347.4 -5.9 150 0 10.6 9.6 5.0 2.5 2 0 2 0 0
-3408.1 1316.2 -6.2 142 0 12.0 8.1 5.0 0.0 0 0 2 1 1
-3340.0 1309.8 -4.7 41 0 8.9 9.4 5.0 2.5 2 1 2 3 3
-3321.5 1254.8 -3.9 103 0 9.1 10.9 7.5 2.5 2 1 3 0 0
-3292.7 1312.5 -3.9 228 0 7.4 8.4 5.0 0.0 0 1 2 2 2
-3256.5 1298.0 -3.1 298 0 12.0 9.0 7.5 2.5 2 0 3 3 3
-3232.0 1221.0 -2.0 98 0 8.4 10.3 10.0 2.5 2 1 4 3 3
-3156.4 1203.6 -3.1 115 0 8.9 7.1 7.5 2.5 2 0 3 5 5
-3181.0 1210.5 -2.6 112 0 11.7 7.1 5.0 2.5 4 0 2 5 5
-3191.9 1270.0 -3.4 310 0 13.0 15.7 7.5 2.5 2 1 3 5 5
-3154.2 1136.7 -1.6 304 0 7.4 15.7 7.5 2.5 2 1 3 3 3
-3209.3 1054.0 -1.9 311 0 9.4 8.6 5.0 2.5 2 0 2 0 0
-3183.0 1028.8 -3.1 307 0 12.9 12.2 5.0 2.5 2 0 2 2 2
-3206.2 980.1 -3.9 126 0 8.4 6.3 10.0 2.5 2 0 4 1 1
-3187.6 963.1 -4.6 124 0 6.4 10.2 7.5 2.5 2 1 3 4 4
-3159.7 941.7 -5.4 147 0 9.6 14.0 2.5 2.5 2 1 1 2 2
-3120.6 1002.1 -4.3 295 0 9.1 11.9 5.0 2.5 2 1 2 2 2
-3103.5 964.5 -4.2 301 0 11.0 7.7 7.5 0.0 0 0 3 5 5
-3082.7 922.6 -4.2 90 0 12.9 9.8 10.0 2.5 2 0 4 2 2
-3084.3 829.8 -5.1 45 0 8.8 7.1 2.5 2.5 2 0 1 2 2
-3131.7 852.8 -5.4 174 0 9.0 13.0 5.0 2.5 2 1 2 3 3
-3087.7 810.2 -5.6 45 0 14.2 17.1 5.0 2.5 4 1 2 5 5
-3203.9 823.7 -4.8 268 0 10.0 14.6 5.0 2.5 2 1 2 1 1
-3242.8 791.2 -6.0 96 0 7.7 6.2 5.0 2.5 2 0 2 0 0
-3266.6 818.3 -7.6 279 0 13.1 24.2 15.0 0.0 0 1 6 3 3
-3216.6 949.3 -4.7 312 0 7.5 15.8 7.5 2.5 2 1 3 0 0
-3204.0 910.1 -5.3 2 0 10.6 16.7 5.0 2.5 2 1 2 0 0
-3243.4 890.7 -6.2 39 0 7.0 9.8 7.5 2.5 2 1 3 0 0
-3239.6 937.3 -4.8 337 0 8.7 10.9 10.0 2.5 2 1 4 1 1
-3268.6 951.6 -4.4 324 0 6.9 7.1 2.5 2.5 2 1 1 2 2
-3340.8 931.1 -5.6 79 0 6.3 8.6 5.0 2.5 2 1 2 4 4
-3386.9 1004.4 -5.3 273 0 11.2 13.5 7.5 2.5 2 1 3 5 5
-3323.9 1103.3 -0.8 180 0 13.6 12.3 7.5 2.5 4 0 3 4 4
-3388.5 1099.8 -6.5 164 0 13.0 12.8 5.0 2.5 2 0 2 2 2
-3357.3 1030.9 -3.5 26 0 8.2 10.5 2.5 2.5 2 1 1 2 2
-3387.8 1206.5 -6.6 282 0 16.3 12.7 5.0 2.5 2 0 2 1 1
-3900.4 1463.1 -6.4 303 0 11.7 15.5 5.0 2.5 2 1 2 4 4
-3914.4 1221.4 -11.5 314 0 9.0 7.3 5.0 2.5 2 0 2 3 3
-3860.2 1300.6 -6.5 233 0 7.8 9.7 7.5 2.5 2 1 3 1 1
-3885.0 1310.7 -7.1 290 0 10.3 9.9 2.5 2.5 4 0 1 4 4
-3847.4 1292.5 -7.7 241 0 11.5 17.0 5.0 2.5 2 1 2 3 3
-3826.1 1314.5 -6.6 313 0 11.8 14.0 7.5 2.5 2 1 3 1 1
-3806.5 1333.6 -6.0 318 0 12.9 14.0 7.5 2.5 2 1 3 4 4
-3783.8 1383.6 -3.7 317 0 7.3 12.5 7.5 2.5 2 1 3 5 5
-3708.8 1398.4 -6.1 277 0 12.4 16.8 5.0 2.5 2 1 2 3 3
-3612.5 1422.0 -5.5 166 0 8.3 14.8 2.5 2.5 2 1 1 0 0
-3573.2 1417.7 -6.2 164 0 10.0 7.6 7.5 2.5 2 0 3 4 4
-3583.0 1464.5 -4.1 130 0 6.9 9.6 10.0 2.5 2 1 4 3 3
-3832.1 1592.3 -3.7 186 0 11.0 6.8 7.5 2.5 2 0 3 1 1
-3823.4 1590.8 -3.4 186 0 12.8 11.2 7.5 2.5 2 0 3 5 5
-3902.9 1718.3 -7.1 124 0 9.9 8.9 2.5 0.0 0 0 1 3 3
-3862.7 1679.4 -6.1 274 0 10.7 18.1 5.0 0.0 0 1 2 5 5
-3821.4 1713.5 -6.3 89 0 11.4 12.7 7.5 2.5 2 1 3 1 1
-3767.5 1725.8 -6.1 23 0 9.0 13.2 2.5 0.0 0 1 1 3 3
-3762.5 1809.3 -8.5 226 0 9.8 14.4 7.5 2.5 2 1 3 2 2
-3703.8 1658.3 -5.1 153 0 9.6 14.0 7.5 2.5 4 1 3 4 4
-3653.0 1491.3 -4.0 105 0 9.6 10.7 7.5 2.5 2 1 3 1 1
-3615.5 1551.3 -2.5 22 0 15.3 12.0 10.0 2.5 2 0 4 3 3
-3752.7 1500.6 -3.8 193 0 19.7 10.4 5.0 2.5 2 0 2 1 1
-3751.1 1575.3 -2.5 202 0 8.9 12.9 5.0 2.5 2 1 2 0 0
-3764.4 1566.6 -2.0 20 0 19.2 7.8 7.5 2.5 2 0 3 5 5
-3789.0 1555.1 -2.4 9 0 14.5 16.5 7.5 2.5 2 1 3 1 1
-3830.8 1545.5 -3.7 20 0 27.2 13.4 7.5 2.5 2 0 3 4 4
-3867.0 1506.7 -5.0 118 0 16.2 12.4 10.0 2.5 2 0 4 0 0
-3898.9 1536.6 -5.3 116 0 7.5 33.9 10.0 2.5 2 1 4 5 5
-3925.1 1553.0 -5.7 120 0 16.0 12.6 10.0 2.5 2 0 4 4 4
-4004.2 1623.4 -4.8 13 0 9.8 8.7 7.5 2.5 2 0 3 3 3
-3977.0 1588.4 -6.1 184 0 9.9 13.7 5.0 2.5 2 1 2 5 5
-3976.5 1669.5 -5.5 69 0 9.1 9.6 7.5 2.5 2 1 3 2 2
-3965.1 1653.3 -5.7 177 0 7.9 10.9 5.0 2.5 2 1 2 4 4
-3943.4 1673.1 -6.1 239 0 12.5 8.9 7.5 2.5 2 0 3 1 1
-3921.2 1642.1 -5.6 4 0 8.5 14.3 10.0 0.0 0 1 4 2 2
-3936.3 1715.0 -6.3 26 0 7.9 12.2 7.5 2.5 4 1 3 1 1
-3944.8 1689.5 -6.2 60 0 12.7 11.7 5.0 2.5 2 0 2 0 0
-3999.4 1700.0 -5.2 149 0 12.2 12.5 7.5 2.5 2 1 3 0 0
-4082.1 1723.1 -3.9 184 0 15.0 11.0 10.0 0.0 0 0 4 0 0
-4117.2 1781.0 -9.1 161 0 12.1 10.6 5.0 0.0 0 0 2 3 3
-4149.0 1755.6 -7.7 175 0 10.6 13.2 5.0 0.0 0 1 2 0 0
-4178.9 1744.6 -7.7 154 0 9.3 12.7 2.5 2.5 2 1 1 5 5
-4238.0 1732.2 -8.6 90 0 9.4 8.1 5.0 2.5 2 0 2 4 4
-4258.8 1740.5 -8.5 68 0 9.2 8.5 7.5 2.5 2 0 3 1 1
-4243.8 1711.4 -7.9 74 0 16.5 10.4 5.0 2.5 2 0 2 0 0
-4240.7 1672.3 -6.0 149 0 7.9 9.9 2.5 2.5 2 1 1 4 4
-4140.1 1544.5 -4.8 157 0 9.0 13.6 7.5 2.5 2 1 3 5 5
-4072.4 1553.7 -4.7 71 0 6.5 9.4 7.5 2.5 2 1 3 4 4
-4074.0 1496.2 -5.5 271 0 6.8 12.1 10.0 0.0 0 1 4 0 0
-4193.1 1340.2 -5.9 109 0 6.3 6.4 7.5 2.5 2 1 3 4 4
-4128.9 1365.7 -6.8 2 0 8.0 9.8 7.5 2.5 2 1 3 3 3
-4122.0 1416.3 -5.7 2 0 9.7 14.1 5.0 2.5 2 1 2 0 0
-4147.4 1479.5 -2.4 297 0 8.1 14.3 5.0 2.5 2 1 2 5 5
-4186.6 1427.6 -4.6 230 0 14.8 13.4 5.0 0.0 0 0 2 5 5
-4191.8 1491.4 -4.2 138 0 12.7 17.4 7.5 2.5 2 1 3 1 1
-4200.4 1504.2 -4.5 162 0 6.5 14.1 7.5 2.5 2 1 3 3 3
-5002.7 -1300.4 -5.2 219 0 8.8 6.5 7.5 2.5 2 0 3 5 5
-4843.4 -1394.7 -6.5 299 0 12.5 12.6 5.0 2.5 4 1 2 5 5
-4776.6 -1401.9 -5.9 261 0 8.4 14.1 10.0 0.0 0 1 4 2 2
-4822.9 -1383.5 -7.2 176 0 10.9 12.6 5.0 2.5 2 1 2 1 1
-4743.5 -1411.2 -6.6 24 0 15.2 8.4 10.0 2.5 2 0 4 1 1
-5227.9 -1654.7 -7.6 43 0 9.1 12.1 7.5 2.5 2 1 3 5 5
-5939.5 -1463.7 -15.5 235 0 9.6 8.3 5.0 2.5 2 0 2 1 1
-5295.4 -1136.9 -14.1 264 0 8.1 11.5 7.5 2.5 2 1 3 2 2
-5338.4 -1131.8 -13.3 268 0 12.1 9.8 7.5 2.5 2 0 3 1 1
-5258.8 -1173.5 -11.3 115 0 6.2 7.5 5.0 2.5 2 1 2 4 4
-5168.7 -1186.0 -6.5 306 0 8.4 14.2 5.0 2.5 2 1 2 1 1
-5133.0 -1096.5 -7.6 4 0 10.4 11.9 2.5 2.5 2 1 1 5 5
-5108.9 -1243.9 -6.6 218 0 6.5 7.5 7.5 2.5 2 1 3 3 3
-5105.7 -1231.3 -6.0 217 0 9.8 16.2 2.5 2.5 2 1 1 2 2
-5040.1 -1159.2 -4.4 330 0 6.5 8.3 5.0 2.5 4 1 2 5 5
-5022.9 -1193.5 -4.3 121 0 7.9 10.0 10.0 2.5 2 1 4 0 0
-5075.3 -1115.9 -4.5 210 0 11.8 8.2 7.5 0.0 0 0 3 2 2
-4952.5 -1093.5 -4.2 16 0 15.9 14.1 7.5 2.5 2 0 3 0 0
-4981.7 -1075.3 -4.1 197 0 16.4 12.9 7.5 0.0 0 0 3 1 1
-4940.4 -949.4 -7.5 339 0 8.2 14.0 2.5 2.5 4 1 1 5 5
-4926.6 -1086.1 -5.0 192 0 12.7 10.8 5.0 2.5 2 0 2 0 0
-4928.3 -1153.7 -4.6 211 0 10.0 15.4 5.0 2.5 2 1 2 5 5
-4934.4 -1294.6 -5.8 130 0 13.8 13.7 10.0 0.0 0 0 4 4 4
-4902.9 -1361.3 -7.5 315 0 10.2 15.5 10.0 2.5 2 1 4 0 0
-4968.5 -1469.3 -7.1 193 0 8.7 12.1 7.5 2.5 2 1 3 0 0
-4917.9 -1590.3 -5.7 293 0 10.7 7.7 5.0 2.5 2 0 2 3 3
-4976.4 -1540.1 -5.5 107 0 9.1 11.8 5.0 2.5 4 1 2 4 4
-5035.9 -1571.5 -5.9 259 0 8.7 12.6 5.0 2.5 2 1 2 0 0
-5034.6 -1512.6 -5.8 276 0 12.3 11.9 5.0 2.5 2 0 2 0 0
-5157.1 -1487.1 -7.2 282 0 16.7 11.1 7.5 2.5 2 0 3 1 1
-5133.8 -1527.5 -5.2 88 0 11.2 9.2 2.5 2.5 4 0 1 2 2
-5164.4 -1544.7 -5.8 84 0 12.9 8.6 7.5 2.5 2 0 3 2 2
-5208.8 -1504.8 -8.7 279 0 10.3 11.2 5.0 2.5 2 1 2 1 1
-5238.1 -1571.2 -8.0 266 0 10.3 17.4 7.5 2.5 2 1 3 0 0
-5246.9 -1535.5 -9.0 96 0 15.1 14.1 5.0 2.5 2 0 2 0 0
-5267.8 -1545.9 -8.8 107 0 9.3 8.4 7.5 2.5 2 0 3 3 3
-6104.6 -1599.8 -9.8 350 0 7.7 10.3 10.0 2.5 4 1 4 2 2
-6148.5 -1585.7 -10.2 159 0 14.6 8.3 10.0 2.5 2 0 4 1 1
-5909.3 -1606.2 -10.4 3 0 7.3 10.0 7.5 2.5 4 1 3 3 3
-5915.9 -1545.4 -12.4 211 0 15.6 14.6 5.0 2.5 4 0 2 0 0
-5476.9 -1304.5 -13.8 48 0 10.9 15.0 7.5 2.5 2 1 3 3 3
-6101.3 -1703.0 -10.5 57 0 9.5 12.6 7.5 2.5 2 1 3 0 0
-5930.5 -1623.3 -9.9 219 0 17.7 8.3 2.5 2.5 2 0 1 3 3
-5945.6 -1636.4 -9.1 227 0 8.2 6.9 7.5 2.5 2 0 3 0 0
-5939.4 -1660.5 -9.0 54 0 9.7 8.5 10.0 2.5 2 0 4 3 3
-5998.4 -1568.8 -11.1 213 0 14.0 15.1 7.5 2.5 2 1 3 5 5
-6023.2 -1627.4 -9.4 140 0 9.7 7.5 5.0 2.5 4 0 2 0 0
-5999.7 -1633.5 -9.0 50 0 14.4 12.0 5.0 0.0 0 0 2 1 1
-6030.1 -1437.9 -12.5 344 0 15.1 6.4 2.5 2.5 2 0 1 5 5
-6055.7 -1452.9 -11.2 65 0 11.1 7.5 7.5 2.5 2 0 3 3 3
-6143.0 -1401.1 -12.7 178 0 11.1 14.4 7.5 2.5 2 1 3 3 3
-5972.4 -1333.8 -15.3 248 0 7.6 7.5 7.5 2.5 2 0 3 2 2
-5947.0 -1326.7 -15.3 290 0 8.8 15.3 5.0 2.5 2 1 2 5 5
-5422.4 -1389.8 -9.7 131 0 8.5 7.8 7.5 2.5 2 0 3 3 3
-5464.0 -1325.4 -12.4 138 0 6.6 9.9 7.5 2.5 2 1 3 1 1
-5507.9 -1223.6 -15.8 247 0 11.3 8.7 5.0 2.5 2 0 2 1 1
-5522.3 -1263.8 -14.9 226 0 10.7 8.4 5.0 2.5 2 0 2 2 2
-5405.9 -1616.4 -10.6 333 0 12.6 14.5 7.5 2.5 2 1 3 0 0
-5283.8 -1558.7 -8.5 281 0 12.1 14.9 7.5 2.5 2 1 3 1 1
-5319.4 -1534.8 -8.6 325 0 8.4 8.7 5.0 2.5 2 1 2 5 5
-5342.2 -1530.4 -8.6 142 0 12.1 6.1 2.5 2.5 2 0 1 4 4
-5370.4 -1490.5 -8.8 338 0 10.0 6.6 5.0 2.5 2 0 2 5 5
-5433.7 -1431.5 -9.2 316 0 13.9 8.3 5.0 2.5 2 0 2 4 4
-5426.3 -1426.8 -9.2 313 0 7.3 6.6 7.5 2.5 2 0 3 0 0
-5458.1 -1414.2 -9.4 317 0 8.4 8.8 2.5 2.5 2 1 1 0 0
-5489.8 -1374.1 -10.0 321 0 6.3 13.0 7.5 2.5 2 1 3 2 2
-5478.6 -1383.3 -9.7 329 0 12.1 14.3 5.0 0.0 0 1 2 2 2
-4084.1 -1510.9 -9.2 231 0 7.7 10.3 7.5 2.5 2 1 3 3 3
-4022.3 -1506.0 -5.3 51 0 11.5 8.9 7.5 2.5 2 0 3 4 4
-4019.6 -1369.4 -5.6 303 0 7.5 7.0 5.0 2.5 2 0 2 4 4
-3987.2 -1345.3 -4.2 87 0 17.7 8.6 7.5 2.5 2 0 3 4 4
-3966.4 -1405.5 -0.1 93 0 11.1 10.8 7.5 2.5 2 0 3 0 0
-3888.9 -1387.4 -1.1 332 0 14.5 9.4 7.5 2.5 2 0 3 1 1
-3932.3 -1314.9 -0.8 303 0 8.1 9.0 7.5 2.5 2 1 3 4 4
-3834.9 -1277.8 -0.8 74 0 12.5 6.5 5.0 2.5 2 0 2 5 5
-3806.2 -1256.2 -0.5 42 0 13.9 13.1 7.5 2.5 2 0 3 2 2
-3799.8 -1203.2 0.1 308 0 13.5 7.8 5.0 2.5 2 0 2 0 0
-3651.6 -1256.7 -1.8 37 0 10.5 6.9 7.5 2.5 2 0 3 1 1
-3708.4 -1191.4 -0.2 293 0 11.2 7.3 7.5 2.5 2 0 3 4 4
-3646.0 -1154.2 -0.6 254 0 12.0 8.5 7.5 2.5 2 0 3 0 0
-3906.8 -1073.9 -5.5 325 0 9.5 9.4 5.0 2.5 2 0 2 4 4
-4012.4 -992.1 -7.2 290 0 9.7 14.2 10.0 2.5 2 1 4 0 0
-4089.8 -963.3 -3.0 295 0 8.5 14.3 7.5 2.5 2 1 3 4 4
-4171.5 -941.3 -5.9 283 0 10.0 8.3 2.5 2.5 2 0 1 4 4
-4825.5 -783.8 -13.1 197 0 6.7 14.0 5.0 2.5 2 1 2 1 1
-4779.2 -792.5 -12.7 0 0 16.1 8.1 7.5 2.5 2 0 3 1 1
-4797.6 -823.4 -11.4 320 0 6.7 11.3 7.5 2.5 2 1 3 2 2
-5139.0 -1005.7 -10.7 106 0 8.2 7.7 5.0 2.5 2 0 2 0 0
-5464.2 -876.9 -12.4 308 0 7.5 10.3 7.5 2.5 4 1 3 1 1
-5489.4 -844.0 -13.0 306 0 8.0 6.8 2.5 2.5 2 0 1 0 0
-5651.0 -784.9 -11.8 22 0 7.6 7.3 7.5 2.5 2 0 3 2 2
-5570.2 -789.1 -11.8 220 0 8.9 12.4 7.5 2.5 2 1 3 1 1
-1709.4 3387.7 -15.9 91 0 9.9 10.9 5.0 2.5 2 1 2 1 1
-1760.5 3394.4 -16.4 92 0 6.8 8.6 5.0 2.5 2 1 2 0 0
-1783.2 3381.8 -15.6 265 0 8.4 9.0 5.0 2.5 4 1 2 5 5
-1798.0 3341.3 -14.0 180 0 9.2 11.3 7.5 2.5 2 1 3 5 5
-1793.2 3396.7 -16.4 83 0 9.6 7.7 7.5 2.5 2 0 3 1 1
-1837.9 3396.2 -16.4 355 0 10.1 7.0 2.5 2.5 2 0 1 2 2
-1808.9 3432.2 -16.8 5 0 8.2 9.1 7.5 2.5 2 1 3 2 2
-1829.9 3435.9 -16.8 2 0 8.0 8.2 7.5 2.5 2 1 3 3 3
-1859.5 3433.7 -16.8 178 0 7.7 9.4 5.0 0.0 0 1 2 1 1
-1836.1 3371.6 -15.4 13 0 7.6 7.1 7.5 2.5 2 0 3 0 0
-1821.7 3389.9 -16.2 12 0 8.8 11.2 2.5 2.5 2 1 1 2 2
-1813.3 3354.9 -14.7 11 0 8.1 9.7 5.0 0.0 0 1 2 5 5
-1814.7 3332.9 -13.7 6 0 8.3 10.8 5.0 2.5 2 1 2 4 4
-1822.9 3315.0 -13.1 93 0 13.2 10.1 7.5 0.0 0 0 3 5 5
-1839.9 3320.8 -13.4 109 0 8.8 10.3 5.0 2.5 2 1 2 2 2
-1861.9 3351.5 -14.8 105 0 11.3 10.8 5.0 2.5 2 0 2 3 3
-1897.7 3367.0 -15.3 115 0 8.8 7.5 10.0 2.5 2 0 4 5 5
-1909.9 3372.5 -15.7 101 0 9.6 10.2 7.5 2.5 2 1 3 3 3
-1875.8 3404.0 -16.5 278 0 12.5 8.5 7.5 2.5 2 0 3 3 3
-1918.8 3459.7 -17.7 285 0 14.0 13.7 7.5 2.5 2 0 3 4 4
-1944.4 3357.4 -14.5 90 0 8.5 8.3 7.5 2.5 2 0 3 3 3
-1930.3 3355.0 -14.5 77 0 10.5 13.1 7.5 2.5 2 1 3 1 1
-1918.9 3355.3 -14.7 90 0 6.2 12.1 10.0 2.5 2 1 4 2 2
-1869.1 3311.8 -12.1 264 0 6.9 8.1 5.0 2.5 2 1 2 1 1
-1853.1 3313.5 -12.6 266 0 9.1 7.4 2.5 2.5 2 0 1 1 1
-1831.4 3287.8 -11.7 358 0 11.4 11.0 2.5 2.5 2 0 1 5 5
-1846.9 3286.4 -11.7 2 0 9.4 8.8 7.5 2.5 2 0 3 5 5
-1833.1 3261.1 -10.4 352 0 6.4 10.1 5.0 0.0 0 1 2 2 2
-1906.8 3327.2 -12.9 92 0 10.7 8.5 5.0 2.5 2 0 2 3 3
-1920.3 3330.0 -12.9 97 0 9.9 10.7 10.0 2.5 2 1 4 0 0
-1931.3 3334.6 -12.9 90 0 8.1 9.2 7.5 2.5 2 1 3 4 4
-1953.4 3335.9 -13.3 90 0 7.1 9.3 7.5 2.5 2 1 3 4 4
-1977.1 3371.0 -15.9 99 0 7.3 6.7 10.0 2.5 2 0 4 2 2
-1977.1 3394.3 -16.2 268 0 7.3 8.9 5.0 2.5 2 1 2 1 1
-2046.9 3334.8 -15.1 19 0 6.7 9.2 2.5 2.5 2 1 1 1 1
-2104.7 3326.4 -14.8 199 0 8.4 9.8 5.0 0.0 0 1 2 5 5
-2099.0 3296.3 -14.4 106 0 10.7 9.5 7.5 2.5 2 0 3 3 3
-2037.3 3336.8 -14.8 285 0 13.3 26.8 12.5 2.5 2 1 5 3 3
-2024.5 3290.4 -13.1 15 0 7.0 8.1 5.0 2.5 2 1 2 3 3
-2051.9 3266.8 -14.3 165 0 6.4 11.3 5.0 2.5 2 1 2 3 3
-2017.4 3286.3 -13.0 97 0 11.6 7.9 5.0 0.0 0 0 2 4 4
-2023.4 3215.3 -15.4 24 0 8.4 17.1 5.0 2.5 2 1 2 5 5
-2006.6 3225.9 -14.2 208 0 6.8 16.4 7.5 2.5 2 1 3 2 2
-1975.1 3192.9 -12.8 113 0 7.1 12.6 5.0 2.5 2 1 2 2 2
-1961.4 3234.1 -12.1 294 0 9.0 25.7 10.0 2.5 2 1 4 4 4
-1950.4 3232.3 -11.0 305 0 6.4 12.3 5.0 2.5 2 1 2 0 0
-1977.7 3314.6 -11.9 287 0 7.6 12.3 7.5 2.5 2 1 3 4 4
-1961.1 3304.8 -11.5 282 0 13.8 9.5 7.5 0.0 0 0 3 3 3
-1927.5 3294.7 -10.5 288 0 9.6 6.6 5.0 2.5 2 0 2 3 3
-1949.2 3271.5 -11.1 97 0 7.2 13.7 7.5 2.5 2 1 3 1 1
-1969.4 3283.0 -12.0 73 0 8.9 8.3 7.5 2.5 4 0 3 4 4
-1969.9 3260.4 -12.5 103 0 12.7 7.4 7.5 2.5 2 0 3 2 2
-1954.9 3248.1 -11.4 103 0 12.0 13.8 7.5 0.0 0 1 3 2 2
-1879.7 3265.9 -11.3 95 0 6.5 9.8 10.0 2.5 2 1 4 5 5
-1850.9 3222.1 -8.7 269 0 7.2 9.8 7.5 2.5 2 1 3 0 0
-1830.5 3213.5 -8.6 268 0 12.1 6.9 5.0 2.5 4 0 2 3 3
-1803.8 3192.7 -9.1 359 0 6.0 8.7 10.0 2.5 2 1 4 1 1
-1808.9 3172.2 -10.1 5 0 8.5 13.1 7.5 2.5 2 1 3 0 0
-1909.3 3206.5 -9.9 267 0 12.9 8.8 7.5 2.5 4 0 3 4 4
-1822.8 3151.8 -11.0 41 0 7.5 11.3 10.0 2.5 2 1 4 2 2
-1855.3 3130.4 -12.3 147 0 13.0 10.2 2.5 2.5 2 0 1 4 4
-1836.5 3110.5 -12.4 115 0 11.1 15.2 5.0 2.5 2 1 2 3 3
-1812.6 3110.3 -11.9 26 0 12.2 8.6 7.5 2.5 2 0 3 2 2
-1803.7 3148.7 -10.9 26 0 11.4 12.8 7.5 2.5 2 1 3 4 4
-1788.6 3191.9 -9.0 9 0 11.6 9.5 10.0 2.5 2 0 4 5 5
-1772.6 3208.4 -8.0 200 0 7.8 10.3 7.5 2.5 2 1 3 4 4
-1758.5 3214.3 -7.6 199 0 7.7 9.7 10.0 2.5 2 1 4 2 2
-1748.8 3164.6 -8.6 17 0 7.0 8.9 7.5 2.5 2 1 3 3 3
-1784.9 3164.4 -9.6 178 0 9.2 9.7 7.5 2.5 2 1 3 0 0
-1791.9 3151.6 -10.1 175 0 8.4 7.4 5.0 0.0 0 0 2 0 0
-1797.8 3135.4 -10.6 179 0 8.6 16.5 7.5 2.5 2 1 3 1 1
-1774.3 3072.3 -11.4 106 0 21.1 15.2 10.0 2.5 2 0 4 2 2
-1657.6 2925.8 -7.7 52 0 14.1 6.7 7.5 2.5 2 0 3 3 3
-1655.3 2861.3 -7.3 54 0 8.5 16.1 10.0 2.5 2 1 4 1 1
-1616.2 2906.0 -7.2 225 0 10.6 7.5 10.0 0.0 0 0 4 2 2
-2397.5 2339.3 -10.1 169 0 7.5 9.7 7.5 2.5 2 1 3 1 1
-2350.4 2300.6 -8.3 7 0 8.7 10.1 7.5 2.5 2 1 3 0 0
-2322.8 2241.4 -6.9 341 0 10.9 8.0 2.5 2.5 2 0 1 1 1
-2292.9 2154.5 -5.3 72 0 7.0 14.3 7.5 2.5 2 1 3 5 5
-2323.9 2156.6 -5.1 61 0 10.7 6.7 5.0 2.5 2 0 2 2 2
-2347.4 2126.4 -5.4 51 0 11.8 10.9 7.5 2.5 2 0 3 2 2
-2373.8 2089.0 -5.2 32 0 9.1 7.3 7.5 2.5 4 0 3 1 1
-2409.8 1990.3 -5.5 48 0 7.5 7.5 7.5 2.5 4 0 3 2 2
-2423.2 1995.7 -6.0 57 0 12.6 7.0 5.0 2.5 4 0 2 0 0
-2581.1 1513.6 -9.7 24 0 6.1 11.3 5.0 2.5 2 1 2 0 0
-2683.4 1558.8 -7.1 282 0 8.1 8.9 10.0 2.5 2 1 4 2 2
-2718.5 1563.8 -6.3 232 0 8.1 9.7 5.0 2.5 2 1 2 5 5
-2676.3 1473.3 -7.9 64 0 11.3 9.5 2.5 2.5 2 0 1 0 0
-2667.6 1323.6 -9.1 147 0 7.6 16.2 10.0 2.5 2 1 4 5 5
-2668.2 1273.8 -7.9 113 0 9.6 8.2 7.5 2.5 2 0 3 2 2
-2629.4 1235.0 -6.9 32 0 8.6 14.3 7.5 2.5 2 1 3 1 1
-2653.7 1207.7 -7.3 194 0 10.4 16.0 5.0 2.5 2 1 2 3 3
-2591.2 1157.8 -4.8 20 0 10.2 19.1 7.5 2.5 2 1 3 4 4
-2561.4 1091.1 -5.7 357 0 8.3 6.8 10.0 2.5 2 0 4 2 2
-2671.1 1102.3 -4.4 213 0 6.8 9.8 5.0 2.5 2 1 2 1 1
-2659.2 1059.9 -2.4 191 0 8.6 9.6 2.5 0.0 0 1 1 4 4
-2671.3 1009.6 -1.3 217 0 9.2 7.8 10.0 2.5 2 0 4 0 0
-2717.7 951.7 -2.0 117 0 8.3 14.3 5.0 2.5 4 1 2 3 3
-2693.6 902.2 -1.6 121 0 13.5 8.5 5.0 2.5 2 0 2 2 2
-2641.1 872.4 -2.7 138 0 11.6 18.3 7.5 2.5 2 1 3 4 4
-2621.2 858.0 -3.0 139 0 11.6 14.2 7.5 2.5 2 1 3 1 1
-5520.8 -896.2 -11.6 109 0 13.0 12.8 7.5 2.5 4 0 3 4 4
-4905.4 -273.7 -9.3 292 0 22.4 8.9 5.0 2.5 2 0 2 1 1
-4840.0 -306.9 -9.1 299 0 13.4 12.8 2.5 2.5 2 0 1 0 0
-4672.7 -336.0 -7.3 183 0 19.8 14.5 7.5 2.5 2 0 3 4 4
-4752.9 -326.1 -7.7 284 0 7.6 6.1 7.5 2.5 4 0 3 2 2
-4742.1 -317.7 -7.2 279 0 10.9 7.8 10.0 2.5 2 0 4 5 5
-4370.6 -386.3 -5.8 289 0 10.0 10.0 7.5 0.0 0 0 3 4 4
-4400.4 -386.9 -6.3 281 0 8.6 6.0 7.5 2.5 2 0 3 5 5
-4401.6 -359.0 -7.0 88 0 10.2 12.9 5.0 2.5 2 1 2 0 0
-4415.6 -340.9 -7.5 88 0 11.3 10.7 5.0 2.5 2 0 2 4 4
-4457.0 -340.6 -7.6 114 0 13.4 19.1 10.0 2.5 2 1 4 5 5
-4466.4 -387.8 -6.5 105 0 8.2 11.6 5.0 2.5 2 1 2 3 3
-4475.4 -368.4 -6.3 290 0 14.4 13.8 7.5 2.5 2 0 3 5 5
-4501.2 -362.7 -6.1 293 0 12.1 8.1 5.0 2.5 2 0 2 3 3
-4539.3 -383.9 -6.4 103 0 10.2 31.4 12.5 2.5 2 1 5 2 2
-4508.4 -384.4 -6.5 109 0 17.8 12.9 5.0 2.5 2 0 2 2 2
-4570.8 -347.8 -6.7 295 0 7.9 20.7 10.0 2.5 2 1 4 1 1
-4549.8 -321.5 -8.1 96 0 11.8 10.5 7.5 0.0 0 0 3 1 1
-4596.7 -337.2 -7.4 287 0 6.5 6.6 7.5 0.0 0 1 3 0 0
-4610.1 -332.9 -7.9 282 0 11.0 12.0 10.0 2.5 2 1 4 3 3
-4628.2 -332.3 -8.0 280 0 8.3 6.0 7.5 2.5 2 0 3 3 3
-4679.8 -286.5 -9.5 105 0 10.1 7.5 10.0 2.5 2 0 4 0 0
-4752.9 -258.0 -8.7 273 0 8.5 12.1 7.5 2.5 2 1 3 2 2
-4980.6 -123.3 -15.0 18 0 6.5 9.8 7.5 2.5 2 1 3 3 3
-4984.9 -152.4 -14.6 26 0 6.9 8.6 7.5 2.5 2 1 3 0 0
-4714.2 182.5 -5.7 118 0 8.6 7.2 2.5 2.5 2 0 1 0 0
-4704.9 208.1 -5.7 287 0 6.6 7.8 7.5 2.5 2 1 3 3 3
-4762.6 198.9 -7.8 106 0 12.7 21.8 10.0 2.5 2 1 4 1 1
-4803.9 215.2 -9.4 107 0 10.9 12.9 5.0 2.5 2 1 2 4 4
-4807.3 298.5 -8.7 220 0 8.5 10.3 7.5 2.5 4 1 3 2 2
-4852.5 250.5 -8.4 237 0 22.4 9.6 5.0 2.5 2 0 2 4 4
-4873.3 188.2 -10.2 93 0 6.3 14.1 7.5 2.5 2 1 3 3 3
-4985.5 250.5 -11.3 79 0 10.1 6.8 5.0 2.5 2 0 2 1 1
-4932.3 0.0 -15.4 32 0 14.6 10.0 10.0 2.5 2 0 4 4 4
-2591.8 -39.9 0.2 90 0 9.7 13.8 2.5 2.5 2 1 1 0 0
-2510.3 -113.3 -2.5 185 0 14.8 11.2 5.0 2.5 2 0 2 2 2
-2437.0 -114.6 -3.7 174 0 20.8 15.6 10.0 0.0 0 0 4 0 0
-2372.3 -103.2 -4.3 206 0 13.1 7.4 10.0 2.5 2 0 4 5 5
-2361.9 -127.0 -5.0 208 0 12.0 7.6 7.5 2.5 2 0 3 4 4
-2400.4 -121.7 -3.4 190 0 16.2 12.2 7.5 2.5 2 0 3 0 0
-2523.0 -3.4 -2.3 153 0 11.9 9.5 7.5 2.5 2 0 3 3 3
-2502.9 -41.4 -2.4 189 0 14.1 15.9 5.0 2.5 2 1 2 2 2
-2512.6 -68.1 -2.1 191 0 19.6 26.4 10.0 2.5 2 1 4 1 1
-2480.2 275.5 -1.2 166 0 9.8 26.2 7.5 2.5 2 1 3 3 3
-2436.6 208.3 -2.1 202 0 19.6 12.7 7.5 2.5 2 0 3 0 0
-2517.4 459.5 -1.9 195 0 12.4 9.1 7.5 2.5 2 0 3 4 4
-2551.3 351.3 -4.5 200 0 16.7 11.9 7.5 2.5 2 0 3 4 4
-2496.6 353.6 -2.1 118 0 14.7 16.3 5.0 2.5 2 1 2 0 0
-2448.6 359.2 -1.7 279 0 19.6 12.6 2.5 2.5 2 0 1 2 2
-2370.9 521.1 1.0 121 0 17.8 10.0 2.5 2.5 2 0 1 5 5
-2266.2 493.5 0.9 78 0 15.1 14.8 2.5 2.5 4 0 1 0 0
-2253.8 534.3 -0.6 5 0 10.7 34.7 7.5 0.0 0 1 3 0 0
-2296.6 487.4 0.5 85 0 17.0 13.4 7.5 2.5 2 0 3 3 3
-2326.5 511.2 0.0 140 0 11.8 13.6 5.0 2.5 2 1 2 0 0
-2355.9 657.5 -4.3 260 0 12.5 10.5 7.5 2.5 2 0 3 3 3
-2411.0 744.5 -5.4 184 0 11.3 16.8 7.5 2.5 2 1 3 5 5
-2414.1 772.3 -5.4 180 0 8.3 11.5 10.0 0.0 0 1 4 2 2
-2382.8 791.9 -5.7 284 0 11.8 10.0 7.5 2.5 2 0 3 2 2
-2314.6 727.8 -5.9 209 0 9.1 10.8 7.5 2.5 2 1 3 2 2
-2227.2 683.3 -5.0 14 0 13.4 14.7 5.0 2.5 2 1 2 2 2
-2251.5 909.1 -0.7 279 0 10.3 15.8 7.5 2.5 2 1 3 3 3
-2199.8 959.0 -3.3 355 0 7.1 15.1 7.5 0.0 0 1 3 0 0
-2193.1 938.8 -2.3 90 0 13.5 7.7 5.0 2.5 2 0 2 4 4
-2259.7 942.9 -1.9 97 0 11.6 15.2 5.0 2.5 2 1 2 2 2
-2328.7 947.3 -2.4 190 0 12.3 15.0 7.5 2.5 2 1 3 3 3
-2269.7 913.1 -0.5 267 0 11.4 16.3 10.0 2.5 2 1 4 4 4
-2375.5 1243.6 -9.6 358 0 9.8 9.0 7.5 2.5 2 0 3 0 0
-2352.2 1213.1 -7.3 177 0 6.8 13.5 5.0 2.5 2 1 2 3 3
-2352.5 1284.0 -9.7 358 0 10.1 10.3 5.0 2.5 2 1 2 2 2
-2351.3 1272.0 -9.3 323 0 9.9 10.5 7.5 2.5 2 1 3 5 5
-2359.5 1233.7 -8.6 141 0 10.0 11.1 10.0 2.5 2 1 4 3 3
-2343.1 1133.6 -6.0 167 0 9.4 13.1 7.5 0.0 0 1 3 3 3
-2268.7 1098.3 -4.4 44 0 10.6 14.8 5.0 2.5 2 1 2 5 5
-2268.0 1032.4 -5.4 212 0 8.0 12.1 7.5 2.5 2 1 3 0 0
-2261.1 1056.8 -5.1 214 0 10.0 16.1 7.5 2.5 2 1 3 2 2
-2231.7 1094.3 -4.8 213 0 14.7 9.1 5.0 2.5 2 0 2 4 4
-2175.1 1137.5 -6.4 221 0 9.6 12.7 7.5 2.5 2 1 3 0 0
-2167.0 1185.6 -7.0 40 0 17.6 20.6 10.0 2.5 2 1 4 0 0
-2130.5 1224.2 -8.7 50 0 25.9 17.2 12.5 2.5 2 0 5 1 1
-2080.4 1307.2 -8.5 98 0 23.1 18.8 10.0 2.5 2 0 4 0 0
-2014.3 2025.9 -10.5 281 0 9.4 12.1 2.5 2.5 4 1 1 0 0
-2061.5 2007.3 -9.9 127 0 9.7 11.2 7.5 2.5 2 1 3 1 1
-1932.7 2139.3 -7.4 321 0 10.6 11.4 5.0 2.5 2 1 2 0 0
-1785.6 2187.7 -10.7 130 0 8.3 19.8 7.5 2.5 2 1 3 2 2
-1769.9 2254.9 -11.7 334 0 12.2 17.2 5.0 2.5 2 1 2 5 5
-1873.6 2061.4 -8.9 22 0 11.7 11.1 5.0 0.0 0 0 2 5 5
-1896.7 2063.4 -8.5 112 0 11.8 6.4 2.5 2.5 2 0 1 3 3
-2043.1 2130.4 -7.6 8 0 6.7 11.4 7.5 2.5 2 1 3 1 1
-2065.1 2215.5 -8.2 205 0 8.8 10.3 7.5 2.5 2 1 3 1 1
-2074.3 2262.9 -9.2 203 0 12.9 14.2 7.5 2.5 2 1 3 0 0
-2077.7 2223.7 -8.1 198 0 8.3 6.6 2.5 2.5 4 0 1 1 1
-2113.9 2246.2 -8.6 271 0 7.2 13.8 7.5 2.5 2 1 3 5 5
-2110.9 2195.2 -7.3 330 0 7.1 10.2 7.5 2.5 2 1 3 2 2
-2123.0 2127.4 -5.6 91 0 14.8 11.5 2.5 2.5 4 0 1 4 4
-2188.2 2134.7 -5.4 91 0 9.3 7.4 5.0 2.5 2 0 2 0 0
-2270.2 2141.1 -5.1 231 0 14.9 10.2 5.0 2.5 2 0 2 5 5
-2309.0 2093.6 -5.2 227 0 17.0 9.9 2.5 2.5 2 0 1 0 0
-2346.6 2025.8 -5.9 215 0 15.7 7.7 7.5 2.5 2 0 3 2 2
-2328.5 2021.9 -6.4 321 0 7.6 13.8 7.5 2.5 4 1 3 0 0
-3067.9 1849.5 -10.7 283 0 7.2 6.4 5.0 2.5 2 0 2 0 0
-3058.5 1737.0 -9.5 88 0 8.2 8.6 2.5 2.5 2 1 1 0 0
-4428.0 2209.2 -10.0 129 0 8.9 11.3 7.5 2.5 4 1 3 2 2
-4310.7 2303.4 -8.9 172 0 12.5 15.2 5.0 2.5 2 1 2 0 0
-4278.1 2340.3 -7.6 27 0 10.6 11.8 5.0 2.5 2 1 2 2 2
-4365.3 2350.9 -7.9 192 0 14.2 8.4 7.5 2.5 2 0 3 2 2
-4360.9 2298.3 -10.3 101 0 12.0 10.6 2.5 2.5 2 0 1 5 5
-4413.4 1783.9 -6.1 275 0 16.7 12.5 2.5 0.0 0 0 1 4 4
-4492.1 1849.6 -8.5 206 0 12.3 9.2 7.5 2.5 2 0 3 3 3
-4453.9 1870.7 -4.9 204 0 7.9 10.9 7.5 0.0 0 1 3 2 2
-4579.6 1885.6 -7.8 192 0 12.4 13.4 7.5 2.5 2 1 3 5 5
-4578.2 2075.7 -8.1 113 0 10.5 14.8 5.0 2.5 2 1 2 1 1
-4436.0 2068.4 -6.5 189 0 9.8 7.7 7.5 2.5 2 0 3 1 1
-4442.9 1996.0 -5.1 175 0 14.5 14.4 7.5 2.5 2 0 3 4 4
-4465.5 2000.4 -5.7 180 0 12.1 12.3 5.0 2.5 2 1 2 3 3
-4377.4 1971.2 -6.6 220 0 10.1 18.6 5.0 2.5 2 1 2 0 0
-4348.1 2020.5 -5.7 143 0 8.4 9.6 10.0 2.5 2 1 4 1 1
-4360.3 2012.8 -5.9 136 0 7.7 10.3 10.0 2.5 2 1 4 2 2
-4389.0 2076.5 -6.0 199 0 10.0 17.3 5.0 2.5 2 1 2 1 1
-4363.0 2092.5 -5.3 201 0 14.6 16.8 7.5 2.5 2 1 3 4 4
-4385.3 2128.4 -6.6 125 0 17.2 9.7 7.5 2.5 2 0 3 3 3
-4382.0 2210.8 -8.5 132 0 12.7 9.8 5.0 2.5 2 0 2 5 5
-4387.9 2180.5 -7.9 109 0 10.0 10.3 7.5 2.5 2 1 3 3 3
-4366.1 2170.0 -6.8 192 0 9.7 10.1 10.0 2.5 2 1 4 5 5
-4737.8 2164.5 -8.2 92 0 9.4 8.6 2.5 2.5 2 0 1 0 0
-4735.6 2144.4 -7.7 79 0 7.5 6.3 5.0 2.5 2 0 2 4 4
-4682.7 2080.8 -6.6 113 0 14.4 20.4 7.5 0.0 0 1 3 4 4
-4654.5 2065.3 -7.0 113 0 6.1 15.1 7.5 2.5 2 1 3 1 1
-4644.4 2064.4 -7.3 183 0 11.3 17.7 10.0 2.5 2 1 4 4 4
-4602.5 2061.9 -7.2 108 0 12.6 10.2 7.5 2.5 2 0 3 3 3
-4587.6 2058.9 -7.2 168 0 10.0 9.0 2.5 2.5 2 0 1 5 5
-4550.1 2082.9 -8.8 129 0 9.8 9.2 7.5 2.5 2 0 3 3 3
-4501.9 2086.5 -7.5 170 0 9.9 13.4 7.5 2.5 2 1 3 2 2
-4470.9 1913.1 -4.5 175 0 9.8 11.3 7.5 2.5 2 1 3 2 2
-4500.4 1950.3 -7.0 214 0 13.8 11.4 7.5 2.5 2 0 3 5 5
-4530.0 1915.5 -7.6 143 0 11.4 11.1 2.5 0.0 0 0 1 3 3
-4558.9 1945.6 -7.4 197 0 13.8 11.7 7.5 2.5 2 0 3 1 1
-4544.4 2016.2 -7.4 110 0 10.3 13.7 5.0 2.5 2 1 2 0 0
-4560.1 2042.4 -7.5 206 0 7.8 16.4 7.5 2.5 2 1 3 2 2
-4746.8 2243.1 -9.9 63 0 6.3 7.9 7.5 2.5 2 1 3 2 2
-4698.6 2327.4 -11.2 255 0 11.2 8.9 7.5 2.5 2 0 3 5 5
-4687.8 2248.3 -9.9 173 0 11.2 14.8 10.0 0.0 0 1 4 0 0
-4745.8 2336.7 -12.0 234 0 7.9 10.6 5.0 2.5 2 1 2 2 2
-4686.0 2279.7 -10.5 155 0 11.8 9.8 5.0 2.5 2 0 2 4 4
-4794.6 2283.4 -12.0 63 0 14.9 11.2 5.0 2.5 2 0 2 1 1
-4798.0 2330.2 -12.3 316 0 11.1 12.0 7.5 2.5 2 1 3 5 5
-4855.6 2250.2 -14.3 45 0 9.2 8.8 7.5 2.5 2 0 3 5 5
-4907.6 2157.5 -10.5 49 0 11.6 10.5 5.0 2.5 2 0 2 5 5
-4886.9 2142.5 -10.5 22 0 14.9 15.1 2.5 2.5 2 1 1 1 1
-4930.8 2104.5 -12.3 127 0 13.2 19.1 10.0 2.5 2 1 4 5 5
-4875.1 2109.0 -10.5 45 0 11.4 17.8 2.5 2.5 2 1 1 0 0
-4802.9 2010.6 -9.6 39 0 10.6 13.0 7.5 2.5 2 1 3 0 0
-4784.9 2053.8 -8.3 50 0 11.9 17.6 2.5 2.5 2 1 1 3 3
-4848.1 2080.7 -10.0 108 0 9.6 8.4 5.0 2.5 2 0 2 0 0
-4828.4 2028.1 -10.4 49 0 9.0 18.0 10.0 2.5 2 1 4 1 1
-4931.7 1931.5 -9.4 282 0 9.6 13.6 7.5 2.5 2 1 3 0 0
-4871.1 1909.2 -8.7 302 0 10.0 11.6 10.0 2.5 2 1 4 5 5
-4863.2 1892.1 -8.9 279 0 14.6 12.3 7.5 2.5 2 0 3 1 1
-4715.6 1727.6 -9.3 1 0 9.3 9.7 10.0 2.5 2 1 4 3 3
-4706.4 1799.3 -10.6 344 0 20.8 15.8 12.5 2.5 2 0 5 3 3
-4456.7 1492.2 -11.0 48 0 15.9 10.9 7.5 2.5 2 0 3 1 1
-4445.3 1532.6 -8.7 232 0 10.4 13.9 7.5 2.5 2 1 3 3 3
-4379.7 1571.4 -10.1 140 0 13.0 17.3 10.0 2.5 2 1 4 0 0
-4350.0 1609.4 -7.1 223 0 14.0 10.4 7.5 2.5 2 0 3 2 2
-4207.9 1340.9 -6.3 104 0 6.1 10.5 7.5 2.5 2 1 3 1 1
-4227.9 1134.5 -12.8 190 0 12.4 29.5 12.5 2.5 2 1 5 4 4
-4123.5 1160.6 -9.8 121 0 10.5 8.6 7.5 2.5 2 0 3 4 4
-4201.4 1195.7 -10.4 8 0 8.1 12.2 5.0 2.5 2 1 2 4 4
-4201.7 1248.8 -9.4 351 0 7.8 18.8 7.5 2.5 2 1 3 2 2
-3360.0 677.4 -10.2 284 0 12.2 9.8 7.5 2.5 2 0 3 2 2
-3290.3 674.3 -8.7 292 0 11.5 10.3 5.0 2.5 2 0 2 5 5
-3286.9 652.8 -9.5 18 0 10.9 16.7 5.0 2.5 2 1 2 3 3
-3187.7 631.7 -10.8 108 0 10.8 7.7 5.0 2.5 2 0 2 5 5
-2840.7 562.9 -8.7 299 0 10.1 12.3 5.0 2.5 2 1 2 1 1
-2822.6 545.6 -8.4 287 0 9.2 12.6 7.5 2.5 2 1 3 4 4
-2794.4 545.9 -8.2 302 0 10.0 13.4 10.0 2.5 2 1 4 0 0
-2838.1 627.4 -7.1 93 0 12.1 8.8 7.5 2.5 2 0 3 1 1
-2872.5 622.7 -7.2 94 0 15.6 13.1 7.5 2.5 2 0 3 1 1
-2742.6 584.6 -7.0 7 0 9.5 8.8 10.0 2.5 2 0 4 2 2
-2779.7 537.3 -7.8 276 0 10.3 8.3 5.0 0.0 0 0 2 3 3
-2762.3 535.8 -7.5 282 0 8.1 12.7 5.0 2.5 2 1 2 3 3
-2548.6 568.7 -4.0 16 0 10.5 17.1 7.5 2.5 2 1 3 4 4
-2686.9 526.5 -6.7 293 0 9.6 13.1 5.0 0.0 0 1 2 4 4
-2655.9 517.3 -6.1 271 0 8.8 12.1 5.0 2.5 2 1 2 1 1
-2643.2 561.8 -6.1 248 0 10.1 8.9 7.5 2.5 4 0 3 3 3
-2666.9 542.7 -6.8 88 0 10.9 8.6 5.0 2.5 2 0 2 1 1
-2520.3 546.4 -2.9 26 0 15.5 6.9 10.0 2.5 2 0 4 0 0
-2412.6 433.5 -0.4 131 0 27.0 45.4 12.5 2.5 4 1 5 2 2
-2365.5 561.4 -0.0 268 0 12.4 18.4 10.0 2.5 2 1 4 3 3
-2354.1 526.2 0.6 121 0 11.8 11.7 10.0 2.5 2 0 4 1 1
-2391.3 536.9 1.7 136 0 13.1 11.0 7.5 2.5 4 0 3 5 5
-2510.8 490.9 -1.7 193 0 9.6 10.5 5.0 2.5 4 1 2 2 2
-2427.9 490.9 0.2 138 0 9.8 10.8 7.5 0.0 0 1 3 4 4
-2432.1 613.7 -3.4 178 0 10.3 9.6 7.5 2.5 2 0 3 5 5
-2415.6 669.9 -4.9 73 0 13.4 9.0 5.0 2.5 2 0 2 0 0
-2457.8 684.6 -4.8 8 0 31.9 9.5 7.5 2.5 2 0 3 1 1
-2452.5 718.3 -5.1 358 0 19.5 11.2 10.0 2.5 2 0 4 3 3
-2499.2 704.7 -5.0 92 0 11.9 29.9 7.5 2.5 2 1 3 0 0
-2500.3 686.7 -5.0 159 0 23.8 10.2 5.0 2.5 2 0 2 5 5
-2535.0 607.0 -4.3 346 0 11.4 10.0 5.0 2.5 2 0 2 0 0
-2580.3 698.9 -5.9 357 0 10.7 14.2 7.5 2.5 2 1 3 1 1
-2589.4 731.6 -5.6 17 0 9.3 11.9 10.0 2.5 2 1 4 0 0
-2615.4 749.7 -4.2 12 0 11.1 8.7 5.0 2.5 2 0 2 3 3
-2641.2 761.4 -3.2 11 0 9.8 13.7 2.5 2.5 2 1 1 1 1
-2807.2 856.9 0.5 311 0 10.7 10.9 7.5 2.5 2 1 3 2 2
-2791.2 886.8 0.2 308 0 21.0 9.7 5.0 2.5 2 0 2 0 0
-2721.0 866.5 -1.5 298 0 8.7 16.9 5.0 2.5 2 1 2 3 3
-2738.4 805.5 0.7 353 0 6.9 8.4 7.5 2.5 4 1 3 5 5
-2816.4 815.6 0.3 346 0 14.0 12.9 5.0 2.5 2 0 2 4 4
-2838.9 965.8 -0.5 304 0 12.1 14.8 7.5 2.5 2 1 3 3 3
-2910.7 720.4 -5.2 104 0 11.2 14.8 2.5 2.5 4 1 1 2 2
-3000.7 800.5 -4.9 104 0 9.3 14.7 10.0 2.5 2 1 4 2 2
-3020.4 941.0 -1.5 39 0 10.2 9.0 7.5 2.5 2 0 3 0 0
-3049.5 926.3 -2.8 75 0 10.3 14.7 7.5 2.5 2 1 3 4 4
-3307.1 1299.4 -4.1 208 0 10.8 6.6 5.0 2.5 2 0 2 0 0
-3291.0 1370.7 -2.7 40 0 12.1 15.7 7.5 2.5 2 1 3 2 2
-2966.9 1572.5 -4.5 235 0 8.3 12.6 5.0 2.5 2 1 2 3 3
-2848.6 1662.6 -6.6 24 0 10.0 13.8 5.0 2.5 2 1 2 1 1
-2884.2 1633.8 -5.3 38 0 10.3 8.6 5.0 2.5 2 0 2 1 1
-2889.6 1616.5 -4.8 46 0 14.0 7.7 10.0 2.5 2 0 4 3 3
-2794.4 1481.6 -6.5 65 0 11.6 6.3 7.5 2.5 2 0 3 4 4
-2596.3 1255.3 -8.9 287 0 8.9 14.1 7.5 2.5 2 1 3 3 3
-2601.1 994.5 -4.1 42 0 8.8 9.2 2.5 2.5 2 1 1 4 4
-2629.4 952.3 -3.0 4 0 9.2 8.3 7.5 2.5 2 0 3 2 2
-2424.5 958.4 -3.4 358 0 7.7 10.0 5.0 0.0 0 1 2 0 0
-2417.2 977.8 -3.6 347 0 9.1 20.5 10.0 2.5 2 1 4 3 3
-2466.1 995.7 -4.0 286 0 7.6 13.7 5.0 2.5 2 1 2 2 2
-2469.0 942.1 -3.5 124 0 8.5 7.9 7.5 2.5 2 0 3 2 2
-2504.0 1049.9 -6.3 275 0 10.0 16.3 2.5 2.5 2 1 1 0 0
-2551.3 1028.4 -6.2 128 0 11.3 12.7 5.0 2.5 2 1 2 0 0
-2548.5 -118.7 -13.8 193 0 296.0 1277.8 7.5 0.0 0 1 3 5 5
2783.9 -129.0 -11.3 187 0 9.4 11.7 7.5 2.5 2 1 3 3 3
2801.7 -132.6 -11.2 181 0 7.1 10.4 7.5 2.5 2 1 3 5 5
2837.0 -150.9 -11.3 16 0 9.4 10.4 7.5 2.5 2 1 3 3 3
2838.3 -89.1 -11.3 17 0 7.6 8.2 10.0 2.5 2 1 4 1 1
2848.3 -45.9 -12.1 99 0 8.4 7.3 5.0 2.5 2 0 2 2 2
2833.1 -21.5 -12.3 185 0 7.9 8.0 5.0 2.5 4 1 2 1 1
2819.1 17.2 -13.1 194 0 9.7 16.8 2.5 2.5 2 1 1 3 3
2798.1 34.1 -13.8 21 0 7.4 9.6 2.5 2.5 2 1 1 1 1
2654.9 26.7 -14.5 95 0 7.1 8.4 7.5 2.5 2 1 3 4 4
-6230.2 2414.7 -20.5 189 0 13.5 9.8 5.0 2.5 2 0 2 2 2
-6246.6 2203.2 -12.8 74 0 11.5 7.5 5.0 2.5 2 0 2 4 4
-6210.9 2346.0 -17.7 163 0 11.1 17.9 7.5 2.5 2 1 3 4 4
-6101.4 2235.9 -13.4 80 0 11.4 9.0 7.5 0.0 0 0 3 3 3
-6088.9 2281.4 -14.6 312 0 7.6 11.0 2.5 2.5 2 1 1 4 4
-6102.0 2304.9 -15.4 330 0 12.3 7.7 5.0 2.5 2 0 2 3 3
-6119.0 2290.1 -14.7 316 0 8.1 13.7 7.5 2.5 2 1 3 0 0
-6105.2 2337.7 -16.4 350 0 9.0 14.2 2.5 2.5 2 1 1 5 5
-6093.1 2524.8 -19.8 263 0 8.6 15.5 5.0 0.0 0 1 2 0 0
-6155.4 2739.7 -15.0 292 0 7.9 10.7 7.5 2.5 2 1 3 5 5
-6054.3 2657.8 -15.5 46 0 13.7 10.6 2.5 2.5 2 0 1 1 1
-6085.7 2706.0 -15.3 270 0 7.9 7.4 10.0 2.5 2 0 4 0 0
-6018.5 2506.1 -17.8 19 0 7.3 17.2 10.0 2.5 2 1 4 1 1
-6007.8 2403.0 -16.1 91 0 7.2 8.0 10.0 2.5 2 1 4 0 0
-5959.2 2454.0 -15.0 89 0 8.7 17.5 7.5 2.5 2 1 3 0 0
-5921.3 2427.0 -13.9 77 0 7.7 15.0 7.5 2.5 2 1 3 0 0
-5904.3 2455.6 -14.4 0 0 20.9 17.0 10.0 2.5 2 0 4 4 4
-5871.9 2497.5 -14.2 36 0 9.4 7.3 5.0 2.5 2 0 2 2 2
-5797.3 2512.8 -12.1 208 0 11.5 11.7 5.0 2.5 2 1 2 1 1
-5833.7 2491.5 -12.5 210 0 15.1 15.9 5.0 2.5 2 1 2 0 0
-5810.5 2492.9 -11.8 207 0 13.7 15.6 5.0 2.5 2 1 2 4 4
-5753.8 2449.6 -12.3 193 0 11.2 7.7 5.0 2.5 2 0 2 0 0
-5729.2 2399.4 -12.4 124 0 16.1 13.6 10.0 2.5 2 0 4 2 2
-5761.5 2472.8 -12.4 186 0 7.1 8.2 5.0 2.5 4 1 2 1 1
-5761.4 2497.8 -12.4 188 0 8.5 25.5 5.0 0.0 0 1 2 4 4
-5603.1 2495.1 -15.0 82 0 7.4 6.7 7.5 2.5 2 0 3 5 5
-5623.2 2473.3 -14.7 100 0 11.3 6.7 5.0 2.5 2 0 2 5 5
-5649.2 2488.0 -13.7 182 0 7.9 7.1 7.5 2.5 2 0 3 3 3
-5642.0 2518.3 -14.3 184 0 10.0 8.5 7.5 2.5 2 0 3 3 3
-5641.4 2542.6 -14.5 187 0 11.2 7.4 2.5 2.5 2 0 1 3 3
-5645.1 2612.4 -14.5 184 0 13.1 9.4 10.0 2.5 2 0 4 0 0
-5706.7 2538.0 -11.2 191 0 11.7 7.8 5.0 2.5 2 0 2 1 1
-5720.6 2542.2 -11.2 183 0 13.5 9.7 7.5 2.5 2 0 3 5 5
-5639.8 2718.5 -13.4 104 0 12.4 18.5 5.0 2.5 2 1 2 5 5
-5552.8 2652.7 -17.4 125 0 7.9 16.4 2.5 2.5 2 1 1 2 2
-5529.1 2478.6 -18.7 178 0 8.6 8.5 2.5 2.5 2 0 1 3 3
-5597.0 2413.2 -15.5 86 0 7.8 11.0 7.5 2.5 2 1 3 1 1
-5604.7 2439.3 -14.9 180 0 6.6 10.9 7.5 2.5 4 1 3 1 1
-5601.0 2464.5 -14.9 94 0 11.6 9.5 2.5 2.5 2 0 1 1 1
-5640.5 2422.8 -13.8 97 0 11.6 9.2 7.5 2.5 2 0 3 2 2
-5631.9 2437.9 -14.3 104 0 7.3 10.2 5.0 2.5 2 1 2 5 5
-5666.1 2442.4 -13.1 109 0 7.8 10.7 7.5 2.5 2 1 3 2 2
-5673.7 2414.6 -13.6 108 0 15.2 9.2 7.5 2.5 2 0 3 5 5
-5707.1 2381.2 -12.5 91 0 7.6 9.4 10.0 2.5 2 1 4 4 4
-5696.8 2389.7 -12.8 111 0 6.6 8.7 5.0 2.5 2 1 2 2 2
-5727.2 2337.3 -11.6 55 0 8.2 21.9 2.5 2.5 4 1 1 5 5
-5741.4 2325.3 -11.9 70 0 8.0 7.1 7.5 0.0 0 0 3 0 0
-5754.8 2323.8 -11.9 82 0 10.8 14.5 5.0 2.5 2 1 2 0 0
-5769.1 2266.1 -14.1 9 0 9.6 7.4 10.0 2.5 2 0 4 1 1
-5687.5 2246.8 -14.1 40 0 16.0 18.8 12.5 0.0 0 1 5 4 4
-5658.0 2251.3 -13.4 42 0 7.5 21.8 7.5 2.5 2 1 3 5 5
-5612.3 2190.3 -12.8 313 0 9.0 15.1 10.0 2.5 4 1 4 4 4
-5556.8 2176.3 -14.4 313 0 9.0 10.6 2.5 2.5 2 1 1 3 3
-5508.6 2201.1 -13.4 121 0 16.7 10.7 2.5 2.5 2 0 1 5 5
-5355.2 2300.6 -12.2 96 0 13.2 16.2 10.0 2.5 4 1 4 2 2
-5388.3 2234.4 -11.8 279 0 9.8 9.6 10.0 2.5 2 0 4 5 5
-5329.9 2160.6 -9.6 93 0 7.4 14.9 7.5 2.5 2 1 3 1 1
-5318.9 2161.1 -9.6 86 0 8.2 14.4 10.0 2.5 2 1 4 1 1
-5299.8 2133.5 -10.0 96 0 8.3 15.2 10.0 2.5 2 1 4 2 2
-5279.7 2108.3 -9.9 126 0 12.9 7.8 7.5 2.5 2 0 3 5 5
-5245.7 2089.0 -10.1 128 0 10.3 13.6 7.5 2.5 2 1 3 0 0
-5258.6 2055.3 -8.6 305 0 6.7 14.6 5.0 2.5 2 1 2 1 1
-5268.2 1967.8 -12.0 249 0 9.3 22.8 2.5 2.5 2 1 1 1 1
-5237.3 1934.4 -12.3 324 0 8.7 7.1 7.5 2.5 2 0 3 2 2
-5245.0 1928.8 -12.8 337 0 9.3 13.3 2.5 2.5 2 1 1 3 3
-5222.6 1923.3 -11.9 317 0 10.6 16.4 7.5 2.5 2 1 3 1 1
-5191.9 1992.6 -9.8 313 0 10.8 9.9 7.5 2.5 2 0 3 0 0
-5210.5 1988.4 -10.4 256 0 8.8 11.7 7.5 2.5 2 1 3 5 5
-5182.7 1967.2 -9.7 316 0 10.3 11.0 7.5 2.5 2 1 3 3 3
-5159.9 1965.1 -9.0 313 0 13.2 12.4 5.0 2.5 2 0 2 3 3
-5120.4 1889.0 -8.3 2 0 10.4 20.3 5.0 0.0 0 1 2 2 2
-5126.8 1853.0 -9.1 19 0 8.9 14.9 5.0 2.5 2 1 2 0 0
-5097.2 1839.1 -10.1 191 0 11.0 16.9 7.5 2.5 4 1 3 1 1
-5045.0 1881.1 -9.1 29 0 11.3 10.6 5.0 2.5 2 0 2 2 2
-5058.1 1974.8 -10.9 98 0 12.6 8.9 5.0 0.0 0 0 2 0 0
-5036.9 1983.8 -12.7 102 0 8.6 20.0 10.0 2.5 2 1 4 1 1
-4956.1 1967.8 -12.2 77 0 8.9 8.2 5.0 2.5 2 0 2 5 5
-4985.0 1965.6 -12.0 97 0 10.4 12.5 5.0 2.5 2 1 2 0 0
-4936.3 1872.5 -8.9 108 0 9.6 11.1 7.5 2.5 2 1 3 4 4
-4969.7 1862.3 -9.4 186 0 9.2 7.9 7.5 2.5 2 0 3 2 2
-4960.4 1916.4 -9.3 289 0 9.9 10.3 7.5 2.5 2 1 3 3 3
-4947.1 1934.2 -9.6 271 0 8.6 14.8 7.5 2.5 2 1 3 4 4
-4731.1 2033.6 -7.5 272 0 19.3 17.8 7.5 2.5 2 0 3 0 0
-4817.9 1940.5 -9.9 228 0 9.8 15.0 7.5 0.0 0 1 3 3 3
-5051.8 -1235.1 -5.6 308 0 8.6 25.2 5.0 2.5 2 1 2 1 1
-5051.8 2665.4 -12.6 343 0 13.0 14.9 2.5 2.5 2 1 1 3 3
-5054.1 2559.9 -13.2 68 0 8.4 12.7 2.5 2.5 2 1 1 0 0
-5072.4 2619.4 -12.4 143 0 10.7 21.1 2.5 2.5 2 1 1 0 0
-5857.5 1557.4 -16.5 129 0 12.6 14.2 7.5 2.5 2 1 3 0 0
-5713.5 1560.9 -10.9 274 0 15.6 8.5 5.0 2.5 2 0 2 4 4
-5663.7 1537.5 -12.2 351 0 11.1 16.1 7.5 2.5 2 1 3 5 5
-5678.6 1588.5 -12.7 77 0 15.9 16.4 12.5 2.5 2 1 5 2 2
-5872.3 1953.9 -22.0 325 0 12.7 23.6 10.0 2.5 2 1 4 1 1
-5908.5 1900.6 -22.2 140 0 13.0 16.9 7.5 2.5 4 1 3 4 4
-6140.3 2492.5 -20.2 284 0 9.0 13.3 10.0 2.5 2 1 4 4 4
-6087.6 2467.4 -18.6 284 0 11.3 19.0 7.5 0.0 0 1 3 1 1
-6070.9 2481.0 -18.0 144 0 12.0 15.4 10.0 2.5 2 1 4 1 1
-6192.4 2189.7 -13.6 293 0 12.5 10.4 5.0 2.5 2 0 2 0 0
-6114.9 2192.6 -14.1 268 0 9.0 10.1 5.0 2.5 2 1 2 0 0
-6017.2 2216.3 -14.0 247 0 10.2 14.7 5.0 2.5 2 1 2 2 2
-5966.9 2215.9 -14.3 62 0 15.3 16.6 7.5 2.5 2 1 3 5 5
-6017.2 2286.0 -15.1 317 0 10.0 23.4 2.5 2.5 2 1 1 2 2
-5933.3 2408.0 -14.0 276 0 12.1 11.6 5.0 2.5 2 0 2 3 3
-5895.7 2375.4 -13.3 330 0 11.2 8.8 5.0 0.0 0 0 2 3 3
-5906.8 2360.1 -13.6 54 0 10.5 13.5 2.5 2.5 2 1 1 5 5
-5917.6 2349.5 -13.9 53 0 11.6 13.3 7.5 2.5 4 1 3 2 2
-5935.9 2337.4 -14.3 48 0 12.2 7.5 2.5 2.5 2 0 1 4 4
-5921.7 2292.1 -13.8 217 0 15.5 16.6 10.0 2.5 2 1 4 2 2
-5848.7 2265.2 -15.2 116 0 14.7 12.1 7.5 2.5 2 0 3 5 5
-5821.4 1997.1 -17.2 185 0 10.4 16.6 5.0 2.5 2 1 2 3 3
-5620.7 1955.1 -13.5 265 0 10.3 14.8 7.5 2.5 2 1 3 2 2
-5537.1 1971.8 -12.8 103 0 13.2 17.8 15.0 0.0 0 1 6 2 2
-5480.0 1965.2 -10.4 91 0 16.2 27.9 7.5 2.5 2 1 3 3 3
-5565.9 1994.7 -13.1 97 0 14.3 14.9 5.0 2.5 4 1 2 0 0
-5594.8 1986.3 -14.0 92 0 17.6 17.2 7.5 2.5 2 0 3 2 2
-5677.4 1986.9 -13.7 107 0 10.2 20.4 10.0 0.0 0 1 4 2 2
-5726.1 1865.0 -14.3 257 0 12.6 21.8 5.0 2.5 2 1 2 5 5
-5691.5 1805.0 -16.1 346 0 13.2 17.0 5.0 2.5 2 1 2 2 2
-5613.9 1791.3 -17.4 192 0 13.1 16.3 7.5 2.5 2 1 3 4 4
-5487.6 1896.3 -12.4 355 0 14.2 16.1 2.5 2.5 2 1 1 5 5
-5490.4 1933.1 -11.8 302 0 11.1 12.8 2.5 2.5 2 1 1 4 4
-5540.4 1930.3 -13.7 267 0 15.9 21.3 10.0 2.5 2 1 4 3 3
-5591.5 1866.6 -15.2 85 0 14.7 18.4 10.0 2.5 2 1 4 0 0
-5782.2 1910.9 -15.5 108 0 8.8 9.0 2.5 0.0 0 1 1 2 2
-5773.5 1981.1 -15.2 91 0 9.3 6.5 7.5 2.5 2 0 3 5 5
-5699.1 1933.4 -13.5 110 0 13.4 8.0 7.5 2.5 2 0 3 4 4
-5645.2 1971.9 -13.6 261 0 13.9 10.2 7.5 2.5 2 0 3 5 5
-5676.9 1972.9 -13.2 265 0 6.6 21.3 7.5 2.5 2 1 3 5 5
-5729.2 1980.1 -13.9 86 0 16.6 13.6 5.0 2.5 2 0 2 0 0
-5737.1 1961.2 -14.2 266 0 17.8 12.7 5.0 2.5 2 0 2 1 1
-6215.3 2127.0 -16.0 134 0 6.6 9.7 5.0 2.5 4 1 2 3 3
-6255.3 2069.9 -20.7 216 0 17.8 14.6 10.0 2.5 2 0 4 1 1
-5176.4 2028.2 -11.0 134 0 9.8 14.1 7.5 2.5 2 1 3 5 5
-5237.7 2196.2 -9.6 8 0 12.3 18.2 5.0 2.5 2 1 2 1 1
-4255.8 2054.7 -5.6 179 0 7.5 11.4 5.0 2.5 2 1 2 2 2
-4359.9 1876.6 -5.7 187 0 11.9 14.3 7.5 2.5 2 1 3 3 3
-4413.4 1903.4 -4.3 187 0 21.2 17.2 10.0 2.5 2 0 4 0 0
-4440.8 1940.6 -4.0 193 0 13.6 11.8 2.5 2.5 2 0 1 1 1
-4306.6 2235.8 -8.4 186 0 10.4 10.7 7.5 2.5 2 1 3 4 4
-4270.1 2441.4 -6.0 43 0 10.2 16.3 7.5 2.5 2 1 3 5 5
-4185.2 2516.8 -8.4 76 0 6.6 11.0 2.5 2.5 2 1 1 5 5
-4196.2 2492.1 -8.0 85 0 13.3 10.1 2.5 2.5 2 0 1 3 3
-4220.6 2469.9 -7.2 28 0 16.8 11.1 10.0 2.5 2 0 4 2 2
-4249.7 2457.2 -6.9 52 0 9.8 15.6 10.0 2.5 2 1 4 1 1
-4217.6 2427.2 -7.4 240 0 11.5 10.6 10.0 0.0 0 0 4 5 5
-4143.7 2492.5 -7.9 234 0 11.5 17.9 7.5 2.5 2 1 3 0 0
-4089.9 2492.8 -9.1 276 0 11.3 14.4 7.5 2.5 2 1 3 1 1
-4095.8 2690.3 -10.5 358 0 12.0 8.2 5.0 2.5 2 0 2 3 3
-4109.7 2732.8 -11.2 268 0 16.5 14.5 2.5 2.5 2 0 1 5 5
-4241.3 2721.2 -13.8 204 0 13.6 13.8 7.5 2.5 4 1 3 0 0
-4220.3 2700.6 -12.4 8 0 7.2 10.4 7.5 2.5 4 1 3 2 2
-4239.6 2676.6 -12.2 98 0 11.9 17.3 2.5 0.0 0 1 1 5 5
-4252.3 2648.0 -11.2 299 0 9.1 17.8 10.0 2.5 2 1 4 5 5
-4224.3 2625.1 -10.5 343 0 10.2 17.5 7.5 2.5 2 1 3 4 4
-4165.4 2613.2 -8.4 129 0 16.3 22.9 12.5 2.5 2 1 5 3 3
-4135.6 2547.7 -7.9 118 0 10.0 10.9 5.0 2.5 2 1 2 4 4
-4199.3 2549.3 -9.0 223 0 9.6 16.3 7.5 2.5 2 1 3 1 1
-4476.2 2598.1 -10.4 110 0 14.7 9.6 5.0 2.5 4 0 2 2 2
-4426.8 2580.7 -6.5 304 0 12.1 15.0 7.5 2.5 2 1 3 5 5
-4378.1 2504.7 -5.2 46 0 15.1 10.6 2.5 2.5 2 0 1 2 2
-4345.2 2386.7 -4.8 279 0 7.2 9.8 7.5 2.5 2 1 3 2 2
-4260.9 2370.4 -7.1 68 0 11.6 10.9 10.0 2.5 2 0 4 3 3
-2829.7 -140.6 -5.7 25 0 10.4 18.1 10.0 2.5 2 1 4 4 4
-2810.5 -104.1 -4.4 311 0 10.2 15.4 2.5 2.5 2 1 1 3 3
-2750.5 -201.0 -1.8 9 0 13.1 12.5 10.0 0.0 0 0 4 2 2
-2754.7 -62.5 -3.1 86 0 8.6 12.4 2.5 2.5 2 1 1 2 2
-4969.1 -1220.1 -4.2 118 0 13.6 13.0 5.0 2.5 2 0 2 1 1
-4948.0 -1344.9 -7.8 325 0 12.2 9.6 2.5 2.5 2 0 1 0 0
-4957.5 -1318.9 -6.6 301 0 7.2 14.2 7.5 2.5 2 1 3 4 4
-4905.4 -1550.2 -4.3 98 0 11.3 16.5 7.5 2.5 2 1 3 4 4
-4856.0 -1475.7 -4.4 265 0 14.6 9.9 10.0 2.5 4 0 4 5 5
-5398.5 -1896.9 -14.7 95 0 13.3 13.3 7.5 2.5 2 1 3 2 2
-4780.6 -1848.0 -1.8 140 0 11.2 18.0 7.5 2.5 2 1 3 4 4
-4742.2 -1831.4 -2.2 330 0 7.8 13.0 7.5 2.5 2 1 3 0 0
-4745.8 -1852.6 -1.6 337 0 10.0 9.7 7.5 2.5 2 0 3 3 3
-4846.4 -1907.9 -2.0 186 0 7.5 31.3 5.0 2.5 2 1 2 3 3
-4797.2 -1916.0 -1.2 90 0 15.3 15.4 5.0 0.0 0 1 2 4 4
-4969.0 -1929.3 -3.1 306 0 10.6 7.6 7.5 2.5 2 0 3 2 2
-4999.4 -1924.6 -3.1 281 0 22.6 12.5 10.0 2.5 2 0 4 2 2
-5028.4 -1882.9 -5.5 93 0 13.4 8.8 7.5 2.5 2 0 3 0 0
-5064.6 -1891.8 -5.6 107 0 20.6 7.6 10.0 2.5 2 0 4 0 0
-5062.7 -1883.6 -6.1 106 0 14.5 11.8 7.5 2.5 2 0 3 3 3
-5105.6 -1921.5 -4.5 301 0 12.7 7.8 2.5 0.0 0 0 1 5 5
-5135.3 -1890.2 -6.5 101 0 14.1 9.4 2.5 2.5 2 0 1 1 1
-5131.0 -1911.1 -5.2 297 0 11.7 8.3 7.5 2.5 2 0 3 3 3
-5233.7 -1918.1 -6.2 194 0 12.4 17.1 7.5 2.5 4 1 3 5 5
-5198.8 -1940.9 -6.1 322 0 8.3 13.4 7.5 2.5 2 1 3 1 1
-5192.8 -1985.0 -7.7 30 0 8.9 16.5 2.5 2.5 2 1 1 4 4
2524.4 -1144.9 -12.2 52 0 11.4 14.6 2.5 2.5 2 1 1 2 2
2465.5 -1076.0 -15.3 204 0 10.0 9.7 5.0 2.5 2 0 2 4 4
2447.5 -1142.2 -14.0 192 0 6.3 8.0 5.0 2.5 2 1 2 4 4
2512.1 -1240.8 -12.9 124 0 11.6 8.0 7.5 2.5 2 0 3 5 5
2508.4 -1181.3 -13.6 316 0 15.1 6.5 2.5 2.5 2 0 1 1 1
2536.9 -1184.6 -11.7 328 0 6.8 7.4 5.0 2.5 2 1 2 2 2
2553.9 -1198.5 -13.4 322 0 13.6 7.6 5.0 2.5 2 0 2 3 3
2566.2 -1213.5 -12.7 312 0 6.8 8.4 7.5 2.5 2 1 3 2 2
2579.2 -1238.3 -8.5 321 0 6.0 8.4 10.0 2.5 2 1 4 0 0
3366.9 -979.3 -10.9 133 0 16.5 21.0 10.0 2.5 2 1 4 2 2
3348.1 -995.8 -11.9 133 0 15.8 12.3 7.5 2.5 4 0 3 0 0
3191.0 -1081.1 -13.9 76 0 29.1 14.2 10.0 2.5 2 0 4 3 3
3315.3 -798.5 -10.9 316 0 14.6 55.5 7.5 2.5 2 1 3 0 0
2727.3 -1688.7 -12.2 302 0 13.0 6.2 7.5 2.5 4 0 3 1 1
2775.5 -1693.5 -11.6 305 0 6.4 9.0 2.5 2.5 2 1 1 2 2
2794.8 -1538.0 -8.9 32 0 6.2 52.1 7.5 2.5 2 1 3 4 4
2737.9 -1498.2 -8.5 301 0 26.3 12.0 7.5 2.5 2 0 3 0 0
2695.2 -1473.1 -8.3 299 0 31.2 8.3 7.5 2.5 2 0 3 0 0
2570.3 -1357.3 -6.6 113 0 14.3 21.6 10.0 2.5 2 1 4 3 3
2475.6 -1298.2 -12.1 306 0 9.2 6.8 2.5 2.5 2 0 1 2 2
2514.4 -1335.5 -12.0 323 0 7.5 7.4 7.5 2.5 2 0 3 0 0
2570.5 -1175.3 -11.9 127 0 8.9 11.5 5.0 2.5 2 1 2 3 3
2296.1 -1143.7 -15.2 188 0 12.5 19.1 5.0 2.5 2 1 2 2 2
2331.1 -1178.6 -15.1 96 0 15.2 21.0 7.5 2.5 2 1 3 5 5
2365.2 -1056.5 -16.2 271 0 11.4 18.3 5.0 2.5 2 1 2 0 0
2426.6 -1120.9 -15.0 5 0 19.8 46.3 10.0 0.0 0 1 4 0 0
2424.8 -1152.4 -15.2 9 0 26.3 74.1 10.0 0.0 0 1 4 2 2
2383.9 -1392.9 -11.7 141 0 6.8 10.2 7.5 2.5 2 1 3 1 1
2414.2 -1410.1 -11.2 162 0 6.4 7.6 5.0 2.5 2 1 2 2 2
2422.6 -1419.0 -11.1 142 0 6.4 8.5 7.5 2.5 4 1 3 2 2
2492.2 -1491.4 -10.3 223 0 9.3 12.1 5.0 2.5 2 1 2 4 4
2490.4 -1421.8 -10.6 319 0 7.8 10.8 5.0 2.5 2 1 2 5 5
2471.3 -1473.4 -10.3 146 0 6.5 11.1 10.0 2.5 2 1 4 4 4
2512.3 -1442.1 -10.6 45 0 8.2 10.6 5.0 2.5 2 1 2 1 1
2470.8 -1403.2 -10.6 309 0 7.1 8.1 7.5 2.5 2 1 3 0 0
2445.6 -1342.7 -11.4 136 0 7.4 11.2 7.5 2.5 2 1 3 5 5
2433.6 -1333.6 -11.5 135 0 7.3 11.0 5.0 2.5 2 1 2 2 2
2420.3 -1257.9 -12.2 219 0 6.2 9.9 7.5 2.5 2 1 3 1 1
2479.4 -1269.6 -12.6 145 0 12.5 7.8 7.5 2.5 2 0 3 5 5
2517.8 -1275.3 -13.0 313 0 6.7 9.7 2.5 2.5 2 1 1 1 1
2531.6 -1288.0 -11.0 317 0 6.7 7.5 5.0 2.5 2 1 2 3 3
2514.7 -1308.9 -12.0 136 0 8.3 12.0 7.5 2.5 4 1 3 4 4
3160.4 -853.1 -11.9 135 0 13.0 9.3 5.0 2.5 2 0 2 0 0
3155.0 -864.3 -12.1 321 0 6.7 7.0 7.5 2.5 2 1 3 2 2
3174.5 -922.4 -13.5 130 0 17.1 12.5 5.0 2.5 2 0 2 1 1
3230.9 -970.1 -14.4 134 0 13.8 11.7 7.5 2.5 4 0 3 0 0
3512.2 -1097.9 -8.9 132 0 6.4 11.2 7.5 2.5 4 1 3 3 3
3526.2 -988.3 -7.4 309 0 20.5 14.9 10.0 2.5 4 0 4 2 2
3481.8 -961.1 -7.9 315 0 13.0 13.0 5.0 2.5 2 1 2 1 1
3467.3 -945.8 -7.9 311 0 22.3 14.2 10.0 2.5 4 0 4 5 5
3406.4 -1003.7 -10.8 44 0 11.3 25.7 7.5 2.5 2 1 3 5 5
3422.4 -961.4 -9.4 44 0 21.6 9.2 2.5 2.5 4 0 1 3 3
3434.1 -907.9 -7.7 315 0 13.3 18.4 7.5 2.5 2 1 3 3 3
3407.9 -925.2 -8.4 226 0 9.6 12.5 7.5 2.5 4 1 3 3 3
3386.8 -946.4 -9.6 222 0 9.2 12.6 7.5 0.0 0 1 3 0 0
3655.5 -127.9 -9.4 277 0 12.9 10.3 7.5 0.0 0 0 3 2 2
3664.7 -101.7 -8.9 92 0 6.8 9.0 5.0 2.5 2 1 2 2 2
3741.0 -21.2 -9.0 350 0 10.1 17.4 7.5 2.5 2 1 3 4 4
3715.9 0.2 -7.6 83 0 6.4 27.9 7.5 0.0 0 1 3 2 2
3656.8 35.8 -7.2 171 0 13.2 40.8 7.5 2.5 2 1 3 1 1
3755.8 109.2 -9.3 354 0 22.8 28.4 10.0 2.5 2 1 4 4 4
3729.1 160.3 -9.9 352 0 11.4 7.0 2.5 2.5 2 0 1 3 3
3650.5 69.7 -7.2 129 0 12.2 29.9 10.0 0.0 0 1 4 5 5
3640.1 230.6 -11.1 260 0 32.5 79.8 10.0 0.0 0 1 4 2 2
3575.3 119.2 -8.2 176 0 6.4 7.8 7.5 2.5 2 1 3 4 4
3492.2 -479.7 -7.6 212 0 10.6 15.1 5.0 0.0 0 1 2 1 1
3413.7 -573.0 -8.8 227 0 7.3 8.1 7.5 2.5 2 1 3 5 5
3394.3 -593.5 -8.9 228 0 9.7 11.5 5.0 2.5 2 1 2 1 1
3361.6 -628.4 -8.8 221 0 8.8 11.5 2.5 2.5 2 1 1 2 2
3328.8 -661.5 -9.2 225 0 10.6 10.0 5.0 2.5 2 0 2 1 1
3268.3 -666.4 -9.7 143 0 8.5 13.8 7.5 2.5 2 1 3 3 3
3202.7 -677.5 -9.3 220 0 11.0 7.4 7.5 2.5 2 0 3 4 4
3224.9 -709.3 -9.6 20 0 8.1 7.1 7.5 0.0 0 0 3 1 1
3213.1 -736.4 -9.7 58 0 10.0 11.5 5.0 2.5 4 1 2 2 2
3209.7 -796.0 -10.8 230 0 10.1 7.7 2.5 2.5 2 0 1 2 2
2998.2 -272.8 -13.0 10 0 9.6 11.6 2.5 2.5 2 1 1 0 0
2990.2 -298.5 -14.0 9 0 8.0 7.6 2.5 2.5 2 0 1 2 2
2929.9 -397.9 -15.1 5 0 8.5 10.9 7.5 2.5 4 1 3 4 4
2937.7 -380.9 -15.0 99 0 14.5 26.1 7.5 2.5 2 1 3 5 5
2934.5 -328.2 -15.6 275 0 31.1 12.5 15.0 0.0 0 0 6 3 3
2880.8 -369.5 -16.4 99 0 10.1 16.5 5.0 2.5 2 1 2 4 4
3030.7 -331.7 -13.7 316 0 6.1 7.4 5.0 2.5 2 1 2 1 1
3046.6 -332.3 -14.0 306 0 8.1 11.0 7.5 2.5 2 1 3 3 3
3069.0 -316.4 -12.8 109 0 8.1 6.5 7.5 2.5 2 0 3 3 3
3050.7 -262.4 -12.9 268 0 13.7 13.4 5.0 2.5 2 0 2 0 0
3092.6 -242.1 -12.2 267 0 8.9 6.1 7.5 2.5 2 0 3 1 1
3138.2 -267.5 -10.5 7 0 8.7 12.2 10.0 2.5 4 1 4 4 4
3137.0 -289.3 -10.5 12 0 6.2 11.9 5.0 2.5 4 1 2 3 3
3145.7 -306.1 -10.4 193 0 10.4 7.9 7.5 2.5 2 0 3 5 5
3203.9 -312.6 -10.0 184 0 59.0 17.2 7.5 2.5 2 0 3 2 2
3239.0 -383.2 -10.4 352 0 7.9 23.8 10.0 2.5 2 1 4 4 4
3232.6 -433.1 -10.4 165 0 7.4 9.2 2.5 2.5 2 1 1 5 5
3218.7 -417.0 -10.3 172 0 24.0 7.0 7.5 0.0 0 0 3 5 5
3259.3 -392.3 -11.0 262 0 10.3 28.9 10.0 2.5 2 1 4 2 2
3299.9 -456.0 -11.8 322 0 18.5 8.9 5.0 2.5 2 0 2 3 3
3318.2 -501.1 -11.8 53 0 15.3 35.0 5.0 2.5 4 1 2 2 2
3502.8 -584.2 -7.9 348 0 18.9 7.5 5.0 0.0 0 0 2 3 3
3521.1 -503.7 -8.0 159 0 6.5 6.9 5.0 2.5 2 1 2 3 3
3565.1 -469.2 -9.2 121 0 7.5 10.9 5.0 2.5 2 1 2 3 3
3598.9 -444.0 -9.8 33 0 15.1 7.2 2.5 2.5 2 0 1 3 3
3649.2 -354.3 -11.3 21 0 7.8 9.4 5.0 2.5 2 1 2 3 3
3657.4 -296.7 -11.4 295 0 7.3 9.9 7.5 2.5 2 1 3 0 0
3635.5 -309.6 -10.6 307 0 12.8 6.4 7.5 2.5 2 0 3 4 4
3632.5 -279.1 -10.2 288 0 13.5 8.1 7.5 2.5 2 0 3 0 0
3629.9 -253.7 -10.0 93 0 7.4 25.5 5.0 2.5 2 1 2 3 3
3640.0 -211.6 -10.6 178 0 19.8 13.1 10.0 2.5 4 0 4 0 0
3419.9 154.2 -6.5 110 0 10.6 10.7 7.5 2.5 2 1 3 1 1
3435.2 152.3 -6.7 104 0 9.3 10.8 5.0 2.5 2 1 2 4 4
3467.1 170.8 -7.2 14 0 7.5 13.6 5.0 2.5 4 1 2 2 2
3480.0 177.8 -7.6 194 0 6.2 8.7 7.5 2.5 4 1 3 1 1
3472.6 114.2 -6.7 189 0 11.1 7.9 7.5 2.5 2 0 3 4 4
3473.0 80.6 -5.6 186 0 8.4 11.4 7.5 2.5 2 1 3 4 4
3518.7 81.4 -5.4 294 0 6.6 6.9 5.0 2.5 2 1 2 2 2
3542.5 40.1 -5.5 8 0 17.2 7.8 7.5 2.5 2 0 3 1 1
3479.2 -79.7 -6.8 147 0 8.9 12.6 5.0 2.5 2 1 2 4 4
3450.0 -75.8 -6.8 138 0 8.7 14.5 7.5 2.5 2 1 3 4 4
3452.5 -104.4 -6.7 135 0 9.9 13.3 7.5 0.0 0 1 3 4 4
3493.4 -154.4 -6.6 135 0 23.4 10.7 7.5 2.5 2 0 3 2 2
3365.0 -390.0 -8.9 28 0 12.5 6.2 10.0 2.5 2 0 4 0 0
3353.5 -383.7 -10.1 28 0 9.6 17.2 2.5 2.5 2 1 1 3 3
3313.1 -428.2 -11.7 149 0 25.8 13.0 10.0 2.5 2 0 4 1 1
3253.8 -321.2 -9.4 290 0 8.2 13.6 7.5 2.5 2 1 3 3 3
3274.8 -290.0 -8.5 205 0 7.5 6.3 7.5 2.5 2 0 3 5 5
3286.0 -259.3 -8.2 200 0 8.0 9.2 10.0 2.5 2 1 4 0 0
3314.6 -316.8 -8.9 104 0 27.3 11.8 12.5 0.0 0 0 5 3 3
3344.4 -262.1 -6.9 18 0 7.9 6.5 7.5 2.5 2 0 3 4 4
3352.3 -244.2 -6.9 33 0 6.2 11.6 10.0 2.5 2 1 4 3 3
3383.4 -199.5 -6.5 24 0 10.2 7.6 7.5 2.5 2 0 3 0 0
3374.1 -212.4 -6.6 29 0 12.5 9.4 5.0 2.5 2 0 2 0 0
3357.9 -225.0 -6.8 39 0 7.4 10.6 7.5 0.0 0 1 3 0 0
3323.2 -189.4 -7.0 207 0 6.6 11.4 5.0 2.5 2 1 2 2 2
3305.7 -165.5 -7.5 191 0 6.8 10.3 5.0 2.5 2 1 2 5 5
3282.7 -125.7 -8.5 8 0 8.9 9.9 2.5 0.0 0 1 1 0 0
3280.2 -136.9 -8.7 10 0 7.4 12.0 2.5 2.5 4 1 1 2 2
3278.0 -161.4 -8.7 6 0 8.8 10.0 5.0 0.0 0 1 2 4 4
3225.4 -168.1 -9.8 175 0 7.3 10.1 5.0 2.5 2 1 2 0 0
3269.9 -235.8 -8.9 12 0 9.6 8.4 5.0 2.5 2 0 2 2 2
3237.1 -259.0 -9.8 99 0 6.5 12.1 7.5 2.5 2 1 3 4 4
3211.8 -234.6 -10.5 21 0 11.3 7.4 2.5 2.5 2 0 1 3 3
3178.4 -227.2 -11.1 113 0 7.7 11.7 7.5 2.5 2 1 3 5 5
3103.9 -354.9 -12.6 285 0 7.5 11.2 7.5 2.5 2 1 3 2 2
3132.1 -358.9 -11.7 301 0 6.6 6.5 10.0 2.5 2 0 4 0 0
3149.2 -351.9 -11.5 288 0 14.0 18.8 7.5 2.5 2 1 3 0 0
3177.7 -433.8 -12.2 4 0 23.5 17.8 7.5 2.5 2 0 3 5 5
3153.2 -462.8 -12.6 89 0 16.0 10.2 5.0 0.0 0 0 2 4 4
3183.9 -555.3 -10.3 153 0 13.4 7.2 2.5 2.5 2 0 1 5 5
3251.5 -531.1 -10.5 261 0 8.6 12.6 7.5 2.5 2 1 3 4 4
3233.9 -565.9 -10.0 155 0 7.5 13.3 7.5 2.5 2 1 3 5 5
3258.8 -634.8 -9.8 148 0 6.0 10.3 7.5 2.5 2 1 3 5 5
3615.1 5657.7 -10.9 175 0 10.4 10.9 14.0 3.5 2 1 4 0 0
3603.5 5730.9 -12.1 175 0 17.6 21.1 14.0 3.5 2 1 4 5 5
3667.5 5722.3 -10.9 263 0 16.7 28.8 14.0 3.5 2 1 4 1 1
3700.3 5668.9 -10.7 85 0 12.7 28.8 14.0 3.5 2 1 4 4 4
3692.0 5617.4 -11.3 86 0 11.9 27.8 14.0 3.5 2 1 4 1 1
3651.5 5620.0 -11.0 84 0 23.7 11.2 14.0 3.5 4 0 4 4 4
3574.9 5592.4 -11.2 175 0 9.9 14.9 14.0 3.5 2 1 4 5 5
3542.6 5599.8 -11.5 8 0 12.4 12.3 10.5 3.5 2 0 3 3 3
3524.3 5563.8 -12.0 78 0 9.6 14.2 10.5 0.0 0 1 3 1 1
3310.8 5569.5 -11.6 98 0 8.7 6.8 10.5 3.5 2 0 3 1 1
3312.4 5598.2 -13.1 97 0 15.1 32.5 10.5 3.5 2 1 3 5 5
3431.2 5639.4 -13.3 89 0 13.4 11.4 10.5 3.5 2 0 3 5 5
3417.5 5486.5 -9.2 58 0 7.4 8.9 10.5 3.5 2 1 3 1 1
3423.3 5544.1 -9.3 70 0 7.2 9.6 10.5 3.5 2 1 3 2 2
3446.8 5550.0 -10.2 74 0 8.4 14.6 10.5 3.5 2 1 3 5 5
3443.0 5459.4 -10.4 171 0 9.3 16.0 14.0 3.5 2 1 4 2 2
3354.2 5513.2 -9.6 69 0 7.6 12.5 10.5 3.5 2 1 3 5 5
3354.1 5492.2 -8.8 250 0 10.5 8.0 10.5 3.5 2 0 3 0 0
3338.1 5477.6 -8.7 250 0 11.4 11.6 10.5 3.5 2 1 3 3 3
3279.2 5470.3 -9.4 238 0 13.5 10.1 10.5 3.5 2 0 3 4 4
2910.7 5204.0 -12.2 96 0 6.1 8.9 10.5 3.5 2 1 3 5 5
3077.9 5077.9 -13.1 7 0 6.9 6.4 10.5 3.5 2 0 3 1 1
3006.1 5105.7 -11.8 193 0 7.3 17.6 10.5 3.5 2 1 3 0 0
2979.8 5176.1 -11.2 278 0 8.4 8.2 10.5 3.5 2 0 3 0 0
2956.2 5142.2 -11.6 183 0 7.4 8.5 10.5 3.5 2 1 3 0 0
2937.9 5164.4 -12.0 32 0 9.9 9.2 10.5 3.5 4 0 3 1 1
2918.2 5091.4 -13.3 295 0 8.9 6.2 10.5 3.5 2 0 3 4 4
2854.9 5141.3 -13.4 152 0 6.0 10.7 10.5 3.5 2 1 3 0 0
2304.4 3228.0 -13.7 184 0 12.7 30.5 12.5 0.0 0 1 5 4 4
2659.7 3385.0 -14.9 180 0 7.4 8.4 7.5 2.5 2 1 3 0 0
2751.6 3351.2 -15.2 6 0 10.4 7.7 7.5 2.5 2 0 3 1 1
2746.7 3588.3 -15.0 223 0 7.8 11.6 5.0 2.5 2 1 2 1 1
2774.1 3625.9 -14.1 298 0 8.9 6.4 10.0 2.5 2 0 4 0 0
2830.9 3722.1 -13.9 205 0 8.0 10.5 10.0 2.5 2 1 4 3 3
-649.3 927.7 -9.7 198 0 8.1 8.7 7.5 2.5 2 1 3 0 0
-636.7 965.5 -9.5 210 0 13.3 12.0 7.5 2.5 2 0 3 4 4
-649.9 980.3 -8.0 21 0 9.2 9.0 7.5 2.5 2 0 3 3 3
-720.6 934.9 -6.7 71 0 11.6 13.3 7.5 2.5 2 1 3 3 3
-176.9 657.9 -12.7 267 0 7.6 8.4 2.5 2.5 2 1 1 0 0
-197.2 649.3 -11.5 295 0 6.2 8.5 7.5 2.5 2 1 3 0 0
-240.6 653.9 -12.0 346 0 8.6 12.7 10.0 2.5 2 1 4 2 2
-1211.6 569.1 -5.0 183 0 8.7 12.5 2.5 0.0 0 1 1 3 3
-1197.4 617.6 -3.6 203 0 8.6 12.5 7.5 2.5 2 1 3 3 3
-1078.5 880.8 -7.2 262 0 15.7 12.6 5.0 2.5 2 0 2 1 1
-1168.4 756.8 -8.7 31 0 9.7 13.5 2.5 2.5 2 1 1 1 1
-1212.1 650.8 -3.4 31 0 7.2 9.2 7.5 2.5 2 1 3 4 4
-1215.8 639.7 -3.0 26 0 11.5 14.5 5.0 2.5 2 1 2 2 2
-1333.0 741.7 -4.2 161 0 11.3 13.4 7.5 2.5 2 1 3 4 4
-1373.7 1110.2 -11.0 95 0 10.9 12.5 7.5 2.5 2 1 3 5 5
-1387.0 972.0 -13.0 182 0 7.7 9.2 2.5 2.5 2 1 1 3 3
-1380.9 861.2 -7.7 168 0 11.4 9.5 5.0 2.5 2 0 2 5 5
-1362.3 808.0 -4.8 162 0 7.8 14.6 7.5 2.5 2 1 3 4 4
-1384.7 775.9 -2.9 335 0 11.1 7.7 7.5 2.5 2 0 3 0 0
-1375.5 716.5 -1.0 144 0 8.6 12.0 7.5 0.0 0 1 3 3 3
-1343.4 642.7 -2.6 238 0 7.5 9.2 5.0 2.5 2 1 2 1 1
-1238.3 560.6 -3.2 25 0 8.2 14.1 7.5 2.5 2 1 3 5 5
-1300.6 465.2 -4.2 64 0 9.7 10.0 7.5 2.5 2 1 3 0 0
-1368.5 435.0 -4.7 216 0 9.1 11.5 7.5 2.5 2 1 3 1 1
-1375.4 341.4 -2.0 60 0 13.5 6.8 5.0 2.5 2 0 2 1 1
-1448.2 350.5 -2.9 76 0 15.0 9.3 7.5 2.5 2 0 3 5 5
-1478.1 356.9 -3.4 100 0 10.7 13.8 5.0 2.5 2 1 2 5 5
-1532.4 355.6 -2.0 119 0 14.6 13.6 2.5 2.5 2 0 1 1 1
-1593.4 417.6 -3.5 286 0 6.4 8.6 7.5 0.0 0 1 3 1 1
-1731.5 416.4 -3.5 103 0 7.4 7.0 7.5 2.5 2 0 3 4 4
-1757.5 420.4 -3.6 114 0 10.9 18.5 10.0 0.0 0 1 4 5 5
-1771.6 422.5 -2.8 115 0 10.1 6.4 5.0 2.5 2 0 2 5 5
-1851.9 455.9 -2.0 119 0 7.1 10.0 10.0 2.5 2 1 4 4 4
-1809.2 524.7 -3.9 34 0 12.4 8.0 7.5 2.5 4 0 3 1 1
-1815.1 496.0 -3.4 24 0 6.8 10.0 5.0 2.5 2 1 2 3 3
-1895.2 470.2 -4.2 105 0 9.3 8.5 5.0 2.5 2 0 2 3 3
-1934.0 502.9 -6.0 213 0 9.9 14.5 2.5 0.0 0 1 1 2 2
-2029.3 487.1 -2.4 125 0 8.8 10.0 10.0 2.5 2 1 4 2 2
-2084.1 483.8 -0.0 84 0 9.0 16.6 5.0 2.5 4 1 2 5 5
-2109.9 516.9 0.2 299 0 8.8 6.5 5.0 2.5 2 0 2 0 0
-2174.3 547.3 -1.0 229 0 6.4 10.6 7.5 2.5 2 1 3 4 4
-2119.1 595.1 -0.6 39 0 10.3 19.0 7.5 2.5 4 1 3 3 3
-2151.2 553.2 -0.7 235 0 12.4 17.7 7.5 2.5 2 1 3 2 2
-2192.8 486.9 0.7 74 0 8.3 16.3 7.5 2.5 2 1 3 5 5
-2183.9 500.1 -0.0 67 0 7.5 16.4 7.5 2.5 4 1 3 2 2
-2217.4 491.9 1.1 99 0 8.3 7.5 2.5 2.5 2 0 1 3 3
-2247.7 485.9 1.0 93 0 11.0 19.7 7.5 2.5 4 1 3 3 3
-2083.4 456.7 -0.9 293 0 8.8 13.1 5.0 2.5 4 1 2 5 5
-2118.4 431.2 0.7 108 0 7.7 6.9 7.5 2.5 2 0 3 0 0
-2185.9 455.1 1.6 270 0 21.4 15.5 10.0 2.5 2 0 4 3 3
-2273.4 455.2 0.5 277 0 12.0 14.6 2.5 2.5 2 1 1 3 3
-2110.1 116.3 -7.3 226 0 14.0 17.0 2.5 2.5 4 1 1 3 3
-2251.8 221.7 -8.0 308 0 8.2 6.8 2.5 2.5 2 0 1 1 1
-2416.7 163.5 -2.8 6 0 6.2 7.7 10.0 2.5 2 1 4 0 0
-2542.8 293.1 -3.3 12 0 16.4 10.8 7.5 2.5 2 0 3 2 2
-2533.1 120.2 -1.1 263 0 6.4 8.1 7.5 2.5 2 1 3 3 3
-2502.3 112.7 -0.4 233 0 7.5 8.0 10.0 2.5 2 1 4 0 0
-2559.2 58.9 -1.6 88 0 14.7 9.8 7.5 2.5 2 0 3 4 4
-2579.7 49.2 -2.1 89 0 12.5 10.5 7.5 2.5 2 0 3 3 3
-5837.4 -2002.9 -11.6 178 0 8.5 14.0 7.5 2.5 2 1 3 0 0
-5099.2 -3105.3 -0.3 303 0 9.5 10.1 7.5 0.0 0 1 3 4 4
-5066.3 -3200.3 3.0 266 0 16.7 10.0 2.5 2.5 4 0 1 2 2
2194.1 -5740.7 4.2 240 0 18.0 40.2 12.5 2.5 2 1 5 0 0
