2113.4 1895.6 -7.5 285 0 178.9 405.1 12.5 0.0 0 0 5 0 0
-4886.0 2231.4 -9.6 98 0 80.3 16.6 7.5 2.5 2 0 3 2 2
-4479.7 -6865.5 -11.0 35 0 14.4 10.5 7.5 2.5 2 0 3 4 4
-4458.2 -6817.0 -10.7 305 0 10.5 14.4 7.5 2.5 2 1 3 2 2
-4409.4 -6701.6 -9.9 305 0 10.5 14.4 2.5 2.5 2 1 1 2 2
-4425.3 -6761.4 -10.3 125 0 10.5 14.4 2.5 0.0 0 1 1 0 0
-4451.8 -6727.1 -9.8 215 0 14.4 10.5 7.5 2.5 2 0 3 4 4
-4316.6 -6657.8 -10.2 125 0 10.5 14.4 5.0 2.5 4 1 2 4 4
-4521.7 -6827.0 -9.7 125 0 10.5 14.4 7.5 2.5 2 1 3 1 1
-4361.8 -6641.9 -9.6 125 0 10.5 14.4 7.5 0.0 0 1 3 1 1
-4386.5 -6772.0 -10.5 125 0 10.5 14.4 7.5 2.5 2 1 3 5 5
-4240.6 -6728.9 -10.3 35 0 14.4 10.5 7.5 2.5 2 0 3 3 3
-4246.9 -6671.4 -10.2 215 0 14.4 10.5 7.5 2.5 2 0 3 1 1
-4105.3 -6691.5 -10.9 215 0 14.4 10.5 5.0 2.5 2 0 2 0 0
-4374.2 -6800.4 -10.8 125 0 10.5 14.4 5.0 2.5 2 1 2 2 2
5975.3 6159.1 3.0 262 0 7.4 16.1 7.5 2.5 2 1 3 4 4
5881.7 6141.1 3.4 180 0 7.7 11.2 10.0 0.0 0 1 4 2 2
5936.1 6253.8 3.2 0 0 7.7 11.2 7.5 2.5 2 1 3 0 0
-1762.6 -847.1 -4.5 73 0 8.3 13.0 5.0 2.5 2 1 2 2 2
-1934.8 -499.9 -4.5 253 0 8.3 13.0 5.0 2.5 2 0 2 4 4
-1828.8 -778.7 -3.7 343 0 13.0 8.3 2.5 2.5 2 0 1 1 1
-2242.7 -531.3 -7.3 253 0 8.3 13.0 5.0 2.5 2 1 2 3 3
-1977.1 -522.4 -3.6 253 0 8.3 13.0 2.5 2.5 2 0 1 4 4
-1817.6 -627.9 -3.1 343 0 13.0 8.3 5.0 2.5 2 0 2 4 4
-1924.8 -427.6 -7.9 252 0 20.5 40.0 12.5 0.0 0 1 5 4 4
-1983.3 -563.8 -3.7 73 0 8.3 13.0 7.5 2.5 2 0 3 5 5
-2014.2 -576.2 -4.3 253 0 8.3 13.0 2.5 2.5 2 0 1 5 5
-1860.2 -464.4 -8.4 73 0 8.3 13.0 5.0 2.5 2 1 2 4 4
-2063.5 -593.1 -5.3 163 0 13.0 8.3 5.0 2.5 2 0 2 0 0
-1901.9 -562.9 -3.5 163 0 13.0 8.3 7.5 2.5 2 0 3 4 4
-1818.8 -661.6 -3.2 343 0 13.0 8.3 7.5 2.5 2 0 3 5 5
-1804.1 -584.1 -4.0 343 0 13.0 8.3 7.5 2.5 2 0 3 5 5
-2009.7 -555.9 -3.9 163 0 13.0 8.3 7.5 2.5 4 0 3 2 2
-1849.9 -573.9 -3.7 253 0 8.3 13.0 10.0 2.5 2 1 4 0 0
-1818.5 -837.4 -4.5 163 0 13.0 8.3 5.0 2.5 2 0 2 1 1
-2030.0 -578.0 -4.6 253 0 8.3 13.0 7.5 0.0 0 1 3 2 2
-1783.2 -734.1 -3.2 73 0 8.3 13.0 7.5 2.5 2 1 3 5 5
-2182.8 -519.1 -6.9 343 0 13.0 8.3 7.5 2.5 2 0 3 2 2
-2037.1 -504.1 -4.4 253 0 8.3 13.0 7.5 2.5 2 1 3 2 2
-2127.2 -446.9 -5.8 73 0 8.3 13.0 5.0 2.5 2 1 2 2 2
-2053.5 -710.8 -6.8 163 0 13.0 8.3 5.0 2.5 2 0 2 0 0
-1830.5 -586.5 -3.7 343 0 13.0 8.3 7.5 2.5 4 0 3 1 1
-1815.3 -710.1 -3.4 343 0 13.0 8.3 10.0 2.5 2 0 4 1 1
-2184.2 -554.3 -6.9 73 0 8.3 13.0 7.5 2.5 2 1 3 4 4
-1999.5 -497.6 -3.8 253 0 8.3 13.0 5.0 2.5 4 1 2 5 5
-1859.6 -616.4 -3.1 73 0 8.3 13.0 5.0 0.0 0 1 2 3 3
-1813.5 -524.2 -4.8 253 0 8.3 13.0 5.0 0.0 0 1 2 0 0
-2090.8 -317.7 -3.9 73 0 8.3 13.0 5.0 2.5 2 1 2 1 1
-1824.8 -763.2 -3.5 17 0 12.3 8.1 5.0 2.5 2 0 2 5 5
-2175.1 -503.7 -6.7 343 0 13.0 8.3 7.5 2.5 2 0 3 5 5
-1887.5 -423.3 -9.2 343 0 13.0 8.3 10.0 2.5 4 0 4 0 0
-1871.9 -861.9 -4.8 73 0 8.3 13.0 5.0 2.5 2 1 2 0 0
-1842.9 -533.6 -4.5 253 0 8.3 13.0 7.5 2.5 4 1 3 5 5
-1819.4 -729.0 -3.2 343 0 13.0 8.3 5.0 2.5 2 0 2 4 4
-1766.2 -747.7 -3.2 73 0 8.3 13.0 7.5 2.5 2 1 3 1 1
-1754.4 -831.7 -4.2 73 0 8.3 13.0 7.5 2.5 2 1 3 3 3
-2206.0 -635.7 -6.8 163 0 13.0 8.3 7.5 2.5 2 0 3 3 3
-1995.6 -609.3 -4.2 73 0 8.3 13.0 10.0 2.5 2 1 4 3 3
-1983.0 -502.3 -3.7 253 0 8.3 13.0 7.5 2.5 2 1 3 2 2
-2178.1 -454.4 -6.2 253 0 8.3 13.0 2.5 2.5 2 1 1 1 1
-1758.3 -563.8 -3.8 253 0 8.3 13.0 7.5 2.5 2 1 3 2 2
-1801.2 -747.2 -3.4 253 0 8.3 13.0 10.0 2.5 2 1 4 2 2
-766.5 -927.4 -5.6 88 0 7.7 11.2 7.5 2.5 2 1 3 5 5
-56.9 -1466.9 -5.1 179 0 11.2 7.7 10.0 2.5 4 0 4 2 2
-609.9 -1650.5 -2.2 88 0 7.7 11.2 7.5 2.5 2 1 3 4 4
119.0 -1652.0 -5.0 268 0 7.7 11.2 10.0 2.5 2 1 4 4 4
-262.8 -1116.4 -6.0 89 0 7.7 11.2 7.5 2.5 2 1 3 0 0
216.8 -1660.5 -4.9 268 0 7.7 11.2 7.5 0.0 0 1 3 0 0
207.6 -1609.2 -5.5 179 0 11.2 7.7 7.5 2.5 2 0 3 1 1
-177.4 -997.3 -7.9 349 0 7.5 13.3 7.5 2.5 2 1 3 1 1
-361.4 -1181.4 -6.9 268 0 7.7 11.2 5.0 2.5 4 1 2 4 4
-629.5 -1637.0 -2.3 179 0 11.3 7.7 7.5 2.5 2 0 3 0 0
-123.4 -1094.6 -6.5 77 0 10.5 7.9 2.5 2.5 2 0 1 5 5
-231.0 -1043.7 -6.8 359 0 11.2 7.7 7.5 2.5 2 0 3 0 0
-156.9 -1067.9 -7.0 259 0 13.3 7.5 10.0 2.5 2 0 4 2 2
153.7 -1701.4 -4.2 89 0 7.7 11.2 7.5 2.5 2 1 3 3 3
50.6 -1658.4 -5.4 269 0 16.1 7.0 5.0 2.5 2 0 2 5 5
-397.9 -1495.2 -1.0 272 0 8.4 15.7 5.0 2.5 4 1 2 3 3
-571.1 -1608.8 -1.6 268 0 7.7 11.2 7.5 2.5 2 1 3 3 3
-226.1 -949.0 -4.9 358 0 11.2 7.7 5.0 2.5 2 0 2 4 4
-379.3 -1217.4 -6.7 88 0 7.7 11.2 7.5 2.5 2 1 3 3 3
-599.2 -1442.7 -2.1 178 0 11.2 7.7 2.5 2.5 2 0 1 3 3
164.8 -1701.7 -4.2 89 0 7.7 11.2 7.5 2.5 2 1 3 2 2
-303.1 -878.3 -5.4 169 0 7.5 13.3 7.5 2.5 2 1 3 1 1
-757.7 -924.7 -5.8 89 0 7.7 11.2 10.0 2.5 2 1 4 4 4
-298.7 -1172.6 -6.7 2 0 15.7 8.4 5.0 2.5 2 0 2 0 0
-645.0 -1035.7 -5.3 178 0 11.2 7.7 10.0 0.0 0 0 4 2 2
1192.5 2263.5 -3.7 8 0 9.0 11.3 5.0 2.5 2 1 2 3 3
1773.9 2523.1 -1.7 188 0 8.9 11.3 7.5 2.5 2 1 3 0 0
1963.8 2849.6 -2.7 278 0 11.3 9.0 2.5 2.5 2 0 1 2 2
1377.0 2617.3 3.1 280 0 10.9 13.2 2.5 2.5 2 1 1 5 5
1226.9 2483.6 0.7 10 0 13.2 10.9 5.0 0.0 0 0 2 5 5
1952.3 2306.7 -3.1 188 0 9.0 11.3 7.5 2.5 2 1 3 4 4
2034.1 2848.4 -2.8 188 0 9.0 11.3 7.5 2.5 2 1 3 3 3
1801.4 2915.6 -2.8 188 0 8.9 11.3 7.5 2.5 2 1 3 4 4
1191.6 2201.9 -3.0 8 0 9.0 11.3 5.0 2.5 2 1 2 5 5
1307.4 2690.8 1.9 188 0 8.9 11.3 7.5 2.5 2 1 3 2 2
1282.1 2087.8 -2.7 188 0 8.9 11.3 5.0 2.5 2 1 2 0 0
2052.0 2935.7 -2.7 188 0 8.9 11.3 7.5 2.5 2 1 3 1 1
1861.5 3033.4 -1.9 188 0 9.0 11.3 2.5 2.5 2 1 1 3 3
1884.6 2969.7 -2.8 8 0 9.0 11.3 7.5 2.5 2 1 3 4 4
1207.8 2349.6 -2.9 10 0 13.2 10.9 5.0 0.0 0 0 2 0 0
1786.6 2826.1 -0.1 188 0 9.0 11.3 7.5 2.5 2 1 3 0 0
1187.5 2179.5 -2.6 8 0 8.9 11.3 7.5 2.5 2 1 3 1 1
2129.0 2792.7 -2.0 98 0 11.3 9.0 2.5 2.5 2 0 1 2 2
1916.5 2833.4 -2.3 98 0 11.3 9.0 5.0 2.5 2 0 2 1 1
1761.0 2464.1 1.2 98 0 11.3 8.9 7.5 2.5 2 0 3 1 1
1469.0 2515.4 3.3 188 0 9.0 11.3 7.5 2.5 2 1 3 2 2
1242.2 2660.8 3.0 280 0 10.9 13.2 2.5 2.5 2 1 1 2 2
-4996.8 2384.9 -11.4 15 0 23.2 39.6 7.5 0.0 0 1 3 2 2
-5150.4 2416.2 -11.5 14 0 16.4 30.5 7.5 2.5 4 1 3 0 0
-4970.1 2325.5 -10.6 14 0 8.7 28.6 7.5 2.5 2 1 3 0 0
-4963.7 2336.2 -10.5 8 0 12.9 14.8 5.0 0.0 0 1 2 3 3
-4987.9 2342.8 -10.6 192 0 9.5 7.1 2.5 2.5 4 0 1 5 5
-5012.1 2339.9 -10.7 284 0 31.4 9.0 7.5 2.5 2 0 3 3 3
-5020.4 2311.3 -10.6 98 0 9.4 13.2 7.5 2.5 4 1 3 1 1
-5046.7 2325.4 -10.7 186 0 8.7 16.3 5.0 2.5 2 1 2 1 1
-5041.0 2307.4 -10.6 8 0 7.2 16.6 7.5 2.5 2 1 3 3 3
-5069.9 2326.9 -10.7 199 0 6.4 19.4 7.5 2.5 4 1 3 4 4
6576.3 5780.0 1.8 75 0 6.7 12.6 2.5 2.5 2 1 1 5 5
6534.5 5949.7 0.4 75 0 10.3 13.8 7.5 2.5 2 1 3 1 1
6555.3 5785.4 1.8 270 0 8.5 20.1 7.5 2.5 2 1 3 4 4
6475.8 5693.9 1.4 87 0 12.4 29.0 7.5 2.5 2 1 3 4 4
6398.8 5739.8 2.2 70 0 17.0 31.6 7.5 2.5 2 1 3 5 5
-6252.5 2911.0 -7.1 269 0 8.1 11.7 5.0 2.5 2 1 2 2 2
-6286.5 2857.9 -8.4 176 0 8.4 6.5 5.0 2.5 2 0 2 0 0
-6286.3 2815.5 -9.1 98 0 9.5 14.9 5.0 2.5 2 1 2 3 3
-6354.0 3055.0 -7.1 105 0 8.0 11.3 7.5 2.5 2 1 3 5 5
-6106.3 2869.0 -9.0 359 0 11.2 16.7 2.5 2.5 2 1 1 0 0
-6153.6 2724.4 -8.7 111 0 12.7 9.6 5.0 2.5 2 0 2 3 3
-6184.2 2746.7 -8.7 291 0 12.0 8.0 5.0 2.5 2 0 2 0 0
-6226.6 2683.8 -9.8 199 0 14.0 27.0 15.0 0.0 0 1 6 3 3
-6336.2 2788.0 -8.4 273 0 12.2 19.5 5.0 2.5 2 1 2 0 0
-6301.3 2719.6 -9.0 6 0 14.8 10.3 10.0 2.5 2 0 4 2 2
1933.4 -5607.9 -6.6 85 0 10.3 6.7 2.5 2.5 4 0 1 4 4
1727.4 -5696.2 -7.5 95 0 8.8 16.9 5.0 2.5 2 1 2 3 3
-2696.9 -1927.0 -7.5 101 0 6.4 8.0 2.5 2.5 2 1 1 4 4
-2826.5 -1815.8 -5.8 195 0 6.7 7.4 7.5 2.5 2 1 3 3 3
-2804.1 -1812.4 -5.7 273 0 10.3 6.5 10.0 2.5 2 0 4 5 5
-2745.4 -1889.5 -7.5 9 0 6.0 7.5 7.5 2.5 2 1 3 5 5
-1453.4 -758.8 -3.9 279 0 11.7 15.1 5.0 2.5 2 1 2 3 3
-1491.8 -726.3 -3.9 102 0 12.3 8.1 7.5 2.5 2 0 3 2 2
-1486.8 -675.2 -4.0 186 0 25.9 19.9 10.0 2.5 2 0 4 0 0
-1506.4 -647.1 -3.7 198 0 11.8 11.4 5.0 2.5 2 0 2 3 3
-1495.5 -638.6 -4.0 185 0 12.6 34.3 10.0 2.5 4 1 4 0 0
-1492.0 -612.0 -3.9 186 0 8.1 22.0 7.5 2.5 4 1 3 2 2
-1488.6 -602.2 -5.3 107 0 9.3 8.5 2.5 2.5 2 0 1 1 1
-1604.1 -575.7 -4.7 100 0 11.4 10.2 7.5 2.5 2 0 3 4 4
-1660.1 -590.1 -2.7 278 0 8.7 10.5 2.5 2.5 2 1 1 3 3
-1677.5 -573.8 -3.1 278 0 8.5 11.5 7.5 2.5 4 1 3 5 5
-1711.6 -569.5 -3.3 279 0 8.4 10.0 7.5 2.5 2 1 3 2 2
-1731.3 -758.9 -3.8 104 0 11.8 9.9 7.5 2.5 2 0 3 0 0
-1663.8 -796.1 -5.3 290 0 10.2 6.9 10.0 2.5 4 0 4 3 3
-1602.4 -729.7 -4.9 279 0 7.9 8.5 2.5 2.5 2 1 1 0 0
-1598.4 -762.6 -5.0 5 0 6.8 8.6 7.5 2.5 2 1 3 1 1
-1582.2 -773.0 -4.8 235 0 8.7 7.7 7.5 2.5 2 0 3 3 3
-1578.8 -786.4 -5.1 292 0 9.2 18.1 5.0 2.5 4 1 2 4 4
-1585.7 -819.4 -5.2 19 0 11.7 10.1 5.0 2.5 2 0 2 3 3
-1653.3 -908.5 -5.9 18 0 7.2 10.2 7.5 2.5 2 1 3 4 4
-1661.3 -876.7 -5.6 25 0 12.3 6.2 7.5 2.5 2 0 3 0 0
-1688.4 -863.3 -5.3 210 0 7.8 10.9 2.5 2.5 4 1 1 3 3
-1682.3 -819.5 -4.8 23 0 7.2 9.4 7.5 2.5 2 1 3 2 2
-1768.1 -860.1 -4.9 9 0 9.3 7.8 10.0 2.5 2 0 4 5 5
-1768.8 -874.0 -5.2 8 0 8.7 15.5 5.0 2.5 2 1 2 2 2
-1725.4 -848.2 -4.8 32 0 17.9 8.3 5.0 0.0 0 0 2 1 1
-1695.4 -838.3 -4.8 17 0 8.3 11.7 7.5 2.5 4 1 3 2 2
-1714.6 -884.8 -5.6 215 0 11.5 17.0 10.0 0.0 0 1 4 1 1
6256.4 3551.9 -4.2 219 0 23.6 43.9 7.5 0.0 0 1 3 0 0
6025.3 3572.0 -2.7 210 0 13.0 32.2 10.0 2.5 2 1 4 4 4
6215.7 3523.2 -4.6 216 0 16.1 9.8 5.0 2.5 2 0 2 5 5
6116.1 3365.4 -4.8 309 0 15.7 10.9 7.5 2.5 4 0 3 0 0
6103.8 3350.9 -4.6 129 0 8.4 7.8 5.0 2.5 2 0 2 4 4
6153.6 3442.3 -5.0 221 0 6.8 9.9 7.5 2.5 4 1 3 4 4
6173.4 3421.9 -5.4 129 0 13.8 28.1 5.0 2.5 2 1 2 1 1
6228.8 3515.4 -4.4 223 0 10.9 11.6 10.0 2.5 2 1 4 2 2
6242.9 3533.3 -4.2 221 0 7.7 11.2 10.0 2.5 2 1 4 2 2
-1751.5 -525.9 -4.8 72 0 8.3 13.0 7.5 2.5 2 1 3 5 5
