-4539.3 6563.3 -3.7 305 0 10.5 14.4 7.5 2.5 2 0 3 3 3
-3710.6 6559.2 -3.7 35 0 14.4 10.5 7.5 2.5 2 0 3 3 3
-4468.8 6603.6 -2.2 125 0 10.5 14.4 5.0 0.0 0 1 2 0 0
-4063.4 6647.9 -5.4 305 0 10.5 14.4 7.5 2.5 2 0 3 0 0
-3811.5 6461.7 -3.5 215 0 14.4 10.5 5.0 2.5 2 0 2 2 2
-4140.3 6246.9 -3.1 305 0 10.5 14.4 7.5 2.5 2 1 3 1 1
-4656.2 6574.0 -4.9 305 0 10.5 14.4 10.0 2.5 2 1 4 3 3
-3993.7 6588.8 -4.7 215 0 14.4 10.5 2.5 0.0 0 0 1 5 5
-3795.1 6515.5 -2.9 215 0 14.4 10.5 7.5 2.5 2 0 3 1 1
-4394.4 6222.7 -4.6 215 0 14.4 10.5 5.0 2.5 4 0 2 2 2
-4570.4 6590.0 -2.9 125 0 10.5 14.4 7.5 2.5 2 1 3 5 5
-3752.8 6601.8 -4.0 215 0 14.4 10.5 7.5 0.0 0 0 3 4 4
-4487.0 6648.5 -2.5 305 0 10.5 14.4 7.5 2.5 2 1 3 2 2
-4599.8 6590.5 -3.8 125 0 10.5 14.4 7.5 2.5 2 1 3 3 3
-3797.0 6562.7 -3.4 35 0 14.4 10.5 7.5 2.5 2 0 3 4 4
-3768.6 6568.7 -3.4 215 0 14.4 10.5 5.0 2.5 2 0 2 4 4
-4344.8 6627.8 -4.3 125 0 10.5 14.4 5.0 2.5 2 1 2 2 2
-4316.0 6873.9 -3.6 305 0 10.5 14.4 7.5 2.5 2 1 3 3 3
-4557.1 6695.9 -4.9 215 0 14.4 10.5 10.0 0.0 0 0 4 5 5
-4005.2 6650.3 -5.5 125 0 10.5 14.4 5.0 2.5 2 1 2 4 4
-3767.5 6539.1 -3.1 215 0 14.4 10.5 2.5 2.5 2 0 1 2 2
-3852.1 6234.5 -3.6 215 0 14.4 10.5 5.0 2.5 2 0 2 2 2
-4345.8 6823.5 -3.6 35 0 14.4 10.5 7.5 2.5 2 0 3 5 5
-4241.6 6599.5 -5.4 215 0 14.4 10.5 10.0 2.5 2 0 4 3 3
-4072.8 6439.7 -3.6 125 0 10.5 14.4 7.5 2.5 4 1 3 2 2
-3975.6 6718.9 -3.9 35 0 14.4 10.5 7.5 2.5 2 0 3 2 2
-4621.5 6587.6 -4.3 125 0 10.5 14.4 7.5 2.5 2 1 3 2 2
-4015.8 6442.1 -3.8 305 0 10.5 14.4 5.0 2.5 2 1 2 1 1
-4159.3 6624.9 -5.4 215 0 14.4 10.5 7.5 2.5 4 0 3 0 0
-4029.7 6532.5 -4.4 35 0 14.4 10.5 5.0 2.5 2 0 2 5 5
-4099.8 6650.9 -5.0 305 0 10.5 14.4 7.5 2.5 2 1 3 1 1
-4578.7 6568.7 -3.4 305 0 10.5 14.4 10.0 2.5 4 1 4 2 2
-4225.7 6676.9 -4.5 215 0 14.4 10.5 7.5 2.5 4 0 3 0 0
-4316.6 6666.3 -4.8 305 0 10.5 14.4 7.5 2.5 2 1 3 5 5
-3759.8 6273.6 -4.4 215 0 14.4 10.5 7.5 2.5 2 0 3 4 4
-3846.2 6336.8 -5.2 215 0 14.4 10.5 7.5 2.5 2 0 3 5 5
-3722.8 6775.1 -4.3 215 0 14.4 10.5 7.5 2.5 4 0 3 1 1
-4558.7 6557.4 -3.6 305 0 10.5 14.4 10.0 2.5 2 1 4 1 1
-3833.3 6838.4 -3.1 215 0 14.4 10.5 5.0 2.5 2 0 2 1 1
-4026.7 6567.4 -4.6 35 0 14.4 10.5 7.5 0.0 0 0 3 5 5
-4442.9 5948.9 -5.0 47 0 7.6 45.8 10.0 2.5 2 1 4 3 3
-4664.1 5797.5 -5.2 58 0 7.2 9.5 7.5 0.0 0 1 3 2 2
-4408.2 5543.7 -4.6 58 0 7.2 9.5 7.5 2.5 2 1 3 5 5
-3845.7 5251.3 -1.8 238 0 7.2 9.5 7.5 2.5 2 1 3 4 4
-4403.9 6130.8 -5.6 238 0 7.2 9.5 5.0 2.5 2 1 2 4 4
-4481.1 5715.6 -4.6 238 0 8.1 48.9 15.0 0.0 0 1 6 4 4
-3975.2 5202.2 -2.7 148 0 9.5 7.2 5.0 2.5 4 0 2 2 2
-4560.4 5457.7 -4.3 148 0 9.5 7.2 5.0 0.0 0 0 2 0 0
-4450.9 6117.5 -5.5 238 0 7.2 9.5 10.0 2.5 2 1 4 1 1
-4541.6 6042.7 -5.0 219 0 7.7 45.4 10.0 2.5 2 1 4 2 2
-4077.2 5953.2 -5.4 238 0 7.2 9.5 2.5 2.5 2 1 1 1 1
-3846.5 5212.8 -1.4 58 0 7.2 9.5 7.5 2.5 2 1 3 2 2
-4507.3 5691.6 -4.4 238 0 7.2 9.5 5.0 2.5 2 1 2 1 1
-4487.6 5976.4 -5.0 148 0 9.5 7.2 5.0 2.5 2 0 2 2 2
-4008.1 5480.2 -3.5 148 0 9.5 7.2 7.5 2.5 2 0 3 0 0
-4540.4 6187.9 -5.3 148 0 9.5 7.2 10.0 2.5 2 0 4 5 5
-3862.3 5751.7 -4.9 140 0 16.3 11.3 7.5 2.5 4 0 3 4 4
-4529.0 5967.9 -5.3 238 0 7.2 9.5 5.0 2.5 2 1 2 1 1
-3879.2 5215.8 -2.0 148 0 9.5 7.2 7.5 2.5 2 0 3 2 2
-4013.3 6053.6 -4.9 148 0 9.5 7.2 10.0 2.5 2 0 4 0 0
-3797.2 5270.2 -1.4 58 0 7.2 9.5 7.5 2.5 2 1 3 0 0
-3719.6 5947.3 -2.9 148 0 9.5 7.2 2.5 2.5 2 0 1 4 4
-4056.8 5896.6 -5.2 339 0 18.7 8.3 7.5 2.5 2 0 3 2 2
-4565.0 5831.6 -7.0 47 0 8.0 49.9 10.0 2.5 2 1 4 5 5
-3955.6 6092.1 -4.9 162 0 7.0 42.4 12.5 2.5 2 1 5 1 1
-4338.7 5995.1 -5.1 243 0 6.2 20.6 10.0 2.5 2 1 4 5 5
-4631.5 5822.8 -6.8 47 0 8.0 49.9 12.5 2.5 2 1 5 3 3
-3788.1 6099.0 -3.6 58 0 7.2 9.5 7.5 2.5 2 1 3 0 0
-4440.0 5885.3 -5.5 58 0 7.2 9.5 5.0 2.5 4 1 2 0 0
-4286.5 5728.1 -5.1 148 0 9.9 6.3 7.5 2.5 2 0 3 4 4
-3804.2 5256.3 -1.3 58 0 7.2 9.5 2.5 2.5 2 1 1 2 2
-4425.9 6086.7 -5.3 148 0 9.5 7.2 10.0 2.5 2 0 4 3 3
-4569.6 5335.9 -3.5 238 0 7.2 9.5 7.5 2.5 2 1 3 3 3
-4427.9 6040.9 -5.1 148 0 9.5 7.2 5.0 2.5 2 0 2 3 3
-4614.2 5898.7 -6.3 238 0 7.2 9.5 5.0 2.5 4 1 2 2 2
-4022.5 5257.6 -3.0 147 0 10.4 13.3 7.5 2.5 2 1 3 1 1
-4031.5 6146.3 -4.9 148 0 9.5 7.2 7.5 2.5 2 0 3 0 0
-4323.9 5533.1 -5.1 148 0 9.5 7.2 7.5 2.5 2 0 3 2 2
-4463.8 5926.4 -5.4 148 0 9.5 7.2 10.0 2.5 2 0 4 3 3
-4564.8 5895.9 -6.1 58 0 7.2 9.5 5.0 2.5 2 1 2 0 0
-4153.2 6119.2 -4.0 58 0 7.2 9.5 10.0 0.0 0 1 4 0 0
-4608.0 6149.7 -4.0 148 0 9.5 7.2 5.0 2.5 2 0 2 3 3
-3928.9 5287.3 -2.5 328 0 9.5 7.2 2.5 2.5 2 0 1 3 3
-3863.1 5244.5 -2.0 238 0 7.2 9.5 7.5 2.5 2 1 3 0 0
-3754.9 5889.6 -2.6 328 0 9.5 7.2 7.5 2.5 2 0 3 4 4
-4620.9 5537.8 -4.0 148 0 9.5 7.2 7.5 2.5 2 0 3 5 5
-3959.2 5999.0 -3.6 254 0 7.4 45.0 7.5 2.5 2 1 3 5 5
-3860.6 5208.3 -1.6 58 0 7.2 9.5 7.5 2.5 2 1 3 0 0
-3822.9 5908.6 -2.8 71 0 6.3 32.6 5.0 2.5 2 1 2 1 1
-4092.7 5758.4 -5.0 326 0 6.4 6.6 5.0 2.5 2 1 2 1 1
-3790.4 5966.4 -3.2 58 0 17.6 8.1 5.0 0.0 0 0 2 4 4
-4256.6 5852.0 -5.6 56 0 6.3 31.0 5.0 2.5 2 1 2 2 2
-3968.7 5362.4 -2.9 148 0 9.5 7.2 10.0 2.5 2 0 4 0 0
