1737.0 -140.8 -10.6 93 0 119.1 137.8 10.0 0.0 0 1 4 3 3
-5131.0 -4367.4 -14.7 166 0 30.4 10.4 7.5 2.5 2 0 3 3 3
-5127.6 -4314.8 -14.2 273 0 7.7 25.7 7.5 2.5 2 1 3 4 4
-5112.7 -4403.2 -14.8 145 0 24.7 7.5 5.0 2.5 2 0 2 0 0
-4964.6 -4408.8 -13.4 54 0 23.6 7.7 7.5 2.5 2 0 3 4 4
-4928.4 -4342.0 -13.6 271 0 7.6 27.4 5.0 2.5 2 1 2 2 2
-4943.6 -4279.4 -12.6 329 0 26.4 8.6 7.5 2.5 2 0 3 3 3
-4920.8 -4472.0 -13.1 246 0 7.1 10.7 7.5 2.5 2 1 3 5 5
-4893.2 -4461.9 -13.0 248 0 6.3 21.0 5.0 2.5 2 1 2 1 1
-4168.5 -4135.7 -13.6 332 0 9.7 41.4 2.5 2.5 2 1 1 3 3
-3541.9 -4372.0 -8.7 250 0 6.9 33.7 2.5 2.5 2 1 1 0 0
-4156.6 -4164.1 -12.9 337 0 32.3 9.3 2.5 2.5 2 0 1 5 5
-4172.2 -4172.8 -13.2 336 0 31.9 8.0 2.5 2.5 2 0 1 4 4
-4235.3 -4204.3 -14.4 243 0 9.6 26.4 2.5 2.5 2 1 1 3 3
-4166.3 -4256.8 -13.3 152 0 20.3 9.0 2.5 2.5 2 0 1 2 2
-4136.0 -4244.7 -12.9 333 0 30.8 8.5 2.5 2.5 2 0 1 5 5
-2699.1 -5460.5 -12.5 235 0 8.5 8.7 7.5 2.5 2 1 3 0 0
-3750.1 -6659.4 -10.0 235 0 8.3 8.6 10.0 0.0 0 1 4 0 0
-3707.1 -6719.4 -8.8 145 0 7.7 11.3 7.5 2.5 2 1 3 5 5
-3804.6 -6734.1 -7.4 228 0 9.1 9.2 10.0 2.5 2 1 4 1 1
-3767.9 -6846.9 -4.0 228 0 14.0 14.4 7.5 2.5 2 1 3 3 3
-3193.1 -6323.8 -6.5 16 0 7.7 8.9 7.5 2.5 4 1 3 4 4
-3267.3 -6387.8 -6.4 132 0 7.7 8.3 5.0 2.5 2 1 2 0 0
-3308.3 -6391.6 -7.3 318 0 7.3 9.5 7.5 2.5 4 1 3 2 2
-3346.2 -6375.0 -8.4 244 0 9.3 13.0 5.0 2.5 2 1 2 2 2
-3362.4 -6406.6 -9.0 233 0 6.9 6.3 10.0 2.5 4 0 4 4 4
-3224.7 -6417.7 -5.4 120 0 7.9 13.0 7.5 2.5 4 1 3 2 2
-3569.0 -6401.3 -12.9 58 0 8.4 16.0 7.5 2.5 2 1 3 1 1
-3515.1 -6379.7 -11.0 223 0 6.3 6.3 7.5 2.5 2 0 3 4 4
-3546.2 -6425.1 -11.1 220 0 9.4 9.3 7.5 0.0 0 0 3 2 2
-3485.5 -6548.5 -8.6 142 0 7.3 7.3 7.5 2.5 2 0 3 1 1
-3478.1 -6613.8 -7.8 38 0 8.4 8.5 5.0 2.5 2 1 2 2 2
-3541.4 -6682.6 -6.6 57 0 7.0 8.0 7.5 2.5 4 1 3 3 3
-3591.0 -6571.7 -9.5 38 0 9.2 6.5 10.0 2.5 2 0 4 4 4
-3635.3 -6535.2 -10.8 224 0 8.5 10.4 5.0 2.5 4 1 2 2 2
-3694.3 -6776.5 -7.5 227 0 8.7 6.6 10.0 2.5 2 0 4 2 2
-2897.2 -5903.8 -6.4 28 0 11.1 9.5 7.5 2.5 2 0 3 1 1
-2944.5 -5892.6 -7.1 239 0 9.3 11.3 5.0 2.5 2 1 2 3 3
-2960.8 -5919.4 -7.0 131 0 8.6 6.5 5.0 2.5 2 0 2 3 3
-2909.3 -5964.5 -5.8 341 0 8.1 12.4 7.5 2.5 2 1 3 1 1
-3020.4 -5966.8 -6.8 223 0 7.8 7.1 10.0 2.5 2 0 4 3 3
-2980.1 -6025.6 -5.9 162 0 12.4 8.1 5.0 2.5 2 0 2 5 5
-2939.3 -6071.1 -6.2 46 0 7.5 11.8 5.0 2.5 2 1 2 2 2
-2981.6 -6153.4 -7.1 156 0 9.6 10.2 7.5 2.5 2 1 3 2 2
-3014.0 -6174.8 -7.7 66 0 6.7 8.6 7.5 2.5 2 1 3 3 3
-3099.6 -5973.4 -6.5 131 0 7.3 12.0 10.0 2.5 2 1 4 2 2
-3064.5 -6035.3 -5.6 207 0 9.3 11.9 7.5 2.5 2 1 3 3 3
-3090.3 -6135.5 -5.9 334 0 9.3 9.0 7.5 2.5 2 0 3 1 1
-3206.0 -6121.4 -7.3 220 0 11.6 6.8 10.0 2.5 2 0 4 4 4
-3141.4 -6119.8 -6.1 248 0 10.1 6.7 7.5 0.0 0 0 3 1 1
-3157.6 -6179.6 -6.8 171 0 12.7 7.4 7.5 2.5 2 0 3 4 4
-3306.1 -6261.3 -8.4 49 0 9.1 12.2 5.0 2.5 4 1 2 5 5
-3312.6 -6338.8 -7.4 228 0 12.2 8.7 2.5 2.5 2 0 1 1 1
-3219.7 -6217.5 -7.6 233 0 8.8 8.7 7.5 2.5 2 0 3 0 0
-3385.4 -6321.8 -9.5 223 0 8.0 9.0 7.5 2.5 2 1 3 5 5
-2091.6 -5905.8 -11.5 178 0 14.8 15.3 5.0 2.5 4 1 2 2 2
-3218.0 -3421.4 -15.9 218 0 7.4 7.9 14.0 3.5 2 1 4 1 1
-3102.9 -3416.0 -18.3 88 0 6.9 8.3 14.0 3.5 2 1 4 4 4
-3182.8 -3363.3 -16.5 287 0 6.2 9.2 14.0 3.5 2 1 4 3 3
-3138.5 -3394.6 -17.8 301 0 7.0 6.9 14.0 3.5 2 0 4 3 3
-3118.0 -3434.3 -18.3 26 0 6.9 8.2 14.0 3.5 2 1 4 1 1
-3140.0 -3329.5 -17.8 121 0 9.8 9.9 14.0 3.5 2 1 4 1 1
-3088.2 -3340.7 -18.6 355 0 7.2 8.5 14.0 3.5 2 1 4 5 5
-3034.1 -3372.7 -19.7 271 0 6.6 6.3 14.0 3.5 2 0 4 1 1
-4056.9 -6833.3 -5.6 332 0 6.8 9.2 7.5 2.5 2 1 3 3 3
-3977.5 -6799.4 -6.2 224 0 9.3 8.9 7.5 2.5 2 0 3 0 0
-3970.3 -6873.8 -4.0 138 0 9.4 8.7 7.5 2.5 4 0 3 1 1
-4123.9 -6773.1 -8.5 320 0 9.6 7.3 7.5 2.5 2 0 3 3 3
-3854.9 -6780.5 -5.8 223 0 10.0 8.1 2.5 2.5 2 0 1 3 3
-3812.9 -6687.0 -8.7 4 0 9.8 9.4 5.0 0.0 0 0 2 1 1
-3851.5 -6747.7 -6.7 32 0 10.1 9.4 7.5 2.5 2 0 3 5 5
-3908.7 -6721.6 -6.7 135 0 7.5 11.6 7.5 2.5 2 1 3 4 4
-3925.8 -6819.9 -5.2 57 0 12.8 7.7 7.5 2.5 2 0 3 4 4
-4028.4 -6864.7 -4.6 51 0 8.8 7.5 5.0 2.5 2 0 2 5 5
-4107.5 -6811.7 -6.7 27 0 11.8 9.4 7.5 2.5 2 0 3 2 2
-3861.1 -4632.9 -8.7 34 0 7.1 6.4 5.0 2.5 2 0 2 3 3
-3909.3 -4604.6 -8.9 140 0 10.0 7.9 7.5 2.5 2 0 3 2 2
-3855.5 -4575.8 -7.6 34 0 11.0 13.4 2.5 2.5 2 1 1 2 2
-3818.0 -4706.9 -12.7 356 0 12.3 12.0 7.5 2.5 2 0 3 4 4
-3861.7 -4711.1 -13.0 261 0 7.4 9.8 5.0 0.0 0 1 2 4 4
-3866.9 -4689.3 -10.9 63 0 12.2 15.5 7.5 2.5 2 1 3 0 0
-4336.2 -4542.9 -12.9 90 0 6.4 8.0 7.5 2.5 2 1 3 3 3
-4404.1 -4531.3 -13.7 186 0 8.6 11.5 2.5 2.5 2 1 1 0 0
-4292.6 -4588.7 -12.2 277 0 10.6 12.8 7.5 2.5 2 1 3 5 5
-4259.6 -4595.4 -11.6 344 0 7.9 11.9 7.5 2.5 2 1 3 1 1
-4260.6 -4670.7 -10.7 7 0 10.1 10.9 5.0 0.0 0 1 2 0 0
-4403.7 -4670.5 -10.4 88 0 11.5 9.4 7.5 2.5 2 0 3 1 1
-4436.3 -4698.5 -9.8 88 0 8.5 10.3 10.0 2.5 2 1 4 2 2
-4498.3 -4897.2 -4.5 26 0 6.9 11.3 2.5 2.5 4 1 1 3 3
-4624.0 -5029.3 -8.1 129 0 8.2 7.9 7.5 2.5 4 0 3 5 5
-4485.4 -5178.6 -11.7 61 0 7.2 8.0 10.0 2.5 2 1 4 0 0
-4429.6 -5051.2 -8.6 259 0 10.0 10.4 7.5 0.0 0 1 3 3 3
-4408.4 -5132.7 -11.4 79 0 8.0 7.8 7.5 2.5 2 0 3 5 5
-4244.8 -5078.1 -11.4 79 0 7.1 6.5 7.5 2.5 2 0 3 2 2
-4288.6 -5070.2 -10.9 259 0 8.0 10.8 7.5 2.5 2 1 3 2 2
-4337.5 -5111.2 -10.8 92 0 9.7 10.0 5.0 2.5 2 1 2 2 2
-4585.3 -5110.9 -10.3 254 0 7.3 7.6 7.5 2.5 4 1 3 2 2
-4608.8 -5132.0 -10.5 72 0 9.3 9.0 5.0 2.5 2 0 2 4 4
-4760.2 -5288.1 -9.1 143 0 6.1 6.3 7.5 2.5 4 1 3 4 4
-4682.1 -5119.8 -10.3 27 0 8.6 8.9 5.0 2.5 4 1 2 2 2
-4631.4 -4985.8 -7.7 191 0 10.5 8.5 7.5 0.0 0 0 3 2 2
-4581.0 -4903.2 -6.4 201 0 9.1 9.2 2.5 2.5 4 1 1 0 0
-4499.7 -4763.3 -8.9 202 0 10.8 8.7 5.0 2.5 2 0 2 3 3
-4393.7 -4730.2 -8.6 350 0 6.6 9.8 2.5 2.5 2 1 1 0 0
-4403.1 -4763.0 -7.9 26 0 12.8 9.2 5.0 2.5 2 0 2 2 2
-4546.7 -4837.5 -6.0 190 0 8.7 9.0 7.5 2.5 2 1 3 5 5
-4569.5 -4868.6 -6.2 205 0 11.1 7.1 10.0 2.5 2 0 4 4 4
-4430.9 -4955.0 -4.8 185 0 9.8 16.0 5.0 2.5 2 1 2 1 1
5972.4 -5311.0 0.7 115 0 8.3 6.0 7.5 2.5 2 0 3 4 4
6693.3 -4752.0 7.9 80 0 11.7 11.1 2.5 2.5 2 0 1 4 4
6688.7 -4664.7 6.0 351 0 9.0 11.6 10.0 2.5 4 1 4 5 5
6598.4 -4740.0 7.9 268 0 10.9 14.1 10.0 2.5 2 1 4 5 5
6615.9 -4666.4 6.6 270 0 8.5 6.9 7.5 2.5 2 0 3 4 4
6647.7 -4681.3 6.6 51 0 8.0 6.9 5.0 2.5 2 0 2 1 1
6699.4 -4800.5 8.9 260 0 11.8 8.5 7.5 2.5 2 0 3 2 2
6818.1 -4654.2 7.6 195 0 11.1 7.0 10.0 2.5 2 0 4 2 2
6850.0 -4789.3 11.5 263 0 9.9 7.1 7.5 2.5 2 0 3 2 2
5827.1 -5511.2 1.3 100 0 8.4 10.2 7.5 2.5 2 1 3 5 5
5934.9 -5459.0 0.3 352 0 12.3 10.9 7.5 0.0 0 0 3 4 4
5933.9 -5338.3 1.5 276 0 14.4 19.3 5.0 2.5 2 1 2 3 3
6195.0 -5626.3 -2.1 93 0 7.3 12.5 7.5 2.5 2 1 3 5 5
6199.2 -5714.1 -4.7 89 0 13.4 11.8 7.5 2.5 4 0 3 3 3
6151.7 -5638.3 -2.8 99 0 6.9 10.9 5.0 2.5 4 1 2 0 0
6009.0 -5704.7 -5.0 93 0 6.0 9.9 5.0 2.5 4 1 2 3 3
5957.9 -5702.5 -3.6 90 0 6.3 10.5 5.0 2.5 2 1 2 4 4
5872.8 -5457.8 1.6 187 0 9.2 11.0 2.5 2.5 2 1 1 2 2
5938.4 -5534.4 -1.1 91 0 9.7 14.3 7.5 2.5 2 1 3 3 3
5868.9 -4813.5 -0.5 245 0 9.5 7.2 7.5 2.5 2 0 3 5 5
5929.9 -4829.3 0.4 89 0 7.3 7.5 7.5 2.5 4 1 3 1 1
6029.0 -5171.7 1.7 163 0 8.7 8.4 5.0 2.5 2 0 2 1 1
6040.3 -5129.6 2.1 269 0 7.6 10.3 5.0 0.0 0 1 2 5 5
6031.9 -5057.4 1.6 8 0 10.5 10.1 7.5 2.5 4 0 3 2 2
6266.6 -4828.9 3.5 276 0 6.4 9.4 7.5 2.5 2 1 3 3 3
6113.7 -4600.0 6.0 96 0 10.2 17.2 7.5 2.5 2 1 3 5 5
6292.5 -5390.2 12.7 325 0 6.5 25.8 2.5 2.5 2 1 1 4 4
6281.2 -5434.4 9.3 4 0 10.7 18.9 10.0 0.0 0 1 4 4 4
6591.4 -5676.5 2.4 94 0 14.0 8.8 5.0 2.5 2 0 2 3 3
6546.3 -5697.2 -0.2 274 0 9.3 6.7 5.0 2.5 4 0 2 0 0
6534.0 -5659.9 -0.3 94 0 6.4 13.1 5.0 2.5 2 1 2 0 0
6483.2 -5766.9 -2.1 1 0 6.8 7.9 7.5 2.5 4 1 3 1 1
6446.6 -5689.0 -3.4 272 0 12.9 8.7 5.0 2.5 2 0 2 2 2
6407.1 -5678.6 -3.8 283 0 15.6 10.3 7.5 2.5 2 0 3 1 1
6349.6 -5681.0 -4.1 275 0 14.6 9.8 7.5 2.5 4 0 3 2 2
6411.7 -4587.2 7.1 98 0 9.6 10.7 2.5 2.5 4 1 1 2 2
6458.5 -4587.1 7.5 71 0 7.4 6.7 5.0 2.5 2 0 2 5 5
6365.0 -4637.5 7.0 272 0 11.4 8.9 5.0 2.5 2 0 2 2 2
6332.2 -4657.0 7.1 48 0 11.4 14.1 7.5 2.5 2 1 3 5 5
6424.9 -4759.2 6.9 281 0 16.4 13.0 7.5 2.5 2 0 3 2 2
6800.1 -4725.5 9.4 86 0 10.2 6.5 7.5 2.5 4 0 3 4 4
6834.5 -4742.7 10.4 92 0 8.4 8.2 7.5 2.5 2 0 3 5 5
6269.0 -4654.5 7.2 141 0 6.5 6.6 5.0 0.0 0 1 2 3 3
6230.5 -4791.7 3.3 16 0 11.9 7.9 5.0 0.0 0 0 2 2 2
6003.8 -4594.8 3.1 87 0 6.5 13.7 2.5 2.5 2 1 1 3 3
5973.4 -4570.5 2.1 283 0 7.6 9.7 7.5 0.0 0 1 3 2 2
5862.7 -4878.3 1.8 290 0 7.4 7.2 5.0 2.5 2 0 2 5 5
5919.8 -4871.4 1.6 270 0 9.4 6.9 10.0 2.5 2 0 4 4 4
6600.8 -6265.7 -3.1 134 0 12.1 8.5 5.0 2.5 2 0 2 4 4
6669.3 -6349.4 -5.4 97 0 10.3 10.4 5.0 0.0 0 1 2 3 3
6674.0 -6258.5 -4.1 211 0 7.5 11.2 10.0 2.5 2 1 4 3 3
6722.7 -6280.8 -5.0 8 0 9.3 8.6 7.5 2.5 2 0 3 1 1
5839.8 -5272.0 -0.1 289 0 9.6 13.6 5.0 2.5 2 1 2 1 1
5888.1 -5274.5 0.9 289 0 8.9 8.8 5.0 2.5 2 0 2 0 0
6032.4 -5271.1 2.9 289 0 9.6 12.7 7.5 0.0 0 1 3 1 1
6507.2 -5662.4 -1.4 109 0 9.0 10.0 5.0 2.5 2 1 2 5 5
6565.6 -5814.3 -1.1 19 0 6.8 10.3 7.5 0.0 0 1 3 1 1
6849.1 -5917.4 2.3 96 0 14.8 12.1 5.0 2.5 2 0 2 5 5
6866.8 -5733.9 7.9 154 0 9.6 8.5 7.5 2.5 2 0 3 2 2
6306.3 -5625.8 -3.2 10 0 6.9 13.1 7.5 2.5 2 1 3 5 5
6261.5 -5632.0 -2.5 95 0 7.8 7.4 7.5 2.5 2 0 3 5 5
5947.5 -5273.1 0.2 124 0 7.1 9.6 2.5 2.5 2 1 1 5 5
5949.0 -5090.7 2.3 109 0 7.7 8.0 5.0 2.5 2 1 2 0 0
6498.4 -6180.7 -1.8 137 0 6.6 6.0 7.5 2.5 2 0 3 1 1
6462.4 -4782.2 7.7 81 0 9.4 7.5 2.5 2.5 2 0 1 1 1
6421.2 -4818.7 5.8 269 0 8.5 12.2 7.5 2.5 2 1 3 3 3
6474.5 -4811.0 7.0 265 0 9.3 10.9 7.5 2.5 2 1 3 0 0
6453.9 -4637.7 7.4 108 0 9.3 6.9 7.5 2.5 4 0 3 0 0
6516.7 -4626.3 7.1 260 0 8.3 11.3 7.5 2.5 2 1 3 0 0
6509.4 -4588.5 6.5 88 0 8.8 9.5 10.0 2.5 2 1 4 3 3
6163.1 -5685.2 -4.3 271 0 7.5 7.5 5.0 2.5 4 0 2 4 4
5902.8 -4562.6 0.4 273 0 7.3 6.3 2.5 2.5 2 0 1 0 0
6756.0 -5336.1 6.5 270 0 12.6 16.1 7.5 2.5 4 1 3 0 0
6356.1 -5561.5 -1.1 170 0 10.2 6.8 5.0 2.5 2 0 2 3 3
6754.5 -5754.8 6.2 272 0 11.0 9.1 7.5 2.5 2 0 3 4 4
6655.4 -6010.0 2.7 137 0 8.6 10.8 5.0 2.5 2 1 2 0 0
6106.7 -4816.5 0.7 88 0 12.4 12.9 5.0 2.5 2 1 2 0 0
5556.6 -5865.5 -3.8 23 0 8.3 10.4 7.5 0.0 0 1 3 2 2
5421.5 -5784.9 -4.2 113 0 7.8 10.8 10.0 2.5 2 1 4 4 4
5364.4 -5884.6 -5.0 185 0 11.7 6.7 10.0 2.5 2 0 4 1 1
5379.6 -6013.5 -4.9 91 0 9.6 7.1 5.0 2.5 2 0 2 0 0
5360.0 -5960.2 -4.8 201 0 11.9 12.0 7.5 2.5 2 1 3 5 5
5496.8 -4898.1 -4.1 266 0 16.5 19.5 7.5 2.5 2 1 3 3 3
5519.9 -4926.1 -3.3 357 0 10.1 9.4 7.5 2.5 2 0 3 2 2
5538.6 -4936.7 -3.2 177 0 14.8 10.2 7.5 2.5 2 0 3 1 1
5518.7 -4939.2 -3.0 356 0 7.8 13.0 2.5 2.5 2 1 1 1 1
5538.6 -5016.6 -0.3 177 0 7.6 16.3 7.5 2.5 2 1 3 5 5
5519.7 -5058.9 -0.3 357 0 9.0 18.8 7.5 2.5 2 1 3 2 2
5530.6 -5117.2 1.5 181 0 12.0 6.2 5.0 2.5 2 0 2 3 3
5570.6 -5251.5 -4.1 308 0 8.3 9.8 5.0 2.5 2 1 2 5 5
5545.2 -5338.2 -5.9 45 0 6.1 7.8 7.5 2.5 2 1 3 1 1
5799.8 -5259.7 -0.8 275 0 7.6 18.0 7.5 2.5 2 1 3 1 1
5653.4 -5345.7 -3.5 275 0 11.3 17.1 5.0 0.0 0 1 2 4 4
5742.6 -5356.9 -0.4 95 0 10.3 7.5 5.0 2.5 2 0 2 1 1
5795.1 -5347.5 0.5 5 0 9.9 12.3 7.5 2.5 2 1 3 0 0
5739.3 -5447.8 -0.4 275 0 7.0 6.7 5.0 0.0 0 0 2 0 0
5680.4 -5505.9 -1.6 95 0 17.0 18.0 7.5 2.5 2 1 3 5 5
5573.0 -5451.9 -3.4 185 0 7.1 9.0 7.5 2.5 2 1 3 2 2
5585.2 -5492.4 -3.0 275 0 9.7 14.6 7.5 2.5 2 1 3 2 2
5545.7 -5667.6 -4.0 260 0 8.4 16.7 5.0 2.5 2 1 2 3 3
5582.4 -5631.2 -2.0 79 0 6.5 8.7 7.5 0.0 0 1 3 3 3
5682.3 -5636.9 0.8 111 0 10.9 10.3 2.5 2.5 2 0 1 4 4
5763.9 -5695.6 -1.0 82 0 7.6 11.8 5.0 2.5 2 1 2 2 2
5783.6 -5836.5 -5.8 276 0 13.8 8.2 5.0 2.5 2 0 2 4 4
5716.0 -5035.7 -1.3 273 0 10.5 12.0 7.5 2.5 2 1 3 3 3
5737.2 -5001.9 -0.2 9 0 8.2 6.4 2.5 2.5 2 0 1 1 1
5759.2 -4974.4 1.3 196 0 9.9 10.4 10.0 2.5 2 1 4 5 5
-2840.2 -5795.6 -7.5 130 0 8.1 14.3 5.0 2.5 2 1 2 4 4
-2875.2 -5796.0 -6.9 223 0 11.3 9.7 7.5 2.5 4 0 3 1 1
-2713.0 -5709.8 -10.2 262 0 7.4 10.4 2.5 2.5 2 1 1 4 4
-2737.5 -5641.0 -10.1 223 0 8.1 6.2 5.0 2.5 2 0 2 4 4
-2826.3 -5667.2 -9.9 138 0 10.4 10.6 5.0 2.5 2 1 2 3 3
-2884.5 -5731.0 -8.2 308 0 7.6 11.3 10.0 2.5 2 1 4 5 5
-2971.8 -5827.2 -8.5 315 0 9.4 7.0 5.0 2.5 2 0 2 5 5
-3002.9 -5870.4 -7.4 228 0 7.9 7.8 7.5 2.5 2 0 3 5 5
-3008.1 -5908.1 -7.2 42 0 14.8 14.3 7.5 2.5 2 0 3 4 4
-3037.8 -5901.4 -7.1 218 0 8.8 10.8 7.5 2.5 2 1 3 3 3
-3058.6 -5959.3 -6.7 48 0 7.2 7.2 7.5 2.5 2 1 3 4 4
-2574.2 -5500.2 -10.8 82 0 7.0 11.6 2.5 2.5 2 1 1 5 5
-2614.6 -5491.4 -11.5 81 0 6.9 12.9 7.5 2.5 2 1 3 5 5
-2508.8 -5540.9 -12.9 352 0 13.3 13.4 10.0 2.5 4 1 4 4 4
-2555.1 -5533.4 -12.1 262 0 7.1 11.9 10.0 2.5 2 1 4 2 2
-2581.4 -5651.9 -14.4 341 0 8.9 9.6 7.5 2.5 2 1 3 2 2
-2660.0 -5421.2 -11.7 326 0 10.6 9.8 7.5 2.5 2 0 3 3 3
-2647.7 -5454.1 -12.1 326 0 13.4 14.5 2.5 0.0 0 1 1 4 4
-2698.1 -5484.9 -12.7 146 0 10.8 24.4 10.0 0.0 0 1 4 1 1
-2659.7 -5529.1 -12.8 60 0 7.1 6.3 7.5 2.5 2 0 3 0 0
-2672.8 -5536.9 -12.7 60 0 6.2 10.4 7.5 2.5 2 1 3 3 3
-2646.2 -5545.5 -12.4 254 0 9.1 13.3 7.5 0.0 0 1 3 2 2
-2651.4 -5707.8 -12.2 352 0 10.2 7.5 7.5 2.5 2 0 3 2 2
-2631.8 -5746.3 -12.2 319 0 6.0 7.2 10.0 2.5 2 1 4 3 3
-2590.5 -5840.2 -13.4 154 0 7.9 12.9 5.0 2.5 2 1 2 2 2
-2620.8 -5888.2 -12.2 258 0 10.1 7.3 7.5 2.5 2 0 3 1 1
-2648.3 -5951.5 -12.6 317 0 7.3 7.8 10.0 2.5 2 1 4 2 2
-2627.7 -5977.5 -13.9 358 0 11.2 11.0 10.0 2.5 2 0 4 0 0
-2704.7 -5963.5 -10.7 74 0 7.2 12.6 5.0 2.5 2 1 2 0 0
-2752.6 -5927.7 -7.5 270 0 8.7 6.4 7.5 2.5 2 0 3 4 4
-2762.3 -5814.6 -8.2 251 0 7.7 8.8 10.0 2.5 4 1 4 1 1
-2884.7 -5835.1 -6.5 235 0 6.0 6.0 7.5 2.5 2 0 3 2 2
-2914.4 -5871.8 -7.0 235 0 9.2 7.9 5.0 2.5 2 0 2 2 2
-2873.9 -6124.8 -10.4 77 0 7.7 6.9 5.0 2.5 2 0 2 3 3
-2787.4 -6084.9 -12.1 347 0 9.7 12.4 7.5 2.5 2 1 3 4 4
-2824.8 -6036.4 -8.8 167 0 10.9 10.0 10.0 0.0 0 0 4 0 0
-2846.7 -5887.6 -6.2 335 0 7.0 8.1 10.0 0.0 0 1 4 5 5
-1726.5 -5824.6 -13.0 80 0 13.3 9.6 5.0 0.0 0 0 2 3 3
-1775.5 -5834.1 -12.8 80 0 8.3 7.8 2.5 2.5 2 0 1 3 3
-1818.9 -5836.3 -13.2 170 0 6.4 9.5 10.0 2.5 2 1 4 2 2
-1866.2 -5613.2 -14.1 170 0 8.1 9.6 5.0 2.5 2 1 2 0 0
-1919.6 -5667.7 -13.1 170 0 13.6 17.2 7.5 2.5 2 1 3 3 3
-1909.7 -5700.2 -12.3 157 0 6.9 7.4 5.0 2.5 2 1 2 2 2
-1880.4 -5787.0 -12.6 247 0 10.4 17.1 2.5 2.5 2 1 1 4 4
-1990.1 -5960.2 -12.8 157 0 9.2 9.3 5.0 2.5 2 1 2 1 1
-1995.5 -5885.6 -12.0 67 0 6.2 6.9 7.5 2.5 2 1 3 0 0
-2033.4 -5711.7 -12.1 67 0 6.6 7.0 7.5 2.5 2 1 3 4 4
-2138.8 -5722.5 -12.1 170 0 10.1 8.4 10.0 0.0 0 0 4 2 2
-2048.9 -5830.6 -11.1 261 0 7.0 8.6 7.5 2.5 2 1 3 1 1
-2040.3 -5907.6 -11.7 81 0 9.0 8.3 10.0 2.5 2 0 4 3 3
-1973.6 -5787.0 -11.1 86 0 12.8 13.0 7.5 2.5 2 1 3 4 4
-1912.8 -5887.0 -13.1 86 0 8.7 8.8 5.0 2.5 2 1 2 3 3
-1928.2 -5804.8 -12.0 249 0 13.8 6.2 5.0 2.5 2 0 2 3 3
-1979.0 -5723.6 -11.7 259 0 6.7 6.8 5.0 0.0 0 1 2 1 1
-1942.6 -5704.1 -12.2 222 0 8.4 8.3 5.0 0.0 0 0 2 1 1
-1939.2 -5666.7 -13.0 337 0 10.9 7.5 7.5 2.5 2 0 3 5 5
-1966.3 -5573.2 -14.9 336 0 7.2 7.7 5.0 2.5 2 1 2 5 5
-2061.0 -5553.5 -16.3 263 0 8.5 7.1 5.0 0.0 0 0 2 5 5
-2012.6 -5653.6 -13.4 76 0 12.2 10.6 7.5 2.5 2 0 3 3 3
-2072.4 -5612.6 -14.3 166 0 7.0 8.7 5.0 2.5 4 1 2 3 3
-2060.0 -5633.5 -13.7 256 0 6.5 11.1 10.0 0.0 0 1 4 1 1
-2094.6 -5640.8 -13.7 256 0 20.7 12.1 10.0 2.5 2 0 4 2 2
-2144.5 -5660.3 -13.7 166 0 9.6 14.4 7.5 2.5 2 1 3 0 0
-2145.1 -5825.3 -12.8 355 0 8.1 12.5 5.0 2.5 2 1 2 3 3
-2116.3 -5911.4 -12.0 341 0 10.7 9.1 7.5 2.5 2 0 3 5 5
-2161.7 -5941.5 -13.1 71 0 8.7 8.0 5.0 2.5 2 0 2 1 1
-2198.4 -5790.8 -15.1 161 0 8.9 13.3 5.0 2.5 2 1 2 4 4
-2182.8 -5561.6 -16.1 171 0 11.9 9.0 2.5 2.5 2 0 1 4 4
-2119.6 -5377.0 -16.2 150 0 9.2 6.9 7.5 2.5 2 0 3 5 5
-2148.8 -5326.3 -16.4 168 0 8.4 6.6 5.0 2.5 4 0 2 5 5
-2281.1 -5412.6 -15.4 168 0 10.1 9.2 7.5 2.5 2 0 3 2 2
-2396.6 -5385.5 -14.8 348 0 7.6 9.1 2.5 2.5 4 1 1 2 2
-2425.3 -5457.7 -13.8 78 0 7.9 8.9 5.0 2.5 2 1 2 5 5
-431.5 -4577.1 -17.9 205 0 12.2 18.0 7.5 2.5 2 1 3 5 5
-437.6 -4586.9 -17.7 205 0 6.6 17.2 7.5 2.5 2 1 3 4 4
-427.0 -4611.4 -17.7 115 0 44.9 8.4 7.5 2.5 2 0 3 2 2
-467.5 -4587.7 -17.4 205 0 7.3 14.8 5.0 2.5 4 1 2 3 3
-1837.1 -6131.3 -9.0 172 0 7.0 10.2 5.0 2.5 2 1 2 1 1
-1475.3 -5684.9 -14.6 247 0 12.6 8.2 7.5 2.5 2 0 3 0 0
-1511.5 -5691.1 -14.3 247 0 10.2 8.2 2.5 2.5 4 0 1 1 1
-1492.2 -5562.4 -15.5 337 0 8.7 11.7 7.5 2.5 2 1 3 1 1
-1560.4 -5472.9 -15.9 247 0 10.3 8.7 7.5 2.5 2 0 3 2 2
-1594.2 -5607.6 -14.7 268 0 8.9 8.5 7.5 2.5 2 0 3 0 0
-1541.3 -5600.8 -14.6 260 0 6.9 11.6 10.0 2.5 4 1 4 5 5
-1535.6 -5681.2 -14.3 80 0 11.4 10.0 10.0 2.5 2 0 4 3 3
-1557.5 -5684.1 -14.2 80 0 7.8 8.1 5.0 2.5 4 1 2 4 4
-1617.7 -5702.0 -14.0 80 0 7.0 10.7 5.0 2.5 2 1 2 3 3
-1654.4 -5729.6 -14.1 260 0 8.5 9.3 2.5 2.5 2 1 1 2 2
-1674.1 -5690.3 -14.9 170 0 8.5 9.0 10.0 2.5 2 1 4 5 5
-1667.3 -5637.0 -15.5 260 0 9.2 8.1 10.0 2.5 2 0 4 4 4
-1730.2 -5643.2 -16.3 260 0 8.8 7.6 7.5 2.5 2 0 3 3 3
-1733.2 -5621.4 -16.9 80 0 8.3 9.3 7.5 2.5 2 1 3 1 1
-1775.3 -5633.8 -16.0 80 0 6.3 12.9 5.0 2.5 4 1 2 2 2
-1841.3 -5576.5 -15.0 260 0 12.8 16.8 5.0 0.0 0 1 2 0 0
-1804.1 -5644.7 -14.8 80 0 7.7 7.4 2.5 2.5 2 0 1 1 1
-1774.9 -5666.0 -14.7 260 0 11.4 7.4 7.5 2.5 2 0 3 0 0
-1810.9 -5667.0 -13.8 260 0 7.4 10.8 7.5 2.5 2 1 3 4 4
-1781.9 -5737.7 -12.9 83 0 8.8 8.2 7.5 2.5 2 0 3 0 0
-1789.3 -5772.6 -12.7 263 0 9.0 8.9 5.0 2.5 2 0 2 1 1
-1635.9 -5805.4 -13.7 72 0 8.1 9.6 10.0 2.5 2 1 4 0 0
-3570.4 -6640.9 -7.3 225 0 7.2 7.3 7.5 2.5 2 1 3 2 2
-3723.0 -6807.3 -6.3 222 0 12.2 9.4 5.0 2.5 2 0 2 2 2
-3384.8 -4675.9 -11.4 74 0 9.0 9.9 5.0 2.5 2 1 2 1 1
-3411.1 -4620.3 -11.2 229 0 9.4 7.5 7.5 2.5 2 0 3 5 5
-3455.8 -4641.2 -10.0 242 0 8.5 7.2 7.5 2.5 2 0 3 3 3
-3473.7 -4727.2 -9.7 79 0 7.2 11.1 5.0 2.5 2 1 2 5 5
-3544.4 -4689.6 -7.8 233 0 8.0 8.6 2.5 2.5 2 1 1 0 0
-3583.0 -4668.1 -7.0 44 0 6.6 10.7 5.0 2.5 2 1 2 1 1
-3545.5 -4640.1 -8.0 60 0 8.1 8.3 7.5 2.5 2 1 3 0 0
-3579.5 -4581.9 -7.7 245 0 6.5 13.6 5.0 2.5 2 1 2 1 1
-3602.0 -4565.3 -7.3 66 0 10.1 7.3 7.5 2.5 2 0 3 0 0
-3628.3 -4588.3 -6.7 66 0 12.4 9.7 7.5 2.5 2 0 3 3 3
-3651.6 -4617.8 -6.2 274 0 10.8 11.7 5.0 0.0 0 1 2 1 1
-3691.6 -4519.0 -6.1 55 0 7.5 6.4 5.0 2.5 2 0 2 2 2
-3627.3 -4707.5 -7.5 252 0 8.2 9.8 5.0 2.5 2 1 2 3 3
-3455.9 -4735.3 -11.5 238 0 9.4 23.9 7.5 2.5 2 1 3 2 2
-3227.9 -4561.5 -16.7 287 0 9.7 10.6 5.0 2.5 2 1 2 3 3
-3333.3 -4591.8 -15.0 145 0 9.3 11.0 7.5 2.5 2 1 3 2 2
-3381.1 -4602.0 -12.7 255 0 14.2 8.9 7.5 2.5 2 0 3 3 3
-3470.3 -4610.0 -9.9 63 0 12.5 7.6 7.5 2.5 2 0 3 5 5
-3706.3 -4609.1 -6.4 28 0 11.3 11.6 5.0 2.5 2 1 2 0 0
5314.9 -4702.3 -1.8 5 0 10.7 12.6 5.0 2.5 2 1 2 2 2
5339.3 -4578.5 1.3 175 0 10.7 8.4 7.5 2.5 2 0 3 0 0
5541.9 -4634.9 -3.7 268 0 7.1 9.3 10.0 2.5 2 1 4 1 1
5610.0 -4861.4 -2.3 84 0 8.3 12.5 5.0 2.5 2 1 2 0 0
5228.4 -4735.2 -2.8 264 0 9.4 16.9 10.0 2.5 2 1 4 2 2
5247.9 -4748.3 -2.9 264 0 10.8 10.5 7.5 2.5 4 0 3 3 3
5261.1 -4730.1 -2.6 268 0 9.1 7.6 7.5 0.0 0 0 3 0 0
5264.2 -4699.8 -1.5 101 0 17.9 10.9 7.5 2.5 2 0 3 4 4
5197.0 -4796.2 -3.5 170 0 8.6 18.8 5.0 2.5 2 1 2 3 3
5165.6 -4802.0 -3.7 172 0 11.2 30.9 7.5 2.5 2 1 3 1 1
5189.9 -4813.6 -3.9 167 0 12.5 30.7 5.0 2.5 2 1 2 1 1
5238.1 -4872.0 -5.1 74 0 7.3 32.8 2.5 2.5 2 1 1 2 2
5341.7 -4786.9 -4.2 261 0 11.7 8.7 10.0 2.5 2 0 4 3 3
5316.5 -4803.4 -4.5 352 0 10.6 31.5 7.5 2.5 2 1 3 0 0
5292.9 -4863.4 -5.4 71 0 8.3 33.6 10.0 2.5 2 1 4 0 0
5279.9 -4866.4 -5.4 75 0 11.1 43.3 12.5 2.5 2 1 5 5 5
5222.3 -4833.7 -4.4 165 0 11.5 41.2 5.0 2.5 2 1 2 1 1
5232.6 -4800.9 -3.8 165 0 11.2 13.7 10.0 2.5 2 1 4 3 3
5105.1 -4849.0 -3.2 207 0 11.9 6.5 2.5 2.5 4 0 1 3 3
5132.0 -4823.0 -3.4 222 0 11.8 12.0 5.0 2.5 2 1 2 1 1
5156.5 -4837.1 -3.7 312 0 8.6 7.3 2.5 0.0 0 0 1 5 5
5193.1 -4875.8 -4.6 312 0 17.1 9.5 2.5 2.5 2 0 1 0 0
5106.2 -4607.3 0.4 319 0 10.4 9.8 7.5 2.5 2 0 3 1 1
5158.5 -4689.0 -1.4 171 0 7.5 6.8 5.0 2.5 2 0 2 3 3
5060.7 -4748.9 -1.3 314 0 6.8 16.6 2.5 2.5 2 1 1 5 5
5073.2 -4705.9 -1.3 220 0 7.6 18.9 10.0 2.5 2 1 4 0 0
5109.2 -4552.4 2.1 323 0 9.6 9.9 7.5 2.5 2 1 3 4 4
4965.8 -4666.7 0.6 301 0 10.3 19.3 7.5 2.5 2 1 3 5 5
4973.9 -4818.8 -0.4 136 0 6.4 10.3 10.0 2.5 2 1 4 1 1
4999.5 -4605.1 1.1 226 0 7.5 20.5 5.0 2.5 2 1 2 3 3
5041.6 -4643.0 0.4 136 0 7.3 7.1 5.0 2.5 2 0 2 3 3
5014.8 -4656.5 0.8 136 0 6.9 8.5 2.5 2.5 2 1 1 5 5
4999.9 -4688.0 0.2 316 0 7.8 6.9 7.5 2.5 4 0 3 2 2
5038.5 -4709.9 -0.6 316 0 17.7 19.7 10.0 0.0 0 1 4 2 2
4763.7 -4602.3 -3.7 96 0 16.1 13.0 5.0 2.5 2 0 2 1 1
4813.5 -4654.3 -2.1 142 0 7.8 8.0 2.5 2.5 2 1 1 5 5
4875.5 -4568.3 0.2 316 0 17.0 12.6 7.5 2.5 2 0 3 5 5
4872.6 -4587.1 -0.2 312 0 7.7 10.9 5.0 2.5 2 1 2 0 0
4879.1 -4666.8 0.4 130 0 7.4 6.1 7.5 2.5 2 0 3 5 5
4975.8 -4649.4 1.1 321 0 9.0 9.7 7.5 2.5 2 1 3 4 4
4881.4 -4742.7 -0.4 138 0 8.9 10.6 2.5 2.5 2 1 1 4 4
4937.1 -4694.1 0.6 301 0 7.3 9.5 7.5 2.5 2 1 3 0 0
4729.2 -4957.4 -3.4 89 0 10.8 6.2 7.5 2.5 2 0 3 2 2
4699.7 -5048.6 -4.5 89 0 9.8 9.8 5.0 2.5 2 0 2 3 3
4686.8 -5389.1 -6.1 233 0 6.5 6.7 7.5 2.5 2 1 3 5 5
4718.0 -5464.9 -5.2 21 0 6.6 7.5 7.5 2.5 2 1 3 2 2
4748.4 -5402.1 -5.9 22 0 7.9 7.7 7.5 2.5 2 0 3 1 1
4722.5 -5350.7 -6.2 314 0 9.6 8.2 10.0 2.5 2 0 4 2 2
4736.2 -5112.4 -3.7 240 0 6.9 10.9 7.5 2.5 4 1 3 0 0
4829.5 -4895.1 -1.2 48 0 6.4 14.1 10.0 2.5 2 1 4 5 5
4826.7 -4928.5 -0.7 335 0 7.1 6.7 2.5 2.5 4 0 1 1 1
4889.3 -4975.8 -0.5 233 0 16.9 10.5 10.0 2.5 2 0 4 0 0
4945.9 -4925.4 -1.5 323 0 7.2 10.2 7.5 2.5 2 1 3 1 1
4998.7 -4959.4 -2.4 53 0 9.6 8.9 5.0 2.5 4 0 2 5 5
3786.5 -4577.6 -2.3 293 0 9.1 13.9 7.5 2.5 2 1 3 3 3
3842.6 -4621.8 -4.8 113 0 13.5 12.6 10.0 2.5 2 0 4 2 2
3890.1 -4628.6 -3.0 113 0 10.0 10.6 7.5 2.5 2 1 3 0 0
3924.9 -4651.0 -3.3 113 0 7.1 9.0 5.0 2.5 2 1 2 1 1
3986.3 -4668.2 -2.0 293 0 9.0 7.6 5.0 2.5 2 0 2 2 2
3961.8 -4712.0 -4.0 293 0 7.8 6.5 7.5 2.5 4 0 3 4 4
4034.0 -4686.5 -0.3 23 0 8.1 8.3 5.0 2.5 2 1 2 0 0
4051.2 -4794.5 -2.3 293 0 9.3 12.8 10.0 2.5 2 1 4 3 3
4063.0 -4758.1 -0.7 199 0 7.1 13.4 2.5 0.0 0 1 1 1 1
4119.8 -4938.9 -5.0 358 0 8.1 11.3 7.5 2.5 2 1 3 0 0
4175.2 -4855.7 -1.6 199 0 9.5 7.8 7.5 2.5 2 0 3 0 0
4316.6 -4813.7 -1.3 199 0 8.4 8.5 7.5 2.5 2 1 3 4 4
4251.8 -4777.7 0.3 19 0 11.3 14.8 7.5 2.5 2 1 3 5 5
4144.2 -4785.0 -0.0 290 0 12.4 13.7 7.5 2.5 2 1 3 3 3
4103.0 -4632.8 2.1 203 0 10.6 8.7 7.5 0.0 0 0 3 5 5
4196.9 -4568.0 3.6 287 0 6.3 9.7 7.5 2.5 2 1 3 4 4
4232.2 -4638.2 3.3 294 0 7.8 8.9 7.5 2.5 2 1 3 1 1
4246.0 -4651.2 3.1 289 0 7.1 7.3 5.0 0.0 0 1 2 2 2
4254.9 -4595.3 3.5 36 0 6.9 7.7 7.5 2.5 2 1 3 0 0
4312.3 -4667.5 0.6 306 0 11.0 10.9 7.5 2.5 2 0 3 1 1
4334.1 -4677.6 -0.1 305 0 9.9 10.3 7.5 2.5 2 1 3 1 1
4388.7 -4653.7 -0.5 126 0 8.0 6.0 7.5 2.5 2 0 3 3 3
4422.3 -4715.2 -1.7 306 0 6.9 8.6 7.5 2.5 2 1 3 0 0
4447.4 -4706.5 -2.4 126 0 10.2 13.3 7.5 2.5 2 1 3 5 5
4428.5 -4654.2 -0.5 306 0 10.8 7.2 10.0 0.0 0 0 4 4 4
4668.4 -4528.0 -2.8 147 0 11.5 11.9 7.5 2.5 2 1 3 2 2
4588.8 -4597.4 -2.2 287 0 10.0 9.9 5.0 0.0 0 0 2 5 5
2870.6 -4534.3 -6.8 169 0 14.2 12.0 2.5 2.5 2 0 1 0 0
2910.5 -4776.7 -6.5 242 0 8.1 8.3 5.0 2.5 2 1 2 0 0
2936.8 -4597.6 -6.8 182 0 7.8 6.8 7.5 2.5 4 0 3 2 2
2975.3 -4698.9 -4.3 182 0 6.7 8.2 7.5 2.5 4 1 3 5 5
2995.9 -4637.2 -5.1 274 0 9.0 11.3 7.5 2.5 4 1 3 1 1
3017.1 -4603.7 -6.1 99 0 7.3 11.5 5.0 2.5 4 1 2 5 5
3102.1 -4693.5 -4.4 185 0 6.5 10.5 5.0 2.5 2 1 2 4 4
3063.1 -4630.6 -5.4 275 0 8.8 10.9 10.0 2.5 2 1 4 0 0
3058.4 -4850.8 -8.9 339 0 7.9 9.7 2.5 2.5 2 1 1 1 1
3115.7 -4805.3 -5.0 232 0 10.0 7.2 7.5 2.5 2 0 3 3 3
3128.3 -4771.5 -4.9 208 0 9.1 8.8 5.0 2.5 2 0 2 1 1
3125.3 -4648.9 -4.9 88 0 7.8 12.7 7.5 0.0 0 1 3 2 2
3117.5 -4590.0 -5.6 260 0 10.5 8.5 2.5 0.0 0 0 1 4 4
4020.3 -4564.0 0.4 288 0 9.8 7.9 10.0 2.5 2 0 4 5 5
3931.2 -4525.7 -2.8 287 0 8.7 12.7 2.5 0.0 0 1 1 2 2
3891.9 -4558.1 -3.6 197 0 10.0 7.0 7.5 2.5 2 0 3 3 3
3736.1 -4577.2 -2.9 107 0 7.0 13.2 7.5 2.5 2 1 3 5 5
3718.0 -4604.1 -4.1 287 0 10.1 6.7 5.0 2.5 2 0 2 1 1
3765.6 -4621.7 -4.4 287 0 6.9 9.8 2.5 0.0 0 1 1 0 0
2258.8 -5044.8 -8.8 202 0 8.3 10.0 5.0 2.5 2 1 2 5 5
2147.4 -4956.6 -7.7 182 0 12.6 14.0 5.0 2.5 2 1 2 3 3
2183.8 -5030.2 -9.9 175 0 8.9 9.1 5.0 2.5 2 1 2 2 2
2191.0 -5080.9 -9.7 82 0 8.5 8.1 7.5 2.5 2 0 3 5 5
2081.2 -5204.6 -12.9 202 0 10.2 6.9 5.0 2.5 2 0 2 1 1
5213.7 -6871.0 -12.7 219 0 14.9 16.1 7.5 2.5 4 1 3 2 2
2249.6 -4892.5 -6.7 1 0 7.0 6.9 7.5 2.5 2 0 3 0 0
2333.0 -4880.7 -8.7 337 0 10.5 9.4 7.5 2.5 2 0 3 3 3
2351.6 -4932.8 -9.7 337 0 8.3 6.7 7.5 2.5 2 0 3 5 5
2068.6 -4860.9 -7.8 270 0 9.8 8.6 7.5 2.5 2 0 3 3 3
4131.2 -4739.5 0.9 105 0 10.5 6.8 10.0 2.5 2 0 4 4 4
3052.9 -4546.7 -5.7 193 0 6.9 6.6 2.5 2.5 2 0 1 2 2
5352.3 -4643.6 -0.1 180 0 9.4 7.5 7.5 2.5 2 0 3 4 4
5394.1 -4908.3 -4.7 270 0 7.2 21.2 7.5 2.5 2 1 3 5 5
5380.5 -4916.5 -4.8 270 0 11.1 17.4 5.0 2.5 2 1 2 3 3
5308.6 -5194.6 -4.9 54 0 9.4 20.5 7.5 2.5 2 1 3 1 1
5356.2 -5248.3 -4.4 324 0 14.9 6.7 7.5 2.5 2 0 3 4 4
5605.8 -4911.2 -2.4 87 0 8.1 7.2 7.5 2.5 2 0 3 1 1
5653.3 -4904.7 -1.6 74 0 9.3 7.5 5.0 2.5 2 0 2 4 4
5438.2 -5898.0 -3.9 207 0 7.7 12.9 10.0 2.5 2 1 4 2 2
5425.9 -5940.1 -4.4 287 0 9.4 6.0 2.5 2.5 2 0 1 2 2
5556.2 -6151.2 -6.7 110 0 9.2 6.4 5.0 2.5 2 0 2 5 5
5565.1 -6012.9 -7.7 20 0 9.8 11.8 7.5 0.0 0 1 3 3 3
5564.7 -5954.8 -7.3 290 0 8.3 9.3 10.0 2.5 2 1 4 2 2
5613.1 -4530.9 -2.4 91 0 6.4 12.6 7.5 0.0 0 1 3 4 4
5472.1 -5276.5 -4.5 237 0 8.6 7.5 7.5 2.5 2 0 3 4 4
6014.9 -5344.2 0.2 223 0 6.9 6.5 5.0 2.5 2 0 2 1 1
