6712.5 -4513.7 -8.6 359 0 9.1 77.6 12.5 2.5 2 0 5 5 5
6809.2 -4499.1 -10.4 90 0 6.6 18.0 7.5 2.5 2 0 3 5 5
6875.1 -4556.2 -5.9 3 0 19.1 16.3 10.5 3.5 2 0 3 1 1
6862.9 -4591.0 -3.5 284 0 10.4 22.5 10.5 3.5 2 0 3 0 0
6535.4 -4722.1 3.6 239 0 15.8 7.7 7.5 2.5 2 0 3 1 1
6574.0 -4716.0 3.0 281 0 9.8 11.8 5.0 2.5 2 0 2 4 4
6605.1 -4741.9 1.5 97 0 9.8 10.5 7.5 2.5 2 0 3 5 5
6698.2 -4724.1 0.8 269 0 15.1 12.9 5.0 2.5 2 0 2 3 3
6803.8 -4783.8 -0.1 271 0 8.4 11.6 2.5 2.5 2 0 1 0 0
6849.5 -4779.5 -1.0 272 0 9.0 8.3 7.5 2.5 2 0 3 1 1
6868.6 -4780.2 -1.3 1 0 11.6 12.5 7.5 2.5 2 0 3 0 0
6866.2 -4794.0 -1.4 2 0 9.8 9.4 7.5 2.5 2 0 3 1 1
6850.4 -4810.3 -1.3 2 0 8.0 8.2 5.0 2.5 2 0 2 5 5
6824.2 -4839.9 -1.1 90 0 8.5 9.1 5.0 2.5 2 0 2 2 2
6827.1 -4855.0 -1.3 79 0 8.1 8.8 7.5 2.5 2 0 3 2 2
6789.1 -4862.4 -0.6 87 0 12.1 8.7 7.5 2.5 2 0 3 3 3
6773.9 -4877.0 -1.1 4 0 11.2 15.1 5.0 2.5 2 0 2 4 4
6766.1 -4890.9 -1.6 3 0 9.9 9.4 7.5 2.5 2 0 3 0 0
6753.3 -4906.5 -2.5 58 0 8.6 24.4 10.0 2.5 2 0 4 4 4
6683.1 -4992.9 -6.5 88 0 9.0 17.8 10.0 2.5 2 0 4 1 1
6646.1 -5018.4 -7.3 86 0 6.4 10.0 5.0 2.5 2 0 2 5 5
6587.4 -4898.1 -4.9 185 0 8.0 9.3 7.5 2.5 2 0 3 3 3
6582.1 -4869.1 -4.3 182 0 10.6 18.9 10.0 2.5 2 0 4 2 2
6630.4 -4865.6 -4.3 272 0 11.2 10.2 5.0 2.5 2 0 2 2 2
6657.8 -4846.4 -2.9 189 0 14.9 9.9 2.5 2.5 2 0 1 3 3
6698.9 -4794.2 0.2 197 0 13.1 12.0 5.0 2.5 2 0 2 0 0
6740.3 -4789.8 0.7 289 0 7.8 20.7 7.5 2.5 2 1 3 4 4
6722.2 -4889.5 -2.4 90 0 9.9 19.3 5.0 2.5 2 1 2 1 1
6741.1 -4878.0 -1.5 83 0 9.4 16.8 2.5 2.5 2 1 1 4 4
6442.8 -4092.3 -2.2 177 0 18.8 9.5 5.0 2.5 4 0 2 2 2
6439.9 -4051.7 -0.6 181 0 12.7 16.1 5.0 2.5 2 1 2 3 3
6483.2 -4100.4 -3.0 79 0 10.1 11.5 2.5 2.5 2 1 1 2 2
6483.9 -4120.3 -3.5 88 0 11.2 11.1 5.0 2.5 2 0 2 5 5
6519.2 -4111.6 -3.7 78 0 13.5 13.4 5.0 2.5 2 0 2 2 2
6547.6 -4094.4 -3.6 77 0 10.2 12.7 5.0 2.5 2 1 2 1 1
6437.4 -3979.1 2.2 177 0 14.5 10.4 5.0 0.0 0 0 2 0 0
6601.9 -4046.7 -3.2 122 0 9.5 6.8 5.0 2.5 2 0 2 0 0
6607.4 -4070.3 -4.9 193 0 10.4 12.5 7.5 2.5 2 1 3 5 5
6630.6 -4097.1 -7.2 91 0 13.1 14.6 7.5 0.0 0 1 3 1 1
6904.4 -4544.3 -7.2 254 0 10.7 70.6 12.5 0.0 0 1 5 3 3
6744.8 -4545.9 -5.0 270 0 26.4 34.7 10.5 3.5 2 1 3 4 4
6874.6 -4642.3 -1.9 8 0 11.2 14.1 10.5 3.5 2 1 3 3 3
6720.5 -4625.8 -1.6 84 0 14.4 8.7 10.5 3.5 2 0 3 4 4
6908.3 -4925.6 -3.9 1 0 10.1 22.8 7.5 2.5 2 1 3 0 0
6892.8 -4910.3 -3.4 342 0 6.7 20.6 7.5 0.0 0 1 3 2 2
6742.9 -5106.1 -9.5 161 0 8.7 10.9 5.0 2.5 2 1 2 2 2
6744.2 -5072.5 -7.8 176 0 15.8 12.1 10.0 2.5 2 0 4 5 5
6745.7 -5032.3 -5.8 179 0 14.6 16.5 7.5 2.5 2 1 3 3 3
6742.0 -4976.9 -4.7 183 0 7.6 9.3 2.5 2.5 2 1 1 1 1
6742.9 -4938.3 -3.6 179 0 8.2 11.2 2.5 2.5 2 1 1 4 4
6792.3 -4921.5 -1.8 179 0 10.2 16.3 7.5 2.5 2 1 3 2 2
6819.1 -4904.6 -1.8 274 0 7.7 12.7 7.5 2.5 2 1 3 5 5
6801.8 -4873.9 -1.2 270 0 13.1 19.8 10.0 2.5 2 1 4 3 3
6822.1 -4871.7 -1.7 277 0 11.4 19.2 10.0 2.5 2 1 4 1 1
6854.9 -4865.1 -2.1 263 0 6.6 9.1 7.5 2.5 2 1 3 0 0
6902.9 -4963.8 -4.4 15 0 11.0 15.3 10.0 2.5 4 1 4 1 1
6872.9 -4985.5 -4.6 19 0 16.1 14.9 5.0 2.5 2 0 2 0 0
6846.3 -4927.7 -2.7 272 0 10.2 6.6 5.0 2.5 2 0 2 3 3
6865.4 -5013.8 -5.4 43 0 10.4 14.6 7.5 2.5 4 1 3 1 1
6858.8 -5025.6 -5.8 40 0 9.8 17.2 5.0 2.5 2 1 2 5 5
6849.0 -5039.2 -6.4 44 0 10.2 12.5 7.5 2.5 2 1 3 3 3
6835.9 -5059.0 -7.4 24 0 11.9 20.4 7.5 2.5 2 1 3 0 0
6825.5 -5070.3 -7.9 12 0 11.3 16.6 7.5 2.5 2 1 3 5 5
6811.1 -5091.4 -8.9 45 0 13.4 11.0 10.0 2.5 2 0 4 2 2
-2583.4 -3840.5 -5.1 77 0 15.1 11.7 7.5 2.5 2 0 3 5 5
6861.9 -3962.6 -3.0 348 0 36.7 44.3 15.0 0.0 0 1 6 2 2
6849.3 -5220.8 -14.1 287 0 9.6 18.2 5.0 2.5 2 1 2 5 5
6881.1 -5214.9 -14.4 290 0 10.3 20.5 5.0 0.0 0 1 2 0 0
6897.0 -5269.0 -14.6 4 0 10.7 10.9 5.0 2.5 2 1 2 4 4
6885.2 -5300.1 -14.8 284 0 15.7 10.9 7.5 2.5 4 0 3 4 4
6868.2 -5295.4 -14.4 291 0 9.7 16.4 7.5 2.5 2 1 3 2 2
6848.5 -5298.0 -14.1 201 0 12.2 9.0 7.5 0.0 0 0 3 2 2
6837.4 -5294.1 -13.8 202 0 7.2 7.1 7.5 2.5 2 0 3 1 1
6859.5 -5327.9 -14.6 101 0 10.7 9.0 7.5 2.5 2 0 3 5 5
6896.2 -5326.7 -15.0 23 0 7.2 8.2 5.0 2.5 4 1 2 5 5
6899.3 -5508.6 -12.8 342 0 7.8 7.7 2.5 2.5 2 0 1 5 5
6870.5 -5495.6 -12.9 253 0 10.1 23.1 10.0 0.0 0 1 4 5 5
-2325.0 4932.8 7.5 344 0 9.1 10.3 10.0 2.5 2 1 4 1 1
-3073.5 5345.2 -2.8 134 0 17.9 9.1 7.5 2.5 2 0 3 2 2
-3107.5 5203.1 2.2 356 0 15.6 10.0 5.0 2.5 2 0 2 4 4
-3118.8 5251.0 1.0 279 0 9.2 10.7 5.0 2.5 4 1 2 1 1
-1135.4 -4387.0 0.1 181 0 9.9 17.0 5.0 2.5 4 1 2 0 0
-1099.9 -4292.5 -1.3 285 0 6.9 9.0 5.0 2.5 2 1 2 1 1
-1110.2 -4286.9 -1.3 287 0 10.6 22.4 5.0 2.5 2 1 2 1 1
-1149.7 -4334.7 -0.8 187 0 12.8 9.4 7.5 2.5 2 0 3 1 1
-1169.7 -4313.0 -1.1 186 0 17.2 7.8 5.0 2.5 2 0 2 3 3
-1155.5 -4228.9 -2.8 18 0 19.1 12.9 5.0 2.5 4 0 2 0 0
-1187.5 -4311.3 -1.4 359 0 9.2 13.4 5.0 2.5 4 1 2 2 2
-1036.3 -4494.9 0.1 346 0 11.4 9.2 5.0 2.5 2 0 2 4 4
-1038.0 -4520.3 1.0 343 0 8.1 6.0 2.5 2.5 2 0 1 4 4
-1035.0 -4543.7 1.6 337 0 14.8 9.7 5.0 2.5 2 0 2 2 2
-1101.5 -4484.8 0.3 294 0 11.3 8.5 2.5 0.0 0 0 1 3 3
-1121.0 -4473.3 0.2 300 0 9.2 9.2 5.0 2.5 2 0 2 4 4
-1133.7 -4464.4 0.1 306 0 9.4 8.6 5.0 2.5 4 0 2 1 1
-1195.0 -4278.9 -1.7 344 0 18.8 11.2 5.0 2.5 2 0 2 4 4
-1206.9 -4169.7 -4.4 353 0 9.2 14.6 5.0 2.5 2 1 2 0 0
-1202.5 -4217.8 -3.0 357 0 14.1 9.8 5.0 2.5 2 0 2 0 0
-1287.6 -4232.3 -1.6 177 0 11.0 9.6 5.0 2.5 2 0 2 2 2
-1245.3 -4214.4 -2.3 355 0 8.6 12.6 5.0 2.5 2 1 2 3 3
-1359.7 -4286.3 -1.3 185 0 15.4 11.2 5.0 2.5 2 0 2 5 5
-1363.6 -4264.2 -1.2 185 0 11.6 13.2 5.0 2.5 2 1 2 5 5
-1343.0 -4247.3 -0.9 184 0 15.5 15.0 2.5 0.0 0 0 1 3 3
-1340.0 -4226.5 -1.3 184 0 12.0 9.2 5.0 2.5 4 0 2 4 4
-1303.6 -4168.7 -2.7 188 0 8.5 18.7 2.5 2.5 2 1 1 3 3
-1295.3 -4135.6 -3.2 287 0 8.2 13.5 5.0 2.5 2 1 2 3 3
-1425.7 -4107.4 -5.3 192 0 7.2 11.3 5.0 2.5 2 1 2 4 4
-1340.4 -4067.4 -5.2 357 0 12.0 14.7 5.0 0.0 0 1 2 0 0
-1346.4 -4156.6 -2.9 90 0 12.5 10.9 2.5 2.5 4 0 1 1 1
-1336.6 -4109.9 -4.3 28 0 7.3 15.3 5.0 2.5 2 1 2 2 2
-1390.5 -4158.6 -3.8 80 0 14.8 11.5 7.5 2.5 2 0 3 5 5
-1413.9 -4177.3 -4.7 74 0 14.7 10.8 7.5 2.5 2 0 3 0 0
-1415.0 -4199.8 -3.8 250 0 9.5 8.8 5.0 2.5 2 0 2 3 3
-1802.1 -4157.9 -2.3 89 0 11.9 11.5 7.5 2.5 2 0 3 3 3
-1767.5 -4140.0 -4.2 359 0 10.6 12.7 7.5 0.0 0 1 3 5 5
-1697.3 -4225.8 -2.9 304 0 10.2 13.3 5.0 2.5 2 1 2 4 4
-1735.9 -4176.5 -3.6 304 0 10.0 19.0 7.5 2.5 2 1 3 2 2
-1715.5 -4143.5 -6.7 160 0 13.6 11.2 7.0 2.5 2 0 2 1 1
-2066.7 -3726.5 -7.0 249 0 15.1 8.9 5.0 2.5 2 0 2 4 4
-2069.0 -3906.2 -3.8 178 1 14.1 10.7 10.0 2.5 2 0 4 5 5
-2054.9 -3939.3 -0.7 176 0 14.2 11.8 7.5 2.5 4 0 3 4 4
-2034.8 -3978.7 0.6 356 0 17.2 11.5 5.0 2.5 2 0 2 1 1
-2003.7 -4102.7 1.3 89 0 18.3 10.8 5.0 2.5 4 0 2 1 1
-1953.6 -4093.4 0.4 359 0 11.5 17.3 7.5 2.5 2 1 3 3 3
-1885.6 -4066.1 -5.6 181 0 15.2 9.6 7.5 2.5 2 0 3 4 4
-1846.1 -4085.8 -5.9 358 0 9.8 9.2 7.5 2.5 2 0 3 0 0
-1857.1 -4088.5 -5.2 1 0 9.2 14.1 7.5 2.5 2 1 3 0 0
-1839.2 -4060.1 -8.1 3 0 9.1 13.2 7.5 2.5 2 1 3 4 4
-2049.0 -4139.6 3.3 270 0 12.8 8.9 7.5 2.5 2 0 3 1 1
-1994.0 -4174.1 3.1 7 0 13.6 19.0 10.0 2.5 2 1 4 2 2
-1915.8 -4152.0 1.3 180 0 13.4 17.5 5.0 2.5 2 1 2 1 1
-1882.7 -4144.9 -0.1 90 0 15.2 10.6 7.5 2.5 2 0 3 1 1
-1863.9 -4153.2 -1.1 90 0 8.2 22.4 12.5 2.5 2 1 5 2 2
-968.3 -3697.7 5.0 330 0 9.7 13.6 5.0 2.5 2 1 2 5 5
-936.6 -3077.4 -5.7 271 0 16.1 12.4 5.0 2.5 2 0 2 1 1
-912.2 -3095.9 -5.4 93 0 13.7 10.5 2.5 0.0 0 0 1 2 2
-906.2 -3273.3 -5.2 88 0 11.6 16.0 5.0 2.5 2 1 2 4 4
-1150.3 -3269.9 -4.2 238 0 15.7 8.6 5.0 2.5 4 0 2 2 2
-1149.5 -3309.3 -3.7 64 0 12.8 10.6 5.0 2.5 2 0 2 0 0
-1236.0 -3264.0 -4.2 65 0 7.1 8.4 5.0 2.5 4 1 2 2 2
-1408.9 -3528.1 -5.0 357 0 8.0 9.7 5.0 2.5 2 1 2 1 1
-1366.6 -3495.4 -3.8 68 0 13.2 11.8 2.5 2.5 2 0 1 5 5
-1360.0 -3453.2 -3.8 328 0 9.2 6.2 2.5 2.5 2 0 1 4 4
-1300.4 -3378.5 -3.6 334 0 7.2 12.3 7.5 0.0 0 1 3 2 2
-1303.6 -3487.8 -3.8 159 0 8.7 11.6 2.5 2.5 4 1 1 1 1
-1281.0 -3601.9 1.7 309 0 6.6 11.2 2.5 2.5 2 1 1 5 5
-1259.2 -3598.2 2.0 323 0 6.4 9.0 5.0 0.0 0 1 2 2 2
-1116.5 -3775.9 4.2 338 0 11.0 9.8 7.5 2.5 2 0 3 4 4
-1250.0 -3830.9 1.7 253 0 7.7 14.5 2.5 2.5 2 1 1 4 4
-1321.6 -3860.1 -1.8 347 0 9.0 12.2 7.5 2.5 2 1 3 0 0
-1354.8 -3829.6 -2.6 263 0 13.2 9.8 5.0 2.5 4 0 2 4 4
-1392.7 -3867.9 -5.9 238 0 9.9 13.0 5.0 2.5 4 1 2 5 5
-1600.1 -3600.8 -8.7 99 0 8.1 10.5 5.0 2.5 2 1 2 1 1
-1529.8 -3615.0 -7.7 353 0 8.3 9.5 5.0 2.5 2 1 2 4 4
-1518.3 -3636.5 -7.1 355 0 10.1 16.2 7.5 2.5 2 1 3 4 4
-1541.0 -3549.0 -9.0 356 0 10.7 9.5 5.0 2.5 2 0 2 1 1
-1492.1 -3484.2 -8.0 239 0 10.8 12.5 5.0 2.5 2 1 2 1 1
-1485.4 -3551.9 -7.6 75 0 7.4 10.4 5.0 0.0 0 1 2 5 5
-1492.4 -3557.1 -7.7 266 0 10.7 16.7 2.5 2.5 2 1 1 4 4
-1485.4 -3716.8 -5.5 344 0 12.1 17.3 5.0 2.5 2 1 2 5 5
-1471.7 -3785.2 -4.9 359 0 14.6 18.9 7.5 2.5 2 1 3 4 4
-916.4 -3734.1 4.7 81 0 7.7 6.6 5.0 2.5 2 0 2 2 2
-902.2 -3725.6 4.9 81 0 10.9 8.8 5.0 2.5 2 0 2 4 4
-1337.7 -3917.4 -4.6 78 0 14.8 11.6 5.0 2.5 2 0 2 0 0
-1306.1 -3918.7 -3.7 78 0 14.9 13.3 7.5 0.0 0 0 3 0 0
-1268.6 -3895.4 -1.3 77 0 11.2 16.2 5.0 2.5 2 1 2 0 0
-1102.3 -3864.2 2.6 75 0 12.1 20.1 5.0 2.5 2 1 2 0 0
-1047.8 -3863.8 1.1 351 0 13.6 9.0 5.0 2.5 2 0 2 5 5
-973.0 -3752.8 4.0 247 0 10.7 11.5 2.5 2.5 2 1 1 4 4
-937.7 -3725.7 4.6 249 0 8.6 11.5 2.5 2.5 2 1 1 2 2
-871.3 -3717.6 5.2 69 0 12.3 9.0 5.0 2.5 2 0 2 5 5
-815.4 -3678.2 6.3 69 0 13.4 11.2 5.0 2.5 2 0 2 1 1
-756.3 -3659.8 6.7 69 0 10.4 12.9 5.0 2.5 4 1 2 4 4
-690.0 -3634.3 6.1 341 0 14.3 10.9 5.0 2.5 2 0 2 3 3
-464.4 -3474.2 3.5 77 0 20.8 12.8 10.0 2.5 2 0 4 4 4
-737.2 -3131.0 -3.2 90 0 12.9 10.6 2.5 2.5 2 0 1 5 5
-797.2 -3006.2 -3.2 262 0 17.3 13.9 5.0 2.5 2 0 2 0 0
-842.0 -3093.0 -4.5 347 0 9.0 10.5 2.5 2.5 2 1 1 3 3
-841.3 -3027.9 -3.7 175 0 9.4 11.5 2.5 2.5 2 1 1 5 5
-1346.1 -3233.4 -4.3 47 0 10.0 13.3 5.0 2.5 2 1 2 4 4
-1452.5 -3236.1 -5.2 222 0 14.2 10.0 5.0 2.5 2 0 2 2 2
-1473.5 -3275.8 -6.9 218 0 12.1 10.5 5.0 2.5 2 0 2 5 5
-1548.7 -3390.0 -10.9 139 0 7.7 11.5 5.0 2.5 2 1 2 2 2
-2133.5 -3864.5 -5.0 84 0 11.7 10.1 5.0 0.0 0 0 2 3 3
-2112.3 -3802.9 -4.9 3 0 12.1 8.3 2.5 0.0 0 0 1 1 1
-2063.3 -4101.9 2.0 359 0 18.3 11.3 5.0 2.5 2 0 2 5 5
-2105.9 -4078.2 1.3 269 0 11.3 11.8 2.5 2.5 2 1 1 3 3
-2130.3 -4088.5 1.4 269 0 12.5 10.9 7.5 2.5 2 0 3 2 2
-2149.5 -4074.4 0.9 270 0 14.1 11.1 10.0 2.5 2 0 4 3 3
-2235.9 -4082.8 -0.4 285 0 14.5 11.6 2.5 2.5 2 0 1 0 0
-2291.0 -4069.8 -0.3 267 0 16.6 13.5 7.5 0.0 0 0 3 5 5
-2377.5 -4084.2 -0.4 268 0 10.3 15.1 5.0 2.5 2 1 2 0 0
-2087.2 -3907.4 -2.1 359 0 7.9 13.0 7.5 2.5 2 1 3 1 1
-2103.7 -3930.9 -0.9 0 0 10.8 8.5 10.0 2.5 2 0 4 3 3
-2267.9 -3807.6 -3.0 83 0 12.3 12.5 5.0 2.5 2 1 2 3 3
-2230.9 -3884.6 -2.5 179 0 9.5 12.3 5.0 0.0 0 1 2 3 3
-2284.0 -3912.3 -1.7 272 0 11.4 10.6 5.0 2.5 2 0 2 3 3
-2339.8 -3930.2 -1.7 178 0 15.8 14.5 7.5 2.5 2 0 3 1 1
-2337.1 -3872.4 -1.6 276 0 10.8 10.7 5.0 2.5 2 0 2 2 2
-2390.2 -3899.8 -2.2 338 0 14.5 6.3 5.0 2.5 2 0 2 4 4
-2411.4 -3846.8 -2.8 332 0 9.0 11.8 5.0 2.5 2 1 2 1 1
-2455.1 -3894.1 -3.1 98 0 10.1 13.0 7.5 0.0 0 1 3 2 2
-2538.9 -3903.5 -3.6 178 0 8.6 9.9 7.5 0.0 0 1 3 5 5
-2510.6 -4087.1 -4.0 177 0 11.4 14.2 5.0 2.5 2 1 2 2 2
-2527.3 -3954.1 -3.4 176 0 10.3 15.6 7.5 2.5 2 1 3 5 5
-2705.6 -3878.2 -6.2 264 0 11.6 8.8 5.0 2.5 2 0 2 2 2
-2678.8 -3874.9 -5.8 266 0 11.3 8.3 7.5 2.5 2 0 3 3 3
-2643.1 -3869.3 -5.4 262 0 11.2 10.4 7.5 2.5 2 0 3 1 1
-2625.6 -3914.2 -5.4 262 0 8.6 13.3 7.5 2.5 2 1 3 2 2
-2615.3 -4109.3 -5.3 158 0 9.0 14.1 2.5 2.5 2 1 1 4 4
-2752.6 -4033.7 -8.0 138 0 6.1 6.6 5.0 2.5 2 1 2 4 4
-2712.5 -4008.6 -6.8 326 0 10.0 16.9 7.5 2.5 2 1 3 0 0
-2700.6 -3942.0 -5.9 66 0 10.8 7.3 5.0 2.5 2 0 2 2 2
-2764.5 -3990.3 -7.6 236 0 12.0 13.6 7.5 2.5 2 1 3 1 1
-2872.7 -3946.3 -7.2 115 0 7.9 6.9 7.5 2.5 2 0 3 3 3
-2582.6 -4152.8 -5.6 160 0 10.7 7.7 5.0 2.5 4 0 2 0 0
-2549.5 -4171.3 -5.6 65 0 12.3 17.7 5.0 0.0 0 1 2 2 2
-2377.5 -4262.8 -6.0 95 0 8.6 13.7 5.0 2.5 2 1 2 3 3
-2220.5 -4332.5 -5.1 96 0 8.7 12.8 2.5 2.5 2 1 1 1 1
-2390.7 -4149.7 -1.2 91 0 11.3 13.9 5.0 2.5 2 1 2 1 1
-2350.1 -4151.1 -0.9 95 0 10.9 9.5 2.5 2.5 2 0 1 0 0
-2318.8 -4162.1 -1.2 97 0 8.2 15.1 5.0 2.5 2 1 2 0 0
-2271.0 -4136.6 -0.7 97 0 9.0 12.1 5.0 2.5 2 1 2 2 2
-2141.6 -4311.3 -0.8 187 0 14.1 11.0 7.5 0.0 0 0 3 3 3
-2110.5 -4167.0 2.6 97 0 15.0 10.8 7.5 2.5 2 0 3 4 4
