2363.4 3320.4 5.0 277 0 10.4 41.7 14.0 3.5 2 0 4 3 3
2469.1 3115.0 5.7 108 0 16.8 23.6 14.0 3.5 2 0 4 0 0
2603.4 3280.8 8.5 275 0 11.5 22.2 14.0 3.5 2 0 4 2 2
2537.6 3212.4 7.7 103 0 6.4 18.1 14.0 3.5 2 0 4 1 1
2678.5 3324.4 7.0 6 0 13.9 22.5 14.0 3.5 2 0 4 3 3
2535.0 3196.3 7.3 281 0 9.6 14.8 14.0 3.5 2 0 4 5 5
2295.0 3372.0 2.5 171 0 9.7 19.0 14.0 3.5 2 0 4 3 3
2295.8 3360.5 2.8 178 0 9.3 12.2 14.0 3.5 2 0 4 2 2
2278.2 3217.2 2.8 186 0 16.0 17.4 14.0 3.5 2 0 4 0 0
2262.5 3245.0 2.8 12 0 9.6 14.5 14.0 3.5 2 0 4 1 1
2417.2 3391.8 4.8 206 0 8.2 10.1 14.0 3.5 2 0 4 2 2
2547.9 3373.8 4.9 253 0 9.9 19.8 14.0 3.5 2 0 4 4 4
2481.8 3301.2 7.5 278 0 13.8 14.4 14.0 3.5 2 1 4 4 4
2471.2 3261.5 7.1 188 0 15.4 10.7 14.0 3.5 2 0 4 1 1
2512.0 3240.6 7.7 104 0 12.0 21.9 14.0 3.5 2 1 4 2 2
2533.5 3325.5 6.5 97 0 7.0 15.7 14.0 3.5 2 0 4 5 5
2555.6 3286.0 8.4 277 0 7.1 16.4 14.0 0.0 0 1 4 4 4
2535.4 3367.6 5.1 256 0 9.3 17.0 14.0 3.5 2 0 4 3 3
2501.0 3357.6 5.5 276 0 11.9 9.2 14.0 3.5 2 0 4 4 4
2478.7 3331.5 6.2 99 0 11.9 11.7 14.0 3.5 2 0 4 0 0
2466.2 3168.2 6.2 210 0 8.9 12.4 14.0 3.5 2 1 4 1 1
2475.0 3202.4 6.3 275 0 20.3 19.9 14.0 3.5 2 0 4 5 5
2481.1 3375.3 4.4 298 0 7.3 19.6 14.0 3.5 2 0 4 1 1
2399.9 3343.0 5.6 97 0 11.7 14.9 14.0 3.5 2 0 4 2 2
2415.2 3341.6 6.0 97 0 10.0 23.8 14.0 3.5 2 1 4 5 5
2435.2 3338.9 6.5 100 0 10.2 9.9 14.0 3.5 2 0 4 5 5
2458.4 3333.0 6.2 101 0 7.2 12.9 14.0 3.5 2 1 4 4 4
2382.5 3345.0 5.2 97 0 6.1 15.5 14.0 3.5 2 1 4 2 2
2374.0 3349.3 5.0 97 0 7.4 8.5 14.0 3.5 2 1 4 3 3
2347.6 3351.8 4.0 97 0 11.5 14.0 14.0 3.5 2 1 4 5 5
2361.9 3349.9 4.4 96 0 12.9 17.8 14.0 3.5 2 1 4 1 1
2331.1 3423.6 2.5 271 0 9.9 17.4 14.0 3.5 2 1 4 2 2
2329.8 3387.5 3.2 182 0 14.2 10.2 14.0 3.5 2 0 4 5 5
2333.3 3366.6 3.4 94 0 12.1 10.5 14.0 3.5 2 0 4 2 2
2324.7 3353.6 3.1 93 0 25.0 11.5 14.0 3.5 2 0 4 3 3
2293.1 3382.6 2.2 163 0 7.6 18.6 14.0 3.5 2 1 4 0 0
2288.1 3407.6 1.5 163 0 9.6 16.9 14.0 3.5 2 1 4 5 5
2289.2 3394.1 1.8 162 0 13.2 21.8 14.0 3.5 2 1 4 3 3
2309.6 3281.0 3.7 185 0 13.6 8.4 14.0 0.0 0 0 4 3 3
2274.8 3390.0 1.2 353 0 26.9 11.1 14.0 3.5 2 0 4 3 3
2276.2 3368.4 1.9 5 0 10.9 23.3 14.0 3.5 2 1 4 4 4
2256.6 3391.1 0.9 13 0 9.4 15.4 14.0 3.5 2 1 4 5 5
2226.8 3370.1 0.9 92 0 9.1 17.3 14.0 3.5 2 1 4 1 1
2198.6 3416.9 0.1 262 0 10.7 22.1 14.0 3.5 2 1 4 4 4
2200.9 3375.2 0.8 94 0 12.5 12.1 14.0 3.5 2 0 4 5 5
2200.9 3350.3 2.1 282 0 12.5 6.8 14.0 0.0 0 0 4 4 4
2214.9 3354.9 1.9 283 0 6.7 17.5 14.0 3.5 2 1 4 5 5
2272.4 3319.3 3.0 11 0 15.3 20.8 14.0 3.5 2 1 4 4 4
2270.6 3342.4 2.8 282 0 12.7 13.6 14.0 3.5 2 1 4 2 2
2256.1 3347.0 2.5 281 0 13.2 15.2 14.0 3.5 2 1 4 1 1
2270.2 3301.5 3.0 10 0 18.0 22.7 14.0 3.5 2 1 4 5 5
2267.6 3279.3 2.9 8 0 12.8 24.0 14.0 3.5 2 1 4 2 2
2265.5 3266.6 2.9 10 0 8.4 9.7 14.0 0.0 0 1 4 4 4
2314.8 3327.1 3.6 278 0 8.7 23.9 14.0 3.5 4 1 4 4 4
2264.0 3257.3 2.8 9 0 7.8 19.9 14.0 3.5 2 1 4 2 2
2259.3 3232.2 2.7 11 0 9.8 23.8 14.0 3.5 4 1 4 4 4
2275.9 3198.8 2.7 183 0 14.6 19.7 14.0 3.5 2 1 4 4 4
2282.9 3256.2 2.9 190 0 10.8 11.0 14.0 0.0 0 1 4 3 3
2279.2 3239.3 2.8 190 0 14.9 14.9 14.0 0.0 0 0 4 0 0
2285.6 3277.9 3.0 190 0 25.3 10.0 14.0 3.5 2 0 4 0 0
2291.8 3317.5 3.2 190 0 28.4 12.1 14.0 3.5 2 0 4 0 0
2382.4 3324.9 5.5 273 0 10.5 18.9 14.0 3.5 2 1 4 5 5
2332.8 3259.8 4.1 97 0 14.3 7.4 14.0 3.5 2 0 4 1 1
2325.9 3321.4 4.0 277 0 7.7 25.0 14.0 3.5 2 1 4 1 1
2445.1 3272.5 6.6 13 0 16.7 9.7 14.0 3.5 2 0 4 0 0
2436.3 3294.8 6.6 11 0 20.7 7.8 14.0 3.5 2 0 4 5 5
2398.1 3308.6 6.0 280 0 15.9 8.7 14.0 3.5 2 0 4 0 0
2395.4 3245.2 5.2 94 0 21.4 9.5 14.0 3.5 2 0 4 3 3
2395.4 3259.5 5.5 98 0 8.6 13.3 14.0 3.5 2 1 4 5 5
2376.4 3246.8 5.1 98 0 8.6 27.1 14.0 3.5 2 1 4 3 3
2681.3 3252.0 8.8 11 0 17.3 43.5 14.0 0.0 0 1 4 2 2
2188.4 3353.4 2.2 277 0 10.2 17.7 14.0 3.5 4 1 4 1 1
2175.3 3355.1 2.5 278 0 10.2 14.3 14.0 3.5 2 1 4 5 5
2413.5 3072.4 2.3 291 0 9.9 14.9 14.0 3.5 2 1 4 1 1
2376.0 3032.2 1.6 93 0 11.3 15.7 14.0 3.5 2 1 4 0 0
2339.4 3035.5 2.0 90 0 9.1 17.1 14.0 3.5 4 1 4 1 1
2123.9 3212.8 2.2 94 0 18.6 18.1 12.5 2.5 2 0 5 5 5
2107.0 3388.1 2.8 98 0 15.1 13.1 14.0 3.5 2 0 4 3 3
2127.1 3396.6 2.5 94 0 16.7 11.8 14.0 3.5 2 0 4 3 3
2144.8 3397.7 2.2 94 0 9.8 6.5 14.0 3.5 2 0 4 0 0
2145.0 3430.0 1.7 267 0 7.6 12.4 14.0 3.5 2 1 4 0 0
2146.4 3406.7 1.9 89 0 7.8 8.0 14.0 3.5 2 1 4 4 4
2126.8 3415.0 2.2 183 0 9.0 12.9 14.0 0.0 0 1 4 2 2
2144.4 3386.9 2.3 96 0 11.3 10.6 14.0 3.5 2 0 4 0 0
2166.0 3396.9 1.3 95 0 8.7 14.5 14.0 0.0 0 1 4 0 0
2167.2 3379.6 1.6 98 0 12.1 14.3 14.0 3.5 2 1 4 5 5
2184.9 3377.3 1.1 98 0 9.6 14.3 14.0 3.5 2 1 4 0 0
2566.7 3019.0 4.4 206 0 15.0 11.3 14.0 3.5 4 0 4 3 3
2560.7 3178.0 7.2 287 0 11.4 21.0 14.0 3.5 2 1 4 2 2
2589.8 3176.3 7.6 281 0 17.6 11.1 14.0 3.5 2 0 4 4 4
2631.7 3168.0 8.0 280 0 14.5 7.0 14.0 3.5 2 0 4 5 5
2566.8 3075.9 6.6 111 0 6.8 19.9 14.0 3.5 2 1 4 0 0
2551.2 3082.3 6.5 109 0 16.3 12.1 14.0 3.5 4 0 4 1 1
-5768.6 4880.1 -16.8 177 0 10.7 7.3 7.5 2.5 2 0 3 2 2
-5764.2 4828.5 -17.8 175 0 13.3 9.9 7.5 2.5 2 0 3 0 0
-5679.5 4789.3 -17.4 122 0 12.4 9.4 7.5 2.5 2 0 3 5 5
-5660.3 4900.2 -18.8 352 0 12.1 10.2 10.0 2.5 2 0 4 3 3
-5725.3 4945.2 -18.3 274 0 12.7 12.4 7.5 2.5 2 0 3 3 3
-5798.0 5010.8 -16.2 85 0 8.2 13.9 2.5 2.5 2 1 1 1 1
-5817.2 5035.2 -16.4 175 0 10.7 8.4 7.5 2.5 2 0 3 5 5
-5833.2 5067.3 -17.2 179 0 8.6 12.7 10.0 2.5 2 1 4 4 4
-5820.2 5184.2 -20.1 354 0 10.7 13.6 7.5 2.5 2 1 3 4 4
-5801.2 5242.1 -20.6 168 0 8.4 10.9 10.0 2.5 2 1 4 1 1
-5793.6 5333.4 -20.1 26 0 14.1 8.9 7.5 2.5 2 0 3 1 1
-5761.7 5348.4 -21.0 22 0 10.5 13.3 7.5 0.0 0 1 3 2 2
-5745.1 5386.0 -22.3 19 0 13.3 9.0 7.5 2.5 2 0 3 3 3
-5746.0 5308.6 -21.1 331 0 9.8 11.8 7.5 2.5 2 1 3 3 3
6753.5 6695.3 6.2 167 0 8.2 15.1 5.0 2.5 4 1 2 5 5
6783.9 6624.6 6.5 130 0 7.5 13.3 7.5 2.5 2 1 3 2 2
6825.3 6677.4 8.8 23 0 8.5 14.0 2.5 2.5 2 1 1 1 1
6758.5 6758.1 3.9 300 0 13.1 9.1 7.5 2.5 2 0 3 1 1
6801.0 6738.6 6.6 324 0 7.9 10.7 10.0 2.5 2 1 4 5 5
6836.7 6729.3 8.8 205 0 9.3 13.1 7.5 2.5 2 1 3 1 1
6835.4 6615.4 10.4 36 0 18.5 10.6 7.5 2.5 2 0 3 3 3
6813.4 6590.2 9.1 110 0 6.2 10.2 10.0 2.5 2 1 4 4 4
6855.3 6651.9 10.1 22 0 10.1 14.0 2.5 2.5 2 1 1 1 1
6868.7 6667.8 10.0 23 0 12.5 18.0 5.0 2.5 2 1 2 0 0
6887.4 6691.2 10.1 341 0 10.2 8.7 2.5 2.5 2 0 1 4 4
6873.7 6769.4 8.5 251 0 13.1 20.2 7.5 2.5 2 1 3 0 0
-2015.0 1759.1 7.7 24 0 13.5 9.6 5.0 2.5 2 0 2 5 5
-2256.7 1402.7 7.5 202 0 14.7 10.2 5.0 2.5 2 0 2 5 5
-2315.6 1324.9 9.6 222 0 13.4 10.0 2.5 2.5 2 0 1 0 0
-2287.3 1361.7 9.7 219 0 10.9 10.4 5.0 2.5 2 0 2 1 1
-2288.5 1464.1 6.6 347 0 13.8 14.6 5.0 2.5 2 1 2 0 0
-2272.5 1456.9 6.2 148 0 13.4 12.0 5.0 2.5 2 0 2 1 1
-2382.2 1261.0 11.0 230 0 14.5 12.0 5.0 2.5 2 0 2 0 0
-2421.6 1216.8 11.4 52 0 11.8 9.4 5.0 2.5 2 0 2 2 2
-2487.7 1197.8 11.7 246 0 9.2 12.7 5.0 2.5 2 1 2 3 3
-4151.9 841.5 1.7 198 0 8.7 16.7 2.5 2.5 2 1 1 4 4
-4217.1 803.0 2.9 264 0 14.0 11.2 5.0 2.5 2 0 2 4 4
5539.9 6881.1 6.6 333 0 9.8 21.0 7.5 2.5 2 1 3 0 0
-3957.4 4829.2 -16.0 87 0 11.5 9.7 5.0 2.5 2 0 2 2 2
-3296.1 4955.4 -19.0 93 0 9.1 7.7 7.5 2.5 2 0 3 1 1
-3352.9 4907.3 -18.1 279 0 14.8 9.6 2.5 2.5 2 0 1 5 5
-3884.4 4704.3 -16.3 164 0 8.7 7.1 7.5 2.5 2 0 3 5 5
-3849.0 4629.8 -14.9 147 0 8.3 6.3 7.5 2.5 2 0 3 5 5
-2688.6 6837.0 -10.3 251 0 14.3 9.9 2.5 2.5 2 0 1 5 5
-2772.3 6828.8 -12.5 354 0 11.8 10.5 5.0 0.0 0 0 2 4 4
-2608.1 6886.9 -9.8 192 0 6.6 16.5 7.5 0.0 0 1 3 3 3
-2409.2 6831.4 -6.9 198 0 11.7 15.7 10.0 2.5 2 1 4 1 1
-2318.0 6862.2 -3.5 284 0 9.7 7.7 7.5 2.5 2 0 3 1 1
-2019.1 6858.5 -4.3 308 0 12.6 17.7 5.0 2.5 2 1 2 4 4
-1914.9 6855.5 -7.0 9 0 11.2 19.9 7.5 2.5 2 1 3 3 3
-2004.1 4417.8 -12.4 294 0 8.5 8.6 5.0 2.5 2 1 2 4 4
-1704.9 4417.2 -11.5 259 0 6.6 9.8 2.5 2.5 2 1 1 2 2
-1670.4 4425.3 -11.4 264 0 13.7 17.1 5.0 2.5 2 1 2 2 2
-1655.3 4428.9 -11.2 264 0 12.8 26.7 10.0 2.5 2 1 4 4 4
-1640.7 4451.5 -11.2 92 0 19.8 15.6 7.5 2.5 2 0 3 4 4
-1606.0 4458.8 -11.7 188 0 16.1 27.1 7.5 2.5 2 1 3 1 1
-1599.7 4482.4 -11.9 191 0 10.0 14.7 5.0 2.5 2 1 2 0 0
-855.4 4776.2 -12.4 190 0 9.3 12.4 5.0 2.5 2 1 2 3 3
-932.3 4793.6 -15.3 84 0 9.8 12.0 5.0 2.5 2 1 2 3 3
-2035.4 4427.3 -12.5 297 0 10.3 10.4 5.0 2.5 2 1 2 5 5
-2091.1 4446.5 -12.3 284 0 12.0 15.6 5.0 2.5 2 1 2 3 3
-2157.3 4452.0 -11.4 26 0 11.5 13.3 10.0 2.5 2 1 4 0 0
-2157.2 4592.0 -11.2 127 0 14.0 7.1 5.0 0.0 0 0 2 4 4
-2174.2 4514.8 -11.0 41 0 10.3 18.7 5.0 2.5 2 1 2 0 0
-2199.0 4553.0 -10.0 306 0 10.3 9.9 7.5 2.5 2 0 3 1 1
-2232.3 4576.3 -8.9 4 0 10.6 12.3 7.5 0.0 0 1 3 4 4
-2226.0 4660.9 -7.3 115 0 14.0 8.8 2.5 2.5 4 0 1 2 2
-2234.8 4618.7 -8.5 286 0 6.0 11.7 5.0 2.5 2 1 2 0 0
-2258.1 4584.1 -8.4 103 0 15.4 13.5 5.0 2.5 2 0 2 0 0
-2268.5 4640.5 -8.5 292 0 6.3 8.9 2.5 2.5 2 1 1 3 3
-2282.1 4719.2 -9.2 292 0 10.8 10.6 5.0 2.5 2 0 2 1 1
-2305.4 4645.7 -8.4 279 0 11.6 17.0 7.5 2.5 2 1 3 0 0
-2319.7 4582.9 -8.8 96 0 6.3 10.3 10.0 2.5 2 1 4 4 4
-2332.1 4659.5 -9.0 287 0 6.1 18.3 7.5 2.5 2 1 3 4 4
-2390.0 4668.7 -9.6 284 0 9.5 17.4 5.0 2.5 2 1 2 2 2
-2477.4 4604.7 -13.0 184 0 12.1 15.2 7.5 2.5 2 1 3 0 0
-2455.5 4769.4 -11.6 194 0 13.4 18.4 5.0 2.5 2 1 2 1 1
-2426.2 4743.7 -11.2 15 0 9.0 25.0 5.0 0.0 0 1 2 2 2
-2420.9 4692.1 -10.3 282 0 8.5 14.2 5.0 0.0 0 1 2 2 2
-2455.0 4689.5 -11.5 308 0 10.5 12.3 10.0 2.5 4 1 4 3 3
-2491.7 4702.8 -12.5 291 0 7.6 11.8 2.5 2.5 2 1 1 5 5
-2471.5 4706.2 -11.9 279 0 12.6 15.0 7.5 2.5 2 1 3 2 2
-2524.6 4711.8 -13.6 272 0 9.4 11.2 5.0 2.5 2 1 2 0 0
-2545.8 4731.9 -14.2 274 0 6.2 16.5 7.5 2.5 2 1 3 1 1
-2553.4 5052.5 -14.8 193 0 7.9 11.5 5.0 2.5 2 1 2 2 2
-2556.5 4990.0 -14.3 81 0 7.4 7.3 10.0 2.5 2 0 4 0 0
-2593.3 4903.5 -14.6 275 0 14.1 24.0 10.0 2.5 2 1 4 4 4
-2545.7 4840.4 -12.9 5 0 12.3 15.8 5.0 2.5 2 1 2 4 4
-2601.3 4849.5 -14.2 185 0 8.9 6.7 7.5 2.5 2 0 3 1 1
-2791.4 4671.5 -11.4 177 0 15.3 11.0 2.5 2.5 2 0 1 4 4
-2780.9 4592.5 -9.9 267 0 12.4 18.6 5.0 2.5 2 1 2 4 4
-2791.9 4546.6 -9.6 194 0 16.9 12.1 2.5 2.5 2 0 1 4 4
-2827.7 4574.7 -8.5 0 0 7.1 10.4 7.5 2.5 2 1 3 2 2
-2850.1 4622.5 -8.5 276 0 13.3 12.8 7.5 2.5 2 0 3 3 3
-2890.2 4794.6 -13.0 279 0 10.0 10.2 5.0 2.5 2 1 2 4 4
-2989.8 4740.8 -10.9 190 0 20.1 10.4 5.0 2.5 2 0 2 0 0
-2962.1 4815.4 -12.9 299 0 13.8 9.9 7.5 2.5 2 0 3 4 4
-2964.9 4803.9 -12.5 296 0 8.4 7.6 7.5 2.5 2 0 3 5 5
-3014.2 4836.3 -13.5 298 0 12.7 17.5 7.5 2.5 2 1 3 0 0
-3122.7 4736.1 -12.0 11 0 10.8 15.7 10.0 2.5 2 1 4 4 4
-3119.6 4781.1 -12.3 199 0 14.8 13.8 5.0 2.5 2 0 2 3 3
-3039.9 4700.0 -10.1 283 0 9.5 9.8 5.0 2.5 2 1 2 2 2
-3003.1 4690.2 -9.7 96 0 8.1 8.9 5.0 2.5 2 1 2 5 5
-2960.2 4691.6 -9.4 98 0 14.8 9.7 7.5 2.5 2 0 3 0 0
-2982.9 4573.7 -8.7 184 0 18.9 9.3 7.5 2.5 2 0 3 0 0
-2967.9 4509.4 -9.4 278 0 6.2 7.1 10.0 2.5 2 1 4 2 2
-2969.3 4467.9 -10.2 2 0 10.4 7.9 5.0 2.5 2 0 2 3 3
-2976.7 4441.5 -10.9 0 0 14.5 13.2 2.5 2.5 2 0 1 2 2
-3020.9 4425.2 -11.7 189 0 13.9 8.3 10.0 2.5 2 0 4 1 1
-3099.2 4575.5 -10.5 197 0 7.9 7.4 7.5 0.0 0 0 3 2 2
-3071.9 4603.7 -10.1 9 0 13.2 13.4 10.0 0.0 0 1 4 0 0
-3207.3 4610.4 -13.6 271 0 9.5 14.7 5.0 2.5 2 1 2 1 1
-3186.1 4745.4 -13.3 285 0 12.8 8.0 5.0 2.5 2 0 2 1 1
-3203.4 4901.9 -16.4 273 0 17.7 14.5 10.0 2.5 4 0 4 4 4
-2905.4 6767.2 -15.7 266 0 15.2 7.1 7.5 2.5 2 0 3 5 5
-2887.5 6774.2 -15.7 270 0 16.1 11.7 7.5 2.5 4 0 3 2 2
-2467.0 6831.7 -8.9 266 0 13.5 8.6 7.5 2.5 2 0 3 5 5
-2401.1 6796.6 -7.0 31 0 13.7 9.5 10.0 2.5 4 0 4 0 0
-2099.8 6737.1 -5.7 272 0 10.0 7.0 5.0 2.5 2 0 2 1 1
-2083.3 6693.7 -7.2 3 0 17.9 16.7 12.5 2.5 2 0 5 3 3
-2214.4 6674.5 -6.1 102 0 8.4 9.7 5.0 2.5 2 1 2 0 0
-2150.1 6694.4 -5.3 80 0 11.4 16.8 10.0 2.5 2 1 4 4 4
-1706.7 6668.6 -9.2 191 0 9.9 6.7 7.5 2.5 2 0 3 4 4
-842.9 6001.6 -9.5 358 0 15.9 10.6 10.0 2.5 2 0 4 5 5
-857.8 6748.2 -7.8 185 0 11.2 9.3 7.5 0.0 0 0 3 0 0
-850.3 6720.7 -8.0 97 0 18.9 16.7 7.5 2.5 2 0 3 2 2
-966.2 6579.6 -10.2 292 0 16.9 12.2 7.5 2.5 4 0 3 0 0
-1105.0 6598.0 -10.1 183 0 8.9 6.0 7.5 2.5 2 0 3 3 3
-851.7 6266.2 -6.0 301 0 18.3 11.8 5.0 2.5 2 0 2 4 4
-1022.3 6099.0 -11.0 208 0 14.5 12.0 2.5 2.5 2 0 1 5 5
-1010.5 6134.6 -11.2 184 0 16.5 10.8 7.5 2.5 2 0 3 4 4
-1026.0 6116.5 -11.3 188 0 8.2 16.3 10.0 2.5 2 1 4 0 0
-1046.0 6073.2 -11.7 178 0 7.7 10.8 2.5 2.5 2 1 1 4 4
-1015.3 6004.7 -11.5 2 0 17.9 10.5 7.5 0.0 0 0 3 3 3
-1018.1 5971.1 -11.6 4 0 14.2 16.3 5.0 0.0 0 1 2 1 1
-1049.0 5993.0 -11.9 187 0 15.2 11.3 7.5 2.5 2 0 3 2 2
-1046.8 6040.6 -12.0 179 0 11.7 14.5 10.0 2.5 2 1 4 5 5
-1046.0 6173.9 -11.1 3 0 17.0 12.8 7.5 2.5 2 0 3 0 0
-1020.8 6214.6 -10.4 12 0 12.1 15.1 10.0 2.5 2 1 4 0 0
-1149.4 6341.4 -13.0 274 0 10.9 18.5 5.0 2.5 2 1 2 0 0
-1150.2 6307.6 -12.6 183 0 16.4 18.6 7.5 2.5 2 1 3 3 3
-1135.9 6202.4 -12.2 180 0 11.4 17.9 5.0 2.5 4 1 2 4 4
-1137.4 6178.7 -12.5 181 0 12.1 14.2 2.5 2.5 2 1 1 1 1
-1138.1 6155.9 -12.7 185 0 15.6 11.3 5.0 2.5 2 0 2 5 5
-1142.1 6133.4 -13.0 185 0 17.4 10.8 5.0 2.5 2 0 2 2 2
-1141.1 6103.1 -13.3 185 0 12.7 16.7 5.0 2.5 2 1 2 3 3
-1137.7 6074.2 -13.8 178 0 11.2 17.8 7.5 2.5 4 1 3 3 3
-1137.0 5974.6 -13.6 195 0 10.4 9.0 7.5 2.5 2 0 3 2 2
-1125.4 6021.2 -13.6 174 0 12.2 16.4 2.5 2.5 2 1 1 1 1
-897.7 5887.8 -13.8 290 0 11.2 11.2 5.0 2.5 2 0 2 0 0
-957.4 5984.3 -10.6 177 0 11.5 11.6 7.5 2.5 2 1 3 0 0
-897.7 6070.8 -8.2 271 0 18.9 10.0 5.0 2.5 2 0 2 0 0
-886.5 6184.5 -7.0 89 0 13.4 8.0 7.5 2.5 2 0 3 1 1
-840.7 6199.4 -5.8 1 0 10.8 9.3 7.5 2.5 2 0 3 4 4
-957.2 6226.5 -8.6 196 0 11.1 15.8 7.5 2.5 2 1 3 4 4
-935.8 6156.7 -9.1 91 0 16.4 12.8 2.5 2.5 2 0 1 3 3
-967.0 6208.2 -9.2 208 0 10.8 6.4 2.5 2.5 2 0 1 5 5
-988.1 6180.8 -10.4 206 0 19.1 11.0 5.0 2.5 2 0 2 5 5
-937.9 6268.3 -7.8 223 0 15.4 10.6 5.0 2.5 2 0 2 5 5
-908.5 6297.6 -6.8 182 0 14.7 13.8 7.5 2.5 2 0 3 0 0
-998.2 6576.4 -10.4 289 0 13.1 19.6 7.5 2.5 2 1 3 4 4
-989.4 6522.8 -10.3 20 0 14.6 9.4 7.5 2.5 2 0 3 3 3
-999.9 6527.3 -10.3 20 0 19.3 7.7 5.0 2.5 2 0 2 0 0
-1111.4 6504.0 -11.1 177 0 15.7 11.0 2.5 2.5 2 0 1 3 3
-1110.5 6628.6 -10.6 198 0 13.5 12.5 7.5 2.5 2 0 3 3 3
-1070.1 6601.4 -10.0 20 0 6.6 10.8 7.5 2.5 4 1 3 5 5
-1071.6 6587.7 -10.2 13 0 12.3 12.5 7.5 2.5 2 1 3 1 1
-1109.9 6575.8 -10.6 193 0 11.7 7.8 10.0 2.5 2 0 4 3 3
-1100.2 6588.0 -10.2 193 0 7.0 7.2 5.0 2.5 4 1 2 5 5
-1057.7 6564.6 -10.5 341 0 12.3 8.9 2.5 2.5 2 0 1 3 3
-1078.9 6504.3 -10.6 156 0 11.5 18.4 2.5 2.5 2 1 1 4 4
-1078.8 6334.0 -9.9 186 0 8.8 8.6 7.5 2.5 2 0 3 1 1
-1053.0 6400.0 -9.5 248 0 15.2 13.4 5.0 2.5 2 0 2 0 0
-1027.2 6457.6 -9.2 116 0 10.8 16.6 7.5 2.5 2 1 3 3 3
-987.8 6492.5 -9.7 11 0 15.3 6.2 7.5 2.5 4 0 3 0 0
-1016.8 6393.6 -8.2 347 0 18.4 6.0 7.5 2.5 2 0 3 4 4
-1013.1 6350.5 -8.5 2 0 15.2 10.4 5.0 2.5 2 0 2 2 2
-1047.9 6371.4 -9.2 268 0 17.0 18.4 7.5 2.5 2 1 3 2 2
-1006.8 6266.4 -9.2 273 0 9.4 17.6 7.5 2.5 2 1 3 1 1
-988.6 6331.5 -8.4 33 0 9.5 23.5 7.5 2.5 2 1 3 2 2
-901.8 6403.2 -6.6 36 0 8.8 18.6 2.5 2.5 2 1 1 3 3
-1074.2 6036.4 -12.8 12 0 13.6 10.2 7.5 2.5 2 0 3 0 0
-1078.5 5984.6 -12.3 190 0 7.7 11.8 5.0 2.5 4 1 2 1 1
-1078.0 5875.0 -13.6 208 0 9.5 8.5 2.5 2.5 4 0 1 1 1
-1012.3 5884.5 -13.3 6 0 6.2 18.0 10.0 2.5 2 1 4 0 0
-1037.6 5815.9 -15.0 19 0 8.7 13.7 10.0 2.5 2 1 4 4 4
-1018.3 5862.7 -13.9 6 0 13.9 11.8 7.5 2.5 2 0 3 0 0
-1089.8 5881.8 -13.3 210 0 9.5 6.5 10.0 2.5 2 0 4 1 1
-1102.8 5847.7 -14.3 204 0 15.0 14.7 5.0 2.5 2 0 2 3 3
-1096.1 5789.1 -15.6 107 0 23.3 8.4 7.5 2.5 2 0 3 5 5
-1138.2 5806.3 -15.2 200 0 10.2 21.3 10.0 2.5 2 1 4 4 4
-1175.5 5956.4 -14.1 202 0 20.6 10.4 10.0 2.5 2 0 4 4 4
-5361.8 5466.1 -25.0 85 0 8.5 8.7 7.5 0.0 0 1 3 0 0
-5143.7 4918.2 -16.3 356 0 7.7 9.1 10.0 2.5 2 1 4 0 0
-4452.9 6245.4 -18.9 357 0 9.6 18.2 7.5 2.5 2 1 3 5 5
-4382.1 6513.9 -16.9 271 0 21.7 11.8 10.0 2.5 2 0 4 1 1
-3882.6 6546.5 -16.8 278 0 13.0 22.7 10.0 2.5 2 1 4 0 0
-5016.9 4416.6 -12.9 271 0 9.5 7.3 5.0 0.0 0 0 2 0 0
-5073.3 4839.2 -13.7 31 0 7.9 9.9 7.5 2.5 2 1 3 0 0
-5119.0 4607.0 -14.6 27 0 12.3 10.9 2.5 2.5 4 0 1 1 1
-5334.1 4498.8 -14.5 291 0 9.1 10.2 10.0 2.5 2 1 4 3 3
-5344.2 4446.0 -15.7 295 0 9.7 16.1 7.5 2.5 2 1 3 1 1
-5410.4 4477.5 -16.0 292 0 10.4 19.0 7.5 2.5 2 1 3 2 2
-5576.0 6467.0 -21.0 293 0 16.3 12.5 7.5 2.5 2 0 3 0 0
-5398.1 6664.4 -22.4 185 0 9.5 13.4 7.5 2.5 4 1 3 2 2
-5363.4 6575.9 -20.8 292 0 15.5 9.8 2.5 2.5 2 0 1 2 2
-5138.2 6643.3 -22.8 343 0 8.0 6.2 7.5 2.5 2 0 3 4 4
-5276.0 6727.7 -21.0 188 0 13.0 6.8 10.0 2.5 2 0 4 5 5
-5328.8 6643.4 -21.3 107 0 8.8 20.5 7.5 2.5 2 1 3 1 1
-5299.3 6651.4 -20.3 292 0 14.5 10.2 5.0 2.5 2 0 2 2 2
-5251.3 6594.9 -21.3 26 0 6.3 8.2 7.5 0.0 0 1 3 1 1
-5258.3 6604.0 -21.1 120 0 10.6 13.2 7.5 2.5 2 1 3 4 4
-5188.2 6667.1 -21.0 298 0 13.0 10.7 5.0 2.5 2 0 2 3 3
-3777.8 4417.8 -13.1 269 0 7.0 9.2 5.0 0.0 0 1 2 3 3
-4046.9 4525.1 -13.6 68 0 6.2 8.6 7.5 2.5 2 1 3 5 5
-4019.3 4547.6 -12.8 65 0 10.1 10.1 5.0 0.0 0 0 2 0 0
-3934.5 5138.1 -19.9 105 0 14.0 10.3 10.0 0.0 0 0 4 5 5
-3739.1 5003.9 -18.1 85 0 11.9 9.6 7.5 2.5 2 0 3 0 0
-3775.5 5037.0 -18.2 109 0 6.7 10.5 5.0 2.5 2 1 2 0 0
-3817.0 5016.6 -17.1 106 0 10.7 6.3 5.0 2.5 2 0 2 2 2
-3807.2 4928.4 -14.8 108 0 10.5 8.6 10.0 2.5 2 0 4 4 4
-3860.4 4945.7 -15.8 79 0 7.9 8.0 7.5 2.5 2 1 3 1 1
-3863.0 4919.7 -15.3 79 0 7.7 6.9 2.5 2.5 2 0 1 3 3
-3839.4 4942.0 -15.6 105 0 7.6 9.8 5.0 2.5 2 1 2 5 5
-3831.1 4977.3 -16.4 105 0 10.3 12.1 7.5 0.0 0 1 3 5 5
-3804.6 4970.9 -15.8 102 0 6.2 14.4 10.0 2.5 2 1 4 2 2
-3796.5 5003.1 -16.3 102 0 6.5 8.9 5.0 2.5 2 1 2 1 1
-3806.2 5051.4 -18.0 108 0 12.0 9.2 5.0 2.5 2 0 2 3 3
-3844.6 5025.1 -17.4 103 0 12.7 13.9 5.0 2.5 2 1 2 5 5
-3855.2 4981.0 -16.4 106 0 8.9 11.6 5.0 2.5 2 1 2 2 2
-3881.0 5064.9 -18.0 110 0 8.6 11.4 7.5 2.5 2 1 3 2 2
-3853.8 5061.8 -18.0 107 0 9.1 8.2 10.0 2.5 2 0 4 4 4
-3843.7 5114.3 -19.9 107 0 11.7 7.4 7.5 2.5 2 0 3 2 2
-3897.4 5117.1 -19.9 99 0 13.7 12.6 7.5 2.5 2 0 3 5 5
-3930.3 5079.5 -18.5 105 0 12.3 10.8 2.5 2.5 2 0 1 1 1
-3901.1 5085.7 -18.7 100 0 8.9 9.0 10.0 2.5 2 1 4 4 4
-3915.0 5036.8 -16.8 100 0 13.4 12.1 2.5 2.5 2 0 1 2 2
-3926.1 5000.7 -15.7 98 0 7.3 10.3 5.0 2.5 2 1 2 2 2
-3954.0 5011.4 -15.7 101 0 6.6 7.7 7.5 2.5 4 1 3 5 5
-3947.2 5045.9 -17.1 111 0 17.3 12.4 7.5 2.5 2 0 3 4 4
-3954.5 5082.5 -18.8 108 0 12.6 13.6 5.0 2.5 2 1 2 4 4
-4035.3 4928.9 -18.3 102 0 13.4 12.8 5.0 2.5 2 0 2 0 0
-4031.5 4948.9 -18.2 99 0 7.2 13.7 2.5 0.0 0 1 1 0 0
-4023.0 4982.3 -18.3 105 0 15.2 11.0 7.5 2.5 2 0 3 2 2
-3997.7 4973.9 -16.3 108 0 8.5 12.5 5.0 2.5 2 1 2 3 3
-4002.7 4944.2 -16.4 105 0 11.7 9.6 10.0 2.5 2 0 4 5 5
-3982.5 4937.4 -15.0 99 0 10.7 11.2 5.0 2.5 2 1 2 4 4
-3957.9 4912.5 -14.6 109 0 13.0 11.2 7.5 2.5 2 0 3 3 3
-3949.4 4930.0 -14.1 88 0 11.5 14.4 7.5 2.5 2 1 3 2 2
-3942.9 4962.3 -14.6 101 0 11.0 12.6 7.5 2.5 2 1 3 0 0
-3903.4 4998.6 -16.3 101 0 13.8 10.5 7.5 2.5 2 0 3 1 1
-3914.4 4957.7 -15.2 106 0 14.5 10.6 7.5 2.5 2 0 3 1 1
-3954.0 4752.4 -16.1 95 0 6.6 11.5 2.5 2.5 2 1 1 4 4
-3920.9 4770.1 -16.4 3 0 10.7 7.1 7.5 2.5 4 0 3 1 1
-3960.2 4803.3 -16.2 273 0 14.1 11.7 10.0 2.5 2 0 4 2 2
-4006.3 4683.9 -16.2 14 0 9.7 13.3 7.5 2.5 2 1 3 5 5
-4068.7 4671.1 -16.5 95 0 9.1 15.4 7.5 2.5 2 1 3 4 4
-4112.2 4622.1 -16.0 92 0 10.9 9.4 7.5 2.5 2 0 3 1 1
-4215.1 4886.9 -18.9 358 0 15.6 11.0 7.5 2.5 2 0 3 0 0
-4287.3 4830.5 -17.2 277 0 12.0 8.7 5.0 2.5 4 0 2 2 2
-4295.9 4889.5 -17.8 11 0 9.2 13.6 2.5 2.5 2 1 1 5 5
-4329.1 5030.0 -21.9 290 0 16.7 11.7 7.5 2.5 4 0 3 1 1
-4335.8 5235.9 -22.3 104 0 7.7 10.8 7.5 2.5 2 1 3 0 0
-4360.7 5235.5 -22.1 111 0 6.5 7.7 10.0 2.5 2 1 4 1 1
-4387.9 5278.4 -22.5 235 0 12.2 6.8 5.0 2.5 2 0 2 5 5
-4421.9 5253.0 -21.8 103 0 6.8 13.0 7.5 2.5 2 1 3 3 3
-4408.5 5222.5 -21.6 283 0 11.8 13.1 7.5 2.5 2 1 3 5 5
-4803.3 4388.4 -12.8 108 0 6.9 10.1 10.0 2.5 2 1 4 3 3
-4812.7 4393.2 -13.1 112 0 9.7 16.2 10.0 2.5 2 1 4 0 0
-4805.6 4415.3 -13.8 110 0 7.3 11.3 5.0 2.5 2 1 2 0 0
-4829.0 4409.6 -13.9 109 0 9.9 11.9 7.5 2.5 2 1 3 3 3
-5041.6 4703.9 -13.9 119 0 7.0 9.8 10.0 2.5 4 1 4 0 0
-5168.2 4594.9 -14.7 197 0 9.4 13.7 7.5 2.5 2 1 3 2 2
-5180.4 4571.5 -14.1 191 0 10.5 17.5 5.0 2.5 2 1 2 2 2
-5236.0 4566.8 -13.8 186 0 13.0 12.1 5.0 2.5 2 0 2 4 4
-5227.0 4535.0 -13.7 9 0 11.1 13.5 7.5 2.5 2 1 3 3 3
-5229.6 4515.4 -13.7 13 0 7.8 14.9 10.0 0.0 0 1 4 2 2
-5233.9 4465.6 -13.7 16 0 7.5 14.5 7.5 2.5 4 1 3 0 0
-5271.7 4497.2 -13.9 285 0 11.9 12.9 5.0 2.5 2 1 2 0 0
-5240.7 4490.0 -13.7 19 0 10.6 12.0 7.5 2.5 2 1 3 2 2
-5226.5 4497.7 -13.5 9 0 7.3 10.5 10.0 0.0 0 1 4 4 4
-5210.2 4454.0 -13.2 270 0 15.7 10.3 5.0 0.0 0 0 2 3 3
-5227.5 4436.3 -13.4 181 0 9.7 14.5 5.0 0.0 0 1 2 3 3
-5257.6 4463.8 -14.0 22 0 11.2 14.0 2.5 2.5 2 1 1 0 0
-5260.7 4421.3 -14.0 114 0 14.3 17.7 12.5 2.5 2 1 5 3 3
-5154.0 4757.5 -16.3 119 0 9.5 9.3 5.0 2.5 2 0 2 3 3
-5082.7 4423.5 -13.8 280 0 12.0 10.6 7.5 2.5 2 0 3 3 3
-5114.2 4420.9 -13.8 267 0 11.2 10.9 5.0 2.5 2 0 2 0 0
-5053.7 4564.7 -13.0 273 0 10.0 14.9 2.5 2.5 2 1 1 1 1
-4939.7 4413.3 -12.8 270 0 10.8 14.2 10.0 2.5 2 1 4 1 1
-4908.5 4444.6 -13.8 98 0 12.4 9.6 2.5 2.5 2 0 1 3 3
-4959.7 4482.5 -12.7 354 0 6.7 10.5 7.5 2.5 2 1 3 1 1
-4952.2 4455.9 -12.9 99 0 8.5 13.5 7.5 2.5 2 1 3 5 5
-4993.2 4420.5 -12.5 272 0 16.4 11.3 10.0 0.0 0 0 4 3 3
-5007.1 4471.1 -13.1 89 0 7.8 8.6 5.0 2.5 2 1 2 4 4
-5014.7 4453.0 -13.2 87 0 12.6 12.4 7.5 2.5 2 0 3 0 0
-5019.8 4521.6 -13.4 270 0 10.5 9.1 10.0 2.5 2 0 4 5 5
-5058.5 4445.2 -13.7 90 0 9.8 20.3 7.5 2.5 2 1 3 2 2
-5093.1 4488.7 -12.9 120 0 8.4 9.0 7.5 2.5 2 1 3 0 0
-5104.2 4505.5 -12.7 123 0 9.8 11.7 5.0 2.5 2 1 2 4 4
-5121.2 4556.6 -13.4 285 0 16.4 9.9 5.0 2.5 2 0 2 2 2
-5136.4 4454.8 -13.0 95 0 11.4 13.9 5.0 0.0 0 1 2 0 0
-5157.1 4453.7 -13.0 112 0 9.4 9.9 5.0 0.0 0 1 2 4 4
-5161.0 4518.8 -12.7 191 0 11.2 10.5 5.0 2.5 2 0 2 2 2
-5192.5 4508.9 -12.7 188 0 12.7 9.6 7.5 2.5 2 0 3 2 2
-5192.6 4557.1 -13.6 199 0 10.8 11.5 7.5 2.5 2 1 3 4 4
-5166.4 4653.3 -16.2 31 0 11.1 10.6 5.0 0.0 0 0 2 1 1
-5132.6 4663.0 -14.8 208 0 10.9 10.0 2.5 2.5 4 0 1 0 0
-5130.7 4636.0 -14.9 206 0 10.2 11.9 7.5 2.5 2 1 3 2 2
-5089.5 4642.0 -14.4 4 0 7.7 11.8 5.0 2.5 4 1 2 5 5
-5105.7 4669.0 -14.1 192 0 13.6 10.7 10.0 0.0 0 0 4 4 4
-5100.9 4697.8 -14.1 209 0 9.9 10.3 5.0 2.5 2 1 2 3 3
-5033.5 4799.8 -15.6 302 0 10.8 10.8 7.5 2.5 2 1 3 3 3
-4828.1 5124.0 -20.8 91 0 14.1 11.5 7.5 2.5 2 0 3 5 5
-4941.5 5117.8 -18.6 87 0 8.7 8.5 7.5 2.5 2 0 3 5 5
-5047.2 5087.3 -19.3 173 0 9.4 8.7 5.0 2.5 2 0 2 0 0
-5045.4 5137.7 -19.3 280 0 11.3 10.2 5.0 2.5 2 0 2 0 0
-4982.4 5171.5 -19.5 284 0 12.4 9.2 2.5 2.5 2 0 1 4 4
-4984.5 5111.2 -18.0 85 0 10.8 10.6 2.5 2.5 2 0 1 3 3
-5022.3 5004.2 -17.8 20 0 10.4 10.2 7.5 2.5 2 0 3 5 5
-5029.7 5034.3 -18.3 351 0 9.4 7.4 7.5 2.5 2 0 3 5 5
-5043.1 4907.1 -16.2 32 0 12.3 12.1 2.5 2.5 2 0 1 2 2
-5063.0 4958.3 -16.9 205 0 10.9 10.1 7.5 2.5 2 0 3 4 4
-5152.6 5002.7 -18.5 26 0 11.1 11.0 5.0 2.5 4 0 2 3 3
-5342.6 5056.8 -19.3 357 0 6.2 14.0 10.0 2.5 2 1 4 3 3
-5266.6 5121.5 -19.4 272 0 9.1 11.1 7.5 0.0 0 1 3 4 4
-5259.9 5197.5 -19.5 1 0 11.6 9.2 7.5 2.5 2 0 3 5 5
-5325.6 5378.0 -21.5 185 0 9.9 7.5 7.5 0.0 0 0 3 4 4
-5293.4 5241.1 -19.2 284 0 8.9 8.6 5.0 2.5 4 0 2 4 4
-5325.6 5195.3 -18.8 195 0 10.2 11.4 2.5 2.5 4 1 1 2 2
-5392.4 5184.6 -19.5 108 0 8.5 6.4 7.5 2.5 2 0 3 1 1
-5372.5 5186.2 -19.2 2 0 8.6 7.3 7.5 2.5 2 0 3 3 3
-5408.4 5375.4 -22.7 2 0 12.1 10.0 5.0 2.5 4 0 2 3 3
-5410.7 5228.2 -19.7 17 0 9.1 16.5 2.5 2.5 2 1 1 5 5
-5425.8 5284.3 -20.8 190 0 14.4 11.0 10.0 2.5 2 0 4 1 1
-5338.3 5323.3 -19.4 183 0 10.0 12.0 5.0 2.5 2 1 2 1 1
-5356.2 5240.2 -19.0 94 0 11.9 19.2 7.5 2.5 2 1 3 0 0
-5870.2 5098.4 -18.9 349 0 12.6 7.4 7.5 2.5 2 0 3 2 2
-6052.1 5123.1 -20.7 268 0 10.0 10.5 5.0 2.5 2 1 2 5 5
-6086.4 5182.9 -22.2 115 0 11.3 9.4 5.0 2.5 4 0 2 2 2
-6046.9 5196.8 -22.5 16 0 7.8 20.2 5.0 2.5 2 1 2 0 0
-5838.0 4982.0 -17.5 360 0 11.6 7.8 5.0 2.5 2 0 2 1 1
-5867.3 4840.6 -18.7 168 0 8.7 7.3 7.5 2.5 4 0 3 4 4
-5806.1 4861.4 -17.3 344 0 13.4 11.2 7.5 2.5 2 0 3 2 2
-5804.0 4827.6 -17.9 359 0 13.4 7.9 2.5 2.5 4 0 1 2 2
-5800.2 4800.3 -18.4 355 0 11.6 8.4 7.5 2.5 2 0 3 4 4
-5749.0 5124.6 -21.6 278 0 6.2 8.4 5.0 2.5 2 1 2 3 3
-5787.0 4930.7 -16.6 169 0 9.5 9.0 7.5 2.5 2 0 3 0 0
-5830.5 4943.8 -17.4 349 0 12.6 6.7 7.5 2.5 2 0 3 4 4
-5843.7 5024.4 -17.4 354 0 10.4 7.8 10.0 2.5 4 0 4 2 2
-5844.0 5009.8 -17.5 3 0 10.7 8.0 10.0 2.5 2 0 4 2 2
-5882.1 4971.0 -18.6 187 0 12.6 10.1 7.5 2.5 4 0 3 2 2
-5918.5 5033.2 -18.9 266 0 8.2 8.3 5.0 2.5 4 1 2 5 5
-5963.5 5140.1 -21.8 287 0 10.1 10.4 7.5 2.5 2 1 3 2 2
-5890.0 5161.7 -21.2 103 0 9.5 11.0 5.0 2.5 2 1 2 5 5
-5802.5 5513.7 -24.8 92 0 10.8 7.4 7.5 2.5 2 0 3 4 4
-5716.4 5457.6 -24.0 10 0 8.5 8.9 7.5 2.5 2 1 3 0 0
-5734.9 5510.5 -24.8 102 0 15.0 11.3 10.0 2.5 2 0 4 0 0
-5861.9 5273.0 -22.1 291 0 8.5 13.2 7.5 2.5 2 1 3 2 2
-6205.9 6812.3 -24.4 265 0 7.9 16.1 7.5 2.5 2 1 3 4 4
-6217.2 6783.5 -24.7 86 0 9.6 11.0 5.0 2.5 2 1 2 5 5
-6317.9 6790.4 -25.0 9 0 13.2 14.7 5.0 2.5 4 1 2 2 2
-6280.1 6865.1 -21.6 209 0 9.0 12.4 2.5 2.5 2 1 1 2 2
-6903.7 6003.6 -27.2 209 0 10.6 6.9 7.5 2.5 2 0 3 1 1
-6828.4 5957.2 -27.6 280 0 8.1 15.6 7.5 2.5 2 1 3 3 3
-6478.2 5509.1 -23.2 184 0 9.5 12.5 7.5 2.5 2 1 3 3 3
-6479.5 5556.5 -23.0 196 0 6.0 8.3 5.0 2.5 2 1 2 0 0
-6472.1 5670.9 -25.3 285 0 10.6 7.8 7.5 2.5 2 0 3 3 3
-6436.9 5629.4 -24.6 109 0 11.1 8.2 10.0 2.5 2 0 4 0 0
-6379.7 5591.9 -24.4 105 0 8.4 14.4 7.5 2.5 2 1 3 3 3
-6416.7 5615.3 -24.4 111 0 12.2 10.4 5.0 2.5 2 0 2 0 0
-6388.2 5651.9 -25.6 291 0 9.0 14.9 7.5 2.5 2 1 3 2 2
-5914.6 1824.4 -6.1 335 0 11.1 10.3 5.0 2.5 2 0 2 3 3
-5902.1 1773.6 -5.0 124 0 10.9 14.8 2.5 2.5 2 1 1 5 5
-5856.0 1791.5 -5.7 137 0 14.6 7.5 5.0 2.5 2 0 2 4 4
-5830.6 1750.4 -5.5 146 0 9.8 10.8 7.5 2.5 2 1 3 1 1
-5827.0 1737.9 -4.8 142 0 7.3 8.5 5.0 0.0 0 1 2 3 3
-5788.5 2001.4 -10.6 320 0 9.2 8.7 7.5 2.5 2 0 3 0 0
-5780.5 1967.8 -10.1 138 0 20.0 14.2 12.5 2.5 2 0 5 4 4
-5658.7 1838.7 -11.2 335 0 8.4 7.3 5.0 2.5 2 0 2 0 0
-5671.0 1851.2 -11.2 333 0 14.9 7.3 7.5 2.5 2 0 3 2 2
-5712.5 1925.3 -9.6 333 0 18.5 14.2 10.0 2.5 2 0 4 4 4
-5757.3 1889.9 -8.7 157 0 11.9 11.7 10.0 2.5 2 0 4 4 4
-5741.2 1844.8 -9.5 116 0 8.1 8.6 2.5 2.5 2 1 1 2 2
-5743.8 1819.7 -9.8 134 0 7.7 7.7 7.5 2.5 2 0 3 0 0
-5686.2 1873.0 -10.7 354 0 7.4 15.0 7.5 2.5 2 1 3 3 3
-5694.3 1773.9 -10.6 97 0 11.1 20.5 5.0 2.5 2 1 2 1 1
-5673.8 3781.3 -16.8 183 0 6.4 11.3 7.5 2.5 2 1 3 2 2
-5687.5 3734.5 -15.9 5 0 9.1 10.8 5.0 2.5 2 1 2 2 2
-5719.6 3735.0 -16.2 1 0 12.4 7.6 7.5 2.5 2 0 3 2 2
-5744.8 3783.2 -17.3 278 0 8.3 13.5 5.0 2.5 2 1 2 3 3
-5742.9 3721.5 -16.2 95 0 10.0 12.6 5.0 2.5 2 1 2 1 1
-5726.8 3654.0 -15.8 104 0 9.8 11.6 7.5 2.5 2 1 3 1 1
-5710.1 3709.7 -15.7 349 0 15.2 9.6 7.5 2.5 2 0 3 5 5
-5673.6 3685.0 -14.9 5 0 13.1 7.2 7.5 2.5 2 0 3 1 1
-5670.0 3656.5 -14.5 354 0 10.8 9.5 5.0 2.5 2 0 2 1 1
-5684.6 3614.9 -14.7 11 0 6.6 9.1 5.0 2.5 2 1 2 4 4
-5725.8 3538.7 -15.8 172 0 6.1 6.7 10.0 2.5 2 1 4 5 5
-5687.6 3534.6 -14.9 357 0 10.5 14.8 7.5 2.5 2 1 3 0 0
-5692.0 3489.9 -14.7 356 0 11.1 11.6 2.5 2.5 2 1 1 1 1
-5705.1 3447.3 -14.8 167 0 13.8 9.5 5.0 2.5 2 0 2 0 0
-5666.4 3386.7 -14.8 175 0 6.9 10.7 7.5 2.5 2 1 3 5 5
-5679.0 3201.9 -14.0 193 0 12.9 12.9 5.0 2.5 2 1 2 0 0
-5730.6 3097.9 -12.5 236 0 12.4 11.7 7.5 2.5 2 0 3 1 1
-5703.6 3063.2 -12.2 50 0 9.2 8.2 7.5 2.5 4 0 3 5 5
-5788.9 3211.9 -14.3 15 0 10.7 7.2 7.5 2.5 2 0 3 4 4
-5724.9 3317.3 -16.0 187 0 7.0 12.9 7.5 2.5 2 1 3 3 3
-5652.7 3222.2 -14.9 14 0 10.8 10.5 5.0 2.5 2 0 2 4 4
-5773.7 3095.8 -13.3 97 0 7.0 10.4 5.0 2.5 4 1 2 2 2
-5776.0 3045.7 -13.4 254 0 8.5 12.3 7.5 2.5 2 1 3 0 0
-5796.5 3038.3 -13.8 239 0 11.3 10.5 7.5 2.5 2 0 3 4 4
-5829.3 3061.8 -14.7 93 0 9.4 12.9 2.5 2.5 2 1 1 5 5
-5865.6 2966.5 -15.0 164 0 9.9 13.4 7.5 2.5 2 1 3 1 1
-5834.3 3011.6 -14.8 248 0 14.4 12.2 7.5 2.5 2 0 3 0 0
-6366.0 2881.8 -14.5 275 0 10.8 6.3 5.0 0.0 0 0 2 5 5
-6374.6 2854.4 -14.4 92 0 6.1 9.6 5.0 2.5 2 1 2 2 2
-6454.3 2885.7 -13.6 269 0 9.2 12.2 2.5 2.5 2 1 1 2 2
-6485.4 2835.8 -11.6 85 0 19.0 10.9 2.5 2.5 2 0 1 0 0
-6558.8 2799.2 -10.3 66 0 8.4 12.9 5.0 0.0 0 1 2 5 5
-6567.7 2839.1 -10.2 249 0 9.6 11.6 7.5 2.5 2 1 3 2 2
-6578.5 2808.6 -10.7 79 0 11.9 9.5 5.0 2.5 2 0 2 4 4
-6597.3 2793.4 -10.6 67 0 12.9 10.3 7.5 0.0 0 0 3 5 5
-6611.6 2777.5 -10.3 53 0 9.4 15.4 5.0 2.5 2 1 2 0 0
-6611.9 2759.8 -10.1 245 0 7.0 16.3 5.0 2.5 2 1 2 4 4
-6571.8 2766.8 -10.7 252 0 10.1 11.3 10.0 2.5 2 1 4 1 1
-6558.9 2727.1 -11.3 149 0 15.1 11.8 7.5 2.5 2 0 3 2 2
-6524.4 2794.4 -10.9 253 0 13.3 12.0 7.5 2.5 2 0 3 0 0
-6534.8 2818.9 -10.2 71 0 15.6 19.6 10.0 2.5 2 1 4 0 0
-6481.1 2796.7 -11.8 271 0 10.1 18.2 7.5 2.5 2 1 3 4 4
-6179.7 2839.8 -14.4 94 0 6.1 13.3 2.5 2.5 2 1 1 3 3
-6394.1 2833.9 -13.6 74 0 7.7 10.5 5.0 2.5 2 1 2 0 0
-6421.2 2889.8 -14.7 253 0 17.2 11.5 5.0 2.5 2 0 2 4 4
-6436.4 2835.9 -12.8 96 0 13.9 12.0 2.5 2.5 2 0 1 0 0
-6436.6 2800.5 -12.4 272 0 11.2 18.3 7.5 2.5 4 1 3 1 1
-6401.8 2801.2 -13.4 270 0 15.0 19.5 7.5 2.5 2 1 3 1 1
-6368.5 2817.1 -14.1 272 0 11.1 15.7 7.5 2.5 2 1 3 2 2
-6335.2 2857.9 -14.4 90 0 9.7 15.7 2.5 2.5 2 1 1 4 4
-6233.4 2877.1 -15.4 186 0 13.0 16.8 5.0 0.0 0 1 2 2 2
-6256.8 2817.8 -14.1 274 0 15.6 9.9 7.5 2.5 4 0 3 5 5
-6301.4 2823.8 -14.1 272 0 11.9 22.2 10.0 2.5 4 1 4 3 3
-6869.2 3245.2 -10.3 154 0 11.0 18.9 5.0 2.5 2 1 2 0 0
-6854.0 3272.2 -10.3 327 0 10.8 19.0 2.5 2.5 2 1 1 5 5
-6900.1 3264.1 -10.6 155 0 10.1 11.7 10.0 2.5 2 1 4 3 3
-6896.6 3282.7 -10.6 150 0 10.0 12.7 10.0 2.5 2 1 4 2 2
-6912.0 3307.0 -11.1 240 0 15.1 13.9 7.5 2.5 2 0 3 1 1
-6884.8 2618.3 -8.2 184 0 9.5 9.7 7.5 2.5 2 1 3 0 0
-6860.1 2608.7 -8.7 70 0 13.8 8.6 10.0 2.5 2 0 4 2 2
-6757.8 3085.4 -11.7 163 0 6.4 16.1 10.0 2.5 2 1 4 4 4
-6790.2 2901.2 -12.5 186 0 23.2 13.5 5.0 2.5 2 0 2 2 2
-6791.1 2853.0 -11.0 201 0 10.6 8.6 5.0 2.5 2 0 2 2 2
-6792.4 2842.8 -10.7 287 0 8.8 23.5 7.5 0.0 0 1 3 3 3
-6826.9 2821.7 -10.6 195 0 8.1 31.8 12.5 2.5 4 1 5 5 5
-6834.0 2865.2 -11.6 280 0 8.0 9.7 10.0 0.0 0 1 4 2 2
-6840.6 2842.9 -11.1 280 0 10.0 17.3 5.0 2.5 2 1 2 3 3
-6828.3 2844.3 -10.9 279 0 8.7 16.7 2.5 0.0 0 1 1 2 2
-6840.8 2797.0 -10.0 201 0 16.8 10.5 5.0 2.5 2 0 2 4 4
-6856.1 2735.4 -9.0 169 0 15.1 10.1 5.0 2.5 2 0 2 0 0
-6819.0 2719.4 -9.4 189 0 13.3 11.7 5.0 0.0 0 0 2 1 1
-6783.8 2716.3 -9.8 103 0 7.1 16.5 5.0 2.5 2 1 2 2 2
-6765.1 2722.2 -10.1 181 0 15.8 12.9 7.5 2.5 2 0 3 0 0
-6646.4 2753.7 -9.7 338 0 8.7 6.9 5.0 2.5 2 0 2 2 2
-6629.0 2867.1 -11.5 345 0 15.3 10.1 10.0 2.5 2 0 4 1 1
-6641.3 2825.7 -11.2 175 0 11.3 8.1 5.0 2.5 2 0 2 4 4
-6721.3 2819.5 -10.7 14 0 9.6 15.6 7.5 2.5 2 1 3 0 0
-6731.4 2761.3 -10.6 0 0 8.9 13.1 7.5 0.0 0 1 3 0 0
-6729.3 2798.1 -10.6 11 0 7.8 14.8 5.0 2.5 2 1 2 4 4
-6762.6 2797.2 -10.6 14 0 9.8 20.7 5.0 2.5 2 1 2 1 1
-6771.6 2832.3 -10.7 183 0 7.3 8.1 2.5 0.0 0 1 1 2 2
-6736.6 2829.7 -10.7 3 0 8.3 20.0 7.5 0.0 0 1 3 4 4
-6752.6 2900.4 -12.0 269 0 9.3 8.6 7.5 2.5 2 0 3 5 5
-6727.6 2904.6 -12.1 267 0 7.7 17.5 7.5 0.0 0 1 3 5 5
-6682.5 2851.4 -11.3 0 0 8.1 8.2 2.5 2.5 2 1 1 4 4
-6686.4 2833.8 -10.9 6 0 10.1 13.4 5.0 2.5 2 1 2 4 4
-6681.7 2789.4 -10.5 351 0 10.8 14.4 5.0 2.5 2 1 2 5 5
-6676.4 2727.0 -9.8 346 0 12.5 13.8 10.0 2.5 2 1 4 2 2
-6729.0 2711.3 -10.1 355 0 8.5 12.4 7.5 2.5 2 1 3 1 1
-6727.1 2612.9 -10.2 62 0 13.4 14.0 7.5 2.5 2 1 3 3 3
-6740.9 2602.3 -9.9 348 0 8.5 17.1 10.0 2.5 2 1 4 4 4
-6802.8 2635.2 -9.1 82 0 10.8 13.4 7.5 2.5 2 1 3 0 0
-6790.9 2637.0 -9.2 83 0 9.3 16.7 5.0 2.5 2 1 2 5 5
-6778.9 2642.0 -9.3 75 0 8.1 13.4 5.0 2.5 2 1 2 5 5
-6757.4 2643.0 -9.4 80 0 8.7 15.3 7.5 2.5 4 1 3 1 1
-6718.1 2654.0 -9.9 75 0 14.0 8.7 5.0 2.5 2 0 2 3 3
-6716.6 2668.3 -9.7 69 0 22.1 14.9 7.5 2.5 4 0 3 5 5
-6696.1 2671.1 -9.9 69 0 8.1 9.6 10.0 2.5 2 1 4 0 0
-6656.6 2685.7 -10.3 70 0 13.0 9.2 2.5 2.5 2 0 1 0 0
-6607.3 2718.7 -10.7 322 0 19.0 9.6 7.5 0.0 0 0 3 1 1
-6591.4 2695.8 -11.2 331 0 13.1 17.8 5.0 2.5 2 1 2 4 4
-6576.6 2709.2 -11.2 136 0 14.4 9.1 5.0 2.5 2 0 2 4 4
-6572.4 2684.0 -11.7 310 0 11.6 6.8 7.5 2.5 2 0 3 4 4
-6561.7 2673.8 -12.0 312 0 11.4 7.0 7.5 2.5 2 0 3 5 5
-6537.1 2651.2 -12.4 310 0 8.9 11.7 7.5 2.5 2 1 3 4 4
-6536.0 2686.9 -12.1 150 0 11.7 17.9 5.0 2.5 2 1 2 5 5
-6493.9 2644.3 -13.1 163 0 9.2 14.1 7.5 0.0 0 1 3 3 3
-6494.7 2661.4 -12.9 155 0 11.3 11.4 7.5 2.5 2 1 3 4 4
-6042.5 2278.9 -13.3 164 0 10.0 12.4 10.0 2.5 2 1 4 5 5
-6068.2 2254.8 -12.9 336 0 11.5 12.2 7.5 2.5 2 1 3 0 0
-5988.5 2109.6 -11.6 312 0 12.2 17.1 7.5 2.5 2 1 3 4 4
-5955.8 2114.4 -12.1 138 0 16.6 12.5 7.5 2.5 2 0 3 0 0
-5945.2 2058.8 -10.7 302 0 13.3 13.7 7.5 2.5 2 1 3 4 4
-5922.8 2060.4 -10.5 303 0 15.7 17.0 10.0 2.5 2 1 4 3 3
-5879.6 2071.5 -11.3 144 0 11.1 9.9 7.5 2.5 2 0 3 5 5
-5882.1 2006.0 -9.3 324 0 10.3 6.2 7.5 2.5 2 0 3 4 4
-5896.2 2021.6 -9.6 319 0 11.0 7.0 7.5 2.5 2 0 3 4 4
-5875.5 2014.7 -9.6 316 0 14.6 9.0 10.0 0.0 0 0 4 3 3
-6222.8 1776.6 -9.5 247 0 15.3 13.7 7.5 2.5 2 0 3 2 2
-6222.5 1710.5 -8.3 138 0 9.6 7.9 5.0 0.0 0 0 2 2 2
-6193.2 1710.6 -7.7 139 0 10.8 9.3 7.5 2.5 2 0 3 1 1
-6154.0 1746.7 -7.4 306 0 12.1 11.8 2.5 2.5 2 0 1 4 4
-6091.7 1248.9 2.6 323 0 10.5 9.3 7.5 2.5 2 0 3 2 2
-6356.3 1027.6 -2.4 18 0 7.3 10.5 7.5 2.5 4 1 3 1 1
-6205.6 1048.7 2.0 16 0 10.6 11.0 7.5 2.5 4 1 3 2 2
-6247.5 1052.6 1.4 112 0 9.5 9.6 5.0 2.5 4 1 2 1 1
-6290.0 1049.8 0.5 204 0 14.0 7.5 5.0 2.5 2 0 2 2 2
-6300.0 1019.4 0.1 106 0 12.8 13.8 5.0 0.0 0 1 2 1 1
-6340.2 896.1 -0.4 180 0 9.5 14.8 2.5 2.5 4 1 1 3 3
-6309.2 848.1 0.1 1 0 11.4 8.2 5.0 2.5 2 0 2 2 2
-6368.0 650.0 4.1 4 0 16.7 11.2 2.5 2.5 2 0 1 5 5
-6328.7 629.0 4.6 186 0 8.8 16.5 10.0 2.5 2 1 4 0 0
-6339.7 604.3 6.5 195 0 9.4 15.8 7.5 2.5 2 1 3 5 5
-6156.4 929.4 2.3 198 0 9.0 11.0 10.0 2.5 2 1 4 1 1
-6024.5 1254.2 2.1 222 0 9.9 9.8 7.5 0.0 0 0 3 3 3
-6007.0 1282.5 1.8 224 0 8.6 10.0 5.0 2.5 2 1 2 5 5
-6025.4 1484.2 -0.8 53 0 13.0 12.3 2.5 0.0 0 0 1 3 3
-6074.2 1666.5 -4.6 335 0 10.4 18.6 10.0 2.5 2 1 4 2 2
-6094.0 1613.7 -4.0 157 0 9.6 6.8 5.0 2.5 4 0 2 0 0
-6079.9 1561.0 -2.9 154 0 8.2 13.9 5.0 2.5 2 1 2 2 2
-6046.5 1557.2 -2.4 340 0 9.9 16.6 2.5 0.0 0 1 1 4 4
-6115.8 1484.2 -2.5 237 0 9.3 13.8 7.5 2.5 2 1 3 4 4
-6094.2 1494.1 -2.2 251 0 9.9 12.2 5.0 2.5 2 1 2 0 0
-6087.3 1424.5 -1.5 50 0 10.0 10.6 10.0 0.0 0 1 4 2 2
-6139.2 1391.9 -0.7 227 0 8.7 9.7 5.0 2.5 2 1 2 5 5
-6122.6 1369.1 -0.2 20 0 18.2 13.2 5.0 2.5 2 0 2 3 3
-6158.9 1347.9 0.6 44 0 7.6 9.6 5.0 2.5 2 1 2 4 4
-6179.3 1335.3 1.0 135 0 13.4 12.7 2.5 2.5 2 0 1 1 1
-6297.6 1152.6 0.1 34 0 9.0 16.2 7.5 2.5 4 1 3 3 3
-6284.7 1173.0 0.3 26 0 15.3 9.7 10.0 2.5 2 0 4 3 3
-6253.0 1236.2 -0.3 305 0 10.5 11.9 7.5 0.0 0 1 3 1 1
-6248.1 1179.0 1.0 216 0 7.8 16.0 7.5 2.5 2 1 3 4 4
-6245.2 1125.5 1.4 20 0 10.7 8.5 5.0 2.5 2 0 2 1 1
-6264.2 1138.3 1.1 210 0 8.5 10.5 5.0 2.5 2 1 2 4 4
-6252.1 1160.0 1.1 211 0 11.1 19.1 7.5 2.5 2 1 3 1 1
-6203.1 1170.7 1.8 35 0 13.7 11.5 10.0 2.5 2 0 4 3 3
-6198.4 1221.0 2.0 217 0 10.3 11.4 7.5 2.5 2 1 3 5 5
-6172.8 1235.4 2.8 219 0 13.3 11.3 5.0 2.5 2 0 2 4 4
-6161.2 1260.7 3.2 232 0 16.8 12.7 10.0 2.5 2 0 4 5 5
-6138.0 1254.9 3.1 237 0 9.0 11.5 5.0 2.5 2 1 2 1 1
-6122.1 1318.5 1.6 226 0 14.2 15.3 7.5 0.0 0 1 3 4 4
-6101.7 1325.5 1.4 223 0 9.3 12.1 7.5 0.0 0 1 3 2 2
-6056.7 1337.6 1.3 35 0 13.5 19.9 7.5 2.5 2 1 3 2 2
-6036.8 1377.1 0.5 42 0 15.9 14.6 7.5 0.0 0 0 3 2 2
-5994.9 1410.4 0.6 55 0 11.3 12.5 10.0 2.5 2 1 4 2 2
-6008.9 1450.9 0.1 217 0 10.8 17.6 7.5 2.5 2 1 3 0 0
-5984.0 1463.7 0.5 206 0 7.7 13.6 10.0 2.5 2 1 4 0 0
-5955.9 1504.1 -0.0 221 0 10.1 11.1 7.5 2.5 2 1 3 3 3
-5971.2 1492.6 0.3 227 0 10.0 13.3 7.5 2.5 2 1 3 3 3
-5999.0 1479.1 0.1 230 0 7.0 11.0 7.5 2.5 2 1 3 4 4
-6007.8 1497.6 -0.6 54 0 8.0 12.4 7.5 2.5 2 1 3 1 1
-5948.7 1532.2 -0.0 217 0 8.1 13.1 10.0 2.5 2 1 4 4 4
-5923.0 1543.7 0.2 213 0 11.5 11.3 2.5 2.5 2 0 1 3 3
-5951.8 1233.7 1.2 176 0 6.7 10.6 7.5 2.5 2 1 3 5 5
-5970.7 1295.6 1.1 105 0 6.1 11.8 7.5 2.5 2 1 3 1 1
-5973.7 1321.1 1.0 169 0 11.3 11.7 5.0 2.5 2 1 2 1 1
-5970.1 1380.8 1.1 225 0 10.6 15.1 7.5 2.5 4 1 3 3 3
-5942.1 1433.0 0.4 49 0 8.2 9.9 7.5 2.5 2 1 3 0 0
-5902.5 1471.9 -0.4 19 0 12.3 10.1 7.5 2.5 2 0 3 1 1
-5906.2 1509.7 -0.1 202 0 10.1 10.4 7.5 2.5 2 1 3 0 0
-5708.6 1513.0 -5.4 102 0 12.9 7.8 5.0 2.5 2 0 2 3 3
-5690.9 1503.6 -5.9 103 0 11.1 9.8 7.5 2.5 2 0 3 2 2
-5742.1 1580.1 -5.3 278 0 9.9 6.7 10.0 2.5 2 0 4 4 4
-5762.4 1575.9 -4.6 279 0 17.3 10.9 2.5 2.5 2 0 1 5 5
-5858.0 1409.3 -0.8 23 0 14.7 11.5 5.0 2.5 2 0 2 3 3
-5845.1 1473.3 -0.8 97 0 11.4 11.9 7.5 0.0 0 1 3 5 5
-5804.6 1516.3 -2.1 2 0 13.5 7.3 7.5 0.0 0 0 3 0 0
-5779.5 1501.3 -2.8 355 0 7.3 8.3 7.5 2.5 2 1 3 1 1
-5788.6 1512.2 -2.6 356 0 10.7 8.5 7.5 2.5 2 0 3 0 0
-5811.0 1567.2 -2.7 264 0 15.6 12.3 7.5 2.5 2 0 3 3 3
-5809.3 1670.0 -4.6 284 0 8.1 13.1 5.0 2.5 2 1 2 0 0
-5890.7 1639.1 -2.1 49 0 8.6 6.8 5.0 2.5 2 0 2 5 5
-5926.4 1671.3 -2.4 319 0 8.1 12.9 5.0 2.5 2 1 2 1 1
-5923.8 1648.5 -2.0 138 0 13.4 6.7 7.5 2.5 2 0 3 0 0
-5919.8 1585.3 -0.6 49 0 6.4 14.6 5.0 2.5 2 1 2 1 1
-5862.0 1624.6 -2.7 209 0 11.9 15.6 7.5 2.5 2 1 3 4 4
-5870.4 1662.4 -2.5 26 0 8.0 9.5 5.0 2.5 2 1 2 4 4
-5875.7 1648.4 -2.4 25 0 14.4 8.7 7.5 2.5 2 0 3 3 3
-5867.1 1761.4 -4.5 6 0 11.3 13.6 7.5 2.5 2 1 3 3 3
-6041.0 1805.3 -6.7 73 0 13.0 13.3 5.0 2.5 2 1 2 2 2
-6026.5 1809.7 -6.6 75 0 8.4 17.6 7.5 2.5 2 1 3 1 1
-6009.8 1831.1 -6.7 252 0 10.9 11.6 5.0 2.5 2 1 2 3 3
-5972.3 1852.4 -7.3 256 0 9.9 18.1 7.5 2.5 2 1 3 5 5
-5936.5 1855.4 -7.5 353 0 15.8 10.3 7.5 0.0 0 0 3 4 4
-6874.8 2555.1 -8.4 326 0 12.8 10.2 5.0 2.5 2 0 2 1 1
2786.9 6854.6 1.0 139 0 8.1 16.8 5.0 2.5 2 1 2 5 5
2778.4 6839.8 1.4 332 0 18.7 9.7 7.5 2.5 2 0 3 2 2
2735.8 6780.5 0.3 6 0 11.9 7.4 10.0 2.5 2 0 4 0 0
2687.7 6775.7 0.2 101 0 15.8 16.4 7.5 2.5 2 1 3 2 2
2661.8 6806.1 4.5 284 0 13.9 6.8 7.5 2.5 2 0 3 2 2
2577.0 6817.6 4.3 16 0 15.6 16.5 7.5 2.5 2 1 3 4 4
2502.9 6802.1 3.3 97 0 10.3 13.5 5.0 2.5 2 1 2 4 4
2477.1 6882.8 5.8 304 0 11.7 7.8 5.0 2.5 2 0 2 4 4
2499.9 6848.2 4.7 291 0 19.3 9.2 7.5 2.5 2 0 3 0 0
2598.6 6866.2 6.5 206 0 8.5 9.5 10.0 2.5 2 1 4 5 5
1974.2 6724.2 0.9 187 0 8.8 13.7 7.5 0.0 0 1 3 0 0
1963.6 6739.2 1.7 187 0 11.4 9.0 5.0 2.5 2 0 2 0 0
1967.3 6756.9 1.3 187 0 12.3 15.0 7.5 2.5 2 1 3 5 5
1983.3 6802.7 3.1 277 0 10.9 8.4 7.5 2.5 2 0 3 2 2
1864.9 6735.9 2.7 109 0 8.4 16.5 5.0 2.5 2 1 2 3 3
1914.4 6678.4 1.7 98 0 6.9 9.8 7.5 2.5 2 1 3 3 3
1918.5 6718.6 3.5 3 0 8.1 6.8 7.5 2.5 2 0 3 5 5
1924.5 6808.6 4.0 293 0 9.9 8.2 7.5 2.5 2 0 3 3 3
1946.7 6788.5 3.2 14 0 9.2 11.6 7.5 2.5 2 1 3 5 5
1957.4 6808.9 3.9 10 0 11.8 15.6 7.5 2.5 2 1 3 3 3
1955.4 6858.1 6.0 11 0 12.0 19.8 7.5 2.5 2 1 3 2 2
2051.9 6793.1 1.5 290 0 12.3 19.1 2.5 2.5 2 1 1 3 3
2080.8 6731.5 -1.3 204 0 8.4 11.4 7.5 2.5 2 1 3 5 5
2040.1 6669.8 -3.6 322 0 7.9 11.3 5.0 2.5 2 1 2 1 1
1996.3 6636.9 -4.5 50 0 9.0 16.0 10.0 2.5 2 1 4 5 5
1963.9 6647.7 -4.0 187 0 16.2 10.3 2.5 2.5 4 0 1 1 1
1957.4 6716.6 2.1 186 0 9.7 7.5 7.5 2.5 2 0 3 5 5
1997.9 6811.3 3.2 277 0 15.9 10.3 7.5 2.5 2 0 3 4 4
2022.8 6805.4 2.3 276 0 11.3 19.8 12.5 2.5 2 1 5 4 4
1982.4 6847.0 5.0 177 0 12.8 19.0 2.5 2.5 2 1 1 0 0
1997.4 6883.4 6.5 103 0 14.7 9.6 7.5 2.5 4 0 3 1 1
2079.2 6885.2 5.1 268 0 18.3 10.9 10.0 2.5 2 0 4 0 0
2108.1 6859.2 3.8 288 0 9.1 9.0 5.0 2.5 4 0 2 4 4
2138.1 6872.8 3.8 281 0 9.7 11.5 5.0 2.5 2 1 2 4 4
2162.4 6828.9 2.2 104 0 11.8 14.0 7.5 0.0 0 1 3 2 2
2167.0 6867.2 3.2 273 0 7.6 11.5 5.0 2.5 4 1 2 5 5
2451.4 6785.1 1.6 307 0 7.3 12.9 7.5 2.5 2 1 3 5 5
2431.3 6779.3 1.2 308 0 19.3 10.6 10.0 2.5 2 0 4 3 3
2407.1 6765.3 0.3 225 0 10.8 17.0 7.5 2.5 4 1 3 3 3
2462.6 6714.4 0.0 46 0 8.3 10.8 2.5 2.5 2 1 1 2 2
2541.2 6694.6 -0.2 102 0 12.5 17.8 7.5 2.5 4 1 3 3 3
2572.1 6737.1 0.2 279 0 15.6 13.6 5.0 2.5 2 0 2 1 1
2640.8 6725.3 -0.2 88 0 14.6 10.5 2.5 2.5 2 0 1 4 4
1654.1 6764.8 -1.5 88 0 15.6 12.1 7.5 2.5 4 0 3 5 5
1644.8 6800.4 -0.5 269 0 20.0 15.4 10.0 2.5 2 0 4 4 4
1572.0 6795.8 1.3 182 0 14.2 7.1 7.5 2.5 2 0 3 2 2
1590.2 6856.7 2.7 4 0 8.8 9.4 7.5 2.5 2 1 3 0 0
1623.7 6885.5 2.7 178 0 17.1 13.2 2.5 2.5 2 0 1 1 1
1797.3 6697.7 -3.0 91 0 12.3 11.6 7.5 0.0 0 0 3 2 2
1804.8 6739.1 -0.4 183 0 9.8 6.9 7.5 2.5 2 0 3 3 3
1805.5 6717.4 -1.5 98 0 11.3 8.8 7.5 0.0 0 0 3 2 2
1890.0 6818.9 4.5 264 0 7.1 18.1 7.5 2.5 2 1 3 0 0
1875.9 6819.3 4.6 262 0 8.0 18.9 5.0 2.5 2 1 2 4 4
1857.9 6877.8 4.8 269 0 15.2 18.9 10.0 2.5 2 1 4 4 4
1826.6 6828.6 3.9 276 0 9.3 13.5 5.0 2.5 2 1 2 4 4
1822.5 6809.4 3.2 256 0 9.8 12.2 5.0 2.5 2 1 2 4 4
1696.3 6795.7 -1.5 291 0 10.3 11.7 10.0 2.5 2 1 4 4 4
1707.9 6773.9 -2.1 99 0 17.1 14.2 10.0 2.5 2 0 4 3 3
1785.6 6795.1 0.3 96 0 11.9 8.5 5.0 2.5 2 0 2 2 2
1795.5 6838.5 2.4 276 0 9.3 8.0 7.5 2.5 2 0 3 2 2
1802.9 6882.9 2.9 30 0 11.4 9.7 5.0 2.5 2 0 2 3 3
1765.5 6833.1 0.0 277 0 9.2 8.6 7.5 2.5 2 0 3 2 2
1754.1 6844.1 -0.5 277 0 9.2 17.0 10.0 2.5 2 1 4 1 1
1021.4 6251.1 0.0 168 0 18.7 10.5 2.5 2.5 2 0 1 1 1
1643.7 6665.9 -4.0 176 0 14.2 22.8 12.5 2.5 2 1 5 0 0
1655.8 6696.2 -4.2 182 0 9.2 7.2 7.5 2.5 2 0 3 5 5
1646.1 6725.8 -3.4 296 0 12.6 12.3 10.0 2.5 2 0 4 5 5
1669.9 6718.4 -4.0 291 0 8.3 7.6 7.5 2.5 2 0 3 1 1
1200.9 6855.1 3.7 153 0 13.7 16.1 2.5 2.5 2 1 1 3 3
1230.9 6821.5 4.5 141 0 14.5 11.6 7.5 2.5 2 0 3 4 4
1176.7 6883.2 3.1 138 0 10.6 8.1 2.5 2.5 2 0 1 2 2
652.0 6884.2 -5.4 274 0 11.5 11.7 7.5 2.5 2 1 3 4 4
1053.3 6882.6 3.6 234 0 7.3 10.5 7.5 2.5 2 1 3 4 4
1045.4 6860.8 4.3 44 0 6.7 8.2 7.5 2.5 2 1 3 2 2
1151.2 6866.5 3.8 321 0 9.3 9.1 2.5 0.0 0 0 1 0 0
1189.2 6801.5 5.5 33 0 13.6 20.6 10.0 2.5 2 1 4 2 2
1135.2 6734.1 5.9 115 0 9.6 13.7 5.0 2.5 2 1 2 2 2
1149.5 6810.1 5.8 23 0 7.8 13.9 7.5 2.5 2 1 3 1 1
1108.9 6863.1 4.2 302 0 10.4 13.6 7.5 2.5 2 1 3 0 0
1123.2 6883.7 3.3 323 0 19.7 10.4 2.5 2.5 2 0 1 2 2
1092.2 6777.4 5.1 32 0 14.9 13.7 2.5 2.5 2 0 1 2 2
1045.9 6741.1 3.0 201 0 10.8 14.3 7.5 0.0 0 1 3 3 3
1015.8 6705.6 0.4 18 0 13.4 11.2 5.0 2.5 2 0 2 3 3
1037.6 6796.8 1.9 32 0 11.0 18.3 5.0 2.5 2 1 2 1 1
1041.6 6815.0 2.6 28 0 17.7 13.0 7.5 0.0 0 0 3 1 1
1002.9 6824.4 -0.2 310 0 9.6 26.8 10.0 2.5 2 1 4 2 2
977.3 6838.6 -0.8 309 0 7.0 16.6 5.0 2.5 2 1 2 2 2
783.3 6834.4 -3.7 68 0 15.9 13.9 5.0 2.5 4 0 2 4 4
878.4 6087.0 -7.9 10 0 9.6 9.3 5.0 2.5 2 0 2 0 0
813.9 6162.5 -2.9 21 0 9.7 8.8 7.5 0.0 0 0 3 1 1
824.3 6266.3 -3.4 356 0 16.0 13.1 10.0 2.5 2 0 4 5 5
813.9 6224.3 -3.4 2 0 19.1 8.3 5.0 2.5 2 0 2 2 2
840.1 6137.3 -1.7 196 0 13.2 18.9 7.5 2.5 2 1 3 1 1
867.1 6170.7 0.1 22 0 11.6 21.3 5.0 0.0 0 1 2 0 0
906.3 6260.0 0.9 6 0 10.7 13.4 7.5 2.5 2 1 3 1 1
881.4 6294.2 -1.6 301 0 9.2 17.2 7.5 2.5 2 1 3 4 4
977.7 6397.7 -0.0 205 0 11.4 17.9 5.0 2.5 2 1 2 4 4
1036.1 6305.9 0.9 236 0 10.2 8.9 2.5 2.5 2 0 1 1 1
965.0 6111.8 -7.7 174 0 8.4 9.3 5.0 2.5 2 1 2 0 0
988.7 6158.8 -0.7 8 0 18.1 12.9 2.5 2.5 2 0 1 4 4
941.6 6187.1 1.4 169 0 10.4 17.6 7.5 2.5 2 1 3 0 0
961.6 6299.9 2.3 121 0 9.8 18.4 7.5 2.5 2 1 3 4 4
992.7 6364.6 0.7 28 0 10.5 8.8 10.0 2.5 2 0 4 4 4
1027.6 6394.8 1.3 26 0 15.9 10.5 7.5 2.5 2 0 3 1 1
1022.1 6433.0 1.3 357 0 9.8 6.3 7.5 2.5 2 0 3 0 0
1047.8 6496.3 3.6 126 0 8.4 8.6 7.5 2.5 2 1 3 3 3
899.8 6476.2 -1.8 213 0 9.3 17.3 7.5 2.5 2 1 3 0 0
950.2 6592.1 0.3 213 0 15.9 9.9 7.5 2.5 2 0 3 2 2
1083.8 6555.8 4.5 13 0 12.6 8.4 7.5 2.5 2 0 3 1 1
1055.4 6580.9 4.7 200 0 7.5 12.7 5.0 2.5 2 1 2 2 2
1107.9 6594.8 4.9 23 0 11.9 12.8 5.0 2.5 2 1 2 4 4
1122.2 6628.1 5.2 20 0 10.8 10.1 5.0 2.5 2 0 2 3 3
1224.3 6678.8 4.3 293 0 13.2 17.5 5.0 2.5 2 1 2 5 5
1231.9 6665.6 4.2 295 0 6.5 9.1 7.5 2.5 2 1 3 3 3
1208.6 6697.6 4.6 309 0 17.2 15.6 10.0 2.5 2 0 4 4 4
1580.4 6360.2 0.6 337 0 9.3 10.4 7.5 2.5 2 1 3 1 1
1597.6 6366.8 0.4 337 0 12.2 11.5 7.5 2.5 2 0 3 3 3
1586.6 6415.0 2.3 15 0 9.4 18.3 10.0 2.5 2 1 4 2 2
1593.9 6393.1 1.3 359 0 15.3 13.8 5.0 0.0 0 0 2 0 0
1607.7 6453.4 2.1 266 0 13.5 14.2 10.0 2.5 2 1 4 5 5
1645.4 6546.1 -1.0 277 0 7.0 10.0 5.0 2.5 2 1 2 5 5
1622.3 6562.2 -0.4 286 0 15.6 16.0 7.5 2.5 2 1 3 0 0
1610.4 6485.6 1.0 97 0 18.0 20.2 12.5 2.5 2 1 5 3 3
1578.6 6591.5 0.4 3 0 20.0 13.0 10.0 2.5 2 0 4 3 3
1500.6 6697.3 -0.7 154 0 13.9 8.7 7.5 2.5 2 0 3 3 3
1544.2 6700.7 -1.5 336 0 16.2 8.8 10.0 2.5 2 0 4 2 2
1566.2 6650.7 -0.8 340 0 13.0 19.3 7.5 2.5 2 1 3 0 0
1567.9 6683.4 -2.4 155 0 10.7 20.6 5.0 2.5 2 1 2 1 1
1583.5 6741.0 -1.6 271 0 22.3 12.7 15.0 0.0 0 0 6 2 2
1477.3 6851.7 3.4 89 0 11.8 14.6 5.0 2.5 4 1 2 5 5
1382.2 6873.8 2.8 270 0 19.5 12.7 5.0 2.5 4 0 2 5 5
1336.5 6881.6 2.4 278 0 11.2 21.1 10.0 2.5 2 1 4 0 0
1316.7 6878.1 2.4 271 0 11.5 9.9 7.5 2.5 4 0 3 2 2
1291.1 6868.1 2.8 266 0 12.9 8.8 5.0 2.5 4 0 2 0 0
1283.5 6750.5 4.3 138 0 19.3 14.3 10.0 0.0 0 0 4 5 5
1335.1 6667.0 3.0 140 0 7.6 12.2 5.0 2.5 2 1 2 1 1
1349.1 6700.4 2.4 143 0 11.7 9.4 10.0 2.5 2 0 4 5 5
1394.4 6719.2 1.0 313 0 14.4 14.0 5.0 2.5 2 0 2 0 0
1426.7 6692.4 0.7 328 0 12.7 8.8 5.0 2.5 2 0 2 2 2
1442.9 6661.1 0.7 325 0 11.4 16.6 7.5 2.5 2 1 3 1 1
1493.3 6577.3 2.2 268 0 9.8 9.8 10.0 2.5 2 1 4 4 4
1472.5 6625.6 1.3 265 0 10.8 14.8 5.0 2.5 2 1 2 2 2
1514.1 6601.7 1.6 275 0 16.5 14.5 2.5 2.5 2 0 1 2 2
1446.1 6491.7 0.7 296 0 10.6 14.1 7.5 2.5 2 1 3 3 3
1407.7 6595.4 1.9 141 0 12.8 13.3 5.0 2.5 2 1 2 5 5
1425.2 6566.8 1.9 146 0 12.3 13.4 7.5 2.5 2 1 3 5 5
1440.2 6536.3 1.5 178 0 14.5 10.6 7.5 2.5 4 0 3 4 4
1485.5 6534.8 2.2 75 0 9.7 17.4 5.0 2.5 2 1 2 5 5
1530.7 6461.1 2.1 269 0 9.7 18.4 7.5 2.5 2 1 3 0 0
1539.8 6426.8 2.5 191 0 11.0 13.2 7.5 2.5 4 1 3 5 5
1521.9 6374.9 0.7 165 0 11.0 16.5 2.5 2.5 2 1 1 5 5
1546.4 6281.3 -2.5 140 0 13.8 17.8 2.5 2.5 2 1 1 2 2
1570.9 6256.5 -6.9 116 0 12.1 17.3 7.5 2.5 4 1 3 0 0
1612.4 6334.9 -0.5 348 0 10.3 15.3 7.5 2.5 2 1 3 3 3
1634.5 6242.0 -7.6 314 0 12.1 10.8 2.5 2.5 2 0 1 0 0
1667.7 6289.3 -7.5 14 0 11.0 18.3 5.0 2.5 2 1 2 5 5
1681.3 6364.4 -1.7 359 0 11.0 18.8 7.5 2.5 2 1 3 4 4
1697.8 6427.8 -1.5 6 0 12.9 20.8 12.5 2.5 2 1 5 2 2
1697.2 6474.2 -2.1 87 0 9.8 9.7 5.0 2.5 2 0 2 1 1
1686.2 6544.9 -2.9 77 0 9.9 9.0 7.5 2.5 2 0 3 4 4
1686.8 6576.5 -3.8 192 0 10.0 11.6 5.0 2.5 2 1 2 5 5
1716.5 6668.7 -4.8 9 0 19.1 12.2 5.0 2.5 2 0 2 5 5
1725.0 6705.1 -4.9 355 0 16.6 11.7 5.0 2.5 2 0 2 0 0
-666.2 6403.3 -9.3 99 0 11.7 16.5 7.5 2.5 2 1 3 5 5
-730.4 6350.7 -4.4 9 0 15.2 14.7 2.5 2.5 2 0 1 5 5
-788.6 6493.3 -7.4 196 0 12.2 13.3 7.5 2.5 2 1 3 0 0
-780.2 6427.1 -6.0 19 0 14.3 17.1 7.5 2.5 2 1 3 1 1
-832.6 6399.0 -5.5 193 0 11.4 22.7 10.0 2.5 2 1 4 1 1
-713.0 6540.0 -8.3 105 0 12.2 6.2 10.0 2.5 2 0 4 4 4
-794.6 6572.7 -7.4 3 0 18.5 11.6 7.5 2.5 2 0 3 3 3
-805.8 6649.4 -7.2 22 0 7.4 17.3 5.0 2.5 2 1 2 1 1
-743.7 6761.6 -7.6 12 0 14.2 11.6 5.0 2.5 2 0 2 5 5
-734.3 6805.8 -7.6 5 0 14.4 10.9 7.5 2.5 2 0 3 1 1
-719.0 6831.2 -7.9 24 0 14.9 10.1 7.5 2.5 2 0 3 2 2
-670.3 6822.1 -9.4 207 0 16.0 12.5 5.0 2.5 2 0 2 3 3
-619.5 6884.9 -10.5 272 0 13.5 14.1 10.0 2.5 2 1 4 1 1
-251.5 6669.0 -10.9 356 0 20.7 15.8 10.0 0.0 0 0 4 3 3
2.4 6729.3 -9.5 176 0 18.9 12.9 2.5 2.5 2 0 1 1 1
68.0 6767.5 -7.4 87 0 14.8 15.7 5.0 2.5 2 1 2 5 5
88.6 6729.7 -9.3 272 0 11.8 13.2 10.0 0.0 0 1 4 3 3
103.6 6740.0 -9.1 285 0 10.7 13.6 5.0 2.5 2 1 2 2 2
193.5 6830.6 -5.0 91 0 12.3 10.3 7.5 2.5 2 0 3 1 1
151.9 6886.0 -6.7 264 0 7.9 12.3 5.0 2.5 4 1 2 1 1
156.9 6815.7 -5.4 144 0 11.0 13.4 7.5 2.5 2 1 3 5 5
233.3 6833.6 -5.2 74 0 22.1 16.0 7.5 2.5 2 0 3 0 0
249.2 6885.9 -5.5 271 0 14.3 12.5 2.5 2.5 2 0 1 4 4
312.1 6811.8 -5.7 353 0 14.5 18.0 7.5 2.5 2 1 3 5 5
312.3 6886.4 -5.2 65 0 18.1 11.8 5.0 2.5 2 0 2 5 5
933.4 6631.3 -1.6 26 0 9.3 20.9 7.5 2.5 2 1 3 1 1
791.7 6595.3 -5.3 291 0 15.5 11.5 7.5 2.5 2 0 3 0 0
806.6 6613.8 -4.3 107 0 14.8 11.4 2.5 2.5 2 0 1 3 3
875.0 6566.6 -2.0 274 0 9.5 17.6 7.5 2.5 2 1 3 0 0
890.4 6578.1 -1.4 116 0 13.0 13.5 7.5 2.5 2 1 3 3 3
1145.3 6521.9 4.1 8 0 13.1 14.0 7.5 2.5 2 1 3 4 4
1204.9 6364.7 -0.1 250 0 11.1 13.4 7.5 2.5 2 1 3 4 4
1264.8 6398.8 1.7 331 0 8.8 10.8 7.5 0.0 0 1 3 1 1
1307.2 6343.3 0.1 182 0 11.7 11.8 2.5 2.5 2 1 1 5 5
1273.8 6416.1 2.4 243 0 9.1 9.6 5.0 2.5 2 1 2 1 1
1287.3 6397.5 2.1 153 0 14.3 13.4 7.5 2.5 2 0 3 0 0
1301.5 6419.5 1.8 244 0 12.8 15.7 2.5 2.5 2 1 1 3 3
1158.8 6659.2 5.1 205 0 9.1 7.1 5.0 0.0 0 0 2 5 5
1179.4 6652.6 4.7 114 0 16.3 16.4 10.0 2.5 2 1 4 2 2
1286.1 6552.6 3.2 268 0 13.1 10.6 7.5 2.5 2 0 3 4 4
1277.7 6444.0 3.3 84 0 10.8 14.8 2.5 2.5 2 1 1 3 3
391.7 6600.5 -9.2 89 0 11.3 9.5 10.0 2.5 2 0 4 5 5
1281.1 6482.6 3.3 357 0 32.8 8.7 10.0 2.5 2 0 4 4 4
1273.2 6539.4 3.4 270 0 9.5 12.7 10.0 2.5 2 1 4 1 1
1264.0 6550.4 3.5 266 0 26.2 8.7 5.0 2.5 2 0 2 5 5
1233.5 6555.7 3.9 264 0 29.4 8.0 7.5 2.5 2 0 3 2 2
1235.9 6541.2 3.9 268 0 25.1 9.8 7.5 2.5 2 0 3 3 3
1215.0 6520.0 3.9 174 0 41.0 7.6 10.0 2.5 2 0 4 4 4
1221.5 6464.2 3.6 88 0 8.4 35.5 10.0 2.5 2 1 4 5 5
-708.4 6148.8 -9.4 168 0 11.0 14.7 5.0 2.5 2 1 2 1 1
-615.8 6121.1 -9.4 195 0 11.2 18.3 10.0 2.5 2 1 4 2 2
-663.2 6057.8 -9.3 153 0 9.3 9.7 7.5 2.5 2 1 3 1 1
-556.6 5828.2 -10.5 58 0 15.3 15.3 7.5 2.5 2 0 3 2 2
-561.8 5860.3 -11.0 336 0 14.9 17.3 7.5 2.5 2 1 3 5 5
-600.5 5883.6 -11.1 148 0 17.3 7.7 5.0 2.5 2 0 2 3 3
-591.7 5942.0 -10.6 334 0 7.9 19.8 5.0 2.5 2 1 2 3 3
-635.4 6007.1 -9.9 156 0 13.1 12.7 7.5 2.5 2 0 3 5 5
-757.4 5938.4 -10.7 91 0 13.8 23.2 10.0 0.0 0 1 4 3 3
-835.8 6157.2 -5.6 177 0 8.1 9.0 5.0 2.5 2 1 2 4 4
-777.9 6171.7 -5.4 11 0 8.7 12.9 7.5 2.5 2 1 3 2 2
-795.4 6250.5 -4.8 101 0 16.9 15.2 10.0 2.5 2 0 4 4 4
-814.0 6331.2 -4.8 194 0 20.5 20.5 7.5 2.5 2 1 3 3 3
-750.0 6232.1 -4.0 106 0 19.9 11.0 5.0 2.5 2 0 2 2 2
-652.3 6299.2 -9.2 19 0 12.4 18.0 7.5 0.0 0 1 3 0 0
-672.5 6327.1 -8.7 188 0 16.4 12.4 7.5 2.5 2 0 3 1 1
-834.8 6768.5 -6.7 205 0 12.6 16.1 7.5 2.5 2 1 3 0 0
-817.6 6815.4 -6.9 193 0 19.9 10.1 5.0 2.5 2 0 2 2 2
-794.0 6877.9 -8.4 282 0 10.4 22.3 5.0 2.5 2 1 2 3 3
1684.4 6247.0 -7.7 293 0 12.3 22.2 7.5 2.5 2 1 3 3 3
1691.5 6269.5 -7.7 177 0 17.9 12.4 5.0 0.0 0 0 2 2 2
1709.0 6246.3 -7.7 68 0 18.0 13.3 5.0 2.5 2 0 2 1 1
1704.2 6303.7 -7.8 184 0 18.1 13.0 7.5 2.5 2 0 3 5 5
1728.5 6341.6 -6.8 3 0 12.1 11.9 5.0 2.5 2 0 2 3 3
1788.6 6446.9 -5.5 9 0 9.0 9.1 5.0 2.5 2 1 2 0 0
1730.3 6406.5 -4.4 186 0 20.2 12.1 5.0 2.5 2 0 2 1 1
1472.0 5430.6 -11.8 90 0 12.6 11.5 7.5 2.5 2 0 3 3 3
1611.4 5398.8 -12.0 93 0 14.9 14.8 7.5 0.0 0 0 3 2 2
2946.0 4672.2 -7.2 12 0 13.7 10.9 7.5 2.5 2 0 3 5 5
3029.1 5232.1 -9.8 242 0 23.0 20.2 7.5 2.5 2 0 3 0 0
3904.1 6203.0 -7.1 261 0 12.5 13.0 7.5 0.0 0 1 3 2 2
3962.9 5909.1 1.3 85 0 12.7 17.4 2.5 2.5 2 1 1 5 5
3971.4 5879.0 1.2 91 0 11.3 10.6 5.0 2.5 2 0 2 3 3
3905.8 6073.9 -4.4 254 0 19.6 6.9 7.5 2.5 2 0 3 5 5
3905.1 6033.2 -3.5 265 0 15.3 13.2 10.0 2.5 2 0 4 1 1
3913.9 6160.3 -7.1 198 0 8.1 13.0 2.5 2.5 4 1 1 3 3
3912.5 6112.0 -4.8 178 0 8.4 12.2 7.5 0.0 0 1 3 3 3
3917.3 6102.1 -4.1 180 0 8.2 15.6 5.0 2.5 2 1 2 4 4
3847.2 6119.8 -7.5 8 0 6.7 8.7 10.0 2.5 2 1 4 3 3
3852.5 6101.7 -7.1 358 0 7.5 10.0 10.0 0.0 0 1 4 5 5
3787.0 5978.1 -7.0 152 0 9.5 10.7 7.5 2.5 2 1 3 1 1
3753.3 6073.3 -7.2 319 0 11.6 13.6 10.0 2.5 4 1 4 0 0
3725.3 6029.4 -6.8 123 0 9.6 11.0 7.5 2.5 2 1 3 2 2
3788.7 6026.1 -6.8 196 0 9.9 12.5 2.5 2.5 2 1 1 2 2
3796.3 6058.2 -7.1 182 0 9.0 16.7 7.5 2.5 2 1 3 4 4
3908.3 5813.4 0.9 4 0 12.7 7.1 2.5 2.5 2 0 1 1 1
3887.4 5992.6 -2.8 263 0 13.6 11.7 2.5 2.5 2 0 1 3 3
3918.4 5991.6 -1.3 251 0 9.7 14.2 7.5 2.5 2 1 3 0 0
3934.4 5917.6 0.7 70 0 13.3 24.4 12.5 2.5 4 1 5 4 4
3927.7 5866.8 1.0 74 0 12.6 13.8 5.0 2.5 2 1 2 2 2
3900.0 5872.3 0.8 11 0 10.1 8.1 7.5 2.5 2 0 3 2 2
3852.5 5919.6 -1.5 174 0 21.1 14.8 15.0 0.0 0 0 6 5 5
3856.4 5859.5 -1.6 38 0 10.5 11.1 10.0 2.5 2 1 4 2 2
3845.4 5817.5 -3.2 83 0 17.7 13.0 7.5 2.5 2 0 3 3 3
3852.7 5768.5 -2.3 86 0 7.9 10.0 7.5 2.5 2 1 3 3 3
3913.7 5688.1 -1.7 89 0 12.3 17.0 5.0 2.5 2 1 2 3 3
3895.3 5721.1 -1.1 177 0 15.2 10.6 7.5 0.0 0 0 3 3 3
3766.4 5644.4 -3.8 158 0 18.0 9.7 5.0 2.5 2 0 2 3 3
3785.3 5761.3 -5.8 181 0 9.6 7.6 7.5 2.5 2 0 3 2 2
3806.7 5732.5 -5.9 359 0 12.4 9.1 2.5 2.5 2 0 1 0 0
3815.3 5703.7 -5.6 358 0 10.9 18.8 7.5 2.5 2 1 3 2 2
3745.1 5708.6 -3.1 257 0 9.1 7.3 7.5 2.5 2 0 3 3 3
3736.3 5833.1 -4.8 187 0 17.1 11.6 7.5 2.5 2 0 3 5 5
3763.6 5816.1 -6.0 85 0 9.8 15.6 7.5 2.5 2 1 3 1 1
3799.1 5858.9 -6.5 181 0 14.0 9.2 5.0 2.5 2 0 2 2 2
3746.7 5901.6 -6.5 113 0 10.6 17.8 10.0 2.5 2 1 4 5 5
3680.9 5896.9 -4.2 186 0 13.9 13.8 5.0 2.5 2 0 2 0 0
3689.3 5943.7 -6.1 96 0 13.4 17.5 5.0 2.5 4 1 2 2 2
3642.2 5958.9 -9.1 103 0 18.8 13.8 12.5 0.0 0 0 5 3 3
3661.5 5986.0 -7.9 200 0 19.9 12.2 5.0 2.5 2 0 2 3 3
3344.0 5617.8 -8.5 171 0 7.3 13.8 7.5 2.5 2 1 3 1 1
3063.2 5401.6 -9.2 194 0 10.4 20.4 5.0 0.0 0 1 2 4 4
3031.8 5658.0 -7.1 252 0 10.7 22.7 2.5 2.5 2 1 1 1 1
3017.7 5629.7 -7.5 53 0 11.1 16.4 5.0 2.5 2 1 2 4 4
2944.6 5495.7 -6.1 197 0 7.9 15.3 5.0 2.5 2 1 2 1 1
2931.9 5577.3 -8.4 97 0 6.2 11.5 7.5 2.5 2 1 3 5 5
3011.4 5537.5 -6.0 80 0 21.2 10.0 7.5 2.5 2 0 3 0 0
3028.9 5566.9 -6.3 261 0 19.4 10.7 7.5 2.5 2 0 3 4 4
3078.1 5533.2 -7.0 165 0 13.0 15.0 7.5 2.5 2 1 3 4 4
3305.3 5665.2 -7.0 327 0 7.4 13.5 7.5 2.5 2 1 3 2 2
3284.7 5649.7 -6.5 31 0 10.8 14.7 7.5 2.5 2 1 3 1 1
3244.0 5622.8 -5.9 70 0 7.3 12.1 7.5 0.0 0 1 3 4 4
3238.6 5548.6 -6.9 176 0 10.4 14.9 7.5 0.0 0 1 3 4 4
3262.2 5514.9 -7.2 85 0 6.7 6.4 5.0 2.5 2 0 2 0 0
3256.5 5520.7 -7.1 1 0 6.4 9.7 7.5 2.5 2 1 3 5 5
3226.3 5528.0 -6.7 252 0 11.1 12.4 7.5 2.5 2 1 3 0 0
3171.3 5511.8 -7.0 158 0 9.0 12.0 7.5 2.5 2 1 3 3 3
3149.7 5550.1 -8.7 248 0 10.0 13.1 7.5 2.5 4 1 3 0 0
3199.0 5594.8 -6.8 150 0 16.9 14.5 5.0 0.0 0 0 2 5 5
3201.3 5641.7 -6.4 243 0 14.0 22.6 10.0 2.5 2 1 4 2 2
2968.2 5168.3 -9.8 233 0 15.5 11.4 10.0 2.5 2 0 4 2 2
2947.8 5157.0 -9.5 233 0 10.3 22.1 7.5 2.5 2 1 3 4 4
2922.2 5239.4 -10.6 93 0 11.7 11.3 5.0 2.5 2 0 2 0 0
2774.2 5315.3 -11.1 278 0 14.1 11.5 7.5 2.5 4 0 3 5 5
2503.9 5389.6 -10.1 259 0 10.8 8.8 5.0 2.5 2 0 2 0 0
2605.9 5402.9 -9.4 2 0 8.0 9.7 10.0 2.5 2 1 4 4 4
2574.6 5367.0 -9.3 176 0 11.9 12.8 7.5 0.0 0 1 3 1 1
2637.4 5337.2 -9.6 96 0 17.9 11.3 10.0 2.5 2 0 4 2 2
2690.7 5331.6 -10.0 12 0 15.1 18.3 10.0 2.5 2 1 4 4 4
2830.8 4999.4 -9.1 116 0 10.5 7.4 5.0 2.5 2 0 2 1 1
2835.9 5087.2 -10.1 70 0 7.2 9.7 7.5 2.5 2 1 3 1 1
2348.9 4989.3 -10.8 93 0 7.1 7.5 7.5 2.5 2 1 3 4 4
343.7 4477.4 -3.5 85 0 6.6 9.0 7.5 2.5 2 1 3 3 3
315.6 4456.1 -2.7 6 0 9.8 14.1 5.0 2.5 2 1 2 5 5
219.3 4484.9 -1.8 156 0 10.0 7.0 7.5 2.5 4 0 3 1 1
240.8 4528.2 -1.9 335 0 15.4 10.3 2.5 2.5 2 0 1 2 2
211.0 4517.8 -2.0 152 0 10.4 14.6 7.5 2.5 2 1 3 1 1
182.2 4523.2 -3.8 144 0 11.7 11.2 7.5 2.5 2 0 3 2 2
119.1 4432.6 0.3 335 0 10.6 8.6 5.0 2.5 2 0 2 2 2
94.9 4519.6 -1.2 120 0 9.9 7.9 2.5 2.5 2 0 1 3 3
61.0 4464.5 0.5 218 0 10.5 18.3 2.5 2.5 2 1 1 1 1
-593.4 4475.5 -13.3 3 0 12.6 10.3 7.5 2.5 2 0 3 4 4
-614.0 4522.5 -13.2 271 0 9.1 12.6 2.5 2.5 2 1 1 5 5
-765.6 4709.3 -12.0 279 0 15.8 10.1 2.5 2.5 2 0 1 1 1
-809.9 4722.3 -11.8 120 0 11.7 6.9 5.0 2.5 2 0 2 0 0
-544.5 5749.6 -10.9 255 0 13.5 13.5 2.5 2.5 2 0 1 0 0
-555.3 6177.9 -10.5 208 0 13.5 28.9 7.5 2.5 2 1 3 0 0
236.6 6293.9 -11.1 285 0 10.5 11.8 7.5 2.5 2 1 3 4 4
270.7 6285.9 -11.5 282 0 6.3 14.9 5.0 2.5 2 1 2 0 0
313.8 6231.1 -10.5 105 0 16.4 13.6 2.5 2.5 2 0 1 4 4
332.4 6099.9 -10.8 290 0 8.3 13.2 7.5 2.5 2 1 3 3 3
400.1 6163.0 -8.6 9 0 12.3 15.6 7.5 2.5 2 1 3 3 3
385.0 6199.6 -8.3 16 0 11.0 11.9 7.5 2.5 2 1 3 0 0
386.2 6270.8 -8.2 107 0 16.7 13.0 5.0 2.5 2 0 2 1 1
458.8 6274.3 -6.4 137 0 7.2 11.3 5.0 2.5 4 1 2 2 2
524.1 6290.9 -5.9 12 0 16.2 18.0 7.5 2.5 2 1 3 2 2
389.3 6465.7 -8.6 112 0 6.3 8.0 7.5 2.5 2 1 3 0 0
408.9 6477.6 -8.3 302 0 7.1 8.7 7.5 2.5 2 1 3 1 1
460.3 6466.1 -7.2 294 0 9.6 10.2 7.5 2.5 2 1 3 5 5
520.2 6434.5 -5.9 297 0 14.8 9.8 5.0 2.5 2 0 2 5 5
576.6 6438.5 -5.1 107 0 16.2 11.1 5.0 2.5 2 0 2 1 1
724.8 6434.1 -5.6 79 0 14.3 8.7 2.5 2.5 2 0 1 0 0
-6095.2 -269.5 9.5 63 0 10.5 17.9 7.5 2.5 2 1 3 2 2
-6150.1 -280.1 8.3 257 0 13.0 10.3 7.5 2.5 2 0 3 5 5
-6222.4 -288.6 8.8 268 0 14.8 11.7 7.5 2.5 2 0 3 0 0
-6387.7 -446.0 6.3 257 0 11.0 14.9 7.5 2.5 2 1 3 3 3
-6395.1 -256.9 7.0 259 0 10.4 18.3 7.5 0.0 0 1 3 5 5
-6370.1 -357.5 8.9 169 0 14.2 16.5 5.0 2.5 2 1 2 3 3
-6338.5 -398.5 7.1 240 0 15.9 15.3 5.0 2.5 2 0 2 1 1
-6273.6 -312.8 8.2 73 0 14.6 11.3 10.0 0.0 0 0 4 5 5
-6269.3 -359.6 7.6 260 0 10.7 14.7 7.5 2.5 2 1 3 2 2
-6227.5 -350.7 8.1 260 0 16.7 13.6 7.5 2.5 2 0 3 0 0
-6192.6 -346.0 8.5 270 0 12.8 18.5 5.0 2.5 2 1 2 0 0
-6146.0 -346.9 7.8 255 0 10.5 15.5 2.5 2.5 2 1 1 0 0
-6123.7 -331.4 7.3 252 0 12.3 10.2 10.0 2.5 2 0 4 4 4
-6100.9 -317.7 7.5 244 0 11.6 18.3 2.5 2.5 2 1 1 5 5
-6064.1 -289.3 8.7 226 0 15.1 15.2 5.0 2.5 2 1 2 5 5
-6034.4 -242.2 9.6 218 0 17.9 13.5 7.5 0.0 0 0 3 5 5
-6003.7 -216.4 10.1 224 0 12.1 20.9 10.0 2.5 2 1 4 3 3
-5931.3 -272.3 9.0 23 0 10.4 11.8 5.0 2.5 2 1 2 0 0
-5900.5 -327.5 7.9 332 0 11.0 14.1 2.5 2.5 2 1 1 0 0
-5861.8 -68.7 13.3 86 0 6.8 12.1 5.0 2.5 2 1 2 5 5
-6252.8 58.3 13.1 245 0 11.6 12.0 7.5 2.5 2 1 3 4 4
-6154.9 -79.8 11.4 147 0 13.6 13.7 5.0 2.5 2 1 2 4 4
-6166.1 -155.5 11.1 160 0 10.8 11.3 7.5 2.5 2 1 3 1 1
-6130.7 -183.8 10.5 339 0 13.5 13.2 7.5 2.5 2 0 3 0 0
-6109.3 -175.9 10.0 144 0 17.5 17.2 12.5 2.5 2 0 5 5 5
-6059.5 -169.7 10.1 305 0 13.8 16.4 5.0 2.5 2 1 2 4 4
-6042.6 -85.0 11.6 183 0 7.3 8.8 2.5 2.5 2 1 1 3 3
-6011.1 -31.1 11.6 276 0 14.9 6.6 10.0 0.0 0 0 4 1 1
-6003.1 -136.6 12.3 6 0 12.0 8.8 2.5 2.5 2 0 1 4 4
-6015.5 -89.5 11.8 351 0 12.6 12.0 5.0 2.5 2 0 2 2 2
-5966.1 -45.4 11.9 286 0 9.9 15.3 2.5 2.5 2 1 1 2 2
-5917.6 -87.5 12.2 85 0 9.0 16.5 7.5 2.5 2 1 3 3 3
-5882.8 -86.6 12.7 91 0 8.1 11.4 7.5 2.5 2 1 3 4 4
-5844.8 -79.9 12.7 85 0 14.4 13.3 7.5 2.5 2 0 3 5 5
-5811.6 -95.8 11.8 93 0 11.5 13.0 7.5 2.5 2 1 3 0 0
-5754.9 -114.6 11.0 96 0 9.2 20.0 7.5 2.5 2 1 3 2 2
-5653.1 1801.4 -10.9 354 0 10.4 9.1 10.0 2.5 4 0 4 2 2
4502.2 6271.7 -5.1 179 0 16.1 14.2 5.0 2.5 2 0 2 3 3
4406.8 6177.6 -4.3 358 0 19.4 13.1 10.0 2.5 2 0 4 1 1
4340.4 6209.4 -5.1 259 0 16.2 14.3 5.0 2.5 2 0 2 0 0
4179.6 6233.0 -5.4 181 0 12.0 12.2 5.0 2.5 2 1 2 2 2
4185.0 6118.3 -2.4 17 0 11.6 14.7 7.5 2.5 2 1 3 5 5
4181.2 6148.7 -3.4 2 0 11.7 11.2 7.5 2.5 2 0 3 4 4
4184.6 6185.9 -4.3 4 0 10.4 7.2 5.0 2.5 2 0 2 3 3
4117.1 6158.2 -4.3 177 0 16.9 11.5 2.5 2.5 2 0 1 3 3
4105.1 6109.1 -1.8 181 0 14.0 12.7 7.5 2.5 2 0 3 2 2
4076.7 6088.2 -0.7 184 0 16.4 10.8 2.5 2.5 2 0 1 3 3
3974.6 6200.9 -7.1 268 0 10.1 12.0 7.5 2.5 4 1 3 0 0
3987.2 6066.3 -1.1 2 0 14.5 11.2 7.5 2.5 2 0 3 1 1
3977.5 6080.8 -1.9 349 0 9.1 13.8 10.0 2.5 2 1 4 3 3
4040.0 6034.2 1.2 269 0 13.0 9.1 7.5 2.5 2 0 3 4 4
4011.7 6029.3 1.0 268 0 16.4 15.6 7.5 2.5 2 0 3 2 2
3992.3 5992.4 1.4 252 0 8.5 6.6 10.0 2.5 2 0 4 3 3
3969.8 5998.3 0.9 257 0 9.4 18.8 2.5 2.5 2 1 1 2 2
4038.7 5865.4 1.5 355 0 13.3 15.1 7.5 2.5 2 1 3 5 5
4008.7 5781.5 1.2 190 0 15.9 12.5 5.0 2.5 2 0 2 4 4
4043.4 5948.4 0.8 4 0 13.5 17.7 5.0 2.5 2 1 2 4 4
4047.1 5960.0 0.6 93 0 10.1 14.4 2.5 2.5 2 1 1 1 1
4146.7 5920.9 2.7 306 0 10.7 9.5 2.5 2.5 2 0 1 3 3
4209.0 5925.1 2.3 267 0 8.0 12.4 7.5 2.5 2 1 3 0 0
4226.7 5934.2 1.9 282 0 12.3 9.8 5.0 2.5 2 0 2 3 3
4164.6 5995.3 1.5 87 0 9.0 14.2 5.0 2.5 2 1 2 5 5
4189.9 6013.6 1.5 357 0 14.2 12.8 7.5 2.5 2 0 3 3 3
4179.1 6080.0 -0.6 93 0 11.9 13.5 10.0 2.5 2 1 4 2 2
4145.3 6063.0 0.7 3 0 12.1 16.6 7.5 2.5 2 1 3 4 4
4114.6 6043.6 1.4 198 0 11.6 7.6 10.0 2.5 2 0 4 5 5
4138.6 6023.9 1.5 3 0 10.4 15.4 5.0 2.5 2 1 2 0 0
4137.9 5961.2 1.7 93 0 16.4 14.9 7.5 2.5 2 0 3 3 3
4181.8 5944.4 1.7 268 0 17.8 23.2 10.0 2.5 4 1 4 1 1
4134.7 5771.0 3.0 89 0 17.3 11.4 5.0 2.5 2 0 2 4 4
4080.3 5682.6 -0.2 163 0 12.9 15.5 7.5 2.5 2 1 3 0 0
4085.6 5740.1 1.5 184 0 12.4 8.7 7.5 2.5 4 0 3 3 3
4067.0 5751.7 1.1 200 0 14.5 14.4 5.0 2.5 2 0 2 1 1
4064.5 5778.3 1.6 193 0 11.0 10.3 7.5 2.5 4 0 3 3 3
4080.0 5776.6 2.0 178 0 15.0 16.7 5.0 2.5 2 1 2 2 2
4107.6 5888.1 2.7 359 0 9.5 8.6 7.5 2.5 4 0 3 3 3
4081.2 5863.4 2.3 178 0 11.5 16.5 7.5 2.5 2 1 3 4 4
4079.2 5819.7 2.4 177 0 20.6 11.9 2.5 2.5 2 0 1 0 0
4040.9 5837.8 1.5 359 0 11.1 15.4 7.5 2.5 2 1 3 5 5
4049.8 5818.6 1.6 1 0 7.8 12.3 7.5 2.5 2 1 3 2 2
4037.7 5732.1 -0.1 347 0 14.3 24.5 12.5 2.5 2 1 5 2 2
-1288.5 3588.5 -8.2 0 0 10.8 12.0 7.5 2.5 2 1 3 1 1
-1316.6 3564.6 -6.9 247 0 7.9 9.0 7.5 2.5 2 1 3 5 5
-1285.8 3464.0 -6.0 334 0 16.3 12.5 7.5 2.5 2 0 3 0 0
-1383.5 3418.3 -3.8 5 0 10.3 11.2 7.5 2.5 2 1 3 0 0
-1460.7 3483.4 -4.0 358 0 9.5 22.5 2.5 0.0 0 1 1 4 4
-1465.0 3378.9 -2.8 173 0 9.8 16.3 2.5 2.5 2 1 1 1 1
-1442.4 3343.2 -3.0 185 0 9.4 13.6 7.5 2.5 2 1 3 1 1
-1515.8 3290.9 -2.1 94 0 12.3 10.5 2.5 2.5 2 0 1 3 3
-1503.6 3246.1 -2.2 98 0 17.3 13.0 5.0 0.0 0 0 2 4 4
-1334.4 3053.4 -1.0 69 0 10.8 11.9 7.5 2.5 2 1 3 1 1
-1386.6 3119.8 -1.1 178 0 11.8 12.1 7.5 2.5 2 1 3 0 0
-1430.2 3165.0 -1.7 1 0 11.7 12.6 5.0 2.5 2 1 2 1 1
-1407.8 3050.9 1.4 338 0 17.4 18.2 10.0 0.0 0 1 4 3 3
-1254.5 2803.6 1.4 152 0 10.6 11.0 7.5 2.5 2 1 3 4 4
-1260.6 2851.7 0.8 165 0 12.1 13.3 7.5 0.0 0 1 3 3 3
-1274.9 2872.0 1.0 159 0 11.0 8.8 7.5 2.5 2 0 3 4 4
-1281.1 2909.4 0.4 165 0 9.6 17.1 7.5 2.5 2 1 3 5 5
-1292.5 2950.1 0.3 172 0 20.3 8.5 5.0 2.5 2 0 2 4 4
-1318.4 2968.0 0.1 161 0 7.8 12.2 7.5 2.5 4 1 3 1 1
-1337.9 2954.3 0.4 328 0 14.4 11.7 5.0 0.0 0 0 2 0 0
-1340.9 2882.0 1.8 184 0 14.4 15.2 5.0 2.5 2 1 2 3 3
-1303.2 2840.5 2.1 347 0 13.0 19.8 7.5 2.5 2 1 3 2 2
-1297.0 2790.9 2.6 316 0 14.8 14.8 2.5 2.5 2 0 1 3 3
-1271.7 2774.4 2.7 293 0 11.9 20.5 5.0 2.5 2 1 2 2 2
-1253.6 2724.4 2.8 254 0 9.4 18.8 7.5 0.0 0 1 3 5 5
-1195.6 2736.5 -0.3 306 0 16.3 18.2 12.5 2.5 2 1 5 2 2
-1059.6 2624.8 0.8 69 0 6.6 9.7 2.5 2.5 2 1 1 1 1
-1107.0 2686.5 -1.0 305 0 18.9 13.3 10.0 2.5 2 0 4 0 0
-1094.8 2722.9 -2.1 138 0 10.1 21.8 7.5 0.0 0 1 3 2 2
-1039.2 2696.7 -1.8 121 0 13.9 18.5 7.5 2.5 2 1 3 5 5
-997.8 2642.1 -0.4 64 0 10.6 17.7 2.5 2.5 2 1 1 4 4
-1026.9 2669.5 -0.8 139 0 14.6 12.8 7.5 2.5 4 0 3 4 4
-891.7 2537.5 -0.8 34 0 13.6 12.1 7.5 2.5 2 0 3 3 3
-927.9 2552.7 -0.2 113 0 11.0 19.0 5.0 2.5 2 1 2 0 0
-953.0 2555.0 0.3 134 0 25.4 7.2 7.5 2.5 2 0 3 2 2
-1025.3 2495.3 3.1 7 0 12.1 14.9 7.5 2.5 2 1 3 5 5
-970.2 2436.9 1.3 97 0 12.7 15.8 2.5 2.5 2 1 1 1 1
-1069.8 2395.9 4.0 296 0 10.3 10.5 7.5 2.5 2 1 3 4 4
-1021.1 2354.9 3.5 290 0 14.8 9.9 7.5 2.5 2 0 3 3 3
-1012.1 2299.2 4.5 3 0 11.8 20.6 5.0 2.5 2 1 2 4 4
-1069.1 2251.6 2.7 189 0 10.0 12.5 5.0 2.5 2 1 2 3 3
-1074.3 2184.2 1.7 96 0 10.6 7.2 7.5 2.5 2 0 3 2 2
-1102.5 2220.5 1.3 195 0 9.5 12.5 5.0 2.5 2 1 2 5 5
-1181.9 2204.0 2.5 223 0 11.3 17.1 5.0 2.5 2 1 2 1 1
-1220.2 2145.8 2.7 37 0 12.4 13.2 7.5 0.0 0 1 3 2 2
-1244.5 2092.3 2.0 237 0 13.2 28.3 7.5 2.5 2 1 3 3 3
-1312.0 2107.3 3.3 149 0 9.9 6.1 7.5 2.5 2 0 3 5 5
-1276.3 2115.2 3.0 59 0 16.8 15.5 10.0 2.5 2 0 4 3 3
-1326.3 2016.4 2.4 63 0 14.9 14.0 7.5 2.5 4 0 3 4 4
-1611.0 1898.0 5.3 338 0 6.0 6.0 7.5 2.5 4 1 3 4 4
-1632.3 1908.5 5.7 160 0 11.8 14.5 7.5 2.5 4 1 3 5 5
-2396.3 1628.8 10.9 119 0 7.9 7.7 5.0 2.5 2 0 2 5 5
-2311.1 1677.9 9.3 37 0 10.5 9.6 10.0 2.5 2 0 4 0 0
-2274.0 1598.3 6.9 218 0 9.0 14.6 10.0 2.5 2 1 4 0 0
-2322.8 1412.6 8.3 124 0 14.7 8.0 7.5 0.0 0 0 3 3 3
-2451.7 1499.3 8.1 217 0 6.7 10.6 7.5 2.5 2 1 3 5 5
-2457.3 1490.6 8.0 217 0 6.6 11.8 7.5 2.5 2 1 3 0 0
-2637.7 1358.9 6.7 279 0 8.9 10.0 7.5 2.5 2 1 3 3 3
-2537.0 1235.7 10.0 90 0 12.3 10.9 7.5 2.5 2 0 3 1 1
-2611.3 1242.3 9.3 187 0 13.5 18.2 2.5 2.5 2 1 1 0 0
-2705.2 1315.1 6.4 172 0 10.9 10.7 5.0 2.5 2 0 2 1 1
-2703.4 1230.5 7.2 93 0 11.8 11.5 2.5 2.5 2 0 1 4 4
-2852.2 1418.3 5.1 291 0 12.3 13.3 7.5 2.5 4 1 3 5 5
-2827.0 1292.1 4.3 292 0 11.7 14.7 5.0 2.5 2 1 2 0 0
-2872.6 1244.3 3.1 284 0 8.6 12.8 7.5 2.5 2 1 3 1 1
-2873.6 1277.5 4.1 114 0 16.0 10.6 5.0 2.5 2 0 2 1 1
-2963.3 1364.5 5.4 44 0 10.2 12.5 7.5 0.0 0 1 3 3 3
-2937.0 1336.4 5.2 108 0 11.6 14.4 5.0 2.5 2 1 2 0 0
-2890.2 1471.8 5.2 18 0 11.8 16.0 5.0 2.5 2 1 2 0 0
-2915.0 1426.3 4.8 106 0 11.6 15.8 7.5 2.5 2 1 3 3 3
-2938.9 1494.3 5.0 289 0 14.9 13.1 5.0 0.0 0 0 2 3 3
-3002.3 1501.8 5.0 281 0 13.0 21.7 10.0 2.5 2 1 4 1 1
-3029.8 1438.1 5.0 190 0 14.2 10.7 10.0 2.5 2 0 4 5 5
-3072.3 1381.6 5.6 107 0 6.4 6.2 7.5 0.0 0 0 3 4 4
-3116.7 1395.0 5.3 121 0 8.2 20.4 5.0 2.5 2 1 2 3 3
-3162.6 1417.3 4.7 119 0 15.8 9.3 5.0 2.5 2 0 2 1 1
-3235.8 1403.0 5.3 285 0 11.1 12.1 5.0 2.5 2 1 2 5 5
-3269.7 1415.8 6.0 272 0 15.4 12.4 5.0 2.5 2 0 2 4 4
-3296.4 1453.6 4.0 98 0 8.9 6.4 5.0 2.5 2 0 2 3 3
-3326.6 1472.2 2.3 106 0 8.4 9.8 5.0 0.0 0 1 2 3 3
-3336.2 1442.6 1.0 288 0 10.8 7.8 10.0 2.5 2 0 4 0 0
-3366.0 1467.2 -0.9 312 0 22.1 14.2 10.0 2.5 2 0 4 2 2
-3451.6 1474.7 0.4 253 0 8.9 20.7 2.5 2.5 2 1 1 0 0
-3450.5 1446.8 -0.1 167 0 6.4 22.1 7.5 2.5 2 1 3 3 3
-3588.7 984.8 1.8 190 0 6.6 12.2 5.0 2.5 2 1 2 2 2
-3717.8 1013.8 1.4 114 0 17.3 11.8 2.5 2.5 2 0 1 5 5
-3551.0 970.1 1.7 7 0 15.8 12.3 5.0 2.5 2 0 2 5 5
-3477.6 549.2 7.8 92 0 12.0 6.1 7.5 0.0 0 0 3 2 2
-3734.4 863.1 3.8 212 0 11.8 23.7 15.0 0.0 0 1 6 4 4
-3658.7 849.0 5.0 115 0 17.0 10.7 7.5 2.5 2 0 3 2 2
-3536.1 743.1 5.0 301 0 8.6 8.0 5.0 2.5 2 0 2 4 4
-4263.8 729.4 4.3 205 0 14.5 11.4 7.5 2.5 2 0 3 2 2
-1899.2 4295.0 -10.9 350 0 13.3 7.2 2.5 2.5 2 0 1 4 4
-1921.0 4391.1 -11.9 275 0 14.5 15.1 2.5 2.5 2 1 1 5 5
-1987.3 3974.7 -3.2 2 0 11.4 11.1 5.0 2.5 4 0 2 1 1
-1951.3 4023.8 -4.9 5 0 16.2 7.7 7.5 2.5 4 0 3 1 1
-1892.7 4160.1 -9.1 194 0 12.9 11.3 2.5 2.5 2 0 1 2 2
-1888.8 4200.0 -9.7 191 0 11.3 18.4 10.0 2.5 2 1 4 4 4
-1911.0 4179.0 -8.1 6 0 16.3 12.0 5.0 2.5 2 0 2 5 5
-1910.8 4263.9 -10.5 5 0 13.9 9.0 5.0 2.5 2 0 2 1 1
-1829.8 4368.6 -10.6 271 0 10.0 14.0 7.5 2.5 2 1 3 4 4
-1803.2 4381.6 -10.4 268 0 10.4 17.4 5.0 2.5 2 1 2 5 5
-1774.4 4355.0 -10.0 85 0 8.4 14.8 7.5 2.5 2 1 3 2 2
-1764.9 4379.7 -10.3 259 0 12.1 15.6 7.5 0.0 0 1 3 4 4
-1738.1 4402.6 -11.1 258 0 10.2 11.4 7.5 2.5 2 1 3 4 4
-1715.9 4395.6 -10.8 271 0 20.3 17.5 7.5 2.5 2 0 3 2 2
-1668.9 4404.4 -11.1 263 0 12.6 14.3 10.0 2.5 4 1 4 3 3
-1620.2 4100.6 -7.3 333 0 8.1 6.2 5.0 2.5 4 0 2 3 3
-1533.9 4283.3 -10.9 266 0 6.3 11.0 7.5 2.5 2 1 3 1 1
-1565.2 4375.5 -10.9 349 0 9.3 19.0 7.5 2.5 2 1 3 2 2
-1619.5 4355.8 -10.7 348 0 20.9 12.7 7.5 2.5 2 0 3 5 5
-1599.7 4273.4 -9.6 348 0 16.6 11.8 2.5 2.5 4 0 1 5 5
-1561.0 4202.4 -8.8 358 0 18.7 20.8 12.5 2.5 2 1 5 1 1
-1674.0 4081.9 -6.7 90 0 13.9 11.7 7.5 2.5 2 0 3 1 1
-1649.2 4113.3 -7.1 264 0 9.7 16.8 7.5 0.0 0 1 3 4 4
-1594.0 4090.7 -7.4 335 0 11.9 25.9 10.0 2.5 2 1 4 5 5
-1616.1 4129.2 -7.1 330 0 10.7 10.2 5.0 2.5 2 0 2 3 3
-1530.0 4213.7 -8.6 164 0 13.8 18.1 10.0 2.5 2 1 4 0 0
-1507.4 4185.2 -8.0 166 0 11.2 16.7 2.5 2.5 2 1 1 2 2
-1418.8 3998.8 -10.1 62 0 11.6 15.3 7.5 2.5 2 1 3 3 3
-1477.3 4152.1 -7.4 346 0 12.5 12.4 5.0 2.5 2 0 2 1 1
-1469.0 4100.5 -7.6 83 0 14.2 15.8 5.0 0.0 0 1 2 1 1
-1540.8 4037.3 -8.0 161 0 11.9 19.7 5.0 2.5 2 1 2 3 3
-1540.8 3926.4 -8.1 346 0 16.7 12.4 5.0 0.0 0 0 2 0 0
-1497.0 3909.9 -8.5 83 0 11.8 15.5 7.5 2.5 2 1 3 0 0
-1425.7 3729.9 -6.2 282 0 19.6 12.7 5.0 2.5 2 0 2 2 2
-1407.1 3810.7 -7.8 8 0 7.7 13.5 10.0 2.5 2 1 4 5 5
-1549.9 3208.1 0.6 346 0 15.2 11.7 5.0 2.5 2 0 2 1 1
-1469.0 3273.4 -2.5 293 0 7.6 7.2 5.0 2.5 4 0 2 1 1
-1543.6 3415.9 -2.2 343 0 12.0 10.5 7.5 2.5 2 0 3 5 5
-1568.8 3809.0 -6.8 247 0 15.6 11.2 5.0 2.5 2 0 2 0 0
-1509.5 3862.0 -7.8 360 0 23.9 14.5 10.0 2.5 2 0 4 4 4
-1522.1 3803.2 -6.3 357 0 8.5 12.6 7.5 2.5 2 1 3 3 3
-1585.0 3710.1 -3.5 91 0 15.1 9.8 5.0 2.5 2 0 2 2 2
-1517.7 3715.7 -4.0 2 0 10.3 15.3 7.5 2.5 4 1 3 0 0
-1485.1 3742.9 -4.2 169 0 10.5 19.2 2.5 2.5 2 1 1 0 0
-1548.4 3630.4 -5.1 359 0 11.4 7.5 5.0 2.5 2 0 2 4 4
-1519.4 3576.0 -6.3 185 0 9.4 13.7 7.5 2.5 2 1 3 3 3
-1524.4 3611.3 -5.8 182 0 9.6 13.9 5.0 2.5 2 1 2 4 4
-1531.3 3482.5 -4.3 343 0 8.0 16.5 5.0 2.5 4 1 2 1 1
-1570.3 3547.0 -5.4 67 0 15.8 14.7 10.0 2.5 2 0 4 0 0
-1643.3 3653.5 -3.1 11 0 12.9 6.4 7.5 2.5 2 0 3 2 2
-1632.5 3722.8 -4.2 193 0 7.3 13.5 7.5 2.5 2 1 3 5 5
-1645.0 3814.0 -6.5 8 0 10.5 20.2 5.0 2.5 2 1 2 4 4
-1660.3 3786.3 -6.0 10 0 8.4 9.8 5.0 2.5 2 1 2 1 1
-1684.2 3618.0 -2.5 349 0 12.3 18.1 5.0 2.5 2 1 2 2 2
-1686.1 3551.7 -1.7 357 0 15.4 11.9 2.5 2.5 2 0 1 5 5
-1716.4 3406.2 0.9 101 0 15.0 10.0 7.5 0.0 0 0 3 0 0
-1681.7 3473.1 -1.7 352 0 10.8 17.2 7.5 2.5 2 1 3 1 1
-1648.1 3371.6 -0.1 2 0 15.6 8.5 7.5 2.5 2 0 3 2 2
-1609.8 3402.3 -1.2 196 0 14.5 8.8 10.0 2.5 2 0 4 2 2
-1636.1 3342.2 -1.0 174 0 20.8 24.7 7.5 2.5 2 1 3 3 3
-1650.6 3284.7 0.3 314 0 17.5 16.1 10.0 2.5 2 0 4 4 4
-1677.0 3324.9 0.0 343 0 10.8 11.4 7.5 2.5 2 1 3 5 5
-1739.0 3267.1 3.1 241 0 11.2 10.8 2.5 2.5 2 0 1 2 2
-1693.1 3183.0 6.8 340 0 14.8 14.4 10.0 2.5 2 0 4 2 2
-1624.3 3208.8 3.1 131 0 14.4 15.0 5.0 2.5 2 1 2 4 4
-1566.6 3310.6 -1.5 64 0 14.7 11.5 7.5 0.0 0 0 3 3 3
-962.4 2462.5 1.2 277 0 10.9 6.2 5.0 2.5 2 0 2 2 2
-3032.0 1362.9 5.3 196 0 10.0 18.7 7.5 2.5 4 1 3 4 4
-3165.8 1527.4 7.7 287 0 16.0 9.1 10.0 2.5 4 0 4 4 4
-2801.3 1187.6 4.3 58 0 6.1 13.6 7.5 0.0 0 1 3 5 5
-2787.4 1195.4 4.5 51 0 11.5 17.2 7.5 2.5 2 1 3 5 5
-2749.5 1193.2 6.2 224 0 9.8 15.3 7.5 2.5 2 1 3 1 1
-2706.7 1191.8 7.5 276 0 11.7 11.8 7.5 0.0 0 1 3 0 0
-2684.5 1186.8 8.2 268 0 11.5 16.0 10.0 2.5 2 1 4 4 4
-2639.4 1158.6 8.7 88 0 16.6 14.1 7.5 2.5 2 0 3 1 1
-2617.2 1201.5 9.6 271 0 14.0 15.2 5.0 2.5 2 1 2 0 0
-2616.3 1182.0 9.4 269 0 10.6 7.4 7.5 2.5 2 0 3 5 5
-2540.9 1186.3 10.6 256 0 17.4 12.2 2.5 0.0 0 0 1 1 1
-2569.4 1189.7 10.1 264 0 19.6 14.1 10.0 2.5 2 0 4 2 2
-2036.7 977.8 7.7 69 0 8.2 10.2 7.5 2.5 2 1 3 1 1
-2007.7 1051.3 7.0 111 0 16.9 13.5 2.5 0.0 0 0 1 2 2
-2092.3 1066.9 7.8 23 0 8.1 12.2 7.5 2.5 2 1 3 4 4
-2154.9 1041.6 8.1 194 0 10.7 13.0 7.5 2.5 2 1 3 0 0
-2284.7 974.9 8.8 270 0 10.6 13.3 7.5 2.5 2 1 3 1 1
-2271.0 4230.0 -6.6 283 0 9.5 11.8 7.5 2.5 2 1 3 4 4
-2241.6 4181.9 -6.8 180 0 17.7 27.6 12.5 2.5 4 1 5 4 4
-2238.4 4226.4 -7.1 198 0 9.9 16.2 10.0 2.5 2 1 4 5 5
-2201.8 4286.5 -7.2 210 0 20.5 13.0 10.0 2.5 2 0 4 3 3
-2108.0 4238.1 -9.4 106 0 9.0 12.0 7.5 2.5 2 1 3 2 2
-2049.5 4280.7 -10.1 199 0 9.1 16.2 2.5 2.5 4 1 1 4 4
-2063.5 4235.2 -9.7 113 0 15.7 13.0 7.5 2.5 2 0 3 4 4
-2044.4 4227.7 -9.4 95 0 10.6 12.9 2.5 2.5 2 1 1 4 4
-2018.3 4235.5 -9.3 3 0 10.8 15.1 5.0 2.5 2 1 2 2 2
-2785.3 4050.0 -7.5 259 0 12.0 12.1 7.5 2.5 2 1 3 5 5
-2823.9 3990.2 -10.1 350 0 11.7 14.4 7.5 2.5 2 1 3 4 4
-2825.6 3968.2 -10.3 340 0 14.6 13.7 5.0 2.5 4 0 2 5 5
-2814.8 3951.8 -10.2 344 0 13.0 18.2 7.5 2.5 2 1 3 3 3
-2798.0 3850.8 -9.1 2 0 11.0 15.1 7.5 2.5 2 1 3 1 1
-2783.1 3972.9 -7.9 160 0 10.0 9.9 2.5 2.5 2 0 1 1 1
-2774.2 3953.4 -7.9 165 0 15.0 12.2 10.0 2.5 4 0 4 0 0
-2778.4 3926.2 -7.9 167 0 6.1 15.1 7.5 2.5 2 1 3 1 1
-2756.6 3919.3 -7.1 168 0 9.7 14.9 5.0 2.5 2 1 2 1 1
-2749.6 3949.8 -7.2 174 0 14.9 11.5 7.5 2.5 2 0 3 0 0
-2707.4 3952.2 -6.5 351 0 12.4 19.2 5.0 2.5 2 1 2 4 4
-2686.4 4012.3 -6.2 84 0 19.8 10.0 10.0 2.5 2 0 4 1 1
-2692.5 4057.8 -6.6 272 0 12.6 18.4 5.0 2.5 4 1 2 1 1
-2660.7 4089.5 -6.4 90 0 13.1 9.0 7.5 2.5 2 0 3 1 1
-2565.1 4053.9 -5.1 358 0 12.3 10.1 5.0 2.5 4 0 2 3 3
-2656.4 4154.3 -7.1 177 0 12.5 12.4 2.5 2.5 2 0 1 0 0
-2616.5 4258.3 -8.0 354 0 7.3 13.4 10.0 2.5 2 1 4 2 2
-2571.9 4213.2 -7.0 182 0 14.5 14.0 2.5 2.5 2 0 1 0 0
-2527.7 4202.2 -7.8 106 0 11.5 13.7 7.5 2.5 2 1 3 0 0
-2542.0 4245.9 -8.3 265 0 13.0 6.6 10.0 2.5 2 0 4 1 1
-2521.2 4278.7 -9.4 88 0 15.9 11.5 2.5 2.5 2 0 1 4 4
-2469.1 4274.3 -9.2 91 0 8.3 14.8 7.5 0.0 0 1 3 3 3
-2465.1 4211.8 -8.1 108 0 12.8 14.5 5.0 2.5 2 1 2 3 3
-2441.4 4289.3 -9.5 90 0 21.9 18.5 7.5 2.5 2 0 3 5 5
-2346.0 4280.3 -7.1 96 0 9.6 11.6 10.0 2.5 2 1 4 3 3
-2374.1 4246.2 -7.3 285 0 13.7 17.6 2.5 2.5 2 1 1 2 2
-2385.2 4124.5 -4.9 84 0 17.1 10.5 7.5 2.5 2 0 3 2 2
-2289.8 3967.3 -2.4 84 0 12.1 8.3 7.5 2.5 4 0 3 4 4
-2375.6 3922.6 -1.5 281 0 18.8 12.5 5.0 2.5 2 0 2 0 0
-2247.0 3902.6 0.3 4 0 12.6 7.3 7.5 2.5 2 0 3 1 1
-2235.5 3997.1 -2.3 170 0 9.8 16.9 7.5 2.5 2 1 3 4 4
-2241.6 4077.1 -4.3 178 0 6.6 9.4 2.5 2.5 2 1 1 3 3
-3029.4 4380.2 -12.6 181 0 12.7 6.5 7.5 2.5 2 0 3 3 3
-2832.4 4327.3 -10.8 347 0 10.3 9.0 7.5 2.5 2 0 3 3 3
-2801.7 4239.1 -11.3 185 0 22.0 10.8 2.5 2.5 2 0 1 5 5
-2800.9 4198.8 -10.9 178 0 17.4 12.5 2.5 2.5 2 0 1 3 3
-2868.0 4201.4 -12.9 264 0 11.9 19.9 2.5 2.5 2 1 1 2 2
-2843.9 4172.3 -11.9 345 0 12.3 24.8 7.5 2.5 2 1 3 2 2
-2852.2 4144.2 -11.2 358 0 9.9 21.7 7.5 2.5 2 1 3 4 4
-2842.6 4054.2 -10.7 348 0 11.9 12.3 7.5 2.5 2 1 3 2 2
-2830.7 4041.2 -10.3 345 0 11.1 16.7 7.5 2.5 2 1 3 4 4
-2815.4 4065.9 -8.9 84 0 10.9 13.7 5.0 2.5 2 1 2 0 0
-2820.6 4100.7 -9.0 174 0 17.2 12.0 2.5 2.5 2 0 1 4 4
-2785.1 4096.0 -8.4 87 0 10.5 17.5 2.5 2.5 2 1 1 1 1
-2937.5 3758.8 -10.6 357 0 10.8 11.8 7.5 2.5 2 1 3 1 1
-2938.9 3727.3 -9.9 359 0 18.9 27.6 12.5 2.5 2 1 5 5 5
-2708.8 2374.0 1.9 17 0 8.3 10.4 7.5 2.5 2 1 3 2 2
-2452.0 2478.6 0.9 75 0 19.3 11.9 2.5 2.5 2 0 1 5 5
-2216.5 2464.2 0.9 80 0 13.4 8.5 7.5 2.5 2 0 3 1 1
-2173.8 3051.9 4.9 79 0 10.7 13.7 2.5 2.5 2 1 1 3 3
-2381.1 2974.2 -0.5 305 0 12.8 9.1 7.5 2.5 2 0 3 4 4
-2343.8 3039.7 -0.3 91 0 7.2 13.6 7.5 2.5 2 1 3 3 3
-2396.1 3104.1 -0.2 97 0 16.0 10.3 2.5 2.5 2 0 1 3 3
-2479.9 3105.5 -1.7 358 0 10.6 13.3 7.5 2.5 2 1 3 5 5
-2473.4 3148.8 -2.3 342 0 11.2 13.7 5.0 0.0 0 1 2 2 2
-2434.1 3295.1 -3.7 71 0 15.9 15.6 2.5 2.5 2 0 1 5 5
-2486.1 3442.8 -2.9 180 0 6.7 14.5 7.5 2.5 2 1 3 0 0
-3180.8 3674.5 -6.0 181 0 6.1 12.0 2.5 2.5 2 1 1 4 4
-3139.6 3743.1 -8.7 171 0 13.0 10.9 5.0 2.5 2 0 2 3 3
-3107.7 3750.3 -8.5 267 0 13.4 8.3 7.5 2.5 4 0 3 5 5
-3067.4 3756.7 -9.0 256 0 12.2 10.7 7.5 2.5 2 0 3 2 2
-3114.3 3696.1 -6.6 171 0 8.6 11.7 7.5 2.5 2 1 3 1 1
-3110.0 3713.2 -7.3 170 0 12.7 9.6 10.0 2.5 2 0 4 0 0
-3088.6 3714.8 -7.7 171 0 13.3 10.2 7.5 2.5 2 0 3 2 2
-3046.5 3643.9 -11.3 78 0 6.5 16.1 7.5 2.5 2 1 3 3 3
-3052.5 3661.1 -8.5 77 0 14.0 10.9 5.0 2.5 2 0 2 5 5
-3029.9 3633.9 -11.6 69 0 9.6 12.3 2.5 2.5 2 1 1 2 2
-3017.0 3700.0 -8.0 284 0 16.8 16.4 10.0 2.5 2 0 4 5 5
-2996.8 3725.8 -9.2 353 0 9.1 23.4 7.5 2.5 4 1 3 3 3
-2924.6 3812.8 -11.6 271 0 12.5 11.6 5.0 2.5 2 0 2 1 1
-2776.3 3762.0 -8.6 179 0 10.8 8.2 7.5 2.5 2 0 3 4 4
-2738.6 3725.1 -6.8 89 0 10.7 12.7 7.5 2.5 2 1 3 4 4
-2734.6 3741.6 -6.7 95 0 16.5 10.7 2.5 2.5 2 0 1 1 1
-2715.3 3726.9 -5.5 93 0 13.3 12.4 7.5 2.5 2 0 3 3 3
-2694.3 3721.0 -5.4 87 0 11.6 11.4 2.5 2.5 2 0 1 2 2
-2628.7 3696.7 -6.6 349 0 17.9 8.4 5.0 2.5 2 0 2 1 1
-2666.9 3768.2 -4.2 268 0 10.9 33.6 12.5 2.5 2 1 5 5 5
-2460.8 4085.3 -4.2 262 0 9.3 6.8 7.5 2.5 2 0 3 0 0
-2797.3 3686.5 -9.7 349 0 10.1 9.3 7.5 2.5 2 0 3 1 1
-2797.0 3705.3 -9.7 358 0 23.2 13.7 7.5 0.0 0 0 3 3 3
-2665.3 3560.5 -10.4 239 0 9.6 15.2 7.5 0.0 0 1 3 2 2
-2611.2 3597.6 -5.8 223 0 8.0 10.3 2.5 2.5 4 1 1 4 4
-2590.0 3536.8 -4.6 156 0 11.2 8.1 7.5 2.5 2 0 3 1 1
-2538.6 3480.9 -5.6 49 0 10.1 11.0 7.5 2.5 2 1 3 0 0
-2544.4 3812.1 -0.9 356 0 9.4 11.7 10.0 2.5 2 1 4 4 4
-2650.1 3874.6 -4.3 266 0 10.2 15.2 7.5 2.5 2 1 3 2 2
-2687.7 3832.2 -5.2 88 0 17.5 10.5 7.5 2.5 2 0 3 2 2
-2716.7 3779.5 -5.6 274 0 7.5 7.0 7.5 2.5 2 0 3 0 0
-2732.8 3891.9 -6.8 348 0 16.1 15.3 5.0 2.5 2 0 2 2 2
-2750.9 3855.4 -6.8 183 0 17.5 12.2 7.5 2.5 2 0 3 2 2
-2028.3 4388.5 -11.8 20 0 19.5 10.9 7.5 2.5 2 0 3 4 4
-2155.3 4346.0 -9.7 196 0 11.1 14.6 5.0 2.5 2 1 2 0 0
-2191.7 4353.1 -8.4 17 0 11.1 7.5 5.0 2.5 4 0 2 4 4
-2250.7 4315.2 -6.5 280 0 12.2 17.5 7.5 2.5 2 1 3 2 2
-3362.4 3434.5 5.9 258 0 15.9 10.4 7.5 2.5 2 0 3 0 0
-2466.9 2980.5 -1.9 93 0 13.7 12.1 7.5 0.0 0 0 3 5 5
-5367.3 4057.6 -16.6 332 0 9.5 10.8 2.5 2.5 2 1 1 2 2
-5382.8 4100.7 -17.0 237 0 16.6 12.9 7.5 2.5 2 0 3 5 5
-5209.5 4179.6 -16.9 218 0 6.4 8.2 5.0 2.5 4 1 2 3 3
-5105.2 4326.7 -14.4 82 0 13.5 9.5 10.0 2.5 2 0 4 3 3
-5152.7 4295.1 -15.1 13 0 8.8 13.6 2.5 0.0 0 1 1 0 0
-5213.1 4380.1 -13.9 185 0 12.3 12.1 7.5 2.5 2 0 3 5 5
-5228.7 4331.2 -13.7 182 0 12.0 6.6 5.0 2.5 2 0 2 5 5
-5235.3 4318.3 -13.9 185 0 10.4 11.2 2.5 2.5 2 1 1 2 2
-5249.2 4305.9 -14.1 200 0 9.4 13.9 7.5 2.5 2 1 3 2 2
-5251.6 4293.5 -14.2 200 0 11.5 10.8 7.5 2.5 2 0 3 5 5
-5254.2 4272.2 -14.9 184 0 12.1 15.6 5.0 2.5 2 1 2 0 0
-5274.2 4271.3 -15.4 37 0 6.3 16.1 7.5 2.5 2 1 3 4 4
-5298.0 4264.6 -16.7 20 0 10.2 12.1 7.5 2.5 2 1 3 0 0
-5297.8 4234.0 -17.4 9 0 14.6 13.8 2.5 2.5 2 0 1 5 5
-5318.0 4320.0 -15.9 185 0 9.4 16.2 7.5 2.5 2 1 3 3 3
-5259.0 4345.0 -13.7 9 0 11.6 11.7 5.0 2.5 2 1 2 4 4
-5247.8 4372.8 -13.6 8 0 15.1 13.4 5.0 2.5 2 0 2 5 5
-5341.3 4371.2 -16.4 193 0 13.6 12.0 2.5 2.5 2 0 1 3 3
-5357.1 4328.3 -17.5 102 0 18.3 11.8 5.0 2.5 2 0 2 3 3
-5564.5 3320.7 -14.4 357 0 12.0 16.0 7.5 2.5 2 1 3 1 1
-5568.2 3281.8 -15.1 92 0 7.3 14.9 5.0 2.5 2 1 2 3 3
-5581.1 3291.0 -15.3 85 0 10.6 20.6 5.0 2.5 2 1 2 5 5
-5652.0 3378.4 -14.9 177 0 10.1 11.1 7.5 0.0 0 1 3 5 5
-5621.8 3329.5 -15.3 131 0 6.0 25.0 10.0 2.5 2 1 4 4 4
-5588.7 3394.9 -13.3 251 0 11.2 10.6 7.5 2.5 2 0 3 0 0
-5611.7 3410.2 -13.9 341 0 16.9 12.7 5.0 2.5 2 0 2 0 0
-5516.5 3405.7 -11.9 269 0 10.3 11.8 7.5 2.5 2 1 3 2 2
-5529.6 3381.3 -12.3 359 0 12.6 12.3 10.0 2.5 4 0 4 0 0
-5548.5 3402.1 -12.4 267 0 8.2 11.2 7.5 0.0 0 1 3 4 4
-5665.7 3453.3 -14.2 169 0 8.6 14.9 10.0 2.5 2 1 4 5 5
-5657.0 3441.7 -14.2 171 0 12.7 16.6 7.5 2.5 2 1 3 1 1
-5604.6 3433.4 -13.5 342 0 15.2 14.9 7.5 0.0 0 0 3 5 5
-5580.6 3462.8 -13.1 10 0 11.2 12.8 5.0 2.5 2 1 2 5 5
-5583.7 3489.2 -13.1 344 0 12.3 12.5 10.0 2.5 2 1 4 1 1
-5621.8 3508.2 -13.5 262 0 19.5 10.9 7.5 2.5 4 0 3 1 1
-5649.8 3815.4 -17.6 18 0 10.9 7.1 5.0 2.5 4 0 2 0 0
-5662.3 3853.0 -18.4 193 0 10.5 14.6 7.5 2.5 4 1 3 3 3
-5443.5 3861.5 -14.6 156 0 7.7 9.5 5.0 2.5 2 1 2 0 0
-5455.8 3911.9 -15.2 61 0 10.5 14.3 5.0 2.5 2 1 2 0 0
-5474.5 3953.8 -15.1 27 0 11.1 7.4 2.5 0.0 0 0 1 3 3
-5555.5 3988.4 -15.2 233 0 12.3 12.4 10.0 2.5 2 1 4 5 5
-5583.0 4037.1 -15.2 219 0 10.8 11.0 2.5 2.5 2 1 1 5 5
-5556.2 4058.1 -15.4 311 0 6.5 24.4 5.0 2.5 2 1 2 0 0
-5549.0 4037.2 -15.3 41 0 25.7 8.8 2.5 2.5 4 0 1 2 2
-5601.0 3928.3 -16.9 236 0 9.5 11.4 5.0 2.5 2 1 2 0 0
-5548.4 3878.0 -16.3 94 0 10.4 8.8 5.0 2.5 2 0 2 4 4
-5490.2 3936.3 -15.3 42 0 8.9 14.5 5.0 2.5 2 1 2 2 2
-5514.3 3976.9 -15.1 226 0 12.5 8.9 7.5 2.5 2 0 3 1 1
-5508.6 4033.9 -15.2 236 0 15.3 12.1 7.5 2.5 4 0 3 5 5
-5466.2 4056.3 -15.8 241 0 13.7 9.7 5.0 2.5 4 0 2 4 4
-5442.9 4079.0 -16.2 237 0 9.1 16.1 7.5 2.5 2 1 3 5 5
-5405.1 4060.3 -16.4 246 0 17.2 15.8 7.5 0.0 0 0 3 0 0
-5385.3 4018.9 -16.1 331 0 18.4 12.1 5.0 2.5 4 0 2 2 2
-5409.9 3937.7 -14.9 83 0 12.3 14.4 10.0 2.5 4 1 4 5 5
-5418.8 3964.6 -15.4 86 0 17.7 9.9 2.5 2.5 2 0 1 2 2
-5303.3 3862.0 -12.6 135 0 14.5 10.0 2.5 2.5 2 0 1 5 5
-5364.2 3983.7 -15.3 256 0 11.1 9.5 10.0 2.5 2 0 4 1 1
-5298.1 3965.0 -14.7 8 0 12.8 12.3 7.5 2.5 2 0 3 4 4
-5282.2 4010.1 -15.5 296 0 10.7 13.3 10.0 2.5 2 1 4 5 5
-5099.5 3861.9 -12.6 2 0 9.5 18.3 7.5 2.5 2 1 3 2 2
-5163.5 3852.9 -12.1 321 0 16.4 11.6 10.0 2.5 2 0 4 4 4
-5205.1 3870.2 -12.4 311 0 12.3 11.0 7.5 2.5 2 0 3 0 0
-5259.4 3831.5 -12.3 131 0 10.8 10.7 2.5 2.5 2 0 1 5 5
-5256.5 3822.7 -12.2 213 0 9.7 11.2 7.5 2.5 2 1 3 3 3
-5287.7 3736.8 -14.0 115 0 9.3 16.9 7.5 2.5 2 1 3 3 3
-5283.3 3788.5 -13.6 216 0 13.5 9.0 7.5 2.5 2 0 3 5 5
-5231.7 3774.5 -11.9 44 0 13.7 9.6 7.5 0.0 0 0 3 5 5
-5216.9 3810.3 -11.2 128 0 9.7 10.7 2.5 2.5 4 1 1 0 0
-5182.7 3744.1 -10.8 118 0 9.8 9.7 7.5 2.5 2 0 3 0 0
-5122.0 3817.2 -11.4 353 0 11.6 9.7 5.0 2.5 2 0 2 1 1
-5104.9 3740.6 -10.0 30 0 13.4 11.9 7.5 2.5 2 0 3 4 4
-5061.4 3778.5 -10.6 270 0 7.9 8.7 5.0 2.5 4 1 2 1 1
-5038.6 3777.8 -10.6 276 0 13.2 11.4 7.5 2.5 2 0 3 5 5
-4969.9 3712.9 -10.2 279 0 17.5 9.7 5.0 0.0 0 0 2 2 2
-1888.7 4099.4 -6.8 188 0 11.8 7.6 10.0 2.5 2 0 4 0 0
-2652.9 3992.1 -5.4 84 0 10.4 10.6 5.0 2.5 2 1 2 1 1
-3695.8 3636.8 -5.8 94 0 17.2 10.1 7.5 2.5 2 0 3 3 3
-3553.5 3617.9 -3.7 92 0 8.8 10.6 2.5 2.5 2 1 1 0 0
-3265.3 3633.6 -5.5 261 0 9.9 6.7 7.5 2.5 2 0 3 2 2
-3412.8 3623.5 -4.2 90 0 15.7 9.9 10.0 2.5 2 0 4 4 4
-3481.6 3674.3 -4.1 263 0 6.6 11.6 10.0 2.5 2 1 4 1 1
-3492.4 3688.3 -4.7 266 0 12.3 12.3 5.0 2.5 2 0 2 5 5
-3469.6 3684.8 -4.9 270 0 9.1 10.5 5.0 2.5 2 1 2 4 4
-3450.0 3688.8 -5.6 270 0 10.4 10.6 5.0 2.5 2 1 2 3 3
-3421.6 3679.1 -5.6 272 0 9.4 8.1 7.5 2.5 2 0 3 1 1
-3402.9 3682.1 -6.2 269 0 11.2 10.5 7.5 2.5 2 0 3 5 5
-5418.7 4092.9 -16.7 239 0 13.3 9.6 5.0 2.5 2 0 2 5 5
-3489.0 1376.5 3.1 272 0 15.9 13.3 5.0 2.5 2 0 2 0 0
-2963.9 3674.5 -8.4 6 0 10.4 12.4 5.0 2.5 2 1 2 2 2
-896.2 -59.2 14.5 312 0 11.8 18.8 5.0 2.5 2 1 2 2 2
-1306.1 -377.4 19.5 243 0 7.3 7.8 5.0 2.5 2 1 2 4 4
-1670.5 -228.1 15.9 349 0 13.4 13.7 5.0 2.5 2 1 2 2 2
-1747.0 -249.8 16.6 250 0 13.8 8.5 5.0 2.5 2 0 2 0 0
-1806.9 -236.3 16.8 161 0 7.2 8.4 7.5 2.5 2 1 3 2 2
-1791.9 -260.1 16.9 160 0 17.0 10.6 5.0 0.0 0 0 2 3 3
-1791.7 -297.6 17.0 79 0 9.0 10.2 7.5 2.5 2 1 3 4 4
-1828.6 -299.7 17.2 155 0 9.8 9.3 10.0 2.5 2 0 4 5 5
-1869.4 -261.9 18.0 337 0 9.0 9.0 5.0 2.5 2 0 2 0 0
-1899.5 -294.5 19.0 78 0 13.0 11.8 7.5 2.5 2 0 3 4 4
-1963.6 -309.3 20.9 125 0 7.9 10.8 5.0 2.5 2 1 2 3 3
-5222.4 -436.1 11.0 137 0 11.8 15.8 7.5 2.5 2 1 3 0 0
-5206.0 -347.2 13.0 308 0 13.3 13.8 7.5 2.5 2 1 3 0 0
-5243.1 -320.4 13.4 287 0 9.2 11.7 5.0 2.5 2 1 2 0 0
-5251.4 -402.2 12.1 136 0 14.7 14.2 5.0 2.5 2 0 2 1 1
-5282.8 -339.7 13.0 211 0 6.1 11.9 10.0 2.5 4 1 4 5 5
-5426.9 -279.8 12.3 288 0 15.3 9.5 5.0 2.5 2 0 2 0 0
-5550.5 -197.2 12.5 295 0 16.6 12.3 5.0 2.5 2 0 2 1 1
-5268.7 3308.2 -13.2 88 0 8.4 9.6 10.0 0.0 0 1 4 2 2
-4832.3 4378.0 -13.0 291 0 14.3 11.4 7.5 2.5 2 0 3 4 4
-5040.5 4412.0 -13.5 290 0 14.2 7.8 10.0 0.0 0 0 4 5 5
-5313.1 4016.3 -15.8 228 0 12.7 12.0 7.5 2.5 2 0 3 0 0
-4438.3 2954.8 2.1 268 0 15.6 9.9 10.0 2.5 2 0 4 1 1
-1271.5 2639.2 4.3 78 0 12.1 8.9 10.0 2.5 2 0 4 0 0
-1302.6 2574.4 6.6 350 0 8.7 10.7 7.5 2.5 2 1 3 1 1
-1345.0 2620.4 7.8 158 0 12.1 8.6 7.5 2.5 2 0 3 5 5
-1118.7 3967.2 -11.7 14 0 11.3 12.3 2.5 2.5 2 1 1 2 2
-1144.0 4037.7 -12.2 78 0 13.1 14.6 5.0 2.5 2 1 2 3 3
-1083.6 4015.7 -11.5 2 0 10.5 9.9 10.0 2.5 2 0 4 0 0
-1014.1 4104.9 -11.0 278 0 10.1 8.7 5.0 2.5 4 0 2 5 5
-954.7 4253.1 -12.9 109 0 9.9 7.3 7.5 2.5 2 0 3 1 1
-929.7 4246.1 -13.6 105 0 16.7 10.3 5.0 2.5 2 0 2 2 2
-1005.6 4245.1 -11.4 327 0 10.1 14.7 7.5 0.0 0 1 3 5 5
-985.8 4243.5 -11.9 277 0 14.2 16.2 5.0 2.5 2 1 2 5 5
-1016.2 4300.5 -12.5 14 0 10.8 17.3 5.0 0.0 0 1 2 1 1
-1067.0 4292.9 -11.8 104 0 11.7 14.8 7.5 0.0 0 1 3 5 5
-1128.2 4316.4 -11.9 103 0 18.1 13.0 7.5 2.5 2 0 3 5 5
-1169.5 4334.7 -13.3 105 0 10.5 21.1 7.5 2.5 2 1 3 1 1
5891.6 6139.6 6.1 349 0 11.3 16.9 2.5 2.5 2 1 1 2 2
5914.8 5962.0 7.9 352 0 23.5 8.2 2.5 2.5 2 0 1 0 0
5891.5 6007.6 8.2 179 0 12.7 12.9 7.5 2.5 2 1 3 3 3
5887.3 6038.1 7.7 174 0 10.2 13.4 5.0 2.5 2 1 2 5 5
5848.5 6100.9 4.3 168 0 10.6 15.9 2.5 0.0 0 1 1 2 2
5854.4 6157.8 4.4 176 0 14.2 16.8 7.5 2.5 2 1 3 1 1
5877.7 6254.1 5.9 351 0 16.8 11.6 5.0 0.0 0 0 2 2 2
5851.1 6233.1 4.6 251 0 10.7 9.3 10.0 2.5 2 0 4 1 1
5882.7 6199.6 4.5 358 0 17.1 20.4 10.0 2.5 2 1 4 4 4
5891.8 6173.0 5.7 357 0 16.1 18.1 10.0 2.5 2 1 4 2 2
5912.4 6196.8 6.7 250 0 8.4 11.4 7.5 0.0 0 1 3 3 3
5962.3 6139.4 4.8 81 0 14.3 9.5 5.0 2.5 2 0 2 1 1
6029.8 6039.6 2.6 293 0 8.6 8.2 10.0 2.5 2 0 4 1 1
6020.8 6005.0 3.3 21 0 8.7 12.0 10.0 2.5 2 1 4 2 2
5985.5 5920.2 4.2 20 0 17.4 10.5 7.5 2.5 2 0 3 1 1
5856.4 5651.0 2.0 317 0 10.6 16.6 5.0 2.5 4 1 2 1 1
5902.3 5839.6 4.5 292 0 8.9 11.7 7.5 2.5 2 1 3 2 2
5898.9 5885.6 6.2 354 0 18.4 9.1 7.5 0.0 0 0 3 2 2
5833.7 5979.2 5.2 257 0 7.2 9.7 5.0 2.5 2 1 2 5 5
5806.9 5968.5 3.8 252 0 17.7 13.7 5.0 2.5 2 0 2 3 3
5835.0 5951.3 6.0 265 0 13.4 14.2 7.5 2.5 2 1 3 2 2
5825.7 5915.4 6.9 175 0 23.2 22.9 12.5 2.5 4 0 5 0 0
5835.9 5878.6 7.5 149 0 8.7 10.1 7.5 0.0 0 1 3 3 3
5819.1 5858.4 6.8 179 0 12.3 21.9 10.0 2.5 2 1 4 2 2
5839.2 5821.5 5.9 152 0 11.7 17.8 7.5 2.5 2 1 3 4 4
5846.1 5809.3 5.4 153 0 12.2 17.8 5.0 2.5 2 1 2 2 2
5843.5 5771.3 4.2 152 0 11.9 15.7 2.5 2.5 4 1 1 2 2
5897.1 5736.1 2.9 97 0 14.4 13.7 5.0 0.0 0 0 2 5 5
5952.7 5780.4 2.2 358 0 8.6 17.4 5.0 2.5 2 1 2 4 4
5942.6 5749.4 1.9 0 0 7.8 15.7 7.5 2.5 2 1 3 3 3
5893.5 5596.8 3.0 130 0 8.8 11.9 7.5 2.5 2 1 3 5 5
5901.4 5629.8 3.1 228 0 8.4 10.4 5.0 0.0 0 1 2 5 5
5923.4 5674.6 2.7 292 0 15.6 11.1 2.5 2.5 2 0 1 1 1
6088.3 5608.8 4.6 344 0 12.0 12.7 5.0 0.0 0 1 2 0 0
6027.6 5592.7 4.2 345 0 12.3 11.8 5.0 2.5 2 0 2 4 4
5992.7 5560.3 3.1 149 0 14.4 7.8 10.0 2.5 2 0 4 3 3
5977.6 5495.8 3.5 87 0 12.9 11.5 2.5 2.5 4 0 1 1 1
5966.3 5576.2 3.4 63 0 10.2 17.3 7.5 2.5 4 1 3 4 4
5961.5 5639.3 3.5 305 0 12.9 11.0 7.5 2.5 2 0 3 4 4
6002.4 5625.1 4.0 321 0 8.9 23.9 10.0 2.5 2 1 4 1 1
6029.3 5620.7 4.4 241 0 14.0 12.8 7.5 2.5 2 0 3 5 5
6038.0 5656.3 3.8 256 0 17.1 14.9 7.5 2.5 4 0 3 3 3
-5321.9 3876.3 -12.9 156 0 8.7 7.9 7.5 2.5 2 0 3 2 2
4671.3 5966.6 0.5 63 0 9.2 37.2 12.5 2.5 4 1 5 5 5
4750.9 6010.9 1.8 55 0 12.5 14.9 5.0 2.5 2 1 2 5 5
4803.0 6123.6 4.6 323 0 12.2 16.1 7.5 2.5 2 1 3 2 2
4785.4 6050.6 3.8 60 0 12.2 9.8 7.5 2.5 2 0 3 1 1
4756.2 6035.7 1.9 55 0 13.3 12.9 7.5 2.5 2 0 3 2 2
4713.6 6035.1 -0.1 150 0 11.6 12.5 2.5 0.0 0 1 1 5 5
4754.6 6109.2 3.0 228 0 15.0 17.7 10.0 2.5 2 1 4 4 4
4767.4 6173.7 3.1 339 0 13.5 12.4 2.5 2.5 2 0 1 4 4
4723.2 6234.3 0.3 214 0 20.1 8.9 7.5 2.5 2 0 3 5 5
4693.9 6203.6 -0.8 146 0 8.0 14.2 7.5 2.5 4 1 3 2 2
4713.6 6173.8 0.8 136 0 12.6 22.7 10.0 2.5 4 1 4 0 0
4299.4 5859.1 2.4 65 0 14.5 11.6 7.5 2.5 2 0 3 4 4
4291.7 5914.8 2.0 277 0 11.8 10.3 10.0 2.5 2 0 4 1 1
4321.5 5938.4 2.5 267 0 9.2 14.5 5.0 2.5 2 1 2 2 2
4273.1 5936.3 1.8 276 0 10.0 8.4 5.0 2.5 2 0 2 1 1
4279.4 5960.8 2.0 91 0 11.7 9.8 7.5 2.5 4 0 3 3 3
4416.0 5993.5 0.8 60 0 15.1 22.5 10.0 0.0 0 1 4 2 2
4354.1 6122.0 -3.7 266 0 12.6 7.9 2.5 0.0 0 0 1 0 0
4359.1 6096.9 -2.8 163 0 10.6 11.3 7.5 2.5 2 1 3 0 0
4356.6 6069.8 -2.0 159 0 14.3 18.9 7.5 2.5 2 1 3 4 4
4363.4 6030.4 -0.1 177 0 14.8 10.6 7.5 2.5 2 0 3 5 5
4347.1 5976.3 2.3 76 0 9.7 10.9 7.5 2.5 2 1 3 5 5
4441.4 6008.8 0.6 56 0 12.7 22.0 12.5 2.5 4 1 5 1 1
4411.5 6096.6 -2.4 358 0 10.1 9.1 7.5 2.5 2 0 3 3 3
4417.3 6074.0 -1.4 348 0 8.3 12.3 7.5 2.5 2 1 3 1 1
4426.7 6061.9 -0.9 336 0 10.1 19.6 2.5 2.5 2 1 1 3 3
