3961.4 -6069.8 -3.0 176 0 8.0 7.9 7.5 2.5 2 0 3 4 4
4057.3 -6137.1 -4.2 79 0 14.2 12.0 5.0 2.5 2 0 2 5 5
4021.9 -6262.8 -5.9 163 0 10.5 9.5 2.5 2.5 2 0 1 1 1
4004.6 -6231.4 -5.9 165 0 9.4 10.4 2.5 0.0 0 1 1 3 3
3982.5 -6302.4 -7.5 259 0 10.5 14.3 5.0 2.5 2 1 2 0 0
4150.5 -6776.5 -8.0 78 0 16.4 12.3 7.5 2.5 2 0 3 4 4
3079.2 -6832.8 -6.9 65 0 11.0 14.5 2.5 2.5 2 1 1 1 1
3098.0 -6797.5 -6.2 341 0 16.3 17.6 10.0 2.5 2 1 4 5 5
3071.5 -6772.5 -5.2 347 0 15.0 14.0 7.5 2.5 2 0 3 1 1
3043.7 -6720.9 -4.0 255 0 20.5 12.2 7.5 2.5 2 0 3 2 2
3124.9 -6782.8 -6.0 155 0 14.4 14.8 5.0 2.5 2 1 2 1 1
3162.9 -6806.2 -6.7 345 0 13.2 18.3 7.5 2.5 2 1 3 0 0
3173.5 -6851.4 -7.8 346 0 10.6 14.2 7.5 2.5 2 1 3 0 0
3198.9 -6721.0 -5.3 80 0 17.7 11.6 10.0 0.0 0 0 4 1 1
3178.7 -6666.7 -4.1 248 0 15.2 10.9 5.0 2.5 2 0 2 2 2
3241.5 -6710.9 -5.7 87 0 11.0 12.4 2.5 2.5 2 1 1 4 4
3282.9 -6703.0 -7.0 268 0 11.8 20.1 5.0 2.5 2 1 2 5 5
3361.1 -6839.3 -8.0 88 0 12.4 13.9 10.0 2.5 2 1 4 4 4
3402.2 -6665.5 -7.9 241 0 24.7 11.4 10.0 2.5 2 0 4 2 2
3452.1 -6718.2 -7.1 355 0 11.7 17.8 2.5 2.5 2 1 1 3 3
3514.5 -6840.0 -9.7 91 0 13.4 15.3 7.5 2.5 2 1 3 0 0
3560.1 -6796.4 -11.0 161 0 11.2 18.7 7.5 2.5 2 1 3 3 3
3570.9 -6812.1 -11.2 163 0 10.6 15.3 5.0 2.5 2 1 2 5 5
3597.9 -6836.9 -11.4 161 0 12.1 13.9 7.5 2.5 4 1 3 2 2
3606.8 -6868.4 -11.5 155 0 11.6 11.1 5.0 2.5 2 0 2 5 5
3252.2 -6556.1 -3.2 142 0 15.4 9.3 7.5 2.5 2 0 3 3 3
3260.4 -6547.5 -3.4 143 0 12.1 7.4 10.0 2.5 4 0 4 2 2
3322.3 -6596.7 -5.3 65 0 7.7 8.6 7.5 2.5 4 1 3 4 4
3341.6 -6581.1 -5.9 328 0 16.1 13.2 5.0 2.5 2 0 2 4 4
3231.8 -6512.2 -2.7 144 0 12.0 15.0 7.5 2.5 2 1 3 3 3
3082.3 -6478.0 -0.2 350 0 8.0 16.8 7.5 2.5 2 1 3 3 3
3051.0 -6411.1 -0.8 174 0 12.6 12.1 7.5 2.5 4 0 3 0 0
3035.8 -6392.0 -0.6 165 0 7.3 12.1 10.0 2.5 2 1 4 4 4
3028.6 -6360.2 -1.2 158 0 13.8 11.0 5.0 2.5 2 0 2 0 0
3069.0 -6331.2 -2.1 73 0 18.4 13.9 10.0 0.0 0 0 4 3 3
3187.4 -6443.7 -2.2 334 0 9.3 9.0 7.5 2.5 2 0 3 5 5
3175.6 -6576.4 -2.2 72 0 12.4 18.4 7.5 2.5 2 1 3 2 2
3345.1 -6481.2 -6.5 335 0 11.0 14.3 7.5 2.5 2 1 3 4 4
3343.7 -6465.2 -6.4 340 0 11.3 8.8 5.0 2.5 2 0 2 2 2
3520.7 -6740.9 -8.5 154 0 9.6 8.9 5.0 2.5 2 0 2 0 0
3080.6 -6271.9 -2.7 309 0 14.5 19.0 10.0 2.5 2 1 4 0 0
2989.8 -6217.8 -2.9 231 0 12.4 14.4 7.5 2.5 4 1 3 1 1
2980.3 -6383.1 -1.5 74 0 16.5 17.3 7.5 2.5 2 1 3 5 5
2947.3 -6276.6 -1.8 244 0 16.4 11.4 7.5 2.5 2 0 3 4 4
2807.8 -6283.5 -1.9 78 0 21.9 16.0 7.5 2.5 2 0 3 4 4
2889.5 -6160.6 -0.5 239 0 11.2 8.4 7.5 0.0 0 0 3 0 0
2817.0 -6129.0 0.6 270 0 12.8 15.4 5.0 2.5 4 1 2 5 5
2766.9 -6171.9 -0.4 87 0 21.5 14.7 10.0 0.0 0 0 4 2 2
2712.8 -6149.3 -0.3 270 0 15.5 14.1 5.0 2.5 4 0 2 4 4
2872.4 -6066.3 0.1 353 0 16.9 11.2 5.0 2.5 2 0 2 0 0
2860.1 -5966.7 -1.3 83 0 21.5 11.2 10.0 2.5 2 0 4 1 1
2668.9 -6114.9 0.7 344 0 13.3 17.2 2.5 2.5 2 1 1 3 3
2628.4 -6074.8 1.8 261 0 23.4 15.8 7.5 2.5 2 0 3 4 4
2756.8 -6049.5 1.4 89 0 12.6 9.0 10.0 2.5 2 0 4 5 5
2634.6 -5986.1 2.8 81 0 13.9 14.5 7.5 2.5 2 1 3 3 3
2771.4 -5823.9 0.1 90 0 23.6 17.6 7.5 2.5 4 0 3 2 2
2850.8 -5850.0 -1.0 2 0 19.9 19.0 7.5 2.5 2 0 3 1 1
2856.1 -5787.4 -1.2 356 0 14.9 19.6 10.0 2.5 2 1 4 4 4
2798.1 -5731.3 -0.8 87 0 15.0 14.5 7.5 2.5 2 0 3 3 3
2720.4 -5785.5 0.9 258 0 14.1 11.4 10.0 2.5 2 0 4 5 5
2788.8 -5670.7 -1.5 181 0 11.6 13.1 7.5 2.5 2 1 3 3 3
2822.6 -5649.1 -1.9 1 0 14.6 14.6 2.5 2.5 2 0 1 0 0
2734.2 -5651.5 -1.1 90 0 20.7 12.9 10.0 2.5 2 0 4 3 3
2657.8 -5627.4 -0.4 178 0 17.6 18.5 7.5 0.0 0 1 3 2 2
2722.6 -5588.2 -1.3 268 0 16.3 11.9 5.0 2.5 2 0 2 3 3
2784.7 -5599.8 -2.1 178 0 15.8 14.8 5.0 0.0 0 0 2 2 2
2792.3 -5572.9 -2.1 179 0 13.2 11.3 5.0 2.5 2 0 2 2 2
2817.0 -5548.2 -2.3 355 0 16.1 12.9 7.5 2.5 4 0 3 5 5
2825.9 -5512.4 -2.4 347 0 14.8 18.1 10.0 2.5 2 1 4 0 0
2695.4 -5565.4 -1.1 267 0 25.2 14.1 10.0 0.0 0 0 4 1 1
2425.8 -5995.6 -0.7 190 0 13.0 17.5 10.0 2.5 2 1 4 2 2
2572.7 -5955.6 2.6 268 0 13.2 17.2 7.5 2.5 2 1 3 3 3
2400.2 -6090.3 0.1 156 0 12.2 15.3 7.5 2.5 2 1 3 5 5
2563.6 -6323.7 -4.7 274 0 11.6 16.4 5.0 2.5 2 1 2 3 3
2589.0 -6342.1 -4.6 260 0 12.1 12.6 5.0 2.5 2 1 2 2 2
2596.6 -6394.4 -5.6 86 0 16.6 12.3 2.5 2.5 2 0 1 5 5
2555.7 -6402.3 -6.1 105 0 19.4 11.9 10.0 2.5 2 0 4 3 3
2452.2 -5969.4 -0.5 0 0 13.6 13.9 5.0 2.5 2 1 2 4 4
1756.9 -5846.4 0.9 150 0 10.3 11.9 5.0 0.0 0 1 2 0 0
1761.7 -5772.3 3.2 62 0 14.7 16.1 10.0 2.5 2 1 4 3 3
1743.9 -5933.2 -0.1 137 0 15.0 11.0 5.0 2.5 2 0 2 0 0
1770.2 -5972.6 -0.5 118 0 9.2 8.6 2.5 2.5 2 0 1 2 2
1820.1 -5825.3 1.0 62 0 12.7 11.1 5.0 2.5 2 0 2 2 2
1904.0 -5795.1 0.8 246 0 9.7 10.9 7.5 2.5 2 1 3 2 2
1811.1 -5936.9 -0.5 26 0 11.7 11.2 2.5 2.5 2 0 1 0 0
1865.1 -5695.4 3.3 158 0 13.5 13.7 7.5 2.5 2 1 3 3 3
1914.9 -5706.4 2.0 330 0 14.0 11.6 7.5 2.5 2 0 3 4 4
2021.8 -5734.2 1.0 255 0 10.4 11.9 5.0 2.5 2 1 2 0 0
1932.4 -5849.7 -0.9 77 0 9.4 11.3 10.0 0.0 0 1 4 5 5
1956.1 -5725.0 1.4 331 0 11.4 11.1 5.0 2.5 2 0 2 4 4
1794.3 -5608.3 4.1 70 0 15.3 10.9 7.5 2.5 2 0 3 3 3
1761.5 -5581.1 4.0 270 0 16.7 12.7 5.0 2.5 2 0 2 3 3
1711.1 -5598.4 4.1 160 0 17.7 11.3 2.5 2.5 2 0 1 0 0
1612.9 -5572.9 3.0 245 0 12.6 14.3 2.5 2.5 2 1 1 1 1
1597.2 -5625.6 2.4 158 0 13.1 12.3 5.0 0.0 0 0 2 4 4
1644.3 -5642.2 2.5 342 0 16.0 14.4 7.5 2.5 2 0 3 2 2
581.8 -6697.0 -2.9 204 0 15.8 7.4 7.5 2.5 2 0 3 4 4
481.8 -6706.3 -0.5 179 0 9.5 15.4 7.5 2.5 2 1 3 3 3
542.9 -6717.3 -2.8 15 0 6.1 14.5 5.0 2.5 2 1 2 5 5
562.3 -6681.7 -2.6 11 0 13.3 6.6 7.5 2.5 2 0 3 3 3
397.6 -6586.4 1.0 300 0 10.5 28.1 7.5 2.5 2 1 3 0 0
377.2 -6536.5 -0.8 134 0 9.7 10.5 2.5 2.5 2 1 1 1 1
507.6 -6581.8 -1.8 198 0 16.4 9.8 5.0 0.0 0 0 2 2 2
1265.6 -6057.5 -0.2 161 0 6.9 14.3 5.0 2.5 2 1 2 4 4
2361.2 -6292.2 -5.1 117 0 9.2 13.9 2.5 2.5 2 1 1 1 1
2393.1 -6247.3 -4.7 216 0 9.0 13.1 5.0 0.0 0 1 2 2 2
2545.9 -6430.3 -7.2 298 0 16.8 15.4 5.0 2.5 2 0 2 3 3
2499.8 -6407.4 -6.7 290 0 19.0 16.2 10.0 2.5 2 0 4 5 5
2683.1 -6497.0 -5.5 288 0 8.5 11.7 7.5 2.5 2 1 3 3 3
2709.0 -6495.6 -5.3 261 0 10.5 9.7 7.5 2.5 2 0 3 0 0
2737.2 -6500.3 -5.0 278 0 13.8 9.7 7.5 2.5 2 0 3 0 0
