-3728.2 -1205.9 -1.3 255 0 7.9 16.6 7.5 2.5 2 0 3 5 5
-3710.5 -1282.5 -2.3 167 0 9.4 17.1 7.5 2.5 2 1 3 4 4
-4543.8 6000.7 -17.4 315 0 9.5 9.5 7.5 2.5 2 0 3 5 5
-4267.9 6294.2 -10.8 217 0 7.4 28.3 5.0 2.5 2 0 2 5 5
-4236.1 6307.2 -10.8 222 0 7.8 32.4 2.5 2.5 2 0 1 4 4
-4191.9 6275.8 -9.5 306 0 8.9 32.1 2.5 2.5 2 0 1 2 2
-4221.8 6236.6 -9.7 126 0 8.7 14.4 2.5 2.5 2 0 1 5 5
5395.4 3103.0 -3.8 167 0 10.3 7.7 5.0 2.5 2 0 2 2 2
661.2 338.0 -4.2 297 0 6.3 16.5 10.0 2.5 2 1 4 2 2
747.6 396.5 -5.6 48 0 11.9 13.8 7.5 2.5 4 1 3 1 1
695.6 240.1 -5.6 303 0 12.5 9.1 7.5 2.5 2 0 3 0 0
519.8 227.7 -2.6 194 0 9.9 32.3 10.0 2.5 2 1 4 0 0
633.8 325.5 -4.1 104 0 29.9 7.3 2.5 2.5 2 0 1 3 3
-1164.8 -1018.9 -4.1 168 0 7.8 6.1 5.0 2.5 2 0 2 4 4
-1403.9 -1003.4 -4.4 77 0 9.8 22.8 7.5 2.5 2 1 3 4 4
-3655.6 -1247.5 -1.9 264 0 6.9 8.0 10.0 2.5 2 1 4 3 3
-2836.2 -3326.0 2.5 30 0 8.8 17.6 10.0 2.5 2 1 4 1 1
-3352.4 -2044.2 13.2 82 0 6.2 7.2 5.0 2.5 2 1 2 0 0
-3462.8 -1905.1 3.8 272 0 6.8 6.9 5.0 0.0 0 1 2 2 2
-6733.4 -1797.8 9.0 178 0 6.8 6.0 7.5 2.5 2 0 3 0 0
-6620.6 -2025.6 5.4 139 0 6.5 6.6 5.0 2.5 4 1 2 3 3
-6513.6 -1964.5 6.1 199 0 7.7 9.2 5.0 2.5 2 1 2 0 0
-6777.3 -1761.6 8.3 86 0 11.8 7.6 7.5 2.5 2 0 3 2 2
6522.6 -3003.4 5.1 237 0 11.7 7.8 7.5 0.0 0 0 3 5 5
6699.6 -3018.3 7.7 246 0 9.9 8.0 2.5 2.5 2 0 1 5 5
6766.8 -2871.7 8.5 72 0 15.0 9.2 10.0 2.5 2 0 4 4 4
6736.2 -2876.8 8.3 176 0 12.3 8.6 5.0 0.0 0 0 2 3 3
6859.5 -2882.8 9.3 303 0 6.4 6.0 10.0 0.0 0 0 4 1 1
6902.8 -2801.0 7.5 3 0 7.3 12.5 7.5 2.5 2 1 3 0 0
6714.0 -2604.4 5.2 257 0 7.5 7.8 5.0 2.5 2 1 2 0 0
6585.8 -2091.7 2.3 240 0 7.1 7.0 5.0 2.5 2 0 2 1 1
6559.2 -1958.6 1.2 176 0 9.7 7.4 7.5 2.5 2 0 3 1 1
-3790.3 6872.2 -16.6 132 0 6.9 11.6 10.0 2.5 2 1 4 5 5
-3720.8 6864.9 -17.9 324 0 6.3 9.6 5.0 2.5 2 1 2 2 2
6564.3 -2681.5 3.1 87 0 9.2 10.3 7.5 2.5 2 1 3 0 0
6656.7 -2594.6 4.5 176 0 8.3 8.7 5.0 2.5 2 1 2 3 3
6723.4 -2634.5 5.8 160 0 7.3 10.0 7.5 2.5 2 1 3 0 0
6744.4 -2914.1 8.3 62 0 11.1 14.6 7.5 2.5 2 1 3 2 2
6723.7 -3150.5 10.4 121 0 10.7 35.3 7.5 2.5 2 1 3 3 3
6824.1 -3112.9 14.0 309 0 34.7 9.2 12.5 0.0 0 0 5 3 3
-4598.5 6192.9 -16.1 235 0 14.3 7.1 7.5 2.5 2 0 3 3 3
-4503.9 6347.7 -16.2 44 0 10.8 10.4 5.0 2.5 2 0 2 5 5
-4447.4 6380.2 -13.9 235 0 8.0 8.9 7.5 2.5 2 1 3 2 2
-3997.9 6833.0 -17.1 143 0 9.3 6.9 2.5 2.5 2 0 1 0 0
-4134.5 6720.7 -16.5 206 0 12.5 8.5 7.5 2.5 2 0 3 5 5
-4261.3 6573.7 -14.0 227 0 9.6 6.2 7.5 2.5 2 0 3 4 4
-4183.9 6569.9 -13.9 58 0 11.7 12.7 7.5 2.5 4 1 3 3 3
-4099.2 6673.2 -13.7 233 0 15.7 9.7 7.5 2.5 2 0 3 1 1
-4126.7 6759.6 -17.5 50 0 12.3 9.2 10.0 2.5 2 0 4 2 2
-4170.2 6873.9 -20.0 218 0 7.3 6.3 2.5 2.5 2 0 1 3 3
-4114.4 6876.2 -18.6 230 0 13.8 6.9 10.0 2.5 2 0 4 2 2
-3941.8 6860.4 -16.5 239 0 6.2 8.5 7.5 2.5 2 1 3 1 1
-3975.2 6738.6 -13.9 47 0 9.8 8.1 7.5 2.5 2 0 3 3 3
-4039.1 6670.8 -11.3 41 0 8.5 9.6 7.5 2.5 4 1 3 0 0
-4049.8 6642.1 -10.9 32 0 7.3 8.7 5.0 2.5 2 1 2 2 2
-4125.6 6639.5 -14.3 229 0 8.1 10.8 7.5 2.5 2 1 3 3 3
-4073.5 6594.9 -11.2 38 0 10.5 11.8 5.0 2.5 2 1 2 3 3
-3921.3 6501.8 -12.7 145 0 7.2 7.8 7.5 2.5 2 1 3 2 2
-3941.6 6531.2 -12.3 228 0 11.0 11.5 5.0 2.5 2 1 2 1 1
-3942.2 6619.4 -11.7 236 0 6.8 10.4 5.0 2.5 2 1 2 2 2
-3847.6 6627.8 -13.0 124 0 6.1 8.9 2.5 0.0 0 1 1 4 4
-3884.9 6424.3 -13.7 33 0 9.8 7.1 5.0 2.5 2 0 2 0 0
-3852.6 6397.7 -14.3 239 0 9.2 6.9 2.5 0.0 0 0 1 1 1
-4643.9 5817.6 -17.2 241 0 8.1 6.7 7.5 0.0 0 0 3 5 5
-4588.9 5738.1 -17.2 193 0 6.1 6.3 7.5 2.5 4 1 3 5 5
-4795.4 5952.1 -19.4 338 0 9.3 6.9 10.0 2.5 2 0 4 0 0
-4824.6 6093.5 -20.7 229 0 6.7 6.3 7.5 0.0 0 0 3 0 0
-4682.6 6160.4 -17.6 56 0 6.8 10.7 5.0 0.0 0 1 2 5 5
-4712.6 6068.5 -19.3 130 0 9.6 9.0 7.5 2.5 2 0 3 2 2
-4798.9 6142.0 -18.7 221 0 11.7 11.2 7.5 2.5 2 0 3 4 4
-4794.2 6251.7 -18.8 324 0 8.0 8.5 2.5 2.5 2 1 1 3 3
-4761.6 6217.6 -17.7 50 0 9.8 10.0 7.5 2.5 4 1 3 4 4
-4736.0 6091.5 -19.7 45 0 8.5 8.3 7.5 2.5 2 0 3 1 1
-4840.5 6123.3 -20.4 38 0 6.3 7.2 7.5 2.5 2 1 3 4 4
-4859.7 6193.4 -20.9 91 0 12.6 11.8 7.5 2.5 2 0 3 0 0
-4595.4 6382.6 -19.5 60 0 6.4 8.0 5.0 2.5 2 1 2 3 3
-4573.6 6552.6 -18.8 43 0 10.0 14.1 10.0 0.0 0 1 4 4 4
-4591.6 6577.7 -19.7 308 0 19.8 12.4 5.0 2.5 4 0 2 3 3
-4342.3 6768.1 -22.0 239 0 6.0 6.9 5.0 2.5 2 1 2 4 4
-4338.4 6699.1 -19.9 54 0 7.6 7.7 7.5 2.5 2 1 3 5 5
-4304.9 6647.4 -18.0 53 0 12.6 11.0 5.0 2.5 2 0 2 3 3
-3907.7 6043.8 -17.5 280 0 6.9 12.3 5.0 2.5 2 1 2 4 4
-4051.0 6107.2 -13.1 123 0 7.4 15.4 7.5 0.0 0 1 3 1 1
-4014.7 6086.5 -13.8 133 0 12.1 10.6 5.0 2.5 2 0 2 3 3
-3972.2 6286.7 -12.1 225 0 15.4 7.5 5.0 0.0 0 0 2 2 2
-4006.2 6539.6 -11.5 223 0 7.3 7.3 5.0 2.5 2 1 2 0 0
-4732.1 6198.6 -16.7 225 0 9.1 8.9 5.0 0.0 0 0 2 3 3
-4486.6 5926.0 -16.7 143 0 10.5 9.2 10.0 2.5 2 0 4 5 5
-4471.5 5986.4 -15.5 132 0 8.2 7.1 7.5 2.5 2 0 3 0 0
-4505.9 6048.6 -15.7 231 0 10.6 13.9 5.0 2.5 4 1 2 4 4
-4439.9 6043.8 -14.6 319 0 11.5 9.4 7.5 2.5 2 0 3 4 4
-4398.3 6004.6 -14.2 317 0 14.4 8.9 7.5 2.5 2 0 3 4 4
-4340.9 6002.3 -14.6 118 0 9.4 16.1 5.0 2.5 2 1 2 4 4
-4306.2 6110.8 -12.2 306 0 9.8 7.6 5.0 2.5 2 0 2 5 5
-4285.7 6080.4 -13.1 119 0 10.5 8.4 10.0 2.5 2 0 4 4 4
-4212.3 6024.9 -12.6 236 0 6.4 8.4 7.5 2.5 2 1 3 1 1
-4212.9 6080.3 -12.4 245 0 8.4 10.1 7.5 2.5 2 1 3 0 0
-4234.8 5908.7 -12.7 191 0 9.6 8.6 5.0 2.5 2 0 2 3 3
-4266.6 5801.9 -13.9 130 0 6.5 8.4 7.5 0.0 0 1 3 1 1
-4148.2 5795.1 -15.2 306 0 7.0 9.5 10.0 2.5 2 1 4 1 1
-4148.4 5854.4 -14.0 326 0 11.4 10.3 5.0 2.5 2 0 2 1 1
-4178.9 5872.0 -13.2 143 0 7.7 6.3 2.5 2.5 2 0 1 1 1
-4163.1 5905.8 -12.8 315 0 9.8 9.6 5.0 2.5 2 0 2 1 1
-4041.2 5993.4 -13.0 320 0 8.9 6.9 5.0 2.5 2 0 2 0 0
-4010.2 6013.9 -13.9 149 0 11.2 13.0 5.0 2.5 2 1 2 3 3
-3973.0 5993.9 -15.8 211 0 9.6 9.6 7.5 2.5 2 0 3 0 0
-3955.4 6020.2 -16.0 219 0 9.8 7.9 10.0 2.5 2 0 4 5 5
-3887.0 6094.3 -17.5 239 0 9.6 11.4 7.5 2.5 2 1 3 3 3
-3820.9 6167.9 -15.4 233 0 10.7 14.3 2.5 2.5 2 1 1 1 1
-3912.8 6314.3 -12.8 318 0 7.0 8.3 2.5 2.5 2 1 1 5 5
-3921.7 6241.3 -12.0 65 0 10.6 8.4 5.0 2.5 2 0 2 1 1
-4014.8 6139.7 -13.7 301 0 10.1 9.9 7.5 2.5 4 0 3 4 4
-4082.6 6160.9 -12.2 226 0 12.7 12.7 7.5 2.5 2 1 3 2 2
-4109.2 6173.6 -10.7 22 0 8.9 9.5 5.0 2.5 2 1 2 2 2
-4088.8 6284.6 -10.4 322 0 9.9 10.1 2.5 2.5 2 1 1 5 5
-4219.4 6204.2 -10.1 142 0 15.1 11.9 5.0 2.5 2 0 2 0 0
-4233.8 6251.0 -10.2 126 0 11.5 9.5 2.5 0.0 0 0 1 0 0
-4244.9 6257.3 -10.4 127 0 7.9 9.9 7.5 2.5 2 1 3 3 3
-4254.1 6229.7 -10.1 125 0 9.7 8.7 5.0 2.5 2 0 2 4 4
-4290.7 6264.7 -10.5 144 0 18.3 8.4 10.0 2.5 2 0 4 3 3
-4296.6 6340.8 -11.0 127 0 15.0 24.6 10.0 2.5 2 1 4 4 4
-4317.4 6515.9 -11.0 245 0 9.1 8.9 5.0 2.5 2 0 2 2 2
-4218.8 6436.8 -9.7 22 0 10.8 12.0 7.5 2.5 2 1 3 2 2
-4146.5 6460.9 -10.7 219 0 9.0 11.9 7.5 2.5 2 1 3 4 4
-3970.5 6812.4 -15.9 106 0 11.2 6.4 2.5 2.5 2 0 1 3 3
-4231.3 6865.5 -23.3 300 0 8.6 6.1 7.5 2.5 2 0 3 0 0
-4286.3 6846.3 -23.4 218 0 11.8 8.1 7.5 2.5 4 0 3 5 5
-4286.8 6793.7 -22.5 80 0 6.3 12.4 10.0 2.5 2 1 4 4 4
-4363.6 6606.6 -15.0 260 0 10.4 12.0 7.5 2.5 2 1 3 4 4
-4403.6 6571.5 -13.0 246 0 9.8 10.0 7.5 2.5 2 1 3 4 4
-4457.4 6495.0 -13.1 147 0 7.2 8.4 7.5 2.5 2 1 3 3 3
-4457.5 6559.2 -13.8 66 0 12.3 8.2 2.5 0.0 0 0 1 0 0
-4510.5 6560.0 -15.6 128 0 10.6 8.7 5.0 2.5 4 0 2 3 3
-5012.0 5934.2 -20.9 263 0 12.3 7.4 5.0 2.5 2 0 2 1 1
-4952.4 5853.6 -18.8 208 0 7.6 11.2 7.5 2.5 2 1 3 1 1
-4955.1 5824.4 -18.4 206 0 10.8 6.6 5.0 2.5 2 0 2 4 4
-4929.0 5779.5 -17.9 95 0 6.5 6.5 7.5 2.5 2 1 3 4 4
-4876.6 5867.3 -20.1 44 0 27.9 17.0 7.5 2.5 2 0 3 4 4
-4909.9 5897.6 -20.4 287 0 12.9 19.8 10.0 2.5 2 1 4 0 0
-4945.3 5908.3 -20.1 298 0 27.9 14.6 10.0 2.5 2 0 4 0 0
-4995.5 5795.6 -18.3 109 0 16.9 17.2 7.5 2.5 2 1 3 4 4
-5018.0 5840.3 -19.6 292 0 19.0 7.3 5.0 2.5 2 0 2 0 0
-5056.9 5831.4 -20.5 204 0 11.0 15.8 5.0 2.5 2 1 2 2 2
-5024.3 5814.4 -19.6 109 0 27.1 8.4 7.5 2.5 2 0 3 4 4
-4626.7 6024.1 -18.0 5 0 6.2 6.1 7.5 2.5 2 0 3 2 2
-4603.0 6157.0 -16.4 33 0 9.1 6.0 5.0 2.5 2 0 2 3 3
-4572.0 6231.1 -14.9 224 0 9.0 9.4 5.0 2.5 2 1 2 2 2
-4490.1 6227.8 -13.4 137 0 8.5 12.7 7.5 2.5 2 1 3 3 3
-4380.1 6243.8 -10.9 61 0 7.1 6.1 10.0 0.0 0 0 4 5 5
-4344.6 6247.6 -10.7 224 0 8.1 7.4 7.5 2.5 4 0 3 3 3
-4356.6 6122.8 -11.8 108 0 7.7 8.7 5.0 2.5 2 1 2 4 4
-4534.6 6528.4 -16.9 325 0 10.1 10.4 5.0 0.0 0 1 2 4 4
-4489.2 6267.6 -14.1 223 0 11.2 10.4 5.0 0.0 0 0 2 3 3
-4444.7 5965.6 -15.2 135 0 8.3 7.9 2.5 2.5 2 0 1 0 0
-4285.3 5899.4 -14.1 54 0 6.5 6.5 5.0 2.5 2 0 2 1 1
-4329.6 5933.1 -15.3 222 0 11.0 9.5 7.5 2.5 2 0 3 2 2
-4383.3 6419.0 -11.7 138 0 9.9 6.6 5.0 2.5 2 0 2 3 3
-4317.9 6333.6 -11.2 308 0 10.0 10.5 2.5 2.5 2 1 1 1 1
-4406.8 6331.8 -12.8 131 0 9.4 10.8 10.0 2.5 2 1 4 4 4
-4350.8 6288.6 -11.4 51 0 12.1 9.8 2.5 2.5 2 0 1 4 4
-4393.4 6160.5 -12.0 143 0 8.9 16.5 5.0 2.5 2 1 2 5 5
-4124.7 6247.0 -9.6 43 0 11.2 10.4 7.5 2.5 2 0 3 5 5
-4195.8 6628.1 -15.4 315 0 8.3 7.5 7.5 2.5 2 0 3 3 3
-4099.1 6577.6 -12.1 42 0 13.3 9.8 10.0 0.0 0 0 4 0 0
5886.8 2158.2 -4.2 280 0 7.7 9.1 7.5 2.5 2 1 3 3 3
5821.7 2111.6 -6.3 202 0 7.3 7.8 5.0 0.0 0 1 2 2 2
6396.2 2000.5 -1.3 286 0 8.8 7.3 5.0 2.5 4 0 2 5 5
6254.4 2048.0 -3.6 284 0 6.4 6.5 7.5 2.5 2 1 3 1 1
-106.4 1849.1 -2.6 346 0 12.1 8.9 5.0 2.5 2 0 2 0 0
-3717.4 6450.0 -18.2 39 0 9.1 6.2 7.5 2.5 2 0 3 5 5
-3772.2 6500.3 -16.6 219 0 9.7 8.2 5.0 2.5 2 0 2 3 3
-3761.3 6746.7 -15.7 224 0 7.6 8.8 2.5 2.5 2 1 1 2 2
-3704.1 6594.9 -17.8 218 0 9.0 7.5 7.5 2.5 2 0 3 2 2
-3733.3 6554.8 -17.3 219 0 11.2 9.3 2.5 2.5 2 0 1 0 0
-3788.4 6377.4 -15.6 308 0 10.4 7.7 7.5 2.5 2 0 3 2 2
-3765.7 6361.6 -16.0 234 0 6.4 12.7 5.0 2.5 4 1 2 2 2
-3698.1 6360.7 -18.3 149 0 8.7 13.7 10.0 2.5 2 1 4 2 2
-3631.1 6303.0 -18.3 343 0 16.4 10.4 7.5 2.5 2 0 3 2 2
-3692.0 6282.2 -17.5 231 0 7.6 20.5 7.5 0.0 0 1 3 3 3
-3705.6 6270.1 -17.2 232 0 21.2 11.4 5.0 2.5 2 0 2 5 5
-3739.4 6273.2 -16.1 48 0 11.0 13.6 2.5 2.5 4 1 1 5 5
-3775.2 6186.3 -15.4 322 0 10.2 13.5 5.0 2.5 2 1 2 0 0
-3782.8 6114.3 -16.6 55 0 9.2 8.3 5.0 2.5 2 0 2 1 1
-3785.8 6652.3 -14.5 309 0 6.9 7.5 5.0 2.5 2 1 2 1 1
5233.0 6868.0 -26.4 225 0 16.0 17.5 10.0 2.5 2 1 4 2 2
3138.4 4916.5 -10.9 273 0 8.4 7.2 7.5 2.5 2 0 3 5 5
2946.4 4885.1 -14.8 3 0 6.2 6.7 10.0 2.5 4 1 4 3 3
2909.6 4934.0 -14.3 273 0 6.5 7.1 10.0 2.5 2 1 4 2 2
3696.5 4632.6 -7.0 90 0 7.3 6.7 5.0 2.5 2 0 2 2 2
3634.9 4689.0 -7.4 0 0 6.6 9.7 5.0 2.5 4 1 2 5 5
3315.6 4682.1 -17.1 182 0 12.1 9.9 5.0 2.5 2 0 2 3 3
3320.4 4857.4 -14.3 83 0 8.6 7.0 7.5 2.5 2 0 3 4 4
-4452.0 -1712.8 11.0 59 0 6.7 19.3 2.5 2.5 2 1 1 5 5
-4285.8 -1571.8 4.7 191 0 6.5 14.7 5.0 2.5 2 1 2 0 0
-4314.7 -1807.5 9.8 88 0 15.6 8.9 7.5 2.5 2 0 3 1 1
-4419.3 -1776.3 11.7 178 0 12.1 33.4 10.0 2.5 2 1 4 3 3
-4523.7 -1798.5 12.6 152 0 10.2 31.8 10.0 2.5 2 1 4 1 1
-6443.7 -4905.7 15.4 300 0 9.5 6.8 2.5 2.5 2 0 1 3 3
