-4244.0 -5062.6 54.4 113 0 7.7 45.5 10.0 0.0 0 0 4 0 0
-4233.3 -4918.5 44.9 263 0 14.9 14.8 5.0 2.5 2 0 2 0 0
-5529.0 -5161.4 -62.3 82 0 14.0 20.4 14.0 3.5 2 1 4 2 2
4104.5 -6887.2 -54.0 125 0 18.1 9.7 7.5 2.5 2 0 3 1 1
4077.6 -6837.5 -54.2 86 0 12.1 16.3 5.0 2.5 4 1 2 4 4
3989.1 -6827.8 -52.3 91 0 14.7 14.2 7.5 2.5 2 0 3 2 2
4017.0 -6836.6 -52.0 87 0 14.7 13.6 7.5 0.0 0 0 3 0 0
4006.2 -6841.4 -52.1 83 0 7.4 15.3 7.5 2.5 2 1 3 0 0
4036.4 -6840.5 -52.7 95 0 18.0 17.5 10.0 2.5 2 0 4 4 4
-4739.3 -5827.1 -47.3 273 0 16.2 20.0 10.0 2.5 2 1 4 3 3
-4766.5 -5813.4 -47.3 290 0 7.8 17.5 7.5 2.5 2 1 3 2 2
-4755.9 -5874.4 -47.4 114 0 13.2 29.6 10.0 2.5 4 1 4 5 5
-4684.9 -5821.6 -47.3 291 0 28.0 12.3 10.0 2.5 2 0 4 2 2
-4672.4 -5855.8 -47.3 16 0 6.4 27.2 5.0 2.5 2 1 2 3 3
-4706.0 -5840.2 -47.3 288 0 13.3 12.0 5.0 2.5 2 0 2 4 4
-4739.0 -5880.5 -47.7 109 0 11.9 32.8 7.5 2.5 2 1 3 4 4
-4693.9 -5896.7 -47.1 113 0 12.6 17.6 5.0 2.5 2 1 2 0 0
-4642.7 -5911.0 -45.4 15 0 11.8 29.5 17.5 0.0 0 1 7 3 3
-4830.5 -6223.2 -53.6 193 0 17.9 14.2 10.0 2.5 2 0 4 4 4
-4795.8 -6203.2 -53.2 204 0 12.6 11.5 5.0 0.0 0 0 2 1 1
-4738.7 -6207.0 -52.7 3 0 16.9 11.7 7.5 2.5 4 0 3 2 2
-4766.0 -6247.3 -52.7 25 0 14.3 14.9 7.5 2.5 2 1 3 0 0
-4984.0 -6076.5 -53.2 94 0 15.6 10.1 7.5 2.5 2 0 3 5 5
-4972.7 -6090.8 -53.5 181 0 7.7 30.8 5.0 2.5 2 1 2 3 3
-4971.0 -5946.9 -52.0 269 0 14.4 34.3 10.0 2.5 2 1 4 0 0
-4945.1 -5982.9 -52.5 273 0 12.3 18.6 7.5 2.5 4 1 3 4 4
-4929.6 -5970.2 -53.2 267 0 10.9 30.5 10.0 2.5 2 1 4 4 4
-4913.1 -5975.4 -53.6 269 0 10.0 25.1 7.5 2.5 2 1 3 5 5
-4900.6 -5972.7 -54.1 268 0 9.1 28.1 10.0 2.5 2 1 4 5 5
-4914.8 -6015.2 -52.6 0 0 6.8 24.9 7.5 0.0 0 1 3 5 5
-4915.5 -6034.8 -52.6 3 0 25.4 10.2 10.0 2.5 2 0 4 5 5
-4904.7 -6063.7 -52.8 92 0 9.1 28.1 7.5 2.5 2 1 3 5 5
-4888.0 -5969.3 -54.4 267 0 10.2 28.7 10.0 2.5 2 1 4 1 1
-4880.5 -6018.9 -53.6 1 0 29.0 10.6 12.5 2.5 4 0 5 2 2
-4880.5 -6053.9 -52.9 0 0 29.8 10.0 7.5 2.5 2 0 3 3 3
-5088.4 -6050.7 -56.2 97 0 43.2 35.2 10.0 2.5 2 0 4 0 0
-5057.8 -6025.3 -52.7 185 0 7.4 14.1 2.5 0.0 0 1 1 5 5
-5046.7 -6108.2 -53.9 95 0 6.6 40.4 10.0 0.0 0 1 4 2 2
-5073.2 -5873.9 -55.0 169 0 12.1 29.0 7.5 0.0 0 1 3 4 4
-5032.4 -5916.2 -53.7 348 0 20.2 12.9 7.5 2.5 2 0 3 2 2
-5065.1 -5984.0 -53.1 278 0 11.8 17.9 7.5 2.5 2 1 3 5 5
-5036.8 -5954.2 -52.8 184 0 20.1 9.9 7.5 2.5 2 0 3 0 0
-5072.6 -5841.1 -55.2 168 0 27.2 17.0 10.0 0.0 0 0 4 5 5
-4922.2 -5844.4 -51.0 348 0 19.4 13.5 7.5 2.5 2 0 3 2 2
-4986.7 -5766.7 -53.5 264 0 20.6 11.2 7.5 2.5 2 0 3 4 4
-5061.0 -5470.3 -52.2 351 0 20.4 9.0 10.5 3.5 2 0 3 2 2
-5115.6 -5405.2 -52.9 163 0 33.3 10.1 10.5 0.0 0 0 3 5 5
-5087.2 -5333.3 -53.3 257 0 7.7 84.3 10.5 3.5 4 1 3 3 3
-5099.2 -5336.4 -53.4 257 0 11.1 84.9 10.5 3.5 2 1 3 2 2
-5108.9 -5436.1 -52.3 169 0 8.2 53.0 10.5 3.5 2 1 3 3 3
-4955.8 -5495.7 -52.0 7 0 9.3 15.0 10.5 3.5 4 1 3 5 5
-4989.6 -5540.5 -52.4 73 0 13.7 25.7 10.5 0.0 0 1 3 2 2
-5066.1 -5572.8 -53.8 77 0 13.4 51.5 10.5 3.5 4 1 3 4 4
-5059.2 -5778.1 -54.8 347 0 19.4 10.4 5.0 2.5 4 0 2 1 1
-5086.4 -5735.8 -55.8 261 0 25.3 16.5 10.0 2.5 2 0 4 1 1
-5355.7 -5687.0 -58.2 167 0 17.2 25.1 7.5 0.0 0 1 3 3 3
-5377.1 -5467.2 -60.1 274 0 7.7 23.7 14.0 0.0 0 1 4 5 5
-5389.3 -5468.0 -60.4 275 0 8.4 23.1 14.0 3.5 4 1 4 3 3
-5340.6 -5525.6 -59.7 4 0 9.6 30.6 14.0 0.0 0 1 4 5 5
-5340.9 -5513.1 -59.9 5 0 10.5 30.2 14.0 3.5 2 1 4 5 5
-5346.8 -5551.3 -59.5 4 0 8.8 25.9 14.0 0.0 0 1 4 1 1
-5343.8 -5538.2 -59.6 5 0 10.0 28.9 14.0 3.5 2 1 4 4 4
-5181.9 -5600.2 -57.1 350 0 13.8 52.5 14.0 3.5 4 1 4 4 4
-5251.5 -5675.5 -58.5 72 0 12.2 21.4 10.5 3.5 2 1 3 2 2
-4360.2 -4946.7 47.3 1 0 7.5 14.9 5.0 2.5 2 1 2 3 3
