2751.6 -310.2 17.1 38 0 6.2 9.7 7.5 2.5 2 0 3 4 4
2711.1 -215.3 11.3 34 0 6.2 9.6 5.0 2.5 2 0 2 3 3
2331.6 -155.1 3.5 144 0 6.5 28.5 2.5 2.5 2 1 1 4 4
2364.4 -152.0 4.0 324 0 6.5 28.0 7.5 2.5 2 1 3 5 5
2612.7 -145.6 5.7 309 0 6.8 9.8 7.5 2.5 2 0 3 5 5
2551.9 -75.9 3.0 325 0 11.5 8.8 5.0 2.5 2 0 2 1 1
2528.4 -59.8 3.0 320 0 11.2 8.4 7.5 2.5 2 0 3 3 3
2462.8 -78.0 2.7 134 0 11.2 8.4 10.0 2.5 2 0 4 5 5
2435.8 -47.9 2.5 136 0 9.2 6.8 7.5 2.5 2 0 3 0 0
2416.7 -41.5 2.3 143 0 9.2 8.8 7.5 2.5 2 0 3 3 3
2488.2 -15.9 2.7 316 0 11.9 10.1 10.0 2.5 2 0 4 4 4
2475.4 6.5 2.6 322 0 11.0 14.5 5.0 2.5 2 0 2 3 3
2440.5 32.5 2.0 328 0 8.4 8.9 7.5 2.5 2 0 3 2 2
2363.7 42.2 0.5 315 0 7.5 8.3 5.0 2.5 2 0 2 0 0
2324.1 68.9 -0.4 139 0 8.1 13.8 5.0 2.5 2 0 2 5 5
2290.3 115.6 -0.3 236 0 7.3 8.0 5.0 0.0 0 1 2 2 2
2323.0 165.2 -1.3 146 0 11.1 11.7 7.5 2.5 4 1 3 1 1
2316.0 197.6 -1.7 332 0 11.6 9.5 7.5 2.5 2 0 3 3 3
2278.7 225.9 -1.2 142 0 10.7 9.2 7.5 2.5 2 0 3 3 3
2249.3 253.2 -1.0 149 0 11.0 10.0 5.0 2.5 2 0 2 1 1
2242.4 304.3 -0.7 231 0 13.1 12.1 7.5 2.5 4 0 3 2 2
2160.2 281.2 -1.3 145 0 9.5 7.4 7.5 2.5 2 0 3 0 0
2160.4 371.0 -2.3 330 0 6.1 13.3 10.0 2.5 4 1 4 5 5
2093.4 371.6 -2.4 230 0 9.6 6.5 7.5 2.5 4 0 3 2 2
2042.3 513.3 -2.0 228 0 9.6 10.3 7.5 2.5 2 1 3 4 4
1976.6 482.3 -2.0 307 0 11.4 21.7 10.0 2.5 2 1 4 5 5
1928.6 485.3 -2.0 131 0 14.3 22.8 10.0 2.5 2 1 4 2 2
1871.6 652.4 -2.2 44 0 7.6 6.1 5.0 2.5 2 0 2 0 0
1837.7 778.4 -2.3 263 0 26.0 6.8 7.5 0.0 0 0 3 3 3
1826.8 650.8 -2.0 56 0 12.9 13.4 7.5 2.5 2 1 3 2 2
3754.2 670.8 -6.2 274 0 7.3 6.5 7.5 2.5 2 0 3 1 1
3954.2 578.8 -8.6 119 0 8.0 6.4 5.0 2.5 2 0 2 0 0
3837.8 649.5 -5.7 22 0 14.3 14.3 5.0 2.5 2 1 2 3 3
3760.0 634.1 -5.4 22 0 7.8 9.2 7.5 2.5 2 1 3 0 0
3578.1 701.8 -5.6 287 0 11.1 8.5 7.5 0.0 0 0 3 5 5
3461.1 717.4 -5.0 106 0 10.5 7.1 5.0 2.5 2 0 2 1 1
3293.5 804.0 -7.2 19 0 7.5 8.6 7.5 2.5 2 1 3 5 5
3084.8 894.1 -3.7 275 0 9.8 8.1 5.0 2.5 4 0 2 5 5
3039.9 917.1 -2.7 289 0 12.7 9.1 5.0 0.0 0 0 2 4 4
2999.6 935.7 -1.8 288 0 9.1 7.4 5.0 0.0 0 0 2 0 0
2899.4 933.5 -1.2 137 0 7.5 9.0 5.0 2.5 2 1 2 0 0
2848.4 945.2 -1.4 98 0 7.3 6.8 5.0 2.5 2 0 2 2 2
2676.8 978.1 -4.8 5 0 6.8 9.8 10.0 2.5 4 1 4 1 1
2462.9 973.9 -2.6 89 0 8.3 7.5 5.0 2.5 2 0 2 1 1
2402.4 937.6 -1.1 69 0 8.9 8.8 7.5 2.5 4 0 3 4 4
2305.2 936.3 1.5 90 0 7.3 11.2 5.0 2.5 2 1 2 1 1
2259.6 925.8 2.2 106 0 7.9 6.3 7.5 2.5 2 0 3 0 0
2147.9 905.0 3.3 89 0 8.7 8.0 7.5 2.5 2 0 3 4 4
2178.7 951.9 3.2 238 0 14.4 12.0 10.0 2.5 2 0 4 1 1
2096.9 914.2 3.6 83 0 10.7 11.7 7.5 2.5 2 1 3 4 4
2055.8 927.9 3.2 257 0 11.2 9.3 2.5 2.5 2 0 1 1 1
1998.2 982.8 3.6 263 0 9.9 11.3 7.5 2.5 2 1 3 1 1
1945.8 973.3 2.6 248 0 11.8 12.3 10.0 2.5 2 1 4 2 2
1898.3 965.7 1.8 249 0 8.9 12.3 7.5 2.5 2 1 3 1 1
1830.8 934.7 0.5 134 0 9.8 11.8 10.0 2.5 4 1 4 4 4
1578.4 877.6 -2.1 143 0 6.3 14.7 10.0 2.5 2 1 4 0 0
1565.2 885.8 -2.3 140 0 9.1 11.5 7.5 2.5 2 1 3 2 2
1512.9 947.4 -2.5 52 0 10.9 10.0 7.5 0.0 0 0 3 1 1
1618.7 911.9 -2.2 321 0 6.7 12.3 7.5 2.5 2 1 3 1 1
1599.9 972.0 -1.2 30 0 6.0 14.1 7.5 2.5 2 1 3 4 4
1576.7 991.9 -1.3 323 0 9.6 22.5 5.0 2.5 4 1 2 2 2
1535.3 1021.1 -1.6 318 0 10.0 14.2 2.5 2.5 2 1 1 1 1
1486.3 976.8 -2.4 143 0 12.0 6.4 7.5 2.5 2 0 3 0 0
1461.2 988.8 -2.8 146 0 8.4 11.4 7.5 2.5 2 1 3 5 5
6116.2 -2199.3 18.3 307 0 7.2 11.0 7.5 2.5 2 1 3 0 0
6030.1 -2273.5 20.4 40 0 6.2 7.6 5.0 2.5 2 1 2 1 1
6005.0 -2120.2 20.8 304 0 8.0 12.5 2.5 2.5 2 1 1 0 0
5963.6 -2209.9 21.1 216 0 7.1 9.3 7.5 2.5 2 1 3 2 2
5954.2 -2127.9 21.3 120 0 12.0 8.5 10.0 2.5 2 0 4 1 1
5928.3 -2112.6 21.0 121 0 15.3 8.8 5.0 2.5 2 0 2 4 4
5882.7 -2168.5 21.6 304 0 10.1 12.6 10.0 0.0 0 1 4 2 2
5892.5 -2081.8 20.7 310 0 9.2 9.7 5.0 2.5 2 1 2 0 0
5837.7 -2052.1 20.0 24 0 10.9 9.8 7.5 2.5 2 0 3 1 1
5816.9 -2139.6 20.5 126 0 12.4 14.6 2.5 2.5 2 1 1 2 2
5792.4 -2129.2 19.8 128 0 10.6 8.1 2.5 2.5 2 0 1 0 0
5758.4 -2088.9 19.0 220 0 10.6 9.2 5.0 0.0 0 0 2 1 1
5785.7 -2016.2 19.4 312 0 8.2 8.0 7.5 2.5 2 0 3 5 5
5730.2 -1974.0 19.3 32 0 8.8 9.9 7.5 2.5 2 1 3 3 3
5690.6 -2040.9 18.7 304 0 10.3 8.1 7.5 2.5 2 0 3 4 4
5634.9 -1911.4 19.7 128 0 6.7 10.1 7.5 2.5 2 1 3 0 0
5401.0 -1862.5 15.8 308 0 8.2 7.4 2.5 2.5 2 0 1 5 5
5294.7 -1797.2 14.2 315 0 6.9 6.1 5.0 0.0 0 0 2 0 0
5149.1 -1590.4 16.4 305 0 9.3 6.1 2.5 2.5 2 0 1 3 3
4912.1 -1506.0 15.9 126 0 6.0 14.0 7.5 2.5 2 1 3 3 3
4050.1 549.1 -8.8 200 0 11.0 9.1 5.0 0.0 0 0 2 2 2
4136.1 508.0 -6.9 10 0 8.4 9.9 2.5 2.5 4 1 1 4 4
4109.2 560.6 -7.9 293 0 6.7 9.3 5.0 2.5 2 1 2 4 4
6910.1 -2718.5 18.0 339 0 9.8 11.2 7.5 2.5 2 1 3 0 0
6837.0 -2771.2 20.7 305 0 7.0 8.8 5.0 2.5 2 1 2 3 3
6801.0 -2774.8 21.0 212 0 9.9 15.7 7.5 2.5 4 1 3 4 4
6800.6 -2674.6 16.8 293 0 11.3 13.8 5.0 2.5 2 1 2 1 1
6785.6 -2668.6 16.9 292 0 8.9 13.5 7.5 0.0 0 1 3 4 4
6744.7 -2741.4 18.9 116 0 9.5 10.7 7.5 2.5 2 1 3 0 0
6667.4 -2603.5 15.0 216 0 13.7 13.6 7.5 2.5 2 0 3 5 5
6614.2 -2549.7 13.6 123 0 8.1 9.6 7.5 2.5 2 1 3 5 5
6588.4 -2542.4 13.6 131 0 6.9 11.5 10.0 2.5 2 1 4 4 4
6546.8 -2702.1 16.1 301 0 15.0 13.8 7.5 2.5 2 0 3 2 2
6542.0 -2520.9 13.9 125 0 8.4 10.0 7.5 2.5 4 1 3 3 3
6501.1 -2596.4 16.7 130 0 13.4 9.8 5.0 2.5 2 0 2 5 5
6436.6 -2449.3 16.6 304 0 10.3 9.5 7.5 2.5 4 0 3 0 0
6374.2 -2488.8 18.5 111 0 14.7 12.1 7.5 0.0 0 0 3 0 0
6387.0 -2426.2 17.6 312 0 7.5 10.9 2.5 2.5 4 1 1 3 3
6386.1 -2414.1 17.4 312 0 7.7 15.8 5.0 2.5 2 1 2 3 3
6342.5 -2382.9 18.2 304 0 14.1 11.9 2.5 2.5 2 0 1 3 3
6318.9 -2438.0 19.4 131 0 10.6 7.8 5.0 2.5 2 0 2 5 5
6270.5 -2429.2 20.4 120 0 6.5 14.5 7.5 2.5 2 1 3 0 0
6269.5 -2337.1 19.0 215 0 6.6 9.7 10.0 2.5 2 1 4 3 3
6236.6 -2384.6 20.6 210 0 9.8 11.9 7.5 2.5 2 1 3 5 5
6207.4 -2298.7 18.3 32 0 6.9 9.0 5.0 2.5 2 1 2 3 3
6166.6 -2274.8 18.0 215 0 13.3 10.1 7.5 2.5 2 0 3 0 0
6098.0 -2326.2 20.0 137 0 6.5 8.5 2.5 2.5 2 1 1 0 0
-504.3 4559.0 -16.6 233 0 10.9 7.4 10.0 2.5 4 0 4 2 2
-559.3 4577.1 -17.3 56 0 13.0 9.6 2.5 2.5 2 0 1 4 4
-611.5 4579.7 -17.8 171 0 12.6 10.5 10.0 2.5 2 0 4 1 1
-703.8 4661.7 -20.0 83 0 12.0 9.5 7.5 2.5 2 0 3 0 0
-643.5 4551.0 -18.2 84 0 9.2 8.0 5.0 2.5 2 0 2 1 1
-662.1 4518.7 -18.3 251 0 13.8 11.2 7.5 2.5 2 0 3 2 2
-726.8 4541.0 -19.5 61 0 14.5 13.5 5.0 2.5 2 0 2 4 4
-756.9 4463.9 -19.1 75 0 11.7 9.5 10.0 2.5 2 0 4 5 5
-831.7 4431.8 -18.3 350 0 12.4 10.7 7.5 2.5 2 0 3 4 4
-831.0 4195.2 -13.5 74 0 7.8 8.6 7.5 2.5 2 1 3 4 4
-806.6 3351.3 -2.3 150 0 8.5 9.5 7.5 2.5 2 1 3 5 5
-768.1 3297.6 -0.3 312 0 12.3 8.7 7.5 2.5 4 0 3 2 2
-757.1 3269.4 0.0 139 0 11.3 8.2 5.0 2.5 4 0 2 3 3
3735.2 6071.2 -25.8 259 0 7.6 15.6 7.5 0.0 0 1 3 4 4
3767.4 5878.1 -28.2 222 0 7.7 10.1 5.0 2.5 4 1 2 4 4
3828.0 5837.5 -29.0 111 0 9.0 17.2 5.0 2.5 2 1 2 2 2
3773.3 6007.2 -25.4 21 0 6.8 7.8 2.5 2.5 2 1 1 3 3
