2525.2 1553.5 -32.1 243 0 35.8 7.4 14.0 3.5 2 0 4 4 4
2561.4 1529.2 -31.8 243 0 17.7 13.6 5.0 2.5 2 0 2 3 3
2555.9 1551.1 -32.6 63 0 44.3 8.6 14.0 0.0 0 0 4 1 1
-306.9 -4714.5 3.6 20 0 13.9 9.0 2.5 0.0 0 0 1 1 1
803.4 5852.8 -56.6 302 0 15.4 11.3 5.0 2.5 2 0 2 1 1
1858.6 3094.5 -37.4 255 0 16.7 28.3 10.0 2.5 2 1 4 0 0
1786.3 2943.6 -38.1 91 0 12.0 95.7 10.0 0.0 0 1 4 5 5
1472.3 4099.6 -47.1 61 0 10.2 39.4 7.5 2.5 2 1 3 1 1
808.8 4664.9 -53.7 158 0 9.0 42.8 7.5 2.5 2 1 3 0 0
722.1 4726.0 -53.8 248 0 8.7 36.3 7.5 2.5 2 1 3 5 5
730.4 4664.4 -53.6 158 0 36.3 8.7 10.0 2.5 2 0 4 5 5
769.3 4614.1 -53.5 68 0 8.7 36.3 5.0 2.5 2 1 2 1 1
770.7 4684.1 -53.8 337 0 32.7 16.4 7.5 2.5 2 0 3 3 3
1012.2 4296.6 -48.2 155 0 14.1 15.9 7.5 2.5 2 1 3 5 5
1332.2 4419.9 -49.1 23 0 25.9 21.1 10.0 2.5 2 0 4 0 0
1309.1 4461.3 -49.3 294 0 19.0 8.3 7.5 2.5 2 0 3 5 5
1278.7 4442.0 -48.4 209 0 23.2 17.1 7.5 2.5 2 0 3 3 3
1259.4 4405.8 -48.9 207 0 30.6 19.2 15.0 0.0 0 0 6 2 2
1246.9 4293.3 -46.8 351 0 12.0 23.9 7.5 0.0 0 1 3 0 0
1224.5 4264.8 -45.9 174 0 9.1 39.1 10.0 2.5 2 1 4 5 5
1147.8 4297.4 -48.1 6 0 14.0 30.4 7.5 0.0 0 1 3 0 0
1090.6 4314.4 -48.6 359 0 17.4 16.6 10.0 2.5 2 0 4 5 5
1093.5 4355.0 -49.0 358 0 17.4 43.2 10.0 2.5 2 1 4 4 4
1083.9 4381.0 -49.0 358 0 19.7 42.0 7.5 2.5 2 1 3 0 0
1080.7 4412.2 -49.3 357 0 18.1 46.7 5.0 2.5 2 1 2 3 3
1014.9 4404.8 -48.9 177 0 28.3 9.8 10.0 2.5 2 0 4 4 4
993.2 4520.6 -52.8 247 0 22.1 14.2 10.0 2.5 4 0 4 1 1
1067.2 4513.2 -51.7 339 0 11.1 19.4 7.5 2.5 2 1 3 0 0
1145.1 4623.8 -50.8 339 0 9.7 27.9 15.0 0.0 0 1 6 1 1
1130.7 4658.5 -50.0 338 0 18.1 14.8 7.5 2.5 2 0 3 2 2
1102.8 4643.5 -50.9 160 0 30.2 12.5 7.5 2.5 2 0 3 1 1
1161.4 4628.0 -48.7 168 0 17.3 15.0 7.5 2.5 4 0 3 0 0
1181.6 4778.0 -51.6 130 0 12.8 37.5 12.5 0.0 0 1 5 1 1
1059.5 4760.3 -50.3 157 0 10.4 33.8 10.0 2.5 2 1 4 0 0
1128.7 4738.6 -49.3 285 0 12.5 42.0 12.5 2.5 2 1 5 0 0
966.4 4835.6 -52.6 168 0 10.6 36.4 10.0 2.5 4 1 4 4 4
1060.8 4849.9 -52.3 67 0 76.4 51.2 7.5 0.0 0 0 3 3 3
1005.8 5034.7 -52.4 337 0 39.9 8.9 10.0 2.5 2 0 4 1 1
977.9 5043.9 -52.8 247 0 8.9 39.9 7.5 2.5 2 1 3 1 1
963.9 5117.2 -56.9 64 0 10.2 42.5 12.5 2.5 2 1 5 3 3
992.1 5205.0 -56.6 155 0 20.4 7.3 7.5 0.0 0 0 3 5 5
959.4 5213.5 -57.0 67 0 74.7 46.5 7.5 0.0 0 0 3 1 1
896.6 5408.5 -54.6 165 0 11.3 6.2 7.5 0.0 0 0 3 5 5
916.0 5396.7 -54.8 73 0 10.5 32.6 10.0 2.5 2 1 4 4 4
844.5 5565.2 -59.3 67 0 11.8 34.8 10.0 2.5 2 1 4 5 5
790.9 5709.5 -57.4 67 0 12.6 40.6 10.0 2.5 2 1 4 2 2
-2969.5 -71.1 -6.3 0 0 38.4 11.6 17.5 0.0 0 0 7 3 3
-3543.7 127.6 -19.4 259 0 8.8 32.8 12.5 2.5 4 1 5 3 3
-3492.0 121.0 -19.6 350 0 23.1 10.2 5.0 0.0 0 0 2 5 5
-3516.5 85.9 -18.7 79 0 45.7 9.3 10.0 2.5 4 0 4 2 2
-3471.6 -169.5 -20.5 112 0 6.8 7.0 5.0 2.5 2 1 2 3 3
-3480.2 -89.6 -16.6 203 0 8.0 8.3 7.5 2.5 2 1 3 5 5
-3467.4 -129.2 -19.2 23 0 34.7 14.0 10.0 2.5 4 0 4 5 5
-3478.8 -96.9 -19.2 293 0 13.3 42.6 12.5 2.5 2 1 5 0 0
2492.3 1609.6 -32.2 343 0 7.3 39.1 10.5 3.5 2 1 3 2 2
2019.7 2411.1 -29.8 91 0 28.8 20.5 10.0 2.5 2 0 4 0 0
2006.3 3266.0 -40.3 311 0 44.0 23.4 7.5 0.0 0 0 3 1 1
2655.4 3983.1 -41.9 86 0 60.6 183.2 12.5 0.0 0 1 5 0 0
1645.8 -2163.7 -20.2 210 0 8.1 11.6 7.5 2.5 4 1 3 5 5
1813.6 -3021.6 28.6 83 0 14.3 23.5 17.5 0.0 0 1 7 0 0
1483.2 -3039.2 55.9 278 0 21.3 12.8 10.0 2.5 4 0 4 4 4
5371.7 -2641.7 -15.3 258 0 11.3 21.4 2.5 2.5 2 1 1 1 1
5356.7 -2712.3 -18.7 90 0 9.1 10.1 7.5 2.5 2 1 3 4 4
5384.7 -2710.4 -17.8 92 0 8.8 10.6 7.5 2.5 2 1 3 1 1
5347.8 -2673.8 -17.9 256 0 18.4 20.1 15.0 0.0 0 1 6 0 0
5345.9 -2795.6 -20.1 5 0 10.4 14.8 7.5 2.5 2 1 3 3 3
5319.0 -2685.3 -18.7 250 0 13.2 9.7 2.5 2.5 2 0 1 3 3
5338.4 -2732.1 -19.5 82 0 9.0 15.8 7.5 2.5 2 1 3 5 5
5284.3 -2720.2 -20.0 164 0 13.2 13.8 10.0 2.5 2 1 4 3 3
5289.1 -2606.4 -14.3 337 0 6.1 21.7 7.5 2.5 2 1 3 4 4
5186.3 -2619.4 -16.6 2 0 8.6 9.0 7.5 2.5 2 1 3 5 5
5164.1 -2613.3 -16.9 270 0 9.4 7.1 10.0 2.5 2 0 4 2 2
5143.1 -2642.0 -19.8 100 0 11.6 14.4 7.5 2.5 2 1 3 4 4
5143.1 -2713.0 -22.4 248 0 7.3 14.0 7.5 0.0 0 1 3 4 4
5144.9 -2796.0 -22.8 64 0 12.1 15.4 7.5 2.5 2 1 3 2 2
5147.7 -2890.4 -19.8 147 0 13.0 10.2 10.0 2.5 2 0 4 5 5
5132.3 -3043.5 -14.2 87 0 12.0 13.0 7.5 2.5 2 1 3 1 1
5176.9 -2914.4 -18.7 115 0 15.9 8.8 2.5 2.5 2 0 1 3 3
5216.2 -3039.9 -15.0 60 0 8.3 14.7 2.5 2.5 4 1 1 1 1
6706.0 -636.6 -21.5 188 0 13.1 13.7 7.5 2.5 2 1 3 2 2
6682.4 -794.5 -19.9 4 0 7.7 11.7 5.0 2.5 2 1 2 0 0
6838.5 -709.9 -22.3 356 0 16.6 7.6 5.0 2.5 4 0 2 4 4
6833.8 -913.1 -20.3 278 0 14.1 8.9 7.5 2.5 2 0 3 3 3
6832.6 -869.3 -21.5 93 0 16.4 13.0 5.0 2.5 2 0 2 1 1
6796.6 -871.0 -20.2 62 0 8.9 10.0 2.5 2.5 2 1 1 5 5
6840.7 -832.9 -21.9 340 0 8.8 13.9 2.5 2.5 2 1 1 1 1
6794.7 -615.5 -22.0 265 0 23.0 13.6 7.5 2.5 2 0 3 3 3
6821.5 -627.7 -22.3 263 0 20.1 20.8 10.0 2.5 2 1 4 4 4
6805.5 -663.2 -21.4 347 0 29.1 12.8 10.0 2.5 2 0 4 0 0
6765.1 -699.0 -20.2 180 0 8.9 10.6 10.0 2.5 2 1 4 1 1
6730.7 -764.3 -19.2 163 0 9.9 9.4 5.0 2.5 2 0 2 3 3
6726.9 -712.5 -19.3 180 0 10.1 8.2 10.0 0.0 0 0 4 1 1
6718.7 -666.7 -20.7 188 0 17.9 19.7 7.5 2.5 2 1 3 5 5
6569.4 -595.5 -24.8 75 0 15.8 9.2 5.0 2.5 2 0 2 4 4
6632.7 -612.1 -22.5 282 0 9.2 11.5 7.5 2.5 2 1 3 4 4
6635.7 -643.7 -22.0 249 0 19.5 7.6 2.5 2.5 2 0 1 0 0
6680.5 -666.4 -20.9 0 0 10.1 19.4 2.5 2.5 2 1 1 5 5
6683.6 -707.3 -20.1 19 0 12.5 11.7 5.0 0.0 0 0 2 3 3
6610.3 -690.4 -22.6 107 0 11.7 16.8 7.5 2.5 2 1 3 3 3
6715.7 -1018.3 -9.0 0 0 8.9 13.5 7.5 2.5 2 1 3 2 2
6803.9 -1031.9 -8.3 0 0 7.7 22.9 7.5 2.5 2 1 3 5 5
6702.2 -948.4 -14.8 13 0 7.9 7.5 5.0 2.5 2 0 2 5 5
6766.1 -901.5 -18.4 243 0 7.6 10.6 7.5 2.5 2 1 3 3 3
6788.1 -929.6 -18.0 267 0 8.5 10.7 5.0 2.5 2 1 2 3 3
6838.9 -983.8 -15.2 9 0 7.8 10.5 7.5 2.5 2 1 3 1 1
6778.6 -983.7 -14.8 166 0 14.6 16.0 5.0 2.5 2 1 2 0 0
6764.8 -875.2 -19.3 87 0 7.8 10.7 2.5 2.5 2 1 1 2 2
6721.9 -817.8 -19.7 175 0 6.5 12.4 7.5 2.5 2 1 3 5 5
6718.4 -838.2 -19.3 192 0 8.5 9.1 5.0 0.0 0 1 2 3 3
6688.1 -878.7 -17.7 0 0 8.9 12.3 7.5 2.5 2 1 3 1 1
6674.6 -823.1 -19.6 0 0 8.9 7.1 7.5 2.5 2 0 3 2 2
6616.4 -791.2 -19.9 284 0 7.1 9.8 2.5 2.5 2 1 1 0 0
6583.8 -950.3 -15.2 183 0 10.1 16.3 5.0 2.5 2 1 2 0 0
6567.4 -918.9 -18.0 191 0 9.1 13.8 7.5 2.5 2 1 3 0 0
6617.5 -928.2 -15.8 283 0 11.9 7.9 7.5 2.5 2 0 3 2 2
6658.6 -931.9 -14.7 279 0 11.6 11.4 2.5 2.5 2 0 1 4 4
6677.8 -1081.8 0.2 177 0 11.8 13.0 5.0 0.0 0 1 2 2 2
6738.6 -1055.2 -3.6 193 0 15.8 27.5 10.0 2.5 2 1 4 0 0
6807.7 -1271.2 16.4 6 0 11.3 21.0 7.5 2.5 2 1 3 1 1
6814.3 -1174.3 22.4 284 0 16.7 24.9 10.0 0.0 0 1 4 2 2
6751.7 -1182.4 17.4 250 0 6.7 23.2 2.5 2.5 4 1 1 1 1
6706.9 -1200.2 15.8 156 0 8.6 17.4 5.0 2.5 2 1 2 4 4
6601.8 -1218.5 17.5 172 0 6.9 27.9 7.5 2.5 2 1 3 0 0
6642.8 -1286.5 9.0 251 0 17.4 20.0 10.0 2.5 2 1 4 0 0
6598.6 -1364.7 1.4 250 0 15.9 18.9 10.0 2.5 2 1 4 1 1
6609.7 -1452.4 -4.1 75 0 67.5 49.0 10.0 0.0 0 0 4 4 4
6911.3 -183.8 -23.9 3 0 9.1 10.3 7.5 2.5 2 1 3 0 0
6884.1 -875.7 -22.0 243 0 9.6 10.5 5.0 2.5 2 1 2 2 2
6811.0 -425.2 -21.7 288 0 12.1 18.5 5.0 2.5 2 1 2 1 1
6865.8 -487.9 -21.9 6 0 10.6 8.9 5.0 2.5 2 0 2 4 4
6871.9 -92.2 -27.5 256 0 10.6 10.3 7.5 2.5 2 0 3 1 1
6853.1 -106.9 -26.6 240 0 11.2 15.4 5.0 2.5 2 1 2 5 5
6824.9 -135.4 -25.1 211 0 12.1 16.9 5.0 2.5 2 1 2 0 0
6808.3 -178.8 -23.7 203 0 11.1 10.5 7.5 2.5 2 0 3 1 1
6752.9 -209.5 -26.9 225 0 13.8 14.6 10.0 2.5 2 1 4 2 2
6723.4 -269.1 -24.8 128 0 13.3 8.6 7.5 2.5 2 0 3 0 0
6782.5 -303.9 -23.1 293 0 15.7 19.2 10.0 2.5 4 1 4 4 4
6828.4 -361.6 -22.5 19 0 10.0 13.4 5.0 2.5 2 1 2 4 4
6887.7 -272.4 -23.4 12 0 12.4 15.0 7.5 2.5 4 1 3 0 0
5599.6 -276.9 -26.1 350 0 11.8 18.5 5.0 2.5 2 1 2 4 4
5576.4 -358.4 -24.4 60 0 11.9 12.4 7.5 0.0 0 1 3 3 3
5613.1 -363.3 -24.7 217 0 10.7 9.2 2.5 2.5 4 0 1 0 0
5624.7 -428.3 -24.3 177 0 13.4 12.3 5.0 2.5 2 0 2 0 0
5615.3 -483.6 -23.0 237 0 8.1 10.1 2.5 2.5 2 1 1 2 2
5630.3 -485.3 -23.0 185 0 12.9 10.0 5.0 2.5 2 0 2 0 0
5712.7 -512.9 -23.1 344 0 10.1 15.3 7.5 2.5 2 1 3 2 2
5746.0 -497.7 -24.4 333 0 14.4 10.3 10.0 2.5 2 0 4 0 0
5660.0 -388.8 -25.0 241 0 7.8 6.3 7.5 2.5 2 0 3 2 2
5738.6 -431.2 -24.2 179 0 8.6 13.8 5.0 2.5 2 1 2 2 2
5729.6 -371.6 -26.1 173 0 8.6 13.9 7.5 2.5 2 1 3 3 3
5850.9 -382.6 -23.3 283 0 11.8 9.9 2.5 2.5 2 0 1 4 4
5828.3 -417.3 -22.6 344 0 8.9 11.9 10.0 2.5 4 1 4 1 1
5798.9 -524.2 -24.2 176 0 7.7 15.6 5.0 2.5 2 1 2 2 2
5775.6 -560.2 -23.7 258 0 10.2 9.3 7.5 2.5 2 0 3 3 3
5813.6 -592.5 -24.4 84 0 11.8 6.2 5.0 2.5 2 0 2 5 5
5944.4 -555.8 -24.9 176 0 7.7 9.4 7.5 2.5 2 1 3 2 2
5925.8 -627.3 -25.4 119 0 10.1 7.6 7.5 2.5 2 0 3 1 1
5971.7 -685.7 -24.5 268 0 9.7 11.4 7.5 0.0 0 1 3 5 5
6022.9 -451.3 -25.5 292 0 9.2 10.1 7.5 2.5 2 1 3 5 5
6037.2 -495.4 -25.3 126 0 6.5 8.8 5.0 2.5 4 1 2 0 0
6106.3 -511.8 -24.2 15 0 15.2 7.0 2.5 2.5 2 0 1 2 2
6093.9 -552.1 -22.1 23 0 6.2 6.7 7.5 0.0 0 1 3 3 3
6069.3 -569.3 -22.7 97 0 12.1 7.3 5.0 2.5 4 0 2 5 5
6036.0 -560.1 -23.7 113 0 12.8 13.4 5.0 2.5 2 1 2 4 4
6047.0 -424.1 -27.4 122 0 11.5 21.1 7.5 2.5 2 1 3 0 0
6137.9 -401.1 -27.3 284 0 10.6 7.6 7.5 2.5 2 0 3 4 4
6124.0 -466.7 -25.8 66 0 8.0 10.0 2.5 2.5 4 1 1 1 1
6138.2 -455.9 -26.1 99 0 11.9 10.6 7.5 2.5 2 0 3 0 0
6176.3 -491.6 -24.6 109 0 13.4 10.3 10.0 2.5 2 0 4 4 4
6225.3 -491.4 -24.4 101 0 12.3 10.3 5.0 2.5 2 0 2 3 3
6231.6 -303.0 -28.1 294 0 16.7 8.6 5.0 0.0 0 0 2 3 3
6198.7 -356.0 -27.7 107 0 14.1 13.3 7.5 2.5 4 0 3 4 4
6330.3 -362.7 -25.5 106 0 9.8 8.5 10.0 0.0 0 0 4 0 0
6354.3 -371.7 -25.6 106 0 14.4 15.1 7.5 2.5 2 1 3 2 2
6381.5 -365.0 -26.8 284 0 18.2 13.8 10.0 2.5 2 0 4 1 1
6362.7 -485.1 -26.6 317 0 10.0 34.7 7.5 2.5 2 1 3 1 1
6330.8 -532.8 -26.1 117 0 7.6 7.5 5.0 2.5 2 0 2 5 5
6343.1 -580.0 -26.6 299 0 8.4 14.0 2.5 2.5 2 1 1 3 3
6381.3 -633.5 -26.0 17 0 9.0 15.7 10.0 0.0 0 1 4 0 0
6428.8 -425.9 -27.5 29 0 18.6 9.1 5.0 2.5 2 0 2 5 5
6499.1 -389.3 -29.9 286 0 13.5 13.2 5.0 2.5 4 0 2 0 0
6455.9 -581.6 -27.5 104 0 12.4 8.7 5.0 2.5 2 0 2 5 5
6590.7 -478.5 -24.4 20 0 11.1 8.7 7.5 2.5 4 0 3 1 1
6621.9 -405.0 -27.0 235 0 10.8 6.5 5.0 2.5 2 0 2 1 1
6543.8 -435.9 -27.6 154 0 9.5 15.4 7.5 2.5 4 1 3 5 5
6672.1 -583.5 -22.6 74 0 9.5 11.6 7.5 2.5 2 1 3 5 5
6776.8 -594.1 -22.1 95 0 17.7 8.9 10.0 2.5 4 0 4 1 1
6822.5 -591.3 -22.7 98 0 21.6 14.7 7.5 2.5 2 0 3 5 5
6666.6 -322.3 -27.7 194 0 9.2 9.4 2.5 2.5 4 1 1 1 1
6634.7 -477.4 -23.5 95 0 9.4 10.5 5.0 2.5 2 1 2 4 4
6660.9 -452.8 -23.1 122 0 9.4 12.9 5.0 2.5 2 1 2 4 4
6691.2 -440.2 -22.7 29 0 10.2 13.2 7.5 2.5 2 1 3 5 5
5328.9 -149.1 -27.1 235 0 8.3 16.9 10.0 2.5 2 1 4 4 4
5308.2 -163.9 -26.8 148 0 15.9 8.7 7.5 2.5 2 0 3 5 5
5362.6 -217.2 -26.5 61 0 10.4 8.6 10.0 2.5 2 0 4 4 4
5287.7 -343.1 -25.9 174 0 7.0 10.4 7.5 0.0 0 1 3 2 2
5368.4 -302.4 -24.7 345 0 8.1 8.8 7.5 2.5 2 1 3 3 3
5379.5 -362.7 -24.1 336 0 8.6 16.7 7.5 2.5 2 1 3 1 1
5294.3 -365.8 -26.2 171 0 7.6 19.3 10.0 2.5 2 1 4 2 2
5450.0 -311.0 -24.0 260 0 10.4 7.3 2.5 2.5 2 0 1 2 2
5500.5 -375.7 -23.5 74 0 13.5 8.7 7.5 0.0 0 0 3 2 2
5471.4 -371.4 -23.5 84 0 11.8 17.4 5.0 0.0 0 1 2 4 4
5413.2 -364.9 -23.8 264 0 7.7 8.4 7.5 2.5 2 1 3 3 3
5412.6 -487.3 -23.9 152 0 9.9 16.1 10.0 2.5 2 1 4 0 0
5506.4 -471.9 -22.4 65 0 9.7 11.8 10.0 2.5 2 1 4 5 5
1.7 -3860.2 -3.0 130 0 20.0 15.3 10.0 2.5 2 0 4 5 5
22.3 -3747.7 -0.8 324 0 18.7 11.3 2.5 2.5 2 0 1 3 3
108.5 -3793.4 0.3 177 0 26.9 42.5 12.5 2.5 4 1 5 1 1
166.6 -3785.9 1.2 356 0 10.8 25.6 10.0 0.0 0 1 4 1 1
247.6 -3727.7 5.8 344 0 13.3 14.4 5.0 0.0 0 1 2 4 4
381.5 -3743.1 6.8 15 0 12.2 10.3 5.0 2.5 2 0 2 4 4
360.4 -3810.9 2.4 185 0 9.4 26.1 7.5 2.5 2 1 3 0 0
461.7 -3865.7 -3.1 284 0 12.3 9.4 2.5 2.5 2 0 1 1 1
530.3 -3846.8 -2.2 188 0 22.8 9.1 5.0 2.5 2 0 2 4 4
606.1 -3839.8 2.7 96 0 10.6 9.3 7.5 2.5 2 0 3 5 5
593.4 -3859.4 0.1 97 0 12.4 9.2 7.5 2.5 2 0 3 3 3
654.7 -3839.5 4.7 7 0 11.1 19.1 7.5 2.5 2 1 3 0 0
286.7 -2872.2 11.5 289 0 9.9 28.6 10.0 2.5 2 1 4 0 0
304.6 -2891.5 13.6 7 0 25.6 9.2 2.5 2.5 2 0 1 1 1
180.6 -2684.3 6.8 210 0 18.4 26.2 12.5 2.5 2 1 5 2 2
202.3 -2743.9 2.7 104 0 12.3 56.9 10.0 2.5 2 1 4 4 4
122.6 -2716.7 10.3 162 0 12.9 31.2 10.0 2.5 2 1 4 0 0
-41.7 -2785.4 10.6 136 0 9.8 18.5 2.5 2.5 2 1 1 3 3
23.5 -2784.9 11.6 55 0 8.9 22.9 5.0 2.5 2 1 2 0 0
-46.2 -3119.8 14.7 175 0 11.5 6.6 7.5 2.5 4 0 3 3 3
-40.6 -3162.4 13.1 87 0 7.5 8.6 7.5 2.5 2 1 3 2 2
50.7 -2918.9 10.5 212 0 12.3 33.2 12.5 2.5 4 1 5 1 1
45.3 -2958.3 11.4 217 0 9.7 28.0 10.0 2.5 2 1 4 2 2
72.0 -3014.8 12.2 22 0 8.7 44.1 5.0 2.5 2 1 2 1 1
-19.8 -3020.5 13.0 189 0 16.6 53.2 12.5 2.5 2 1 5 0 0
-1.0 -3178.1 14.6 91 0 15.5 54.4 10.0 0.0 0 1 4 2 2
-16.6 -3236.3 12.0 178 0 39.0 27.6 12.5 0.0 0 0 5 4 4
69.0 -3116.7 13.5 270 0 69.6 145.1 10.0 0.0 0 1 4 2 2
141.6 -3118.6 12.9 268 0 13.8 47.0 10.0 2.5 4 1 4 2 2
161.4 -3191.0 13.6 0 0 12.4 32.6 10.0 2.5 2 1 4 0 0
361.0 -3226.3 17.4 268 0 10.3 29.9 10.0 2.5 2 1 4 0 0
360.6 -3292.1 15.6 189 0 12.5 7.4 5.0 2.5 4 0 2 1 1
319.8 -3307.9 14.0 266 0 32.1 19.3 12.5 0.0 0 0 5 5 5
347.2 -3408.9 8.8 179 0 17.2 34.2 10.0 0.0 0 1 4 3 3
406.6 -3137.2 27.8 325 0 25.5 16.7 10.0 2.5 2 0 4 2 2
392.6 -3249.0 17.0 267 0 21.5 11.7 5.0 2.5 2 0 2 3 3
457.3 -3240.0 20.8 263 0 19.5 6.0 7.5 0.0 0 0 3 2 2
427.6 -3380.2 12.6 84 0 12.1 42.5 12.5 2.5 2 1 5 3 3
498.3 -3333.9 14.2 88 0 9.4 18.6 7.5 2.5 2 1 3 5 5
535.4 -3333.2 14.8 350 0 11.4 8.1 7.5 2.5 2 0 3 1 1
511.7 -3389.9 12.8 171 0 25.2 9.8 7.5 0.0 0 0 3 0 0
537.2 -3405.0 13.1 98 0 12.8 21.5 15.0 0.0 0 1 6 4 4
620.6 -3459.0 17.3 173 0 11.6 33.5 10.0 2.5 2 1 4 3 3
601.4 -3497.3 11.1 260 0 12.2 28.6 10.0 2.5 2 1 4 0 0
604.5 -3596.8 12.9 276 0 11.5 15.2 7.5 2.5 2 1 3 2 2
580.5 -3624.4 11.1 190 0 13.8 10.4 7.5 0.0 0 0 3 2 2
640.4 -3586.8 15.8 258 0 15.0 15.4 7.5 2.5 2 1 3 3 3
542.6 -3547.4 12.5 271 0 16.7 10.1 7.5 0.0 0 0 3 3 3
520.9 -3607.8 8.2 180 0 77.3 12.9 12.5 2.5 4 0 5 4 4
528.9 -3653.6 7.7 265 0 10.9 8.6 10.0 2.5 2 0 4 5 5
523.7 -3671.7 7.3 179 0 10.0 33.2 10.0 2.5 2 1 4 1 1
535.9 -3808.3 1.8 200 0 10.2 36.7 15.0 0.0 0 1 6 3 3
560.7 -3807.6 3.2 121 0 17.6 12.3 5.0 2.5 2 0 2 2 2
539.8 -3725.1 7.0 181 0 14.5 19.9 7.5 2.5 2 1 3 4 4
594.3 -3762.2 8.1 358 0 17.7 8.8 2.5 2.5 2 0 1 4 4
618.6 -3751.2 9.3 7 0 8.9 22.8 7.5 2.5 2 1 3 2 2
603.6 -3732.9 8.9 6 0 9.0 19.5 7.5 2.5 2 1 3 2 2
712.4 -3586.9 17.3 324 0 12.3 42.1 10.0 0.0 0 1 4 0 0
661.4 -3678.2 14.7 87 0 11.5 23.2 12.5 2.5 4 1 5 5 5
772.0 -3615.4 19.5 357 0 10.9 26.8 12.5 2.5 2 1 5 3 3
811.6 -3630.1 20.4 2 0 12.3 29.4 15.0 0.0 0 1 6 4 4
803.7 -3647.2 19.8 7 0 9.0 24.6 5.0 2.5 2 1 2 3 3
803.5 -3663.9 19.1 7 0 11.0 31.7 12.5 2.5 2 1 5 2 2
805.5 -3683.5 18.8 16 0 10.5 31.4 10.0 2.5 2 1 4 5 5
750.5 -3700.1 16.7 14 0 26.2 10.5 12.5 2.5 2 0 5 0 0
739.9 -3666.5 16.8 10 0 11.8 31.6 10.0 2.5 2 1 4 4 4
719.2 -3685.3 16.3 104 0 31.4 9.8 12.5 2.5 2 0 5 5 5
712.4 -3705.4 15.5 104 0 33.9 8.7 10.0 2.5 2 0 4 0 0
708.5 -3729.1 14.7 104 0 31.6 7.4 5.0 2.5 4 0 2 5 5
733.5 -3793.1 9.7 104 0 13.3 28.2 10.0 2.5 2 1 4 1 1
782.8 -3735.6 13.6 284 0 11.2 12.3 10.0 0.0 0 1 4 5 5
813.4 -3782.6 10.2 16 0 16.4 15.3 12.5 2.5 2 0 5 4 4
815.2 -3801.5 9.3 17 0 8.1 16.9 10.0 2.5 2 1 4 0 0
802.3 -3834.0 8.2 77 0 10.3 11.7 2.5 2.5 2 1 1 1 1
669.4 -3923.2 -1.0 286 0 7.6 12.8 7.5 2.5 2 1 3 0 0
682.1 -3969.2 -0.7 357 0 13.4 12.9 5.0 2.5 2 0 2 2 2
705.9 -4027.2 4.0 106 0 14.0 14.2 7.5 0.0 0 1 3 3 3
754.4 -4042.0 5.1 76 0 15.8 11.3 5.0 2.5 2 0 2 1 1
157.6 -3326.7 11.0 358 0 11.3 41.7 7.5 0.0 0 1 3 4 4
-46.1 -3720.3 -0.6 292 0 11.1 13.6 7.5 2.5 2 1 3 3 3
87.4 -3881.2 -1.1 85 0 11.2 9.4 5.0 0.0 0 0 2 0 0
113.8 -3871.6 -0.7 85 0 7.7 9.1 7.5 0.0 0 1 3 1 1
144.3 -3888.2 -2.3 88 0 21.2 13.8 10.0 2.5 4 0 4 3 3
171.4 -3868.0 -2.5 269 0 12.0 17.6 5.0 2.5 2 1 2 3 3
167.1 -3930.8 -5.7 108 0 12.6 9.1 7.5 2.5 2 0 3 5 5
196.5 -3926.7 -5.8 6 0 13.4 10.6 5.0 0.0 0 0 2 0 0
264.5 -3879.4 -2.1 82 0 10.1 18.5 7.5 2.5 2 1 3 2 2
294.7 -3925.2 -1.7 171 0 12.4 17.5 10.0 0.0 0 1 4 3 3
340.2 -3953.0 -2.1 5 0 12.2 18.0 5.0 2.5 4 1 2 3 3
367.4 -3899.9 0.0 83 0 17.5 12.3 2.5 2.5 2 0 1 5 5
527.0 -3903.0 -4.7 92 0 10.6 16.1 7.5 2.5 2 1 3 4 4
560.7 -3920.1 -5.4 90 0 7.3 22.2 2.5 2.5 2 1 1 3 3
616.5 -3973.9 -6.2 270 0 7.9 9.2 7.5 2.5 2 1 3 0 0
637.6 -4060.2 -0.9 98 0 8.0 6.8 7.5 2.5 2 0 3 0 0
629.3 -4030.1 -0.9 184 0 9.9 9.1 2.5 2.5 2 0 1 1 1
643.9 -3996.9 -3.6 4 0 14.3 14.4 5.0 2.5 2 1 2 5 5
-66.2 -3503.7 16.7 243 0 34.7 29.5 7.5 0.0 0 0 3 0 0
-25.6 -3503.2 18.7 252 0 17.7 11.4 5.0 2.5 2 0 2 3 3
10.1 -3489.5 18.3 281 0 29.3 25.3 10.0 0.0 0 0 4 3 3
30.8 -3540.8 16.7 102 0 11.1 16.7 2.5 0.0 0 1 1 1 1
89.2 -3611.7 10.2 340 0 12.0 12.2 5.0 2.5 2 1 2 3 3
125.7 -3527.9 13.0 296 0 10.1 14.8 5.0 2.5 4 1 2 2 2
165.2 -3551.9 10.9 357 0 8.9 10.9 5.0 2.5 2 1 2 0 0
266.4 -3512.9 5.4 261 0 14.9 18.0 7.5 0.0 0 1 3 2 2
269.2 -3559.4 6.0 168 0 13.8 16.8 2.5 2.5 4 1 1 2 2
302.4 -3593.9 6.5 100 0 10.1 12.5 10.0 2.5 2 1 4 4 4
386.1 -3690.2 7.3 349 0 12.3 10.8 7.5 2.5 2 0 3 3 3
452.1 -3606.3 8.0 259 0 9.0 10.6 7.5 2.5 2 1 3 1 1
455.2 -3644.7 6.9 88 0 7.9 8.3 2.5 2.5 2 1 1 5 5
484.5 -3641.3 7.0 254 0 10.7 15.3 10.0 2.5 2 1 4 5 5
448.6 -3728.0 3.2 268 0 9.4 16.0 2.5 2.5 2 1 1 3 3
463.8 -3739.0 3.7 171 0 8.6 11.3 5.0 2.5 2 1 2 0 0
476.9 -3777.6 2.7 189 0 19.0 11.0 2.5 2.5 2 0 1 2 2
465.9 -3799.3 1.6 183 0 8.5 14.7 7.5 2.5 4 1 3 3 3
-33.1 -3259.5 10.8 184 0 8.5 13.5 7.5 2.5 2 1 3 0 0
-13.4 -3326.0 11.9 180 0 10.3 37.3 10.0 2.5 4 1 4 4 4
22.5 -3392.7 12.5 94 0 46.1 43.0 10.0 0.0 0 0 4 1 1
-10.3 -3383.5 12.7 91 0 12.0 33.4 10.0 2.5 2 1 4 3 3
-48.2 -3390.4 14.4 107 0 35.9 16.0 12.5 2.5 2 0 5 1 1
-140.3 -3622.8 2.8 0 0 9.8 18.5 5.0 2.5 2 1 2 5 5
-151.4 -3651.3 1.5 86 0 9.4 6.3 2.5 0.0 0 0 1 1 1
-79.1 -3696.3 -0.4 267 0 6.5 11.0 5.0 2.5 2 1 2 2 2
-131.9 -3748.7 -3.2 168 0 13.1 11.4 10.0 2.5 2 0 4 4 4
-117.5 -3913.0 -4.3 34 0 19.1 10.7 5.0 2.5 2 0 2 0 0
108.7 -3920.7 -4.1 142 0 15.4 15.7 7.5 2.5 2 1 3 4 4
53.5 -3886.4 -2.5 148 0 12.3 17.7 7.5 2.5 2 1 3 3 3
-801.7 -4576.8 0.6 277 0 12.7 11.0 7.5 2.5 2 0 3 0 0
-909.0 -4522.6 2.3 270 0 7.9 18.3 7.5 2.5 2 1 3 2 2
-866.0 -4648.2 -1.0 90 0 8.8 8.0 2.5 2.5 2 0 1 3 3
-799.8 -4653.6 -0.7 10 0 14.3 11.4 7.5 2.5 2 0 3 3 3
-782.3 -4773.6 -3.4 119 0 10.8 10.8 7.5 2.5 4 1 3 1 1
-782.8 -4817.6 -4.3 325 0 8.9 13.7 10.0 2.5 2 1 4 0 0
-709.5 -4850.0 -2.7 107 0 9.2 10.2 7.5 2.5 2 1 3 1 1
-604.3 -4847.3 -1.1 104 0 7.9 9.6 2.5 0.0 0 1 1 0 0
-623.9 -4805.8 -0.6 189 0 10.6 12.9 5.0 0.0 0 1 2 5 5
-528.3 -4770.9 3.4 85 0 10.6 11.7 7.5 2.5 2 1 3 3 3
-458.5 -4785.9 4.6 113 0 11.2 11.5 7.5 2.5 2 1 3 2 2
-453.8 -4547.3 9.9 217 0 9.4 32.8 10.0 2.5 2 1 4 2 2
-401.6 -4589.6 8.9 41 0 13.5 25.1 10.0 2.5 2 1 4 5 5
-330.7 -4585.7 7.7 282 0 16.5 12.6 7.5 2.5 2 0 3 1 1
-308.2 -4507.1 10.5 13 0 16.1 13.9 10.0 2.5 2 0 4 0 0
-458.3 -4482.9 11.2 202 0 10.2 99.3 12.5 2.5 2 1 5 1 1
-365.8 -4178.9 -0.1 137 0 8.4 10.8 5.0 2.5 2 1 2 0 0
-339.2 -4116.9 -2.5 189 0 18.7 15.5 10.0 2.5 2 0 4 2 2
-266.3 -4222.6 -0.3 304 0 9.5 8.1 7.5 2.5 2 0 3 3 3
-278.7 -4277.2 2.7 185 0 10.7 13.0 10.0 2.5 2 1 4 0 0
-238.4 -4301.7 3.3 0 0 7.1 10.3 7.5 2.5 2 1 3 2 2
676.3 -3509.6 9.8 269 0 11.7 9.7 5.0 2.5 2 0 2 5 5
785.0 -3481.9 19.3 256 0 15.5 7.5 5.0 2.5 2 0 2 3 3
715.8 -3543.7 12.8 307 0 6.9 23.6 5.0 2.5 2 1 2 3 3
721.7 -3508.5 9.1 316 0 8.1 32.5 15.0 0.0 0 1 6 4 4
545.4 -3238.0 22.0 351 0 9.1 33.3 12.5 2.5 4 1 5 1 1
547.9 -3267.2 18.7 355 0 12.0 31.9 12.5 2.5 2 1 5 5 5
620.8 -3273.0 20.7 265 0 43.0 16.8 10.0 2.5 2 0 4 2 2
-49.8 -4378.3 9.5 348 0 8.0 12.0 7.5 2.5 2 1 3 1 1
-123.1 -4410.4 11.7 31 0 14.1 15.4 2.5 2.5 2 1 1 0 0
-180.9 -4496.8 10.6 202 0 7.8 14.2 2.5 2.5 2 1 1 0 0
-191.6 -4544.0 9.1 173 0 9.3 7.6 7.5 2.5 2 0 3 3 3
-176.1 -4571.9 9.4 353 0 6.8 6.6 2.5 2.5 2 0 1 2 2
-192.6 -4586.3 7.9 173 0 13.0 13.3 7.5 2.5 2 1 3 2 2
-198.8 -4626.0 6.0 202 0 7.2 10.8 5.0 2.5 2 1 2 1 1
-202.0 -4660.2 4.8 173 0 8.9 11.0 2.5 2.5 2 1 1 1 1
-204.5 -4699.3 2.7 173 0 20.4 9.3 10.0 2.5 2 0 4 2 2
-183.5 -4718.1 2.1 353 0 6.3 9.3 2.5 2.5 2 1 1 3 3
-211.4 -4740.3 0.6 263 0 10.2 12.1 5.0 2.5 2 1 2 3 3
-285.6 -4799.6 0.7 109 0 14.3 14.5 2.5 2.5 2 1 1 3 3
-270.0 -4771.2 0.8 200 0 9.0 16.0 7.5 2.5 2 1 3 4 4
-208.7 -4800.1 -0.7 353 0 14.0 17.2 7.5 2.5 2 1 3 5 5
-205.8 -4833.2 -1.2 353 0 19.4 10.9 5.0 2.5 2 0 2 1 1
-146.3 -4756.4 -0.3 353 0 16.8 24.4 17.5 0.0 0 1 7 5 5
-327.4 -4988.4 -2.8 274 0 25.9 19.2 12.5 2.5 2 0 5 3 3
-357.2 -4992.4 -1.4 289 0 15.7 10.1 5.0 2.5 2 0 2 2 2
-367.5 -5071.3 0.5 24 0 7.8 10.1 7.5 2.5 2 1 3 5 5
-389.7 -5044.8 0.1 186 0 10.0 12.0 10.0 2.5 2 1 4 4 4
-439.9 -5104.4 -0.8 277 0 10.5 17.9 5.0 2.5 2 1 2 3 3
-401.5 -5162.4 -1.3 95 0 7.4 11.9 5.0 2.5 2 1 2 0 0
-588.7 -5186.7 -2.5 221 0 9.7 7.2 7.5 2.5 2 0 3 4 4
-620.0 -5243.0 -3.6 134 0 10.3 14.3 7.5 2.5 2 1 3 4 4
-670.2 -5239.2 -4.3 107 0 10.6 8.2 5.0 2.5 2 0 2 1 1
-1173.4 -5066.4 -9.4 20 0 12.9 17.5 5.0 0.0 0 1 2 0 0
-961.0 -4871.8 -3.8 248 0 11.1 10.5 5.0 2.5 4 0 2 5 5
-932.2 -4929.5 -5.0 337 0 10.7 9.6 10.0 0.0 0 0 4 5 5
-905.3 -4795.2 -3.3 16 0 8.5 11.3 5.0 2.5 2 1 2 4 4
3616.7 -4569.9 -17.6 256 0 10.2 7.6 10.0 2.5 2 0 4 4 4
3728.9 -4419.3 -21.8 351 0 11.1 12.7 7.5 2.5 2 1 3 1 1
3768.1 -4471.3 -17.0 186 0 8.0 12.5 5.0 2.5 2 1 2 2 2
3715.7 -4542.0 -18.2 268 0 10.6 10.1 7.5 2.5 2 0 3 5 5
3712.2 -4604.8 -11.9 155 0 7.1 9.8 5.0 2.5 2 1 2 5 5
3766.0 -4568.4 -17.2 3 0 10.1 14.7 2.5 2.5 2 1 1 5 5
3774.2 -4605.7 -13.0 12 0 8.4 18.6 2.5 2.5 2 1 1 5 5
3946.3 -4498.7 -15.1 294 0 14.7 8.1 7.5 2.5 2 0 3 5 5
3880.2 -4461.1 -16.6 238 0 10.7 13.3 7.5 2.5 2 1 3 2 2
3905.1 -4419.1 -19.8 10 0 19.2 12.0 2.5 2.5 2 0 1 0 0
3893.8 -4504.1 -13.7 13 0 17.3 10.8 5.0 2.5 2 0 2 1 1
3898.1 -4605.0 -7.8 188 0 17.5 8.6 5.0 2.5 2 0 2 3 3
3877.0 -4594.7 -11.2 6 0 11.3 11.5 5.0 0.0 0 1 2 1 1
3882.8 -4643.4 -2.7 208 0 16.3 10.7 7.5 2.5 2 0 3 3 3
3867.0 -4644.7 -4.1 24 0 16.7 11.9 7.5 2.5 2 0 3 2 2
3254.1 -4259.7 -26.7 97 0 8.5 11.9 2.5 2.5 4 1 1 0 0
3257.5 -4157.2 -26.6 279 0 7.5 8.2 5.0 2.5 2 1 2 5 5
3266.7 -4166.2 -26.7 278 0 10.5 9.6 5.0 2.5 2 0 2 3 3
3350.1 -3808.4 -26.2 7 0 11.2 7.0 10.0 0.0 0 0 4 2 2
3328.2 -3787.6 -25.8 169 0 15.7 13.7 5.0 2.5 4 0 2 4 4
3400.1 -3617.0 -27.3 168 0 10.3 18.5 10.0 2.5 2 1 4 5 5
3351.8 -3569.2 -27.6 335 0 14.2 17.4 7.5 2.5 2 1 3 0 0
3175.7 -3516.3 -25.1 151 0 9.1 12.7 5.0 2.5 2 1 2 3 3
3210.4 -3479.1 -26.4 151 0 9.2 15.7 7.5 2.5 2 1 3 1 1
3319.0 -3498.2 -28.3 4 0 23.6 14.1 12.5 2.5 2 0 5 5 5
3330.0 -3410.2 -29.6 0 0 8.6 16.7 5.0 2.5 2 1 2 3 3
3303.1 -3374.6 -29.6 155 0 14.3 9.6 5.0 2.5 4 0 2 5 5
3331.8 -3363.4 -30.2 65 0 12.1 11.4 7.5 2.5 2 0 3 4 4
3347.9 -3361.3 -30.3 83 0 6.0 19.0 5.0 2.5 2 1 2 0 0
3359.7 -3342.0 -30.2 242 0 10.3 11.2 7.5 2.5 4 1 3 0 0
3549.4 -3271.5 -26.6 278 0 14.7 6.4 7.5 2.5 2 0 3 1 1
3518.3 -3287.5 -27.3 95 0 9.4 12.1 2.5 2.5 4 1 1 5 5
3539.2 -3262.6 -26.7 276 0 7.0 12.7 7.5 2.5 2 1 3 1 1
3571.7 -3291.9 -27.0 94 0 7.7 9.5 5.0 2.5 2 1 2 3 3
3503.5 -3259.6 -26.9 270 0 7.3 13.6 7.5 2.5 2 1 3 5 5
1113.1 -3880.2 7.7 30 0 9.3 41.3 12.5 2.5 2 1 5 4 4
1121.4 -3844.8 11.2 21 0 12.3 32.8 12.5 2.5 2 1 5 1 1
1020.7 -3781.4 10.3 7 0 6.9 14.6 10.0 2.5 4 1 4 4 4
1020.3 -3801.7 9.5 96 0 8.0 14.6 10.0 2.5 2 1 4 3 3
976.2 -3921.0 3.1 72 0 7.0 48.0 12.5 2.5 4 1 5 1 1
954.1 -3869.6 6.3 99 0 13.1 34.8 15.0 0.0 0 1 6 2 2
909.5 -3796.3 10.0 194 0 14.9 30.6 12.5 2.5 4 1 5 1 1
911.7 -3724.9 13.1 192 0 10.3 32.3 12.5 2.5 2 1 5 1 1
907.4 -3740.0 12.6 195 0 7.4 33.5 12.5 2.5 2 1 5 5 5
959.9 -3797.4 10.5 112 0 7.9 26.1 7.5 0.0 0 1 3 4 4
973.6 -3737.9 11.7 279 0 7.8 29.6 5.0 0.0 0 1 2 0 0
902.7 -3653.4 17.5 115 0 11.5 20.4 12.5 2.5 2 1 5 2 2
818.3 -3572.1 9.5 356 0 9.2 24.9 5.0 2.5 4 1 2 2 2
836.6 -3611.8 16.7 93 0 15.3 38.1 10.0 2.5 2 1 4 0 0
932.9 -3610.7 13.7 49 0 15.2 34.4 10.0 2.5 2 1 4 2 2
928.3 -3525.4 11.4 292 0 14.0 32.3 10.0 2.5 2 1 4 2 2
907.7 -3516.8 12.2 294 0 16.1 32.8 10.0 2.5 2 1 4 4 4
887.1 -3508.1 13.6 292 0 13.3 31.3 10.0 2.5 2 1 4 0 0
867.5 -3499.1 14.6 290 0 13.8 31.7 10.0 2.5 2 1 4 5 5
845.0 -3490.4 15.2 288 0 15.1 33.1 15.0 0.0 0 1 6 3 3
826.2 -3483.3 16.5 291 0 14.1 30.0 10.0 2.5 2 1 4 5 5
5069.5 -3056.6 -14.1 253 0 19.5 11.1 5.0 2.5 2 0 2 3 3
4721.6 -3100.8 -13.7 173 0 11.9 14.6 2.5 2.5 2 1 1 3 3
4777.6 -3091.5 -13.9 89 0 16.5 18.0 10.0 2.5 2 1 4 3 3
4726.7 -2975.3 -18.6 83 0 12.8 9.8 7.5 2.5 2 0 3 2 2
4759.1 -3026.2 -16.3 180 0 13.3 16.4 5.0 2.5 2 1 2 2 2
4695.9 -2907.6 -20.6 271 0 14.1 14.5 5.0 0.0 0 1 2 4 4
4770.1 -2916.3 -20.5 266 0 16.7 8.3 7.5 2.5 2 0 3 3 3
4801.1 -2890.6 -21.6 258 0 12.3 12.9 5.0 2.5 2 1 2 4 4
4800.6 -2979.6 -19.0 177 0 15.4 15.0 7.5 2.5 2 0 3 2 2
4839.9 -2964.9 -19.2 263 0 8.4 17.0 10.0 2.5 2 1 4 0 0
4853.2 -2960.1 -19.3 258 0 8.4 14.8 10.0 2.5 2 1 4 1 1
4861.6 -3095.7 -16.3 75 0 9.7 7.0 7.5 2.5 2 0 3 3 3
4853.5 -3063.7 -16.8 83 0 6.8 11.5 7.5 2.5 2 1 3 3 3
4896.5 -3084.4 -17.6 80 0 15.5 10.5 5.0 2.5 2 0 2 2 2
4938.2 -3107.4 -16.7 80 0 12.5 8.4 5.0 2.5 2 0 2 1 1
5109.2 -3013.5 -14.9 254 0 11.0 16.7 7.5 2.5 2 1 3 4 4
4962.2 -3006.1 -18.5 83 0 12.1 15.6 7.5 2.5 2 1 3 4 4
4947.7 -3066.5 -17.6 0 0 20.1 13.8 7.5 2.5 2 0 3 1 1
4888.5 -3045.8 -18.6 78 0 11.2 20.0 2.5 2.5 2 1 1 4 4
4889.7 -2995.6 -19.3 83 0 12.8 30.1 10.0 2.5 2 1 4 3 3
4890.1 -2943.1 -19.6 253 0 14.9 9.9 2.5 2.5 2 0 1 3 3
4921.8 -2956.1 -19.4 350 0 14.1 11.9 2.5 2.5 2 0 1 2 2
4884.4 -2896.0 -21.2 257 0 16.3 15.4 5.0 2.5 2 0 2 5 5
4906.0 -2873.7 -21.3 259 0 9.0 14.8 10.0 2.5 2 1 4 5 5
4947.9 -2845.7 -21.6 325 0 12.8 11.4 5.0 2.5 2 0 2 5 5
4957.7 -2942.4 -19.7 37 0 10.7 18.7 5.0 2.5 2 1 2 3 3
4980.5 -2905.8 -19.9 234 0 10.9 11.6 2.5 2.5 2 1 1 5 5
5018.7 -2816.1 -23.2 136 0 22.1 16.9 15.0 0.0 0 0 6 2 2
5059.9 -2993.5 -16.4 170 0 10.2 15.8 7.5 2.5 2 1 3 5 5
5060.4 -2937.9 -18.2 153 0 11.9 13.4 2.5 2.5 2 1 1 4 4
5032.3 -2886.0 -20.0 252 0 10.5 19.9 2.5 0.0 0 1 1 0 0
5053.4 -2847.6 -21.8 224 0 11.9 25.7 10.0 0.0 0 1 4 0 0
5092.2 -2877.7 -20.4 317 0 11.7 15.2 7.5 2.5 4 1 3 0 0
5128.9 -2923.0 -18.3 312 0 15.4 20.9 12.5 2.5 2 1 5 0 0
4056.7 -2292.1 -17.8 97 0 7.7 15.7 7.5 2.5 2 1 3 5 5
3953.5 -1999.0 -15.9 59 0 12.1 7.9 7.5 2.5 2 0 3 0 0
3893.8 -2146.2 -19.1 11 0 25.3 10.5 12.5 2.5 2 0 5 4 4
3893.1 -2198.2 -18.7 214 0 8.5 20.7 7.5 2.5 2 1 3 3 3
3974.4 -2248.0 -15.2 105 0 12.1 11.3 5.0 2.5 2 0 2 0 0
4033.1 -2282.8 -17.0 107 0 12.6 8.3 7.5 2.5 2 0 3 3 3
4330.1 -2391.6 -15.2 97 0 14.1 9.2 5.0 2.5 2 0 2 5 5
4452.8 -2397.9 -15.8 107 0 8.9 13.2 5.0 2.5 2 1 2 4 4
4543.9 -2427.6 -16.9 102 0 8.7 16.0 7.5 2.5 2 1 3 4 4
4640.5 -2462.4 -20.2 209 0 13.8 9.1 7.5 2.5 2 0 3 0 0
4663.7 -2448.7 -18.8 224 0 11.3 11.0 7.5 2.5 2 0 3 5 5
4768.7 -2501.6 -22.1 196 0 12.8 7.6 5.0 2.5 2 0 2 3 3
4720.9 -2413.0 -15.1 268 0 8.5 13.6 5.0 2.5 2 1 2 4 4
4791.5 -2472.0 -20.1 26 0 14.3 10.1 10.0 2.5 2 0 4 4 4
4869.5 -2520.6 -20.3 300 0 9.5 15.4 7.5 2.5 2 1 3 0 0
4892.4 -2618.3 -21.8 120 0 9.5 17.7 2.5 2.5 2 1 1 5 5
4922.6 -2601.2 -21.3 219 0 15.8 9.4 5.0 2.5 2 0 2 2 2
4948.0 -2544.3 -19.7 322 0 12.4 7.1 7.5 2.5 2 0 3 3 3
4932.7 -2632.4 -21.4 154 0 10.8 15.5 7.5 2.5 2 1 3 1 1
4990.0 -2654.5 -22.5 14 0 11.9 18.2 5.0 0.0 0 1 2 1 1
4988.2 -2582.2 -21.0 333 0 14.5 9.9 7.5 2.5 2 0 3 3 3
5023.7 -2624.1 -21.6 66 0 12.6 11.9 5.0 2.5 4 0 2 4 4
5039.1 -2539.4 -14.2 215 0 11.6 8.7 7.5 2.5 2 0 3 3 3
5048.8 -2695.6 -23.7 147 0 10.2 11.2 7.5 2.5 4 1 3 0 0
5067.7 -2610.3 -20.1 351 0 9.3 14.3 7.5 2.5 2 1 3 1 1
5088.8 -2690.9 -23.0 250 0 12.8 10.4 7.5 2.5 2 0 3 3 3
5121.2 -2633.7 -19.6 107 0 16.4 8.0 7.5 0.0 0 0 3 0 0
1147.5 -3700.6 23.4 292 0 12.1 7.2 5.0 2.5 2 0 2 2 2
4112.0 -3458.1 -17.8 157 0 9.3 10.7 5.0 2.5 2 1 2 3 3
4189.8 -3427.6 -18.8 272 0 8.8 10.1 5.0 2.5 4 1 2 3 3
4214.8 -3443.0 -17.7 88 0 11.1 8.0 7.5 2.5 2 0 3 5 5
4303.5 -3399.1 -17.8 333 0 15.2 13.9 7.5 2.5 2 0 3 5 5
4280.0 -3483.3 -13.6 196 0 9.5 13.6 7.5 2.5 2 1 3 5 5
4313.9 -3454.5 -13.4 244 0 11.4 15.5 2.5 2.5 2 1 1 3 3
4336.3 -3552.1 -4.9 183 0 8.6 9.7 7.5 2.5 2 1 3 0 0
4360.0 -3506.1 -9.0 353 0 9.8 11.7 7.5 2.5 2 1 3 2 2
4391.0 -3452.5 -12.7 356 0 8.9 10.6 5.0 0.0 0 1 2 1 1
4349.3 -3599.4 -1.7 78 0 13.2 10.0 5.0 2.5 2 0 2 4 4
4393.0 -3605.2 -1.9 347 0 9.1 14.3 7.5 2.5 2 1 3 2 2
4428.2 -3558.1 -6.7 92 0 12.1 10.7 2.5 2.5 2 0 1 2 2
4412.0 -3506.7 -9.5 167 0 9.1 17.6 5.0 0.0 0 1 2 5 5
4442.4 -3508.5 -9.3 184 0 8.3 11.9 7.5 2.5 2 1 3 2 2
4436.1 -3478.1 -11.3 184 0 12.4 9.6 5.0 2.5 2 0 2 2 2
4465.7 -3466.3 -11.9 283 0 10.5 9.1 7.5 0.0 0 0 3 3 3
4471.8 -3529.7 -8.6 99 0 9.6 11.4 5.0 2.5 2 1 2 5 5
4497.1 -3498.2 -10.3 3 0 12.1 10.0 5.0 2.5 2 0 2 1 1
4106.9 -3342.8 -21.9 295 0 15.9 8.5 2.5 2.5 4 0 1 0 0
3988.0 -3381.3 -21.4 81 0 15.9 11.4 10.0 2.5 2 0 4 3 3
4002.5 -3165.0 -22.6 178 0 11.2 12.0 7.5 2.5 2 1 3 0 0
4098.0 -3274.7 -19.5 106 0 8.8 9.0 7.5 2.5 2 1 3 0 0
4089.6 -3314.8 -21.2 58 0 12.4 8.4 7.5 2.5 2 0 3 0 0
4034.8 -3255.9 -21.7 111 0 12.3 17.9 7.5 2.5 2 1 3 1 1
4017.3 -3220.3 -22.2 195 0 15.1 9.1 7.5 2.5 2 0 3 2 2
4010.3 -3119.4 -22.2 180 0 7.7 10.9 10.0 2.5 2 1 4 4 4
3994.0 -3139.0 -22.9 178 0 15.1 11.2 2.5 2.5 2 0 1 5 5
4008.4 -3077.3 -22.0 176 0 13.4 8.2 5.0 2.5 2 0 2 4 4
4053.2 -3119.5 -20.7 193 0 15.6 6.6 5.0 2.5 2 0 2 2 2
4055.9 -3184.3 -20.7 196 0 10.8 9.1 2.5 2.5 2 0 1 2 2
4135.4 -3211.6 -18.0 20 0 12.1 7.8 7.5 2.5 4 0 3 1 1
4112.1 -3225.8 -19.1 24 0 6.5 12.2 2.5 2.5 2 1 1 4 4
4131.9 -3229.8 -18.6 24 0 16.7 14.9 7.5 2.5 2 0 3 3 3
4106.1 -3246.0 -19.1 130 0 10.0 12.0 2.5 2.5 2 1 1 1 1
4087.0 -3207.5 -19.6 192 0 8.5 8.2 5.0 0.0 0 0 2 4 4
4157.4 -3096.1 -17.9 266 0 8.5 12.7 5.0 2.5 2 1 2 3 3
4161.6 -3043.9 -18.3 268 0 9.9 10.1 10.0 2.5 2 1 4 1 1
4194.2 -3039.8 -18.6 272 0 9.4 8.6 7.5 2.5 2 0 3 4 4
4228.3 -3137.1 -19.0 80 0 14.3 6.9 7.5 2.5 2 0 3 5 5
4073.5 -3003.2 -21.3 276 0 10.7 9.2 10.0 2.5 2 0 4 3 3
4113.1 -2995.0 -20.8 257 0 10.1 15.5 10.0 2.5 2 1 4 0 0
4171.9 -2992.4 -20.7 266 0 13.8 16.6 5.0 2.5 2 1 2 4 4
4206.9 -2981.4 -21.5 277 0 10.4 11.8 10.0 2.5 2 1 4 3 3
4242.4 -3018.5 -20.3 9 0 13.5 15.3 7.5 2.5 2 1 3 1 1
4238.7 -2980.6 -22.0 277 0 9.8 17.2 10.0 2.5 2 1 4 5 5
4279.3 -3060.0 -20.6 346 0 19.8 24.1 12.5 2.5 4 1 5 3 3
4186.2 -3210.0 -17.1 31 0 10.1 9.2 10.0 0.0 0 0 4 5 5
4182.2 -3245.8 -16.7 36 0 14.3 6.5 5.0 2.5 2 0 2 1 1
4166.8 -3265.0 -17.5 9 0 7.2 11.3 2.5 0.0 0 1 1 3 3
4139.1 -3291.2 -18.4 105 0 7.0 18.5 10.0 2.5 2 1 4 2 2
4219.5 -3359.0 -18.4 82 0 10.8 10.5 5.0 2.5 2 0 2 4 4
4241.2 -3209.3 -17.5 79 0 9.0 24.2 5.0 0.0 0 1 2 1 1
4296.0 -3176.6 -20.6 75 0 10.6 22.3 5.0 2.5 2 1 2 3 3
4322.5 -3312.6 -19.3 272 0 7.6 9.2 5.0 2.5 2 1 2 1 1
4298.5 -3354.9 -19.2 112 0 8.8 7.7 5.0 2.5 2 0 2 0 0
4336.0 -3391.4 -17.1 75 0 9.0 12.3 7.5 2.5 2 1 3 5 5
4359.7 -3387.4 -17.1 107 0 7.1 11.0 10.0 2.5 2 1 4 1 1
4378.6 -3342.5 -18.2 282 0 12.9 12.0 5.0 0.0 0 0 2 4 4
4417.1 -3331.9 -18.6 284 0 11.8 12.8 7.5 2.5 4 1 3 0 0
4395.7 -3129.2 -22.0 57 0 9.6 7.7 10.0 2.5 2 0 4 5 5
4383.6 -3144.0 -22.1 53 0 7.9 9.9 2.5 2.5 4 1 1 4 4
4472.4 -3155.3 -20.4 351 0 10.8 10.4 7.5 2.5 2 0 3 3 3
4337.7 -3089.0 -22.4 245 0 10.0 8.5 7.5 0.0 0 0 3 5 5
4366.5 -3045.8 -22.7 157 0 8.3 13.4 2.5 2.5 2 1 1 2 2
4369.0 -3067.7 -22.5 156 0 11.6 14.0 5.0 2.5 2 1 2 4 4
4422.6 -3038.5 -22.2 247 0 11.8 12.8 5.0 2.5 2 1 2 1 1
4440.1 -2959.5 -23.5 156 0 15.6 9.3 10.0 2.5 2 0 4 2 2
4505.7 -2964.6 -21.1 247 0 8.7 14.2 7.5 2.5 2 1 3 1 1
4510.8 -3009.8 -20.6 67 0 10.0 17.3 5.0 2.5 4 1 2 0 0
4482.8 -2950.4 -22.2 254 0 11.6 11.1 7.5 2.5 2 0 3 0 0
4533.5 -2967.4 -20.3 250 0 15.3 17.4 12.5 2.5 2 1 5 0 0
4532.9 -2913.2 -20.6 252 0 10.5 11.5 5.0 2.5 4 1 2 3 3
4590.8 -2895.5 -19.9 268 0 9.4 10.1 5.0 2.5 2 1 2 0 0
4609.8 -2953.5 -18.5 344 0 15.1 12.8 2.5 2.5 4 0 1 5 5
4637.6 -2936.8 -19.4 79 0 11.1 12.3 10.0 2.5 2 1 4 4 4
4477.0 -3095.1 -20.2 61 0 12.5 17.2 2.5 2.5 2 1 1 1 1
4497.9 -3117.8 -19.1 68 0 15.0 14.3 5.0 2.5 2 0 2 0 0
4534.5 -3072.8 -18.4 358 0 10.6 8.9 10.0 2.5 2 0 4 4 4
4593.9 -3025.4 -17.5 344 0 9.5 16.6 2.5 2.5 2 1 1 5 5
4453.7 -3277.5 -20.4 191 0 7.5 10.7 7.5 0.0 0 1 3 4 4
4531.6 -3437.2 -14.0 274 0 12.4 10.9 7.5 2.5 4 0 3 0 0
4528.2 -3414.5 -16.3 113 0 9.0 12.2 5.0 2.5 2 1 2 4 4
4451.4 -3309.7 -19.5 175 0 9.8 9.4 7.5 2.5 2 0 3 3 3
4503.0 -3243.0 -20.1 286 0 11.6 8.5 7.5 2.5 2 0 3 0 0
4515.7 -3267.4 -19.4 296 0 8.5 11.0 10.0 2.5 2 1 4 5 5
4527.6 -3273.6 -19.0 268 0 10.5 9.8 7.5 2.5 2 0 3 5 5
4535.2 -3318.7 -18.0 23 0 12.2 6.1 10.0 2.5 2 0 4 1 1
4561.4 -3263.5 -18.1 280 0 8.6 11.5 7.5 2.5 2 1 3 3 3
4613.1 -3249.2 -15.8 171 0 7.8 10.1 7.5 2.5 2 1 3 5 5
4616.5 -3096.0 -15.2 168 0 15.3 9.9 5.0 0.0 0 0 2 5 5
4625.0 -3174.3 -14.7 222 0 9.2 12.7 7.5 2.5 2 1 3 2 2
4604.0 -3199.0 -15.6 194 0 12.6 8.8 7.5 2.5 2 0 3 1 1
4588.1 -3230.6 -16.5 180 0 11.8 14.7 7.5 2.5 2 1 3 1 1
4671.2 -3071.4 -15.6 348 0 10.3 16.9 7.5 2.5 2 1 3 5 5
4678.1 -3156.1 -13.9 343 0 11.4 18.9 7.5 2.5 2 1 3 1 1
4658.5 -3185.7 -14.3 355 0 15.3 6.8 7.5 2.5 2 0 3 2 2
4683.8 -3205.4 -14.1 358 0 10.7 13.3 7.5 2.5 2 1 3 1 1
4679.5 -3240.9 -14.5 347 0 9.1 10.4 10.0 0.0 0 1 4 4 4
4667.4 -3307.4 -14.0 76 0 12.7 12.2 7.5 2.5 2 0 3 1 1
4597.2 -3354.9 -16.5 180 0 11.5 11.2 7.5 2.5 2 0 3 5 5
4607.3 -3427.5 -15.6 96 0 10.8 10.7 5.0 0.0 0 0 2 3 3
4671.8 -3467.0 -13.2 115 0 7.8 11.5 7.5 2.5 2 1 3 2 2
4620.7 -3455.4 -13.4 294 0 12.1 12.6 2.5 2.5 2 1 1 5 5
4682.1 -3493.3 -12.9 282 0 10.1 8.8 7.5 2.5 2 0 3 0 0
4708.4 -3496.0 -13.0 277 0 8.6 7.4 5.0 2.5 2 0 2 2 2
4742.7 -3525.9 -10.1 20 0 12.9 7.2 7.5 2.5 4 0 3 0 0
4730.7 -3375.5 -11.4 187 0 11.3 14.7 7.5 2.5 4 1 3 1 1
4749.2 -3321.8 -8.8 175 0 9.8 9.4 7.5 2.5 4 0 3 5 5
4740.6 -3263.3 -10.1 162 0 11.5 6.6 5.0 2.5 4 0 2 0 0
4771.5 -3203.2 -10.7 66 0 11.0 8.1 5.0 2.5 4 0 2 5 5
4704.1 -3157.3 -13.1 172 0 13.1 20.2 10.0 0.0 0 1 4 4 4
4696.7 -2991.5 -18.2 85 0 12.9 17.2 5.0 2.5 2 1 2 0 0
4658.6 -2981.1 -18.2 168 0 16.9 21.5 10.0 2.5 2 1 4 0 0
4650.7 -2989.7 -17.6 162 0 15.5 6.3 2.5 2.5 2 0 1 3 3
4693.3 -3097.7 -14.3 159 0 13.0 17.1 2.5 2.5 4 1 1 4 4
4056.9 -4577.2 -4.4 190 0 8.1 8.4 7.5 2.5 2 1 3 0 0
4026.9 -4420.9 -18.3 82 0 7.9 17.0 5.0 2.5 2 1 2 0 0
4076.3 -4549.8 -8.7 344 0 7.4 11.7 7.5 2.5 2 1 3 1 1
4114.2 -4407.4 -17.5 350 0 12.0 14.9 7.5 2.5 2 1 3 2 2
4116.3 -4447.4 -16.3 5 0 14.8 9.9 10.0 2.5 2 0 4 2 2
4122.0 -4510.6 -13.7 349 0 10.5 10.7 7.5 2.5 2 1 3 1 1
4181.9 -4530.6 -8.2 71 0 12.5 8.1 7.5 2.5 2 0 3 0 0
4233.6 -4443.5 -13.9 92 0 10.0 10.1 5.0 2.5 2 1 2 0 0
4138.3 -4419.7 -16.5 166 0 8.5 17.1 7.5 2.5 2 1 3 3 3
4194.9 -4417.5 -16.0 82 0 6.7 16.1 10.0 2.5 2 1 4 2 2
4202.6 -4355.9 -17.1 270 0 11.5 13.0 7.5 0.0 0 1 3 1 1
4247.7 -4358.6 -16.2 272 0 10.0 11.2 5.0 2.5 2 1 2 3 3
4280.8 -4360.9 -15.7 287 0 14.4 21.8 10.0 0.0 0 1 4 0 0
4323.3 -4364.3 -14.7 88 0 8.5 13.6 5.0 2.5 2 1 2 3 3
4382.4 -4345.2 -14.0 164 0 9.8 12.5 7.5 2.5 2 1 3 0 0
4328.2 -4244.6 -16.6 92 0 10.6 8.6 7.5 2.5 2 0 3 3 3
4300.1 -4211.2 -17.6 268 0 8.6 11.2 2.5 0.0 0 1 1 0 0
4294.7 -4291.2 -17.3 265 0 11.3 6.8 7.5 2.5 2 0 3 3 3
4328.9 -4316.4 -16.7 10 0 13.8 25.5 10.0 2.5 2 1 4 5 5
4311.9 -4338.3 -15.8 171 0 9.9 14.0 10.0 0.0 0 1 4 0 0
4244.3 -4332.7 -17.4 76 0 13.0 16.1 5.0 2.5 2 1 2 1 1
4217.3 -4320.1 -18.2 90 0 10.3 15.7 7.5 2.5 2 1 3 5 5
4183.8 -4323.7 -18.6 94 0 12.6 9.5 5.0 2.5 2 0 2 3 3
4151.4 -4327.5 -19.1 87 0 11.4 11.2 2.5 2.5 2 0 1 3 3
4088.3 -4346.6 -19.8 99 0 13.3 10.8 7.5 2.5 4 0 3 2 2
4014.6 -4189.1 -20.8 210 0 8.9 11.1 10.0 2.5 2 1 4 5 5
3991.5 -4259.6 -18.9 220 0 9.0 8.2 7.5 0.0 0 0 3 3 3
3973.7 -4212.3 -19.3 19 0 13.4 9.9 7.5 2.5 2 0 3 1 1
3960.6 -4247.4 -18.5 49 0 11.6 9.0 5.0 2.5 2 0 2 1 1
3947.7 -4285.6 -19.8 31 0 10.0 11.4 5.0 2.5 2 1 2 2 2
4050.9 -4321.3 -20.8 90 0 13.5 8.3 7.5 2.5 2 0 3 0 0
4031.8 -4330.4 -20.2 70 0 6.9 15.0 10.0 2.5 2 1 4 1 1
3967.6 -4316.8 -19.0 128 0 11.6 10.4 7.5 2.5 2 0 3 5 5
3978.1 -4284.2 -19.0 202 0 9.8 16.5 5.0 2.5 2 1 2 4 4
4113.9 -4260.3 -20.8 285 0 18.2 15.7 12.5 2.5 2 0 5 5 5
4127.3 -4180.2 -21.6 327 0 14.1 20.0 7.5 2.5 2 1 3 4 4
4076.6 -4225.4 -21.5 324 0 6.5 14.2 5.0 2.5 2 1 2 0 0
4053.6 -4174.6 -22.3 121 0 13.9 11.6 5.0 2.5 2 0 2 0 0
4118.8 -4070.9 -16.2 255 0 8.8 12.3 2.5 2.5 2 1 1 2 2
4084.9 -4070.7 -18.5 178 0 19.8 8.5 10.0 2.5 2 0 4 2 2
4081.9 -4106.2 -20.3 165 0 25.9 14.6 12.5 2.5 2 0 5 3 3
4046.6 -3934.5 -14.0 326 0 37.2 18.9 17.5 0.0 0 0 7 4 4
3975.7 -3938.2 -18.9 149 0 17.5 34.8 10.0 0.0 0 1 4 4 4
4018.1 -3988.1 -19.3 137 0 31.0 19.2 10.0 2.5 2 0 4 4 4
3968.6 -3827.2 -16.5 265 0 22.9 18.4 10.0 2.5 2 0 4 0 0
3956.3 -3867.4 -18.7 174 0 33.4 16.8 10.0 2.5 2 0 4 1 1
3926.0 -3847.8 -18.0 162 0 19.0 26.8 12.5 0.0 0 1 5 4 4
3892.8 -3755.4 -20.2 155 0 9.8 10.1 7.5 2.5 4 1 3 5 5
3895.7 -3782.9 -18.9 160 0 30.1 12.2 7.5 0.0 0 0 3 2 2
3927.1 -3717.3 -19.2 2 0 9.5 12.4 7.5 2.5 2 1 3 0 0
3879.9 -3725.7 -21.3 190 0 13.5 29.8 7.5 0.0 0 1 3 1 1
3917.8 -3630.9 -20.6 192 0 14.5 28.5 17.5 0.0 0 1 7 4 4
3937.0 -3595.8 -19.9 195 0 12.0 9.1 2.5 2.5 2 0 1 0 0
4003.2 -3613.0 -14.3 342 0 14.6 12.7 7.5 2.5 2 0 3 4 4
4006.9 -3499.0 -18.7 100 0 13.4 19.5 12.5 2.5 2 1 5 0 0
4055.1 -3461.2 -19.4 3 0 17.8 40.0 10.0 2.5 2 1 4 4 4
4036.0 -3428.7 -19.9 346 0 11.3 24.2 5.0 2.5 2 1 2 4 4
2195.8 -3903.7 -12.2 148 0 9.4 11.8 5.0 2.5 2 1 2 1 1
2209.6 -3919.2 -12.2 151 0 11.5 11.8 2.5 2.5 2 1 1 1 1
2231.8 -3929.5 -12.9 156 0 13.0 8.8 5.0 2.5 2 0 2 2 2
2240.2 -3958.9 -12.8 152 0 14.4 15.3 5.0 2.5 2 1 2 0 0
2279.6 -3986.0 -13.2 72 0 10.9 25.5 12.5 2.5 2 1 5 1 1
2142.1 -3855.7 -12.0 335 0 10.4 14.9 5.0 2.5 2 1 2 0 0
2153.3 -3890.6 -11.3 336 0 11.9 17.9 5.0 0.0 0 1 2 2 2
2124.7 -3941.9 -6.5 241 0 12.5 12.2 2.5 2.5 2 0 1 1 1
2174.8 -3929.8 -10.4 240 0 15.5 9.5 5.0 2.5 2 0 2 1 1
2200.5 -3944.8 -10.5 332 0 14.7 12.9 7.5 0.0 0 0 3 0 0
2212.4 -3967.8 -9.7 349 0 10.0 9.6 10.0 2.5 2 0 4 5 5
2217.5 -3994.7 -8.2 328 0 12.9 12.8 7.5 0.0 0 0 3 5 5
2179.5 -4043.9 -2.9 149 0 10.3 11.1 7.5 2.5 2 1 3 1 1
2189.8 -4094.2 -2.9 151 0 12.2 14.6 7.5 2.5 2 1 3 2 2
2213.7 -4037.8 -5.3 238 0 8.8 15.6 7.5 2.5 2 1 3 2 2
2246.8 -4051.9 -6.7 326 0 13.5 11.0 5.0 2.5 2 0 2 3 3
2246.7 -4135.7 -4.8 212 0 9.2 11.9 5.0 2.5 2 1 2 1 1
2245.5 -4172.9 0.6 212 0 10.9 15.9 5.0 2.5 2 1 2 0 0
2205.9 -4205.6 -2.1 122 0 16.0 12.0 7.5 2.5 2 0 3 2 2
2262.9 -4250.4 -0.8 122 0 13.1 10.8 5.0 2.5 2 0 2 5 5
2284.2 -4230.2 -2.3 32 0 8.3 10.1 7.5 0.0 0 1 3 4 4
2311.1 -4241.8 -2.4 32 0 11.0 8.6 5.0 2.5 2 0 2 5 5
2315.4 -4209.5 -3.9 2 0 11.2 7.6 7.5 0.0 0 0 3 2 2
2316.3 -4188.5 -0.3 356 0 10.6 13.8 5.0 2.5 2 1 2 3 3
2290.2 -4162.8 -3.1 302 0 6.3 12.7 10.0 2.5 2 1 4 5 5
2278.7 -4118.5 -6.9 60 0 7.8 13.0 7.5 2.5 2 1 3 3 3
2292.8 -4019.1 -11.2 278 0 8.7 13.1 5.0 2.5 2 1 2 3 3
2319.7 -4090.7 -10.5 33 0 9.0 12.5 7.5 0.0 0 1 3 4 4
2329.8 -4072.8 -11.8 32 0 11.0 14.2 7.5 2.5 2 1 3 3 3
2336.3 -4027.7 -13.7 302 0 8.1 15.1 5.0 2.5 2 1 2 1 1
2352.9 -4042.4 -14.1 32 0 13.1 15.4 7.5 2.5 2 1 3 2 2
2355.3 -4008.2 -16.2 98 0 8.1 13.8 5.0 2.5 2 1 2 1 1
2340.9 -4012.3 -15.6 99 0 11.0 18.8 5.0 2.5 2 1 2 1 1
2383.9 -4030.6 -16.3 171 0 11.5 24.8 7.5 2.5 2 1 3 5 5
2379.8 -4054.6 -13.4 203 0 12.2 15.3 5.0 0.0 0 1 2 5 5
2359.9 -4060.6 -13.2 209 0 9.8 22.4 5.0 2.5 2 1 2 2 2
2348.7 -4086.8 -11.4 188 0 12.5 20.4 7.5 2.5 2 1 3 3 3
2366.3 -4119.0 -10.0 180 0 7.7 15.0 5.0 2.5 2 1 2 0 0
2341.8 -4117.7 -9.7 178 0 9.2 17.0 7.5 2.5 2 1 3 4 4
2338.4 -4136.6 -8.8 180 0 8.6 20.0 7.5 0.0 0 1 3 4 4
2335.6 -4181.7 -5.3 182 0 10.6 18.2 7.5 2.5 2 1 3 2 2
2363.4 -4166.0 -7.8 180 0 8.3 13.8 7.5 2.5 2 1 3 1 1
2381.4 -4214.5 -3.1 100 0 16.2 6.9 5.0 2.5 2 0 2 1 1
2400.1 -4130.2 -9.8 251 0 8.1 12.1 5.0 2.5 2 1 2 5 5
2455.1 -4131.0 -10.6 286 0 7.6 11.6 7.5 2.5 2 1 3 3 3
2473.4 -4156.9 -10.3 94 0 8.7 11.9 10.0 2.5 2 1 4 3 3
2449.6 -4186.4 -8.6 104 0 10.0 12.2 7.5 0.0 0 1 3 3 3
2472.6 -4199.3 -8.4 101 0 7.7 11.1 5.0 2.5 2 1 2 3 3
2491.1 -4203.7 -7.8 143 0 12.2 8.4 7.5 2.5 2 0 3 4 4
2519.6 -4267.6 -9.6 167 0 13.1 14.3 7.5 2.5 2 1 3 5 5
2558.7 -4288.9 -11.1 68 0 8.8 16.7 5.0 2.5 2 1 2 2 2
2478.4 -4046.2 -13.4 250 0 13.0 17.3 5.0 2.5 2 1 2 2 2
2477.5 -4089.6 -12.2 159 0 17.4 15.1 10.0 2.5 2 0 4 4 4
2527.4 -4056.2 -12.3 331 0 15.5 11.3 7.5 2.5 2 0 3 0 0
2548.4 -4100.0 -7.9 277 0 9.8 8.1 10.0 2.5 2 0 4 4 4
2559.7 -4143.3 -5.9 290 0 7.5 7.1 7.5 2.5 2 0 3 3 3
2535.5 -4190.9 -5.9 133 0 10.6 20.0 2.5 2.5 4 1 1 3 3
2540.2 -4228.7 -6.6 132 0 15.0 16.2 7.5 2.5 2 1 3 1 1
2569.7 -4235.4 -7.0 194 0 8.8 14.3 5.0 2.5 2 1 2 4 4
2563.5 -4189.0 -5.4 131 0 14.7 12.1 7.5 2.5 2 0 3 2 2
2620.7 -4110.3 -9.5 333 0 10.3 10.9 5.0 0.0 0 1 2 2 2
2632.2 -4131.5 -10.1 329 0 13.1 11.9 2.5 2.5 2 0 1 5 5
2594.0 -4164.7 -6.4 322 0 12.4 8.2 7.5 2.5 2 0 3 0 0
2647.2 -4171.6 -11.2 335 0 16.4 12.6 7.5 2.5 2 0 3 3 3
2654.2 -4204.0 -11.4 6 0 10.4 10.4 5.0 2.5 4 0 2 1 1
2614.3 -4192.2 -8.0 337 0 10.5 9.9 2.5 2.5 4 0 1 0 0
2617.9 -4276.9 -10.8 65 0 12.6 11.5 7.5 2.5 2 0 3 4 4
2657.4 -4252.8 -12.2 78 0 7.2 15.3 7.5 2.5 2 1 3 2 2
2674.3 -4267.7 -13.7 41 0 9.4 11.4 7.5 2.5 2 1 3 4 4
2588.4 -4336.7 -6.2 288 0 10.4 13.6 2.5 2.5 4 1 1 3 3
2605.6 -4352.6 -5.9 318 0 11.5 11.7 5.0 2.5 2 1 2 2 2
2604.6 -4417.2 -3.2 118 0 12.3 16.0 2.5 2.5 2 1 1 4 4
2606.7 -4445.0 -3.9 108 0 16.4 11.3 5.0 2.5 2 0 2 5 5
2655.6 -4387.6 -5.4 310 0 14.2 8.5 2.5 2.5 2 0 1 4 4
2654.6 -4470.0 -4.3 107 0 43.4 15.2 12.5 2.5 2 0 5 2 2
2717.6 -4467.7 -3.4 105 0 19.5 9.5 7.5 2.5 4 0 3 3 3
2722.0 -4498.2 -3.7 107 0 19.6 11.2 5.0 2.5 2 0 2 0 0
2755.5 -4461.8 -5.0 17 0 7.9 10.1 5.0 2.5 2 1 2 0 0
2789.5 -4385.2 -12.1 296 0 9.2 11.8 7.5 2.5 2 1 3 1 1
2802.1 -4458.4 -8.6 146 0 12.1 14.4 5.0 2.5 2 1 2 2 2
2836.6 -4416.8 -12.1 323 0 7.0 13.6 7.5 0.0 0 1 3 3 3
2852.8 -4425.9 -12.1 311 0 7.1 13.0 10.0 2.5 2 1 4 1 1
2883.1 -4422.0 -13.9 313 0 7.5 11.6 7.5 2.5 2 1 3 2 2
2916.0 -4443.4 -14.0 316 0 13.3 8.4 5.0 2.5 2 0 2 1 1
2915.2 -4475.5 -12.5 110 0 10.9 12.0 7.5 2.5 2 1 3 0 0
2976.8 -4496.1 -13.2 341 0 11.3 16.1 7.5 2.5 2 1 3 1 1
2942.0 -4367.7 -18.9 129 0 8.4 7.5 2.5 0.0 0 0 1 5 5
3017.5 -4435.7 -20.9 96 0 10.7 10.7 2.5 2.5 2 0 1 2 2
3052.8 -4460.6 -21.4 101 0 10.2 9.3 2.5 2.5 2 0 1 2 2
3052.6 -4401.5 -22.6 272 0 11.4 10.1 7.5 2.5 2 0 3 1 1
3171.9 -4498.2 -26.7 165 0 8.2 14.8 5.0 2.5 2 1 2 2 2
3222.3 -4376.9 -26.6 74 0 8.1 7.7 7.5 2.5 2 0 3 0 0
4241.5 -4120.0 -16.2 274 0 8.8 21.9 2.5 2.5 4 1 1 0 0
4252.2 -4205.2 -18.9 182 0 9.8 10.3 5.0 0.0 0 1 2 2 2
4213.7 -4249.1 -20.1 102 0 8.6 21.7 7.5 2.5 2 1 3 5 5
2023.1 -2798.7 -9.4 121 0 7.8 6.5 5.0 2.5 2 0 2 0 0
1958.8 -2762.0 -13.0 121 0 8.4 12.6 10.0 2.5 2 1 4 5 5
1954.7 -2708.2 -14.2 340 0 9.2 14.6 2.5 2.5 2 1 1 2 2
1882.9 -2664.2 -14.3 266 0 7.8 12.1 5.0 2.5 2 1 2 1 1
1688.8 -2456.9 -10.8 158 0 8.9 10.7 7.5 2.5 2 1 3 3 3
1687.6 -2516.6 -8.6 137 0 9.8 6.5 10.0 2.5 2 0 4 4 4
1716.7 -2576.3 -8.8 146 0 10.0 12.0 7.5 2.5 2 1 3 2 2
1757.1 -2619.6 -10.7 83 0 7.1 8.5 2.5 2.5 2 1 1 1 1
1740.1 -2541.1 -9.9 225 0 8.3 12.1 7.5 2.5 2 1 3 4 4
1750.8 -2591.2 -10.1 57 0 7.3 12.4 7.5 2.5 2 1 3 0 0
1813.7 -2578.4 -12.9 145 0 8.7 7.0 7.5 2.5 2 0 3 3 3
1842.2 -2506.6 -14.2 320 0 10.0 7.2 7.5 2.5 2 0 3 2 2
1843.3 -2571.6 -14.0 52 0 11.2 17.2 2.5 0.0 0 1 1 4 4
1880.4 -2548.5 -15.6 335 0 7.8 10.0 5.0 2.5 2 1 2 1 1
1957.2 -2666.0 -15.5 329 0 12.7 11.0 7.5 2.5 2 0 3 4 4
1842.8 -2485.9 -14.4 320 0 14.9 11.3 7.5 2.5 2 0 3 1 1
1764.5 -2437.6 -12.3 322 0 13.9 8.9 2.5 2.5 2 0 1 0 0
1708.9 -2432.5 -11.2 241 0 9.4 12.4 10.0 2.5 2 1 4 4 4
1711.4 -2307.5 -14.1 308 0 13.4 6.4 7.5 2.5 2 0 3 2 2
1516.2 -2165.8 -13.8 331 0 9.8 12.3 5.0 2.5 2 1 2 5 5
1408.4 -2029.6 -19.2 289 0 6.5 6.7 7.5 2.5 2 1 3 4 4
1368.4 -2007.4 -20.0 292 0 9.5 6.8 7.5 2.5 2 0 3 5 5
1413.5 -1990.8 -20.2 103 0 9.1 8.3 5.0 2.5 2 0 2 0 0
1560.4 -2055.5 -20.4 31 0 7.9 9.0 2.5 2.5 2 1 1 4 4
1524.9 -2001.4 -20.4 296 0 10.8 10.7 7.5 2.5 2 0 3 5 5
1515.9 -2100.4 -17.7 198 0 7.3 10.5 5.0 2.5 2 1 2 3 3
1581.4 -2128.8 -18.3 326 0 14.5 14.5 5.0 2.5 2 1 2 5 5
1572.4 -2201.6 -15.6 122 0 12.6 9.6 2.5 2.5 2 0 1 3 3
1745.0 -2247.3 -18.9 289 0 9.0 11.9 5.0 2.5 4 1 2 2 2
1769.4 -2321.5 -16.2 45 0 7.3 9.2 7.5 2.5 2 1 3 2 2
1767.3 -2358.1 -14.4 182 0 8.3 11.4 10.0 2.5 2 1 4 1 1
1783.0 -2327.2 -16.0 239 0 10.3 14.0 7.5 2.5 2 1 3 1 1
2109.5 -2688.2 -16.2 296 0 10.5 9.8 10.0 2.5 2 0 4 0 0
2060.1 -2743.4 -14.7 139 0 7.7 9.2 7.5 2.5 2 1 3 3 3
2022.8 -2507.2 -19.0 279 0 8.5 14.0 7.5 2.5 2 1 3 3 3
1961.9 -2628.8 -16.9 138 0 12.3 8.5 7.5 2.5 2 0 3 0 0
2009.2 -2560.2 -18.3 210 0 17.6 9.9 10.0 2.5 2 0 4 2 2
1920.0 -2544.4 -17.8 149 0 9.7 11.9 7.5 2.5 2 1 3 3 3
1937.4 -2506.3 -18.1 322 0 10.1 13.1 7.5 2.5 2 1 3 0 0
1937.9 -2451.8 -18.4 281 0 10.5 11.7 7.5 2.5 2 1 3 0 0
1904.0 -2436.2 -17.2 340 0 12.2 13.4 7.5 2.5 2 1 3 3 3
1791.4 -2409.9 -13.6 156 0 9.7 12.1 5.0 2.5 2 1 2 1 1
1772.4 -2379.7 -13.5 157 0 13.5 7.4 7.5 2.5 2 0 3 4 4
1826.5 -2239.0 -19.5 309 0 9.8 10.0 7.5 2.5 2 1 3 2 2
1801.4 -2255.1 -18.8 308 0 8.6 7.7 5.0 2.5 2 0 2 4 4
1810.2 -2297.5 -17.2 126 0 9.1 13.0 5.0 2.5 2 1 2 3 3
1861.6 -2296.8 -17.7 58 0 7.3 12.2 5.0 2.5 2 1 2 1 1
1876.5 -2315.0 -17.7 236 0 9.5 9.6 5.0 2.5 2 1 2 4 4
1969.8 -2297.7 -21.0 83 0 11.8 10.1 7.5 2.5 2 0 3 0 0
2041.9 -2368.5 -21.3 245 0 8.2 9.1 10.0 2.5 2 1 4 2 2
2049.1 -2389.8 -20.9 69 0 11.4 9.0 7.5 2.5 2 0 3 0 0
2148.8 -2476.1 -21.9 120 0 11.9 8.2 7.5 2.5 2 0 3 5 5
2139.0 -2808.4 -12.9 100 0 10.1 8.7 10.0 2.5 2 0 4 4 4
2170.1 -2709.4 -15.1 58 0 8.7 14.2 5.0 0.0 0 1 2 0 0
2195.3 -2745.6 -15.2 334 0 15.7 10.5 5.0 2.5 2 0 2 3 3
2198.9 -2799.8 -16.0 77 0 7.8 10.6 7.5 2.5 2 1 3 2 2
2238.9 -2875.1 -18.4 194 0 10.6 12.1 5.0 0.0 0 1 2 1 1
2217.0 -2744.0 -16.8 145 0 15.9 11.0 5.0 2.5 2 0 2 3 3
2197.9 -2711.6 -15.6 156 0 13.9 15.9 7.5 2.5 4 1 3 0 0
2193.3 -2662.2 -16.0 37 0 10.6 16.0 5.0 2.5 2 1 2 4 4
2210.8 -2647.8 -15.8 55 0 9.7 8.3 10.0 2.5 2 0 4 4 4
2221.9 -2628.1 -16.4 21 0 13.3 8.8 5.0 2.5 4 0 2 0 0
2214.9 -2571.7 -18.0 267 0 7.3 13.0 10.0 2.5 2 1 4 2 2
2251.3 -2696.5 -17.5 154 0 10.2 15.9 7.5 2.5 4 1 3 5 5
2264.4 -2607.0 -17.6 266 0 11.1 8.9 5.0 2.5 4 0 2 0 0
2291.0 -2714.4 -19.2 329 0 11.0 14.3 7.5 0.0 0 1 3 0 0
2314.5 -2771.6 -20.6 290 0 12.9 8.8 7.5 2.5 2 0 3 3 3
2284.9 -2837.3 -19.3 6 0 13.8 10.4 5.0 2.5 2 0 2 0 0
2449.6 -2708.3 -20.7 74 0 16.3 9.5 10.0 2.5 2 0 4 3 3
2457.1 -2905.8 -15.1 232 0 9.0 10.6 5.0 2.5 2 1 2 5 5
2452.8 -2970.6 -10.8 164 0 16.3 7.8 7.5 2.5 2 0 3 2 2
2493.0 -3045.0 -15.6 67 0 10.3 13.1 7.5 2.5 2 1 3 2 2
2469.9 -3008.4 -14.5 166 0 8.8 14.4 10.0 2.5 2 1 4 2 2
2485.4 -2948.9 -15.6 137 0 11.1 10.0 5.0 2.5 2 0 2 2 2
2511.0 -2905.0 -17.1 296 0 8.9 8.8 2.5 2.5 2 0 1 3 3
2569.1 -2898.6 -19.6 270 0 14.4 9.5 7.5 2.5 2 0 3 0 0
2584.1 -2948.8 -19.8 39 0 15.2 10.3 5.0 2.5 2 0 2 4 4
2529.8 -2929.7 -17.6 281 0 9.8 20.8 7.5 2.5 2 1 3 2 2
2502.6 -2969.2 -16.6 159 0 10.1 11.5 7.5 2.5 4 1 3 3 3
2543.6 -3056.2 -18.4 92 0 13.8 12.4 5.0 2.5 2 0 2 4 4
2494.8 -3217.4 -16.4 175 0 11.0 15.4 7.5 2.5 2 1 3 0 0
2487.6 -3239.5 -15.5 180 0 21.9 11.5 10.0 2.5 2 0 4 3 3
2498.9 -3167.9 -16.2 270 0 7.9 38.4 10.0 2.5 2 1 4 2 2
2519.2 -3166.2 -16.2 270 0 7.9 29.6 5.0 0.0 0 1 2 5 5
2533.9 -3167.8 -16.6 272 0 9.1 35.5 7.5 2.5 2 1 3 3 3
2540.6 -3221.1 -16.7 2 0 8.0 11.4 7.5 2.5 4 1 3 3 3
2547.5 -3168.7 -16.8 272 0 7.3 39.9 7.5 2.5 2 1 3 5 5
2563.4 -3168.5 -17.3 270 0 7.0 22.5 2.5 2.5 2 1 1 0 0
2588.0 -3170.8 -18.4 276 0 8.0 29.7 5.0 2.5 2 1 2 2 2
2599.5 -3212.1 -18.2 5 0 13.3 7.1 7.5 2.5 2 0 3 4 4
2599.7 -3239.8 -17.8 2 0 30.7 10.0 7.5 2.5 4 0 3 0 0
2562.2 -3262.0 -15.7 329 0 9.4 10.9 7.5 2.5 2 1 3 0 0
2539.2 -3297.7 -14.2 90 0 9.1 10.6 5.0 2.5 2 1 2 1 1
2579.6 -3300.2 -16.5 7 0 9.4 11.6 7.5 2.5 2 1 3 0 0
2571.5 -3322.5 -16.1 93 0 9.7 11.2 5.0 2.5 2 1 2 0 0
2511.9 -3317.2 -12.5 111 0 12.9 11.7 5.0 2.5 2 0 2 1 1
2473.1 -3311.6 -10.6 83 0 9.1 14.6 10.0 2.5 2 1 4 0 0
2451.1 -3321.5 -9.3 71 0 14.0 14.7 5.0 2.5 2 1 2 2 2
2444.9 -3160.1 -9.6 18 0 14.5 10.5 7.5 2.5 2 0 3 5 5
2410.1 -3224.6 -7.2 4 0 13.9 9.9 7.5 2.5 2 0 3 5 5
2392.4 -3240.2 -5.7 352 0 14.0 13.3 2.5 2.5 2 0 1 3 3
2360.7 -3263.4 -4.8 198 0 13.7 14.9 7.5 2.5 2 1 3 1 1
2366.6 -3293.7 -5.0 0 0 20.4 11.2 5.0 0.0 0 0 2 1 1
2320.7 -3308.4 -2.3 126 0 12.7 8.4 7.5 2.5 2 0 3 0 0
2349.0 -3317.8 -6.3 207 0 9.2 15.5 10.0 2.5 2 1 4 1 1
2281.1 -3364.6 -7.6 258 0 10.7 10.0 5.0 2.5 2 0 2 5 5
2269.4 -3382.1 -7.9 83 0 11.3 9.2 7.5 2.5 2 0 3 2 2
2331.1 -3392.5 -7.8 170 0 9.3 22.3 10.0 2.5 2 1 4 4 4
2366.5 -3423.7 -9.8 171 0 13.7 16.0 5.0 0.0 0 1 2 0 0
2396.9 -3382.7 -8.2 0 0 7.4 12.6 5.0 2.5 2 1 2 5 5
2415.5 -3450.3 -11.4 81 0 7.4 27.0 5.0 2.5 2 1 2 0 0
2393.9 -3453.5 -11.7 180 0 10.1 12.6 5.0 2.5 2 1 2 2 2
2384.8 -3486.0 -13.6 172 0 20.9 23.1 12.5 2.5 2 1 5 0 0
2414.6 -3483.6 -13.8 177 0 18.6 10.6 2.5 2.5 2 0 1 0 0
2444.1 -3493.2 -14.1 85 0 12.9 14.2 7.5 2.5 2 1 3 0 0
2508.6 -3459.3 -13.4 358 0 10.3 15.9 10.0 2.5 2 1 4 2 2
2475.4 -3474.8 -13.7 355 0 12.8 17.8 5.0 2.5 4 1 2 0 0
2183.2 -3467.6 -11.9 157 0 18.9 9.2 10.0 0.0 0 0 4 2 2
2184.0 -3510.2 -12.4 164 0 9.0 10.7 5.0 2.5 2 1 2 2 2
2184.7 -3524.8 -12.6 169 0 13.9 15.5 7.5 2.5 2 1 3 5 5
2108.3 -3547.5 -10.5 151 0 16.8 9.5 5.0 2.5 4 0 2 4 4
2093.9 -3533.0 -9.9 155 0 9.1 8.3 7.5 2.5 2 0 3 3 3
2003.4 -3380.7 -4.6 269 0 10.9 13.9 2.5 2.5 2 1 1 2 2
1993.5 -3445.7 -5.9 266 0 12.3 15.1 2.5 2.5 2 1 1 5 5
2050.7 -3471.1 -7.9 355 0 35.3 9.5 10.0 2.5 2 0 4 1 1
2032.5 -3427.5 -7.5 275 0 12.1 28.2 10.0 2.5 2 1 4 1 1
1957.2 -3426.8 -2.6 261 0 12.7 13.2 7.5 2.5 2 1 3 4 4
1930.1 -3441.4 -0.1 169 0 15.7 9.4 2.5 2.5 2 0 1 3 3
1941.3 -3511.0 -4.8 166 0 11.9 19.0 7.5 2.5 2 1 3 0 0
1953.8 -3527.1 -5.3 173 0 12.5 8.0 7.5 2.5 2 0 3 1 1
1923.5 -3544.3 -6.0 267 0 10.3 10.7 7.5 2.5 2 1 3 2 2
1817.0 -3630.1 -7.5 269 0 19.4 11.5 5.0 2.5 2 0 2 1 1
1860.7 -3578.0 -6.6 171 0 13.2 15.8 2.5 2.5 2 1 1 4 4
1875.1 -3605.5 -8.1 171 0 17.3 12.1 7.5 2.5 2 0 3 3 3
1916.2 -3634.0 -10.0 245 0 7.6 14.0 7.5 0.0 0 1 3 5 5
1953.6 -3624.1 -9.6 334 0 13.7 13.0 2.5 2.5 2 0 1 3 3
1956.3 -3571.9 -7.0 271 0 11.2 12.1 5.0 2.5 2 1 2 5 5
1965.1 -3598.0 -7.7 349 0 8.6 7.5 7.5 2.5 2 0 3 0 0
2002.8 -3608.6 -8.9 342 0 22.3 10.1 2.5 2.5 2 0 1 4 4
2023.1 -3569.3 -9.0 344 0 13.8 15.0 5.0 0.0 0 1 2 4 4
2016.4 -3537.5 -7.7 47 0 20.5 12.1 7.5 2.5 2 0 3 1 1
1786.1 -3672.8 -7.1 194 0 11.1 8.5 7.5 2.5 2 0 3 4 4
1845.7 -3807.9 -4.6 96 0 15.1 8.9 2.5 2.5 2 0 1 3 3
1850.2 -3759.0 -7.1 201 0 16.4 15.7 12.5 2.5 2 0 5 5 5
1864.8 -3695.8 -9.6 94 0 11.5 10.6 2.5 2.5 2 0 1 3 3
1884.3 -3693.0 -10.1 177 0 11.9 14.4 7.5 2.5 2 1 3 2 2
1960.8 -3831.4 -7.7 75 0 7.0 9.5 2.5 2.5 4 1 1 2 2
1892.5 -3782.7 -7.6 109 0 8.1 11.5 2.5 2.5 2 1 1 5 5
1911.2 -3799.0 -8.3 91 0 12.0 15.7 7.5 2.5 2 1 3 3 3
1885.6 -3818.1 -5.9 90 0 11.5 13.0 7.5 2.5 2 1 3 1 1
1873.0 -3798.8 -6.1 101 0 12.2 12.6 5.0 2.5 2 1 2 0 0
1957.5 -3797.1 -9.1 342 0 15.5 9.6 5.0 2.5 2 0 2 2 2
1956.4 -3760.3 -8.8 190 0 8.7 16.8 5.0 2.5 2 1 2 2 2
1947.0 -3708.5 -11.0 79 0 15.2 16.2 5.0 2.5 2 1 2 5 5
1987.9 -3667.8 -10.0 358 0 10.1 13.6 5.0 2.5 2 1 2 0 0
1995.6 -3734.3 -10.1 86 0 12.3 13.0 5.0 2.5 2 1 2 2 2
2027.7 -3654.3 -8.9 346 0 16.4 8.6 2.5 0.0 0 0 1 4 4
2042.2 -3650.6 -9.0 345 0 17.1 11.9 10.0 2.5 2 0 4 1 1
2055.8 -3720.0 -9.6 2 0 18.7 9.7 5.0 2.5 4 0 2 5 5
2018.5 -3762.9 -9.6 277 0 16.4 7.2 7.5 2.5 2 0 3 5 5
2044.7 -3757.2 -10.5 270 0 15.9 10.1 5.0 2.5 2 0 2 5 5
2053.0 -3818.6 -11.7 352 0 10.2 12.7 7.5 2.5 2 1 3 1 1
2032.8 -3845.4 -9.6 76 0 8.2 13.4 7.5 2.5 2 1 3 5 5
2100.1 -3722.3 -11.6 282 0 6.9 14.0 2.5 2.5 2 1 1 0 0
2154.1 -3753.6 -14.3 2 0 10.1 9.1 10.0 2.5 2 0 4 0 0
2106.2 -3773.6 -13.3 108 0 15.8 12.0 5.0 2.5 2 0 2 3 3
2123.8 -3815.0 -13.0 75 0 15.3 10.7 7.5 2.5 2 0 3 0 0
2127.0 -3685.1 -11.5 89 0 23.6 13.6 10.0 2.5 2 0 4 1 1
2157.8 -3699.4 -13.2 107 0 21.5 20.4 12.5 2.5 2 0 5 0 0
2224.7 -3732.0 -16.3 0 0 8.7 8.5 2.5 2.5 2 0 1 5 5
2187.2 -3728.1 -15.2 186 0 12.7 10.9 7.5 2.5 2 0 3 1 1
2180.7 -3743.6 -15.4 189 0 11.4 14.9 5.0 2.5 2 1 2 3 3
2164.4 -3782.9 -15.2 187 0 16.1 10.0 7.5 2.5 2 0 3 3 3
2160.5 -3807.2 -14.7 189 0 8.2 16.1 5.0 2.5 2 1 2 1 1
2788.1 -3199.0 -15.4 151 0 12.2 30.2 10.0 2.5 2 1 4 3 3
2828.4 -3149.0 -18.6 147 0 21.0 12.6 12.5 0.0 0 0 5 0 0
2868.4 -3139.4 -15.7 152 0 8.3 11.5 5.0 2.5 2 1 2 2 2
2937.0 -3064.0 -23.3 180 0 14.5 20.0 17.5 0.0 0 1 7 1 1
2942.5 -3111.0 -17.6 193 0 8.9 15.1 5.0 2.5 2 1 2 4 4
2895.8 -3122.8 -18.9 173 0 14.7 20.4 10.0 2.5 2 1 4 4 4
2983.7 -3119.8 -19.7 203 0 7.5 9.6 7.5 0.0 0 1 3 4 4
2971.0 -3156.6 -8.9 192 0 7.4 12.3 7.5 2.5 2 1 3 2 2
3021.0 -3153.3 -16.3 207 0 15.1 15.9 2.5 2.5 2 1 1 2 2
3059.3 -3167.9 -19.1 196 0 7.7 12.9 5.0 0.0 0 1 2 5 5
3083.5 -3173.0 -21.1 207 0 11.2 8.9 7.5 2.5 2 0 3 3 3
3091.4 -3186.7 -18.7 204 0 7.1 9.5 10.0 2.5 2 1 4 5 5
3109.8 -3457.2 -22.0 226 0 14.2 30.1 10.0 2.5 4 1 4 1 1
3105.1 -3418.4 -19.1 229 0 8.6 13.4 10.0 2.5 2 1 4 4 4
3118.8 -3358.7 -16.2 175 0 15.3 10.6 7.5 0.0 0 0 3 0 0
3174.7 -3367.3 -20.9 180 0 15.7 8.2 5.0 2.5 2 0 2 1 1
3151.6 -3238.8 -21.8 165 0 14.3 10.0 10.0 2.5 2 0 4 1 1
3157.3 -3275.0 -20.1 161 0 14.9 11.5 10.0 0.0 0 0 4 2 2
3177.3 -3244.6 -23.3 166 0 17.4 8.8 7.5 2.5 2 0 3 3 3
3185.7 -3267.6 -23.5 161 0 13.7 14.7 5.0 2.5 2 1 2 3 3
3193.6 -3284.7 -23.5 170 0 11.4 15.5 10.0 2.5 4 1 4 4 4
3226.1 -3287.4 -26.3 158 0 25.5 20.0 12.5 2.5 2 0 5 4 4
3212.7 -3361.1 -23.4 177 0 14.5 12.0 2.5 2.5 2 0 1 1 1
3209.9 -3391.4 -24.0 173 0 14.9 11.0 7.5 2.5 2 0 3 3 3
3146.9 -3432.5 -21.9 141 0 18.2 29.1 10.0 2.5 2 1 4 1 1
3125.2 -3424.1 -20.1 143 0 15.2 20.8 10.0 2.5 2 1 4 0 0
3130.6 -3436.8 -23.3 227 0 18.3 47.0 12.5 2.5 2 1 5 2 2
3061.2 -3504.3 -21.4 241 0 14.1 41.1 12.5 2.5 2 1 5 3 3
3120.3 -3572.2 -24.2 229 0 14.1 10.9 10.0 2.5 2 0 4 1 1
3095.7 -3572.8 -23.3 228 0 15.8 13.0 5.0 2.5 2 0 2 5 5
3109.8 -3631.5 -25.5 215 0 19.6 14.1 10.0 0.0 0 0 4 2 2
3097.8 -3648.4 -25.6 222 0 10.2 15.9 7.5 2.5 2 1 3 4 4
3086.3 -3669.1 -25.0 132 0 6.9 11.1 10.0 2.5 2 1 4 5 5
3026.1 -3633.0 -22.3 239 0 11.4 10.4 10.0 2.5 2 0 4 0 0
3000.5 -3694.3 -23.3 154 0 10.8 10.1 7.5 2.5 2 0 3 1 1
2962.5 -3713.4 -23.7 76 0 12.4 22.7 10.0 2.5 2 1 4 3 3
2933.6 -3686.4 -23.5 253 0 12.0 18.1 7.5 2.5 2 1 3 0 0
2904.8 -3751.9 -24.8 86 0 8.5 20.3 5.0 2.5 2 1 2 5 5
2942.5 -3741.3 -24.5 79 0 10.5 15.5 7.5 2.5 2 1 3 0 0
2888.1 -3716.7 -23.8 86 0 16.8 16.7 7.5 2.5 2 0 3 1 1
2855.3 -3733.7 -24.3 172 0 19.4 29.0 5.0 2.5 2 1 2 0 0
2864.6 -3755.3 -24.7 169 0 14.1 15.6 10.0 2.5 4 1 4 3 3
2840.1 -3739.7 -23.7 93 0 19.4 21.1 12.5 2.5 2 1 5 1 1
2798.2 -3692.6 -22.4 186 0 8.6 8.9 7.5 2.5 2 1 3 2 2
2787.1 -3688.7 -22.2 191 0 14.1 7.8 7.5 2.5 2 0 3 0 0
2757.7 -3680.1 -21.9 194 0 13.1 13.6 7.5 2.5 2 1 3 3 3
2750.2 -3666.6 -21.4 210 0 10.6 8.2 5.0 2.5 2 0 2 5 5
2629.3 -3575.8 -17.6 216 0 16.4 6.5 10.0 2.5 2 0 4 4 4
2636.4 -3579.8 -17.8 218 0 11.1 8.2 7.5 2.5 2 0 3 3 3
2645.1 -3584.6 -17.9 205 0 11.5 7.8 5.0 2.5 2 0 2 2 2
2655.1 -3590.1 -18.0 211 0 10.5 7.9 5.0 2.5 4 0 2 2 2
2665.8 -3596.5 -18.2 213 0 12.3 6.4 2.5 2.5 2 0 1 0 0
2684.2 -3610.7 -18.7 217 0 12.8 7.8 7.5 2.5 2 0 3 4 4
2694.5 -3619.2 -19.3 224 0 13.8 14.8 5.0 0.0 0 1 2 0 0
2604.2 -3562.0 -17.3 216 0 19.9 13.5 7.5 2.5 2 0 3 2 2
2596.4 -3544.0 -17.2 219 0 15.3 14.0 7.5 2.5 2 0 3 3 3
2578.7 -3543.2 -17.1 199 0 30.3 9.3 7.5 2.5 4 0 3 1 1
2551.8 -3540.9 -17.0 203 0 12.7 7.4 10.0 2.5 2 0 4 1 1
2563.4 -3548.5 -17.0 202 0 23.2 7.4 2.5 2.5 2 0 1 3 3
2534.2 -3554.5 -17.0 194 0 8.8 12.9 7.5 2.5 2 1 3 4 4
2542.9 -3613.9 -17.8 227 0 20.3 13.3 7.5 2.5 2 0 3 3 3
2400.1 -3683.2 -20.5 17 0 13.0 8.8 7.5 0.0 0 0 3 4 4
2377.8 -3667.6 -20.1 204 0 11.6 10.5 5.0 2.5 2 0 2 2 2
2480.1 -3522.5 -15.7 78 0 15.8 14.2 2.5 2.5 2 0 1 0 0
2435.7 -3548.8 -16.4 79 0 11.5 9.0 5.0 2.5 2 0 2 3 3
2382.0 -3542.8 -15.5 81 0 31.1 15.6 7.5 2.5 2 0 3 2 2
2292.4 -3564.6 -15.0 83 0 8.2 15.8 7.5 2.5 2 1 3 2 2
2245.6 -3546.0 -13.7 68 0 12.1 7.0 7.5 2.5 2 0 3 0 0
2224.2 -3612.9 -14.4 346 0 14.6 10.7 7.5 2.5 4 0 3 0 0
2164.7 -3583.5 -12.1 72 0 12.0 14.6 5.0 2.5 2 1 2 5 5
2084.9 -3435.6 -9.4 178 0 16.9 7.6 7.5 2.5 2 0 3 3 3
2169.1 -3389.4 -9.4 161 0 15.6 14.0 7.5 2.5 2 0 3 5 5
2208.5 -3371.8 -8.8 252 0 10.4 19.0 7.5 2.5 2 1 3 3 3
2200.4 -3430.9 -10.5 334 0 14.1 9.4 5.0 2.5 2 0 2 1 1
2219.6 -3468.0 -11.5 334 0 8.8 9.8 7.5 2.5 4 1 3 2 2
2107.3 -2900.3 -8.0 180 0 8.7 8.7 5.0 2.5 2 0 2 1 1
2150.6 -2910.6 -12.0 273 0 8.2 8.5 10.0 2.5 2 1 4 3 3
2145.7 -2941.1 -9.7 8 0 17.4 7.7 7.5 0.0 0 0 3 1 1
2136.8 -2964.3 -8.4 10 0 8.5 6.1 10.0 2.5 2 0 4 4 4
2738.6 -3477.8 -12.5 206 0 19.5 9.5 5.0 2.5 2 0 2 2 2
2723.5 -3597.1 -18.8 222 0 11.6 20.7 2.5 2.5 2 1 1 4 4
2771.8 -3554.9 -16.8 200 0 21.6 15.6 12.5 2.5 2 0 5 4 4
2765.8 -3426.6 -11.2 199 0 11.2 14.6 2.5 2.5 4 1 1 3 3
2840.7 -3489.0 -16.5 180 0 16.0 8.2 5.0 2.5 2 0 2 4 4
2809.8 -3497.9 -15.6 216 0 8.1 15.6 2.5 0.0 0 1 1 3 3
2874.4 -3517.8 -17.2 204 0 14.0 7.8 7.5 2.5 2 0 3 0 0
2879.0 -3630.5 -21.7 179 0 22.8 19.1 10.0 2.5 2 0 4 5 5
2958.5 -3553.7 -20.5 180 0 18.3 27.9 15.0 0.0 0 1 6 0 0
2970.8 -3621.5 -21.9 252 0 9.3 12.7 2.5 2.5 2 1 1 5 5
3004.6 -3557.4 -21.6 236 0 13.6 31.3 10.0 2.5 2 1 4 1 1
3003.2 -3603.7 -21.8 244 0 12.1 13.5 2.5 2.5 2 1 1 0 0
3018.8 -3421.0 -5.2 149 0 7.5 11.9 7.5 2.5 2 1 3 1 1
3007.7 -3434.2 -7.1 164 0 7.7 12.4 2.5 2.5 2 1 1 0 0
2940.1 -3268.0 9.9 43 0 17.3 21.1 7.5 2.5 2 1 3 0 0
2978.7 -3460.6 -11.0 162 0 13.6 14.5 5.0 2.5 2 1 2 0 0
2892.8 -3397.8 -5.0 210 0 11.2 16.1 7.5 0.0 0 1 3 4 4
2877.6 -3418.5 -8.4 204 0 9.4 15.2 7.5 2.5 2 1 3 2 2
2867.3 -3437.1 -11.7 212 0 15.0 11.5 5.0 2.5 2 0 2 1 1
2830.5 -3413.1 -10.0 218 0 13.5 14.7 2.5 0.0 0 1 1 0 0
2801.0 -3418.5 -10.2 147 0 10.9 10.6 7.5 2.5 2 0 3 4 4
2783.9 -3358.4 -10.3 137 0 6.3 11.3 7.5 2.5 2 1 3 0 0
2812.8 -3339.6 -8.4 229 0 9.0 15.4 7.5 2.5 2 1 3 2 2
2827.8 -3325.2 -4.4 218 0 10.5 11.9 7.5 2.5 2 1 3 1 1
2770.5 -3341.5 -10.6 150 0 13.0 16.2 5.0 2.5 2 1 2 4 4
2800.2 -3329.1 -8.4 155 0 12.4 13.6 5.0 2.5 4 1 2 5 5
2742.3 -3315.0 -12.2 157 0 10.6 14.4 7.5 2.5 2 1 3 5 5
2645.7 -3312.3 -17.0 204 0 10.3 12.9 7.5 2.5 2 1 3 3 3
2677.3 -3323.0 -16.5 202 0 21.4 13.1 12.5 2.5 2 0 5 3 3
2667.7 -3304.1 -17.5 172 0 12.8 14.2 5.0 2.5 2 1 2 3 3
2665.1 -3280.4 -18.3 208 0 19.1 10.7 5.0 2.5 4 0 2 0 0
2642.1 -3292.8 -17.4 210 0 11.9 8.9 5.0 2.5 2 0 2 1 1
2690.6 -3217.9 -19.2 212 0 9.1 10.0 2.5 2.5 2 1 1 5 5
2693.5 -3243.3 -18.0 218 0 11.4 10.1 7.5 2.5 2 0 3 5 5
2713.2 -3271.1 -15.8 148 0 9.0 15.1 7.5 2.5 2 1 3 2 2
2654.4 -3222.9 -19.8 219 0 10.0 10.3 7.5 2.5 2 1 3 3 3
2673.0 -3156.0 -21.3 210 0 10.5 14.0 7.5 2.5 2 1 3 1 1
2678.0 -3137.2 -22.8 195 0 16.5 14.6 2.5 2.5 2 0 1 1 1
2699.4 -3116.8 -23.3 177 0 19.6 11.9 5.0 2.5 2 0 2 1 1
2686.2 -3103.9 -23.3 174 0 16.4 8.6 5.0 2.5 2 0 2 2 2
2683.7 -3049.2 -23.5 154 0 8.8 10.5 10.0 2.5 4 1 4 5 5
5388.5 5827.2 -45.7 67 0 15.4 9.1 5.0 2.5 4 0 2 2 2
3516.0 -1239.6 -21.0 122 0 16.8 13.8 10.0 2.5 4 0 4 5 5
3478.1 -1207.3 -19.1 139 0 12.8 17.1 10.0 2.5 2 1 4 4 4
3440.9 -1167.9 -21.3 165 0 26.8 12.4 12.5 2.5 2 0 5 2 2
3519.2 -1158.9 -14.9 23 0 17.1 17.0 10.0 2.5 2 0 4 5 5
3518.3 -1138.6 -13.5 28 0 10.4 14.5 7.5 2.5 2 1 3 0 0
3480.5 -1123.1 -16.6 203 0 10.1 18.5 7.5 0.0 0 1 3 0 0
3493.9 -1132.9 -15.8 294 0 7.4 7.3 10.0 2.5 2 0 4 1 1
3485.7 -1129.5 -16.9 292 0 9.9 7.3 7.5 2.5 2 0 3 4 4
3435.7 -1148.3 -21.4 165 0 13.8 8.6 10.0 2.5 2 0 4 5 5
3492.8 -1227.5 -20.4 131 0 13.7 22.6 10.0 2.5 2 1 4 4 4
3552.9 -1256.9 -21.6 98 0 18.8 18.2 10.0 2.5 2 0 4 3 3
3607.1 -1233.1 -19.2 238 0 22.8 12.2 10.0 0.0 0 0 4 5 5
3648.3 -1259.8 -19.5 117 0 17.0 10.4 5.0 2.5 4 0 2 2 2
3668.4 -1268.2 -19.8 115 0 13.4 14.4 7.5 2.5 2 1 3 5 5
3701.8 -1303.3 -22.3 112 0 19.1 17.8 10.0 2.5 2 0 4 1 1
3729.5 -1267.7 -20.7 274 0 17.7 21.3 12.5 2.5 2 1 5 1 1
3589.9 -1227.7 -19.5 271 0 11.8 21.7 12.5 0.0 0 1 5 2 2
3381.2 -1150.0 -26.2 102 0 18.0 22.3 10.0 2.5 4 1 4 5 5
3382.4 -1169.1 -25.9 281 0 17.2 13.6 10.0 2.5 2 0 4 0 0
3748.8 -1304.3 -21.3 109 0 16.2 17.8 15.0 0.0 0 1 6 1 1
3715.6 -914.5 -25.8 65 0 15.3 12.4 7.5 2.5 2 0 3 1 1
3721.3 -760.6 -33.9 67 0 16.2 12.3 5.0 0.0 0 0 2 2 2
3781.5 -901.3 -25.9 99 0 18.3 13.3 5.0 2.5 2 0 2 3 3
3732.8 -994.9 -17.7 98 0 18.3 13.3 5.0 0.0 0 0 2 1 1
3727.3 -960.1 -20.3 276 0 16.8 16.7 10.0 2.5 2 0 4 0 0
3600.6 -963.2 -30.0 67 0 15.7 14.4 2.5 2.5 2 0 1 5 5
3531.2 -970.4 -30.4 241 0 15.5 14.0 5.0 2.5 2 0 2 3 3
3518.8 -983.1 -29.0 247 0 12.0 10.0 7.5 2.5 2 0 3 3 3
3443.1 -1040.5 -27.2 70 0 23.3 15.9 12.5 2.5 2 0 5 2 2
3684.4 -978.1 -18.7 177 0 17.8 16.2 12.5 2.5 4 0 5 0 0
3786.1 -949.1 -21.1 252 0 18.2 14.6 10.0 2.5 2 0 4 1 1
3807.0 -942.0 -21.3 265 0 13.4 8.9 7.5 2.5 2 0 3 2 2
3849.8 -933.3 -20.2 256 0 18.7 14.5 12.5 2.5 2 0 5 0 0
3861.8 -968.0 -18.7 75 0 17.3 16.6 12.5 2.5 2 0 5 1 1
3822.3 -928.3 -21.7 253 0 14.1 14.6 5.0 2.5 2 1 2 5 5
3886.5 -923.0 -20.1 251 0 16.9 18.4 15.0 0.0 0 1 6 0 0
4046.2 -879.6 -22.5 346 0 13.9 15.2 5.0 2.5 2 1 2 4 4
4020.9 -921.1 -20.8 65 0 12.2 15.8 7.5 2.5 2 1 3 2 2
3963.7 -944.9 -18.7 86 0 13.7 13.7 2.5 2.5 4 0 1 3 3
3945.8 -943.7 -18.9 89 0 11.3 12.5 7.5 2.5 2 1 3 4 4
3955.1 -859.9 -26.7 90 0 18.7 14.6 12.5 2.5 2 0 5 0 0
3888.9 -863.1 -27.0 89 0 13.6 17.7 5.0 2.5 2 1 2 3 3
3853.8 -842.4 -28.4 163 0 15.0 17.2 12.5 2.5 2 1 5 1 1
3757.3 -1183.0 -8.2 79 0 10.9 12.4 10.0 2.5 2 1 4 3 3
3814.7 -1349.3 -22.9 86 0 15.3 16.6 12.5 2.5 2 1 5 0 0
3775.6 -1312.2 -21.3 113 0 16.6 13.9 2.5 0.0 0 0 1 0 0
3807.1 -1304.0 -20.9 293 0 18.1 16.1 10.0 0.0 0 0 4 0 0
3844.7 -1364.9 -23.1 116 0 14.1 16.7 7.5 2.5 4 1 3 4 4
3876.0 -1374.9 -22.9 98 0 12.9 23.8 10.0 2.5 2 1 4 5 5
3862.1 -1316.4 -20.1 307 0 11.9 16.7 5.0 2.5 2 1 2 2 2
3895.9 -1372.7 -22.1 99 0 19.0 18.5 10.0 2.5 2 0 4 1 1
3917.3 -1370.1 -21.4 91 0 6.2 17.5 10.0 2.5 2 1 4 4 4
3907.1 -1329.7 -19.6 282 0 8.4 15.5 7.5 2.5 2 1 3 4 4
3962.6 -1321.0 -17.3 1 0 13.7 14.9 2.5 2.5 2 1 1 1 1
3961.4 -1375.6 -21.0 112 0 6.7 14.1 10.0 2.5 2 1 4 1 1
3974.6 -1412.8 -24.6 329 0 11.4 8.9 2.5 2.5 2 0 1 0 0
3984.5 -1372.0 -20.7 28 0 10.7 8.2 7.5 2.5 2 0 3 0 0
3978.9 -1356.4 -19.0 104 0 7.2 9.9 5.0 2.5 2 1 2 2 2
3999.9 -1363.3 -19.8 163 0 15.2 15.5 5.0 2.5 2 1 2 5 5
4047.2 -1381.1 -20.9 5 0 20.7 17.8 10.0 2.5 2 0 4 2 2
4061.4 -1386.6 -20.2 22 0 12.8 14.3 7.5 2.5 4 1 3 3 3
4040.7 -1348.5 -18.9 273 0 22.5 18.2 15.0 0.0 0 0 6 3 3
4014.2 -1461.8 -25.4 275 0 23.4 11.5 15.0 0.0 0 0 6 5 5
4058.6 -1422.4 -21.7 0 0 9.5 7.5 7.5 2.5 2 0 3 2 2
4082.3 -1347.0 -17.5 358 0 17.1 18.3 10.0 2.5 2 1 4 4 4
4134.4 -1420.5 -19.9 97 0 14.7 13.1 2.5 2.5 2 0 1 2 2
4148.8 -1431.8 -20.2 94 0 14.7 19.8 10.0 2.5 2 1 4 5 5
4133.1 -1379.0 -17.9 2 0 11.2 14.7 5.0 0.0 0 1 2 3 3
4104.4 -1457.1 -23.1 267 0 15.8 18.7 7.5 2.5 2 1 3 2 2
4161.0 -1433.0 -19.8 98 0 9.8 19.8 15.0 0.0 0 1 6 2 2
4227.5 -1444.7 -19.8 274 0 12.0 18.9 5.0 2.5 2 1 2 3 3
4115.4 -3166.9 -19.1 44 0 20.0 13.2 10.0 0.0 0 0 4 0 0
3872.6 -3136.5 -24.8 92 0 15.3 23.0 10.0 2.5 2 1 4 2 2
3854.1 -3126.2 -24.9 89 0 15.0 14.4 2.5 0.0 0 0 1 2 2
3723.6 -3080.3 -26.7 269 0 21.2 18.2 10.0 2.5 2 0 4 5 5
3679.1 -3098.6 -25.3 254 0 12.7 14.7 10.0 2.5 2 1 4 2 2
3689.2 -3154.0 -23.4 89 0 12.3 19.3 7.5 2.5 2 1 3 4 4
3654.3 -3104.8 -26.9 261 0 15.0 12.1 2.5 0.0 0 0 1 5 5
3665.3 -3179.5 -24.4 88 0 16.7 8.3 7.5 2.5 2 0 3 4 4
3618.6 -3181.7 -27.2 182 0 11.6 17.2 10.0 2.5 2 1 4 3 3
3608.9 -3122.5 -29.3 180 0 17.0 9.0 7.5 0.0 0 0 3 0 0
3157.0 -3305.4 -18.4 177 0 9.1 13.7 5.0 2.5 2 1 2 2 2
3173.0 -3333.8 -19.3 178 0 9.9 9.5 10.0 2.5 2 0 4 5 5
2926.3 -2621.3 -26.5 240 0 13.8 17.6 10.0 2.5 2 1 4 4 4
2920.9 -2666.4 -26.8 147 0 16.1 18.0 12.5 2.5 2 1 5 5 5
2946.5 -2643.9 -27.0 330 0 15.9 12.8 5.0 2.5 2 0 2 5 5
-2894.3 6772.9 -51.4 98 0 18.1 13.8 10.0 0.0 0 0 4 0 0
-3187.6 6778.7 -50.2 315 0 12.0 17.5 5.0 0.0 0 1 2 1 1
-3146.9 6829.4 -49.6 301 0 10.6 13.7 2.5 2.5 2 1 1 3 3
-3149.8 6743.5 -48.5 324 0 11.7 16.1 7.5 2.5 2 1 3 1 1
-2987.4 6732.0 -48.1 190 0 10.9 12.8 2.5 2.5 2 1 1 5 5
-2991.5 6655.1 -46.2 289 0 12.1 16.7 10.0 2.5 4 1 4 1 1
-2889.2 6690.0 -45.7 197 0 8.2 21.5 7.5 2.5 2 1 3 2 2
-2912.6 6610.4 -44.3 302 0 15.8 24.2 7.5 0.0 0 1 3 3 3
-2874.3 6599.4 -44.5 272 0 13.8 15.5 2.5 2.5 2 1 1 0 0
-3215.6 6793.1 -51.6 329 0 15.6 18.9 10.0 2.5 2 1 4 1 1
-2700.9 6770.7 -47.8 17 0 14.2 19.9 7.5 0.0 0 1 3 4 4
4302.6 1753.7 -39.4 182 0 18.3 10.9 7.5 2.5 2 0 3 5 5
4308.3 1787.0 -40.1 186 0 12.2 10.6 5.0 2.5 2 0 2 5 5
4582.9 1921.1 -45.2 11 0 18.2 14.4 10.0 0.0 0 0 4 3 3
4611.6 2001.5 -45.0 42 0 8.2 10.5 7.5 2.5 2 1 3 2 2
4880.9 2043.6 -44.9 293 0 19.0 15.0 10.0 0.0 0 0 4 1 1
4892.8 1969.0 -43.6 127 0 13.8 17.2 7.5 2.5 2 1 3 5 5
4879.0 1933.3 -43.7 313 0 12.3 14.1 7.5 2.5 2 1 3 0 0
4923.5 1901.1 -41.3 315 0 13.1 17.3 7.5 2.5 4 1 3 1 1
4942.5 1883.9 -41.3 316 0 10.0 18.9 5.0 0.0 0 1 2 3 3
4939.4 1935.2 -41.8 112 0 21.0 22.6 7.5 2.5 2 1 3 5 5
4977.8 1904.5 -40.5 118 0 16.8 15.0 7.5 2.5 2 0 3 0 0
5000.7 1861.6 -40.5 315 0 9.6 13.0 10.0 2.5 2 1 4 2 2
5009.1 1847.9 -40.6 317 0 9.0 17.0 7.5 2.5 2 1 3 5 5
5022.1 1827.3 -40.5 331 0 25.2 18.5 7.5 2.5 2 0 3 5 5
5046.8 1799.4 -39.8 348 0 10.3 18.6 5.0 2.5 2 1 2 4 4
5090.5 1791.5 -38.6 158 0 12.9 17.3 7.5 2.5 2 1 3 3 3
5081.8 1733.5 -37.4 1 0 12.6 18.5 7.5 2.5 2 1 3 4 4
5026.2 1757.9 -39.0 172 0 12.2 17.8 5.0 2.5 2 1 2 1 1
5087.3 1672.4 -36.7 7 0 12.1 12.7 5.0 2.5 2 1 2 2 2
5047.3 1652.0 -37.1 193 0 15.7 12.7 7.5 2.5 2 0 3 5 5
5073.3 1582.3 -36.5 8 0 11.4 21.8 7.5 2.5 2 1 3 2 2
5073.4 1542.5 -36.6 1 0 6.1 7.5 7.5 2.5 4 1 3 2 2
5064.6 1557.1 -36.5 11 0 17.7 15.4 7.5 2.5 2 0 3 3 3
5056.4 1529.8 -36.6 342 0 10.4 12.8 7.5 2.5 2 1 3 4 4
5050.1 1471.2 -36.6 35 0 8.5 10.8 5.0 2.5 2 1 2 3 3
5026.4 1472.1 -36.5 119 0 14.2 12.9 7.5 2.5 2 0 3 2 2
4891.8 1619.7 -41.6 208 0 12.4 13.4 7.5 2.5 2 1 3 2 2
4848.4 1667.2 -42.8 28 0 6.7 13.9 2.5 2.5 2 1 1 1 1
4840.4 1730.1 -43.6 28 0 8.0 11.5 5.0 2.5 2 1 2 0 0
4858.0 1771.7 -43.3 30 0 18.6 20.5 10.0 2.5 4 1 4 4 4
4791.1 1720.4 -43.9 144 0 20.3 17.0 7.5 0.0 0 0 3 4 4
4779.1 1742.5 -44.0 144 0 15.5 13.3 2.5 2.5 4 0 1 5 5
4763.0 1809.0 -43.3 128 0 17.9 17.6 7.5 2.5 2 0 3 2 2
4774.3 1872.7 -45.0 321 0 19.8 23.2 10.0 2.5 2 1 4 4 4
4700.3 1872.6 -44.8 138 0 10.2 10.6 5.0 2.5 2 1 2 0 0
4690.5 1887.4 -44.4 123 0 12.9 13.7 7.5 0.0 0 1 3 3 3
4726.1 1993.3 -44.4 22 0 24.4 23.5 7.5 2.5 2 0 3 3 3
4808.2 1975.6 -45.6 291 0 15.1 8.6 7.5 2.5 2 0 3 4 4
4783.7 1973.7 -45.6 305 0 15.5 8.8 5.0 2.5 2 0 2 2 2
4761.5 1969.5 -45.5 228 0 13.4 21.6 7.5 2.5 2 1 3 2 2
4827.2 1992.4 -45.1 96 0 12.7 17.7 2.5 2.5 2 1 1 0 0
4780.7 2036.8 -45.0 206 0 17.1 14.1 2.5 2.5 2 0 1 0 0
4754.4 2046.7 -44.3 35 0 14.8 16.2 2.5 2.5 2 1 1 3 3
4728.7 2096.0 -44.7 222 0 14.2 13.9 10.0 2.5 2 0 4 5 5
4775.3 2106.1 -44.4 29 0 15.6 8.2 2.5 2.5 2 0 1 1 1
4779.0 2174.0 -43.8 231 0 16.0 14.8 5.0 2.5 2 0 2 3 3
4804.5 2180.7 -44.3 248 0 8.2 14.6 10.0 2.5 2 1 4 5 5
4891.3 2117.4 -47.1 267 0 15.0 14.1 10.0 2.5 2 0 4 1 1
4927.8 2164.1 -46.8 0 0 18.0 17.3 5.0 2.5 2 0 2 4 4
4937.3 2109.1 -46.5 279 0 15.5 13.2 5.0 2.5 2 0 2 2 2
5016.1 2138.3 -45.8 101 0 23.1 30.3 10.0 0.0 0 1 4 4 4
5011.3 2102.8 -45.4 267 0 11.8 25.9 7.5 2.5 2 1 3 4 4
4978.7 2109.7 -45.9 268 0 15.9 10.0 7.5 2.5 2 0 3 5 5
5033.1 1901.2 -42.0 246 0 13.1 12.6 7.5 2.5 2 0 3 1 1
5105.6 1690.0 -37.3 182 0 15.0 17.8 10.0 2.5 2 1 4 2 2
5131.7 1656.1 -37.0 5 0 10.4 21.3 7.5 2.5 2 1 3 3 3
5107.2 1639.7 -36.7 190 0 7.5 6.3 2.5 2.5 2 0 1 2 2
5104.6 1621.9 -36.8 180 0 15.6 12.5 7.5 2.5 2 0 3 0 0
5122.7 1595.8 -36.8 6 0 10.6 17.7 2.5 2.5 2 1 1 2 2
5112.1 1550.9 -36.8 5 0 10.2 9.7 7.5 2.5 4 0 3 0 0
5098.9 1537.9 -36.8 173 0 8.9 8.4 5.0 2.5 2 0 2 3 3
5086.3 1516.7 -36.8 185 0 11.3 13.0 7.5 2.5 2 1 3 0 0
5093.2 1456.8 -37.1 126 0 9.9 13.1 2.5 2.5 2 1 1 1 1
5138.3 1410.9 -38.3 94 0 7.8 12.1 5.0 2.5 2 1 2 2 2
5162.0 1468.0 -38.0 281 0 26.3 27.4 10.0 0.0 0 1 4 4 4
5220.8 1398.5 -38.7 91 0 23.5 25.5 7.5 2.5 2 1 3 0 0
5210.9 1370.3 -38.3 275 0 21.5 16.3 7.5 2.5 2 0 3 0 0
5268.0 1341.2 -37.6 283 0 17.5 24.8 10.0 0.0 0 1 4 3 3
5276.2 1279.7 -37.3 350 0 15.8 22.4 10.0 2.5 2 1 4 2 2
5376.9 1314.9 -40.8 173 0 23.6 15.4 7.5 0.0 0 0 3 0 0
5363.9 1227.8 -38.5 6 0 6.2 9.9 7.5 2.5 2 1 3 3 3
5361.2 1240.9 -38.9 339 0 8.7 18.7 7.5 2.5 2 1 3 2 2
5367.7 1213.0 -38.1 360 0 13.2 18.7 5.0 2.5 2 1 2 5 5
5369.8 1189.5 -37.4 357 0 13.1 27.5 10.0 2.5 2 1 4 0 0
5373.7 1171.5 -37.0 348 0 16.6 26.9 12.5 2.5 2 1 5 0 0
5396.5 1133.8 -36.3 153 0 13.5 9.4 7.5 2.5 2 0 3 2 2
5404.1 1113.6 -35.7 158 0 16.1 11.1 7.5 2.5 2 0 3 1 1
5447.9 1056.1 -36.0 103 0 12.4 14.0 5.0 0.0 0 1 2 2 2
5405.7 1066.3 -34.8 188 0 12.0 12.6 5.0 2.5 2 1 2 2 2
5425.2 974.4 -35.5 170 0 19.0 14.2 7.5 2.5 2 0 3 4 4
5461.6 1018.1 -36.5 268 0 17.5 17.6 10.0 2.5 2 1 4 5 5
5482.3 1051.5 -36.6 96 0 21.1 16.2 10.0 2.5 2 0 4 4 4
5569.6 983.3 -37.8 83 0 14.2 19.0 10.0 2.5 2 1 4 1 1
5609.7 932.1 -37.7 345 0 11.4 8.3 7.5 2.5 2 0 3 0 0
5718.9 947.8 -41.1 78 0 16.5 15.1 5.0 2.5 2 0 2 5 5
5747.8 966.6 -41.2 349 0 7.1 6.1 10.0 2.5 2 0 4 2 2
5728.4 999.5 -41.6 352 0 9.9 7.9 5.0 2.5 2 0 2 1 1
5714.9 1022.5 -41.6 350 0 14.8 9.1 2.5 2.5 2 0 1 5 5
5643.6 1000.0 -38.9 188 0 23.6 15.4 10.0 2.5 2 0 4 1 1
5667.5 1045.1 -39.9 242 0 15.7 14.9 5.0 2.5 2 0 2 3 3
5635.8 1087.9 -38.1 183 0 18.7 18.2 10.0 2.5 2 0 4 4 4
5776.5 937.4 -40.5 159 0 27.4 17.0 10.0 2.5 4 0 4 0 0
5799.1 873.1 -38.3 172 0 13.8 22.6 5.0 2.5 2 1 2 2 2
5827.7 772.1 -37.1 173 0 11.5 17.6 2.5 2.5 4 1 1 1 1
5846.3 729.3 -36.2 178 0 9.5 6.3 7.5 2.5 2 0 3 0 0
5838.8 704.4 -35.7 171 0 14.2 10.1 7.5 0.0 0 0 3 3 3
5841.0 682.8 -35.1 158 0 11.1 9.8 7.5 2.5 2 0 3 2 2
5853.7 680.8 -35.3 169 0 9.8 10.4 2.5 2.5 2 1 1 1 1
5852.9 662.8 -34.8 187 0 17.6 13.2 2.5 2.5 2 0 1 5 5
5865.8 625.7 -34.3 169 0 14.5 13.2 5.0 2.5 4 0 2 5 5
5859.4 590.2 -34.0 181 0 15.2 16.2 7.5 2.5 4 1 3 3 3
5887.1 586.5 -34.2 74 0 12.5 11.6 2.5 2.5 2 0 1 3 3
5854.9 511.4 -33.3 176 0 8.7 6.6 10.0 2.5 2 0 4 3 3
5865.1 526.7 -33.5 183 0 13.4 14.1 5.0 2.5 2 1 2 0 0
5892.6 476.7 -33.0 153 0 18.4 8.7 5.0 2.5 2 0 2 2 2
5932.9 481.3 -33.1 315 0 22.8 11.5 10.0 2.5 2 0 4 2 2
5937.5 445.3 -32.7 132 0 9.4 11.5 5.0 2.5 2 1 2 4 4
5951.2 430.4 -32.6 147 0 13.9 16.3 7.5 2.5 2 1 3 2 2
5980.2 401.1 -33.5 133 0 10.5 14.5 2.5 2.5 2 1 1 1 1
5994.0 382.8 -34.5 141 0 14.6 16.3 7.5 2.5 2 1 3 4 4
6010.3 349.6 -35.2 129 0 7.8 10.0 5.0 2.5 2 1 2 3 3
6025.1 329.9 -35.5 121 0 9.3 9.3 10.0 2.5 4 0 4 5 5
6042.1 345.8 -35.5 330 0 10.9 8.6 5.0 2.5 4 0 2 2 2
6085.8 267.9 -32.9 152 0 12.9 15.3 7.5 2.5 2 1 3 4 4
6135.5 298.2 -32.7 357 0 12.5 13.2 7.5 2.5 2 1 3 1 1
6103.7 222.9 -32.0 153 0 16.5 16.0 7.5 2.5 2 0 3 5 5
6170.4 247.9 -31.7 189 0 20.0 16.5 7.5 2.5 2 0 3 1 1
6218.9 58.3 -32.9 341 0 17.6 12.3 2.5 2.5 4 0 1 2 2
6247.4 13.5 -32.2 332 0 15.9 16.5 10.0 0.0 0 1 4 1 1
6253.2 -46.7 -31.4 119 0 12.2 20.6 7.5 2.5 2 1 3 3 3
6274.5 -124.3 -32.0 187 0 17.7 12.9 7.5 2.5 2 0 3 4 4
6309.4 -126.5 -31.6 9 0 20.4 16.5 7.5 2.5 2 0 3 1 1
6269.9 -76.4 -31.1 154 0 15.5 13.7 5.0 2.5 2 0 2 2 2
6230.3 -190.6 -31.9 353 0 17.5 14.5 10.0 2.5 2 0 4 2 2
6253.9 -297.3 -27.7 304 0 10.8 12.5 2.5 2.5 2 1 1 0 0
6287.0 -321.7 -26.5 284 0 9.7 6.5 7.5 2.5 2 0 3 2 2
6286.2 -288.6 -26.9 123 0 8.7 12.1 5.0 2.5 2 1 2 4 4
6343.3 -295.5 -25.7 314 0 12.1 11.8 5.0 0.0 0 0 2 5 5
6284.4 -522.1 -24.5 126 0 17.0 11.7 5.0 2.5 2 0 2 3 3
6308.9 -525.7 -25.4 131 0 12.7 17.0 5.0 2.5 2 1 2 4 4
6301.6 -561.6 -25.3 286 0 10.8 22.6 7.5 2.5 2 1 3 1 1
6278.9 -539.1 -24.1 283 0 15.2 12.8 5.0 2.5 2 0 2 3 3
6231.1 -595.2 -24.4 103 0 8.0 15.6 5.0 2.5 2 1 2 3 3
6205.1 -526.2 -23.8 303 0 20.3 21.8 7.5 2.5 4 1 3 0 0
6141.8 -636.3 -21.2 293 0 11.1 11.8 5.0 0.0 0 1 2 1 1
6135.0 -620.4 -21.5 299 0 9.6 12.6 2.5 2.5 2 1 1 4 4
6026.7 -685.8 -23.5 180 0 13.0 12.6 7.5 2.5 2 0 3 3 3
6054.2 -755.7 -20.5 3 0 14.8 16.3 5.0 2.5 2 1 2 5 5
5994.8 -747.4 -22.1 123 0 10.2 16.3 7.5 2.5 2 1 3 2 2
5920.4 -712.2 -24.3 335 0 7.5 8.1 5.0 2.5 2 1 2 4 4
5824.5 -729.4 -22.3 11 0 17.7 12.7 7.5 2.5 4 0 3 5 5
5754.6 -567.8 -23.0 248 0 13.8 18.2 7.5 2.5 2 1 3 5 5
5680.0 -614.3 -20.7 70 0 13.4 21.9 10.0 2.5 2 1 4 2 2
5674.0 -663.5 -19.9 29 0 18.9 16.2 10.0 2.5 2 0 4 3 3
5771.6 -712.7 -21.0 275 0 15.0 13.5 2.5 2.5 2 0 1 2 2
5744.8 -773.6 -17.8 359 0 9.8 17.6 7.5 2.5 2 1 3 3 3
5911.0 -802.2 -21.1 123 0 8.6 15.8 5.0 2.5 4 1 2 3 3
5911.2 -755.0 -23.1 27 0 9.8 8.8 7.5 2.5 4 0 3 3 3
5885.4 -752.9 -23.0 187 0 9.9 9.0 7.5 2.5 2 0 3 3 3
5861.9 -691.2 -23.7 281 0 11.4 11.7 7.5 2.5 2 1 3 3 3
5814.1 -656.6 -23.2 264 0 9.3 12.1 5.0 2.5 2 1 2 0 0
5701.7 -644.3 -19.7 161 0 8.3 10.1 7.5 2.5 2 1 3 4 4
5601.7 -615.9 -20.6 248 0 6.1 16.1 5.0 2.5 2 1 2 0 0
5617.9 -691.3 -20.3 64 0 16.3 24.6 7.5 2.5 2 1 3 3 3
5642.9 -670.4 -20.1 63 0 15.4 8.3 2.5 2.5 2 0 1 0 0
5634.5 -721.3 -18.7 236 0 9.0 6.7 2.5 2.5 2 0 1 1 1
5618.3 -735.6 -18.6 240 0 15.6 13.2 7.5 2.5 2 0 3 4 4
5641.9 -749.1 -17.8 178 0 8.3 13.0 7.5 2.5 4 1 3 2 2
5680.7 -739.2 -17.9 7 0 13.6 10.9 7.5 2.5 2 0 3 1 1
5646.8 -713.4 -18.8 199 0 7.0 9.7 5.0 2.5 2 1 2 4 4
5699.0 -704.4 -18.6 324 0 8.4 11.1 2.5 2.5 2 1 1 4 4
5677.5 -790.4 -16.9 100 0 14.2 16.8 7.5 2.5 2 1 3 2 2
-2608.0 6407.4 -46.6 204 0 16.7 14.8 2.5 2.5 2 0 1 1 1
-2559.6 6491.9 -48.0 153 0 17.3 14.6 7.5 2.5 2 0 3 4 4
-2416.4 6518.5 -49.4 352 0 14.6 13.6 7.5 2.5 2 0 3 4 4
-2461.5 6530.3 -48.5 328 0 14.3 17.9 10.0 2.5 2 1 4 4 4
-2473.7 6547.7 -49.6 344 0 11.0 10.5 10.0 2.5 2 0 4 2 2
-2485.1 6499.2 -47.5 57 0 12.1 13.8 7.5 2.5 2 1 3 0 0
-2587.6 6316.8 -48.4 47 0 11.8 9.4 7.5 2.5 4 0 3 3 3
-2551.8 6453.4 -46.9 47 0 8.8 6.7 7.5 2.5 4 0 3 1 1
-2504.1 6517.9 -47.6 58 0 17.6 12.8 10.0 2.5 2 0 4 3 3
340.5 5453.9 -48.8 82 0 19.8 10.1 10.0 0.0 0 0 4 5 5
286.0 5482.6 -48.2 258 0 6.6 10.1 7.5 0.0 0 1 3 0 0
279.1 5458.2 -48.0 166 0 10.2 15.4 7.5 2.5 2 1 3 3 3
297.4 5432.6 -47.9 81 0 16.4 11.4 7.5 2.5 2 0 3 4 4
311.7 5348.5 -49.6 57 0 12.4 11.9 10.0 2.5 2 0 4 3 3
339.3 5112.4 -48.4 117 0 11.3 26.0 10.0 2.5 2 1 4 0 0
325.9 5010.5 -49.5 172 0 8.2 20.0 10.0 2.5 2 1 4 0 0
357.4 4870.9 -47.1 341 0 13.2 23.5 10.0 2.5 2 1 4 0 0
332.8 4919.1 -48.4 328 0 11.8 7.3 5.0 2.5 2 0 2 2 2
308.0 4862.4 -46.7 162 0 13.8 10.4 5.0 2.5 2 0 2 5 5
354.4 4810.6 -46.4 4 0 11.1 13.0 5.0 2.5 2 1 2 0 0
352.9 4517.9 -50.6 257 0 10.4 12.4 7.5 2.5 2 1 3 2 2
363.3 4437.5 -49.2 0 0 17.7 16.3 12.5 2.5 4 0 5 4 4
292.3 4398.6 -46.6 91 0 13.4 15.1 10.0 2.5 2 1 4 0 0
315.3 4409.4 -47.5 62 0 10.2 8.4 7.5 2.5 2 0 3 2 2
262.7 4402.5 -46.3 86 0 17.2 12.7 7.5 2.5 2 0 3 4 4
272.8 4444.2 -47.3 270 0 15.0 16.7 7.5 2.5 4 1 3 3 3
314.2 4383.9 -46.7 272 0 9.6 7.2 5.0 2.5 2 0 2 5 5
257.0 4359.9 -46.3 177 0 11.5 7.4 2.5 2.5 2 0 1 2 2
260.4 2383.8 -33.8 279 0 16.0 34.8 10.0 2.5 2 1 4 0 0
247.6 2299.7 -32.3 97 0 14.0 46.4 10.0 2.5 2 1 4 0 0
215.9 2303.4 -32.1 100 0 18.4 46.1 12.5 2.5 2 1 5 5 5
248.2 2384.0 -33.8 6 0 15.4 33.9 7.5 2.5 2 1 3 4 4
197.4 2322.7 -32.1 97 0 16.3 32.6 10.0 2.5 2 1 4 5 5
198.8 2401.9 -33.7 7 0 11.7 37.1 7.5 2.5 4 1 3 4 4
205.5 2397.2 -33.6 278 0 9.6 37.6 10.0 0.0 0 1 4 5 5
145.0 2340.3 -32.8 95 0 20.2 33.4 12.5 0.0 0 1 5 5 5
276.8 1901.3 -29.8 218 0 11.7 13.5 10.0 2.5 4 1 4 0 0
250.4 1872.0 -30.2 219 0 10.4 14.1 7.5 2.5 2 1 3 5 5
241.0 1820.4 -31.0 107 0 11.2 14.7 7.5 2.5 2 1 3 1 1
339.6 1864.4 -29.0 50 0 17.4 8.7 2.5 2.5 2 0 1 4 4
-684.6 1112.6 -23.8 36 0 6.8 10.1 10.0 2.5 2 1 4 1 1
-769.7 1098.4 -23.0 6 0 8.9 11.0 5.0 2.5 2 1 2 4 4
-806.2 1091.0 -23.0 82 0 15.1 8.8 7.5 2.5 4 0 3 5 5
-995.5 1149.7 -29.0 353 0 11.8 11.1 7.5 2.5 2 0 3 3 3
-1016.9 1076.3 -24.6 43 0 8.7 13.6 10.0 2.5 2 1 4 1 1
-1074.2 1135.4 -27.6 77 0 9.6 17.3 2.5 2.5 2 1 1 1 1
-1215.6 1125.1 -29.2 98 0 15.5 13.9 5.0 2.5 2 0 2 5 5
-1267.1 1231.2 -28.6 180 0 11.6 10.2 7.5 2.5 2 0 3 5 5
-1269.6 1276.0 -28.7 189 0 15.9 11.5 10.0 2.5 2 0 4 1 1
-1383.0 1289.6 -23.5 305 0 14.6 14.7 2.5 2.5 2 1 1 2 2
-1369.6 1099.8 -24.8 90 0 12.3 12.9 5.0 0.0 0 1 2 5 5
-1402.2 1090.9 -23.9 84 0 11.8 8.3 5.0 2.5 2 0 2 2 2
-1415.9 1220.4 -23.4 352 0 9.2 14.0 10.0 2.5 2 1 4 5 5
-1428.8 1256.4 -22.8 255 0 14.4 14.9 2.5 2.5 2 1 1 0 0
-1432.9 1084.0 -23.1 104 0 9.8 9.1 7.5 2.5 2 0 3 3 3
-1439.2 1181.6 -22.9 73 0 10.7 8.8 2.5 2.5 2 0 1 4 4
-1486.6 1196.4 -21.6 163 0 9.0 13.2 7.5 2.5 2 1 3 5 5
-1503.9 1096.2 -20.7 173 0 16.6 12.2 7.5 2.5 2 0 3 1 1
-1522.8 1158.7 -18.8 200 0 9.0 10.3 5.0 2.5 2 1 2 0 0
-1527.2 1224.8 -18.9 225 0 8.1 11.1 7.5 2.5 2 1 3 0 0
-1443.8 1152.0 -22.4 289 0 6.3 12.1 7.5 2.5 2 1 3 0 0
-1542.9 1240.1 -19.3 19 0 8.9 13.9 2.5 2.5 2 1 1 1 1
-1610.9 1169.2 -16.7 277 0 9.5 8.8 7.5 2.5 4 0 3 4 4
-1558.3 1168.0 -15.3 16 0 12.5 12.9 2.5 2.5 2 1 1 0 0
-1663.0 1074.8 -17.9 91 0 8.7 10.5 5.0 2.5 2 1 2 4 4
-1663.7 1151.2 -19.0 202 0 8.3 10.7 7.5 2.5 2 1 3 0 0
-1650.8 1185.3 -19.8 272 0 8.5 10.6 7.5 2.5 4 1 3 1 1
-1675.9 1099.7 -17.6 168 0 8.6 9.4 7.5 2.5 2 1 3 1 1
-1669.8 1196.9 -20.3 287 0 9.8 9.4 7.5 0.0 0 0 3 0 0
-1684.0 1175.1 -19.6 202 0 7.5 8.5 10.0 2.5 2 1 4 3 3
-1681.2 1183.3 -19.9 180 0 7.0 6.2 7.5 2.5 2 0 3 0 0
-1764.7 1212.9 -20.3 91 0 15.0 11.1 2.5 2.5 2 0 1 4 4
-1743.1 1117.8 -19.0 72 0 6.6 7.6 7.5 2.5 2 1 3 3 3
-1750.0 1113.2 -19.1 77 0 7.6 10.3 2.5 2.5 2 1 1 3 3
-1764.8 1107.5 -19.4 69 0 9.6 12.1 7.5 2.5 2 1 3 0 0
-1779.5 1152.0 -19.8 255 0 17.4 11.8 7.5 2.5 2 0 3 0 0
-1788.8 1208.6 -20.2 86 0 9.4 14.4 2.5 2.5 2 1 1 2 2
-1802.2 1172.1 -20.5 251 0 11.6 11.4 7.5 2.5 2 0 3 3 3
-1813.3 1263.7 -21.2 182 0 9.1 7.4 10.0 2.5 4 0 4 3 3
-1833.5 1165.0 -22.2 264 0 7.4 7.5 7.5 2.5 2 1 3 1 1
-1820.5 1231.0 -20.7 176 0 6.9 8.8 7.5 2.5 2 1 3 1 1
-1861.8 1169.5 -23.4 266 0 9.8 18.2 2.5 2.5 2 1 1 4 4
-1880.8 1201.7 -24.2 77 0 10.2 11.6 5.0 2.5 2 1 2 2 2
-1873.3 1275.9 -23.7 268 0 9.5 9.0 7.5 2.5 4 0 3 4 4
-1902.2 1222.4 -24.4 67 0 6.3 7.0 7.5 2.5 2 1 3 5 5
-1910.5 1196.9 -23.9 60 0 7.6 15.4 7.5 2.5 2 1 3 3 3
-1812.2 1279.7 -21.8 146 0 11.6 14.0 10.0 2.5 2 1 4 5 5
-1882.8 1122.6 -22.8 93 0 11.9 17.6 7.5 2.5 2 1 3 4 4
-1917.3 1167.0 -23.1 256 0 15.3 12.8 7.5 2.5 2 0 3 0 0
-1898.5 1162.2 -23.1 260 0 10.3 16.0 5.0 2.5 2 1 2 3 3
-1941.8 1104.2 -22.6 176 0 10.0 9.2 2.5 2.5 2 0 1 1 1
-1972.4 1189.4 -23.1 100 0 13.5 9.5 7.5 2.5 4 0 3 5 5
-1984.5 1251.8 -23.7 342 0 8.4 8.1 7.5 2.5 2 0 3 0 0
-2046.0 1255.4 -22.9 253 0 12.6 7.0 7.5 2.5 2 0 3 1 1
-2091.2 1226.2 -21.6 255 0 16.8 14.9 2.5 2.5 2 0 1 1 1
-2054.7 1153.9 -22.8 71 0 16.2 17.2 10.0 2.5 4 1 4 5 5
-2102.1 1150.6 -22.0 103 0 15.1 13.2 5.0 2.5 2 0 2 5 5
-2108.5 1115.2 -22.9 276 0 18.2 16.1 10.0 2.5 4 0 4 1 1
-2140.5 1122.8 -23.0 277 0 16.9 17.1 7.5 2.5 2 1 3 1 1
-2152.1 1167.4 -21.9 88 0 13.3 9.6 2.5 2.5 2 0 1 4 4
-2163.3 1082.0 -23.9 114 0 8.6 13.4 5.0 2.5 2 1 2 5 5
-2158.8 1218.3 -22.0 257 0 16.8 10.3 2.5 2.5 2 0 1 5 5
-2180.4 1111.4 -23.9 278 0 10.1 9.9 7.5 0.0 0 0 3 4 4
-2174.7 1139.0 -23.2 275 0 9.4 9.6 10.0 2.5 2 1 4 1 1
-2186.2 1174.5 -22.4 169 0 10.8 16.0 7.5 2.5 2 1 3 3 3
-2220.0 1104.5 -24.7 111 0 10.5 9.8 10.0 2.5 2 0 4 3 3
-2210.1 1185.3 -23.0 337 0 16.3 10.1 5.0 2.5 2 0 2 2 2
-2252.4 1155.6 -24.7 294 0 17.3 13.0 7.5 2.5 2 0 3 2 2
-2294.0 1142.7 -25.6 164 0 9.3 17.4 7.5 2.5 2 1 3 5 5
-2342.2 1193.8 -26.5 195 0 6.9 10.8 7.5 2.5 2 1 3 0 0
-2726.2 1138.8 -30.0 149 0 16.8 16.3 10.0 2.5 2 0 4 4 4
-2849.9 1176.0 -29.0 157 0 11.2 19.5 2.5 2.5 2 1 1 3 3
-2776.6 1138.8 -28.2 318 0 8.4 9.2 10.0 2.5 2 1 4 2 2
-2777.4 1075.2 -26.0 48 0 11.6 10.4 5.0 2.5 4 0 2 5 5
-2891.6 1231.9 -28.2 359 0 19.3 12.9 5.0 2.5 2 0 2 2 2
-2932.8 1124.0 -26.8 342 0 11.9 17.4 7.5 2.5 2 1 3 3 3
-2941.0 1245.8 -27.8 353 0 16.5 17.6 7.5 2.5 2 1 3 3 3
-2948.4 1221.7 -27.5 347 0 11.9 19.7 7.5 2.5 2 1 3 5 5
-2940.7 1078.4 -26.8 0 0 8.7 12.1 7.5 0.0 0 1 3 0 0
-2991.8 1264.7 -28.8 82 0 13.2 9.8 2.5 2.5 2 0 1 3 3
-3010.8 1216.8 -28.6 89 0 8.8 10.1 7.5 2.5 2 1 3 3 3
-2991.8 1208.3 -28.2 91 0 14.4 15.8 10.0 2.5 2 1 4 3 3
-3065.8 1101.9 -28.3 9 0 7.3 8.0 5.0 2.5 4 1 2 1 1
-3182.3 1209.1 -30.3 261 0 17.0 19.9 12.5 2.5 2 1 5 0 0
-3283.0 1216.1 -32.2 78 0 15.7 21.8 12.5 2.5 2 1 5 2 2
-3262.4 1210.4 -30.9 81 0 15.0 10.9 2.5 0.0 0 0 1 3 3
-3320.9 1140.8 -30.9 6 0 10.8 16.4 7.5 2.5 2 1 3 0 0
-3354.1 1190.0 -30.9 281 0 20.6 20.0 7.5 2.5 2 0 3 4 4
-3371.4 1251.3 -29.6 20 0 16.4 20.5 10.0 2.5 2 1 4 3 3
-3389.5 1226.3 -29.0 112 0 12.2 13.8 5.0 2.5 2 1 2 0 0
-3427.8 1221.5 -28.1 289 0 13.3 11.9 5.0 2.5 2 0 2 4 4
-3445.9 1261.9 -28.5 110 0 16.3 15.5 10.0 2.5 2 0 4 2 2
-3490.6 1252.9 -28.5 297 0 14.6 16.7 5.0 2.5 2 1 2 0 0
-3492.3 1284.6 -29.5 106 0 14.6 14.3 7.5 2.5 4 0 3 5 5
-3461.3 1277.7 -29.0 114 0 9.2 22.9 7.5 2.5 2 1 3 5 5
-3513.6 1293.4 -29.8 109 0 7.8 11.9 2.5 2.5 2 1 1 5 5
-3526.8 1311.7 -30.0 288 0 7.7 10.5 10.0 2.5 2 1 4 4 4
-3523.7 1264.6 -28.6 288 0 8.6 10.7 5.0 2.5 2 1 2 3 3
-3588.4 1113.8 -29.4 177 0 14.1 14.1 7.5 2.5 2 1 3 0 0
-3603.4 1209.1 -27.6 185 0 13.3 14.9 7.5 2.5 2 1 3 2 2
-3597.4 1142.4 -31.2 182 0 14.2 20.6 12.5 0.0 0 1 5 1 1
-3639.1 1169.5 -30.5 350 0 9.5 10.8 5.0 2.5 2 1 2 3 3
-3634.7 1242.8 -28.4 174 0 15.1 10.8 7.5 2.5 2 0 3 5 5
-3734.8 1081.6 -26.0 189 0 6.8 10.5 7.5 2.5 2 1 3 3 3
-3807.8 1117.8 -26.1 356 0 8.6 12.2 7.5 2.5 2 1 3 2 2
-3829.5 1116.0 -26.1 87 0 8.6 10.0 5.0 2.5 2 1 2 0 0
-3826.9 1185.9 -27.2 66 0 8.8 6.2 7.5 0.0 0 0 3 1 1
-3870.2 1203.9 -26.7 164 0 9.1 12.9 7.5 2.5 2 1 3 2 2
-3867.9 1252.0 -27.4 179 0 11.5 14.9 5.0 2.5 2 1 2 4 4
-3859.0 1215.4 -27.3 168 0 12.5 19.8 2.5 2.5 2 1 1 4 4
-3984.6 1186.5 -25.7 352 0 18.5 12.6 5.0 2.5 2 0 2 1 1
-3933.5 1087.3 -23.7 77 0 13.9 20.6 5.0 2.5 2 1 2 2 2
-3989.0 1130.0 -24.2 167 0 13.4 21.3 10.0 2.5 2 1 4 5 5
-4014.5 1102.7 -23.9 159 0 10.9 13.5 10.0 0.0 0 1 4 4 4
-3959.8 1086.8 -22.9 75 0 12.5 12.1 5.0 2.5 2 0 2 3 3
-4071.2 1262.5 -26.8 284 0 12.1 12.2 10.0 2.5 2 1 4 4 4
-4114.0 1182.0 -27.1 106 0 15.4 11.8 10.0 2.5 2 0 4 0 0
-4137.5 1188.8 -27.4 72 0 11.8 9.6 7.5 2.5 2 0 3 1 1
-4156.0 1172.1 -27.6 94 0 13.0 9.4 10.0 2.5 2 0 4 5 5
-4133.4 1245.8 -27.1 262 0 19.2 17.0 7.5 2.5 4 0 3 1 1
-4197.5 1254.0 -26.7 193 0 14.8 12.9 7.5 2.5 2 0 3 2 2
-4172.0 1203.7 -27.2 97 0 10.5 10.1 2.5 2.5 2 0 1 5 5
-4242.1 1173.8 -27.2 212 0 18.8 9.7 7.5 0.0 0 0 3 5 5
-4226.1 1106.9 -28.4 12 0 7.0 6.8 7.5 2.5 2 0 3 4 4
-4257.3 1109.6 -28.4 104 0 10.0 6.9 7.5 2.5 2 0 3 2 2
-4306.0 1204.8 -29.1 96 0 13.1 14.9 10.0 2.5 2 1 4 3 3
-4397.4 1144.6 -29.7 359 0 14.3 17.2 5.0 2.5 2 1 2 5 5
-4405.4 1221.2 -26.5 8 0 17.9 14.1 15.0 0.0 0 0 6 1 1
-4417.4 1289.9 -27.3 270 0 8.1 14.6 7.5 2.5 2 1 3 2 2
591.1 6101.1 -56.5 86 0 11.4 20.8 7.5 2.5 2 1 3 5 5
638.7 5996.3 -56.0 206 0 9.3 12.5 7.5 2.5 2 1 3 2 2
667.1 6022.3 -55.0 238 0 7.5 6.1 7.5 2.5 4 0 3 3 3
