5948.7 2862.3 -2.8 274 0 27.3 9.0 7.5 2.5 2 0 3 2 2
5919.4 2815.2 -2.8 189 0 28.1 10.4 7.5 2.5 2 0 3 3 3
5919.4 2845.7 -2.4 191 0 19.6 7.2 2.5 2.5 2 0 1 5 5
5835.7 4783.6 -2.3 198 0 7.9 21.5 5.0 0.0 0 1 2 1 1
-4574.9 1663.2 2.2 116 0 10.1 36.5 10.0 2.5 2 1 4 0 0
-4553.7 1662.4 2.0 117 0 23.7 11.0 7.5 2.5 2 0 3 5 5
-4540.3 1688.2 1.9 295 0 16.3 8.3 7.5 2.5 2 0 3 3 3
-4523.4 1674.7 1.8 24 0 9.0 9.7 10.0 2.5 2 1 4 4 4
-4517.0 1840.6 2.1 214 0 9.8 39.5 7.5 0.0 0 1 3 5 5
-4479.4 1884.6 3.0 218 0 16.1 7.9 7.5 2.5 2 0 3 4 4
-4527.6 1845.9 2.8 34 0 9.6 19.1 5.0 2.5 4 1 2 5 5
-4691.9 1816.5 1.5 33 0 11.0 17.4 7.5 2.5 2 1 3 5 5
-4708.5 1826.7 1.3 34 0 8.3 27.2 7.5 0.0 0 1 3 1 1
-4738.2 1819.5 1.1 212 0 12.0 9.0 7.5 2.5 2 0 3 3 3
-4747.1 1801.2 1.0 123 0 9.7 11.5 7.5 2.5 2 1 3 1 1
-4779.5 1811.9 0.7 212 0 12.0 39.9 10.0 2.5 2 1 4 4 4
-4763.2 1834.3 1.0 205 0 9.4 18.8 7.5 2.5 2 1 3 1 1
-4681.0 1893.9 2.8 291 0 6.7 8.7 5.0 2.5 2 1 2 3 3
5833.8 5438.1 4.1 91 0 9.5 7.9 7.5 2.5 2 0 3 2 2
5836.6 5594.2 4.6 272 0 7.5 6.1 7.5 2.5 2 0 3 4 4
5840.2 5552.8 4.9 85 0 6.7 7.9 5.0 2.5 2 1 2 2 2
5806.2 5550.7 5.4 0 0 6.4 9.1 7.5 2.5 2 1 3 3 3
5852.1 5219.4 0.6 190 0 19.0 9.0 10.0 2.5 4 0 4 4 4
5788.3 5359.9 2.4 358 0 10.3 6.7 7.5 2.5 2 0 3 1 1
5877.2 5382.6 3.7 265 0 9.4 7.5 7.5 2.5 2 0 3 1 1
5843.1 5366.8 3.7 88 0 7.2 10.6 7.5 2.5 4 1 3 5 5
5862.3 4830.3 -2.6 190 0 11.2 6.5 10.0 2.5 2 0 4 1 1
5835.8 5096.1 -0.8 103 0 8.5 8.8 5.0 2.5 2 1 2 4 4
6015.9 2084.6 -7.9 0 0 6.8 6.4 7.5 2.5 2 0 3 4 4
2458.2 6679.8 16.6 333 0 8.7 9.2 10.0 2.5 4 1 4 5 5
2530.8 6620.7 16.6 62 0 7.8 7.6 5.0 2.5 2 0 2 1 1
2509.0 6572.9 17.1 338 0 7.8 9.2 7.5 2.5 2 1 3 1 1
2508.3 6523.0 17.3 131 0 10.8 13.3 10.0 2.5 2 1 4 2 2
2569.8 6548.0 16.5 335 0 7.0 7.4 7.5 2.5 2 1 3 5 5
2203.1 6738.0 15.2 64 0 6.5 6.3 7.5 2.5 2 0 3 5 5
6023.7 1867.1 -6.4 269 0 6.3 6.1 7.5 2.5 2 0 3 4 4
5860.4 3443.6 2.7 260 0 15.0 11.1 5.0 0.0 0 0 2 1 1
5853.1 3456.3 2.7 276 0 7.3 11.8 2.5 2.5 4 1 1 3 3
6196.0 2787.5 -4.9 88 0 6.6 10.6 7.5 2.5 2 1 3 1 1
6081.5 2802.9 -4.1 180 0 10.6 9.2 7.5 2.5 2 0 3 5 5
6026.6 2894.0 -3.5 256 0 6.4 6.2 7.5 2.5 2 0 3 4 4
6027.2 2843.6 -3.9 90 0 6.3 6.6 5.0 2.5 2 1 2 1 1
6041.3 2554.2 -8.7 356 0 9.5 7.3 5.0 2.5 2 0 2 2 2
6012.7 2688.6 -6.8 185 0 12.4 8.8 7.5 2.5 2 0 3 0 0
6033.5 2660.4 -6.9 178 0 12.6 7.3 10.0 2.5 2 0 4 4 4
6074.1 2629.1 -7.0 1 0 9.5 8.0 7.5 2.5 2 0 3 4 4
6173.0 2528.3 -8.9 3 0 9.7 7.5 7.5 2.5 2 0 3 5 5
6214.5 2724.6 -6.1 89 0 7.3 7.7 7.5 2.5 4 1 3 0 0
6340.4 2746.1 -7.8 270 0 8.1 10.3 5.0 2.5 2 1 2 1 1
6216.9 1511.2 -7.8 176 0 9.9 7.8 7.5 2.5 2 0 3 2 2
6318.9 1486.7 -8.2 180 0 9.2 7.4 7.5 2.5 2 0 3 1 1
6342.3 1418.2 -8.6 86 0 8.9 7.8 7.5 2.5 4 0 3 5 5
6330.6 1511.1 -7.8 177 0 9.5 8.5 5.0 2.5 4 0 2 0 0
6373.0 1522.6 -7.5 356 0 8.1 10.0 2.5 2.5 2 1 1 2 2
6376.0 1592.8 -7.3 263 0 12.3 7.9 7.5 0.0 0 0 3 3 3
6379.6 1714.3 -8.1 0 0 9.2 10.6 2.5 2.5 2 1 1 3 3
6354.3 1662.3 -7.0 358 0 12.8 7.0 7.5 2.5 2 0 3 2 2
6309.5 1618.4 -6.4 180 0 10.3 6.1 7.5 2.5 4 0 3 3 3
6270.1 1748.5 -8.8 358 0 9.4 10.9 5.0 2.5 2 1 2 5 5
6282.4 1655.5 -6.1 354 0 7.4 10.7 7.5 2.5 2 1 3 5 5
6225.8 1644.8 -6.2 179 0 9.0 7.4 7.5 2.5 4 0 3 5 5
6295.9 1517.8 -7.9 354 0 7.9 9.9 2.5 2.5 2 1 1 2 2
6291.7 1573.5 -7.0 354 0 6.1 10.5 2.5 2.5 2 1 1 1 1
6210.6 1563.8 -7.0 196 0 10.4 8.7 7.5 2.5 2 0 3 1 1
6179.7 1643.2 -6.8 352 0 9.1 13.2 7.5 0.0 0 1 3 0 0
6084.1 2200.2 -8.8 90 0 7.9 10.2 7.5 2.5 2 1 3 1 1
6084.7 2287.4 -8.4 89 0 6.6 9.6 5.0 2.5 2 1 2 1 1
6035.3 2383.7 -8.1 91 0 10.9 6.6 5.0 2.5 2 0 2 0 0
6041.5 2473.0 -8.6 125 0 7.0 10.4 7.5 0.0 0 1 3 4 4
5877.5 5336.2 3.6 277 0 14.4 20.5 10.0 0.0 0 1 4 4 4
5913.3 5039.8 -2.1 123 0 12.0 8.4 7.5 2.5 2 0 3 2 2
6161.3 4929.6 -2.1 37 0 8.3 7.8 5.0 2.5 2 0 2 4 4
6224.8 4947.1 1.1 127 0 8.5 13.8 7.5 2.5 2 1 3 4 4
5839.5 5054.0 -1.8 273 0 7.1 13.7 7.5 2.5 2 1 3 4 4
5877.2 4212.0 -0.1 89 0 6.0 6.9 7.5 2.5 2 1 3 1 1
5906.1 4057.7 -3.8 0 0 7.7 7.0 7.5 2.5 2 0 3 4 4
5799.4 4340.5 -1.8 90 0 6.7 6.3 10.0 2.5 2 0 4 1 1
5836.5 4151.3 -1.8 181 0 6.3 6.6 7.5 2.5 2 1 3 1 1
5831.8 3965.3 -3.3 179 0 8.4 6.4 7.5 2.5 2 0 3 5 5
5855.9 3919.6 -4.0 177 0 7.5 11.5 2.5 2.5 2 1 1 0 0
6220.3 5518.2 2.0 96 0 8.6 6.1 10.0 0.0 0 0 4 2 2
6304.6 5507.7 3.7 116 0 9.3 9.3 5.0 2.5 2 0 2 0 0
6628.8 1498.0 -9.9 166 0 7.6 7.5 7.5 2.5 2 0 3 5 5
6718.5 1449.3 -10.8 0 0 9.4 7.3 5.0 2.5 2 0 2 3 3
6707.2 1515.7 -10.5 186 0 9.0 8.0 10.0 2.5 2 0 4 1 1
6687.1 1519.6 -10.0 9 0 9.0 6.9 2.5 2.5 2 0 1 4 4
6613.7 1557.0 -10.4 178 0 8.9 8.1 10.0 0.0 0 0 4 4 4
6619.7 1605.9 -10.8 183 0 10.6 7.9 7.5 2.5 2 0 3 3 3
6611.6 1638.8 -10.8 87 0 6.5 10.0 10.0 2.5 2 1 4 5 5
6678.8 1644.9 -11.1 93 0 7.6 11.5 7.5 2.5 2 1 3 5 5
6684.2 1708.6 -11.6 349 0 7.8 13.3 7.5 2.5 2 1 3 2 2
6675.0 1744.6 -12.1 349 0 6.8 8.8 5.0 2.5 2 1 2 1 1
6664.4 1787.7 -12.5 350 0 10.0 8.2 7.5 0.0 0 0 3 3 3
6613.4 1739.9 -11.1 174 0 9.0 7.9 10.0 2.5 2 0 4 3 3
6601.4 1780.7 -11.1 177 0 9.8 7.7 2.5 2.5 2 0 1 3 3
6549.6 1448.3 -9.4 87 0 10.0 9.7 5.0 2.5 2 0 2 1 1
6583.4 1507.6 -10.0 0 0 10.0 8.2 5.0 2.5 2 0 2 1 1
6590.7 1438.4 -9.5 88 0 8.8 10.0 7.5 2.5 2 1 3 1 1
6535.0 1488.3 -9.3 180 0 10.9 7.9 10.0 2.5 2 0 4 1 1
6536.5 1532.0 -9.4 178 0 10.4 7.0 7.5 2.5 2 0 3 0 0
6497.7 1491.3 -8.7 355 0 6.8 10.5 10.0 2.5 2 1 4 3 3
6448.5 1446.2 -8.3 90 0 8.2 8.9 2.5 2.5 2 1 1 0 0
6442.6 1494.5 -8.0 176 0 10.3 8.5 5.0 2.5 2 0 2 2 2
6570.2 1639.7 -10.2 80 0 7.3 9.6 7.5 2.5 2 1 3 3 3
6578.4 1706.5 -9.9 12 0 9.7 8.3 7.5 2.5 4 0 3 1 1
6516.2 1634.6 -9.4 88 0 7.9 9.9 2.5 2.5 2 1 1 5 5
6565.4 1772.5 -10.3 359 0 6.5 9.4 5.0 2.5 2 1 2 5 5
6502.7 1733.0 -9.0 174 0 10.6 7.3 2.5 0.0 0 0 1 1 1
6412.0 1765.6 -9.6 178 0 8.4 8.8 10.0 2.5 2 1 4 1 1
6407.7 1681.0 -7.7 180 0 10.3 7.8 5.0 2.5 2 0 2 0 0
6415.6 1616.8 -7.9 90 0 7.2 9.5 7.5 2.5 2 1 3 1 1
6478.5 1724.5 -8.6 359 0 7.7 9.2 7.5 2.5 2 1 3 3 3
6491.9 1601.6 -8.9 352 0 8.9 6.5 2.5 2.5 2 0 1 4 4
6496.4 1533.6 -8.8 2 0 8.3 8.5 10.0 2.5 2 1 4 3 3
6833.2 1507.2 -12.0 0 0 9.2 8.2 7.5 2.5 2 0 3 5 5
6908.6 1444.2 -13.9 323 0 9.4 8.0 7.5 2.5 2 0 3 2 2
6894.2 1764.5 -12.8 9 0 6.3 8.2 2.5 0.0 0 1 1 3 3
6909.0 1936.0 -10.8 305 0 6.9 9.9 7.5 2.5 2 1 3 1 1
6779.0 2498.8 -10.2 20 0 6.3 6.3 5.0 2.5 4 0 2 3 3
6878.0 2480.5 -11.8 145 0 7.5 10.2 5.0 2.5 2 1 2 3 3
6770.6 2570.4 -10.6 136 0 9.6 7.4 7.5 2.5 4 0 3 0 0
6698.8 1796.3 -12.5 184 0 10.6 7.8 7.5 2.5 2 0 3 4 4
6701.0 1758.3 -12.1 184 0 11.0 9.4 7.5 2.5 2 0 3 5 5
6723.9 1670.2 -11.3 352 0 11.4 8.9 5.0 2.5 2 0 2 3 3
6738.9 1608.4 -11.0 170 0 11.2 8.3 7.5 2.5 2 0 3 5 5
6739.8 1569.6 -10.5 70 0 7.8 9.0 10.0 2.5 2 1 4 2 2
6633.3 1454.1 -9.9 185 0 6.5 8.8 7.5 2.5 2 1 3 3 3
6455.5 5523.5 2.4 97 0 9.1 9.5 7.5 2.5 4 1 3 4 4
6386.9 5500.6 3.1 104 0 8.5 9.0 7.5 2.5 2 1 3 5 5
6844.9 5157.9 0.8 99 0 7.3 8.5 10.0 2.5 2 1 4 4 4
6702.3 5337.3 3.0 281 0 8.4 7.7 2.5 2.5 2 0 1 4 4
6672.2 5345.8 2.9 274 0 8.3 7.0 2.5 2.5 2 0 1 4 4
-1972.5 1653.8 13.7 157 0 8.7 12.1 5.0 2.5 2 1 2 4 4
-1991.4 1684.5 12.7 140 0 8.7 12.2 7.5 2.5 2 1 3 5 5
-2070.2 1750.6 10.5 150 0 8.7 12.2 10.0 2.5 2 1 4 5 5
-2022.3 1782.9 9.8 347 0 6.4 8.9 7.5 2.5 2 1 3 0 0
-2032.9 1801.4 9.5 253 0 6.2 6.8 5.0 2.5 2 1 2 4 4
-1944.1 1782.6 11.8 73 0 6.2 6.8 5.0 2.5 2 1 2 0 0
-1934.6 1796.9 11.3 73 0 6.2 6.8 5.0 0.0 0 1 2 3 3
-1909.7 1814.1 11.3 73 0 6.2 6.8 5.0 0.0 0 1 2 3 3
-1936.0 1757.7 13.3 253 0 6.2 6.8 7.5 2.5 2 1 3 0 0
-1946.9 1712.6 13.7 343 0 6.8 6.2 7.5 2.5 2 0 3 1 1
-1857.4 1806.3 13.2 253 0 6.2 6.8 5.0 2.5 2 1 2 4 4
-1743.9 1586.5 14.7 265 0 6.2 6.8 5.0 0.0 0 1 2 4 4
-1744.7 1598.8 14.5 250 0 6.2 6.8 2.5 2.5 4 1 1 3 3
-1700.8 1597.3 15.0 240 0 6.7 7.4 7.5 2.5 2 1 3 5 5
-1694.6 1607.1 14.9 239 0 6.2 6.7 5.0 2.5 4 1 2 0 0
-1694.0 1652.1 13.5 73 0 6.2 6.8 10.0 0.0 0 1 4 4 4
-1602.5 1658.3 15.2 264 0 6.2 6.8 5.0 2.5 2 1 2 3 3
-1582.7 1708.4 12.8 163 0 6.8 6.2 10.0 2.5 2 0 4 4 4
-1465.9 1687.6 14.7 253 0 6.2 6.8 7.5 2.5 2 1 3 5 5
-1353.1 1756.0 14.0 253 0 6.2 6.8 5.0 2.5 2 1 2 0 0
-1254.9 1747.2 14.7 73 0 6.2 6.8 7.5 2.5 2 1 3 1 1
-1224.1 1828.5 14.8 53 0 6.2 6.7 7.5 2.5 2 1 3 2 2
-1224.7 1853.6 14.8 233 0 6.2 6.7 5.0 2.5 2 1 2 3 3
-1129.7 1866.0 15.3 233 0 6.2 6.7 5.0 2.5 2 1 2 3 3
-1167.9 1890.0 14.1 149 0 10.1 48.8 7.5 2.5 2 1 3 2 2
-1099.8 1929.7 14.2 56 0 36.9 7.5 7.5 2.5 2 0 3 2 2
-1069.9 1963.3 14.0 327 0 7.0 8.0 10.0 2.5 2 1 4 3 3
-1074.4 1896.6 14.9 237 0 8.0 7.0 5.0 2.5 2 0 2 1 1
-1073.2 1990.6 13.0 325 0 9.1 14.7 5.0 2.5 2 1 2 3 3
-1117.7 1996.8 12.4 237 0 8.0 7.0 2.5 2.5 2 0 1 2 2
-1005.4 1981.5 14.5 147 0 7.0 8.0 7.5 2.5 2 1 3 4 4
-997.5 1938.3 14.9 147 0 7.0 8.0 5.0 2.5 4 1 2 0 0
-987.0 1999.2 15.2 237 0 8.0 7.0 10.0 2.5 2 0 4 5 5
-832.9 2006.4 15.2 147 0 7.0 8.0 7.5 0.0 0 1 3 4 4
-765.5 1994.1 14.4 57 0 8.0 7.0 7.5 2.5 2 0 3 1 1
-734.9 2041.4 12.9 67 0 8.0 7.0 7.5 0.0 0 0 3 3 3
-744.4 2051.4 12.7 157 0 7.0 8.0 7.5 2.5 2 1 3 5 5
-727.2 2054.0 12.9 67 0 8.0 7.0 2.5 2.5 4 0 1 3 3
-690.0 2118.1 14.2 66 0 9.9 6.7 5.0 2.5 2 0 2 0 0
-640.0 2134.4 15.7 337 0 7.0 8.0 5.0 2.5 2 1 2 5 5
-557.7 2339.5 13.6 350 0 8.1 6.9 10.0 0.0 0 0 4 4 4
-602.4 2415.6 13.6 157 0 7.0 8.0 10.0 2.5 2 1 4 0 0
-381.9 2666.4 11.3 31 0 8.0 7.0 5.0 2.5 2 0 2 1 1
-411.1 2732.5 10.8 31 0 8.0 7.0 7.5 2.5 2 0 3 4 4
-328.5 2766.5 11.6 31 0 8.0 7.0 7.5 2.5 2 0 3 5 5
-906.2 2297.9 12.6 31 0 8.0 7.0 5.0 2.5 2 0 2 4 4
-925.2 2275.3 12.9 121 0 7.0 8.0 5.0 2.5 4 1 2 1 1
-1004.7 2335.5 13.7 57 0 8.0 7.0 7.5 2.5 2 0 3 3 3
-990.4 2364.2 13.4 301 0 7.0 8.1 5.0 2.5 2 1 2 3 3
-1070.2 2333.1 11.5 237 0 8.0 7.0 5.0 2.5 2 0 2 2 2
-1067.9 2320.5 11.5 237 0 8.0 7.0 7.5 2.5 4 0 3 3 3
-1117.4 2236.5 11.4 237 0 8.0 7.0 7.5 2.5 2 0 3 0 0
-1166.4 2298.2 10.1 237 0 8.0 7.0 2.5 2.5 4 0 1 1 1
-1172.8 2286.2 10.1 57 0 8.0 7.0 7.5 2.5 2 0 3 3 3
-1231.7 2378.3 11.5 237 0 8.0 7.0 5.0 2.5 2 0 2 4 4
-1263.9 2431.3 10.1 57 0 8.0 7.0 7.5 2.5 2 0 3 5 5
-1286.3 2339.0 11.1 237 0 8.0 7.0 7.5 2.5 2 0 3 1 1
-1308.5 2300.3 10.3 147 0 7.0 8.0 7.5 2.5 2 1 3 3 3
-1293.8 2283.8 10.2 57 0 8.0 7.0 10.0 2.5 4 0 4 0 0
-1276.7 2207.0 9.1 57 0 8.0 7.0 10.0 2.5 2 0 4 2 2
-1248.1 2146.6 10.0 237 0 6.5 7.0 7.5 2.5 4 1 3 2 2
-1273.1 2111.7 9.9 57 0 6.5 7.0 5.0 2.5 4 1 2 5 5
-1314.4 2055.2 10.6 57 0 6.5 7.0 7.5 2.5 2 1 3 5 5
-1327.4 2048.0 10.6 57 0 6.5 7.0 5.0 2.5 2 1 2 5 5
-1388.4 2024.9 10.5 57 0 6.5 7.0 7.5 2.5 2 1 3 1 1
-1422.6 1981.2 10.5 57 0 6.5 7.0 2.5 2.5 2 1 1 5 5
-1429.3 1917.8 11.6 57 0 6.5 7.0 7.5 2.5 2 1 3 5 5
-1455.6 1899.0 12.3 57 0 6.5 7.0 10.0 2.5 2 1 4 0 0
-1516.1 1902.7 10.9 147 0 7.0 6.5 10.0 2.5 2 0 4 0 0
-1504.3 1916.2 11.2 237 0 6.5 7.0 7.5 2.5 2 1 3 0 0
-1506.6 1951.4 11.3 79 0 6.5 7.0 7.5 2.5 2 1 3 5 5
-1524.4 1948.3 11.3 79 0 6.5 7.0 5.0 2.5 2 1 2 3 3
-1656.3 1959.4 10.1 329 0 9.7 22.4 5.0 2.5 4 1 2 5 5
-1803.9 1865.2 11.7 62 0 6.5 7.0 5.0 0.0 0 1 2 2 2
-1943.7 1850.3 10.6 152 0 7.0 6.5 7.5 2.5 2 0 3 0 0
-1670.5 2136.8 9.2 242 0 6.5 7.0 7.5 2.5 2 1 3 4 4
-1712.0 2119.6 9.0 152 0 7.0 6.5 5.0 2.5 2 0 2 5 5
-1740.5 2137.0 8.9 152 0 7.0 6.5 7.5 2.5 2 0 3 3 3
-1757.1 2163.0 8.5 152 0 7.0 6.5 10.0 2.5 2 0 4 5 5
-1807.0 2121.8 7.9 152 0 7.0 6.5 10.0 2.5 2 0 4 4 4
-1807.9 2159.4 7.6 332 0 7.0 6.5 7.5 2.5 2 0 3 4 4
-1696.3 2205.2 8.9 47 0 6.5 7.0 7.5 2.5 2 1 3 1 1
-1779.9 2226.0 6.9 62 0 6.5 7.0 5.0 2.5 2 1 2 3 3
-1822.9 2288.7 6.3 62 0 6.5 7.0 5.0 2.5 2 1 2 4 4
-1802.6 2312.5 5.9 332 0 7.0 6.5 7.5 2.5 2 0 3 3 3
-1814.5 2332.3 6.0 242 0 6.5 7.0 7.5 2.5 2 1 3 0 0
-1858.0 2219.6 6.7 62 0 6.5 7.0 5.0 2.5 2 1 2 1 1
-1880.2 2286.4 6.8 332 0 7.0 6.5 2.5 2.5 2 0 1 2 2
-1932.8 2326.0 6.1 315 0 7.0 6.5 5.0 2.5 2 0 2 4 4
-1962.4 2358.2 5.7 315 0 7.0 6.5 7.5 2.5 2 0 3 5 5
-2113.8 2461.3 4.3 299 0 7.0 6.5 5.0 2.5 2 0 2 1 1
-2179.4 2446.4 4.9 119 0 7.0 6.5 7.5 2.5 2 0 3 1 1
-2181.2 2461.8 4.7 119 0 7.0 6.5 2.5 2.5 2 0 1 1 1
-2153.8 2492.9 4.2 299 0 7.0 6.5 7.5 2.5 2 0 3 1 1
-2125.8 2526.3 5.0 119 0 7.0 6.5 5.0 0.0 0 0 2 5 5
-2248.7 2546.3 4.3 232 0 6.5 7.0 7.5 2.5 2 1 3 0 0
-2176.4 2556.8 4.1 119 0 7.0 6.5 10.0 2.5 2 0 4 3 3
-1625.0 2485.1 8.2 227 0 9.4 7.4 5.0 2.5 2 0 2 2 2
-1608.0 2490.4 8.6 319 0 7.0 6.5 7.5 2.5 2 0 3 2 2
-1736.1 2446.7 6.3 49 0 6.5 7.0 7.5 2.5 2 1 3 5 5
-1878.9 2471.6 7.4 49 0 6.5 7.0 7.5 2.5 2 1 3 3 3
-1897.4 2380.9 7.3 49 0 6.5 7.0 7.5 2.5 2 1 3 2 2
-1056.3 4465.8 10.7 357 0 7.0 6.5 7.5 2.5 2 0 3 5 5
-1012.1 4422.1 10.6 177 0 7.0 6.5 7.5 2.5 2 0 3 1 1
-974.8 4475.7 10.2 266 0 7.4 13.6 5.0 2.5 2 1 2 0 0
-888.7 4656.9 11.3 65 0 6.5 7.0 7.5 2.5 2 1 3 1 1
-1083.7 4777.6 13.1 155 0 7.0 6.5 5.0 2.5 2 0 2 1 1
-1047.1 4875.2 11.7 155 0 7.0 6.5 5.0 2.5 2 0 2 0 0
-1199.8 5079.7 14.3 320 0 7.0 6.5 7.5 2.5 2 0 3 4 4
-1102.6 5140.1 14.4 225 0 10.9 7.1 7.5 2.5 2 0 3 2 2
-1124.0 5207.1 14.4 45 0 10.9 7.1 7.5 2.5 2 0 3 0 0
-1053.2 5187.8 14.3 316 0 7.2 9.7 5.0 2.5 2 1 2 3 3
-992.6 5302.3 15.8 136 0 7.2 9.7 5.0 2.5 2 1 2 3 3
-902.6 5273.0 16.4 136 0 7.2 9.7 10.0 2.5 2 1 4 3 3
-767.7 5470.8 16.1 239 0 7.2 9.7 7.5 2.5 2 1 3 4 4
-742.4 5422.8 15.2 149 0 9.7 7.2 2.5 2.5 2 0 1 0 0
-709.6 5376.7 15.6 149 0 9.7 7.2 5.0 2.5 2 0 2 4 4
-745.4 5351.8 17.5 149 0 9.7 7.2 7.5 2.5 2 0 3 3 3
-704.4 5297.1 17.9 59 0 7.2 9.7 7.5 2.5 2 1 3 1 1
-631.2 5355.8 14.5 59 0 7.2 9.7 5.0 2.5 2 1 2 1 1
-642.7 5385.6 13.6 59 0 7.2 9.7 7.5 2.5 2 1 3 4 4
-600.9 5384.1 13.3 59 0 7.2 9.7 7.5 2.5 4 1 3 5 5
-629.6 5430.2 13.4 329 0 9.7 7.2 2.5 2.5 2 0 1 3 3
-662.8 5482.7 15.4 329 0 9.7 7.2 7.5 2.5 2 0 3 3 3
-697.9 5456.7 14.7 239 0 7.2 9.7 7.5 2.5 2 1 3 3 3
-693.1 5525.5 16.9 239 0 7.2 9.7 7.5 2.5 2 1 3 3 3
-728.2 5502.1 16.4 239 0 7.2 9.7 5.0 2.5 2 1 2 0 0
-625.5 5575.3 17.4 239 0 7.2 9.7 7.5 2.5 2 1 3 4 4
-545.9 5557.7 16.8 59 0 7.2 9.7 5.0 2.5 2 1 2 4 4
-564.0 5413.4 12.4 59 0 7.2 9.7 5.0 2.5 4 1 2 0 0
-599.3 5459.3 13.8 239 0 7.2 9.7 7.5 2.5 2 1 3 1 1
-382.3 5541.7 14.6 59 0 7.2 9.7 7.5 2.5 2 1 3 4 4
-411.5 5584.2 16.1 149 0 9.7 7.2 7.5 2.5 2 0 3 2 2
-376.2 5625.1 16.3 239 0 7.2 9.7 2.5 2.5 2 1 1 4 4
-344.7 5648.5 17.6 149 0 9.7 7.2 7.5 2.5 2 0 3 5 5
-273.1 5638.4 19.9 329 0 9.7 7.2 7.5 2.5 2 0 3 4 4
-299.6 5678.7 19.0 329 0 9.7 7.2 7.5 2.5 2 0 3 1 1
-315.2 5757.4 18.8 326 0 7.2 9.7 5.0 0.0 0 1 2 0 0
-335.3 5731.6 18.1 239 0 7.2 9.7 5.0 2.5 2 1 2 1 1
-377.4 5698.6 17.1 239 0 7.2 9.7 7.5 2.5 2 1 3 1 1
-407.3 5670.5 17.3 59 0 7.2 9.7 2.5 2.5 2 1 1 0 0
-440.9 5716.8 17.9 239 0 7.2 9.7 5.0 0.0 0 1 2 5 5
-479.0 5681.9 17.7 239 0 7.2 9.7 7.5 2.5 2 1 3 2 2
-448.5 5640.5 17.4 59 0 7.2 9.7 5.0 2.5 2 1 2 0 0
-485.1 5620.2 17.1 149 0 9.7 7.2 7.5 0.0 0 0 3 1 1
-515.2 5662.4 17.1 239 0 7.2 9.7 5.0 2.5 2 1 2 0 0
-518.4 5717.5 18.1 149 0 9.7 7.2 5.0 2.5 2 0 2 5 5
-388.3 5795.1 18.4 61 0 23.7 21.4 7.5 2.5 2 0 3 4 4
-244.1 5842.8 17.7 329 0 9.7 7.2 10.0 2.5 2 0 4 4 4
-129.9 6038.1 16.5 5 0 9.7 7.2 7.5 2.5 2 0 3 2 2
-85.9 6126.6 15.8 352 0 9.7 7.2 7.5 2.5 2 0 3 2 2
6344.0 1353.7 -8.5 277 0 7.2 11.0 7.5 2.5 2 1 3 0 0
6420.9 1283.7 -9.3 349 0 8.3 9.4 7.5 2.5 2 1 3 0 0
6816.5 1378.3 -10.4 237 0 9.3 11.8 5.0 2.5 2 1 2 0 0
6862.8 1321.4 -10.7 68 0 13.4 9.4 5.0 2.5 2 0 2 3 3
6877.3 1375.7 -11.8 326 0 6.4 8.6 2.5 2.5 2 1 1 1 1
5557.5 -2453.8 -16.3 130 0 10.1 10.6 7.5 2.5 4 1 3 1 1
5726.9 -2174.8 -18.0 125 0 7.6 7.0 5.0 0.0 0 0 2 5 5
4936.3 -3323.3 -19.6 41 0 9.6 11.2 7.5 2.5 2 1 3 2 2
5037.5 -3106.3 -17.0 218 0 6.4 14.1 10.0 2.5 2 1 4 4 4
4824.9 -3231.9 -17.6 39 0 10.2 10.3 5.0 2.5 2 1 2 5 5
4804.8 -3215.9 -17.4 214 0 10.8 9.1 7.5 0.0 0 0 3 5 5
-2619.2 4164.3 12.7 61 0 10.9 9.9 7.5 2.5 2 0 3 5 5
-2656.0 4155.0 12.5 232 0 20.3 20.1 7.5 2.5 2 0 3 4 4
-2606.4 4258.0 12.4 150 0 9.2 9.4 10.0 2.5 2 1 4 4 4
-2666.2 4224.4 11.9 224 0 8.7 9.7 5.0 2.5 2 1 2 4 4
-2638.6 4336.6 11.5 55 0 13.5 9.4 7.5 2.5 2 0 3 1 1
-2541.6 4244.7 12.3 235 0 8.3 8.5 7.5 0.0 0 1 3 3 3
-2730.0 4134.2 11.6 48 0 14.4 12.6 5.0 2.5 2 0 2 5 5
-2682.8 4115.1 11.9 229 0 8.2 6.9 7.5 2.5 4 0 3 4 4
-2568.8 4286.8 12.0 150 0 12.2 10.0 7.5 2.5 2 0 3 2 2
-2617.3 4368.5 11.5 152 0 8.8 7.0 7.5 0.0 0 0 3 0 0
-2429.9 4578.7 11.6 55 0 6.6 8.9 7.5 2.5 2 1 3 0 0
-2459.9 4621.9 12.7 237 0 10.5 7.2 7.5 2.5 4 0 3 2 2
-2379.5 4682.4 12.3 246 0 9.0 7.5 2.5 2.5 2 0 1 2 2
-2287.3 4511.8 8.1 55 0 6.8 8.9 7.5 0.0 0 1 3 2 2
-2568.4 4819.0 13.6 50 0 8.9 6.1 7.5 2.5 4 0 3 3 3
-2517.8 4922.2 13.9 57 0 7.5 10.9 5.0 2.5 2 1 2 0 0
-2368.0 5036.5 13.2 57 0 11.7 12.9 7.5 2.5 2 1 3 3 3
-2231.7 5126.4 12.8 50 0 10.4 8.7 7.5 2.5 2 0 3 4 4
-2139.1 5148.0 13.7 253 0 17.9 8.9 7.5 2.5 2 0 3 0 0
-2040.7 5244.2 13.7 64 0 12.9 13.9 7.5 2.5 2 1 3 2 2
-1991.5 5282.3 13.5 46 0 6.8 8.4 7.5 2.5 2 1 3 3 3
-1851.6 5299.4 14.3 77 0 7.1 11.5 7.5 2.5 2 1 3 1 1
-1876.4 5353.3 15.5 48 0 6.4 6.1 10.0 0.0 0 0 4 0 0
-1745.2 5419.6 14.5 62 0 6.6 7.1 7.5 2.5 2 1 3 5 5
-1700.9 5381.4 13.3 260 0 6.0 8.8 5.0 2.5 2 1 2 2 2
-2139.1 5177.9 13.3 65 0 8.0 8.0 7.5 2.5 2 1 3 2 2
-1911.3 4996.8 9.8 238 0 9.6 14.8 7.5 2.5 4 1 3 4 4
-1966.1 4958.3 10.9 242 0 9.9 8.1 5.0 2.5 4 0 2 3 3
-1874.9 5009.5 9.7 235 0 9.6 8.8 5.0 2.5 4 0 2 4 4
-1940.2 5010.8 10.8 58 0 12.0 8.5 5.0 2.5 2 0 2 1 1
-1845.5 5093.9 11.7 328 0 6.5 9.1 5.0 0.0 0 1 2 5 5
-1868.3 5029.5 10.1 235 0 7.7 6.1 10.0 2.5 2 0 4 1 1
-1886.4 5022.2 10.1 238 0 9.6 6.6 5.0 2.5 2 0 2 4 4
-1609.8 4919.2 10.9 52 0 7.6 16.3 2.5 2.5 2 1 1 0 0
-1651.3 4978.1 10.0 232 0 6.8 15.0 7.5 2.5 2 1 3 0 0
-1572.6 5013.3 12.7 320 0 8.5 8.4 10.0 2.5 2 0 4 4 4
-1584.2 4905.1 12.1 238 0 35.3 10.6 12.5 2.5 2 0 5 5 5
-1554.2 4913.4 13.5 245 0 9.8 13.9 7.5 2.5 2 1 3 5 5
-1503.2 5010.5 14.0 144 0 13.2 25.0 7.5 2.5 2 1 3 4 4
-1574.9 4862.2 12.5 53 0 9.3 24.0 2.5 2.5 2 1 1 0 0
-1450.9 5048.6 14.1 64 0 20.6 14.7 7.5 2.5 2 0 3 3 3
-1452.4 5090.6 13.5 248 0 12.1 20.1 2.5 0.0 0 1 1 5 5
-1444.5 5095.4 13.5 223 0 6.8 19.2 5.0 2.5 2 1 2 5 5
-1407.1 5016.5 13.5 255 0 12.4 12.8 7.5 2.5 2 1 3 4 4
-1390.9 4837.6 13.0 69 0 8.8 8.5 2.5 0.0 0 0 1 5 5
-1299.8 4843.7 12.2 147 0 9.2 7.6 7.5 2.5 2 0 3 2 2
-1212.4 4793.9 12.5 59 0 10.8 7.7 7.5 2.5 4 0 3 3 3
-1455.8 5390.1 12.9 309 0 6.3 6.6 7.5 2.5 4 1 3 4 4
-1429.6 5334.6 14.6 133 0 6.8 7.0 10.0 2.5 2 1 4 2 2
-1215.7 5141.9 15.7 336 0 6.8 13.8 7.5 0.0 0 1 3 2 2
-1203.2 5218.5 14.4 50 0 6.5 8.4 7.5 2.5 2 1 3 4 4
-1220.7 5386.4 15.1 320 0 6.1 8.8 7.5 2.5 2 1 3 4 4
-1209.0 5358.3 14.2 52 0 7.2 10.6 10.0 2.5 2 1 4 4 4
-1179.5 5461.1 16.1 231 0 7.9 12.3 5.0 2.5 2 1 2 2 2
-1095.0 5499.4 16.2 144 0 6.5 6.5 7.5 0.0 0 0 3 1 1
-1123.4 5557.1 15.5 331 0 6.6 9.7 10.0 2.5 2 1 4 4 4
-1055.7 4862.9 12.2 144 0 7.9 6.6 5.0 0.0 0 0 2 4 4
-1106.3 4824.8 13.3 228 0 8.3 8.0 7.5 2.5 2 0 3 3 3
-1202.6 4722.1 11.4 326 0 6.6 7.5 7.5 2.5 2 1 3 4 4
-1509.1 4833.0 12.2 322 0 7.3 14.9 7.5 2.5 2 1 3 5 5
-1508.1 4843.6 12.6 239 0 9.2 10.5 7.5 2.5 4 1 3 5 5
-1624.0 4842.3 12.4 56 0 10.0 10.3 7.5 2.5 2 1 3 3 3
-1688.8 4825.9 12.2 240 0 8.1 10.1 5.0 2.5 2 1 2 3 3
-1728.3 4836.2 11.0 56 0 6.7 13.4 7.5 2.5 2 1 3 1 1
-1799.8 4825.4 9.7 54 0 9.4 9.4 7.5 0.0 0 1 3 4 4
-1816.1 4706.3 8.1 59 0 10.8 7.2 10.0 2.5 2 0 4 1 1
-2007.0 4671.4 10.7 62 0 12.7 27.7 7.5 2.5 2 1 3 5 5
-1954.7 4679.9 9.1 58 0 8.2 9.6 5.0 2.5 2 1 2 2 2
-1996.9 4595.8 8.8 61 0 8.6 15.1 5.0 2.5 2 1 2 1 1
-1947.9 4660.3 9.1 236 0 8.4 11.3 7.5 2.5 2 1 3 0 0
-2048.4 4541.9 7.9 327 0 8.4 8.4 7.5 0.0 0 1 3 0 0
-2068.1 4606.3 8.7 55 0 8.8 11.8 5.0 2.5 2 1 2 0 0
-2065.0 4773.8 11.5 157 0 14.4 13.3 5.0 2.5 2 0 2 3 3
-2045.5 4660.3 10.3 242 0 12.1 11.9 7.5 2.5 2 0 3 5 5
-2032.3 4751.2 11.7 0 0 8.6 7.7 7.5 2.5 2 0 3 0 0
-1990.7 4685.2 10.3 62 0 8.3 6.8 7.5 2.5 2 0 3 5 5
-2019.9 4959.7 13.9 55 0 7.6 12.4 5.0 2.5 2 1 2 1 1
-2715.4 4520.6 13.0 141 0 9.0 9.3 5.0 2.5 2 1 2 4 4
-2733.3 4570.1 12.9 131 0 8.7 6.8 5.0 2.5 2 0 2 3 3
-2645.1 4542.5 12.9 63 0 9.3 8.4 7.5 2.5 2 0 3 3 3
-2817.4 4621.0 12.3 327 0 12.6 8.5 10.0 2.5 2 0 4 0 0
-2806.2 4427.3 9.7 53 0 11.1 11.0 7.5 0.0 0 0 3 2 2
-2804.3 4451.2 9.9 312 0 7.3 6.5 5.0 2.5 2 0 2 2 2
-2827.3 4358.6 9.2 228 0 7.7 8.1 7.5 2.5 2 1 3 4 4
-3134.0 4414.9 13.8 234 0 6.9 11.8 7.5 2.5 2 1 3 5 5
-3114.0 4305.2 9.8 314 0 13.3 6.9 7.5 2.5 2 0 3 1 1
-3192.3 4393.2 12.7 45 0 7.8 7.1 2.5 2.5 2 0 1 0 0
-3158.7 4169.4 9.8 31 0 14.1 21.6 10.0 2.5 2 1 4 5 5
-2792.6 4073.0 10.9 35 0 14.6 14.7 7.5 2.5 2 1 3 1 1
-2749.5 4033.2 11.3 33 0 11.2 9.8 7.5 2.5 2 0 3 5 5
-3142.2 3561.7 7.0 304 0 21.7 15.1 12.5 2.5 2 0 5 2 2
-3097.9 3704.4 5.9 30 0 9.3 10.8 5.0 2.5 4 1 2 2 2
-3194.1 3806.4 7.2 228 0 6.4 9.1 5.0 2.5 2 1 2 0 0
-3168.8 3651.3 6.2 222 0 6.6 6.9 5.0 2.5 4 1 2 2 2
-3110.4 4089.9 9.0 212 0 6.4 8.2 10.0 2.5 2 1 4 2 2
-2926.3 3858.3 4.5 125 0 6.6 34.9 12.5 2.5 4 1 5 4 4
-1556.8 2146.6 9.7 249 0 6.4 8.6 10.0 2.5 2 1 4 4 4
-1463.8 1952.4 11.5 72 0 6.6 6.8 7.5 2.5 2 1 3 2 2
-1346.6 1978.7 11.3 319 0 6.2 6.6 7.5 0.0 0 1 3 0 0
-1103.4 2211.9 12.1 64 0 8.2 6.3 7.5 2.5 2 0 3 0 0
-1169.0 2191.4 11.6 183 0 7.3 10.3 7.5 2.5 2 1 3 5 5
-1134.3 2136.4 13.4 140 0 19.1 11.6 5.0 2.5 2 0 2 2 2
-1630.1 2046.5 8.3 353 0 6.5 7.6 7.5 2.5 2 1 3 2 2
-3223.8 3455.8 7.1 30 0 12.2 21.8 7.5 2.5 4 1 3 3 3
-3197.0 4304.4 9.9 41 0 7.0 8.3 7.5 2.5 2 1 3 5 5
3322.9 -5590.0 -25.7 124 0 10.5 9.1 7.5 2.5 2 0 3 4 4
3340.9 -5568.6 -25.5 306 0 7.2 14.1 5.0 2.5 2 1 2 4 4
3283.3 -5372.0 -21.7 222 0 12.3 7.5 7.5 2.5 2 0 3 0 0
3625.0 -5172.5 -23.8 132 0 9.9 9.5 7.5 2.5 2 0 3 1 1
3653.8 -5145.6 -24.2 39 0 8.7 10.5 10.0 2.5 2 1 4 1 1
3469.6 -5425.0 -25.1 26 0 9.5 10.2 7.5 2.5 2 1 3 2 2
4354.2 -3505.2 -17.6 119 0 15.2 8.1 7.5 2.5 2 0 3 2 2
4382.1 -3483.7 -17.9 305 0 15.4 8.7 7.5 2.5 2 0 3 5 5
4400.7 -3500.7 -18.7 38 0 7.3 12.9 2.5 0.0 0 1 1 3 3
4418.8 -3564.4 -19.0 304 0 15.8 10.8 7.5 2.5 2 0 3 3 3
4377.8 -3609.2 -19.1 217 0 8.6 23.7 10.0 2.5 2 1 4 0 0
4097.0 -4408.7 -22.8 129 0 9.2 11.4 5.0 2.5 2 1 2 5 5
-3361.6 3259.6 5.7 359 0 8.5 6.1 5.0 2.5 2 0 2 1 1
-3420.6 3281.1 6.2 223 0 8.9 6.0 5.0 2.5 2 0 2 3 3
-3382.4 3350.0 6.8 43 0 6.6 10.2 7.5 2.5 2 1 3 1 1
-3360.5 3326.8 6.6 221 0 6.9 17.3 2.5 2.5 2 1 1 5 5
4129.4 -4528.4 -22.7 38 0 16.5 28.8 7.5 2.5 2 1 3 3 3
