-6344.1 2934.6 -10.6 239 0 12.1 11.5 7.5 2.5 2 0 3 2 2
-6104.0 2974.8 -13.2 160 0 8.8 35.2 10.0 2.5 2 0 4 3 3
-6037.0 2950.3 -12.9 68 0 9.9 34.3 10.0 2.5 2 0 4 2 2
-6082.7 2931.7 -13.8 69 0 8.3 32.8 7.5 2.5 2 0 3 0 0
-6110.6 2972.5 -13.3 250 0 8.7 14.3 5.0 2.5 2 0 2 1 1
-6103.4 2941.0 -13.9 159 0 32.7 8.9 7.5 2.5 2 0 3 4 4
-6059.9 2941.5 -13.7 70 0 30.6 8.5 10.0 2.5 2 0 4 5 5
-6105.5 3387.6 -16.1 66 0 9.6 26.7 7.5 2.5 2 1 3 2 2
-5882.7 2677.0 -7.0 68 0 8.8 14.7 2.5 0.0 0 1 1 1 1
-3689.6 -2006.1 5.3 261 0 35.0 9.7 12.5 2.5 2 0 5 5 5
-3708.2 -2063.6 7.8 162 0 24.8 9.6 5.0 2.5 4 0 2 3 3
-3718.5 -2015.8 7.1 253 0 8.2 29.3 7.5 2.5 2 1 3 3 3
-2758.2 -4883.9 -5.3 77 0 9.2 27.1 7.5 2.5 2 1 3 5 5
6846.4 -6848.7 4.9 232 0 9.7 8.5 5.0 2.5 2 0 2 3 3
