609.6 -4262.9 -2.2 67 0 29.5 11.4 10.0 2.5 2 0 4 4 4
5309.3 2803.0 4.3 158 0 25.8 48.2 14.0 0.0 0 0 4 1 1
5259.4 2922.2 2.8 244 0 8.3 26.3 14.0 3.5 2 0 4 1 1
5275.6 2928.8 2.1 242 0 9.4 25.1 14.0 3.5 2 0 4 5 5
5311.1 2758.7 5.1 155 0 10.0 36.4 14.0 3.5 2 0 4 3 3
5408.8 2793.3 4.9 65 0 18.1 10.8 14.0 3.5 2 0 4 4 4
5432.5 2807.2 4.7 47 0 20.8 11.0 14.0 3.5 2 0 4 1 1
5097.4 3034.0 2.9 243 0 12.5 31.4 10.0 2.5 2 1 4 2 2
5107.1 2938.5 3.2 246 0 8.4 28.8 14.0 3.5 2 0 4 4 4
5096.9 2927.8 3.2 242 0 11.4 23.0 14.0 3.5 2 0 4 4 4
5083.6 2902.4 3.1 153 0 34.6 9.1 14.0 3.5 2 0 4 3 3
5070.9 2895.3 3.0 153 0 36.3 10.8 14.0 3.5 2 0 4 1 1
5100.9 2838.4 5.1 156 0 18.3 34.0 14.0 0.0 0 0 4 4 4
5146.6 2793.3 5.2 338 0 11.5 27.8 14.0 3.5 2 0 4 5 5
5143.5 2859.2 4.5 63 0 8.8 36.9 14.0 3.5 2 0 4 5 5
5157.1 2841.0 6.2 334 0 37.7 11.2 14.0 0.0 0 0 4 1 1
5150.0 2951.2 3.9 246 0 16.4 56.0 14.0 3.5 2 1 4 5 5
5193.6 2909.8 3.5 65 0 16.3 57.3 14.0 3.5 2 1 4 2 2
5781.7 1317.8 -10.3 249 0 16.9 45.2 10.0 2.5 4 1 4 3 3
5848.9 1427.3 -11.2 347 0 10.6 43.2 12.5 2.5 2 1 5 5 5
5810.5 1383.1 -11.7 157 0 27.0 15.6 7.5 2.5 2 0 3 5 5
5862.6 1386.8 -10.7 69 0 14.0 26.8 7.5 2.5 2 1 3 2 2
5785.7 1252.5 -9.2 156 0 19.4 14.3 7.5 2.5 2 0 3 3 3
5954.4 1433.9 -8.2 248 0 25.4 32.3 10.0 0.0 0 1 4 4 4
6014.6 1452.7 -7.3 250 0 87.0 27.3 10.0 0.0 0 0 4 3 3
6476.7 3218.7 -0.4 89 0 6.2 8.8 5.0 2.5 2 1 2 0 0
6446.6 3222.9 0.2 95 0 7.0 13.1 5.0 0.0 0 1 2 1 1
6400.9 3237.5 -0.8 259 0 11.9 8.1 5.0 2.5 2 0 2 1 1
568.5 -4369.7 -6.6 312 0 8.7 14.6 2.5 2.5 2 1 1 0 0
531.5 -4234.3 -1.1 224 0 12.3 30.3 7.5 2.5 4 1 3 2 2
562.0 -4268.8 -1.4 154 0 11.0 14.7 7.5 2.5 2 1 3 0 0
648.8 -4244.6 -2.7 69 0 14.3 6.1 10.0 2.5 2 0 4 4 4
542.6 -4351.9 -4.8 161 0 19.2 7.4 7.5 2.5 4 0 3 4 4
