3097.8 6785.8 14.4 53 0 10.4 78.1 12.5 0.0 0 0 5 0 0
3177.5 6744.6 14.8 230 0 12.8 27.9 7.5 2.5 2 0 3 0 0
3196.4 6675.1 14.5 52 0 28.8 11.9 12.5 2.5 2 0 5 1 1
3234.9 6741.9 15.7 325 0 10.7 30.3 12.5 2.5 2 0 5 5 5
3105.0 6666.6 13.0 232 0 12.2 30.5 7.5 2.5 2 0 3 1 1
3184.9 6636.8 13.4 50 0 10.7 26.0 10.0 2.5 2 0 4 5 5
3240.1 6774.7 16.7 315 0 23.9 12.7 7.5 2.5 2 0 3 3 3
3138.5 6610.7 12.1 143 0 21.5 13.4 10.0 2.5 2 0 4 4 4
3199.8 6806.0 16.0 135 0 28.5 13.1 7.5 2.5 2 0 3 0 0
3184.8 6768.9 15.0 225 0 23.1 10.3 2.5 0.0 0 0 1 3 3
3142.0 6693.1 14.2 233 0 12.4 28.7 10.0 2.5 2 1 4 3 3
-3257.1 -6182.1 -24.9 166 0 8.7 23.3 5.0 2.5 4 1 2 4 4
-3373.9 -6501.0 -22.8 111 0 10.1 32.4 10.0 2.5 2 1 4 3 3
-3386.5 -6479.8 -23.2 199 0 21.2 9.9 7.5 2.5 2 0 3 4 4
1617.4 5730.6 10.6 303 0 34.6 15.8 7.5 2.5 2 0 3 2 2
1577.1 5757.3 10.8 303 0 34.6 15.8 10.0 2.5 2 0 4 4 4
1571.4 5788.8 12.9 20 0 27.3 16.9 10.0 0.0 0 0 4 0 0
1594.3 5810.2 11.5 54 0 19.6 17.9 10.0 2.5 2 0 4 5 5
1627.6 5820.8 10.3 117 0 8.3 15.0 7.5 2.5 2 1 3 5 5
