49.5 6761.7 11.5 189 0 20.5 9.7 7.5 2.5 2 0 3 3 3
-4069.4 6454.4 -14.1 92 0 9.3 17.2 5.0 2.5 2 0 2 2 2
-4069.3 6523.6 -14.3 184 0 10.7 15.1 5.0 0.0 0 0 2 3 3
-4009.6 6533.4 -13.6 272 0 12.8 12.3 2.5 2.5 2 0 1 5 5
-3989.8 6302.0 -11.2 287 0 11.1 20.2 5.0 0.0 0 1 2 5 5
-3986.4 6265.8 -11.1 30 0 10.6 14.8 2.5 0.0 0 1 1 4 4
-3990.6 6207.4 -9.7 207 0 19.4 11.9 5.0 2.5 2 0 2 5 5
-3968.0 6243.3 -10.3 225 0 18.9 12.9 5.0 2.5 2 0 2 5 5
-3923.3 6311.1 -11.0 184 0 15.0 9.5 2.5 2.5 2 0 1 3 3
-3916.9 6371.0 -11.7 179 0 15.1 12.7 5.0 2.5 2 0 2 1 1
-3914.0 6408.3 -10.9 181 0 12.9 17.6 5.0 2.5 2 1 2 1 1
-3781.1 6450.9 -15.7 91 0 14.3 14.0 7.5 0.0 0 0 3 2 2
-3763.5 6477.2 -17.0 271 0 14.8 13.6 5.0 2.5 2 0 2 1 1
-3854.7 6487.3 -14.9 271 0 11.0 9.3 7.5 2.5 4 0 3 0 0
-3878.3 6483.5 -13.5 272 0 10.9 9.5 7.5 2.5 2 0 3 4 4
-3906.4 6553.3 -13.6 25 0 12.7 14.8 2.5 0.0 0 1 1 5 5
-3954.4 6615.0 -14.7 269 0 11.5 16.9 5.0 2.5 2 1 2 4 4
-3894.7 6603.1 -14.6 359 0 15.8 12.5 5.0 2.5 2 0 2 0 0
-3878.0 6661.4 -16.7 359 0 16.7 10.8 5.0 2.5 2 0 2 5 5
-3893.8 6719.2 -18.6 359 0 14.2 11.1 5.0 0.0 0 0 2 2 2
-3762.5 6507.4 -19.5 89 0 11.3 10.4 5.0 2.5 2 0 2 0 0
-3764.4 6695.5 -18.0 270 0 9.5 10.5 5.0 2.5 2 1 2 0 0
-3792.7 6705.5 -17.7 180 0 7.5 10.9 2.5 2.5 2 1 1 4 4
-3815.3 6693.9 -17.7 0 0 8.0 11.9 5.0 0.0 0 1 2 3 3
-3828.9 6730.4 -18.5 272 0 10.3 9.2 7.5 2.5 2 0 3 4 4
-3858.9 6723.2 -18.5 179 0 17.0 15.1 10.0 2.5 2 0 4 4 4
-3859.8 6701.5 -17.8 180 0 16.1 13.1 5.0 2.5 2 0 2 1 1
-3803.8 6625.7 -15.7 16 0 11.6 15.1 5.0 2.5 4 1 2 0 0
-3818.5 6504.7 -18.0 89 0 7.8 12.6 5.0 0.0 0 1 2 4 4
-3835.0 6510.8 -18.1 91 0 13.7 13.5 7.5 0.0 0 0 3 0 0
-3895.0 6506.6 -14.7 111 0 15.4 9.4 7.5 2.5 2 0 3 1 1
-3882.1 6554.6 -16.8 201 0 13.7 14.9 7.5 2.5 2 1 3 0 0
-3868.9 6507.8 -16.7 90 0 17.0 16.8 10.0 0.0 0 0 4 4 4
