2824.3 -4296.7 4.6 270 0 8.4 32.1 10.0 2.5 2 0 4 5 5
2684.9 -4378.2 5.9 93 0 13.1 13.8 2.5 2.5 2 0 1 2 2
2746.3 -4327.5 5.4 0 0 9.0 22.5 12.5 0.0 0 0 5 4 4
2755.8 -4324.8 5.9 180 0 17.9 11.2 5.0 2.5 2 0 2 1 1
2757.4 -4352.6 6.2 180 0 19.3 17.3 10.0 2.5 2 0 4 4 4
2756.5 -4298.8 4.2 179 0 20.9 9.8 5.0 2.5 2 0 2 0 0
1535.9 -3023.5 -2.3 101 0 12.7 8.3 7.5 0.0 0 0 3 5 5
1636.8 -3013.3 -5.4 228 0 14.4 11.1 7.5 2.5 2 0 3 2 2
1607.0 -3075.6 -4.2 25 0 11.3 6.8 5.0 2.5 4 0 2 5 5
1532.9 -3214.2 -8.7 214 0 9.5 11.4 7.5 0.0 0 1 3 4 4
1461.6 -3230.3 -9.9 114 0 7.4 13.6 7.5 2.5 2 1 3 4 4
1524.3 -3280.9 -9.6 24 0 10.0 7.8 7.5 2.5 2 0 3 1 1
1519.5 -3156.1 -5.9 299 0 7.1 14.8 7.5 2.5 2 1 3 1 1
1485.7 -3213.7 -9.3 25 0 16.2 12.6 5.0 2.5 2 0 2 2 2
5921.5 -3105.5 0.4 164 0 15.3 11.4 5.0 2.5 2 0 2 1 1
5937.7 -3055.3 2.9 47 0 10.4 15.1 7.5 2.5 2 1 3 4 4
6004.7 -3021.3 5.4 156 0 9.3 13.9 7.5 2.5 2 1 3 4 4
6216.1 -2923.7 4.9 138 0 10.4 22.2 10.0 2.5 2 1 4 0 0
