-4908.3 3929.0 13.2 298 0 9.0 8.5 7.5 2.5 2 0 3 4 4
3679.3 -1001.7 1.9 199 0 20.0 6.4 5.0 0.0 0 0 2 0 0
3672.5 -954.9 2.6 109 0 25.8 7.5 5.0 2.5 2 0 2 4 4
3526.5 -520.7 2.4 245 0 133.9 103.8 10.0 0.0 0 0 4 2 2
3678.6 -778.0 2.1 247 0 38.1 31.0 12.5 2.5 2 0 5 3 3
3606.4 -704.4 2.1 66 0 17.6 26.7 7.5 2.5 4 1 3 0 0
3605.2 -662.4 2.7 1 0 20.4 53.8 12.5 2.5 2 1 5 0 0
3554.2 -719.9 1.0 158 0 25.3 42.6 10.0 0.0 0 1 4 2 2
3707.9 -836.1 2.4 67 0 12.3 22.8 15.0 0.0 0 1 6 2 2
6115.7 -5371.0 -20.5 70 0 14.6 9.3 7.5 2.5 2 0 3 1 1
5991.0 -5210.2 -21.3 270 0 13.5 7.8 5.0 2.5 2 0 2 0 0
6001.8 -5236.3 -20.6 4 0 6.1 10.0 7.5 2.5 2 1 3 1 1
5989.9 -5132.4 -21.2 92 0 10.1 8.4 10.0 0.0 0 0 4 4 4
3886.4 -1105.9 2.8 292 0 6.2 9.0 5.0 2.5 2 1 2 0 0
3851.5 -1096.1 2.8 201 0 11.2 15.7 10.0 2.5 2 1 4 0 0
3995.8 -1594.5 -2.3 292 0 23.7 10.9 2.5 2.5 2 0 1 5 5
3116.3 -5473.4 -10.5 186 0 13.4 14.1 10.0 2.5 2 1 4 3 3
