-6445.7 -6453.1 -11.9 137 0 9.5 9.7 7.5 2.5 2 0 3 0 0
-6442.5 -6271.8 -9.4 232 0 7.9 17.6 2.5 2.5 2 0 1 3 3
-6371.7 -6166.2 -7.1 214 0 13.6 18.7 10.0 2.5 2 0 4 1 1
-6485.4 -6403.9 -12.7 231 0 6.1 9.2 5.0 2.5 2 0 2 1 1
-6311.3 -6148.0 -6.3 43 0 12.6 13.4 7.5 2.5 2 0 3 5 5
-6428.2 -6324.1 -9.8 42 0 11.9 14.0 10.0 2.5 2 1 4 4 4
-6250.2 -6009.8 -7.4 227 0 10.0 18.6 5.0 2.5 2 0 2 3 3
-6379.7 -6216.1 -7.9 31 0 12.5 10.0 5.0 2.5 2 0 2 0 0
-6504.2 -6426.5 -13.6 325 0 8.9 11.7 10.0 2.5 2 1 4 4 4
-6247.5 -6053.1 -6.0 36 0 18.3 14.6 10.0 2.5 2 0 4 1 1
-6199.6 -5985.2 -8.0 25 0 9.4 18.2 7.5 2.5 2 1 3 0 0
-6309.5 -6393.6 -9.3 326 0 10.2 8.9 5.0 2.5 2 0 2 3 3
-6549.4 -6377.4 -13.1 120 0 7.4 9.3 5.0 2.5 2 1 2 1 1
-6457.7 -6167.0 -8.2 33 0 9.8 13.1 10.0 0.0 0 1 4 3 3
-6188.8 -5945.9 -8.5 28 0 9.5 16.2 7.5 2.5 2 1 3 5 5
-6210.8 -6004.5 -7.3 36 0 10.8 11.3 5.0 2.5 2 1 2 4 4
-6468.2 -6354.2 -10.9 58 0 13.0 11.8 7.5 2.5 2 0 3 4 4
-6495.3 -6435.6 -13.4 325 0 13.5 11.4 7.5 2.5 2 0 3 4 4
-6302.9 -6126.1 -6.3 44 0 10.0 10.8 7.5 2.5 4 1 3 2 2
-6473.8 -6434.8 -12.7 137 0 8.2 19.7 2.5 2.5 2 1 1 3 3
-6387.4 -6334.8 -9.6 299 0 14.4 14.1 7.5 2.5 2 0 3 4 4
-6908.4 6852.3 -12.8 149 0 12.3 18.6 10.0 2.5 2 1 4 5 5
-4701.5 5836.6 -8.7 13 0 14.6 10.3 7.5 2.5 2 0 3 4 4
-4721.9 5764.5 -8.3 13 0 10.9 6.3 7.5 2.5 2 0 3 3 3
-4732.3 5737.7 -8.4 12 0 16.1 8.4 7.5 2.5 4 0 3 4 4
-3980.9 2022.2 3.8 166 0 12.3 13.8 10.0 2.5 2 1 4 3 3
-3999.2 1973.8 4.0 335 0 13.8 9.9 5.0 2.5 2 0 2 1 1
-3991.5 1958.2 4.0 337 0 12.2 18.1 7.5 0.0 0 1 3 5 5
-3986.4 1933.1 4.3 337 0 20.7 13.1 5.0 0.0 0 0 2 3 3
-4027.0 2057.3 3.8 157 0 9.7 38.1 7.5 2.5 2 1 3 3 3
-4019.1 2039.8 4.1 156 0 11.6 14.7 7.5 2.5 2 1 3 2 2
-3977.3 2052.6 3.8 338 0 10.0 20.0 7.5 2.5 2 1 3 1 1
-3959.5 1910.6 5.3 337 0 11.3 17.2 7.5 2.5 2 1 3 5 5
-3970.4 1927.4 5.2 335 0 8.6 9.9 5.0 2.5 2 1 2 2 2
-4002.7 2010.7 4.0 149 0 19.3 20.5 7.5 2.5 2 1 3 4 4
-3980.1 1999.0 3.9 155 0 12.2 15.8 5.0 2.5 2 1 2 3 3
-3935.8 1941.1 5.5 156 0 8.4 10.5 7.5 2.5 4 1 3 5 5
-3945.4 1852.1 5.3 99 0 13.3 15.9 10.0 2.5 2 1 4 1 1
-3927.0 1896.8 5.6 152 0 17.1 24.9 10.0 2.5 2 1 4 2 2
-3552.2 1838.1 2.7 357 0 8.0 8.2 7.5 2.5 2 1 3 3 3
-3606.6 1837.8 2.5 286 0 11.1 9.4 10.0 2.5 2 0 4 0 0
-3552.6 1783.5 4.1 15 0 11.0 18.1 2.5 2.5 2 1 1 5 5
-3577.4 1805.5 3.4 92 0 6.4 10.5 2.5 2.5 2 1 1 2 2
-3593.1 1785.4 3.5 98 0 11.0 22.8 10.0 2.5 2 1 4 1 1
-3607.2 1780.1 3.8 103 0 11.5 15.0 7.5 2.5 2 1 3 2 2
-3650.8 1802.5 2.7 101 0 17.5 22.7 10.0 2.5 2 1 4 2 2
-3628.2 1795.3 3.3 101 0 14.5 12.0 5.0 2.5 2 0 2 2 2
-3631.3 1766.1 4.4 284 0 12.6 11.2 5.0 2.5 2 0 2 4 4
-3646.3 1759.7 4.3 300 0 11.2 28.0 10.0 2.5 2 1 4 0 0
-3669.6 1758.6 4.2 292 0 11.0 17.7 10.0 2.5 2 1 4 1 1
-3683.2 1796.3 3.1 100 0 17.1 17.2 10.0 2.5 2 1 4 1 1
-3695.1 1777.6 3.9 283 0 13.1 20.3 10.0 2.5 2 1 4 1 1
-3703.0 1802.2 3.3 100 0 11.6 8.9 7.5 2.5 2 0 3 3 3
-3717.8 1808.1 3.0 101 0 10.9 16.3 5.0 2.5 2 1 2 5 5
-3722.7 1784.2 3.8 284 0 20.9 15.5 10.0 2.5 2 0 4 1 1
-3757.9 1792.6 3.8 282 0 7.5 12.1 7.5 2.5 2 1 3 5 5
-3741.6 1811.4 3.3 98 0 6.4 8.9 10.0 2.5 2 1 4 1 1
-3737.8 1842.4 2.6 274 0 9.2 14.1 7.5 2.5 2 1 3 0 0
-3758.7 1812.7 2.9 101 0 9.9 22.9 2.5 2.5 2 1 1 3 3
-3789.9 1758.4 4.8 21 0 17.6 17.8 7.5 0.0 0 1 3 3 3
-3843.0 1805.9 4.4 294 0 10.5 15.6 5.0 0.0 0 1 2 2 2
-3825.2 1793.0 4.5 296 0 15.6 12.5 5.0 2.5 2 0 2 4 4
-3811.0 1901.3 3.4 279 0 14.0 21.8 12.5 2.5 2 1 5 3 3
-3818.6 1823.6 4.0 100 0 12.4 25.8 5.0 2.5 2 1 2 3 3
-3858.6 1832.9 4.8 100 0 15.9 16.8 7.5 2.5 2 1 3 0 0
-3854.5 1812.9 4.4 291 0 6.5 15.5 7.5 2.5 2 1 3 1 1
-3876.1 1820.1 4.6 283 0 7.0 19.1 5.0 2.5 4 1 2 3 3
-3916.9 1882.2 5.5 150 0 10.6 15.5 7.5 2.5 2 1 3 3 3
-3906.5 1861.9 5.4 159 0 10.7 11.2 2.5 2.5 2 1 1 4 4
