-3764.2 -3877.9 -11.1 9 0 9.5 37.5 5.0 2.5 2 1 2 2 2
-3807.1 -3874.0 -11.8 100 0 10.3 34.2 2.5 2.5 2 1 1 2 2
-3795.9 -3806.4 -12.4 279 0 9.5 33.2 2.5 2.5 2 1 1 5 5
-3717.3 -3871.4 -11.4 16 0 12.5 22.0 7.5 2.5 2 0 3 4 4
-2008.4 -1974.9 -5.2 296 0 11.6 25.7 10.0 2.5 2 0 4 3 3
-2000.5 -2017.9 -5.1 17 0 6.3 14.2 5.0 0.0 0 1 2 2 2
-4122.9 -3973.7 -12.5 181 0 34.7 9.7 2.5 2.5 2 0 1 5 5
-4071.0 -3990.5 -12.1 90 0 32.9 8.4 7.5 2.5 4 0 3 1 1
-2826.0 -4201.5 -7.4 199 0 12.9 40.1 10.5 3.5 2 0 3 1 1
-2829.3 -4224.3 -7.5 199 0 10.1 21.7 10.5 3.5 2 0 3 4 4
-3009.9 -4028.7 -9.4 159 0 9.2 51.0 10.5 3.5 2 0 3 3 3
-340.8 -4862.2 7.3 114 0 23.9 9.2 2.5 2.5 2 0 1 0 0
-5681.5 3538.0 1.1 9 0 49.5 10.9 10.0 2.5 2 0 4 1 1
-5678.4 3572.5 1.2 21 0 16.0 7.6 5.0 2.5 4 0 2 2 2
-3447.9 3188.6 -2.3 187 0 8.0 18.6 7.5 2.5 2 1 3 1 1
-2514.6 -4290.8 -4.5 36 0 7.9 7.0 10.5 0.0 0 0 3 4 4
-3020.3 -4053.8 -9.3 173 0 6.4 6.8 10.5 3.5 2 0 3 3 3
-3074.1 -4092.6 -8.9 187 0 12.2 8.1 10.5 3.5 2 0 3 5 5
-2531.9 -4285.3 -4.6 188 0 6.3 9.9 10.5 3.5 2 1 3 3 3
-2983.9 -4062.4 -8.6 200 0 12.5 13.1 10.5 3.5 2 0 3 5 5
-2952.3 -4113.9 -8.3 291 0 14.8 19.1 10.5 3.5 2 0 3 0 0
-2531.9 -4274.0 -4.9 189 0 7.9 10.9 10.5 3.5 2 1 3 4 4
-2665.0 -4090.2 -7.7 295 0 11.3 16.9 10.5 3.5 2 0 3 4 4
-3096.1 -4029.0 -9.6 277 0 17.6 17.1 10.5 3.5 2 0 3 1 1
-3124.6 -3985.3 -9.1 278 0 9.2 18.8 10.5 3.5 2 0 3 4 4
-2747.7 -4075.9 -6.8 215 0 13.2 8.6 10.5 3.5 2 0 3 3 3
-3140.5 -4038.2 -9.6 96 0 13.4 15.2 10.5 3.5 2 0 3 5 5
-3080.9 -4037.2 -9.5 278 0 8.0 12.3 10.5 3.5 2 0 3 3 3
-2844.3 -4196.7 -7.3 98 0 8.6 13.6 10.5 3.5 2 0 3 2 2
-2874.0 -4190.9 -7.3 103 0 8.0 11.9 10.5 3.5 2 0 3 2 2
-2729.8 -4057.5 -6.8 225 0 13.3 10.8 10.5 3.5 2 0 3 5 5
-2946.9 -4068.3 -8.2 16 0 17.3 13.7 10.5 3.5 2 0 3 3 3
-2745.1 -4051.1 -7.0 27 0 10.3 10.5 10.5 3.5 2 0 3 1 1
-3303.4 -3972.3 -9.7 9 0 15.2 34.9 10.5 3.5 4 1 3 0 0
-2917.7 -4077.5 -7.8 27 0 10.0 9.2 10.5 3.5 2 0 3 2 2
-2914.5 -4180.4 -7.6 112 0 9.2 12.0 10.5 3.5 2 0 3 2 2
-3339.5 -3925.1 -10.3 278 0 7.7 9.2 10.5 3.5 2 1 3 5 5
-3324.1 -3947.0 -10.1 17 0 15.9 15.9 10.5 3.5 2 0 3 0 0
-3025.0 -3962.1 -10.3 216 0 26.5 9.5 10.5 3.5 2 0 3 2 2
-2923.8 -4152.6 -7.8 202 0 8.5 23.0 10.5 3.5 2 0 3 4 4
-3370.0 -3958.5 -10.1 181 0 8.9 19.3 10.5 0.0 0 1 3 1 1
-3408.3 -3929.3 -11.2 92 0 8.4 16.0 10.5 3.5 2 1 3 5 5
-2976.3 -4194.1 -8.0 128 0 12.0 14.2 10.5 3.5 2 0 3 5 5
-2829.1 -4155.0 -7.1 284 0 6.0 16.4 10.5 3.5 2 0 3 5 5
-2973.4 -3972.9 -10.7 302 0 7.2 8.4 10.5 3.5 2 0 3 1 1
-2832.9 -4116.0 -7.0 111 0 7.7 15.8 10.5 3.5 2 0 3 5 5
-2877.7 -4146.8 -7.2 207 0 12.6 7.2 10.5 3.5 2 0 3 0 0
-2903.0 -4127.4 -7.7 289 0 11.1 15.4 10.5 3.5 2 0 3 0 0
-3404.7 -3860.5 -12.1 178 0 15.5 7.9 10.5 3.5 2 0 3 3 3
-2830.8 -4179.3 -7.2 284 0 6.0 6.2 10.5 3.5 2 0 3 0 0
-2839.2 -4038.7 -7.7 206 0 10.2 8.1 10.5 3.5 2 0 3 1 1
-2907.5 -4084.9 -7.8 202 0 10.2 14.7 10.5 3.5 2 0 3 0 0
-3030.4 -4089.7 -9.1 277 0 11.1 17.8 10.5 3.5 2 0 3 5 5
-2879.8 -4096.8 -7.4 201 0 14.6 20.5 10.5 3.5 2 0 3 1 1
-2934.2 -4214.5 -7.8 111 0 15.6 32.6 10.5 3.5 2 0 3 3 3
-2701.7 -4056.4 -6.6 219 0 8.0 7.3 10.5 3.5 2 0 3 3 3
-2651.9 -4152.8 -7.9 19 0 10.2 10.6 10.5 3.5 4 1 3 1 1
-3220.6 -4417.5 -5.3 297 0 13.1 13.7 14.0 3.5 2 1 4 3 3
2160.9 -5609.3 5.8 187 0 33.8 9.5 2.5 2.5 2 0 1 0 0
2208.4 -5650.4 6.0 278 0 34.9 8.7 2.5 2.5 2 0 1 2 2
3429.0 -1084.1 4.3 249 0 23.6 9.9 3.5 2.5 2 0 1 1 1
6660.5 -6531.5 -5.2 253 0 7.8 6.0 7.5 0.0 0 0 3 4 4
6825.5 -6440.9 -7.4 104 0 10.0 33.0 12.5 2.5 2 1 5 4 4
6910.1 -6480.1 -8.2 90 0 12.9 32.7 10.0 2.5 2 1 4 4 4
6911.5 -6484.8 -8.4 270 0 13.5 42.8 10.0 2.5 2 1 4 2 2
1155.0 -5544.0 2.4 293 0 7.3 9.1 7.5 2.5 2 1 3 2 2
2745.8 -378.0 -1.2 248 0 10.2 7.9 5.0 0.0 0 0 2 5 5
3031.0 -236.3 0.1 356 0 9.4 7.6 2.5 2.5 2 0 1 3 3
3066.9 -385.1 3.2 331 0 6.7 10.3 7.5 2.5 2 1 3 5 5
3020.4 -178.3 -1.2 175 0 9.8 7.1 7.5 0.0 0 0 3 1 1
2927.1 -131.5 -2.2 186 0 11.6 7.1 7.5 2.5 2 0 3 4 4
3884.1 1253.8 9.5 185 0 10.7 15.5 7.5 2.5 2 1 3 0 0
3937.9 1307.4 8.5 150 0 7.6 8.2 7.5 2.5 2 1 3 1 1
3812.6 1562.1 8.9 176 0 8.9 11.0 7.5 2.5 2 1 3 1 1
3575.9 1981.1 7.5 186 0 7.2 16.1 10.0 2.5 2 1 4 2 2
3611.2 2050.0 6.8 185 0 8.7 8.1 5.0 2.5 4 0 2 3 3
3649.3 1962.5 5.6 97 0 22.4 8.6 5.0 0.0 0 0 2 3 3
3827.3 1798.4 5.1 175 0 6.2 8.5 5.0 2.5 2 1 2 4 4
3836.1 1825.4 4.8 270 0 10.1 6.7 5.0 2.5 2 0 2 4 4
4159.5 1872.9 3.4 11 0 16.3 14.1 7.5 2.5 2 0 3 1 1
4301.5 1858.1 5.0 22 0 6.3 9.6 10.0 2.5 4 1 4 3 3
4357.2 1581.7 5.0 8 0 16.1 15.7 7.5 2.5 2 0 3 1 1
4296.2 1751.4 6.6 207 0 9.2 10.2 2.5 2.5 4 1 1 0 0
4635.0 2247.2 6.2 91 0 11.7 8.1 7.5 2.5 2 0 3 2 2
4460.5 2318.7 4.7 284 0 7.4 8.0 10.0 2.5 2 1 4 3 3
4992.6 3455.0 5.4 107 0 12.5 8.3 7.5 2.5 2 0 3 1 1
5157.9 3418.9 6.1 96 0 7.1 11.3 10.0 2.5 2 1 4 5 5
5095.2 3633.3 7.2 75 0 21.9 11.2 7.5 2.5 2 0 3 2 2
5379.0 3619.6 4.8 300 0 7.4 8.9 10.0 2.5 4 1 4 4 4
5447.6 3377.9 3.9 292 0 8.1 8.6 7.5 2.5 2 1 3 5 5
5535.3 3454.1 3.9 194 0 9.2 7.9 10.0 2.5 2 0 4 0 0
5512.4 3383.2 2.5 30 0 12.1 12.9 7.5 2.5 2 1 3 1 1
5183.0 2711.5 2.5 94 0 16.2 8.0 7.5 0.0 0 0 3 3 3
5221.0 2292.2 7.5 213 0 13.5 7.6 5.0 2.5 4 0 2 0 0
5053.8 1916.3 14.4 95 0 14.4 15.9 2.5 2.5 2 1 1 5 5
4712.5 2007.1 10.3 59 0 7.2 12.4 5.0 2.5 2 1 2 0 0
4864.1 1973.6 11.1 275 0 48.5 18.0 12.5 0.0 0 0 5 1 1
4939.9 1933.0 12.4 96 0 10.6 23.2 5.0 2.5 2 1 2 0 0
5185.5 1884.7 11.6 294 0 6.9 6.5 7.5 2.5 2 0 3 3 3
5168.8 1938.8 12.7 190 0 10.2 11.3 10.0 2.5 2 1 4 1 1
5197.1 1880.2 11.2 270 0 16.1 13.9 2.5 2.5 2 0 1 2 2
5228.6 1968.2 9.9 319 0 10.6 11.8 5.0 2.5 2 1 2 0 0
5249.0 1892.9 10.1 268 0 16.8 13.5 7.5 2.5 2 0 3 3 3
5245.9 1931.3 9.9 358 0 19.0 15.3 7.5 2.5 2 0 3 5 5
5488.3 1712.8 9.0 216 0 10.1 11.8 5.0 2.5 2 1 2 4 4
6585.0 -308.2 10.3 4 0 8.9 6.6 7.5 2.5 2 0 3 3 3
6558.2 -350.0 10.0 2 0 7.4 6.1 7.5 2.5 2 0 3 2 2
6115.6 111.9 7.2 302 0 8.2 12.3 7.5 2.5 4 1 3 2 2
5930.3 -11.3 7.7 211 0 12.0 7.3 2.5 2.5 2 0 1 0 0
5864.4 71.3 6.7 117 0 7.3 7.8 5.0 0.0 0 1 2 4 4
6684.1 -446.3 10.5 80 0 6.6 6.2 7.5 2.5 2 0 3 0 0
6689.1 -523.9 11.4 188 0 10.7 6.0 5.0 2.5 2 0 2 2 2
6716.5 -891.7 14.7 99 0 8.6 7.8 7.5 2.5 2 0 3 3 3
6790.6 -876.7 14.2 13 0 6.9 21.1 5.0 0.0 0 1 2 1 1
6828.2 -767.2 11.3 195 0 9.2 8.3 7.5 2.5 2 0 3 1 1
3418.5 -1687.5 5.7 7 0 7.0 11.1 2.5 2.5 2 1 1 3 3
4521.3 -5617.0 5.6 201 0 6.9 7.2 7.5 2.5 4 1 3 4 4
4457.7 -5929.5 8.2 270 0 6.3 8.7 7.5 0.0 0 1 3 3 3
3619.8 -5515.1 8.9 354 0 8.2 7.5 7.5 2.5 2 0 3 4 4
4796.5 -5504.5 3.8 147 0 7.1 6.8 10.0 2.5 2 0 4 2 2
4834.9 -5385.6 6.2 152 0 6.4 6.1 5.0 2.5 2 0 2 0 0
5404.7 -5184.5 1.1 209 0 8.1 6.2 10.0 2.5 2 0 4 3 3
2208.4 -5650.4 6.0 278 0 34.9 8.7 7.5 2.5 2 0 3 2 2
2160.9 -5609.3 5.8 187 0 33.8 9.5 7.5 2.5 2 0 3 2 2
2104.5 -5509.3 7.1 24 0 12.3 13.3 7.5 2.5 2 1 3 0 0
2155.2 -5416.2 9.5 352 0 8.6 9.9 2.5 2.5 2 1 1 0 0
2023.6 -5612.0 4.5 8 0 10.7 8.4 10.0 2.5 4 0 4 5 5
1949.0 -5484.1 6.4 270 0 7.4 8.8 2.5 2.5 2 1 1 3 3
1886.5 -5606.1 3.7 106 0 8.1 9.0 10.0 2.5 2 1 4 5 5
3299.1 -5428.4 11.0 257 0 9.0 7.3 5.0 2.5 2 0 2 3 3
3218.8 -5396.6 12.4 122 0 8.2 7.9 7.5 2.5 2 0 3 1 1
3189.9 842.0 6.6 126 0 7.6 7.0 7.5 2.5 2 0 3 2 2
2632.0 -5587.6 10.7 246 0 9.3 15.3 7.5 0.0 0 1 3 1 1
2640.5 -5628.8 10.1 87 0 10.2 9.5 7.5 2.5 2 0 3 3 3
2718.4 -5573.0 10.7 356 0 14.3 6.9 5.0 2.5 4 0 2 1 1
2724.3 -5623.3 9.5 3 0 29.6 12.3 7.5 2.5 2 0 3 4 4
2308.1 -5496.0 9.6 91 0 8.2 7.7 7.5 2.5 2 0 3 2 2
2282.8 -5760.3 6.0 91 0 8.8 8.0 7.5 2.5 2 0 3 4 4
2235.1 -5735.3 5.9 91 0 8.6 9.5 5.0 2.5 2 1 2 4 4
2041.0 -5743.7 3.6 181 0 13.1 17.0 7.5 2.5 4 1 3 3 3
1139.3 -5618.1 2.6 104 0 14.4 10.7 7.5 2.5 2 0 3 4 4
1049.3 -5699.0 2.4 296 0 8.0 8.7 7.5 2.5 4 1 3 3 3
1036.4 -5589.6 2.3 107 0 9.0 8.6 2.5 2.5 4 0 1 0 0
992.5 -5671.7 2.3 16 0 8.2 8.0 7.5 2.5 2 0 3 5 5
877.6 -5743.5 2.3 24 0 9.6 7.4 5.0 2.5 2 0 2 0 0
869.4 -5797.8 1.7 27 0 7.8 8.8 5.0 0.0 0 1 2 5 5
836.5 -5840.0 1.7 28 0 8.7 8.4 7.5 2.5 4 0 3 1 1
737.9 -5304.6 6.3 278 0 9.8 9.1 7.5 2.5 2 0 3 0 0
966.5 -5018.7 10.5 89 0 8.2 10.1 2.5 2.5 2 1 1 1 1
909.7 -5038.9 10.5 87 0 8.7 9.6 10.0 0.0 0 1 4 0 0
793.3 -5127.1 9.7 26 0 12.6 8.6 5.0 2.5 2 0 2 0 0
752.1 -5165.0 8.9 100 0 8.3 9.7 5.0 2.5 4 1 2 0 0
736.9 -5061.6 9.2 3 0 8.2 7.8 5.0 2.5 2 0 2 4 4
697.2 -5003.9 8.9 180 0 7.5 8.6 5.0 2.5 2 1 2 2 2
659.3 -5023.1 8.4 12 0 9.0 8.4 7.5 2.5 2 0 3 1 1
643.2 -4906.1 9.9 108 0 8.6 8.0 7.5 2.5 4 0 3 0 0
531.1 -5085.7 7.5 90 0 8.5 8.3 7.5 2.5 2 0 3 4 4
5016.8 3399.2 5.3 24 0 6.9 6.7 10.0 2.5 4 0 4 0 0
-776.1 -5436.1 2.7 30 0 10.6 10.7 5.0 2.5 2 1 2 2 2
-583.2 -5635.9 2.8 133 0 9.4 7.6 7.5 2.5 2 0 3 1 1
-556.4 -5574.7 3.7 118 0 7.4 8.0 5.0 2.5 2 1 2 4 4
-645.3 -5352.4 4.8 220 0 9.3 6.5 7.5 2.5 4 0 3 5 5
-782.2 -5250.0 4.0 13 0 7.1 9.4 7.5 0.0 0 1 3 5 5
-802.3 -5328.4 4.1 29 0 9.2 9.7 7.5 2.5 2 1 3 3 3
-744.2 -4821.8 1.1 10 0 12.0 12.9 2.5 2.5 2 1 1 3 3
-418.5 -4970.1 7.5 111 0 9.4 9.3 2.5 2.5 2 0 1 3 3
-518.9 -4979.5 6.6 116 0 6.1 6.1 7.5 0.0 0 0 3 0 0
-496.3 -4664.8 3.3 97 0 12.2 14.7 5.0 2.5 2 1 2 1 1
-297.5 -4921.4 7.5 20 0 17.2 10.3 5.0 0.0 0 0 2 5 5
-270.2 -4875.9 7.5 100 0 9.2 14.9 7.5 2.5 2 1 3 5 5
-114.8 -4980.3 8.2 100 0 8.0 9.6 5.0 2.5 2 1 2 2 2
2751.9 -3560.3 14.3 39 0 6.3 11.4 7.5 0.0 0 1 3 3 3
2612.9 -3568.9 16.3 183 0 8.9 12.2 5.0 2.5 2 1 2 1 1
2373.0 -3576.6 14.2 83 0 9.5 8.4 7.5 2.5 2 0 3 1 1
2304.7 -3537.3 13.5 3 0 8.2 11.7 5.0 2.5 2 1 2 1 1
2266.1 -3534.2 13.4 270 0 14.6 11.2 7.5 2.5 2 0 3 2 2
2244.7 -3575.9 14.5 176 0 9.7 12.6 7.5 2.5 2 1 3 5 5
2720.5 -2451.9 7.6 206 0 10.6 18.1 7.5 2.5 2 1 3 2 2
2530.1 -2455.8 5.9 311 0 11.1 17.8 5.0 2.5 2 1 2 5 5
2298.9 -1283.0 2.7 134 0 9.7 10.6 2.5 0.0 0 1 1 4 4
1958.8 -1357.4 1.5 153 0 6.5 9.1 5.0 2.5 2 1 2 2 2
1955.7 -1341.1 1.5 170 0 7.4 10.3 7.5 2.5 2 1 3 5 5
2189.9 -1439.7 3.8 164 0 10.0 8.2 7.5 2.5 2 0 3 0 0
2214.1 -1465.1 3.7 345 0 7.1 7.6 7.5 2.5 2 1 3 0 0
2216.3 -1531.4 7.0 57 0 8.7 11.6 7.5 2.5 4 1 3 1 1
2230.8 -1378.2 4.6 326 0 6.8 7.8 10.0 2.5 2 1 4 4 4
2334.7 -1432.2 4.1 168 0 8.0 9.3 10.0 2.5 2 1 4 5 5
2355.2 -1545.6 3.0 232 0 7.1 10.0 7.5 2.5 2 1 3 4 4
2399.0 -1616.3 1.9 56 0 7.5 9.6 5.0 2.5 2 1 2 3 3
2400.8 -1598.8 2.0 335 0 7.7 9.7 7.5 2.5 2 1 3 5 5
6543.1 3077.5 10.0 84 0 10.6 11.9 5.0 2.5 2 1 2 2 2
5821.1 3136.6 3.3 27 0 10.6 11.0 5.0 2.5 2 1 2 5 5
3439.7 -1520.0 6.5 341 0 7.6 9.3 2.5 0.0 0 1 1 1 1
3482.1 -1708.3 6.5 184 0 9.4 12.6 7.5 2.5 4 1 3 1 1
4860.7 1079.3 8.7 0 0 10.6 6.4 7.5 0.0 0 0 3 2 2
4846.2 984.8 6.8 178 0 10.9 9.1 10.0 2.5 2 0 4 5 5
4950.6 1095.1 10.5 284 0 8.8 7.7 7.5 2.5 2 0 3 0 0
5038.9 1034.7 9.4 190 0 6.9 6.7 7.5 2.5 2 0 3 1 1
5123.3 1059.3 10.4 189 0 9.8 7.3 7.5 2.5 4 0 3 1 1
5113.5 972.4 8.1 85 0 9.0 11.4 7.5 2.5 2 1 3 2 2
5252.7 874.5 5.7 84 0 8.5 9.8 7.5 2.5 2 1 3 3 3
5490.0 901.0 6.8 97 0 11.8 8.0 7.5 2.5 2 0 3 1 1
5389.3 923.4 6.3 96 0 8.0 11.1 5.0 2.5 2 1 2 0 0
5748.5 -181.0 10.6 209 0 7.9 8.2 5.0 2.5 2 1 2 5 5
5646.5 -710.4 9.3 296 0 7.8 13.1 10.0 0.0 0 1 4 3 3
3836.7 -823.6 3.2 300 0 10.8 7.7 7.5 2.5 2 0 3 3 3
3878.2 -835.4 4.1 201 0 6.2 10.7 10.0 2.5 2 1 4 2 2
3899.0 -788.2 3.6 203 0 6.4 9.9 2.5 2.5 2 1 1 0 0
3984.0 -698.8 6.2 119 0 8.3 14.5 7.5 2.5 2 1 3 1 1
3952.6 -630.4 5.1 11 0 7.8 6.3 5.0 2.5 2 0 2 2 2
3933.0 -531.7 3.3 2 0 8.6 7.9 7.5 0.0 0 0 3 0 0
4164.2 -616.9 5.5 34 0 8.0 7.8 7.5 2.5 2 0 3 1 1
4289.4 37.9 5.0 115 0 6.2 15.4 7.5 0.0 0 1 3 5 5
4293.2 196.5 5.3 212 0 8.2 6.6 5.0 2.5 2 0 2 0 0
3469.3 1148.2 4.1 354 0 9.8 8.6 7.5 2.5 2 0 3 4 4
3698.4 1236.6 7.7 298 0 9.3 10.5 2.5 2.5 2 1 1 2 2
3719.6 1198.3 6.8 299 0 6.4 9.1 10.0 2.5 2 1 4 3 3
3863.4 1164.4 7.8 83 0 11.8 14.9 7.5 2.5 4 1 3 4 4
3893.7 1065.3 9.7 179 0 9.1 11.1 7.5 2.5 4 1 3 0 0
4631.8 1146.7 5.8 102 0 12.6 8.9 5.0 2.5 2 0 2 3 3
4705.7 1092.6 7.1 5 0 12.4 8.1 2.5 0.0 0 0 1 1 1
6732.2 -5848.2 -0.6 103 0 9.7 9.4 7.5 2.5 2 0 3 3 3
6729.2 -5796.2 0.4 169 0 8.0 11.9 7.5 2.5 2 1 3 0 0
6765.4 -5787.8 -0.2 22 0 8.6 6.6 7.5 2.5 2 0 3 0 0
6676.0 -5916.9 -1.4 204 0 8.1 11.5 7.5 2.5 2 1 3 0 0
6621.6 -5491.1 -0.9 90 0 7.6 6.2 7.5 2.5 2 0 3 4 4
5950.4 -5942.8 -6.7 296 0 6.8 8.3 10.0 2.5 2 1 4 5 5
6844.9 -5429.2 2.7 200 0 6.4 6.3 7.5 2.5 2 0 3 2 2
6579.2 -5238.9 1.9 285 0 6.7 6.7 5.0 0.0 0 1 2 1 1
-1665.6 -4553.3 -2.7 12 0 14.4 6.1 2.5 0.0 0 0 1 4 4
-2778.8 -4083.2 -7.0 35 0 6.8 8.3 10.5 3.5 4 1 3 4 4
-2741.0 -4199.5 -7.1 109 0 6.2 14.9 10.5 3.5 2 1 3 1 1
-2709.9 -4222.8 -7.0 116 0 8.3 12.3 10.5 3.5 2 1 3 1 1
-2563.6 -4302.0 -4.9 22 0 17.2 13.6 10.5 3.5 4 0 3 0 0
-2518.8 -4363.4 -3.8 112 0 15.1 10.0 10.5 3.5 2 0 3 0 0
-3744.2 -3818.9 -12.0 279 0 7.9 14.1 10.0 2.5 2 1 4 2 2
-3708.1 -3837.7 -12.1 3 0 14.9 11.4 5.0 2.5 2 0 2 5 5
-3665.0 -3890.4 -11.0 187 0 12.7 8.3 14.0 3.5 2 0 4 2 2
-3587.1 -3920.7 -9.5 192 0 8.4 11.4 10.5 3.5 2 1 3 3 3
-3777.1 -4067.6 -8.8 172 0 6.4 10.2 2.5 2.5 2 1 1 3 3
-3327.6 -4276.8 -4.9 286 0 7.4 8.0 10.5 3.5 2 1 3 5 5
-3326.0 -4286.4 -4.8 291 0 8.4 8.7 10.5 3.5 2 1 3 2 2
-3721.3 -4261.7 -6.8 87 0 6.5 9.0 10.5 3.5 2 1 3 4 4
-2543.8 -4704.6 -0.6 25 0 8.1 9.3 7.5 2.5 2 1 3 2 2
2984.3 -379.0 2.9 328 0 7.3 6.1 2.5 2.5 2 0 1 5 5
3379.4 -1134.6 5.2 53 0 16.3 47.8 12.5 2.5 2 1 5 3 3
2747.7 -405.6 -1.1 71 0 9.8 9.8 5.0 2.5 4 1 2 2 2
2912.8 -260.7 1.5 340 0 8.0 12.2 10.0 2.5 2 1 4 2 2
2962.5 -173.6 -1.6 166 0 10.1 9.3 5.0 2.5 2 0 2 3 3
3246.7 -427.9 -0.2 155 0 8.6 9.4 2.5 2.5 4 1 1 0 0
3337.7 -604.0 2.2 173 0 7.4 9.4 7.5 2.5 2 1 3 2 2
-6094.8 -3832.8 -21.4 269 0 9.2 7.4 10.0 2.5 2 0 4 2 2
-5878.9 -3819.1 -18.9 88 0 8.6 14.8 5.0 2.5 4 1 2 5 5
-5887.7 -3780.2 -18.7 179 0 6.7 7.2 7.5 2.5 2 1 3 2 2
-5515.5 -3774.9 -17.0 358 0 12.7 15.4 5.0 2.5 2 1 2 4 4
-5398.3 -3904.3 -13.8 266 0 7.8 6.7 7.5 2.5 2 0 3 5 5
-5837.4 -3794.9 -18.3 168 0 7.9 6.9 2.5 2.5 2 0 1 4 4
-5783.8 -3708.8 -18.6 179 0 11.6 12.1 10.0 2.5 2 1 4 3 3
-5703.8 -3776.9 -17.4 85 0 11.4 10.7 7.5 2.5 2 0 3 0 0
-5653.4 -3768.1 -17.3 155 0 10.7 9.0 7.5 2.5 2 0 3 2 2
-5564.8 -3793.8 -16.8 79 0 7.6 7.2 5.0 2.5 2 0 2 5 5
-5321.2 -3799.5 -15.2 83 0 6.3 12.1 2.5 2.5 2 1 1 4 4
-5314.7 -3775.5 -15.8 185 0 10.9 7.1 7.5 2.5 2 0 3 5 5
-3827.5 -3863.3 -11.9 187 0 16.2 10.0 7.5 2.5 2 0 3 5 5
-3886.2 -3833.0 -13.4 354 0 8.3 10.7 5.0 2.5 2 1 2 0 0
-4004.1 -3852.8 -13.6 93 0 28.7 10.0 7.5 2.5 2 0 3 1 1
-4079.1 -3846.5 -13.2 359 0 7.9 6.3 7.5 2.5 2 0 3 3 3
-3954.8 -3808.5 -13.8 18 0 10.5 13.7 5.0 2.5 2 1 2 1 1
-2949.6 -4019.9 -8.3 304 0 9.1 6.8 10.5 3.5 2 0 3 5 5
-4140.4 -4043.8 -9.7 357 0 7.4 9.5 5.0 2.5 4 1 2 1 1
-4157.7 -4042.8 -9.5 0 0 7.2 8.1 7.5 2.5 2 1 3 2 2
-4261.6 -4120.9 -8.7 0 0 6.3 6.1 7.5 2.5 2 0 3 3 3
-4247.0 -4167.1 -8.1 192 0 8.0 11.0 7.5 2.5 2 1 3 0 0
-4232.9 -4125.5 -8.3 186 0 9.9 11.0 5.0 2.5 2 1 2 1 1
-4239.8 -4317.9 -7.0 177 0 8.1 7.7 7.5 2.5 4 0 3 4 4
-4137.9 -4317.0 -7.5 359 0 6.3 6.2 10.0 0.0 0 0 4 5 5
-4201.0 -4268.1 -7.2 268 0 6.7 7.5 10.0 2.5 2 1 4 5 5
-4144.5 -4282.3 -7.4 1 0 7.8 8.6 7.5 2.5 2 1 3 3 3
-4147.3 -4256.8 -7.4 11 0 8.0 11.3 5.0 0.0 0 1 2 2 2
-4156.2 -4126.6 -7.6 359 0 7.7 8.8 5.0 2.5 2 1 2 1 1
-4228.3 -4039.1 -9.3 183 0 8.4 10.9 5.0 2.5 2 1 2 5 5
-4101.5 -4270.4 -7.9 176 0 8.3 8.1 5.0 2.5 2 0 2 0 0
-4033.9 -4215.0 -8.4 356 0 8.1 8.1 7.5 2.5 2 1 3 1 1
-4029.5 -4155.4 -9.7 358 0 7.7 6.8 7.5 2.5 2 0 3 3 3
-4119.5 -4186.1 -7.7 182 0 8.7 7.5 5.0 2.5 2 0 2 5 5
-4102.0 -4149.3 -8.7 180 0 8.3 9.2 7.5 2.5 2 1 3 0 0
-4106.0 -4109.2 -9.4 182 0 8.4 8.3 7.5 2.5 2 0 3 2 2
-3049.0 -4000.5 -9.8 131 0 12.9 9.9 10.5 3.5 2 0 3 5 5
-250.1 -5008.6 7.7 24 0 19.4 11.1 5.0 2.5 2 0 2 5 5
-257.8 -5045.6 7.5 18 0 16.1 13.1 5.0 2.5 2 0 2 4 4
5577.3 3698.8 6.2 185 0 11.5 7.4 2.5 2.5 2 0 1 3 3
5575.0 3854.0 8.4 169 0 7.9 7.6 5.0 2.5 2 0 2 4 4
-3755.3 2704.1 -4.0 26 0 12.9 6.6 5.0 2.5 2 0 2 1 1
-3736.3 2767.2 -2.8 6 0 7.3 6.5 5.0 2.5 2 0 2 2 2
-3579.8 2846.9 -3.3 25 0 6.7 7.8 10.0 2.5 2 1 4 5 5
-3179.1 3239.3 -2.3 104 0 7.3 9.5 7.5 2.5 2 1 3 2 2
-3507.2 3142.1 -1.9 7 0 9.5 8.9 2.5 2.5 2 0 1 2 2
-3509.9 3147.3 -2.1 99 0 6.5 7.4 5.0 2.5 2 1 2 3 3
-3656.6 3335.5 -0.7 115 0 13.2 9.1 2.5 2.5 2 0 1 4 4
-3637.7 3414.7 -0.9 290 0 12.8 15.2 7.5 2.5 2 1 3 3 3
-3703.3 3369.7 -0.4 199 0 13.7 9.7 7.5 2.5 2 0 3 2 2
-3767.9 3405.7 -1.7 111 0 20.0 10.8 5.0 2.5 2 0 2 2 2
-3598.4 2999.1 -2.7 9 0 9.0 11.0 5.0 2.5 2 1 2 1 1
6576.3 -6549.8 -7.0 96 0 8.2 8.5 7.5 2.5 2 1 3 0 0
6541.5 -6486.4 -8.8 295 0 9.6 8.2 7.5 2.5 2 0 3 4 4
-5162.1 3629.9 -1.6 188 0 8.2 9.1 7.5 2.5 2 1 3 4 4
-5137.2 3570.7 -2.4 93 0 6.3 9.9 7.5 0.0 0 1 3 5 5
-5095.4 3494.6 -2.5 265 0 9.8 9.9 5.0 0.0 0 1 2 2 2
-4910.2 3125.2 -5.2 3 0 7.0 7.2 7.5 0.0 0 1 3 4 4
6561.6 -6451.4 -8.7 104 0 20.7 6.7 5.0 2.5 2 0 2 0 0
6507.2 -6328.3 -8.6 284 0 6.4 14.4 2.5 2.5 2 1 1 3 3
6510.2 -6197.3 -6.5 194 0 6.6 8.3 7.5 2.5 4 1 3 3 3
6734.3 -6383.4 -6.5 284 0 7.2 12.7 2.5 2.5 2 1 1 4 4
6774.1 -6337.5 -6.6 14 0 11.1 9.9 2.5 2.5 2 0 1 2 2
6792.4 -6608.0 -6.4 133 0 7.9 19.0 10.0 2.5 2 1 4 2 2
6800.2 -6409.9 -7.2 274 0 8.5 7.1 2.5 2.5 2 0 1 0 0
5973.0 1576.5 11.2 193 0 7.6 8.1 7.5 2.5 2 1 3 0 0
-3920.5 2898.8 -4.7 202 0 8.9 6.7 5.0 2.5 2 0 2 3 3
-3862.0 2607.8 -6.3 202 0 6.9 8.5 7.5 2.5 2 1 3 5 5
-3831.0 2602.2 -6.6 292 0 8.9 7.3 10.0 2.5 2 0 4 1 1
-3947.3 2374.9 -6.3 112 0 6.2 9.8 5.0 0.0 0 1 2 3 3
-3975.1 2422.3 -6.3 267 0 6.9 8.9 7.5 2.5 4 1 3 5 5
-4197.2 2551.9 -7.7 192 0 6.5 6.1 2.5 2.5 4 0 1 1 1
-4133.2 2644.1 -6.5 109 0 6.3 8.1 7.5 2.5 2 1 3 4 4
-6512.0 2756.2 -5.9 99 0 9.8 9.9 7.5 2.5 2 1 3 2 2
-6496.0 2798.9 -4.6 85 0 10.6 11.8 5.0 2.5 4 1 2 4 4
-6351.9 2890.4 -0.3 85 0 10.0 8.0 7.5 2.5 2 0 3 4 4
-6185.6 3522.9 3.5 55 0 6.8 11.8 10.0 2.5 2 1 4 5 5
-6200.3 3488.4 3.8 51 0 9.1 11.3 7.5 2.5 2 1 3 1 1
-5919.7 3405.7 -2.6 89 0 9.2 7.3 5.0 2.5 2 0 2 2 2
-6035.1 3427.8 -1.7 193 0 8.2 9.0 5.0 2.5 2 1 2 3 3
-6013.5 3291.1 -3.4 178 0 7.7 10.3 7.5 2.5 4 1 3 2 2
-6030.4 3051.7 -2.7 174 0 6.5 9.5 10.0 2.5 2 1 4 0 0
-6897.6 -695.1 -22.2 185 0 9.6 8.4 2.5 2.5 2 0 1 2 2
-5506.9 3188.0 -5.3 338 0 11.1 12.4 10.0 2.5 2 1 4 0 0
-5501.0 3279.6 -2.3 123 0 9.8 10.2 7.5 2.5 2 1 3 3 3
-5456.7 3257.4 -3.9 20 0 8.5 6.9 7.5 2.5 2 0 3 0 0
-5500.3 3230.8 -4.2 295 0 8.4 12.2 5.0 0.0 0 1 2 1 1
-5518.8 3057.2 -6.2 105 0 6.7 11.6 7.5 2.5 2 1 3 2 2
2271.3 -3716.9 15.1 181 0 7.4 7.5 7.5 2.5 2 1 3 4 4
2268.7 -3680.0 14.8 180 0 7.7 9.4 7.5 2.5 2 1 3 0 0
2268.7 -3652.8 14.7 177 0 8.1 8.5 10.0 0.0 0 1 4 0 0
2440.5 -3530.7 13.4 265 0 8.7 8.0 7.5 2.5 2 0 3 3 3
2447.2 -3686.6 16.6 85 0 10.0 7.6 7.5 2.5 2 0 3 2 2
2432.8 -3707.6 15.6 1 0 7.1 11.1 5.0 0.0 0 1 2 0 0
2391.7 -3675.8 16.4 177 0 8.3 9.2 7.5 2.5 2 1 3 3 3
2388.3 -3639.7 16.0 179 0 7.3 9.9 2.5 2.5 2 1 1 2 2
5663.1 -6501.5 -3.0 88 0 7.9 6.8 5.0 2.5 2 0 2 5 5
4215.0 -6707.0 2.5 11 0 6.1 6.5 7.5 2.5 2 1 3 0 0
4404.1 -6411.2 6.0 183 0 9.8 6.2 10.0 2.5 2 0 4 0 0
4435.3 -6786.2 -0.1 214 0 6.7 7.4 7.5 2.5 2 1 3 2 2
5246.1 -6111.7 -0.4 3 0 6.6 10.6 7.5 2.5 4 1 3 1 1
5131.9 -6060.6 1.3 184 0 6.2 69.1 10.0 2.5 2 1 4 2 2
5202.4 -6018.0 1.1 274 0 12.8 9.2 5.0 2.5 2 0 2 2 2
5237.6 -6033.8 0.3 274 0 31.1 13.4 15.0 0.0 0 0 6 4 4
5274.2 -6070.9 -0.4 4 0 9.7 22.5 2.5 2.5 2 1 1 5 5
5318.4 -6033.3 -0.9 94 0 37.8 9.5 10.0 2.5 4 0 4 4 4
5354.6 -6101.7 -2.5 181 0 9.7 8.8 7.5 2.5 2 0 3 1 1
5396.5 -6010.5 -1.0 286 0 18.0 8.3 5.0 2.5 2 0 2 0 0
5428.3 -6052.6 -2.5 95 0 7.9 17.8 5.0 2.5 2 1 2 5 5
5793.1 -6095.7 -6.8 124 0 7.8 7.9 7.5 2.5 2 1 3 2 2
4389.1 -6486.1 5.4 189 0 6.1 16.9 7.5 0.0 0 1 3 1 1
4332.9 -6027.4 7.5 342 0 6.1 6.8 7.5 2.5 2 1 3 5 5
1740.3 -6269.1 6.2 190 0 9.9 10.7 7.5 2.5 2 1 3 1 1
1800.6 -6328.8 7.3 11 0 8.1 7.5 7.5 2.5 2 0 3 3 3
1887.3 -6156.8 6.9 17 0 9.1 7.0 2.5 2.5 2 0 1 4 4
1886.0 -6237.6 7.9 19 0 8.8 10.7 7.5 2.5 2 1 3 0 0
2621.6 -3633.0 15.8 75 0 9.1 9.7 7.5 2.5 2 1 3 2 2
2623.2 -3672.5 16.3 270 0 10.3 8.6 5.0 2.5 2 0 2 1 1
2167.0 -5327.7 8.8 90 0 9.1 7.1 2.5 2.5 2 0 1 0 0
2135.6 -5281.3 8.4 192 0 8.9 7.5 5.0 2.5 2 0 2 3 3
2239.0 -5437.8 10.3 25 0 6.4 6.4 10.0 2.5 2 0 4 2 2
2146.5 -5426.2 9.4 11 0 8.7 6.9 7.5 0.0 0 0 3 1 1
2242.0 -5657.9 6.4 358 0 6.2 11.5 5.0 2.5 2 1 2 5 5
4563.9 -5624.5 5.7 310 0 6.6 12.6 7.5 0.0 0 1 3 5 5
4243.7 -4626.1 10.1 257 0 7.8 11.2 7.5 2.5 2 1 3 3 3
4619.7 -4208.4 10.3 348 0 6.4 11.1 5.0 2.5 2 1 2 3 3
4189.3 -4371.0 14.1 197 0 6.1 12.9 7.5 2.5 2 1 3 3 3
3356.9 -4251.8 11.0 277 0 7.4 6.1 2.5 2.5 2 0 1 0 0
3286.1 -1487.3 4.0 79 0 15.1 6.2 5.0 2.5 2 0 2 2 2
1049.6 -5516.0 3.8 193 0 10.5 31.9 10.0 2.5 4 1 4 2 2
1099.9 -5589.3 3.4 103 0 8.3 11.0 5.0 2.5 2 1 2 4 4
1167.5 -5640.6 2.0 103 0 7.4 9.6 7.5 2.5 2 1 3 2 2
1187.7 -5568.8 1.1 103 0 8.8 9.9 5.0 2.5 2 1 2 1 1
1258.8 -5526.4 0.5 103 0 9.7 7.7 10.0 2.5 2 0 4 4 4
1929.5 -5991.9 3.3 193 0 6.2 13.0 7.5 2.5 2 1 3 3 3
2492.2 -5115.4 13.2 210 0 7.9 7.8 7.5 2.5 2 0 3 5 5
2591.0 -5009.9 10.6 357 0 10.0 10.8 7.5 0.0 0 1 3 2 2
2703.4 -4988.9 11.4 85 0 9.6 7.4 7.5 2.5 2 0 3 4 4
2343.8 -5021.9 9.7 295 0 7.7 12.8 5.0 2.5 2 1 2 1 1
2217.1 -5009.2 8.5 294 0 7.6 6.5 7.5 2.5 2 0 3 5 5
2142.6 -4968.1 7.1 289 0 9.0 10.4 5.0 2.5 2 1 2 1 1
1994.5 -5627.4 4.3 103 0 10.2 8.8 10.0 2.5 2 0 4 2 2
3683.6 -4139.2 14.7 270 0 9.1 7.7 7.5 2.5 2 0 3 1 1
3775.0 -4139.5 13.8 270 0 6.1 10.3 7.5 2.5 2 1 3 3 3
3967.9 -3874.9 11.2 304 0 7.4 6.5 10.0 2.5 2 0 4 4 4
4034.5 -3995.0 12.3 73 0 6.9 10.2 7.5 2.5 2 1 3 1 1
2650.3 -5565.2 11.4 184 0 8.5 14.4 7.5 2.5 2 1 3 2 2
4177.3 -4901.8 10.0 204 0 6.3 6.9 10.0 2.5 2 1 4 2 2
4109.3 -4082.5 15.6 266 0 7.0 7.5 7.5 2.5 2 1 3 0 0
4152.1 -4239.3 16.2 11 0 6.9 7.8 7.5 2.5 4 1 3 2 2
-3430.5 3149.5 -1.3 186 0 10.7 8.8 5.0 2.5 2 0 2 4 4
4645.5 -246.9 5.7 26 0 7.3 29.3 7.5 2.5 2 1 3 5 5
4819.7 -440.4 8.0 315 0 6.7 7.1 7.5 2.5 2 1 3 3 3
4891.5 -458.1 11.2 318 0 7.9 6.2 7.5 2.5 2 0 3 4 4
5403.5 -681.0 9.9 258 0 15.6 10.6 2.5 2.5 2 0 1 1 1
5547.5 -424.2 10.4 306 0 8.1 6.5 7.5 2.5 2 0 3 3 3
5483.8 -564.9 11.4 32 0 7.1 7.1 5.0 2.5 2 0 2 3 3
3930.9 -4144.8 12.5 270 0 19.6 19.8 7.5 2.5 2 1 3 0 0
5045.1 -5982.5 5.2 87 0 11.7 12.4 5.0 2.5 4 1 2 1 1
4605.3 -5743.3 5.9 239 0 11.8 13.7 7.5 2.5 2 1 3 4 4
5225.7 -4508.9 8.4 43 0 9.2 8.0 7.5 2.5 2 0 3 3 3
2878.9 -116.7 -0.5 224 0 11.8 33.9 12.5 0.0 0 1 5 5 5
4824.2 74.5 5.8 124 0 6.8 6.9 7.5 2.5 2 1 3 2 2
5460.0 1715.9 9.6 34 0 7.0 8.9 5.0 2.5 2 1 2 4 4
4133.9 -681.9 5.8 132 0 7.1 8.2 5.0 2.5 2 1 2 5 5
4586.7 1932.2 9.3 90 0 6.5 10.3 7.5 2.5 2 1 3 5 5
3446.4 -1086.3 4.5 68 0 6.9 9.3 7.5 2.5 2 1 3 2 2
3537.8 -1052.2 5.8 325 0 10.1 11.9 7.5 2.5 2 1 3 3 3
-6621.5 -4703.8 -13.5 286 0 9.0 10.1 7.5 2.5 2 1 3 2 2
-6635.0 -4747.6 -14.3 23 0 8.0 7.3 7.5 0.0 0 0 3 3 3
-6673.7 -4843.3 -16.4 111 0 8.7 7.9 7.5 2.5 2 0 3 3 3
-3903.7 -4169.7 -8.3 7 0 6.9 7.8 5.0 2.5 2 1 2 3 3
-4668.4 -3913.4 -12.4 97 0 7.2 8.1 2.5 2.5 2 1 1 3 3
-4663.6 -3834.6 -13.5 277 0 8.5 6.2 7.5 2.5 2 0 3 3 3
-4721.0 -3832.1 -13.6 97 0 6.6 7.8 7.5 2.5 2 1 3 0 0
-5035.9 -3798.5 -12.3 90 0 10.0 7.7 7.5 2.5 2 0 3 4 4
-5144.7 -3783.1 -13.7 180 0 8.9 6.4 7.5 2.5 2 0 3 0 0
-5264.9 -3782.5 -16.4 90 0 7.9 9.1 5.0 2.5 2 1 2 3 3
-4926.5 -4145.9 -8.1 92 0 7.3 8.5 7.5 2.5 2 1 3 0 0
-4844.2 -3892.8 -10.7 90 0 13.3 11.6 2.5 2.5 2 0 1 1 1
-4048.9 -3931.6 -12.3 0 0 8.1 9.3 5.0 2.5 2 1 2 4 4
-6461.3 -4765.3 -10.8 293 0 7.3 8.8 5.0 2.5 4 1 2 2 2
-6516.4 -4903.1 -14.0 113 0 8.6 7.9 7.5 2.5 2 0 3 1 1
-6700.4 -4924.5 -16.8 23 0 8.9 9.0 5.0 0.0 0 1 2 4 4
-6699.3 -4969.1 -15.9 23 0 9.3 8.5 7.5 2.5 2 0 3 4 4
-6726.8 -5006.5 -14.2 113 0 7.0 7.5 10.0 2.5 2 1 4 2 2
-6775.0 -4988.5 -15.6 113 0 6.7 9.0 7.5 2.5 2 1 3 1 1
-6625.4 -5021.7 -14.5 23 0 7.4 9.3 10.0 2.5 2 1 4 4 4
-6608.1 -4988.0 -15.7 23 0 6.9 9.7 2.5 2.5 2 1 1 4 4
-6584.7 -4911.9 -16.3 293 0 7.5 7.9 7.5 2.5 2 1 3 4 4
-6403.9 -4937.1 -11.6 113 0 6.9 9.6 7.5 2.5 4 1 3 2 2
-6440.1 -4830.8 -10.3 293 0 6.2 6.4 5.0 2.5 2 1 2 0 0
-6470.7 -4918.9 -13.3 113 0 8.9 7.5 5.0 2.5 2 0 2 3 3
-6575.0 -4879.9 -14.9 113 0 8.2 6.5 5.0 2.5 2 0 2 1 1
-6525.2 -4750.7 -11.4 113 0 9.7 7.2 2.5 2.5 2 0 1 3 3
-5180.0 -4375.7 -10.0 250 0 6.4 25.4 10.0 0.0 0 1 4 5 5
-5187.7 -4452.6 -11.1 190 0 6.4 13.4 5.0 0.0 0 1 2 0 0
-5219.1 -4262.7 -9.6 275 0 11.4 8.1 10.0 2.5 2 0 4 3 3
-5132.2 -4323.3 -8.7 344 0 9.2 8.2 2.5 2.5 2 0 1 4 4
-5019.6 -4317.4 -9.1 81 0 8.3 6.4 7.5 2.5 2 0 3 3 3
-4927.2 -4284.6 -7.1 349 0 9.9 7.8 5.0 2.5 2 0 2 0 0
-4984.2 -4347.4 -7.7 257 0 7.1 7.9 2.5 2.5 2 1 1 0 0
-4987.8 -4364.7 -7.7 170 0 10.5 8.1 7.5 2.5 2 0 3 0 0
-4986.2 -4301.7 -7.9 176 0 8.0 8.0 2.5 2.5 2 0 1 2 2
-5065.8 -4151.5 -7.3 85 0 8.5 7.9 10.0 2.5 2 0 4 5 5
-5042.3 -4148.3 -7.3 85 0 7.0 6.7 7.5 2.5 2 0 3 0 0
-4983.2 -4194.3 -7.9 2 0 9.3 8.2 2.5 2.5 2 0 1 2 2
-6685.7 -4149.2 -20.5 86 0 7.4 8.3 2.5 2.5 2 1 1 4 4
688.4 -5243.9 6.3 206 0 7.4 7.5 5.0 2.5 2 1 2 0 0
168.1 -5180.3 5.6 266 0 8.4 8.0 2.5 2.5 2 0 1 2 2
80.6 -5104.4 6.9 294 0 9.0 11.3 7.5 2.5 2 1 3 4 4
-264.6 -4846.3 7.6 286 0 8.2 10.6 2.5 2.5 2 1 1 3 3
-1665.6 -1029.8 -7.1 17 0 11.3 8.4 2.5 2.5 2 0 1 5 5
-1807.1 2623.1 -1.1 183 0 6.2 8.0 10.0 2.5 2 1 4 2 2
-1962.3 -2031.4 -5.2 114 0 8.3 11.3 7.5 2.5 4 1 3 0 0
-1929.3 -1846.0 -6.1 129 0 8.2 9.3 7.5 2.5 2 1 3 0 0
-1800.4 -2181.9 -4.1 36 0 9.0 9.3 7.5 2.5 2 1 3 5 5
-1943.0 -2275.0 -1.8 29 0 7.3 8.0 2.5 2.5 2 1 1 4 4
-1607.9 -1455.9 -6.4 296 0 9.4 12.3 7.5 2.5 4 1 3 5 5
-1865.3 -1789.1 -7.1 33 0 6.8 11.5 7.5 2.5 2 1 3 4 4
-1844.0 -1880.0 -6.6 203 0 10.4 7.8 5.0 2.5 2 0 2 5 5
-2030.5 -1968.1 -5.1 199 0 7.1 10.8 5.0 2.5 2 1 2 5 5
-2115.3 -2326.8 0.9 21 0 8.9 6.2 7.5 2.5 2 0 3 0 0
-2158.4 -2364.3 0.4 127 0 6.6 7.8 5.0 2.5 2 1 2 5 5
-2202.3 -2666.4 -2.3 284 0 6.6 11.6 7.5 2.5 2 1 3 1 1
-2418.3 -3231.0 -5.3 20 0 8.2 8.6 7.5 2.5 2 1 3 4 4
-2418.5 -3533.1 -8.5 14 0 13.7 10.2 7.5 2.5 2 0 3 1 1
-2494.5 -3536.1 -8.7 104 0 11.2 7.9 7.5 2.5 2 0 3 4 4
-2101.3 -4347.9 -5.4 204 0 8.8 6.6 5.0 2.5 2 0 2 5 5
-1902.8 -4336.2 -5.6 101 0 6.3 9.4 7.5 2.5 2 1 3 3 3
-2032.2 -4445.4 -4.5 281 0 13.5 11.4 2.5 2.5 2 0 1 1 1
-1938.2 -4394.6 -4.8 17 0 9.2 9.6 5.0 2.5 2 1 2 1 1
-1679.4 -4695.3 -0.9 356 0 13.9 11.0 7.5 0.0 0 0 3 5 5
-1748.3 -4619.7 -1.3 265 0 6.8 13.0 5.0 2.5 2 1 2 5 5
-1741.0 -4650.4 -0.6 2 0 8.9 8.8 5.0 2.5 2 0 2 1 1
-1736.4 -4745.3 0.9 0 0 6.5 10.0 7.5 2.5 2 1 3 2 2
-1709.6 -4690.9 -0.5 161 0 8.1 8.6 5.0 0.0 0 1 2 5 5
-1725.6 -4690.3 -0.3 180 0 10.3 11.1 7.5 2.5 2 1 3 2 2
-767.1 -5407.8 2.3 32 0 10.2 9.0 5.0 2.5 2 0 2 5 5
-46.9 -5257.9 9.2 30 0 11.3 10.5 5.0 2.5 2 0 2 0 0
-4129.9 -4443.7 -8.0 169 0 13.7 6.3 7.5 2.5 2 0 3 3 3
-4283.5 -4216.6 -7.7 241 0 8.8 8.4 7.5 2.5 2 0 3 4 4
-4253.7 -3992.9 -10.4 11 0 7.3 9.5 7.5 2.5 2 1 3 5 5
-4272.9 -4057.4 -9.0 171 0 7.7 8.9 10.0 2.5 2 1 4 1 1
-4071.5 3409.4 -2.9 218 0 8.2 12.7 5.0 2.5 4 1 2 0 0
-4104.5 3383.5 -4.3 352 0 8.3 8.5 7.5 2.5 4 1 3 0 0
-4103.5 3445.9 -3.1 357 0 14.2 10.6 10.0 2.5 2 0 4 0 0
-4079.7 3391.2 -3.5 191 0 7.6 10.0 5.0 2.5 2 1 2 1 1
-4077.0 3501.3 -2.5 95 0 12.0 14.2 7.5 2.5 2 1 3 4 4
-3946.2 2687.0 -6.1 22 0 19.1 14.8 10.0 0.0 0 0 4 0 0
-5450.0 3159.1 -6.1 177 0 8.5 12.5 2.5 2.5 4 1 1 4 4
-5702.0 3451.5 -1.5 173 0 9.1 10.0 10.0 2.5 2 1 4 0 0
-5543.2 3530.6 2.5 270 0 6.3 7.2 2.5 2.5 2 1 1 1 1
-5328.4 3435.7 -2.0 268 0 9.7 9.1 7.5 2.5 2 0 3 1 1
-5336.4 3411.6 -2.5 199 0 9.7 9.9 5.0 2.5 2 1 2 0 0
-4648.2 3422.3 1.7 65 0 7.0 6.2 5.0 2.5 2 0 2 3 3
-5279.6 3416.2 -3.4 100 0 8.6 9.4 2.5 2.5 2 1 1 0 0
-5355.1 3352.9 -3.6 186 0 8.8 9.4 7.5 2.5 2 1 3 4 4
-5463.1 3273.3 -3.3 21 0 12.0 10.4 5.0 2.5 2 0 2 3 3
-6126.5 3053.8 -1.6 359 0 8.0 7.8 7.5 2.5 2 0 3 3 3
-6014.3 2967.8 -3.8 105 0 8.6 9.7 7.5 2.5 2 1 3 0 0
-6762.7 1178.4 -15.4 83 0 6.3 9.1 5.0 2.5 2 1 2 0 0
-6892.5 -3947.5 -23.9 181 0 11.5 11.3 10.0 2.5 2 0 4 2 2
-6900.3 -3935.5 -23.9 177 0 8.8 6.4 2.5 2.5 2 0 1 3 3
-6761.8 -3930.4 -21.8 265 0 8.3 14.9 5.0 2.5 2 1 2 3 3
-6611.6 -3900.8 -20.7 90 0 7.6 14.6 7.5 0.0 0 1 3 1 1
-6617.6 -3814.5 -21.0 184 0 6.5 8.6 10.0 2.5 2 1 4 1 1
-6411.9 -3942.9 -20.4 261 0 8.0 6.4 7.5 2.5 2 0 3 4 4
-6392.8 -3877.7 -19.7 359 0 6.5 6.5 7.5 2.5 4 0 3 2 2
-6430.8 -3861.6 -20.3 97 0 13.9 10.3 10.0 2.5 2 0 4 4 4
-6257.5 -3863.5 -20.0 166 0 9.1 9.9 10.0 0.0 0 1 4 5 5
-6254.1 -3845.0 -20.0 82 0 8.0 7.7 7.5 0.0 0 0 3 3 3
-5208.3 -3895.0 -13.9 272 0 8.9 7.1 7.5 2.5 2 0 3 5 5
-5110.2 -4399.1 -10.0 269 0 6.1 7.2 7.5 2.5 2 1 3 4 4
-4636.0 -4625.4 -10.2 56 0 8.7 40.9 7.5 2.5 2 1 3 0 0
-4626.5 -4620.8 -10.1 55 0 9.5 35.2 10.0 0.0 0 1 4 3 3
-4601.2 -4608.6 -10.0 64 0 8.4 35.9 7.5 2.5 2 1 3 1 1
-4584.4 -4602.0 -9.7 66 0 9.2 37.0 7.5 2.5 2 1 3 5 5
-4574.9 -4592.4 -9.4 78 0 6.3 9.1 5.0 2.5 2 1 2 0 0
-4560.9 -4585.4 -9.4 50 0 7.7 37.0 10.0 2.5 2 1 4 1 1
-3928.1 -4033.3 -9.2 275 0 6.2 7.5 10.0 2.5 4 1 4 1 1
-4142.3 -4111.4 -7.9 357 0 9.3 9.0 7.5 2.5 2 0 3 5 5
-4045.3 -4255.5 -8.3 1 0 6.8 6.9 5.0 2.5 2 1 2 5 5
-3987.3 -4210.9 -8.5 349 0 9.5 8.8 7.5 2.5 2 0 3 1 1
-3994.6 -4094.8 -9.5 185 0 12.4 9.0 5.0 2.5 2 0 2 1 1
3965.9 -4554.7 10.5 2 0 7.5 7.8 5.0 2.5 2 1 2 4 4
2607.5 -2910.8 7.9 154 0 6.7 11.2 7.5 2.5 2 1 3 5 5
5854.2 -822.2 12.5 30 0 6.0 6.7 7.5 0.0 0 1 3 5 5
4921.6 973.6 7.0 92 0 7.5 9.4 2.5 0.0 0 1 1 4 4
3677.1 1224.6 7.7 188 0 6.8 6.8 7.5 2.5 2 1 3 1 1
3164.1 -217.9 -0.8 124 0 9.2 8.7 7.5 2.5 2 0 3 3 3
3374.3 984.4 3.9 11 0 7.9 8.2 7.5 0.0 0 1 3 3 3
3853.1 1432.3 8.0 5 0 8.3 9.6 7.5 2.5 2 1 3 2 2
3950.7 1607.0 7.5 280 0 8.3 10.0 7.5 2.5 2 1 3 2 2
4848.3 1447.8 13.8 178 0 8.4 14.5 7.5 2.5 4 1 3 5 5
-4239.4 3656.1 -2.8 196 0 16.1 9.0 7.5 2.5 2 0 3 0 0
-1664.2 2858.4 0.3 98 0 7.1 7.2 7.5 2.5 2 1 3 4 4
-4196.3 2299.1 -6.6 212 0 6.3 10.2 7.5 2.5 2 1 3 3 3
-2571.8 -2817.8 1.7 33 0 7.9 10.4 7.5 2.5 2 1 3 2 2
-2581.3 -2773.7 1.5 213 0 10.3 12.8 5.0 2.5 2 1 2 5 5
-2184.0 -2412.9 -1.3 33 0 6.3 8.2 7.5 2.5 2 1 3 2 2
-1562.8 -1204.6 -7.0 27 0 7.5 10.9 7.5 2.5 2 1 3 3 3
-3752.3 -3989.7 -9.0 8 0 7.7 11.8 5.0 2.5 2 1 2 3 3
-2173.2 -4381.4 -4.8 10 0 10.3 7.5 7.5 2.5 2 0 3 5 5
-2208.7 -4398.7 -4.6 12 0 6.6 10.8 10.0 0.0 0 1 4 0 0
-2204.4 -4377.0 -4.9 289 0 10.6 12.1 5.0 2.5 2 1 2 3 3
-2262.4 -4365.6 -5.3 293 0 11.4 14.7 7.5 0.0 0 1 3 3 3
-2324.0 -4337.7 -5.7 5 0 6.4 6.9 10.0 2.5 2 1 4 3 3
-2333.0 -4352.3 -5.4 198 0 11.5 9.5 7.5 2.5 4 0 3 1 1
-2407.9 -4252.1 -5.4 16 0 8.5 8.8 10.5 3.5 2 1 3 0 0
-2295.9 -4807.3 0.8 37 0 7.7 7.0 7.5 2.5 2 0 3 2 2
-2207.0 -4779.3 0.4 273 0 6.4 12.0 7.5 2.5 2 1 3 3 3
-246.3 -5563.5 3.4 171 0 6.9 6.2 10.0 2.5 2 0 4 0 0
-492.0 -5662.2 2.8 291 0 6.3 7.4 2.5 2.5 2 1 1 4 4
-373.7 -5632.1 3.7 194 0 6.8 8.4 7.5 0.0 0 1 3 3 3
901.1 -5274.9 6.0 252 0 6.0 6.5 2.5 2.5 2 1 1 0 0
-2697.6 -5796.2 1.2 122 0 7.1 6.6 5.0 2.5 2 0 2 4 4
-2051.7 -4913.0 -0.9 30 0 8.4 6.6 7.5 2.5 2 0 3 2 2
-2991.5 -4188.4 -8.2 121 0 9.6 51.6 10.5 3.5 4 1 3 0 0
-3368.5 -3970.6 -9.9 292 0 6.1 8.4 10.5 3.5 2 1 3 5 5
-3339.0 -3885.6 -11.0 102 0 6.9 16.9 10.5 3.5 2 1 3 5 5
-3296.5 -3916.5 -10.1 198 0 12.1 6.9 10.5 3.5 2 0 3 5 5
-3320.8 -3888.7 -10.9 106 0 8.4 16.0 10.5 3.5 2 1 3 4 4
-951.2 -4656.7 -1.5 46 0 7.1 7.0 7.5 2.5 2 0 3 3 3
-1823.8 -4436.4 -2.9 305 0 6.1 9.4 10.0 0.0 0 1 4 0 0
-1894.4 -4468.8 -3.2 297 0 7.0 10.9 5.0 2.5 2 1 2 2 2
-3168.0 -4414.5 -5.7 42 0 7.8 8.4 14.0 3.5 2 1 4 1 1
445.1 -5298.9 3.9 99 0 6.4 12.1 5.0 2.5 4 1 2 3 3
-396.6 -4966.9 7.6 110 0 12.4 7.2 5.0 0.0 0 0 2 5 5
-2599.0 -4350.1 -5.2 109 0 40.1 21.2 10.5 0.0 0 0 3 3 3
-5298.7 3699.8 3.5 99 0 9.4 8.8 2.5 2.5 2 0 1 2 2
538.6 -6294.3 -1.7 303 0 7.7 9.9 2.5 2.5 4 1 1 0 0
