-409.0 -6215.2 -11.8 319 0 9.6 8.8 10.5 3.5 2 0 3 3 3
-362.9 -6274.9 -10.3 141 0 8.0 12.7 10.5 3.5 2 0 3 3 3
-272.6 -6353.1 -8.6 33 0 6.0 29.1 10.5 3.5 2 0 3 5 5
-329.8 -6346.6 -8.7 154 0 7.4 37.8 10.5 3.5 2 0 3 1 1
-322.5 -6362.0 -8.3 154 0 6.1 19.1 10.5 3.5 2 0 3 4 4
-294.6 -6351.4 -8.2 68 0 11.7 8.3 10.5 3.5 2 0 3 3 3
-290.8 -6359.7 -8.2 334 0 10.4 30.7 10.5 3.5 2 0 3 5 5
-339.0 -6322.8 -9.2 158 0 7.0 16.5 10.5 3.5 2 0 3 1 1
-300.6 -6309.0 -8.9 336 0 8.9 22.5 10.5 3.5 2 0 3 5 5
-302.9 -6283.2 -9.4 338 0 35.0 7.9 10.5 3.5 2 0 3 0 0
-295.5 -6254.3 -9.2 297 0 7.4 7.6 10.5 3.5 2 0 3 2 2
-334.8 -6334.7 -9.0 154 0 6.1 22.4 10.5 3.5 2 0 3 4 4
-290.3 -6370.6 -8.2 335 0 6.4 26.8 10.5 3.5 2 0 3 5 5
-227.3 -6514.1 -9.7 235 0 11.0 12.4 14.0 3.5 2 1 4 5 5
-148.0 -6510.9 -10.6 69 0 11.0 27.2 14.0 3.5 2 1 4 4 4
-168.4 -6445.7 -9.1 162 0 9.7 30.4 14.0 0.0 0 1 4 2 2
-142.8 -6447.4 -9.6 253 0 11.5 7.9 14.0 3.5 2 0 4 0 0
-153.5 -6450.9 -10.1 252 0 10.9 26.6 14.0 3.5 2 1 4 1 1
-139.6 -6466.3 -10.0 73 0 6.6 11.0 14.0 3.5 2 1 4 5 5
-111.7 -6439.1 -9.9 43 0 13.2 13.9 14.0 3.5 2 1 4 2 2
-198.5 -6555.8 -10.0 52 1 12.8 11.2 14.0 3.5 2 0 4 1 1
-356.8 -6193.9 -10.8 109 0 22.0 11.7 14.0 0.0 0 0 4 1 1
-386.5 -6183.1 -11.9 114 0 14.8 6.5 14.0 3.5 2 0 4 1 1
-402.6 -6178.2 -12.5 107 0 13.6 8.2 14.0 3.5 4 0 4 0 0
-369.0 -6157.0 -11.2 286 1 14.4 10.6 14.0 3.5 2 0 4 0 0
-327.5 -6162.3 -10.8 290 1 11.9 10.7 14.0 3.5 2 0 4 1 1
-303.4 -6165.5 -10.8 288 0 8.7 24.7 14.0 3.5 2 1 4 3 3
-289.8 -6165.5 -10.6 199 0 8.6 29.3 14.0 3.5 2 1 4 4 4
-276.8 -6207.7 -10.0 105 0 13.3 14.2 14.0 3.5 2 1 4 0 0
-421.6 -6173.3 -13.2 108 0 12.7 15.9 14.0 3.5 2 1 4 3 3
-434.5 -6173.8 -13.8 106 0 12.7 20.2 14.0 3.5 2 1 4 3 3
-247.0 -6201.6 -10.8 113 1 10.7 16.5 14.0 0.0 0 1 4 5 5
-252.0 -6231.5 -10.3 109 1 10.5 17.0 14.0 3.5 2 1 4 4 4
-209.6 -6173.0 -11.9 23 1 13.2 10.8 14.0 3.5 4 0 4 1 1
-170.7 -6307.5 -10.8 110 0 18.0 7.6 10.5 3.5 2 0 3 5 5
-86.0 -6387.3 -10.9 115 0 24.7 10.6 10.5 3.5 2 0 3 5 5
-81.5 -6377.8 -11.1 116 0 24.5 8.7 10.5 3.5 2 0 3 3 3
-99.4 -6369.0 -10.4 122 0 11.3 10.1 10.5 3.5 2 0 3 3 3
-76.5 -6329.4 -11.2 289 0 16.2 6.9 10.5 3.5 2 0 3 3 3
-48.4 -6396.6 -11.9 113 0 13.0 9.6 10.5 3.5 2 0 3 1 1
-38.9 -6343.0 -12.3 291 0 10.2 25.7 10.5 0.0 0 1 3 1 1
-35.5 -6408.8 -12.5 111 0 12.5 22.6 10.5 3.5 2 1 3 5 5
12.6 -6373.0 -13.1 303 0 10.4 9.2 10.5 3.5 4 0 3 5 5
-2.1 -6409.3 -13.0 116 0 10.5 9.5 10.5 3.5 2 0 3 0 0
101.7 -6409.8 -15.0 19 0 9.8 16.2 10.5 3.5 2 1 3 0 0
72.4 -6364.2 -14.8 294 0 7.7 7.3 10.5 3.5 2 0 3 3 3
63.8 -6383.4 -14.6 290 0 6.7 13.2 10.5 3.5 4 1 3 1 1
63.3 -6451.5 -14.1 115 0 10.2 12.7 10.5 3.5 2 1 3 1 1
34.4 -6446.9 -13.6 126 0 17.7 9.1 10.5 3.5 2 0 3 5 5
2559.9 5543.3 13.0 80 0 12.4 8.4 5.0 0.0 0 0 2 4 4
3529.0 4663.3 5.9 281 0 13.8 9.6 5.0 0.0 0 0 2 3 3
3454.1 4683.1 5.9 204 0 11.5 12.5 2.5 2.5 2 1 1 0 0
3686.7 5190.5 8.3 266 0 11.8 14.6 7.5 2.5 2 1 3 4 4
3413.5 4641.8 7.1 198 0 8.7 15.8 7.5 0.0 0 1 3 1 1
347.6 -6602.0 -9.4 96 0 11.4 14.6 7.5 2.5 2 1 3 0 0
-2991.5 -4804.5 -6.9 62 0 14.7 9.4 7.5 2.5 2 0 3 3 3
-3005.1 -4813.3 -7.5 57 0 8.9 11.9 7.5 2.5 2 1 3 1 1
-2975.5 -4851.9 -10.1 329 0 26.8 11.7 12.5 0.0 0 0 5 3 3
-3160.6 -5490.1 -15.5 93 0 22.8 20.7 10.0 2.5 2 0 4 5 5
-2732.6 -4923.3 -9.0 123 0 8.8 9.2 7.5 2.5 2 1 3 4 4
-2671.5 -4805.1 -6.2 336 0 7.1 8.0 5.0 2.5 4 1 2 4 4
-2689.6 -4780.2 -6.1 230 0 13.1 6.9 5.0 0.0 0 0 2 4 4
-2635.8 -4844.9 -7.5 323 0 12.1 11.8 5.0 2.5 2 0 2 2 2
-2710.6 -4851.9 -5.9 218 0 6.3 9.2 10.0 2.5 4 1 4 3 3
-1048.7 -5943.1 -18.8 12 0 36.4 9.5 7.5 2.5 2 0 3 4 4
-2799.3 -4575.2 -10.1 135 0 11.9 6.8 5.0 2.5 2 0 2 5 5
-2770.4 -4584.0 -9.9 307 0 7.8 8.4 7.5 2.5 4 1 3 4 4
-2777.8 -4609.7 -9.5 142 0 7.2 11.1 5.0 2.5 2 1 2 3 3
-2746.9 -4591.9 -10.0 318 0 11.1 9.2 7.5 2.5 2 0 3 4 4
-2668.0 -4721.6 -8.4 135 0 10.5 8.5 7.5 2.5 2 0 3 3 3
-2671.9 -4699.3 -9.0 132 0 9.8 8.2 10.0 2.5 2 0 4 1 1
-2681.1 -4666.4 -9.1 323 0 7.4 12.0 7.5 2.5 2 1 3 5 5
-2707.6 -4620.9 -9.8 325 0 14.0 9.9 2.5 2.5 2 0 1 3 3
-2724.5 -4661.4 -8.9 150 0 10.6 10.6 7.5 2.5 2 0 3 3 3
