-2323.0 -6787.0 20.4 170 0 7.2 6.7 7.5 2.5 2 0 3 5 5
-2674.6 -6032.1 4.7 114 0 14.5 20.6 10.0 2.5 2 0 4 1 1
-2707.6 -6028.0 3.7 90 0 19.9 16.5 10.0 2.5 2 0 4 2 2
-2754.7 -6028.1 3.1 96 0 22.0 10.7 5.0 0.0 0 0 2 5 5
-2822.8 -5976.3 -0.0 175 0 20.9 14.1 12.5 2.5 2 0 5 4 4
-2932.7 -5833.3 -0.5 8 0 9.5 16.6 7.5 2.5 2 1 3 2 2
-2148.1 -6171.7 6.0 350 0 17.4 13.1 5.0 2.5 2 0 2 3 3
-2165.4 -6023.0 3.3 321 0 7.5 16.5 7.5 2.5 2 1 3 4 4
-2184.7 -6263.5 11.1 184 0 15.4 18.1 10.0 2.5 2 1 4 4 4
-2237.4 -6463.5 14.2 185 0 14.2 12.1 10.0 2.5 2 0 4 2 2
-2305.5 -6625.4 11.8 8 0 17.9 14.7 10.0 2.5 2 0 4 3 3
-1874.2 -6298.3 16.2 40 0 15.6 10.8 7.5 2.5 2 0 3 5 5
-1923.9 -6436.9 19.6 356 0 15.4 16.9 10.0 2.5 2 1 4 4 4
-1840.2 -6223.0 13.7 84 0 19.5 11.9 5.0 2.5 2 0 2 2 2
-2025.0 -6649.9 19.1 65 0 9.7 13.8 7.5 2.5 2 1 3 2 2
-2033.7 -6740.9 21.7 177 0 10.6 8.7 7.5 2.5 2 0 3 5 5
-2054.5 -6742.1 21.5 0 0 8.3 6.4 10.0 0.0 0 0 4 3 3
-2094.3 -6823.8 24.8 13 0 10.9 12.1 7.5 2.5 2 1 3 2 2
-1815.0 -6767.5 23.0 70 0 6.9 6.4 5.0 2.5 2 0 2 2 2
-1844.8 -6826.2 24.9 171 0 11.4 11.2 10.0 2.5 2 0 4 2 2
-1735.2 -6819.7 23.5 287 0 9.5 9.9 7.5 2.5 2 1 3 1 1
-1463.4 -6798.6 19.8 37 0 11.8 13.4 7.5 2.5 2 1 3 0 0
-1464.0 -6846.5 19.2 211 0 14.0 9.0 5.0 0.0 0 0 2 5 5
-3037.6 -6193.6 6.3 357 0 11.2 10.4 7.5 2.5 4 0 3 1 1
-3050.3 -6159.6 5.9 270 0 7.6 8.9 7.5 2.5 2 1 3 2 2
-3081.4 -6160.6 6.5 262 0 11.3 8.3 7.5 2.5 2 0 3 0 0
-3123.6 -6213.9 7.5 182 0 16.5 11.5 5.0 2.5 2 0 2 5 5
-3123.3 -6366.2 6.9 0 0 10.6 14.1 7.5 2.5 4 1 3 4 4
-3129.5 -6306.6 8.0 10 0 10.2 11.9 5.0 2.5 2 1 2 5 5
-3019.7 -6378.5 9.4 283 0 15.3 15.7 7.5 2.5 2 1 3 1 1
-2973.7 -6429.1 10.6 106 0 7.5 11.0 10.0 2.5 4 1 4 1 1
-2899.3 -6395.1 10.4 90 0 11.7 8.3 7.5 2.5 4 0 3 1 1
-2854.7 -6386.4 10.8 77 0 8.5 10.3 7.5 2.5 2 1 3 5 5
-2723.7 -6364.2 7.9 97 0 6.7 10.1 7.5 2.5 2 1 3 3 3
-2752.2 -6392.1 10.9 229 0 10.8 6.3 7.5 2.5 4 0 3 2 2
-2622.0 -6370.4 4.2 317 0 9.6 8.5 10.0 2.5 2 0 4 5 5
-2712.3 -6610.3 17.2 109 0 13.7 7.5 5.0 2.5 2 0 2 4 4
-3201.3 -6478.0 3.2 76 0 7.3 6.0 7.5 2.5 2 0 3 4 4
-3177.0 -6496.9 3.2 258 0 11.4 11.8 5.0 2.5 2 1 2 4 4
-3006.9 -6693.8 8.0 65 0 16.2 16.9 7.5 2.5 2 1 3 2 2
-1305.4 -6598.5 15.5 213 0 9.8 6.9 10.0 2.5 2 0 4 0 0
-6699.7 -3147.8 -20.7 307 0 6.6 6.1 2.5 2.5 2 0 1 1 1
-6820.0 -2825.7 -25.7 274 0 8.1 8.6 7.5 2.5 2 1 3 2 2
-6812.8 -2788.9 -26.6 83 0 7.3 9.3 7.5 2.5 2 1 3 1 1
-6701.9 -2798.5 -26.7 98 0 6.5 6.1 7.5 2.5 2 0 3 2 2
-6578.4 2574.6 -32.7 98 0 6.3 7.5 7.5 2.5 2 1 3 1 1
