3871.3 5638.8 -51.4 101 0 6.3 6.7 7.5 2.5 2 0 3 1 1
2508.9 -6259.2 36.8 60 0 10.6 25.3 14.0 3.5 2 1 4 4 4
2611.9 -6238.6 42.0 125 0 11.5 18.2 14.0 3.5 2 1 4 5 5
2630.1 -6198.3 42.1 313 0 11.5 12.5 14.0 3.5 2 1 4 1 1
2935.1 -6576.9 37.3 132 0 11.5 13.6 5.0 0.0 0 1 2 1 1
2833.7 -6520.5 38.2 125 0 8.2 17.0 14.0 3.5 2 0 4 3 3
2729.3 -6192.1 43.3 20 0 19.7 6.9 7.5 2.5 2 0 3 3 3
2724.1 -6135.6 42.7 285 0 6.7 32.7 10.0 2.5 2 1 4 2 2
2696.5 -6246.6 44.1 138 0 11.5 29.7 7.5 0.0 0 1 3 5 5
2772.7 -6448.0 40.2 312 0 7.6 14.7 14.0 3.5 2 1 4 5 5
2785.7 -6462.3 40.3 305 0 6.7 12.4 14.0 3.5 2 1 4 4 4
2771.7 -6500.9 40.3 127 0 12.1 27.8 14.0 0.0 0 1 4 1 1
