5545.5 -6809.9 -11.4 321 0 8.4 6.2 7.5 2.5 2 0 3 1 1
5611.2 -6870.5 -11.0 227 0 21.6 13.0 7.5 2.5 2 0 3 5 5
5526.2 -6801.2 -11.1 243 0 6.0 7.9 5.0 2.5 2 1 2 2 2
2003.8 -534.9 -5.1 113 0 7.6 14.2 5.0 0.0 0 1 2 0 0
2023.7 -366.2 -2.2 23 0 10.3 8.9 7.5 2.5 2 0 3 0 0
1932.9 -526.2 -5.4 112 0 7.0 9.8 5.0 2.5 2 1 2 2 2
2099.6 -306.4 -2.5 285 0 24.9 7.3 7.5 2.5 2 0 3 0 0
1775.8 -964.1 -6.6 0 0 18.9 13.6 5.0 2.5 2 0 2 2 2
5343.0 -5721.4 -9.2 218 0 7.2 13.4 10.0 2.5 2 1 4 2 2
5386.2 -5733.0 -9.5 354 0 7.3 11.2 7.5 2.5 2 1 3 2 2
5306.1 -5755.0 -9.5 203 0 7.0 12.8 2.5 2.5 2 1 1 3 3
5308.9 -5787.0 -10.1 24 0 7.2 9.3 7.5 2.5 2 1 3 1 1
5276.0 -5896.5 -11.2 202 0 7.6 8.6 7.5 2.5 2 1 3 1 1
5279.4 -5826.3 -10.9 169 0 17.4 9.3 7.5 2.5 2 0 3 4 4
5365.8 -5911.6 -11.0 98 0 8.1 25.7 5.0 2.5 2 1 2 3 3
5300.4 -5959.2 -11.3 100 0 8.9 19.9 7.5 2.5 2 1 3 4 4
5322.9 -5969.7 -11.2 103 0 33.0 10.9 10.0 2.5 2 0 4 5 5
5825.0 -5705.3 -11.6 287 0 6.1 10.2 10.0 0.0 0 1 4 1 1
5989.7 -5739.9 -12.4 6 0 9.5 8.1 7.5 2.5 2 0 3 1 1
6062.1 -5689.1 -9.6 188 0 7.8 7.7 5.0 2.5 2 0 2 1 1
5207.4 -5800.3 -8.3 33 0 8.4 8.1 10.0 2.5 2 0 4 0 0
1878.8 -490.7 -5.4 210 0 10.6 10.9 7.5 2.5 2 1 3 4 4
5078.6 -5789.3 -8.0 260 0 7.9 6.6 7.5 2.5 2 0 3 3 3
-5796.7 5175.3 -7.2 36 0 9.6 8.7 7.5 2.5 4 0 3 4 4
-5784.5 5178.0 -6.7 79 0 11.0 8.9 7.5 2.5 2 0 3 5 5
-5711.2 5171.0 -1.5 185 0 9.3 18.3 7.5 2.5 2 1 3 1 1
-5722.0 5193.9 -1.2 97 0 10.4 10.5 5.0 2.5 2 1 2 3 3
-5687.8 5244.2 0.0 269 0 9.0 24.6 7.5 2.5 4 1 3 4 4
-5658.1 5215.8 -0.7 32 0 16.0 8.2 7.5 2.5 2 0 3 1 1
-5347.2 4737.6 0.7 116 0 6.9 6.7 5.0 2.5 2 0 2 1 1
-5355.9 4781.9 0.7 116 0 8.4 7.3 7.5 2.5 2 0 3 3 3
-5410.1 4816.5 1.9 206 0 6.7 6.9 7.5 2.5 2 1 3 5 5
-5371.3 4800.5 1.2 115 0 6.8 6.7 5.0 2.5 2 0 2 2 2
-5353.6 4803.4 0.9 295 0 6.8 6.7 5.0 2.5 2 0 2 3 3
-5336.6 4794.6 0.8 26 0 6.7 6.9 7.5 2.5 2 1 3 2 2
-5350.1 4815.1 1.0 295 0 6.9 6.7 10.0 2.5 2 0 4 5 5
-5505.3 3785.4 -4.6 126 0 6.9 6.7 5.0 2.5 2 0 2 0 0
-5505.7 3859.2 -3.3 216 0 6.7 6.9 7.5 2.5 2 0 3 3 3
-5497.3 3828.3 -3.4 182 0 6.7 6.8 10.0 2.5 2 0 4 2 2
-5449.5 3809.7 -3.1 92 0 6.8 6.7 7.5 2.5 2 0 3 5 5
-5439.3 3771.7 -5.2 92 0 6.8 6.7 10.0 2.5 2 0 4 4 4
-5413.5 3766.4 -5.4 92 0 6.8 6.7 5.0 2.5 2 0 2 1 1
-5336.3 3768.3 -5.5 112 0 6.8 6.7 5.0 2.5 2 0 2 0 0
-5386.1 3803.5 -3.5 50 0 6.9 6.7 5.0 2.5 2 0 2 3 3
-5400.5 3805.9 -3.5 2 0 6.7 6.8 5.0 2.5 2 0 2 2 2
-5382.5 3851.6 -2.0 2 0 6.7 6.8 7.5 2.5 2 1 3 4 4
-5389.1 3882.1 -1.1 222 0 6.7 6.9 2.5 2.5 2 1 1 2 2
-5451.7 3858.4 -1.5 272 0 6.8 6.7 7.5 2.5 2 0 3 5 5
-5504.0 3894.1 -3.2 182 0 6.7 6.8 10.0 2.5 2 1 4 3 3
-5517.3 3956.9 -3.5 148 0 6.7 6.9 10.0 2.5 4 1 4 5 5
-5490.1 4018.4 -3.0 180 0 6.7 6.8 7.5 2.5 2 1 3 2 2
-5455.9 4014.8 -2.7 90 0 6.8 6.7 10.0 2.5 2 0 4 3 3
-5437.5 3979.9 -2.7 90 0 6.8 6.7 7.5 2.5 2 0 3 2 2
-5360.6 3931.6 -1.6 60 0 6.9 6.7 7.5 0.0 0 0 3 1 1
-5364.6 3977.5 -1.9 209 0 6.9 6.6 7.5 2.5 2 0 3 3 3
-5320.6 3959.2 -1.6 299 0 6.6 6.9 7.5 2.5 2 1 3 3 3
-5311.9 3805.5 -4.5 209 0 6.9 6.6 5.0 2.5 4 0 2 0 0
-5290.0 3768.9 -4.9 119 0 6.6 6.9 7.5 2.5 2 1 3 1 1
-5231.0 3749.7 -4.7 119 0 6.6 6.9 7.5 2.5 2 1 3 3 3
-5492.8 4129.4 -3.3 212 0 7.4 15.2 2.5 2.5 2 1 1 4 4
-5978.4 4378.6 -3.3 285 0 8.9 26.5 5.0 0.0 0 1 2 2 2
-5918.0 4466.1 -3.1 96 0 8.9 26.5 2.5 2.5 4 1 1 4 4
-5960.2 4529.0 -4.6 207 0 9.0 26.4 5.0 2.5 2 1 2 2 2
-5947.8 4576.8 -4.1 191 0 9.0 26.4 7.5 2.5 2 1 3 5 5
-5891.8 4581.2 -1.9 207 0 9.0 26.4 7.5 2.5 4 1 3 2 2
-5878.2 4463.9 -1.5 94 0 8.9 26.5 5.0 2.5 2 1 2 0 0
-5830.1 4461.4 0.1 94 0 8.9 26.5 7.5 2.5 2 1 3 5 5
-5814.1 4548.6 -0.4 15 0 26.5 8.9 5.0 2.5 2 0 2 3 3
-5926.0 4663.8 -3.2 195 0 9.0 26.4 5.0 2.5 2 1 2 2 2
-5913.7 4696.8 -2.7 195 0 9.0 26.4 5.0 2.5 4 1 2 0 0
-5903.2 4740.5 -2.2 195 0 9.0 26.4 5.0 2.5 2 1 2 4 4
-5895.6 4775.3 -2.1 195 0 9.0 26.4 5.0 2.5 2 1 2 5 5
-5887.9 4807.1 -2.2 195 0 9.0 26.4 5.0 2.5 2 1 2 5 5
-5880.9 4840.0 -2.4 195 0 9.0 26.4 7.5 2.5 2 1 3 0 0
-5857.9 4865.8 -2.4 279 0 26.4 9.0 5.0 2.5 2 0 2 4 4
-5860.6 4680.5 -1.9 105 0 26.4 9.0 5.0 2.5 2 0 2 5 5
-5857.0 4755.7 -2.0 284 0 8.9 26.5 5.0 2.5 2 1 2 3 3
-5838.8 4753.4 -1.9 284 0 8.9 26.5 2.5 2.5 4 1 1 2 2
-5756.8 4666.4 -0.7 284 0 8.9 26.5 5.0 2.5 2 1 2 1 1
-5766.5 4607.2 0.1 104 0 26.4 9.0 5.0 2.5 2 0 2 4 4
-5712.8 4594.0 1.6 104 0 26.4 9.0 5.0 2.5 2 0 2 2 2
-5695.6 4647.4 1.0 279 0 17.7 10.0 5.0 2.5 2 0 2 1 1
-5641.0 4586.3 2.9 103 0 10.3 51.5 12.5 2.5 4 1 5 5 5
-5760.5 4709.5 -0.8 14 0 26.5 8.9 5.0 2.5 2 0 2 1 1
-5717.2 4724.6 0.1 13 0 9.0 26.4 5.0 2.5 2 1 2 4 4
-5794.3 4734.9 -1.7 282 0 14.2 9.0 7.5 2.5 4 0 3 2 2
-5777.8 4655.9 -1.3 7 0 8.5 16.4 5.0 2.5 2 1 2 5 5
-5802.1 4664.6 -1.7 99 0 8.5 16.5 10.0 2.5 2 1 4 5 5
-5774.3 4778.8 -0.9 277 0 16.4 8.5 5.0 0.0 0 0 2 5 5
-5737.1 4787.9 0.3 336 0 6.8 23.6 5.0 2.5 2 1 2 5 5
-5788.0 4872.5 -1.5 72 0 20.9 8.9 5.0 2.5 2 0 2 1 1
-5772.9 4913.2 -0.9 342 0 8.9 20.9 7.5 2.5 2 1 3 5 5
-5797.2 4939.4 -0.9 157 0 9.1 16.6 7.5 0.0 0 1 3 0 0
-5861.2 4995.1 -3.4 12 0 9.1 24.1 5.0 2.5 2 1 2 5 5
-5854.7 5013.2 -3.5 12 0 9.1 24.1 2.5 2.5 4 1 1 5 5
-5875.0 5053.4 -3.9 287 0 9.1 24.3 7.5 2.5 2 1 3 0 0
-5892.5 5053.7 -4.3 284 0 8.9 15.7 5.0 2.5 2 1 2 2 2
-5922.9 5038.5 -5.3 195 0 12.4 9.7 2.5 2.5 2 0 1 3 3
-5940.6 5012.1 -5.8 202 0 13.0 9.6 5.0 2.5 2 0 2 0 0
