-1528.0 -5128.5 -10.0 100 0 7.9 37.0 10.0 2.5 2 0 4 4 4
-1552.9 -5127.7 -10.5 104 0 31.4 7.6 2.5 2.5 2 0 1 0 0
295.3 -4455.3 -15.2 140 0 36.0 10.3 10.0 2.5 2 0 4 2 2
3896.8 2169.8 5.1 99 0 11.2 36.4 10.0 2.5 2 1 4 4 4
3909.8 2174.1 5.1 97 0 8.5 32.2 10.0 0.0 0 1 4 4 4
3880.6 2209.4 5.3 282 0 9.0 19.2 2.5 2.5 2 1 1 1 1
2623.7 -1611.9 -1.4 238 0 8.2 19.0 2.5 0.0 0 1 1 2 2
5091.8 4025.0 5.6 69 0 16.8 10.4 7.5 2.5 2 0 3 4 4
-389.8 6622.4 14.3 283 0 16.9 9.3 3.5 2.5 2 0 1 5 5
6550.0 6000.5 1.4 152 0 9.0 7.2 7.5 2.5 2 0 3 1 1
-2539.1 -5107.4 -13.7 124 0 8.0 32.3 7.5 2.5 2 1 3 1 1
-2468.5 -5080.5 -14.4 34 0 6.9 6.3 7.5 2.5 2 0 3 0 0
-2395.1 -5192.9 -15.6 255 0 7.5 7.8 10.0 0.0 0 1 4 5 5
-2376.8 -5186.3 -15.4 257 0 8.5 6.9 7.5 2.5 2 0 3 5 5
-2413.9 -5240.0 -16.3 169 0 8.0 10.5 5.0 2.5 2 1 2 3 3
-2373.4 -5230.0 -16.5 104 0 7.1 7.3 10.0 2.5 2 1 4 3 3
-2441.0 -5322.7 -15.8 74 0 8.1 8.4 7.5 2.5 2 1 3 4 4
-1780.4 -6092.6 -20.6 101 0 6.3 7.8 7.5 2.5 2 1 3 4 4
-1664.4 -6056.2 -15.5 85 0 8.8 13.0 5.0 2.5 2 1 2 4 4
-3161.3 -5507.1 -10.6 69 0 8.1 8.5 7.5 2.5 4 1 3 0 0
-1584.1 -5301.5 -12.9 359 0 8.6 7.4 5.0 2.5 2 0 2 1 1
-1486.3 -5373.8 -14.0 87 0 8.0 11.3 7.5 0.0 0 1 3 3 3
-1635.4 -5079.3 -11.0 283 0 12.8 7.3 7.5 2.5 4 0 3 2 2
-1404.5 -4801.2 -13.2 358 0 9.4 8.7 7.5 2.5 2 0 3 3 3
3586.0 -1798.0 -10.5 169 0 8.7 6.6 5.0 2.5 2 0 2 1 1
3663.7 -339.3 -6.4 26 0 6.8 6.9 5.0 2.5 2 1 2 1 1
3812.1 -119.6 -6.3 217 0 6.2 6.2 5.0 2.5 2 0 2 2 2
3837.7 -27.9 -5.3 201 0 8.1 6.2 7.5 2.5 2 0 3 0 0
3875.2 -21.6 -5.3 32 0 8.2 6.3 7.5 2.5 2 0 3 3 3
3886.8 204.8 -5.4 273 0 8.0 7.4 2.5 2.5 2 0 1 4 4
3600.8 156.4 -2.0 181 0 7.6 7.5 10.0 2.5 2 0 4 5 5
3901.7 -6.3 -6.5 90 0 6.1 8.2 7.5 2.5 2 1 3 0 0
5944.9 6103.8 7.6 128 0 7.5 7.7 5.0 2.5 4 1 2 4 4
5958.5 6182.7 8.1 320 0 7.1 8.6 7.5 2.5 2 1 3 3 3
6092.1 6310.1 5.6 137 0 6.5 10.2 7.5 2.5 2 1 3 2 2
5800.3 5446.5 5.5 299 0 10.2 14.1 5.0 2.5 2 1 2 0 0
5922.3 5366.6 5.5 55 0 6.8 8.1 5.0 2.5 2 1 2 3 3
5988.7 5329.2 5.2 137 0 8.6 8.4 7.5 2.5 2 0 3 4 4
6263.4 6170.5 4.3 108 0 6.8 7.9 7.5 2.5 2 1 3 3 3
6212.9 6082.5 4.9 289 0 11.3 10.8 5.0 2.5 2 0 2 5 5
6367.4 5993.0 2.9 282 0 8.5 7.3 10.0 0.0 0 0 4 1 1
6505.4 6021.9 1.7 126 0 7.5 8.4 2.5 2.5 2 1 1 1 1
6612.9 5953.4 2.0 278 0 7.7 9.4 7.5 2.5 2 1 3 3 3
6623.1 5982.8 1.6 130 0 6.4 12.1 5.0 2.5 2 1 2 4 4
1029.4 -3789.1 -15.2 235 0 7.5 11.0 7.5 2.5 2 1 3 1 1
1618.3 -3251.1 -13.3 219 0 8.4 9.4 2.5 2.5 2 1 1 3 3
1727.6 -3045.8 -10.2 315 0 7.8 7.3 7.5 2.5 2 0 3 3 3
1810.6 -3087.5 -11.4 167 0 7.5 9.3 7.5 2.5 2 1 3 5 5
1875.3 -3035.5 -11.7 205 0 11.3 9.5 2.5 2.5 2 0 1 4 4
1896.3 -3025.8 -11.5 267 0 11.2 9.4 5.0 0.0 0 0 2 1 1
1946.9 -2807.9 -10.0 10 0 7.4 6.6 10.0 2.5 2 0 4 4 4
2139.2 -1988.1 -7.1 194 0 8.7 7.5 2.5 2.5 4 0 1 4 4
2366.0 -2173.5 -7.9 326 0 9.6 6.8 5.0 2.5 2 0 2 5 5
2600.7 -2197.4 -7.1 210 0 14.2 14.5 5.0 2.5 2 1 2 4 4
2472.9 -2162.9 -8.0 4 0 9.5 11.0 5.0 2.5 2 1 2 1 1
2466.5 -2253.3 -9.7 5 0 11.7 9.2 10.0 2.5 2 0 4 1 1
3000.9 -2599.8 -13.4 161 0 6.2 11.9 5.0 2.5 2 1 2 0 0
3041.7 -2659.4 -13.7 135 0 10.6 9.0 5.0 2.5 2 0 2 2 2
3048.7 -2640.8 -13.8 158 0 6.7 6.7 5.0 2.5 2 0 2 3 3
6096.8 5226.0 2.5 268 0 6.9 13.8 7.5 2.5 2 1 3 2 2
6001.2 5289.2 4.7 319 0 8.8 9.4 5.0 2.5 2 1 2 5 5
6041.7 5182.5 2.3 184 0 6.1 7.3 5.0 2.5 2 1 2 4 4
6003.6 5218.3 3.5 341 0 7.3 13.0 10.0 2.5 2 1 4 0 0
5847.0 4253.8 1.6 15 0 6.9 8.2 7.5 2.5 2 1 3 0 0
5944.8 4473.0 4.0 187 0 7.4 6.7 7.5 0.0 0 0 3 5 5
6079.3 4515.6 4.7 41 0 9.7 8.4 2.5 2.5 4 0 1 3 3
6039.3 4483.0 5.3 214 0 6.8 6.5 5.0 2.5 2 0 2 3 3
-4010.9 -6251.4 -14.6 105 0 8.8 8.4 2.5 2.5 2 0 1 2 2
-4220.2 -6487.4 -10.7 47 0 6.7 7.0 7.5 2.5 2 1 3 2 2
-4346.8 -6635.0 -12.8 269 0 7.2 7.8 2.5 2.5 2 1 1 1 1
-4387.6 -6679.9 -12.1 227 0 6.7 7.1 7.5 2.5 2 1 3 2 2
3812.6 -1969.6 -8.4 31 0 8.7 9.0 7.5 2.5 2 1 3 2 2
3882.5 -2170.6 -9.0 333 0 7.4 6.6 7.5 2.5 2 0 3 4 4
5444.5 3356.5 -1.2 41 0 6.8 7.4 5.0 2.5 4 1 2 5 5
5446.0 3051.1 -3.1 300 0 6.9 6.6 5.0 2.5 4 0 2 0 0
5388.5 3042.9 -3.2 211 0 7.7 9.0 5.0 2.5 2 1 2 2 2
5298.9 3188.0 -1.8 135 0 8.3 8.9 2.5 2.5 2 1 1 1 1
5185.5 3307.0 -0.1 292 0 8.6 9.9 7.5 2.5 2 1 3 2 2
5134.7 3427.0 0.8 133 0 6.4 10.7 7.5 2.5 4 1 3 4 4
5097.8 3383.0 0.4 29 0 6.1 6.6 2.5 2.5 4 1 1 3 3
5081.5 3458.8 1.0 69 0 6.2 6.9 10.0 2.5 2 1 4 4 4
5586.0 3762.4 0.1 15 0 8.0 9.1 5.0 0.0 0 1 2 1 1
5110.9 5103.7 6.7 16 0 6.5 11.2 7.5 2.5 2 1 3 3 3
2412.7 -1791.3 -1.0 330 0 11.2 16.1 10.0 2.5 4 1 4 0 0
2820.4 -1347.3 2.5 357 0 6.5 7.8 2.5 2.5 4 1 1 1 1
264.7 -4405.8 -14.6 78 0 10.9 9.3 7.5 2.5 2 0 3 1 1
-641.7 -5400.6 -18.9 87 0 8.7 8.1 7.5 0.0 0 0 3 5 5
-1236.0 -4919.5 -13.4 85 0 9.1 8.7 5.0 0.0 0 0 2 2 2
-575.9 -4999.7 -11.6 91 0 7.3 36.0 10.0 2.5 2 1 4 1 1
-899.8 -5047.5 -12.6 272 0 15.2 11.1 10.0 2.5 4 0 4 5 5
-969.8 -5061.6 -12.6 247 0 9.7 9.8 2.5 2.5 2 1 1 0 0
-964.4 -5177.5 -15.2 280 0 11.3 11.5 7.5 2.5 2 1 3 0 0
-538.5 -4877.6 -12.3 68 0 8.3 8.0 5.0 0.0 0 0 2 5 5
822.8 -4618.5 -19.5 236 0 6.5 7.3 5.0 2.5 2 1 2 0 0
703.4 -4558.3 -17.2 98 0 6.7 7.3 7.5 0.0 0 1 3 1 1
745.6 -4475.1 -17.5 319 0 6.3 6.5 5.0 2.5 2 1 2 4 4
647.3 -4444.6 -16.5 215 0 6.3 6.6 7.5 2.5 2 1 3 1 1
680.4 -4473.5 -16.8 322 0 6.1 8.9 7.5 2.5 2 1 3 2 2
582.1 -4680.6 -18.7 46 0 6.2 8.3 7.5 2.5 2 1 3 0 0
629.0 -4741.1 -19.3 220 0 9.3 8.3 2.5 2.5 2 0 1 2 2
660.6 -4695.9 -18.8 228 0 8.2 9.5 5.0 2.5 4 1 2 5 5
-264.0 -4876.1 -15.9 228 0 8.2 11.1 5.0 2.5 2 1 2 0 0
-273.1 -4942.4 -14.6 7 0 8.7 8.8 2.5 0.0 0 1 1 2 2
-204.0 -5153.2 -16.2 29 0 7.4 6.6 5.0 2.5 2 0 2 3 3
-324.4 -5156.5 -16.0 216 0 6.4 7.7 7.5 0.0 0 1 3 3 3
-233.6 -5013.6 -14.4 204 0 7.7 6.4 7.5 2.5 4 0 3 0 0
-215.9 -5025.2 -14.6 29 0 7.5 6.7 10.0 2.5 2 0 4 2 2
-349.1 -4956.9 -13.1 42 0 9.8 9.6 7.5 2.5 2 0 3 1 1
-505.3 -5056.6 -13.3 344 0 6.3 6.1 7.5 2.5 2 0 3 5 5
-483.2 -5093.3 -14.8 86 0 9.2 9.3 5.0 2.5 2 1 2 4 4
-748.2 -5288.5 -15.0 60 0 8.7 9.5 7.5 2.5 2 1 3 1 1
-676.3 -5015.0 -9.4 273 0 7.8 11.0 5.0 2.5 2 1 2 1 1
-730.0 -5071.9 -12.1 0 0 9.1 9.5 10.0 0.0 0 1 4 4 4
-993.7 -4962.9 -10.4 144 0 6.8 9.3 5.0 2.5 2 1 2 4 4
-1170.2 -4952.4 -12.4 261 0 8.3 8.4 10.0 0.0 0 1 4 2 2
-1221.2 -5009.4 -11.8 77 0 8.9 7.7 5.0 2.5 2 0 2 4 4
-1183.8 -5069.9 -11.6 254 0 11.9 9.9 5.0 2.5 2 0 2 3 3
-1300.7 -5059.4 -13.0 256 0 14.1 12.0 7.5 2.5 2 0 3 4 4
-1344.8 -5105.4 -12.5 70 0 10.6 7.2 5.0 2.5 2 0 2 5 5
472.0 -4274.0 -14.8 217 0 8.9 6.3 10.0 2.5 2 0 4 1 1
6050.4 6465.2 6.3 204 0 7.2 8.7 7.5 2.5 4 1 3 5 5
6028.6 6519.3 5.8 30 0 9.0 8.2 7.5 2.5 2 0 3 5 5
3854.7 -2175.3 -9.3 149 0 9.8 9.7 2.5 0.0 0 0 1 5 5
3646.4 -2059.1 -9.3 290 0 8.7 9.4 7.5 2.5 2 1 3 0 0
3875.6 -2161.3 -9.0 316 0 12.2 6.6 7.5 2.5 2 0 3 3 3
4009.6 2035.1 5.2 26 0 6.4 6.1 10.0 2.5 2 0 4 4 4
3941.3 2072.7 5.4 22 0 9.1 8.0 7.5 2.5 2 0 3 5 5
3834.9 2096.1 4.2 200 0 10.9 14.3 7.5 2.5 2 1 3 4 4
3820.9 2098.7 4.0 200 0 8.0 7.5 10.0 0.0 0 0 4 0 0
4132.2 2118.5 2.2 232 0 6.2 6.8 5.0 2.5 2 1 2 2 2
4097.5 2125.6 3.3 52 0 7.2 9.4 7.5 2.5 2 1 3 1 1
3953.3 2373.5 6.7 225 0 8.7 17.9 7.5 2.5 2 1 3 0 0
3919.5 2389.8 8.3 332 0 7.5 8.5 10.0 2.5 2 1 4 2 2
3540.3 1503.3 0.1 161 0 13.2 6.3 7.5 2.5 2 0 3 1 1
4050.5 1489.1 0.2 186 0 8.4 6.6 7.5 2.5 2 0 3 5 5
4250.3 1593.1 -0.1 292 0 7.8 8.1 7.5 2.5 2 1 3 4 4
3978.6 1910.3 1.4 36 0 6.1 6.4 7.5 2.5 2 1 3 2 2
3862.3 166.4 -5.1 189 0 8.7 12.5 5.0 2.5 2 1 2 0 0
3837.7 416.0 -4.8 3 0 6.7 6.9 7.5 2.5 2 1 3 3 3
3651.6 -431.8 -5.7 258 0 6.6 9.4 7.5 2.5 2 1 3 5 5
3499.6 -750.8 -7.0 209 0 12.2 7.1 7.5 2.5 2 0 3 0 0
3525.7 -610.6 -5.6 96 0 6.1 9.7 10.0 2.5 2 1 4 0 0
3491.2 -774.3 -7.4 219 0 6.7 12.8 5.0 2.5 2 1 2 3 3
3464.7 -661.7 -4.2 325 0 6.4 10.2 7.5 2.5 2 1 3 5 5
3765.6 84.3 -2.9 16 0 12.6 15.7 2.5 2.5 2 1 1 2 2
3581.1 223.3 -2.9 89 0 8.2 8.7 5.0 2.5 4 1 2 5 5
3811.3 -1970.6 -8.4 48 0 8.9 7.9 2.5 2.5 2 0 1 5 5
3320.0 -1731.1 -6.4 219 0 7.3 6.6 5.0 2.5 2 0 2 2 2
3305.7 -1749.6 -6.5 133 0 8.5 8.6 7.5 2.5 2 1 3 0 0
3342.7 -1563.4 -7.3 150 0 6.0 6.4 7.5 2.5 2 1 3 0 0
3536.4 -1727.7 -9.0 51 0 8.9 10.0 7.5 2.5 2 1 3 2 2
5402.0 3006.1 -4.0 151 0 6.3 6.2 10.0 2.5 2 0 4 5 5
5165.5 3864.4 2.1 270 0 6.0 6.0 5.0 2.5 2 1 2 3 3
5625.2 5803.9 3.2 40 0 9.9 17.1 10.0 2.5 2 1 4 1 1
5541.1 6007.1 7.4 314 0 6.3 6.7 7.5 2.5 2 1 3 3 3
5619.9 6001.3 8.8 221 0 7.2 8.5 7.5 2.5 2 1 3 4 4
5662.4 5951.8 8.3 293 0 6.7 6.5 7.5 2.5 2 0 3 5 5
5667.2 5940.8 8.2 203 0 6.0 7.4 7.5 2.5 2 1 3 0 0
5507.5 5425.3 10.5 23 0 7.7 11.8 7.5 2.5 2 1 3 2 2
5615.5 5564.9 7.2 278 0 7.5 6.3 7.5 2.5 2 0 3 3 3
4228.1 2172.6 0.9 39 0 10.9 17.3 10.0 2.5 2 1 4 4 4
3473.6 -615.8 -6.3 51 0 21.6 12.7 12.5 0.0 0 0 5 4 4
4867.5 5174.3 10.8 314 0 15.1 26.2 7.5 2.5 2 1 3 0 0
5208.0 5614.2 7.7 201 0 6.3 7.5 10.0 2.5 2 1 4 1 1
5195.8 5407.3 6.9 17 0 6.4 20.9 7.5 0.0 0 1 3 1 1
5314.1 3173.5 -2.0 124 0 11.5 13.6 5.0 0.0 0 1 2 4 4
-1803.2 -5061.8 -12.6 271 0 6.2 7.7 7.5 2.5 2 1 3 3 3
-1512.1 -4877.0 -10.4 175 0 7.5 12.0 5.0 2.5 2 1 2 4 4
-2517.3 -5273.9 -14.5 184 0 10.5 9.6 7.5 2.5 2 0 3 5 5
-2548.0 -5173.9 -13.5 267 0 6.7 8.6 7.5 2.5 2 1 3 0 0
-2499.1 -5117.2 -14.1 121 0 6.7 7.1 7.5 2.5 2 1 3 0 0
-2481.0 -5120.9 -14.2 25 0 6.3 7.3 10.0 2.5 2 1 4 1 1
74.9 -4604.4 -16.2 232 0 17.8 15.1 7.5 2.5 2 0 3 4 4
-3468.3 -5819.4 -15.6 82 0 8.5 8.2 7.5 2.5 2 0 3 2 2
-3298.1 -5712.4 -13.4 115 0 7.4 6.3 5.0 2.5 2 0 2 2 2
-3275.7 -5809.8 -14.4 88 0 9.3 7.8 7.5 2.5 2 0 3 3 3
890.4 -3863.0 -14.9 57 0 15.1 11.4 2.5 2.5 4 0 1 3 3
-1271.7 -5114.3 -13.2 252 0 14.5 7.7 7.5 2.5 2 0 3 5 5
-882.5 -4986.3 -11.1 183 0 10.8 15.8 2.5 2.5 4 1 1 1 1
-228.2 -4830.7 -19.0 54 0 95.4 30.0 10.0 0.0 0 0 4 0 0
5256.7 5599.6 8.4 1 0 9.4 18.5 7.5 2.5 4 1 3 2 2
-414.3 6518.2 12.7 105 0 11.4 8.1 5.0 2.5 2 0 2 5 5
-547.0 6408.7 12.0 132 0 7.0 8.5 7.5 2.5 2 1 3 2 2
-666.0 6409.9 11.5 284 0 6.0 6.9 7.5 2.5 2 1 3 2 2
-912.7 6509.4 8.6 303 0 6.3 8.1 7.5 2.5 2 1 3 5 5
-836.8 6353.2 10.9 118 0 7.5 7.5 5.0 2.5 2 1 2 2 2
3758.3 441.9 -3.2 272 0 8.0 9.4 5.0 2.5 2 1 2 1 1
