-5553.8 3611.1 8.2 272 0 27.2 8.8 3.5 2.5 2 0 1 1 1
1699.8 6042.3 6.4 90 0 10.4 21.6 5.0 2.5 2 0 2 5 5
1705.0 6088.0 5.9 162 0 10.2 11.9 7.5 2.5 2 0 3 1 1
1695.7 6146.9 5.9 294 0 11.2 13.0 5.0 2.5 2 0 2 5 5
74.6 5502.0 14.2 36 0 9.3 16.0 10.0 2.5 2 1 4 1 1
27.4 5774.5 7.7 223 0 14.4 12.1 7.5 2.5 2 0 3 2 2
278.2 5426.3 11.2 43 0 13.4 12.9 2.5 2.5 2 0 1 1 1
66.1 5467.0 14.4 222 0 13.0 15.0 7.5 2.5 2 1 3 1 1
65.9 5327.6 15.3 318 0 15.8 13.4 7.5 2.5 2 0 3 1 1
97.5 5748.2 7.0 307 0 17.6 19.4 10.0 2.5 2 1 4 0 0
-17.8 5401.4 14.4 28 0 8.3 10.0 7.5 2.5 2 1 3 3 3
-27.9 5208.3 17.4 58 0 13.8 14.6 5.0 2.5 2 1 2 5 5
-32.1 5311.9 15.5 58 0 8.0 9.0 7.5 2.5 2 1 3 0 0
100.7 5664.6 7.8 312 0 15.8 11.7 7.5 2.5 2 0 3 0 0
38.4 5612.1 11.7 142 0 13.4 14.5 10.0 0.0 0 1 4 0 0
221.9 5614.6 11.5 313 0 12.5 11.7 5.0 2.5 2 0 2 3 3
127.4 5496.6 14.5 36 0 11.2 13.1 2.5 2.5 2 1 1 3 3
137.8 5539.6 13.9 222 0 13.1 13.8 5.0 2.5 2 1 2 0 0
-3324.0 -5684.6 -8.0 208 0 11.0 8.7 10.0 2.5 2 0 4 1 1
-3294.6 -5602.2 -7.5 130 0 7.2 10.0 5.0 2.5 2 1 2 0 0
-3328.9 -5722.0 -7.5 112 0 8.8 7.7 10.0 2.5 2 0 4 0 0
-3353.8 -5499.9 -4.9 131 0 7.1 6.3 7.5 2.5 4 0 3 5 5
-3312.3 -5471.3 -4.3 53 0 9.3 10.4 5.0 2.5 2 1 2 4 4
-3281.9 -5537.2 -7.2 228 0 9.9 13.5 5.0 2.5 2 1 2 4 4
-3063.1 -5488.0 -9.4 186 0 11.9 12.0 5.0 2.5 2 1 2 0 0
-3016.4 -5502.3 -10.2 10 0 6.6 14.9 5.0 2.5 2 1 2 3 3
-3048.9 -5521.6 -9.6 38 0 14.8 9.6 7.5 2.5 2 0 3 0 0
-3071.8 -5540.4 -9.8 26 0 11.9 9.5 7.5 2.5 2 0 3 2 2
-3237.6 -5457.1 -6.7 35 0 14.4 14.3 7.5 2.5 2 0 3 0 0
-3266.2 -5449.9 -5.4 137 0 10.1 10.4 7.5 2.5 4 1 3 0 0
-3106.1 -5562.8 -9.7 38 0 13.5 6.7 10.0 2.5 2 0 4 2 2
-3117.7 -5611.3 -10.1 14 0 8.5 10.9 5.0 2.5 2 1 2 5 5
-3123.6 -5626.2 -10.2 21 0 7.3 10.4 7.5 0.0 0 1 3 0 0
-6745.4 -6307.6 -10.8 276 0 6.4 9.9 7.5 2.5 2 1 3 0 0
-6775.7 -5951.4 -8.4 24 0 9.3 15.7 5.0 2.5 2 1 2 0 0
-6793.3 -5777.3 -6.0 83 0 6.9 9.9 5.0 2.5 2 1 2 4 4
-6751.7 -6105.2 -9.8 63 0 11.0 6.9 7.5 2.5 4 0 3 1 1
-6716.0 -6121.3 -10.2 257 0 11.5 16.8 10.0 2.5 2 1 4 4 4
-6781.0 -6200.4 -11.4 123 0 7.1 10.4 5.0 0.0 0 1 2 1 1
-6780.3 -6331.9 -12.6 189 0 11.5 8.3 5.0 2.5 2 0 2 1 1
-6709.8 -6473.3 -14.4 268 0 6.4 11.5 7.5 2.5 2 1 3 5 5
-6879.3 -5686.7 -5.1 91 0 10.0 12.4 5.0 2.5 2 1 2 2 2
-383.2 -6869.4 -13.0 127 0 8.3 9.0 5.0 2.5 2 1 2 0 0
-481.7 -6782.1 -14.2 278 0 7.9 13.4 7.5 2.5 2 1 3 0 0
-534.7 -6778.9 -15.1 196 0 8.5 10.8 10.0 2.5 2 1 4 1 1
-437.6 -6832.5 -12.4 83 0 9.8 7.8 5.0 2.5 2 0 2 5 5
-454.4 -6873.8 -11.5 139 0 7.9 9.7 7.5 2.5 2 1 3 2 2
-368.9 -6813.2 -12.6 323 0 6.4 7.8 10.0 2.5 2 1 4 4 4
-337.5 -6842.2 -13.6 322 0 11.1 10.6 7.5 2.5 2 0 3 2 2
-3493.0 -5492.6 -3.4 46 0 7.5 6.6 2.5 2.5 2 0 1 2 2
-3432.8 -5507.7 -4.6 130 0 9.0 9.0 7.5 2.5 2 0 3 1 1
-6059.2 -1626.2 7.8 128 0 9.1 9.8 7.5 0.0 0 1 3 4 4
-6217.3 -5079.4 -8.9 118 0 8.0 9.9 7.5 2.5 2 1 3 5 5
-6272.1 -4820.9 -6.9 87 0 6.0 13.8 7.5 2.5 2 1 3 4 4
-6458.0 -4900.9 -2.5 177 0 11.7 15.9 5.0 2.5 2 1 2 1 1
-6355.4 -4859.3 -4.5 92 0 14.7 10.3 5.0 2.5 4 0 2 4 4
-6447.6 -4718.1 -2.8 106 0 12.5 10.2 7.5 2.5 2 0 3 4 4
-5802.1 -4310.5 -4.0 142 0 11.1 10.8 7.5 2.5 2 0 3 0 0
-5805.4 -4430.2 -4.9 116 0 7.5 9.6 2.5 2.5 2 1 1 0 0
-5957.0 -4379.4 -6.0 246 0 11.6 14.3 7.5 2.5 2 1 3 4 4
-6125.8 -5068.3 -11.0 287 0 14.7 8.3 7.5 2.5 2 0 3 0 0
-6158.4 -5131.4 -9.3 30 0 12.3 12.0 10.0 2.5 2 0 4 4 4
-6293.7 -5382.3 -7.9 117 0 9.7 12.4 5.0 2.5 2 1 2 1 1
-6361.0 -5353.7 -8.2 34 0 10.6 26.2 7.5 2.5 2 1 3 5 5
-6408.4 -5346.1 -8.2 135 0 7.1 19.0 7.5 2.5 2 1 3 1 1
-6401.0 -5401.0 -8.9 324 0 10.0 7.3 2.5 2.5 2 0 1 2 2
-6535.8 -5252.4 -4.9 334 0 7.9 6.0 5.0 0.0 0 0 2 1 1
-6675.6 -5836.8 -8.6 2 0 6.8 9.1 7.5 2.5 2 1 3 4 4
-6625.4 -6091.7 -8.3 2 0 11.3 9.1 7.5 2.5 2 0 3 0 0
-6618.4 -5899.5 -8.7 318 0 8.8 10.0 5.0 2.5 2 1 2 5 5
-6535.2 -5927.0 -10.3 267 0 6.5 12.8 7.5 2.5 2 1 3 0 0
-6559.7 -5936.7 -9.9 270 0 9.1 10.3 5.0 2.5 2 1 2 1 1
-6499.1 -5912.0 -10.5 30 0 7.2 11.8 2.5 2.5 2 1 1 4 4
-6504.5 -5953.9 -10.6 351 0 7.5 11.5 7.5 2.5 2 1 3 5 5
-6399.9 -5838.6 -13.1 287 0 9.8 14.3 5.0 0.0 0 1 2 3 3
-6432.3 -5891.3 -11.5 296 0 13.7 9.4 7.5 2.5 2 0 3 2 2
-6458.0 -6001.0 -11.3 49 0 14.4 6.7 2.5 2.5 2 0 1 5 5
-6497.4 -6044.2 -9.5 69 0 10.0 15.3 5.0 2.5 2 1 2 4 4
-6519.0 -6031.2 -9.3 82 0 8.6 15.4 7.5 2.5 2 1 3 1 1
-6552.2 -6041.0 -8.1 85 0 12.5 6.8 7.5 2.5 2 0 3 3 3
-6592.5 -6041.4 -7.3 349 0 6.8 8.1 2.5 2.5 2 1 1 5 5
-6620.2 -6048.7 -7.1 77 0 12.2 6.7 5.0 0.0 0 0 2 0 0
-6538.1 -6074.8 -8.5 353 0 9.0 7.1 7.5 2.5 2 0 3 1 1
-6594.6 -6088.8 -8.2 179 0 11.2 10.6 5.0 0.0 0 0 2 2 2
-6466.7 -6137.8 -11.8 187 0 22.0 12.1 7.5 2.5 2 0 3 3 3
-6480.9 -6203.3 -12.9 199 0 16.9 8.1 7.5 2.5 4 0 3 3 3
-6535.7 -6176.8 -11.3 270 0 10.8 16.2 5.0 2.5 2 1 2 1 1
-6524.4 -6282.0 -13.2 0 0 6.8 7.9 7.5 2.5 2 1 3 4 4
-6615.5 -6361.3 -11.9 4 0 7.7 8.0 7.5 2.5 4 1 3 1 1
-6607.0 -6284.2 -12.3 13 0 9.1 7.8 2.5 2.5 2 0 1 3 3
-6569.1 -6305.9 -12.7 107 0 7.1 12.8 7.5 2.5 2 1 3 0 0
-6521.3 -6347.7 -14.1 270 0 6.2 12.7 7.5 2.5 2 1 3 2 2
-6646.9 -6436.7 -12.7 93 0 14.9 10.9 5.0 2.5 2 0 2 0 0
-6671.9 -6346.4 -11.1 124 0 7.8 8.1 5.0 2.5 2 1 2 3 3
-6801.2 -6300.8 -12.8 118 0 7.6 20.3 5.0 2.5 2 1 2 0 0
-6512.8 -4801.4 -1.4 6 0 9.5 6.5 7.5 2.5 2 0 3 4 4
-6567.9 -4846.0 -2.0 188 0 8.9 6.7 5.0 2.5 2 0 2 1 1
-6507.5 -4973.3 -3.8 10 0 11.1 12.2 5.0 2.5 2 1 2 3 3
-6506.7 -5065.8 -5.0 112 0 8.6 9.9 5.0 2.5 2 1 2 2 2
-6513.0 -5027.7 -4.9 205 0 7.5 14.6 10.0 2.5 2 1 4 5 5
-6345.9 -5174.1 -8.4 113 0 6.4 7.4 5.0 0.0 0 1 2 2 2
-6307.8 -5028.2 -6.9 116 0 10.4 12.0 5.0 2.5 2 1 2 4 4
-6527.9 -5310.7 -6.6 138 0 7.1 6.1 7.5 2.5 2 0 3 5 5
-6502.7 -5338.8 -8.3 143 0 6.9 8.2 7.5 0.0 0 1 3 0 0
-6546.2 -5160.4 -4.3 0 0 8.7 6.3 2.5 2.5 4 0 1 0 0
-6573.5 -5099.0 -3.9 2 0 17.2 9.1 5.0 2.5 2 0 2 2 2
-6493.5 -5218.0 -4.7 181 0 7.4 12.6 2.5 2.5 2 1 1 3 3
-6500.9 -5149.3 -4.9 187 0 11.4 9.0 5.0 2.5 2 0 2 0 0
-6774.6 -6132.7 -10.0 52 0 6.9 9.0 7.5 2.5 2 1 3 3 3
-6772.0 -6167.4 -10.7 236 0 10.5 8.3 10.0 2.5 2 0 4 2 2
-6248.3 -5600.9 -9.6 290 0 13.5 8.3 7.5 2.5 2 0 3 3 3
-6308.8 -5538.0 -9.8 343 0 11.2 7.2 5.0 2.5 2 0 2 4 4
-6306.4 -5489.8 -8.5 168 0 6.3 10.9 7.5 2.5 2 1 3 5 5
2855.9 6366.9 0.7 267 0 9.4 32.8 14.0 0.0 0 1 4 2 2
3007.0 6390.3 -2.4 353 0 10.3 36.7 14.0 3.5 2 1 4 5 5
2994.6 6338.8 -1.1 353 0 12.5 38.4 14.0 3.5 2 1 4 3 3
3586.8 5768.8 3.2 271 0 9.4 14.2 7.5 0.0 0 1 3 1 1
3621.9 5865.1 3.3 357 0 10.7 14.3 10.0 2.5 2 1 4 4 4
3587.1 5948.5 0.8 117 0 7.9 11.9 7.5 2.5 2 1 3 3 3
3578.6 5914.8 2.0 195 0 9.2 13.5 5.0 2.5 2 1 2 2 2
330.2 -6261.7 -11.7 200 0 12.2 13.3 10.0 2.5 2 1 4 3 3
260.4 -6321.4 -12.5 31 0 10.2 9.9 7.5 2.5 2 0 3 1 1
307.3 -6337.7 -13.7 103 0 6.2 9.8 2.5 2.5 2 1 1 0 0
349.6 -6452.5 -16.0 354 0 26.4 7.2 7.5 2.5 2 0 3 3 3
332.0 -6438.7 -16.1 265 0 9.4 40.3 10.0 2.5 2 1 4 5 5
239.5 -6456.0 -15.9 200 0 8.6 7.7 7.5 2.5 4 0 3 2 2
296.8 -6495.7 -16.4 93 0 7.3 12.0 7.5 2.5 2 1 3 1 1
261.4 -6496.9 -16.2 100 0 16.1 10.0 5.0 2.5 2 0 2 0 0
236.7 -6503.4 -16.1 89 0 8.2 7.5 7.5 2.5 4 0 3 5 5
221.9 -6498.3 -16.0 87 0 6.9 7.7 2.5 2.5 4 1 1 3 3
286.3 -6529.1 -17.1 293 0 11.9 9.1 10.0 2.5 2 0 4 5 5
252.6 -6558.5 -17.5 97 0 6.9 7.1 5.0 2.5 2 1 2 0 0
265.0 -6526.7 -17.0 269 0 6.4 10.3 5.0 0.0 0 1 2 3 3
252.0 -6526.8 -16.9 272 0 14.9 9.0 7.5 2.5 2 0 3 3 3
106.1 -6664.0 -19.2 181 0 9.6 10.0 10.0 0.0 0 1 4 4 4
140.4 -6568.4 -17.5 346 0 11.9 16.2 10.0 2.5 2 1 4 5 5
122.9 -6472.5 -17.2 292 0 6.5 7.5 10.0 0.0 0 1 4 5 5
101.0 -6530.3 -20.0 16 0 14.1 13.2 5.0 2.5 2 0 2 0 0
58.8 -6553.7 -21.9 206 0 11.1 9.0 5.0 2.5 4 0 2 0 0
93.1 -6583.8 -18.8 351 0 8.7 11.6 7.5 2.5 4 1 3 1 1
64.8 -6630.2 -18.3 22 0 11.8 12.5 7.5 2.5 4 1 3 3 3
-3444.4 -6260.6 -9.4 128 0 13.4 10.7 5.0 2.5 2 0 2 3 3
-3407.8 -6258.8 -9.6 37 0 7.8 11.3 7.5 0.0 0 1 3 5 5
-3083.9 -6638.5 -9.4 304 0 6.5 31.9 7.5 2.5 4 1 3 4 4
-3075.6 -6644.3 -9.4 304 0 6.6 31.4 5.0 2.5 2 1 2 0 0
-3054.4 -6657.3 -9.2 303 0 33.0 7.0 10.0 2.5 2 0 4 5 5
-3048.5 -6677.9 -9.5 33 0 6.2 32.6 2.5 2.5 2 1 1 1 1
-3659.8 -6348.9 -4.6 214 0 9.7 20.9 5.0 2.5 2 1 2 0 0
-3100.7 -5929.5 -10.5 207 0 9.6 15.5 2.5 2.5 2 1 1 2 2
-3307.3 -6785.0 -6.5 302 0 7.6 6.2 7.5 2.5 4 0 3 1 1
-3583.3 -6679.9 -0.4 288 0 14.1 7.1 2.5 2.5 2 0 1 2 2
-3459.4 -6641.2 -2.3 295 0 8.9 8.3 5.0 2.5 2 0 2 1 1
-3379.6 -6795.6 -4.8 219 0 29.3 6.4 5.0 0.0 0 0 2 4 4
-6859.8 -6182.1 -11.5 169 0 7.8 11.0 5.0 2.5 2 1 2 3 3
-6624.6 -6410.7 -12.2 7 0 12.1 13.4 10.0 2.5 2 1 4 0 0
-6790.8 -6127.4 -10.1 54 0 10.5 9.4 5.0 2.5 2 0 2 1 1
-6604.9 -6186.2 -10.6 181 0 17.1 9.5 7.5 2.5 2 0 3 3 3
-5137.5 -2077.8 6.7 101 0 14.1 11.6 7.5 2.5 2 0 3 5 5
-4463.1 -1954.6 7.1 184 0 15.4 13.1 5.0 2.5 4 0 2 3 3
-6143.4 -2235.8 10.3 93 0 6.1 16.5 2.5 2.5 2 1 1 2 2
-5273.7 -2174.5 6.3 178 0 6.1 8.6 7.5 2.5 4 1 3 5 5
-5231.3 -2189.0 6.1 7 0 9.7 13.6 10.0 2.5 2 1 4 4 4
-5140.2 -1943.6 8.4 231 0 8.0 14.0 7.5 2.5 2 1 3 4 4
-5067.7 -2082.6 6.1 281 0 7.8 8.8 7.5 2.5 2 1 3 2 2
-5544.8 -2021.9 7.7 181 0 13.2 14.5 7.5 2.5 2 1 3 5 5
-5474.1 -2008.6 8.8 281 0 9.5 10.7 2.5 2.5 2 1 1 3 3
-5502.1 -2013.7 8.2 270 0 12.7 9.6 5.0 2.5 2 0 2 2 2
-5428.8 -2090.8 9.7 91 0 10.5 7.9 7.5 2.5 2 0 3 3 3
-5424.0 -2046.2 9.7 11 0 10.3 14.0 7.5 2.5 4 1 3 5 5
-5337.7 -1976.1 9.2 100 0 6.1 11.0 7.5 2.5 2 1 3 4 4
-5399.2 -2082.5 9.2 281 0 15.1 11.3 7.5 2.5 2 0 3 3 3
-5322.0 -2039.7 8.4 185 0 12.9 12.0 10.0 2.5 2 0 4 3 3
-5267.9 -2069.9 7.7 275 0 7.4 14.1 5.0 2.5 2 1 2 4 4
-5288.2 -2132.4 7.0 179 0 9.0 12.7 7.5 2.5 2 1 3 2 2
-5274.7 -2121.7 7.0 183 0 14.7 13.3 7.5 2.5 2 0 3 1 1
-4988.0 -2433.4 2.8 2 0 7.5 9.9 7.5 2.5 2 1 3 3 3
-5041.5 -2272.4 5.1 178 0 8.2 14.0 10.0 2.5 2 1 4 0 0
-4999.3 -2258.8 5.1 283 0 11.4 14.2 5.0 2.5 2 1 2 0 0
-5100.6 -2165.8 5.9 122 0 10.0 13.0 10.0 2.5 2 1 4 2 2
-5095.6 -2286.7 5.0 113 0 8.4 7.4 5.0 2.5 2 0 2 3 3
-5099.9 -2233.6 5.6 14 0 13.4 16.9 7.5 2.5 2 1 3 3 3
420.2 -5705.0 -2.9 100 0 8.7 13.1 5.0 2.5 2 1 2 1 1
400.8 -5789.9 -5.4 118 0 7.6 12.3 7.5 2.5 2 1 3 5 5
403.9 -5946.3 -7.5 99 0 10.2 14.0 7.5 2.5 4 1 3 1 1
506.6 -5913.9 -8.8 14 0 11.4 9.6 5.0 2.5 2 0 2 0 0
487.8 -5963.5 -8.5 35 0 8.7 13.4 7.5 2.5 2 1 3 0 0
463.3 -6146.4 -10.5 106 0 10.1 16.4 10.0 0.0 0 1 4 5 5
494.0 -6465.2 -20.4 112 0 11.0 8.9 5.0 0.0 0 0 2 0 0
508.0 -6542.7 -22.5 105 0 9.7 8.2 2.5 2.5 2 0 1 0 0
402.7 -6398.7 -17.8 269 0 12.9 12.4 10.0 2.5 2 0 4 3 3
367.1 -6473.8 -16.4 345 0 12.3 11.2 5.0 2.5 2 0 2 5 5
373.4 -6496.4 -17.2 286 0 9.8 11.0 5.0 2.5 2 1 2 0 0
423.8 -6525.3 -19.7 354 0 11.0 14.2 2.5 2.5 2 1 1 1 1
354.4 -6609.9 -19.4 122 0 12.1 13.9 10.0 2.5 2 1 4 3 3
2438.0 -6045.4 -20.1 301 0 7.2 8.4 7.5 2.5 2 1 3 4 4
2187.0 -6102.9 -17.5 120 0 11.1 9.0 10.0 2.5 2 0 4 5 5
2103.4 -6308.6 -17.9 125 0 11.8 7.4 7.5 2.5 2 0 3 2 2
2018.3 -6319.9 -16.8 122 0 10.7 10.5 5.0 2.5 2 0 2 1 1
2082.3 -6408.3 -19.7 203 0 10.6 6.9 5.0 2.5 2 0 2 2 2
2054.0 -6491.9 -21.6 145 0 8.5 11.5 5.0 0.0 0 1 2 4 4
2231.3 -6409.5 -19.9 316 0 9.4 9.6 7.5 2.5 2 1 3 4 4
2460.7 -6206.4 -16.4 233 0 11.7 7.6 2.5 2.5 4 0 1 0 0
2505.1 -6180.1 -16.9 325 0 10.6 13.9 5.0 2.5 4 1 2 0 0
2572.8 -6040.5 -22.1 252 0 12.1 8.4 5.0 2.5 2 0 2 5 5
2593.5 -6090.7 -20.5 129 0 8.6 7.6 7.5 2.5 2 0 3 4 4
2618.9 -6233.5 -17.6 141 0 7.5 16.5 7.5 2.5 2 1 3 3 3
2683.3 -6239.7 -17.9 39 0 11.4 9.6 5.0 2.5 2 0 2 3 3
2641.3 -6181.6 -18.9 221 0 12.2 6.5 5.0 2.5 2 0 2 1 1
2687.3 -6091.7 -20.7 27 0 9.7 10.7 2.5 2.5 2 1 1 2 2
2711.5 -6114.1 -20.6 225 0 12.2 12.6 7.5 2.5 2 1 3 5 5
2484.9 -6438.1 -18.5 41 0 10.7 7.9 2.5 2.5 2 0 1 3 3
2429.9 -6448.4 -19.4 299 0 7.7 12.3 5.0 2.5 4 1 2 3 3
2379.4 -6396.9 -17.5 35 0 7.5 10.6 10.0 2.5 2 1 4 4 4
2339.6 -6429.7 -17.7 65 0 10.5 8.9 7.5 0.0 0 0 3 2 2
2277.4 -6467.3 -17.9 61 0 12.2 8.6 7.5 2.5 2 0 3 4 4
2227.3 -6464.2 -18.8 233 0 9.1 8.0 7.5 0.0 0 0 3 2 2
2155.6 -6555.4 -19.7 56 0 10.9 10.7 2.5 2.5 4 0 1 4 4
2115.6 -6590.0 -20.4 130 0 9.2 13.2 7.5 2.5 2 1 3 4 4
2115.6 -6490.2 -20.5 59 0 16.0 9.0 7.5 2.5 2 0 3 0 0
2114.6 6194.3 3.8 234 0 7.2 9.9 14.0 3.5 2 1 4 0 0
2105.1 6186.7 4.2 256 0 10.6 12.7 14.0 3.5 2 1 4 3 3
2115.3 6344.7 2.2 251 0 12.9 16.3 14.0 3.5 2 1 4 0 0
2163.1 6309.8 0.5 88 0 12.3 14.0 14.0 3.5 2 1 4 3 3
403.6 5389.9 10.6 116 0 9.3 9.4 10.0 2.5 2 1 4 3 3
2120.8 6134.2 4.6 73 0 10.2 8.2 14.0 3.5 2 0 4 2 2
2141.1 6206.4 2.6 349 0 18.6 11.1 14.0 3.5 2 0 4 3 3
2228.8 6233.8 -1.0 152 0 10.7 13.0 14.0 3.5 2 1 4 3 3
2198.3 6394.9 0.0 325 0 12.7 15.9 10.5 3.5 2 1 3 3 3
2110.5 6370.8 2.2 67 0 14.0 16.3 10.5 3.5 2 1 3 0 0
2117.0 6479.5 0.4 46 0 9.2 8.9 10.5 3.5 2 0 3 0 0
1922.1 6238.0 4.0 78 0 18.0 16.5 14.0 3.5 2 0 4 1 1
1936.6 6292.1 3.7 256 0 13.8 15.3 14.0 3.5 2 1 4 4 4
1814.8 6171.7 5.9 148 0 14.5 12.9 14.0 3.5 2 0 4 5 5
1880.6 6165.1 7.1 246 0 11.6 14.4 14.0 3.5 2 1 4 2 2
1915.7 5956.7 10.2 163 0 11.7 10.9 14.0 3.5 2 0 4 5 5
2004.8 5895.1 12.7 62 0 48.8 16.1 14.0 3.5 2 0 4 1 1
2025.6 5983.8 10.2 156 0 38.8 11.5 14.0 3.5 2 0 4 3 3
2041.2 6007.9 9.7 335 0 14.7 10.7 14.0 0.0 0 0 4 3 3
2071.1 5965.3 10.2 334 0 15.3 16.7 14.0 0.0 0 1 4 1 1
2053.1 5937.8 11.1 65 0 11.4 21.6 14.0 3.5 2 1 4 2 2
684.6 5381.1 11.0 206 0 6.5 10.1 2.5 2.5 2 1 1 5 5
717.5 5376.8 11.6 296 0 8.0 8.8 7.5 2.5 2 1 3 3 3
3088.3 -5452.6 -18.9 333 0 11.9 16.7 7.5 2.5 2 1 3 3 3
851.4 5368.6 14.2 110 0 11.3 25.3 12.5 2.5 4 1 5 0 0
3304.8 228.7 -7.9 291 0 9.7 14.4 10.0 2.5 2 1 4 4 4
865.1 5367.8 14.5 118 0 12.2 18.0 7.5 2.5 4 1 3 5 5
3288.6 167.1 -7.4 96 0 7.0 9.3 5.0 2.5 2 1 2 3 3
3313.9 -5279.4 -15.9 77 0 8.8 9.9 7.5 2.5 2 1 3 5 5
3595.4 -5220.8 -22.3 181 0 9.7 14.4 7.5 2.5 2 1 3 4 4
2055.2 6064.9 7.2 69 0 10.9 14.0 14.0 3.5 2 1 4 5 5
2111.6 5998.4 8.5 255 0 8.3 15.3 14.0 3.5 2 1 4 4 4
2146.6 5932.1 10.8 352 0 13.6 60.6 14.0 3.5 2 1 4 4 4
2235.9 5950.0 8.5 160 0 16.3 8.5 14.0 3.5 2 0 4 3 3
2263.7 6001.2 7.4 243 0 10.6 13.8 14.0 3.5 2 1 4 3 3
2293.5 5966.8 7.9 63 0 12.8 15.0 14.0 3.5 2 1 4 4 4
2264.2 6029.6 6.7 248 0 11.7 15.6 14.0 3.5 2 1 4 1 1
2296.5 6025.8 6.8 246 0 12.8 19.0 14.0 3.5 2 1 4 4 4
2257.8 5945.0 8.1 64 0 8.5 28.6 14.0 3.5 2 1 4 0 0
2306.2 6122.4 1.9 162 0 13.1 14.3 14.0 3.5 2 1 4 3 3
2361.7 6001.1 7.4 67 0 12.9 25.9 14.0 3.5 2 1 4 2 2
2334.7 6137.2 1.6 344 0 13.2 9.7 14.0 3.5 2 0 4 3 3
2349.2 6136.8 1.9 339 0 8.3 11.1 14.0 3.5 2 1 4 4 4
2345.1 6089.8 2.5 69 0 10.4 32.1 14.0 3.5 4 1 4 3 3
2350.1 6157.0 1.5 344 0 10.5 10.4 14.0 3.5 2 0 4 4 4
2470.7 5934.6 9.3 92 0 12.1 22.5 14.0 3.5 2 1 4 5 5
2437.5 5951.8 10.3 204 0 9.7 13.9 14.0 3.5 2 1 4 2 2
3598.3 -5147.8 -21.8 76 0 11.1 13.4 5.0 2.5 2 1 2 2 2
3054.7 219.1 -3.5 233 0 6.9 8.3 5.0 2.5 2 1 2 2 2
3086.4 247.0 -4.7 213 0 7.8 9.9 10.0 2.5 2 1 4 0 0
3756.9 -5260.7 -24.9 93 0 7.7 9.7 7.5 2.5 2 1 3 0 0
2943.8 -5357.4 -19.9 110 0 11.9 13.9 5.0 2.5 2 1 2 4 4
2935.3 -5268.3 -18.5 99 0 12.3 11.0 5.0 2.5 2 0 2 0 0
3024.6 127.1 -3.3 56 0 9.8 9.1 7.5 2.5 2 0 3 1 1
2929.7 -5154.7 -16.0 72 0 13.6 14.2 7.5 2.5 2 1 3 2 2
2867.4 -5093.0 -15.6 179 0 15.5 16.2 7.5 2.5 2 1 3 2 2
2888.0 -5052.8 -16.0 264 0 10.2 15.1 2.5 2.5 2 1 1 5 5
2974.5 155.0 -2.1 233 0 11.0 11.2 7.5 2.5 2 1 3 4 4
2914.5 70.4 -3.4 137 0 8.2 10.5 5.0 2.5 2 1 2 0 0
1806.3 4710.8 8.5 35 0 10.2 14.3 7.5 2.5 2 1 3 5 5
1756.9 4632.7 8.6 31 0 10.0 10.9 2.5 2.5 2 1 1 2 2
1741.0 4534.2 8.7 213 0 8.0 13.6 7.5 2.5 2 1 3 3 3
1729.1 4588.2 7.6 25 0 10.3 6.0 5.0 0.0 0 0 2 0 0
1795.6 4787.4 9.0 224 0 6.7 12.4 7.5 2.5 2 1 3 3 3
1832.8 4833.9 7.4 211 0 7.0 16.7 10.0 2.5 2 1 4 2 2
1795.0 4617.5 8.8 227 0 6.7 11.1 5.0 2.5 2 1 2 2 2
1842.9 4759.7 7.5 33 0 11.6 10.5 7.5 2.5 2 0 3 3 3
1914.2 4792.6 7.4 213 0 12.3 8.4 7.5 2.5 2 0 3 2 2
1895.7 4857.7 7.4 35 0 10.0 9.7 7.5 2.5 2 0 3 0 0
1848.9 4924.7 7.3 29 0 8.1 10.5 7.5 2.5 2 1 3 5 5
1817.9 4974.2 7.6 206 0 8.4 12.7 7.5 2.5 2 1 3 1 1
1897.1 5003.2 7.7 26 0 9.3 15.9 5.0 2.5 2 1 2 1 1
1850.4 5025.8 7.3 218 0 9.8 15.9 5.0 2.5 2 1 2 1 1
1874.2 5059.9 7.4 305 0 11.6 10.5 7.5 2.5 2 0 3 5 5
1795.4 5065.6 8.7 312 0 6.5 7.5 7.5 2.5 2 1 3 2 2
1728.7 4946.6 11.0 129 0 11.4 12.1 5.0 2.5 2 1 2 4 4
1767.1 4931.8 9.9 35 0 7.4 9.0 5.0 2.5 2 1 2 0 0
1745.6 4974.1 10.5 306 0 7.3 6.7 10.0 2.5 2 0 4 5 5
1776.8 5038.5 9.1 130 0 8.4 8.9 7.5 2.5 2 1 3 0 0
1583.5 5311.4 10.1 320 0 16.3 13.0 2.5 2.5 2 0 1 2 2
373.9 5243.1 14.0 56 0 9.0 8.6 5.0 2.5 2 0 2 0 0
484.0 5100.9 14.6 338 0 6.2 15.5 7.5 2.5 2 1 3 2 2
500.3 5137.5 13.1 263 0 14.3 13.3 7.5 2.5 2 0 3 1 1
462.5 5076.8 15.5 77 0 12.2 11.7 5.0 2.5 2 0 2 0 0
421.8 5004.5 17.3 59 0 8.2 10.2 7.5 2.5 2 1 3 4 4
515.7 5041.1 12.8 70 0 12.0 16.4 7.5 2.5 4 1 3 2 2
617.3 5152.5 12.6 85 0 6.8 10.0 2.5 2.5 2 1 1 0 0
655.4 5174.9 13.0 350 0 6.1 11.5 7.5 2.5 2 1 3 3 3
2256.6 5885.5 12.5 343 0 11.9 19.4 14.0 3.5 2 1 4 5 5
2355.3 5908.4 11.9 69 0 21.9 15.0 14.0 3.5 2 0 4 3 3
2322.5 5933.6 9.8 156 0 22.6 12.9 14.0 3.5 4 0 4 4 4
2438.4 5809.4 10.4 38 0 13.5 10.4 14.0 0.0 0 0 4 4 4
2214.6 5769.6 10.9 328 0 14.3 14.9 14.0 3.5 2 1 4 3 3
2213.5 5873.6 12.1 254 0 18.8 13.5 14.0 0.0 0 0 4 2 2
2419.9 6036.8 6.4 155 0 14.9 15.2 14.0 3.5 2 1 4 0 0
2422.8 6102.5 4.1 261 0 6.9 19.1 14.0 3.5 2 1 4 5 5
2470.4 6053.5 5.2 59 0 16.4 30.6 14.0 3.5 2 1 4 3 3
2533.7 5994.4 7.7 133 0 18.7 15.4 14.0 3.5 2 0 4 4 4
2499.0 6210.5 3.1 169 0 22.0 21.4 14.0 3.5 2 0 4 0 0
2513.7 6137.3 4.4 159 0 23.6 9.8 14.0 0.0 0 0 4 2 2
2521.2 6115.9 5.0 244 0 7.2 8.0 14.0 0.0 0 1 4 3 3
2526.3 6140.6 4.4 159 0 21.4 8.5 14.0 3.5 2 0 4 4 4
2551.8 6119.9 4.7 157 0 14.7 7.7 14.0 3.5 4 0 4 3 3
2576.8 6107.0 4.7 66 0 9.9 21.4 14.0 3.5 2 1 4 2 2
2528.6 6106.5 5.1 242 0 16.9 20.5 14.0 3.5 2 1 4 4 4
2511.8 6030.1 6.6 152 0 19.5 14.9 14.0 3.5 2 0 4 0 0
2509.6 6181.4 3.6 155 0 17.6 19.8 14.0 3.5 2 1 4 3 3
2605.6 6123.0 4.0 68 0 14.2 42.2 14.0 3.5 2 1 4 0 0
2626.9 6155.7 3.8 67 0 8.9 15.2 14.0 3.5 2 1 4 5 5
2671.7 6158.6 3.3 62 0 29.8 16.1 14.0 3.5 2 0 4 5 5
2662.6 6176.5 3.8 66 0 30.8 10.1 14.0 3.5 2 0 4 1 1
2649.5 6203.6 3.9 244 0 31.7 11.7 14.0 3.5 2 0 4 2 2
2610.6 6228.4 3.8 243 0 12.9 30.6 14.0 0.0 0 1 4 3 3
2725.6 6183.3 0.8 61 0 11.7 22.2 14.0 3.5 2 1 4 4 4
2720.2 6238.6 -1.7 236 0 8.6 17.1 14.0 3.5 2 1 4 5 5
2759.7 6200.7 -0.4 57 0 9.8 29.4 14.0 3.5 2 1 4 2 2
2696.0 6226.9 -1.1 255 0 15.5 18.4 14.0 0.0 0 1 4 1 1
2783.0 6212.0 0.2 56 0 18.9 32.8 14.0 0.0 0 1 4 4 4
2736.1 6253.7 -0.8 234 0 11.3 18.9 14.0 3.5 2 1 4 2 2
2799.7 6221.8 1.4 66 0 9.8 13.1 14.0 3.5 2 1 4 2 2
2786.2 6263.0 2.0 256 0 14.0 20.9 14.0 0.0 0 1 4 3 3
2042.2 -197.8 0.7 288 0 10.3 10.3 7.5 2.5 2 0 3 1 1
3236.0 -3901.3 -16.7 207 0 6.0 9.3 7.5 2.5 2 1 3 3 3
1858.4 -128.4 2.3 68 0 16.9 9.4 7.5 2.5 2 0 3 5 5
1747.8 -178.2 4.6 95 0 13.1 14.0 5.0 2.5 2 1 2 0 0
1868.3 -55.9 2.3 244 0 12.3 20.0 2.5 2.5 2 1 1 4 4
2826.0 6288.1 1.1 178 0 25.8 9.0 14.0 3.5 2 0 4 1 1
2838.6 6287.4 0.6 180 0 27.8 8.3 14.0 3.5 2 0 4 2 2
2850.0 6288.3 0.2 179 0 28.9 7.7 14.0 3.5 2 0 4 2 2
2855.2 6237.9 -0.1 171 0 14.7 13.6 14.0 3.5 2 0 4 0 0
2878.1 6236.7 0.0 84 0 7.3 20.6 14.0 3.5 2 1 4 2 2
2863.4 6280.1 0.2 179 0 10.6 32.5 14.0 3.5 2 1 4 4 4
2940.3 6298.8 0.4 359 0 10.0 19.9 14.0 3.5 2 1 4 3 3
2856.9 6201.1 0.7 177 0 18.0 14.0 14.0 3.5 2 0 4 1 1
2879.3 6131.7 1.9 169 0 51.5 10.2 14.0 3.5 2 0 4 4 4
2883.0 6168.5 1.6 352 0 13.8 8.6 14.0 0.0 0 0 4 5 5
2902.0 6193.1 1.1 85 0 23.4 10.9 14.0 3.5 2 0 4 0 0
2913.4 6210.4 0.7 88 0 9.6 10.6 14.0 0.0 0 1 4 5 5
2957.0 6146.5 2.3 84 0 11.2 12.5 14.0 0.0 0 1 4 4 4
2966.7 6146.6 1.7 165 0 9.8 19.0 14.0 3.5 2 1 4 0 0
2931.8 6081.9 2.5 1 0 9.6 32.1 14.0 3.5 2 1 4 4 4
3015.1 6208.5 0.1 108 0 35.3 9.7 14.0 3.5 2 0 4 2 2
3060.6 6093.1 -2.7 28 0 11.8 20.7 7.5 2.5 2 1 3 2 2
3044.0 6180.1 -1.0 138 0 18.3 16.9 14.0 3.5 2 0 4 0 0
3037.1 6302.8 -1.7 243 0 17.2 23.7 14.0 0.0 0 1 4 4 4
3112.5 6224.9 -2.6 350 0 16.1 16.8 14.0 3.5 2 1 4 4 4
3097.5 6327.5 -2.5 191 0 31.3 23.9 14.0 0.0 0 0 4 3 3
3162.3 6261.9 -2.0 121 0 25.3 12.3 14.0 3.5 2 0 4 3 3
3200.6 6260.5 -2.1 86 0 16.5 14.1 14.0 3.5 2 0 4 1 1
3217.0 6283.9 -2.6 266 0 10.0 21.7 14.0 3.5 2 1 4 2 2
3227.1 6239.7 -3.2 95 0 63.8 12.1 14.0 0.0 0 0 4 0 0
3244.9 6291.1 -3.5 258 0 17.6 13.6 14.0 0.0 0 0 4 5 5
3270.6 6271.4 -3.9 284 0 15.1 11.4 14.0 3.5 4 0 4 2 2
3300.1 6252.0 -4.4 26 0 26.3 12.7 14.0 3.5 2 0 4 4 4
3215.0 6342.6 -2.8 331 0 13.4 23.8 14.0 3.5 2 1 4 2 2
3198.6 6348.3 -2.6 53 0 20.2 33.4 14.0 0.0 0 1 4 3 3
3194.7 6419.1 -3.9 326 0 16.2 42.7 14.0 3.5 2 1 4 5 5
3074.5 -3881.2 -18.3 203 0 10.5 9.8 7.5 2.5 2 0 3 4 4
3088.4 -3708.4 -17.3 97 0 13.8 11.6 5.0 2.5 2 0 2 2 2
2749.9 -3644.5 -14.3 122 0 10.7 6.7 7.5 0.0 0 0 3 1 1
3244.8 6366.1 -3.8 335 0 15.9 19.8 14.0 3.5 4 1 4 3 3
3151.0 6446.0 -4.9 321 0 21.5 19.0 14.0 0.0 0 0 4 3 3
3113.3 6441.9 -4.7 255 0 15.7 29.3 14.0 3.5 2 1 4 2 2
3136.8 6379.8 -2.9 153 0 10.5 12.8 14.0 3.5 4 1 4 4 4
3213.5 6514.5 -5.7 179 0 18.0 15.8 7.5 0.0 0 0 3 4 4
3231.1 6530.6 -5.6 173 0 10.8 28.8 7.5 2.5 2 1 3 3 3
3285.4 6547.8 -5.7 328 0 36.5 13.1 10.0 2.5 2 0 4 5 5
3238.2 6590.7 -4.1 173 0 16.9 17.7 10.0 2.5 2 1 4 4 4
3273.1 6629.6 -3.9 217 0 13.2 22.0 10.0 2.5 2 1 4 1 1
3316.5 6637.8 -4.1 2 0 43.5 21.7 7.5 0.0 0 0 3 0 0
3066.2 6838.1 -2.2 5 0 15.4 20.0 12.5 2.5 2 1 5 5 5
3167.9 6724.0 -2.9 348 0 12.8 18.4 5.0 2.5 2 1 2 5 5
3159.4 6798.1 -2.6 345 0 13.3 9.5 7.5 2.5 2 0 3 4 4
3040.6 6776.9 -1.4 18 0 17.3 12.6 5.0 2.5 2 0 2 1 1
774.1 -761.2 1.2 95 0 11.3 11.6 7.5 2.5 2 1 3 4 4
774.7 -1173.1 -0.2 106 0 11.3 12.2 7.5 0.0 0 1 3 3 3
609.4 -1070.2 4.4 200 0 10.0 15.1 5.0 2.5 2 1 2 1 1
655.8 -1174.4 1.8 345 0 7.4 11.5 5.0 2.5 2 1 2 5 5
696.2 -1457.2 -1.1 109 0 12.3 12.4 7.5 2.5 2 1 3 5 5
1196.5 5388.1 15.5 62 0 6.9 11.6 5.0 2.5 2 1 2 3 3
1219.5 5394.0 15.4 40 0 7.3 23.7 7.5 2.5 2 1 3 2 2
1294.3 5368.9 18.0 60 0 13.4 12.5 10.0 2.5 2 0 4 5 5
1314.7 5434.2 16.1 248 0 21.3 13.6 10.0 2.5 4 0 4 4 4
1377.0 5412.5 15.1 76 0 17.9 15.3 10.0 2.5 2 0 4 4 4
1346.3 5467.0 15.4 257 0 15.0 12.3 5.0 2.5 2 0 2 3 3
1387.5 5475.2 15.6 255 0 19.1 18.1 7.5 2.5 4 0 3 4 4
1480.1 5417.9 14.0 65 0 44.0 66.1 10.0 0.0 0 1 4 5 5
1469.7 5523.2 15.0 243 0 29.1 59.3 12.5 0.0 0 1 5 5 5
1526.7 5442.9 13.0 335 0 44.2 32.1 10.0 0.0 0 0 4 0 0
1559.5 5383.2 11.0 344 0 26.3 22.7 10.0 0.0 0 0 4 4 4
1681.8 5366.3 10.1 251 0 6.1 12.6 7.5 0.0 0 1 3 1 1
1815.8 5399.4 10.1 311 0 19.7 9.8 2.5 2.5 2 0 1 2 2
1752.4 5401.7 10.5 222 0 6.8 18.2 5.0 0.0 0 1 2 3 3
1818.0 5433.3 10.9 134 0 9.6 14.0 5.0 2.5 4 1 2 1 1
1884.2 5385.0 9.2 138 0 9.7 15.4 5.0 2.5 2 1 2 1 1
1936.5 5335.9 7.5 136 0 11.2 15.0 7.5 2.5 2 1 3 1 1
1955.2 5380.5 6.8 209 0 16.2 11.3 7.5 2.5 2 0 3 5 5
1946.7 5399.0 7.0 129 0 10.9 13.0 7.5 2.5 2 1 3 5 5
1979.0 5327.4 6.1 125 0 9.4 15.4 7.5 2.5 2 1 3 2 2
2028.4 5387.3 5.8 294 0 13.0 15.6 10.0 2.5 2 1 4 3 3
2051.3 5353.5 5.3 321 0 9.2 14.1 7.5 2.5 2 1 3 3 3
2202.2 5358.0 4.3 207 0 9.0 12.5 7.5 2.5 2 1 3 2 2
2224.9 5397.4 4.7 208 0 9.5 18.6 7.5 2.5 2 1 3 0 0
2156.8 5483.8 7.9 312 0 10.0 12.1 7.5 2.5 2 1 3 5 5
2255.3 5441.2 5.2 207 0 17.3 19.1 7.5 0.0 0 1 3 1 1
2510.6 5646.4 -0.0 34 0 9.4 33.9 14.0 3.5 2 1 4 3 3
2400.6 5681.6 7.9 216 0 7.8 12.6 14.0 3.5 2 1 4 2 2
2464.2 5683.9 4.1 304 0 11.3 9.6 14.0 3.5 2 0 4 2 2
2507.8 5674.3 0.8 299 0 34.5 9.8 14.0 3.5 2 0 4 5 5
2447.1 5753.5 8.6 219 0 8.6 11.6 14.0 3.5 2 1 4 1 1
2494.6 5799.1 8.8 215 0 7.1 12.4 14.0 3.5 4 1 4 2 2
2517.8 5797.1 8.2 37 0 10.0 19.0 14.0 3.5 2 1 4 5 5
2511.7 5815.7 8.2 214 0 8.9 15.7 14.0 0.0 0 1 4 4 4
2569.4 5901.5 7.7 226 0 22.1 12.7 14.0 3.5 2 0 4 1 1
2553.6 5887.5 7.9 221 0 9.4 10.8 14.0 0.0 0 1 4 3 3
2632.5 5901.0 7.5 35 0 21.5 16.0 14.0 0.0 0 0 4 1 1
2700.0 5948.9 6.6 271 0 26.4 15.6 14.0 0.0 0 0 4 0 0
2700.0 5845.1 2.9 297 0 10.2 16.5 10.0 2.5 2 1 4 1 1
2714.1 5810.9 0.1 323 0 6.8 8.1 7.5 2.5 2 1 3 1 1
2688.6 6026.0 5.8 240 0 16.0 23.3 14.0 3.5 2 1 4 0 0
2700.8 6036.6 5.2 239 0 9.7 19.8 14.0 3.5 2 1 4 1 1
2735.6 6077.7 3.1 237 0 9.9 15.9 14.0 3.5 2 1 4 2 2
2747.0 5996.9 4.7 89 0 12.5 12.4 14.0 3.5 2 0 4 3 3
2725.4 6070.3 3.6 239 0 7.9 29.0 14.0 3.5 2 1 4 3 3
2749.2 6095.0 2.5 227 0 7.8 13.7 14.0 3.5 4 1 4 4 4
2565.1 5955.7 8.9 219 0 19.6 11.4 14.0 3.5 2 0 4 3 3
2640.4 6006.5 7.1 49 0 10.7 22.0 14.0 3.5 2 1 4 3 3
2645.2 6020.4 6.7 110 0 8.7 14.7 14.0 3.5 2 1 4 5 5
2627.6 6038.1 6.7 211 0 13.9 20.5 14.0 3.5 2 1 4 0 0
2670.1 6036.6 6.3 46 0 17.1 13.3 14.0 3.5 2 0 4 1 1
2695.8 6065.3 4.9 52 0 9.7 19.8 14.0 3.5 2 1 4 1 1
2675.0 6090.7 5.0 227 0 13.5 12.9 14.0 3.5 4 0 4 2 2
2876.8 -3699.2 -16.6 124 0 10.4 9.1 5.0 2.5 2 0 2 1 1
3357.5 6783.2 -4.9 65 0 13.0 26.3 7.5 2.5 2 1 3 0 0
3283.7 6842.9 -3.5 81 0 14.2 15.4 5.0 2.5 2 1 2 2 2
3537.5 6768.1 -5.6 82 0 14.1 16.4 5.0 0.0 0 1 2 2 2
3514.0 6866.5 -4.6 266 0 12.8 18.7 7.5 0.0 0 1 3 5 5
2148.4 -2699.9 -8.2 65 0 8.7 14.3 5.0 2.5 2 1 2 4 4
2119.5 -2545.6 -8.5 116 0 12.5 14.6 7.5 2.5 2 1 3 1 1
1909.9 -2231.5 -6.8 179 0 9.6 11.0 7.5 0.0 0 1 3 5 5
1911.1 -2197.8 -6.2 254 0 8.9 26.3 7.5 2.5 2 1 3 0 0
1898.7 -2186.5 -5.3 172 0 6.6 10.3 2.5 0.0 0 1 1 5 5
1897.2 -2149.8 -5.3 109 0 14.0 19.7 10.0 0.0 0 1 4 3 3
1916.5 -2160.3 -4.5 115 0 10.7 13.8 7.5 2.5 2 1 3 0 0
2008.2 -2114.8 -8.8 103 0 14.3 14.5 7.5 2.5 2 1 3 0 0
-1667.2 -2145.8 3.3 111 0 12.3 12.9 7.5 2.5 2 1 3 0 0
-1712.5 -1994.3 5.1 116 0 14.0 20.3 10.0 2.5 2 1 4 2 2
-1455.2 -2050.6 8.7 308 0 17.4 12.8 10.0 0.0 0 0 4 4 4
-1423.8 -2097.1 7.9 327 0 17.5 12.3 7.5 2.5 2 0 3 2 2
-1403.8 -2152.3 6.8 327 0 18.6 11.8 5.0 2.5 2 0 2 0 0
-1419.3 -2056.6 8.3 149 0 6.5 11.0 5.0 2.5 2 1 2 3 3
-1402.9 -2006.4 8.0 231 0 12.7 23.3 7.5 2.5 2 1 3 2 2
-1374.6 -2189.9 6.0 329 0 18.8 18.0 10.0 2.5 4 0 4 5 5
-1325.2 -2278.5 6.4 60 0 17.8 23.7 7.5 2.5 2 1 3 5 5
-1279.1 -2231.6 6.0 234 0 23.7 18.7 10.0 2.5 4 0 4 0 0
-1213.0 -2552.7 3.5 141 0 8.3 10.9 7.5 2.5 2 1 3 3 3
-1140.1 -2571.4 3.3 331 0 9.8 12.9 7.5 2.5 2 1 3 5 5
-1051.2 -2565.6 4.1 53 0 8.6 7.9 7.5 2.5 2 0 3 1 1
-1028.1 -2745.4 2.2 56 0 16.3 18.2 7.5 2.5 2 1 3 1 1
-575.5 -2136.5 3.1 25 0 14.7 13.9 5.0 2.5 2 0 2 0 0
2681.4 6126.2 3.9 236 0 12.6 19.4 14.0 3.5 2 1 4 4 4
2691.0 6136.2 3.5 243 0 8.9 25.7 14.0 3.5 2 1 4 5 5
2732.7 6099.7 2.8 58 0 8.7 51.5 14.0 3.5 2 1 4 4 4
2509.9 6101.6 5.2 246 0 16.0 22.8 14.0 3.5 4 1 4 0 0
2465.1 6230.7 2.1 67 0 8.9 14.3 14.0 3.5 2 1 4 4 4
2599.3 6217.7 3.5 323 0 20.6 18.2 14.0 3.5 4 0 4 5 5
2566.2 6277.1 -0.3 340 0 14.1 8.9 14.0 3.5 4 0 4 4 4
2431.1 6325.6 -2.8 252 0 13.4 10.2 14.0 3.5 2 0 4 4 4
2485.3 6331.5 -3.1 353 0 7.1 19.0 14.0 3.5 2 1 4 2 2
2400.2 6254.4 0.3 131 0 15.5 10.2 14.0 3.5 2 0 4 3 3
2248.2 5606.9 7.7 110 0 19.1 14.7 14.0 3.5 2 0 4 0 0
2260.4 5679.9 8.4 321 0 15.2 13.7 14.0 3.5 2 0 4 1 1
2255.9 5539.1 6.6 45 0 16.5 17.7 10.0 0.0 0 1 4 4 4
2247.9 5737.2 9.7 318 0 17.1 19.5 14.0 3.5 2 1 4 0 0
2248.3 5659.1 8.4 53 0 7.8 12.3 14.0 3.5 2 1 4 2 2
2172.1 5735.3 10.3 178 0 15.2 17.6 14.0 3.5 2 1 4 2 2
2146.1 5841.4 13.1 246 0 21.4 22.3 14.0 3.5 4 1 4 4 4
2112.1 5825.8 14.1 251 0 14.4 18.0 14.0 3.5 2 1 4 5 5
2019.8 5491.6 7.8 168 0 9.9 8.2 7.5 2.5 2 0 3 3 3
2063.2 5480.0 7.7 5 0 14.2 12.7 5.0 2.5 2 0 2 5 5
1978.6 5434.4 6.7 323 0 11.5 13.9 7.5 2.5 4 1 3 5 5
1929.2 5464.4 7.9 328 0 15.2 14.9 5.0 2.5 2 0 2 1 1
1862.8 5497.8 9.6 167 0 17.5 15.5 7.5 2.5 2 0 3 3 3
1966.2 5701.0 13.4 333 0 13.4 45.5 12.5 2.5 2 1 5 1 1
1938.6 5722.6 13.7 335 0 13.6 26.6 7.5 2.5 2 1 3 1 1
1797.2 5740.8 12.6 331 0 13.9 15.8 5.0 2.5 2 1 2 0 0
1756.1 5705.0 12.3 70 0 16.0 19.2 5.0 2.5 2 1 2 1 1
1759.6 5786.5 11.4 335 0 13.3 16.9 5.0 2.5 2 1 2 1 1
1754.3 5746.7 12.0 344 0 8.4 9.4 5.0 0.0 0 1 2 2 2
1705.0 5837.9 11.2 160 0 9.3 20.2 2.5 2.5 2 1 1 3 3
1834.0 6016.0 9.0 331 0 8.4 19.2 7.5 2.5 2 1 3 3 3
1806.9 5977.4 9.2 167 0 8.7 18.4 5.0 2.5 2 1 2 2 2
1820.3 6063.1 6.8 344 0 18.1 16.1 10.0 2.5 2 0 4 4 4
1869.2 6090.4 7.9 165 0 11.5 21.6 14.0 3.5 2 1 4 0 0
1843.0 6108.7 6.7 140 0 9.9 20.6 14.0 3.5 2 1 4 3 3
1898.7 5999.6 9.2 172 0 10.3 18.9 14.0 3.5 2 1 4 4 4
1958.9 6078.7 9.3 324 0 10.8 21.0 14.0 0.0 0 1 4 2 2
1963.5 6135.7 7.7 53 0 15.3 13.4 14.0 3.5 2 0 4 5 5
1990.8 6203.4 5.3 264 0 16.5 8.2 14.0 3.5 2 0 4 0 0
2025.6 6277.5 3.2 84 0 22.5 13.9 14.0 3.5 2 0 4 2 2
2084.7 6296.1 2.9 344 0 12.9 21.9 14.0 3.5 4 1 4 4 4
2094.0 6117.2 5.3 84 0 20.6 9.8 14.0 3.5 2 0 4 3 3
-708.6 -419.9 15.0 111 0 14.0 13.3 7.5 2.5 2 0 3 3 3
-899.1 -643.3 16.5 290 0 12.9 17.6 7.5 2.5 2 1 3 5 5
-195.8 -2157.8 2.7 110 0 15.0 14.1 10.0 2.5 2 0 4 1 1
-121.4 -2194.5 3.6 112 0 14.6 11.7 7.5 2.5 2 0 3 2 2
61.2 -2186.2 7.5 103 0 20.1 11.2 5.0 2.5 2 0 2 1 1
84.0 -2181.6 7.3 103 0 16.2 15.2 7.5 2.5 2 0 3 2 2
145.8 -2184.8 7.5 103 0 9.9 9.5 7.5 2.5 2 0 3 3 3
-961.5 -756.6 14.2 22 0 15.7 11.9 7.5 2.5 2 0 3 5 5
-1011.2 -884.7 10.8 215 0 19.2 12.7 10.0 2.5 2 0 4 2 2
-1060.6 -942.0 10.3 108 0 17.3 20.3 5.0 2.5 2 1 2 2 2
-1004.6 -1278.4 11.7 113 0 8.1 12.2 5.0 2.5 2 1 2 0 0
248.0 -2157.9 3.5 213 0 10.3 12.8 5.0 2.5 2 1 2 5 5
306.1 -2203.5 5.4 38 0 11.8 16.5 7.5 2.5 2 1 3 4 4
335.3 -2154.2 3.9 284 0 6.5 11.1 10.0 2.5 2 1 4 0 0
367.7 -2212.9 4.7 176 0 12.2 14.8 7.5 0.0 0 1 3 5 5
386.0 -2279.5 6.7 272 0 17.6 9.4 5.0 2.5 2 0 2 5 5
410.3 -2328.6 6.1 4 0 10.3 15.5 7.5 2.5 2 1 3 0 0
448.2 -2230.1 3.1 85 0 18.5 13.7 10.0 2.5 2 0 4 5 5
-1055.6 -1322.8 11.7 45 0 9.2 10.6 7.5 2.5 2 1 3 5 5
-823.0 -1731.8 8.0 289 0 11.1 19.5 2.5 2.5 2 1 1 1 1
-850.2 -1577.0 8.8 357 0 7.2 11.0 7.5 2.5 2 1 3 2 2
-641.4 -1904.5 7.2 152 0 9.3 12.6 5.0 2.5 2 1 2 4 4
487.2 -2312.3 4.3 84 0 16.6 17.5 7.5 2.5 4 1 3 3 3
-900.4 -1678.9 7.2 56 0 15.5 7.9 7.5 2.5 2 0 3 2 2
632.6 -2248.1 0.8 174 0 11.5 16.5 10.0 2.5 2 1 4 5 5
683.9 -2229.0 -0.2 272 0 19.3 13.7 7.5 2.5 2 0 3 5 5
801.1 -2180.8 -2.0 94 0 14.9 18.0 5.0 0.0 0 1 2 2 2
949.7 -2185.0 -2.2 100 0 16.8 17.0 7.5 2.5 2 1 3 5 5
1015.6 -2192.4 -0.6 84 0 14.9 13.9 5.0 2.5 2 0 2 0 0
1048.9 -2185.7 -0.2 85 0 21.0 17.9 10.0 2.5 2 0 4 4 4
1104.1 -2239.0 1.1 2 0 13.7 15.6 5.0 2.5 2 1 2 1 1
1167.4 -2103.8 -3.4 103 0 13.5 26.2 12.5 2.5 2 1 5 3 3
1207.9 -2262.7 -0.6 110 0 20.7 13.2 7.5 0.0 0 0 3 3 3
1272.4 -2269.4 -1.6 275 0 16.6 16.9 10.0 2.5 2 1 4 0 0
1296.2 -2276.0 -2.4 291 0 22.0 14.0 12.5 2.5 2 0 5 3 3
338.2 -1267.3 3.4 105 0 11.0 7.9 7.5 2.5 2 0 3 2 2
215.4 -684.1 8.1 327 0 8.5 16.0 10.0 2.5 2 1 4 2 2
21.0 -660.9 8.6 141 0 10.1 15.5 7.5 2.5 4 1 3 0 0
-9.0 -427.2 9.8 100 0 16.9 14.5 5.0 0.0 0 0 2 1 1
1883.0 6508.8 0.0 281 0 10.6 14.7 5.0 2.5 2 1 2 2 2
1717.1 6480.9 0.2 278 0 9.1 13.2 2.5 2.5 2 1 1 1 1
1644.3 6475.0 -0.1 105 0 12.4 9.0 2.5 2.5 2 0 1 1 1
1735.8 6055.0 5.6 11 0 21.4 13.8 10.0 2.5 2 0 4 3 3
1761.4 6192.8 5.9 330 0 15.8 16.1 10.0 2.5 2 1 4 5 5
1774.3 6163.5 5.8 333 0 17.8 23.3 5.0 2.5 2 1 2 2 2
1645.8 6221.1 6.0 125 0 8.9 19.5 2.5 0.0 0 1 1 5 5
1573.6 6278.7 6.0 32 0 17.2 19.5 10.0 2.5 2 1 4 3 3
1641.7 6027.0 7.4 83 0 14.0 25.6 7.5 2.5 2 1 3 0 0
1669.4 6038.5 7.0 86 0 12.9 18.6 10.0 0.0 0 1 4 2 2
1841.6 5869.1 9.5 66 0 8.4 9.0 2.5 2.5 2 1 1 0 0
1746.2 5864.7 10.5 153 0 11.6 10.0 5.0 2.5 2 0 2 3 3
1684.2 5896.5 10.9 251 0 10.8 16.5 7.5 2.5 2 1 3 3 3
1592.3 5710.6 14.9 150 0 14.6 26.9 10.0 2.5 2 1 4 5 5
1624.8 5745.4 13.9 345 0 16.9 14.9 5.0 0.0 0 0 2 3 3
1603.7 5595.1 15.0 246 0 30.5 20.9 10.0 0.0 0 0 4 2 2
1527.4 5545.4 13.4 245 0 33.3 42.6 15.0 0.0 0 1 6 5 5
1410.3 5604.0 14.1 62 0 85.9 32.8 10.0 0.0 0 0 4 3 3
1367.9 5715.7 11.5 244 0 84.3 40.5 12.5 0.0 0 0 5 0 0
1300.6 5556.3 14.1 246 0 26.8 13.2 12.5 2.5 2 0 5 1 1
1297.4 5508.8 14.0 321 0 11.8 25.7 7.5 2.5 2 1 3 5 5
1206.6 5467.1 13.5 246 0 14.5 18.3 10.0 0.0 0 1 4 2 2
1190.8 5500.0 11.8 171 0 22.0 11.0 7.5 2.5 2 0 3 4 4
1234.8 5549.3 12.2 259 0 16.9 18.7 10.0 2.5 2 1 4 0 0
1318.4 5935.7 6.4 105 0 14.6 16.7 5.0 2.5 2 1 2 2 2
1524.0 5860.7 11.6 250 0 14.3 14.8 5.0 2.5 2 1 2 3 3
1593.6 5867.2 11.7 266 0 15.0 17.1 7.5 2.5 2 1 3 4 4
1616.4 5944.4 9.9 263 0 19.2 13.8 10.0 2.5 2 0 4 5 5
1408.9 6310.9 3.4 99 0 10.9 10.4 7.5 2.5 2 0 3 4 4
1466.9 6277.8 5.1 100 0 10.1 10.4 2.5 0.0 0 1 1 5 5
1274.5 6154.8 1.5 280 0 10.7 20.1 7.5 2.5 2 1 3 2 2
-558.1 -15.8 17.4 21 0 7.9 6.3 7.5 2.5 2 0 3 3 3
595.6 5675.0 5.6 108 0 10.9 10.4 10.0 2.5 2 0 4 5 5
485.3 5727.3 8.2 133 0 6.8 10.1 7.5 2.5 2 1 3 0 0
554.3 6025.2 6.0 50 0 10.3 17.3 7.5 2.5 2 1 3 0 0
567.0 5971.2 7.3 290 0 10.5 16.8 5.0 2.5 2 1 2 5 5
594.6 5897.0 5.5 104 0 10.7 15.5 2.5 2.5 2 1 1 5 5
624.1 5884.8 5.2 95 0 16.7 15.7 10.0 2.5 2 0 4 1 1
844.0 5546.8 8.2 168 0 26.0 18.8 7.5 2.5 2 0 3 5 5
831.3 5794.8 5.5 111 0 18.0 25.8 10.0 2.5 2 1 4 3 3
909.9 5571.3 7.8 30 0 11.9 18.3 5.0 0.0 0 1 2 5 5
928.2 5623.2 7.3 262 0 12.6 17.5 2.5 2.5 2 1 1 1 1
1088.0 5661.3 8.2 322 0 11.3 11.2 5.0 2.5 4 0 2 0 0
1120.9 5599.5 9.1 200 0 17.4 13.2 7.5 2.5 2 0 3 3 3
1218.8 5615.4 10.1 359 0 16.1 10.8 5.0 2.5 2 0 2 1 1
1161.6 5446.8 13.5 253 0 35.8 30.7 10.0 0.0 0 0 4 5 5
827.8 6191.5 4.2 8 0 21.7 12.2 5.0 2.5 4 0 2 2 2
783.6 6229.1 5.0 256 0 7.3 21.9 2.5 2.5 2 1 1 2 2
749.9 6195.5 5.4 93 0 14.2 21.3 10.0 2.5 2 1 4 4 4
636.4 6160.6 4.3 348 0 9.6 14.5 7.5 2.5 2 1 3 0 0
715.0 6271.3 5.3 194 0 16.6 15.7 2.5 2.5 2 0 1 0 0
811.0 6411.4 4.0 274 0 14.3 23.5 10.0 2.5 2 1 4 1 1
766.5 6409.6 4.8 284 0 19.6 17.8 10.0 2.5 2 0 4 1 1
1422.3 -2245.5 -4.2 182 0 10.4 15.4 5.0 2.5 2 1 2 4 4
1469.3 -2387.8 -4.3 30 0 13.9 15.6 5.0 2.5 2 1 2 5 5
1494.7 -2351.1 -4.3 9 0 11.5 13.9 5.0 2.5 2 1 2 5 5
1506.7 -2249.1 -3.9 350 0 10.5 17.4 7.5 2.5 2 1 3 1 1
1507.2 -2287.4 -4.0 264 0 11.5 7.6 10.0 2.5 2 0 4 4 4
1399.3 -2104.4 -3.5 338 0 6.3 9.5 5.0 0.0 0 1 2 5 5
1414.4 -2039.4 -3.1 159 0 11.8 14.2 7.5 2.5 2 1 3 3 3
1443.1 -2078.8 -3.2 171 0 10.1 17.0 7.5 2.5 2 1 3 2 2
1482.0 -2077.4 -3.1 92 0 13.9 16.0 7.5 2.5 2 1 3 3 3
1495.2 -1997.5 -4.9 274 0 20.1 18.8 12.5 2.5 2 0 5 3 3
1548.9 -2046.3 -3.7 359 0 19.1 22.9 10.0 2.5 2 1 4 5 5
1568.8 -2222.7 -4.8 75 0 14.3 13.3 7.5 2.5 2 0 3 1 1
1533.3 -2310.9 -5.7 195 0 19.5 27.1 10.0 2.5 4 1 4 2 2
1591.6 -2411.0 -5.5 106 0 21.1 26.4 7.5 2.5 2 1 3 1 1
1656.0 -2253.3 -7.5 43 0 18.6 23.3 12.5 2.5 2 1 5 5 5
1668.5 -2187.4 -6.8 77 0 12.1 16.4 5.0 2.5 2 1 2 4 4
1750.5 -2221.5 -5.7 276 0 16.6 23.0 12.5 2.5 2 1 5 2 2
1783.1 -2180.6 -5.6 50 0 20.5 17.6 7.5 2.5 2 0 3 2 2
1826.5 -2147.5 -7.9 93 0 40.2 43.2 10.0 0.0 0 1 4 1 1
2125.5 -2144.1 -10.9 56 0 27.0 28.7 12.5 0.0 0 1 5 0 0
2230.0 -2072.0 -10.3 79 0 23.6 31.1 12.5 0.0 0 1 5 3 3
2378.0 -2092.8 -8.5 90 0 11.8 20.9 5.0 2.5 4 1 2 2 2
2472.2 -2005.4 -6.4 60 0 24.3 18.7 12.5 2.5 2 0 5 1 1
3873.9 -2497.9 -14.2 101 0 18.6 15.0 5.0 2.5 2 0 2 3 3
3954.4 -2472.6 -12.2 273 0 18.3 20.2 7.5 2.5 2 1 3 3 3
3943.7 -2362.4 -11.0 3 0 16.1 16.1 7.5 2.5 2 1 3 4 4
3936.2 -2284.4 -10.9 289 0 18.0 24.5 10.0 2.5 2 1 4 1 1
4147.4 -2127.2 -12.5 111 0 15.9 19.7 10.0 2.5 2 1 4 0 0
4219.1 -2175.7 -13.6 20 0 15.8 19.2 7.5 2.5 2 1 3 0 0
4326.8 -2202.0 -17.3 96 0 17.8 16.6 10.0 2.5 4 0 4 4 4
4483.0 -2213.2 -16.5 102 0 12.7 16.4 7.5 2.5 2 1 3 5 5
4474.2 -2100.9 -16.4 203 0 25.1 22.6 10.0 2.5 2 0 4 4 4
4518.1 -2011.6 -15.8 0 0 18.7 16.8 10.0 2.5 2 0 4 5 5
4518.5 -1970.6 -15.3 352 0 18.9 14.5 7.5 2.5 2 0 3 1 1
4654.0 -2051.3 -19.8 106 0 17.2 18.6 10.0 2.5 2 1 4 0 0
4573.7 -2341.9 -19.3 94 0 27.0 21.3 7.5 2.5 2 0 3 3 3
4632.9 -2313.3 -20.0 263 0 23.3 21.2 7.5 2.5 2 0 3 1 1
804.0 5199.6 15.6 47 0 9.1 8.0 7.5 2.5 2 0 3 2 2
845.8 5276.5 16.1 339 0 15.3 11.5 7.5 2.5 2 0 3 5 5
950.4 5175.1 18.5 166 0 10.8 19.8 5.0 2.5 2 1 2 1 1
1082.2 5223.4 17.0 257 0 10.3 17.4 5.0 2.5 2 1 2 0 0
1139.9 5232.4 17.0 263 0 9.0 7.1 5.0 2.5 2 0 2 3 3
1144.6 5122.1 18.9 151 0 9.2 11.0 5.0 2.5 2 1 2 4 4
1179.9 5142.4 18.5 324 0 13.0 12.8 5.0 2.5 2 0 2 3 3
1199.6 5200.8 19.4 67 0 8.8 8.5 7.5 2.5 4 0 3 4 4
1411.9 5297.0 14.7 62 0 12.0 12.8 7.5 2.5 2 1 3 2 2
1382.6 5280.5 15.7 52 0 11.1 12.1 2.5 2.5 2 1 1 1 1
1402.1 5256.6 15.2 242 0 14.3 16.4 7.5 2.5 2 1 3 0 0
1419.3 5212.5 15.2 146 0 9.8 19.1 5.0 0.0 0 1 2 2 2
1494.6 5196.5 14.5 338 0 14.8 15.8 5.0 2.5 2 1 2 1 1
1537.9 5177.8 13.9 146 0 11.7 13.9 5.0 2.5 2 1 2 4 4
1590.0 5155.8 13.9 346 0 10.7 14.4 2.5 2.5 2 1 1 0 0
1530.9 5232.5 12.9 235 0 10.3 16.7 5.0 2.5 2 1 2 0 0
1651.9 5185.6 12.2 157 0 7.8 10.3 5.0 2.5 2 1 2 5 5
1678.1 5178.1 11.3 155 0 14.9 26.6 10.0 2.5 2 1 4 4 4
1768.1 5222.3 8.7 241 0 18.2 13.2 7.5 2.5 2 0 3 3 3
1750.8 5146.2 9.5 151 0 11.7 21.0 2.5 2.5 2 1 1 3 3
1802.5 5148.4 8.2 64 0 15.8 13.8 5.0 2.5 2 0 2 5 5
1831.4 5197.0 6.9 62 0 17.6 12.0 5.0 2.5 2 0 2 3 3
2105.7 5261.8 5.4 38 0 8.4 8.4 10.0 0.0 0 0 4 0 0
2140.6 5240.6 4.3 212 0 13.1 15.4 5.0 2.5 2 1 2 1 1
2151.8 5259.4 4.3 206 0 8.3 11.7 7.5 2.5 2 1 3 5 5
2186.8 5315.5 4.1 215 0 9.4 10.2 10.0 2.5 4 1 4 1 1
2106.8 5179.2 6.8 215 0 6.6 9.2 7.5 2.5 2 1 3 1 1
2076.3 5199.7 6.7 39 0 10.8 8.5 2.5 2.5 2 0 1 2 2
2063.2 5241.9 6.0 296 0 19.1 12.9 2.5 2.5 2 0 1 2 2
2083.4 5139.9 8.1 209 0 8.0 12.1 5.0 2.5 4 1 2 5 5
2084.9 5033.4 7.4 28 0 15.6 10.8 7.5 2.5 2 0 3 3 3
2093.0 5048.0 7.0 27 0 7.5 10.9 2.5 2.5 2 1 1 3 3
1995.9 4969.7 6.6 210 0 12.9 8.4 7.5 2.5 2 0 3 1 1
1991.3 4941.7 6.6 30 0 13.0 9.3 7.5 2.5 2 0 3 3 3
1907.6 4972.0 7.8 21 0 7.5 15.5 7.5 2.5 2 1 3 1 1
1933.5 4875.0 7.4 205 0 10.3 7.7 5.0 2.5 2 0 2 4 4
1942.4 4779.9 7.4 27 0 11.8 21.0 7.5 2.5 2 1 3 1 1
1867.6 4738.5 7.5 199 0 11.4 17.6 7.5 2.5 4 1 3 2 2
1850.5 4723.8 7.6 203 0 9.1 7.4 7.5 2.5 2 0 3 5 5
1857.4 4706.3 7.5 207 0 11.0 15.6 7.5 2.5 2 1 3 5 5
1823.5 4653.6 8.0 215 0 9.3 8.7 2.5 2.5 2 0 1 1 1
1775.8 4599.5 8.6 215 0 6.6 6.8 7.5 2.5 2 1 3 3 3
1763.7 4574.3 8.6 205 0 14.1 16.1 7.5 2.5 2 1 3 1 1
2151.3 4919.6 8.9 197 0 9.2 7.8 2.5 2.5 2 0 1 3 3
2129.6 4881.5 8.8 243 0 10.8 10.4 10.0 2.5 2 0 4 1 1
2167.6 4877.1 9.7 66 0 10.3 7.5 7.5 2.5 2 0 3 0 0
2206.6 4893.0 9.6 344 0 7.1 9.8 7.5 2.5 2 1 3 2 2
2208.5 4924.5 9.0 350 0 8.1 9.7 2.5 2.5 4 1 1 2 2
2236.3 4958.0 8.4 324 0 11.0 11.7 2.5 2.5 2 1 1 1 1
-6896.9 -1843.0 4.6 173 0 9.5 9.5 7.5 2.5 2 1 3 4 4
1002.5 3140.2 5.1 180 0 12.5 12.5 5.0 2.5 2 0 2 3 3
1033.6 3258.4 9.9 89 0 11.3 15.0 5.0 2.5 2 1 2 1 1
959.5 3268.5 8.3 353 0 6.6 10.6 5.0 2.5 2 1 2 2 2
894.0 3266.0 8.6 261 0 24.1 10.7 12.5 2.5 2 0 5 4 4
878.5 3215.2 7.4 172 0 8.7 22.7 5.0 2.5 2 1 2 5 5
818.6 3237.5 9.9 183 0 11.5 23.7 7.5 0.0 0 1 3 5 5
811.8 3176.5 9.3 104 0 11.2 18.0 5.0 2.5 2 1 2 3 3
1047.6 3141.3 6.3 3 0 6.1 12.9 7.5 0.0 0 1 3 0 0
761.1 3271.9 12.5 21 0 10.0 13.7 5.0 2.5 4 1 2 0 0
632.2 3299.8 14.0 29 0 13.0 10.7 7.5 2.5 2 0 3 3 3
620.9 3336.4 14.4 298 0 9.7 15.0 5.0 2.5 2 1 2 1 1
588.7 3275.8 13.5 214 0 15.2 9.3 7.5 2.5 2 0 3 2 2
670.1 3183.5 10.8 101 0 9.8 10.1 7.5 2.5 2 1 3 5 5
578.0 3351.5 14.7 284 0 12.3 8.3 2.5 2.5 2 0 1 3 3
552.7 3215.1 12.3 231 0 8.4 10.5 10.0 2.5 2 1 4 5 5
-1860.2 6609.7 13.4 289 0 13.7 13.6 5.0 2.5 2 0 2 1 1
-1899.9 6637.0 12.3 323 0 11.6 12.9 7.5 2.5 2 1 3 5 5
-1745.6 6726.3 9.3 26 0 13.6 16.7 5.0 2.5 2 1 2 3 3
-1762.0 6390.2 14.4 98 0 13.3 15.3 5.0 2.5 2 1 2 5 5
-1816.9 6438.9 15.0 205 0 16.7 12.4 5.0 2.5 2 0 2 3 3
-1460.8 6815.1 8.6 92 0 9.0 22.0 2.5 2.5 2 1 1 5 5
-1591.2 6670.8 13.0 102 0 12.1 15.8 2.5 2.5 2 1 1 4 4
-1404.5 6544.1 11.7 40 0 19.2 13.8 7.5 2.5 2 0 3 2 2
1855.2 5961.9 9.2 329 0 11.7 15.0 7.5 2.5 2 1 3 0 0
1881.3 5942.5 9.2 334 0 10.0 15.7 7.5 2.5 4 1 3 0 0
1892.3 5921.5 9.8 327 0 10.1 13.0 2.5 2.5 2 1 1 4 4
1775.8 5877.7 10.0 71 0 9.5 14.5 7.5 2.5 2 1 3 0 0
-4241.0 -6836.6 -8.6 307 0 10.4 12.6 5.0 2.5 2 1 2 0 0
-4232.1 -6822.4 -8.1 131 0 7.6 9.3 7.5 2.5 2 1 3 2 2
-4250.8 -6793.5 -7.9 131 0 7.4 12.6 7.5 2.5 2 1 3 1 1
-4239.4 -6804.1 -8.0 131 0 11.8 13.1 10.0 2.5 2 1 4 3 3
-4098.8 -6876.6 -7.6 124 0 9.8 8.5 5.0 2.5 2 0 2 2 2
-4105.2 -6792.4 -5.9 212 0 11.1 12.4 2.5 2.5 4 1 1 4 4
-6870.0 5676.8 5.8 28 0 17.8 13.6 7.5 0.0 0 0 3 5 5
-6897.6 5657.2 5.9 198 0 8.1 14.1 5.0 2.5 4 1 2 4 4
-6826.8 5784.1 9.0 209 0 14.8 7.6 5.0 2.5 2 0 2 5 5
-3290.8 -5766.0 -7.4 306 0 9.6 9.7 5.0 2.5 4 1 2 5 5
-3325.1 -5749.9 -7.1 305 0 9.7 10.4 5.0 2.5 2 1 2 0 0
-3134.0 -5714.3 -9.7 42 0 9.5 10.8 2.5 2.5 2 1 1 0 0
-3165.8 -5747.1 -9.2 42 0 9.6 10.3 2.5 2.5 2 1 1 2 2
-3173.8 -5764.3 -8.9 39 0 13.1 10.2 2.5 2.5 2 0 1 4 4
-3192.0 -5784.8 -8.4 38 0 9.5 13.9 5.0 2.5 2 1 2 4 4
-3216.4 -5783.8 -8.2 217 0 8.4 15.9 5.0 2.5 2 1 2 3 3
-3236.3 -5807.2 -8.0 222 0 9.6 14.7 5.0 2.5 2 1 2 2 2
-3237.6 -5829.3 -7.9 296 0 13.3 21.2 7.5 2.5 2 1 3 3 3
-3244.4 -5883.2 -8.4 131 0 6.7 13.1 5.0 2.5 2 1 2 5 5
-3388.0 -5906.3 -9.2 212 0 8.7 12.1 7.5 0.0 0 1 3 2 2
-3389.9 -5916.0 -9.5 214 0 8.0 10.6 5.0 2.5 2 1 2 1 1
-3423.1 -5989.9 -10.0 215 0 9.3 13.1 5.0 2.5 2 1 2 4 4
-3421.9 -6062.2 -8.6 135 0 14.5 9.2 2.5 2.5 2 0 1 0 0
-3318.0 -6023.0 -10.9 216 0 8.7 10.5 2.5 2.5 4 1 1 4 4
-3322.2 -6088.3 -11.8 119 0 8.5 9.7 2.5 2.5 2 1 1 1 1
-3283.6 -6054.3 -11.6 33 0 10.0 7.3 5.0 2.5 2 0 2 2 2
-3462.6 -5714.4 -7.0 0 0 8.5 10.7 2.5 2.5 2 1 1 1 1
-3438.7 -5683.3 -6.8 106 0 8.4 10.6 5.0 2.5 2 1 2 4 4
-3537.4 -5725.9 -5.8 112 0 7.7 7.6 5.0 2.5 2 0 2 3 3
-3567.8 -5718.6 -5.3 210 0 6.3 9.3 5.0 2.5 2 1 2 2 2
-3515.5 -5643.4 -5.3 132 0 6.5 8.0 5.0 2.5 2 1 2 3 3
-3458.7 -6010.9 -8.0 125 0 8.2 9.5 5.0 2.5 2 1 2 1 1
-3458.8 -6025.8 -8.0 118 0 11.3 8.9 5.0 2.5 2 0 2 0 0
-3463.4 -6141.2 -10.2 126 0 13.0 8.5 5.0 0.0 0 0 2 2 2
-5336.9 -2047.5 8.3 249 0 9.2 18.5 5.0 0.0 0 1 2 5 5
