-6760.1 2101.8 -15.8 26 0 6.4 6.1 7.5 2.5 2 0 3 3 3
-6834.7 2093.8 -15.5 216 0 7.0 6.9 5.0 2.5 2 0 2 1 1
-5601.5 3186.2 -15.5 44 0 14.7 21.0 7.5 2.5 2 1 3 4 4
-5580.1 3213.3 -15.0 220 0 7.8 22.3 7.5 2.5 2 1 3 4 4
-5555.1 3195.1 -15.0 129 0 7.9 11.3 10.0 0.0 0 1 4 1 1
-5495.8 3304.8 -14.3 203 0 8.0 33.1 7.5 0.0 0 1 3 2 2
-5450.3 3293.7 -14.2 29 0 9.7 9.4 7.5 2.5 2 0 3 4 4
-5281.6 3287.3 -14.7 51 0 7.6 13.6 7.5 2.5 4 1 3 2 2
-5330.7 3331.2 -14.1 223 0 15.6 8.5 10.0 2.5 2 0 4 1 1
-6335.6 1539.4 -17.6 270 0 8.2 6.2 10.0 2.5 2 0 4 3 3
-3999.8 3550.1 -9.5 304 0 8.6 22.5 7.5 2.5 4 1 3 4 4
-3714.4 3121.0 -10.5 122 0 16.6 7.3 5.0 2.5 2 0 2 5 5
-3686.4 3150.3 -10.3 41 0 8.1 14.1 7.5 2.5 2 1 3 2 2
-3716.7 3175.4 -10.4 216 0 9.1 17.8 7.5 2.5 2 1 3 4 4
-3728.0 3162.3 -10.5 220 0 6.9 18.0 7.5 2.5 2 1 3 2 2
-3741.3 3148.6 -10.6 223 0 9.4 21.4 10.0 2.5 2 1 4 4 4
-3898.2 3670.7 -9.2 131 0 7.1 10.9 7.5 2.5 2 1 3 4 4
-3863.1 3764.4 -8.9 219 0 11.5 8.2 10.0 2.5 4 0 4 4 4
-3813.9 3745.6 -8.4 40 0 6.5 6.4 7.5 2.5 2 0 3 3 3
-3839.8 3789.2 -8.7 313 0 9.0 8.1 10.0 2.5 2 0 4 5 5
-3861.0 3704.4 -8.9 224 0 15.9 9.9 7.5 0.0 0 0 3 4 4
-3847.2 3680.6 -8.9 40 0 19.8 6.4 7.5 2.5 2 0 3 2 2
-3854.8 3638.6 -9.4 129 0 6.7 10.2 7.5 2.5 2 1 3 3 3
-3994.7 3521.1 -9.8 213 0 7.4 17.7 7.5 2.5 2 1 3 0 0
-3958.2 3548.1 -9.4 302 0 22.7 7.0 2.5 2.5 2 0 1 2 2
-3958.2 3529.3 -9.6 306 0 6.8 12.0 7.5 2.5 2 1 3 2 2
-4099.2 3639.8 -11.0 87 0 7.9 16.9 7.5 2.5 2 1 3 5 5
-4101.9 3685.9 -11.0 266 0 9.3 20.7 5.0 2.5 2 1 2 0 0
-4122.8 3711.5 -10.9 267 0 9.4 48.8 10.0 2.5 4 1 4 3 3
-4117.6 3609.3 -10.9 87 0 10.5 48.2 7.5 2.5 2 1 3 4 4
-4136.4 3601.6 -10.9 86 0 10.3 48.1 12.5 2.5 4 1 5 2 2
-4166.3 3659.0 -10.9 176 0 10.3 25.0 7.5 2.5 2 1 3 5 5
-4141.5 3723.3 -10.8 268 0 9.1 49.4 7.5 2.5 2 1 3 5 5
-1588.8 3426.8 -16.8 110 0 7.6 8.3 7.5 2.5 2 1 3 5 5
-1685.9 3469.8 -17.3 10 0 8.1 9.3 2.5 2.5 2 1 1 0 0
-1803.7 3362.2 -18.3 203 0 10.7 6.1 7.5 2.5 2 0 3 4 4
-1687.6 3327.1 -14.7 23 0 8.3 7.4 10.0 2.5 2 0 4 3 3
-1636.0 3230.2 -14.8 119 0 13.4 11.5 5.0 2.5 2 0 2 2 2
-3438.6 4332.8 -9.6 127 0 10.8 32.6 10.0 2.5 2 1 4 5 5
-3793.5 4661.7 -6.9 125 0 6.5 13.8 2.5 2.5 2 1 1 4 4
-3984.9 4731.5 -8.4 222 0 6.9 20.0 7.5 2.5 2 1 3 4 4
-4061.7 4386.3 -7.8 223 0 14.2 39.4 7.5 2.5 4 1 3 1 1
-3920.1 4081.8 -7.9 132 0 8.8 44.6 10.0 2.5 2 1 4 5 5
-3871.5 4134.9 -7.7 315 0 7.6 16.4 5.0 2.5 2 1 2 0 0
-3892.5 4009.5 -8.0 315 0 6.5 18.7 5.0 2.5 2 1 2 4 4
-3612.0 3928.6 -9.4 37 0 6.1 6.2 5.0 2.5 2 1 2 3 3
-3622.9 3951.5 -9.5 217 0 11.2 6.3 7.5 2.5 2 0 3 1 1
-3725.8 3920.5 -9.6 314 0 7.4 12.1 5.0 0.0 0 1 2 4 4
-3694.2 3888.2 -9.2 311 0 7.5 13.0 2.5 2.5 4 1 1 5 5
-3797.7 3859.1 -9.9 130 0 9.6 13.1 5.0 2.5 2 1 2 5 5
-3672.7 3848.7 -9.3 311 0 9.5 38.3 10.0 2.5 2 1 4 4 4
-4028.8 3936.4 -8.0 43 0 7.6 8.3 7.5 2.5 4 1 3 3 3
-4077.8 3948.2 -7.3 224 0 7.4 11.4 10.0 2.5 2 1 4 1 1
-1559.4 3485.0 -16.8 2 0 9.2 6.9 5.0 2.5 2 0 2 5 5
-1888.4 3024.6 -20.1 35 0 8.7 9.9 7.5 2.5 2 1 3 1 1
-1830.8 3258.7 -18.4 23 0 6.4 9.3 7.5 2.5 2 1 3 0 0
-2619.3 5954.8 -3.8 129 0 8.0 6.8 7.5 2.5 4 0 3 4 4
-2580.0 5885.4 -0.1 46 0 7.1 7.9 5.0 2.5 4 1 2 5 5
-2529.5 5947.7 -2.5 302 0 6.8 8.0 5.0 2.5 2 1 2 0 0
-2337.0 6466.8 0.5 115 0 7.4 18.2 2.5 2.5 2 1 1 1 1
-1384.5 6817.3 -2.2 39 0 8.0 7.7 5.0 2.5 2 0 2 0 0
-1442.5 -3111.1 7.9 30 0 9.4 10.8 7.5 2.5 4 1 3 3 3
-1403.9 -3063.3 3.4 106 0 10.3 10.1 5.0 2.5 4 0 2 2 2
-1512.7 -3075.9 7.6 106 0 9.6 12.0 2.5 2.5 2 1 1 3 3
-1466.6 -3026.6 5.0 287 0 7.7 10.3 7.5 0.0 0 1 3 1 1
-1543.5 -3052.5 6.5 105 0 10.1 10.8 5.0 2.5 4 1 2 3 3
-1462.0 -2992.3 4.1 285 0 10.7 10.9 5.0 2.5 2 1 2 5 5
-1431.9 -2984.8 2.7 288 0 13.0 10.4 2.5 2.5 2 0 1 1 1
-1416.1 -3023.5 2.6 294 0 12.7 11.7 7.5 2.5 2 0 3 3 3
-1401.6 -2975.3 0.8 107 0 11.6 13.2 7.5 2.5 2 1 3 4 4
-1343.5 -2975.4 2.2 115 0 11.6 10.3 7.5 2.5 4 0 3 4 4
-1279.4 -2957.1 2.6 190 0 39.2 17.9 10.0 2.5 4 0 4 3 3
-1254.0 -2878.5 1.1 191 0 8.4 16.4 7.5 2.5 2 1 3 5 5
-1305.0 -2911.5 2.6 21 0 15.0 8.1 5.0 2.5 2 0 2 5 5
-1289.2 -2797.1 -0.1 29 0 14.4 24.1 7.5 2.5 4 1 3 0 0
-1281.2 -2769.8 -0.9 25 0 20.8 12.8 7.5 0.0 0 0 3 5 5
-1360.9 -2811.2 -1.0 291 0 12.7 14.7 7.5 2.5 4 1 3 1 1
-1385.8 -2833.5 -1.3 101 0 12.8 13.8 7.5 2.5 2 1 3 4 4
-1432.7 -2801.3 -0.1 199 0 11.7 10.9 10.0 0.0 0 0 4 1 1
-1407.6 -2718.8 -0.6 110 0 12.0 13.6 7.5 2.5 2 1 3 4 4
-1380.8 -2644.7 -0.7 108 0 13.9 11.4 5.0 2.5 2 0 2 2 2
-1421.9 -2938.8 1.0 103 0 9.1 14.6 2.5 2.5 2 1 1 5 5
-1440.3 -2895.3 1.4 298 0 11.6 10.1 10.0 0.0 0 0 4 3 3
-1393.9 -2870.9 -1.2 109 0 14.0 13.4 5.0 2.5 2 0 2 4 4
-1411.7 -2817.9 -0.7 104 0 10.9 11.8 5.0 2.5 4 1 2 3 3
-1583.3 -3035.1 5.8 94 0 11.9 11.6 5.0 2.5 2 0 2 2 2
-1583.6 -2977.3 4.1 284 0 13.7 12.1 7.5 2.5 4 0 3 1 1
-1606.9 -2959.5 3.4 284 0 12.6 11.2 5.0 2.5 2 0 2 3 3
-1633.6 -2916.0 2.2 285 0 14.1 12.0 7.5 2.5 2 0 3 4 4
-1600.4 -2922.3 2.3 288 0 10.7 11.4 7.5 2.5 4 1 3 2 2
-1540.2 -2950.9 2.9 290 0 13.9 13.0 7.5 2.5 2 0 3 4 4
-1557.3 -2829.0 1.1 286 0 15.6 11.9 10.0 2.5 4 0 4 2 2
-1521.5 -2912.9 2.2 102 0 8.1 11.6 2.5 2.5 4 1 1 5 5
-1622.0 -2859.7 1.6 186 0 11.4 14.1 5.0 2.5 2 1 2 5 5
-1643.3 -2869.7 1.6 18 0 11.3 14.6 5.0 2.5 2 1 2 5 5
-1706.4 -2887.3 0.6 99 0 15.4 14.6 7.5 2.5 2 0 3 5 5
-1747.9 -2887.8 1.0 104 0 13.1 12.5 5.0 2.5 2 0 2 5 5
-1715.1 -2950.1 4.0 293 0 9.6 13.9 10.0 2.5 2 1 4 2 2
-1854.5 -2863.9 1.4 114 0 16.3 13.1 5.0 2.5 2 0 2 4 4
-1921.8 -2844.7 0.4 287 0 16.5 14.8 7.5 2.5 2 0 3 3 3
-1983.2 -2906.9 1.9 190 0 10.3 11.0 10.0 2.5 2 1 4 1 1
-1963.8 -2765.6 -0.1 7 0 19.5 15.9 10.0 0.0 0 0 4 1 1
-1927.0 -2761.3 0.4 195 0 16.1 13.9 5.0 0.0 0 0 2 2 2
-1886.8 -2712.2 0.4 108 0 14.6 58.4 7.5 0.0 0 1 3 4 4
-1879.0 -2661.6 1.0 25 0 15.9 62.3 10.0 0.0 0 1 4 2 2
-2019.2 -2885.3 0.6 101 0 12.3 14.6 7.5 0.0 0 1 3 1 1
-2036.7 -2900.6 0.9 295 0 13.7 11.5 5.0 2.5 2 0 2 2 2
-2017.2 -2906.4 1.5 292 0 9.8 13.9 7.5 0.0 0 1 3 2 2
-2079.7 -2809.2 0.2 287 0 16.8 14.2 7.5 2.5 2 0 3 5 5
-2077.5 -2882.6 0.7 284 0 14.5 16.5 2.5 2.5 2 1 1 1 1
-2068.6 -3017.6 3.3 105 0 12.1 14.0 7.5 2.5 2 1 3 5 5
-2099.6 -3006.0 2.7 101 0 14.0 13.1 10.0 2.5 2 0 4 5 5
-2158.9 -2985.3 1.8 108 0 14.5 13.9 5.0 2.5 2 0 2 3 3
-2093.6 -2954.0 1.9 277 0 14.5 14.5 5.0 2.5 4 0 2 2 2
-2142.3 -2920.7 1.3 105 0 11.7 18.7 5.0 2.5 2 1 2 3 3
-2097.4 -3081.4 4.9 105 0 11.8 12.1 5.0 0.0 0 1 2 2 2
-2053.0 -3040.7 4.6 290 0 15.3 14.4 5.0 0.0 0 0 2 4 4
-2207.9 -3026.0 2.1 15 0 12.7 11.9 5.0 2.5 4 0 2 5 5
-2256.5 -3029.9 3.5 110 0 15.1 13.1 10.0 2.5 2 0 4 2 2
-2239.5 -2963.6 3.7 187 0 7.9 14.1 2.5 2.5 2 1 1 2 2
-2232.4 -2930.6 3.6 183 0 12.9 15.4 7.5 2.5 2 1 3 0 0
-2209.0 -2867.3 2.2 192 0 11.6 13.9 5.0 2.5 2 1 2 4 4
-2220.6 -2902.8 3.3 185 0 10.1 13.1 7.5 2.5 2 1 3 5 5
-2130.6 -2807.2 1.0 12 0 15.3 12.0 7.5 2.5 2 0 3 4 4
-2121.2 -2778.6 1.0 20 0 11.9 13.6 7.5 2.5 2 1 3 3 3
-2286.8 -3017.7 3.0 24 0 13.4 13.2 2.5 2.5 2 0 1 3 3
-1618.1 -2779.7 0.1 109 0 16.4 21.0 7.5 2.5 2 1 3 2 2
-1591.8 -2713.2 -0.3 284 0 15.6 15.1 5.0 2.5 4 0 2 1 1
-1645.3 -2740.2 0.2 106 0 15.3 13.9 7.5 2.5 2 0 3 2 2
-1645.3 -2694.6 0.3 295 0 16.9 19.4 7.5 2.5 2 1 3 0 0
-1750.7 -2746.4 0.5 97 0 17.9 14.6 10.0 2.5 2 0 4 2 2
-1747.0 -2707.5 1.0 99 0 16.0 18.4 7.5 2.5 2 1 3 5 5
-1785.8 -2592.9 0.0 105 0 11.3 18.3 2.5 2.5 2 1 1 0 0
-1769.7 -2436.9 -2.3 297 0 21.6 19.2 10.0 2.5 2 0 4 2 2
-1625.3 -2666.5 -0.4 108 0 15.8 11.6 7.5 2.5 2 0 3 3 3
-1567.7 -2688.7 -0.9 114 0 13.5 12.3 7.5 2.5 2 0 3 5 5
-1528.2 -2597.2 -1.8 284 0 13.1 13.7 5.0 2.5 2 1 2 2 2
-1519.0 -2705.0 -0.7 105 0 10.3 13.8 10.0 2.5 2 1 4 5 5
-1619.8 -2594.7 -1.6 102 0 16.5 14.5 5.0 2.5 4 0 2 3 3
-1628.7 -2516.2 -2.3 3 0 11.3 15.2 7.5 0.0 0 1 3 1 1
-1789.7 -2326.6 -2.4 293 0 13.9 14.8 5.0 2.5 2 1 2 1 1
-1721.7 -2361.0 -2.0 295 0 23.5 22.7 7.5 2.5 2 0 3 4 4
-2214.4 -2558.4 1.2 105 0 14.6 16.9 10.0 2.5 2 1 4 2 2
-2331.4 -2522.7 -1.5 96 0 16.9 21.2 10.0 2.5 2 1 4 4 4
-2362.4 -2490.7 -1.1 104 0 13.7 17.3 2.5 2.5 2 1 1 5 5
-2438.8 -2391.0 -3.4 105 0 14.7 13.7 7.5 2.5 2 0 3 2 2
-2235.2 -2411.5 -2.2 292 0 14.2 17.5 7.5 2.5 4 1 3 1 1
-2193.4 -2419.3 -1.9 302 0 14.9 15.4 5.0 2.5 2 1 2 0 0
386.5 -1918.1 16.1 356 0 14.0 12.8 10.0 2.5 2 0 4 4 4
354.6 -1776.2 12.7 92 0 13.9 14.9 5.0 2.5 2 1 2 5 5
403.1 -1760.6 13.3 85 0 11.4 14.8 7.5 0.0 0 1 3 4 4
416.5 -1666.1 11.1 21 0 10.4 10.1 7.5 2.5 2 0 3 1 1
513.9 -1754.8 14.2 352 0 15.7 21.1 12.5 2.5 4 1 5 1 1
488.7 -1815.3 13.8 278 0 16.7 13.4 7.5 2.5 2 0 3 0 0
597.4 -1790.7 10.1 182 0 14.7 17.7 5.0 2.5 2 1 2 5 5
572.7 -1741.6 10.3 210 0 15.0 18.1 12.5 2.5 4 1 5 4 4
694.0 -1774.9 9.0 14 0 20.3 35.7 15.0 0.0 0 1 6 1 1
634.3 -1704.0 7.9 194 0 15.0 18.3 10.0 2.5 2 1 4 5 5
575.2 -1549.8 7.5 190 0 17.2 15.5 7.5 2.5 2 0 3 1 1
409.0 -1622.6 10.4 297 0 16.4 15.0 10.0 2.5 2 0 4 0 0
333.5 -1573.1 9.7 100 0 16.8 13.8 7.5 2.5 2 0 3 0 0
419.0 -1509.1 8.9 279 0 15.6 20.3 12.5 2.5 2 1 5 3 3
286.7 -1550.0 10.5 117 0 13.0 15.3 7.5 2.5 2 1 3 2 2
204.2 -1421.0 10.2 193 0 16.1 14.8 5.0 2.5 2 0 2 5 5
141.8 -1647.7 14.8 193 0 17.7 13.1 2.5 2.5 2 0 1 3 3
144.6 -1502.5 11.7 16 0 17.9 14.5 7.5 2.5 4 0 3 0 0
193.4 -1502.4 11.5 109 0 15.6 12.8 5.0 2.5 2 0 2 5 5
201.9 -1769.7 15.3 102 0 15.1 16.3 7.5 2.5 2 1 3 1 1
164.0 -1805.1 16.5 80 0 12.6 14.0 7.5 2.5 2 1 3 0 0
169.6 -1837.7 17.1 273 0 12.8 15.4 2.5 2.5 2 1 1 4 4
176.6 -1933.2 18.8 104 0 10.8 12.4 7.5 2.5 4 1 3 1 1
328.6 -1272.7 6.1 110 0 12.0 12.8 5.0 2.5 2 1 2 3 3
324.7 -1202.7 4.3 191 0 8.4 15.3 7.5 2.5 2 1 3 5 5
146.5 -1084.6 6.5 289 0 14.7 13.3 7.5 2.5 2 0 3 3 3
814.4 -1347.6 11.4 295 0 14.1 16.5 2.5 2.5 2 1 1 3 3
615.1 -1208.3 8.0 180 0 14.8 13.5 5.0 2.5 2 0 2 5 5
545.6 -1032.8 9.3 117 0 12.3 16.3 2.5 2.5 2 1 1 1 1
463.3 -1024.3 5.3 120 0 14.2 20.2 7.5 2.5 2 1 3 2 2
257.3 -916.2 5.8 300 0 11.6 13.6 2.5 2.5 2 1 1 2 2
175.5 -1224.5 9.3 25 0 21.7 16.1 7.5 2.5 2 0 3 2 2
352.2 -855.5 7.4 145 0 14.5 15.0 5.0 2.5 2 1 2 5 5
277.1 -839.9 6.1 321 0 11.9 13.6 10.0 0.0 0 1 4 0 0
310.1 -767.6 9.0 215 0 6.4 7.1 7.5 2.5 2 1 3 0 0
219.0 -783.0 7.4 31 0 10.7 13.8 10.0 2.5 2 1 4 5 5
-3608.7 3035.3 -15.4 219 0 10.2 118.3 10.0 2.5 2 1 4 4 4
-3551.0 3013.8 -15.2 310 0 118.7 11.7 10.0 2.5 2 0 4 1 1
