-6910.4 1273.3 -1.3 129 0 38.4 9.3 10.0 2.5 2 0 4 5 5
-5878.2 2341.3 -5.3 47 0 9.8 20.4 10.5 2.5 2 0 3 2 2
-5884.1 2300.3 -5.0 41 0 11.7 20.4 7.5 2.5 2 0 3 0 0
-5911.6 2323.3 -4.2 135 0 10.4 27.8 10.0 2.5 2 0 4 5 5
-5968.5 2542.7 -9.2 219 0 30.2 8.5 10.0 2.5 2 0 4 1 1
-5898.5 2358.9 -3.4 47 0 9.9 26.4 10.0 2.5 2 0 4 3 3
-6072.6 2676.5 -5.1 67 0 6.5 6.4 5.0 2.5 2 0 2 0 0
-6872.0 1549.9 -1.4 311 0 8.8 8.0 7.5 2.5 2 0 3 4 4
-6017.1 2541.6 -5.8 37 0 6.1 9.4 7.5 2.5 2 0 3 4 4
-6066.3 2653.9 -5.0 151 0 6.3 7.9 5.0 2.5 2 0 2 2 2
-6460.0 1926.8 -4.3 43 0 9.2 9.6 7.5 2.5 2 1 3 4 4
-6023.6 2525.4 -5.6 39 0 6.6 6.6 7.5 2.5 2 0 3 1 1
-6079.9 2661.5 -4.5 71 0 6.0 7.6 7.5 2.5 2 0 3 5 5
-6772.1 1605.8 -2.3 131 0 9.4 6.2 7.5 2.5 4 0 3 0 0
-6890.7 1297.0 -1.3 216 0 8.5 21.1 7.5 0.0 0 1 3 5 5
-5989.1 2662.1 -7.2 333 0 6.1 18.8 2.5 2.5 2 0 1 3 3
-6774.1 1471.8 -1.0 311 0 11.7 7.0 5.0 2.5 2 0 2 5 5
-6504.1 1813.6 -3.3 137 0 19.7 8.1 7.5 2.5 2 0 3 2 2
-6666.4 1495.5 -2.7 34 0 12.6 13.6 7.5 2.5 2 1 3 5 5
-5702.7 2229.8 -10.6 59 0 20.5 9.9 7.5 2.5 2 0 3 3 3
-5715.8 2220.9 -10.5 56 0 9.1 10.8 7.5 2.5 2 0 3 0 0
-5735.3 2316.3 -10.1 311 0 6.6 11.4 5.0 2.5 2 0 2 1 1
-5707.4 2309.1 -10.6 316 0 6.2 9.1 5.0 2.5 2 0 2 0 0
-5749.9 2299.2 -9.1 314 0 6.1 9.6 5.0 2.5 2 0 2 0 0
-5938.2 2373.2 -3.6 133 0 11.0 17.7 7.5 2.5 2 0 3 2 2
-5808.5 2379.7 -10.7 316 0 10.8 8.2 7.5 2.5 2 0 3 3 3
-5826.2 2402.7 -10.6 329 0 6.8 12.4 10.0 2.5 2 0 4 0 0
-5829.9 2410.9 -10.5 327 0 6.6 12.5 7.5 2.5 2 0 3 0 0
-5837.6 2423.9 -10.4 324 0 6.6 7.3 7.5 2.5 2 0 3 1 1
-5930.0 2538.4 -9.4 312 0 6.1 12.1 2.5 2.5 2 0 1 4 4
-5852.3 2425.7 -9.2 331 0 12.0 7.9 7.5 2.5 2 0 3 1 1
-5904.6 2392.1 -3.1 329 0 6.0 8.2 7.5 2.5 2 1 3 3 3
-5908.0 2403.8 -3.4 324 0 8.4 7.8 5.0 2.5 2 0 2 3 3
-5953.9 2459.5 -4.8 218 0 7.3 6.8 7.5 2.5 4 0 3 2 2
-5880.8 2443.8 -6.4 330 0 7.0 7.0 7.5 2.5 2 0 3 5 5
-5906.2 2482.3 -5.5 322 0 7.7 8.8 5.0 2.5 2 1 2 5 5
-6005.9 2640.5 -7.7 334 0 6.8 6.3 5.0 2.5 2 0 2 5 5
-308.4 5462.2 1.2 215 0 7.5 12.2 2.5 2.5 4 1 1 4 4
-215.3 5440.0 -1.6 223 0 12.0 6.0 5.0 2.5 2 0 2 3 3
-270.0 5646.2 3.9 52 0 6.7 9.4 2.5 2.5 4 1 1 4 4
-465.2 5805.0 2.6 308 0 11.3 11.4 7.5 2.5 2 1 3 5 5
-448.6 5776.3 2.9 319 0 14.1 17.9 12.5 2.5 2 1 5 5 5
-485.6 5633.6 4.1 318 0 7.7 9.6 10.0 2.5 2 1 4 1 1
-472.8 5577.1 4.0 114 0 8.5 6.3 7.5 2.5 2 0 3 3 3
-435.7 5660.7 3.5 124 0 7.9 7.7 7.5 2.5 2 0 3 5 5
-613.5 4907.0 2.4 66 0 10.1 18.0 10.0 2.5 4 1 4 0 0
-628.9 4969.7 2.6 322 0 9.6 19.1 2.5 2.5 2 1 1 3 3
-650.9 4941.8 2.4 330 0 8.2 8.3 10.0 2.5 2 1 4 4 4
-713.7 4965.8 -0.0 227 0 10.0 14.0 7.5 2.5 2 1 3 3 3
-704.5 4949.3 0.7 237 0 10.1 8.1 5.0 2.5 2 0 2 2 2
-707.3 4919.7 2.0 147 0 7.7 12.4 7.5 2.5 2 1 3 0 0
-639.6 4901.8 2.4 46 0 8.9 8.5 5.0 2.5 2 0 2 5 5
-632.4 4892.0 2.4 50 0 10.4 7.3 10.0 2.5 2 0 4 2 2
-673.5 4843.2 2.5 50 0 11.7 11.5 7.5 2.5 2 0 3 1 1
37.1 5749.7 5.1 315 0 11.5 16.3 7.5 2.5 2 1 3 3 3
-5.5 5736.5 4.3 130 0 6.7 8.7 7.5 0.0 0 1 3 3 3
-3.1 5767.6 4.5 310 0 7.6 7.6 7.5 2.5 4 0 3 1 1
