440.5 2704.9 4.3 173 0 19.6 12.5 7.5 2.5 2 0 3 1 1
426.0 2679.9 4.5 172 0 9.9 10.2 2.5 2.5 2 0 1 4 4
425.6 2664.3 4.5 180 0 10.9 19.2 7.5 2.5 2 0 3 1 1
427.1 2822.5 4.8 357 0 16.0 13.3 7.5 2.5 2 0 3 0 0
483.6 2699.7 4.2 4 0 8.5 8.5 5.0 2.5 2 0 2 0 0
-897.7 -1862.5 3.7 107 0 6.2 18.4 15.0 0.0 0 1 6 5 5
-1064.7 -1919.3 -1.2 149 0 9.3 10.8 7.5 2.5 2 0 3 5 5
-1050.8 -1905.9 -1.0 235 0 13.1 9.8 7.5 2.5 2 0 3 0 0
-1038.9 -1897.9 -0.6 234 0 11.1 8.8 7.5 2.5 2 0 3 1 1
-1026.7 -1890.7 -0.4 240 0 12.3 9.4 7.5 2.5 2 0 3 0 0
-1016.0 -1881.4 -0.0 237 0 11.9 9.8 5.0 2.5 2 0 2 0 0
-1003.7 -1875.0 0.2 238 0 11.2 9.6 5.0 2.5 2 0 2 2 2
-991.6 -1866.3 0.6 238 0 11.2 9.2 7.5 2.5 2 0 3 0 0
-980.1 -1859.9 0.9 235 0 13.0 9.5 7.5 2.5 2 0 3 4 4
-1005.2 -1822.2 0.6 239 0 11.3 9.9 5.0 2.5 2 0 2 1 1
-991.0 -1812.2 1.0 242 0 6.3 9.9 7.5 2.5 2 1 3 2 2
-1039.3 -1847.2 -0.2 239 0 12.1 6.8 7.5 2.5 2 0 3 5 5
-1027.4 -1835.2 0.0 237 0 7.2 10.2 7.5 0.0 0 1 3 3 3
-1050.7 -1850.8 -0.5 237 0 6.4 9.1 2.5 2.5 2 1 1 1 1
-1062.8 -1862.4 -0.8 237 0 12.6 7.6 5.0 2.5 2 0 2 4 4
-1077.9 -1893.4 -1.2 146 0 9.3 11.9 7.5 2.5 2 1 3 1 1
-1057.4 -1887.3 -0.8 54 0 12.4 9.1 7.5 2.5 2 0 3 5 5
-1023.6 -1811.6 -0.6 57 0 25.5 25.3 10.0 2.5 2 0 4 4 4
-1042.4 -1746.4 -0.2 215 0 18.1 14.0 10.0 2.5 2 0 4 4 4
-683.1 -1683.9 2.2 17 0 10.7 32.5 10.0 2.5 4 1 4 3 3
-1012.4 -1118.7 -5.6 76 0 10.6 19.1 7.5 2.5 2 1 3 1 1
