4500.0 -2924.7 -5.6 50 0 22.9 19.4 14.0 3.5 2 0 4 4 4
4537.1 -2916.4 -6.8 52 0 9.6 49.9 14.0 3.5 2 0 4 1 1
4553.4 -2877.9 -8.0 64 0 33.3 7.3 14.0 3.5 2 0 4 1 1
4586.1 -2860.0 -8.6 63 0 21.2 8.1 14.0 3.5 2 0 4 1 1
1729.3 -3681.4 6.8 137 0 84.7 35.2 7.5 0.0 0 0 3 3 3
1723.9 -3578.8 8.4 222 0 20.6 24.0 12.5 2.5 2 1 5 5 5
1813.0 -3674.9 6.6 48 0 43.2 76.7 12.5 0.0 0 1 5 0 0
4042.9 -3073.6 1.0 43 0 16.0 14.1 5.0 2.5 2 0 2 4 4
4538.3 -2947.9 -7.5 239 0 19.8 13.7 14.0 3.5 2 0 4 1 1
4520.4 -2965.1 -6.9 235 0 9.3 25.4 14.0 3.5 2 0 4 3 3
4566.8 -2974.9 -8.6 49 0 7.1 20.2 14.0 3.5 2 0 4 5 5
4575.2 -2908.9 -8.7 234 0 12.0 16.8 14.0 3.5 2 0 4 2 2
4439.7 -2892.8 -5.0 227 0 8.1 20.5 14.0 0.0 0 0 4 2 2
4524.9 -2919.0 -6.4 53 0 8.4 17.1 14.0 3.5 2 0 4 1 1
4422.5 -2801.7 -4.7 241 0 8.8 32.4 14.0 3.5 2 0 4 4 4
4437.9 -2805.9 -5.0 237 0 6.7 17.3 14.0 3.5 2 0 4 4 4
4442.5 -2788.1 -5.6 242 0 7.3 29.9 14.0 3.5 2 0 4 5 5
4455.3 -2781.5 -6.3 238 0 12.8 31.3 14.0 3.5 2 0 4 5 5
4469.2 -2771.7 -6.8 244 0 7.8 33.4 14.0 3.5 2 0 4 0 0
4480.4 -2767.9 -7.3 241 0 8.4 32.2 14.0 3.5 2 0 4 1 1
4491.6 -2762.6 -7.8 240 0 8.2 30.5 14.0 3.5 2 0 4 2 2
4502.3 -2756.2 -8.3 240 0 6.6 32.2 14.0 3.5 2 0 4 0 0
4516.6 -2755.1 -8.6 239 0 8.5 23.0 14.0 3.5 2 0 4 4 4
4519.3 -2728.8 -8.6 149 0 6.3 27.9 14.0 3.5 2 0 4 0 0
4558.6 -2736.7 -8.6 329 0 9.2 31.5 14.0 3.5 2 0 4 2 2
4568.7 -2753.3 -8.6 328 0 9.7 22.2 14.0 3.5 2 0 4 4 4
4572.6 -2719.4 -8.5 331 0 34.2 10.6 14.0 3.5 2 0 4 5 5
4531.4 -2679.4 -8.5 240 0 8.4 16.7 14.0 3.5 2 0 4 3 3
4503.2 -2802.7 -7.8 244 0 24.3 7.1 14.0 3.5 2 0 4 3 3
4466.9 -2826.7 -6.7 154 0 7.8 28.1 14.0 3.5 2 0 4 5 5
4439.5 -2843.4 -5.4 154 0 11.4 29.5 14.0 3.5 2 0 4 1 1
4568.6 -2858.7 -8.4 59 0 10.0 25.9 14.0 0.0 0 1 4 0 0
4569.6 -2816.0 -8.6 326 0 10.4 26.7 14.0 3.5 2 1 4 4 4
4579.2 -2815.9 -8.7 238 0 10.7 15.0 14.0 3.5 2 1 4 5 5
4662.0 -2823.9 -8.3 346 0 20.6 20.4 14.0 3.5 2 0 4 5 5
5558.7 -2183.1 -6.9 132 0 9.5 65.5 10.0 0.0 0 1 4 1 1
5455.4 -2154.5 -6.7 305 0 17.2 6.3 7.5 2.5 2 0 3 0 0
5592.3 -2264.0 -3.7 314 0 9.6 19.7 10.0 2.5 2 1 4 5 5
5563.6 -2318.7 -4.7 57 0 6.7 10.3 7.5 2.5 4 1 3 2 2
5684.1 -2342.6 -2.1 134 0 13.1 12.3 7.5 2.5 2 0 3 5 5
5678.1 -2331.8 -1.8 131 0 7.3 8.8 7.5 2.5 2 1 3 4 4
5495.1 -2192.1 -5.5 126 0 14.6 10.9 7.5 2.5 4 0 3 0 0
5787.6 -2379.9 -1.8 49 0 11.3 11.7 5.0 2.5 2 1 2 4 4
5719.6 -2367.6 -2.5 136 0 13.6 9.7 7.5 2.5 2 0 3 0 0
5722.6 -2328.5 -0.9 129 0 9.4 15.8 7.5 2.5 4 1 3 2 2
5434.2 -1895.9 -10.2 238 0 7.8 20.6 7.5 2.5 2 1 3 4 4
5415.2 -1829.5 -10.0 20 0 13.0 15.5 7.5 2.5 2 1 3 3 3
5381.7 -1879.9 -10.2 215 0 15.5 11.4 7.5 2.5 4 0 3 5 5
5405.8 -2241.3 -7.1 129 0 11.3 8.5 5.0 2.5 2 0 2 2 2
5517.4 -2330.4 -5.4 332 0 7.6 11.2 5.0 0.0 0 1 2 0 0
5767.2 -2347.6 -1.2 135 0 9.6 15.9 5.0 2.5 2 1 2 4 4
5763.2 -2365.9 -1.5 131 0 6.4 11.1 7.5 0.0 0 1 3 5 5
5488.5 -2386.7 -6.3 56 0 11.0 14.3 5.0 2.5 2 1 2 2 2
5493.2 -2367.7 -5.9 61 0 8.0 12.3 10.0 2.5 2 1 4 0 0
5830.4 -2430.2 -3.9 130 0 10.6 18.2 5.0 2.5 4 1 2 3 3
5957.3 -2528.1 -7.1 316 0 8.1 6.6 10.0 2.5 2 0 4 3 3
5949.4 -2585.3 -7.0 319 0 7.4 19.4 5.0 2.5 2 1 2 0 0
5953.8 -2600.4 -7.3 322 0 8.9 9.4 7.5 2.5 2 1 3 3 3
5894.4 -2546.9 -6.3 317 0 11.3 13.6 5.0 2.5 2 1 2 2 2
5877.2 -2514.2 -6.1 311 0 6.7 7.0 5.0 2.5 2 1 2 5 5
5887.1 -2526.1 -6.2 309 0 16.7 6.8 7.5 2.5 2 0 3 3 3
5399.0 -2067.7 -9.1 144 0 15.7 11.9 5.0 2.5 2 0 2 5 5
5310.9 -2036.2 -11.3 317 0 9.0 14.4 7.5 2.5 2 1 3 1 1
5321.9 -2042.9 -11.0 303 0 13.3 9.7 7.5 2.5 2 0 3 3 3
5294.3 -2048.5 -11.3 229 0 7.7 11.4 7.5 2.5 2 1 3 1 1
5257.3 -2081.1 -11.8 227 0 8.4 35.3 12.5 2.5 2 1 5 5 5
5276.4 -2078.9 -11.5 224 0 13.1 13.4 7.5 2.5 2 1 3 4 4
5201.2 -2163.2 -11.1 52 0 12.0 12.1 2.5 2.5 2 1 1 5 5
5193.0 -2194.7 -10.7 47 0 11.9 20.8 5.0 2.5 2 1 2 2 2
5148.7 -2183.8 -10.9 222 0 7.6 13.1 10.0 2.5 2 1 4 4 4
5163.0 -2232.6 -10.2 52 0 10.6 23.8 12.5 2.5 2 1 5 4 4
5103.1 -2217.1 -11.3 231 0 12.2 27.0 12.5 2.5 2 1 5 3 3
5125.9 -2288.7 -11.1 56 0 24.3 11.0 10.0 2.5 2 0 4 3 3
2197.4 -4717.4 0.0 324 0 32.6 12.8 7.5 2.5 2 0 3 3 3
4474.0 -3094.8 -5.6 137 0 26.5 18.3 14.0 3.5 4 0 4 5 5
4412.9 -3048.4 -4.7 230 0 12.3 11.7 14.0 3.5 2 0 4 4 4
4384.5 -3275.1 -10.5 148 0 11.9 34.4 10.0 2.5 2 1 4 2 2
4425.0 -3307.2 -9.6 319 0 13.5 31.4 7.5 2.5 2 1 3 2 2
4857.0 -2304.6 -10.7 269 0 10.6 12.9 7.5 2.5 2 1 3 1 1
4872.5 -2299.1 -10.1 271 0 10.8 14.7 2.5 2.5 2 1 1 0 0
4843.2 -2331.3 -11.9 177 0 16.3 12.3 7.5 2.5 2 0 3 2 2
4918.1 -2225.3 -10.2 181 0 10.3 65.4 10.5 0.0 0 1 3 3 3
4946.5 -2290.3 -10.4 144 0 23.5 15.8 10.5 3.5 2 0 3 1 1
5096.6 -2212.1 -11.4 228 0 13.5 6.1 5.0 2.5 2 0 2 3 3
4515.5 -3048.0 -5.3 51 0 8.4 23.1 14.0 3.5 2 1 4 4 4
4504.8 -3051.0 -5.1 316 0 9.3 13.9 14.0 3.5 2 1 4 4 4
4512.5 -3059.3 -5.4 317 0 9.4 13.7 14.0 3.5 2 1 4 5 5
4511.6 -3100.8 -6.2 45 0 9.5 13.2 14.0 3.5 2 1 4 3 3
4501.9 -3114.3 -6.3 46 0 16.5 16.4 14.0 3.5 2 0 4 2 2
4460.2 -3006.2 -4.4 229 0 11.4 17.0 14.0 3.5 2 1 4 0 0
4495.9 -2983.2 -4.9 233 0 11.2 8.4 14.0 3.5 2 0 4 3 3
4423.8 -2903.0 -3.0 235 0 8.1 16.2 14.0 3.5 2 1 4 2 2
4457.9 -2979.4 -3.9 48 0 12.9 14.1 14.0 3.5 2 1 4 1 1
4437.1 -2988.7 -3.5 146 0 8.5 12.7 14.0 3.5 2 1 4 3 3
