2395.0 5989.9 -1.7 4 0 16.8 29.0 10.0 0.0 0 0 4 1 1
2529.6 6104.1 -5.6 103 0 11.6 18.0 2.5 2.5 2 1 1 2 2
2604.2 4170.8 8.2 90 0 11.7 8.3 5.0 2.5 2 0 2 2 2
2416.4 5919.9 -2.4 181 0 12.4 11.4 5.0 0.0 0 0 2 0 0
2470.7 3989.1 6.0 90 0 9.4 13.3 7.5 2.5 2 1 3 1 1
6082.2 -376.6 11.0 348 0 8.3 12.1 5.0 2.5 2 1 2 1 1
6049.8 -312.1 9.7 347 0 12.9 8.3 7.5 2.5 2 0 3 5 5
6078.7 -225.9 10.0 246 0 9.6 22.0 2.5 2.5 2 1 1 0 0
6157.6 -229.2 9.9 346 0 11.4 12.5 10.0 2.5 2 1 4 5 5
6180.3 -329.3 12.0 162 0 8.5 9.4 2.5 2.5 2 1 1 3 3
6122.4 -375.5 11.8 155 0 10.0 11.7 7.5 2.5 2 1 3 1 1
6134.6 -399.3 11.9 157 0 9.6 11.6 7.5 2.5 2 1 3 5 5
6180.1 -421.4 12.3 338 0 11.6 8.4 7.5 2.5 2 0 3 4 4
6234.4 -344.0 12.3 328 0 7.2 20.1 5.0 2.5 2 1 2 5 5
6238.1 -370.0 12.6 333 0 8.1 12.8 7.5 2.5 2 1 3 1 1
6282.3 -345.4 12.1 158 0 9.1 9.0 5.0 2.5 2 0 2 3 3
6297.6 -383.5 12.4 149 0 10.1 6.1 10.0 2.5 2 0 4 1 1
6303.4 -422.7 12.8 158 0 12.0 9.2 7.5 2.5 2 0 3 4 4
6366.4 -385.5 11.8 68 0 7.3 8.5 5.0 0.0 0 1 2 2 2
6437.5 -411.5 13.9 164 0 11.5 9.4 7.5 2.5 4 0 3 2 2
3356.9 829.8 7.8 284 0 14.0 13.6 7.5 2.5 2 0 3 3 3
3368.2 861.1 7.8 89 0 11.0 9.3 5.0 2.5 2 0 2 3 3
3397.0 856.9 8.4 108 0 14.5 11.5 7.5 2.5 4 0 3 4 4
3222.8 827.8 6.8 304 0 11.3 13.7 5.0 2.5 2 1 2 5 5
3225.0 869.2 7.4 287 0 14.9 9.7 7.5 2.5 2 0 3 2 2
2842.8 2503.8 7.9 170 0 10.2 19.5 7.5 2.5 4 1 3 2 2
2822.0 3013.4 5.6 246 0 7.9 16.9 7.5 2.5 2 1 3 2 2
2764.1 3102.4 5.8 70 0 10.7 9.4 7.5 2.5 2 0 3 2 2
2757.4 2855.2 10.8 172 0 9.6 11.3 7.5 2.5 4 1 3 4 4
3080.1 1767.5 6.9 164 0 14.9 14.8 10.0 2.5 2 0 4 3 3
3051.0 1748.4 5.7 344 0 11.7 10.2 5.0 2.5 2 0 2 3 3
3058.5 1719.5 5.9 354 0 11.3 9.8 7.5 0.0 0 0 3 0 0
3177.6 1723.3 8.1 266 0 8.8 16.6 7.5 2.5 2 1 3 5 5
3110.8 1695.9 6.9 161 0 15.0 8.4 7.5 2.5 2 0 3 3 3
3093.0 1726.9 6.8 178 0 13.6 11.0 7.5 2.5 2 0 3 2 2
3077.7 1654.4 6.4 340 0 16.5 9.6 5.0 2.5 2 0 2 1 1
3154.6 1552.5 7.1 170 0 11.8 11.6 5.0 2.5 2 0 2 2 2
3139.5 1460.3 7.1 333 0 6.9 10.0 5.0 2.5 4 1 2 2 2
3157.9 1407.6 6.1 1 0 10.8 9.8 5.0 0.0 0 0 2 3 3
3163.4 1490.5 7.4 173 0 10.2 12.3 5.0 2.5 2 1 2 0 0
3213.1 1397.9 6.3 73 0 14.8 10.5 10.0 2.5 4 0 4 4 4
3216.4 1633.7 6.1 79 0 12.6 11.8 5.0 2.5 2 0 2 1 1
3230.9 1725.4 9.1 3 0 12.5 13.4 5.0 2.5 2 1 2 5 5
3239.7 1765.6 9.2 263 0 10.0 12.4 7.5 2.5 2 1 3 1 1
3256.8 1843.7 9.1 283 0 10.2 11.0 7.5 2.5 2 1 3 0 0
3275.7 1641.4 7.1 351 0 13.8 9.9 7.5 2.5 2 0 3 2 2
3286.2 1607.2 6.9 150 0 12.8 9.2 10.0 2.5 2 0 4 4 4
3333.9 1619.4 8.7 90 0 10.3 10.1 7.5 2.5 2 0 3 4 4
3363.6 1790.0 10.3 275 0 6.5 10.4 10.0 2.5 4 1 4 4 4
3406.1 1673.5 9.1 75 0 9.4 7.4 7.5 2.5 2 0 3 5 5
3172.2 1992.2 7.7 72 0 14.7 13.6 7.5 2.5 2 0 3 3 3
3239.7 1077.4 4.2 180 0 13.6 15.6 10.0 2.5 2 1 4 2 2
3408.3 1009.9 6.9 207 0 10.9 9.7 5.0 2.5 4 0 2 1 1
3496.9 1051.8 7.4 101 0 14.3 10.0 2.5 2.5 2 0 1 1 1
3554.1 1033.5 8.6 104 0 8.3 11.8 7.5 2.5 2 1 3 2 2
3588.8 980.9 9.6 192 0 14.3 11.0 7.5 2.5 2 0 3 1 1
3631.6 972.4 9.8 287 0 15.9 14.2 5.0 2.5 2 0 2 3 3
3625.5 1020.7 9.4 102 0 10.1 10.0 7.5 2.5 2 0 3 4 4
3729.0 921.4 11.8 300 0 14.2 13.3 2.5 2.5 2 0 1 1 1
3761.9 994.3 11.5 92 0 11.3 10.8 5.0 2.5 2 0 2 3 3
3801.5 938.5 12.4 301 0 9.6 17.1 7.5 2.5 2 1 3 4 4
5764.2 -806.3 10.7 189 0 8.1 8.9 2.5 2.5 2 1 1 5 5
6152.0 -447.4 11.9 163 0 7.9 8.9 7.5 2.5 2 1 3 5 5
6014.2 -638.6 6.3 77 0 15.6 12.1 7.5 2.5 2 0 3 2 2
5802.5 -831.4 12.3 78 0 9.2 13.9 10.0 2.5 2 1 4 2 2
5840.2 -811.0 11.5 279 0 9.3 11.1 5.0 2.5 2 1 2 3 3
5779.1 -859.1 10.9 28 0 9.9 13.8 10.0 0.0 0 1 4 5 5
5732.8 -767.2 8.8 13 0 16.5 13.3 2.5 2.5 2 0 1 5 5
5765.3 -779.8 10.0 191 0 6.4 10.8 5.0 2.5 2 1 2 5 5
5719.7 -879.5 10.9 268 0 13.6 12.4 2.5 2.5 2 0 1 3 3
5706.3 -841.6 9.3 25 0 11.4 10.0 2.5 2.5 2 0 1 3 3
5695.3 -924.5 10.6 47 0 11.3 8.4 5.0 0.0 0 0 2 1 1
5652.3 -938.0 10.3 240 0 11.2 7.2 7.5 2.5 2 0 3 5 5
5608.6 -951.5 10.5 22 0 13.7 10.3 7.5 2.5 2 0 3 2 2
5155.8 -1460.9 13.8 190 0 7.7 8.8 5.0 2.5 2 1 2 1 1
5200.7 -1462.9 14.5 285 0 8.7 7.2 7.5 2.5 2 0 3 1 1
3353.9 -1249.7 11.5 183 0 21.4 19.6 7.5 2.5 2 0 3 5 5
3333.9 -1264.6 10.8 356 0 9.3 16.4 5.0 2.5 2 1 2 4 4
3328.2 -1243.8 10.8 272 0 17.4 16.5 10.0 2.5 2 0 4 3 3
3353.4 -1273.2 11.4 180 0 13.5 19.4 7.5 0.0 0 1 3 1 1
3093.0 -1380.7 9.5 264 0 10.9 20.2 7.5 2.5 2 1 3 4 4
1038.4 -1490.5 12.6 19 0 17.8 17.8 10.0 2.5 2 1 4 5 5
978.4 -1527.0 12.3 206 0 9.2 8.9 7.5 2.5 2 0 3 0 0
983.6 -1577.1 12.6 37 0 12.1 13.2 5.0 2.5 4 1 2 4 4
3965.2 435.4 8.5 99 0 10.1 10.8 7.5 2.5 2 1 3 0 0
3058.9 1945.2 6.1 163 0 14.8 11.0 7.5 2.5 2 0 3 0 0
2791.0 2727.9 9.1 346 0 10.7 10.1 7.5 2.5 2 0 3 5 5
2780.0 2637.0 8.7 168 0 13.8 10.2 5.0 0.0 0 0 2 0 0
2782.2 2524.0 8.1 348 0 10.1 13.5 7.5 2.5 2 1 3 0 0
2780.0 2553.5 8.3 341 0 8.7 16.4 10.0 2.5 2 1 4 3 3
2785.4 2566.7 8.5 342 0 7.1 12.7 5.0 0.0 0 1 2 1 1
2851.1 2536.3 8.6 77 0 19.1 11.5 2.5 2.5 4 0 1 5 5
2825.3 2566.5 9.0 173 0 11.3 20.1 5.0 2.5 2 1 2 1 1
2837.2 2400.0 7.9 350 0 9.9 16.2 7.5 2.5 2 1 3 0 0
2798.8 2464.9 7.7 347 0 12.9 15.4 7.5 2.5 4 1 3 5 5
2813.4 2451.3 7.7 343 0 16.8 10.1 5.0 2.5 2 0 2 1 1
2794.7 2480.5 7.8 78 0 9.3 16.2 7.5 2.5 2 1 3 0 0
2819.6 2423.2 7.7 349 0 15.1 9.8 7.5 2.5 4 0 3 1 1
2850.2 2464.2 7.6 167 0 9.2 12.8 2.5 2.5 2 1 1 4 4
2866.7 2414.5 8.4 167 0 11.8 12.8 7.5 2.5 2 1 3 3 3
2888.1 2393.3 9.1 164 0 9.3 8.8 7.5 2.5 2 0 3 2 2
2900.1 2268.3 9.2 160 0 8.9 16.9 5.0 2.5 2 1 2 0 0
2985.8 2122.3 8.7 349 0 12.0 15.4 5.0 2.5 2 1 2 4 4
2937.8 2055.0 7.5 351 0 9.7 10.8 5.0 0.0 0 1 2 5 5
2968.0 1984.1 7.0 358 0 10.0 14.7 5.0 2.5 2 1 2 5 5
2892.1 2154.1 8.5 85 0 13.5 9.9 5.0 2.5 2 0 2 4 4
3014.1 6166.2 -4.6 253 0 14.7 9.4 10.0 2.5 2 0 4 3 3
2882.2 5867.8 -1.6 270 0 9.7 11.2 5.0 0.0 0 1 2 5 5
2868.1 6077.3 -3.6 275 0 14.0 14.5 5.0 2.5 2 1 2 3 3
2916.8 6073.2 -2.5 273 0 7.8 11.4 5.0 2.5 4 1 2 0 0
2758.4 6078.9 -7.7 73 0 10.6 11.9 2.5 2.5 4 1 1 0 0
6090.5 6700.2 -18.2 357 0 13.2 15.2 2.5 2.5 2 1 1 4 4
6079.0 6719.1 -18.8 359 0 10.8 11.3 5.0 2.5 2 1 2 4 4
3943.2 6832.3 -16.5 273 0 13.1 8.4 10.0 2.5 2 0 4 3 3
4064.3 6579.1 -12.7 266 0 12.6 12.7 7.5 2.5 2 1 3 0 0
4146.7 6422.7 -11.7 103 0 10.8 13.0 5.0 2.5 2 1 2 0 0
4179.4 6414.2 -10.7 101 0 7.6 12.7 7.5 2.5 2 1 3 4 4
4237.8 6604.8 -9.7 343 0 6.2 6.6 10.0 2.5 4 1 4 5 5
3969.7 6714.9 -13.8 82 0 11.4 14.9 2.5 2.5 2 1 1 2 2
4002.8 6687.5 -13.0 77 0 6.7 7.1 10.0 2.5 2 1 4 4 4
4084.1 6684.1 -13.0 339 0 15.0 11.3 7.5 2.5 2 0 3 2 2
4068.9 6701.4 -13.0 163 0 14.3 9.7 5.0 2.5 2 0 2 0 0
4092.0 6767.3 -15.6 355 0 7.5 7.1 7.5 2.5 2 0 3 4 4
4113.4 6836.9 -18.2 253 0 13.8 10.2 5.0 2.5 2 0 2 5 5
4221.9 6877.9 -17.3 265 0 13.8 14.1 10.0 2.5 2 1 4 5 5
4193.5 6881.6 -17.9 349 0 14.6 20.0 7.5 2.5 2 1 3 3 3
4032.6 6880.8 -19.2 93 0 16.3 11.2 7.5 2.5 2 0 3 1 1
4061.3 6843.1 -18.1 260 0 16.7 10.0 7.5 2.5 2 0 3 0 0
4038.9 6775.6 -15.5 76 0 16.7 10.8 7.5 0.0 0 0 3 0 0
4001.2 6836.4 -16.7 260 0 13.7 12.6 7.5 2.5 2 0 3 4 4
3957.9 6826.8 -15.7 258 0 8.4 14.5 7.5 2.5 4 1 3 1 1
3975.5 6767.8 -14.2 355 0 8.0 14.5 5.0 2.5 4 1 2 1 1
3716.5 6850.6 -15.7 90 0 14.7 12.1 2.5 2.5 2 0 1 1 1
3692.7 6823.4 -15.9 273 0 11.7 8.8 7.5 0.0 0 0 3 4 4
3693.6 6867.5 -14.9 273 0 12.0 8.9 5.0 2.5 4 0 2 4 4
3640.9 6817.7 -14.7 271 0 14.4 13.8 5.0 2.5 2 0 2 2 2
3643.2 6840.8 -15.0 100 0 10.4 11.4 2.5 2.5 2 1 1 2 2
3600.0 6829.5 -14.4 87 0 6.5 9.8 7.5 2.5 2 1 3 2 2
3624.6 6841.4 -15.1 85 0 13.0 7.8 7.5 2.5 2 0 3 3 3
3618.4 6816.3 -14.4 287 0 13.5 23.9 10.0 2.5 4 1 4 0 0
3582.8 6785.0 -13.2 272 0 11.5 15.1 2.5 2.5 2 1 1 2 2
3577.3 6710.3 -14.0 21 0 19.8 12.7 10.0 2.5 2 0 4 3 3
3543.4 6749.3 -12.9 201 0 11.2 13.9 5.0 2.5 2 1 2 3 3
3568.3 6804.3 -12.6 276 0 8.5 12.0 5.0 2.5 4 1 2 4 4
3517.6 6843.3 -12.4 32 0 9.6 16.4 7.5 2.5 2 1 3 1 1
3508.2 6758.4 -11.2 12 0 11.5 12.4 7.5 2.5 4 1 3 5 5
3529.8 6797.3 -11.8 20 0 14.0 15.9 7.5 2.5 2 1 3 1 1
3509.1 6812.8 -11.6 22 0 6.1 10.0 10.0 0.0 0 1 4 2 2
3473.1 6822.7 -11.3 277 0 17.4 8.7 7.5 2.5 2 0 3 5 5
3447.2 6650.9 -11.0 45 0 25.7 8.5 5.0 2.5 2 0 2 0 0
3491.7 6558.0 -11.8 1 0 8.3 6.8 5.0 2.5 2 0 2 5 5
3498.6 6573.8 -12.2 3 0 6.8 10.2 7.5 2.5 4 1 3 5 5
3438.0 6448.6 -11.3 91 0 9.8 17.9 5.0 2.5 2 1 2 0 0
3404.5 6499.5 -9.3 102 0 10.7 15.4 7.5 2.5 4 1 3 0 0
3448.7 6513.0 -10.7 192 0 8.0 22.5 7.5 0.0 0 1 3 3 3
3461.4 6536.9 -11.0 184 0 13.0 12.8 10.0 2.5 2 0 4 3 3
3452.3 6569.1 -11.5 173 0 13.2 23.5 10.0 2.5 2 1 4 3 3
3494.2 6625.4 -12.7 194 0 15.0 15.4 5.0 2.5 2 1 2 4 4
3522.6 6721.2 -12.3 199 0 10.6 13.3 7.5 2.5 2 1 3 3 3
3526.1 6690.3 -12.7 196 0 8.8 14.8 7.5 2.5 4 1 3 0 0
3515.1 6664.6 -12.8 196 0 15.4 14.7 5.0 0.0 0 0 2 5 5
3491.6 6695.7 -11.0 19 0 7.7 8.4 7.5 2.5 2 1 3 0 0
3484.7 6673.0 -11.2 21 0 13.6 17.7 5.0 2.5 2 1 2 5 5
3433.6 6744.9 -10.8 106 0 12.8 15.2 10.0 2.5 4 1 4 1 1
3391.7 6832.8 -12.9 196 0 10.0 7.0 2.5 2.5 4 0 1 0 0
3398.8 6794.4 -11.5 192 0 16.6 10.0 5.0 2.5 2 0 2 3 3
3260.6 6762.5 -11.8 13 0 8.5 6.2 5.0 2.5 2 0 2 3 3
3246.0 6756.0 -11.7 102 0 6.2 14.6 7.5 2.5 2 1 3 5 5
3202.6 6809.1 -12.6 9 0 16.2 12.3 5.0 2.5 2 0 2 2 2
3180.6 6747.8 -12.0 12 0 13.2 15.8 5.0 2.5 4 1 2 4 4
3163.1 6676.4 -10.1 92 0 7.5 11.8 10.0 2.5 2 1 4 0 0
3387.4 6473.6 -10.1 274 0 17.3 12.3 7.5 2.5 4 0 3 4 4
3343.0 6443.7 -9.0 108 0 9.8 12.7 7.5 2.5 2 1 3 0 0
3191.7 6246.4 -6.5 210 0 14.7 9.5 10.0 2.5 2 0 4 1 1
3213.6 6278.9 -7.6 213 0 13.1 11.6 7.5 0.0 0 0 3 1 1
3176.1 6385.4 -6.4 275 0 10.3 11.9 7.5 2.5 2 1 3 5 5
3161.5 6310.2 -7.2 19 0 11.9 9.0 2.5 2.5 2 0 1 4 4
3141.5 6353.6 -6.9 195 0 10.0 7.5 7.5 2.5 2 0 3 3 3
3130.0 6346.2 -7.5 265 0 7.4 14.9 10.0 2.5 2 1 4 2 2
3114.9 6304.0 -7.0 199 0 7.4 7.4 2.5 2.5 2 1 1 0 0
3134.5 6242.5 -4.7 33 0 12.9 8.4 7.5 0.0 0 0 3 0 0
2973.2 6145.0 -4.9 71 0 8.4 7.8 5.0 2.5 2 0 2 5 5
3129.5 6211.1 -4.5 35 0 9.7 8.9 7.5 2.5 2 0 3 2 2
3131.5 6192.6 -4.6 215 0 6.3 10.9 10.0 2.5 2 1 4 4 4
3091.3 6181.1 -5.0 38 0 11.3 11.6 5.0 2.5 2 1 2 4 4
3078.8 6121.3 -4.0 353 0 11.9 13.3 5.0 0.0 0 1 2 5 5
2962.7 6055.6 -1.9 95 0 10.4 15.1 5.0 2.5 2 1 2 0 0
6908.4 6545.0 -18.4 4 0 13.0 13.3 5.0 2.5 2 1 2 1 1
6871.8 6506.7 -19.0 75 0 6.7 16.0 5.0 2.5 2 1 2 2 2
6853.2 6550.8 -18.8 273 0 11.3 14.6 5.0 2.5 2 1 2 0 0
6833.2 6586.0 -17.7 87 0 13.8 14.0 7.5 0.0 0 1 3 1 1
6820.2 6540.3 -18.9 268 0 12.8 11.4 7.5 0.0 0 0 3 4 4
6766.4 6582.3 -17.3 81 0 18.0 10.9 5.0 2.5 2 0 2 1 1
6722.9 6573.6 -16.3 83 0 11.9 10.0 7.5 2.5 2 0 3 5 5
6705.4 6532.1 -16.2 261 0 16.3 12.8 5.0 2.5 2 0 2 3 3
6754.6 6511.5 -17.4 91 0 15.4 17.0 7.5 2.5 2 1 3 0 0
6784.4 6523.4 -18.5 269 0 18.9 13.0 7.5 2.5 2 0 3 2 2
6163.7 6620.9 -18.2 90 0 7.0 6.5 7.5 2.5 2 0 3 1 1
6158.6 6637.6 -18.7 274 0 13.1 8.0 7.5 2.5 2 0 3 4 4
6200.7 6659.7 -17.2 75 0 8.8 6.9 2.5 2.5 2 0 1 1 1
6193.4 6668.8 -17.6 92 0 15.1 15.1 5.0 2.5 2 0 2 4 4
6209.5 6691.8 -17.6 262 0 13.2 18.6 5.0 2.5 2 1 2 3 3
6238.1 6575.2 -16.5 101 0 12.7 12.1 2.5 0.0 0 0 1 5 5
6263.2 6614.9 -15.2 273 0 11.6 12.7 5.0 2.5 2 1 2 4 4
6308.8 6498.1 -16.8 190 0 9.1 10.6 7.5 2.5 2 1 3 2 2
6366.6 6569.0 -14.8 264 0 13.7 16.8 2.5 2.5 2 1 1 3 3
6339.3 6665.7 -16.2 110 0 13.8 12.8 7.5 2.5 2 0 3 5 5
6338.7 6611.5 -14.4 271 0 15.7 14.5 5.0 2.5 2 0 2 1 1
6442.1 6625.0 -13.8 100 0 8.1 19.8 7.5 2.5 2 1 3 5 5
6410.3 6659.3 -15.4 287 0 7.8 7.3 7.5 2.5 2 0 3 5 5
6417.5 6550.1 -13.6 18 0 7.1 10.0 5.0 2.5 2 1 2 0 0
6413.0 6574.2 -13.7 286 0 17.0 16.4 12.5 2.5 2 0 5 4 4
6439.6 6557.3 -12.4 93 0 8.9 7.5 10.0 2.5 2 0 4 5 5
6453.5 6571.5 -11.9 276 0 10.5 16.2 5.0 2.5 2 1 2 2 2
6492.4 6570.2 -12.8 288 0 12.0 8.0 2.5 2.5 2 0 1 0 0
6512.1 6599.9 -13.4 112 0 11.6 16.4 10.0 2.5 2 1 4 0 0
6554.4 6594.9 -14.3 106 0 20.3 8.1 7.5 2.5 2 0 3 3 3
6563.4 6564.5 -14.3 95 0 7.4 19.0 7.5 2.5 4 1 3 1 1
6584.9 6574.3 -15.2 99 0 10.9 12.8 5.0 2.5 2 1 2 0 0
6584.2 6550.4 -14.9 283 0 6.0 12.7 7.5 2.5 2 1 3 2 2
6589.4 6514.8 -15.5 101 0 16.5 8.2 5.0 2.5 2 0 2 4 4
6623.1 6534.3 -15.9 268 0 15.3 19.6 7.5 2.5 2 1 3 4 4
6647.7 6576.2 -16.0 84 0 10.0 14.8 7.5 2.5 2 1 3 4 4
6662.7 6528.5 -16.3 267 0 12.6 12.0 5.0 2.5 2 0 2 3 3
6675.8 6578.8 -16.3 91 0 10.6 16.2 5.0 2.5 2 1 2 2 2
6816.6 6474.5 -20.1 95 0 15.8 16.5 7.5 0.0 0 1 3 0 0
6393.4 6305.0 -16.5 18 0 18.6 14.5 7.5 2.5 2 0 3 5 5
6202.2 6598.8 -17.3 91 0 13.9 10.3 5.0 2.5 2 0 2 2 2
6270.9 6671.0 -16.6 90 0 11.4 12.0 2.5 0.0 0 1 1 3 3
6307.6 6686.6 -16.5 107 0 8.1 7.6 7.5 2.5 2 0 3 3 3
6278.4 6724.5 -17.5 192 0 6.9 9.9 7.5 0.0 0 1 3 1 1
6396.0 6407.7 -15.1 275 0 8.8 13.2 7.5 2.5 4 1 3 2 2
6404.2 6383.5 -15.2 288 0 15.6 18.1 12.5 2.5 2 1 5 4 4
6307.6 6460.5 -17.2 172 0 15.2 11.5 7.5 2.5 2 0 3 3 3
6593.2 6627.8 -15.9 15 0 11.3 10.0 2.5 2.5 2 0 1 3 3
6053.8 6879.7 -23.8 342 0 24.0 15.1 10.0 2.5 2 0 4 1 1
6119.8 6817.4 -21.8 356 0 15.2 11.7 7.5 2.5 2 0 3 5 5
3201.3 6126.0 -5.7 25 0 6.5 10.7 5.0 0.0 0 1 2 4 4
2954.2 5897.7 -0.5 89 0 9.2 10.3 7.5 2.5 2 1 3 5 5
3002.6 5937.7 -0.2 264 0 13.4 11.7 10.0 2.5 2 0 4 3 3
3375.6 6015.1 -6.2 179 0 13.5 10.7 2.5 2.5 4 0 1 0 0
3247.4 6077.9 -7.0 208 0 12.9 9.7 10.0 2.5 2 0 4 4 4
3327.9 2026.2 11.4 257 0 9.9 9.8 7.5 2.5 2 0 3 2 2
6334.9 411.2 9.5 75 0 12.2 11.9 7.5 2.5 4 0 3 1 1
6335.0 341.2 7.3 246 0 10.9 7.5 2.5 2.5 2 0 1 5 5
3204.7 1048.8 4.4 342 0 11.8 13.7 7.5 2.5 2 1 3 0 0
3204.3 1002.6 5.2 78 0 8.8 11.8 10.0 2.5 2 1 4 0 0
6478.9 591.0 12.8 1 0 11.1 28.2 7.5 2.5 2 1 3 2 2
6519.5 642.4 13.5 270 0 10.7 18.3 5.0 0.0 0 1 2 1 1
6366.0 -252.0 9.6 333 0 10.2 6.5 10.0 2.5 2 0 4 3 3
6344.5 -274.7 10.6 65 0 9.7 13.2 5.0 2.5 2 1 2 5 5
6291.5 -361.9 12.1 172 0 8.0 8.0 5.0 2.5 2 1 2 5 5
6277.6 -326.9 11.9 158 0 9.6 8.7 7.5 2.5 2 0 3 1 1
6261.1 -305.8 11.7 160 0 14.3 7.7 5.0 0.0 0 0 2 5 5
6256.4 -264.5 11.3 331 0 13.6 11.3 7.5 2.5 2 0 3 3 3
5301.1 -392.3 7.9 283 0 8.8 6.7 10.0 2.5 2 0 4 2 2
5264.3 -436.9 9.0 95 0 15.3 26.9 10.0 2.5 2 1 4 2 2
5213.9 -425.9 9.6 90 0 13.6 15.9 5.0 2.5 4 1 2 0 0
5157.5 -414.1 9.1 93 0 8.1 10.6 2.5 2.5 2 1 1 0 0
5137.4 -415.3 9.2 99 0 15.7 11.1 2.5 2.5 2 0 1 0 0
5031.4 -396.6 8.8 11 0 16.4 13.8 5.0 2.5 2 0 2 2 2
4962.7 -400.6 9.3 94 0 17.3 11.8 10.0 2.5 2 0 4 3 3
4849.1 -428.6 8.3 75 0 16.7 11.7 5.0 2.5 2 0 2 2 2
4825.4 -439.4 8.5 87 0 7.6 11.5 7.5 2.5 2 1 3 2 2
4785.9 -438.7 8.2 84 0 16.1 12.2 7.5 2.5 2 0 3 0 0
4691.0 -438.1 7.3 180 0 9.4 12.8 2.5 2.5 2 1 1 1 1
4736.4 -403.6 7.0 284 0 10.0 12.7 5.0 2.5 2 1 2 0 0
4062.3 910.4 9.8 108 0 16.1 11.8 7.5 0.0 0 0 3 1 1
4107.1 883.0 12.1 109 0 12.1 10.7 10.0 2.5 2 0 4 3 3
4496.0 625.2 9.8 350 0 13.2 11.9 5.0 2.5 2 0 2 3 3
4500.8 605.4 10.9 353 0 10.1 18.9 2.5 2.5 2 1 1 4 4
4092.5 399.2 7.8 92 0 14.8 14.5 5.0 2.5 2 0 2 4 4
4125.3 408.0 7.6 67 0 12.9 13.3 10.0 2.5 2 1 4 4 4
4413.9 614.7 9.0 79 0 16.8 11.7 10.0 2.5 2 0 4 3 3
4454.8 607.3 8.1 66 0 8.8 9.5 10.0 2.5 2 1 4 0 0
4456.5 672.2 7.4 269 0 11.8 11.7 7.5 2.5 2 0 3 0 0
4324.6 767.8 10.7 181 0 14.5 15.8 7.5 2.5 2 1 3 0 0
4337.1 799.7 11.6 102 0 10.4 10.0 10.0 2.5 2 0 4 2 2
4294.2 801.8 11.1 105 0 12.0 14.4 2.5 2.5 2 1 1 4 4
4254.2 850.6 12.0 285 0 8.8 8.6 5.0 2.5 2 0 2 0 0
4196.3 847.8 11.8 96 0 14.0 15.3 7.5 2.5 4 1 3 4 4
4163.1 855.9 8.1 109 0 15.5 13.1 7.5 2.5 2 0 3 4 4
4151.8 804.5 11.5 33 0 8.2 14.0 7.5 2.5 4 1 3 2 2
4173.1 762.2 11.4 32 0 15.2 15.2 2.5 2.5 2 1 1 3 3
4221.5 703.3 9.4 99 0 8.5 13.8 7.5 2.5 2 1 3 0 0
4203.1 665.2 9.7 301 0 11.2 10.0 7.5 2.5 2 0 3 2 2
4175.3 675.4 10.2 316 0 15.9 17.7 10.0 2.5 2 1 4 3 3
4147.4 701.5 10.8 308 0 13.1 10.2 7.5 2.5 2 0 3 3 3
4130.2 718.2 10.4 300 0 13.2 14.6 2.5 2.5 4 1 1 0 0
4096.2 731.3 10.1 304 0 11.0 6.1 7.5 2.5 4 0 3 5 5
4098.4 805.4 11.4 117 0 17.1 11.2 5.0 2.5 2 0 2 4 4
4071.9 824.9 11.3 121 0 15.5 7.2 7.5 2.5 2 0 3 1 1
4067.6 760.8 10.1 311 0 12.1 8.6 7.5 2.5 2 0 3 4 4
4066.6 788.0 10.5 312 0 10.8 12.1 7.5 2.5 2 1 3 4 4
4046.7 792.4 10.3 301 0 14.0 11.4 7.5 2.5 2 0 3 1 1
4007.3 856.3 11.6 105 0 12.8 12.7 2.5 2.5 2 0 1 5 5
3971.8 910.3 11.1 29 0 10.8 15.4 7.5 2.5 2 1 3 3 3
3953.4 871.2 11.3 303 0 15.9 12.7 7.5 2.5 4 0 3 1 1
3926.5 882.5 11.7 290 0 11.2 13.5 10.0 2.5 2 1 4 1 1
3939.8 943.4 12.3 302 0 11.5 21.2 5.0 2.5 2 1 2 2 2
3825.2 978.6 12.5 109 0 8.5 8.4 7.5 2.5 2 0 3 2 2
3844.0 927.8 13.0 297 0 11.7 10.1 2.5 0.0 0 0 1 2 2
-6238.5 2822.0 -17.4 23 0 10.3 11.3 7.5 2.5 2 1 3 3 3
