6690.1 6061.3 -5.3 12 0 10.0 55.7 10.0 2.5 2 0 4 2 2
6642.5 5896.8 -7.8 357 0 9.4 21.3 5.0 2.5 2 0 2 4 4
6773.3 2833.1 -10.5 318 0 28.5 9.0 10.0 2.5 2 0 4 2 2
6794.0 2811.5 -10.8 317 0 23.9 9.6 5.0 2.5 2 0 2 5 5
6741.4 2789.2 -12.0 117 0 8.3 13.2 7.5 2.5 2 0 3 3 3
-2329.7 4411.2 4.5 108 0 10.5 41.3 10.0 2.5 2 1 4 2 2
-2288.2 4444.1 5.1 286 0 34.7 11.9 7.5 2.5 2 0 3 5 5
-4430.5 5370.0 -9.0 123 0 9.6 33.7 10.0 2.5 2 0 4 1 1
-4410.2 5357.7 -8.3 118 0 32.8 9.0 7.5 2.5 2 0 3 4 4
-4396.1 5421.3 -8.7 214 0 23.1 7.2 10.0 2.5 2 0 4 4 4
-4382.1 5404.7 -8.0 217 0 18.5 6.3 7.5 2.5 2 0 3 2 2
-5385.1 6826.6 -16.0 82 0 31.2 11.1 10.0 2.5 2 0 4 0 0
6680.5 6141.5 -5.7 282 0 35.8 8.9 10.0 2.5 2 0 4 1 1
6828.1 2952.2 -13.6 8 0 15.4 10.1 5.0 2.5 2 0 2 5 5
6911.8 2696.2 -14.6 300 0 16.2 16.2 7.5 2.5 2 1 3 4 4
6694.7 2461.8 -17.4 276 0 13.1 19.2 7.5 2.5 2 1 3 4 4
6630.8 2457.9 -16.8 206 0 18.4 19.3 7.5 2.5 2 1 3 0 0
6659.6 2408.0 -15.7 113 0 15.4 15.6 7.5 2.5 2 1 3 2 2
6540.2 2676.5 -12.1 294 0 11.6 11.4 7.5 2.5 2 0 3 0 0
6528.7 2648.9 -11.9 107 0 13.8 8.5 10.0 0.0 0 0 4 3 3
6561.1 2648.5 -13.3 15 0 12.1 12.7 7.5 2.5 2 1 3 5 5
6576.9 2388.2 -14.3 11 0 9.4 9.3 5.0 2.5 2 0 2 0 0
6503.9 2536.6 -13.4 283 0 13.2 13.2 10.0 2.5 2 0 4 1 1
6517.7 2407.2 -13.2 279 0 16.9 18.1 10.0 2.5 2 1 4 5 5
6573.1 2739.5 -10.5 110 0 13.8 9.3 5.0 2.5 2 0 2 4 4
6520.5 3455.4 -12.5 1 0 6.3 11.9 7.5 2.5 2 1 3 2 2
6803.0 2830.5 -11.3 128 0 11.9 6.2 7.5 2.5 4 0 3 3 3
6839.7 2971.4 -14.5 22 0 6.7 6.1 2.5 2.5 2 0 1 1 1
6466.4 2489.8 -13.3 107 0 14.0 28.0 12.5 2.5 4 1 5 4 4
6617.7 2797.9 -11.6 103 0 12.7 8.1 2.5 2.5 2 0 1 4 4
6638.7 2806.7 -12.0 359 0 8.9 12.0 7.5 0.0 0 1 3 2 2
6489.7 2653.7 -11.8 111 0 9.2 6.4 7.5 2.5 2 0 3 5 5
6419.2 2665.5 -13.4 183 0 7.3 9.4 7.5 2.5 4 1 3 2 2
6406.6 3383.2 -8.7 103 0 20.7 18.6 15.0 0.0 0 0 6 5 5
6461.7 3283.7 -11.1 178 0 8.4 11.2 5.0 2.5 2 1 2 2 2
6727.4 2847.2 -10.2 288 0 11.4 14.0 7.5 2.5 2 1 3 5 5
6835.5 2721.9 -13.1 104 0 8.1 11.2 7.5 2.5 2 1 3 3 3
6814.8 6056.9 -6.1 201 0 11.0 6.6 5.0 2.5 4 0 2 2 2
6827.8 6040.2 -6.8 104 0 11.7 9.7 5.0 0.0 0 0 2 1 1
6644.8 6839.8 -3.8 220 0 10.0 11.3 5.0 0.0 0 1 2 5 5
6612.0 6771.2 -3.0 169 0 10.5 6.6 5.0 2.5 2 0 2 2 2
6614.4 6743.7 -3.3 192 0 9.7 9.5 5.0 2.5 2 0 2 2 2
6613.7 6705.4 -4.0 7 0 7.1 7.7 10.0 2.5 4 1 4 1 1
6621.5 5722.8 -10.3 109 0 6.2 11.3 10.0 2.5 2 1 4 3 3
6629.8 5772.7 -9.6 272 0 9.1 12.7 7.5 2.5 2 1 3 4 4
6644.7 5841.2 -8.4 13 0 17.8 10.3 2.5 2.5 2 0 1 2 2
6609.3 5826.2 -8.6 199 0 13.8 8.4 7.5 2.5 2 0 3 0 0
6614.5 5854.7 -8.2 108 0 10.8 12.2 10.0 2.5 2 1 4 5 5
6771.1 5833.5 -8.6 119 0 11.4 11.9 7.5 2.5 2 1 3 1 1
6692.0 5903.9 -8.0 285 0 11.2 13.8 7.5 2.5 2 1 3 5 5
6669.0 5914.7 -7.8 282 0 9.6 16.9 10.0 2.5 2 1 4 0 0
6665.2 5930.2 -7.5 289 0 7.5 14.0 7.5 2.5 2 1 3 4 4
6650.8 5941.1 -7.3 277 0 14.2 7.3 7.5 0.0 0 0 3 3 3
6762.0 5950.4 -8.1 24 0 11.2 7.4 5.0 2.5 4 0 2 0 0
6770.9 5986.7 -7.5 282 0 9.9 6.7 7.5 2.5 2 0 3 0 0
6652.5 5998.2 -6.1 105 0 13.4 30.2 10.0 2.5 2 1 4 5 5
6536.7 6053.3 -7.0 190 0 10.2 10.7 5.0 2.5 2 1 2 1 1
6857.0 6118.4 -5.9 116 0 11.6 9.2 7.5 2.5 2 0 3 3 3
6873.9 6073.7 -7.0 301 0 9.6 7.5 10.0 2.5 2 0 4 4 4
6563.1 6822.2 -4.0 3 0 10.6 15.5 5.0 2.5 2 1 2 5 5
6542.9 6681.4 -6.1 93 0 9.4 11.2 5.0 2.5 2 1 2 5 5
6569.3 6671.0 -7.3 67 0 6.4 10.3 7.5 2.5 2 1 3 3 3
6501.6 5877.9 -9.7 90 0 8.8 8.9 2.5 2.5 2 1 1 3 3
6568.7 5746.0 -9.8 98 0 12.4 8.3 5.0 0.0 0 0 2 4 4
6567.1 5811.4 -8.7 274 0 11.5 9.5 7.5 2.5 2 0 3 0 0
6568.3 5836.6 -8.9 272 0 13.8 13.8 7.5 2.5 2 0 3 5 5
2568.1 -5791.0 -16.8 48 0 7.8 7.7 2.5 2.5 2 0 1 5 5
2571.3 -5946.1 -16.5 50 0 7.7 7.7 7.5 2.5 2 1 3 0 0
2684.4 -5830.6 -15.0 138 0 6.9 7.5 7.5 2.5 2 1 3 4 4
2606.8 -5737.8 -16.0 228 0 7.7 6.6 7.5 2.5 2 0 3 0 0
2682.0 -5646.9 -16.0 320 0 9.6 8.9 5.0 0.0 0 0 2 5 5
2802.2 -5707.7 -17.2 44 0 13.6 10.2 2.5 2.5 4 0 1 3 3
2789.2 -5559.0 -16.8 305 0 6.4 9.5 7.5 2.5 2 1 3 5 5
3134.3 -5375.9 -14.1 56 0 7.7 6.4 7.5 2.5 2 0 3 0 0
3175.7 -5356.1 -14.3 53 0 8.8 8.1 7.5 2.5 2 0 3 2 2
3539.5 -6678.1 -14.1 122 0 9.9 9.9 7.5 2.5 2 1 3 3 3
3861.5 -5791.3 -11.7 10 0 6.8 7.4 7.5 2.5 2 1 3 4 4
3416.0 -5118.1 -14.6 241 0 6.8 7.8 7.5 2.5 4 1 3 2 2
3444.5 -5186.2 -14.3 158 0 7.3 10.7 7.5 0.0 0 1 3 3 3
3334.7 -5365.5 -11.8 165 0 6.0 8.8 7.5 2.5 2 1 3 1 1
3163.9 -5475.8 -13.4 309 0 8.1 11.3 7.5 2.5 2 1 3 5 5
2973.6 -5614.5 -13.5 233 0 7.2 6.8 2.5 2.5 2 0 1 0 0
2915.6 -5650.9 -15.0 227 0 9.6 12.4 7.5 2.5 2 1 3 0 0
3083.9 -5726.8 -12.7 311 0 6.0 8.6 7.5 2.5 2 1 3 3 3
3115.3 -5755.8 -13.1 50 0 9.9 8.1 5.0 2.5 4 0 2 2 2
3126.3 -5667.2 -11.3 136 0 9.8 9.6 7.5 0.0 0 0 3 1 1
3162.5 -5711.8 -11.6 51 0 8.8 10.0 5.0 2.5 2 1 2 3 3
3318.2 -5764.1 -10.5 132 0 12.1 12.0 7.5 2.5 2 0 3 0 0
3103.5 -6097.5 -12.2 53 0 6.3 6.2 5.0 2.5 2 0 2 1 1
3091.3 -6100.3 -12.3 46 0 10.7 6.9 10.0 0.0 0 0 4 5 5
2764.8 -5808.5 -15.9 230 0 7.1 7.6 2.5 2.5 4 1 1 0 0
2856.4 -5747.7 -16.7 44 0 12.2 8.8 5.0 2.5 2 0 2 2 2
2948.7 -5860.2 -12.8 50 0 8.9 11.6 5.0 2.5 2 1 2 5 5
2861.3 -6011.6 -14.2 44 0 10.7 8.9 10.0 2.5 2 0 4 5 5
2766.0 -6028.6 -13.5 219 0 7.3 8.8 7.5 2.5 2 1 3 2 2
2928.3 -6179.3 -11.8 42 0 7.3 6.4 2.5 2.5 2 0 1 1 1
2662.1 -6130.2 -16.3 319 0 7.5 6.9 7.5 2.5 2 0 3 0 0
2715.3 -6300.2 -16.4 303 0 7.5 8.9 10.0 2.5 2 1 4 4 4
2432.6 -6165.7 -16.7 53 0 7.6 7.6 5.0 2.5 2 0 2 5 5
2423.5 -6136.8 -16.8 229 0 32.9 11.2 10.0 2.5 2 0 4 2 2
2470.6 -6097.4 -16.8 234 0 7.7 12.1 10.0 2.5 2 1 4 5 5
2501.9 -6142.2 -17.4 55 0 8.2 35.6 7.5 0.0 0 1 3 1 1
2498.5 -6455.6 -14.2 322 0 11.7 6.6 5.0 2.5 2 0 2 1 1
2292.0 -6275.8 -14.8 150 0 7.9 12.7 7.5 2.5 2 1 3 3 3
2247.9 -6268.0 -15.0 224 0 7.3 10.4 7.5 0.0 0 1 3 2 2
2196.2 -6358.5 -16.2 170 0 6.9 7.0 10.0 2.5 2 1 4 0 0
2226.1 -6509.8 -15.5 232 0 8.3 9.0 7.5 2.5 2 1 3 2 2
2240.9 -6569.5 -15.4 316 0 9.8 12.5 2.5 2.5 2 1 1 3 3
2148.8 -6575.1 -16.3 199 0 9.7 11.8 7.5 2.5 4 1 3 5 5
2278.8 -6682.2 -15.1 155 0 6.3 6.1 7.5 2.5 2 0 3 5 5
2281.8 -6654.7 -15.0 254 0 6.2 6.3 7.5 2.5 2 1 3 4 4
2150.0 -6693.7 -16.1 257 0 6.4 11.3 5.0 2.5 2 1 2 1 1
2054.4 -6386.4 -18.1 40 0 10.0 8.2 5.0 0.0 0 0 2 0 0
2038.0 -6378.8 -18.5 139 0 6.3 9.0 7.5 2.5 2 1 3 1 1
2068.7 -6702.5 -15.7 233 0 10.3 10.2 7.5 2.5 2 0 3 5 5
2045.1 -6447.5 -18.3 232 0 13.8 6.3 5.0 2.5 2 0 2 3 3
1989.6 -6689.4 -16.0 337 0 6.7 8.3 7.5 2.5 2 1 3 0 0
1947.8 -6747.1 -16.4 94 0 9.2 8.9 7.5 2.5 2 0 3 2 2
1921.1 -6826.5 -21.1 327 0 9.3 10.2 5.0 2.5 2 1 2 4 4
2107.3 -6393.8 -16.6 238 0 6.6 8.6 10.0 2.5 2 1 4 4 4
2248.7 -6074.6 -16.7 316 0 7.7 7.9 10.0 2.5 2 1 4 3 3
2374.5 -5994.2 -17.6 309 0 7.2 8.4 2.5 2.5 2 1 1 1 1
2897.8 -5608.8 -15.6 322 0 8.1 10.9 5.0 2.5 2 1 2 4 4
3903.7 -4251.4 -14.7 208 0 6.4 6.1 2.5 2.5 2 0 1 1 1
1603.5 -4464.6 -10.5 154 0 6.4 7.9 5.0 2.5 2 1 2 5 5
1709.8 -4702.0 -11.2 63 0 9.1 7.0 7.5 2.5 2 0 3 5 5
1611.0 -4759.8 -10.8 72 0 6.2 6.4 10.0 0.0 0 1 4 4 4
1775.8 -5039.7 -15.7 333 0 7.8 6.8 7.5 2.5 2 0 3 5 5
2297.4 -1347.2 -1.2 185 0 6.5 7.6 10.0 2.5 2 1 4 5 5
2375.4 -996.4 3.3 180 0 8.0 6.3 10.0 2.5 2 0 4 4 4
2348.8 -1233.4 -1.4 188 0 6.7 13.3 2.5 2.5 2 1 1 4 4
2376.0 -1362.9 -1.8 274 0 11.5 7.5 7.5 2.5 2 0 3 1 1
5474.7 -5498.0 -25.1 77 0 7.1 11.9 7.5 2.5 2 1 3 0 0
5094.0 -4489.2 -15.1 170 0 23.8 11.2 10.0 2.5 2 0 4 4 4
5091.2 -4145.7 -11.1 252 0 8.7 8.2 7.5 2.5 2 0 3 1 1
4749.5 -3363.1 -7.6 77 0 6.4 6.4 7.5 0.0 0 0 3 5 5
4777.0 -2815.5 -8.4 174 0 6.8 6.8 7.5 2.5 2 0 3 0 0
4865.9 -3260.3 -8.4 170 0 7.2 8.4 7.5 2.5 2 1 3 1 1
5621.8 -4746.5 -15.7 89 0 6.4 7.5 7.5 2.5 2 1 3 2 2
5715.7 -4648.3 -15.8 78 0 6.2 7.9 7.5 2.5 2 1 3 4 4
5578.9 -4483.0 -11.6 359 0 6.4 7.5 10.0 2.5 2 1 4 1 1
5140.5 -4157.7 -12.6 271 0 6.3 7.4 7.5 2.5 2 1 3 4 4
5577.0 -4064.1 -7.0 97 0 7.7 6.4 7.5 2.5 2 0 3 5 5
5525.4 -3964.0 -7.0 270 0 7.9 7.8 10.0 2.5 2 0 4 2 2
5043.4 -3467.9 -11.3 353 0 6.3 13.1 5.0 2.5 2 1 2 1 1
4930.7 -3159.5 -6.7 347 0 6.9 6.5 10.0 2.5 2 0 4 5 5
4811.2 -2709.2 -8.5 341 0 6.5 6.9 5.0 2.5 2 1 2 0 0
5191.0 -902.3 -8.8 62 0 9.7 18.4 10.0 2.5 2 1 4 5 5
5148.1 -906.0 -8.5 135 0 7.4 12.9 10.0 2.5 4 1 4 5 5
5177.9 -860.6 -6.0 338 0 6.8 8.2 5.0 2.5 2 1 2 4 4
5125.9 -813.8 -3.2 282 0 6.2 9.3 2.5 2.5 2 1 1 4 4
4960.6 -1138.6 -8.5 111 0 9.1 6.5 5.0 0.0 0 0 2 2 2
6229.1 -1976.3 -3.8 114 0 11.4 10.1 7.5 2.5 2 0 3 5 5
6255.0 -1927.9 -3.9 210 0 7.3 7.5 5.0 2.5 4 1 2 4 4
6265.4 -1970.5 -3.7 113 0 6.1 6.4 10.0 2.5 2 1 4 3 3
6325.6 -1963.4 -3.2 30 0 9.9 35.0 7.5 2.5 2 1 3 0 0
6381.3 -2077.5 -2.8 124 0 13.3 8.2 7.5 0.0 0 0 3 3 3
6342.8 -2230.7 -4.5 241 0 8.2 10.9 7.5 2.5 4 1 3 5 5
6290.6 -2323.8 -2.9 151 0 9.1 12.2 7.5 2.5 2 1 3 5 5
6882.2 -2307.9 -3.1 28 0 7.5 9.2 7.5 2.5 2 1 3 5 5
6834.3 -2271.3 -3.5 286 0 9.0 11.4 7.5 2.5 4 1 3 0 0
6659.3 -2346.2 -5.2 278 0 9.3 7.8 7.5 2.5 4 0 3 2 2
6573.0 -2200.2 -5.1 309 0 7.2 10.4 5.0 2.5 2 1 2 3 3
6405.0 -1606.8 2.0 271 0 6.4 7.8 10.0 2.5 2 1 4 3 3
6522.3 -1964.5 -3.0 94 0 8.5 10.7 7.5 2.5 2 1 3 2 2
6515.7 -1876.8 -2.8 93 0 7.9 10.5 7.5 2.5 2 1 3 0 0
6448.6 -1821.0 -1.9 122 0 7.0 9.3 10.0 2.5 2 1 4 5 5
6459.6 -2186.9 -4.5 306 0 11.0 8.2 7.5 0.0 0 0 3 4 4
6447.9 -2481.0 -2.4 222 0 6.7 7.3 5.0 2.5 2 1 2 3 3
6535.9 -2313.6 -4.4 323 0 9.6 6.6 7.5 2.5 2 0 3 3 3
5935.7 3370.7 -5.9 16 0 13.0 11.9 7.5 2.5 2 0 3 2 2
5987.7 3422.9 -4.5 98 0 8.0 12.4 2.5 0.0 0 1 1 4 4
5962.7 3247.7 -7.8 0 0 11.5 7.3 7.5 2.5 2 0 3 0 0
5964.7 3205.8 -8.0 20 0 9.4 8.9 7.5 2.5 2 0 3 5 5
6185.1 3218.5 -8.5 190 0 8.7 12.9 7.5 2.5 4 1 3 1 1
6170.8 2453.5 -10.6 110 0 9.6 11.4 5.0 2.5 2 1 2 0 0
1880.7 609.1 4.4 161 0 6.4 6.6 5.0 2.5 2 1 2 2 2
1944.3 909.5 -0.6 138 0 8.9 8.9 7.5 2.5 2 0 3 3 3
1961.0 897.1 -0.3 199 0 7.8 6.7 7.5 2.5 2 0 3 4 4
1773.7 955.6 4.4 85 0 8.5 6.8 2.5 2.5 2 0 1 3 3
1817.2 967.2 3.0 90 0 7.5 14.5 7.5 2.5 2 1 3 2 2
3171.6 814.8 4.9 338 0 6.1 9.3 5.0 2.5 2 1 2 0 0
3085.6 1045.3 4.5 144 0 6.2 7.4 10.0 2.5 2 1 4 3 3
3092.6 981.0 3.5 341 0 8.1 9.1 7.5 0.0 0 1 3 1 1
1989.9 526.5 1.9 344 0 7.1 6.1 7.5 2.5 2 0 3 2 2
6631.1 4842.0 -11.9 273 0 10.6 10.1 7.5 2.5 2 0 3 0 0
6663.0 4831.2 -12.5 6 0 8.7 11.8 7.5 2.5 2 1 3 4 4
5111.1 4177.3 6.7 101 0 9.3 8.8 7.5 2.5 2 0 3 0 0
5168.9 4232.9 5.4 291 0 6.6 7.6 10.0 2.5 2 1 4 5 5
5190.7 4191.7 5.3 0 0 9.2 6.5 7.5 2.5 2 0 3 1 1
5424.7 4251.5 -0.2 346 0 6.8 7.3 5.0 0.0 0 1 2 5 5
5425.4 4239.5 0.1 348 0 8.3 8.1 2.5 2.5 2 0 1 3 3
5488.7 4262.4 1.0 15 0 6.7 6.4 7.5 2.5 2 0 3 0 0
5583.2 4396.9 0.2 101 0 9.4 11.1 7.5 2.5 2 1 3 1 1
5652.8 4330.2 2.3 95 0 6.5 8.4 5.0 2.5 4 1 2 1 1
5657.6 4407.6 0.1 262 0 6.2 8.2 2.5 2.5 4 1 1 1 1
5666.7 4367.0 1.2 342 0 10.3 7.0 7.5 2.5 2 0 3 2 2
5706.6 4250.1 2.3 100 0 12.4 9.6 7.5 2.5 2 0 3 2 2
5830.2 4402.3 -1.5 107 0 8.4 6.8 7.5 2.5 2 0 3 0 0
5918.3 4441.5 -1.9 300 0 9.9 8.9 5.0 2.5 2 0 2 5 5
5961.6 4469.2 -1.3 264 0 7.2 9.1 2.5 2.5 2 1 1 5 5
6081.1 4462.5 -1.2 180 0 8.4 7.8 7.5 2.5 2 0 3 0 0
6051.1 4404.4 -0.7 176 0 10.8 9.7 7.5 2.5 4 0 3 0 0
6035.8 4345.0 -1.8 75 0 11.2 10.2 5.0 2.5 2 0 2 3 3
6041.5 4251.3 -5.0 91 0 7.9 8.6 2.5 2.5 2 1 1 3 3
6089.0 4363.9 -1.5 83 0 9.5 10.4 5.0 2.5 4 1 2 0 0
6163.8 4397.7 -2.1 4 0 10.4 9.0 2.5 2.5 2 0 1 4 4
6196.4 4342.1 -4.4 165 0 10.8 13.4 7.5 2.5 4 1 3 5 5
6169.8 4462.1 -2.1 275 0 7.5 8.3 5.0 2.5 2 1 2 2 2
6200.8 4447.6 -2.9 26 0 8.3 7.2 5.0 2.5 2 0 2 2 2
383.7 496.6 20.0 226 0 8.8 11.0 7.5 2.5 2 1 3 1 1
326.6 550.5 19.7 48 0 8.5 15.0 2.5 2.5 2 1 1 0 0
413.1 604.5 20.1 250 0 15.6 8.0 7.5 2.5 2 0 3 3 3
317.0 464.7 20.0 47 0 12.3 33.6 10.0 0.0 0 1 4 1 1
307.1 453.8 20.1 47 0 13.5 34.3 10.0 2.5 2 1 4 2 2
289.9 448.6 20.3 44 0 14.2 19.6 10.0 2.5 2 1 4 0 0
258.0 418.9 20.2 59 0 16.0 38.5 7.5 2.5 4 1 3 2 2
375.4 429.1 20.4 227 0 11.2 37.5 12.5 2.5 2 1 5 4 4
345.7 404.7 20.4 222 0 12.7 34.7 5.0 2.5 2 1 2 1 1
319.9 381.2 19.9 225 0 13.3 40.8 10.0 2.5 2 1 4 0 0
302.5 321.9 19.4 144 0 19.6 8.0 5.0 2.5 2 0 2 4 4
450.1 349.6 20.4 39 0 11.3 37.9 12.5 2.5 2 1 5 4 4
425.4 323.7 20.4 40 0 11.8 34.0 12.5 2.5 2 1 5 3 3
400.4 298.7 19.9 44 0 14.6 39.7 7.5 2.5 2 1 3 0 0
375.3 271.4 19.3 44 0 14.6 46.5 10.0 2.5 2 1 4 5 5
509.3 218.8 18.8 232 0 14.2 31.8 10.0 2.5 2 1 4 3 3
557.1 246.9 18.8 315 0 37.4 13.3 12.5 2.5 2 0 5 4 4
519.1 133.5 18.4 46 0 14.5 34.6 7.5 2.5 2 1 3 0 0
565.5 152.9 17.7 137 0 32.7 16.2 10.0 2.5 2 0 4 0 0
608.2 198.6 17.7 317 0 31.4 14.0 12.5 2.5 2 0 5 0 0
648.4 153.3 16.6 316 0 13.8 18.3 7.5 0.0 0 1 3 0 0
605.7 122.6 16.7 228 0 8.7 31.6 7.5 2.5 2 1 3 3 3
606.0 52.4 16.1 145 0 32.9 12.2 10.0 2.5 2 0 4 2 2
674.5 44.0 15.7 44 0 14.0 28.0 7.5 2.5 2 1 3 5 5
703.0 86.0 15.9 317 0 32.1 13.7 7.5 2.5 2 0 3 0 0
832.7 105.5 15.5 359 0 11.6 29.6 7.5 2.5 2 1 3 1 1
605.7 -131.4 12.1 182 0 14.7 38.7 10.0 2.5 2 1 4 0 0
699.1 -119.1 12.0 271 0 45.7 15.5 10.0 2.5 2 0 4 3 3
785.6 -136.2 11.8 83 0 35.3 17.0 12.5 2.5 2 0 5 0 0
880.5 -122.7 11.9 355 0 15.1 33.0 12.5 2.5 2 1 5 2 2
-2557.1 4612.0 2.1 295 0 6.7 9.1 7.5 2.5 2 1 3 4 4
-2486.4 4626.7 2.0 295 0 6.1 6.5 7.5 2.5 2 1 3 5 5
-2041.0 4693.4 4.8 223 0 6.6 6.6 2.5 2.5 2 1 1 3 3
-2620.5 4632.7 0.2 200 0 6.1 9.6 10.0 0.0 0 1 4 0 0
-3148.2 4984.9 -2.2 59 0 6.2 10.8 5.0 2.5 2 1 2 0 0
-3158.1 5046.6 -1.6 225 0 9.9 6.8 2.5 2.5 2 0 1 5 5
-3076.1 5096.4 1.2 197 0 9.1 6.3 5.0 2.5 2 0 2 0 0
-3051.2 5132.4 2.2 192 0 7.1 9.0 7.5 2.5 2 1 3 4 4
-3026.7 5105.2 2.8 47 0 8.1 6.1 10.0 2.5 2 0 4 0 0
-3122.1 5316.9 -2.3 98 0 7.0 8.9 7.5 2.5 2 1 3 2 2
-3051.1 5449.2 0.2 11 0 6.8 8.6 10.0 2.5 2 1 4 3 3
-3094.2 5512.8 1.4 287 0 8.1 8.4 7.5 2.5 2 1 3 3 3
-3060.1 5500.9 1.1 267 0 6.4 8.2 10.0 2.5 2 1 4 0 0
-3074.2 5510.5 1.3 288 0 6.2 8.2 7.5 2.5 2 1 3 4 4
-3170.0 5515.5 1.3 198 0 11.2 8.8 7.5 2.5 2 0 3 3 3
-3141.6 5533.4 1.7 286 0 8.6 12.0 7.5 2.5 2 1 3 1 1
-3184.0 5473.7 0.6 104 0 6.2 8.2 5.0 2.5 2 1 2 4 4
-3229.7 5496.8 1.1 302 0 10.4 8.7 7.5 2.5 2 0 3 5 5
-3124.7 5699.1 1.4 188 0 8.2 11.1 7.5 2.5 2 1 3 4 4
1508.8 -4633.7 -11.3 186 0 7.0 11.0 5.0 2.5 2 1 2 0 0
1526.7 -4661.5 -11.3 11 0 15.6 13.1 7.5 2.5 2 0 3 3 3
-975.9 5979.1 -1.5 105 0 8.0 9.8 7.5 2.5 2 1 3 3 3
1477.7 -4680.6 -11.5 272 0 16.4 15.8 7.5 2.5 2 0 3 3 3
-949.0 4797.8 2.1 295 0 9.1 12.3 7.5 2.5 2 1 3 3 3
-1016.6 4802.1 3.0 304 0 9.5 10.8 7.5 2.5 2 1 3 4 4
-1171.0 4572.0 4.8 208 0 7.6 11.4 10.0 2.5 2 1 4 4 4
-1108.7 4683.6 3.2 13 0 7.9 7.6 5.0 0.0 0 0 2 0 0
-1120.4 4649.8 3.8 22 0 7.8 8.4 5.0 2.5 2 1 2 2 2
-737.5 6055.7 0.2 356 0 6.3 9.1 7.5 2.5 2 1 3 5 5
1547.7 -4438.0 -10.4 181 0 6.3 8.0 5.0 0.0 0 1 2 5 5
1493.3 -4546.4 -10.6 348 0 9.2 7.9 10.0 2.5 2 0 4 0 0
1532.6 -4743.9 -11.0 280 0 10.5 15.7 10.0 2.5 2 1 4 3 3
6871.1 5764.8 -7.7 27 0 7.0 7.9 7.5 0.0 0 1 3 4 4
6832.5 6202.7 -4.8 299 0 7.1 11.0 7.5 2.5 2 1 3 2 2
6529.4 6715.4 -4.9 180 0 9.4 9.4 5.0 2.5 2 0 2 4 4
6657.9 5783.1 -9.4 260 0 10.1 11.2 10.0 2.5 2 1 4 1 1
6585.6 5987.8 -7.3 287 0 9.8 21.4 5.0 2.5 2 1 2 0 0
6566.4 5631.2 -13.1 0 0 18.9 11.1 7.5 2.5 4 0 3 0 0
6602.1 4848.7 -11.7 270 0 7.0 13.0 7.5 0.0 0 1 3 0 0
5274.3 4568.0 -2.1 155 0 6.4 14.0 5.0 2.5 2 1 2 4 4
5729.2 4889.2 -7.7 166 0 6.5 9.8 7.5 2.5 2 1 3 5 5
5732.6 4909.9 -7.6 258 0 15.5 9.2 5.0 2.5 2 0 2 0 0
5889.8 5003.5 -9.3 169 0 6.4 13.3 5.0 2.5 2 1 2 4 4
5934.7 4976.9 -9.8 76 0 17.7 18.0 10.0 2.5 2 1 4 1 1
1646.0 2566.3 4.6 22 0 8.3 6.3 2.5 2.5 4 0 1 4 4
1621.4 2516.1 3.7 28 0 6.7 7.9 10.0 2.5 2 1 4 1 1
1673.6 2456.9 4.4 17 0 7.0 8.9 7.5 2.5 2 1 3 5 5
3512.4 3605.3 12.6 282 0 8.5 14.9 7.5 2.5 2 1 3 4 4
3228.2 3448.5 11.5 145 0 7.9 7.2 7.5 2.5 2 0 3 2 2
6309.8 1891.2 -5.2 278 0 11.2 13.3 7.5 2.5 2 1 3 2 2
-6381.8 1389.5 -12.4 217 0 6.1 7.0 10.0 2.5 2 1 4 3 3
-6220.2 1615.1 -10.3 43 0 8.4 8.6 5.0 0.0 0 1 2 3 3
-5962.4 2040.9 -6.9 222 0 7.9 7.6 7.5 2.5 2 0 3 5 5
-5241.2 4978.8 -4.0 124 0 6.9 7.4 2.5 2.5 2 1 1 4 4
-4925.7 5317.7 -0.6 24 0 8.6 7.9 7.5 2.5 2 0 3 3 3
-4796.1 5534.2 -3.8 359 0 6.2 7.5 5.0 2.5 2 1 2 1 1
-4699.5 5441.7 -4.1 161 0 15.6 9.4 7.5 2.5 2 0 3 1 1
-4389.6 5324.3 -7.0 306 0 9.9 11.1 7.5 2.5 2 1 3 1 1
-4366.7 5307.9 -6.8 302 0 7.5 11.7 2.5 2.5 4 1 1 0 0
-4363.9 5423.1 -7.6 294 0 7.4 6.5 5.0 2.5 2 0 2 0 0
-4318.3 5327.0 -7.1 31 0 12.2 14.8 5.0 2.5 2 1 2 1 1
-4298.9 5338.1 -6.4 132 0 10.9 6.6 7.5 2.5 2 0 3 2 2
6739.9 6050.9 -6.1 280 0 6.4 31.5 10.0 2.5 2 1 4 4 4
6702.4 6033.8 -5.7 5 0 7.1 27.7 5.0 2.5 4 1 2 3 3
6718.2 6052.5 -5.7 276 0 31.1 8.6 7.5 0.0 0 0 3 4 4
6697.8 6045.7 -5.5 10 0 8.4 30.7 10.0 2.5 2 1 4 5 5
6495.0 4541.4 -8.1 179 0 10.2 11.6 7.5 2.5 2 1 3 2 2
6525.4 4371.9 -8.8 7 0 6.8 10.0 2.5 2.5 2 1 1 2 2
6526.9 4313.4 -10.2 90 0 6.2 6.5 10.0 2.5 2 1 4 4 4
6434.0 2529.7 -12.8 203 0 10.4 14.6 7.5 2.5 2 1 3 4 4
6442.0 2557.5 -12.6 288 0 8.8 8.1 7.5 2.5 4 0 3 1 1
6427.5 2543.7 -12.7 199 0 8.9 7.3 2.5 2.5 2 0 1 1 1
6420.0 2529.4 -12.8 195 0 6.9 8.9 5.0 2.5 2 1 2 3 3
6529.5 3271.8 -11.7 84 0 9.0 13.8 10.0 2.5 2 1 4 2 2
6739.6 2929.7 -13.3 6 0 13.6 9.1 2.5 2.5 4 0 1 4 4
6743.0 2896.1 -12.1 89 0 8.8 11.7 5.0 2.5 2 1 2 2 2
6682.2 2930.2 -14.2 268 0 7.0 9.4 10.0 0.0 0 1 4 2 2
6636.7 2859.3 -12.2 272 0 15.8 9.0 2.5 2.5 2 0 1 2 2
-3909.4 5834.9 -6.9 70 0 7.2 9.1 2.5 2.5 2 1 1 0 0
-6039.8 5570.7 -13.3 282 0 6.8 9.0 10.0 2.5 4 1 4 4 4
-5199.8 6254.5 -11.1 205 0 20.9 15.0 12.5 2.5 4 0 5 4 4
-5223.1 6229.0 -11.5 282 0 8.5 16.1 10.0 2.5 2 1 4 5 5
-5233.5 6295.9 -11.3 216 0 7.8 11.4 7.5 2.5 2 1 3 5 5
-5187.6 6153.1 -11.0 35 0 10.4 13.5 10.0 2.5 2 1 4 1 1
-4982.6 6304.3 -14.0 38 0 6.9 8.7 7.5 2.5 2 1 3 0 0
-3671.3 5599.7 1.3 270 0 7.3 6.6 5.0 2.5 2 0 2 1 1
-3501.4 5662.0 0.4 182 0 6.8 10.3 7.5 2.5 2 1 3 4 4
-3433.2 5571.0 -1.1 109 0 7.1 9.9 7.5 2.5 2 1 3 4 4
-3522.1 5611.1 0.1 283 0 9.0 10.1 7.5 2.5 2 1 3 0 0
-5373.4 6722.1 -15.2 336 0 14.7 17.3 7.5 2.5 4 1 3 3 3
-5407.1 6562.5 -12.1 37 0 6.6 7.9 5.0 2.5 2 1 2 2 2
-5214.4 6455.1 -13.1 352 0 12.3 7.1 2.5 2.5 2 0 1 1 1
-4212.2 5383.9 -5.8 91 0 12.8 13.9 5.0 2.5 2 1 2 1 1
-4116.9 6457.1 -7.2 93 0 10.4 23.9 10.0 0.0 0 1 4 5 5
-4136.4 6492.0 -7.7 289 0 6.8 11.4 7.5 2.5 2 1 3 1 1
-4998.0 6318.1 -14.4 149 0 8.5 6.1 7.5 2.5 2 0 3 0 0
-5175.4 6368.3 -12.2 65 0 6.5 7.0 5.0 2.5 2 1 2 2 2
-5250.5 6435.6 -12.3 336 0 6.0 7.9 5.0 2.5 2 1 2 1 1
-5281.8 6532.1 -12.9 335 0 6.0 11.4 5.0 2.5 2 1 2 5 5
-5325.8 6688.2 -16.5 155 0 9.1 6.6 7.5 2.5 2 0 3 3 3
-5397.3 6733.9 -14.5 155 0 6.2 11.3 5.0 2.5 2 1 2 5 5
-5588.0 6486.1 -11.6 130 0 6.5 10.7 2.5 2.5 2 1 1 5 5
-5537.1 6453.1 -11.7 31 0 6.4 8.4 2.5 2.5 2 1 1 3 3
-6651.0 6316.2 -15.4 312 0 7.0 13.5 7.5 2.5 2 1 3 4 4
-6336.7 6192.5 -13.5 153 0 7.9 10.8 5.0 2.5 2 1 2 5 5
-3439.9 4863.7 -5.4 104 0 19.9 18.1 7.5 2.5 2 0 3 2 2
-5354.5 5364.3 -2.1 22 0 6.8 6.9 5.0 2.5 2 1 2 4 4
-5175.8 5458.0 -0.2 273 0 9.1 7.2 2.5 2.5 2 0 1 4 4
-5117.5 5425.2 0.9 279 0 13.3 20.1 12.5 2.5 2 1 5 2 2
-5102.8 5436.3 0.4 186 0 7.9 13.5 7.5 2.5 2 1 3 4 4
-4049.4 6227.3 -7.5 266 0 6.4 7.5 5.0 2.5 2 1 2 2 2
-4064.1 6262.1 -7.0 181 0 6.0 6.5 7.5 2.5 2 1 3 3 3
-4410.2 6859.5 -10.2 330 0 7.5 6.2 7.5 2.5 2 0 3 2 2
-5900.5 6656.1 -14.1 125 0 9.2 8.1 7.5 2.5 2 0 3 1 1
-5904.9 6648.8 -14.0 10 0 7.5 6.3 5.0 2.5 2 0 2 0 0
-5945.1 6571.0 -12.4 10 0 7.0 7.6 5.0 2.5 2 1 2 3 3
-5914.2 6559.7 -12.3 228 0 9.0 8.7 7.5 2.5 2 0 3 0 0
-5933.2 6523.8 -11.7 228 0 6.2 7.5 10.0 2.5 2 1 4 3 3
-4770.1 5581.0 -5.6 177 0 6.4 8.1 5.0 2.5 2 1 2 1 1
-4614.9 5497.0 -7.9 15 0 6.4 9.2 7.5 2.5 2 1 3 0 0
-4855.4 5784.9 -7.4 2 0 10.8 7.5 10.0 2.5 2 0 4 5 5
-5263.9 6355.7 -11.3 158 0 6.2 10.7 7.5 2.5 2 1 3 1 1
-5296.6 6426.3 -11.8 243 0 7.0 6.1 5.0 2.5 2 0 2 5 5
-5306.2 6304.7 -11.7 71 0 7.9 8.5 5.0 2.5 2 1 2 1 1
-5618.7 5583.3 -9.0 106 0 6.3 6.1 7.5 2.5 2 0 3 3 3
-5043.6 6275.8 -11.8 222 0 6.8 7.7 2.5 2.5 2 1 1 4 4
-5098.3 5539.6 -1.8 98 0 9.7 6.9 5.0 2.5 2 0 2 1 1
5987.4 5038.9 -8.7 70 0 6.4 6.9 7.5 2.5 2 1 3 1 1
6780.6 1923.5 -8.3 83 0 8.6 10.4 5.0 0.0 0 1 2 3 3
6845.8 1996.9 -9.3 283 0 9.0 12.1 10.0 2.5 2 1 4 5 5
6853.2 1875.4 -5.9 273 0 8.2 9.8 7.5 0.0 0 1 3 2 2
