-4259.5 6301.7 9.3 115 0 10.4 39.1 10.0 2.5 2 0 4 2 2
-4205.6 6285.8 9.2 126 0 9.6 39.2 7.5 2.5 2 0 3 2 2
-4217.6 6334.1 9.3 291 0 7.5 17.5 7.5 2.5 2 0 3 1 1
-4240.6 6285.3 9.2 110 0 32.1 8.8 10.0 2.5 2 0 4 1 1
-4217.6 6273.5 9.2 110 0 12.8 8.6 7.5 2.5 2 0 3 2 2
-5089.7 3704.2 -1.3 210 0 9.7 15.5 5.0 2.5 2 0 2 0 0
-5073.9 3694.5 -1.8 209 0 7.5 22.0 7.5 2.5 2 0 3 0 0
-5072.2 3629.9 -2.5 28 0 16.2 7.8 10.0 2.5 2 0 4 3 3
-6046.1 5801.2 1.8 140 0 10.1 35.2 10.0 2.5 2 1 4 1 1
-4488.4 1885.6 0.8 104 0 26.1 9.8 10.0 2.5 2 0 4 3 3
-4456.6 1877.7 1.1 102 0 32.5 7.9 12.5 2.5 2 0 5 0 0
-4422.9 1912.8 0.2 283 0 8.1 36.1 12.5 2.5 2 0 5 0 0
-2543.0 694.4 -0.7 228 0 20.2 8.3 5.0 2.5 2 0 2 1 1
-5688.6 1738.7 -8.3 112 0 8.0 16.3 14.0 2.5 2 1 4 4 4
-4238.1 6435.1 9.4 300 0 6.2 11.3 7.5 2.5 2 0 3 5 5
-4233.7 6408.7 9.4 302 0 9.2 21.4 5.0 2.5 2 1 2 2 2
-4249.7 6356.8 9.4 21 0 13.5 31.8 10.0 2.5 2 1 4 4 4
-4294.9 6386.4 9.1 208 0 25.9 13.9 7.5 2.5 2 0 3 3 3
-4334.9 6349.2 9.1 203 0 14.0 20.2 7.5 2.5 2 1 3 0 0
-4298.6 6328.4 9.5 114 0 9.0 6.6 5.0 2.5 2 0 2 4 4
-4156.8 6201.3 9.0 48 0 12.7 16.4 7.5 2.5 4 1 3 2 2
-4186.3 6243.0 9.1 144 0 7.6 13.7 7.5 2.5 2 1 3 5 5
-4193.4 6261.4 9.1 129 0 10.8 13.0 7.5 2.5 2 1 3 4 4
-4211.6 6263.1 9.2 140 0 9.4 11.4 7.5 2.5 4 1 3 2 2
-4094.4 6318.7 11.9 218 0 7.7 8.4 5.0 2.5 2 1 2 4 4
-4076.5 6306.3 12.0 32 0 8.6 11.5 7.5 2.5 2 1 3 2 2
-4087.5 6289.9 11.5 31 0 9.5 10.7 10.0 2.5 4 1 4 4 4
-4125.3 6445.3 12.8 261 0 7.4 11.6 7.5 2.5 4 1 3 0 0
-4176.1 6321.6 9.9 33 0 6.6 14.0 7.5 2.5 2 1 3 0 0
-4862.8 5374.7 2.4 313 0 12.1 9.9 7.5 2.5 2 0 3 1 1
-4844.6 5421.8 3.0 139 0 9.7 7.3 7.5 2.5 2 0 3 2 2
-4828.3 5532.2 4.3 326 0 8.0 7.3 7.5 2.5 4 0 3 3 3
-4827.2 5500.0 4.0 55 0 7.5 7.4 10.0 2.5 2 0 4 1 1
-4840.2 5795.1 7.2 238 0 7.8 10.1 5.0 2.5 2 1 2 2 2
-4860.0 5796.7 6.9 318 0 30.0 10.5 10.0 0.0 0 0 4 5 5
-4716.6 5681.2 6.5 156 0 10.7 9.3 7.5 2.5 2 0 3 5 5
-4758.5 5771.1 7.2 152 0 15.4 12.0 7.5 2.5 2 0 3 4 4
-4835.4 5613.6 4.2 217 0 7.3 11.5 7.5 2.5 2 1 3 4 4
-4808.3 5730.2 6.0 139 0 13.6 8.6 5.0 2.5 2 0 2 4 4
-4794.5 5382.5 4.5 58 0 8.8 11.8 5.0 2.5 2 1 2 3 3
-4520.4 5164.1 5.3 236 0 12.3 8.4 7.5 2.5 4 0 3 3 3
-4493.3 5305.1 4.5 62 0 7.1 9.4 10.0 2.5 2 1 4 4 4
-4505.4 5339.2 4.5 332 0 8.3 7.6 7.5 2.5 2 0 3 1 1
-4533.1 5353.0 4.4 239 0 8.6 11.5 5.0 2.5 4 1 2 2 2
-4577.5 5395.5 5.6 142 0 9.9 19.7 5.0 0.0 0 1 2 0 0
-4717.3 5155.7 3.2 234 0 8.1 7.6 5.0 0.0 0 0 2 5 5
-4640.8 5131.3 3.5 319 0 7.2 10.4 5.0 2.5 2 1 2 4 4
-4671.9 5077.9 2.8 47 0 6.3 10.4 5.0 2.5 2 1 2 5 5
-4781.9 5090.0 2.4 147 0 10.3 8.2 7.5 2.5 2 0 3 1 1
-4774.4 5158.7 2.8 52 0 8.8 7.8 5.0 2.5 2 0 2 5 5
-4767.4 5243.2 3.9 231 0 7.9 9.0 7.5 2.5 4 1 3 1 1
-4751.9 5248.9 4.0 319 0 9.4 9.6 5.0 2.5 2 1 2 1 1
-4796.4 5229.7 3.7 225 0 8.7 8.3 7.5 2.5 2 0 3 3 3
-4874.2 5205.4 2.1 56 0 6.4 6.4 7.5 2.5 2 1 3 4 4
-4852.1 5229.7 2.7 48 0 7.4 11.5 7.5 2.5 2 1 3 5 5
-4855.2 5186.4 2.4 225 0 8.3 7.1 10.0 2.5 2 0 4 2 2
-4823.1 5281.7 3.9 53 0 8.4 8.4 7.5 2.5 2 0 3 0 0
-4916.0 5308.9 1.1 53 0 9.3 13.3 2.5 2.5 2 1 1 5 5
-4868.0 5313.3 2.5 222 0 8.3 11.0 7.5 2.5 2 1 3 5 5
-4896.8 5290.8 1.8 218 0 7.1 6.5 10.0 2.5 2 0 4 2 2
-4927.6 5271.0 1.1 228 0 10.2 7.8 7.5 2.5 2 0 3 5 5
5552.4 -487.5 -3.5 5 0 7.9 9.8 10.0 2.5 4 1 4 1 1
5605.2 -430.1 -5.2 178 0 9.9 9.2 7.5 2.5 2 0 3 5 5
5622.4 -378.2 -3.9 195 0 8.4 6.7 10.0 2.5 2 0 4 4 4
5696.0 -367.6 -4.3 18 0 8.8 10.1 7.5 2.5 2 1 3 3 3
310.8 1678.1 -6.3 276 0 9.2 9.2 7.5 2.5 2 1 3 5 5
219.3 1668.3 -3.8 101 0 8.3 9.0 5.0 2.5 2 1 2 3 3
263.2 1676.8 -4.5 274 0 9.1 9.2 7.5 2.5 2 1 3 1 1
266.3 1707.1 -6.0 79 0 7.8 10.8 2.5 2.5 2 1 1 3 3
-2719.4 6428.9 7.8 292 0 6.4 12.0 7.5 2.5 2 1 3 2 2
-2778.0 6416.9 11.5 157 0 6.5 10.8 7.5 0.0 0 1 3 3 3
-2881.6 6084.3 9.2 100 0 11.3 8.4 5.0 2.5 2 0 2 4 4
-2892.5 6345.0 15.5 297 0 14.7 9.2 2.5 2.5 2 0 1 2 2
-2803.6 6348.1 15.4 98 0 13.9 11.3 2.5 2.5 2 0 1 2 2
-2338.8 5933.2 5.3 280 0 7.0 7.7 7.5 2.5 2 1 3 3 3
-2402.6 5738.0 5.3 109 0 8.4 6.9 5.0 2.5 2 0 2 4 4
-2573.6 5842.0 6.6 287 0 8.8 6.5 5.0 2.5 2 0 2 5 5
-2536.6 5841.6 6.1 284 0 7.7 6.3 7.5 2.5 2 0 3 1 1
-1508.7 6465.5 9.3 3 0 7.9 7.0 2.5 2.5 2 0 1 2 2
-1548.3 6501.2 8.1 251 0 12.5 11.6 7.5 2.5 2 0 3 5 5
-1545.8 6450.1 9.2 180 0 7.3 10.5 7.5 2.5 2 1 3 0 0
-1486.7 6343.4 8.9 7 0 12.6 11.4 7.5 2.5 2 0 3 2 2
-1683.0 6255.4 10.0 247 0 12.4 11.0 2.5 2.5 2 0 1 3 3
-1820.1 6086.2 8.3 87 0 11.9 6.2 5.0 2.5 2 0 2 2 2
-1758.5 6121.0 9.3 256 0 17.2 11.0 7.5 2.5 2 0 3 0 0
-1823.5 6201.8 11.3 272 0 10.6 13.9 7.5 2.5 2 1 3 5 5
-1748.3 6186.1 11.2 277 0 6.3 17.9 2.5 2.5 2 1 1 0 0
-1750.6 6157.0 10.9 94 0 16.2 7.8 5.0 0.0 0 0 2 0 0
-1856.2 6125.8 9.9 96 0 6.9 6.1 2.5 2.5 4 0 1 5 5
-1869.7 6203.6 11.4 217 0 14.7 9.0 5.0 2.5 2 0 2 1 1
-1959.8 6197.8 9.2 18 0 9.7 14.5 5.0 2.5 2 1 2 0 0
-1995.7 6185.9 7.5 104 0 15.2 12.5 7.5 2.5 4 0 3 1 1
-1873.0 6080.5 7.4 292 0 11.5 11.6 5.0 2.5 2 1 2 4 4
-1877.0 6049.3 6.6 19 0 11.9 6.4 7.5 0.0 0 0 3 0 0
-1914.7 6082.2 7.5 284 0 10.0 11.4 7.5 2.5 2 1 3 0 0
-1929.6 6088.5 7.6 287 0 6.4 12.0 7.5 2.5 2 1 3 5 5
-876.8 6610.0 10.0 269 0 12.4 7.9 2.5 2.5 4 0 1 2 2
-946.7 6568.2 10.4 78 0 8.9 11.8 5.0 2.5 2 1 2 4 4
-1097.1 6504.1 12.5 78 0 10.7 11.9 2.5 2.5 2 1 1 3 3
-1115.3 6545.6 12.9 348 0 9.3 14.1 5.0 2.5 2 1 2 0 0
-1228.4 6485.8 11.8 77 0 6.1 12.2 7.5 2.5 2 1 3 3 3
-1501.6 6181.1 6.9 2 0 11.0 8.1 10.0 2.5 2 0 4 5 5
-648.8 6688.6 7.4 49 0 7.8 11.0 2.5 2.5 2 1 1 4 4
-667.9 6659.4 7.1 60 0 7.4 9.0 10.0 2.5 4 1 4 5 5
-705.8 6653.4 7.8 53 0 9.3 10.4 10.0 2.5 2 1 4 1 1
-738.9 6624.5 8.6 65 0 8.0 7.1 7.5 2.5 2 0 3 3 3
-351.7 6877.0 7.0 307 0 10.1 8.8 7.5 2.5 2 0 3 3 3
-500.5 6776.7 7.0 72 0 10.0 9.1 7.5 2.5 2 0 3 4 4
-631.2 6736.4 8.5 242 0 8.8 8.9 7.5 0.0 0 1 3 5 5
-360.9 6801.8 7.2 247 0 10.7 11.1 7.5 2.5 2 1 3 5 5
-331.9 6811.8 6.8 253 0 8.9 14.2 7.5 2.5 4 1 3 4 4
-297.0 6793.9 6.6 91 0 12.2 8.7 5.0 2.5 4 0 2 5 5
-234.5 6805.0 4.8 182 0 10.0 8.6 5.0 2.5 2 0 2 0 0
-83.7 6808.5 0.3 93 0 14.7 12.4 2.5 2.5 2 0 1 3 3
-7.6 6764.1 -0.1 93 0 12.6 9.8 7.5 2.5 2 0 3 0 0
-1330.1 6381.5 10.4 253 0 12.7 6.0 10.0 2.5 2 0 4 4 4
-1252.0 6419.9 10.5 257 0 6.9 10.0 5.0 2.5 2 1 2 1 1
-1233.6 6378.0 9.9 88 0 6.3 10.8 5.0 0.0 0 1 2 5 5
-1055.0 6271.3 9.9 88 0 7.2 7.0 10.0 0.0 0 0 4 0 0
-1033.5 6395.8 11.2 163 0 7.6 9.7 5.0 2.5 2 1 2 5 5
-779.9 6571.8 9.0 245 0 8.7 9.9 5.0 2.5 2 1 2 3 3
-735.9 6589.9 7.9 246 0 10.3 12.9 5.0 2.5 4 1 2 5 5
-664.6 6622.5 5.3 239 0 9.1 11.7 7.5 2.5 4 1 3 4 4
-581.5 6651.3 7.5 162 0 7.3 14.1 5.0 2.5 2 1 2 5 5
-620.6 5373.2 5.2 27 0 12.8 12.0 7.5 2.5 2 0 3 2 2
-540.5 5454.9 7.8 303 0 8.1 9.0 7.5 0.0 0 1 3 1 1
-564.9 5467.3 7.9 299 0 10.1 16.1 2.5 2.5 4 1 1 5 5
-580.4 5469.8 8.0 299 0 13.8 7.6 5.0 2.5 2 0 2 5 5
-599.6 5481.5 8.1 299 0 11.0 11.7 5.0 2.5 2 1 2 4 4
-635.5 5482.4 8.1 119 0 15.9 7.0 5.0 2.5 2 0 2 5 5
-654.1 5512.4 8.3 299 0 8.9 9.2 10.0 2.5 2 1 4 4 4
-836.4 5549.1 10.0 209 0 9.9 7.7 7.5 2.5 4 0 3 0 0
-849.4 5541.1 10.2 200 0 6.5 10.5 7.5 2.5 2 1 3 4 4
-815.9 5577.1 9.8 285 0 11.4 9.7 10.0 2.5 2 0 4 3 3
-833.4 5600.5 10.3 294 0 6.6 10.1 7.5 0.0 0 1 3 1 1
-882.8 5619.0 11.2 123 0 8.4 9.6 7.5 2.5 2 1 3 5 5
-1099.4 5486.5 14.1 14 0 8.5 9.8 2.5 2.5 2 1 1 4 4
-1229.7 6131.0 10.3 10 0 13.7 10.1 7.5 2.5 2 0 3 1 1
-1169.0 6167.9 10.6 282 0 9.9 9.5 10.0 2.5 2 0 4 1 1
-466.6 5267.9 3.5 122 0 13.7 13.1 2.5 2.5 2 0 1 0 0
-404.5 5134.0 0.5 285 0 10.0 9.0 5.0 2.5 2 0 2 2 2
-445.5 5127.5 1.0 128 0 13.1 12.4 5.0 0.0 0 0 2 1 1
-456.8 5388.4 7.1 301 0 10.5 11.2 5.0 2.5 2 1 2 4 4
-473.4 5395.3 7.2 300 0 10.9 12.4 5.0 2.5 2 1 2 2 2
-521.2 5419.7 7.8 295 0 11.4 6.2 7.5 0.0 0 0 3 0 0
-517.8 5277.4 4.0 116 0 9.5 11.9 5.0 2.5 2 1 2 3 3
-500.0 5308.3 5.3 116 0 10.3 16.0 7.5 2.5 2 1 3 3 3
-529.9 5343.9 6.2 207 0 12.0 8.9 5.0 2.5 2 0 2 3 3
-506.0 5567.4 5.3 292 0 11.5 12.9 7.5 2.5 2 1 3 1 1
-427.1 5589.3 5.7 20 0 11.1 6.3 7.5 2.5 2 0 3 2 2
-342.9 5366.8 6.8 109 0 7.3 6.8 7.5 2.5 2 0 3 0 0
-395.6 5400.3 8.0 113 0 6.2 13.3 2.5 2.5 2 1 1 2 2
-449.8 5452.6 7.4 203 0 10.6 10.7 7.5 2.5 2 1 3 5 5
-425.8 5407.5 7.8 105 0 13.8 11.1 7.5 2.5 4 0 3 1 1
-409.7 5442.4 7.7 203 0 8.0 8.5 7.5 2.5 2 1 3 4 4
-407.0 5467.8 7.1 203 0 10.8 12.3 10.0 2.5 2 1 4 0 0
-439.6 5472.7 7.2 203 0 10.0 9.8 5.0 2.5 4 0 2 2 2
-328.5 5493.1 5.5 293 0 13.1 8.7 7.5 2.5 2 0 3 2 2
-343.7 5524.1 5.5 293 0 8.5 11.3 7.5 2.5 2 1 3 3 3
-394.2 5513.6 5.8 204 0 8.3 17.4 5.0 2.5 2 1 2 2 2
-433.8 5510.6 6.5 203 0 9.6 8.0 7.5 2.5 2 0 3 2 2
-415.9 5557.0 5.7 193 0 12.2 10.9 5.0 2.5 2 0 2 1 1
-304.9 5757.1 9.2 27 0 12.3 15.2 5.0 2.5 2 1 2 0 0
-1406.8 6091.9 7.5 84 0 8.7 6.8 5.0 2.5 2 0 2 5 5
-746.8 5618.3 7.4 114 0 15.0 9.0 5.0 2.5 2 0 2 5 5
-726.6 5605.7 7.3 114 0 11.1 8.3 2.5 0.0 0 0 1 4 4
-703.4 5651.8 6.4 24 0 7.1 9.3 7.5 2.5 2 1 3 3 3
-727.0 5584.8 7.6 114 0 6.5 11.0 7.5 0.0 0 1 3 1 1
-650.4 5613.1 6.1 295 0 10.4 8.1 10.0 2.5 2 0 4 2 2
-646.1 5570.8 6.5 115 0 9.2 9.3 10.0 2.5 2 1 4 5 5
-628.5 5552.2 6.7 115 0 11.7 13.1 7.5 0.0 0 1 3 4 4
-607.9 5544.7 6.8 114 0 10.8 7.7 5.0 0.0 0 0 2 0 0
-587.4 5513.0 7.4 116 0 11.0 12.0 10.0 2.5 2 1 4 3 3
-549.0 5493.2 7.7 126 0 9.7 10.2 7.5 2.5 2 1 3 4 4
-529.2 5478.9 7.5 126 0 7.5 23.5 7.5 2.5 2 1 3 3 3
-22.1 5273.8 0.8 286 0 10.4 8.7 2.5 2.5 2 0 1 0 0
-50.2 5389.6 1.0 196 0 11.1 9.5 7.5 2.5 2 0 3 2 2
-53.6 5337.5 1.3 16 0 7.6 10.0 7.5 2.5 2 1 3 0 0
-58.1 5309.8 1.4 16 0 11.3 14.1 5.0 2.5 2 1 2 4 4
-119.1 5268.9 2.9 106 0 8.9 12.7 7.5 2.5 2 1 3 3 3
-134.4 5274.0 3.3 106 0 10.0 14.2 7.5 2.5 2 1 3 2 2
-240.7 5333.1 5.0 106 0 10.5 7.8 5.0 2.5 2 0 2 2 2
-192.7 5300.8 4.7 106 0 8.8 10.8 5.0 2.5 2 1 2 2 2
-168.9 5346.1 4.0 16 0 10.5 18.0 10.0 0.0 0 1 4 0 0
-268.1 5397.6 5.4 284 0 10.5 9.7 10.0 0.0 0 0 4 0 0
-279.1 5355.2 5.3 104 0 8.7 9.4 5.0 2.5 2 1 2 2 2
-290.5 5392.1 5.9 284 0 8.9 8.7 5.0 0.0 0 0 2 5 5
-283.6 5433.7 5.4 284 0 8.6 14.3 10.0 2.5 2 1 4 1 1
-301.2 5457.3 5.5 284 0 7.8 10.7 5.0 2.5 2 1 2 3 3
-160.8 5242.7 3.7 286 0 12.0 10.2 5.0 0.0 0 0 2 2 2
-235.3 5237.4 4.5 25 0 8.1 10.1 7.5 2.5 2 1 3 0 0
-239.7 5261.2 4.5 298 0 9.1 10.7 10.0 2.5 2 1 4 0 0
-249.4 5287.0 4.6 298 0 6.2 10.6 7.5 2.5 2 1 3 3 3
-264.4 5271.3 4.8 295 0 9.6 9.7 5.0 2.5 4 1 2 3 3
-281.6 5288.4 4.9 298 0 12.5 10.2 7.5 2.5 2 0 3 1 1
-294.9 5295.2 4.7 295 0 12.8 10.0 7.5 2.5 2 0 3 0 0
-315.3 5310.8 4.8 298 0 9.6 11.0 5.0 2.5 2 1 2 4 4
-325.1 5317.9 5.1 298 0 8.8 11.4 5.0 2.5 2 1 2 4 4
-354.4 5333.4 5.7 298 0 9.7 9.4 10.0 2.5 2 0 4 1 1
-375.5 5340.2 5.8 295 0 14.1 16.3 2.5 2.5 2 1 1 3 3
-384.8 5236.2 2.2 118 0 10.9 14.2 10.0 2.5 2 1 4 0 0
-363.0 5200.7 1.7 122 0 7.5 9.7 5.0 2.5 2 1 2 3 3
-331.5 5216.9 2.7 118 0 11.3 9.0 5.0 2.5 2 0 2 0 0
-304.8 5190.4 2.8 110 0 9.4 7.8 5.0 2.5 2 0 2 1 1
-1449.5 6540.0 9.7 319 0 10.6 16.3 7.5 2.5 2 1 3 5 5
-521.8 6752.8 7.1 62 0 12.1 16.4 5.0 2.5 2 1 2 2 2
-469.8 6790.2 7.5 51 0 12.0 10.5 7.5 2.5 4 0 3 1 1
-1445.8 6333.4 9.3 220 0 9.7 8.0 2.5 2.5 2 0 1 3 3
-73.0 6719.7 2.6 272 0 8.2 10.1 7.5 2.5 2 1 3 3 3
-4280.3 6531.5 8.8 118 0 8.6 11.5 7.5 2.5 2 1 3 2 2
-4258.1 6570.9 6.6 298 0 15.4 32.9 12.5 2.5 2 1 5 2 2
-4103.2 6746.8 10.2 19 0 8.6 9.4 7.5 2.5 2 1 3 2 2
-4094.7 6715.5 9.6 15 0 12.0 22.7 10.0 2.5 2 1 4 3 3
-419.5 5336.7 6.0 300 0 7.8 10.0 7.5 2.5 2 1 3 1 1
-5212.7 5358.4 0.4 233 0 11.2 7.4 7.5 2.5 2 0 3 4 4
-5122.9 5309.5 -0.3 60 0 8.6 7.7 7.5 2.5 4 0 3 2 2
-5167.4 5261.6 -1.2 47 0 6.0 6.7 10.0 2.5 2 1 4 0 0
-5192.0 5277.4 -1.2 140 0 12.4 10.4 7.5 2.5 2 0 3 3 3
-5145.3 5253.3 -1.1 227 0 8.1 8.1 7.5 2.5 2 1 3 5 5
-5099.5 5294.7 -0.3 230 0 8.6 7.3 7.5 2.5 2 0 3 3 3
-4934.9 5155.8 2.1 57 0 7.0 8.2 2.5 0.0 0 1 1 1 1
-4999.0 5220.0 0.1 234 0 9.5 6.8 7.5 2.5 2 0 3 1 1
-5051.1 5182.2 0.5 233 0 11.2 7.8 5.0 2.5 4 0 2 2 2
-4982.1 5268.1 0.4 47 0 9.1 9.0 2.5 2.5 2 0 1 5 5
-5015.5 5240.3 -0.2 60 0 9.8 8.9 5.0 2.5 2 0 2 3 3
-5043.1 5218.5 -0.5 54 0 10.4 9.1 7.5 2.5 2 0 3 0 0
-5068.2 5203.1 -0.3 50 0 6.9 8.1 7.5 2.5 4 1 3 2 2
-4750.4 5663.8 5.6 330 0 7.5 9.6 10.0 2.5 2 1 4 5 5
-5104.0 5586.5 3.5 216 0 9.0 6.7 5.0 2.5 2 0 2 1 1
-4998.2 5338.1 1.0 141 0 7.0 7.8 7.5 2.5 2 1 3 0 0
-4978.5 5391.5 1.6 232 0 7.9 7.6 5.0 2.5 2 0 2 1 1
-4965.2 5434.3 1.9 52 0 8.1 6.7 7.5 2.5 2 0 3 2 2
-4932.7 5457.5 1.9 51 0 10.1 8.5 10.0 2.5 2 0 4 0 0
-5032.0 5503.0 2.3 230 0 9.6 8.1 5.0 2.5 2 0 2 1 1
-5038.7 5538.6 2.3 139 0 10.1 8.0 10.0 2.5 4 0 4 3 3
-5019.6 5556.6 2.1 227 0 6.0 8.0 7.5 2.5 2 1 3 3 3
-5050.7 5538.5 2.5 52 0 9.9 11.0 5.0 2.5 2 1 2 5 5
-5060.4 5484.2 2.6 231 0 10.7 12.3 5.0 2.5 2 1 2 2 2
-5067.5 5317.6 0.1 230 0 9.8 8.0 7.5 2.5 2 0 3 0 0
-5053.0 5332.5 0.4 231 0 8.4 7.8 10.0 0.0 0 0 4 1 1
-4875.8 5159.2 1.9 316 0 7.9 7.7 7.5 2.5 4 0 3 5 5
-4706.8 5194.0 3.5 58 0 9.8 7.9 7.5 2.5 2 0 3 1 1
-4790.5 5044.3 1.8 304 0 8.1 7.4 5.0 0.0 0 0 2 3 3
-4762.1 4957.3 1.4 323 0 7.4 10.8 2.5 2.5 2 1 1 5 5
-4797.0 4924.3 0.9 54 0 12.9 8.4 10.0 2.5 2 0 4 2 2
-4643.6 4781.7 3.3 52 0 10.7 9.0 2.5 2.5 2 0 1 0 0
-4662.6 4768.5 3.2 57 0 8.1 13.5 10.0 2.5 2 1 4 3 3
-4688.4 4806.1 3.2 319 0 8.6 10.7 2.5 2.5 2 1 1 3 3
-4683.9 4771.5 3.2 43 0 7.9 6.9 5.0 2.5 2 0 2 4 4
-4720.3 4886.3 2.0 133 0 8.1 10.8 7.5 2.5 2 1 3 3 3
-4609.1 4824.2 3.5 49 0 7.9 6.7 10.0 0.0 0 0 4 5 5
-4495.1 4948.2 4.7 230 0 7.3 8.5 7.5 2.5 2 1 3 5 5
-4513.9 5024.8 3.8 235 0 9.3 10.6 10.0 2.5 2 1 4 1 1
-4597.0 4954.3 3.8 226 0 9.0 8.3 7.5 2.5 2 0 3 2 2
-4662.8 4948.3 2.9 140 0 10.2 6.5 5.0 2.5 2 0 2 3 3
-4573.2 4971.2 3.6 227 0 6.9 12.1 5.0 2.5 2 1 2 4 4
-4583.5 4847.9 3.7 137 0 6.9 9.2 5.0 0.0 0 1 2 5 5
-4543.9 4875.8 4.7 49 0 9.9 7.1 5.0 2.5 2 0 2 5 5
-4608.4 4996.6 4.2 80 0 6.8 10.2 7.5 2.5 2 1 3 3 3
-4630.3 5153.7 3.8 141 0 11.1 10.3 7.5 2.5 2 0 3 1 1
-4548.9 5054.2 4.0 141 0 8.4 9.8 5.0 0.0 0 1 2 0 0
-4562.0 5130.7 4.9 222 0 11.8 7.5 2.5 2.5 4 0 1 0 0
-4595.1 5305.3 5.0 61 0 10.4 10.3 5.0 2.5 4 0 2 0 0
-5060.2 5359.4 0.7 56 0 8.2 8.2 5.0 2.5 2 0 2 1 1
-4480.4 6264.0 5.8 229 0 7.9 6.3 7.5 2.5 2 0 3 1 1
-4447.8 6255.5 5.9 326 0 7.4 17.2 7.5 2.5 2 1 3 2 2
-4488.4 6235.7 5.4 231 0 11.7 26.6 10.0 2.5 2 1 4 4 4
-4538.3 6163.1 3.4 24 0 10.8 30.6 7.5 2.5 2 1 3 0 0
-4552.2 6195.3 3.9 303 0 14.7 11.5 7.5 2.5 2 0 3 5 5
-4527.9 6181.5 4.0 24 0 12.9 6.4 5.0 2.5 2 0 2 1 1
-6006.0 4614.9 2.7 297 0 13.9 10.5 7.5 2.5 2 0 3 0 0
-5973.6 4797.8 5.3 206 0 7.3 12.3 7.5 2.5 2 1 3 5 5
-5855.4 4593.6 2.3 265 0 7.4 9.3 2.5 2.5 2 1 1 2 2
-5834.1 4733.5 3.1 293 0 7.4 6.7 5.0 2.5 4 0 2 3 3
-5903.8 5011.7 4.4 221 0 10.9 6.7 7.5 2.5 2 0 3 4 4
-5878.0 5005.8 4.1 227 0 7.2 7.2 7.5 2.5 2 0 3 5 5
-5854.6 4995.5 3.8 50 0 7.3 20.0 5.0 2.5 4 1 2 0 0
-5900.9 4815.7 6.2 293 0 10.5 15.1 2.5 2.5 2 1 1 3 3
-5782.3 4887.3 2.0 131 0 11.1 11.7 10.0 2.5 2 1 4 3 3
-4943.6 5819.0 6.8 150 0 7.5 8.7 5.0 2.5 2 1 2 2 2
-4921.5 5816.5 6.5 324 0 10.0 14.1 7.5 2.5 2 1 3 2 2
-4949.6 5238.0 0.4 324 0 11.1 10.5 7.5 2.5 2 0 3 3 3
-4920.9 5206.9 1.6 319 0 11.0 8.1 5.0 2.5 2 0 2 0 0
-4978.2 5080.5 0.8 237 0 13.6 9.8 5.0 2.5 4 0 2 3 3
-4997.1 5107.1 1.4 49 0 7.8 6.7 7.5 2.5 2 0 3 1 1
-2716.1 792.8 0.7 153 0 12.6 11.2 5.0 2.5 2 0 2 4 4
-2606.5 576.0 -1.0 140 0 6.9 8.3 7.5 2.5 4 1 3 1 1
-2778.4 972.7 4.3 237 0 7.0 8.6 7.5 2.5 2 1 3 5 5
-2761.6 864.9 1.7 156 0 15.2 10.3 2.5 2.5 4 0 1 4 4
-2492.0 4715.4 1.8 9 0 7.8 6.4 7.5 2.5 2 0 3 1 1
-2774.4 5906.6 9.5 37 0 8.8 8.7 7.5 2.5 2 0 3 1 1
-2735.1 6151.0 10.0 277 0 7.4 8.7 7.5 2.5 2 1 3 2 2
-2698.6 6107.9 9.5 109 0 9.6 10.0 10.0 2.5 2 1 4 0 0
-2854.0 6508.5 11.3 7 0 8.5 14.4 10.0 2.5 2 1 4 2 2
-3034.9 6548.1 14.8 0 0 6.8 7.6 5.0 2.5 4 1 2 5 5
-3041.8 6598.2 13.0 194 0 6.6 7.5 2.5 2.5 2 1 1 1 1
-2475.6 5833.9 5.3 291 0 8.2 9.7 7.5 2.5 2 1 3 5 5
-2463.9 5716.9 6.9 6 0 9.2 13.2 7.5 2.5 2 1 3 3 3
-2652.5 4880.9 2.5 94 0 6.9 11.5 10.0 2.5 2 1 4 1 1
-2603.5 5025.9 4.7 12 0 15.1 10.5 7.5 2.5 2 0 3 3 3
-2587.3 5093.6 4.2 10 0 6.9 9.7 5.0 2.5 2 1 2 5 5
-2544.7 5098.8 4.0 193 0 13.3 11.3 7.5 2.5 2 0 3 0 0
-2526.5 5146.7 5.6 7 0 9.2 12.0 5.0 2.5 2 1 2 5 5
-2522.6 5229.7 5.2 18 0 7.7 10.6 2.5 2.5 2 1 1 5 5
-2510.7 5315.1 4.0 109 0 9.3 12.5 7.5 2.5 2 1 3 4 4
-2467.2 5371.7 4.4 26 0 8.8 13.6 5.0 2.5 2 1 2 4 4
-2507.0 5363.3 4.7 208 0 13.3 10.7 7.5 2.5 2 0 3 1 1
-2524.3 5439.4 7.1 206 0 8.8 13.7 7.5 2.5 2 1 3 1 1
-2482.2 5474.4 7.8 25 0 9.8 8.5 5.0 0.0 0 0 2 4 4
-2460.4 5454.0 6.8 209 0 11.5 7.2 5.0 2.5 2 0 2 5 5
-2425.1 5648.0 6.8 195 0 11.4 19.4 5.0 0.0 0 1 2 5 5
-2375.1 5878.9 2.7 186 0 8.5 13.0 5.0 2.5 2 1 2 1 1
-2308.4 5889.3 5.7 99 0 6.3 9.3 7.5 2.5 2 1 3 1 1
-2131.1 6170.5 4.1 230 0 6.9 7.2 5.0 2.5 2 1 2 0 0
-2176.8 6141.4 4.4 231 0 6.5 11.4 7.5 2.5 2 1 3 1 1
-2223.0 6001.6 5.0 0 0 7.4 10.8 7.5 2.5 2 1 3 3 3
-2217.6 6083.2 4.9 330 0 8.9 17.0 7.5 2.5 2 1 3 0 0
-2395.4 6109.9 7.3 123 0 11.4 13.0 7.5 2.5 2 1 3 2 2
-2448.6 6137.2 8.0 120 0 7.4 8.8 5.0 2.5 2 1 2 1 1
-2475.1 6120.8 7.9 293 0 7.5 12.7 5.0 2.5 2 1 2 1 1
-2519.3 6138.1 8.4 296 0 6.9 10.2 7.5 2.5 2 1 3 3 3
-2556.7 6169.6 8.9 297 0 7.3 14.7 7.5 2.5 2 1 3 0 0
-2607.5 6162.5 9.4 116 0 11.2 11.2 7.5 2.5 2 1 3 4 4
-2655.8 6184.8 10.9 113 0 9.2 15.5 5.0 2.5 2 1 2 1 1
-2700.6 6228.5 12.0 202 0 10.2 14.1 5.0 2.5 2 1 2 0 0
-2735.2 6240.3 12.3 23 0 17.3 14.1 5.0 2.5 2 0 2 0 0
-2816.6 6246.6 12.6 207 0 12.9 8.0 10.0 2.5 2 0 4 3 3
-2860.8 6358.0 15.8 117 0 11.0 18.2 7.5 2.5 2 1 3 3 3
-2702.2 6284.5 13.0 16 0 6.4 11.6 2.5 2.5 2 1 1 4 4
-2774.0 6322.0 15.2 118 0 10.5 11.1 5.0 2.5 2 1 2 2 2
-2746.3 6304.5 14.0 115 0 10.4 12.4 7.5 2.5 2 1 3 5 5
-2337.1 6189.8 6.2 94 0 10.0 14.8 7.5 2.5 2 1 3 5 5
-2780.5 6626.1 9.3 4 0 8.4 11.3 5.0 2.5 2 1 2 1 1
-6695.0 -1112.5 -1.9 25 0 7.3 7.9 7.5 2.5 2 1 3 1 1
-6773.2 -1085.0 -1.5 193 0 8.0 8.5 5.0 2.5 2 1 2 2 2
-6847.0 -1240.6 -3.9 199 0 7.6 7.1 5.0 2.5 4 0 2 3 3
-6867.6 -1279.3 -4.1 198 0 8.1 8.1 7.5 2.5 2 1 3 3 3
-6738.2 -1198.7 -2.7 21 0 7.0 7.3 7.5 2.5 2 1 3 0 0
-6766.2 -1265.1 -3.1 15 0 8.3 9.5 7.5 2.5 2 1 3 4 4
-6756.9 -1301.6 -3.0 208 0 7.9 7.4 7.5 2.5 2 0 3 3 3
-6759.2 -1342.9 -3.6 211 0 9.1 7.9 7.5 2.5 2 0 3 5 5
-6797.8 -1328.4 -3.6 34 0 7.4 9.1 5.0 2.5 2 1 2 0 0
-6660.0 -1300.5 -3.4 25 0 6.3 7.9 5.0 0.0 0 1 2 2 2
-6650.2 -1278.1 -3.4 27 0 6.8 8.0 7.5 2.5 2 1 3 0 0
-6637.8 -1221.5 -4.1 287 0 8.8 8.0 5.0 2.5 2 0 2 2 2
-6629.6 -1186.5 -4.3 107 0 6.2 7.1 7.5 0.0 0 1 3 2 2
-6604.2 -1157.7 -4.0 32 0 6.8 6.7 5.0 2.5 2 0 2 2 2
-6582.9 -1092.4 -2.9 292 0 9.2 7.9 5.0 2.5 2 0 2 2 2
-6681.4 -1174.4 -3.3 112 0 8.4 7.5 2.5 2.5 4 0 1 5 5
-6672.4 -1124.8 -2.7 195 0 7.3 8.5 10.0 2.5 2 1 4 3 3
-6664.5 -1093.7 -2.4 194 0 6.8 9.4 7.5 2.5 2 1 3 1 1
-6624.5 -1034.7 -1.4 26 0 13.9 7.9 7.5 2.5 2 0 3 2 2
-6657.7 -1040.7 -1.4 106 0 14.0 11.2 5.0 2.5 2 0 2 0 0
-6698.3 -1006.9 -1.6 194 0 8.4 10.3 7.5 2.5 2 1 3 1 1
-6845.0 -967.6 -0.9 123 0 7.4 8.4 5.0 2.5 2 1 2 0 0
-6841.0 -1002.2 0.0 291 0 8.0 7.2 7.5 2.5 2 0 3 0 0
-6430.1 -1336.8 -6.1 203 0 6.4 6.8 7.5 2.5 4 1 3 0 0
-6528.1 -1323.7 -5.1 197 0 9.0 7.5 2.5 2.5 2 0 1 5 5
-6542.6 -1346.9 -5.2 201 0 9.8 7.7 7.5 2.5 2 0 3 5 5
-6559.7 -1385.5 -5.5 203 0 11.1 8.5 2.5 2.5 2 0 1 2 2
-6518.9 -1460.6 -6.6 116 0 6.4 8.7 5.0 0.0 0 1 2 1 1
-6492.5 -1424.4 -6.4 26 0 7.6 7.0 10.0 2.5 2 0 4 2 2
-6511.0 -1283.7 -4.8 204 0 9.9 7.2 5.0 2.5 2 0 2 3 3
-6464.5 -1297.6 -5.4 297 0 8.2 7.6 10.0 2.5 2 0 4 2 2
-6460.3 -1268.7 -4.9 121 0 6.8 6.7 7.5 2.5 2 0 3 4 4
-6518.0 -1043.8 -2.7 203 0 23.5 9.4 10.0 2.5 2 0 4 0 0
-6525.9 -1244.6 -3.7 121 0 7.6 7.7 10.0 2.5 2 1 4 3 3
-6497.1 -1172.7 -3.5 29 0 11.6 8.6 5.0 2.5 2 0 2 1 1
-6525.0 -1141.1 -3.5 309 0 10.6 8.0 7.5 0.0 0 0 3 2 2
-6580.1 -1203.6 -4.0 210 0 7.7 7.8 5.0 0.0 0 1 2 3 3
-6608.7 -1412.4 -5.1 25 0 8.4 8.9 7.5 2.5 2 1 3 2 2
-6592.6 -1373.0 -4.9 25 0 8.2 8.4 7.5 2.5 2 1 3 2 2
-6570.2 -1348.6 -4.8 24 0 10.8 7.3 5.0 2.5 2 0 2 2 2
-6555.4 -1323.7 -4.7 28 0 8.5 8.5 5.0 2.5 2 0 2 0 0
-6615.6 -1252.5 -3.7 209 0 9.8 10.1 5.0 0.0 0 1 2 0 0
-6660.5 -1356.1 -4.1 208 0 8.5 7.4 7.5 2.5 2 0 3 5 5
-6870.2 -1007.5 -0.3 118 0 8.7 7.7 5.0 2.5 2 0 2 0 0
-6874.9 -951.2 -1.3 124 0 8.0 7.9 10.0 2.5 2 0 4 5 5
-4636.3 -6185.4 -21.8 257 0 11.1 9.1 5.0 2.5 2 0 2 4 4
-5003.4 -6195.9 -24.7 341 0 6.4 8.0 7.5 2.5 2 1 3 1 1
-5023.4 -6059.3 -23.5 92 0 8.4 9.5 7.5 0.0 0 1 3 2 2
-4795.6 -6027.9 -22.4 74 0 6.1 8.6 5.0 2.5 2 1 2 2 2
-4923.5 -6042.4 -23.3 251 0 8.2 7.2 5.0 2.5 2 0 2 5 5
-4876.3 -6229.5 -21.7 270 0 12.3 9.4 7.5 2.5 4 0 3 2 2
-4929.1 -6203.8 -22.1 90 0 8.8 9.7 7.5 2.5 2 1 3 5 5
-4920.7 -6246.9 -22.4 178 0 7.7 11.2 7.5 0.0 0 1 3 4 4
-4833.2 -6199.7 -21.7 84 0 10.0 8.0 2.5 2.5 2 0 1 4 4
-4811.9 -6186.2 -22.1 82 0 7.6 6.6 5.0 2.5 2 0 2 4 4
-4781.7 -6206.0 -23.5 250 0 9.7 7.8 5.0 2.5 2 0 2 2 2
-4710.9 -6058.5 -19.9 254 0 10.9 6.4 10.0 2.5 2 0 4 1 1
-4702.4 -6157.3 -21.2 76 0 10.9 12.7 7.5 2.5 2 1 3 5 5
-4678.8 -6135.0 -21.1 256 0 12.9 10.0 5.0 2.5 4 0 2 2 2
-4630.1 -6145.7 -21.4 60 0 10.3 9.5 7.5 2.5 2 0 3 1 1
-4568.3 -6171.9 -21.3 150 0 8.2 9.4 10.0 2.5 2 1 4 4 4
-4575.0 -6114.0 -20.5 60 0 10.9 9.5 7.5 2.5 2 0 3 3 3
-4444.9 -6024.6 -18.2 343 0 6.2 10.1 5.0 2.5 2 1 2 0 0
-4501.7 -6080.4 -18.6 63 0 10.0 10.3 5.0 2.5 2 1 2 0 0
-4544.8 -6085.2 -19.5 249 0 8.2 6.3 7.5 2.5 4 0 3 1 1
-4552.9 -6145.0 -20.8 256 0 14.9 13.7 5.0 2.5 2 0 2 5 5
-2552.1 -5073.5 -10.2 83 0 7.0 7.5 7.5 2.5 4 1 3 5 5
-2708.5 -3593.5 -19.2 102 0 16.6 10.0 10.0 2.5 2 0 4 4 4
-2889.7 -3614.5 -19.0 90 0 7.0 6.2 7.5 2.5 2 0 3 0 0
-2894.5 -3548.2 -20.1 272 0 7.4 44.0 10.0 2.5 2 1 4 0 0
-3080.1 -3719.1 -19.7 129 0 6.7 7.5 7.5 2.5 2 1 3 4 4
-3134.9 -3688.5 -19.8 319 0 11.5 9.4 7.5 2.5 2 0 3 5 5
-2863.6 -4070.7 -13.4 245 0 19.4 10.0 7.5 2.5 2 0 3 1 1
-2922.4 -4079.7 -15.5 168 0 12.4 8.9 7.5 2.5 2 0 3 1 1
-2701.0 -4072.7 -6.5 12 0 8.5 27.7 7.5 2.5 2 1 3 5 5
-2769.7 -3974.4 -16.3 259 0 7.0 22.6 5.0 0.0 0 1 2 3 3
-2711.1 -4009.1 -14.0 12 0 7.7 31.8 5.0 2.5 2 1 2 0 0
-2706.9 -3992.9 -14.8 10 0 10.3 33.6 12.5 2.5 2 1 5 0 0
-6695.3 2910.8 1.4 220 0 6.9 9.3 2.5 2.5 2 1 1 4 4
-6499.8 2827.1 -0.3 277 0 6.1 8.6 7.5 2.5 2 1 3 4 4
-6543.1 2859.6 1.0 286 0 8.4 12.4 7.5 2.5 4 1 3 2 2
-6531.6 2804.1 -0.6 21 0 10.6 21.1 7.5 2.5 4 1 3 2 2
-6632.5 2874.0 1.1 302 0 10.6 13.5 5.0 2.5 4 1 2 5 5
-6682.6 2770.8 0.3 214 0 11.3 11.7 5.0 2.5 4 1 2 3 3
-6560.3 2879.4 1.1 285 0 9.9 23.2 5.0 2.5 2 1 2 1 1
-6569.1 2851.2 1.1 293 0 10.4 18.5 7.5 2.5 2 1 3 4 4
-6632.9 2818.1 1.1 32 0 14.3 21.8 7.5 2.5 2 1 3 5 5
-6599.3 2820.1 1.1 32 0 20.3 10.9 5.0 2.5 2 0 2 1 1
-6585.3 2739.0 -1.8 312 0 10.7 11.9 7.5 2.5 2 1 3 0 0
-6595.6 2725.3 -1.8 308 0 11.2 13.2 5.0 2.5 2 1 2 1 1
-6597.1 2791.6 1.1 26 0 18.7 11.3 5.0 2.5 2 0 2 1 1
-6613.4 2756.2 -0.1 315 0 14.4 20.8 7.5 0.0 0 1 3 3 3
-6630.3 2690.0 -1.4 70 0 14.8 16.0 7.5 0.0 0 1 3 4 4
-6648.7 2714.2 -0.5 81 0 7.8 10.8 5.0 2.5 2 1 2 5 5
-6640.8 2747.9 0.1 316 0 14.2 17.2 5.0 2.5 2 1 2 2 2
-6638.6 2792.1 1.1 30 0 13.6 8.3 5.0 2.5 2 0 2 4 4
-6650.0 2760.2 0.6 26 0 15.2 14.1 5.0 0.0 0 0 2 2 2
-6672.8 2790.0 1.0 205 0 8.4 8.3 7.5 2.5 2 0 3 2 2
-6594.3 2924.4 1.1 324 0 10.5 11.3 2.5 2.5 2 1 1 3 3
-6647.1 2917.3 1.3 249 0 11.3 7.7 5.0 2.5 2 0 2 5 5
-6691.4 2671.2 -3.2 33 0 18.7 8.5 10.0 2.5 2 0 4 5 5
-6697.5 2729.4 -1.4 24 0 9.4 28.4 7.5 2.5 4 1 3 0 0
-6741.9 2762.5 -1.2 220 0 8.3 6.9 7.5 2.5 2 0 3 3 3
-6709.5 2644.5 -4.1 40 0 7.5 6.9 7.5 2.5 4 0 3 0 0
-6794.3 2663.2 -4.3 117 0 8.3 6.3 7.5 2.5 4 0 3 3 3
-6799.8 2793.3 -2.0 218 0 7.5 15.7 10.0 2.5 2 1 4 3 3
-6766.0 2746.2 -2.4 223 0 8.0 13.8 7.5 0.0 0 1 3 4 4
-6799.4 2734.5 -3.3 204 0 7.2 9.7 5.0 2.5 2 1 2 4 4
-6574.0 3193.8 0.6 180 0 10.9 9.4 7.5 2.5 2 0 3 0 0
-6496.7 3031.1 1.3 318 0 7.3 34.8 12.5 2.5 2 1 5 1 1
-6472.7 3101.7 1.8 353 0 22.6 8.8 7.5 2.5 2 0 3 4 4
-6536.9 3140.3 0.9 107 0 7.7 18.5 10.0 2.5 2 1 4 2 2
-6503.7 3153.5 1.6 285 0 11.8 30.8 7.5 2.5 2 1 3 5 5
-6513.5 3069.8 1.4 97 0 12.0 28.3 7.5 2.5 2 1 3 1 1
-6550.0 3115.2 1.1 287 0 7.1 15.4 5.0 2.5 2 1 2 2 2
-6553.0 3067.9 1.1 106 0 10.7 13.5 5.0 2.5 2 1 2 0 0
-6542.5 3019.4 1.2 96 0 11.4 16.0 2.5 2.5 2 1 1 4 4
-6563.2 3002.5 1.6 129 0 8.8 6.4 10.0 2.5 2 0 4 0 0
-6600.9 3101.1 1.9 198 0 13.4 24.7 10.0 2.5 2 1 4 5 5
-6595.0 3042.5 1.9 147 0 9.1 18.2 10.0 2.5 2 1 4 1 1
-6225.6 3007.7 0.6 35 0 9.2 7.2 2.5 2.5 2 0 1 5 5
-6235.5 3093.6 0.6 313 0 9.1 7.6 7.5 0.0 0 0 3 3 3
-6280.0 3110.5 1.9 122 0 8.8 8.8 2.5 2.5 2 1 1 3 3
-6273.0 3137.2 2.1 321 0 7.0 8.8 2.5 0.0 0 1 1 5 5
-6304.1 3140.3 2.9 310 0 6.6 6.4 5.0 2.5 4 0 2 4 4
-6053.3 2875.2 -0.9 199 0 9.1 9.9 7.5 2.5 2 1 3 4 4
-6027.0 2846.3 -1.6 111 0 10.5 7.9 7.5 2.5 2 0 3 0 0
-5982.5 2809.9 -1.8 22 0 9.1 10.1 5.0 2.5 2 1 2 1 1
-5979.4 2827.9 -2.2 23 0 10.0 8.0 7.5 0.0 0 0 3 3 3
-5954.5 2922.5 -1.2 295 0 9.1 9.8 7.5 2.5 2 1 3 4 4
-5991.0 2940.3 -1.4 301 0 9.4 10.3 7.5 2.5 2 1 3 3 3
-6021.4 2946.7 -0.9 308 0 12.7 7.3 7.5 2.5 2 0 3 4 4
-6165.2 2876.8 1.4 36 0 6.9 7.3 7.5 2.5 2 1 3 3 3
-6114.3 2994.4 0.3 314 0 8.5 7.8 5.0 2.5 2 0 2 3 3
-6261.9 2900.2 1.1 214 0 11.2 8.6 7.5 2.5 2 0 3 4 4
-6239.8 2945.8 1.8 214 0 9.0 9.6 10.0 0.0 0 1 4 2 2
-6191.3 2988.1 1.9 221 0 9.0 10.3 5.0 2.5 2 1 2 1 1
-6179.5 3021.1 1.5 207 0 6.2 6.4 5.0 2.5 2 1 2 1 1
-5823.0 3392.8 -5.9 15 0 7.6 7.0 7.5 2.5 2 0 3 0 0
-5909.5 3397.2 -5.2 208 0 8.4 8.7 7.5 0.0 0 1 3 1 1
-5943.4 3313.1 -5.4 207 0 6.4 7.7 10.0 2.5 2 1 4 4 4
-5950.2 3277.0 -5.5 207 0 7.8 9.2 7.5 2.5 2 1 3 1 1
-5922.7 3219.9 -5.6 28 0 9.7 8.6 7.5 2.5 2 0 3 4 4
-5987.9 3215.6 -4.5 203 0 10.1 6.9 5.0 2.5 2 0 2 5 5
-6006.9 3174.2 -3.5 199 0 10.6 9.0 5.0 2.5 2 0 2 0 0
-6027.2 3132.5 -2.2 201 0 9.5 9.5 10.0 2.5 2 1 4 4 4
-5971.5 3107.0 -3.0 24 0 11.3 8.3 7.5 0.0 0 0 3 3 3
-5988.1 3086.4 -2.8 22 0 10.5 8.6 5.0 2.5 2 0 2 4 4
-6072.8 3027.0 -1.7 203 0 9.3 10.4 7.5 2.5 2 1 3 5 5
-6076.8 3012.2 -1.5 125 0 6.3 7.0 5.0 2.5 2 1 2 5 5
-5967.0 2959.5 -1.9 115 0 9.1 17.2 7.5 2.5 2 1 3 4 4
-6208.7 2992.4 1.4 216 0 6.8 6.9 10.0 2.5 2 1 4 2 2
-5822.8 2809.0 -2.9 117 0 9.2 10.1 2.5 2.5 2 1 1 2 2
-6003.9 3296.9 -4.7 119 0 7.7 9.1 7.5 2.5 2 1 3 1 1
-5967.1 3338.8 -5.0 26 0 8.4 7.8 7.5 2.5 2 0 3 2 2
-5948.5 3431.6 -4.6 300 0 8.5 9.2 2.5 2.5 4 1 1 5 5
-6014.3 3447.1 -3.2 204 0 6.9 7.9 5.0 2.5 2 1 2 2 2
-6041.1 3156.4 -2.3 13 0 9.1 8.0 7.5 2.5 2 0 3 4 4
-6028.4 3185.8 -3.2 13 0 9.5 7.9 7.5 2.5 4 0 3 0 0
-6083.3 3293.5 -3.2 207 0 10.4 7.9 2.5 2.5 2 0 1 1 1
-6098.9 3262.4 -2.5 207 0 9.1 8.5 5.0 2.5 2 0 2 1 1
-6112.7 3228.3 -1.6 205 0 8.1 8.1 7.5 2.5 2 0 3 0 0
-6152.4 3126.3 -0.8 205 0 6.2 7.3 7.5 0.0 0 1 3 4 4
-6165.8 3085.9 -0.5 122 0 9.4 8.5 7.5 0.0 0 0 3 1 1
-5847.8 3520.4 -3.5 213 0 6.2 7.0 5.0 2.5 2 1 2 2 2
-5863.7 3503.7 -4.0 204 0 9.6 8.2 7.5 2.5 2 0 3 0 0
-5887.6 3466.9 -5.0 200 0 8.5 6.6 7.5 2.5 2 0 3 5 5
-5885.4 3451.3 -5.1 198 0 12.7 9.1 5.0 2.5 2 0 2 1 1
-5899.7 3477.7 -4.0 25 0 7.1 10.4 7.5 2.5 2 1 3 2 2
-5870.5 3557.7 -1.2 24 0 8.6 10.2 2.5 2.5 2 1 1 1 1
-5910.7 3444.9 -4.8 26 0 14.0 7.5 7.5 2.5 2 0 3 2 2
-5943.4 3612.0 -0.2 203 0 9.5 9.7 10.0 2.5 2 1 4 0 0
-5965.2 3563.5 0.3 204 0 8.8 8.2 7.5 2.5 2 0 3 5 5
-5983.8 3515.3 -1.1 211 0 8.1 9.2 2.5 2.5 2 1 1 1 1
-5998.5 3491.6 -1.7 202 0 6.5 10.1 7.5 2.5 2 1 3 1 1
-6049.5 3641.3 0.3 213 0 9.2 8.3 7.5 2.5 2 0 3 4 4
-6066.4 3604.6 0.7 208 0 9.5 6.6 7.5 2.5 2 0 3 0 0
-6088.8 3546.9 0.7 217 0 8.5 8.9 7.5 2.5 2 1 3 0 0
-5967.3 3611.9 -0.1 28 0 11.4 14.9 5.0 2.5 2 1 2 5 5
-6000.7 3525.5 -0.4 19 0 9.2 14.0 7.5 2.5 2 1 3 2 2
-6144.7 3414.9 -2.2 272 0 7.9 7.1 2.5 2.5 2 0 1 5 5
-6166.3 3399.6 -2.1 180 0 9.2 7.3 10.0 2.5 2 0 4 4 4
-6204.2 3312.3 0.7 200 0 8.6 8.9 5.0 2.5 2 1 2 2 2
-6101.8 3305.6 -2.2 25 0 8.1 9.2 5.0 2.5 2 1 2 2 2
-6120.9 3275.0 -1.1 27 0 11.7 6.5 5.0 2.5 2 0 2 0 0
-6132.5 3235.3 -0.2 25 0 9.4 11.2 7.5 2.5 2 1 3 5 5
-6147.0 3206.3 0.7 30 0 12.4 10.7 5.0 2.5 2 0 2 4 4
-5986.7 3800.1 -0.7 33 0 7.0 6.5 7.5 2.5 2 0 3 2 2
-6036.2 3712.2 0.5 34 0 10.5 6.2 7.5 2.5 2 0 3 5 5
-6052.8 3678.3 0.5 22 0 7.9 6.3 7.5 2.5 2 0 3 1 1
-6072.0 3651.3 0.7 25 0 9.3 7.8 7.5 2.5 2 0 3 3 3
-6084.9 3621.0 0.9 28 0 8.5 9.2 10.0 2.5 2 1 4 4 4
-6106.3 3578.8 1.5 27 0 7.3 9.3 7.5 2.5 2 1 3 2 2
-6116.6 3558.8 1.3 28 0 7.3 9.3 7.5 2.5 2 1 3 2 2
-6270.5 3434.8 1.6 119 0 13.8 10.1 5.0 2.5 2 0 2 0 0
-6292.9 3405.1 2.1 214 0 8.0 9.1 7.5 2.5 2 1 3 5 5
-6337.9 3301.5 4.4 202 0 7.7 9.1 5.0 2.5 2 1 2 0 0
-6357.6 3259.2 4.9 204 0 8.3 8.0 5.0 2.5 2 0 2 2 2
-6204.1 3356.5 -0.2 25 0 15.3 14.6 7.5 2.5 2 0 3 1 1
-6220.7 3328.2 1.0 27 0 9.8 9.0 10.0 2.5 2 0 4 5 5
-6237.7 3288.5 2.4 29 0 8.9 9.0 7.5 2.5 2 1 3 2 2
-6252.6 3258.5 3.2 39 0 12.1 9.2 7.5 2.5 2 0 3 1 1
-6090.2 3861.2 -0.0 205 0 6.1 8.4 5.0 0.0 0 1 2 2 2
-6159.7 3701.4 1.1 210 0 7.8 7.9 10.0 2.5 2 1 4 0 0
-6176.2 3655.9 2.0 215 0 8.3 8.0 5.0 2.5 4 0 2 4 4
-6315.7 3627.1 2.1 107 0 7.4 8.2 7.5 2.5 2 1 3 5 5
-6184.2 3706.1 0.8 31 0 8.7 10.7 10.0 2.5 2 1 4 4 4
-6198.9 3674.9 2.0 25 0 8.4 6.9 5.0 2.5 2 0 2 0 0
-6214.5 3637.8 1.4 30 0 8.2 8.5 7.5 2.5 2 1 3 5 5
-6226.6 3607.2 0.8 18 0 8.2 8.0 10.0 2.5 2 0 4 5 5
-6399.1 3451.7 2.0 212 0 7.7 9.4 5.0 2.5 2 1 2 5 5
-6414.1 3419.0 2.9 212 0 7.8 8.9 2.5 2.5 2 1 1 3 3
-6424.9 3392.1 3.9 222 0 6.6 8.3 7.5 2.5 2 1 3 5 5
-6445.5 3357.1 5.1 202 0 7.9 11.7 5.0 2.5 2 1 2 2 2
-6361.3 3317.3 4.6 25 0 8.8 6.4 7.5 2.5 4 0 3 5 5
-6327.7 3379.2 2.6 31 0 7.5 9.4 5.0 2.5 2 1 2 5 5
-6315.3 3410.0 2.1 22 0 7.9 8.9 7.5 2.5 2 1 3 4 4
-6333.1 3600.7 0.9 208 0 9.0 9.0 2.5 2.5 4 0 1 4 4
-6348.2 3564.9 0.8 205 0 10.5 8.6 10.0 2.5 2 0 4 1 1
-6362.6 3536.7 0.9 206 0 10.3 8.9 7.5 2.5 2 0 3 3 3
-6375.8 3501.6 1.4 215 0 8.3 6.8 7.5 2.5 2 0 3 1 1
-6280.6 3490.8 1.1 29 0 11.4 8.9 7.5 2.5 2 0 3 2 2
-6244.1 3567.3 0.2 32 0 8.0 8.3 7.5 2.5 2 1 3 2 2
-6227.5 3897.8 1.2 32 0 15.1 9.1 5.0 2.5 2 0 2 1 1
-6341.7 3776.5 1.8 25 0 8.0 6.5 7.5 2.5 2 0 3 4 4
-6407.9 3735.5 3.0 200 0 8.0 6.5 5.0 2.5 2 0 2 5 5
-6393.3 3684.8 3.5 112 0 7.9 7.9 10.0 2.5 2 1 4 3 3
-6314.0 3692.1 2.5 16 0 12.0 10.0 7.5 2.5 2 0 3 1 1
-6532.3 3539.4 1.3 300 0 7.3 10.2 7.5 2.5 2 1 3 3 3
-6537.9 3575.3 1.1 206 0 10.8 7.9 5.0 0.0 0 0 2 1 1
-6464.9 3362.1 5.0 23 0 7.8 8.1 5.0 2.5 2 1 2 5 5
-6239.5 4194.5 0.0 37 0 10.0 7.8 7.5 2.5 2 0 3 5 5
-6346.1 3956.5 1.6 114 0 12.0 25.2 7.5 0.0 0 1 3 3 3
-6360.1 3989.1 1.2 208 0 11.3 10.2 2.5 2.5 2 0 1 2 2
-4845.0 3872.4 -4.3 192 0 8.9 9.1 5.0 2.5 2 1 2 1 1
-4843.2 3845.9 -4.6 27 0 6.1 6.0 7.5 2.5 2 0 3 3 3
-4874.6 3795.1 -4.6 25 0 7.3 8.1 7.5 2.5 2 1 3 0 0
-4961.9 3668.7 -4.4 42 0 9.5 11.0 10.0 2.5 2 1 4 3 3
-5082.3 3483.2 -2.0 199 0 12.8 9.9 10.0 0.0 0 0 4 1 1
-5080.2 3371.2 -4.1 131 0 8.0 9.9 5.0 2.5 2 1 2 3 3
-5089.1 3412.4 -3.1 126 0 6.3 15.0 7.5 2.5 2 1 3 1 1
-5086.8 3440.9 -2.9 215 0 11.9 13.6 5.0 2.5 4 1 2 1 1
-5101.4 3457.9 -2.0 212 0 12.1 7.7 7.5 2.5 2 0 3 1 1
-5171.7 3379.3 -2.3 222 0 12.9 11.4 2.5 2.5 2 0 1 4 4
-4911.8 3781.8 -3.5 208 0 11.9 8.5 5.0 2.5 2 0 2 3 3
-4522.9 4240.3 -0.2 196 0 8.5 8.3 5.0 2.5 2 0 2 5 5
-4610.7 4139.8 -2.4 234 0 9.9 13.7 5.0 2.5 2 1 2 1 1
-4660.7 4090.2 -2.7 217 0 7.2 8.0 7.5 2.5 2 1 3 5 5
-4771.5 3975.0 -3.6 218 0 6.7 9.2 7.5 0.0 0 1 3 2 2
-4797.1 3957.4 -3.6 219 0 9.4 9.3 2.5 2.5 2 0 1 0 0
-4794.2 3923.6 -4.1 31 0 11.9 9.2 5.0 2.5 2 0 2 2 2
-5173.0 3556.1 -3.4 204 0 6.5 11.9 7.5 2.5 2 1 3 1 1
-5134.4 3552.5 -2.1 287 0 10.1 8.9 2.5 2.5 2 0 1 1 1
-5092.2 3528.9 -2.1 11 0 9.9 8.5 5.0 0.0 0 0 2 3 3
-5106.5 3523.1 -2.1 20 0 7.4 13.0 7.5 2.5 2 1 3 5 5
-5130.7 3464.9 -1.9 33 0 9.3 8.5 7.5 2.5 2 0 3 4 4
-5150.6 3472.3 -1.9 30 0 14.8 6.8 7.5 2.5 2 0 3 1 1
-5162.5 3442.4 -2.6 37 0 11.6 10.2 2.5 2.5 4 0 1 0 0
-5137.0 3591.6 -2.1 119 0 9.3 8.8 5.0 2.5 2 0 2 1 1
-5120.8 3585.0 -2.3 113 0 10.3 8.7 5.0 2.5 2 0 2 0 0
-5103.1 3572.8 -2.5 107 0 8.3 9.8 5.0 2.5 2 1 2 3 3
-5084.7 3587.0 -2.6 26 0 11.0 10.8 5.0 2.5 2 0 2 1 1
-4896.3 4085.8 0.3 213 0 12.8 13.6 5.0 2.5 2 1 2 3 3
-4850.9 4043.0 -0.1 131 0 9.9 10.8 5.0 2.5 4 1 2 5 5
-4816.7 4016.4 -1.1 40 0 9.7 7.9 5.0 2.5 2 0 2 3 3
-4791.7 3985.8 -2.5 46 0 6.1 11.3 7.5 2.5 2 1 3 0 0
-4823.7 3972.4 -2.3 122 0 9.0 8.3 7.5 2.5 2 0 3 5 5
-4892.5 4000.1 -0.2 306 0 10.9 9.4 2.5 2.5 2 0 1 4 4
-4892.0 3961.3 -1.1 120 0 6.1 7.1 10.0 2.5 2 1 4 1 1
-4843.9 3939.6 -2.3 33 0 10.2 7.4 5.0 2.5 2 0 2 5 5
-4879.7 3957.3 -1.4 133 0 9.8 11.5 7.5 2.5 2 1 3 0 0
-5022.2 3937.3 -3.6 30 0 10.3 8.8 2.5 2.5 2 0 1 4 4
-5070.4 3960.7 -3.8 206 0 9.8 8.2 2.5 2.5 2 0 1 0 0
-5092.6 3782.3 -1.5 210 0 12.9 10.2 2.5 2.5 2 0 1 3 3
-5039.1 3750.0 -1.1 118 0 9.0 10.3 7.5 2.5 2 1 3 3 3
-4965.5 3736.6 -2.1 37 0 7.8 10.9 5.0 2.5 2 1 2 0 0
-5031.7 3667.7 -2.3 37 0 11.5 6.7 7.5 2.5 2 0 3 0 0
-4803.7 4279.2 1.4 156 0 8.1 7.1 10.0 2.5 2 0 4 0 0
-4780.4 4242.9 0.7 71 0 11.7 12.8 5.0 2.5 2 1 2 5 5
-4745.6 4168.5 -1.0 313 0 10.4 7.8 7.5 0.0 0 0 3 0 0
-4718.5 4093.7 -2.3 129 0 7.2 8.4 10.0 2.5 2 1 4 1 1
-4880.7 4175.2 0.3 37 0 8.8 6.3 10.0 0.0 0 0 4 1 1
-4838.9 4105.7 -0.3 217 0 6.4 6.2 10.0 2.5 4 0 4 0 0
-4830.3 4085.6 -0.2 217 0 6.8 9.3 7.5 2.5 2 1 3 2 2
-4751.3 4035.4 -2.4 42 0 12.0 14.0 2.5 2.5 2 1 1 1 1
-5625.1 4442.0 0.8 143 0 8.4 11.4 7.5 2.5 2 1 3 5 5
-5475.4 4075.2 -3.0 163 0 11.4 11.2 10.0 2.5 4 0 4 4 4
-5118.6 3931.2 -3.3 25 0 8.3 9.2 10.0 2.5 4 1 4 0 0
-5093.0 3960.1 -3.8 26 0 9.3 10.3 10.0 2.5 2 1 4 0 0
-4736.5 4367.4 2.6 118 0 12.8 10.0 7.5 2.5 2 0 3 0 0
-4714.8 4325.9 2.1 139 0 7.3 8.8 7.5 0.0 0 1 3 4 4
-4610.8 4173.6 -0.7 36 0 7.5 7.2 7.5 2.5 2 0 3 5 5
-6075.4 4558.7 1.6 25 0 11.4 12.4 2.5 2.5 2 1 1 2 2
-6108.3 4548.8 1.3 209 0 6.6 6.9 5.0 0.0 0 1 2 5 5
-6230.3 4220.9 -0.6 28 0 7.8 12.8 5.0 2.5 2 1 2 0 0
-6584.7 4356.5 2.6 14 0 8.1 11.8 7.5 2.5 2 1 3 1 1
-6631.8 4255.0 4.0 319 0 8.6 10.5 7.5 2.5 2 1 3 1 1
-6683.9 4270.7 5.6 135 0 10.7 7.3 7.5 2.5 2 0 3 3 3
-6820.8 4188.0 6.1 303 0 6.8 13.9 7.5 2.5 2 1 3 4 4
-5756.0 4560.7 2.1 275 0 7.6 7.1 7.5 2.5 2 0 3 3 3
-5738.2 4547.0 1.7 280 0 9.1 12.6 7.5 2.5 2 1 3 1 1
-5738.1 4490.5 0.7 114 0 10.2 11.0 7.5 0.0 0 1 3 2 2
-5463.5 4005.8 -3.0 324 0 10.5 11.5 7.5 0.0 0 1 3 2 2
-5358.8 3719.0 -4.7 238 0 11.2 24.4 10.0 0.0 0 1 4 3 3
-5329.6 3660.2 -4.8 71 0 7.7 9.3 7.5 2.5 2 1 3 1 1
-5303.8 3712.1 -4.6 321 0 7.0 43.1 10.0 2.5 4 1 4 1 1
-4563.9 4388.6 1.4 24 0 10.2 13.8 5.0 2.5 2 1 2 0 0
-5746.3 1714.1 -8.4 78 0 10.2 9.8 5.0 2.5 2 0 2 4 4
-5757.0 1715.3 -8.5 10 0 7.7 10.3 7.5 2.5 4 1 3 5 5
-5770.8 1659.3 -9.1 81 0 6.4 8.7 10.0 2.5 2 1 4 2 2
-5824.1 1700.6 -8.9 185 0 9.6 8.3 7.5 0.0 0 0 3 5 5
-5820.9 1657.0 -9.3 109 0 8.2 16.1 10.0 2.5 2 1 4 4 4
-5772.0 1636.7 -9.3 285 0 7.0 10.0 5.0 2.5 2 1 2 0 0
-5776.8 1577.4 -10.0 6 0 10.1 7.4 7.5 2.5 2 0 3 0 0
-5805.3 1518.8 -11.1 89 0 10.1 7.3 7.5 2.5 2 0 3 0 0
-5838.4 1566.0 -10.7 183 0 8.7 9.0 5.0 2.5 2 1 2 0 0
-5838.6 1522.5 -11.3 91 0 6.0 8.0 7.5 2.5 4 1 3 4 4
-5856.2 1523.7 -11.5 97 0 7.0 11.1 2.5 2.5 2 1 1 2 2
-5659.0 1637.5 -9.9 328 0 10.1 8.8 7.5 2.5 2 0 3 0 0
-5682.5 1669.8 -9.2 320 0 8.6 8.3 7.5 2.5 2 0 3 4 4
-5707.3 1709.1 -8.6 232 0 10.9 20.6 7.5 0.0 0 1 3 3 3
-5720.8 1683.0 -8.7 233 0 9.3 9.2 7.5 2.5 2 0 3 1 1
-5464.3 1717.5 -8.6 63 0 10.2 12.3 10.0 2.5 2 1 4 0 0
-5023.8 1747.5 -2.9 1 0 8.6 10.2 5.0 2.5 2 1 2 1 1
-5099.0 1779.7 -4.7 96 0 8.6 6.6 7.5 2.5 2 0 3 0 0
-5032.4 1819.9 -4.8 351 0 16.0 11.3 10.0 2.5 2 0 4 1 1
-5085.4 1830.9 -5.7 273 0 9.8 8.4 7.5 2.5 2 0 3 3 3
-5099.5 1835.6 -6.0 271 0 9.7 7.3 5.0 2.5 2 0 2 3 3
-5147.9 1841.7 -7.1 279 0 11.0 8.1 5.0 2.5 4 0 2 1 1
-5163.8 1844.5 -7.5 281 0 8.8 11.1 7.5 2.5 2 1 3 2 2
-4931.7 1711.6 -3.6 357 0 9.7 13.5 2.5 2.5 2 1 1 5 5
-4960.7 1850.1 -2.5 4 0 7.4 9.0 5.0 0.0 0 1 2 2 2
-4982.6 1840.5 -2.7 270 0 7.6 9.2 5.0 2.5 2 1 2 1 1
-5000.0 1740.2 -3.0 160 0 11.8 9.4 7.5 2.5 2 0 3 5 5
-5007.9 1774.2 -2.2 178 0 9.9 13.1 5.0 2.5 2 1 2 3 3
-5018.9 1802.2 -3.0 170 0 8.3 11.1 7.5 2.5 2 1 3 5 5
-5002.0 1826.4 -3.0 173 0 8.0 9.6 7.5 2.5 2 1 3 5 5
-5008.9 1849.3 -3.5 250 0 6.1 9.6 7.5 2.5 2 1 3 0 0
-5001.7 1889.9 -4.6 340 0 8.1 7.4 2.5 2.5 2 0 1 3 3
-5015.2 1868.5 -4.6 72 0 8.0 7.6 10.0 2.5 2 0 4 1 1
-5048.7 1898.2 -6.8 81 0 6.6 6.9 10.0 0.0 0 1 4 0 0
-5040.7 1869.7 -5.8 91 0 8.1 11.1 7.5 2.5 2 1 3 1 1
-5116.5 1863.5 -7.2 94 0 10.0 10.0 7.5 2.5 4 1 3 0 0
-3069.1 1203.9 6.6 117 0 9.9 10.4 2.5 2.5 2 1 1 2 2
-3029.2 1167.3 6.8 132 0 9.2 7.0 5.0 2.5 2 0 2 2 2
-3005.5 1099.4 5.3 320 0 11.2 7.1 5.0 2.5 2 0 2 0 0
-2969.3 1070.2 4.7 316 0 8.3 6.6 7.5 2.5 2 0 3 4 4
-2948.1 1067.1 4.3 318 0 10.1 10.9 10.0 2.5 2 1 4 2 2
-2944.2 1042.4 3.7 315 0 12.2 10.3 2.5 2.5 2 0 1 0 0
-2918.4 1076.4 4.7 133 0 6.4 7.4 2.5 2.5 2 1 1 2 2
-2930.0 1083.2 5.0 142 0 7.2 12.4 5.0 2.5 2 1 2 0 0
-2868.6 1019.8 3.8 139 0 10.9 9.4 2.5 2.5 2 0 1 0 0
-2887.6 1032.7 3.8 135 0 7.3 11.2 7.5 2.5 2 1 3 4 4
-2912.4 1022.6 3.7 313 0 8.3 9.2 7.5 2.5 2 1 3 1 1
-2898.9 1007.1 3.7 314 0 7.3 7.1 10.0 2.5 4 0 4 1 1
-2816.8 951.2 3.9 146 0 11.0 7.4 7.5 2.5 2 0 3 3 3
-2827.9 963.7 3.7 155 0 9.1 8.4 7.5 2.5 2 0 3 4 4
-4928.4 1912.5 -3.9 156 0 12.1 10.7 2.5 2.5 4 0 1 2 2
-4937.4 1953.1 -5.0 71 0 10.6 10.0 7.5 2.5 2 0 3 4 4
-4963.7 1884.3 -3.4 79 0 13.1 12.3 7.5 2.5 2 0 3 1 1
-4857.7 1754.5 -2.6 13 0 8.2 9.4 7.5 2.5 4 1 3 5 5
-4870.0 1767.6 -2.2 11 0 11.4 11.1 2.5 2.5 2 0 1 3 3
-4896.3 1737.7 -2.7 138 0 7.3 7.1 7.5 2.5 4 0 3 1 1
-4912.0 1736.0 -2.9 169 0 13.8 8.5 7.5 2.5 2 0 3 5 5
-4924.2 1759.1 -2.2 164 0 10.3 8.9 7.5 2.5 2 0 3 5 5
-4885.8 1865.4 -1.4 270 0 14.4 14.1 2.5 2.5 2 0 1 2 2
-4911.6 1812.5 -0.8 185 0 8.6 9.1 5.0 2.5 2 1 2 4 4
-4942.9 1833.2 -1.6 174 0 9.3 16.9 2.5 0.0 0 1 1 2 2
-4942.7 1857.8 -2.1 159 0 10.6 16.6 5.0 2.5 2 1 2 2 2
-4849.2 1918.0 -3.2 255 0 7.6 6.3 5.0 2.5 2 0 2 0 0
-4870.9 1906.3 -3.3 258 0 7.7 17.7 10.0 2.5 2 1 4 2 2
-4836.2 1861.9 -1.9 12 0 9.8 13.8 7.5 2.5 2 1 3 3 3
-4836.9 1827.5 -0.9 11 0 20.3 14.6 7.5 0.0 0 0 3 5 5
-4897.9 1668.0 -4.7 180 0 10.8 8.9 7.5 2.5 2 0 3 2 2
-4909.5 1682.9 -4.2 176 0 6.0 7.3 7.5 2.5 4 1 3 2 2
-4907.7 1695.0 -3.9 180 0 7.5 6.3 5.0 2.5 2 0 2 5 5
-4594.7 2029.7 -2.7 81 0 8.3 11.7 7.5 2.5 2 1 3 0 0
-4625.5 2033.0 -3.0 97 0 14.0 10.9 7.5 2.5 4 0 3 0 0
-4690.3 2029.5 -3.4 92 0 7.3 13.0 7.5 2.5 4 1 3 1 1
-4701.9 2027.7 -3.4 88 0 7.3 9.3 2.5 2.5 2 1 1 5 5
-4723.3 2016.6 -3.5 69 0 12.0 10.4 2.5 2.5 2 0 1 1 1
-4750.3 2011.9 -3.6 78 0 6.7 8.4 5.0 2.5 2 1 2 2 2
-4767.5 1990.2 -3.5 58 0 8.7 13.4 2.5 2.5 2 1 1 1 1
-4810.4 1968.7 -3.4 67 0 10.5 7.2 10.0 2.5 2 0 4 3 3
-4848.3 1958.7 -4.0 92 0 6.7 9.2 5.0 2.5 2 1 2 3 3
-4856.8 1939.8 -4.0 80 0 12.2 13.6 7.5 0.0 0 1 3 5 5
-4555.3 1988.6 -1.6 299 0 9.9 9.2 2.5 2.5 2 0 1 3 3
-4590.0 1990.6 -1.4 267 0 7.7 10.1 7.5 2.5 2 1 3 0 0
-4610.4 1989.4 -1.5 269 0 15.6 10.0 2.5 2.5 2 0 1 0 0
-4624.1 2007.5 -2.0 267 0 7.5 9.5 7.5 2.5 2 1 3 4 4
-4627.1 1985.0 -1.4 261 0 7.0 9.0 7.5 2.5 2 1 3 3 3
-4664.0 1955.4 -1.3 174 0 8.9 9.3 7.5 2.5 2 1 3 5 5
-4755.7 1972.5 -2.7 239 0 6.3 10.8 5.0 2.5 2 1 2 2 2
-4748.8 1957.1 -2.4 241 0 6.4 7.3 7.5 2.5 2 1 3 1 1
-4769.6 1940.7 -2.3 277 0 7.0 17.8 2.5 2.5 2 1 1 0 0
-4799.2 1923.3 -2.4 186 0 16.0 18.0 7.5 2.5 2 1 3 2 2
-4788.2 1838.3 -1.1 278 0 6.2 8.6 7.5 2.5 2 1 3 1 1
-4559.9 2010.5 -2.0 110 0 9.0 12.1 7.5 2.5 2 1 3 1 1
-4454.5 1218.6 1.4 195 0 7.1 9.7 7.5 2.5 2 1 3 3 3
-4458.8 1200.7 1.6 198 0 7.7 9.8 5.0 2.5 2 1 2 2 2
-4519.3 1252.3 -0.9 289 0 7.2 8.3 7.5 2.5 2 1 3 2 2
-4460.3 1284.6 0.0 20 0 7.4 6.9 5.0 2.5 2 0 2 3 3
-4466.2 1275.7 -0.1 13 0 7.9 9.8 7.5 2.5 2 1 3 3 3
-4504.3 1281.5 -1.0 102 0 6.2 6.1 7.5 2.5 2 0 3 3 3
-4538.3 1293.9 -1.9 110 0 9.4 8.8 7.5 2.5 4 0 3 5 5
-4518.2 1368.2 -1.9 297 0 8.1 10.6 5.0 2.5 2 1 2 3 3
-4524.0 1379.1 -2.0 305 0 6.3 6.4 7.5 2.5 2 1 3 4 4
-4476.3 1380.4 -0.4 114 0 6.5 6.4 7.5 2.5 2 0 3 5 5
-4452.3 1695.1 0.7 290 0 8.3 9.5 7.5 2.5 2 1 3 2 2
-4499.5 1695.4 1.6 110 0 10.2 9.7 5.0 2.5 2 0 2 1 1
-4546.3 1724.9 2.5 113 0 6.8 6.8 5.0 2.5 2 0 2 5 5
-4576.8 1747.4 2.6 214 0 6.1 6.4 7.5 2.5 2 1 3 1 1
-2669.8 585.0 0.5 336 0 7.7 10.4 10.0 2.5 2 1 4 3 3
-2634.9 573.3 -0.3 327 0 11.4 12.0 7.5 0.0 0 1 3 3 3
-2619.1 553.1 -0.9 299 0 6.3 13.3 7.5 2.5 2 1 3 4 4
-2583.2 476.3 -4.0 338 0 12.9 19.9 10.0 2.5 2 1 4 3 3
-2806.7 745.3 2.2 269 0 7.2 7.2 2.5 2.5 2 1 1 4 4
-2724.5 736.9 0.1 336 0 10.0 11.1 7.5 2.5 2 1 3 4 4
-2677.9 653.9 0.4 329 0 8.3 6.9 5.0 2.5 2 0 2 3 3
-2687.6 720.9 0.4 158 0 8.7 9.0 7.5 2.5 2 1 3 4 4
-2670.9 698.1 0.3 150 0 10.2 8.4 5.0 0.0 0 0 2 4 4
-2653.6 669.0 -0.1 156 0 9.2 11.7 10.0 2.5 2 1 4 1 1
-2595.1 565.0 -1.3 153 0 8.3 9.4 5.0 2.5 2 1 2 3 3
-2569.2 538.6 -2.3 237 0 7.4 9.7 5.0 2.5 2 1 2 0 0
-2807.5 923.4 3.4 140 0 7.2 15.9 5.0 0.0 0 1 2 4 4
-2774.9 878.5 2.1 146 0 8.0 9.9 10.0 2.5 2 1 4 5 5
-2831.4 884.2 2.9 151 0 7.3 7.9 5.0 2.5 2 1 2 3 3
-2810.3 878.0 2.7 321 0 10.4 12.6 7.5 2.5 2 1 3 4 4
-2786.9 842.8 2.3 340 0 9.9 13.1 2.5 2.5 2 1 1 4 4
-2755.4 783.0 1.7 64 0 12.3 6.3 7.5 2.5 2 0 3 5 5
-2815.1 790.6 2.7 62 0 7.8 9.6 7.5 2.5 2 1 3 5 5
-2826.9 759.2 2.9 81 0 8.9 9.5 7.5 0.0 0 1 3 1 1
-2593.6 635.2 -1.2 78 0 6.7 8.5 5.0 2.5 4 1 2 5 5
-4407.2 1918.7 0.0 285 0 9.1 17.3 2.5 2.5 2 1 1 0 0
-4379.5 1838.7 2.1 31 0 11.4 8.0 5.0 2.5 4 0 2 1 1
-4391.0 1815.6 2.4 33 0 9.5 7.0 7.5 2.5 4 0 3 2 2
-3868.0 1686.3 6.4 299 0 11.2 9.2 5.0 2.5 2 0 2 0 0
-3901.5 1687.1 5.8 207 0 7.6 11.0 5.0 2.5 2 1 2 1 1
-3934.4 1708.0 5.2 116 0 8.5 8.1 7.5 2.5 2 0 3 0 0
-3970.8 1748.9 4.5 115 0 8.6 10.7 5.0 2.5 2 1 2 2 2
-4003.1 1736.2 4.2 116 0 10.5 9.0 7.5 2.5 2 0 3 4 4
-4017.1 1782.1 3.9 293 0 13.4 10.6 7.5 0.0 0 0 3 3 3
-4023.9 1751.4 3.9 120 0 12.1 6.1 7.5 2.5 2 0 3 1 1
-4089.8 1775.1 3.2 108 0 9.7 9.6 5.0 2.5 4 0 2 0 0
-4130.2 1795.1 2.7 119 0 8.2 9.1 7.5 2.5 2 1 3 0 0
-4131.0 1809.6 2.7 110 0 9.1 9.9 7.5 2.5 2 1 3 2 2
-4227.7 1854.8 1.7 117 0 12.2 7.9 10.0 2.5 2 0 4 2 2
-4257.9 1914.2 0.8 211 0 7.9 7.4 5.0 2.5 2 0 2 1 1
-4292.0 1881.1 1.0 104 0 8.0 10.6 2.5 2.5 2 1 1 2 2
-4321.9 1855.9 1.8 293 0 9.7 12.0 5.0 2.5 2 1 2 3 3
-4150.4 1778.3 2.4 337 0 6.1 8.4 5.0 2.5 2 1 2 1 1
-4258.1 1826.9 1.3 294 0 10.0 8.5 2.5 2.5 2 0 1 4 4
-4264.7 1767.7 1.2 121 0 10.5 9.0 7.5 2.5 2 0 3 3 3
-4228.0 1792.4 1.5 300 0 8.3 10.0 5.0 2.5 2 1 2 1 1
-4174.7 1779.7 2.2 286 0 10.2 8.5 7.5 2.5 2 0 3 1 1
-4131.8 1776.9 2.7 292 0 6.2 6.2 5.0 2.5 2 1 2 1 1
-4143.5 1735.5 2.6 116 0 9.3 7.9 7.5 2.5 4 0 3 0 0
-4102.9 1748.6 3.0 295 0 7.9 14.9 7.5 0.0 0 1 3 5 5
-4073.2 1723.2 3.3 293 0 9.9 9.1 5.0 2.5 2 0 2 1 1
-4003.4 1699.8 4.2 272 0 9.1 10.5 7.5 2.5 2 1 3 0 0
-3967.4 1677.9 4.6 297 0 9.7 7.5 5.0 2.5 2 0 2 5 5
-3842.8 1581.4 7.2 26 0 8.7 10.4 5.0 2.5 2 1 2 5 5
-3725.3 1535.3 8.6 31 0 8.0 9.8 7.5 2.5 2 1 3 1 1
-4240.5 1644.6 0.9 202 0 6.4 9.5 7.5 2.5 2 1 3 3 3
-4230.1 1327.8 3.6 195 0 6.6 6.2 7.5 2.5 2 0 3 5 5
-4248.2 1274.0 4.0 203 0 6.6 8.1 5.0 2.5 2 1 2 0 0
-4252.2 1261.7 4.0 201 0 9.1 9.8 7.5 2.5 2 1 3 5 5
-4262.1 1213.5 4.3 197 0 7.1 7.4 7.5 2.5 2 1 3 3 3
-4282.6 1155.9 2.8 200 0 8.7 9.4 10.0 2.5 2 1 4 2 2
-4286.0 1145.5 2.5 190 0 6.8 8.7 7.5 2.5 2 1 3 0 0
-4436.3 1680.8 0.2 286 0 7.1 7.4 7.5 2.5 4 1 3 5 5
-4421.8 1678.7 -0.2 290 0 8.8 8.9 10.0 2.5 2 1 4 0 0
-4388.7 1665.9 -0.4 295 0 8.0 9.3 10.0 0.0 0 1 4 5 5
-4356.6 1596.2 -0.5 14 0 6.7 6.6 7.5 2.5 2 0 3 4 4
-4360.4 1582.2 -0.6 17 0 8.6 8.3 7.5 2.5 2 0 3 0 0
-4317.0 1626.8 -0.1 195 0 6.3 7.0 10.0 2.5 2 1 4 3 3
-4334.6 1565.8 -0.5 197 0 9.5 8.6 5.0 2.5 2 0 2 4 4
-4242.9 1507.6 -0.2 109 0 6.6 6.1 5.0 2.5 4 0 2 1 1
-4222.0 1435.3 0.5 26 0 9.9 8.8 2.5 2.5 4 0 1 0 0
-4281.7 1415.8 0.4 115 0 9.3 10.2 2.5 2.5 2 1 1 1 1
-4291.5 1417.5 0.4 118 0 6.3 10.2 5.0 2.5 2 1 2 2 2
-4284.3 1500.7 -0.6 291 0 6.4 6.0 7.5 2.5 2 0 3 1 1
-4348.2 1523.0 -0.8 212 0 10.0 8.8 7.5 2.5 2 0 3 0 0
-4319.8 1427.4 0.3 102 0 9.1 8.3 2.5 2.5 2 0 1 1 1
-4364.4 1451.4 -0.1 116 0 6.9 6.7 7.5 2.5 2 0 3 0 0
-4363.2 1470.6 -0.4 207 0 8.9 8.7 2.5 2.5 2 0 1 0 0
-4367.2 1424.1 0.5 294 0 9.0 10.7 10.0 2.5 2 1 4 4 4
-4447.1 1338.4 0.5 301 0 6.0 8.7 7.5 2.5 4 1 3 3 3
-4419.3 1316.7 1.3 199 0 9.3 9.8 7.5 2.5 2 1 3 1 1
-4381.0 1306.3 2.1 291 0 8.0 8.8 10.0 2.5 2 1 4 1 1
-4362.4 1295.3 2.6 301 0 6.1 6.3 2.5 2.5 2 1 1 3 3
-4325.6 1275.7 3.4 296 0 6.5 6.0 7.5 2.5 2 0 3 5 5
-4298.6 1261.2 3.8 290 0 8.7 9.3 2.5 2.5 2 1 1 1 1
-4397.2 1225.7 2.4 108 0 6.1 7.4 5.0 2.5 2 1 2 5 5
-4386.3 1213.7 2.3 111 0 9.4 8.5 2.5 2.5 2 0 1 4 4
-4353.3 1204.5 2.4 114 0 6.8 6.5 10.0 2.5 2 0 4 5 5
-4344.9 1201.4 2.4 114 0 8.4 8.9 2.5 2.5 2 1 1 2 2
-4305.9 1187.1 2.5 25 0 8.8 10.4 2.5 2.5 2 1 1 3 3
-4379.2 1182.8 1.9 296 0 6.3 6.5 7.5 2.5 2 1 3 3 3
-4452.0 1966.3 -1.6 123 0 8.1 7.3 2.5 2.5 2 0 1 5 5
-4446.5 1956.2 -1.3 120 0 9.1 8.8 7.5 2.5 4 0 3 2 2
-4421.3 1947.2 -1.4 120 0 8.8 21.9 5.0 0.0 0 1 2 3 3
-4878.8 6076.2 8.3 322 0 8.1 10.7 2.5 2.5 2 1 1 5 5
-4845.8 5330.2 3.2 233 0 9.1 11.1 2.5 2.5 2 1 1 5 5
-4784.7 5280.0 4.5 58 0 6.3 7.5 7.5 2.5 2 1 3 0 0
-6149.2 6074.9 3.1 89 0 10.1 13.0 7.5 2.5 2 1 3 2 2
-4829.2 5817.9 7.2 86 0 6.2 8.2 7.5 2.5 2 1 3 0 0
-5315.6 5476.1 2.5 126 0 12.0 8.8 7.5 0.0 0 0 3 1 1
-6389.7 6118.3 3.6 137 0 10.2 8.7 2.5 2.5 2 0 1 0 0
-857.5 2166.1 -5.6 156 0 18.8 13.5 10.0 2.5 2 0 4 5 5
-837.1 2178.5 -5.9 261 0 18.1 19.4 10.0 2.5 2 1 4 0 0
-801.1 2176.2 -6.2 351 0 13.8 23.7 5.0 0.0 0 1 2 4 4
-1445.9 -5233.2 -6.1 120 0 8.3 12.1 7.5 2.5 4 1 3 1 1
-863.4 2144.2 -5.0 156 0 18.1 11.7 5.0 0.0 0 0 2 4 4
-1421.0 -5191.3 -6.0 218 0 14.6 10.5 10.0 2.5 2 0 4 1 1
-1428.0 -5116.9 -4.8 112 0 9.1 13.6 7.5 2.5 2 1 3 0 0
4757.3 -4468.3 -3.3 274 0 6.2 9.0 10.0 2.5 2 1 4 3 3
4672.0 -4579.2 -3.3 137 0 12.6 12.9 10.0 2.5 2 1 4 3 3
4617.0 -4517.9 -5.6 141 0 8.9 9.6 5.0 2.5 2 1 2 5 5
4615.9 -4591.9 -4.5 211 0 12.6 11.1 7.5 2.5 4 0 3 3 3
4687.1 -4614.7 -2.7 153 0 9.6 10.9 10.0 2.5 2 1 4 4 4
4781.8 -4697.2 -1.9 340 0 9.1 10.4 7.5 2.5 2 1 3 5 5
4819.5 -4788.9 -2.4 143 0 9.3 11.4 7.5 2.5 2 1 3 2 2
4232.6 -4867.9 -6.8 55 0 13.9 8.3 7.5 2.5 4 0 3 4 4
-4942.0 3525.5 -4.6 180 0 8.9 9.7 5.0 2.5 2 1 2 4 4
-4188.6 4715.4 -0.4 49 0 6.8 6.3 7.5 2.5 2 0 3 2 2
-4342.0 4686.0 1.8 194 0 11.0 9.7 2.5 2.5 2 0 1 5 5
-4269.3 4673.8 1.1 294 0 7.6 20.4 7.5 2.5 2 1 3 1 1
-4233.6 6510.6 10.1 23 0 11.2 21.0 2.5 2.5 2 1 1 3 3
-4941.7 3770.9 -2.5 117 0 7.8 11.1 5.0 2.5 2 1 2 1 1
-3861.6 6651.5 13.9 199 0 8.1 8.6 5.0 2.5 2 1 2 2 2
-3866.6 6620.6 14.1 174 0 10.0 8.3 5.0 2.5 2 0 2 0 0
-3887.8 6683.9 12.7 24 0 8.9 9.9 2.5 2.5 2 1 1 4 4
-3833.5 6715.0 13.3 21 0 16.1 10.8 2.5 2.5 2 0 1 3 3
-3895.6 6520.5 15.2 260 0 10.7 7.7 5.0 2.5 4 0 2 1 1
-3933.2 6542.8 14.6 76 0 11.3 9.3 5.0 2.5 2 0 2 5 5
