5485.9 -3339.5 -2.9 350 0 6.7 6.3 7.5 2.5 2 0 3 2 2
5682.4 -3329.5 -5.0 283 0 12.7 29.9 10.0 2.5 2 1 4 1 1
5742.4 -3353.8 -5.7 15 0 18.1 44.7 7.5 2.5 2 1 3 3 3
5732.8 -3257.9 -4.6 285 0 17.8 8.3 7.5 2.5 2 0 3 1 1
5698.6 -3210.1 -4.0 186 0 13.0 10.9 10.0 2.5 2 0 4 2 2
5703.7 -3163.1 -4.0 203 0 9.0 10.2 7.5 2.5 2 1 3 2 2
5668.8 -3113.5 -4.0 357 0 9.3 6.1 10.0 2.5 2 0 4 2 2
5713.6 -3118.9 -4.1 182 0 11.6 10.2 7.5 2.5 2 0 3 2 2
5605.5 -3138.2 -2.4 179 0 10.6 7.9 7.5 2.5 2 0 3 4 4
5617.0 -3107.4 -1.8 185 0 10.5 6.8 7.5 2.5 2 0 3 5 5
5573.3 -3170.0 -1.0 21 0 7.1 8.8 5.0 2.5 2 1 2 2 2
5578.8 -3122.7 -0.5 9 0 8.0 10.0 5.0 2.5 2 1 2 4 4
5592.6 -3054.4 -0.4 13 0 11.6 11.8 10.0 0.0 0 1 4 0 0
5621.0 -3049.5 -1.2 138 0 6.0 8.6 7.5 2.5 2 1 3 4 4
5669.3 -3065.0 -2.9 8 0 12.5 9.7 5.0 2.5 2 0 2 1 1
5631.2 -2982.3 -1.3 159 0 11.5 11.7 10.0 2.5 2 1 4 0 0
5697.5 -3034.4 -3.4 4 0 9.1 17.7 7.5 2.5 2 1 3 1 1
5697.5 -2985.1 -2.4 357 0 11.6 7.7 7.5 2.5 2 0 3 5 5
5772.0 -3416.6 -5.4 195 0 17.2 11.9 5.0 0.0 0 0 2 3 3
5799.2 -3392.4 -5.7 214 0 14.0 10.3 5.0 2.5 2 0 2 3 3
5833.5 -3369.3 -5.8 237 0 13.6 8.3 7.5 2.5 2 0 3 4 4
5786.4 -3351.2 -5.5 192 0 23.8 17.9 10.0 2.5 4 0 4 1 1
5792.3 -3370.0 -5.5 14 0 9.9 10.0 2.5 2.5 2 1 1 5 5
5831.6 -3170.4 -4.4 166 0 6.9 7.6 10.0 2.5 4 1 4 3 3
5817.8 -3102.9 -4.7 346 0 10.8 10.2 2.5 2.5 2 0 1 5 5
5795.4 -3054.1 -4.1 162 0 8.3 13.9 7.5 0.0 0 1 3 5 5
5786.4 -2980.8 -3.3 270 0 7.0 10.2 7.5 2.5 2 1 3 3 3
5858.5 -2987.9 -3.1 334 0 19.8 8.0 7.5 2.5 2 0 3 3 3
5766.5 -2890.5 -4.2 66 0 13.2 13.7 7.5 2.5 2 1 3 0 0
5695.6 -2908.7 -2.7 272 0 7.3 8.2 7.5 2.5 4 1 3 0 0
5678.7 -2868.5 -2.7 88 0 6.0 8.8 10.0 2.5 2 1 4 2 2
5735.6 -2736.9 -2.7 162 0 9.5 16.0 5.0 2.5 2 1 2 1 1
5631.2 -2701.9 -2.3 249 0 11.7 20.6 7.5 0.0 0 1 3 3 3
5592.2 -3010.6 -0.2 19 0 7.0 7.5 7.5 2.5 2 1 3 5 5
5574.9 -2972.5 -0.1 194 0 10.1 7.7 7.5 2.5 2 0 3 1 1
5581.9 -2827.3 -1.2 32 0 8.8 8.4 7.5 2.5 2 0 3 2 2
5508.8 -3043.9 1.2 96 0 7.0 9.6 5.0 2.5 2 1 2 5 5
5487.0 -3183.6 0.7 106 0 6.4 7.4 7.5 2.5 4 1 3 4 4
5880.2 -2695.1 -2.6 8 0 6.8 7.7 10.0 2.5 2 1 4 2 2
5939.8 -3074.8 -4.8 147 0 9.8 9.6 5.0 0.0 0 0 2 3 3
5963.3 -3396.8 -6.4 179 0 8.5 15.3 10.0 2.5 2 1 4 4 4
5946.9 -3361.4 -5.9 283 0 11.3 9.0 5.0 2.5 2 0 2 4 4
5999.8 -3264.9 -3.6 65 0 7.5 7.4 7.5 2.5 2 0 3 2 2
6010.9 -3131.3 -5.5 354 0 13.1 7.1 7.5 2.5 2 0 3 3 3
6068.4 -3031.0 -8.4 315 0 7.4 8.7 5.0 2.5 2 1 2 5 5
6247.7 -2529.0 -5.1 47 0 9.8 10.0 5.0 2.5 2 1 2 4 4
6248.3 -2489.5 -4.4 231 0 9.7 9.7 7.5 2.5 2 1 3 2 2
6211.5 -2412.8 -5.2 246 0 13.3 7.1 7.5 2.5 2 0 3 2 2
6285.4 -2468.1 -4.1 226 0 10.9 10.8 10.0 2.5 2 0 4 5 5
6391.3 -2421.2 -4.8 104 0 11.3 8.2 10.0 2.5 2 0 4 3 3
6409.2 -2505.3 -4.3 273 0 11.2 10.5 7.5 2.5 2 0 3 2 2
6480.1 -2586.2 -5.7 181 0 6.5 8.0 10.0 2.5 4 1 4 2 2
6513.1 -2469.6 -4.7 173 0 15.3 15.0 5.0 2.5 2 0 2 2 2
6523.3 -2416.3 -4.1 110 0 6.4 8.1 7.5 2.5 2 1 3 1 1
6467.9 -2413.0 -5.2 101 0 8.1 7.4 10.0 2.5 2 0 4 0 0
6484.0 -2353.7 -4.1 179 0 7.9 8.1 7.5 2.5 2 1 3 5 5
6558.5 -2361.9 -4.0 310 0 15.0 13.3 7.5 0.0 0 0 3 1 1
6532.8 -2298.5 -2.1 350 0 12.1 8.6 7.5 2.5 2 0 3 2 2
6397.8 -2328.8 -4.7 182 0 6.2 6.3 7.5 2.5 2 1 3 0 0
6365.8 -2244.9 -2.9 201 0 12.2 10.1 7.5 2.5 2 0 3 5 5
6618.1 -2268.1 -7.2 274 0 9.7 12.0 7.5 2.5 2 1 3 4 4
6286.1 -2201.5 0.1 306 0 10.3 9.5 5.0 2.5 2 0 2 5 5
6257.6 -2195.8 -2.2 163 0 16.4 14.1 5.0 2.5 4 0 2 1 1
6229.4 -2113.5 -0.5 358 0 13.0 8.8 2.5 2.5 2 0 1 1 1
6229.6 -2090.4 0.2 354 0 7.8 11.4 5.0 2.5 2 1 2 1 1
6272.1 -2083.1 0.5 269 0 6.1 7.2 2.5 2.5 2 1 1 5 5
6189.0 -2047.1 0.8 178 0 8.5 8.2 7.5 2.5 2 0 3 3 3
6203.0 -1948.5 1.4 5 0 8.1 7.9 7.5 2.5 2 0 3 2 2
6245.4 -1979.0 0.4 194 0 9.2 7.2 10.0 2.5 2 0 4 5 5
6262.0 -1957.5 -0.0 24 0 7.0 10.7 5.0 2.5 2 1 2 4 4
6200.0 -1883.5 1.5 110 0 8.8 8.4 10.0 0.0 0 0 4 4 4
6178.9 -1984.1 1.3 176 0 13.6 9.2 5.0 2.5 2 0 2 4 4
6268.6 -1842.5 0.1 206 0 12.4 9.9 7.5 2.5 2 0 3 2 2
6235.6 -1788.4 0.8 25 0 10.5 10.9 2.5 2.5 2 1 1 0 0
6261.3 -1759.1 0.3 17 0 15.7 10.5 5.0 0.0 0 0 2 1 1
6281.0 -1699.6 -0.1 25 0 12.8 14.9 7.5 2.5 2 1 3 2 2
6348.1 -1741.3 -1.2 71 0 16.7 9.5 7.5 2.5 2 0 3 1 1
6351.4 -1634.5 -0.9 198 0 12.4 17.7 7.5 2.5 2 1 3 2 2
6464.3 -1723.2 -0.6 9 0 11.0 14.0 5.0 2.5 2 1 2 1 1
6455.9 -1937.9 -5.7 175 0 10.8 9.6 7.5 2.5 2 0 3 2 2
6479.6 -1911.8 -4.9 279 0 8.8 15.8 5.0 2.5 2 1 2 0 0
6501.8 -1924.6 -4.9 275 0 7.7 9.6 7.5 2.5 2 1 3 5 5
6587.9 -1831.7 -0.4 100 0 15.6 13.9 5.0 2.5 2 0 2 4 4
6107.0 -1600.9 0.5 110 0 10.0 12.5 2.5 2.5 2 1 1 1 1
