-1424.6 -3561.6 5.0 74 0 7.9 32.1 7.5 2.5 2 0 3 4 4
-1445.7 -3534.0 5.5 251 0 8.5 19.8 7.5 2.5 2 0 3 5 5
1213.4 1716.2 -15.1 354 0 14.9 42.2 10.5 3.5 2 1 3 3 3
1219.4 1992.0 -14.6 326 0 7.9 20.3 10.5 3.5 2 0 3 2 2
1192.5 1954.8 -13.9 116 0 8.2 24.6 10.5 0.0 0 0 3 4 4
859.6 2162.2 -14.4 274 0 11.4 32.6 10.5 3.5 2 1 3 4 4
907.1 2115.6 -13.8 111 0 22.3 9.2 10.5 3.5 2 0 3 2 2
968.2 2125.7 -15.9 30 0 31.3 14.2 10.5 3.5 2 0 3 5 5
945.0 2167.6 -16.4 210 0 14.0 31.9 10.5 3.5 2 1 3 5 5
1122.0 2108.1 -16.2 312 0 8.0 13.5 10.5 3.5 2 0 3 5 5
1106.1 2154.7 -17.3 205 0 9.7 19.7 10.5 3.5 2 0 3 5 5
1082.7 2069.4 -15.6 132 0 7.9 23.3 10.5 3.5 2 0 3 3 3
1089.3 2053.1 -15.4 132 0 7.6 30.4 10.5 3.5 2 0 3 2 2
1083.2 2006.8 -12.3 137 0 12.1 21.2 10.5 3.5 2 0 3 0 0
1119.2 1977.5 -11.5 120 0 26.1 8.0 10.5 3.5 2 0 3 1 1
1149.0 2060.3 -15.2 304 0 19.2 8.9 10.5 3.5 2 0 3 1 1
1170.8 2047.2 -14.8 307 0 7.8 21.7 10.5 3.5 2 0 3 0 0
1095.4 2099.8 -16.0 221 0 11.8 31.5 10.5 3.5 2 0 3 1 1
1122.8 2066.8 -15.2 311 0 11.0 33.4 10.5 3.5 2 1 3 0 0
1111.5 1998.4 -12.9 119 0 9.3 32.8 10.5 3.5 2 1 3 0 0
1047.6 1957.9 -9.9 33 0 8.4 36.7 10.5 0.0 0 1 3 5 5
1177.7 1892.9 -10.6 315 0 8.0 25.4 10.5 0.0 0 1 3 1 1
1613.4 2032.8 -18.6 314 0 8.7 23.7 10.5 3.5 2 1 3 0 0
1616.4 1995.8 -19.0 138 0 13.1 26.7 10.5 3.5 2 1 3 1 1
1689.5 1852.4 -17.1 225 0 10.8 19.8 14.0 3.5 2 1 4 3 3
1755.4 1769.6 -17.7 344 0 14.0 16.8 14.0 3.5 2 1 4 5 5
1726.6 1729.8 -17.9 166 0 23.8 11.6 14.0 3.5 2 0 4 1 1
1876.6 1638.7 -16.4 45 0 12.3 20.2 5.0 2.5 2 1 2 5 5
1753.1 1563.8 -17.2 89 0 9.7 16.5 7.5 2.5 2 1 3 1 1
1795.8 1643.0 -17.3 259 0 22.0 17.4 7.5 2.5 2 0 3 3 3
1051.2 1782.6 -14.5 300 0 9.1 21.4 14.0 3.5 2 1 4 5 5
1679.7 2270.1 -20.4 74 0 17.1 25.4 10.5 0.0 0 1 3 4 4
1692.3 2278.3 -20.5 69 0 7.4 22.1 10.5 3.5 2 1 3 1 1
1711.9 2289.8 -20.8 65 0 7.7 17.5 10.5 3.5 2 1 3 0 0
2261.4 992.7 -7.7 15 0 13.7 11.2 5.0 2.5 2 0 2 2 2
2315.1 1019.3 -7.0 286 0 6.1 22.7 7.5 2.5 2 1 3 3 3
-1242.6 -1352.1 6.7 91 0 12.3 23.3 10.0 2.5 2 1 4 1 1
-6225.7 1694.5 -2.0 193 0 11.9 20.4 7.5 2.5 4 1 3 3 3
2049.7 2085.4 -18.5 258 0 9.0 12.1 10.5 3.5 2 1 3 3 3
2016.5 2144.6 -18.7 188 0 9.7 9.8 10.5 3.5 2 1 3 0 0
2049.9 2162.1 -19.0 1 0 10.4 11.0 10.5 3.5 4 1 3 0 0
2016.6 2212.9 -19.0 159 0 10.8 16.5 10.5 3.5 2 1 3 1 1
2021.1 2276.1 -19.1 349 0 9.8 27.0 10.5 3.5 2 1 3 1 1
2390.6 1172.4 -7.0 129 0 6.4 11.0 5.0 2.5 2 1 2 5 5
2395.1 1160.4 -7.0 136 0 7.9 8.3 7.5 2.5 2 1 3 5 5
2363.9 1194.7 -7.4 122 0 9.5 10.6 7.5 2.5 2 1 3 3 3
2243.3 1355.1 -11.0 311 0 13.3 9.6 7.5 2.5 4 0 3 3 3
2233.4 1316.2 -10.3 138 0 9.8 15.2 10.0 2.5 2 1 4 3 3
2281.9 1343.1 -10.5 317 0 12.9 8.3 5.0 2.5 2 0 2 0 0
2329.9 1308.0 -9.6 240 0 8.6 8.7 7.5 2.5 2 1 3 3 3
2291.3 1271.7 -9.3 57 0 11.4 8.3 5.0 2.5 2 0 2 4 4
2207.0 1280.4 -10.1 219 0 16.7 12.0 10.0 2.5 2 0 4 1 1
2186.2 1313.4 -10.5 47 0 8.2 6.4 5.0 2.5 4 0 2 1 1
2145.0 1342.6 -11.3 136 0 12.5 15.4 5.0 2.5 2 1 2 2 2
2216.0 1338.4 -11.0 138 0 10.9 14.8 5.0 2.5 2 1 2 4 4
2360.0 1634.7 -10.0 118 0 6.8 6.2 7.5 2.5 2 0 3 3 3
2325.7 1789.9 -14.1 307 0 8.0 10.2 7.5 2.5 2 1 3 0 0
2252.2 1674.7 -12.7 214 0 10.3 7.4 7.5 2.5 2 0 3 2 2
2262.8 1631.0 -11.9 35 0 10.3 8.5 7.5 2.5 2 0 3 0 0
1771.0 1849.7 -16.9 321 0 6.4 14.1 14.0 3.5 2 1 4 0 0
1797.2 1966.7 -18.0 199 0 6.4 6.9 10.5 3.5 2 1 3 5 5
1893.9 1839.9 -17.8 35 0 8.0 14.9 14.0 0.0 0 1 4 5 5
1844.2 1803.4 -17.4 47 0 8.8 10.3 14.0 3.5 2 1 4 3 3
1888.4 1801.8 -16.7 240 0 10.4 7.1 14.0 0.0 0 0 4 3 3
1925.4 1904.2 -18.7 304 0 13.0 8.6 14.0 3.5 2 0 4 3 3
1933.7 1808.2 -17.2 339 0 10.4 12.1 14.0 3.5 4 1 4 5 5
1974.4 1786.6 -17.2 310 0 16.8 12.0 14.0 3.5 2 0 4 4 4
2024.8 1716.6 -15.3 335 0 9.2 19.0 14.0 3.5 2 1 4 4 4
2082.9 1739.7 -13.6 119 0 12.2 12.4 14.0 3.5 2 1 4 5 5
2176.4 1882.4 -15.9 43 0 10.3 6.5 7.5 2.5 2 0 3 4 4
2218.6 1914.1 -16.2 20 0 10.0 17.7 10.0 2.5 2 1 4 2 2
2142.4 1923.3 -17.6 142 0 10.1 16.2 2.5 2.5 2 1 1 0 0
2126.1 1803.1 -14.8 327 0 9.1 13.8 14.0 3.5 2 1 4 3 3
2051.5 1856.8 -16.4 294 0 9.8 17.4 14.0 3.5 2 1 4 3 3
1998.7 1891.4 -17.2 217 0 8.2 10.0 14.0 3.5 2 1 4 3 3
1983.1 1813.2 -16.7 112 0 9.4 9.4 14.0 3.5 2 1 4 4 4
755.6 1727.8 -8.3 310 0 12.2 7.3 7.5 2.5 2 0 3 4 4
688.2 1740.5 -8.8 129 0 58.8 21.2 10.0 2.5 2 0 4 5 5
497.1 1692.4 -8.8 127 0 13.4 9.7 7.5 2.5 2 0 3 4 4
562.4 1615.9 -9.8 304 0 10.4 18.0 2.5 2.5 2 1 1 5 5
544.4 1540.1 -11.2 21 0 10.0 13.1 2.5 2.5 2 1 1 3 3
518.4 1509.2 -11.8 105 0 8.6 9.0 5.0 0.0 0 1 2 1 1
334.8 1543.7 -9.8 153 0 10.3 11.5 7.5 2.5 2 1 3 5 5
267.0 1677.4 -4.9 18 0 15.3 11.9 7.5 2.5 2 0 3 0 0
319.3 1774.4 -5.8 290 0 11.1 11.6 5.0 2.5 2 1 2 4 4
363.1 1886.8 -9.5 207 0 13.1 13.5 7.5 2.5 2 1 3 0 0
464.9 1832.0 -9.5 61 0 8.9 14.9 7.5 2.5 2 1 3 3 3
431.2 1885.5 -10.6 201 0 9.0 12.7 5.0 0.0 0 1 2 4 4
330.6 2073.2 -7.8 107 0 11.7 14.4 7.5 2.5 2 1 3 2 2
315.2 2157.2 -4.8 119 0 9.7 14.6 2.5 2.5 2 1 1 4 4
271.0 2369.6 -7.3 108 0 14.0 15.1 2.5 2.5 2 1 1 0 0
303.5 2361.9 -6.5 108 0 8.5 10.4 5.0 0.0 0 1 2 2 2
395.3 2259.6 -5.8 33 0 13.7 9.8 7.5 2.5 2 0 3 5 5
395.5 2378.7 -9.5 264 0 6.9 13.1 10.0 2.5 2 1 4 3 3
394.6 2327.7 -8.2 113 0 16.6 12.8 5.0 0.0 0 0 2 3 3
442.4 2310.7 -8.6 202 0 13.0 22.1 10.0 2.5 2 1 4 0 0
475.1 2239.7 -5.4 286 0 6.5 6.2 7.5 2.5 2 0 3 3 3
511.6 2183.5 -5.4 16 0 21.8 53.0 12.5 2.5 4 1 5 4 4
569.5 2132.5 -6.4 87 0 11.5 14.6 5.0 2.5 2 1 2 5 5
561.9 2183.0 -6.9 190 0 9.1 20.7 7.5 2.5 2 1 3 2 2
609.6 2197.2 -7.4 272 0 13.4 9.4 7.5 2.5 4 0 3 3 3
619.8 2170.6 -7.3 92 0 9.6 11.4 2.5 2.5 2 1 1 5 5
653.7 2164.8 -8.6 93 0 9.3 32.7 12.5 2.5 2 1 5 3 3
657.4 2224.0 -9.6 274 0 9.6 25.1 2.5 2.5 2 1 1 0 0
618.6 2333.5 -11.6 31 0 17.9 7.9 5.0 2.5 2 0 2 1 1
668.1 2531.0 -14.4 24 0 14.9 9.4 5.0 2.5 2 0 2 2 2
714.7 2582.5 -15.5 100 0 10.2 11.3 10.5 3.5 2 1 3 5 5
731.9 2650.3 -15.9 283 0 14.7 10.2 10.5 3.5 2 0 3 1 1
778.0 2607.6 -16.4 11 0 7.0 11.1 10.5 3.5 2 1 3 3 3
874.1 2336.0 -16.0 53 0 6.1 8.9 14.0 3.5 2 1 4 2 2
875.4 2429.2 -17.5 29 0 12.7 11.3 14.0 3.5 2 0 4 3 3
1125.2 2689.4 -19.6 60 0 8.5 8.3 7.5 0.0 0 0 3 1 1
1090.7 2762.4 -20.4 328 0 6.8 20.0 2.5 2.5 4 1 1 4 4
1043.5 2813.4 -18.1 240 0 19.6 9.1 5.0 2.5 2 0 2 1 1
938.6 2859.8 -15.9 235 0 15.5 7.6 10.0 2.5 2 0 4 4 4
941.7 2832.5 -15.7 145 0 15.4 12.3 7.5 2.5 2 0 3 5 5
973.9 2771.4 -15.8 137 0 10.3 14.4 5.0 2.5 2 1 2 2 2
995.4 2739.4 -15.8 52 0 15.1 14.7 7.5 2.5 2 0 3 4 4
913.8 2690.5 -15.5 326 0 8.0 8.2 10.5 3.5 2 1 3 5 5
835.2 2599.4 -18.2 124 0 10.9 8.6 10.5 3.5 2 0 3 5 5
868.2 2596.1 -18.9 126 0 11.3 7.7 10.5 3.5 2 0 3 3 3
876.9 2575.4 -19.1 123 0 7.5 11.5 10.5 3.5 2 1 3 1 1
895.1 2529.4 -19.1 123 0 9.1 14.6 10.5 3.5 2 1 3 2 2
929.0 2556.9 -19.9 35 0 6.2 6.4 10.5 3.5 4 1 3 5 5
1284.0 2308.4 -21.7 264 0 41.2 10.7 14.0 3.5 2 0 4 5 5
1308.0 2291.1 -21.7 332 0 9.5 19.0 14.0 3.5 2 1 4 3 3
1316.0 2277.2 -21.3 334 0 13.6 19.0 14.0 3.5 2 1 4 3 3
-223.7 161.0 -3.9 296 0 11.0 10.1 10.0 2.5 2 0 4 5 5
1324.7 2210.1 -19.7 37 0 6.0 14.0 14.0 3.5 2 1 4 5 5
1411.1 2205.9 -19.5 226 0 12.9 11.5 14.0 3.5 2 0 4 5 5
1442.8 2170.6 -19.2 42 0 16.3 21.1 14.0 3.5 2 1 4 2 2
1466.6 2168.6 -19.6 44 0 36.8 17.1 14.0 0.0 0 0 4 3 3
1549.2 2197.4 -19.9 68 0 10.1 26.1 14.0 0.0 0 1 4 1 1
1530.4 2149.0 -19.5 238 0 14.0 20.9 14.0 3.5 2 1 4 4 4
1377.6 2182.4 -19.0 220 0 26.3 32.3 14.0 0.0 0 1 4 1 1
1442.1 2123.2 -18.4 46 0 27.9 25.7 14.0 0.0 0 0 4 2 2
1422.8 2052.0 -18.1 151 0 11.6 15.1 14.0 3.5 4 1 4 5 5
1421.0 2144.4 -18.6 43 0 26.7 18.4 14.0 3.5 2 0 4 5 5
1452.1 2068.4 -18.0 138 0 7.4 26.2 14.0 3.5 4 1 4 0 0
1488.9 2089.3 -17.9 314 0 16.5 13.9 14.0 3.5 2 0 4 5 5
1521.2 2060.5 -17.9 311 0 6.2 14.8 14.0 3.5 4 1 4 3 3
1528.6 2027.6 -18.0 42 0 16.5 14.6 14.0 3.5 2 0 4 1 1
6737.9 6794.9 -22.4 61 0 13.6 8.4 7.5 2.5 4 0 3 1 1
6790.2 6773.1 -23.4 247 0 12.4 9.4 2.5 2.5 4 0 1 1 1
6830.7 6845.6 -21.0 58 0 10.4 13.4 7.5 2.5 2 1 3 1 1
6843.5 6810.9 -22.8 241 0 12.6 11.6 10.0 2.5 2 0 4 4 4
6871.5 6832.2 -22.4 241 0 14.4 11.2 5.0 2.5 2 0 2 3 3
6558.7 6756.3 -21.9 84 0 11.2 9.5 7.5 2.5 4 0 3 0 0
6619.3 6801.0 -20.6 270 0 7.3 12.5 10.0 0.0 0 1 4 3 3
6728.2 6710.0 -23.5 249 0 12.4 11.8 7.5 2.5 2 0 3 3 3
6668.7 6807.5 -21.1 257 0 19.3 13.1 7.5 2.5 2 0 3 2 2
6092.6 539.7 -16.8 301 0 15.3 11.0 5.0 2.5 2 0 2 1 1
6058.9 492.4 -15.8 46 0 9.9 15.1 5.0 2.5 4 1 2 1 1
6142.2 489.8 -17.8 131 0 17.5 12.2 5.0 2.5 2 0 2 4 4
6171.9 535.2 -17.8 303 0 10.2 15.2 2.5 2.5 2 1 1 0 0
6247.3 696.7 -18.7 25 0 15.8 13.7 5.0 2.5 4 0 2 0 0
6248.3 623.2 -16.1 297 0 11.2 10.2 5.0 2.5 2 0 2 2 2
6684.3 2059.5 -22.4 18 0 11.4 14.2 7.5 2.5 2 1 3 2 2
5510.4 900.5 -10.3 54 0 7.8 12.2 7.5 2.5 2 1 3 2 2
6379.2 1031.6 -16.2 283 0 7.7 7.0 10.0 2.5 4 0 4 5 5
5614.4 776.1 -9.8 91 0 15.1 10.5 5.0 2.5 2 0 2 1 1
5597.3 829.0 -8.7 280 0 17.0 10.4 7.5 2.5 2 0 3 1 1
5730.5 915.3 -10.9 120 0 7.8 13.9 5.0 2.5 2 1 2 4 4
5812.5 895.5 -13.5 11 0 15.7 10.9 10.0 2.5 2 0 4 0 0
5812.5 696.0 -11.8 115 0 10.6 7.7 7.5 2.5 4 0 3 0 0
5808.3 758.5 -11.6 297 0 7.2 13.1 7.5 2.5 2 1 3 2 2
5859.9 668.8 -12.1 114 0 11.8 6.2 10.0 2.5 2 0 4 3 3
5919.6 615.1 -12.9 54 0 12.1 15.8 7.5 0.0 0 1 3 0 0
5996.0 625.4 -14.3 289 0 10.5 11.9 5.0 0.0 0 1 2 4 4
5951.2 691.6 -12.4 300 0 13.2 12.3 5.0 0.0 0 0 2 1 1
6058.8 844.3 -13.8 29 0 13.4 12.1 2.5 2.5 2 0 1 0 0
6069.1 896.6 -14.3 210 0 11.4 12.2 7.5 2.5 2 1 3 4 4
6199.3 875.8 -15.4 320 0 10.9 10.0 2.5 2.5 2 0 1 1 1
3477.3 2958.4 -22.9 347 0 12.1 15.4 7.5 0.0 0 1 3 3 3
3301.6 3115.5 -22.9 261 0 19.0 11.2 5.0 2.5 2 0 2 2 2
3405.1 2883.1 -21.7 194 0 14.6 12.6 5.0 2.5 2 0 2 2 2
3424.0 2839.6 -21.3 5 0 11.0 14.5 7.5 2.5 4 1 3 2 2
3451.5 2880.1 -21.6 7 0 9.8 16.1 2.5 2.5 2 1 1 0 0
3462.1 2915.9 -22.0 83 0 14.2 10.3 5.0 2.5 2 0 2 4 4
3482.6 3006.6 -24.4 304 0 14.0 10.4 5.0 2.5 2 0 2 2 2
3445.5 3037.9 -24.7 53 0 6.3 10.3 5.0 2.5 2 1 2 1 1
3454.1 3044.8 -24.5 63 0 7.9 6.3 7.5 2.5 2 0 3 5 5
3452.1 3028.3 -25.0 243 0 9.2 11.7 5.0 2.5 2 1 2 4 4
3468.1 3026.2 -24.9 232 0 9.1 11.9 5.0 2.5 2 1 2 4 4
3447.9 3010.3 -24.5 210 0 8.3 16.7 5.0 2.5 2 1 2 5 5
3451.0 2978.8 -23.4 283 0 7.4 12.7 7.5 0.0 0 1 3 0 0
3399.4 2992.7 -23.6 249 0 11.4 7.8 5.0 2.5 2 0 2 5 5
3386.2 3014.2 -24.3 67 0 12.4 15.7 7.5 2.5 2 1 3 0 0
3354.6 2942.9 -22.3 103 0 13.0 24.0 7.5 2.5 2 1 3 3 3
3330.6 2997.5 -22.9 73 0 18.9 11.3 5.0 2.5 2 0 2 3 3
3285.9 2954.0 -21.5 260 0 18.8 11.2 7.5 2.5 2 0 3 0 0
3277.5 2993.5 -23.4 70 0 14.1 11.8 7.5 2.5 2 0 3 0 0
3264.1 2975.0 -22.7 79 0 8.1 9.3 7.5 2.5 2 1 3 4 4
3262.4 2863.2 -20.6 282 0 7.3 10.1 7.5 2.5 2 1 3 4 4
3237.1 3110.8 -25.0 166 0 8.6 11.4 2.5 2.5 2 1 1 0 0
3063.4 3102.7 -24.1 87 0 13.3 16.1 5.0 2.5 2 1 2 4 4
3153.4 3133.3 -25.9 351 0 14.2 12.5 2.5 0.0 0 0 1 0 0
3138.1 2890.3 -23.4 178 0 8.6 11.1 7.5 2.5 2 1 3 4 4
3210.8 2911.7 -21.4 357 0 16.8 17.0 7.5 2.5 2 1 3 0 0
3184.6 2939.9 -22.0 254 0 15.9 8.3 2.5 2.5 2 0 1 1 1
3185.0 2968.4 -23.5 83 0 20.4 14.3 10.0 2.5 4 0 4 5 5
3121.8 2949.9 -22.9 80 0 10.0 13.8 2.5 2.5 2 1 1 0 0
3129.0 2995.9 -23.6 348 0 13.3 14.7 7.5 2.5 2 1 3 1 1
3093.8 2966.1 -23.1 68 0 14.0 14.8 5.0 2.5 2 1 2 2 2
3052.0 2960.3 -22.0 78 0 10.1 12.8 5.0 2.5 2 1 2 1 1
3027.3 2912.6 -22.2 254 0 9.0 12.1 5.0 2.5 4 1 2 5 5
2983.3 2987.7 -21.0 251 0 16.4 15.2 2.5 2.5 2 0 1 2 2
2961.0 2949.3 -21.0 63 0 12.7 8.9 7.5 2.5 2 0 3 5 5
2917.3 2915.5 -20.9 60 0 11.6 11.2 5.0 2.5 2 0 2 3 3
3248.3 2092.9 -17.0 193 0 9.1 11.9 7.5 2.5 2 1 3 4 4
3237.7 2090.8 -17.0 182 0 11.2 9.4 5.0 2.5 2 0 2 3 3
3188.7 2088.8 -16.2 92 0 7.8 10.8 5.0 2.5 2 1 2 5 5
3197.3 2127.6 -16.0 12 0 14.8 12.4 2.5 0.0 0 0 1 0 0
3247.5 2171.6 -15.7 168 0 14.3 18.6 7.5 2.5 2 1 3 1 1
3172.1 2310.8 -17.4 170 0 9.9 13.3 5.0 2.5 2 1 2 5 5
3197.9 2257.2 -15.9 350 0 16.3 9.5 5.0 2.5 2 0 2 2 2
3188.3 2224.0 -15.4 2 0 13.3 9.1 2.5 0.0 0 0 1 2 2
3131.8 2253.5 -16.0 275 0 11.2 18.2 7.5 2.5 2 1 3 1 1
3078.0 2198.0 -16.0 82 0 15.3 12.2 7.5 0.0 0 0 3 0 0
3079.9 2237.2 -16.1 255 0 10.5 13.1 7.5 2.5 4 1 3 1 1
3336.5 2334.6 -21.4 257 0 12.5 8.5 10.0 2.5 2 0 4 3 3
3294.4 2335.8 -20.0 246 0 11.3 10.2 7.5 0.0 0 0 3 3 3
3266.7 2269.0 -17.5 349 0 16.2 12.9 5.0 0.0 0 0 2 0 0
3245.6 2319.8 -18.4 162 0 12.3 11.5 2.5 2.5 2 0 1 1 1
3246.5 2351.8 -19.5 181 0 10.3 10.4 7.5 2.5 2 1 3 3 3
3205.3 2343.7 -18.7 358 0 14.5 13.5 7.5 2.5 2 0 3 2 2
3178.1 2369.9 -19.5 173 0 9.3 8.1 7.5 2.5 4 0 3 2 2
3197.7 2385.9 -20.1 347 0 7.3 9.3 7.5 2.5 2 1 3 4 4
3241.4 2384.3 -20.7 185 0 13.3 11.2 7.5 2.5 2 0 3 1 1
3217.9 2436.3 -22.5 155 0 15.2 12.2 5.0 2.5 2 0 2 0 0
3202.1 2467.6 -23.3 156 0 11.2 14.3 7.5 2.5 2 1 3 2 2
3138.6 2461.9 -20.5 142 0 15.8 13.5 7.5 2.5 2 0 3 2 2
3123.9 2528.1 -21.4 321 0 11.6 14.0 7.5 2.5 2 1 3 5 5
3012.3 2699.8 -19.3 34 0 11.3 14.6 5.0 2.5 2 1 2 3 3
3078.1 2655.8 -19.7 111 0 9.8 15.9 5.0 2.5 2 1 2 2 2
3191.1 2701.9 -21.8 15 0 11.7 14.9 10.0 0.0 0 1 4 5 5
3124.5 2675.1 -20.6 290 0 18.1 14.7 7.5 2.5 4 0 3 5 5
2891.0 2715.1 -18.0 29 0 10.2 12.4 10.0 0.0 0 1 4 1 1
2956.5 2634.5 -17.6 254 0 13.1 11.6 7.5 2.5 2 0 3 1 1
2966.6 2713.5 -19.3 136 0 10.2 10.4 10.0 2.5 2 1 4 4 4
2948.1 2741.7 -19.7 118 0 11.3 12.2 2.5 2.5 2 1 1 3 3
2914.3 2783.3 -19.7 220 0 15.3 14.6 7.5 2.5 2 0 3 1 1
2845.2 2895.3 -20.4 80 0 14.9 10.5 5.0 2.5 2 0 2 1 1
2802.1 2882.3 -20.6 79 0 10.3 7.8 7.5 0.0 0 0 3 3 3
2786.6 2881.7 -20.9 58 0 10.9 13.9 5.0 2.5 2 1 2 3 3
2725.3 2831.6 -20.1 73 0 7.0 18.1 5.0 0.0 0 1 2 3 3
2736.3 2847.0 -20.3 68 0 14.6 15.6 5.0 2.5 2 1 2 3 3
2733.8 2742.9 -19.4 260 0 17.0 18.2 15.0 0.0 0 1 6 4 4
2806.3 2825.0 -19.5 139 0 13.8 18.1 7.5 2.5 2 1 3 5 5
2864.0 2550.7 -16.1 222 0 8.9 10.0 5.0 0.0 0 1 2 2 2
2854.6 2536.9 -16.1 218 0 11.6 11.1 7.5 2.5 2 0 3 0 0
2836.6 2516.1 -16.1 237 0 14.1 15.1 2.5 2.5 2 1 1 3 3
2816.5 2502.7 -15.9 245 0 11.9 11.1 10.0 2.5 2 0 4 1 1
2798.3 2538.0 -16.4 82 0 9.5 8.9 7.5 2.5 2 0 3 0 0
2758.3 2516.4 -16.8 334 0 13.2 14.3 5.0 2.5 4 1 2 5 5
2792.4 2492.4 -15.8 248 0 12.7 11.5 7.5 2.5 2 0 3 4 4
2804.8 2288.3 -13.4 336 0 10.0 11.9 5.0 2.5 2 1 2 0 0
2975.3 1957.1 -14.5 16 0 6.9 14.7 10.0 2.5 2 1 4 0 0
2773.4 1900.8 -13.2 282 0 11.7 8.7 7.5 2.5 2 0 3 2 2
3019.9 525.4 -15.8 334 0 6.1 11.4 7.5 2.5 2 1 3 2 2
2783.0 795.2 -14.9 137 0 13.3 11.5 5.0 2.5 2 0 2 3 3
2799.0 779.5 -15.3 40 0 8.7 13.8 7.5 0.0 0 1 3 1 1
2743.7 817.1 -14.0 137 0 15.4 13.7 10.0 2.5 2 0 4 3 3
2781.6 996.8 -11.1 321 0 12.3 12.9 2.5 2.5 2 1 1 0 0
2914.3 1095.1 -14.0 312 0 6.7 7.5 5.0 2.5 2 1 2 3 3
2922.7 1008.4 -13.1 308 0 12.6 18.3 2.5 2.5 4 1 1 0 0
3198.7 550.5 -12.4 1 0 15.1 13.9 5.0 2.5 2 0 2 5 5
3087.5 562.1 -15.2 155 0 11.4 12.9 5.0 2.5 2 1 2 5 5
3085.9 493.5 -14.1 228 0 13.4 11.6 5.0 2.5 2 0 2 1 1
3128.4 464.4 -12.8 315 0 16.8 14.8 7.5 2.5 2 0 3 4 4
3125.4 426.4 -12.7 142 0 12.8 20.5 12.5 2.5 2 1 5 0 0
3139.5 412.7 -12.4 142 0 10.8 15.8 7.5 2.5 2 1 3 5 5
3187.9 404.9 -11.9 317 0 20.0 11.6 5.0 2.5 2 0 2 5 5
3193.8 355.7 -11.4 143 0 14.2 11.9 7.5 2.5 2 0 3 5 5
3206.7 323.7 -10.7 139 0 9.7 10.4 2.5 2.5 2 1 1 4 4
3253.3 382.7 -11.5 231 0 11.6 10.1 10.0 2.5 2 0 4 2 2
3352.7 352.0 -10.9 131 0 14.5 9.4 2.5 2.5 2 0 1 3 3
3371.4 392.4 -11.8 287 0 7.4 10.7 5.0 2.5 2 1 2 3 3
3437.1 344.0 -10.8 290 0 8.9 12.6 7.5 2.5 4 1 3 5 5
3401.8 552.9 -13.3 91 0 14.5 9.1 7.5 2.5 4 0 3 5 5
3418.3 600.3 -13.5 8 0 11.4 9.9 2.5 2.5 2 0 1 4 4
3561.9 315.8 -10.1 281 0 13.0 12.0 5.0 2.5 2 0 2 2 2
3593.6 294.2 -9.8 14 0 7.3 14.8 2.5 0.0 0 1 1 5 5
3618.0 472.7 -16.7 349 0 8.1 13.9 7.5 2.5 2 1 3 5 5
3726.3 463.2 -15.3 16 0 7.7 11.9 5.0 2.5 2 1 2 2 2
2750.3 2861.8 -20.5 71 0 14.7 11.6 10.0 2.5 2 0 4 2 2
3035.2 1127.6 -16.6 28 0 9.6 14.2 5.0 2.5 2 1 2 0 0
4905.3 4893.3 -28.0 315 0 6.5 7.3 7.5 2.5 2 1 3 2 2
4735.5 4733.4 -29.1 222 0 8.8 10.3 7.5 2.5 2 1 3 4 4
4811.9 4798.4 -28.3 327 0 12.3 12.8 7.5 2.5 2 1 3 4 4
4858.8 4881.4 -28.2 231 0 19.6 15.2 7.5 2.5 2 0 3 1 1
4833.0 4698.3 -29.2 321 0 11.1 14.6 7.5 2.5 2 1 3 5 5
4953.1 4284.3 -25.8 119 0 8.7 11.6 7.5 2.5 4 1 3 3 3
4890.5 4320.5 -25.4 295 0 7.3 7.9 10.0 2.5 2 1 4 3 3
4670.7 4722.7 -29.2 25 0 6.9 8.6 7.5 2.5 2 1 3 5 5
4660.9 4744.0 -29.0 298 0 10.8 15.2 7.5 2.5 2 1 3 1 1
4648.1 4680.5 -29.1 36 0 14.2 11.1 7.5 2.5 2 0 3 4 4
4615.4 4675.8 -28.5 217 0 11.7 15.1 2.5 0.0 0 1 1 4 4
4593.3 4623.7 -28.2 213 0 10.0 9.9 5.0 0.0 0 0 2 4 4
4678.3 4592.9 -27.2 300 0 11.4 13.9 7.5 2.5 2 1 3 5 5
4642.1 4560.2 -26.9 215 0 11.7 11.3 2.5 0.0 0 0 1 3 3
4590.0 4556.5 -26.9 45 0 11.6 10.8 7.5 2.5 2 0 3 5 5
4524.3 4452.5 -24.9 34 0 16.3 13.4 2.5 2.5 2 0 1 2 2
4558.3 4389.8 -24.3 42 0 8.6 16.9 7.5 2.5 2 1 3 5 5
4577.8 4468.9 -26.4 221 0 10.9 8.1 10.0 2.5 2 0 4 3 3
4692.7 4344.1 -24.1 31 0 7.6 13.2 5.0 2.5 2 1 2 1 1
4670.5 4167.6 -24.5 236 0 11.9 14.5 7.5 2.5 2 1 3 2 2
4653.8 4117.9 -24.2 75 0 14.6 11.3 7.5 2.5 2 0 3 0 0
4362.1 4558.3 -26.4 105 0 6.8 8.9 5.0 2.5 2 1 2 0 0
4399.8 4536.8 -25.3 29 0 13.7 10.4 7.5 2.5 2 0 3 4 4
4371.8 4503.2 -24.8 237 0 13.4 20.8 15.0 0.0 0 1 6 2 2
4368.3 4426.4 -22.9 193 0 16.1 23.8 7.5 2.5 2 1 3 3 3
4435.7 4465.4 -23.5 300 0 9.6 16.4 7.5 2.5 2 1 3 5 5
4448.1 4433.9 -23.6 115 0 10.7 15.3 5.0 2.5 2 1 2 5 5
4499.2 4415.4 -23.9 22 0 12.9 14.2 7.5 2.5 2 1 3 5 5
4478.5 4390.7 -23.6 21 0 13.6 12.2 5.0 2.5 2 0 2 1 1
4459.9 4362.9 -23.4 35 0 8.5 20.0 5.0 2.5 2 1 2 4 4
4440.4 4330.7 -23.1 343 0 12.7 14.9 7.5 2.5 2 1 3 4 4
4501.1 4334.0 -23.2 222 0 11.7 11.3 10.0 0.0 0 0 4 2 2
4480.2 4304.6 -23.0 212 0 16.2 12.4 5.0 2.5 2 0 2 1 1
4448.3 4220.4 -22.8 233 0 9.3 9.9 2.5 2.5 2 1 1 0 0
4483.9 4232.8 -22.3 40 0 10.0 16.0 10.0 0.0 0 1 4 4 4
4456.5 3948.8 -24.1 43 0 6.4 8.2 5.0 0.0 0 1 2 4 4
4376.8 4105.9 -25.0 133 0 10.4 14.2 2.5 2.5 2 1 1 2 2
4404.7 4131.4 -25.0 43 0 16.5 11.7 10.0 2.5 2 0 4 4 4
4406.6 4177.4 -24.5 222 0 10.2 19.0 5.0 2.5 2 1 2 2 2
4416.4 4198.6 -24.1 216 0 15.2 14.1 7.5 2.5 2 0 3 5 5
4409.4 4278.8 -22.8 36 0 14.0 13.1 5.0 2.5 2 0 2 1 1
4385.0 4239.8 -22.7 43 0 12.6 8.5 2.5 2.5 2 0 1 0 0
4372.5 4207.8 -23.0 37 0 11.7 15.1 10.0 2.5 2 1 4 0 0
4291.2 4235.7 -23.6 138 0 24.6 22.8 10.0 2.5 2 0 4 4 4
4334.7 4219.6 -23.0 313 0 30.2 18.7 10.0 2.5 2 0 4 4 4
4336.2 4163.2 -23.6 49 0 17.9 14.4 10.0 2.5 2 0 4 2 2
4310.4 4122.5 -24.9 51 0 15.1 15.5 5.0 0.0 0 1 2 1 1
4308.4 4079.7 -25.8 36 0 6.0 16.3 7.5 2.5 2 1 3 2 2
4219.8 4051.8 -27.8 216 0 14.5 8.4 10.0 0.0 0 0 4 5 5
4192.0 3462.2 -21.4 216 0 8.1 11.7 5.0 2.5 2 1 2 3 3
4099.8 3666.1 -25.5 20 0 16.6 12.6 7.5 2.5 2 0 3 4 4
4098.7 3586.4 -23.9 140 0 16.5 11.7 10.0 2.5 2 0 4 0 0
4031.4 3461.4 -23.7 299 0 10.4 14.4 5.0 2.5 2 1 2 5 5
3643.7 3019.1 -25.3 149 0 6.8 10.5 5.0 2.5 2 1 2 0 0
3628.4 3064.8 -25.5 238 0 15.8 19.0 10.0 0.0 0 1 4 2 2
3583.7 3016.6 -24.2 359 0 13.6 14.0 2.5 2.5 2 1 1 2 2
3576.0 2999.1 -23.9 4 0 8.9 10.3 5.0 2.5 2 1 2 5 5
3594.2 2924.8 -26.0 2 0 31.6 11.3 7.5 2.5 2 0 3 4 4
3577.3 2949.2 -25.0 16 0 14.0 18.0 10.0 2.5 2 1 4 2 2
3505.1 3097.3 -23.0 20 0 16.2 14.2 7.5 2.5 2 0 3 0 0
3329.4 2858.4 -21.8 265 0 13.9 12.7 5.0 2.5 2 0 2 0 0
3395.7 3244.3 -23.6 252 0 13.1 11.3 7.5 2.5 2 0 3 5 5
3368.5 3197.8 -22.8 160 0 7.6 11.1 5.0 2.5 2 1 2 0 0
3424.1 3132.2 -22.6 335 0 6.2 10.9 7.5 2.5 4 1 3 3 3
3416.0 3092.1 -23.0 147 0 11.5 18.3 5.0 2.5 2 1 2 2 2
3518.3 -92.9 -10.2 85 0 6.5 14.6 2.5 2.5 2 1 1 4 4
3502.2 -65.9 -9.9 139 0 11.1 16.2 10.0 2.5 2 1 4 5 5
3487.6 -14.9 -9.4 117 0 7.9 10.3 5.0 0.0 0 1 2 0 0
3482.5 -45.8 -9.4 132 0 11.9 21.0 10.0 2.5 2 1 4 3 3
3469.5 -39.6 -9.1 130 0 12.1 10.7 5.0 2.5 4 0 2 2 2
3513.7 52.7 -9.9 316 0 10.4 12.3 5.0 2.5 2 1 2 1 1
3482.7 98.9 -9.5 322 0 12.2 11.7 7.5 2.5 4 0 3 5 5
3474.3 113.1 -9.1 308 0 10.5 11.1 5.0 2.5 2 1 2 4 4
3441.1 5.1 -9.2 146 0 14.2 18.0 7.5 2.5 2 1 3 4 4
3416.5 37.7 -9.7 140 0 9.2 21.2 5.0 2.5 4 1 2 5 5
3371.7 61.8 -11.0 142 0 15.7 14.8 10.0 2.5 2 0 4 5 5
3423.0 153.7 -9.2 316 0 17.8 12.7 7.5 2.5 2 0 3 5 5
3396.8 193.1 -9.2 231 0 21.2 17.6 10.0 0.0 0 0 4 4 4
3326.1 308.6 -8.7 225 0 10.3 12.0 10.0 2.5 2 1 4 4 4
3371.3 225.6 -8.8 40 0 9.7 17.5 2.5 2.5 2 1 1 1 1
3331.1 113.2 -10.9 66 0 12.3 10.2 7.5 2.5 2 0 3 2 2
3314.5 154.5 -10.6 318 0 11.5 22.0 12.5 2.5 2 1 5 2 2
3333.3 240.1 -7.9 46 0 13.5 17.1 5.0 2.5 2 1 2 2 2
3304.2 229.4 -8.3 48 0 9.0 10.4 5.0 2.5 4 1 2 5 5
3270.7 160.0 -9.6 131 0 17.2 10.6 2.5 2.5 2 0 1 5 5
3252.8 206.0 -8.8 160 0 13.5 20.5 12.5 2.5 2 1 5 4 4
3245.2 311.4 -10.0 321 0 11.7 12.3 7.5 2.5 2 1 3 5 5
3220.5 241.6 -9.4 226 0 21.2 15.3 10.0 2.5 2 0 4 1 1
3543.9 -86.7 -10.6 48 0 15.3 10.8 7.5 2.5 4 0 3 5 5
3137.7 -378.2 -3.2 97 0 6.6 12.0 7.5 2.5 2 1 3 3 3
3123.1 -322.8 -5.3 195 0 16.5 8.7 5.0 2.5 2 0 2 4 4
3496.9 342.2 -10.7 279 0 17.5 8.3 5.0 2.5 2 0 2 5 5
3734.1 4.7 -13.0 188 0 8.6 10.1 5.0 2.5 2 1 2 1 1
3680.9 76.2 -12.2 328 0 12.9 9.5 7.5 2.5 4 0 3 0 0
3599.9 193.8 -10.2 37 0 12.5 14.2 7.5 2.5 2 1 3 2 2
3570.5 153.5 -10.4 122 0 10.2 12.1 2.5 2.5 4 1 1 4 4
3556.3 224.9 -8.6 318 0 9.8 8.9 7.5 2.5 2 0 3 4 4
3644.9 -74.4 -12.8 318 0 6.1 15.3 5.0 2.5 2 1 2 1 1
3616.9 -95.0 -12.3 143 0 7.3 13.1 7.5 2.5 2 1 3 2 2
3575.6 -150.0 -12.6 231 0 16.6 12.7 7.5 2.5 2 0 3 3 3
3576.4 4.8 -10.5 353 0 10.2 14.3 7.5 2.5 2 1 3 0 0
3584.2 -36.1 -10.9 54 0 10.0 11.3 10.0 2.5 4 1 4 1 1
3541.3 24.0 -10.1 332 0 10.9 10.0 10.0 2.5 2 0 4 5 5
3481.3 263.9 -9.0 18 0 9.0 12.9 7.5 2.5 4 1 3 3 3
3423.2 270.7 -9.6 90 0 10.7 17.4 5.0 2.5 4 1 2 3 3
4649.1 -1314.2 -3.7 330 0 10.0 16.3 7.5 2.5 2 1 3 0 0
4650.2 -1238.8 -4.9 354 0 12.9 18.0 5.0 2.5 2 1 2 0 0
4645.5 -1209.1 -5.2 327 0 7.2 20.8 7.5 2.5 2 1 3 0 0
4627.0 -1203.8 -5.5 317 0 15.6 12.6 7.5 2.5 2 0 3 3 3
4620.8 -1279.9 -4.5 352 0 12.1 17.8 5.0 2.5 2 1 2 1 1
4594.9 -1361.9 -3.5 69 0 14.3 19.6 7.5 2.5 2 1 3 3 3
4572.0 -1310.9 -3.8 171 0 8.8 9.6 7.5 2.5 2 1 3 1 1
4551.4 -1408.2 -2.4 83 0 16.0 16.0 10.0 2.5 2 1 4 3 3
4497.7 -1360.2 -3.5 178 0 18.2 10.6 2.5 2.5 2 0 1 0 0
4484.7 -1315.5 -5.3 166 0 9.1 11.5 5.0 2.5 2 1 2 2 2
4527.4 -1296.8 -4.5 179 0 10.6 11.6 5.0 0.0 0 1 2 5 5
4577.1 -1245.4 -5.1 349 0 15.3 12.1 7.5 2.5 2 0 3 4 4
4595.2 -1177.3 -6.5 328 0 11.4 19.4 5.0 2.5 2 1 2 3 3
4575.2 -1141.0 -6.5 308 0 10.8 11.3 7.5 2.5 2 1 3 4 4
4562.9 -1124.6 -7.0 318 0 9.9 8.1 5.0 2.5 2 0 2 4 4
4450.7 -1303.7 -6.7 176 0 12.3 12.9 7.5 2.5 2 1 3 4 4
4462.9 -1237.7 -7.4 180 0 12.1 16.3 10.0 2.5 2 1 4 3 3
4472.1 -1201.8 -7.0 179 0 11.1 14.5 10.0 2.5 2 1 4 2 2
4457.4 -1185.0 -6.9 177 0 14.9 15.6 7.5 2.5 2 1 3 4 4
4486.3 -1141.6 -7.0 234 0 9.6 9.7 7.5 2.5 2 1 3 3 3
4504.3 -1126.6 -7.0 233 0 13.0 10.5 5.0 2.5 2 0 2 5 5
4518.9 -1089.6 -7.6 324 0 10.7 12.8 5.0 2.5 2 1 2 3 3
4430.8 -992.2 -10.2 54 0 7.3 8.6 7.5 2.5 2 1 3 3 3
4457.7 -1054.1 -8.8 158 0 13.6 13.3 7.5 2.5 2 0 3 5 5
4485.0 -966.0 -12.1 325 0 15.5 9.7 2.5 2.5 2 0 1 3 3
4365.8 -1046.6 -10.7 243 0 8.0 9.0 5.0 2.5 2 1 2 5 5
4410.2 -995.0 -10.6 55 0 10.6 12.8 7.5 2.5 2 1 3 3 3
4386.2 -979.6 -10.7 133 0 11.5 11.1 5.0 2.5 2 0 2 1 1
5163.2 -1238.0 -6.2 64 0 9.3 7.7 7.5 2.5 2 0 3 1 1
5105.2 -1246.0 -7.3 156 0 13.9 11.8 2.5 2.5 2 0 1 4 4
5095.5 -1190.8 -8.1 10 0 6.7 6.0 7.5 2.5 2 0 3 1 1
5066.3 -1182.6 -8.5 180 0 10.5 13.0 5.0 0.0 0 1 2 3 3
5186.5 -1166.6 -5.9 95 0 6.4 11.7 5.0 2.5 2 1 2 5 5
5283.4 -1245.7 -4.3 94 0 12.6 18.4 5.0 2.5 2 1 2 3 3
5291.6 -1172.4 -4.8 336 0 21.5 12.2 7.5 2.5 2 0 3 1 1
5245.9 -1125.3 -4.1 274 0 10.0 10.9 7.5 2.5 2 1 3 5 5
5244.3 -1158.5 -4.9 274 0 15.6 15.0 7.5 2.5 2 0 3 4 4
5253.1 -1228.4 -4.3 101 0 14.8 16.6 2.5 2.5 2 1 1 4 4
5230.3 -1225.2 -4.9 98 0 11.8 11.5 2.5 0.0 0 0 1 0 0
5203.7 -1323.7 -2.4 245 0 14.2 13.0 7.5 2.5 2 0 3 5 5
5208.3 -1434.1 -1.4 72 0 8.9 10.9 5.0 2.5 2 1 2 1 1
5219.2 -1964.8 -5.4 326 0 13.4 11.1 7.5 2.5 2 0 3 3 3
5619.5 -2546.8 -1.8 57 0 10.5 10.2 7.5 2.5 2 0 3 3 3
5635.8 -2497.3 -0.9 332 0 7.2 9.6 7.5 2.5 2 1 3 0 0
5619.9 -2429.9 -1.5 318 0 12.2 9.8 5.0 2.5 2 0 2 5 5
5544.0 -2340.0 -1.4 153 0 12.5 11.0 7.5 2.5 2 0 3 1 1
5478.8 -2172.0 -2.1 318 0 12.9 9.7 5.0 2.5 2 0 2 4 4
5464.4 -2071.0 -3.4 241 0 10.8 17.0 5.0 2.5 2 1 2 2 2
5417.3 -1909.2 -7.5 59 0 25.7 20.0 12.5 2.5 2 0 5 0 0
5371.5 -2048.0 -5.6 340 0 11.3 18.0 2.5 2.5 2 1 1 4 4
5398.1 -2129.2 -3.1 59 0 10.3 8.5 5.0 2.5 2 0 2 3 3
5400.5 -2085.7 -3.7 331 0 16.0 16.1 10.0 0.0 0 1 4 0 0
5331.3 -2156.6 -2.9 146 0 11.4 22.9 10.0 2.5 2 1 4 0 0
5295.4 -2079.7 -4.6 238 0 11.9 15.1 7.5 2.5 2 1 3 2 2
5137.2 -1816.8 -1.5 325 0 15.1 11.8 2.5 2.5 2 0 1 4 4
5169.0 -1872.4 -3.1 319 0 12.6 9.8 2.5 2.5 4 0 1 2 2
5201.3 -1918.9 -4.9 319 0 15.9 12.6 2.5 2.5 2 0 1 0 0
5260.3 -1863.8 -6.3 328 0 9.0 13.8 2.5 2.5 2 1 1 4 4
5225.4 -1843.1 -5.4 150 0 10.3 18.4 5.0 2.5 2 1 2 1 1
5199.8 -1801.2 -3.7 143 0 10.6 23.9 10.0 2.5 2 1 4 0 0
5185.0 -1594.5 -2.2 147 0 9.0 11.8 5.0 2.5 2 1 2 2 2
5170.8 -1487.7 -1.1 63 0 8.7 11.9 7.5 2.5 2 1 3 2 2
5167.0 -1422.8 -1.2 244 0 12.3 8.7 7.5 2.5 4 0 3 2 2
5157.9 -1453.2 -1.0 63 0 10.2 12.2 2.5 2.5 2 1 1 2 2
5130.4 -1389.2 -2.0 339 0 11.9 9.6 7.5 2.5 2 0 3 2 2
5094.5 -1350.2 -3.5 330 0 9.4 7.3 7.5 2.5 2 0 3 3 3
5032.0 -1370.8 -3.9 177 0 12.9 14.7 7.5 2.5 2 1 3 0 0
5139.0 -1529.3 -0.3 46 0 10.3 9.4 5.0 2.5 2 0 2 1 1
5026.8 -1527.9 -1.1 143 0 13.8 14.7 5.0 2.5 2 1 2 1 1
5046.9 -1550.6 -0.6 142 0 10.4 10.8 10.0 2.5 2 1 4 4 4
5098.3 -1659.7 0.4 66 0 8.4 6.1 2.5 2.5 2 0 1 3 3
5059.1 -1835.8 -1.2 33 0 11.2 11.1 7.5 2.5 2 0 3 0 0
5016.8 -1818.5 -1.2 150 0 10.0 12.0 7.5 2.5 2 1 3 2 2
5055.9 -1726.2 -0.5 324 0 8.2 12.0 5.0 2.5 2 1 2 2 2
5053.0 -1684.8 0.5 61 0 11.4 14.7 7.5 2.5 2 1 3 1 1
5041.4 -1645.4 0.8 242 0 9.6 12.2 2.5 2.5 2 1 1 1 1
4992.4 -1715.8 -0.6 148 0 12.8 9.2 5.0 0.0 0 0 2 5 5
5018.8 -1646.6 0.4 327 0 10.2 11.3 7.5 2.5 2 1 3 3 3
5001.0 -1622.8 0.2 322 0 12.7 9.2 5.0 2.5 2 0 2 0 0
4957.4 -1654.9 -0.4 151 0 8.6 9.9 7.5 0.0 0 1 3 0 0
4951.7 -1549.5 -0.5 206 0 13.2 10.6 5.0 2.5 2 0 2 4 4
4954.9 -1455.0 -2.7 142 0 14.5 13.2 5.0 2.5 2 0 2 2 2
4881.0 -1493.2 -2.1 137 0 11.9 11.1 2.5 2.5 4 0 1 0 0
4861.5 -1459.9 -2.2 131 0 17.6 12.6 10.0 2.5 2 0 4 0 0
4842.8 -1436.5 -1.8 142 0 12.6 9.6 7.5 2.5 2 0 3 3 3
4779.2 -1372.3 -1.4 129 0 11.6 11.2 7.5 2.5 2 0 3 3 3
4730.0 -1430.5 -1.6 137 0 11.4 11.4 7.5 2.5 2 0 3 4 4
4595.4 -1445.9 -2.5 167 0 7.9 13.9 7.5 2.5 2 1 3 2 2
4604.4 -1504.3 -3.2 179 0 13.4 12.9 10.0 2.5 2 0 4 4 4
4638.8 -1473.0 -2.1 78 0 11.7 17.1 2.5 2.5 2 1 1 3 3
4660.6 -1435.4 -2.2 354 0 16.3 14.3 2.5 0.0 0 0 1 2 2
4693.9 -1404.6 -2.0 77 0 12.2 6.9 5.0 2.5 2 0 2 3 3
4730.2 -1325.3 -2.0 132 0 13.9 9.5 5.0 2.5 2 0 2 3 3
4853.7 -1255.1 -3.7 335 0 8.9 14.9 2.5 2.5 2 1 1 5 5
4905.3 -1264.4 -4.7 2 0 8.6 14.8 7.5 2.5 4 1 3 4 4
4907.8 -1249.6 -5.2 9 0 10.3 7.0 2.5 2.5 2 0 1 1 1
4924.9 -1431.5 -2.6 150 0 11.5 12.7 7.5 2.5 2 1 3 1 1
4927.2 -1388.5 -3.2 327 0 15.1 12.0 2.5 2.5 2 0 1 4 4
4897.6 -1351.7 -2.3 321 0 12.3 10.1 5.0 0.0 0 0 2 5 5
4903.3 -1375.7 -2.1 329 0 12.0 19.1 10.0 2.5 2 1 4 3 3
4839.8 -1321.3 -1.6 329 0 17.6 11.5 5.0 2.5 2 0 2 3 3
4830.3 -1283.1 -2.7 65 0 12.5 17.8 7.5 2.5 2 1 3 5 5
4819.0 -1210.0 -4.3 246 0 15.2 13.4 5.0 2.5 2 0 2 3 3
4798.6 -1213.4 -4.3 261 0 11.3 12.4 5.0 2.5 2 1 2 1 1
4782.4 -1227.9 -3.9 234 0 13.6 12.2 7.5 2.5 2 0 3 5 5
4922.6 -1164.3 -7.6 280 0 12.5 11.5 2.5 2.5 2 0 1 2 2
4924.2 -1208.1 -6.4 310 0 9.4 26.8 10.0 2.5 2 1 4 0 0
4885.2 -1160.3 -7.0 260 0 13.3 11.4 2.5 2.5 4 0 1 4 4
4888.6 -1214.5 -5.7 6 0 11.2 9.7 10.0 2.5 2 0 4 5 5
4869.5 -1162.5 -6.5 265 0 10.8 11.9 10.0 2.5 4 1 4 4 4
4848.5 -1156.9 -6.3 276 0 13.4 13.3 5.0 2.5 2 0 2 3 3
4795.1 -1135.1 -8.3 243 0 11.0 8.9 2.5 2.5 2 0 1 3 3
4769.5 -1168.9 -6.6 246 0 11.9 10.2 5.0 2.5 2 0 2 1 1
4724.9 -1199.9 -5.7 246 0 12.1 9.2 7.5 2.5 2 0 3 3 3
4705.9 -1215.0 -5.3 217 0 12.2 9.4 7.5 2.5 2 0 3 2 2
4695.1 -1256.6 -3.6 229 0 14.4 8.4 7.5 2.5 2 0 3 4 4
4697.6 -1278.9 -2.7 211 0 11.5 17.7 10.0 2.5 2 1 4 0 0
4677.1 -1303.6 -2.7 230 0 15.5 12.0 5.0 0.0 0 0 2 5 5
4673.3 -1380.4 -2.6 74 0 14.1 17.0 7.5 2.5 4 1 3 3 3
5594.0 -981.3 -6.6 325 0 16.9 11.9 5.0 2.5 2 0 2 5 5
5643.2 -1045.5 -5.3 210 0 14.5 16.3 7.5 2.5 2 1 3 2 2
5742.4 -1022.4 -6.3 36 0 13.5 12.7 10.0 2.5 2 0 4 5 5
5730.8 -1110.8 -7.3 120 0 16.5 10.7 2.5 2.5 4 0 1 0 0
5710.2 -1072.2 -5.8 303 0 10.7 15.7 7.5 2.5 4 1 3 1 1
5680.8 -1101.6 -5.8 120 0 10.5 12.0 7.5 2.5 2 1 3 5 5
5631.5 -1080.9 -5.1 211 0 10.7 9.4 7.5 0.0 0 0 3 0 0
5520.5 -1035.7 -4.0 327 0 9.7 13.3 2.5 2.5 2 1 1 4 4
5557.4 -1092.7 -5.0 349 0 13.4 19.4 7.5 2.5 2 1 3 5 5
5517.5 -1124.1 -5.6 164 0 12.0 21.5 10.0 2.5 2 1 4 5 5
5467.9 -1181.8 -5.6 2 0 9.7 15.7 7.5 2.5 2 1 3 2 2
5458.3 -1245.4 -6.2 97 0 11.5 9.6 5.0 2.5 2 0 2 4 4
5441.4 -1165.3 -4.4 277 0 8.1 10.7 7.5 2.5 2 1 3 5 5
5391.5 -1186.3 -5.1 269 0 6.9 15.3 5.0 2.5 4 1 2 0 0
5405.9 -1183.5 -4.9 186 0 9.4 17.5 7.5 2.5 2 1 3 5 5
5420.4 -1233.3 -5.1 99 0 13.4 12.4 10.0 2.5 2 0 4 4 4
5371.6 -1178.6 -5.4 264 0 7.3 11.4 7.5 2.5 2 1 3 0 0
5362.0 -1237.6 -4.7 166 0 12.0 16.5 5.0 2.5 2 1 2 1 1
5444.0 -2756.0 -1.4 45 0 9.9 13.9 5.0 2.5 2 1 2 4 4
5433.6 -2696.0 -2.1 244 0 12.6 9.8 5.0 2.5 2 0 2 4 4
5442.7 -2635.9 -2.2 51 0 10.5 7.0 10.0 2.5 2 0 4 4 4
5410.5 -2666.1 -2.3 66 0 6.6 9.0 2.5 2.5 2 1 1 0 0
5412.0 -2605.5 -1.7 315 0 12.4 10.6 7.5 0.0 0 0 3 4 4
5376.7 -2535.8 -0.4 245 0 11.3 12.9 7.5 2.5 4 1 3 4 4
5308.3 -2534.7 0.3 52 0 10.8 12.5 7.5 2.5 2 1 3 1 1
5248.4 -2517.1 0.4 319 0 11.9 12.5 7.5 2.5 2 1 3 3 3
5254.6 -2573.0 -0.1 57 0 10.1 12.3 10.0 2.5 2 1 4 4 4
5139.3 -2642.6 1.1 49 0 14.6 7.9 7.5 2.5 2 0 3 0 0
5125.9 -2695.1 -0.8 247 0 13.8 10.2 10.0 2.5 2 0 4 0 0
5072.6 -2769.9 -3.0 56 0 6.4 17.7 7.5 2.5 2 1 3 5 5
5042.2 -2819.2 -3.2 224 0 13.9 15.2 5.0 2.5 2 1 2 4 4
5067.3 -2816.3 -3.0 231 0 20.5 12.0 5.0 2.5 2 0 2 1 1
5088.9 -2801.4 -2.7 240 0 13.2 11.4 5.0 2.5 2 0 2 0 0
5174.4 -2793.8 -2.1 148 0 10.1 7.9 7.5 2.5 2 0 3 2 2
5164.2 -2813.9 -2.6 326 0 13.9 8.2 10.0 2.5 2 0 4 1 1
5176.1 -2845.0 -3.5 240 0 10.8 15.9 10.0 0.0 0 1 4 1 1
5138.4 -2876.5 -3.6 199 0 6.7 8.9 7.5 2.5 2 1 3 5 5
5224.4 -2808.3 -2.7 236 0 17.1 13.3 7.5 2.5 2 0 3 4 4
5212.7 -2788.8 -2.1 63 0 10.5 16.8 5.0 0.0 0 1 2 3 3
5232.2 -2865.3 -3.6 73 0 14.2 7.7 7.5 2.5 2 0 3 0 0
5216.4 -2892.9 -4.3 44 0 12.3 10.7 2.5 2.5 2 0 1 4 4
5168.1 -2926.8 -5.0 47 0 12.2 20.3 5.0 2.5 2 1 2 4 4
5155.5 -2939.0 -5.1 48 0 11.0 10.9 7.5 2.5 2 0 3 2 2
5181.4 -2950.5 -5.6 237 0 18.4 11.3 5.0 2.5 2 0 2 3 3
5227.5 -2918.8 -5.0 238 0 13.1 9.4 10.0 2.5 2 0 4 4 4
5262.8 -2871.2 -3.8 55 0 12.5 9.7 5.0 2.5 2 0 2 0 0
5277.5 -2893.4 -4.6 232 0 10.1 14.6 7.5 2.5 2 1 3 3 3
5295.1 -2873.9 -4.1 228 0 11.9 11.6 7.5 2.5 4 0 3 0 0
5318.1 -2865.8 -4.3 245 0 11.4 14.6 10.0 2.5 2 1 4 2 2
5307.7 -2841.7 -3.8 60 0 9.5 12.6 7.5 2.5 4 1 3 3 3
5342.4 -2848.1 -4.0 243 0 14.2 16.2 10.0 2.5 4 1 4 1 1
5351.2 -2804.4 -2.9 51 0 6.6 12.6 5.0 2.5 2 1 2 3 3
5385.4 -2707.7 -1.5 241 0 11.6 19.6 5.0 2.5 2 1 2 0 0
5385.2 -2666.0 -2.1 65 0 11.3 8.6 2.5 2.5 2 0 1 4 4
5266.3 -2784.4 -2.9 238 0 10.0 14.8 5.0 2.5 2 1 2 2 2
5249.1 -2795.8 -2.7 231 0 13.4 12.7 2.5 2.5 2 0 1 3 3
5235.4 -2776.3 -2.2 64 0 9.4 14.4 7.5 2.5 2 1 3 2 2
5229.8 -2719.2 -1.6 228 0 11.2 11.6 10.0 2.5 2 1 4 0 0
5251.8 -2749.4 -2.1 54 0 10.3 9.3 7.5 2.5 2 0 3 0 0
5274.9 -2742.4 -2.2 62 0 15.7 9.7 5.0 2.5 2 0 2 0 0
5279.5 -2755.7 -2.5 59 0 9.0 10.8 7.5 2.5 2 1 3 4 4
5256.0 -2699.3 -1.7 254 0 10.6 11.1 10.0 2.5 2 1 4 1 1
5338.6 -2694.8 -1.4 52 0 15.0 9.3 7.5 0.0 0 0 3 2 2
5326.5 -2724.6 -1.7 62 0 13.7 10.0 5.0 2.5 2 0 2 1 1
5340.9 -2738.5 -2.0 245 0 11.3 8.3 2.5 0.0 0 0 1 1 1
5385.9 -2815.6 -3.0 243 0 15.8 9.8 10.0 2.5 2 0 4 2 2
5408.3 -2804.7 -2.6 243 0 9.9 21.4 5.0 2.5 4 1 2 0 0
5435.0 -2789.8 -1.9 242 0 11.8 11.0 7.5 2.5 2 0 3 1 1
5458.3 -2731.4 -2.0 76 0 11.8 15.1 10.0 2.5 2 1 4 2 2
5482.3 -2725.5 -2.1 57 0 6.5 11.2 7.5 2.5 2 1 3 3 3
5506.9 -2774.4 -1.3 62 0 9.2 8.6 7.5 2.5 2 0 3 5 5
5474.7 -2760.8 -1.3 236 0 12.5 19.9 7.5 2.5 4 1 3 1 1
5694.7 -2845.8 -4.2 53 0 7.0 6.2 7.5 2.5 2 0 3 0 0
5673.3 -2781.0 -5.9 141 0 9.4 15.4 2.5 2.5 2 1 1 4 4
5712.2 -2769.7 -7.1 43 0 11.7 19.5 7.5 2.5 4 1 3 2 2
5761.3 -2757.0 -6.3 243 0 7.6 12.2 10.0 2.5 2 1 4 1 1
5749.9 -2754.0 -6.6 53 0 23.1 53.2 12.5 2.5 2 1 5 0 0
5516.9 -2734.8 -1.8 244 0 13.1 9.9 7.5 2.5 2 0 3 5 5
5529.6 -2700.1 -2.8 65 0 12.9 15.6 5.0 2.5 2 1 2 0 0
5523.2 -2636.0 -3.2 246 0 6.7 16.8 2.5 2.5 2 1 1 2 2
5534.5 -2617.9 -3.1 241 0 10.8 21.8 7.5 2.5 2 1 3 3 3
5555.9 -2686.0 -3.6 60 0 8.5 17.2 7.5 2.5 2 1 3 0 0
5569.0 -2672.0 -4.1 59 0 10.7 18.0 2.5 2.5 2 1 1 2 2
5579.8 -2710.0 -3.7 242 0 11.2 8.0 5.0 2.5 2 0 2 1 1
5602.6 -2686.6 -4.7 238 0 9.6 13.2 5.0 2.5 2 1 2 3 3
5651.4 -2628.9 -4.1 60 0 15.7 15.3 7.5 2.5 2 0 3 2 2
5612.4 -2645.1 -4.6 63 0 10.1 17.8 7.5 0.0 0 1 3 2 2
5565.6 -2609.8 -2.8 235 0 16.6 12.9 2.5 2.5 2 0 1 3 3
5632.7 -2586.6 -3.1 320 0 11.5 9.9 2.5 2.5 2 0 1 0 0
5625.9 -2564.3 -2.2 319 0 12.9 17.6 7.5 2.5 4 1 3 0 0
5598.2 -2550.4 -1.9 55 0 9.9 14.0 7.5 2.5 2 1 3 1 1
6065.7 -3379.4 -9.7 53 0 8.7 8.8 10.0 2.5 2 1 4 1 1
5950.4 -3092.7 -6.8 256 0 8.4 14.8 5.0 0.0 0 1 2 4 4
6042.3 -3082.5 -7.9 94 0 6.4 7.3 7.5 2.5 2 1 3 4 4
6152.3 -3094.2 -10.2 86 0 16.4 17.5 10.0 2.5 2 1 4 1 1
6227.7 -3057.3 -9.7 252 0 10.2 6.6 7.5 2.5 2 0 3 3 3
6285.3 -2715.2 -10.0 163 0 8.5 12.3 7.5 2.5 2 1 3 4 4
6349.1 -2597.9 -9.2 355 0 7.0 11.5 2.5 2.5 2 1 1 4 4
6388.8 -2550.1 -8.7 89 0 8.7 30.7 10.0 2.5 2 1 4 3 3
6438.8 -2490.2 -9.4 250 0 11.4 11.2 7.5 2.5 2 0 3 0 0
6492.5 -2502.9 -10.7 67 0 11.5 14.4 7.5 2.5 4 1 3 2 2
6468.5 -2428.3 -9.3 68 0 11.1 11.6 7.5 2.5 2 1 3 0 0
6455.2 -2464.0 -9.2 62 0 11.3 9.2 7.5 2.5 2 0 3 2 2
6403.3 -2479.5 -8.6 75 0 11.0 13.9 7.5 2.5 2 1 3 3 3
6371.2 -2405.0 -8.4 323 0 9.3 6.1 5.0 2.5 2 0 2 4 4
6317.7 -2501.5 -8.8 273 0 13.2 9.7 7.5 2.5 2 0 3 3 3
6360.1 -2447.9 -8.1 66 0 7.0 10.4 10.0 2.5 2 1 4 0 0
6334.7 -2426.0 -7.8 73 0 6.5 9.0 2.5 2.5 2 1 1 3 3
6314.6 -2441.2 -7.6 69 0 8.7 11.4 5.0 2.5 2 1 2 0 0
6305.9 -2374.1 -7.7 186 0 10.7 9.9 7.5 0.0 0 0 3 3 3
6271.0 -2380.2 -7.0 195 0 9.3 6.4 10.0 2.5 2 0 4 5 5
6224.9 -2377.7 -6.1 184 0 11.1 8.7 7.5 2.5 2 0 3 1 1
6216.6 -2400.0 -6.4 185 0 10.2 9.7 7.5 2.5 2 0 3 0 0
6225.6 -2435.2 -7.3 184 0 8.4 7.6 7.5 2.5 2 0 3 2 2
6187.9 -2434.2 -6.2 9 0 7.7 13.5 5.0 2.5 2 1 2 4 4
6158.9 -2432.6 -5.9 5 0 8.6 11.2 5.0 2.5 2 1 2 4 4
6154.4 -2366.9 -4.9 282 0 7.2 14.5 7.5 2.5 2 1 3 5 5
6139.5 -2301.2 -4.3 327 0 10.4 6.9 5.0 2.5 2 0 2 0 0
6114.6 -2319.3 -4.6 317 0 10.9 7.6 7.5 0.0 0 0 3 1 1
6066.7 -2433.3 -6.1 178 0 9.6 10.8 7.5 0.0 0 1 3 4 4
6035.2 -2379.6 -5.4 170 0 8.5 7.6 5.0 2.5 2 0 2 5 5
6048.6 -2455.0 -6.3 278 0 8.9 9.3 7.5 2.5 2 1 3 1 1
6043.0 -2107.2 -6.1 346 0 10.3 10.9 5.0 2.5 2 1 2 2 2
6038.0 -2042.6 -5.3 176 0 7.1 8.2 7.5 0.0 0 1 3 4 4
6004.2 -2080.4 -5.2 335 0 8.0 9.9 5.0 2.5 2 1 2 3 3
5990.5 -2045.4 -3.9 336 0 11.6 11.7 7.5 2.5 2 1 3 3 3
5954.1 -2100.8 -4.9 236 0 11.3 13.8 5.0 2.5 2 1 2 0 0
6063.1 -2258.9 -4.3 239 0 8.7 12.2 7.5 2.5 2 1 3 5 5
6025.7 -2174.6 -5.9 155 0 13.9 10.3 7.5 0.0 0 0 3 4 4
6015.2 -2306.1 -5.1 192 0 8.7 9.3 5.0 2.5 2 1 2 1 1
6001.9 -2359.3 -5.4 190 0 8.3 10.3 7.5 2.5 2 1 3 1 1
5985.7 -2337.7 -5.4 10 0 10.4 12.1 10.0 2.5 2 1 4 2 2
5959.6 -2397.1 -5.2 220 0 9.6 9.0 7.5 2.5 2 0 3 4 4
5889.9 -2435.0 -4.0 143 0 11.8 9.8 5.0 2.5 2 0 2 1 1
5922.8 -2493.2 -4.2 85 0 6.8 9.2 5.0 2.5 2 1 2 1 1
5970.8 -2468.7 -4.8 349 0 9.9 8.5 10.0 2.5 2 0 4 4 4
5965.8 -2496.8 -5.0 341 0 14.1 8.4 7.5 0.0 0 0 3 3 3
5984.6 -2545.4 -5.3 355 0 9.5 11.6 5.0 2.5 2 1 2 4 4
6071.4 -2719.2 -7.6 169 0 7.1 8.4 7.5 2.5 2 1 3 3 3
6123.8 -2809.3 -9.9 142 0 11.4 10.3 5.0 2.5 2 0 2 0 0
6177.4 -2776.0 -9.9 58 0 8.0 11.1 7.5 2.5 2 1 3 0 0
6172.1 -2799.0 -9.9 61 0 7.9 9.2 7.5 2.5 2 1 3 3 3
6236.7 -2694.8 -9.2 51 0 8.3 9.1 7.5 2.5 2 1 3 4 4
6279.2 -2499.9 -8.9 270 0 12.2 9.9 10.0 2.5 2 0 4 2 2
6184.4 -2623.2 -8.4 260 0 8.0 10.7 7.5 2.5 2 1 3 5 5
6248.7 -2501.4 -8.8 271 0 11.6 11.7 5.0 0.0 0 1 2 1 1
6216.8 -2470.0 -8.0 181 0 15.1 16.6 7.5 2.5 2 1 3 0 0
6204.5 -2499.6 -8.3 270 0 10.3 13.7 2.5 2.5 2 1 1 0 0
6174.4 -2501.9 -7.7 259 0 8.7 10.4 7.5 2.5 2 1 3 3 3
6165.0 -2512.7 -7.8 270 0 10.6 8.8 5.0 2.5 2 0 2 2 2
6125.8 -2520.6 -7.9 269 0 13.5 6.1 7.5 2.5 2 0 3 4 4
6101.9 -2481.0 -6.9 79 0 12.9 7.2 2.5 2.5 4 0 1 2 2
6081.5 -2536.0 -5.6 248 0 8.3 9.7 7.5 2.5 2 1 3 5 5
6039.3 -2639.6 -6.1 144 0 8.2 10.2 7.5 2.5 2 1 3 3 3
5978.0 -2798.4 -8.3 158 0 7.6 13.1 2.5 2.5 4 1 1 2 2
5903.1 -2813.0 -7.2 350 0 12.8 8.9 2.5 2.5 2 0 1 5 5
6064.5 -2549.4 -5.2 259 0 8.7 7.8 2.5 2.5 2 0 1 1 1
6032.4 -2538.8 -5.7 65 0 10.7 14.5 7.5 2.5 2 1 3 4 4
6004.7 -2541.0 -5.5 158 0 8.4 13.5 7.5 2.5 4 1 3 4 4
6016.6 -2555.0 -5.2 62 0 11.7 8.0 5.0 2.5 2 0 2 2 2
6016.6 -2575.3 -5.0 225 0 8.9 11.4 2.5 2.5 2 1 1 0 0
6001.8 -2582.9 -5.1 230 0 6.0 9.0 5.0 2.5 4 1 2 1 1
5980.0 -2606.0 -5.7 238 0 13.9 15.8 7.5 2.5 4 1 3 5 5
5944.5 -2580.0 -4.9 58 0 15.3 11.1 2.5 2.5 2 0 1 4 4
5907.9 -2664.9 -5.9 228 0 11.7 7.9 7.5 2.5 4 0 3 4 4
5926.5 -2620.4 -5.5 54 0 10.2 11.7 5.0 2.5 2 1 2 0 0
5885.4 -2635.0 -5.2 57 0 7.8 13.7 2.5 2.5 2 1 1 2 2
5846.6 -2712.7 -5.8 243 0 6.2 9.6 7.5 0.0 0 1 3 0 0
5849.4 -2814.3 -6.6 146 0 9.8 10.6 7.5 2.5 2 1 3 3 3
5824.3 -2776.7 -6.1 151 0 10.9 13.9 7.5 0.0 0 1 3 5 5
5824.5 -2739.5 -5.8 250 0 9.9 9.2 7.5 2.5 2 0 3 0 0
5797.9 -2743.1 -5.8 235 0 12.5 20.8 7.5 2.5 2 1 3 1 1
5780.0 -2729.7 -5.5 50 0 14.2 13.5 7.5 2.5 2 0 3 5 5
5762.3 -2688.5 -4.5 316 0 15.9 13.0 5.0 2.5 2 0 2 4 4
5746.0 -2655.4 -3.7 329 0 9.3 14.0 5.0 2.5 2 1 2 2 2
5729.6 -2646.3 -3.4 235 0 12.6 9.3 2.5 2.5 4 0 1 3 3
5738.2 -2607.5 -3.1 242 0 14.3 19.2 10.0 2.5 2 1 4 1 1
5464.3 -2373.4 0.7 158 0 10.3 7.8 5.0 0.0 0 0 2 4 4
5501.4 -2389.6 -0.3 256 0 7.4 11.9 7.5 2.5 2 1 3 4 4
5521.4 -2422.8 -0.9 60 0 9.9 9.7 7.5 2.5 2 0 3 2 2
5285.8 -1933.5 -6.3 332 0 10.5 6.3 10.0 2.5 2 0 4 5 5
5279.9 -1900.5 -7.0 330 0 13.9 8.6 2.5 2.5 2 0 1 2 2
5503.7 -83.6 -9.7 296 0 9.9 13.2 5.0 2.5 2 1 2 5 5
5535.7 14.3 -10.7 13 0 12.2 11.3 7.5 2.5 2 0 3 2 2
5564.4 -41.5 -11.7 179 0 12.0 10.9 10.0 2.5 2 0 4 5 5
5614.0 -175.2 -12.6 321 0 14.0 10.2 2.5 2.5 2 0 1 3 3
5555.7 -126.3 -10.7 199 0 12.9 9.7 7.5 2.5 2 0 3 2 2
5569.3 -181.3 -11.0 137 0 11.1 11.2 7.5 2.5 2 1 3 1 1
5568.6 -222.7 -10.2 318 0 14.5 10.4 7.5 2.5 2 0 3 5 5
5534.2 -183.7 -9.0 6 0 10.8 11.7 7.5 2.5 2 1 3 2 2
5455.2 -244.9 -8.7 274 0 6.2 7.7 2.5 0.0 0 1 1 2 2
5429.4 -148.5 -8.5 203 0 6.7 9.2 7.5 2.5 2 1 3 1 1
5446.1 -111.5 -9.0 196 0 13.4 9.6 5.0 2.5 2 0 2 3 3
5934.4 172.8 -12.5 183 0 9.1 6.0 7.5 2.5 2 0 3 4 4
6093.1 87.7 -14.8 93 0 12.3 17.6 10.0 2.5 2 1 4 2 2
6049.4 84.0 -13.4 96 0 11.8 17.9 7.5 2.5 2 1 3 0 0
5991.7 182.5 -12.8 302 0 13.7 14.1 10.0 0.0 0 1 4 5 5
5970.9 87.6 -12.9 202 0 13.0 14.8 5.0 2.5 2 1 2 1 1
6024.9 15.7 -13.2 31 0 12.1 10.3 5.0 2.5 2 0 2 5 5
5987.1 14.7 -12.3 277 0 12.1 12.4 5.0 2.5 2 1 2 0 0
5963.2 -39.1 -14.0 201 0 18.3 10.1 7.5 2.5 2 0 3 4 4
6010.7 -382.8 -16.0 14 0 8.6 11.5 2.5 2.5 2 1 1 3 3
6023.0 -366.3 -16.0 20 0 24.7 8.6 7.5 2.5 2 0 3 0 0
6005.3 -348.1 -15.7 20 0 9.9 18.6 5.0 2.5 2 1 2 0 0
6002.9 -300.5 -15.6 275 0 18.0 11.7 5.0 2.5 2 0 2 5 5
6009.7 -232.3 -15.4 18 0 8.3 11.6 2.5 2.5 2 1 1 1 1
5989.0 -234.7 -15.3 10 0 13.4 16.7 5.0 2.5 4 1 2 3 3
5973.3 -162.1 -15.5 295 0 10.3 17.6 7.5 0.0 0 1 3 4 4
5916.4 -189.5 -15.3 209 0 12.5 17.9 7.5 2.5 2 1 3 5 5
5905.8 -318.8 -13.5 192 0 13.3 10.8 5.0 2.5 2 0 2 5 5
5896.8 -230.3 -14.3 247 0 7.2 15.7 2.5 2.5 2 1 1 3 3
5848.5 -197.5 -14.0 205 0 15.7 13.0 5.0 2.5 2 0 2 3 3
5860.1 -280.7 -13.0 106 0 9.3 14.6 7.5 2.5 2 1 3 4 4
5845.1 -256.4 -13.1 110 0 13.3 13.4 7.5 2.5 2 1 3 0 0
5689.9 -312.9 -10.7 187 0 12.2 16.0 7.5 2.5 2 1 3 5 5
5662.8 -254.7 -11.8 106 0 9.1 12.2 10.0 2.5 2 1 4 5 5
5622.8 -237.3 -12.4 115 0 15.6 12.4 7.5 2.5 2 0 3 0 0
5592.1 -258.5 -11.1 303 0 14.0 10.8 7.5 2.5 2 0 3 4 4
5564.6 -325.0 -11.2 301 0 12.3 10.6 7.5 2.5 2 0 3 0 0
5708.6 -421.1 -9.5 104 0 11.7 10.4 5.0 2.5 2 0 2 5 5
5765.0 -447.7 -8.1 116 0 12.7 7.2 7.5 2.5 2 0 3 3 3
5817.4 -347.5 -10.6 288 0 11.6 7.3 7.5 2.5 2 0 3 5 5
5856.8 -378.7 -13.6 264 0 12.1 8.5 5.0 2.5 2 0 2 0 0
5838.4 -448.7 -11.1 102 0 6.4 9.2 5.0 2.5 2 1 2 2 2
5866.2 -423.0 -13.9 15 0 12.1 11.5 5.0 2.5 2 0 2 3 3
5855.1 -480.5 -12.4 273 0 10.4 15.1 5.0 2.5 2 1 2 4 4
5874.8 -518.3 -11.5 12 0 13.2 11.5 7.5 2.5 2 0 3 2 2
5865.6 -552.3 -9.3 12 0 12.5 9.3 10.0 2.5 2 0 4 3 3
5844.7 -582.2 -12.3 15 0 11.8 12.0 7.5 2.5 2 1 3 1 1
5810.0 -571.9 -9.6 274 0 9.4 7.8 7.5 2.5 2 0 3 5 5
5598.4 -429.5 -9.8 203 0 13.4 9.2 10.0 2.5 2 0 4 0 0
5700.5 -453.1 -9.1 288 0 11.5 12.7 5.0 0.0 0 1 2 0 0
5663.7 -616.9 -8.8 26 0 13.1 12.6 7.5 2.5 2 0 3 3 3
5627.8 -711.2 -10.6 344 0 13.5 15.9 7.5 2.5 2 1 3 2 2
5608.8 -635.6 -8.3 136 0 13.7 11.4 7.5 2.5 2 0 3 1 1
5702.5 -533.6 -8.2 198 0 14.6 10.8 7.5 2.5 2 0 3 3 3
5702.7 -574.0 -8.5 16 0 14.6 10.4 7.5 2.5 2 0 3 0 0
5786.4 -871.2 -8.9 219 0 10.4 9.6 10.0 2.5 2 0 4 1 1
5833.0 -884.6 -9.8 296 0 11.6 11.4 5.0 2.5 4 0 2 5 5
5823.1 -924.2 -8.8 23 0 14.2 15.1 5.0 2.5 4 1 2 0 0
5791.6 -977.8 -7.9 26 0 14.5 14.1 10.0 2.5 2 0 4 2 2
5703.9 -955.7 -6.4 147 0 12.6 13.4 7.5 2.5 4 1 3 5 5
5689.3 -986.7 -5.9 103 0 7.5 7.8 5.0 2.5 4 1 2 5 5
5721.4 -870.1 -9.5 268 0 14.6 16.0 2.5 2.5 2 1 1 2 2
4168.6 -4115.4 -0.5 150 0 11.0 12.1 7.5 2.5 2 1 3 1 1
4178.2 -4016.3 -1.6 216 0 9.6 18.5 5.0 2.5 2 1 2 0 0
3742.7 -3735.5 -1.5 62 0 15.1 16.4 10.0 2.5 2 1 4 4 4
3778.6 -3699.8 -0.9 39 0 10.4 12.3 5.0 2.5 2 1 2 5 5
3816.9 -3720.9 -1.2 240 0 9.7 14.9 7.5 2.5 2 1 3 2 2
3833.7 -3675.2 -0.4 58 0 13.8 16.2 7.5 2.5 2 1 3 5 5
3854.9 -3644.9 0.4 46 0 7.9 14.9 10.0 2.5 2 1 4 1 1
3859.6 -3592.6 0.4 219 0 11.2 11.0 5.0 2.5 2 0 2 1 1
3881.8 -3626.4 0.8 46 0 17.6 9.6 2.5 2.5 2 0 1 3 3
3902.5 -3613.9 1.3 94 0 10.8 15.5 7.5 2.5 2 1 3 2 2
3952.5 -3551.0 1.7 62 0 12.9 15.2 5.0 2.5 2 1 2 0 0
3981.3 -3576.2 1.2 260 0 13.8 16.5 7.5 2.5 2 1 3 2 2
4018.6 -3500.0 0.8 62 0 14.2 11.2 7.5 2.5 4 0 3 3 3
4051.4 -3541.5 -0.4 293 0 12.8 10.5 5.0 2.5 2 0 2 5 5
4997.3 -3369.6 0.2 81 0 12.3 9.3 7.5 2.5 2 0 3 5 5
4310.0 -3477.4 0.6 343 0 9.6 16.7 2.5 2.5 4 1 1 4 4
4515.2 -3504.9 1.5 269 0 9.7 9.0 7.5 2.5 2 0 3 1 1
4730.8 -3478.4 3.1 250 0 9.1 11.2 7.5 2.5 2 1 3 0 0
4818.8 -3298.7 -0.7 3 0 12.9 16.9 7.5 2.5 2 1 3 1 1
4861.6 -3340.2 -0.7 271 0 10.0 8.9 7.5 2.5 2 0 3 5 5
4887.2 -3387.1 -0.4 167 0 11.1 15.2 5.0 2.5 2 1 2 3 3
4963.4 -3394.5 0.4 60 0 9.0 10.3 7.5 2.5 2 1 3 0 0
5001.9 -3329.4 -0.5 321 0 11.5 6.3 7.5 2.5 2 0 3 2 2
5115.2 -3333.7 -3.6 74 0 10.4 6.9 5.0 2.5 2 0 2 4 4
5078.3 -3315.2 -3.4 174 0 8.2 10.2 7.5 2.5 2 1 3 4 4
5043.9 -3408.8 0.4 345 0 6.1 13.6 5.0 2.5 2 1 2 3 3
5195.7 -3317.1 -5.0 215 0 17.1 12.8 5.0 2.5 2 0 2 1 1
5662.2 -2649.1 -4.6 239 0 8.9 12.0 7.5 2.5 2 1 3 4 4
6567.0 -2747.2 -10.7 244 0 7.7 8.8 7.5 2.5 2 1 3 1 1
6274.4 -2261.7 -6.6 314 0 7.0 12.9 5.0 0.0 0 1 2 5 5
6189.7 -2376.1 -5.0 3 0 6.7 8.7 5.0 2.5 2 1 2 5 5
5981.5 -2011.2 -2.8 336 0 13.9 11.9 7.5 2.5 2 0 3 4 4
5919.5 -1891.6 -3.6 262 0 9.9 9.5 2.5 2.5 2 0 1 5 5
5946.0 -1984.2 -1.1 252 0 11.4 10.3 5.0 2.5 2 0 2 5 5
6213.3 -2249.2 -3.8 142 0 16.0 8.1 7.5 2.5 2 0 3 4 4
6158.4 -2278.0 -3.0 154 0 13.5 13.1 7.5 2.5 2 0 3 4 4
6440.5 -2071.9 -10.5 341 0 10.9 7.4 10.0 2.5 2 0 4 1 1
6197.5 -2055.4 -5.7 166 0 7.4 11.2 5.0 2.5 2 1 2 0 0
6200.1 -2142.1 -4.2 57 0 10.5 12.9 7.5 2.5 2 1 3 4 4
6104.5 -2226.7 -3.8 235 0 7.6 12.9 2.5 2.5 2 1 1 1 1
6125.9 -2190.2 -3.5 52 0 10.1 14.1 2.5 2.5 2 1 1 5 5
6165.0 -2169.6 -2.8 56 0 7.5 6.9 7.5 2.5 2 0 3 0 0
6240.2 -2140.6 -4.9 250 0 8.2 15.7 5.0 2.5 2 1 2 1 1
6308.1 -2153.0 -7.0 151 0 10.5 9.5 5.0 2.5 2 0 2 2 2
6288.4 -2169.0 -6.5 333 0 8.6 10.6 7.5 2.5 2 1 3 4 4
6334.6 -2243.1 -7.6 331 0 9.2 10.9 7.5 0.0 0 1 3 1 1
6355.6 -2277.0 -8.2 322 0 12.6 10.6 2.5 2.5 2 0 1 4 4
6386.5 -2342.2 -8.9 342 0 14.6 6.6 7.5 2.5 2 0 3 5 5
6302.5 -2527.4 -9.3 264 0 9.7 9.2 2.5 2.5 2 0 1 2 2
6394.5 -2612.7 -10.5 260 0 10.4 12.0 5.0 0.0 0 1 2 1 1
6424.0 -2666.5 -10.1 328 0 9.9 8.7 7.5 2.5 2 0 3 5 5
6443.4 -2712.1 -9.7 159 0 12.0 10.9 7.5 2.5 2 0 3 0 0
6439.6 -2366.6 -9.5 251 0 7.2 10.6 2.5 2.5 2 1 1 5 5
6508.8 -2323.9 -9.4 337 0 9.3 12.3 10.0 2.5 2 1 4 5 5
6533.6 -2417.0 -9.5 67 0 7.1 7.7 7.5 2.5 2 1 3 4 4
6547.1 -2448.4 -10.9 243 0 12.2 14.7 7.5 2.5 2 1 3 4 4
6550.8 -2360.7 -9.6 246 0 12.6 14.1 2.5 2.5 4 1 1 2 2
6593.5 -2363.6 -9.9 83 0 15.8 11.7 2.5 2.5 2 0 1 5 5
6603.0 -2256.1 -11.5 166 0 10.6 15.7 7.5 2.5 2 1 3 4 4
6606.2 -2098.0 -10.6 158 0 6.7 12.4 7.5 2.5 2 1 3 3 3
6839.0 -2227.3 -10.8 64 0 7.4 7.5 5.0 2.5 2 1 2 0 0
6706.7 -2078.1 -8.5 323 0 9.9 10.3 5.0 2.5 2 1 2 3 3
6705.6 -2037.9 -7.5 335 0 8.6 9.4 5.0 2.5 2 1 2 5 5
6668.1 -1987.7 -6.8 241 0 7.9 8.9 7.5 2.5 2 1 3 5 5
6634.8 -2033.2 -7.9 169 0 6.0 6.8 5.0 2.5 2 1 2 5 5
6653.4 -2092.7 -9.7 62 0 11.2 15.9 2.5 0.0 0 1 1 0 0
6719.3 -2113.1 -9.0 59 0 12.1 11.0 10.0 2.5 2 0 4 2 2
6752.1 -2105.7 -8.1 72 0 15.5 13.8 5.0 2.5 4 0 2 3 3
6797.2 -2122.9 -7.4 234 0 9.3 7.6 5.0 2.5 2 0 2 3 3
6907.9 -2035.5 -11.8 340 0 11.9 10.9 5.0 2.5 2 0 2 2 2
6872.4 -2132.2 -8.9 74 0 9.9 9.4 7.5 2.5 2 0 3 0 0
6891.9 -2093.8 -9.3 334 0 9.6 13.3 7.5 2.5 2 1 3 5 5
4806.1 -2901.0 -2.0 73 0 7.1 10.8 2.5 2.5 2 1 1 4 4
4786.9 -2794.6 -2.6 63 0 6.2 13.2 2.5 2.5 2 1 1 3 3
4682.0 -2798.0 1.1 338 0 6.9 7.8 7.5 2.5 2 1 3 3 3
4654.7 -2857.0 1.0 276 0 6.1 10.9 7.5 2.5 4 1 3 2 2
4628.9 -2854.4 1.1 268 0 9.1 9.3 2.5 2.5 2 1 1 4 4
4504.0 -2788.9 2.9 88 0 8.4 6.5 7.5 2.5 2 0 3 0 0
4452.7 -2770.8 4.1 106 0 8.7 6.0 7.5 2.5 2 0 3 5 5
4471.1 -2812.3 3.5 296 0 6.7 6.8 10.0 2.5 2 1 4 1 1
4403.9 -2804.9 4.7 261 0 7.3 7.0 5.0 2.5 2 0 2 0 0
4417.7 -4342.1 -0.4 253 0 13.4 12.2 7.5 0.0 0 0 3 2 2
4379.2 -4364.8 0.2 350 0 7.4 10.7 10.0 0.0 0 1 4 3 3
4023.0 -4143.6 0.1 74 0 11.8 12.6 7.5 2.5 2 1 3 4 4
3705.5 -4335.9 0.2 238 0 15.5 10.9 10.0 2.5 4 0 4 3 3
3734.5 -4323.8 0.2 244 0 11.8 18.1 7.5 2.5 2 1 3 2 2
3781.4 -4323.0 1.1 254 0 13.6 11.1 2.5 2.5 2 0 1 0 0
3818.6 -4292.0 2.0 258 0 9.6 12.3 2.5 2.5 2 1 1 3 3
3865.6 -4281.9 2.7 272 0 10.1 8.6 2.5 2.5 2 0 1 1 1
3926.3 -4200.5 -0.8 347 0 11.7 13.1 7.5 2.5 2 1 3 2 2
4239.2 -3989.7 -2.5 254 0 8.4 14.1 10.0 2.5 4 1 4 0 0
4270.0 -4014.6 -2.6 328 0 16.0 6.4 10.0 2.5 4 0 4 4 4
4258.3 -4037.7 -2.4 146 0 17.0 9.0 10.0 2.5 2 0 4 0 0
4326.5 -4079.1 -2.6 337 0 9.9 13.3 7.5 2.5 2 1 3 5 5
4377.8 -4184.6 -2.1 346 0 12.2 11.0 10.0 2.5 2 0 4 1 1
4348.7 -4146.4 -2.2 342 0 16.1 8.4 10.0 2.5 2 0 4 5 5
4322.9 -4238.4 -1.0 75 0 10.8 15.1 7.5 2.5 2 1 3 3 3
4298.1 -4207.9 -1.0 153 0 11.6 10.4 7.5 2.5 2 0 3 0 0
4201.6 -4220.7 0.4 337 0 11.9 12.2 7.5 0.0 0 1 3 1 1
4123.1 -4202.1 1.0 253 0 6.9 13.1 5.0 2.5 2 1 2 1 1
4004.6 -4207.4 0.2 359 0 10.2 10.3 7.5 2.5 2 1 3 1 1
4026.1 -4264.0 0.5 349 0 7.4 10.9 2.5 2.5 2 1 1 2 2
3955.0 -4288.3 2.0 181 0 12.9 11.2 7.5 2.5 2 0 3 2 2
3950.9 -4222.9 -0.1 174 0 10.2 10.5 7.5 2.5 2 1 3 0 0
3951.8 -4128.1 -1.5 61 0 10.5 12.1 7.5 2.5 2 1 3 5 5
3976.8 -4060.4 -1.4 247 0 15.0 7.3 7.5 2.5 2 0 3 5 5
4025.3 -4007.1 -1.7 155 0 11.1 10.4 5.0 2.5 2 0 2 0 0
4120.8 -4008.3 -1.0 289 0 14.4 10.8 10.0 2.5 2 0 4 0 0
4124.4 -4095.3 -0.1 346 0 18.0 11.9 7.5 2.5 2 0 3 3 3
6864.2 -3911.0 -6.0 324 0 13.6 12.2 5.0 2.5 2 0 2 3 3
6872.7 -3949.9 -5.7 147 0 12.8 9.2 5.0 2.5 4 0 2 0 0
6802.5 -4057.5 -5.7 168 0 9.8 16.1 2.5 2.5 2 1 1 4 4
6905.9 -4232.6 -5.6 48 0 7.6 13.0 7.5 2.5 2 1 3 5 5
6880.1 -4176.0 -5.5 318 0 12.4 11.0 5.0 0.0 0 0 2 2 2
6843.3 -4234.7 -4.9 35 0 8.5 15.5 5.0 2.5 2 1 2 2 2
6782.0 -4261.7 -4.5 237 0 21.1 13.4 10.0 2.5 2 0 4 1 1
6709.2 -4289.8 -3.2 245 0 15.5 13.5 7.5 2.5 2 0 3 0 0
6689.9 -4151.6 -3.0 271 0 13.8 24.7 7.5 2.5 2 1 3 3 3
6640.4 -4449.9 -3.9 330 0 13.3 22.1 10.0 2.5 2 1 4 1 1
6640.0 -4495.1 -4.7 237 0 17.6 12.1 7.5 2.5 2 0 3 2 2
6688.4 -4437.3 -4.1 237 0 19.1 15.8 10.0 2.5 2 0 4 0 0
6661.2 -4421.7 -3.7 62 0 14.6 14.8 5.0 2.5 2 1 2 2 2
6640.4 -4360.5 -3.1 239 0 11.6 13.7 2.5 2.5 2 1 1 4 4
6634.9 -4323.1 -2.5 150 0 13.0 10.0 7.5 2.5 2 0 3 1 1
6437.0 -4197.1 -4.3 256 0 13.3 7.9 7.5 2.5 2 0 3 0 0
6433.3 -4238.8 -3.4 157 0 11.4 13.4 7.5 2.5 4 1 3 4 4
6484.1 -4470.7 -4.5 210 0 12.5 16.4 2.5 2.5 2 1 1 4 4
6561.1 -4508.1 -4.4 307 0 13.7 16.9 5.0 2.5 2 1 2 3 3
6553.7 -4432.7 -2.9 145 0 18.0 14.9 10.0 2.5 2 0 4 0 0
6581.3 -4398.5 -2.8 244 0 12.1 11.0 7.5 2.5 2 0 3 5 5
6574.0 -4368.9 -2.4 241 0 8.4 10.8 7.5 2.5 2 1 3 3 3
6590.8 -4200.5 -2.9 52 0 14.7 14.2 5.0 2.5 2 0 2 4 4
6576.1 -4110.7 -3.9 91 0 13.5 16.7 5.0 2.5 4 1 2 0 0
6604.9 -4042.4 -5.4 338 0 11.8 9.5 5.0 2.5 2 0 2 0 0
6542.5 -4297.2 -1.8 154 0 11.8 13.5 7.5 2.5 2 1 3 0 0
6530.6 -4272.0 -2.2 157 0 8.7 13.4 2.5 0.0 0 1 1 0 0
6539.5 -4243.1 -2.7 331 0 12.6 16.4 10.0 2.5 2 1 4 3 3
6546.6 -4217.2 -3.2 335 0 11.4 24.3 10.0 2.5 2 1 4 2 2
6505.1 -4193.5 -4.0 241 0 13.2 19.6 7.5 0.0 0 1 3 5 5
6480.9 -4139.6 -5.3 169 0 15.1 10.0 10.0 2.5 2 0 4 0 0
6502.3 -4096.7 -5.6 353 0 17.0 14.8 10.0 2.5 2 0 4 1 1
6505.5 -4053.6 -5.7 270 0 8.4 9.0 7.5 2.5 4 1 3 0 0
6591.7 -4008.9 -7.2 331 0 13.9 10.2 5.0 2.5 2 0 2 3 3
6578.2 -3977.2 -8.0 341 0 13.9 12.5 7.5 2.5 2 0 3 0 0
6544.1 -3944.8 -7.9 314 0 12.1 23.0 7.5 2.5 2 1 3 2 2
6524.1 -3974.1 -7.6 51 0 13.0 34.6 10.0 2.5 4 1 4 4 4
6477.2 -4006.2 -6.4 138 0 12.9 9.5 2.5 2.5 2 0 1 5 5
6461.2 -3971.6 -7.1 238 0 16.6 14.1 7.5 2.5 2 0 3 3 3
6472.8 -3888.6 -8.2 147 0 12.3 15.0 7.5 2.5 2 1 3 0 0
6516.2 -3841.2 -8.9 37 0 8.7 13.0 5.0 2.5 2 1 2 0 0
6387.6 -3902.0 -6.3 255 0 6.8 9.0 2.5 2.5 2 1 1 5 5
6362.7 -3775.9 -7.1 328 0 6.8 13.3 2.5 2.5 2 1 1 0 0
6337.3 -3755.5 -8.1 61 0 13.6 10.8 7.5 2.5 2 0 3 4 4
6317.0 -3735.5 -8.5 241 0 13.5 19.1 5.0 2.5 2 1 2 0 0
6304.9 -3615.1 -10.9 331 0 9.7 8.9 5.0 2.5 2 0 2 2 2
6349.4 -3662.4 -9.8 241 0 7.7 6.3 7.5 2.5 2 0 3 3 3
6851.2 -3486.3 -10.5 332 0 10.7 10.7 7.5 2.5 2 0 3 3 3
6322.0 -3671.7 -9.9 151 0 6.7 10.0 5.0 2.5 2 1 2 0 0
6338.1 -3691.6 -9.6 151 0 31.5 6.8 5.0 2.5 2 0 2 4 4
6421.4 -3705.3 -10.3 61 0 8.5 34.4 12.5 2.5 2 1 5 3 3
6405.1 -3666.4 -10.5 334 0 8.6 15.0 5.0 2.5 2 1 2 1 1
6389.9 -3662.5 -10.3 331 0 8.8 26.7 7.5 2.5 4 1 3 4 4
6369.8 -3717.1 -9.8 61 0 9.7 31.4 12.5 0.0 0 1 5 5 5
6398.7 -3709.7 -9.7 62 0 8.1 28.8 2.5 2.5 2 1 1 4 4
6437.2 -3741.1 -9.2 244 0 10.7 7.8 7.5 2.5 2 0 3 0 0
6625.5 -3682.7 -10.8 263 0 13.0 9.4 7.5 2.5 2 0 3 3 3
6662.3 -3645.0 -10.5 63 0 15.4 10.4 7.5 2.5 2 0 3 3 3
6698.4 -3651.6 -9.0 67 0 8.9 15.1 7.5 2.5 2 1 3 3 3
6687.9 -3619.2 -9.5 248 0 14.2 11.7 5.0 2.5 2 0 2 3 3
6705.4 -3769.5 -8.8 325 0 7.0 9.3 5.0 2.5 4 1 2 4 4
6788.2 -3912.6 -5.8 333 0 12.5 11.7 2.5 2.5 2 0 1 4 4
6760.5 -3881.6 -6.6 339 0 14.1 18.5 7.5 2.5 2 1 3 0 0
6733.8 -3736.0 -7.8 250 0 13.5 13.0 5.0 0.0 0 0 2 2 2
6751.6 -3657.4 -7.1 233 0 19.3 9.0 5.0 2.5 2 0 2 5 5
6771.9 -3529.7 -8.9 244 0 11.9 8.8 7.5 2.5 2 0 3 5 5
6735.8 -3537.9 -10.0 159 0 13.4 10.5 5.0 2.5 2 0 2 0 0
6726.7 -3623.4 -8.8 47 0 9.9 10.1 10.0 2.5 2 1 4 3 3
6767.7 -3593.9 -8.5 40 0 11.8 9.7 7.5 2.5 2 0 3 4 4
6780.5 -3618.2 -7.5 228 0 6.4 14.1 7.5 2.5 2 1 3 2 2
6820.8 -3533.1 -8.5 49 0 13.1 12.5 2.5 2.5 2 0 1 4 4
6838.5 -3503.3 -9.9 47 0 12.5 8.1 10.0 2.5 2 0 4 1 1
6872.5 -3560.2 -7.6 48 0 8.3 13.5 10.0 2.5 2 1 4 0 0
6889.2 -3545.4 -8.7 56 0 13.0 15.9 10.0 0.0 0 1 4 0 0
6684.6 -2643.9 -12.0 78 0 7.3 6.9 2.5 2.5 2 0 1 0 0
6715.1 -2750.0 -12.5 75 0 9.7 7.9 7.5 2.5 2 0 3 4 4
6880.9 -2732.4 -13.7 62 0 12.7 10.2 7.5 2.5 2 0 3 5 5
4090.4 -2993.4 2.3 295 0 11.0 14.3 7.5 2.5 4 1 3 0 0
4492.9 -6777.7 5.9 71 0 12.4 15.0 5.0 2.5 2 1 2 4 4
4505.4 -6741.0 5.9 239 0 6.7 12.0 2.5 2.5 2 1 1 1 1
4402.0 -6804.8 5.4 85 0 13.4 14.8 5.0 2.5 2 1 2 4 4
4435.5 -6774.7 5.7 257 0 14.8 14.7 2.5 2.5 2 0 1 1 1
4321.8 -6810.4 4.6 256 0 17.4 9.7 5.0 2.5 2 0 2 5 5
4336.2 -6768.3 3.9 78 0 11.1 8.7 7.5 2.5 2 0 3 4 4
4366.4 -6787.1 4.5 271 0 11.6 17.3 5.0 2.5 2 1 2 2 2
4242.6 -6816.1 3.8 64 0 12.6 9.6 7.5 2.5 2 0 3 2 2
3700.2 -6861.6 8.9 98 0 9.3 16.4 10.0 2.5 2 1 4 3 3
3723.7 -6879.4 8.2 98 0 10.2 20.9 10.0 2.5 2 1 4 3 3
6560.9 -4539.2 -4.3 35 0 16.2 10.5 2.5 2.5 2 0 1 5 5
6521.5 -4529.6 -4.7 43 0 15.0 14.6 5.0 0.0 0 0 2 4 4
6508.1 -4567.2 -5.0 42 0 10.6 20.6 5.0 2.5 2 1 2 3 3
6571.5 -4964.2 -4.0 257 0 12.4 16.8 5.0 0.0 0 1 2 1 1
6611.5 -5036.8 -1.8 338 0 14.5 15.2 7.5 2.5 2 1 3 1 1
3453.9 -6870.4 10.1 104 0 16.0 12.6 2.5 2.5 2 0 1 1 1
6475.0 -5071.4 -3.0 107 0 13.0 13.2 5.0 2.5 2 1 2 0 0
6663.2 -4534.4 -5.4 41 0 10.5 10.6 7.5 2.5 4 1 3 0 0
6601.1 -4565.5 -4.3 36 0 12.2 8.6 7.5 2.5 2 0 3 1 1
6389.2 -4740.9 -4.0 198 0 11.2 18.1 7.5 2.5 2 1 3 2 2
6356.9 -4828.9 -3.9 93 0 15.4 18.3 10.0 2.5 2 1 4 4 4
6481.2 -4733.3 -4.4 125 0 18.6 12.7 7.5 2.5 2 0 3 3 3
6516.5 -4706.4 -4.9 37 0 13.0 15.0 5.0 2.5 4 1 2 4 4
6523.6 -4810.2 -4.9 25 0 10.6 17.1 2.5 2.5 4 1 1 5 5
6470.3 -4831.9 -5.2 214 0 8.9 12.1 7.5 2.5 2 1 3 2 2
6530.2 -5071.8 -2.4 67 0 9.1 10.9 7.5 2.5 2 1 3 2 2
6564.5 -5046.1 -0.7 84 0 9.5 10.1 7.5 2.5 2 1 3 4 4
6507.5 -4955.5 -3.2 281 0 7.3 13.6 7.5 2.5 2 1 3 4 4
6455.8 -4953.4 -2.8 210 0 12.6 12.5 7.5 2.5 2 0 3 1 1
6462.4 -5040.1 0.2 163 0 9.9 13.5 2.5 0.0 0 1 1 1 1
6297.3 -4960.9 -0.4 230 0 9.2 16.6 2.5 2.5 2 1 1 3 3
6260.7 -4926.4 -1.4 308 0 14.8 16.0 7.5 2.5 2 1 3 2 2
6229.2 -5069.9 1.0 95 0 7.8 7.7 7.5 2.5 4 0 3 4 4
6262.7 -5238.2 -0.6 19 0 14.6 9.8 7.5 2.5 2 0 3 2 2
6214.3 -5162.8 0.3 7 0 10.1 12.0 2.5 2.5 2 1 1 2 2
6197.2 -5154.8 0.3 274 0 6.6 11.5 2.5 2.5 2 1 1 2 2
6176.5 -5209.4 0.4 183 0 15.1 16.0 5.0 2.5 2 1 2 0 0
-1892.1 -6138.1 21.0 319 0 12.4 11.9 5.0 2.5 2 0 2 4 4
-1945.1 -6147.6 22.5 99 0 13.5 15.5 2.5 2.5 2 1 1 4 4
-1870.0 -6241.9 22.0 111 0 15.2 13.2 7.5 2.5 2 0 3 5 5
-1813.7 -6169.0 17.5 207 0 14.5 20.6 12.5 2.5 2 1 5 5 5
-1783.4 -6226.3 17.4 27 0 18.8 11.9 5.0 2.5 2 0 2 1 1
-1875.5 -6031.1 17.4 28 0 10.0 13.7 7.5 2.5 2 1 3 0 0
-1968.1 -5867.9 14.9 10 0 14.7 10.5 5.0 2.5 2 0 2 1 1
-1695.4 -6028.1 16.4 261 0 8.4 16.6 7.5 2.5 2 1 3 4 4
-1710.4 -5952.9 14.9 12 0 14.6 12.4 7.5 2.5 2 0 3 4 4
2295.1 1738.5 -13.7 32 0 12.8 10.6 7.5 2.5 2 0 3 0 0
2079.0 1429.3 -13.7 335 0 10.1 17.8 5.0 2.5 2 1 2 3 3
