-5891.5 -4500.1 17.9 102 0 11.1 8.8 2.5 2.5 2 0 1 0 0
-5854.6 -4496.4 17.5 282 0 15.6 10.8 7.5 2.5 2 0 3 1 1
-5785.6 -4395.6 21.5 279 0 17.8 12.0 7.5 2.5 2 0 3 2 2
-6831.7 -3894.2 10.9 348 0 8.2 13.5 5.0 2.5 2 1 2 5 5
-5082.4 -3500.1 25.1 7 0 7.5 7.2 7.5 2.5 2 0 3 2 2
-5110.8 -3486.1 23.8 276 0 6.8 6.4 10.0 2.5 2 0 4 5 5
-5643.2 -4550.7 19.1 271 0 17.6 12.3 7.5 2.5 2 0 3 3 3
-5970.8 -4516.7 17.9 27 0 12.3 8.1 2.5 2.5 2 0 1 0 0
-6027.3 -4473.7 18.2 271 0 9.8 7.7 7.5 2.5 2 0 3 5 5
-6010.7 -4331.2 22.0 94 0 12.5 10.4 7.5 2.5 2 0 3 1 1
1892.7 4258.7 -24.1 130 0 6.7 8.8 5.0 2.5 2 1 2 2 2
1914.8 4273.4 -24.0 29 0 9.3 16.5 5.0 2.5 2 1 2 5 5
1966.1 4229.1 -24.1 295 0 10.4 7.3 7.5 2.5 2 0 3 4 4
-5033.7 -3339.4 27.1 131 0 7.8 6.6 10.0 0.0 0 0 4 5 5
1992.9 4212.4 -23.5 25 0 10.1 9.0 7.5 2.5 2 0 3 1 1
1213.2 4705.5 -13.8 109 0 8.1 6.6 5.0 2.5 2 0 2 3 3
1247.8 4703.9 -13.7 109 0 6.1 8.0 7.5 2.5 2 0 3 0 0
1277.7 4692.7 -14.1 141 0 9.1 6.5 5.0 2.5 2 0 2 4 4
1374.4 4614.7 -18.1 317 0 6.2 8.4 10.0 2.5 2 0 4 1 1
1447.4 4578.4 -18.8 124 0 9.6 7.9 2.5 2.5 2 0 1 5 5
1558.5 4501.5 -19.9 283 0 8.1 7.4 10.0 2.5 4 0 4 1 1
1609.4 4471.8 -21.4 22 0 11.8 7.9 2.5 2.5 2 0 1 2 2
1671.7 4428.3 -24.0 279 0 9.7 12.3 7.5 0.0 0 1 3 1 1
1702.7 4416.2 -24.7 307 0 7.9 12.2 7.5 2.5 2 1 3 0 0
1740.9 4386.2 -25.0 18 0 8.5 12.2 7.5 2.5 2 1 3 0 0
2060.5 4179.3 -22.1 298 0 8.8 10.4 7.5 2.5 2 1 3 1 1
2095.8 4151.9 -22.4 299 0 9.5 12.3 10.0 2.5 2 1 4 2 2
2151.1 4145.1 -22.8 308 0 12.4 14.8 5.0 2.5 2 1 2 4 4
2192.1 4136.0 -22.2 18 0 7.8 7.4 7.5 0.0 0 0 3 5 5
2414.3 3966.8 -21.4 49 0 9.9 13.4 7.5 2.5 2 1 3 4 4
2475.7 3902.9 -19.6 28 0 10.5 15.7 7.5 2.5 2 1 3 2 2
2595.5 3837.5 -20.2 214 0 12.3 11.9 7.5 2.5 2 0 3 3 3
2628.8 3788.1 -20.1 30 0 6.5 7.4 5.0 2.5 2 1 2 0 0
2650.6 3805.0 -20.4 39 0 10.3 10.0 5.0 2.5 2 0 2 3 3
2723.2 3770.7 -21.6 37 0 8.2 10.4 7.5 2.5 4 1 3 5 5
2926.6 3684.4 -24.0 292 0 10.3 10.0 10.0 2.5 2 0 4 2 2
2933.4 3620.4 -23.6 123 0 9.7 9.9 7.5 2.5 2 1 3 5 5
3016.3 3553.2 -26.4 32 0 8.4 7.3 5.0 2.5 4 0 2 3 3
3119.6 3497.8 -28.6 51 0 9.5 15.1 10.0 2.5 2 1 4 2 2
3216.4 3526.2 -29.7 20 0 12.7 9.4 5.0 2.5 2 0 2 4 4
3389.3 3458.4 -30.7 299 0 7.3 8.0 7.5 2.5 2 1 3 4 4
3391.0 3310.4 -28.6 26 0 9.6 10.3 5.0 2.5 2 1 2 3 3
3469.7 3351.9 -30.5 268 0 13.5 12.2 5.0 2.5 2 0 2 3 3
3464.3 3248.3 -29.9 32 0 6.7 6.3 7.5 2.5 2 0 3 0 0
3458.9 3275.8 -29.4 32 0 7.6 11.6 10.0 2.5 2 1 4 4 4
4085.6 2863.2 -31.1 211 0 10.9 17.4 5.0 2.5 2 1 2 0 0
4116.9 2852.6 -31.1 299 0 12.3 11.4 7.5 2.5 4 0 3 3 3
4126.0 2831.8 -30.8 129 0 10.9 6.3 5.0 2.5 2 0 2 5 5
4162.3 2811.8 -30.0 115 0 18.1 9.9 7.5 2.5 2 0 3 2 2
4214.8 2800.1 -29.0 309 0 9.3 13.4 7.5 2.5 2 1 3 4 4
4255.7 2764.1 -27.0 63 0 7.4 10.4 10.0 2.5 2 1 4 2 2
4265.8 2773.4 -27.4 40 0 7.1 11.6 7.5 2.5 2 1 3 0 0
4404.4 2804.6 -29.9 87 0 8.4 10.0 7.5 2.5 2 1 3 0 0
4461.7 2811.1 -30.2 61 0 9.1 9.5 7.5 2.5 2 1 3 1 1
1002.1 4768.0 -12.5 30 0 8.7 10.9 10.0 2.5 4 1 4 5 5
1154.5 4697.2 -14.2 35 0 17.5 9.0 7.5 2.5 2 0 3 4 4
1241.6 4639.2 -15.4 208 0 7.8 10.9 10.0 2.5 2 1 4 4 4
1347.3 4567.2 -17.9 121 0 6.2 11.0 7.5 0.0 0 1 3 0 0
1468.2 4490.0 -19.4 225 0 12.6 9.7 7.5 2.5 2 0 3 5 5
1491.4 4457.4 -19.5 121 0 7.4 9.5 7.5 2.5 2 1 3 2 2
1573.9 4405.5 -21.9 127 0 8.5 16.3 2.5 2.5 2 1 1 4 4
1616.6 4399.6 -22.5 305 0 7.6 8.5 7.5 2.5 2 1 3 0 0
2045.7 4086.7 -20.3 135 0 9.4 7.4 5.0 2.5 2 0 2 1 1
2075.9 4079.8 -20.4 143 0 7.0 7.7 5.0 2.5 4 1 2 3 3
2230.0 3951.8 -19.3 126 0 11.4 7.5 7.5 2.5 2 0 3 4 4
2216.8 4005.4 -19.7 306 0 8.2 14.5 5.0 2.5 2 1 2 5 5
2269.1 3971.9 -19.5 309 0 10.8 14.0 7.5 2.5 2 1 3 3 3
2339.7 3873.2 -19.4 227 0 13.0 9.3 7.5 2.5 2 0 3 2 2
2406.2 3884.9 -18.8 23 0 8.7 8.8 7.5 2.5 2 1 3 1 1
2479.3 3817.8 -18.2 154 0 8.6 16.0 5.0 2.5 2 1 2 4 4
2528.0 3791.1 -18.6 127 0 11.2 9.1 10.0 0.0 0 0 4 3 3
2546.3 3765.7 -19.3 146 0 13.0 11.2 5.0 2.5 2 0 2 5 5
2576.5 3754.2 -19.6 127 0 7.1 11.6 7.5 2.5 2 1 3 3 3
2637.7 3725.2 -20.3 34 0 9.4 16.2 2.5 2.5 2 1 1 0 0
2663.8 3644.0 -21.7 216 0 11.1 8.0 5.0 0.0 0 0 2 3 3
2717.4 3692.7 -21.5 302 0 13.0 16.9 7.5 2.5 2 1 3 2 2
2744.4 3653.1 -22.1 135 0 7.3 7.5 7.5 2.5 2 1 3 3 3
2805.0 3680.7 -23.4 42 0 6.1 6.8 7.5 2.5 2 1 3 2 2
2815.2 3608.4 -23.0 217 0 27.3 18.5 7.5 2.5 2 0 3 2 2
2852.1 3583.2 -22.8 27 0 14.0 14.2 7.5 2.5 2 1 3 5 5
3022.8 3472.5 -27.4 29 0 8.6 15.5 5.0 2.5 2 1 2 0 0
3128.5 3357.2 -27.7 298 0 11.3 22.2 12.5 0.0 0 1 5 1 1
3236.2 3323.0 -26.7 37 0 7.8 15.8 5.0 2.5 2 1 2 2 2
2820.6 2967.5 -22.4 289 0 7.0 7.2 2.5 2.5 2 1 1 3 3
2918.2 3003.8 -24.8 263 0 9.4 14.9 5.0 2.5 2 1 2 5 5
2941.5 3031.8 -25.4 219 0 10.3 7.0 7.5 2.5 2 0 3 3 3
2981.1 3092.0 -23.9 26 0 12.0 8.5 7.5 2.5 2 0 3 2 2
3112.7 3142.5 -24.7 353 0 8.4 7.7 2.5 2.5 2 0 1 5 5
3170.4 3223.3 -24.6 10 0 10.5 20.9 7.5 2.5 2 1 3 3 3
3154.4 3246.5 -24.0 277 0 7.7 8.5 10.0 2.5 2 1 4 4 4
3317.4 3240.0 -28.7 16 0 11.6 13.8 5.0 0.0 0 1 2 0 0
3479.2 3167.5 -31.4 299 0 11.5 11.2 2.5 2.5 4 0 1 3 3
3521.7 3147.5 -31.4 290 0 11.9 9.4 5.0 2.5 2 0 2 0 0
3557.1 3384.3 -31.9 197 0 9.4 8.9 7.5 2.5 2 0 3 2 2
