5877.0 -1503.1 1.7 57 0 10.1 25.6 10.0 2.5 2 0 4 4 4
5850.0 -1472.5 1.8 145 0 26.7 10.0 7.5 2.5 2 0 3 4 4
5867.2 -1434.4 1.8 324 0 19.6 9.0 7.5 2.5 2 0 3 1 1
577.3 1678.4 6.1 0 0 8.7 8.1 7.5 2.5 2 0 3 1 1
-172.3 2086.4 -4.6 301 0 9.6 9.9 7.5 2.5 2 1 3 2 2
119.2 1932.0 2.4 190 0 8.9 9.2 7.5 2.5 2 1 3 4 4
303.9 1875.1 3.5 21 0 9.1 11.8 2.5 2.5 2 1 1 3 3
373.7 1721.1 5.9 337 0 9.4 9.8 7.5 2.5 2 1 3 0 0
423.1 1661.8 7.0 66 0 11.6 9.6 7.5 2.5 2 0 3 5 5
39.3 2054.3 0.1 186 0 8.3 12.0 5.0 2.5 2 1 2 1 1
226.9 1988.1 4.5 285 0 9.0 9.2 7.5 2.5 2 1 3 5 5
343.7 1935.8 5.5 120 0 12.5 10.2 7.5 2.5 2 0 3 4 4
435.9 1756.7 5.9 190 0 6.2 12.8 5.0 2.5 2 1 2 3 3
541.3 1605.7 7.0 91 0 8.8 9.0 5.0 0.0 0 1 2 0 0
497.5 1652.0 7.7 143 0 6.0 9.0 7.5 2.5 4 1 3 4 4
4258.8 -3690.0 -7.0 202 0 8.4 7.3 5.0 2.5 2 0 2 3 3
4224.2 -3657.7 -7.3 20 0 8.7 10.2 7.5 2.5 2 1 3 0 0
4256.5 -3482.7 -8.7 8 0 7.2 13.1 7.5 2.5 4 1 3 3 3
4318.3 -3495.3 -8.0 14 0 12.0 11.1 7.5 2.5 2 0 3 1 1
4329.3 -3437.7 -8.3 211 0 9.8 19.3 10.0 2.5 2 1 4 4 4
4369.5 -3375.3 -8.4 36 0 9.2 10.3 7.5 2.5 2 1 3 3 3
4442.2 -3141.2 -5.6 206 0 14.7 11.2 5.0 2.5 2 0 2 3 3
4466.3 -3133.4 -5.5 25 0 11.0 12.9 7.5 0.0 0 1 3 4 4
4539.6 -2816.6 -6.2 26 0 13.0 10.4 7.5 2.5 2 0 3 0 0
4568.4 -2792.0 -6.8 24 0 12.5 14.4 7.5 2.5 2 1 3 4 4
4571.3 -2816.7 -6.7 186 0 17.3 12.9 5.0 0.0 0 0 2 3 3
4605.8 -2844.3 -6.6 41 0 10.2 13.8 7.5 2.5 2 1 3 5 5
4580.6 -2703.0 -7.1 203 0 13.5 15.7 5.0 2.5 2 1 2 2 2
4690.6 -2687.3 -4.0 299 0 9.1 7.1 10.0 0.0 0 0 4 5 5
5336.5 -2688.2 1.2 285 0 17.1 14.1 5.0 2.5 2 0 2 0 0
5379.0 -2689.8 1.3 291 0 15.1 14.7 2.5 2.5 2 0 1 3 3
5546.9 -2739.9 0.5 107 0 6.3 7.6 7.5 2.5 4 1 3 2 2
5722.3 -2753.5 0.4 114 0 15.0 10.2 5.0 2.5 4 0 2 0 0
5755.2 -2799.9 0.7 277 0 12.1 7.0 5.0 0.0 0 0 2 5 5
5787.3 -2801.6 -0.4 277 0 7.6 9.5 5.0 0.0 0 1 2 1 1
-6043.8 3301.8 -14.7 54 0 6.6 6.6 5.0 2.5 2 0 2 4 4
-5904.6 3377.2 -15.9 101 0 13.2 10.9 5.0 2.5 2 0 2 0 0
-4834.8 3590.8 -10.8 224 0 9.7 10.9 7.5 2.5 2 1 3 0 0
-4868.6 3668.0 -11.9 107 0 11.1 9.4 10.0 2.5 4 0 4 3 3
-4980.4 4086.1 -10.3 95 0 11.9 11.4 5.0 2.5 2 0 2 2 2
-4810.6 4122.3 -9.7 187 0 6.0 8.9 7.5 2.5 4 1 3 5 5
-4847.0 4325.0 -11.6 103 0 8.5 11.4 7.5 2.5 2 1 3 0 0
-4818.1 4372.5 -10.9 1 0 13.2 12.4 7.5 2.5 2 0 3 4 4
-4917.1 4144.2 -11.6 152 0 13.8 11.0 10.0 2.5 2 0 4 0 0
-4945.8 4373.0 -11.5 89 0 13.3 12.7 7.5 2.5 2 0 3 0 0
-5001.2 4275.3 -13.1 192 0 7.9 9.3 2.5 2.5 2 1 1 3 3
-5085.1 4218.6 -13.7 101 0 10.1 9.2 7.5 2.5 2 0 3 0 0
-5037.2 4390.2 -11.8 289 0 9.8 10.3 10.0 2.5 2 1 4 2 2
-5698.8 3523.8 -15.6 238 0 8.2 14.8 7.5 2.5 2 1 3 3 3
-1363.8 2341.3 -7.4 118 0 8.0 9.7 10.0 2.5 2 1 4 1 1
-1252.7 2157.9 -9.7 36 0 9.9 19.8 7.5 2.5 2 1 3 1 1
-1236.8 2154.0 -9.4 37 0 14.8 9.8 7.5 0.0 0 0 3 5 5
-1220.9 2173.1 -9.3 39 0 31.9 10.7 10.0 2.5 2 0 4 5 5
-1195.6 2203.5 -9.1 40 0 38.6 10.1 10.0 2.5 2 0 4 5 5
-1184.4 2239.0 -8.7 309 0 12.8 7.3 7.5 2.5 2 0 3 3 3
-1105.1 2251.7 -7.3 224 0 7.9 8.7 5.0 2.5 2 1 2 2 2
-1062.2 2361.3 -9.1 37 0 8.8 8.6 2.5 2.5 2 0 1 3 3
-280.6 2398.7 -3.0 107 0 9.6 8.3 10.0 2.5 2 0 4 3 3
-234.5 2418.5 -3.1 297 0 13.4 7.9 5.0 2.5 2 0 2 3 3
-212.4 2285.6 -4.9 197 0 9.4 9.0 5.0 0.0 0 0 2 3 3
-191.1 2356.2 -4.1 108 0 6.3 6.3 10.0 2.5 2 0 4 0 0
-158.3 2284.5 -4.7 299 0 8.8 7.7 5.0 2.5 2 0 2 5 5
-159.7 2362.7 -4.2 105 0 8.7 9.5 2.5 2.5 2 1 1 5 5
-138.9 2331.4 -4.1 108 0 12.3 11.4 5.0 2.5 2 0 2 4 4
-64.7 2224.9 -3.2 123 0 7.9 8.3 2.5 2.5 2 1 1 1 1
72.0 2189.4 -4.3 16 0 8.1 8.9 7.5 2.5 2 1 3 5 5
56.0 2321.2 -3.9 267 0 8.6 8.9 10.0 2.5 2 1 4 2 2
123.9 2228.5 -4.2 186 0 9.0 9.1 5.0 2.5 2 1 2 0 0
156.0 2281.5 -3.9 24 0 10.2 8.8 10.0 0.0 0 0 4 1 1
585.5 2461.3 -4.3 262 0 8.5 8.8 2.5 2.5 2 1 1 4 4
699.3 2519.2 -3.8 76 0 8.0 7.7 2.5 2.5 2 0 1 3 3
321.0 2445.0 -5.9 97 0 8.7 8.4 7.5 2.5 2 0 3 4 4
-74.8 2498.8 -6.2 99 0 9.3 9.7 7.5 2.5 2 1 3 1 1
-549.3 2516.7 -7.8 204 0 8.9 9.3 5.0 2.5 2 1 2 5 5
-633.3 2556.6 -8.3 208 0 7.5 9.6 5.0 2.5 2 1 2 1 1
-605.9 2639.8 -7.1 118 0 9.2 7.7 7.5 2.5 2 0 3 0 0
-648.3 2685.4 -7.8 179 0 7.6 8.3 2.5 2.5 2 1 1 0 0
-914.7 2541.2 -11.7 105 0 11.0 8.7 5.0 0.0 0 0 2 2 2
-1020.2 2528.3 -10.6 12 0 11.6 9.9 7.5 2.5 2 0 3 3 3
-1262.9 2697.1 -11.5 173 0 8.4 9.3 2.5 2.5 2 1 1 5 5
-1327.6 2679.2 -11.8 101 0 8.4 8.6 5.0 2.5 2 1 2 5 5
-1429.4 2585.1 -9.6 195 0 8.7 10.9 7.5 2.5 2 1 3 4 4
-1446.4 2385.9 -7.4 113 0 8.0 8.3 2.5 2.5 2 1 1 3 3
-1410.8 2457.1 -9.4 110 0 8.1 7.7 5.0 0.0 0 0 2 4 4
2587.2 3694.6 0.2 7 0 8.0 8.9 5.0 0.0 0 1 2 3 3
2633.5 3560.3 -0.6 74 0 9.4 8.1 2.5 2.5 4 0 1 1 1
2933.1 3938.0 -0.5 22 0 9.0 9.1 7.5 2.5 2 1 3 1 1
2728.5 3984.4 0.3 122 0 8.2 10.5 7.5 2.5 4 1 3 3 3
4075.1 4258.9 8.9 329 0 9.5 9.5 7.5 0.0 0 0 3 2 2
4060.6 4224.8 8.7 63 0 10.2 11.7 7.5 2.5 2 1 3 1 1
4158.2 5098.2 -1.0 3 0 9.7 7.1 7.5 2.5 2 0 3 2 2
4044.6 5088.3 -2.5 192 0 8.1 7.1 5.0 2.5 2 0 2 1 1
1606.3 3038.8 1.3 78 0 7.8 10.5 7.5 2.5 2 1 3 5 5
1479.6 2988.6 0.6 319 0 8.3 9.9 7.5 2.5 2 1 3 0 0
1429.8 2967.7 -0.3 227 0 9.8 9.6 7.5 2.5 4 0 3 0 0
1232.7 2862.0 -2.3 89 0 8.9 10.0 5.0 2.5 2 1 2 5 5
2674.7 3315.3 3.5 345 0 9.7 9.2 7.5 2.5 4 0 3 3 3
2573.5 3274.3 3.2 318 0 8.5 8.9 7.5 0.0 0 1 3 4 4
2304.0 3177.5 5.5 341 0 8.0 8.8 5.0 2.5 2 1 2 0 0
2192.0 3128.0 4.5 194 0 8.6 7.3 2.5 2.5 2 0 1 1 1
2125.5 3049.6 3.8 177 0 10.2 7.0 7.5 2.5 2 0 3 1 1
1608.4 2960.3 1.6 195 0 11.0 10.1 5.0 2.5 2 0 2 0 0
-631.4 2759.9 -8.4 110 0 8.1 8.2 7.5 2.5 2 1 3 0 0
-557.5 2811.3 -8.5 6 0 8.0 7.8 2.5 2.5 2 0 1 4 4
-538.4 2873.9 -8.2 200 0 8.2 8.5 10.0 2.5 4 1 4 0 0
-247.1 2343.6 -4.4 282 0 6.2 8.0 5.0 2.5 2 1 2 3 3
4221.1 5144.1 1.6 4 0 9.3 8.2 7.5 2.5 2 0 3 4 4
4772.9 5030.9 7.1 190 0 8.1 8.6 7.5 2.5 2 1 3 5 5
4777.6 4981.1 6.3 108 0 10.0 8.6 7.5 0.0 0 0 3 5 5
4751.8 4950.7 4.9 291 0 7.3 11.0 7.5 2.5 2 1 3 0 0
4759.9 4895.0 5.4 117 0 11.2 8.7 7.5 2.5 4 0 3 1 1
4841.8 4959.7 7.2 100 0 20.5 11.0 7.5 0.0 0 0 3 5 5
4847.2 4932.8 7.0 280 0 8.5 9.0 5.0 2.5 4 1 2 0 0
4885.4 4917.2 6.8 278 0 9.1 8.0 5.0 2.5 2 0 2 3 3
5050.5 4929.1 5.8 108 0 10.1 9.6 2.5 2.5 2 0 1 3 3
5003.4 4884.3 5.4 286 0 8.5 7.9 7.5 2.5 2 0 3 1 1
5057.0 4896.0 5.2 284 0 6.5 6.3 7.5 2.5 2 0 3 4 4
5094.2 4788.1 5.3 296 0 9.6 9.2 10.0 2.5 2 0 4 1 1
5229.5 4789.7 7.6 315 0 6.4 7.1 5.0 0.0 0 1 2 0 0
5265.3 4812.2 7.6 56 0 10.6 7.3 7.5 2.5 4 0 3 1 1
5326.8 4822.4 6.2 231 0 10.0 16.5 10.0 0.0 0 1 4 4 4
5557.2 5010.5 1.4 214 0 8.1 8.3 2.5 2.5 2 1 1 2 2
5721.4 5360.4 2.6 146 0 8.5 7.6 5.0 2.5 2 0 2 1 1
5779.8 5299.8 3.6 45 0 9.6 9.9 5.0 2.5 4 1 2 5 5
-1159.0 2349.5 -8.1 117 0 13.0 16.9 5.0 2.5 2 1 2 4 4
1270.7 2902.6 -1.9 356 0 9.1 9.0 2.5 2.5 4 0 1 2 2
2084.3 3185.4 4.6 97 0 7.4 10.2 7.5 2.5 2 1 3 4 4
2176.1 3213.6 5.2 128 0 7.4 11.6 10.0 2.5 2 1 4 4 4
2786.7 3564.7 2.8 249 0 11.4 19.3 5.0 2.5 2 1 2 5 5
3932.2 -1506.3 -4.1 128 0 6.4 6.0 5.0 2.5 2 0 2 2 2
4112.4 -1608.6 0.0 128 0 6.1 6.7 5.0 2.5 2 1 2 1 1
4057.3 -1549.2 -2.1 293 0 6.3 9.8 7.5 2.5 2 1 3 2 2
4452.5 -1395.9 -4.9 27 0 8.1 6.0 5.0 2.5 2 0 2 1 1
4454.6 -1344.0 -4.2 302 0 6.2 6.4 7.5 2.5 2 1 3 5 5
4512.3 -1185.2 -3.8 190 0 9.3 6.4 7.5 2.5 2 0 3 4 4
-1229.4 2082.5 -9.6 130 0 7.2 9.4 2.5 2.5 2 1 1 1 1
-25.6 2300.6 -3.9 129 0 6.3 16.5 5.0 2.5 2 1 2 3 3
28.5 2252.4 -4.2 219 0 6.1 11.7 7.5 2.5 2 1 3 2 2
5895.5 5422.1 2.2 338 0 9.2 8.2 7.5 2.5 2 0 3 2 2
6026.4 5413.0 4.9 331 0 6.5 7.1 7.5 2.5 4 1 3 0 0
5989.7 5500.3 3.4 51 0 8.5 9.2 10.0 2.5 2 1 4 4 4
5200.4 5006.3 5.0 208 0 9.1 8.6 7.5 2.5 2 0 3 4 4
5135.4 5112.7 8.2 118 0 8.2 8.3 7.5 2.5 4 1 3 5 5
5203.2 5160.2 6.6 134 0 7.6 7.6 5.0 2.5 2 1 2 1 1
5074.5 5030.6 7.2 196 0 7.9 9.8 5.0 2.5 2 1 2 5 5
5141.5 4962.8 6.5 106 0 9.5 7.2 5.0 2.5 2 0 2 5 5
5311.3 4814.8 6.8 321 0 6.2 9.2 7.5 2.5 2 1 3 3 3
5334.9 4824.2 5.9 142 0 7.6 13.2 7.5 0.0 0 1 3 4 4
4886.3 4121.0 5.4 265 0 9.5 7.8 7.5 0.0 0 0 3 3 3
5285.1 5572.7 6.4 3 0 7.3 9.0 7.5 2.5 2 1 3 0 0
4166.7 5171.4 0.6 186 0 8.3 9.3 10.0 0.0 0 1 4 2 2
2139.3 3214.0 4.8 358 0 8.4 12.6 7.5 2.5 2 1 3 5 5
2453.1 3423.4 -0.2 59 0 8.3 9.7 5.0 2.5 2 1 2 5 5
3601.1 3946.4 4.0 345 0 9.7 9.1 5.0 0.0 0 0 2 3 3
3802.5 3986.9 6.4 46 0 6.7 10.9 5.0 2.5 2 1 2 4 4
4830.5 4124.8 5.4 243 0 7.3 11.6 7.5 2.5 2 1 3 2 2
4861.2 4088.7 6.1 178 0 7.8 9.0 7.5 2.5 2 1 3 5 5
4896.2 4081.8 6.1 81 0 8.5 8.5 5.0 2.5 4 1 2 3 3
1418.0 2888.9 -2.2 0 0 10.2 8.5 7.5 0.0 0 0 3 3 3
1529.2 2934.5 1.5 233 0 6.2 13.5 5.0 2.5 2 1 2 1 1
2872.9 4016.7 0.8 290 0 10.9 7.2 2.5 2.5 2 0 1 2 2
4868.7 4036.4 6.7 81 0 9.2 7.9 7.5 2.5 2 0 3 3 3
