5919.7 4650.3 -13.4 296 0 9.9 12.3 7.5 2.5 2 0 3 4 4
5759.8 4820.8 -15.8 355 0 13.6 17.6 7.5 2.5 2 0 3 0 0
5830.7 4877.0 -15.5 349 0 19.9 12.2 5.0 2.5 2 0 2 5 5
5675.8 5198.0 -20.1 102 0 6.9 29.9 5.0 0.0 0 1 2 0 0
5664.0 4815.7 -15.8 351 0 13.9 12.7 2.5 2.5 2 0 1 2 2
5713.9 4903.0 -16.6 182 0 10.0 14.0 5.0 2.5 2 0 2 0 0
5738.6 4865.5 -14.8 261 0 10.4 15.6 7.5 2.5 2 0 3 0 0
5784.7 4874.7 -15.0 264 0 11.7 19.2 5.0 2.5 2 0 2 0 0
5765.2 4994.8 -17.7 359 0 7.7 8.3 7.5 2.5 2 1 3 2 2
5630.9 4840.6 -15.1 176 0 16.3 8.9 10.0 2.5 2 0 4 0 0
5619.5 4920.2 -17.7 266 0 16.1 14.6 7.5 2.5 2 0 3 2 2
5574.6 4789.5 -14.8 359 0 9.8 10.7 7.5 2.5 2 0 3 2 2
5557.1 4925.0 -17.7 179 0 11.5 13.2 7.5 2.5 2 0 3 5 5
5536.9 4859.1 -16.1 179 0 18.7 11.2 7.5 2.5 2 0 3 4 4
4636.6 5044.5 -14.6 211 0 7.6 12.7 7.5 2.5 2 1 3 3 3
4675.6 5086.6 -16.2 350 0 9.3 14.0 10.0 0.0 0 1 4 2 2
4710.5 5023.8 -15.8 280 0 11.0 11.7 7.5 2.5 2 1 3 5 5
4777.4 5010.6 -17.5 185 0 10.8 16.3 5.0 2.5 2 1 2 1 1
4775.8 4951.6 -16.5 3 0 7.5 10.3 10.0 2.5 2 1 4 1 1
4752.2 4903.7 -16.3 95 0 13.4 11.2 7.5 2.5 2 0 3 4 4
4666.4 4811.3 -15.7 273 0 6.3 9.6 7.5 2.5 2 1 3 3 3
4641.2 4782.8 -16.1 103 0 7.3 15.6 5.0 0.0 0 1 2 0 0
4705.5 4950.6 -15.1 1 0 11.5 20.8 7.5 2.5 4 1 3 1 1
4654.3 4905.7 -14.2 91 0 6.9 13.0 7.5 2.5 2 1 3 2 2
4636.3 4912.6 -14.1 181 0 21.7 11.6 10.0 2.5 2 0 4 1 1
4587.1 4763.5 -16.2 183 0 15.9 9.6 5.0 2.5 2 0 2 4 4
4592.5 4706.1 -15.0 19 0 11.3 6.5 7.5 2.5 4 0 3 3 3
4565.9 4707.6 -14.1 183 0 9.9 10.6 5.0 2.5 2 1 2 5 5
4472.5 4545.9 -11.5 291 0 10.5 9.5 7.5 2.5 2 0 3 3 3
4408.1 4436.2 -13.0 182 0 7.6 10.7 10.0 2.5 4 1 4 5 5
3350.9 6847.3 -26.3 278 0 13.5 28.3 10.0 2.5 2 1 4 0 0
3364.4 6763.7 -25.6 93 0 9.2 17.4 5.0 2.5 2 1 2 4 4
6869.9 6056.3 -25.7 301 0 11.4 13.3 7.5 2.5 2 1 3 4 4
6903.7 6031.0 -26.0 28 0 12.4 10.5 7.5 2.5 2 0 3 1 1
6891.0 5861.2 -23.3 21 0 10.7 21.6 7.5 2.5 4 1 3 4 4
6897.7 5883.0 -23.5 20 0 10.8 23.7 15.0 0.0 0 1 6 3 3
4113.7 6660.3 -24.8 279 0 7.4 10.1 5.0 2.5 2 1 2 5 5
4091.1 6641.9 -25.5 188 0 11.1 16.3 7.5 0.0 0 1 3 3 3
4150.9 6629.2 -24.4 97 0 11.7 19.6 2.5 0.0 0 1 1 2 2
4209.1 6641.8 -24.4 273 0 16.0 18.3 7.5 2.5 2 1 3 2 2
4212.9 6807.6 -24.3 205 0 11.7 6.3 7.5 2.5 2 0 3 5 5
4208.2 6781.7 -24.1 87 0 13.5 10.2 7.5 2.5 2 0 3 3 3
4261.9 6792.0 -24.6 278 0 13.3 18.1 5.0 0.0 0 1 2 1 1
4280.9 6692.7 -25.2 1 0 8.2 22.3 5.0 2.5 2 1 2 0 0
4296.6 6633.6 -25.2 272 0 10.2 11.2 7.5 2.5 2 1 3 2 2
4301.7 6610.4 -25.1 94 0 20.3 9.6 7.5 0.0 0 0 3 2 2
4346.9 6592.7 -25.1 88 0 13.7 14.0 5.0 2.5 2 1 2 5 5
4756.6 6660.0 -26.9 270 0 9.6 13.0 10.0 2.5 2 1 4 0 0
4791.5 6409.6 -24.7 294 0 18.9 11.6 2.5 2.5 2 0 1 2 2
4803.5 6333.4 -26.2 185 0 10.0 10.1 5.0 2.5 4 1 2 4 4
4560.0 6668.2 -25.9 296 0 11.3 15.7 5.0 0.0 0 1 2 1 1
4624.2 6725.5 -26.6 289 0 8.1 10.0 5.0 0.0 0 1 2 5 5
4723.4 6502.0 -24.7 97 0 10.2 12.4 5.0 2.5 2 1 2 5 5
4735.9 6484.1 -24.9 98 0 15.6 12.3 5.0 2.5 2 0 2 5 5
4754.3 6391.7 -24.3 100 0 11.3 16.4 7.5 2.5 2 1 3 1 1
4735.0 6406.5 -24.6 109 0 12.9 10.7 10.0 2.5 4 0 4 5 5
4679.9 6369.7 -25.5 22 0 9.7 10.1 5.0 2.5 2 1 2 0 0
4662.4 6451.9 -24.6 277 0 13.7 9.3 5.0 2.5 2 0 2 0 0
4682.7 6462.2 -24.3 292 0 10.3 11.8 7.5 2.5 2 1 3 3 3
4653.4 6495.6 -23.0 108 0 7.7 8.9 7.5 2.5 2 1 3 0 0
4667.2 6513.6 -23.6 96 0 13.9 8.6 7.5 2.5 2 0 3 1 1
4642.4 6508.7 -23.0 113 0 9.1 10.8 10.0 2.5 2 1 4 0 0
4641.1 6464.7 -24.3 294 0 15.8 10.4 7.5 2.5 2 0 3 5 5
4614.8 6479.0 -23.6 298 0 8.7 11.7 2.5 2.5 2 1 1 1 1
4602.9 6434.4 -24.4 116 0 10.4 14.8 7.5 2.5 2 1 3 3 3
4591.5 6479.8 -23.6 293 0 13.3 9.7 10.0 2.5 2 0 4 3 3
4389.8 6597.2 -25.4 92 0 16.6 8.5 10.0 2.5 4 0 4 1 1
4444.4 6553.0 -24.8 284 0 11.5 14.6 7.5 2.5 2 1 3 3 3
4484.5 6543.1 -24.7 286 0 9.5 13.8 10.0 2.5 2 1 4 0 0
4501.4 6564.2 -25.3 102 0 17.6 10.1 7.5 2.5 2 0 3 2 2
4518.9 6607.8 -26.0 208 0 13.0 11.4 7.5 0.0 0 0 3 1 1
4543.2 6555.2 -24.8 132 0 11.9 12.8 7.5 2.5 2 1 3 4 4
4529.7 6546.4 -24.7 114 0 9.1 8.1 7.5 2.5 2 0 3 4 4
4631.6 6588.6 -25.0 94 0 11.6 15.4 7.5 2.5 2 1 3 4 4
4621.3 6668.3 -25.9 183 0 11.4 18.5 2.5 2.5 2 1 1 2 2
4683.3 6660.4 -25.8 266 0 17.1 11.0 5.0 2.5 2 0 2 2 2
4666.0 6576.0 -24.5 100 0 14.3 10.3 7.5 2.5 2 0 3 5 5
4724.8 6638.9 -26.0 280 0 16.5 10.5 5.0 2.5 2 0 2 3 3
4756.6 6612.4 -26.6 13 0 10.8 11.6 5.0 2.5 4 1 2 5 5
4774.7 6584.0 -26.7 20 0 15.2 13.6 5.0 2.5 2 0 2 1 1
4800.8 6645.0 -28.0 281 0 10.3 22.3 5.0 2.5 2 1 2 4 4
4814.8 6602.6 -28.1 107 0 12.3 18.3 5.0 2.5 2 1 2 0 0
4834.0 6655.0 -28.9 269 0 10.6 41.1 7.5 2.5 2 1 3 1 1
5080.8 6347.1 -26.3 97 0 16.3 11.5 5.0 2.5 2 0 2 1 1
4914.7 6517.1 -26.8 267 0 15.6 15.4 5.0 2.5 2 0 2 2 2
4892.1 6506.7 -26.7 180 0 9.6 11.4 7.5 2.5 4 1 3 3 3
4859.8 6391.4 -24.4 286 0 7.2 11.6 7.5 2.5 2 1 3 3 3
4870.8 6381.3 -24.2 303 0 10.4 7.1 7.5 2.5 2 0 3 4 4
4915.1 6437.3 -24.8 267 0 8.1 19.5 7.5 2.5 4 1 3 4 4
4920.4 6354.4 -24.3 298 0 12.8 10.4 7.5 2.5 2 0 3 1 1
4958.2 6338.1 -26.0 303 0 8.9 10.2 2.5 2.5 2 1 1 3 3
4972.0 6343.9 -24.2 307 0 6.6 11.5 2.5 2.5 2 1 1 1 1
5040.7 6332.2 -24.7 292 0 7.4 13.6 5.0 0.0 0 1 2 0 0
4949.8 6512.5 -26.4 260 0 11.4 9.8 7.5 2.5 2 0 3 2 2
5001.8 6351.7 -24.1 289 0 16.4 11.7 7.5 2.5 2 0 3 3 3
5007.0 6367.1 -24.5 88 0 14.1 11.3 7.5 2.5 2 0 3 1 1
4997.4 6396.3 -24.8 79 0 12.9 7.6 5.0 2.5 2 0 2 5 5
4982.2 6375.1 -24.2 88 0 14.9 12.0 7.5 2.5 2 0 3 2 2
4958.0 6432.9 -24.8 268 0 10.6 7.0 5.0 2.5 2 0 2 4 4
4975.6 6525.2 -26.6 259 0 7.2 9.5 2.5 2.5 2 1 1 5 5
4987.3 6508.4 -26.4 357 0 9.6 7.9 7.5 2.5 2 0 3 0 0
4977.6 6484.7 -26.0 91 0 7.5 11.4 5.0 0.0 0 1 2 1 1
4977.0 6470.5 -25.7 175 0 8.6 9.4 7.5 2.5 2 1 3 3 3
5017.5 6436.6 -25.6 357 0 8.9 14.6 7.5 2.5 2 1 3 0 0
5025.1 6364.0 -25.0 99 0 15.6 9.0 2.5 2.5 2 0 1 5 5
5786.6 6030.4 -19.1 269 0 12.9 15.9 5.0 2.5 2 1 2 0 0
6134.9 5902.2 -22.9 309 0 8.3 11.6 10.0 2.5 2 1 4 1 1
6165.4 5853.7 -22.4 4 0 8.3 11.2 5.0 2.5 2 1 2 0 0
5795.9 5603.7 -18.5 9 0 10.0 10.0 5.0 0.0 0 1 2 3 3
5922.5 6301.2 -23.8 181 0 16.8 8.0 7.5 2.5 2 0 3 1 1
5964.5 6253.1 -23.3 108 0 9.3 14.1 5.0 0.0 0 1 2 2 2
6016.5 6290.4 -25.9 20 0 20.3 9.7 2.5 2.5 4 0 1 0 0
6119.9 6091.9 -25.6 15 0 7.7 23.7 5.0 2.5 2 1 2 3 3
6085.6 6178.2 -24.4 12 0 6.6 10.2 7.5 2.5 2 1 3 5 5
5998.1 6230.0 -22.5 273 0 11.9 8.8 5.0 2.5 2 0 2 4 4
6024.1 6218.9 -22.8 290 0 10.2 14.9 7.5 2.5 4 1 3 3 3
6051.2 6158.8 -23.1 17 0 9.9 10.5 10.0 2.5 2 1 4 2 2
6032.2 6122.2 -22.8 111 0 11.9 12.6 5.0 2.5 2 1 2 2 2
5995.6 6127.6 -21.4 110 0 12.2 10.3 7.5 0.0 0 0 3 0 0
5961.2 6135.8 -20.9 109 0 11.7 13.9 7.5 2.5 2 1 3 4 4
5931.2 6160.3 -20.7 197 0 9.8 13.2 7.5 2.5 2 1 3 0 0
5904.1 6149.3 -20.0 6 0 10.5 8.0 7.5 2.5 2 0 3 2 2
5859.3 6163.1 -20.0 104 0 10.8 11.7 7.5 2.5 2 1 3 3 3
5827.7 6218.9 -20.3 4 0 7.6 11.8 5.0 2.5 2 1 2 1 1
5750.7 6383.5 -24.0 187 0 11.0 7.5 7.5 2.5 2 0 3 1 1
5747.1 6365.4 -23.6 195 0 9.5 10.0 10.0 2.5 2 1 4 3 3
5774.9 6187.7 -19.7 109 0 15.3 9.8 7.5 2.5 2 0 3 4 4
5742.2 6194.1 -19.7 111 0 15.6 10.7 7.5 2.5 4 0 3 3 3
5519.5 6460.7 -27.3 4 0 10.4 10.7 5.0 2.5 2 1 2 4 4
5508.1 6418.8 -26.5 173 0 11.9 9.0 7.5 2.5 4 0 3 2 2
5619.9 6304.9 -22.5 8 0 15.4 15.7 5.0 2.5 4 1 2 0 0
5572.6 6318.3 -23.3 193 0 16.7 9.6 2.5 2.5 2 0 1 3 3
5624.2 6331.1 -23.0 10 0 8.5 17.0 2.5 2.5 4 1 1 2 2
5628.2 6349.2 -23.4 13 0 9.7 16.6 5.0 2.5 2 1 2 2 2
5583.2 6394.5 -24.8 189 0 10.8 14.2 2.5 2.5 2 1 1 0 0
5557.4 6396.5 -25.2 178 0 10.3 12.1 5.0 2.5 2 1 2 0 0
5424.4 6312.1 -26.0 192 0 10.6 13.1 10.0 2.5 2 1 4 5 5
5468.9 6228.4 -24.5 282 0 17.1 7.8 7.5 2.5 2 0 3 3 3
5469.2 6268.4 -24.9 102 0 10.7 16.1 5.0 2.5 2 1 2 5 5
5479.3 6308.2 -25.2 283 0 9.5 14.8 7.5 2.5 2 1 3 3 3
5522.0 6266.7 -24.1 7 0 8.5 10.4 2.5 2.5 2 1 1 1 1
5538.3 6325.1 -24.2 15 0 10.5 13.1 10.0 2.5 4 1 4 2 2
5530.6 6301.2 -24.2 16 0 10.6 13.0 2.5 2.5 2 1 1 1 1
5543.7 6228.6 -23.8 297 0 8.2 12.2 10.0 2.5 2 1 4 3 3
5533.5 6255.8 -23.3 197 0 14.1 8.4 7.5 2.5 2 0 3 1 1
5547.0 6245.5 -23.0 104 0 10.0 14.9 5.0 2.5 2 1 2 4 4
5558.4 6270.4 -22.7 192 0 11.7 12.3 7.5 2.5 2 1 3 2 2
5625.8 6176.9 -23.5 285 0 12.7 12.2 5.0 2.5 2 0 2 4 4
5609.9 6173.1 -24.4 283 0 11.0 12.0 10.0 2.5 2 1 4 4 4
5576.2 6116.3 -25.3 139 0 11.7 10.1 7.5 2.5 2 0 3 3 3
5576.5 6196.9 -24.2 289 0 13.0 12.3 7.5 2.5 2 0 3 4 4
5586.4 6217.1 -23.0 285 0 8.0 15.2 7.5 0.0 0 1 3 3 3
5616.0 6202.0 -22.5 283 0 9.5 13.9 7.5 2.5 2 1 3 0 0
5629.8 6194.9 -22.2 289 0 11.9 10.8 7.5 2.5 4 0 3 5 5
5601.4 6229.5 -21.5 108 0 10.2 17.5 5.0 2.5 4 1 2 0 0
5629.1 6223.3 -20.8 107 0 13.4 13.4 2.5 2.5 2 1 1 5 5
5655.4 6214.0 -20.2 110 0 8.0 10.6 5.0 2.5 4 1 2 1 1
5669.2 6219.2 -20.2 109 0 9.2 13.0 5.0 2.5 2 1 2 0 0
5688.1 6170.2 -20.2 5 0 10.9 8.7 2.5 2.5 2 0 1 1 1
5655.5 6145.9 -22.2 5 0 10.3 10.9 7.5 2.5 2 1 3 0 0
5671.0 6129.2 -21.1 16 0 8.2 10.9 7.5 2.5 4 1 3 0 0
5657.9 6086.0 -21.1 18 0 22.3 10.5 2.5 2.5 4 0 1 0 0
5617.2 6044.2 -21.1 133 0 9.7 10.6 7.5 2.5 2 1 3 4 4
5621.1 6069.8 -22.2 189 0 11.3 11.7 5.0 2.5 2 1 2 2 2
5718.1 5813.0 -12.5 266 0 8.0 11.7 5.0 2.5 4 1 2 1 1
5754.0 6147.5 -19.3 281 0 16.4 18.2 10.0 2.5 2 1 4 0 0
5778.6 6152.6 -19.4 288 0 6.8 19.1 5.0 2.5 2 1 2 4 4
5854.7 6124.0 -19.7 21 0 11.4 19.7 10.0 2.5 2 1 4 0 0
5850.6 6107.5 -19.7 0 0 10.5 20.3 10.0 0.0 0 1 4 2 2
5783.6 5975.5 -18.6 188 0 13.8 15.4 2.5 2.5 2 1 1 1 1
5884.9 5745.7 -18.0 96 0 7.1 15.6 5.0 2.5 2 1 2 4 4
5858.4 5846.9 -18.5 186 0 15.7 9.8 5.0 2.5 2 0 2 5 5
5860.8 5896.2 -18.8 186 0 13.8 13.4 7.5 2.5 4 0 3 5 5
5873.6 5945.3 -18.2 195 0 12.2 18.6 5.0 2.5 2 1 2 3 3
5880.1 6060.3 -19.8 201 0 12.1 8.2 5.0 2.5 2 0 2 3 3
5868.9 6118.9 -19.7 183 0 10.9 10.2 5.0 2.5 4 0 2 3 3
5892.6 6115.6 -19.8 280 0 15.2 10.1 5.0 2.5 2 0 2 0 0
5936.7 6104.0 -20.2 290 0 12.6 12.7 7.5 2.5 4 1 3 1 1
5977.5 6089.7 -20.7 289 0 17.4 9.8 5.0 2.5 2 0 2 5 5
6025.1 6082.3 -22.5 282 0 9.3 8.5 7.5 2.5 2 0 3 5 5
6026.6 6072.4 -22.6 289 0 13.8 11.7 7.5 2.5 4 0 3 2 2
6085.6 6054.8 -24.8 301 0 11.1 6.3 7.5 2.5 2 0 3 3 3
6107.5 6003.1 -24.9 28 0 10.8 12.1 10.0 2.5 4 1 4 1 1
6080.2 5919.9 -22.9 197 0 14.5 9.1 2.5 2.5 4 0 1 1 1
5949.6 5926.6 -20.2 276 0 10.3 9.1 5.0 2.5 2 0 2 1 1
5964.8 5895.6 -20.6 8 0 10.7 13.5 5.0 2.5 2 1 2 2 2
5996.7 5871.0 -21.6 12 0 10.6 12.0 7.5 2.5 2 1 3 5 5
5951.2 5781.3 -19.6 13 0 13.8 17.2 10.0 2.5 2 1 4 2 2
5968.3 5546.7 -19.3 94 0 15.6 13.9 7.5 2.5 4 0 3 5 5
6006.7 5607.5 -17.8 275 0 13.6 9.9 7.5 2.5 2 0 3 4 4
6108.3 5676.4 -20.0 269 0 6.8 6.1 10.0 2.5 2 0 4 2 2
6042.1 5611.1 -18.4 250 0 12.8 9.3 7.5 2.5 2 0 3 5 5
6093.3 5595.5 -19.3 106 0 10.7 12.2 7.5 2.5 2 1 3 0 0
6167.0 5743.1 -21.6 276 0 10.6 13.4 2.5 2.5 2 1 1 0 0
6174.6 5716.1 -21.5 0 0 8.0 7.3 7.5 2.5 2 0 3 1 1
6162.2 5675.8 -21.1 101 0 14.0 10.6 10.0 2.5 2 0 4 4 4
6270.9 5726.0 -23.0 277 0 13.6 13.1 2.5 2.5 2 0 1 5 5
6647.5 6038.8 -24.9 100 0 6.1 6.1 5.0 2.5 2 0 2 4 4
6649.8 6083.3 -25.3 282 0 9.4 15.0 7.5 2.5 2 1 3 3 3
6749.8 6122.9 -24.7 209 0 7.8 14.3 5.0 2.5 2 1 2 5 5
6719.3 5920.6 -22.3 309 0 6.1 16.4 5.0 0.0 0 1 2 2 2
6680.6 5788.1 -22.3 274 0 11.3 13.7 5.0 2.5 2 1 2 5 5
6672.2 5808.6 -22.5 269 0 12.0 11.2 7.5 2.5 2 0 3 1 1
6687.1 5869.1 -22.7 277 0 13.1 10.3 5.0 2.5 2 0 2 1 1
6589.2 5753.2 -22.5 170 0 9.7 8.8 5.0 2.5 2 0 2 2 2
6619.6 5813.6 -22.9 273 0 13.1 11.4 5.0 2.5 2 0 2 5 5
6590.1 5800.3 -22.9 189 0 10.1 12.0 7.5 0.0 0 1 3 0 0
6552.7 5837.0 -22.8 189 0 12.0 12.8 7.5 0.0 0 1 3 1 1
6528.5 5916.4 -23.5 288 0 8.8 7.3 5.0 2.5 2 0 2 1 1
6526.6 6019.7 -24.8 195 0 9.2 10.8 7.5 2.5 2 1 3 2 2
6605.5 6104.9 -26.4 189 0 8.7 15.3 5.0 2.5 2 1 2 3 3
6606.9 6071.2 -26.1 189 0 15.7 10.5 7.5 2.5 2 0 3 1 1
6595.0 6038.1 -25.2 98 0 14.2 11.6 7.5 2.5 2 0 3 0 0
6598.7 5973.9 -24.2 282 0 12.3 10.5 7.5 2.5 2 0 3 5 5
6687.4 6067.4 -24.4 285 0 9.9 10.1 7.5 2.5 2 1 3 3 3
6713.4 6002.1 -22.8 95 0 15.2 14.4 2.5 2.5 2 0 1 3 3
6712.6 6050.6 -23.3 202 0 11.6 14.5 5.0 2.5 2 1 2 2 2
6778.0 6088.7 -24.5 22 0 9.6 6.7 7.5 2.5 2 0 3 0 0
6843.8 5931.7 -23.3 18 0 8.4 15.7 2.5 2.5 2 1 1 1 1
6807.2 5889.2 -22.1 21 0 14.8 10.4 7.5 2.5 2 0 3 2 2
6783.8 5823.7 -21.9 96 0 12.1 8.2 7.5 2.5 4 0 3 0 0
6752.4 5855.7 -22.2 295 0 8.1 18.7 7.5 2.5 2 1 3 1 1
6718.7 5864.1 -22.4 284 0 16.8 10.5 10.0 2.5 2 0 4 5 5
6714.9 5736.9 -21.7 12 0 7.0 9.9 5.0 2.5 4 1 2 0 0
6901.8 3355.5 -10.7 26 0 7.9 11.8 2.5 2.5 2 1 1 4 4
6896.4 3316.6 -10.1 162 0 6.7 11.9 2.5 2.5 2 1 1 2 2
6889.7 3269.3 -9.4 342 0 12.9 6.6 10.0 2.5 2 0 4 3 3
6857.4 3312.0 -9.5 172 0 16.2 11.1 7.5 2.5 2 0 3 4 4
6853.6 3396.8 -10.4 290 0 11.2 7.9 7.5 2.5 2 0 3 0 0
6838.3 3404.6 -9.9 296 0 6.8 8.2 5.0 2.5 2 1 2 3 3
6815.4 3469.9 -9.1 24 0 8.7 9.3 5.0 2.5 2 1 2 1 1
6757.4 3354.0 -8.1 118 0 10.0 9.5 5.0 2.5 2 0 2 3 3
6723.1 3403.5 -7.4 292 0 8.1 21.4 5.0 2.5 2 1 2 0 0
6747.5 3446.9 -7.8 121 0 12.9 8.9 2.5 0.0 0 0 1 0 0
6728.0 3460.0 -7.3 126 0 10.7 8.2 7.5 0.0 0 0 3 0 0
6694.1 3555.0 -7.3 45 0 10.5 10.0 7.5 2.5 2 0 3 4 4
6640.4 3531.6 -6.4 131 0 10.3 14.2 10.0 2.5 2 1 4 5 5
6649.6 3524.3 -6.4 131 0 8.8 13.1 5.0 2.5 2 1 2 2 2
6671.1 3507.3 -6.2 133 0 9.5 7.0 7.5 2.5 2 0 3 1 1
6699.6 3467.3 -6.7 117 0 12.9 11.7 2.5 2.5 2 0 1 4 4
6711.9 3419.9 -7.0 321 0 13.9 13.2 7.5 2.5 2 0 3 4 4
6689.3 3447.2 -6.5 308 0 8.8 6.9 7.5 2.5 2 0 3 1 1
6689.2 3433.0 -6.6 307 0 15.7 14.6 2.5 2.5 2 0 1 1 1
6683.8 3382.4 -6.5 45 0 8.3 16.1 7.5 2.5 4 1 3 0 0
6631.7 3407.1 -5.5 145 0 8.3 7.1 7.5 2.5 2 0 3 0 0
6621.9 3433.8 -5.7 130 0 13.0 10.2 7.5 2.5 2 0 3 2 2
6613.2 3473.8 -5.9 137 0 11.8 8.7 5.0 2.5 2 0 2 5 5
6628.9 3500.0 -5.9 319 0 6.8 7.3 7.5 2.5 2 1 3 2 2
6604.9 3510.8 -6.0 316 0 12.7 11.3 7.5 2.5 2 0 3 3 3
6585.9 3545.7 -5.9 310 0 13.6 9.3 5.0 2.5 2 0 2 3 3
6549.3 3588.8 -5.9 329 0 8.6 10.3 5.0 2.5 2 1 2 5 5
6549.2 3561.7 -5.8 334 0 10.2 9.5 10.0 0.0 0 0 4 2 2
6532.9 3597.4 -7.2 340 0 12.2 19.0 5.0 2.5 4 1 2 4 4
6472.5 3569.5 -7.8 158 0 10.2 14.2 10.0 0.0 0 1 4 2 2
6427.3 3607.9 -8.8 269 0 8.6 9.2 5.0 2.5 2 1 2 5 5
6381.7 3606.6 -8.8 179 0 9.0 8.5 7.5 2.5 2 0 3 3 3
6387.4 3850.7 -11.0 339 0 10.4 16.2 5.0 2.5 2 1 2 2 2
6322.3 3717.8 -8.8 160 0 8.8 10.3 5.0 2.5 2 1 2 2 2
6365.3 3734.8 -9.7 62 0 14.9 9.2 7.5 0.0 0 0 3 3 3
6427.3 3788.6 -11.3 304 0 15.8 8.1 5.0 2.5 2 0 2 0 0
6417.2 3812.0 -11.2 335 0 10.6 15.1 5.0 0.0 0 1 2 2 2
6403.3 3821.7 -11.0 339 0 15.2 9.7 5.0 2.5 2 0 2 2 2
6438.5 3713.9 -10.7 65 0 9.4 8.1 7.5 2.5 2 0 3 5 5
6449.8 3840.9 -12.3 143 0 15.9 11.6 7.5 2.5 2 0 3 2 2
6395.0 3893.4 -11.9 167 0 9.3 12.8 10.0 2.5 2 1 4 4 4
6386.2 3902.6 -11.8 158 0 9.5 10.9 7.5 2.5 2 1 3 5 5
6373.0 3926.1 -12.1 164 0 13.2 15.0 5.0 2.5 4 1 2 4 4
6322.7 3809.9 -10.0 70 0 8.3 11.8 7.5 2.5 2 1 3 3 3
6326.8 3864.9 -10.9 164 0 13.7 7.0 7.5 2.5 2 0 3 0 0
6357.8 3885.3 -11.0 334 0 13.8 10.3 5.0 2.5 2 0 2 2 2
6331.4 3909.9 -11.4 313 0 9.4 11.7 5.0 2.5 2 1 2 5 5
6329.1 3925.4 -11.6 318 0 10.1 16.8 10.0 2.5 2 1 4 4 4
6319.7 3944.8 -11.9 326 0 10.9 11.4 7.5 2.5 2 1 3 5 5
6309.4 3954.3 -12.1 320 0 11.2 13.5 7.5 2.5 2 1 3 5 5
6320.5 4011.1 -12.6 150 0 9.1 7.9 2.5 2.5 2 0 1 0 0
6320.4 4060.6 -12.1 311 0 10.2 7.1 5.0 2.5 2 0 2 1 1
6299.9 4040.6 -12.1 139 0 8.5 7.6 7.5 0.0 0 0 3 3 3
6314.7 4024.6 -12.7 141 0 13.1 7.1 10.0 2.5 2 0 4 1 1
6279.0 4005.8 -12.4 336 0 10.6 10.8 5.0 2.5 2 1 2 5 5
6284.0 4078.2 -11.2 233 0 14.5 10.8 2.5 2.5 2 0 1 1 1
4635.8 3404.0 -6.3 286 0 13.6 12.3 5.0 2.5 2 0 2 2 2
4629.7 3335.9 -4.7 27 0 12.1 12.7 5.0 2.5 2 1 2 3 3
4594.5 3369.7 -5.2 287 0 10.6 14.1 7.5 2.5 2 1 3 0 0
4550.6 3371.5 -5.1 281 0 13.6 13.1 10.0 2.5 2 0 4 1 1
4031.9 3380.2 6.0 244 0 11.2 12.6 7.5 2.5 2 1 3 4 4
4184.0 3499.7 -4.5 311 0 8.2 14.0 2.5 2.5 2 1 1 5 5
4403.6 3363.5 -7.5 188 0 13.8 12.1 10.0 2.5 2 0 4 5 5
4444.6 3350.0 -6.6 91 0 10.7 19.5 5.0 2.5 2 1 2 3 3
4306.0 3645.9 -10.0 15 0 9.4 15.9 2.5 2.5 4 1 1 2 2
4278.1 3613.9 -9.0 100 0 16.6 10.6 7.5 2.5 2 0 3 1 1
3318.8 3858.6 -7.4 188 0 8.3 10.8 5.0 2.5 2 1 2 5 5
4401.3 4358.6 -12.3 196 0 22.1 10.3 7.5 2.5 2 0 3 0 0
4340.3 4327.5 -10.6 121 0 8.3 11.5 7.5 2.5 2 1 3 1 1
4305.7 4197.2 -10.7 201 0 10.4 10.2 5.0 2.5 2 0 2 3 3
4291.5 4134.1 -11.4 198 0 14.1 9.1 2.5 2.5 4 0 1 5 5
4248.0 3982.1 -11.2 182 0 15.3 14.0 7.5 0.0 0 0 3 0 0
4310.6 3976.3 -13.0 9 0 14.6 12.8 7.5 2.5 2 0 3 2 2
4303.3 3787.1 -10.6 200 0 12.7 13.3 5.0 2.5 2 1 2 5 5
4300.1 3855.0 -10.2 12 0 13.1 11.1 5.0 2.5 4 0 2 5 5
4228.4 3887.9 -9.0 189 0 9.0 10.3 5.0 2.5 2 1 2 4 4
4210.0 3852.8 -8.5 186 0 13.0 11.8 5.0 2.5 2 0 2 3 3
4216.5 3778.5 -9.3 177 0 18.8 13.2 2.5 2.5 2 0 1 4 4
4232.7 3712.5 -10.0 5 0 16.1 10.0 7.5 2.5 4 0 3 1 1
4223.6 3680.4 -10.2 101 0 11.5 14.3 7.5 2.5 4 1 3 2 2
4151.7 3683.2 -7.5 100 0 11.3 7.5 10.0 2.5 2 0 4 5 5
4036.6 3658.2 -3.0 96 0 17.7 11.2 7.5 2.5 2 0 3 2 2
3990.7 3799.2 -7.4 272 0 11.8 8.6 7.5 2.5 2 0 3 2 2
3997.3 3743.6 -5.7 3 0 16.8 8.1 2.5 0.0 0 0 1 3 3
3980.1 3680.2 -2.8 268 0 10.0 12.1 5.0 0.0 0 1 2 4 4
3847.4 3734.1 -6.9 194 0 10.2 15.7 2.5 0.0 0 1 1 3 3
3758.7 3707.8 -4.9 192 0 11.3 10.3 7.5 2.5 2 0 3 2 2
3752.9 3844.4 -7.2 15 0 11.2 12.4 5.0 2.5 2 1 2 2 2
3693.7 3780.9 -4.0 42 0 7.2 9.4 5.0 2.5 2 1 2 1 1
3624.9 3899.9 -6.9 190 0 9.7 9.7 7.5 2.5 2 0 3 0 0
3669.9 3868.2 -6.9 4 0 10.3 11.2 10.0 2.5 2 1 4 4 4
3638.0 3806.4 -3.2 192 0 10.2 6.4 5.0 2.5 2 0 2 4 4
3542.6 3898.5 -5.2 274 0 9.0 9.3 7.5 2.5 2 1 3 5 5
3520.6 3855.6 -3.6 23 0 9.5 11.9 5.0 2.5 2 1 2 2 2
3500.1 3949.2 -7.9 359 0 7.7 8.4 7.5 2.5 2 1 3 4 4
3494.0 3915.1 -6.4 11 0 9.9 8.1 10.0 2.5 2 0 4 0 0
3450.5 3859.9 -4.5 92 0 11.5 10.3 10.0 2.5 2 0 4 3 3
3429.1 3940.5 -7.8 271 0 13.1 10.8 5.0 2.5 2 0 2 3 3
3466.7 3923.5 -6.7 278 0 9.5 8.9 7.5 2.5 2 0 3 4 4
3386.6 3911.8 -7.7 198 0 15.0 8.6 10.0 2.5 4 0 4 2 2
6846.0 2513.1 -5.9 87 0 13.1 9.4 7.5 2.5 2 0 3 2 2
6869.5 2511.0 -6.1 87 0 11.2 9.4 5.0 2.5 2 0 2 0 0
6888.1 2528.9 -6.3 357 0 21.8 10.3 5.0 2.5 2 0 2 0 0
-6828.9 6583.6 -21.8 93 0 12.8 13.6 10.0 2.5 2 1 4 3 3
-6851.1 6550.8 -22.2 273 0 14.4 12.3 7.5 2.5 2 0 3 5 5
-6860.0 6598.1 -21.6 93 0 11.6 10.4 10.0 0.0 0 0 4 1 1
-6892.8 6602.5 -21.9 183 0 13.9 8.0 5.0 0.0 0 0 2 3 3
-6885.4 6543.5 -22.3 183 0 9.0 15.1 2.5 2.5 2 1 1 5 5
-6675.5 4778.6 -16.0 219 0 7.2 10.9 10.0 2.5 2 1 4 1 1
-6277.7 4604.8 -19.6 39 0 12.2 14.5 5.0 2.5 2 1 2 4 4
-6258.1 4656.8 -19.6 359 0 6.0 11.7 2.5 2.5 2 1 1 2 2
-6543.6 6540.6 -24.4 273 0 12.8 13.2 10.0 2.5 2 1 4 4 4
-6583.2 6547.0 -23.9 267 0 13.6 12.4 2.5 2.5 2 0 1 4 4
-6579.7 6584.8 -22.6 103 0 10.1 10.2 5.0 2.5 2 1 2 5 5
-6635.9 6550.9 -23.1 264 0 9.8 14.4 7.5 2.5 2 1 3 1 1
-6601.0 6517.8 -23.6 88 0 7.6 6.6 7.5 2.5 2 0 3 2 2
-6609.7 6549.8 -23.3 272 0 12.8 15.7 5.0 2.5 2 1 2 3 3
-6451.1 6541.7 -23.3 108 0 12.6 10.4 10.0 0.0 0 0 4 2 2
-6611.7 6584.3 -22.6 92 0 10.1 8.2 5.0 2.5 2 0 2 0 0
-6647.4 6583.4 -22.1 88 0 11.8 8.3 7.5 2.5 2 0 3 2 2
-6674.4 6575.4 -21.9 88 0 6.0 8.0 10.0 2.5 2 1 4 0 0
-6732.0 6594.7 -21.1 88 0 13.4 14.3 7.5 2.5 2 1 3 3 3
-6715.4 6577.1 -21.6 92 0 11.5 11.0 5.0 2.5 2 0 2 0 0
-6728.8 6535.6 -21.8 2 0 8.9 7.1 5.0 2.5 2 0 2 1 1
-6744.4 6549.4 -21.8 272 0 14.0 12.4 5.0 0.0 0 0 2 2 2
-6772.9 6530.4 -22.5 95 0 6.4 7.5 5.0 0.0 0 1 2 4 4
-6773.4 6591.1 -21.2 93 0 10.9 10.5 7.5 2.5 2 0 3 0 0
-6792.0 6595.6 -21.2 79 0 9.6 12.6 7.5 2.5 2 1 3 0 0
-6477.8 4894.6 -18.0 91 0 6.5 12.7 5.0 2.5 2 1 2 3 3
-6426.6 4820.3 -17.0 184 0 15.0 13.5 5.0 2.5 2 0 2 2 2
-6400.4 4911.2 -21.5 280 0 15.2 18.3 7.5 2.5 2 1 3 0 0
2764.8 6115.7 -15.5 267 0 12.6 9.2 5.0 0.0 0 0 2 3 3
2747.2 6506.0 -19.7 10 0 14.9 9.9 2.5 2.5 4 0 1 2 2
2735.3 6421.7 -19.0 10 0 22.0 12.7 10.0 2.5 2 0 4 5 5
2788.2 6427.9 -18.0 289 0 13.4 17.3 7.5 2.5 4 1 3 0 0
2760.7 6312.0 -18.4 193 0 10.6 8.4 10.0 0.0 0 0 4 0 0
2775.2 6266.5 -18.1 10 0 13.9 15.7 5.0 2.5 2 1 2 2 2
2609.6 6315.2 -20.4 178 0 13.6 10.8 2.5 2.5 2 0 1 1 1
2667.9 6317.6 -20.0 287 0 11.9 17.9 5.0 0.0 0 1 2 2 2
2715.7 6256.1 -19.1 1 0 22.2 16.2 7.5 2.5 2 0 3 2 2
2652.2 6210.9 -18.8 174 0 12.9 17.3 2.5 2.5 2 1 1 4 4
2693.9 6161.9 -18.3 10 0 11.1 9.6 2.5 2.5 2 0 1 5 5
2911.5 6013.3 -14.6 100 0 19.1 12.6 7.5 2.5 4 0 3 4 4
2735.8 6029.5 -14.8 87 0 6.4 8.6 7.5 2.5 2 1 3 1 1
2634.6 5955.9 -13.7 69 0 7.9 8.4 5.0 0.0 0 1 2 0 0
2604.4 5953.0 -13.9 153 0 15.4 10.8 10.0 2.5 2 0 4 5 5
2639.0 5988.9 -15.1 333 0 9.4 13.8 5.0 2.5 4 1 2 2 2
2642.6 6067.5 -17.5 174 0 8.6 8.1 5.0 2.5 2 0 2 1 1
2714.2 6105.9 -16.9 178 0 14.0 9.0 7.5 2.5 4 0 3 5 5
2851.4 6109.5 -13.7 272 0 13.1 11.4 5.0 2.5 2 0 2 1 1
2725.5 5959.8 -13.9 160 0 11.2 11.3 5.0 2.5 2 1 2 3 3
2745.4 5922.3 -13.4 146 0 11.1 10.7 7.5 2.5 2 0 3 4 4
2767.0 5838.3 -12.3 89 0 12.3 13.7 7.5 0.0 0 1 3 0 0
2810.2 5659.7 -11.7 11 0 13.7 13.0 5.0 2.5 4 0 2 2 2
2610.4 5482.0 -8.8 21 0 8.9 8.4 7.5 2.5 2 0 3 1 1
2535.1 5605.9 -11.0 112 0 12.6 12.4 7.5 2.5 2 0 3 0 0
2399.8 5595.6 -14.3 85 0 6.5 7.7 5.0 2.5 4 1 2 3 3
2356.5 5487.1 -16.9 275 0 10.0 13.7 2.5 2.5 2 1 1 2 2
2354.7 5375.7 -17.1 294 0 10.5 9.5 5.0 2.5 2 0 2 1 1
2336.9 5288.9 -16.1 173 0 6.0 6.2 7.5 2.5 2 1 3 5 5
2389.6 5355.7 -16.3 92 0 8.3 12.3 7.5 2.5 2 1 3 5 5
2391.7 5280.0 -15.2 102 0 14.9 10.6 5.0 2.5 2 0 2 3 3
2436.9 5284.5 -14.7 359 0 9.9 10.0 5.0 2.5 4 1 2 3 3
2460.2 5321.1 -14.6 1 0 9.5 14.2 7.5 2.5 2 1 3 3 3
2514.9 5170.7 -14.5 275 0 13.4 18.4 5.0 2.5 2 1 2 0 0
2742.7 4902.1 -14.6 272 0 12.2 10.6 7.5 2.5 2 0 3 2 2
2782.8 4909.4 -14.3 268 0 6.3 9.5 5.0 2.5 2 1 2 2 2
2858.6 4874.4 -13.2 78 0 9.7 10.6 2.5 2.5 2 1 1 4 4
2913.7 4934.3 -12.4 92 0 14.7 17.3 10.0 2.5 2 1 4 2 2
3311.5 5604.0 -19.3 11 0 6.0 12.0 7.5 2.5 2 1 3 1 1
3074.6 5661.1 -17.2 94 0 12.0 9.5 7.5 2.5 2 0 3 4 4
2718.8 5092.4 -13.2 10 0 7.2 9.2 7.5 2.5 2 1 3 3 3
2720.6 5137.3 -13.2 353 0 7.7 12.7 10.0 2.5 4 1 4 5 5
2742.3 5164.3 -12.8 7 0 16.5 14.9 10.0 2.5 2 0 4 2 2
2684.8 5217.0 -11.9 280 0 7.3 18.0 7.5 2.5 4 1 3 4 4
2678.7 5170.7 -12.9 103 0 14.1 17.1 5.0 2.5 4 1 2 1 1
2810.7 5427.3 -11.5 281 0 13.2 8.9 7.5 2.5 2 0 3 5 5
2931.3 5411.6 -13.7 83 0 8.3 15.2 7.5 2.5 2 1 3 1 1
2910.4 5464.2 -13.1 177 0 9.9 11.5 2.5 2.5 2 1 1 2 2
2992.8 5543.4 -15.1 93 0 6.1 9.0 7.5 2.5 2 1 3 1 1
3016.4 5676.4 -15.4 91 0 10.1 6.0 10.0 2.5 2 0 4 3 3
2603.1 5666.6 -12.4 219 0 8.4 8.8 7.5 2.5 2 1 3 4 4
2652.0 5641.6 -11.6 140 0 10.4 9.5 5.0 2.5 2 0 2 1 1
2800.0 5625.4 -11.4 20 0 13.5 9.2 2.5 2.5 2 0 1 2 2
2715.2 5558.5 -10.2 222 0 14.6 11.8 7.5 2.5 2 0 3 2 2
2699.9 5499.4 -9.6 164 0 10.2 16.2 7.5 2.5 2 1 3 0 0
2635.9 5365.8 -10.4 0 0 7.0 15.0 7.5 2.5 2 1 3 2 2
2643.5 5311.6 -11.0 4 0 10.1 11.9 5.0 2.5 2 1 2 4 4
2584.2 5255.1 -12.9 195 0 12.8 25.0 10.0 2.5 2 1 4 5 5
2608.1 5168.1 -13.6 21 0 14.8 8.8 7.5 2.5 2 0 3 3 3
2586.1 5214.4 -13.3 181 0 10.8 9.8 10.0 2.5 2 0 4 4 4
2606.8 5189.5 -13.4 20 0 14.3 14.0 7.5 2.5 2 0 3 1 1
2558.3 5173.6 -14.0 281 0 14.8 14.7 7.5 2.5 2 0 3 3 3
2565.0 5121.2 -14.0 8 0 10.4 13.3 5.0 2.5 2 1 2 3 3
2527.4 5059.3 -15.6 88 0 19.4 9.0 5.0 2.5 2 0 2 0 0
2496.9 4913.3 -17.9 84 0 17.1 11.6 7.5 2.5 2 0 3 1 1
2516.3 4982.5 -17.0 356 0 8.9 17.5 7.5 2.5 2 1 3 4 4
2571.1 4846.2 -17.6 356 0 7.3 8.5 5.0 2.5 2 1 2 3 3
2564.9 4830.1 -17.6 0 0 13.2 8.4 2.5 2.5 2 0 1 5 5
2579.2 4884.5 -17.0 170 0 8.2 16.0 7.5 2.5 2 1 3 2 2
2633.5 4889.9 -16.1 93 0 6.7 9.2 7.5 2.5 2 1 3 4 4
2620.2 4817.8 -17.0 356 0 8.3 16.7 2.5 2.5 2 1 1 5 5
2621.9 4759.5 -16.4 189 0 13.4 14.1 7.5 2.5 2 1 3 5 5
2644.7 4708.3 -15.9 3 0 16.5 13.4 5.0 0.0 0 0 2 2 2
2752.4 4496.8 -11.6 111 0 11.5 10.8 7.5 2.5 2 0 3 3 3
2657.3 4482.5 -14.4 187 0 6.4 23.8 15.0 0.0 0 1 6 2 2
1924.4 4796.4 -20.2 105 0 6.7 9.0 5.0 2.5 2 1 2 3 3
2019.7 4706.1 -17.1 111 0 8.5 9.8 2.5 2.5 2 1 1 3 3
1982.4 4700.5 -17.6 128 0 7.0 7.5 2.5 0.0 0 1 1 3 3
1994.4 4718.6 -17.7 200 0 13.2 14.4 7.5 2.5 2 1 3 3 3
2314.8 4424.4 -14.2 99 0 14.6 9.9 5.0 2.5 2 0 2 3 3
2263.7 4448.4 -13.5 116 0 13.7 10.7 7.5 2.5 2 0 3 0 0
2248.4 4470.5 -13.7 299 0 14.8 9.6 7.5 2.5 2 0 3 4 4
2174.8 4452.0 -12.7 52 0 10.2 8.0 7.5 2.5 2 0 3 0 0
2044.6 4510.2 -15.2 185 0 7.9 9.7 7.5 2.5 2 1 3 3 3
2076.2 4449.3 -14.1 47 0 10.6 10.2 5.0 2.5 2 0 2 0 0
2137.2 4505.0 -14.4 308 0 13.2 7.8 7.5 2.5 2 0 3 1 1
2035.7 4559.2 -16.6 131 0 10.6 17.1 5.0 2.5 2 1 2 4 4
1660.3 4477.5 -15.5 2 0 13.7 11.5 7.5 2.5 2 0 3 2 2
1678.7 4903.3 -20.1 355 0 14.4 11.0 7.5 2.5 2 0 3 1 1
1679.2 4865.9 -19.3 90 0 13.8 8.9 7.5 2.5 2 0 3 4 4
1617.7 4921.6 -20.8 256 0 10.3 9.4 5.0 2.5 2 0 2 4 4
1618.7 4839.4 -18.0 350 0 13.1 14.9 5.0 2.5 2 1 2 2 2
1606.9 4795.9 -16.4 10 0 16.9 11.7 10.0 2.5 2 0 4 1 1
1559.9 4846.4 -17.7 275 0 11.3 20.3 7.5 2.5 2 1 3 4 4
1545.6 4888.3 -19.0 343 0 11.0 19.4 2.5 2.5 2 1 1 4 4
1527.5 4840.9 -17.2 185 0 11.3 8.2 2.5 2.5 2 0 1 4 4
1528.3 4779.8 -16.5 95 0 10.0 11.3 5.0 2.5 2 1 2 2 2
1496.9 4790.3 -17.4 186 0 10.5 13.5 7.5 2.5 2 1 3 0 0
781.0 4536.2 -13.9 32 0 11.1 8.4 5.0 2.5 2 0 2 3 3
732.4 4513.3 -13.4 204 0 11.0 19.1 7.5 2.5 2 1 3 1 1
324.8 4658.3 -15.8 352 0 10.2 13.6 7.5 2.5 4 1 3 3 3
268.5 4599.0 -16.1 177 0 12.6 13.1 2.5 2.5 2 1 1 5 5
245.7 4596.9 -16.6 275 0 8.5 6.6 7.5 2.5 2 0 3 0 0
196.9 4567.3 -17.8 184 0 11.7 9.4 7.5 2.5 2 0 3 3 3
189.9 4486.8 -18.3 192 0 12.5 14.9 7.5 2.5 2 1 3 4 4
245.5 4480.9 -18.1 5 0 10.5 13.6 5.0 2.5 2 1 2 3 3
258.5 4541.4 -17.2 98 0 17.3 10.5 7.5 2.5 2 0 3 0 0
416.5 4586.8 -12.8 64 0 8.2 6.7 5.0 2.5 2 0 2 0 0
410.2 4510.8 -16.3 355 0 10.0 17.5 5.0 2.5 4 1 2 0 0
578.3 4575.3 -12.3 5 0 7.0 9.4 7.5 2.5 2 1 3 2 2
664.9 4586.9 -13.9 13 0 10.8 14.5 2.5 2.5 2 1 1 5 5
634.7 4696.4 -12.1 95 0 13.9 9.7 7.5 2.5 2 0 3 0 0
678.2 4760.7 -13.2 26 0 17.5 14.9 10.0 2.5 2 0 4 2 2
598.3 4758.3 -12.8 119 0 8.9 10.5 7.5 2.5 2 1 3 4 4
644.6 4803.1 -13.3 305 0 10.6 15.8 5.0 0.0 0 1 2 0 0
626.9 4823.2 -13.7 295 0 13.5 15.4 5.0 2.5 2 1 2 2 2
566.3 4786.5 -15.2 106 0 6.1 12.7 7.5 2.5 2 1 3 4 4
580.9 4835.5 -15.9 195 0 13.3 12.2 5.0 2.5 2 0 2 3 3
496.8 4723.6 -14.6 273 0 6.2 8.1 7.5 2.5 2 1 3 5 5
517.8 4676.5 -13.3 344 0 11.7 23.1 10.0 2.5 2 1 4 2 2
483.6 4648.8 -13.3 341 0 10.1 18.7 7.5 2.5 2 1 3 0 0
443.8 4722.4 -15.3 260 0 9.3 11.8 5.0 2.5 2 1 2 0 0
447.6 4666.5 -14.0 178 0 9.9 14.0 7.5 0.0 0 1 3 5 5
424.2 4673.9 -14.0 157 0 8.8 11.7 5.0 2.5 2 1 2 4 4
337.3 4612.9 -14.8 288 0 7.8 11.3 5.0 2.5 2 1 2 5 5
328.8 4736.1 -16.5 13 0 12.9 8.3 2.5 2.5 4 0 1 4 4
330.2 4695.6 -16.2 8 0 11.0 14.9 10.0 2.5 2 1 4 5 5
273.9 4655.5 -16.6 169 0 8.7 7.0 7.5 2.5 2 0 3 5 5
255.8 4656.0 -17.0 180 0 12.1 11.0 7.5 2.5 2 0 3 0 0
264.8 4762.2 -18.2 275 0 19.3 12.8 5.0 2.5 2 0 2 5 5
313.1 5195.0 -16.4 21 0 9.9 11.7 2.5 2.5 2 1 1 1 1
310.0 5233.3 -17.2 0 0 11.5 13.9 10.0 2.5 2 1 4 4 4
306.3 5045.4 -18.1 41 0 17.5 12.7 2.5 2.5 2 0 1 1 1
216.9 5121.2 -17.1 140 0 9.7 16.5 2.5 2.5 2 1 1 4 4
311.7 5272.8 -18.8 359 0 15.0 12.7 7.5 2.5 4 0 3 5 5
174.0 5410.1 -19.8 350 0 13.8 11.5 7.5 2.5 2 0 3 3 3
167.4 5469.1 -19.0 355 0 11.0 13.4 2.5 2.5 2 1 1 1 1
258.9 5457.4 -19.8 0 0 17.0 12.1 10.0 2.5 2 0 4 1 1
145.6 5560.8 -18.1 185 0 16.1 12.7 5.0 2.5 2 0 2 5 5
-1468.3 5915.6 -27.5 235 0 8.8 14.2 5.0 2.5 2 1 2 5 5
-1436.4 5758.1 -26.2 64 0 13.6 11.3 7.5 2.5 2 0 3 1 1
-1438.1 5800.1 -26.0 232 0 10.3 14.3 2.5 2.5 2 1 1 2 2
-1399.0 5844.2 -26.3 234 0 9.9 12.6 7.5 2.5 2 1 3 5 5
-1412.0 5828.3 -26.4 236 0 11.7 12.0 7.5 0.0 0 1 3 2 2
-1429.0 5818.8 -26.1 230 0 15.7 11.2 10.0 2.5 2 0 4 5 5
-1419.6 5880.8 -27.0 57 0 10.5 11.9 10.0 2.5 4 1 4 0 0
-1367.2 5916.1 -28.5 64 0 13.9 6.2 5.0 2.5 2 0 2 3 3
-1341.6 5898.9 -27.7 236 0 10.3 11.8 2.5 2.5 2 1 1 4 4
-1311.5 5923.1 -28.3 227 0 10.1 14.8 7.5 2.5 2 1 3 5 5
-1254.1 5970.2 -29.7 226 0 15.1 16.4 5.0 2.5 2 1 2 1 1
-1270.5 6010.7 -29.3 65 0 17.7 15.3 7.5 2.5 2 0 3 0 0
92.3 6164.2 -23.2 83 0 13.5 10.4 10.0 2.5 2 0 4 0 0
445.5 6115.4 -20.1 79 0 10.9 9.5 7.5 2.5 2 0 3 0 0
409.3 6123.1 -19.3 89 0 10.3 12.7 5.0 2.5 2 1 2 1 1
396.5 6120.2 -19.1 83 0 8.5 16.8 10.0 2.5 2 1 4 4 4
503.1 6089.6 -21.6 357 0 15.1 8.3 5.0 2.5 2 0 2 0 0
496.4 6123.4 -21.1 351 0 11.5 9.3 7.5 2.5 2 0 3 4 4
486.6 6140.2 -20.8 351 0 12.0 13.4 7.5 0.0 0 1 3 0 0
466.1 6119.6 -20.5 82 0 8.9 12.7 5.0 2.5 2 1 2 1 1
461.7 6077.2 -21.0 171 0 7.5 9.9 5.0 2.5 2 1 2 1 1
557.3 6035.9 -23.4 86 0 16.0 14.2 7.5 2.5 2 0 3 0 0
607.7 6004.6 -24.8 341 0 11.5 6.2 7.5 2.5 4 0 3 3 3
599.4 6089.1 -24.0 267 0 19.3 9.9 7.5 2.5 2 0 3 0 0
600.8 6072.1 -24.2 266 0 17.2 11.8 7.5 0.0 0 0 3 4 4
716.1 6139.0 -25.8 356 0 12.3 15.4 2.5 2.5 2 1 1 3 3
700.9 6182.0 -25.4 267 0 11.7 11.6 5.0 2.5 2 0 2 3 3
592.2 6209.7 -22.5 358 0 8.9 7.0 5.0 2.5 2 0 2 0 0
585.9 6199.2 -22.3 4 0 7.7 10.4 10.0 2.5 2 1 4 0 0
584.3 6228.0 -22.4 358 0 14.3 14.5 5.0 2.5 2 1 2 2 2
534.1 6207.2 -21.1 82 0 6.7 13.1 7.5 2.5 2 1 3 3 3
536.8 6193.5 -21.4 83 0 14.2 8.3 5.0 2.5 4 0 2 3 3
520.9 6178.8 -21.2 85 0 15.7 10.7 7.5 2.5 2 0 3 1 1
511.3 6213.3 -20.6 84 0 8.4 11.9 10.0 2.5 2 1 4 1 1
484.6 6209.2 -20.0 85 0 7.1 13.5 7.5 2.5 2 1 3 4 4
493.6 6180.0 -20.6 80 0 13.0 11.2 5.0 2.5 2 0 2 2 2
473.2 6209.1 -19.8 84 0 9.6 10.7 5.0 2.5 2 1 2 4 4
457.4 6205.5 -19.5 81 0 7.9 14.8 7.5 2.5 4 1 3 5 5
406.9 6210.5 -19.3 178 0 9.0 10.4 5.0 2.5 2 1 2 3 3
380.3 6196.0 -19.3 161 0 13.3 11.3 10.0 2.5 2 0 4 5 5
366.9 6168.6 -19.3 171 0 11.6 13.8 2.5 2.5 2 1 1 4 4
342.1 6204.4 -19.5 177 0 11.7 10.3 7.5 0.0 0 0 3 0 0
284.3 6249.5 -19.8 81 0 11.0 19.9 5.0 2.5 2 1 2 3 3
257.4 6228.7 -20.2 91 0 10.3 6.9 7.5 2.5 4 0 3 1 1
222.5 6250.4 -21.0 92 0 10.7 9.9 5.0 2.5 2 0 2 5 5
216.0 6264.4 -21.2 91 0 12.0 16.0 7.5 2.5 2 1 3 0 0
294.0 6414.9 -23.0 269 0 12.0 12.3 10.0 2.5 2 1 4 1 1
295.0 6641.5 -26.1 254 0 10.7 11.7 7.5 2.5 2 1 3 1 1
321.3 6671.3 -26.6 253 0 12.7 10.7 10.0 2.5 2 0 4 5 5
336.9 6605.1 -24.3 342 0 7.0 7.7 7.5 2.5 2 1 3 5 5
387.9 6422.8 -24.1 274 0 7.2 14.1 5.0 0.0 0 1 2 1 1
385.9 6400.3 -24.0 276 0 8.6 30.9 12.5 2.5 2 1 5 1 1
367.9 6405.8 -23.9 275 0 17.4 9.3 7.5 2.5 2 0 3 4 4
367.2 6393.1 -23.5 273 0 14.4 9.3 7.5 2.5 2 0 3 5 5
322.1 6415.8 -23.2 270 0 9.4 11.4 7.5 2.5 2 1 3 5 5
338.0 6409.9 -23.5 271 0 13.5 12.7 7.5 2.5 2 0 3 4 4
324.4 6381.2 -22.5 269 0 15.5 11.7 7.5 2.5 2 0 3 1 1
169.0 6330.1 -22.8 80 0 12.6 12.1 7.5 2.5 2 0 3 3 3
221.5 6303.0 -21.3 87 0 9.2 9.5 10.0 0.0 0 1 4 3 3
190.7 6293.9 -21.9 85 0 13.6 14.1 7.5 2.5 2 1 3 2 2
181.9 6447.0 -23.6 88 0 14.1 18.6 5.0 0.0 0 1 2 2 2
166.6 6436.5 -23.4 82 0 10.4 11.5 7.5 2.5 2 1 3 5 5
173.7 6408.5 -23.5 264 0 13.4 10.7 7.5 2.5 2 0 3 0 0
182.7 6373.1 -22.8 270 0 9.8 17.0 2.5 2.5 2 1 1 4 4
226.9 6405.3 -22.6 263 0 14.2 10.8 7.5 2.5 2 0 3 3 3
259.9 6407.8 -22.6 266 0 11.8 13.5 5.0 2.5 2 1 2 2 2
244.0 6405.2 -22.6 265 0 13.4 10.2 7.5 2.5 2 0 3 5 5
246.9 6381.1 -21.8 267 0 15.1 14.0 7.5 2.5 4 0 3 2 2
252.8 6300.5 -20.7 83 0 11.0 13.8 7.5 2.5 4 1 3 3 3
268.8 6304.6 -20.4 85 0 13.4 11.0 7.5 2.5 4 0 3 3 3
279.2 6340.8 -20.6 256 0 11.0 13.7 5.0 2.5 4 1 2 5 5
346.4 6325.0 -21.5 84 0 10.8 8.8 5.0 2.5 4 0 2 0 0
347.6 6304.9 -21.0 85 0 12.5 18.1 5.0 2.5 2 1 2 3 3
360.5 6290.1 -20.1 173 0 7.5 9.2 7.5 2.5 2 1 3 3 3
398.4 6279.2 -20.3 176 0 11.3 13.2 7.5 2.5 2 1 3 3 3
427.6 6281.2 -20.8 176 0 11.4 10.0 5.0 2.5 2 0 2 1 1
461.3 6279.1 -21.4 91 0 7.2 13.4 2.5 2.5 2 1 1 0 0
502.1 6287.9 -21.2 359 0 12.3 14.8 7.5 2.5 2 1 3 2 2
534.1 6344.2 -22.7 8 0 8.6 11.4 7.5 2.5 2 1 3 3 3
496.5 6332.0 -23.0 21 0 24.1 9.7 5.0 2.5 2 0 2 0 0
517.9 6332.7 -22.8 355 0 11.3 15.0 5.0 2.5 2 1 2 4 4
512.6 6351.1 -23.0 1 0 11.8 12.7 5.0 0.0 0 1 2 3 3
531.3 6287.6 -21.4 1 0 8.9 10.2 2.5 2.5 2 1 1 0 0
559.1 6314.6 -22.3 354 0 12.2 6.6 5.0 2.5 2 0 2 4 4
594.9 6264.2 -23.0 2 0 11.4 7.4 10.0 2.5 2 0 4 2 2
677.3 6368.1 -26.6 88 0 9.1 9.8 5.0 2.5 4 1 2 0 0
673.6 6433.9 -27.4 266 0 9.5 12.7 5.0 2.5 2 1 2 5 5
635.7 6428.7 -26.4 263 0 9.9 9.2 2.5 0.0 0 0 1 5 5
619.0 6382.5 -25.1 358 0 11.4 12.1 7.5 2.5 2 1 3 5 5
582.7 6343.6 -23.3 356 0 9.3 8.8 7.5 2.5 4 0 3 4 4
573.4 6355.6 -23.3 358 0 11.1 10.1 7.5 2.5 2 0 3 3 3
568.3 6367.7 -23.5 0 0 7.5 10.4 2.5 2.5 2 1 1 0 0
574.0 6413.0 -24.7 271 0 8.4 11.4 7.5 2.5 4 1 3 2 2
561.2 6457.9 -25.8 265 0 13.1 23.9 12.5 2.5 2 1 5 1 1
584.5 6495.4 -26.7 86 0 11.4 9.7 7.5 0.0 0 0 3 3 3
612.4 6482.5 -27.4 89 0 12.8 12.3 5.0 2.5 2 0 2 5 5
633.2 6616.2 -27.6 263 0 13.1 14.0 5.0 2.5 2 1 2 3 3
599.3 6586.4 -26.2 86 0 8.8 9.6 7.5 2.5 2 1 3 2 2
584.1 6536.7 -26.2 356 0 13.2 9.5 10.0 2.5 2 0 4 0 0
557.2 6629.2 -25.1 265 0 10.4 17.0 7.5 2.5 2 1 3 1 1
515.9 6612.8 -23.6 259 0 11.3 11.3 5.0 2.5 2 0 2 2 2
509.0 6568.1 -23.7 265 0 13.3 10.2 10.0 2.5 2 0 4 4 4
550.7 6502.9 -25.6 83 0 12.0 17.7 5.0 2.5 2 1 2 4 4
508.2 6483.3 -24.4 85 0 12.6 13.2 5.0 2.5 2 1 2 1 1
531.2 6482.0 -25.1 78 0 10.1 10.3 5.0 2.5 2 1 2 2 2
528.9 6513.0 -24.7 71 0 6.6 7.3 5.0 2.5 2 1 2 5 5
506.4 6530.0 -23.9 98 0 14.2 15.2 2.5 2.5 2 1 1 4 4
511.7 6505.6 -24.4 94 0 19.1 11.4 5.0 2.5 4 0 2 3 3
416.4 6461.2 -23.0 85 0 7.2 8.1 7.5 2.5 2 1 3 4 4
415.7 6477.8 -22.3 88 0 7.8 9.3 7.5 2.5 2 1 3 0 0
476.1 6675.3 -23.6 336 0 10.8 16.4 2.5 2.5 2 1 1 1 1
491.5 6644.2 -23.4 339 0 10.7 11.2 2.5 2.5 2 1 1 5 5
470.9 6590.3 -22.3 262 0 11.8 9.8 7.5 2.5 2 0 3 1 1
484.0 6481.6 -23.5 91 0 13.2 12.7 7.5 0.0 0 0 3 2 2
469.0 6467.0 -23.5 89 0 10.0 10.9 2.5 2.5 2 1 1 5 5
455.5 6483.8 -23.1 85 0 13.0 11.3 2.5 0.0 0 0 1 5 5
433.8 6473.6 -22.9 87 0 10.3 14.9 2.5 2.5 2 1 1 4 4
432.2 6505.6 -22.4 87 0 10.4 15.4 2.5 2.5 2 1 1 2 2
450.2 6586.8 -21.8 247 0 6.9 8.5 7.5 2.5 2 1 3 3 3
448.3 6614.5 -22.1 255 0 9.9 10.5 5.0 2.5 2 1 2 5 5
429.7 6541.1 -21.8 84 0 10.3 9.9 7.5 2.5 4 0 3 1 1
410.8 6616.6 -22.9 256 0 10.0 11.0 7.5 2.5 2 1 3 2 2
394.1 6611.1 -23.1 257 0 9.3 11.1 7.5 2.5 2 1 3 5 5
379.8 6608.0 -23.3 253 0 11.2 11.4 7.5 2.5 2 1 3 2 2
371.4 6596.1 -23.1 253 0 7.1 12.6 5.0 2.5 2 1 2 3 3
380.0 6582.3 -22.5 256 0 9.3 14.4 7.5 2.5 2 1 3 0 0
399.1 6492.1 -21.7 83 0 10.2 14.0 10.0 2.5 2 1 4 5 5
383.4 6483.1 -21.9 91 0 8.7 15.1 2.5 2.5 2 1 1 3 3
369.0 6471.9 -22.4 85 0 10.1 12.3 5.0 2.5 2 1 2 3 3
373.5 6524.8 -21.0 83 0 9.5 10.3 7.5 0.0 0 1 3 3 3
372.4 6508.5 -20.8 88 0 13.5 10.6 10.0 2.5 2 0 4 4 4
346.2 6463.3 -23.2 99 0 10.5 8.2 7.5 0.0 0 0 3 5 5
331.9 6499.8 -22.1 81 0 18.6 14.6 10.0 2.5 2 0 4 1 1
328.2 6472.5 -22.6 88 0 13.0 18.0 7.5 2.5 2 1 3 4 4
299.9 6448.2 -23.7 86 0 9.2 11.4 7.5 2.5 2 1 3 5 5
308.7 6469.6 -22.6 86 0 13.7 11.8 5.0 2.5 2 0 2 4 4
287.8 6477.9 -23.2 88 0 13.1 10.0 5.0 2.5 2 0 2 5 5
274.7 6465.0 -23.6 81 0 12.0 15.8 5.0 2.5 2 1 2 4 4
257.3 6452.0 -23.7 81 0 11.4 7.9 7.5 2.5 2 0 3 2 2
241.1 6462.5 -23.8 79 0 10.6 9.9 5.0 2.5 2 0 2 1 1
253.4 6467.4 -24.0 78 0 12.1 16.6 5.0 2.5 2 1 2 5 5
249.1 6489.3 -24.2 75 0 13.7 11.7 7.5 2.5 2 0 3 2 2
239.6 6579.0 -24.9 268 0 10.2 13.2 7.5 2.5 2 1 3 4 4
214.8 6580.1 -24.7 216 0 9.2 10.3 5.0 2.5 2 1 2 4 4
207.2 6562.1 -24.4 305 0 15.8 10.5 7.5 2.5 2 0 3 2 2
203.1 6548.1 -24.2 300 0 10.4 12.4 7.5 2.5 2 1 3 4 4
183.4 6530.2 -23.9 263 0 8.4 7.0 10.0 0.0 0 0 4 4 4
177.8 6490.1 -23.7 91 0 11.3 9.0 7.5 2.5 2 0 3 3 3
172.5 6505.4 -23.7 109 0 8.7 8.8 5.0 2.5 2 1 2 0 0
169.6 6517.9 -23.7 96 0 11.3 9.0 7.5 2.5 2 0 3 0 0
180.4 6540.1 -23.8 305 0 7.2 11.5 5.0 2.5 2 1 2 0 0
183.2 6583.7 -24.7 286 0 12.7 10.7 7.5 2.5 2 0 3 5 5
146.7 6568.3 -24.2 261 0 10.2 13.3 7.5 0.0 0 1 3 1 1
135.4 6598.1 -25.3 178 0 9.6 11.0 5.0 2.5 2 1 2 1 1
111.1 6828.3 -26.4 3 0 8.3 7.3 5.0 2.5 2 0 2 0 0
112.2 6811.6 -26.3 6 0 12.0 6.0 7.5 2.5 2 0 3 5 5
38.0 6733.1 -26.7 328 0 9.8 10.3 10.0 2.5 2 1 4 0 0
65.9 6456.1 -25.2 178 0 11.2 10.2 7.5 2.5 2 0 3 3 3
93.7 6503.2 -23.0 180 0 11.7 8.9 5.0 2.5 2 0 2 5 5
68.0 6517.6 -23.3 166 0 10.0 8.1 7.5 2.5 2 0 3 3 3
72.6 6532.3 -23.2 166 0 10.2 8.4 10.0 2.5 2 0 4 2 2
101.3 6570.6 -24.2 268 0 9.8 10.8 7.5 0.0 0 1 3 1 1
118.8 6561.9 -24.0 264 0 9.8 14.8 5.0 2.5 2 1 2 5 5
107.3 6544.8 -23.4 264 0 12.4 11.0 7.5 2.5 2 0 3 1 1
115.7 6520.3 -22.9 176 0 8.4 8.8 7.5 2.5 2 1 3 0 0
145.2 6530.2 -23.3 265 0 9.1 9.4 5.0 2.5 2 1 2 1 1
130.1 6491.5 -23.0 89 0 12.4 12.3 7.5 2.5 2 0 3 5 5
135.4 6490.5 -23.0 86 0 10.3 14.4 7.5 2.5 2 1 3 3 3
142.4 6430.9 -24.1 88 0 14.1 14.8 5.0 2.5 2 1 2 3 3
127.6 6467.7 -23.3 82 0 10.4 18.6 7.5 2.5 2 1 3 0 0
120.2 6430.5 -24.6 87 0 7.7 11.2 2.5 2.5 4 1 1 0 0
97.2 6440.3 -24.9 88 0 11.7 12.3 7.5 2.5 2 1 3 4 4
57.5 6206.8 -23.9 175 0 13.0 10.7 7.5 2.5 2 0 3 2 2
65.0 6296.8 -24.5 171 0 14.5 14.5 5.0 0.0 0 0 2 0 0
163.7 6181.4 -22.1 355 0 9.5 15.5 7.5 2.5 4 1 3 0 0
168.6 6163.0 -21.9 5 0 10.4 14.8 5.0 2.5 2 1 2 5 5
162.3 6208.5 -22.2 353 0 11.6 11.8 2.5 2.5 2 1 1 0 0
156.4 6192.9 -22.2 358 0 10.1 10.6 7.5 2.5 2 1 3 3 3
142.7 6250.6 -22.6 355 0 7.8 9.3 7.5 2.5 2 1 3 2 2
152.5 6235.9 -22.5 357 0 10.6 14.0 7.5 2.5 2 1 3 4 4
144.1 6266.3 -22.7 351 0 8.5 12.8 7.5 2.5 2 1 3 5 5
142.5 6279.9 -22.8 350 0 9.8 10.9 7.5 2.5 2 1 3 0 0
133.4 6303.2 -23.2 81 0 8.4 8.7 5.0 2.5 2 1 2 1 1
97.8 6393.1 -24.9 290 0 6.9 23.5 5.0 2.5 2 1 2 2 2
125.0 6399.3 -24.5 296 0 15.9 33.1 7.5 2.5 2 1 3 0 0
89.2 6350.5 -24.7 167 0 21.2 9.8 7.5 2.5 2 0 3 5 5
64.7 6404.0 -25.9 265 0 11.9 10.0 7.5 2.5 2 0 3 3 3
63.6 6431.2 -25.9 176 0 14.9 14.9 10.0 2.5 2 1 4 3 3
23.0 6397.6 -26.6 273 0 9.5 14.9 7.5 2.5 4 1 3 1 1
9.6 6401.8 -26.8 269 0 11.3 16.5 5.0 2.5 2 1 2 5 5
-416.2 5631.4 -25.8 266 0 6.8 9.3 2.5 2.5 2 1 1 4 4
-400.6 5705.3 -24.1 94 0 10.4 9.2 5.0 2.5 4 0 2 4 4
-451.7 5794.9 -24.5 266 0 7.6 10.5 7.5 2.5 4 1 3 1 1
-527.1 5884.1 -24.8 260 0 9.4 7.4 2.5 2.5 2 0 1 1 1
-513.6 5987.8 -22.6 353 0 8.5 10.0 5.0 2.5 2 1 2 2 2
-552.7 6005.7 -23.5 180 0 8.6 8.4 5.0 2.5 2 0 2 3 3
-545.5 6070.5 -22.9 357 0 9.8 10.1 7.5 2.5 2 1 3 3 3
-388.5 6110.6 -17.1 270 0 15.3 14.0 2.5 2.5 2 0 1 5 5
-132.9 6164.0 -22.1 178 0 8.6 8.6 2.5 2.5 2 1 1 2 2
-75.7 6275.6 -24.4 357 0 9.8 9.5 7.5 2.5 2 0 3 1 1
-132.7 6316.4 -24.1 359 0 9.3 9.6 5.0 2.5 2 1 2 1 1
-48.8 6353.4 -26.0 4 0 6.6 12.1 7.5 2.5 2 1 3 5 5
-71.9 6380.3 -26.0 274 0 9.8 10.4 2.5 2.5 4 1 1 1 1
-200.3 6311.3 -23.4 85 0 11.5 13.2 5.0 2.5 2 1 2 3 3
-207.3 6370.0 -24.0 250 0 9.3 15.4 7.5 2.5 2 1 3 4 4
-241.7 6345.6 -23.7 274 0 11.5 8.3 10.0 2.5 2 0 4 1 1
-260.2 6357.5 -23.9 265 0 13.3 8.4 2.5 2.5 2 0 1 0 0
-267.5 6315.5 -23.4 83 0 10.1 11.2 5.0 2.5 2 1 2 4 4
-418.9 6356.4 -24.4 266 0 12.5 9.1 7.5 2.5 2 0 3 0 0
-544.6 6285.5 -27.2 91 0 10.0 12.5 10.0 2.5 2 1 4 5 5
-571.6 6307.4 -27.2 267 0 12.2 17.3 2.5 2.5 2 1 1 5 5
-746.6 6205.0 -26.2 155 0 7.9 10.4 2.5 2.5 2 1 1 0 0
-733.8 6227.7 -25.1 247 0 9.5 9.1 7.5 2.5 2 0 3 1 1
-727.7 6244.6 -23.8 242 0 8.9 11.1 7.5 2.5 2 1 3 0 0
-821.0 6400.0 -29.1 357 0 9.7 15.2 7.5 2.5 2 1 3 1 1
-860.0 6390.5 -29.7 169 0 13.3 12.4 10.0 2.5 2 0 4 0 0
-862.0 6412.2 -29.9 261 0 8.1 7.8 10.0 2.5 2 0 4 2 2
-864.1 6205.0 -27.9 69 0 10.2 19.8 5.0 2.5 2 1 2 3 3
-884.0 6280.6 -28.3 190 0 12.2 19.3 2.5 2.5 2 1 1 4 4
-805.4 6235.5 -24.9 67 0 13.0 13.7 10.0 2.5 4 1 4 4 4
-819.9 6330.0 -27.0 264 0 10.6 11.9 10.0 2.5 2 1 4 0 0
-723.6 6287.4 -24.5 66 0 12.2 12.4 7.5 2.5 2 1 3 2 2
-493.9 6370.3 -27.5 82 0 12.5 10.6 10.0 0.0 0 0 4 1 1
-372.8 6389.8 -25.4 84 0 8.4 11.0 5.0 2.5 2 1 2 5 5
-307.0 6397.6 -25.4 90 0 11.1 10.9 5.0 2.5 2 0 2 5 5
-283.4 6399.0 -25.6 82 0 14.7 15.2 5.0 2.5 2 1 2 5 5
-253.2 6403.9 -25.6 79 0 11.8 10.7 7.5 2.5 2 0 3 5 5
-205.7 6404.0 -24.7 85 0 10.7 8.7 7.5 2.5 2 0 3 4 4
-228.3 6423.6 -25.9 260 0 16.4 10.9 5.0 2.5 2 0 2 3 3
-158.7 6412.6 -25.4 74 0 13.6 10.3 2.5 2.5 2 0 1 1 1
-132.0 6436.1 -27.1 342 0 7.9 7.3 7.5 2.5 2 0 3 1 1
-107.9 6414.4 -26.7 82 0 9.2 11.3 5.0 2.5 2 1 2 4 4
-42.3 6447.4 -25.9 180 0 8.6 11.9 2.5 2.5 2 1 1 3 3
-0.5 6422.6 -27.1 91 0 16.6 14.7 5.0 2.5 4 0 2 4 4
52.3 6428.0 -26.5 357 0 11.5 18.9 7.5 0.0 0 1 3 2 2
18.4 6431.5 -26.8 85 0 10.6 17.4 7.5 2.5 2 1 3 2 2
48.1 6456.1 -26.1 353 0 11.5 20.1 5.0 2.5 2 1 2 4 4
22.5 6488.0 -25.5 354 0 15.2 9.4 5.0 2.5 2 0 2 4 4
24.4 6473.3 -25.9 356 0 10.2 13.2 2.5 2.5 2 1 1 1 1
12.1 6521.0 -24.9 345 0 11.3 15.2 5.0 2.5 2 1 2 0 0
-31.4 6549.8 -25.5 170 0 9.4 10.4 7.5 2.5 2 1 3 3 3
-20.4 6561.5 -25.0 169 0 10.4 11.3 7.5 2.5 2 1 3 3 3
24.3 6559.3 -24.1 349 0 10.3 11.4 10.0 2.5 2 1 4 5 5
15.3 6587.9 -23.8 353 0 8.0 10.9 7.5 2.5 2 1 3 3 3
12.6 6600.9 -23.7 346 0 8.7 12.0 7.5 2.5 2 1 3 0 0
3.5 6579.0 -24.5 350 0 10.2 17.0 7.5 2.5 2 1 3 4 4
-25.0 6605.1 -25.1 167 0 10.3 9.5 7.5 2.5 2 0 3 0 0
-7.2 6644.5 -25.8 351 0 8.7 10.8 5.0 2.5 2 1 2 1 1
-22.1 6700.6 -27.1 339 0 13.7 9.7 7.5 2.5 2 0 3 4 4
-58.0 6679.5 -27.6 173 0 10.8 11.7 5.0 2.5 2 1 2 2 2
-75.6 6843.9 -27.3 184 0 10.2 8.1 5.0 2.5 2 0 2 0 0
132.9 6671.0 -25.5 174 0 11.6 11.0 5.0 2.5 2 0 2 0 0
205.2 6625.7 -25.5 1 0 9.5 11.0 5.0 2.5 2 1 2 3 3
185.2 6633.0 -25.5 358 0 10.9 9.4 7.5 2.5 2 0 3 1 1
147.6 6635.2 -25.5 170 0 12.6 9.4 10.0 2.5 2 0 4 0 0
110.3 6635.4 -25.5 174 0 8.9 7.8 7.5 2.5 2 0 3 4 4
30.9 6641.5 -25.6 171 0 9.1 7.9 7.5 2.5 2 0 3 4 4
98.3 6875.7 -28.2 267 0 8.1 12.7 10.0 2.5 2 1 4 2 2
39.0 6878.1 -27.5 265 0 9.5 15.7 5.0 0.0 0 1 2 0 0
19.2 6883.1 -27.4 264 0 10.9 15.4 7.5 2.5 2 1 3 1 1
57.6 6704.3 -26.3 348 0 10.7 12.2 7.5 2.5 2 1 3 2 2
15.0 6636.5 -25.3 169 0 11.4 12.7 7.5 2.5 2 1 3 2 2
49.9 6544.0 -23.7 163 0 8.6 17.0 7.5 2.5 2 1 3 3 3
57.7 6573.2 -24.5 180 0 9.6 11.6 7.5 2.5 4 1 3 5 5
53.2 6586.2 -24.4 172 0 10.0 7.1 5.0 2.5 2 0 2 2 2
23.0 6654.0 -26.0 172 0 10.2 10.5 10.0 2.5 2 1 4 0 0
62.0 6766.2 -26.9 78 0 10.5 10.3 5.0 2.5 4 0 2 1 1
19.0 6701.8 -26.5 163 0 17.7 12.5 2.5 2.5 2 0 1 2 2
2.5 6693.1 -26.5 164 0 11.3 12.4 10.0 2.5 2 1 4 0 0
-1.2 6729.0 -27.0 160 0 13.3 7.4 7.5 2.5 4 0 3 4 4
7.5 6757.7 -27.3 164 0 10.2 13.3 5.0 2.5 4 1 2 4 4
-12.7 6779.4 -27.6 169 0 9.0 14.2 7.5 0.0 0 1 3 1 1
-13.9 6800.5 -27.7 169 0 19.8 11.0 5.0 2.5 2 0 2 4 4
-28.0 6840.0 -27.2 179 0 12.6 10.4 7.5 2.5 2 0 3 4 4
-62.8 6806.5 -27.9 351 0 12.4 12.6 10.0 2.5 2 1 4 4 4
-55.1 6857.8 -27.1 10 0 8.8 11.6 5.0 2.5 2 1 2 2 2
-43.5 6868.6 -26.9 14 0 9.1 8.0 7.5 2.5 2 0 3 3 3
1576.9 6610.0 -24.8 57 0 12.2 11.4 7.5 2.5 2 0 3 4 4
1592.5 6671.6 -25.0 337 0 11.2 14.3 10.0 2.5 2 1 4 0 0
2651.7 6842.2 -20.8 177 0 12.7 9.8 5.0 2.5 2 0 2 4 4
2697.6 6852.1 -22.0 267 0 11.2 11.8 2.5 2.5 2 1 1 5 5
2848.9 6793.8 -23.9 348 0 12.4 20.2 10.0 2.5 2 1 4 0 0
2984.6 6327.8 -16.3 196 0 16.6 15.6 7.5 2.5 2 0 3 4 4
3006.1 6358.1 -17.7 206 0 10.5 8.7 5.0 2.5 2 0 2 3 3
3009.4 6388.8 -18.8 199 0 9.8 17.5 7.5 2.5 4 1 3 2 2
3071.6 6429.5 -20.9 15 0 11.8 26.1 7.5 2.5 2 1 3 5 5
3078.2 6490.4 -21.7 315 0 7.5 20.2 10.0 2.5 2 1 4 0 0
3214.5 6589.0 -22.0 187 0 13.2 11.2 5.0 2.5 2 0 2 0 0
3263.5 6570.9 -22.6 0 0 19.8 15.1 7.5 2.5 2 0 3 2 2
3252.0 6711.9 -24.4 289 0 8.2 16.7 7.5 2.5 2 1 3 3 3
3309.8 6668.8 -23.8 2 0 12.1 19.5 7.5 2.5 2 1 3 2 2
3265.0 6648.6 -23.1 104 0 6.1 14.0 7.5 2.5 2 1 3 1 1
3284.4 6629.5 -22.6 18 0 9.5 26.6 5.0 2.5 2 1 2 2 2
3225.7 6671.6 -23.1 289 0 13.9 8.4 2.5 2.5 2 0 1 0 0
3242.5 6608.7 -21.7 18 0 14.1 7.0 5.0 2.5 2 0 2 1 1
3348.9 6777.3 -25.2 84 0 7.6 30.4 7.5 2.5 2 1 3 1 1
3328.0 6774.4 -24.5 92 0 9.3 14.2 7.5 2.5 2 1 3 4 4
3317.5 6812.8 -24.3 272 0 8.8 25.3 7.5 2.5 2 1 3 5 5
3307.5 6762.2 -24.8 84 0 15.5 13.0 7.5 2.5 2 0 3 2 2
3333.2 6751.2 -25.3 270 0 10.7 34.0 10.0 2.5 2 1 4 5 5
3295.7 6733.0 -24.6 270 0 11.3 9.7 5.0 2.5 2 0 2 0 0
3268.4 6702.5 -24.2 283 0 9.0 16.1 7.5 2.5 2 1 3 1 1
3253.8 6758.0 -24.8 98 0 8.2 11.3 10.0 2.5 2 1 4 3 3
3246.9 6774.0 -25.0 101 0 9.0 18.3 2.5 2.5 2 1 1 0 0
3217.2 6718.0 -24.3 289 0 15.6 10.3 2.5 2.5 2 0 1 4 4
3213.7 6736.1 -24.8 284 0 12.6 13.5 5.0 0.0 0 1 2 4 4
3228.6 6754.4 -25.0 93 0 10.1 11.7 2.5 2.5 2 1 1 5 5
3216.1 6753.9 -25.1 84 0 12.0 12.9 7.5 2.5 2 1 3 0 0
3181.8 6748.3 -25.0 87 0 6.2 10.2 10.0 2.5 2 1 4 2 2
3181.3 6730.1 -24.7 261 0 13.4 18.8 10.0 2.5 2 1 4 0 0
3168.7 6730.2 -24.6 267 0 12.5 18.1 5.0 2.5 2 1 2 3 3
3127.9 6716.3 -24.5 180 0 16.8 15.6 7.5 2.5 2 0 3 4 4
3151.9 6729.6 -24.6 268 0 17.5 20.4 10.0 2.5 2 1 4 5 5
3148.9 6635.7 -23.3 98 0 8.6 36.8 7.5 2.5 2 1 3 4 4
3136.7 6649.2 -24.2 99 0 9.7 55.8 12.5 0.0 0 1 5 0 0
3172.7 6758.9 -25.4 76 0 10.0 24.4 7.5 0.0 0 1 3 4 4
3163.8 6794.1 -25.6 204 0 18.8 16.6 10.0 2.5 2 0 4 3 3
3172.6 6746.0 -25.0 86 0 7.7 9.5 2.5 2.5 2 1 1 1 1
3139.4 6829.9 -26.0 19 0 13.5 13.0 7.5 2.5 2 0 3 2 2
3074.8 6740.4 -24.0 83 0 13.5 17.5 5.0 2.5 2 1 2 5 5
3015.0 6876.2 -23.8 259 0 9.7 16.8 10.0 0.0 0 1 4 0 0
3032.5 6823.3 -23.7 357 0 11.1 16.5 5.0 2.5 2 1 2 0 0
2995.6 6860.7 -23.9 267 0 12.4 15.8 7.5 2.5 2 1 3 0 0
2936.2 6818.6 -24.4 172 0 14.8 18.2 7.5 2.5 4 1 3 3 3
2907.7 6737.1 -23.0 90 0 12.3 24.5 10.0 2.5 2 1 4 4 4
2889.5 6736.7 -22.6 84 0 12.1 16.6 5.0 2.5 2 1 2 1 1
2865.9 6737.2 -22.5 87 0 12.0 16.6 7.5 2.5 2 1 3 5 5
2595.6 6734.5 -18.9 97 0 13.1 15.5 7.5 0.0 0 1 3 2 2
2484.3 6745.4 -20.5 272 0 11.4 13.2 7.5 0.0 0 1 3 3 3
2428.4 6697.9 -21.8 80 0 9.5 13.8 7.5 2.5 4 1 3 3 3
2389.2 6810.5 -22.7 347 0 10.1 7.9 7.5 2.5 2 0 3 2 2
2340.7 6839.3 -22.7 261 0 7.3 6.7 7.5 2.5 2 0 3 1 1
1635.9 6376.9 -24.4 78 0 14.4 16.9 2.5 2.5 2 1 1 0 0
1799.2 6612.1 -22.6 81 0 7.5 10.8 7.5 2.5 2 1 3 0 0
1769.9 6618.3 -23.3 79 0 15.8 48.7 7.5 0.0 0 1 3 0 0
2224.3 6682.2 -26.9 170 0 7.4 11.7 5.0 2.5 2 1 2 1 1
2375.1 6707.6 -23.3 260 0 14.4 13.2 7.5 2.5 2 0 3 4 4
2306.7 6685.0 -24.4 88 0 11.3 8.5 7.5 2.5 4 0 3 4 4
2285.6 6677.5 -25.5 88 0 13.1 16.2 7.5 2.5 2 1 3 3 3
2073.0 6670.9 -26.5 168 0 7.2 12.4 7.5 2.5 2 1 3 5 5
1997.0 6666.1 -26.0 353 0 17.0 19.8 7.5 2.5 2 1 3 5 5
2076.6 6479.0 -22.9 359 0 8.3 11.4 5.0 0.0 0 1 2 5 5
2012.4 6459.5 -22.6 179 0 18.8 12.4 7.5 2.5 2 0 3 0 0
1989.5 6435.6 -22.6 182 0 11.1 15.7 7.5 2.5 2 1 3 4 4
1943.4 6142.0 -21.4 264 0 14.2 11.3 2.5 2.5 2 0 1 3 3
1930.1 6087.4 -20.7 76 0 9.3 13.7 7.5 2.5 2 1 3 0 0
1827.2 6223.8 -22.7 351 0 11.7 19.5 7.5 2.5 2 1 3 3 3
1852.2 6342.1 -20.8 70 0 17.5 13.6 2.5 2.5 4 0 1 3 3
1895.4 6355.6 -21.8 269 0 18.3 9.8 2.5 2.5 2 0 1 5 5
1881.5 6453.2 -21.1 342 0 19.2 14.4 10.0 2.5 4 0 4 1 1
2150.2 6362.8 -23.0 75 0 18.7 12.2 7.5 2.5 2 0 3 3 3
2176.4 6200.3 -18.4 1 0 18.0 11.1 7.5 2.5 2 0 3 5 5
2208.1 5696.2 -13.8 73 0 12.2 15.8 5.0 2.5 2 1 2 3 3
2134.8 5741.4 -15.8 359 0 13.6 15.2 5.0 2.5 2 1 2 4 4
2126.6 5671.5 -14.4 85 0 16.4 13.0 5.0 2.5 2 0 2 1 1
2051.2 5632.1 -14.6 12 0 8.5 13.6 5.0 2.5 2 1 2 0 0
2010.2 5609.9 -14.3 122 0 15.6 10.4 5.0 2.5 2 0 2 3 3
1953.2 5632.9 -15.9 105 0 11.9 15.2 2.5 0.0 0 1 1 0 0
1915.6 5591.6 -18.4 163 0 19.2 10.6 5.0 2.5 4 0 2 4 4
1898.4 5613.5 -18.4 173 0 16.6 11.5 10.0 2.5 2 0 4 2 2
1906.6 5695.9 -15.4 67 0 10.2 8.3 5.0 2.5 4 0 2 2 2
2000.6 5681.3 -15.6 20 0 12.9 12.3 7.5 2.5 2 0 3 1 1
2082.7 5730.4 -16.1 272 0 17.2 10.3 5.0 2.5 2 0 2 2 2
2013.0 5742.9 -17.0 272 0 15.7 6.3 7.5 2.5 2 0 3 3 3
1937.7 5778.1 -17.1 13 0 12.9 20.4 10.0 2.5 2 1 4 0 0
1878.2 5735.6 -16.1 175 0 8.3 8.0 2.5 2.5 2 0 1 1 1
1884.6 5757.5 -16.4 268 0 13.8 12.4 5.0 2.5 2 0 2 1 1
1853.5 5762.9 -16.7 268 0 13.7 11.1 7.5 2.5 2 0 3 0 0
1803.3 5740.5 -17.6 358 0 9.0 17.0 7.5 2.5 2 1 3 4 4
1758.7 5731.9 -18.5 189 0 20.6 12.2 10.0 2.5 2 0 4 0 0
1799.4 5821.0 -21.2 350 0 16.2 15.6 10.0 2.5 2 0 4 1 1
1766.4 5863.8 -22.7 174 0 16.8 17.0 12.5 2.5 4 1 5 3 3
1758.6 5951.9 -22.5 180 0 14.4 21.2 7.5 2.5 2 1 3 5 5
1870.2 6147.3 -20.6 273 0 11.3 8.5 5.0 2.5 2 0 2 4 4
1763.3 6172.6 -22.1 338 0 12.7 9.9 7.5 2.5 2 0 3 4 4
1734.7 6284.9 -23.9 347 0 11.1 12.3 7.5 2.5 4 1 3 0 0
1700.8 6332.6 -23.3 334 0 10.5 9.7 2.5 2.5 2 0 1 0 0
1652.9 6558.5 -23.5 261 0 13.7 15.6 5.0 2.5 2 1 2 5 5
1744.9 6505.4 -21.6 86 0 11.4 14.5 7.5 2.5 2 1 3 1 1
1860.8 6567.0 -21.8 264 0 28.6 12.5 7.5 0.0 0 0 3 0 0
1941.3 6580.0 -23.7 263 0 16.5 10.6 7.5 2.5 2 0 3 0 0
1957.1 6610.7 -24.2 263 0 10.5 9.1 10.0 2.5 2 0 4 0 0
2081.2 6602.1 -25.3 264 0 15.9 11.4 2.5 2.5 4 0 1 1 1
2118.1 6596.7 -25.5 267 0 11.1 15.2 7.5 0.0 0 1 3 3 3
2143.3 6567.6 -25.6 74 0 15.2 16.4 5.0 2.5 2 1 2 1 1
2534.1 6506.6 -20.5 74 0 10.8 10.7 5.0 2.5 4 0 2 2 2
2652.1 6543.5 -20.3 73 0 10.0 18.8 10.0 2.5 2 1 4 0 0
2321.4 5888.3 -15.9 87 0 8.6 11.1 7.5 2.5 2 1 3 2 2
2223.1 6110.9 -17.0 87 0 13.0 18.6 5.0 2.5 2 1 2 2 2
2214.2 6276.5 -20.0 85 0 16.1 15.6 12.5 2.5 4 0 5 4 4
2168.9 6498.5 -24.7 177 0 10.1 15.0 7.5 2.5 2 1 3 5 5
2228.1 6537.9 -25.7 79 0 7.1 13.4 7.5 2.5 2 1 3 1 1
2166.5 6556.9 -25.6 177 0 11.3 12.2 2.5 2.5 2 1 1 2 2
2224.2 6582.1 -26.2 356 0 10.1 13.1 7.5 2.5 2 1 3 1 1
2314.5 6501.4 -24.7 71 0 12.0 12.2 10.0 2.5 2 1 4 4 4
2308.6 6610.1 -26.9 352 0 12.1 17.2 5.0 0.0 0 1 2 3 3
2412.6 6637.2 -22.3 4 0 6.6 6.4 7.5 2.5 2 0 3 3 3
2544.0 6630.6 -19.2 94 0 10.9 19.9 7.5 2.5 2 1 3 5 5
2637.3 6648.9 -19.5 71 0 12.3 17.5 7.5 2.5 2 1 3 0 0
2750.2 6668.9 -21.2 6 0 13.9 18.2 7.5 2.5 2 1 3 5 5
2880.1 6591.3 -18.1 282 0 9.0 9.1 7.5 0.0 0 1 3 0 0
2848.3 6569.0 -18.5 277 0 12.8 18.1 5.0 2.5 2 1 2 0 0
2791.9 6509.2 -19.0 196 0 10.7 11.7 7.5 0.0 0 1 3 2 2
2774.9 6541.7 -19.7 193 0 9.5 20.3 10.0 0.0 0 1 4 4 4
2951.5 6696.9 -22.4 253 0 10.6 27.6 10.0 2.5 2 1 4 1 1
3011.6 6708.2 -23.1 266 0 8.3 8.9 5.0 2.5 2 1 2 3 3
3019.9 6715.0 -23.2 264 0 9.6 15.1 7.5 2.5 2 1 3 5 5
3055.3 6721.1 -23.6 266 0 8.2 24.9 2.5 2.5 2 1 1 5 5
3065.7 6709.3 -23.6 265 0 8.0 15.1 2.5 2.5 2 1 1 2 2
3079.4 6722.3 -24.0 264 0 22.1 13.8 7.5 2.5 2 0 3 1 1
3102.5 6703.1 -24.0 15 0 7.6 11.1 7.5 2.5 2 1 3 3 3
3098.0 6690.5 -23.9 22 0 13.2 10.0 5.0 0.0 0 0 2 5 5
3092.8 6679.6 -23.7 19 0 11.8 18.7 2.5 2.5 2 1 1 2 2
3071.5 6647.7 -23.2 21 0 24.0 9.3 5.0 2.5 2 0 2 2 2
3054.1 6587.7 -22.1 26 0 8.3 15.4 7.5 2.5 2 1 3 4 4
3030.1 6551.9 -20.6 21 0 13.2 19.8 12.5 2.5 2 1 5 2 2
3029.9 6531.3 -19.8 29 0 15.3 11.4 2.5 2.5 2 0 1 5 5
2953.9 6459.5 -18.4 202 0 7.9 7.1 5.0 2.5 2 0 2 1 1
2977.2 6422.6 -18.8 12 0 17.3 14.1 2.5 2.5 4 0 1 4 4
2963.6 6361.1 -16.7 22 0 10.5 9.7 7.5 2.5 2 0 3 2 2
2939.4 6390.9 -17.6 202 0 14.0 9.6 7.5 0.0 0 0 3 2 2
2927.0 6294.2 -15.6 17 0 11.5 12.0 7.5 0.0 0 1 3 5 5
2927.2 6253.3 -15.9 16 0 6.4 7.7 5.0 2.5 2 1 2 4 4
2919.7 6265.7 -16.0 21 0 9.7 23.0 7.5 2.5 2 1 3 4 4
2894.3 6227.0 -16.1 107 0 12.2 20.7 10.0 2.5 2 1 4 0 0
2952.6 6150.9 -14.1 103 0 21.1 12.7 12.5 2.5 2 0 5 0 0
2940.9 6184.1 -14.7 189 0 12.6 19.3 2.5 2.5 2 1 1 2 2
2954.7 6215.1 -15.4 204 0 11.6 19.8 7.5 2.5 4 1 3 3 3
1860.5 5868.3 -21.0 71 0 17.6 15.3 7.5 2.5 2 0 3 5 5
1713.8 5576.6 -18.9 242 0 13.1 16.3 5.0 2.5 2 1 2 4 4
1766.6 5675.3 -17.5 15 0 11.9 7.2 5.0 2.5 2 0 2 3 3
1710.2 5838.3 -23.4 261 0 13.8 11.8 7.5 2.5 2 0 3 2 2
1709.1 5786.1 -23.1 88 0 9.1 16.3 7.5 2.5 2 1 3 0 0
1694.3 5712.4 -20.4 269 0 15.0 12.7 7.5 2.5 2 0 3 1 1
1700.2 5641.1 -19.2 88 0 11.0 12.4 5.0 2.5 2 1 2 1 1
5969.2 143.9 16.1 78 0 7.3 8.9 7.5 2.5 4 1 3 4 4
6019.1 187.9 16.1 275 0 10.0 6.8 5.0 2.5 2 0 2 1 1
6032.0 182.4 15.7 282 0 7.3 7.6 10.0 2.5 2 1 4 2 2
6033.6 149.4 15.9 14 0 14.8 7.8 7.5 0.0 0 0 3 5 5
6231.3 -26.7 11.9 355 0 9.0 10.0 10.0 2.5 2 1 4 4 4
5674.0 48.4 12.4 90 0 12.9 12.6 5.0 2.5 2 0 2 1 1
5562.5 9.2 11.4 264 0 11.8 12.3 5.0 2.5 2 1 2 0 0
5638.3 -247.3 8.4 4 0 12.7 7.5 5.0 2.5 2 0 2 2 2
5646.5 -302.2 8.1 358 0 9.4 10.4 2.5 2.5 2 1 1 5 5
6059.2 -444.1 8.6 358 0 18.8 12.8 7.5 2.5 2 0 3 1 1
6030.3 -391.5 6.1 192 0 9.9 9.9 7.5 2.5 2 1 3 0 0
6234.9 -299.1 8.0 76 0 7.5 12.9 7.5 2.5 2 1 3 1 1
6306.1 -410.2 6.6 353 0 13.5 12.2 5.0 2.5 2 0 2 5 5
6249.6 -437.8 7.6 87 0 12.7 19.2 7.5 2.5 4 1 3 3 3
6256.0 -391.2 7.7 273 0 18.9 9.0 2.5 2.5 2 0 1 5 5
6193.0 -402.5 8.3 74 0 12.9 17.3 7.5 2.5 2 1 3 3 3
6146.7 -359.4 9.0 277 0 17.4 14.0 7.5 2.5 2 0 3 0 0
6093.4 -375.6 7.9 102 0 18.6 12.6 5.0 0.0 0 0 2 0 0
6083.4 -263.1 9.0 2 0 11.2 11.0 7.5 2.5 2 0 3 3 3
5884.2 -96.7 11.4 34 0 13.0 18.1 5.0 0.0 0 1 2 0 0
5847.8 -45.8 12.1 257 0 10.8 16.5 7.5 2.5 2 1 3 2 2
5877.1 -361.6 8.4 263 0 7.5 14.3 10.0 2.5 2 1 4 2 2
5848.1 -370.6 8.9 103 0 13.9 20.5 10.0 2.5 2 1 4 4 4
5831.6 -302.1 8.9 354 0 11.1 12.0 7.5 2.5 2 1 3 3 3
5787.1 -335.7 8.2 285 0 9.0 7.3 7.5 2.5 2 0 3 2 2
5776.6 -330.1 8.0 292 0 10.3 11.3 2.5 2.5 2 1 1 0 0
5706.1 -371.4 7.8 110 0 8.0 13.4 2.5 2.5 2 1 1 0 0
5731.9 -309.0 9.2 278 0 14.5 13.8 5.0 2.5 2 0 2 2 2
5711.6 -228.5 9.3 274 0 12.1 15.9 5.0 2.5 2 1 2 4 4
5805.2 -150.3 10.5 262 0 14.7 10.9 10.0 2.5 2 0 4 3 3
5780.4 -255.9 10.6 187 0 15.4 14.2 5.0 2.5 2 0 2 3 3
5859.6 -209.8 9.9 84 0 10.3 11.0 7.5 2.5 2 1 3 0 0
5939.4 -309.6 8.1 182 0 10.7 11.0 5.0 2.5 2 1 2 3 3
5936.6 -188.6 9.9 355 0 15.9 12.6 2.5 0.0 0 0 1 3 3
5969.0 -258.3 9.0 353 0 15.8 12.3 7.5 2.5 2 0 3 3 3
6073.8 -297.7 8.9 15 0 9.5 14.7 7.5 2.5 2 1 3 0 0
6049.0 -330.8 9.1 185 0 13.2 18.1 5.0 2.5 2 1 2 1 1
6138.7 -113.3 10.8 81 0 8.5 15.5 7.5 2.5 2 1 3 1 1
6128.5 -208.8 9.7 176 0 10.3 15.7 7.5 2.5 2 1 3 3 3
6147.6 -178.2 10.0 4 0 12.9 13.2 5.0 2.5 2 1 2 1 1
6082.4 -176.9 10.1 98 0 12.2 14.4 5.0 2.5 4 1 2 5 5
6081.8 -117.1 10.6 262 0 13.7 19.6 10.0 2.5 2 1 4 3 3
6104.8 54.2 13.9 287 0 12.5 11.7 2.5 2.5 2 0 1 4 4
6162.7 162.5 14.0 32 0 13.5 11.0 2.5 2.5 2 0 1 0 0
6152.3 -39.1 11.4 261 0 14.6 17.0 2.5 2.5 2 1 1 5 5
6129.1 -64.8 11.2 185 0 12.5 12.3 5.0 0.0 0 0 2 2 2
6140.1 -31.1 11.6 3 0 9.8 10.0 5.0 2.5 2 1 2 0 0
6149.5 -13.0 11.8 358 0 10.3 12.3 7.5 2.5 2 1 3 4 4
6156.2 48.9 12.6 266 0 11.9 16.9 5.0 2.5 2 1 2 2 2
6182.7 90.3 12.9 349 0 11.0 17.4 2.5 2.5 2 1 1 0 0
-2687.7 4159.6 -20.1 100 0 7.7 11.3 7.5 2.5 2 1 3 4 4
-2678.4 4195.1 -20.9 182 0 11.1 14.7 7.5 2.5 2 1 3 2 2
-2743.7 4202.9 -20.3 97 0 9.9 14.7 7.5 2.5 2 1 3 2 2
-2799.1 4113.0 -16.7 97 0 6.3 13.1 2.5 2.5 2 1 1 4 4
-2627.8 4168.0 -21.0 102 0 7.8 11.5 2.5 2.5 2 1 1 1 1
-2833.5 4426.6 -14.7 328 0 12.1 16.5 10.0 2.5 2 1 4 0 0
-2905.4 4469.6 -15.0 255 0 10.4 11.2 10.0 2.5 2 1 4 2 2
-2940.3 4454.0 -16.0 245 0 16.4 13.3 10.0 0.0 0 0 4 5 5
-2897.3 4395.0 -15.3 155 0 9.8 7.6 2.5 2.5 2 0 1 4 4
-3046.4 4479.4 -15.1 239 0 8.5 10.3 7.5 2.5 2 1 3 3 3
-2998.8 4420.3 -16.4 50 0 16.9 12.4 7.5 2.5 2 0 3 3 3
-3047.4 4364.8 -15.4 309 0 10.1 8.7 5.0 2.5 2 0 2 5 5
-3143.7 4278.6 -14.4 57 0 12.4 9.8 7.5 2.5 4 0 3 5 5
-3108.7 4359.7 -15.1 310 0 6.5 8.0 7.5 2.5 4 1 3 0 0
-3113.6 4391.7 -14.4 316 0 11.1 13.8 2.5 0.0 0 1 1 0 0
-3142.5 4359.5 -14.9 223 0 15.4 14.6 10.0 2.5 2 0 4 4 4
-3169.7 4316.4 -15.0 218 0 11.2 12.1 7.5 2.5 2 1 3 3 3
-3186.2 4298.6 -14.4 214 0 9.1 17.2 5.0 2.5 2 1 2 5 5
-3198.6 4278.0 -13.7 130 0 9.4 7.2 2.5 2.5 2 0 1 5 5
-3252.7 4181.7 -7.2 210 0 8.9 6.6 5.0 2.5 2 0 2 2 2
-4660.0 4404.4 -15.0 217 0 9.3 9.2 5.0 2.5 2 0 2 4 4
-4632.7 4353.7 -16.3 214 0 13.5 13.0 7.5 2.5 2 0 3 3 3
-4688.5 4370.4 -15.4 214 0 12.6 14.0 5.0 2.5 2 1 2 3 3
-4691.9 4308.8 -14.5 38 0 10.8 7.6 7.5 2.5 2 0 3 4 4
-4732.0 4273.1 -13.4 36 0 14.0 8.9 7.5 2.5 2 0 3 5 5
-4847.0 4369.7 -13.0 187 0 8.0 12.6 10.0 2.5 2 1 4 4 4
-4823.9 4288.0 -12.3 114 0 12.9 15.3 10.0 2.5 2 1 4 4 4
-4881.1 4329.4 -12.6 178 0 12.7 15.3 2.5 2.5 2 1 1 2 2
-4996.8 4330.3 -12.8 171 0 13.9 12.8 10.0 0.0 0 0 4 1 1
-5094.5 4202.1 -16.1 12 0 12.5 13.7 2.5 2.5 2 1 1 3 3
-5120.0 4259.7 -16.7 283 0 10.5 14.6 5.0 2.5 2 1 2 3 3
-5104.8 4335.7 -16.3 95 0 13.4 12.0 2.5 2.5 2 0 1 5 5
-5086.1 4395.1 -18.2 7 0 13.5 14.0 7.5 2.5 2 1 3 1 1
-5173.3 4397.7 -19.3 9 0 14.1 15.3 7.5 2.5 2 1 3 1 1
-5351.6 4412.2 -14.8 271 0 7.0 13.7 10.0 2.5 4 1 4 0 0
-5300.9 4356.8 -17.0 276 0 12.7 11.1 7.5 2.5 2 0 3 2 2
-5313.0 4271.6 -16.7 292 0 7.5 14.2 7.5 2.5 2 1 3 5 5
-5331.6 4237.5 -16.1 18 0 15.2 11.4 7.5 2.5 2 0 3 2 2
-5328.8 4212.1 -15.9 26 0 10.0 12.6 7.5 2.5 2 1 3 0 0
-5355.1 4320.8 -14.8 2 0 8.9 15.8 10.0 2.5 4 1 4 1 1
-5399.5 4275.0 -15.3 174 0 15.2 10.4 10.0 2.5 2 0 4 4 4
-5408.7 4357.1 -14.8 98 0 10.4 8.0 7.5 2.5 4 0 3 2 2
-5431.9 4407.6 -14.5 267 0 9.3 8.4 2.5 2.5 2 0 1 2 2
-5431.6 4193.0 -13.2 128 0 14.2 9.4 7.5 2.5 2 0 3 4 4
-5443.2 4335.1 -15.0 39 0 14.7 10.2 7.5 2.5 2 0 3 3 3
-5487.7 4283.7 -13.4 45 0 13.7 12.9 7.5 2.5 2 0 3 0 0
-5494.3 4382.4 -15.6 214 0 13.2 9.5 5.0 2.5 2 0 2 4 4
-5709.7 4277.6 -17.6 209 0 14.2 13.0 7.5 2.5 2 0 3 2 2
-5789.8 4293.6 -19.5 126 0 10.9 12.2 2.5 2.5 2 1 1 2 2
-6042.5 4273.7 -19.1 204 0 12.7 10.6 7.5 2.5 4 0 3 2 2
-6092.8 4353.3 -19.6 359 0 8.4 9.0 7.5 2.5 2 1 3 5 5
-6106.0 4328.9 -19.5 166 0 7.2 13.3 10.0 2.5 2 1 4 2 2
-3219.2 2075.1 3.0 4 0 10.8 15.3 7.5 2.5 2 1 3 5 5
-3304.9 2116.0 0.5 179 0 12.4 11.8 2.5 2.5 2 0 1 4 4
-3288.2 2181.9 1.0 1 0 12.4 12.2 2.5 2.5 2 0 1 0 0
-3339.4 2182.1 0.6 95 0 11.8 13.0 5.0 2.5 2 1 2 0 0
-3684.1 2072.3 -2.8 311 0 8.8 8.9 5.0 2.5 2 1 2 2 2
-3585.3 2082.0 -3.4 12 0 15.1 12.5 7.5 2.5 2 0 3 4 4
-3676.4 2396.7 -7.5 202 0 10.2 13.8 7.5 2.5 2 1 3 5 5
-3710.9 2345.2 -6.4 127 0 13.8 15.7 2.5 2.5 2 1 1 2 2
-3697.4 2302.1 -6.5 300 0 17.0 9.3 7.5 2.5 2 0 3 2 2
-3620.1 2243.0 -6.4 281 0 10.8 10.1 5.0 2.5 2 0 2 1 1
-3570.5 2249.0 -7.5 277 0 9.2 12.6 10.0 2.5 2 1 4 3 3
-3571.7 2194.1 -6.3 92 0 13.1 14.9 7.5 2.5 2 1 3 3 3
-3537.7 2180.5 -6.5 0 0 11.5 11.4 10.0 2.5 2 0 4 0 0
-3474.1 2200.0 -4.4 101 0 14.5 16.6 5.0 2.5 2 1 2 3 3
-3451.7 2291.3 -4.2 117 0 8.9 13.7 5.0 2.5 2 1 2 0 0
-3386.6 2322.8 -3.0 23 0 20.6 12.6 10.0 2.5 2 0 4 3 3
-3328.8 2259.5 -0.3 8 0 10.1 14.3 7.5 2.5 4 1 3 0 0
-3319.6 2300.1 -1.2 173 0 14.0 12.6 5.0 2.5 2 0 2 2 2
-3283.3 2343.4 -2.3 22 0 10.2 22.1 7.5 2.5 2 1 3 3 3
-3262.0 2383.3 -3.0 34 0 11.3 8.5 7.5 2.5 4 0 3 5 5
-3447.0 2563.6 -9.1 297 0 12.0 13.1 7.5 2.5 4 1 3 4 4
-3433.7 2386.2 -5.4 100 0 12.2 17.8 2.5 2.5 2 1 1 1 1
-3403.0 2453.5 -5.7 275 0 12.3 21.5 7.5 2.5 2 1 3 3 3
-3354.7 2417.7 -5.2 102 0 10.4 15.1 5.0 2.5 2 1 2 0 0
-3366.4 2455.3 -5.7 204 0 13.9 10.3 10.0 2.5 2 0 4 4 4
-3383.8 2523.7 -7.0 298 0 13.0 11.6 10.0 2.5 2 0 4 0 0
-3337.2 2599.4 -8.4 9 0 11.0 23.4 12.5 2.5 2 1 5 2 2
-3261.7 2675.1 -9.8 290 0 15.9 15.7 5.0 2.5 2 0 2 4 4
-3107.5 2563.8 -7.3 298 0 11.3 9.6 5.0 2.5 2 0 2 4 4
-3127.5 2626.4 -7.5 15 0 8.7 8.1 7.5 0.0 0 0 3 2 2
-3181.5 2584.4 -7.9 193 0 16.0 12.6 2.5 2.5 2 0 1 0 0
-3194.1 2520.0 -6.6 204 0 13.7 10.2 7.5 2.5 2 0 3 3 3
-3126.0 2501.2 -5.5 26 0 13.9 16.3 7.5 2.5 2 1 3 1 1
-3129.7 2330.4 -1.5 96 0 12.6 19.9 10.0 2.5 2 1 4 2 2
-3203.1 2359.5 -1.3 262 0 7.5 15.0 5.0 2.5 2 1 2 2 2
-3248.3 2280.2 0.3 287 0 8.0 6.6 2.5 2.5 2 0 1 2 2
-3266.3 2256.1 0.1 96 0 16.2 23.2 10.0 2.5 2 1 4 3 3
-3219.3 2247.2 -0.0 109 0 13.4 10.9 7.5 2.5 2 0 3 1 1
-3187.0 2236.2 -0.6 116 0 12.3 20.1 2.5 0.0 0 1 1 1 1
-2964.0 2179.7 -4.8 264 0 16.3 12.0 2.5 2.5 2 0 1 5 5
-2566.5 2108.3 -6.9 271 0 9.4 7.9 7.5 2.5 2 0 3 1 1
-1443.0 -158.9 7.5 280 0 10.1 12.9 2.5 2.5 2 1 1 1 1
-1494.7 -103.7 8.1 101 0 11.5 16.3 5.0 2.5 2 1 2 4 4
-1659.0 276.9 12.5 275 0 8.0 9.6 7.5 2.5 2 1 3 5 5
-1961.6 -373.8 11.5 46 0 11.6 17.3 10.0 2.5 2 1 4 0 0
-1989.8 -337.0 11.3 222 0 9.8 6.0 2.5 2.5 2 0 1 1 1
-1993.2 -390.0 12.8 106 0 15.1 10.7 7.5 2.5 2 0 3 0 0
-2094.7 -417.3 12.0 34 0 15.2 15.6 5.0 0.0 0 1 2 5 5
-2168.8 -416.1 11.9 122 0 31.4 9.9 10.0 2.5 2 0 4 0 0
-2189.1 -419.5 12.4 329 0 10.5 10.2 5.0 2.5 2 0 2 1 1
-2217.1 -412.3 12.5 268 0 9.6 9.3 5.0 2.5 2 0 2 5 5
-2231.1 -407.5 12.6 289 0 10.3 12.0 5.0 2.5 2 1 2 4 4
-2246.4 -408.8 12.8 283 0 11.1 6.5 7.5 2.5 4 0 3 3 3
-2247.6 -366.1 11.6 71 0 6.4 14.0 5.0 0.0 0 1 2 4 4
-2231.2 -346.4 11.2 272 0 9.7 6.8 5.0 2.5 2 0 2 2 2
-2215.7 -367.3 11.1 92 0 10.6 15.4 5.0 2.5 2 1 2 0 0
-2199.1 -370.4 10.9 99 0 6.7 16.6 10.0 2.5 2 1 4 4 4
-2184.3 -365.2 10.7 90 0 9.2 10.8 7.5 2.5 2 1 3 5 5
-2166.2 -369.5 10.6 98 0 10.3 12.4 5.0 2.5 2 1 2 1 1
-2097.4 -309.9 10.2 281 0 10.2 12.9 7.5 2.5 2 1 3 0 0
-2117.0 -358.8 10.7 111 0 9.7 13.5 7.5 2.5 2 1 3 5 5
-2076.1 -363.9 11.8 127 0 12.6 9.2 5.0 2.5 2 0 2 2 2
-2039.8 -360.1 12.7 41 0 13.3 10.9 7.5 2.5 2 0 3 2 2
-2049.2 -373.2 12.5 34 0 14.0 14.5 7.5 2.5 2 1 3 0 0
-2058.0 -340.8 11.7 38 0 10.4 11.2 7.5 2.5 4 1 3 5 5
-2008.3 -247.7 9.5 349 0 10.5 11.7 7.5 2.5 2 1 3 2 2
-2011.4 -260.9 9.7 339 0 8.7 8.2 5.0 2.5 2 0 2 4 4
-1998.8 -307.7 10.3 72 0 20.5 12.9 7.5 2.5 2 0 3 5 5
-1976.6 -250.9 9.6 257 0 9.7 15.6 5.0 2.5 2 1 2 0 0
-1964.0 -245.4 9.6 257 0 11.0 15.4 5.0 2.5 2 1 2 4 4
-1949.5 -213.7 9.1 270 0 7.5 10.3 7.5 2.5 2 1 3 1 1
-1897.6 -228.9 8.7 248 0 10.6 14.5 5.0 2.5 2 1 2 2 2
-1914.9 -280.4 9.8 73 0 9.9 14.2 5.0 2.5 2 1 2 0 0
-1931.2 -235.1 9.4 254 0 6.0 9.8 5.0 2.5 2 1 2 0 0
-1941.7 -256.8 9.6 76 0 12.0 12.6 7.5 0.0 0 1 3 4 4
-1960.8 -294.4 10.2 82 0 13.1 13.0 5.0 2.5 2 0 2 3 3
-1946.4 -301.8 10.5 251 0 12.9 7.5 7.5 2.5 2 0 3 0 0
-1914.9 -373.6 10.2 236 0 11.5 11.5 7.5 2.5 2 1 3 4 4
-1855.5 -354.7 9.8 272 0 11.5 9.5 10.0 2.5 2 0 4 0 0
-1912.9 -314.7 10.5 342 0 24.2 10.7 10.0 2.5 2 0 4 1 1
-1849.8 -292.2 8.8 77 0 13.5 9.6 10.0 2.5 2 0 4 1 1
-1832.8 -289.0 8.6 69 0 12.4 11.7 7.5 0.0 0 0 3 2 2
-1827.4 -327.7 9.0 243 0 17.4 85.6 7.5 0.0 0 1 3 4 4
-1798.4 -313.5 8.5 246 0 22.0 19.7 10.0 2.5 2 0 4 2 2
-1771.7 -351.3 8.7 339 0 45.4 16.9 10.0 2.5 2 0 4 5 5
-1785.9 -262.4 7.8 72 0 14.8 50.4 10.0 0.0 0 1 4 3 3
-1643.7 -74.7 6.0 348 0 18.4 9.4 7.5 2.5 2 0 3 0 0
-1667.8 -204.1 6.1 73 0 6.9 11.1 7.5 0.0 0 1 3 5 5
-1656.2 -150.0 5.7 357 0 17.4 11.6 5.0 2.5 2 0 2 3 3
-1676.7 115.2 9.2 304 0 14.2 6.5 5.0 2.5 2 0 2 2 2
-1645.4 78.2 9.7 102 0 30.3 8.6 7.5 2.5 2 0 3 1 1
-1598.1 85.3 10.2 285 0 26.8 8.4 7.5 2.5 2 0 3 0 0
-1800.2 586.5 7.6 285 0 7.9 9.8 7.5 0.0 0 1 3 2 2
-1959.0 437.4 2.9 288 0 8.2 6.0 5.0 2.5 2 0 2 4 4
-1967.7 413.2 3.3 106 0 12.4 11.0 5.0 2.5 2 0 2 2 2
-1498.8 1582.1 -3.3 263 0 10.4 9.7 7.5 2.5 2 0 3 2 2
-1532.6 1525.7 -1.5 4 0 9.1 9.6 5.0 0.0 0 1 2 3 3
-1579.5 1583.3 -2.3 352 0 12.7 12.4 7.5 2.5 2 0 3 5 5
-1585.1 1525.1 -0.8 81 0 12.6 14.8 10.0 2.5 2 1 4 2 2
-1546.0 1576.6 -2.2 266 0 10.3 8.9 7.5 0.0 0 0 3 3 3
-1632.8 1634.1 -3.9 263 0 11.1 12.8 5.0 2.5 2 1 2 2 2
-1616.9 1569.8 -1.8 268 0 8.8 9.8 5.0 2.5 2 1 2 4 4
-1659.6 1573.3 -1.9 274 0 8.4 9.8 5.0 2.5 2 1 2 0 0
-1813.7 1659.6 -1.4 202 0 9.5 14.2 5.0 2.5 2 1 2 1 1
-1770.0 1614.4 -1.1 22 0 10.8 12.4 5.0 2.5 2 1 2 2 2
-1709.7 1555.3 -0.6 203 0 12.8 16.3 5.0 2.5 2 1 2 0 0
-1728.8 1486.3 2.0 354 0 13.4 15.1 2.5 2.5 2 1 1 2 2
-1763.7 1497.1 2.2 253 0 18.1 10.2 2.5 2.5 2 0 1 1 1
-1808.5 1576.1 0.8 187 0 15.2 11.1 10.0 2.5 2 0 4 4 4
-1831.5 1536.6 2.4 192 0 12.4 14.4 5.0 2.5 2 1 2 0 0
-1858.6 1493.7 3.0 210 0 14.0 14.5 7.5 2.5 2 1 3 0 0
-1804.5 1468.1 3.0 62 0 9.7 14.4 5.0 2.5 2 1 2 4 4
-1808.6 1450.6 2.4 20 0 14.7 7.8 2.5 2.5 2 0 1 1 1
-1853.4 1418.6 1.5 179 0 14.9 9.8 7.5 2.5 2 0 3 2 2
-1889.1 1378.2 -2.0 55 0 6.4 14.8 5.0 2.5 2 1 2 4 4
-1900.7 1416.4 -0.7 323 0 14.5 10.1 2.5 2.5 2 0 1 5 5
-1949.6 1449.9 -0.2 287 0 8.8 7.4 7.5 2.5 2 0 3 5 5
-1950.3 1469.9 1.2 78 0 16.2 12.2 7.5 2.5 2 0 3 4 4
-1987.5 1457.6 -2.2 287 0 14.3 13.9 7.5 2.5 2 0 3 4 4
-2026.3 1554.2 -2.5 64 0 11.8 9.7 2.5 2.5 2 0 1 5 5
-2016.4 1565.1 -2.2 72 0 10.9 9.3 2.5 2.5 2 0 1 2 2
-1968.1 1565.0 0.1 249 0 12.7 9.3 5.0 2.5 4 0 2 1 1
-1949.2 1598.5 -1.2 76 0 6.8 9.0 7.5 2.5 4 1 3 3 3
-1925.8 1557.9 1.3 73 0 12.6 6.8 2.5 2.5 2 0 1 4 4
-1900.2 1584.8 0.5 269 0 11.3 11.8 10.0 2.5 2 1 4 0 0
-1852.3 1677.3 -1.4 16 0 10.8 11.4 5.0 2.5 2 1 2 5 5
-1828.1 1722.5 -0.2 20 0 10.7 14.0 5.0 2.5 2 1 2 5 5
-1800.6 1690.6 -1.3 194 0 15.8 10.7 7.5 2.5 2 0 3 1 1
-1797.8 1731.7 -0.3 203 0 13.9 10.4 5.0 2.5 2 0 2 3 3
-1886.9 1762.2 -1.4 98 0 11.1 10.5 7.5 2.5 2 0 3 5 5
-1865.2 1886.1 -1.9 7 0 11.3 15.1 5.0 2.5 2 1 2 0 0
-1808.9 1845.5 -0.9 24 0 8.1 8.1 7.5 2.5 2 1 3 0 0
-1789.2 1878.9 -2.2 2 0 7.4 15.9 10.0 2.5 4 1 4 1 1
-1855.7 1963.6 -4.1 10 0 9.9 34.9 10.0 2.5 4 1 4 4 4
-1873.5 2053.9 -6.6 286 0 10.4 13.8 7.5 2.5 2 1 3 4 4
-1905.8 2010.2 -3.9 287 0 11.8 9.0 7.5 2.5 2 0 3 4 4
-1976.3 2002.0 -5.4 89 0 11.1 15.7 7.5 2.5 2 1 3 5 5
-1941.1 2062.6 -4.8 184 0 17.2 20.5 10.0 2.5 2 1 4 4 4
-1434.8 3220.1 -8.5 135 0 10.5 18.7 2.5 2.5 4 1 1 5 5
-1456.1 3131.5 -9.4 127 0 11.1 17.7 10.0 2.5 2 1 4 3 3
-1456.6 3290.1 -11.2 321 0 15.8 10.6 2.5 2.5 2 0 1 4 4
-1504.2 3225.5 -10.8 320 0 16.0 10.6 7.5 0.0 0 0 3 5 5
-1508.4 3310.6 -11.6 227 0 12.5 7.3 7.5 2.5 2 0 3 0 0
-2057.2 4103.5 -15.9 338 0 12.9 12.3 5.0 2.5 2 0 2 4 4
-1893.7 3538.5 -13.1 297 0 8.7 14.4 2.5 2.5 2 1 1 0 0
-1870.3 3737.2 -13.0 329 0 8.1 6.1 7.5 2.5 2 0 3 4 4
-1844.7 3706.2 -13.9 326 0 9.7 6.5 5.0 2.5 2 0 2 3 3
-2001.4 3746.3 -8.2 52 0 7.0 15.7 5.0 0.0 0 1 2 5 5
-1984.2 3858.4 -12.4 318 0 10.4 10.4 5.0 2.5 2 0 2 4 4
-1961.7 3916.3 -14.7 59 0 11.4 12.0 5.0 2.5 2 1 2 4 4
-2015.7 4010.4 -16.1 250 0 10.9 11.0 2.5 2.5 2 1 1 3 3
-2139.3 3995.1 -15.9 313 0 16.6 10.3 7.5 2.5 2 0 3 2 2
-2093.4 3981.4 -14.2 326 0 13.2 22.1 7.5 2.5 2 1 3 2 2
-2080.1 3953.3 -13.7 323 0 10.1 11.9 7.5 2.5 2 1 3 1 1
-2057.8 3936.8 -13.7 328 0 10.4 14.3 7.5 2.5 2 1 3 4 4
-2043.1 3851.9 -11.2 42 0 8.1 6.0 7.5 2.5 2 0 3 2 2
-2122.5 3852.8 -10.1 140 0 12.9 12.4 5.0 2.5 2 0 2 1 1
-2126.7 3889.1 -11.4 140 0 7.1 13.1 7.5 2.5 4 1 3 2 2
-2143.5 3900.3 -13.0 138 0 10.3 16.5 2.5 2.5 2 1 1 1 1
-2154.2 3869.0 -12.5 143 0 11.3 17.2 7.5 2.5 2 1 3 2 2
-2200.9 3872.8 -15.8 72 0 10.8 14.1 7.5 2.5 2 1 3 1 1
-2280.1 3676.6 -10.2 281 0 11.6 8.8 7.5 2.5 2 0 3 3 3
-2267.3 3790.5 -15.6 34 0 10.4 11.2 7.5 2.5 2 1 3 2 2
-2257.9 3834.6 -16.3 225 0 13.8 10.2 5.0 2.5 4 0 2 5 5
-2242.4 3862.1 -16.7 230 0 8.9 9.4 7.5 2.5 4 1 3 0 0
-2215.7 3974.4 -19.1 230 0 7.8 14.5 7.5 2.5 2 1 3 5 5
-2186.3 3942.7 -17.0 232 0 8.9 13.3 7.5 2.5 2 1 3 1 1
-2201.6 3953.2 -18.2 152 0 11.1 17.0 5.0 2.5 2 1 2 3 3
-4141.2 674.5 8.2 289 0 11.7 8.5 7.5 2.5 2 0 3 5 5
-2889.2 -434.6 14.3 26 0 10.1 7.8 5.0 2.5 2 0 2 3 3
-2554.0 -275.6 11.8 72 0 8.2 14.0 7.5 2.5 2 1 3 2 2
-2565.0 -165.7 12.0 290 0 8.9 8.1 7.5 0.0 0 0 3 0 0
-2253.3 -426.3 13.1 112 0 9.8 7.0 7.5 2.5 2 0 3 2 2
-2117.0 -448.3 12.1 41 0 10.2 15.7 7.5 2.5 2 1 3 4 4
-3173.4 1958.3 4.7 18 0 6.9 6.8 10.0 2.5 2 0 4 4 4
-2094.5 2109.6 -8.1 106 0 8.5 16.6 2.5 2.5 2 1 1 0 0
-2009.1 2029.2 -4.7 304 0 13.8 12.2 7.5 2.5 2 0 3 2 2
-1742.0 1727.3 -0.5 15 0 9.0 6.7 7.5 2.5 2 0 3 5 5
-1445.1 1801.7 -5.7 287 0 13.8 10.2 7.5 2.5 2 0 3 3 3
-2018.8 -340.1 11.9 47 0 7.7 10.2 10.0 2.5 2 1 4 4 4
-3512.2 1951.7 -1.9 102 0 11.3 12.5 7.5 2.5 2 1 3 1 1
-3450.2 1929.4 -1.6 97 0 10.5 11.3 7.5 2.5 4 1 3 3 3
-3474.2 2010.5 -2.8 282 0 11.4 9.1 10.0 2.5 2 0 4 3 3
-3995.2 909.5 14.0 104 0 6.6 11.8 10.0 0.0 0 1 4 1 1
-4018.1 815.9 11.7 6 0 11.1 10.7 7.5 0.0 0 0 3 4 4
-4025.9 728.0 9.6 100 0 10.3 16.9 7.5 2.5 2 1 3 1 1
-4089.6 769.7 10.1 291 0 15.8 9.3 7.5 2.5 2 0 3 4 4
-4561.1 971.1 1.5 110 0 9.8 9.9 7.5 0.0 0 1 3 1 1
-4539.4 971.7 1.4 115 0 8.5 17.2 10.0 2.5 2 1 4 3 3
-4479.1 918.6 3.7 268 0 10.5 14.2 7.5 2.5 2 1 3 5 5
-4460.5 805.0 4.4 102 0 10.2 16.5 5.0 2.5 2 1 2 4 4
-4422.7 845.7 5.1 2 0 8.6 10.1 7.5 0.0 0 1 3 5 5
-4415.9 898.6 6.0 265 0 18.0 13.9 2.5 2.5 2 0 1 1 1
-4366.1 928.8 6.4 123 0 11.7 22.8 7.5 2.5 2 1 3 4 4
-4358.2 882.7 5.9 305 0 11.4 13.0 5.0 2.5 2 1 2 2 2
-4314.6 864.2 6.2 300 0 11.2 10.7 7.5 2.5 2 0 3 2 2
-4315.9 781.8 4.3 78 0 10.5 13.9 5.0 2.5 4 1 2 2 2
-4287.9 846.8 6.8 306 0 12.7 17.7 5.0 2.5 2 1 2 2 2
-4235.8 846.9 8.7 111 0 11.2 19.2 10.0 2.5 2 1 4 0 0
-4243.0 789.6 7.3 301 0 12.7 14.6 2.5 0.0 0 1 1 0 0
-4206.8 812.3 9.9 95 0 15.3 16.9 10.0 2.5 2 1 4 3 3
-4199.0 767.5 8.7 316 0 9.8 12.8 7.5 2.5 2 1 3 3 3
-4187.7 795.7 10.3 117 0 9.2 14.2 2.5 2.5 4 1 1 4 4
-4170.9 778.9 10.5 116 0 7.7 16.1 7.5 2.5 2 1 3 1 1
-4122.7 918.0 11.5 17 0 12.3 9.8 2.5 2.5 2 0 1 4 4
-4101.6 945.0 11.1 28 0 11.7 12.2 5.0 2.5 2 1 2 3 3
-4071.0 858.8 12.2 101 0 19.3 18.9 10.0 2.5 2 0 4 5 5
-3838.1 259.2 10.6 217 0 23.6 10.8 10.0 2.5 2 0 4 1 1
-3840.5 194.8 11.4 289 0 11.1 8.9 5.0 2.5 2 0 2 1 1
-3808.5 225.6 11.6 129 0 7.2 6.1 7.5 2.5 2 0 3 3 3
-3781.9 211.9 12.2 125 0 16.7 14.0 5.0 2.5 2 0 2 0 0
-3717.8 169.5 13.2 126 0 6.4 6.9 2.5 2.5 2 1 1 1 1
-3757.2 127.4 13.2 34 0 7.4 11.3 7.5 2.5 2 1 3 0 0
-3806.4 173.2 12.1 297 0 12.7 11.9 7.5 2.5 2 0 3 3 3
-3786.2 158.9 12.6 301 0 9.9 8.9 2.5 2.5 2 0 1 2 2
-3672.0 52.7 17.2 326 0 14.8 7.9 10.0 2.5 2 0 4 4 4
-3497.0 -5.4 17.8 315 0 12.3 10.1 10.0 2.5 2 0 4 5 5
-3559.4 14.9 18.6 123 0 15.6 14.6 5.0 2.5 2 0 2 3 3
-3577.6 44.3 18.9 310 0 8.1 11.7 5.0 2.5 2 1 2 5 5
-3612.1 42.0 18.9 132 0 12.4 15.8 7.5 2.5 4 1 3 0 0
-3539.1 -100.4 19.8 263 0 12.6 16.4 7.5 2.5 2 1 3 1 1
-3667.4 -420.6 17.4 185 0 11.0 6.3 10.0 2.5 2 0 4 0 0
-3736.0 -261.6 21.2 106 0 6.6 13.5 7.5 2.5 2 1 3 3 3
-3818.3 -232.6 25.6 92 0 9.9 12.0 10.0 2.5 2 1 4 0 0
-4257.8 -204.6 25.0 286 0 8.2 9.5 5.0 2.5 2 1 2 5 5
-4293.0 -218.8 24.0 202 0 10.7 10.5 2.5 2.5 2 0 1 1 1
-2555.1 -197.0 11.7 178 0 13.2 10.5 5.0 2.5 2 0 2 0 0
-2556.6 -212.3 11.7 190 0 9.9 10.8 10.0 2.5 2 1 4 1 1
-2512.4 -271.8 11.0 0 0 6.7 11.9 2.5 2.5 2 1 1 4 4
-2570.5 -317.0 12.4 283 0 12.4 16.9 2.5 0.0 0 1 1 4 4
-2754.6 -231.8 13.4 200 0 7.8 15.9 10.0 2.5 2 1 4 3 3
-2724.1 -227.1 12.4 288 0 12.1 12.1 7.5 2.5 2 1 3 3 3
-2794.7 -314.4 12.8 74 0 8.5 6.4 7.5 2.5 2 0 3 2 2
-2756.6 -359.7 12.9 288 0 9.0 10.8 2.5 2.5 2 1 1 1 1
-2775.0 -348.1 12.9 280 0 10.6 14.7 7.5 2.5 2 1 3 3 3
-2621.6 -457.2 11.8 61 0 6.4 12.8 7.5 2.5 2 1 3 5 5
-2640.8 -456.4 11.5 13 0 12.1 15.4 2.5 2.5 2 1 1 4 4
-2645.1 -427.5 11.6 355 0 13.0 18.5 7.5 2.5 4 1 3 1 1
-2701.8 -418.6 12.2 98 0 11.6 18.5 2.5 0.0 0 1 1 5 5
-2728.6 -399.3 12.8 122 0 10.4 7.5 2.5 2.5 2 0 1 2 2
-2675.2 -240.1 11.3 273 0 15.2 10.1 2.5 2.5 2 0 1 0 0
-2682.8 -316.4 11.5 79 0 8.9 11.1 5.0 2.5 2 1 2 2 2
-2661.7 -310.8 10.9 71 0 12.3 16.2 7.5 2.5 2 1 3 2 2
-2637.9 -299.3 11.3 99 0 11.6 13.8 7.5 2.5 4 1 3 4 4
-2537.3 -320.7 12.4 286 0 7.8 16.0 7.5 2.5 2 1 3 4 4
-2523.9 -294.9 11.2 86 0 15.3 12.7 7.5 0.0 0 0 3 4 4
-2516.3 -166.0 11.0 356 0 12.7 8.1 7.5 2.5 2 0 3 0 0
-2517.8 -219.7 11.1 359 0 14.5 7.6 10.0 2.5 2 0 4 5 5
-2440.2 -155.2 9.6 273 0 8.0 10.2 7.5 2.5 2 1 3 0 0
-2464.2 -319.3 10.2 104 0 8.7 11.6 7.5 2.5 2 1 3 0 0
-2482.4 -307.8 10.7 104 0 9.8 6.2 7.5 0.0 0 0 3 5 5
-2441.3 -329.2 9.9 107 0 9.7 9.0 2.5 2.5 2 0 1 2 2
-2414.4 -337.9 9.5 105 0 9.7 10.7 7.5 2.5 2 1 3 3 3
-2352.6 -363.2 10.3 106 0 9.9 27.0 10.0 2.5 2 1 4 3 3
-3695.9 4470.5 -16.9 101 0 11.3 9.6 2.5 2.5 2 0 1 5 5
-4564.9 2604.6 -2.3 358 0 17.1 11.6 7.5 2.5 2 0 3 3 3
-4618.5 2634.3 -1.3 276 0 8.6 14.8 5.0 0.0 0 1 2 5 5
-4581.6 2697.1 -3.5 351 0 15.8 11.0 10.0 2.5 4 0 4 3 3
-4930.4 2505.8 -2.5 282 0 12.3 12.6 7.5 2.5 2 1 3 2 2
-4917.1 2556.7 -2.1 196 0 13.1 25.3 12.5 2.5 2 1 5 3 3
-4741.0 2513.4 -4.5 2 0 16.7 11.1 5.0 2.5 4 0 2 5 5
-4592.3 2484.5 -4.8 92 0 8.8 10.3 10.0 2.5 2 1 4 1 1
-4543.9 2502.0 -4.1 275 0 16.0 14.3 5.0 2.5 2 0 2 5 5
-4471.8 2626.8 -4.0 298 0 7.4 9.3 10.0 2.5 2 1 4 1 1
-4447.1 2686.3 -3.9 110 0 9.6 10.4 5.0 2.5 2 1 2 5 5
-4387.1 2634.2 -5.4 37 0 14.4 10.2 2.5 2.5 2 0 1 4 4
-3749.8 2415.1 -7.6 292 0 10.5 12.8 7.5 2.5 4 1 3 4 4
-3876.4 2370.6 -5.8 195 0 6.1 12.3 5.0 2.5 2 1 2 0 0
-3774.6 2356.4 -5.6 293 0 11.6 11.8 7.5 2.5 2 1 3 1 1
-3733.1 2363.4 -6.2 125 0 7.7 13.2 7.5 2.5 2 1 3 0 0
-3551.4 2538.8 -10.9 291 0 8.3 12.2 2.5 2.5 2 1 1 4 4
-1151.9 3167.8 -5.9 136 0 10.6 10.6 5.0 2.5 2 0 2 4 4
-1210.5 3112.7 -7.0 228 0 6.1 6.7 5.0 2.5 2 1 2 2 2
-1308.5 3106.0 -5.5 308 0 7.9 12.6 10.0 2.5 2 1 4 5 5
-1187.0 3053.5 -6.7 55 0 23.9 54.1 12.5 0.0 0 1 5 5 5
-1235.1 3119.9 -6.7 219 0 8.4 16.5 2.5 2.5 2 1 1 3 3
-1271.2 3117.8 -5.4 225 0 11.7 22.5 7.5 2.5 2 1 3 3 3
-2390.2 6861.1 -22.7 302 0 10.1 11.8 7.5 0.0 0 1 3 2 2
-2382.9 6735.9 -26.1 104 0 9.3 15.5 2.5 2.5 4 1 1 3 3
-2362.7 6816.0 -24.0 36 0 14.1 9.1 7.5 2.5 2 0 3 1 1
-2312.4 6865.2 -25.2 260 0 10.4 14.4 7.5 2.5 2 1 3 4 4
-2424.8 6794.0 -23.5 226 0 9.4 13.2 10.0 2.5 2 1 4 5 5
-2470.6 6801.7 -21.5 222 0 18.1 12.9 5.0 2.5 2 0 2 4 4
-2513.1 6768.5 -19.1 79 0 8.1 16.1 7.5 2.5 2 1 3 2 2
-2605.7 6705.1 -21.2 247 0 12.1 12.0 7.5 2.5 2 0 3 0 0
-2627.0 6695.1 -21.3 254 0 16.8 12.4 5.0 2.5 2 0 2 1 1
-2670.0 6619.9 -23.1 171 0 14.2 11.3 7.5 2.5 2 0 3 2 2
-2778.7 6609.3 -24.2 59 0 15.2 11.0 7.5 2.5 2 0 3 3 3
-2838.3 6576.7 -25.0 140 0 15.2 14.8 2.5 2.5 2 0 1 2 2
-2840.7 6655.1 -22.7 50 0 10.7 12.6 10.0 2.5 2 1 4 0 0
-2870.4 6628.5 -24.1 45 0 18.5 13.3 5.0 2.5 2 0 2 4 4
-2901.8 6429.5 -22.3 303 0 12.7 10.2 7.5 2.5 2 0 3 4 4
-2993.6 6387.5 -20.6 244 0 12.5 9.0 7.5 2.5 2 0 3 4 4
-3056.3 6302.5 -20.7 53 0 13.2 9.4 7.5 0.0 0 0 3 4 4
-3072.6 6414.1 -17.7 39 0 15.5 10.6 2.5 2.5 2 0 1 4 4
-3100.7 6388.3 -18.0 68 0 19.6 10.2 7.5 2.5 2 0 3 3 3
-3126.9 6266.7 -19.3 129 0 6.9 13.5 10.0 2.5 2 1 4 2 2
-3186.4 6246.7 -19.0 42 0 7.1 13.7 5.0 2.5 4 1 2 2 2
-3237.2 6255.8 -19.2 137 0 15.6 16.0 2.5 2.5 2 1 1 3 3
-3383.9 6275.2 -17.8 223 0 7.1 9.4 10.0 2.5 2 1 4 2 2
-3320.8 6206.4 -19.6 313 0 9.5 8.6 7.5 2.5 2 0 3 1 1
-3298.3 6189.5 -19.7 318 0 9.6 11.9 7.5 2.5 2 1 3 1 1
-3337.1 6101.8 -20.7 39 0 9.4 9.5 5.0 2.5 2 1 2 0 0
-3361.6 6117.7 -20.1 135 0 6.5 12.2 2.5 2.5 2 1 1 5 5
-3379.6 6128.2 -19.8 132 0 9.1 10.0 7.5 2.5 2 1 3 5 5
-3374.4 6164.9 -19.1 127 0 11.5 9.4 7.5 2.5 2 0 3 1 1
-3396.3 6144.5 -19.2 130 0 8.5 15.0 5.0 2.5 2 1 2 3 3
-3404.3 6195.2 -18.2 228 0 9.3 7.1 7.5 2.5 2 0 3 4 4
-3408.9 6155.5 -18.9 129 0 8.0 8.9 7.5 2.5 2 1 3 2 2
-3421.2 6168.3 -18.4 129 0 8.9 12.1 2.5 2.5 2 1 1 4 4
-3439.6 6176.3 -17.5 128 0 13.8 11.4 10.0 2.5 2 0 4 4 4
-3486.9 6236.5 -17.1 308 0 11.7 8.0 5.0 2.5 2 0 2 2 2
-3514.3 6241.8 -17.1 218 0 7.2 9.0 7.5 2.5 2 1 3 0 0
-3515.4 6201.1 -17.0 35 0 9.2 12.3 7.5 2.5 2 1 3 2 2
-3571.0 6232.0 -16.8 201 0 10.9 13.9 7.5 0.0 0 1 3 2 2
-3554.9 6156.6 -17.0 271 0 13.8 6.6 5.0 2.5 2 0 2 1 1
-3531.1 6126.1 -17.0 308 0 10.5 8.7 7.5 2.5 2 0 3 0 0
-3491.6 6096.1 -16.9 313 0 9.7 9.3 7.5 2.5 2 0 3 2 2
-3504.7 6109.7 -16.9 309 0 6.3 10.4 7.5 2.5 2 1 3 2 2
-3532.6 6076.0 -16.9 133 0 9.7 11.8 5.0 2.5 2 1 2 3 3
-3511.5 6052.5 -17.0 132 0 8.5 13.1 7.5 0.0 0 1 3 3 3
-3417.4 6041.5 -20.6 313 0 10.0 9.3 7.5 2.5 2 0 3 1 1
-3443.6 6060.0 -19.6 314 0 10.2 8.6 10.0 2.5 2 0 4 1 1
-3465.3 6021.0 -18.8 138 0 7.3 7.9 7.5 0.0 0 1 3 2 2
-3440.2 6013.4 -19.5 45 0 7.3 9.0 10.0 2.5 2 1 4 2 2
-3691.6 5926.1 -19.9 110 0 6.1 11.9 7.5 0.0 0 1 3 4 4
-3685.4 6012.6 -19.4 11 0 11.1 9.7 5.0 2.5 2 0 2 0 0
-3706.2 6059.8 -19.9 186 0 7.8 8.6 10.0 2.5 2 1 4 1 1
-3705.7 6043.0 -19.9 188 0 9.7 11.2 7.5 2.5 4 1 3 5 5
-3683.0 6148.1 -17.6 269 0 7.5 14.3 5.0 2.5 4 1 2 2 2
-3737.2 6084.0 -19.3 8 0 12.4 10.7 7.5 2.5 4 0 3 1 1
-3742.1 6124.9 -18.7 2 0 16.8 10.6 5.0 2.5 2 0 2 0 0
-3782.8 6051.0 -19.8 257 0 8.3 12.9 5.0 2.5 2 1 2 1 1
-3819.2 5989.6 -22.2 84 0 9.1 14.5 2.5 0.0 0 1 1 4 4
-3755.5 5891.7 -21.5 30 0 11.6 8.5 5.0 2.5 2 0 2 4 4
-3965.3 5815.5 -19.6 49 0 6.8 9.7 2.5 2.5 2 1 1 1 1
-3914.2 5685.3 -18.4 313 0 15.3 9.6 10.0 2.5 2 0 4 0 0
-3779.9 5730.7 -16.1 240 0 8.2 13.8 5.0 2.5 2 1 2 4 4
-3829.2 5558.2 -14.3 142 0 7.7 13.2 7.5 2.5 2 1 3 0 0
-3784.3 5627.6 -14.7 135 0 16.0 8.7 7.5 2.5 4 0 3 4 4
-4042.2 5692.6 -20.1 43 0 13.7 12.9 7.5 2.5 2 0 3 4 4
-3999.1 5680.7 -19.6 147 0 16.4 14.0 7.5 2.5 2 0 3 1 1
-3935.5 5583.2 -18.6 38 0 10.5 13.0 7.5 2.5 4 1 3 0 0
-3979.6 5598.8 -20.6 128 0 10.2 10.5 2.5 2.5 2 1 1 3 3
-2630.6 4505.2 -18.3 51 0 8.4 14.5 7.5 2.5 4 1 3 0 0
-2664.9 4437.0 -18.7 345 0 14.6 7.0 5.0 2.5 4 0 2 2 2
-2717.3 4479.8 -16.8 148 0 11.8 10.0 7.5 2.5 2 0 3 1 1
-2806.8 4502.3 -16.0 62 0 6.3 12.0 2.5 2.5 2 1 1 2 2
-2827.2 4491.8 -15.6 64 0 10.5 14.6 7.5 0.0 0 1 3 4 4
-2757.6 4523.8 -16.8 147 0 12.1 8.1 2.5 2.5 2 0 1 3 3
-2793.2 4668.3 -17.9 220 0 10.4 14.9 10.0 2.5 2 1 4 5 5
-2854.1 4747.6 -17.5 319 0 12.2 9.0 7.5 2.5 2 0 3 3 3
-2899.6 4671.9 -16.7 222 0 7.5 11.8 10.0 2.5 2 1 4 4 4
-2894.7 4779.8 -18.2 313 0 19.4 11.2 7.5 2.5 2 0 3 1 1
-3003.1 4712.0 -16.9 146 0 11.3 11.7 10.0 2.5 2 1 4 3 3
-3217.6 4763.9 -13.7 175 0 10.1 15.9 7.5 2.5 2 1 3 2 2
-3218.2 4830.8 -14.8 176 0 21.2 8.8 2.5 2.5 2 0 1 0 0
-3168.4 4833.4 -15.4 350 0 14.9 10.4 7.5 2.5 2 0 3 5 5
-3155.5 4776.3 -15.3 69 0 10.7 15.0 7.5 2.5 2 1 3 5 5
-3100.6 4800.3 -16.4 56 0 18.0 10.0 7.5 2.5 2 0 3 0 0
-3028.7 4811.1 -17.5 227 0 12.4 32.7 10.0 2.5 2 1 4 3 3
-3019.2 4945.8 -18.1 327 0 16.1 10.4 7.5 0.0 0 0 3 3 3
-3050.9 4972.4 -17.1 168 0 16.0 10.5 2.5 2.5 4 0 1 3 3
-3097.5 5196.8 -19.5 167 0 15.4 10.5 7.5 2.5 2 0 3 2 2
-3105.9 5040.2 -16.3 331 0 15.7 10.4 5.0 2.5 2 0 2 0 0
-3212.2 5030.3 -15.4 222 0 15.1 15.8 7.5 2.5 2 1 3 1 1
-3153.2 5087.1 -17.3 322 0 13.5 25.4 10.0 2.5 4 1 4 2 2
-3194.6 5113.3 -16.6 329 0 16.8 13.5 5.0 2.5 2 0 2 5 5
-3257.9 5235.9 -21.0 75 0 14.6 15.3 7.5 2.5 4 1 3 5 5
-3265.1 5168.9 -17.2 320 0 11.5 17.7 2.5 0.0 0 1 1 0 0
-3318.4 5218.8 -19.8 113 0 8.9 13.5 5.0 2.5 2 1 2 2 2
-3347.6 5241.0 -20.1 53 0 12.8 28.4 5.0 2.5 2 1 2 0 0
-3367.0 5292.4 -20.9 324 0 10.6 16.3 7.5 2.5 2 1 3 5 5
-3300.7 5118.3 -15.5 56 0 11.9 15.3 5.0 2.5 2 1 2 1 1
-3334.8 5189.3 -18.2 316 0 29.2 13.2 7.5 2.5 2 0 3 5 5
-3355.3 5196.5 -19.1 52 0 14.4 54.8 10.0 2.5 2 1 4 0 0
-3425.4 5185.1 -18.6 137 0 10.8 19.3 7.5 2.5 2 1 3 2 2
-3568.1 4766.1 -16.1 209 0 13.2 11.8 2.5 2.5 2 0 1 1 1
-3626.9 4824.0 -15.5 215 0 12.7 10.7 7.5 2.5 2 0 3 4 4
-3612.3 4869.1 -16.4 209 0 10.2 12.1 7.5 2.5 4 1 3 2 2
-3654.5 4746.7 -14.9 204 0 17.6 14.2 12.5 2.5 2 0 5 2 2
-2890.8 5507.8 -22.5 176 0 17.5 11.8 7.5 2.5 2 0 3 3 3
-2888.3 5569.1 -23.9 9 0 10.8 9.4 7.5 2.5 2 0 3 5 5
-2903.6 5571.5 -24.0 178 0 14.2 8.2 2.5 2.5 2 0 1 5 5
-2975.0 5494.9 -22.7 276 0 14.4 9.2 7.5 2.5 2 0 3 4 4
-2969.9 5452.7 -22.0 9 0 11.1 13.9 10.0 2.5 2 1 4 5 5
-2909.3 5288.9 -16.5 85 0 13.7 9.5 7.5 2.5 2 0 3 0 0
-2906.3 5227.8 -15.7 174 0 13.4 10.6 7.5 2.5 2 0 3 5 5
-2830.3 5234.2 -15.6 262 0 13.4 10.4 7.5 2.5 2 0 3 5 5
-2859.1 5226.2 -15.3 255 0 17.9 13.2 5.0 2.5 2 0 2 2 2
-2789.0 5365.8 -18.1 264 0 14.5 9.5 5.0 2.5 2 0 2 0 0
-2754.2 5242.1 -16.8 356 0 14.2 12.4 2.5 2.5 2 0 1 3 3
-2744.9 5315.7 -16.3 78 0 11.7 14.0 7.5 0.0 0 1 3 0 0
-2699.3 5519.8 -23.1 171 0 11.9 17.4 5.0 2.5 2 1 2 5 5
-2513.7 5094.8 -17.8 76 0 10.6 33.3 7.5 2.5 2 1 3 4 4
-2577.8 5108.1 -17.4 173 0 19.6 11.8 2.5 2.5 2 0 1 2 2
-2614.5 5200.3 -16.1 170 0 10.0 14.6 2.5 2.5 2 1 1 1 1
-2664.6 5265.1 -16.5 170 0 10.9 13.7 10.0 2.5 2 1 4 4 4
-2622.6 5359.0 -18.3 261 0 12.8 18.3 5.0 2.5 2 1 2 5 5
-2589.8 5335.0 -18.5 83 0 12.4 21.4 10.0 2.5 2 1 4 5 5
-2537.6 5254.7 -17.5 172 0 16.5 11.9 10.0 2.5 2 0 4 0 0
-2455.8 5483.1 -22.1 263 0 17.1 13.7 5.0 2.5 2 0 2 5 5
-2562.9 5604.0 -25.8 177 0 20.7 16.3 7.5 2.5 2 0 3 5 5
-2500.4 5410.8 -20.9 177 0 12.4 15.2 10.0 2.5 4 1 4 0 0
-2542.9 5334.8 -18.9 95 0 16.4 14.8 2.5 2.5 2 0 1 1 1
-2443.4 5287.3 -20.5 187 0 14.9 18.5 10.0 2.5 4 1 4 1 1
-2434.7 5362.5 -19.5 5 0 14.8 20.2 7.5 2.5 2 1 3 4 4
-1648.5 5583.8 -24.2 63 0 12.9 10.0 5.0 2.5 2 0 2 3 3
-1583.7 5579.4 -23.5 148 0 12.1 14.3 7.5 2.5 2 1 3 1 1
-1566.0 5626.0 -23.8 254 0 7.6 16.1 7.5 2.5 2 1 3 5 5
-1516.7 5664.5 -25.9 42 0 12.9 11.5 7.5 2.5 2 0 3 1 1
-1492.8 5841.1 -25.6 330 0 9.0 11.2 5.0 2.5 2 1 2 2 2
-1486.0 5775.7 -25.2 234 0 12.4 15.2 5.0 2.5 2 1 2 3 3
-1515.6 5750.9 -25.4 229 0 10.2 14.6 2.5 0.0 0 1 1 1 1
-1537.6 5787.6 -25.2 56 0 8.4 21.7 5.0 2.5 2 1 2 3 3
-1560.5 5778.9 -25.0 54 0 21.9 9.5 5.0 2.5 2 0 2 1 1
-1586.9 5787.6 -25.0 233 0 10.3 24.3 7.5 2.5 2 1 3 5 5
-1605.4 5733.2 -25.3 125 0 12.2 15.0 10.0 0.0 0 1 4 3 3
-1718.7 5730.9 -26.3 213 0 13.4 13.9 7.5 2.5 2 1 3 2 2
-1770.5 6751.0 -25.2 20 0 15.7 14.5 5.0 2.5 2 0 2 1 1
-1762.7 6786.7 -26.5 25 0 15.6 9.7 5.0 2.5 2 0 2 1 1
-1881.5 6600.3 -24.2 0 0 8.9 8.8 7.5 2.5 2 0 3 5 5
-1918.6 6619.5 -23.7 188 0 10.2 12.8 7.5 2.5 2 1 3 0 0
-1930.9 6589.4 -24.6 96 0 16.3 8.6 5.0 2.5 2 0 2 4 4
-1829.8 6663.3 -24.1 97 0 14.3 13.1 7.5 2.5 2 0 3 5 5
-1875.9 6683.1 -23.8 272 0 9.4 14.6 7.5 2.5 4 1 3 5 5
-2109.0 6630.3 -23.9 89 0 15.6 12.4 7.5 2.5 2 0 3 1 1
-2147.4 6617.7 -24.2 87 0 10.0 19.2 7.5 2.5 2 1 3 0 0
-2183.8 6658.0 -24.2 275 0 13.0 10.8 7.5 2.5 2 0 3 3 3
-2240.0 6641.7 -26.3 92 0 18.0 14.2 12.5 2.5 2 0 5 0 0
-2308.3 6719.3 -26.8 98 0 17.5 13.4 10.0 2.5 2 0 4 3 3
-2282.6 6716.9 -26.8 106 0 11.2 12.1 5.0 2.5 2 1 2 4 4
-5984.3 6358.2 -27.3 276 0 20.5 11.3 7.5 2.5 2 0 3 4 4
-5717.0 6518.7 -28.4 196 0 8.6 12.0 7.5 2.5 2 1 3 1 1
-5761.7 6532.6 -26.6 99 0 19.2 19.1 10.0 2.5 2 0 4 5 5
-5619.0 6571.8 -30.8 259 0 10.7 9.0 2.5 0.0 0 0 1 1 1
-5648.6 6603.8 -30.4 58 0 13.2 14.3 5.0 2.5 2 1 2 0 0
489.0 4147.3 -9.7 79 0 15.0 10.1 7.5 0.0 0 0 3 3 3
387.9 4367.7 -13.3 279 0 8.9 25.6 5.0 2.5 2 1 2 5 5
432.6 4307.4 -13.6 104 0 6.7 10.0 5.0 0.0 0 1 2 2 2
351.3 4285.6 -11.2 270 0 7.8 12.7 7.5 2.5 2 1 3 4 4
349.7 4232.9 -11.3 183 0 9.5 8.8 7.5 2.5 2 0 3 3 3
366.0 4167.6 -11.3 167 0 8.4 14.0 2.5 2.5 2 1 1 5 5
407.8 4127.8 -10.7 86 0 12.3 10.6 2.5 2.5 2 0 1 4 4
499.7 4206.7 -10.5 5 0 11.2 10.9 5.0 2.5 2 0 2 1 1
468.7 4017.9 -9.8 154 0 7.3 8.7 2.5 2.5 4 1 1 5 5
934.9 3621.6 -10.0 286 0 9.2 8.6 5.0 2.5 2 0 2 2 2
2518.5 3321.8 -2.8 92 0 9.8 15.8 7.5 0.0 0 1 3 3 3
2531.7 3375.7 -3.5 10 0 10.8 15.5 5.0 2.5 2 1 2 4 4
2513.7 3418.3 -4.2 266 0 7.2 13.3 10.0 2.5 2 1 4 5 5
2573.0 3387.1 -3.3 177 0 16.0 11.4 5.0 2.5 2 0 2 1 1
2582.9 3408.6 -3.3 179 0 14.9 8.7 2.5 2.5 2 0 1 2 2
2560.4 3462.4 -4.5 182 0 17.7 10.5 7.5 2.5 2 0 3 1 1
2537.1 3473.5 -5.0 2 0 10.4 11.3 7.5 0.0 0 1 3 2 2
2578.9 3532.1 -4.2 181 0 14.0 11.4 5.0 2.5 2 0 2 5 5
